TimeStamp,X,Y,Event
11:48:39.9456,-353.2,204.2,saccade
11:48:39.9461,-355.0,204.1,saccade
11:48:39.9466,-378.2,202.5,saccade
11:48:39.9471,-412.2,200.1,saccade
11:48:39.9476,-443.7,197.8,saccade
11:48:39.9481,-384.8,201.0,saccade
11:48:39.9486,-315.1,205.0,saccade
11:48:39.9491,-307.1,206.3,saccade
11:48:39.9496,-367.5,203.5,saccade
11:48:39.9501,-421.5,201.2,saccade
11:48:39.9506,-412.3,201.8,saccade
11:48:39.9511,-398.0,202.6,saccade
11:48:39.9516,-385.7,203.3,saccade
11:48:39.9521,-375.1,204.1,saccade
11:48:39.9526,-370.4,204.5,saccade
11:48:39.9531,-372.2,204.5,saccade
11:48:39.9536,-372.8,204.6,saccade
11:48:39.9541,-375.9,204.6,saccade
11:48:39.9546,-371.1,205.2,saccade
11:48:39.9551,-369.5,205.6,saccade
11:48:39.9556,-361.5,206.3,saccade
11:48:39.9561,-346.1,206.6,saccade
11:48:39.9566,-344.6,205.8,saccade
11:48:39.9571,-355.2,204.6,saccade
11:48:39.9576,-381.4,203.3,saccade
11:48:39.9581,-422.0,200.8,saccade
11:48:39.9586,-452.7,198.3,saccade
11:48:39.9591,-451.8,197.4,saccade
11:48:39.9596,-421.5,198.9,saccade
11:48:39.9601,-394.1,200.0,saccade
11:48:39.9606,-396.4,199.6,saccade
11:48:39.9611,-411.4,198.3,saccade
11:48:39.9616,-425.0,197.5,saccade
11:48:39.9621,-440.1,196.7,saccade
11:48:39.9626,-441.7,197.5,saccade
11:48:39.9631,-441.8,198.3,saccade
11:48:39.9636,-459.4,197.8,saccade
11:48:39.9641,-478.2,196.6,saccade
11:48:39.9646,-497.3,195.7,saccade
11:48:39.9651,-491.2,196.5,saccade
11:48:39.9656,-474.6,197.3,saccade
11:48:39.9661,-457.9,197.8,saccade
11:48:39.9666,-418.7,199.9,saccade
11:48:39.9671,-389.9,201.9,saccade
11:48:39.9676,-378.8,202.7,saccade
11:48:39.9681,-392.4,201.6,saccade
11:48:39.9686,-402.4,200.8,saccade
11:48:39.9691,-392.9,201.3,saccade
11:48:39.9696,-387.7,201.5,saccade
11:48:39.9701,-386.7,201.5,saccade
11:48:39.9706,-407.9,201.2,saccade
11:48:39.9711,-424.9,201.3,saccade
11:48:39.9716,-435.1,201.4,saccade
11:48:39.9721,-414.6,202.1,saccade
11:48:39.9726,-406.2,202.5,saccade
11:48:39.9731,-393.9,203.5,saccade
11:48:39.9736,-396.5,203.9,saccade
11:48:39.9741,-394.8,204.1,saccade
11:48:39.9746,-408.1,202.5,saccade
11:48:39.9751,-416.5,201.2,saccade
11:48:39.9756,-420.6,199.8,saccade
11:48:39.9761,-424.4,199.2,saccade
11:48:39.9766,-426.6,198.7,saccade
11:48:39.9771,-429.8,198.5,saccade
11:48:39.9776,-431.8,198.2,saccade
11:48:39.9781,-432.7,197.6,saccade
11:48:39.9786,-435.0,197.0,saccade
11:48:39.9791,-456.1,195.4,saccade
11:48:39.9796,-484.1,193.7,saccade
11:48:39.9801,-498.7,193.2,saccade
11:48:39.9806,-489.2,194.6,saccade
11:48:39.9811,-473.8,196.0,saccade
11:48:39.9816,-470.4,196.4,saccade
11:48:39.9821,-465.1,196.6,saccade
11:48:39.9826,-456.7,197.1,saccade
11:48:39.9831,-443.7,197.5,saccade
11:48:39.9836,-426.6,198.0,saccade
11:48:39.9841,-413.7,198.2,saccade
11:48:39.9846,-424.8,197.5,saccade
11:48:39.9851,-455.6,196.0,saccade
11:48:39.9856,-486.8,194.4,saccade
11:48:39.9861,-473.1,195.7,saccade
11:48:39.9866,-448.8,197.6,saccade
11:48:39.9871,-422.5,199.4,saccade
11:48:39.9876,-414.9,199.8,saccade
11:48:39.9881,-405.1,200.1,saccade
11:48:39.9886,-425.2,198.6,saccade
11:48:39.9891,-451.7,196.7,saccade
11:48:39.9896,-479.2,194.8,saccade
11:48:39.9901,-481.1,194.6,saccade
11:48:39.9906,-484.4,194.5,saccade
11:48:39.9911,-486.4,194.3,saccade
11:48:39.9916,-484.4,194.4,saccade
11:48:39.9921,-474.1,194.9,saccade
11:48:39.9926,-465.8,195.5,saccade
11:48:39.9931,-471.6,195.9,saccade
11:48:39.9936,-480.7,196.0,saccade
11:48:39.9941,-484.0,196.5,saccade
11:48:39.9946,-473.2,197.0,saccade
11:48:39.9951,-463.8,197.2,saccade
11:48:39.9956,-448.2,197.5,saccade
11:48:39.9961,-434.6,197.7,saccade
11:48:39.9966,-423.6,197.7,saccade
11:48:39.9971,-426.1,197.5,saccade
11:48:39.9976,-442.9,196.4,saccade
11:48:39.9981,-459.0,195.5,saccade
11:48:39.9986,-470.3,194.6,saccade
11:48:39.9991,-467.2,194.6,saccade
11:48:39.9996,-457.5,195.1,saccade
11:48:40.0001,-450.9,195.5,saccade
11:48:40.0006,-454.7,196.0,saccade
11:48:40.0011,-471.2,195.5,saccade
11:48:40.0016,-491.2,195.0,saccade
11:48:40.0021,-490.4,195.3,saccade
11:48:40.0026,-477.5,196.0,saccade
11:48:40.0031,-455.4,196.9,saccade
11:48:40.0036,-443.7,197.3,saccade
11:48:40.0041,-437.6,197.8,saccade
11:48:40.0046,-425.5,198.3,saccade
11:48:40.0051,-406.9,198.9,saccade
11:48:40.0056,-391.0,199.4,saccade
11:48:40.0061,-415.3,198.0,saccade
11:48:40.0066,-454.5,195.6,saccade
11:48:40.0071,-503.7,193.1,saccade
11:48:40.0076,-519.7,193.0,saccade
11:48:40.0081,-529.7,193.0,saccade
11:48:40.0086,-526.8,193.2,saccade
11:48:40.0091,-516.0,193.9,saccade
11:48:40.0096,-504.3,194.6,saccade
11:48:40.0101,-493.3,195.3,saccade
11:48:40.0106,-468.8,196.9,saccade
11:48:40.0111,-441.1,198.6,saccade
11:48:40.0116,-420.9,199.3,saccade
11:48:40.0121,-425.7,198.5,saccade
11:48:40.0126,-433.3,197.6,saccade
11:48:40.0131,-429.6,197.5,saccade
11:48:40.0136,-425.9,197.5,saccade
11:48:40.0141,-431.6,197.5,saccade
11:48:40.0146,-441.7,197.4,saccade
11:48:40.0151,-451.8,197.3,saccade
11:48:40.0156,-451.3,197.3,saccade
11:48:40.0161,-450.0,197.3,saccade
11:48:40.0166,-443.4,197.6,saccade
11:48:40.0171,-441.7,197.8,saccade
11:48:40.0176,-440.0,198.0,saccade
11:48:40.0181,-445.9,197.7,saccade
11:48:40.0186,-459.1,197.1,saccade
11:48:40.0191,-472.4,196.5,saccade
11:48:40.0196,-484.8,196.0,saccade
11:48:40.0201,-485.7,195.9,saccade
11:48:40.0206,-472.9,196.7,saccade
11:48:40.0211,-458.9,197.5,saccade
11:48:40.0216,-469.3,196.9,saccade
11:48:40.0221,-493.8,195.5,saccade
11:48:40.0226,-518.3,194.0,saccade
11:48:40.0231,-504.6,195.0,saccade
11:48:40.0236,-492.6,195.9,saccade
11:48:40.0241,-509.8,194.9,saccade
11:48:40.0246,-542.2,192.8,saccade
11:48:40.0251,-563.6,191.5,saccade
11:48:40.0256,-544.3,192.8,saccade
11:48:40.0261,-523.4,194.2,saccade
11:48:40.0266,-533.0,193.3,saccade
11:48:40.0271,-554.0,191.9,saccade
11:48:40.0276,-564.6,191.2,saccade
11:48:40.0281,-569.2,191.7,saccade
11:48:40.0286,-573.7,192.2,saccade
11:48:40.0291,-586.1,192.2,saccade
11:48:40.0296,-584.0,192.3,saccade
11:48:40.0301,-573.9,192.5,saccade
11:48:40.0306,-560.1,192.9,saccade
11:48:40.0311,-535.8,194.0,saccade
11:48:40.0316,-512.4,195.1,saccade
11:48:40.0321,-481.9,195.8,saccade
11:48:40.0326,-461.3,195.9,saccade
11:48:40.0331,-470.0,195.4,saccade
11:48:40.0336,-502.6,194.6,saccade
11:48:40.0341,-539.1,193.6,saccade
11:48:40.0346,-553.1,193.0,saccade
11:48:40.0351,-564.1,192.2,saccade
11:48:40.0356,-570.1,191.8,saccade
11:48:40.0361,-575.0,191.5,saccade
11:48:40.0366,-579.8,191.7,saccade
11:48:40.0371,-588.8,191.5,saccade
11:48:40.0376,-601.8,191.3,saccade
11:48:40.0381,-582.4,192.8,saccade
11:48:40.0386,-548.2,194.5,saccade
11:48:40.0391,-528.7,194.9,saccade
11:48:40.0396,-540.2,193.4,saccade
11:48:40.0401,-558.5,192.3,saccade
11:48:40.0406,-558.6,192.9,saccade
11:48:40.0411,-552.2,193.5,saccade
11:48:40.0416,-551.9,193.7,saccade
11:48:40.0421,-553.4,193.6,saccade
11:48:40.0426,-553.0,193.5,saccade
11:48:40.0431,-543.0,194.1,saccade
11:48:40.0436,-537.9,194.5,saccade
11:48:40.0441,-535.2,195.0,saccade
11:48:40.0446,-541.3,194.9,saccade
11:48:40.0451,-542.7,194.9,saccade
11:48:40.0456,-554.0,194.2,saccade
11:48:40.0461,-575.1,192.7,saccade
11:48:40.0466,-596.1,191.3,saccade
11:48:40.0471,-591.8,191.6,saccade
11:48:40.0476,-577.2,192.6,saccade
11:48:40.0481,-559.9,193.7,saccade
11:48:40.0486,-557.1,193.8,saccade
11:48:40.0491,-543.1,194.6,saccade
11:48:40.0496,-528.3,195.4,saccade
11:48:40.0501,-558.5,193.1,saccade
11:48:40.0506,-605.3,190.1,saccade
11:48:40.0511,-650.1,187.4,saccade
11:48:40.0516,-640.9,188.4,saccade
11:48:40.0521,-620.9,190.1,saccade
11:48:40.0526,-604.1,191.5,saccade
11:48:40.0531,-579.5,193.1,saccade
11:48:40.0536,-559.6,194.2,saccade
11:48:40.0541,-551.6,194.2,saccade
11:48:40.0546,-557.1,193.4,saccade
11:48:40.0551,-555.7,192.4,saccade
11:48:40.0556,-545.8,192.2,saccade
11:48:40.0561,-543.9,192.0,saccade
11:48:40.0566,-543.8,192.5,saccade
11:48:40.0571,-547.1,193.1,saccade
11:48:40.0576,-548.3,193.5,saccade
11:48:40.0581,-531.5,194.3,saccade
11:48:40.0586,-510.3,195.1,saccade
11:48:40.0591,-490.8,196.0,saccade
11:48:40.0596,-495.5,196.1,saccade
11:48:40.0601,-500.5,196.2,saccade
11:48:40.0606,-523.3,194.4,saccade
11:48:40.0611,-544.7,192.5,saccade
11:48:40.0616,-533.7,192.7,saccade
11:48:40.0621,-501.6,194.9,saccade
11:48:40.0626,-471.9,196.6,saccade
11:48:40.0631,-469.0,196.1,saccade
11:48:40.0636,-465.9,195.6,saccade
11:48:40.0641,-501.6,193.6,saccade
11:48:40.0646,-551.8,191.5,saccade
11:48:40.0651,-602.8,189.4,saccade
11:48:40.0656,-602.4,190.0,saccade
11:48:40.0661,-593.3,190.6,saccade
11:48:40.0666,-592.8,190.3,saccade
11:48:40.0671,-603.4,189.4,saccade
11:48:40.0676,-599.8,189.5,saccade
11:48:40.0681,-590.5,190.2,saccade
11:48:40.0686,-579.0,190.9,saccade
11:48:40.0691,-579.3,190.7,saccade
11:48:40.0696,-577.8,190.5,saccade
11:48:40.0701,-584.5,189.9,saccade
11:48:40.0706,-594.7,189.3,saccade
11:48:40.0711,-603.7,188.8,saccade
11:48:40.0716,-583.8,189.8,saccade
11:48:40.0721,-543.0,192.2,saccade
11:48:40.0726,-504.1,194.6,saccade
11:48:40.0731,-479.4,196.4,saccade
11:48:40.0736,-474.1,196.8,saccade
11:48:40.0741,-472.1,196.9,saccade
11:48:40.0746,-485.3,196.2,saccade
11:48:40.0751,-524.2,193.8,saccade
11:48:40.0756,-555.3,191.8,saccade
11:48:40.0761,-565.0,190.4,saccade
11:48:40.0766,-534.1,192.0,saccade
11:48:40.0771,-510.2,193.2,saccade
11:48:40.0776,-499.9,194.0,saccade
11:48:40.0781,-519.8,192.8,saccade
11:48:40.0786,-536.3,191.6,saccade
11:48:40.0791,-539.4,191.4,saccade
11:48:40.0796,-527.3,192.3,saccade
11:48:40.0801,-515.4,193.1,saccade
11:48:40.0806,-531.4,192.0,saccade
11:48:40.0811,-548.4,190.9,saccade
11:48:40.0816,-561.6,190.0,saccade
11:48:40.0821,-558.7,190.3,saccade
11:48:40.0826,-566.7,190.1,saccade
11:48:40.0831,-578.2,189.6,saccade
11:48:40.0836,-592.0,189.0,saccade
11:48:40.0841,-594.2,188.8,saccade
11:48:40.0846,-576.3,190.1,saccade
11:48:40.0851,-534.2,193.0,saccade
11:48:40.0856,-492.2,196.0,saccade
11:48:40.0861,-521.7,194.6,saccade
11:48:40.0866,-573.5,191.7,saccade
11:48:40.0871,-608.7,189.0,saccade
11:48:40.0876,-589.8,189.4,saccade
11:48:40.0881,-564.8,190.6,saccade
11:48:40.0886,-556.7,191.6,saccade
11:48:40.0891,-532.4,193.5,saccade
11:48:40.0896,-508.9,194.5,saccade
11:48:40.0901,-485.0,195.6,saccade
11:48:40.0906,-480.9,195.7,saccade
11:48:40.0911,-482.3,195.8,saccade
11:48:40.0916,-484.0,196.0,saccade
11:48:40.0921,-518.0,193.8,saccade
11:48:40.0926,-552.5,191.4,saccade
11:48:40.0931,-590.9,189.0,saccade
11:48:40.0936,-589.2,189.3,saccade
11:48:40.0941,-591.4,189.2,saccade
11:48:40.0946,-582.0,189.2,saccade
11:48:40.0951,-576.1,189.0,saccade
11:48:40.0956,-564.0,189.3,saccade
11:48:40.0961,-561.6,189.8,saccade
11:48:40.0966,-563.3,190.2,saccade
11:48:40.0971,-556.2,191.4,saccade
11:48:40.0976,-547.1,192.4,saccade
11:48:40.0981,-541.7,193.0,saccade
11:48:40.0986,-548.6,192.7,saccade
11:48:40.0991,-561.5,192.4,saccade
11:48:40.0996,-568.1,192.3,saccade
11:48:40.1001,-560.3,192.4,saccade
11:48:40.1006,-540.3,192.9,saccade
11:48:40.1011,-523.4,193.4,saccade
11:48:40.1016,-519.6,193.8,saccade
11:48:40.1021,-513.8,193.8,saccade
11:48:40.1026,-506.3,193.8,saccade
11:48:40.1031,-498.9,193.7,saccade
11:48:40.1036,-512.8,193.5,saccade
11:48:40.1041,-527.6,193.2,saccade
11:48:40.1046,-542.5,193.0,saccade
11:48:40.1051,-543.4,193.0,saccade
11:48:40.1056,-540.6,193.2,saccade
11:48:40.1061,-533.7,193.4,saccade
11:48:40.1066,-528.6,193.6,saccade
11:48:40.1071,-533.6,193.1,saccade
11:48:40.1076,-542.4,192.6,saccade
11:48:40.1081,-567.1,191.4,saccade
11:48:40.1086,-584.0,190.6,saccade
11:48:40.1091,-605.1,189.6,saccade
11:48:40.1096,-594.1,189.4,saccade
11:48:40.1101,-568.7,190.2,saccade
11:48:40.1106,-537.3,192.2,saccade
11:48:40.1111,-509.3,194.9,saccade
11:48:40.1116,-479.5,197.5,saccade
11:48:40.1121,-452.5,199.3,saccade
11:48:40.1126,-460.4,199.3,saccade
11:48:40.1131,-498.0,197.3,saccade
11:48:40.1136,-532.2,195.3,saccade
11:48:40.1141,-527.9,194.5,saccade
11:48:40.1146,-509.5,194.5,saccade
11:48:40.1151,-510.2,194.5,saccade
11:48:40.1156,-514.9,195.1,saccade
11:48:40.1161,-525.9,195.4,saccade
11:48:40.1166,-528.5,195.5,saccade
11:48:40.1171,-559.5,194.3,saccade
11:48:40.1176,-583.9,193.4,saccade
11:48:40.1181,-599.5,192.5,saccade
11:48:40.1186,-597.2,192.1,saccade
11:48:40.1191,-579.0,193.0,saccade
11:48:40.1196,-561.8,194.3,saccade
11:48:40.1201,-548.8,195.3,saccade
11:48:40.1206,-542.7,195.6,saccade
11:48:40.1211,-531.7,196.0,saccade
11:48:40.1216,-515.5,196.7,saccade
11:48:40.1221,-514.6,196.7,saccade
11:48:40.1226,-516.7,197.0,saccade
11:48:40.1231,-509.6,197.3,saccade
11:48:40.1236,-495.4,197.6,saccade
11:48:40.1241,-484.7,197.7,saccade
11:48:40.1246,-520.5,195.2,saccade
11:48:40.1251,-556.6,192.7,saccade
11:48:40.1256,-592.7,190.1,saccade
11:48:40.1261,-592.2,190.1,saccade
11:48:40.1266,-588.9,190.4,saccade
11:48:40.1271,-585.6,190.8,saccade
11:48:40.1276,-575.5,191.6,saccade
11:48:40.1281,-569.8,192.1,saccade
11:48:40.1286,-558.0,193.1,saccade
11:48:40.1291,-535.0,193.6,saccade
11:48:40.1296,-511.2,194.1,saccade
11:48:40.1301,-505.2,194.1,saccade
11:48:40.1306,-516.3,194.1,saccade
11:48:40.1311,-527.5,194.1,saccade
11:48:40.1316,-508.3,194.3,saccade
11:48:40.1321,-489.7,194.4,saccade
11:48:40.1326,-473.0,194.4,saccade
11:48:40.1331,-477.0,194.2,saccade
11:48:40.1336,-515.1,191.8,saccade
11:48:40.1341,-551.5,189.5,saccade
11:48:40.1346,-521.5,190.9,saccade
11:48:40.1351,-458.1,194.6,saccade
11:48:40.1356,-404.2,198.2,saccade
11:48:40.1361,-418.1,197.8,saccade
11:48:40.1366,-434.4,197.3,saccade
11:48:40.1371,-442.7,196.9,saccade
11:48:40.1376,-457.6,195.8,saccade
11:48:40.1381,-465.6,195.1,saccade
11:48:40.1386,-448.2,194.7,saccade
11:48:40.1391,-392.2,197.1,saccade
11:48:40.1396,-341.2,199.3,saccade
11:48:40.1401,-337.7,199.7,saccade
11:48:40.1406,-376.8,197.3,saccade
11:48:40.1411,-413.9,195.2,saccade
11:48:40.1416,-435.0,194.7,saccade
11:48:40.1421,-439.7,195.1,saccade
11:48:40.1426,-453.1,194.6,saccade
11:48:40.1431,-459.5,194.2,saccade
11:48:40.1436,-461.6,194.0,saccade
11:48:40.1441,-454.6,194.2,saccade
11:48:40.1446,-451.7,194.4,saccade
11:48:40.1451,-457.3,194.0,saccade
11:48:40.1456,-465.7,193.6,saccade
11:48:40.1461,-471.3,193.5,saccade
11:48:40.1466,-472.7,193.8,saccade
11:48:40.1471,-474.0,194.1,saccade
11:48:40.1476,-474.7,194.3,saccade
11:48:40.1481,-475.8,194.6,saccade
11:48:40.1486,-473.7,195.2,saccade
11:48:40.1491,-471.0,195.6,saccade
11:48:40.1496,-477.1,195.2,saccade
11:48:40.1501,-477.5,194.6,saccade
11:48:40.1506,-483.1,193.6,saccade
11:48:40.1511,-481.9,192.8,saccade
11:48:40.1516,-508.1,190.6,saccade
11:48:40.1521,-539.2,188.7,saccade
11:48:40.1526,-561.1,188.3,saccade
11:48:40.1531,-564.5,189.1,saccade
11:48:40.1536,-557.6,190.0,saccade
11:48:40.1541,-553.3,190.3,saccade
11:48:40.1546,-543.2,191.2,saccade
11:48:40.1551,-533.4,192.0,saccade
11:48:40.1556,-526.9,192.5,saccade
11:48:40.1561,-506.7,193.8,saccade
11:48:40.1566,-485.2,195.0,saccade
11:48:40.1571,-455.4,196.9,saccade
11:48:40.1576,-447.3,197.6,saccade
11:48:40.1581,-440.1,198.2,saccade
11:48:40.1586,-395.3,200.5,saccade
11:48:40.1591,-341.9,203.3,saccade
11:48:40.1596,-277.8,206.6,saccade
11:48:40.1601,-207.5,210.4,saccade
11:48:40.1606,-145.0,213.8,saccade
11:48:40.1611,-66.2,217.4,saccade
11:48:40.1616,29.8,222.9,saccade
11:48:40.1621,141.3,229.6,saccade
11:48:40.1626,294.2,240.2,saccade
11:48:40.1631,425.3,250.0,saccade
11:48:40.1636,559.6,261.5,saccade
11:48:40.1641,626.6,268.4,saccade
11:48:40.1646,702.1,277.8,saccade
11:48:40.1651,770.1,289.5,saccade
11:48:40.1656,816.3,302.7,saccade
11:48:40.1661,828.0,313.2,saccade
11:48:40.1666,818.7,323.8,saccade
11:48:40.1671,760.9,338.3,saccade
11:48:40.1676,675.7,354.5,saccade
11:48:40.1681,600.4,368.3,saccade
11:48:40.1686,475.3,379.9,saccade
11:48:40.1691,287.4,391.4,saccade
11:48:40.1696,21.3,403.6,saccade
11:48:40.1701,-236.7,417.1,saccade
11:48:40.1706,-397.0,428.9,saccade
11:48:40.1711,-671.3,441.2,saccade
11:48:40.1716,.,.,blink
11:48:40.1721,.,.,blink
11:48:40.1726,.,.,blink
11:48:40.1731,.,.,blink
11:48:40.1736,.,.,blink
11:48:40.1741,.,.,blink
11:48:40.1746,.,.,blink
11:48:40.1751,.,.,blink
11:48:40.1756,.,.,blink
11:48:40.1761,.,.,blink
11:48:40.1766,.,.,blink
11:48:40.1771,.,.,blink
11:48:40.1776,.,.,blink
11:48:40.1781,.,.,blink
11:48:40.1786,.,.,blink
11:48:40.1791,.,.,blink
11:48:40.1796,.,.,blink
11:48:40.1801,.,.,blink
11:48:40.1806,.,.,blink
11:48:40.1811,.,.,blink
11:48:40.1816,.,.,blink
11:48:40.1821,.,.,blink
11:48:40.1826,.,.,blink
11:48:40.1831,.,.,blink
11:48:40.1836,.,.,blink
11:48:40.1841,.,.,blink
11:48:40.1846,.,.,blink
11:48:40.1851,.,.,blink
11:48:40.1856,.,.,blink
11:48:40.1861,.,.,blink
11:48:40.1866,.,.,blink
11:48:40.1871,.,.,blink
11:48:40.1876,.,.,blink
11:48:40.1881,.,.,blink
11:48:40.1886,.,.,blink
11:48:40.1891,.,.,blink
11:48:40.1896,.,.,blink
11:48:40.1901,.,.,blink
11:48:40.1906,.,.,blink
11:48:40.1911,.,.,blink
11:48:40.1916,.,.,blink
11:48:40.1921,.,.,blink
11:48:40.1926,.,.,blink
11:48:40.1931,.,.,blink
11:48:40.1936,.,.,blink
11:48:40.1941,.,.,blink
11:48:40.1946,.,.,blink
11:48:40.1951,.,.,blink
11:48:40.1956,.,.,blink
11:48:40.1961,.,.,blink
11:48:40.1966,.,.,blink
11:48:40.1971,.,.,blink
11:48:40.1976,.,.,blink
11:48:40.1981,.,.,blink
11:48:40.1986,.,.,blink
11:48:40.1991,.,.,blink
11:48:40.1996,.,.,blink
11:48:40.2001,.,.,blink
11:48:40.2006,.,.,blink
11:48:40.2011,.,.,blink
11:48:40.2016,.,.,blink
11:48:40.2021,.,.,blink
11:48:40.2026,.,.,blink
11:48:40.2031,.,.,blink
11:48:40.2036,.,.,blink
11:48:40.2041,.,.,blink
11:48:40.2046,.,.,blink
11:48:40.2051,.,.,blink
11:48:40.2056,.,.,blink
11:48:40.2061,.,.,blink
11:48:40.2066,.,.,blink
11:48:40.2071,.,.,blink
11:48:40.2076,.,.,blink
11:48:40.2081,.,.,blink
11:48:40.2086,.,.,blink
11:48:40.2091,.,.,blink
11:48:40.2096,.,.,blink
11:48:40.2101,.,.,blink
11:48:40.2106,.,.,blink
11:48:40.2111,.,.,blink
11:48:40.2116,.,.,blink
11:48:40.2121,.,.,blink
11:48:40.2126,.,.,blink
11:48:40.2131,.,.,blink
11:48:40.2136,.,.,blink
11:48:40.2141,.,.,blink
11:48:40.2146,.,.,blink
11:48:40.2151,.,.,blink
11:48:40.2156,.,.,blink
11:48:40.2161,.,.,blink
11:48:40.2166,.,.,blink
11:48:40.2171,.,.,blink
11:48:40.2176,.,.,blink
11:48:40.2181,.,.,blink
11:48:40.2186,.,.,blink
11:48:40.2191,.,.,blink
11:48:40.2196,.,.,blink
11:48:40.2201,.,.,blink
11:48:40.2206,.,.,blink
11:48:40.2211,.,.,blink
11:48:40.2216,.,.,blink
11:48:40.2221,.,.,blink
11:48:40.2226,.,.,blink
11:48:40.2231,.,.,blink
11:48:40.2236,.,.,blink
11:48:40.2241,.,.,blink
11:48:40.2246,.,.,blink
11:48:40.2251,.,.,blink
11:48:40.2256,.,.,blink
11:48:40.2261,.,.,blink
11:48:40.2266,.,.,blink
11:48:40.2271,.,.,blink
11:48:40.2276,.,.,blink
11:48:40.2281,.,.,blink
11:48:40.2286,.,.,blink
11:48:40.2291,.,.,blink
11:48:40.2296,.,.,blink
11:48:40.2301,.,.,blink
11:48:40.2306,.,.,blink
11:48:40.2311,.,.,blink
11:48:40.2316,.,.,blink
11:48:40.2321,.,.,blink
11:48:40.2326,.,.,blink
11:48:40.2331,.,.,blink
11:48:40.2336,.,.,blink
11:48:40.2341,.,.,blink
11:48:40.2346,.,.,blink
11:48:40.2351,.,.,blink
11:48:40.2356,.,.,blink
11:48:40.2361,.,.,blink
11:48:40.2366,.,.,blink
11:48:40.2371,.,.,blink
11:48:40.2376,.,.,blink
11:48:40.2381,.,.,blink
11:48:40.2386,.,.,blink
11:48:40.2391,.,.,blink
11:48:40.2396,.,.,blink
11:48:40.2401,.,.,blink
11:48:40.2406,.,.,blink
11:48:40.2411,.,.,blink
11:48:40.2416,.,.,blink
11:48:40.2421,.,.,blink
11:48:40.2426,.,.,blink
11:48:40.2431,.,.,blink
11:48:40.2436,.,.,blink
11:48:40.2441,.,.,blink
11:48:40.2446,.,.,blink
11:48:40.2451,.,.,blink
11:48:40.2456,.,.,blink
11:48:40.2461,.,.,blink
11:48:40.2466,.,.,blink
11:48:40.2471,.,.,blink
11:48:40.2476,.,.,blink
11:48:40.2481,.,.,blink
11:48:40.2486,.,.,blink
11:48:40.2491,.,.,blink
11:48:40.2496,.,.,blink
11:48:40.2501,.,.,blink
11:48:40.2506,.,.,blink
11:48:40.2511,.,.,blink
11:48:40.2516,.,.,blink
11:48:40.2521,.,.,blink
11:48:40.2526,.,.,blink
11:48:40.2531,.,.,blink
11:48:40.2536,.,.,blink
11:48:40.2541,.,.,blink
11:48:40.2546,.,.,blink
11:48:40.2551,.,.,blink
11:48:40.2556,.,.,blink
11:48:40.2561,.,.,blink
11:48:40.2566,.,.,blink
11:48:40.2571,.,.,blink
11:48:40.2576,.,.,blink
11:48:40.2581,.,.,blink
11:48:40.2586,.,.,blink
11:48:40.2591,.,.,blink
11:48:40.2596,.,.,blink
11:48:40.2601,.,.,blink
11:48:40.2606,.,.,blink
11:48:40.2611,.,.,blink
11:48:40.2616,.,.,blink
11:48:40.2621,.,.,blink
11:48:40.2626,.,.,blink
11:48:40.2631,.,.,blink
11:48:40.2636,.,.,blink
11:48:40.2641,.,.,blink
11:48:40.2646,.,.,blink
11:48:40.2651,.,.,blink
11:48:40.2656,.,.,blink
11:48:40.2661,.,.,blink
11:48:40.2666,.,.,blink
11:48:40.2671,.,.,blink
11:48:40.2676,.,.,blink
11:48:40.2681,.,.,blink
11:48:40.2686,.,.,blink
11:48:40.2691,.,.,blink
11:48:40.2696,.,.,blink
11:48:40.2701,.,.,blink
11:48:40.2706,.,.,blink
11:48:40.2711,.,.,blink
11:48:40.2716,.,.,blink
11:48:40.2721,.,.,blink
11:48:40.2726,.,.,blink
11:48:40.2731,.,.,blink
11:48:40.2736,.,.,blink
11:48:40.2741,.,.,blink
11:48:40.2746,.,.,blink
11:48:40.2751,.,.,blink
11:48:40.2756,.,.,blink
11:48:40.2761,.,.,blink
11:48:40.2766,.,.,blink
11:48:40.2771,.,.,blink
11:48:40.2776,.,.,blink
11:48:40.2781,.,.,blink
11:48:40.2786,.,.,blink
11:48:40.2791,.,.,blink
11:48:40.2796,.,.,blink
11:48:40.2801,.,.,blink
11:48:40.2806,.,.,blink
11:48:40.2811,.,.,blink
11:48:40.2816,.,.,blink
11:48:40.2821,.,.,blink
11:48:40.2826,.,.,blink
11:48:40.2831,.,.,blink
11:48:40.2836,.,.,blink
11:48:40.2841,.,.,blink
11:48:40.2846,.,.,blink
11:48:40.2851,.,.,blink
11:48:40.2856,.,.,blink
11:48:40.2861,.,.,blink
11:48:40.2866,.,.,blink
11:48:40.2871,.,.,blink
11:48:40.2876,.,.,blink
11:48:40.2881,.,.,blink
11:48:40.2886,.,.,blink
11:48:40.2891,.,.,blink
11:48:40.2896,.,.,blink
11:48:40.2901,.,.,blink
11:48:40.2906,.,.,blink
11:48:40.2911,.,.,blink
11:48:40.2916,.,.,blink
11:48:40.2921,.,.,blink
11:48:40.2926,.,.,blink
11:48:40.2931,.,.,blink
11:48:40.2936,.,.,blink
11:48:40.2941,.,.,blink
11:48:40.2946,.,.,blink
11:48:40.2951,.,.,blink
11:48:40.2956,.,.,blink
11:48:40.2961,.,.,blink
11:48:40.2966,.,.,blink
11:48:40.2971,.,.,blink
11:48:40.2976,.,.,blink
11:48:40.2981,.,.,blink
11:48:40.2986,.,.,blink
11:48:40.2991,.,.,blink
11:48:40.2996,.,.,blink
11:48:40.3001,.,.,blink
11:48:40.3006,.,.,blink
11:48:40.3011,.,.,blink
11:48:40.3016,.,.,blink
11:48:40.3021,.,.,blink
11:48:40.3026,.,.,blink
11:48:40.3031,.,.,blink
11:48:40.3036,.,.,blink
11:48:40.3041,.,.,blink
11:48:40.3046,.,.,blink
11:48:40.3051,.,.,blink
11:48:40.3056,.,.,blink
11:48:40.3061,.,.,blink
11:48:40.3066,.,.,blink
11:48:40.3071,.,.,blink
11:48:40.3076,.,.,blink
11:48:40.3081,.,.,blink
11:48:40.3086,.,.,blink
11:48:40.3091,.,.,blink
11:48:40.3096,.,.,blink
11:48:40.3101,.,.,blink
11:48:40.3106,.,.,blink
11:48:40.3111,.,.,blink
11:48:40.3116,.,.,blink
11:48:40.3121,.,.,blink
11:48:40.3126,.,.,blink
11:48:40.3131,.,.,blink
11:48:40.3136,.,.,blink
11:48:40.3141,.,.,blink
11:48:40.3146,.,.,blink
11:48:40.3151,.,.,blink
11:48:40.3156,.,.,blink
11:48:40.3161,.,.,blink
11:48:40.3166,.,.,blink
11:48:40.3171,.,.,blink
11:48:40.3176,.,.,blink
11:48:40.3181,.,.,blink
11:48:40.3186,.,.,blink
11:48:40.3191,.,.,blink
11:48:40.3196,.,.,blink
11:48:40.3201,.,.,blink
11:48:40.3206,.,.,blink
11:48:40.3211,.,.,blink
11:48:40.3216,.,.,blink
11:48:40.3221,.,.,blink
11:48:40.3226,.,.,blink
11:48:40.3231,.,.,blink
11:48:40.3236,.,.,blink
11:48:40.3241,.,.,blink
11:48:40.3246,.,.,blink
11:48:40.3251,.,.,blink
11:48:40.3256,.,.,blink
11:48:40.3261,.,.,blink
11:48:40.3266,.,.,blink
11:48:40.3271,.,.,blink
11:48:40.3276,.,.,blink
11:48:40.3281,.,.,blink
11:48:40.3286,.,.,blink
11:48:40.3291,.,.,blink
11:48:40.3296,.,.,blink
11:48:40.3301,.,.,blink
11:48:40.3306,.,.,blink
11:48:40.3311,.,.,blink
11:48:40.3316,.,.,blink
11:48:40.3321,.,.,blink
11:48:40.3326,.,.,blink
11:48:40.3331,.,.,blink
11:48:40.3336,.,.,blink
11:48:40.3341,.,.,blink
11:48:40.3346,.,.,blink
11:48:40.3351,.,.,blink
11:48:40.3356,.,.,blink
11:48:40.3361,.,.,blink
11:48:40.3366,.,.,blink
11:48:40.3371,.,.,blink
11:48:40.3376,.,.,blink
11:48:40.3381,.,.,blink
11:48:40.3386,.,.,blink
11:48:40.3391,.,.,blink
11:48:40.3396,.,.,blink
11:48:40.3401,.,.,blink
11:48:40.3406,.,.,blink
11:48:40.3411,.,.,blink
11:48:40.3416,.,.,blink
11:48:40.3421,.,.,blink
11:48:40.3426,.,.,blink
11:48:40.3431,.,.,blink
11:48:40.3436,.,.,blink
11:48:40.3441,.,.,blink
11:48:40.3446,.,.,blink
11:48:40.3451,.,.,blink
11:48:40.3456,.,.,blink
11:48:40.3461,.,.,blink
11:48:40.3466,.,.,blink
11:48:40.3471,.,.,blink
11:48:40.3476,.,.,blink
11:48:40.3481,.,.,blink
11:48:40.3486,.,.,blink
11:48:40.3491,.,.,blink
11:48:40.3496,.,.,blink
11:48:40.3501,.,.,blink
11:48:40.3506,.,.,blink
11:48:40.3511,.,.,blink
11:48:40.3516,.,.,blink
11:48:40.3521,.,.,blink
11:48:40.3526,.,.,blink
11:48:40.3531,.,.,blink
11:48:40.3536,.,.,blink
11:48:40.3541,.,.,blink
11:48:40.3546,.,.,blink
11:48:40.3551,.,.,blink
11:48:40.3556,.,.,blink
11:48:40.3561,.,.,blink
11:48:40.3566,.,.,blink
11:48:40.3571,.,.,blink
11:48:40.3576,.,.,blink
11:48:40.3581,.,.,blink
11:48:40.3586,.,.,blink
11:48:40.3591,.,.,blink
11:48:40.3596,.,.,blink
11:48:40.3601,.,.,blink
11:48:40.3606,.,.,blink
11:48:40.3611,.,.,blink
11:48:40.3616,.,.,blink
11:48:40.3621,.,.,blink
11:48:40.3626,.,.,blink
11:48:40.3631,.,.,blink
11:48:40.3636,.,.,blink
11:48:40.3641,.,.,blink
11:48:40.3646,.,.,blink
11:48:40.3651,.,.,blink
11:48:40.3656,.,.,blink
11:48:40.3661,.,.,blink
11:48:40.3666,.,.,blink
11:48:40.3671,.,.,blink
11:48:40.3676,.,.,blink
11:48:40.3681,.,.,blink
11:48:40.3686,.,.,blink
11:48:40.3691,.,.,blink
11:48:40.3696,.,.,blink
11:48:40.3701,.,.,blink
11:48:40.3706,.,.,blink
11:48:40.3711,.,.,blink
11:48:40.3716,.,.,blink
11:48:40.3721,.,.,blink
11:48:40.3726,.,.,blink
11:48:40.3731,.,.,blink
11:48:40.3736,.,.,blink
11:48:40.3741,.,.,blink
11:48:40.3746,.,.,blink
11:48:40.3751,.,.,blink
11:48:40.3756,.,.,blink
11:48:40.3761,.,.,blink
11:48:40.3766,.,.,blink
11:48:40.3771,.,.,blink
11:48:40.3776,.,.,blink
11:48:40.3781,.,.,blink
11:48:40.3786,.,.,blink
11:48:40.3791,.,.,blink
11:48:40.3796,.,.,blink
11:48:40.3801,.,.,blink
11:48:40.3806,.,.,blink
11:48:40.3811,.,.,blink
11:48:40.3816,.,.,blink
11:48:40.3821,.,.,blink
11:48:40.3826,.,.,blink
11:48:40.3831,.,.,blink
11:48:40.3836,.,.,blink
11:48:40.3841,.,.,blink
11:48:40.3846,.,.,blink
11:48:40.3851,.,.,blink
11:48:40.3856,.,.,blink
11:48:40.3861,.,.,blink
11:48:40.3866,.,.,blink
11:48:40.3871,.,.,blink
11:48:40.3876,.,.,blink
11:48:40.3881,.,.,blink
11:48:40.3886,.,.,blink
11:48:40.3891,.,.,blink
11:48:40.3896,.,.,blink
11:48:40.3901,.,.,blink
11:48:40.3906,.,.,blink
11:48:40.3911,.,.,blink
11:48:40.3916,.,.,blink
11:48:40.3921,.,.,blink
11:48:40.3926,.,.,blink
11:48:40.3931,.,.,blink
11:48:40.3936,.,.,blink
11:48:40.3941,.,.,blink
11:48:40.3946,.,.,blink
11:48:40.3951,.,.,blink
11:48:40.3956,.,.,blink
11:48:40.3961,.,.,blink
11:48:40.3966,.,.,blink
11:48:40.3971,.,.,blink
11:48:40.3976,.,.,blink
11:48:40.3981,.,.,blink
11:48:40.3986,.,.,blink
11:48:40.3991,.,.,blink
11:48:40.3996,.,.,blink
11:48:40.4001,.,.,blink
11:48:40.4006,.,.,blink
11:48:40.4011,.,.,blink
11:48:40.4016,.,.,blink
11:48:40.4021,.,.,blink
11:48:40.4026,.,.,blink
11:48:40.4031,.,.,blink
11:48:40.4036,.,.,blink
11:48:40.4041,.,.,blink
11:48:40.4046,.,.,blink
11:48:40.4051,.,.,blink
11:48:40.4056,.,.,blink
11:48:40.4061,.,.,blink
11:48:40.4066,.,.,blink
11:48:40.4071,.,.,blink
11:48:40.4076,.,.,blink
11:48:40.4081,.,.,blink
11:48:40.4086,.,.,blink
11:48:40.4091,.,.,blink
11:48:40.4096,.,.,blink
11:48:40.4101,.,.,blink
11:48:40.4106,.,.,blink
11:48:40.4111,.,.,blink
11:48:40.4116,.,.,blink
11:48:40.4121,.,.,blink
11:48:40.4126,.,.,blink
11:48:40.4131,.,.,blink
11:48:40.4136,.,.,blink
11:48:40.4141,.,.,blink
11:48:40.4146,.,.,blink
11:48:40.4151,.,.,blink
11:48:40.4156,.,.,blink
11:48:40.4161,.,.,blink
11:48:40.4166,.,.,blink
11:48:40.4171,.,.,blink
11:48:40.4176,.,.,blink
11:48:40.4181,.,.,blink
11:48:40.4186,.,.,blink
11:48:40.4191,.,.,blink
11:48:40.4196,.,.,blink
11:48:40.4201,.,.,blink
11:48:40.4206,.,.,blink
11:48:40.4211,.,.,blink
11:48:40.4216,.,.,blink
11:48:40.4221,.,.,blink
11:48:40.4226,.,.,blink
11:48:40.4231,.,.,blink
11:48:40.4236,.,.,blink
11:48:40.4241,.,.,blink
11:48:40.4246,.,.,blink
11:48:40.4251,.,.,blink
11:48:40.4256,.,.,blink
11:48:40.4261,.,.,blink
11:48:40.4266,.,.,blink
11:48:40.4271,.,.,blink
11:48:40.4276,.,.,blink
11:48:40.4281,.,.,blink
11:48:40.4286,.,.,blink
11:48:40.4291,.,.,blink
11:48:40.4296,.,.,blink
11:48:40.4301,.,.,blink
11:48:40.4306,.,.,blink
11:48:40.4311,.,.,blink
11:48:40.4316,.,.,blink
11:48:40.4321,.,.,blink
11:48:40.4326,.,.,blink
11:48:40.4331,.,.,blink
11:48:40.4336,.,.,blink
11:48:40.4341,.,.,blink
11:48:40.4346,.,.,blink
11:48:40.4351,.,.,blink
11:48:40.4356,.,.,blink
11:48:40.4361,.,.,blink
11:48:40.4366,.,.,blink
11:48:40.4371,.,.,blink
11:48:40.4376,.,.,blink
11:48:40.4381,.,.,blink
11:48:40.4386,.,.,blink
11:48:40.4391,.,.,blink
11:48:40.4396,.,.,blink
11:48:40.4401,.,.,blink
11:48:40.4406,.,.,blink
11:48:40.4411,.,.,blink
11:48:40.4416,.,.,blink
11:48:40.4421,.,.,blink
11:48:40.4426,.,.,blink
11:48:40.4431,.,.,blink
11:48:40.4436,.,.,blink
11:48:40.4441,.,.,blink
11:48:40.4446,.,.,blink
11:48:40.4451,.,.,blink
11:48:40.4456,.,.,blink
11:48:40.4461,.,.,blink
11:48:40.4466,.,.,blink
11:48:40.4471,.,.,blink
11:48:40.4476,.,.,blink
11:48:40.4481,.,.,blink
11:48:40.4486,.,.,blink
11:48:40.4491,.,.,blink
11:48:40.4496,.,.,blink
11:48:40.4501,.,.,blink
11:48:40.4506,.,.,blink
11:48:40.4511,.,.,blink
11:48:40.4516,.,.,blink
11:48:40.4521,.,.,blink
11:48:40.4526,.,.,blink
11:48:40.4531,.,.,blink
11:48:40.4536,.,.,blink
11:48:40.4541,.,.,blink
11:48:40.4546,.,.,blink
11:48:40.4551,.,.,blink
11:48:40.4556,.,.,blink
11:48:40.4561,.,.,blink
11:48:40.4566,.,.,blink
11:48:40.4571,.,.,blink
11:48:40.4576,.,.,blink
11:48:40.4581,.,.,blink
11:48:40.4586,.,.,blink
11:48:40.4591,.,.,blink
11:48:40.4596,.,.,blink
11:48:40.4601,.,.,blink
11:48:40.4606,.,.,blink
11:48:40.4611,.,.,blink
11:48:40.4616,.,.,blink
11:48:40.4621,.,.,blink
11:48:40.4626,.,.,blink
11:48:40.4631,.,.,blink
11:48:40.4636,.,.,blink
11:48:40.4641,.,.,blink
11:48:40.4646,.,.,blink
11:48:40.4651,.,.,blink
11:48:40.4656,.,.,blink
11:48:40.4661,.,.,blink
11:48:40.4666,.,.,blink
11:48:40.4671,.,.,blink
11:48:40.4676,.,.,blink
11:48:40.4681,.,.,blink
11:48:40.4686,.,.,blink
11:48:40.4691,.,.,blink
11:48:40.4696,.,.,blink
11:48:40.4701,.,.,blink
11:48:40.4706,.,.,blink
11:48:40.4711,.,.,blink
11:48:40.4716,.,.,blink
11:48:40.4721,.,.,blink
11:48:40.4726,.,.,blink
11:48:40.4731,.,.,blink
11:48:40.4736,.,.,blink
11:48:40.4741,.,.,blink
11:48:40.4746,.,.,blink
11:48:40.4751,.,.,blink
11:48:40.4756,.,.,blink
11:48:40.4761,.,.,blink
11:48:40.4766,.,.,blink
11:48:40.4771,.,.,blink
11:48:40.4776,.,.,blink
11:48:40.4781,.,.,blink
11:48:40.4786,.,.,blink
11:48:40.4791,.,.,blink
11:48:40.4796,.,.,blink
11:48:40.4801,.,.,blink
11:48:40.4806,.,.,blink
11:48:40.4811,.,.,blink
11:48:40.4816,.,.,blink
11:48:40.4821,.,.,blink
11:48:40.4826,.,.,blink
11:48:40.4831,.,.,blink
11:48:40.4836,.,.,blink
11:48:40.4841,.,.,blink
11:48:40.4846,.,.,blink
11:48:40.4851,.,.,blink
11:48:40.4856,.,.,blink
11:48:40.4861,.,.,blink
11:48:40.4866,.,.,blink
11:48:40.4871,.,.,blink
11:48:40.4876,.,.,blink
11:48:40.4881,.,.,blink
11:48:40.4886,.,.,blink
11:48:40.4891,.,.,blink
11:48:40.4896,.,.,blink
11:48:40.4901,.,.,blink
11:48:40.4906,.,.,blink
11:48:40.4911,.,.,blink
11:48:40.4916,.,.,blink
11:48:40.4921,.,.,blink
11:48:40.4926,.,.,blink
11:48:40.4931,.,.,blink
11:48:40.4936,.,.,blink
11:48:40.4941,.,.,blink
11:48:40.4946,.,.,blink
11:48:40.4951,.,.,blink
11:48:40.4956,.,.,blink
11:48:40.4961,.,.,blink
11:48:40.4966,.,.,blink
11:48:40.4971,.,.,blink
11:48:40.4976,.,.,blink
11:48:40.4981,.,.,blink
11:48:40.4986,.,.,blink
11:48:40.4991,.,.,blink
11:48:40.4996,.,.,blink
11:48:40.5001,.,.,blink
11:48:40.5006,.,.,blink
11:48:40.5011,.,.,blink
11:48:40.5016,.,.,blink
11:48:40.5021,.,.,blink
11:48:40.5026,.,.,blink
11:48:40.5031,.,.,blink
11:48:40.5036,.,.,blink
11:48:40.5041,.,.,blink
11:48:40.5046,.,.,blink
11:48:40.5051,.,.,blink
11:48:40.5056,.,.,blink
11:48:40.5061,.,.,blink
11:48:40.5066,.,.,blink
11:48:40.5071,.,.,blink
11:48:40.5076,.,.,blink
11:48:40.5081,.,.,blink
11:48:40.5086,.,.,blink
11:48:40.5091,.,.,blink
11:48:40.5096,.,.,blink
11:48:40.5101,.,.,blink
11:48:40.5106,.,.,blink
11:48:40.5111,.,.,blink
11:48:40.5116,.,.,blink
11:48:40.5121,.,.,blink
11:48:40.5126,.,.,blink
11:48:40.5131,.,.,blink
11:48:40.5136,.,.,blink
11:48:40.5141,.,.,blink
11:48:40.5146,.,.,blink
11:48:40.5151,.,.,blink
11:48:40.5156,.,.,blink
11:48:40.5161,.,.,blink
11:48:40.5166,.,.,blink
11:48:40.5171,.,.,blink
11:48:40.5176,.,.,blink
11:48:40.5181,.,.,blink
11:48:40.5186,.,.,blink
11:48:40.5191,.,.,blink
11:48:40.5196,.,.,blink
11:48:40.5201,.,.,blink
11:48:40.5206,.,.,blink
11:48:40.5211,.,.,blink
11:48:40.5216,.,.,blink
11:48:40.5221,.,.,blink
11:48:40.5226,.,.,blink
11:48:40.5231,.,.,blink
11:48:40.5236,.,.,blink
11:48:40.5241,.,.,blink
11:48:40.5246,.,.,blink
11:48:40.5251,.,.,blink
11:48:40.5256,.,.,blink
11:48:40.5261,.,.,blink
11:48:40.5266,.,.,blink
11:48:40.5271,.,.,blink
11:48:40.5276,.,.,blink
11:48:40.5281,.,.,blink
11:48:40.5286,.,.,blink
11:48:40.5291,.,.,blink
11:48:40.5296,.,.,blink
11:48:40.5301,.,.,blink
11:48:40.5306,.,.,blink
11:48:40.5311,.,.,blink
11:48:40.5316,.,.,blink
11:48:40.5321,.,.,blink
11:48:40.5326,.,.,blink
11:48:40.5331,.,.,blink
11:48:40.5336,.,.,blink
11:48:40.5341,.,.,blink
11:48:40.5346,.,.,blink
11:48:40.5351,.,.,blink
11:48:40.5356,.,.,blink
11:48:40.5361,.,.,blink
11:48:40.5366,.,.,blink
11:48:40.5371,.,.,blink
11:48:40.5376,.,.,blink
11:48:40.5381,.,.,blink
11:48:40.5386,.,.,blink
11:48:40.5391,.,.,blink
11:48:40.5396,.,.,blink
11:48:40.5401,.,.,blink
11:48:40.5406,.,.,blink
11:48:40.5411,.,.,blink
11:48:40.5416,.,.,blink
11:48:40.5421,.,.,blink
11:48:40.5426,.,.,blink
11:48:40.5431,.,.,blink
11:48:40.5436,.,.,blink
11:48:40.5441,.,.,blink
11:48:40.5446,.,.,blink
11:48:40.5451,.,.,blink
11:48:40.5456,.,.,blink
11:48:40.5461,.,.,blink
11:48:40.5466,.,.,blink
11:48:40.5471,.,.,blink
11:48:40.5476,.,.,blink
11:48:40.5481,.,.,blink
11:48:40.5486,.,.,blink
11:48:40.5491,.,.,blink
11:48:40.5496,.,.,blink
11:48:40.5501,.,.,blink
11:48:40.5506,.,.,blink
11:48:40.5511,.,.,blink
11:48:40.5516,.,.,blink
11:48:40.5521,.,.,blink
11:48:40.5526,.,.,blink
11:48:40.5531,.,.,blink
11:48:40.5536,.,.,blink
11:48:40.5541,.,.,blink
11:48:40.5546,.,.,blink
11:48:40.5551,.,.,blink
11:48:40.5556,.,.,blink
11:48:40.5561,.,.,blink
11:48:40.5566,.,.,blink
11:48:40.5571,.,.,blink
11:48:40.5576,.,.,blink
11:48:40.5581,.,.,blink
11:48:40.5586,.,.,blink
11:48:40.5591,.,.,blink
11:48:40.5596,.,.,blink
11:48:40.5601,.,.,blink
11:48:40.5606,.,.,blink
11:48:40.5611,.,.,blink
11:48:40.5616,.,.,blink
11:48:40.5621,.,.,blink
11:48:40.5626,.,.,blink
11:48:40.5631,.,.,blink
11:48:40.5636,.,.,blink
11:48:40.5641,.,.,blink
11:48:40.5646,.,.,blink
11:48:40.5651,.,.,blink
11:48:40.5656,.,.,blink
11:48:40.5661,.,.,blink
11:48:40.5666,.,.,blink
11:48:40.5671,.,.,blink
11:48:40.5676,.,.,blink
11:48:40.5681,.,.,blink
11:48:40.5686,.,.,blink
11:48:40.5691,.,.,blink
11:48:40.5696,.,.,blink
11:48:40.5701,.,.,blink
11:48:40.5706,.,.,blink
11:48:40.5711,.,.,blink
11:48:40.5716,.,.,blink
11:48:40.5721,.,.,blink
11:48:40.5726,.,.,blink
11:48:40.5731,.,.,blink
11:48:40.5736,.,.,blink
11:48:40.5741,.,.,blink
11:48:40.5746,.,.,blink
11:48:40.5751,.,.,blink
11:48:40.5756,.,.,blink
11:48:40.5761,.,.,blink
11:48:40.5766,.,.,blink
11:48:40.5771,.,.,blink
11:48:40.5776,.,.,blink
11:48:40.5781,.,.,blink
11:48:40.5786,.,.,blink
11:48:40.5791,.,.,blink
11:48:40.5796,.,.,blink
11:48:40.5801,.,.,blink
11:48:40.5806,.,.,blink
11:48:40.5811,.,.,blink
11:48:40.5816,.,.,blink
11:48:40.5821,.,.,blink
11:48:40.5826,.,.,blink
11:48:40.5831,.,.,blink
11:48:40.5836,.,.,blink
11:48:40.5841,.,.,blink
11:48:40.5846,.,.,blink
11:48:40.5851,.,.,blink
11:48:40.5856,.,.,blink
11:48:40.5861,.,.,blink
11:48:40.5866,.,.,blink
11:48:40.5871,.,.,blink
11:48:40.5876,.,.,blink
11:48:40.5881,.,.,blink
11:48:40.5886,.,.,blink
11:48:40.5891,.,.,blink
11:48:40.5896,.,.,blink
11:48:40.5901,.,.,blink
11:48:40.5906,.,.,blink
11:48:40.5911,.,.,blink
11:48:40.5916,.,.,blink
11:48:40.5921,.,.,blink
11:48:40.5926,.,.,blink
11:48:40.5931,.,.,blink
11:48:40.5936,.,.,blink
11:48:40.5941,.,.,blink
11:48:40.5946,.,.,blink
11:48:40.5951,.,.,blink
11:48:40.5956,.,.,blink
11:48:40.5961,.,.,blink
11:48:40.5966,.,.,blink
11:48:40.5971,.,.,blink
11:48:40.5976,.,.,blink
11:48:40.5981,.,.,blink
11:48:40.5986,.,.,blink
11:48:40.5991,.,.,blink
11:48:40.5996,.,.,blink
11:48:40.6001,.,.,blink
11:48:40.6006,.,.,blink
11:48:40.6011,.,.,blink
11:48:40.6016,.,.,blink
11:48:40.6021,.,.,blink
11:48:40.6026,.,.,blink
11:48:40.6031,.,.,blink
11:48:40.6036,.,.,blink
11:48:40.6041,.,.,blink
11:48:40.6046,.,.,blink
11:48:40.6051,.,.,blink
11:48:40.6056,.,.,blink
11:48:40.6061,.,.,blink
11:48:40.6066,.,.,blink
11:48:40.6071,.,.,blink
11:48:40.6076,.,.,blink
11:48:40.6081,.,.,blink
11:48:40.6086,.,.,blink
11:48:40.6091,.,.,blink
11:48:40.6096,.,.,blink
11:48:40.6101,.,.,blink
11:48:40.6106,.,.,blink
11:48:40.6111,.,.,blink
11:48:40.6116,.,.,blink
11:48:40.6121,.,.,blink
11:48:40.6126,.,.,blink
11:48:40.6131,.,.,blink
11:48:40.6136,.,.,blink
11:48:40.6141,.,.,blink
11:48:40.6146,.,.,blink
11:48:40.6151,.,.,blink
11:48:40.6156,.,.,blink
11:48:40.6161,.,.,blink
11:48:40.6166,.,.,blink
11:48:40.6171,.,.,blink
11:48:40.6176,.,.,blink
11:48:40.6181,.,.,blink
11:48:40.6186,.,.,blink
11:48:40.6191,.,.,blink
11:48:40.6196,.,.,blink
11:48:40.6201,.,.,blink
11:48:40.6206,.,.,blink
11:48:40.6211,.,.,blink
11:48:40.6216,.,.,blink
11:48:40.6221,.,.,blink
11:48:40.6226,.,.,blink
11:48:40.6231,.,.,blink
11:48:40.6236,.,.,blink
11:48:40.6241,.,.,blink
11:48:40.6246,.,.,blink
11:48:40.6251,.,.,blink
11:48:40.6256,.,.,blink
11:48:40.6261,.,.,blink
11:48:40.6266,.,.,blink
11:48:40.6271,.,.,blink
11:48:40.6276,.,.,blink
11:48:40.6281,.,.,blink
11:48:40.6286,.,.,blink
11:48:40.6291,.,.,blink
11:48:40.6296,.,.,blink
11:48:40.6301,.,.,blink
11:48:40.6306,.,.,blink
11:48:40.6311,.,.,blink
11:48:40.6316,.,.,blink
11:48:40.6321,.,.,blink
11:48:40.6326,.,.,blink
11:48:40.6331,.,.,blink
11:48:40.6336,.,.,blink
11:48:40.6341,.,.,blink
11:48:40.6346,.,.,blink
11:48:40.6351,.,.,blink
11:48:40.6356,.,.,blink
11:48:40.6361,.,.,blink
11:48:40.6366,.,.,blink
11:48:40.6371,.,.,blink
11:48:40.6376,.,.,blink
11:48:40.6381,.,.,blink
11:48:40.6386,.,.,blink
11:48:40.6391,.,.,blink
11:48:40.6396,.,.,blink
11:48:40.6401,.,.,blink
11:48:40.6406,.,.,blink
11:48:40.6411,.,.,blink
11:48:40.6416,.,.,blink
11:48:40.6421,.,.,blink
11:48:40.6426,.,.,blink
11:48:40.6431,.,.,blink
11:48:40.6436,.,.,blink
11:48:40.6441,.,.,blink
11:48:40.6446,.,.,blink
11:48:40.6451,.,.,blink
11:48:40.6456,.,.,blink
11:48:40.6461,.,.,blink
11:48:40.6466,.,.,blink
11:48:40.6471,.,.,blink
11:48:40.6476,.,.,blink
11:48:40.6481,.,.,blink
11:48:40.6486,.,.,blink
11:48:40.6491,.,.,blink
11:48:40.6496,.,.,blink
11:48:40.6501,.,.,blink
11:48:40.6506,.,.,blink
11:48:40.6511,.,.,blink
11:48:40.6516,.,.,blink
11:48:40.6521,.,.,blink
11:48:40.6526,.,.,blink
11:48:40.6531,.,.,blink
11:48:40.6536,.,.,blink
11:48:40.6541,.,.,blink
11:48:40.6546,.,.,blink
11:48:40.6551,.,.,blink
11:48:40.6556,.,.,blink
11:48:40.6561,.,.,blink
11:48:40.6566,.,.,blink
11:48:40.6571,.,.,blink
11:48:40.6576,.,.,blink
11:48:40.6581,.,.,blink
11:48:40.6586,.,.,blink
11:48:40.6591,.,.,blink
11:48:40.6596,.,.,blink
11:48:40.6601,.,.,blink
11:48:40.6606,.,.,blink
11:48:40.6611,.,.,blink
11:48:40.6616,.,.,blink
11:48:40.6621,.,.,blink
11:48:40.6626,.,.,blink
11:48:40.6631,.,.,blink
11:48:40.6636,.,.,blink
11:48:40.6641,.,.,blink
11:48:40.6646,.,.,blink
11:48:40.6651,.,.,blink
11:48:40.6656,.,.,blink
11:48:40.6661,.,.,blink
11:48:40.6666,.,.,blink
11:48:40.6671,.,.,blink
11:48:40.6676,.,.,blink
11:48:40.6681,.,.,blink
11:48:40.6686,.,.,blink
11:48:40.6691,.,.,blink
11:48:40.6696,.,.,blink
11:48:40.6701,.,.,blink
11:48:40.6706,.,.,blink
11:48:40.6711,.,.,blink
11:48:40.6716,.,.,blink
11:48:40.6721,.,.,blink
11:48:40.6726,.,.,blink
11:48:40.6731,.,.,blink
11:48:40.6736,.,.,blink
11:48:40.6741,.,.,blink
11:48:40.6746,.,.,blink
