TimeStamp,X,Y,Event
10:18:17.5573,.,.,blink
10:18:17.5578,.,.,blink
10:18:17.5583,.,.,blink
10:18:17.5587,.,.,blink
10:18:17.5592,.,.,blink
10:18:17.5597,.,.,blink
10:18:17.5602,.,.,blink
10:18:17.5606,.,.,blink
10:18:17.5611,.,.,blink
10:18:17.5616,.,.,blink
10:18:17.5620,.,.,blink
10:18:17.5625,.,.,blink
10:18:17.563,.,.,blink
10:18:17.5634,.,.,blink
10:18:17.5639,.,.,blink
10:18:17.5644,.,.,blink
10:18:17.5648,.,.,blink
10:18:17.5653,.,.,blink
10:18:17.5658,.,.,blink
10:18:17.5663,.,.,blink
10:18:17.5667,.,.,blink
10:18:17.5672,.,.,blink
10:18:17.5677,.,.,blink
10:18:17.5681,.,.,blink
10:18:17.5686,.,.,blink
10:18:17.5691,.,.,blink
10:18:17.5695,.,.,blink
10:18:17.57,.,.,blink
10:18:17.5705,.,.,blink
10:18:17.5709,.,.,blink
10:18:17.5714,.,.,blink
10:18:17.5719,.,.,blink
10:18:17.5724,.,.,blink
10:18:17.5728,.,.,blink
10:18:17.5733,.,.,blink
10:18:17.5738,.,.,blink
10:18:17.5742,.,.,blink
10:18:17.5747,.,.,blink
10:18:17.5752,.,.,blink
10:18:17.5756,.,.,blink
10:18:17.5761,.,.,blink
10:18:17.5766,.,.,blink
10:18:17.5770,.,.,blink
10:18:17.5775,.,.,blink
10:18:17.578,.,.,blink
10:18:17.5785,.,.,blink
10:18:17.5789,.,.,blink
10:18:17.5794,.,.,blink
10:18:17.5799,.,.,blink
10:18:17.5803,.,.,blink
10:18:17.5808,.,.,blink
10:18:17.5813,.,.,blink
10:18:17.5817,.,.,blink
10:18:17.5822,.,.,blink
10:18:17.5827,.,.,blink
10:18:17.5831,.,.,blink
10:18:17.5836,.,.,blink
10:18:17.5841,.,.,blink
10:18:17.5846,.,.,blink
10:18:17.5850,.,.,blink
10:18:17.5855,.,.,blink
10:18:17.586,.,.,blink
10:18:17.5864,.,.,blink
10:18:17.5869,.,.,blink
10:18:17.5874,.,.,blink
10:18:17.5878,.,.,blink
10:18:17.5883,.,.,blink
10:18:17.5888,.,.,blink
10:18:17.5892,.,.,blink
10:18:17.5897,.,.,blink
10:18:17.5902,.,.,blink
10:18:17.5907,.,.,blink
10:18:17.5911,.,.,blink
10:18:17.5916,.,.,blink
10:18:17.5921,.,.,blink
10:18:17.5925,.,.,blink
10:18:17.593,.,.,blink
10:18:17.5935,.,.,blink
10:18:17.5939,.,.,blink
10:18:17.5944,.,.,blink
10:18:17.5949,.,.,blink
10:18:17.5953,.,.,blink
10:18:17.5958,.,.,blink
10:18:17.5963,.,.,blink
10:18:17.5967,.,.,blink
10:18:17.5971,.,.,blink
10:18:17.5976,.,.,blink
10:18:17.5981,.,.,blink
10:18:17.5985,.,.,blink
10:18:17.599,.,.,blink
10:18:17.5995,.,.,blink
10:18:17.5999,.,.,blink
10:18:17.6004,.,.,blink
10:18:17.6009,.,.,blink
10:18:17.6013,.,.,blink
10:18:17.6017,.,.,blink
10:18:17.6022,.,.,blink
10:18:17.6027,.,.,blink
10:18:17.6031,.,.,blink
10:18:17.6036,.,.,blink
10:18:17.6041,.,.,blink
10:18:17.6045,.,.,blink
10:18:17.605,.,.,blink
10:18:17.6055,.,.,blink
10:18:17.6059,.,.,blink
10:18:17.6063,.,.,blink
10:18:17.6068,.,.,blink
10:18:17.6073,.,.,blink
10:18:17.6077,.,.,blink
10:18:17.6082,.,.,blink
10:18:17.6087,.,.,blink
10:18:17.6091,.,.,blink
10:18:17.6096,.,.,blink
10:18:17.6101,.,.,blink
10:18:17.6105,.,.,blink
10:18:17.6109,.,.,blink
10:18:17.6114,.,.,blink
10:18:17.6119,.,.,blink
10:18:17.6123,.,.,blink
10:18:17.6128,.,.,blink
10:18:17.6133,.,.,blink
10:18:17.6137,.,.,blink
10:18:17.6142,.,.,blink
10:18:17.6147,.,.,blink
10:18:17.6151,.,.,blink
10:18:17.6156,.,.,blink
10:18:17.6161,.,.,blink
10:18:17.6166,.,.,blink
10:18:17.6170,.,.,blink
10:18:17.6175,.,.,blink
10:18:17.618,.,.,blink
10:18:17.6184,.,.,blink
10:18:17.6189,.,.,blink
10:18:17.6194,.,.,blink
10:18:17.6198,.,.,blink
10:18:17.6203,.,.,blink
10:18:17.6208,.,.,blink
10:18:17.6212,.,.,blink
10:18:17.6217,.,.,blink
10:18:17.6222,.,.,blink
10:18:17.6227,.,.,blink
10:18:17.6231,.,.,blink
10:18:17.6236,.,.,blink
10:18:17.6241,.,.,blink
10:18:17.6245,.,.,blink
10:18:17.625,.,.,blink
10:18:17.6255,.,.,blink
10:18:17.6259,.,.,blink
10:18:17.6264,.,.,blink
10:18:17.6269,.,.,blink
10:18:17.6273,.,.,blink
10:18:17.6278,.,.,blink
10:18:17.6283,.,.,blink
10:18:17.6288,.,.,blink
10:18:17.6292,.,.,blink
10:18:17.6297,.,.,blink
10:18:17.6302,.,.,blink
10:18:17.6306,.,.,blink
10:18:17.6311,.,.,blink
10:18:17.6316,.,.,blink
10:18:17.6320,.,.,blink
10:18:17.6325,.,.,blink
10:18:17.633,.,.,blink
10:18:17.6334,.,.,blink
10:18:17.6339,.,.,blink
10:18:17.6344,.,.,blink
10:18:17.6349,.,.,blink
10:18:17.6353,.,.,blink
10:18:17.6358,.,.,blink
10:18:17.6363,.,.,blink
10:18:17.6367,.,.,blink
10:18:17.6372,.,.,blink
10:18:17.6377,.,.,blink
10:18:17.6381,.,.,blink
10:18:17.6386,.,.,blink
10:18:17.6391,.,.,blink
10:18:17.6395,.,.,blink
10:18:17.64,.,.,blink
10:18:17.6405,.,.,blink
10:18:17.641,.,.,blink
10:18:17.6414,.,.,blink
10:18:17.6419,.,.,blink
10:18:17.6424,.,.,blink
10:18:17.6428,.,.,blink
10:18:17.6433,.,.,blink
10:18:17.6438,.,.,blink
10:18:17.6442,.,.,blink
10:18:17.6447,.,.,blink
10:18:17.6452,.,.,blink
10:18:17.6456,.,.,blink
10:18:17.6461,.,.,blink
10:18:17.6466,.,.,blink
10:18:17.6471,.,.,blink
10:18:17.6475,.,.,blink
10:18:17.648,.,.,blink
10:18:17.6485,.,.,blink
10:18:17.6489,.,.,blink
10:18:17.6494,.,.,blink
10:18:17.6499,.,.,blink
10:18:17.6503,.,.,blink
10:18:17.6508,.,.,blink
10:18:17.6513,.,.,blink
10:18:17.6517,.,.,blink
10:18:17.6522,.,.,blink
10:18:17.6527,.,.,blink
10:18:17.6532,.,.,blink
10:18:17.6536,.,.,blink
10:18:17.6541,.,.,blink
10:18:17.6546,.,.,blink
10:18:17.6550,.,.,blink
10:18:17.6555,.,.,blink
10:18:17.656,.,.,blink
10:18:17.6564,.,.,blink
10:18:17.6569,.,.,blink
10:18:17.6574,.,.,blink
10:18:17.6578,.,.,blink
10:18:17.6583,.,.,blink
10:18:17.6588,.,.,blink
10:18:17.6592,.,.,blink
10:18:17.6596,.,.,blink
10:18:17.6601,.,.,blink
10:18:17.6606,.,.,blink
10:18:17.6610,.,.,blink
10:18:17.6615,.,.,blink
10:18:17.662,.,.,blink
10:18:17.6624,.,.,blink
10:18:17.6629,.,.,blink
10:18:17.6634,.,.,blink
10:18:17.6638,.,.,blink
10:18:17.6642,.,.,blink
10:18:17.6647,.,.,blink
10:18:17.6652,.,.,blink
10:18:17.6656,.,.,blink
10:18:17.6661,.,.,blink
10:18:17.6666,.,.,blink
10:18:17.6670,.,.,blink
10:18:17.6675,.,.,blink
10:18:17.668,.,.,blink
10:18:17.6684,.,.,blink
10:18:17.6688,.,.,blink
10:18:17.6693,.,.,blink
10:18:17.6698,.,.,blink
10:18:17.6702,.,.,blink
10:18:17.6707,.,.,blink
10:18:17.6712,.,.,blink
10:18:17.6716,.,.,blink
10:18:17.6721,.,.,blink
10:18:17.6726,.,.,blink
10:18:17.6730,.,.,blink
10:18:17.6734,.,.,blink
10:18:17.6739,.,.,blink
10:18:17.6744,.,.,blink
10:18:17.6748,.,.,blink
10:18:17.6753,.,.,blink
10:18:17.6758,.,.,blink
10:18:17.6762,.,.,blink
10:18:17.6767,.,.,blink
10:18:17.6772,.,.,blink
10:18:17.6776,.,.,blink
10:18:17.6781,.,.,blink
10:18:17.6786,.,.,blink
10:18:17.6791,.,.,blink
10:18:17.6795,.,.,blink
10:18:17.68,.,.,blink
10:18:17.6805,.,.,blink
10:18:17.6809,.,.,blink
10:18:17.6814,.,.,blink
10:18:17.6819,.,.,blink
10:18:17.6823,.,.,blink
10:18:17.6828,.,.,blink
10:18:17.6833,.,.,blink
10:18:17.6837,.,.,blink
10:18:17.6842,.,.,blink
10:18:17.6847,.,.,blink
10:18:17.6852,.,.,blink
10:18:17.6856,.,.,blink
10:18:17.6861,.,.,blink
10:18:17.6866,.,.,blink
10:18:17.6870,.,.,blink
10:18:17.6875,.,.,blink
10:18:17.688,.,.,blink
10:18:17.6884,.,.,blink
10:18:17.6889,.,.,blink
10:18:17.6894,.,.,blink
10:18:17.6898,.,.,blink
10:18:17.6903,.,.,blink
10:18:17.6908,.,.,blink
10:18:17.6913,.,.,blink
10:18:17.6917,.,.,blink
10:18:17.6922,.,.,blink
10:18:17.6927,.,.,blink
10:18:17.6931,.,.,blink
10:18:17.6936,.,.,blink
10:18:17.6941,.,.,blink
10:18:17.6945,.,.,blink
10:18:17.695,.,.,blink
10:18:17.6955,.,.,blink
10:18:17.6959,.,.,blink
10:18:17.6964,.,.,blink
10:18:17.6969,.,.,blink
10:18:17.6974,.,.,blink
10:18:17.6978,.,.,blink
10:18:17.6983,.,.,blink
10:18:17.6988,.,.,blink
10:18:17.6992,.,.,blink
10:18:17.6997,.,.,blink
10:18:17.7002,.,.,blink
10:18:17.7006,.,.,blink
10:18:17.7011,.,.,blink
10:18:17.7016,.,.,blink
10:18:17.7020,.,.,blink
10:18:17.7025,.,.,blink
10:18:17.703,.,.,blink
10:18:17.7035,.,.,blink
10:18:17.7039,.,.,blink
10:18:17.7044,.,.,blink
10:18:17.7049,.,.,blink
10:18:17.7053,.,.,blink
10:18:17.7058,.,.,blink
10:18:17.7063,.,.,blink
10:18:17.7067,.,.,blink
10:18:17.7072,.,.,blink
10:18:17.7077,.,.,blink
10:18:17.7081,.,.,blink
10:18:17.7086,.,.,blink
10:18:17.7091,.,.,blink
10:18:17.7096,.,.,blink
10:18:17.7100,.,.,blink
10:18:17.7105,.,.,blink
10:18:17.711,.,.,blink
10:18:17.7114,.,.,blink
10:18:17.7119,.,.,blink
10:18:17.7124,.,.,blink
10:18:17.7128,.,.,blink
10:18:17.7133,.,.,blink
10:18:17.7138,.,.,blink
10:18:17.7142,.,.,blink
10:18:17.7147,.,.,blink
10:18:17.7152,.,.,blink
10:18:17.7157,.,.,blink
10:18:17.7161,.,.,blink
10:18:17.7166,.,.,blink
10:18:17.7171,.,.,blink
10:18:17.7175,.,.,blink
10:18:17.718,.,.,blink
10:18:17.7185,.,.,blink
10:18:17.7189,.,.,blink
10:18:17.7194,.,.,blink
10:18:17.7199,.,.,blink
10:18:17.7203,.,.,blink
10:18:17.7208,.,.,blink
10:18:17.7213,.,.,blink
10:18:17.7217,.,.,blink
10:18:17.7221,.,.,blink
10:18:17.7226,.,.,blink
10:18:17.7231,.,.,blink
10:18:17.7235,.,.,blink
10:18:17.724,.,.,blink
10:18:17.7245,.,.,blink
10:18:17.7249,.,.,blink
10:18:17.7254,.,.,blink
10:18:17.7259,.,.,blink
10:18:17.7263,.,.,blink
10:18:17.7267,.,.,blink
10:18:17.7272,.,.,blink
10:18:17.7277,.,.,blink
10:18:17.7281,.,.,blink
10:18:17.7286,.,.,blink
10:18:17.7291,.,.,blink
10:18:17.7295,.,.,blink
10:18:17.73,.,.,blink
10:18:17.7305,.,.,blink
10:18:17.7309,.,.,blink
10:18:17.7313,.,.,blink
10:18:17.7318,.,.,blink
10:18:17.7323,.,.,blink
10:18:17.7327,.,.,blink
10:18:17.7332,.,.,blink
10:18:17.7337,.,.,blink
10:18:17.7341,.,.,blink
10:18:17.7346,.,.,blink
10:18:17.7351,.,.,blink
10:18:17.7355,.,.,blink
10:18:17.7359,.,.,blink
10:18:17.7364,.,.,blink
10:18:17.7369,.,.,blink
10:18:17.7373,.,.,blink
10:18:17.7378,.,.,blink
10:18:17.7383,.,.,blink
10:18:17.7387,.,.,blink
10:18:17.7392,.,.,blink
10:18:17.7397,.,.,blink
10:18:17.7401,.,.,blink
10:18:17.7406,.,.,blink
10:18:17.7411,.,.,blink
10:18:17.7416,.,.,blink
10:18:17.7420,.,.,blink
10:18:17.7425,.,.,blink
10:18:17.743,.,.,blink
10:18:17.7434,.,.,blink
10:18:17.7439,.,.,blink
10:18:17.7444,.,.,blink
10:18:17.7448,.,.,blink
10:18:17.7453,.,.,blink
10:18:17.7458,.,.,blink
10:18:17.7462,.,.,blink
10:18:17.7467,.,.,blink
10:18:17.7472,.,.,blink
10:18:17.7477,.,.,blink
10:18:17.7481,.,.,blink
10:18:17.7486,.,.,blink
10:18:17.7491,.,.,blink
10:18:17.7495,.,.,blink
10:18:17.75,.,.,blink
10:18:17.7505,.,.,blink
10:18:17.7509,.,.,blink
10:18:17.7514,.,.,blink
10:18:17.7519,.,.,blink
10:18:17.7523,.,.,blink
10:18:17.7528,.,.,blink
10:18:17.7533,.,.,blink
10:18:17.7538,.,.,blink
10:18:17.7542,.,.,blink
10:18:17.7547,.,.,blink
10:18:17.7552,.,.,blink
10:18:17.7556,.,.,blink
10:18:17.7561,.,.,blink
10:18:17.7566,.,.,blink
10:18:17.7570,.,.,blink
10:18:17.7575,.,.,blink
10:18:17.758,.,.,blink
10:18:17.7584,.,.,blink
10:18:17.7589,.,.,blink
10:18:17.7594,.,.,blink
10:18:17.7599,.,.,blink
10:18:17.7603,.,.,blink
10:18:17.7608,.,.,blink
10:18:17.7613,.,.,blink
10:18:17.7617,.,.,blink
10:18:17.7622,.,.,blink
10:18:17.7627,.,.,blink
10:18:17.7631,.,.,blink
10:18:17.7636,.,.,blink
10:18:17.7641,.,.,blink
10:18:17.7645,.,.,blink
10:18:17.765,.,.,blink
10:18:17.7655,.,.,blink
10:18:17.766,.,.,blink
10:18:17.7664,.,.,blink
10:18:17.7669,.,.,blink
10:18:17.7674,.,.,blink
10:18:17.7678,.,.,blink
10:18:17.7683,.,.,blink
10:18:17.7688,.,.,blink
10:18:17.7692,.,.,blink
10:18:17.7697,.,.,blink
10:18:17.7702,.,.,blink
10:18:17.7706,.,.,blink
10:18:17.7711,.,.,blink
10:18:17.7716,.,.,blink
10:18:17.7721,.,.,blink
10:18:17.7725,.,.,blink
10:18:17.773,.,.,blink
10:18:17.7735,.,.,blink
10:18:17.7739,.,.,blink
10:18:17.7744,.,.,blink
10:18:17.7749,.,.,blink
10:18:17.7753,.,.,blink
10:18:17.7758,.,.,blink
10:18:17.7763,.,.,blink
10:18:17.7767,.,.,blink
10:18:17.7772,.,.,blink
10:18:17.7777,.,.,blink
10:18:17.7782,.,.,blink
10:18:17.7786,.,.,blink
10:18:17.7791,.,.,blink
10:18:17.7796,.,.,blink
10:18:17.7800,.,.,blink
10:18:17.7805,.,.,blink
10:18:17.781,.,.,blink
10:18:17.7814,.,.,blink
10:18:17.7819,.,.,blink
10:18:17.7824,.,.,blink
10:18:17.7828,.,.,blink
10:18:17.7833,.,.,blink
10:18:17.7838,.,.,blink
10:18:17.7842,.,.,blink
10:18:17.7846,.,.,blink
10:18:17.7851,.,.,blink
10:18:17.7856,.,.,blink
10:18:17.7860,.,.,blink
10:18:17.7865,.,.,blink
10:18:17.787,.,.,blink
10:18:17.7874,.,.,blink
10:18:17.7879,.,.,blink
10:18:17.7884,.,.,blink
10:18:17.7888,.,.,blink
10:18:17.7892,.,.,blink
10:18:17.7897,.,.,blink
10:18:17.7902,.,.,blink
10:18:17.7906,.,.,blink
10:18:17.7911,.,.,blink
10:18:17.7916,.,.,blink
10:18:17.7920,.,.,blink
10:18:17.7925,.,.,blink
10:18:17.793,.,.,blink
10:18:17.7934,.,.,blink
10:18:17.7938,.,.,blink
10:18:17.7943,.,.,blink
10:18:17.7948,.,.,blink
10:18:17.7952,.,.,blink
10:18:17.7957,.,.,blink
10:18:17.7962,.,.,blink
10:18:17.7966,.,.,blink
10:18:17.7971,.,.,blink
10:18:17.7976,.,.,blink
10:18:17.7980,.,.,blink
10:18:17.7984,.,.,blink
10:18:17.7989,.,.,blink
10:18:17.7994,.,.,blink
10:18:17.7998,.,.,blink
10:18:17.8003,.,.,blink
10:18:17.8008,.,.,blink
10:18:17.8012,.,.,blink
10:18:17.8017,.,.,blink
10:18:17.8022,.,.,blink
10:18:17.8026,.,.,blink
10:18:17.8031,.,.,blink
10:18:17.8036,.,.,blink
10:18:17.8041,.,.,blink
10:18:17.8045,.,.,blink
10:18:17.805,.,.,blink
10:18:17.8055,.,.,blink
10:18:17.8059,.,.,blink
10:18:17.8064,.,.,blink
10:18:17.8069,.,.,blink
10:18:17.8073,.,.,blink
10:18:17.8078,.,.,blink
10:18:17.8083,.,.,blink
10:18:17.8087,.,.,blink
10:18:17.8092,.,.,blink
10:18:17.8097,.,.,blink
10:18:17.8102,.,.,blink
10:18:17.8106,.,.,blink
10:18:17.8111,.,.,blink
10:18:17.8116,.,.,blink
10:18:17.8120,.,.,blink
10:18:17.8125,.,.,blink
10:18:17.813,.,.,blink
10:18:17.8134,.,.,blink
10:18:17.8139,.,.,blink
10:18:17.8144,.,.,blink
10:18:17.8148,.,.,blink
10:18:17.8153,.,.,blink
10:18:17.8158,.,.,blink
10:18:17.8163,.,.,blink
10:18:17.8167,.,.,blink
10:18:17.8172,.,.,blink
10:18:17.8177,.,.,blink
10:18:17.8181,.,.,blink
10:18:17.8186,.,.,blink
10:18:17.8191,.,.,blink
10:18:17.8195,.,.,blink
10:18:17.82,.,.,blink
10:18:17.8205,.,.,blink
10:18:17.8209,.,.,blink
10:18:17.8214,.,.,blink
10:18:17.8219,.,.,blink
10:18:17.8224,.,.,blink
10:18:17.8228,.,.,blink
10:18:17.8233,.,.,blink
10:18:17.8238,.,.,blink
10:18:17.8242,.,.,blink
10:18:17.8247,.,.,blink
10:18:17.8252,.,.,blink
10:18:17.8256,.,.,blink
10:18:17.8261,.,.,blink
10:18:17.8266,.,.,blink
10:18:17.8270,.,.,blink
10:18:17.8275,.,.,blink
10:18:17.828,.,.,blink
10:18:17.8285,.,.,blink
10:18:17.8289,.,.,blink
10:18:17.8294,.,.,blink
10:18:17.8299,.,.,blink
10:18:17.8303,.,.,blink
10:18:17.8308,.,.,blink
10:18:17.8313,.,.,blink
10:18:17.8317,.,.,blink
10:18:17.8322,.,.,blink
10:18:17.8327,.,.,blink
10:18:17.8331,.,.,blink
10:18:17.8336,.,.,blink
10:18:17.8341,.,.,blink
10:18:17.8346,.,.,blink
10:18:17.8350,.,.,blink
10:18:17.8355,.,.,blink
10:18:17.836,.,.,blink
10:18:17.8364,.,.,blink
10:18:17.8369,.,.,blink
10:18:17.8374,.,.,blink
10:18:17.8378,.,.,blink
10:18:17.8383,.,.,blink
10:18:17.8388,.,.,blink
10:18:17.8392,.,.,blink
10:18:17.8397,.,.,blink
10:18:17.8402,.,.,blink
10:18:17.8407,.,.,blink
10:18:17.8411,.,.,blink
10:18:17.8416,.,.,blink
10:18:17.8421,.,.,blink
10:18:17.8425,.,.,blink
10:18:17.843,.,.,blink
10:18:17.8435,.,.,blink
10:18:17.8439,.,.,blink
10:18:17.8444,.,.,blink
10:18:17.8449,.,.,blink
10:18:17.8453,.,.,blink
10:18:17.8458,.,.,blink
10:18:17.8463,.,.,blink
10:18:17.8467,.,.,blink
10:18:17.8471,.,.,blink
10:18:17.8476,.,.,blink
10:18:17.8481,.,.,blink
10:18:17.8485,.,.,blink
10:18:17.849,.,.,blink
10:18:17.8495,.,.,blink
10:18:17.8499,.,.,blink
10:18:17.8504,.,.,blink
10:18:17.8509,.,.,blink
10:18:17.8513,.,.,blink
10:18:17.8517,.,.,blink
10:18:17.8522,.,.,blink
10:18:17.8527,.,.,blink
10:18:17.8531,.,.,blink
10:18:17.8536,.,.,blink
10:18:17.8541,.,.,blink
10:18:17.8545,.,.,blink
10:18:17.855,.,.,blink
10:18:17.8555,.,.,blink
10:18:17.8559,.,.,blink
10:18:17.8563,.,.,blink
10:18:17.8568,.,.,blink
10:18:17.8573,.,.,blink
10:18:17.8577,.,.,blink
10:18:17.8582,.,.,blink
10:18:17.8587,.,.,blink
10:18:17.8591,.,.,blink
10:18:17.8596,.,.,blink
10:18:17.8601,.,.,blink
10:18:17.8605,.,.,blink
10:18:17.8609,.,.,blink
10:18:17.8614,.,.,blink
10:18:17.8619,.,.,blink
10:18:17.8623,.,.,blink
10:18:17.8628,.,.,blink
10:18:17.8633,.,.,blink
10:18:17.8637,.,.,blink
10:18:17.8642,.,.,blink
10:18:17.8647,.,.,blink
10:18:17.8651,.,.,blink
10:18:17.8656,.,.,blink
10:18:17.8661,.,.,blink
10:18:17.8666,.,.,blink
10:18:17.8670,.,.,blink
10:18:17.8675,.,.,blink
10:18:17.868,.,.,blink
10:18:17.8684,.,.,blink
10:18:17.8689,.,.,blink
10:18:17.8694,.,.,blink
10:18:17.8698,.,.,blink
10:18:17.8703,.,.,blink
10:18:17.8708,.,.,blink
10:18:17.8712,.,.,blink
10:18:17.8717,.,.,blink
10:18:17.8722,.,.,blink
10:18:17.8727,.,.,blink
10:18:17.8731,.,.,blink
10:18:17.8736,.,.,blink
10:18:17.8741,.,.,blink
10:18:17.8745,.,.,blink
10:18:17.875,.,.,blink
10:18:17.8755,.,.,blink
10:18:17.8759,.,.,blink
10:18:17.8764,.,.,blink
10:18:17.8769,.,.,blink
10:18:17.8773,.,.,blink
10:18:17.8778,.,.,blink
10:18:17.8783,.,.,blink
10:18:17.8788,.,.,blink
10:18:17.8792,.,.,blink
10:18:17.8797,.,.,blink
10:18:17.8802,.,.,blink
10:18:17.8806,.,.,blink
10:18:17.8811,.,.,blink
10:18:17.8816,.,.,blink
10:18:17.8820,.,.,blink
10:18:17.8825,.,.,blink
10:18:17.883,.,.,blink
10:18:17.8834,.,.,blink
10:18:17.8839,.,.,blink
10:18:17.8844,.,.,blink
10:18:17.8849,.,.,blink
10:18:17.8853,.,.,blink
10:18:17.8858,.,.,blink
10:18:17.8863,.,.,blink
10:18:17.8867,.,.,blink
10:18:17.8872,.,.,blink
10:18:17.8877,.,.,blink
10:18:17.8881,.,.,blink
10:18:17.8886,.,.,blink
10:18:17.8891,.,.,blink
10:18:17.8895,.,.,blink
10:18:17.89,.,.,blink
10:18:17.8905,.,.,blink
10:18:17.891,.,.,blink
10:18:17.8914,.,.,blink
10:18:17.8919,.,.,blink
10:18:17.8924,.,.,blink
10:18:17.8928,.,.,blink
10:18:17.8933,.,.,blink
10:18:17.8938,.,.,blink
10:18:17.8942,.,.,blink
10:18:17.8947,.,.,blink
10:18:17.8952,.,.,blink
10:18:17.8956,.,.,blink
10:18:17.8961,.,.,blink
10:18:17.8966,.,.,blink
10:18:17.8971,.,.,blink
10:18:17.8975,.,.,blink
10:18:17.898,.,.,blink
10:18:17.8985,.,.,blink
10:18:17.8989,.,.,blink
10:18:17.8994,.,.,blink
10:18:17.8999,.,.,blink
10:18:17.9003,.,.,blink
10:18:17.9008,.,.,blink
10:18:17.9013,.,.,blink
10:18:17.9017,.,.,blink
10:18:17.9022,.,.,blink
10:18:17.9027,.,.,blink
10:18:17.9032,.,.,blink
10:18:17.9036,.,.,blink
10:18:17.9041,.,.,blink
10:18:17.9046,.,.,blink
10:18:17.9050,.,.,blink
10:18:17.9055,.,.,blink
10:18:17.906,.,.,blink
10:18:17.9064,.,.,blink
10:18:17.9069,.,.,blink
10:18:17.9074,.,.,blink
10:18:17.9078,.,.,blink
10:18:17.9083,.,.,blink
10:18:17.9088,.,.,blink
10:18:17.9092,.,.,blink
10:18:17.9096,.,.,blink
10:18:17.9101,.,.,blink
10:18:17.9106,.,.,blink
10:18:17.9110,.,.,blink
10:18:17.9115,.,.,blink
10:18:17.912,.,.,blink
10:18:17.9124,.,.,blink
10:18:17.9129,.,.,blink
10:18:17.9134,.,.,blink
10:18:17.9138,.,.,blink
10:18:17.9142,.,.,blink
10:18:17.9147,.,.,blink
10:18:17.9152,.,.,blink
10:18:17.9156,.,.,blink
10:18:17.9161,.,.,blink
10:18:17.9166,.,.,blink
10:18:17.9170,.,.,blink
10:18:17.9175,.,.,blink
10:18:17.918,.,.,blink
10:18:17.9184,.,.,blink
10:18:17.9188,.,.,blink
10:18:17.9193,.,.,blink
10:18:17.9198,.,.,blink
10:18:17.9202,.,.,blink
10:18:17.9207,.,.,blink
10:18:17.9212,.,.,blink
10:18:17.9216,.,.,blink
10:18:17.9221,.,.,blink
10:18:17.9226,.,.,blink
10:18:17.9230,.,.,blink
10:18:17.9234,.,.,blink
10:18:17.9239,.,.,blink
10:18:17.9244,.,.,blink
10:18:17.9248,.,.,blink
10:18:17.9253,.,.,blink
10:18:17.9258,.,.,blink
10:18:17.9262,.,.,blink
10:18:17.9267,.,.,blink
10:18:17.9272,.,.,blink
10:18:17.9276,.,.,blink
10:18:17.9281,.,.,blink
10:18:17.9286,.,.,blink
10:18:17.9291,.,.,blink
10:18:17.9295,.,.,blink
10:18:17.93,.,.,blink
10:18:17.9305,.,.,blink
10:18:17.9309,.,.,blink
10:18:17.9314,.,.,blink
10:18:17.9319,.,.,blink
10:18:17.9323,.,.,blink
10:18:17.9328,.,.,blink
10:18:17.9333,.,.,blink
10:18:17.9337,.,.,blink
10:18:17.9342,.,.,blink
10:18:17.9347,.,.,blink
10:18:17.9352,.,.,blink
10:18:17.9356,.,.,blink
10:18:17.9361,.,.,blink
10:18:17.9366,.,.,blink
10:18:17.9370,.,.,blink
10:18:17.9375,.,.,blink
10:18:17.938,.,.,blink
10:18:17.9384,.,.,blink
10:18:17.9389,.,.,blink
10:18:17.9394,.,.,blink
10:18:17.9398,.,.,blink
10:18:17.9403,.,.,blink
10:18:17.9408,.,.,blink
10:18:17.9413,.,.,blink
10:18:17.9417,.,.,blink
10:18:17.9422,.,.,blink
10:18:17.9427,.,.,blink
10:18:17.9431,.,.,blink
10:18:17.9436,.,.,blink
10:18:17.9441,.,.,blink
10:18:17.9445,.,.,blink
10:18:17.945,.,.,blink
10:18:17.9455,.,.,blink
10:18:17.9459,.,.,blink
10:18:17.9464,.,.,blink
10:18:17.9469,.,.,blink
10:18:17.9474,.,.,blink
10:18:17.9478,.,.,blink
10:18:17.9483,.,.,blink
10:18:17.9488,.,.,blink
10:18:17.9492,.,.,blink
10:18:17.9497,.,.,blink
10:18:17.9502,.,.,blink
10:18:17.9506,.,.,blink
10:18:17.9511,.,.,blink
10:18:17.9516,.,.,blink
10:18:17.9520,.,.,blink
10:18:17.9525,.,.,blink
10:18:17.953,.,.,blink
10:18:17.9535,.,.,blink
10:18:17.9539,.,.,blink
10:18:17.9544,.,.,blink
10:18:17.9549,.,.,blink
10:18:17.9553,.,.,blink
10:18:17.9558,.,.,blink
10:18:17.9563,.,.,blink
10:18:17.9567,.,.,blink
10:18:17.9572,.,.,blink
10:18:17.9577,.,.,blink
10:18:17.9581,.,.,blink
10:18:17.9586,.,.,blink
10:18:17.9591,.,.,blink
10:18:17.9596,.,.,blink
10:18:17.9600,.,.,blink
10:18:17.9605,.,.,blink
10:18:17.961,.,.,blink
10:18:17.9614,.,.,blink
10:18:17.9619,.,.,blink
10:18:17.9624,.,.,blink
10:18:17.9628,.,.,blink
10:18:17.9633,.,.,blink
10:18:17.9638,.,.,blink
10:18:17.9642,.,.,blink
10:18:17.9647,.,.,blink
10:18:17.9652,.,.,blink
10:18:17.9657,.,.,blink
10:18:17.9661,.,.,blink
10:18:17.9666,.,.,blink
10:18:17.9671,.,.,blink
10:18:17.9675,.,.,blink
10:18:17.968,.,.,blink
10:18:17.9685,.,.,blink
10:18:17.9689,.,.,blink
10:18:17.9694,.,.,blink
10:18:17.9699,.,.,blink
10:18:17.9703,.,.,blink
10:18:17.9708,.,.,blink
10:18:17.9713,.,.,blink
10:18:17.9717,.,.,blink
10:18:17.9721,.,.,blink
10:18:17.9726,.,.,blink
10:18:17.9731,.,.,blink
10:18:17.9735,.,.,blink
10:18:17.974,.,.,blink
10:18:17.9745,.,.,blink
10:18:17.9749,.,.,blink
10:18:17.9754,.,.,blink
10:18:17.9759,.,.,blink
10:18:17.9763,.,.,blink
10:18:17.9767,.,.,blink
10:18:17.9772,.,.,blink
10:18:17.9777,.,.,blink
10:18:17.9781,.,.,blink
10:18:17.9786,.,.,blink
10:18:17.9791,.,.,blink
10:18:17.9795,.,.,blink
10:18:17.98,.,.,blink
10:18:17.9805,.,.,blink
10:18:17.9809,.,.,blink
10:18:17.9813,.,.,blink
10:18:17.9818,.,.,blink
10:18:17.9823,.,.,blink
10:18:17.9827,.,.,blink
10:18:17.9832,.,.,blink
10:18:17.9837,.,.,blink
10:18:17.9841,.,.,blink
10:18:17.9846,.,.,blink
10:18:17.9851,.,.,blink
10:18:17.9855,.,.,blink
10:18:17.9859,.,.,blink
10:18:17.9864,.,.,blink
10:18:17.9869,.,.,blink
10:18:17.9873,.,.,blink
10:18:17.9878,.,.,blink
10:18:17.9883,.,.,blink
10:18:17.9887,.,.,blink
10:18:17.9892,.,.,blink
10:18:17.9897,.,.,blink
10:18:17.9901,.,.,blink
10:18:17.9906,.,.,blink
10:18:17.9911,.,.,blink
10:18:17.9916,.,.,blink
10:18:17.9920,.,.,blink
10:18:17.9925,.,.,blink
10:18:17.993,.,.,blink
10:18:17.9934,.,.,blink
10:18:17.9939,.,.,blink
10:18:17.9944,.,.,blink
10:18:17.9948,.,.,blink
10:18:17.9953,.,.,blink
10:18:17.9958,.,.,blink
10:18:17.9962,.,.,blink
10:18:17.9967,.,.,blink
10:18:17.9972,.,.,blink
10:18:17.9977,.,.,blink
10:18:17.9981,.,.,blink
10:18:17.9986,.,.,blink
10:18:17.9991,.,.,blink
10:18:17.9995,.,.,blink
10:18:18.,.,.,blink
10:18:18.0005,.,.,blink
10:18:18.0009,.,.,blink
10:18:18.0014,.,.,blink
10:18:18.0019,.,.,blink
10:18:18.0023,.,.,blink
10:18:18.0028,.,.,blink
10:18:18.0033,.,.,blink
10:18:18.0038,.,.,blink
10:18:18.0042,.,.,blink
10:18:18.0047,.,.,blink
10:18:18.0052,.,.,blink
10:18:18.0056,.,.,blink
10:18:18.0061,.,.,blink
10:18:18.0066,.,.,blink
10:18:18.0070,.,.,blink
10:18:18.0075,.,.,blink
10:18:18.008,.,.,blink
10:18:18.0084,.,.,blink
10:18:18.0089,.,.,blink
10:18:18.0094,.,.,blink
10:18:18.0099,.,.,blink
10:18:18.0103,.,.,blink
10:18:18.0108,.,.,blink
10:18:18.0113,.,.,blink
10:18:18.0117,.,.,blink
10:18:18.0122,.,.,blink
10:18:18.0127,.,.,blink
10:18:18.0131,.,.,blink
10:18:18.0136,.,.,blink
10:18:18.0141,.,.,blink
10:18:18.0145,.,.,blink
10:18:18.015,.,.,blink
10:18:18.0155,.,.,blink
10:18:18.016,.,.,blink
10:18:18.0164,.,.,blink
10:18:18.0169,.,.,blink
10:18:18.0174,.,.,blink
10:18:18.0178,.,.,blink
10:18:18.0183,.,.,blink
10:18:18.0188,.,.,blink
10:18:18.0192,.,.,blink
10:18:18.0197,.,.,blink
10:18:18.0202,.,.,blink
10:18:18.0206,.,.,blink
10:18:18.0211,.,.,blink
10:18:18.0216,.,.,blink
10:18:18.0221,.,.,blink
10:18:18.0225,.,.,blink
10:18:18.023,.,.,blink
10:18:18.0235,.,.,blink
10:18:18.0239,.,.,blink
10:18:18.0244,.,.,blink
10:18:18.0249,.,.,blink
10:18:18.0253,.,.,blink
10:18:18.0258,.,.,blink
10:18:18.0263,.,.,blink
10:18:18.0267,.,.,blink
10:18:18.0272,.,.,blink
10:18:18.0277,.,.,blink
10:18:18.0282,.,.,blink
10:18:18.0286,.,.,blink
10:18:18.0291,.,.,blink
10:18:18.0296,.,.,blink
10:18:18.0300,.,.,blink
10:18:18.0305,.,.,blink
10:18:18.031,.,.,blink
10:18:18.0314,.,.,blink
10:18:18.0319,.,.,blink
10:18:18.0324,.,.,blink
10:18:18.0328,.,.,blink
10:18:18.0333,.,.,blink
10:18:18.0338,.,.,blink
10:18:18.0342,.,.,blink
10:18:18.0346,.,.,blink
10:18:18.0351,.,.,blink
10:18:18.0356,.,.,blink
10:18:18.0360,.,.,blink
10:18:18.0365,.,.,blink
10:18:18.037,.,.,blink
10:18:18.0374,.,.,blink
10:18:18.0379,.,.,blink
10:18:18.0384,.,.,blink
10:18:18.0388,.,.,blink
10:18:18.0392,.,.,blink
10:18:18.0397,.,.,blink
10:18:18.0402,.,.,blink
10:18:18.0406,.,.,blink
10:18:18.0411,.,.,blink
10:18:18.0416,.,.,blink
10:18:18.0420,.,.,blink
10:18:18.0425,.,.,blink
10:18:18.043,.,.,blink
10:18:18.0434,.,.,blink
10:18:18.0438,.,.,blink
10:18:18.0443,.,.,blink
10:18:18.0448,.,.,blink
10:18:18.0452,.,.,blink
10:18:18.0457,.,.,blink
10:18:18.0462,.,.,blink
10:18:18.0466,.,.,blink
10:18:18.0471,.,.,blink
10:18:18.0476,.,.,blink
10:18:18.0480,.,.,blink
10:18:18.0484,.,.,blink
10:18:18.0489,.,.,blink
10:18:18.0494,.,.,blink
10:18:18.0498,.,.,blink
10:18:18.0503,.,.,blink
10:18:18.0508,.,.,blink
10:18:18.0512,.,.,blink
10:18:18.0517,.,.,blink
10:18:18.0522,.,.,blink
10:18:18.0526,.,.,blink
10:18:18.0531,.,.,blink
10:18:18.0536,.,.,blink
10:18:18.0541,.,.,blink
10:18:18.0545,.,.,blink
10:18:18.055,.,.,blink
10:18:18.0555,.,.,blink
10:18:18.0559,.,.,blink
10:18:18.0564,.,.,blink
10:18:18.0569,.,.,blink
10:18:18.0573,.,.,blink
10:18:18.0578,.,.,blink
10:18:18.0583,.,.,blink
10:18:18.0587,.,.,blink
10:18:18.0592,.,.,blink
10:18:18.0597,.,.,blink
10:18:18.0602,.,.,blink
10:18:18.0606,.,.,blink
10:18:18.0611,.,.,blink
10:18:18.0616,.,.,blink
10:18:18.0620,.,.,blink
10:18:18.0625,.,.,blink
10:18:18.063,.,.,blink
10:18:18.0634,.,.,blink
10:18:18.0639,.,.,blink
10:18:18.0644,.,.,blink
10:18:18.0648,.,.,blink
10:18:18.0653,.,.,blink
10:18:18.0658,.,.,blink
10:18:18.0663,.,.,blink
10:18:18.0667,.,.,blink
10:18:18.0672,.,.,blink
10:18:18.0677,.,.,blink
10:18:18.0681,.,.,blink
10:18:18.0686,.,.,blink
10:18:18.0691,.,.,blink
10:18:18.0695,.,.,blink
10:18:18.07,.,.,blink
10:18:18.0705,.,.,blink
10:18:18.0709,.,.,blink
10:18:18.0714,.,.,blink
10:18:18.0719,.,.,blink
10:18:18.0724,.,.,blink
10:18:18.0728,.,.,blink
10:18:18.0733,.,.,blink
10:18:18.0738,.,.,blink
10:18:18.0742,.,.,blink
10:18:18.0747,.,.,blink
10:18:18.0752,.,.,blink
10:18:18.0756,.,.,blink
10:18:18.0761,.,.,blink
10:18:18.0766,.,.,blink
10:18:18.0770,.,.,blink
10:18:18.0775,.,.,blink
10:18:18.078,.,.,blink
10:18:18.0785,.,.,blink
10:18:18.0789,.,.,blink
10:18:18.0794,.,.,blink
10:18:18.0799,.,.,blink
10:18:18.0803,.,.,blink
10:18:18.0808,.,.,blink
10:18:18.0813,.,.,blink
10:18:18.0817,.,.,blink
10:18:18.0822,.,.,blink
10:18:18.0827,.,.,blink
10:18:18.0831,.,.,blink
10:18:18.0836,.,.,blink
10:18:18.0841,.,.,blink
10:18:18.0846,.,.,blink
10:18:18.0850,.,.,blink
10:18:18.0855,.,.,blink
10:18:18.086,.,.,blink
10:18:18.0864,.,.,blink
10:18:18.0869,.,.,blink
10:18:18.0874,.,.,blink
10:18:18.0878,.,.,blink
10:18:18.0883,.,.,blink
10:18:18.0888,.,.,blink
10:18:18.0892,.,.,blink
10:18:18.0897,.,.,blink
10:18:18.0902,.,.,blink
10:18:18.0907,.,.,blink
10:18:18.0911,.,.,blink
10:18:18.0916,.,.,blink
10:18:18.0921,.,.,blink
10:18:18.0925,.,.,blink
10:18:18.093,.,.,blink
10:18:18.0935,.,.,blink
10:18:18.0939,.,.,blink
10:18:18.0944,.,.,blink
10:18:18.0949,.,.,blink
10:18:18.0953,.,.,blink
10:18:18.0958,.,.,blink
10:18:18.0963,.,.,blink
10:18:18.0967,.,.,blink
10:18:18.0971,.,.,blink
10:18:18.0976,.,.,blink
10:18:18.0981,.,.,blink
10:18:18.0985,.,.,blink
10:18:18.099,.,.,blink
10:18:18.0995,.,.,blink
10:18:18.0999,.,.,blink
10:18:18.1004,.,.,blink
10:18:18.1009,.,.,blink
10:18:18.1013,.,.,blink
10:18:18.1017,.,.,blink
10:18:18.1022,.,.,blink
10:18:18.1027,.,.,blink
10:18:18.1031,.,.,blink
10:18:18.1036,.,.,blink
10:18:18.1041,.,.,blink
10:18:18.1045,.,.,blink
10:18:18.105,.,.,blink
10:18:18.1055,.,.,blink
10:18:18.1059,.,.,blink
10:18:18.1063,.,.,blink
10:18:18.1068,.,.,blink
10:18:18.1073,.,.,blink
10:18:18.1077,.,.,blink
10:18:18.1082,.,.,blink
10:18:18.1087,.,.,blink
10:18:18.1091,.,.,blink
10:18:18.1096,.,.,blink
10:18:18.1101,.,.,blink
10:18:18.1105,.,.,blink
10:18:18.1109,.,.,blink
10:18:18.1114,.,.,blink
10:18:18.1119,.,.,blink
10:18:18.1123,.,.,blink
10:18:18.1128,.,.,blink
10:18:18.1133,.,.,blink
10:18:18.1137,.,.,blink
10:18:18.1142,.,.,blink
10:18:18.1147,.,.,blink
10:18:18.1151,.,.,blink
10:18:18.1156,.,.,blink
10:18:18.1161,.,.,blink
10:18:18.1166,.,.,blink
10:18:18.1170,.,.,blink
10:18:18.1175,.,.,blink
10:18:18.118,.,.,blink
10:18:18.1184,.,.,blink
10:18:18.1189,.,.,blink
10:18:18.1194,.,.,blink
10:18:18.1198,.,.,blink
10:18:18.1203,.,.,blink
10:18:18.1208,.,.,blink
10:18:18.1212,.,.,blink
10:18:18.1217,.,.,blink
10:18:18.1222,.,.,blink
10:18:18.1227,.,.,blink
10:18:18.1231,.,.,blink
10:18:18.1236,.,.,blink
10:18:18.1241,.,.,blink
10:18:18.1245,.,.,blink
10:18:18.125,.,.,blink
10:18:18.1255,.,.,blink
10:18:18.1259,.,.,blink
10:18:18.1264,.,.,blink
10:18:18.1269,.,.,blink
10:18:18.1273,.,.,blink
10:18:18.1278,.,.,blink
10:18:18.1283,.,.,blink
10:18:18.1288,.,.,blink
10:18:18.1292,.,.,blink
10:18:18.1297,.,.,blink
10:18:18.1302,.,.,blink
10:18:18.1306,.,.,blink
10:18:18.1311,.,.,blink
10:18:18.1316,.,.,blink
10:18:18.1320,.,.,blink
10:18:18.1325,.,.,blink
10:18:18.133,.,.,blink
10:18:18.1334,.,.,blink
10:18:18.1339,.,.,blink
10:18:18.1344,.,.,blink
10:18:18.1349,.,.,blink
10:18:18.1353,.,.,blink
10:18:18.1358,.,.,blink
10:18:18.1363,.,.,blink
10:18:18.1367,.,.,blink
10:18:18.1372,.,.,blink
10:18:18.1377,.,.,blink
10:18:18.1381,.,.,blink
10:18:18.1386,.,.,blink
10:18:18.1391,.,.,blink
10:18:18.1395,.,.,blink
10:18:18.14,.,.,blink
10:18:18.1405,.,.,blink
10:18:18.141,.,.,blink
10:18:18.1414,.,.,blink
10:18:18.1419,.,.,blink
10:18:18.1424,.,.,blink
10:18:18.1428,.,.,blink
10:18:18.1433,.,.,blink
10:18:18.1438,.,.,blink
10:18:18.1442,.,.,blink
10:18:18.1447,.,.,blink
10:18:18.1452,.,.,blink
10:18:18.1456,.,.,blink
10:18:18.1461,.,.,blink
10:18:18.1466,.,.,blink
10:18:18.1471,.,.,blink
10:18:18.1475,.,.,blink
10:18:18.148,.,.,blink
10:18:18.1485,.,.,blink
10:18:18.1489,.,.,blink
10:18:18.1494,.,.,blink
10:18:18.1499,.,.,blink
10:18:18.1503,.,.,blink
10:18:18.1508,.,.,blink
10:18:18.1513,.,.,blink
10:18:18.1517,.,.,blink
10:18:18.1522,.,.,blink
10:18:18.1527,.,.,blink
10:18:18.1532,.,.,blink
10:18:18.1536,.,.,blink
10:18:18.1541,.,.,blink
10:18:18.1546,.,.,blink
10:18:18.1550,.,.,blink
10:18:18.1555,.,.,blink
10:18:18.156,.,.,blink
10:18:18.1564,.,.,blink
10:18:18.1569,.,.,blink
10:18:18.1574,.,.,blink
10:18:18.1578,.,.,blink
10:18:18.1583,.,.,blink
10:18:18.1588,.,.,blink
10:18:18.1592,.,.,blink
10:18:18.1596,.,.,blink
10:18:18.1601,.,.,blink
10:18:18.1606,.,.,blink
10:18:18.1610,.,.,blink
10:18:18.1615,.,.,blink
10:18:18.162,.,.,blink
10:18:18.1624,.,.,blink
10:18:18.1629,.,.,blink
10:18:18.1634,.,.,blink
10:18:18.1638,.,.,blink
10:18:18.1642,.,.,blink
10:18:18.1647,.,.,blink
10:18:18.1652,.,.,blink
10:18:18.1656,.,.,blink
10:18:18.1661,.,.,blink
10:18:18.1666,.,.,blink
10:18:18.1670,.,.,blink
10:18:18.1675,.,.,blink
10:18:18.168,.,.,blink
10:18:18.1684,.,.,blink
10:18:18.1688,.,.,blink
10:18:18.1693,.,.,blink
10:18:18.1698,.,.,blink
10:18:18.1702,.,.,blink
10:18:18.1707,.,.,blink
10:18:18.1712,.,.,blink
10:18:18.1716,.,.,blink
10:18:18.1721,.,.,blink
10:18:18.1726,.,.,blink
10:18:18.1730,.,.,blink
10:18:18.1734,.,.,blink
10:18:18.1739,.,.,blink
10:18:18.1744,.,.,blink
10:18:18.1748,.,.,blink
10:18:18.1753,.,.,blink
10:18:18.1758,.,.,blink
10:18:18.1762,.,.,blink
10:18:18.1767,.,.,blink
10:18:18.1772,.,.,blink
10:18:18.1776,.,.,blink
10:18:18.1781,.,.,blink
10:18:18.1786,.,.,blink
10:18:18.1791,.,.,blink
10:18:18.1795,.,.,blink
10:18:18.18,.,.,blink
10:18:18.1805,.,.,blink
10:18:18.1809,.,.,blink
10:18:18.1814,.,.,blink
10:18:18.1819,.,.,blink
10:18:18.1823,.,.,blink
10:18:18.1828,.,.,blink
10:18:18.1833,.,.,blink
10:18:18.1837,.,.,blink
10:18:18.1842,.,.,blink
10:18:18.1847,.,.,blink
10:18:18.1852,.,.,blink
10:18:18.1856,.,.,blink
10:18:18.1861,.,.,blink
10:18:18.1866,.,.,blink
10:18:18.1870,.,.,blink
10:18:18.1875,.,.,blink
10:18:18.188,.,.,blink
10:18:18.1884,.,.,blink
10:18:18.1889,.,.,blink
10:18:18.1894,.,.,blink
10:18:18.1898,.,.,blink
10:18:18.1903,.,.,blink
10:18:18.1908,.,.,blink
10:18:18.1913,.,.,blink
10:18:18.1917,.,.,blink
10:18:18.1922,.,.,blink
10:18:18.1927,.,.,blink
10:18:18.1931,.,.,blink
10:18:18.1936,.,.,blink
10:18:18.1941,.,.,blink
10:18:18.1945,.,.,blink
10:18:18.195,.,.,blink
10:18:18.1955,.,.,blink
10:18:18.1959,.,.,blink
10:18:18.1964,.,.,blink
10:18:18.1969,.,.,blink
10:18:18.1974,.,.,blink
10:18:18.1978,.,.,blink
10:18:18.1983,.,.,blink
10:18:18.1988,.,.,blink
10:18:18.1992,.,.,blink
10:18:18.1997,.,.,blink
10:18:18.2002,.,.,blink
10:18:18.2006,.,.,blink
10:18:18.2011,.,.,blink
10:18:18.2016,.,.,blink
10:18:18.2020,.,.,blink
10:18:18.2025,.,.,blink
10:18:18.203,.,.,blink
10:18:18.2035,.,.,blink
10:18:18.2039,.,.,blink
10:18:18.2044,.,.,blink
10:18:18.2049,.,.,blink
10:18:18.2053,.,.,blink
10:18:18.2058,.,.,blink
10:18:18.2063,.,.,blink
10:18:18.2067,.,.,blink
10:18:18.2072,.,.,blink
10:18:18.2077,.,.,blink
10:18:18.2081,.,.,blink
10:18:18.2086,.,.,blink
10:18:18.2091,.,.,blink
10:18:18.2096,.,.,blink
10:18:18.2100,.,.,blink
10:18:18.2105,.,.,blink
10:18:18.211,.,.,blink
10:18:18.2114,.,.,blink
10:18:18.2119,.,.,blink
10:18:18.2124,.,.,blink
10:18:18.2128,.,.,blink
10:18:18.2133,.,.,blink
10:18:18.2138,.,.,blink
10:18:18.2142,.,.,blink
10:18:18.2147,.,.,blink
10:18:18.2152,.,.,blink
10:18:18.2157,.,.,blink
10:18:18.2161,.,.,blink
10:18:18.2166,.,.,blink
10:18:18.2171,.,.,blink
10:18:18.2175,.,.,blink
10:18:18.218,.,.,blink
10:18:18.2185,.,.,blink
10:18:18.2189,.,.,blink
10:18:18.2194,.,.,blink
10:18:18.2199,.,.,blink
10:18:18.2203,.,.,blink
10:18:18.2208,.,.,blink
10:18:18.2213,.,.,blink
10:18:18.2217,.,.,blink
10:18:18.2221,.,.,blink
10:18:18.2226,.,.,blink
10:18:18.2231,.,.,blink
10:18:18.2235,.,.,blink
10:18:18.224,.,.,blink
10:18:18.2245,.,.,blink
10:18:18.2249,.,.,blink
10:18:18.2254,.,.,blink
10:18:18.2259,.,.,blink
10:18:18.2263,.,.,blink
10:18:18.2267,.,.,blink
10:18:18.2272,.,.,blink
10:18:18.2277,.,.,blink
10:18:18.2281,.,.,blink
10:18:18.2286,.,.,blink
10:18:18.2291,.,.,blink
10:18:18.2295,.,.,blink
10:18:18.23,.,.,blink
10:18:18.2305,.,.,blink
10:18:18.2309,.,.,blink
10:18:18.2313,.,.,blink
10:18:18.2318,.,.,blink
10:18:18.2323,.,.,blink
10:18:18.2327,.,.,blink
10:18:18.2332,.,.,blink
10:18:18.2337,.,.,blink
10:18:18.2341,.,.,blink
10:18:18.2346,.,.,blink
10:18:18.2351,.,.,blink
10:18:18.2355,.,.,blink
10:18:18.2359,.,.,blink
10:18:18.2364,.,.,blink
10:18:18.2369,.,.,blink
10:18:18.2373,.,.,blink
10:18:18.2378,.,.,blink
10:18:18.2383,.,.,blink
10:18:18.2387,.,.,blink
10:18:18.2392,.,.,blink
10:18:18.2397,.,.,blink
10:18:18.2401,.,.,blink
10:18:18.2406,.,.,blink
10:18:18.2411,.,.,blink
10:18:18.2416,.,.,blink
10:18:18.2420,.,.,blink
10:18:18.2425,.,.,blink
10:18:18.243,.,.,blink
10:18:18.2434,.,.,blink
10:18:18.2439,.,.,blink
10:18:18.2444,.,.,blink
10:18:18.2448,.,.,blink
10:18:18.2453,.,.,blink
10:18:18.2458,.,.,blink
10:18:18.2462,.,.,blink
10:18:18.2467,.,.,blink
10:18:18.2472,.,.,blink
10:18:18.2477,.,.,blink
10:18:18.2481,.,.,blink
10:18:18.2486,.,.,blink
10:18:18.2491,.,.,blink
10:18:18.2495,.,.,blink
10:18:18.25,.,.,blink
10:18:18.2505,.,.,blink
10:18:18.2509,.,.,blink
10:18:18.2514,.,.,blink
10:18:18.2519,.,.,blink
10:18:18.2523,.,.,blink
10:18:18.2528,.,.,blink
10:18:18.2533,.,.,blink
10:18:18.2538,.,.,blink
10:18:18.2542,.,.,blink
10:18:18.2547,.,.,blink
10:18:18.2552,.,.,blink
10:18:18.2556,.,.,blink
10:18:18.2561,.,.,blink
10:18:18.2566,.,.,blink
10:18:18.2570,.,.,blink
10:18:18.2575,.,.,blink
10:18:18.258,.,.,blink
10:18:18.2584,.,.,blink
10:18:18.2589,.,.,blink
10:18:18.2594,.,.,blink
10:18:18.2599,.,.,blink
10:18:18.2603,.,.,blink
10:18:18.2608,.,.,blink
10:18:18.2613,.,.,blink
10:18:18.2617,.,.,blink
10:18:18.2622,.,.,blink
10:18:18.2627,.,.,blink
10:18:18.2631,.,.,blink
10:18:18.2636,.,.,blink
10:18:18.2641,.,.,blink
10:18:18.2645,.,.,blink
10:18:18.265,.,.,blink
10:18:18.2655,.,.,blink
10:18:18.266,.,.,blink
10:18:18.2664,.,.,blink
10:18:18.2669,.,.,blink
10:18:18.2674,.,.,blink
10:18:18.2678,.,.,blink
10:18:18.2683,.,.,blink
10:18:18.2688,.,.,blink
10:18:18.2692,.,.,blink
10:18:18.2697,.,.,blink
10:18:18.2702,.,.,blink
10:18:18.2706,.,.,blink
10:18:18.2711,.,.,blink
10:18:18.2716,.,.,blink
10:18:18.2721,.,.,blink
10:18:18.2725,.,.,blink
10:18:18.273,.,.,blink
10:18:18.2735,.,.,blink
10:18:18.2739,.,.,blink
10:18:18.2744,.,.,blink
10:18:18.2749,.,.,blink
10:18:18.2753,.,.,blink
10:18:18.2758,.,.,blink
10:18:18.2763,.,.,blink
10:18:18.2767,.,.,blink
10:18:18.2772,.,.,blink
10:18:18.2777,.,.,blink
10:18:18.2782,.,.,blink
10:18:18.2786,.,.,blink
10:18:18.2791,.,.,blink
10:18:18.2796,.,.,blink
10:18:18.2800,.,.,blink
10:18:18.2805,.,.,blink
10:18:18.281,.,.,blink
10:18:18.2814,.,.,blink
10:18:18.2819,.,.,blink
10:18:18.2824,.,.,blink
10:18:18.2828,.,.,blink
10:18:18.2833,.,.,blink
10:18:18.2838,.,.,blink
10:18:18.2842,.,.,blink
10:18:18.2846,.,.,blink
10:18:18.2851,.,.,blink
10:18:18.2856,.,.,blink
10:18:18.2860,.,.,blink
10:18:18.2865,.,.,blink
10:18:18.287,.,.,blink
10:18:18.2874,.,.,blink
10:18:18.2879,.,.,blink
10:18:18.2884,.,.,blink
10:18:18.2888,.,.,blink
10:18:18.2892,.,.,blink
10:18:18.2897,.,.,blink
10:18:18.2902,.,.,blink
10:18:18.2906,.,.,blink
10:18:18.2911,.,.,blink
10:18:18.2916,.,.,blink
10:18:18.2920,.,.,blink
10:18:18.2925,.,.,blink
10:18:18.293,.,.,blink
10:18:18.2934,.,.,blink
10:18:18.2938,.,.,blink
10:18:18.2943,.,.,blink
10:18:18.2948,.,.,blink
10:18:18.2952,.,.,blink
10:18:18.2957,.,.,blink
10:18:18.2962,.,.,blink
10:18:18.2966,.,.,blink
10:18:18.2971,.,.,blink
10:18:18.2976,.,.,blink
10:18:18.2980,.,.,blink
10:18:18.2984,.,.,blink
10:18:18.2989,.,.,blink
10:18:18.2994,.,.,blink
10:18:18.2998,.,.,blink
10:18:18.3003,.,.,blink
10:18:18.3008,.,.,blink
10:18:18.3012,.,.,blink
10:18:18.3017,.,.,blink
10:18:18.3022,.,.,blink
10:18:18.3026,.,.,blink
10:18:18.3031,.,.,blink
10:18:18.3036,.,.,blink
10:18:18.3041,.,.,blink
10:18:18.3045,.,.,blink
10:18:18.305,.,.,blink
10:18:18.3055,.,.,blink
10:18:18.3059,.,.,blink
10:18:18.3064,.,.,blink
10:18:18.3069,.,.,blink
10:18:18.3073,.,.,blink
10:18:18.3078,.,.,blink
10:18:18.3083,.,.,blink
10:18:18.3087,.,.,blink
10:18:18.3092,.,.,blink
10:18:18.3097,.,.,blink
10:18:18.3102,.,.,blink
10:18:18.3106,.,.,blink
10:18:18.3111,.,.,blink
10:18:18.3116,.,.,blink
10:18:18.3120,.,.,blink
10:18:18.3125,.,.,blink
10:18:18.313,.,.,blink
10:18:18.3134,.,.,blink
10:18:18.3139,.,.,blink
10:18:18.3144,.,.,blink
10:18:18.3148,.,.,blink
10:18:18.3153,.,.,blink
10:18:18.3158,.,.,blink
10:18:18.3163,.,.,blink
10:18:18.3167,.,.,blink
10:18:18.3172,.,.,blink
10:18:18.3177,.,.,blink
10:18:18.3181,.,.,blink
10:18:18.3186,.,.,blink
10:18:18.3191,.,.,blink
10:18:18.3195,.,.,blink
10:18:18.32,.,.,blink
10:18:18.3205,.,.,blink
10:18:18.3209,.,.,blink
10:18:18.3214,.,.,blink
10:18:18.3219,.,.,blink
10:18:18.3224,.,.,blink
10:18:18.3228,.,.,blink
10:18:18.3233,.,.,blink
10:18:18.3238,.,.,blink
10:18:18.3242,.,.,blink
10:18:18.3247,.,.,blink
10:18:18.3252,.,.,blink
10:18:18.3256,.,.,blink
10:18:18.3261,.,.,blink
10:18:18.3266,.,.,blink
10:18:18.3270,.,.,blink
10:18:18.3275,.,.,blink
10:18:18.328,.,.,blink
10:18:18.3285,.,.,blink
10:18:18.3289,.,.,blink
10:18:18.3294,.,.,blink
10:18:18.3299,.,.,blink
10:18:18.3303,.,.,blink
10:18:18.3308,.,.,blink
10:18:18.3313,.,.,blink
10:18:18.3317,.,.,blink
10:18:18.3322,.,.,blink
10:18:18.3327,.,.,blink
10:18:18.3331,.,.,blink
10:18:18.3336,.,.,blink
10:18:18.3341,.,.,blink
10:18:18.3346,.,.,blink
10:18:18.3350,.,.,blink
10:18:18.3355,.,.,blink
10:18:18.336,.,.,blink
10:18:18.3364,.,.,blink
10:18:18.3369,.,.,blink
10:18:18.3374,.,.,blink
10:18:18.3378,.,.,blink
10:18:18.3383,.,.,blink
10:18:18.3388,.,.,blink
10:18:18.3392,.,.,blink
10:18:18.3397,.,.,blink
10:18:18.3402,.,.,blink
10:18:18.3407,.,.,blink
10:18:18.3411,.,.,blink
10:18:18.3416,.,.,blink
10:18:18.3421,.,.,blink
10:18:18.3425,.,.,blink
10:18:18.343,.,.,blink
10:18:18.3435,.,.,blink
10:18:18.3439,.,.,blink
10:18:18.3444,.,.,blink
10:18:18.3449,.,.,blink
10:18:18.3453,.,.,blink
10:18:18.3458,.,.,blink
10:18:18.3463,.,.,blink
10:18:18.3467,.,.,blink
10:18:18.3471,.,.,blink
10:18:18.3476,.,.,blink
10:18:18.3481,.,.,blink
10:18:18.3485,.,.,blink
10:18:18.349,.,.,blink
10:18:18.3495,.,.,blink
10:18:18.3499,.,.,blink
10:18:18.3504,.,.,blink
10:18:18.3509,.,.,blink
10:18:18.3513,.,.,blink
10:18:18.3517,.,.,blink
10:18:18.3522,.,.,blink
10:18:18.3527,.,.,blink
10:18:18.3531,.,.,blink
10:18:18.3536,.,.,blink
10:18:18.3541,.,.,blink
10:18:18.3545,.,.,blink
10:18:18.355,.,.,blink
10:18:18.3555,.,.,blink
10:18:18.3559,.,.,blink
10:18:18.3563,.,.,blink
10:18:18.3568,.,.,blink
10:18:18.3573,.,.,blink
10:18:18.3577,.,.,blink
10:18:18.3582,.,.,blink
10:18:18.3587,.,.,blink
10:18:18.3591,.,.,blink
10:18:18.3596,.,.,blink
10:18:18.3601,.,.,blink
10:18:18.3605,.,.,blink
10:18:18.3609,.,.,blink
10:18:18.3614,.,.,blink
10:18:18.3619,.,.,blink
10:18:18.3623,.,.,blink
10:18:18.3628,.,.,blink
10:18:18.3633,.,.,blink
10:18:18.3637,.,.,blink
10:18:18.3642,.,.,blink
10:18:18.3647,.,.,blink
10:18:18.3651,.,.,blink
10:18:18.3656,.,.,blink
10:18:18.3661,.,.,blink
10:18:18.3666,.,.,blink
10:18:18.3670,.,.,blink
10:18:18.3675,.,.,blink
10:18:18.368,.,.,blink
10:18:18.3684,.,.,blink
10:18:18.3689,.,.,blink
10:18:18.3694,.,.,blink
10:18:18.3698,.,.,blink
10:18:18.3703,.,.,blink
10:18:18.3708,.,.,blink
10:18:18.3712,.,.,blink
10:18:18.3717,.,.,blink
10:18:18.3722,.,.,blink
10:18:18.3727,.,.,blink
10:18:18.3731,.,.,blink
10:18:18.3736,.,.,blink
10:18:18.3741,.,.,blink
10:18:18.3745,.,.,blink
10:18:18.375,.,.,blink
10:18:18.3755,.,.,blink
10:18:18.3759,.,.,blink
10:18:18.3764,.,.,blink
10:18:18.3769,.,.,blink
10:18:18.3773,.,.,blink
10:18:18.3778,.,.,blink
10:18:18.3783,.,.,blink
10:18:18.3788,.,.,blink
10:18:18.3792,.,.,blink
10:18:18.3797,.,.,blink
10:18:18.3802,.,.,blink
10:18:18.3806,.,.,blink
10:18:18.3811,.,.,blink
10:18:18.3816,.,.,blink
10:18:18.3820,.,.,blink
10:18:18.3825,.,.,blink
10:18:18.383,.,.,blink
10:18:18.3834,.,.,blink
10:18:18.3839,.,.,blink
10:18:18.3844,.,.,blink
10:18:18.3849,.,.,blink
10:18:18.3853,.,.,blink
10:18:18.3858,.,.,blink
10:18:18.3863,.,.,blink
10:18:18.3867,.,.,blink
10:18:18.3872,.,.,blink
10:18:18.3877,.,.,blink
10:18:18.3881,.,.,blink
10:18:18.3886,.,.,blink
10:18:18.3891,.,.,blink
10:18:18.3895,.,.,blink
10:18:18.39,.,.,blink
10:18:18.3905,.,.,blink
10:18:18.391,.,.,blink
10:18:18.3914,.,.,blink
10:18:18.3919,.,.,blink
10:18:18.3924,.,.,blink
10:18:18.3928,.,.,blink
10:18:18.3933,.,.,blink
10:18:18.3938,.,.,blink
10:18:18.3942,.,.,blink
10:18:18.3947,.,.,blink
10:18:18.3952,.,.,blink
10:18:18.3956,.,.,blink
10:18:18.3961,.,.,blink
10:18:18.3966,.,.,blink
10:18:18.3971,.,.,blink
10:18:18.3975,.,.,blink
10:18:18.398,.,.,blink
10:18:18.3985,.,.,blink
10:18:18.3989,.,.,blink
10:18:18.3994,.,.,blink
10:18:18.3999,.,.,blink
10:18:18.4003,.,.,blink
10:18:18.4008,.,.,blink
10:18:18.4013,.,.,blink
10:18:18.4017,.,.,blink
10:18:18.4022,.,.,blink
10:18:18.4027,.,.,blink
10:18:18.4032,.,.,blink
10:18:18.4036,.,.,blink
10:18:18.4041,.,.,blink
10:18:18.4046,.,.,blink
10:18:18.4050,.,.,blink
10:18:18.4055,.,.,blink
10:18:18.406,.,.,blink
10:18:18.4064,.,.,blink
10:18:18.4069,.,.,blink
10:18:18.4074,.,.,blink
10:18:18.4078,.,.,blink
10:18:18.4083,.,.,blink
10:18:18.4088,.,.,blink
10:18:18.4092,.,.,blink
10:18:18.4096,.,.,blink
10:18:18.4101,.,.,blink
10:18:18.4106,.,.,blink
10:18:18.4110,.,.,blink
10:18:18.4115,.,.,blink
10:18:18.412,.,.,blink
10:18:18.4124,.,.,blink
10:18:18.4129,.,.,blink
10:18:18.4134,.,.,blink
10:18:18.4138,.,.,blink
10:18:18.4142,.,.,blink
10:18:18.4147,.,.,blink
10:18:18.4152,.,.,blink
10:18:18.4156,.,.,blink
10:18:18.4161,.,.,blink
10:18:18.4166,.,.,blink
10:18:18.4170,.,.,blink
10:18:18.4175,.,.,blink
10:18:18.418,.,.,blink
10:18:18.4184,.,.,blink
10:18:18.4188,.,.,blink
10:18:18.4193,.,.,blink
10:18:18.4198,.,.,blink
10:18:18.4202,.,.,blink
10:18:18.4207,.,.,blink
10:18:18.4212,.,.,blink
10:18:18.4216,.,.,blink
10:18:18.4221,.,.,blink
10:18:18.4226,.,.,blink
10:18:18.4230,.,.,blink
10:18:18.4234,.,.,blink
10:18:18.4239,.,.,blink
10:18:18.4244,.,.,blink
10:18:18.4248,.,.,blink
10:18:18.4253,.,.,blink
10:18:18.4258,.,.,blink
10:18:18.4262,.,.,blink
10:18:18.4267,.,.,blink
10:18:18.4272,.,.,blink
10:18:18.4276,.,.,blink
10:18:18.4281,.,.,blink
10:18:18.4286,.,.,blink
10:18:18.4291,.,.,blink
10:18:18.4295,.,.,blink
10:18:18.43,.,.,blink
10:18:18.4305,.,.,blink
10:18:18.4309,.,.,blink
10:18:18.4314,.,.,blink
10:18:18.4319,.,.,blink
10:18:18.4323,.,.,blink
10:18:18.4328,.,.,blink
10:18:18.4333,.,.,blink
10:18:18.4337,.,.,blink
10:18:18.4342,.,.,blink
10:18:18.4347,.,.,blink
10:18:18.4352,.,.,blink
10:18:18.4356,.,.,blink
10:18:18.4361,.,.,blink
10:18:18.4366,.,.,blink
10:18:18.4370,.,.,blink
10:18:18.4375,.,.,blink
10:18:18.438,.,.,blink
10:18:18.4384,.,.,blink
10:18:18.4389,.,.,blink
10:18:18.4394,.,.,blink
10:18:18.4398,.,.,blink
10:18:18.4403,.,.,blink
10:18:18.4408,.,.,blink
10:18:18.4413,.,.,blink
10:18:18.4417,.,.,blink
10:18:18.4422,.,.,blink
10:18:18.4427,.,.,blink
10:18:18.4431,.,.,blink
10:18:18.4436,.,.,blink
10:18:18.4441,.,.,blink
10:18:18.4445,.,.,blink
10:18:18.445,.,.,blink
10:18:18.4455,.,.,blink
10:18:18.4459,.,.,blink
10:18:18.4464,.,.,blink
10:18:18.4469,.,.,blink
10:18:18.4474,.,.,blink
10:18:18.4478,.,.,blink
10:18:18.4483,.,.,blink
10:18:18.4488,.,.,blink
10:18:18.4492,.,.,blink
10:18:18.4497,.,.,blink
10:18:18.4502,.,.,blink
10:18:18.4506,.,.,blink
10:18:18.4511,.,.,blink
10:18:18.4516,.,.,blink
10:18:18.4520,.,.,blink
10:18:18.4525,.,.,blink
10:18:18.453,.,.,blink
10:18:18.4535,.,.,blink
10:18:18.4539,.,.,blink
10:18:18.4544,.,.,blink
10:18:18.4549,.,.,blink
10:18:18.4553,.,.,blink
10:18:18.4558,.,.,blink
10:18:18.4563,.,.,blink
10:18:18.4567,.,.,blink
10:18:18.4572,.,.,blink
10:18:18.4577,.,.,blink
10:18:18.4581,.,.,blink
10:18:18.4586,.,.,blink
10:18:18.4591,.,.,blink
10:18:18.4596,.,.,blink
10:18:18.4600,.,.,blink
10:18:18.4605,.,.,blink
10:18:18.461,.,.,blink
10:18:18.4614,.,.,blink
10:18:18.4619,.,.,blink
10:18:18.4624,.,.,blink
10:18:18.4628,.,.,blink
10:18:18.4633,.,.,blink
10:18:18.4638,.,.,blink
10:18:18.4642,.,.,blink
10:18:18.4647,.,.,blink
10:18:18.4652,.,.,blink
10:18:18.4657,.,.,blink
10:18:18.4661,.,.,blink
10:18:18.4666,.,.,blink
10:18:18.4671,.,.,blink
10:18:18.4675,.,.,blink
10:18:18.468,.,.,blink
10:18:18.4685,.,.,blink
10:18:18.4689,.,.,blink
10:18:18.4694,.,.,blink
10:18:18.4699,.,.,blink
10:18:18.4703,.,.,blink
10:18:18.4708,.,.,blink
10:18:18.4713,.,.,blink
10:18:18.4717,.,.,blink
10:18:18.4721,.,.,blink
10:18:18.4726,.,.,blink
10:18:18.4731,.,.,blink
10:18:18.4735,.,.,blink
10:18:18.474,.,.,blink
10:18:18.4745,.,.,blink
10:18:18.4749,.,.,blink
10:18:18.4754,.,.,blink
10:18:18.4759,.,.,blink
10:18:18.4763,.,.,blink
10:18:18.4767,.,.,blink
10:18:18.4772,.,.,blink
10:18:18.4777,.,.,blink
10:18:18.4781,.,.,blink
10:18:18.4786,.,.,blink
10:18:18.4791,.,.,blink
10:18:18.4795,.,.,blink
10:18:18.48,.,.,blink
10:18:18.4805,.,.,blink
10:18:18.4809,.,.,blink
10:18:18.4813,.,.,blink
10:18:18.4818,.,.,blink
10:18:18.4823,.,.,blink
10:18:18.4827,.,.,blink
10:18:18.4832,.,.,blink
10:18:18.4837,.,.,blink
10:18:18.4841,.,.,blink
10:18:18.4846,.,.,blink
10:18:18.4851,.,.,blink
10:18:18.4855,.,.,blink
10:18:18.4859,.,.,blink
10:18:18.4864,.,.,blink
10:18:18.4869,.,.,blink
10:18:18.4873,.,.,blink
10:18:18.4878,.,.,blink
10:18:18.4883,.,.,blink
10:18:18.4887,.,.,blink
10:18:18.4892,.,.,blink
10:18:18.4897,.,.,blink
10:18:18.4901,.,.,blink
10:18:18.4906,.,.,blink
10:18:18.4911,.,.,blink
10:18:18.4916,.,.,blink
10:18:18.4920,.,.,blink
10:18:18.4925,.,.,blink
10:18:18.493,.,.,blink
10:18:18.4934,.,.,blink
10:18:18.4939,.,.,blink
10:18:18.4944,.,.,blink
10:18:18.4948,.,.,blink
10:18:18.4953,.,.,blink
10:18:18.4958,.,.,blink
10:18:18.4962,.,.,blink
10:18:18.4967,.,.,blink
10:18:18.4972,.,.,blink
10:18:18.4977,.,.,blink
10:18:18.4981,.,.,blink
10:18:18.4986,.,.,blink
10:18:18.4991,.,.,blink
10:18:18.4995,.,.,blink
10:18:18.5,.,.,blink
10:18:18.5005,.,.,blink
10:18:18.5009,.,.,blink
10:18:18.5014,.,.,blink
10:18:18.5019,.,.,blink
10:18:18.5023,.,.,blink
10:18:18.5028,.,.,blink
10:18:18.5033,.,.,blink
10:18:18.5038,.,.,blink
10:18:18.5042,.,.,blink
10:18:18.5047,.,.,blink
10:18:18.5052,.,.,blink
10:18:18.5056,.,.,blink
10:18:18.5061,.,.,blink
10:18:18.5066,.,.,blink
10:18:18.5070,.,.,blink
10:18:18.5075,.,.,blink
10:18:18.508,.,.,blink
10:18:18.5084,.,.,blink
10:18:18.5089,.,.,blink
10:18:18.5094,.,.,blink
10:18:18.5099,.,.,blink
10:18:18.5103,.,.,blink
10:18:18.5108,.,.,blink
10:18:18.5113,.,.,blink
10:18:18.5117,.,.,blink
10:18:18.5122,.,.,blink
10:18:18.5127,.,.,blink
10:18:18.5131,.,.,blink
10:18:18.5136,.,.,blink
10:18:18.5141,.,.,blink
10:18:18.5145,.,.,blink
10:18:18.515,.,.,blink
10:18:18.5155,.,.,blink
10:18:18.516,.,.,blink
10:18:18.5164,.,.,blink
10:18:18.5169,.,.,blink
10:18:18.5174,.,.,blink
10:18:18.5178,.,.,blink
10:18:18.5183,.,.,blink
10:18:18.5188,.,.,blink
10:18:18.5192,.,.,blink
10:18:18.5197,.,.,blink
10:18:18.5202,.,.,blink
10:18:18.5206,.,.,blink
10:18:18.5211,.,.,blink
10:18:18.5216,.,.,blink
10:18:18.5221,.,.,blink
10:18:18.5225,.,.,blink
10:18:18.523,.,.,blink
10:18:18.5235,.,.,blink
10:18:18.5239,.,.,blink
10:18:18.5244,.,.,blink
10:18:18.5249,.,.,blink
10:18:18.5253,.,.,blink
10:18:18.5258,.,.,blink
10:18:18.5263,.,.,blink
10:18:18.5267,.,.,blink
10:18:18.5272,.,.,blink
10:18:18.5277,.,.,blink
10:18:18.5282,.,.,blink
10:18:18.5286,.,.,blink
10:18:18.5291,.,.,blink
10:18:18.5296,.,.,blink
10:18:18.5300,.,.,blink
10:18:18.5305,.,.,blink
10:18:18.531,.,.,blink
10:18:18.5314,.,.,blink
10:18:18.5319,.,.,blink
10:18:18.5324,.,.,blink
10:18:18.5328,.,.,blink
10:18:18.5333,.,.,blink
10:18:18.5338,.,.,blink
10:18:18.5342,.,.,blink
10:18:18.5346,.,.,blink
10:18:18.5351,.,.,blink
10:18:18.5356,.,.,blink
10:18:18.5360,.,.,blink
10:18:18.5365,.,.,blink
10:18:18.537,.,.,blink
10:18:18.5374,.,.,blink
10:18:18.5379,.,.,blink
10:18:18.5384,.,.,blink
10:18:18.5388,.,.,blink
10:18:18.5392,.,.,blink
10:18:18.5397,.,.,blink
10:18:18.5402,.,.,blink
10:18:18.5406,.,.,blink
10:18:18.5411,.,.,blink
10:18:18.5416,.,.,blink
10:18:18.5420,.,.,blink
10:18:18.5425,.,.,blink
10:18:18.543,.,.,blink
10:18:18.5434,.,.,blink
10:18:18.5438,.,.,blink
10:18:18.5443,.,.,blink
10:18:18.5448,.,.,blink
10:18:18.5452,.,.,blink
10:18:18.5457,.,.,blink
10:18:18.5462,.,.,blink
10:18:18.5466,.,.,blink
10:18:18.5471,.,.,blink
10:18:18.5476,.,.,blink
10:18:18.5480,.,.,blink
10:18:18.5484,.,.,blink
10:18:18.5489,.,.,blink
10:18:18.5494,.,.,blink
10:18:18.5498,.,.,blink
10:18:18.5503,.,.,blink
10:18:18.5508,.,.,blink
10:18:18.5512,.,.,blink
10:18:18.5517,.,.,blink
10:18:18.5522,.,.,blink
10:18:18.5526,.,.,blink
10:18:18.5531,.,.,blink
10:18:18.5536,.,.,blink
10:18:18.5541,.,.,blink
10:18:18.5545,.,.,blink
10:18:18.555,.,.,blink
10:18:18.5555,.,.,blink
10:18:18.5559,.,.,blink
10:18:18.5564,.,.,blink
10:18:18.5569,.,.,blink
10:18:18.5573,.,.,blink
10:18:18.5578,.,.,blink
10:18:18.5583,.,.,blink
10:18:18.5587,.,.,blink
10:18:18.5592,.,.,blink
10:18:18.5597,.,.,blink
10:18:18.5602,.,.,blink
10:18:18.5606,.,.,blink
10:18:18.5611,.,.,blink
10:18:18.5616,.,.,blink
10:18:18.5620,.,.,blink
10:18:18.5625,.,.,blink
10:18:18.563,.,.,blink
10:18:18.5634,.,.,blink
10:18:18.5639,.,.,blink
10:18:18.5644,.,.,blink
10:18:18.5648,.,.,blink
10:18:18.5653,.,.,blink
10:18:18.5658,.,.,blink
10:18:18.5663,.,.,blink
10:18:18.5667,.,.,blink
10:18:18.5672,.,.,blink
10:18:18.5677,.,.,blink
10:18:18.5681,.,.,blink
10:18:18.5686,.,.,blink
10:18:18.5691,.,.,blink
10:18:18.5695,.,.,blink
10:18:18.57,.,.,blink
10:18:18.5705,.,.,blink
10:18:18.5709,.,.,blink
10:18:18.5714,.,.,blink
10:18:18.5719,.,.,blink
10:18:18.5724,.,.,blink
10:18:18.5728,.,.,blink
10:18:18.5733,.,.,blink
10:18:18.5738,.,.,blink
10:18:18.5742,.,.,blink
10:18:18.5747,.,.,blink
10:18:18.5752,.,.,blink
10:18:18.5756,.,.,blink
10:18:18.5761,.,.,blink
10:18:18.5766,.,.,blink
10:18:18.5770,.,.,blink
10:18:18.5775,.,.,blink
10:18:18.578,.,.,blink
10:18:18.5785,.,.,blink
10:18:18.5789,.,.,blink
10:18:18.5794,.,.,blink
10:18:18.5799,.,.,blink
10:18:18.5803,.,.,blink
10:18:18.5808,.,.,blink
10:18:18.5813,.,.,blink
10:18:18.5817,.,.,blink
10:18:18.5822,.,.,blink
10:18:18.5827,.,.,blink
10:18:18.5831,.,.,blink
10:18:18.5836,.,.,blink
10:18:18.5841,.,.,blink
10:18:18.5846,.,.,blink
10:18:18.5850,.,.,blink
10:18:18.5855,.,.,blink
10:18:18.586,.,.,blink
10:18:18.5864,.,.,blink
10:18:18.5869,.,.,blink
10:18:18.5874,.,.,blink
10:18:18.5878,.,.,blink
10:18:18.5883,.,.,blink
10:18:18.5888,.,.,blink
10:18:18.5892,.,.,blink
10:18:18.5897,.,.,blink
10:18:18.5902,.,.,blink
10:18:18.5907,.,.,blink
10:18:18.5911,.,.,blink
10:18:18.5916,.,.,blink
10:18:18.5921,.,.,blink
10:18:18.5925,.,.,blink
10:18:18.593,.,.,blink
10:18:18.5935,.,.,blink
10:18:18.5939,.,.,blink
10:18:18.5944,.,.,blink
10:18:18.5949,.,.,blink
10:18:18.5953,.,.,blink
10:18:18.5958,.,.,blink
10:18:18.5963,.,.,blink
10:18:18.5967,.,.,blink
10:18:18.5971,.,.,blink
10:18:18.5976,.,.,blink
10:18:18.5981,.,.,blink
10:18:18.5985,.,.,blink
10:18:18.599,.,.,blink
10:18:18.5995,.,.,blink
10:18:18.5999,.,.,blink
10:18:18.6004,.,.,blink
10:18:18.6009,.,.,blink
10:18:18.6013,.,.,blink
10:18:18.6017,.,.,blink
10:18:18.6022,.,.,blink
10:18:18.6027,.,.,blink
10:18:18.6031,.,.,blink
10:18:18.6036,.,.,blink
10:18:18.6041,.,.,blink
10:18:18.6045,.,.,blink
10:18:18.605,.,.,blink
10:18:18.6055,.,.,blink
10:18:18.6059,.,.,blink
10:18:18.6063,.,.,blink
10:18:18.6068,.,.,blink
10:18:18.6073,.,.,blink
10:18:18.6077,.,.,blink
10:18:18.6082,.,.,blink
10:18:18.6087,.,.,blink
10:18:18.6091,.,.,blink
10:18:18.6096,.,.,blink
10:18:18.6101,.,.,blink
10:18:18.6105,.,.,blink
10:18:18.6109,.,.,blink
10:18:18.6114,.,.,blink
10:18:18.6119,.,.,blink
10:18:18.6123,.,.,blink
10:18:18.6128,.,.,blink
10:18:18.6133,.,.,blink
10:18:18.6137,.,.,blink
10:18:18.6142,.,.,blink
10:18:18.6147,.,.,blink
10:18:18.6151,.,.,blink
10:18:18.6156,.,.,blink
10:18:18.6161,.,.,blink
10:18:18.6166,.,.,blink
10:18:18.6170,.,.,blink
10:18:18.6175,.,.,blink
10:18:18.618,.,.,blink
10:18:18.6184,.,.,blink
10:18:18.6189,.,.,blink
10:18:18.6194,.,.,blink
10:18:18.6198,.,.,blink
10:18:18.6203,.,.,blink
10:18:18.6208,.,.,blink
10:18:18.6212,.,.,blink
10:18:18.6217,.,.,blink
10:18:18.6222,.,.,blink
10:18:18.6227,.,.,blink
10:18:18.6231,.,.,blink
10:18:18.6236,.,.,blink
10:18:18.6241,.,.,blink
10:18:18.6245,.,.,blink
10:18:18.625,.,.,blink
10:18:18.6255,.,.,blink
10:18:18.6259,.,.,blink
10:18:18.6264,.,.,blink
10:18:18.6269,.,.,blink
10:18:18.6273,.,.,blink
10:18:18.6278,.,.,blink
10:18:18.6283,.,.,blink
10:18:18.6288,.,.,blink
10:18:18.6292,.,.,blink
10:18:18.6297,.,.,blink
10:18:18.6302,.,.,blink
10:18:18.6306,.,.,blink
10:18:18.6311,.,.,blink
10:18:18.6316,.,.,blink
10:18:18.6320,.,.,blink
10:18:18.6325,.,.,blink
10:18:18.633,.,.,blink
10:18:18.6334,.,.,blink
10:18:18.6339,.,.,blink
10:18:18.6344,.,.,blink
10:18:18.6349,.,.,blink
10:18:18.6353,.,.,blink
10:18:18.6358,.,.,blink
10:18:18.6363,.,.,blink
10:18:18.6367,.,.,blink
10:18:18.6372,.,.,blink
10:18:18.6377,.,.,blink
10:18:18.6381,.,.,blink
10:18:18.6386,.,.,blink
10:18:18.6391,.,.,blink
10:18:18.6395,.,.,blink
10:18:18.64,.,.,blink
10:18:18.6405,.,.,blink
10:18:18.641,.,.,blink
10:18:18.6414,.,.,blink
10:18:18.6419,.,.,blink
10:18:18.6424,.,.,blink
10:18:18.6428,.,.,blink
10:18:18.6433,.,.,blink
10:18:18.6438,.,.,blink
10:18:18.6442,.,.,blink
10:18:18.6447,.,.,blink
10:18:18.6452,.,.,blink
10:18:18.6456,.,.,blink
10:18:18.6461,.,.,blink
10:18:18.6466,.,.,blink
10:18:18.6471,.,.,blink
10:18:18.6475,.,.,blink
10:18:18.648,.,.,blink
10:18:18.6485,.,.,blink
10:18:18.6489,.,.,blink
10:18:18.6494,.,.,blink
10:18:18.6499,.,.,blink
10:18:18.6503,.,.,blink
10:18:18.6508,.,.,blink
10:18:18.6513,.,.,blink
10:18:18.6517,.,.,blink
10:18:18.6522,.,.,blink
10:18:18.6527,.,.,blink
10:18:18.6532,.,.,blink
10:18:18.6536,.,.,blink
10:18:18.6541,.,.,blink
10:18:18.6546,.,.,blink
10:18:18.6550,.,.,blink
10:18:18.6555,.,.,blink
10:18:18.656,.,.,blink
10:18:18.6564,.,.,blink
10:18:18.6569,.,.,blink
10:18:18.6574,.,.,blink
10:18:18.6578,.,.,blink
10:18:18.6583,.,.,blink
10:18:18.6588,.,.,blink
10:18:18.6592,.,.,blink
10:18:18.6596,.,.,blink
10:18:18.6601,.,.,blink
10:18:18.6606,.,.,blink
10:18:18.6610,.,.,blink
10:18:18.6615,.,.,blink
10:18:18.662,.,.,blink
10:18:18.6624,.,.,blink
10:18:18.6629,.,.,blink
10:18:18.6634,.,.,blink
10:18:18.6638,.,.,blink
10:18:18.6642,.,.,blink
10:18:18.6647,.,.,blink
10:18:18.6652,.,.,blink
10:18:18.6656,.,.,blink
10:18:18.6661,.,.,blink
10:18:18.6666,.,.,blink
10:18:18.6670,.,.,blink
10:18:18.6675,.,.,blink
10:18:18.668,.,.,blink
10:18:18.6684,.,.,blink
10:18:18.6688,.,.,blink
10:18:18.6693,.,.,blink
10:18:18.6698,.,.,blink
10:18:18.6702,.,.,blink
10:18:18.6707,.,.,blink
10:18:18.6712,.,.,blink
10:18:18.6716,.,.,blink
10:18:18.6721,.,.,blink
10:18:18.6726,.,.,blink
10:18:18.6730,.,.,blink
10:18:18.6734,.,.,blink
10:18:18.6739,.,.,blink
10:18:18.6744,.,.,blink
10:18:18.6748,.,.,blink
10:18:18.6753,.,.,blink
10:18:18.6758,.,.,blink
10:18:18.6762,.,.,blink
10:18:18.6767,.,.,blink
10:18:18.6772,.,.,blink
10:18:18.6776,.,.,blink
10:18:18.6781,.,.,blink
10:18:18.6786,.,.,blink
10:18:18.6791,.,.,blink
10:18:18.6795,.,.,blink
10:18:18.68,.,.,blink
10:18:18.6805,.,.,blink
10:18:18.6809,.,.,blink
10:18:18.6814,.,.,blink
10:18:18.6819,.,.,blink
10:18:18.6823,.,.,blink
10:18:18.6828,.,.,blink
10:18:18.6833,.,.,blink
10:18:18.6837,.,.,blink
10:18:18.6842,.,.,blink
10:18:18.6847,.,.,blink
10:18:18.6852,.,.,blink
10:18:18.6856,.,.,blink
10:18:18.6861,.,.,blink
10:18:18.6866,.,.,blink
10:18:18.6870,.,.,blink
10:18:18.6875,.,.,blink
10:18:18.688,.,.,blink
10:18:18.6884,.,.,blink
10:18:18.6889,.,.,blink
10:18:18.6894,.,.,blink
10:18:18.6898,.,.,blink
10:18:18.6903,.,.,blink
10:18:18.6908,.,.,blink
10:18:18.6913,.,.,blink
10:18:18.6917,.,.,blink
10:18:18.6922,.,.,blink
10:18:18.6927,.,.,blink
10:18:18.6931,.,.,blink
10:18:18.6936,.,.,blink
10:18:18.6941,.,.,blink
10:18:18.6945,.,.,blink
10:18:18.695,.,.,blink
10:18:18.6955,.,.,blink
10:18:18.6959,.,.,blink
10:18:18.6964,.,.,blink
10:18:18.6969,.,.,blink
10:18:18.6974,.,.,blink
10:18:18.6978,.,.,blink
10:18:18.6983,.,.,blink
10:18:18.6988,.,.,blink
10:18:18.6992,.,.,blink
10:18:18.6997,.,.,blink
10:18:18.7002,.,.,blink
10:18:18.7006,.,.,blink
10:18:18.7011,.,.,blink
10:18:18.7016,.,.,blink
10:18:18.7020,.,.,blink
10:18:18.7025,.,.,blink
10:18:18.703,.,.,blink
10:18:18.7035,.,.,blink
10:18:18.7039,.,.,blink
10:18:18.7044,.,.,blink
10:18:18.7049,.,.,blink
10:18:18.7053,.,.,blink
10:18:18.7058,.,.,blink
10:18:18.7063,.,.,blink
10:18:18.7067,.,.,blink
10:18:18.7072,.,.,blink
10:18:18.7077,.,.,blink
10:18:18.7081,.,.,blink
10:18:18.7086,.,.,blink
10:18:18.7091,.,.,blink
10:18:18.7096,.,.,blink
10:18:18.7100,.,.,blink
10:18:18.7105,.,.,blink
10:18:18.711,.,.,blink
10:18:18.7114,.,.,blink
10:18:18.7119,.,.,blink
10:18:18.7124,.,.,blink
10:18:18.7128,.,.,blink
10:18:18.7133,.,.,blink
10:18:18.7138,.,.,blink
10:18:18.7142,.,.,blink
10:18:18.7147,.,.,blink
10:18:18.7152,.,.,blink
10:18:18.7157,.,.,blink
10:18:18.7161,.,.,blink
10:18:18.7166,.,.,blink
10:18:18.7171,.,.,blink
10:18:18.7175,.,.,blink
10:18:18.718,.,.,blink
10:18:18.7185,.,.,blink
10:18:18.7189,.,.,blink
10:18:18.7194,.,.,blink
10:18:18.7199,.,.,blink
10:18:18.7203,.,.,blink
10:18:18.7208,.,.,blink
10:18:18.7213,.,.,blink
10:18:18.7217,.,.,blink
10:18:18.7221,.,.,blink
10:18:18.7226,.,.,blink
10:18:18.7231,.,.,blink
10:18:18.7235,.,.,blink
10:18:18.724,.,.,blink
10:18:18.7245,.,.,blink
10:18:18.7249,.,.,blink
10:18:18.7254,.,.,blink
10:18:18.7259,.,.,blink
10:18:18.7263,.,.,blink
10:18:18.7267,.,.,blink
10:18:18.7272,.,.,blink
10:18:18.7277,.,.,blink
10:18:18.7281,.,.,blink
10:18:18.7286,.,.,blink
10:18:18.7291,.,.,blink
10:18:18.7295,.,.,blink
10:18:18.73,.,.,blink
10:18:18.7305,.,.,blink
10:18:18.7309,.,.,blink
10:18:18.7313,.,.,blink
10:18:18.7318,.,.,blink
10:18:18.7323,.,.,blink
10:18:18.7327,.,.,blink
10:18:18.7332,.,.,blink
10:18:18.7337,.,.,blink
10:18:18.7341,.,.,blink
10:18:18.7346,.,.,blink
10:18:18.7351,.,.,blink
10:18:18.7355,.,.,blink
10:18:18.7359,.,.,blink
10:18:18.7364,.,.,blink
10:18:18.7369,.,.,blink
10:18:18.7373,.,.,blink
10:18:18.7378,.,.,blink
10:18:18.7383,.,.,blink
10:18:18.7387,.,.,blink
10:18:18.7392,.,.,blink
10:18:18.7397,.,.,blink
10:18:18.7401,.,.,blink
10:18:18.7406,.,.,blink
10:18:18.7411,.,.,blink
10:18:18.7416,.,.,blink
10:18:18.7420,.,.,blink
10:18:18.7425,.,.,blink
10:18:18.743,.,.,blink
10:18:18.7434,.,.,blink
10:18:18.7439,.,.,blink
10:18:18.7444,.,.,blink
10:18:18.7448,.,.,blink
10:18:18.7453,.,.,blink
10:18:18.7458,.,.,blink
10:18:18.7462,.,.,blink
10:18:18.7467,.,.,blink
10:18:18.7472,.,.,blink
10:18:18.7477,.,.,blink
10:18:18.7481,.,.,blink
10:18:18.7486,.,.,blink
10:18:18.7491,.,.,blink
10:18:18.7495,.,.,blink
10:18:18.75,.,.,blink
10:18:18.7505,.,.,blink
10:18:18.7509,.,.,blink
10:18:18.7514,.,.,blink
10:18:18.7519,.,.,blink
10:18:18.7523,.,.,blink
10:18:18.7528,.,.,blink
10:18:18.7533,.,.,blink
10:18:18.7538,.,.,blink
10:18:18.7542,.,.,blink
10:18:18.7547,.,.,blink
10:18:18.7552,.,.,blink
10:18:18.7556,.,.,blink
10:18:18.7561,.,.,blink
10:18:18.7566,.,.,blink
10:18:18.7570,.,.,blink
10:18:18.7575,.,.,blink
10:18:18.758,.,.,blink
10:18:18.7584,.,.,blink
10:18:18.7589,.,.,blink
10:18:18.7594,.,.,blink
10:18:18.7599,.,.,blink
10:18:18.7603,.,.,blink
10:18:18.7608,.,.,blink
10:18:18.7613,.,.,blink
10:18:18.7617,.,.,blink
10:18:18.7622,.,.,blink
10:18:18.7627,.,.,blink
10:18:18.7631,.,.,blink
10:18:18.7636,.,.,blink
10:18:18.7641,.,.,blink
10:18:18.7645,.,.,blink
10:18:18.765,.,.,blink
10:18:18.7655,.,.,blink
10:18:18.766,.,.,blink
10:18:18.7664,.,.,blink
10:18:18.7669,.,.,blink
10:18:18.7674,.,.,blink
10:18:18.7678,.,.,blink
10:18:18.7683,.,.,blink
10:18:18.7688,.,.,blink
10:18:18.7692,.,.,blink
10:18:18.7697,.,.,blink
10:18:18.7702,.,.,blink
10:18:18.7706,.,.,blink
10:18:18.7711,.,.,blink
10:18:18.7716,.,.,blink
10:18:18.7721,.,.,blink
10:18:18.7725,.,.,blink
10:18:18.773,.,.,blink
10:18:18.7735,.,.,blink
10:18:18.7739,.,.,blink
10:18:18.7744,.,.,blink
10:18:18.7749,.,.,blink
10:18:18.7753,.,.,blink
10:18:18.7758,.,.,blink
10:18:18.7763,.,.,blink
10:18:18.7767,.,.,blink
10:18:18.7772,.,.,blink
10:18:18.7777,.,.,blink
10:18:18.7782,.,.,blink
10:18:18.7786,.,.,blink
10:18:18.7791,.,.,blink
10:18:18.7796,.,.,blink
10:18:18.7800,.,.,blink
10:18:18.7805,.,.,blink
10:18:18.781,.,.,blink
10:18:18.7814,.,.,blink
10:18:18.7819,.,.,blink
10:18:18.7824,.,.,blink
10:18:18.7828,.,.,blink
10:18:18.7833,.,.,blink
10:18:18.7838,.,.,blink
10:18:18.7842,.,.,blink
10:18:18.7846,.,.,blink
10:18:18.7851,.,.,blink
10:18:18.7856,.,.,blink
10:18:18.7860,.,.,blink
10:18:18.7865,.,.,blink
10:18:18.787,.,.,blink
10:18:18.7874,.,.,blink
10:18:18.7879,.,.,blink
10:18:18.7884,.,.,blink
10:18:18.7888,.,.,blink
10:18:18.7892,.,.,blink
10:18:18.7897,.,.,blink
10:18:18.7902,.,.,blink
10:18:18.7906,.,.,blink
10:18:18.7911,.,.,blink
10:18:18.7916,.,.,blink
10:18:18.7920,.,.,blink
10:18:18.7925,.,.,blink
10:18:18.793,.,.,blink
10:18:18.7934,.,.,blink
10:18:18.7938,.,.,blink
10:18:18.7943,.,.,blink
10:18:18.7948,.,.,blink
10:18:18.7952,.,.,blink
10:18:18.7957,.,.,blink
10:18:18.7962,.,.,blink
10:18:18.7966,.,.,blink
10:18:18.7971,.,.,blink
10:18:18.7976,.,.,blink
10:18:18.7980,.,.,blink
10:18:18.7984,.,.,blink
10:18:18.7989,.,.,blink
10:18:18.7994,.,.,blink
10:18:18.7998,.,.,blink
10:18:18.8003,.,.,blink
10:18:18.8008,.,.,blink
10:18:18.8012,.,.,blink
10:18:18.8017,.,.,blink
10:18:18.8022,.,.,blink
10:18:18.8026,.,.,blink
10:18:18.8031,.,.,blink
10:18:18.8036,.,.,blink
10:18:18.8041,.,.,blink
10:18:18.8045,.,.,blink
10:18:18.805,.,.,blink
10:18:18.8055,.,.,blink
10:18:18.8059,.,.,blink
10:18:18.8064,.,.,blink
10:18:18.8069,.,.,blink
10:18:18.8073,.,.,blink
10:18:18.8078,.,.,blink
10:18:18.8083,.,.,blink
10:18:18.8087,.,.,blink
10:18:18.8092,.,.,blink
10:18:18.8097,.,.,blink
10:18:18.8102,.,.,blink
10:18:18.8106,.,.,blink
10:18:18.8111,.,.,blink
10:18:18.8116,.,.,blink
10:18:18.8120,.,.,blink
10:18:18.8125,.,.,blink
10:18:18.813,.,.,blink
10:18:18.8134,.,.,blink
10:18:18.8139,.,.,blink
10:18:18.8144,.,.,blink
10:18:18.8148,.,.,blink
10:18:18.8153,.,.,blink
10:18:18.8158,.,.,blink
10:18:18.8163,.,.,blink
10:18:18.8167,.,.,blink
10:18:18.8172,.,.,blink
10:18:18.8177,.,.,blink
10:18:18.8181,.,.,blink
10:18:18.8186,.,.,blink
10:18:18.8191,.,.,blink
10:18:18.8195,.,.,blink
10:18:18.82,.,.,blink
10:18:18.8205,.,.,blink
10:18:18.8209,.,.,blink
10:18:18.8214,.,.,blink
10:18:18.8219,.,.,blink
10:18:18.8224,.,.,blink
10:18:18.8228,.,.,blink
10:18:18.8233,.,.,blink
10:18:18.8238,.,.,blink
10:18:18.8242,.,.,blink
10:18:18.8247,.,.,blink
10:18:18.8252,.,.,blink
10:18:18.8256,.,.,blink
10:18:18.8261,.,.,blink
10:18:18.8266,.,.,blink
10:18:18.8270,.,.,blink
10:18:18.8275,.,.,blink
10:18:18.828,.,.,blink
10:18:18.8285,.,.,blink
10:18:18.8289,.,.,blink
10:18:18.8294,.,.,blink
10:18:18.8299,.,.,blink
10:18:18.8303,.,.,blink
10:18:18.8308,.,.,blink
10:18:18.8313,.,.,blink
10:18:18.8317,.,.,blink
10:18:18.8322,.,.,blink
10:18:18.8327,.,.,blink
10:18:18.8331,.,.,blink
10:18:18.8336,.,.,blink
10:18:18.8341,.,.,blink
10:18:18.8346,.,.,blink
10:18:18.8350,.,.,blink
10:18:18.8355,.,.,blink
10:18:18.836,.,.,blink
10:18:18.8364,.,.,blink
10:18:18.8369,.,.,blink
10:18:18.8374,.,.,blink
10:18:18.8378,.,.,blink
10:18:18.8383,.,.,blink
10:18:18.8388,.,.,blink
10:18:18.8392,.,.,blink
10:18:18.8397,.,.,blink
10:18:18.8402,.,.,blink
10:18:18.8407,.,.,blink
10:18:18.8411,.,.,blink
10:18:18.8416,.,.,blink
10:18:18.8421,.,.,blink
10:18:18.8425,.,.,blink
10:18:18.843,.,.,blink
10:18:18.8435,.,.,blink
10:18:18.8439,.,.,blink
10:18:18.8444,.,.,blink
10:18:18.8449,.,.,blink
10:18:18.8453,.,.,blink
10:18:18.8458,.,.,blink
10:18:18.8463,.,.,blink
10:18:18.8467,.,.,blink
10:18:18.8471,.,.,blink
10:18:18.8476,.,.,blink
10:18:18.8481,.,.,blink
10:18:18.8485,.,.,blink
10:18:18.849,.,.,blink
10:18:18.8495,.,.,blink
10:18:18.8499,.,.,blink
10:18:18.8504,.,.,blink
10:18:18.8509,.,.,blink
10:18:18.8513,.,.,blink
10:18:18.8517,.,.,blink
10:18:18.8522,.,.,blink
10:18:18.8527,.,.,blink
10:18:18.8531,.,.,blink
10:18:18.8536,.,.,blink
10:18:18.8541,.,.,blink
10:18:18.8545,.,.,blink
10:18:18.855,.,.,blink
10:18:18.8555,.,.,blink
10:18:18.8559,.,.,blink
10:18:18.8563,.,.,blink
10:18:18.8568,.,.,blink
10:18:18.8573,.,.,blink
10:18:18.8577,.,.,blink
10:18:18.8582,.,.,blink
10:18:18.8587,.,.,blink
10:18:18.8591,.,.,blink
10:18:18.8596,.,.,blink
10:18:18.8601,.,.,blink
10:18:18.8605,.,.,blink
10:18:18.8609,.,.,blink
10:18:18.8614,.,.,blink
10:18:18.8619,.,.,blink
10:18:18.8623,.,.,blink
10:18:18.8628,.,.,blink
10:18:18.8633,.,.,blink
10:18:18.8637,.,.,blink
10:18:18.8642,.,.,blink
10:18:18.8647,.,.,blink
10:18:18.8651,.,.,blink
10:18:18.8656,.,.,blink
10:18:18.8661,.,.,blink
10:18:18.8666,.,.,blink
10:18:18.8670,.,.,blink
10:18:18.8675,.,.,blink
10:18:18.868,.,.,blink
10:18:18.8684,.,.,blink
10:18:18.8689,.,.,blink
10:18:18.8694,.,.,blink
10:18:18.8698,.,.,blink
10:18:18.8703,.,.,blink
10:18:18.8708,.,.,blink
10:18:18.8712,.,.,blink
10:18:18.8717,.,.,blink
10:18:18.8722,.,.,blink
10:18:18.8727,.,.,blink
10:18:18.8731,.,.,blink
10:18:18.8736,.,.,blink
10:18:18.8741,.,.,blink
10:18:18.8745,.,.,blink
10:18:18.875,.,.,blink
10:18:18.8755,.,.,blink
10:18:18.8759,.,.,blink
10:18:18.8764,.,.,blink
10:18:18.8769,.,.,blink
10:18:18.8773,.,.,blink
10:18:18.8778,.,.,blink
10:18:18.8783,.,.,blink
10:18:18.8788,.,.,blink
10:18:18.8792,.,.,blink
10:18:18.8797,.,.,blink
10:18:18.8802,.,.,blink
10:18:18.8806,.,.,blink
10:18:18.8811,.,.,blink
10:18:18.8816,.,.,blink
10:18:18.8820,.,.,blink
10:18:18.8825,.,.,blink
10:18:18.883,.,.,blink
10:18:18.8834,.,.,blink
10:18:18.8839,.,.,blink
10:18:18.8844,.,.,blink
10:18:18.8849,.,.,blink
10:18:18.8853,.,.,blink
10:18:18.8858,.,.,blink
10:18:18.8863,.,.,blink
10:18:18.8867,.,.,blink
10:18:18.8872,.,.,blink
10:18:18.8877,.,.,blink
10:18:18.8881,.,.,blink
10:18:18.8886,.,.,blink
10:18:18.8891,.,.,blink
10:18:18.8895,.,.,blink
10:18:18.89,.,.,blink
10:18:18.8905,.,.,blink
10:18:18.891,.,.,blink
10:18:18.8914,.,.,blink
10:18:18.8919,.,.,blink
10:18:18.8924,.,.,blink
10:18:18.8928,.,.,blink
10:18:18.8933,.,.,blink
10:18:18.8938,.,.,blink
10:18:18.8942,.,.,blink
10:18:18.8947,.,.,blink
10:18:18.8952,.,.,blink
10:18:18.8956,.,.,blink
10:18:18.8961,.,.,blink
10:18:18.8966,.,.,blink
10:18:18.8971,.,.,blink
10:18:18.8975,.,.,blink
10:18:18.898,.,.,blink
10:18:18.8985,.,.,blink
10:18:18.8989,.,.,blink
10:18:18.8994,.,.,blink
10:18:18.8999,.,.,blink
10:18:18.9003,.,.,blink
10:18:18.9008,.,.,blink
10:18:18.9013,.,.,blink
10:18:18.9017,.,.,blink
10:18:18.9022,.,.,blink
10:18:18.9027,.,.,blink
10:18:18.9032,.,.,blink
10:18:18.9036,.,.,blink
10:18:18.9041,.,.,blink
10:18:18.9046,.,.,blink
10:18:18.9050,.,.,blink
10:18:18.9055,.,.,blink
10:18:18.906,.,.,blink
10:18:18.9064,.,.,blink
10:18:18.9069,.,.,blink
10:18:18.9074,.,.,blink
10:18:18.9078,.,.,blink
10:18:18.9083,.,.,blink
10:18:18.9088,.,.,blink
10:18:18.9092,.,.,blink
10:18:18.9096,.,.,blink
10:18:18.9101,.,.,blink
10:18:18.9106,.,.,blink
10:18:18.9110,.,.,blink
10:18:18.9115,.,.,blink
10:18:18.912,.,.,blink
10:18:18.9124,.,.,blink
10:18:18.9129,.,.,blink
10:18:18.9134,.,.,blink
10:18:18.9138,.,.,blink
10:18:18.9142,.,.,blink
10:18:18.9147,.,.,blink
10:18:18.9152,.,.,blink
10:18:18.9156,.,.,blink
10:18:18.9161,.,.,blink
10:18:18.9166,.,.,blink
10:18:18.9170,.,.,blink
10:18:18.9175,.,.,blink
10:18:18.918,.,.,blink
10:18:18.9184,.,.,blink
10:18:18.9188,.,.,blink
10:18:18.9193,.,.,blink
10:18:18.9198,.,.,blink
10:18:18.9202,.,.,blink
10:18:18.9207,.,.,blink
10:18:18.9212,.,.,blink
10:18:18.9216,.,.,blink
10:18:18.9221,.,.,blink
10:18:18.9226,.,.,blink
10:18:18.9230,.,.,blink
10:18:18.9234,.,.,blink
10:18:18.9239,.,.,blink
10:18:18.9244,.,.,blink
10:18:18.9248,.,.,blink
10:18:18.9253,.,.,blink
10:18:18.9258,.,.,blink
10:18:18.9262,.,.,blink
10:18:18.9267,.,.,blink
10:18:18.9272,.,.,blink
10:18:18.9276,.,.,blink
10:18:18.9281,.,.,blink
10:18:18.9286,.,.,blink
10:18:18.9291,.,.,blink
10:18:18.9295,.,.,blink
10:18:18.93,.,.,blink
10:18:18.9305,.,.,blink
10:18:18.9309,.,.,blink
10:18:18.9314,.,.,blink
10:18:18.9319,.,.,blink
10:18:18.9323,.,.,blink
10:18:18.9328,.,.,blink
10:18:18.9333,.,.,blink
10:18:18.9337,.,.,blink
10:18:18.9342,.,.,blink
10:18:18.9347,.,.,blink
10:18:18.9352,.,.,blink
10:18:18.9356,.,.,blink
10:18:18.9361,.,.,blink
10:18:18.9366,.,.,blink
10:18:18.9370,.,.,blink
10:18:18.9375,.,.,blink
10:18:18.938,.,.,blink
10:18:18.9384,.,.,blink
10:18:18.9389,.,.,blink
10:18:18.9394,.,.,blink
10:18:18.9398,.,.,blink
10:18:18.9403,.,.,blink
10:18:18.9408,.,.,blink
10:18:18.9413,.,.,blink
10:18:18.9417,.,.,blink
10:18:18.9422,.,.,blink
10:18:18.9427,.,.,blink
10:18:18.9431,.,.,blink
10:18:18.9436,.,.,blink
10:18:18.9441,.,.,blink
10:18:18.9445,.,.,blink
10:18:18.945,.,.,blink
10:18:18.9455,.,.,blink
10:18:18.9459,.,.,blink
10:18:18.9464,.,.,blink
10:18:18.9469,.,.,blink
10:18:18.9474,.,.,blink
10:18:18.9478,.,.,blink
10:18:18.9483,.,.,blink
10:18:18.9488,.,.,blink
10:18:18.9492,.,.,blink
10:18:18.9497,.,.,blink
10:18:18.9502,.,.,blink
10:18:18.9506,.,.,blink
10:18:18.9511,.,.,blink
10:18:18.9516,.,.,blink
10:18:18.9520,.,.,blink
10:18:18.9525,.,.,blink
10:18:18.953,.,.,blink
10:18:18.9535,.,.,blink
10:18:18.9539,.,.,blink
10:18:18.9544,.,.,blink
10:18:18.9549,.,.,blink
10:18:18.9553,.,.,blink
10:18:18.9558,.,.,blink
10:18:18.9563,.,.,blink
10:18:18.9567,.,.,blink
10:18:18.9572,.,.,blink
10:18:18.9577,.,.,blink
10:18:18.9581,.,.,blink
10:18:18.9586,.,.,blink
10:18:18.9591,.,.,blink
10:18:18.9596,.,.,blink
10:18:18.9600,.,.,blink
10:18:18.9605,.,.,blink
10:18:18.961,.,.,blink
10:18:18.9614,.,.,blink
10:18:18.9619,.,.,blink
10:18:18.9624,.,.,blink
10:18:18.9628,.,.,blink
10:18:18.9633,.,.,blink
10:18:18.9638,.,.,blink
10:18:18.9642,.,.,blink
10:18:18.9647,.,.,blink
10:18:18.9652,.,.,blink
10:18:18.9657,.,.,blink
10:18:18.9661,.,.,blink
10:18:18.9666,.,.,blink
10:18:18.9671,.,.,blink
10:18:18.9675,.,.,blink
10:18:18.968,.,.,blink
10:18:18.9685,.,.,blink
10:18:18.9689,.,.,blink
10:18:18.9694,.,.,blink
10:18:18.9699,.,.,blink
10:18:18.9703,.,.,blink
10:18:18.9708,.,.,blink
10:18:18.9713,.,.,blink
10:18:18.9717,.,.,blink
10:18:18.9721,.,.,blink
10:18:18.9726,.,.,blink
10:18:18.9731,.,.,blink
10:18:18.9735,.,.,blink
10:18:18.974,.,.,blink
10:18:18.9745,.,.,blink
10:18:18.9749,.,.,blink
10:18:18.9754,.,.,blink
10:18:18.9759,.,.,blink
10:18:18.9763,.,.,blink
10:18:18.9767,.,.,blink
10:18:18.9772,.,.,blink
10:18:18.9777,.,.,blink
10:18:18.9781,.,.,blink
10:18:18.9786,.,.,blink
10:18:18.9791,.,.,blink
10:18:18.9795,.,.,blink
10:18:18.98,.,.,blink
10:18:18.9805,.,.,blink
10:18:18.9809,.,.,blink
10:18:18.9813,.,.,blink
10:18:18.9818,.,.,blink
10:18:18.9823,.,.,blink
10:18:18.9827,.,.,blink
10:18:18.9832,.,.,blink
10:18:18.9837,.,.,blink
10:18:18.9841,.,.,blink
10:18:18.9846,.,.,blink
10:18:18.9851,.,.,blink
10:18:18.9855,.,.,blink
10:18:18.9859,.,.,blink
10:18:18.9864,.,.,blink
10:18:18.9869,.,.,blink
10:18:18.9873,.,.,blink
10:18:18.9878,.,.,blink
10:18:18.9883,.,.,blink
10:18:18.9887,.,.,blink
10:18:18.9892,.,.,blink
10:18:18.9897,.,.,blink
10:18:18.9901,.,.,blink
10:18:18.9906,.,.,blink
10:18:18.9911,.,.,blink
10:18:18.9916,.,.,blink
10:18:18.9920,.,.,blink
10:18:18.9925,.,.,blink
10:18:18.993,.,.,blink
10:18:18.9934,.,.,blink
10:18:18.9939,.,.,blink
10:18:18.9944,.,.,blink
10:18:18.9948,.,.,blink
10:18:18.9953,.,.,blink
10:18:18.9958,.,.,blink
10:18:18.9962,.,.,blink
10:18:18.9967,.,.,blink
10:18:18.9972,.,.,blink
10:18:18.9977,.,.,blink
10:18:18.9981,.,.,blink
10:18:18.9986,.,.,blink
10:18:18.9991,.,.,blink
10:18:18.9995,.,.,blink
10:18:19.,.,.,blink
10:18:19.0005,.,.,blink
10:18:19.0009,.,.,blink
10:18:19.0014,.,.,blink
10:18:19.0019,.,.,blink
10:18:19.0023,.,.,blink
10:18:19.0028,.,.,blink
10:18:19.0033,.,.,blink
10:18:19.0038,.,.,blink
10:18:19.0042,.,.,blink
10:18:19.0047,.,.,blink
10:18:19.0052,.,.,blink
10:18:19.0056,.,.,blink
10:18:19.0061,.,.,blink
10:18:19.0066,.,.,blink
10:18:19.0070,.,.,blink
10:18:19.0075,.,.,blink
10:18:19.008,.,.,blink
10:18:19.0084,.,.,blink
10:18:19.0089,.,.,blink
10:18:19.0094,.,.,blink
10:18:19.0099,.,.,blink
10:18:19.0103,.,.,blink
10:18:19.0108,.,.,blink
10:18:19.0113,.,.,blink
10:18:19.0117,.,.,blink
10:18:19.0122,.,.,blink
10:18:19.0127,.,.,blink
10:18:19.0131,.,.,blink
10:18:19.0136,.,.,blink
10:18:19.0141,.,.,blink
10:18:19.0145,.,.,blink
10:18:19.015,.,.,blink
10:18:19.0155,.,.,blink
10:18:19.016,.,.,blink
10:18:19.0164,.,.,blink
10:18:19.0169,.,.,blink
10:18:19.0174,.,.,blink
10:18:19.0178,.,.,blink
10:18:19.0183,.,.,blink
10:18:19.0188,.,.,blink
10:18:19.0192,.,.,blink
10:18:19.0197,.,.,blink
10:18:19.0202,.,.,blink
10:18:19.0206,.,.,blink
10:18:19.0211,.,.,blink
10:18:19.0216,.,.,blink
10:18:19.0221,.,.,blink
10:18:19.0225,.,.,blink
10:18:19.023,.,.,blink
10:18:19.0235,.,.,blink
10:18:19.0239,.,.,blink
10:18:19.0244,.,.,blink
10:18:19.0249,.,.,blink
10:18:19.0253,.,.,blink
10:18:19.0258,.,.,blink
10:18:19.0263,.,.,blink
10:18:19.0267,.,.,blink
10:18:19.0272,.,.,blink
10:18:19.0277,.,.,blink
10:18:19.0282,.,.,blink
10:18:19.0286,.,.,blink
10:18:19.0291,.,.,blink
10:18:19.0296,.,.,blink
10:18:19.0300,.,.,blink
10:18:19.0305,.,.,blink
10:18:19.031,.,.,blink
10:18:19.0314,.,.,blink
10:18:19.0319,.,.,blink
10:18:19.0324,.,.,blink
10:18:19.0328,.,.,blink
10:18:19.0333,.,.,blink
10:18:19.0338,.,.,blink
10:18:19.0342,.,.,blink
10:18:19.0346,.,.,blink
10:18:19.0351,.,.,blink
10:18:19.0356,.,.,blink
10:18:19.0360,.,.,blink
10:18:19.0365,.,.,blink
10:18:19.037,.,.,blink
10:18:19.0374,.,.,blink
10:18:19.0379,.,.,blink
10:18:19.0384,.,.,blink
10:18:19.0388,.,.,blink
10:18:19.0392,.,.,blink
10:18:19.0397,.,.,blink
10:18:19.0402,.,.,blink
10:18:19.0406,.,.,blink
10:18:19.0411,.,.,blink
10:18:19.0416,.,.,blink
10:18:19.0420,.,.,blink
10:18:19.0425,.,.,blink
10:18:19.043,.,.,blink
10:18:19.0434,.,.,blink
10:18:19.0438,.,.,blink
10:18:19.0443,.,.,blink
10:18:19.0448,.,.,blink
10:18:19.0452,.,.,blink
10:18:19.0457,.,.,blink
10:18:19.0462,.,.,blink
10:18:19.0466,.,.,blink
10:18:19.0471,.,.,blink
10:18:19.0476,.,.,blink
10:18:19.0480,.,.,blink
10:18:19.0484,.,.,blink
10:18:19.0489,.,.,blink
10:18:19.0494,.,.,blink
10:18:19.0498,.,.,blink
10:18:19.0503,.,.,blink
10:18:19.0508,.,.,blink
10:18:19.0512,.,.,blink
10:18:19.0517,.,.,blink
10:18:19.0522,.,.,blink
10:18:19.0526,.,.,blink
10:18:19.0531,.,.,blink
10:18:19.0536,.,.,blink
10:18:19.0541,.,.,blink
10:18:19.0545,.,.,blink
10:18:19.055,.,.,blink
10:18:19.0555,.,.,blink
10:18:19.0559,.,.,blink
10:18:19.0564,.,.,blink
10:18:19.0569,.,.,blink
10:18:19.0573,.,.,blink
10:18:19.0578,.,.,blink
10:18:19.0583,.,.,blink
10:18:19.0587,.,.,blink
10:18:19.0592,.,.,blink
10:18:19.0597,.,.,blink
10:18:19.0602,.,.,blink
10:18:19.0606,.,.,blink
10:18:19.0611,.,.,blink
10:18:19.0616,.,.,blink
10:18:19.0620,.,.,blink
10:18:19.0625,.,.,blink
10:18:19.063,.,.,blink
10:18:19.0634,.,.,blink
10:18:19.0639,.,.,blink
10:18:19.0644,.,.,blink
10:18:19.0648,.,.,blink
10:18:19.0653,.,.,blink
10:18:19.0658,.,.,blink
10:18:19.0663,.,.,blink
10:18:19.0667,.,.,blink
10:18:19.0672,.,.,blink
10:18:19.0677,.,.,blink
10:18:19.0681,.,.,blink
10:18:19.0686,.,.,blink
10:18:19.0691,.,.,blink
10:18:19.0695,.,.,blink
10:18:19.07,.,.,blink
10:18:19.0705,.,.,blink
10:18:19.0709,.,.,blink
10:18:19.0714,.,.,blink
10:18:19.0719,.,.,blink
10:18:19.0724,.,.,blink
10:18:19.0728,.,.,blink
10:18:19.0733,.,.,blink
10:18:19.0738,.,.,blink
10:18:19.0742,.,.,blink
10:18:19.0747,.,.,blink
10:18:19.0752,.,.,blink
10:18:19.0756,.,.,blink
10:18:19.0761,.,.,blink
10:18:19.0766,.,.,blink
10:18:19.0770,.,.,blink
10:18:19.0775,.,.,blink
10:18:19.078,.,.,blink
10:18:19.0785,.,.,blink
10:18:19.0789,.,.,blink
10:18:19.0794,.,.,blink
10:18:19.0799,.,.,blink
10:18:19.0803,.,.,blink
10:18:19.0808,.,.,blink
10:18:19.0813,.,.,blink
10:18:19.0817,.,.,blink
10:18:19.0822,.,.,blink
10:18:19.0827,.,.,blink
10:18:19.0831,.,.,blink
10:18:19.0836,.,.,blink
10:18:19.0841,.,.,blink
10:18:19.0846,.,.,blink
10:18:19.0850,.,.,blink
10:18:19.0855,.,.,blink
10:18:19.086,.,.,blink
10:18:19.0864,.,.,blink
10:18:19.0869,.,.,blink
10:18:19.0874,.,.,blink
10:18:19.0878,.,.,blink
10:18:19.0883,.,.,blink
10:18:19.0888,.,.,blink
10:18:19.0892,.,.,blink
10:18:19.0897,.,.,blink
10:18:19.0902,.,.,blink
10:18:19.0907,.,.,blink
10:18:19.0911,.,.,blink
10:18:19.0916,.,.,blink
10:18:19.0921,.,.,blink
10:18:19.0925,.,.,blink
10:18:19.093,.,.,blink
10:18:19.0935,.,.,blink
10:18:19.0939,.,.,blink
10:18:19.0944,.,.,blink
10:18:19.0949,.,.,blink
10:18:19.0953,.,.,blink
10:18:19.0958,.,.,blink
10:18:19.0963,.,.,blink
10:18:19.0967,.,.,blink
10:18:19.0971,.,.,blink
10:18:19.0976,.,.,blink
10:18:19.0981,.,.,blink
10:18:19.0985,.,.,blink
10:18:19.099,.,.,blink
10:18:19.0995,.,.,blink
10:18:19.0999,.,.,blink
10:18:19.1004,.,.,blink
10:18:19.1009,.,.,blink
10:18:19.1013,.,.,blink
10:18:19.1017,.,.,blink
10:18:19.1022,.,.,blink
10:18:19.1027,.,.,blink
10:18:19.1031,.,.,blink
10:18:19.1036,.,.,blink
10:18:19.1041,.,.,blink
10:18:19.1045,.,.,blink
10:18:19.105,.,.,blink
10:18:19.1055,.,.,blink
10:18:19.1059,.,.,blink
10:18:19.1063,.,.,blink
10:18:19.1068,.,.,blink
10:18:19.1073,.,.,blink
10:18:19.1077,.,.,blink
10:18:19.1082,.,.,blink
10:18:19.1087,.,.,blink
10:18:19.1091,.,.,blink
10:18:19.1096,.,.,blink
10:18:19.1101,.,.,blink
10:18:19.1105,.,.,blink
10:18:19.1109,.,.,blink
10:18:19.1114,.,.,blink
10:18:19.1119,.,.,blink
10:18:19.1123,.,.,blink
10:18:19.1128,.,.,blink
10:18:19.1133,.,.,blink
10:18:19.1137,.,.,blink
10:18:19.1142,.,.,blink
10:18:19.1147,.,.,blink
10:18:19.1151,.,.,blink
10:18:19.1156,.,.,blink
10:18:19.1161,.,.,blink
10:18:19.1166,.,.,blink
10:18:19.1170,.,.,blink
10:18:19.1175,.,.,blink
10:18:19.118,.,.,blink
10:18:19.1184,.,.,blink
10:18:19.1189,.,.,blink
10:18:19.1194,.,.,blink
10:18:19.1198,.,.,blink
10:18:19.1203,.,.,blink
10:18:19.1208,.,.,blink
10:18:19.1212,.,.,blink
10:18:19.1217,.,.,blink
10:18:19.1222,.,.,blink
10:18:19.1227,.,.,blink
10:18:19.1231,.,.,blink
10:18:19.1236,.,.,blink
10:18:19.1241,.,.,blink
10:18:19.1245,.,.,blink
10:18:19.125,.,.,blink
10:18:19.1255,.,.,blink
10:18:19.1259,.,.,blink
10:18:19.1264,.,.,blink
10:18:19.1269,.,.,blink
10:18:19.1273,.,.,blink
10:18:19.1278,.,.,blink
10:18:19.1283,.,.,blink
10:18:19.1288,.,.,blink
10:18:19.1292,.,.,blink
10:18:19.1297,.,.,blink
10:18:19.1302,.,.,blink
10:18:19.1306,.,.,blink
10:18:19.1311,.,.,blink
10:18:19.1316,.,.,blink
10:18:19.1320,.,.,blink
10:18:19.1325,.,.,blink
10:18:19.133,.,.,blink
10:18:19.1334,.,.,blink
10:18:19.1339,.,.,blink
10:18:19.1344,.,.,blink
10:18:19.1349,.,.,blink
10:18:19.1353,.,.,blink
10:18:19.1358,.,.,blink
10:18:19.1363,.,.,blink
10:18:19.1367,.,.,blink
10:18:19.1372,.,.,blink
10:18:19.1377,.,.,blink
10:18:19.1381,.,.,blink
10:18:19.1386,.,.,blink
10:18:19.1391,.,.,blink
10:18:19.1395,.,.,blink
10:18:19.14,.,.,blink
10:18:19.1405,.,.,blink
10:18:19.141,.,.,blink
10:18:19.1414,.,.,blink
10:18:19.1419,.,.,blink
10:18:19.1424,.,.,blink
10:18:19.1428,.,.,blink
10:18:19.1433,.,.,blink
10:18:19.1438,.,.,blink
10:18:19.1442,.,.,blink
10:18:19.1447,.,.,blink
10:18:19.1452,.,.,blink
10:18:19.1456,.,.,blink
10:18:19.1461,.,.,blink
10:18:19.1466,.,.,blink
10:18:19.1471,.,.,blink
10:18:19.1475,.,.,blink
10:18:19.148,.,.,blink
10:18:19.1485,.,.,blink
10:18:19.1489,.,.,blink
10:18:19.1494,.,.,blink
10:18:19.1499,.,.,blink
10:18:19.1503,.,.,blink
10:18:19.1508,.,.,blink
10:18:19.1513,.,.,blink
10:18:19.1517,.,.,blink
10:18:19.1522,.,.,blink
10:18:19.1527,.,.,blink
10:18:19.1532,.,.,blink
10:18:19.1536,.,.,blink
10:18:19.1541,.,.,blink
10:18:19.1546,.,.,blink
10:18:19.1550,.,.,blink
10:18:19.1555,.,.,blink
10:18:19.156,.,.,blink
10:18:19.1564,.,.,blink
10:18:19.1569,.,.,blink
10:18:19.1574,.,.,blink
10:18:19.1578,.,.,blink
10:18:19.1583,.,.,blink
10:18:19.1588,.,.,blink
10:18:19.1592,.,.,blink
10:18:19.1596,.,.,blink
10:18:19.1601,.,.,blink
10:18:19.1606,.,.,blink
10:18:19.1610,.,.,blink
10:18:19.1615,.,.,blink
10:18:19.162,.,.,blink
10:18:19.1624,.,.,blink
10:18:19.1629,.,.,blink
10:18:19.1634,.,.,blink
10:18:19.1638,.,.,blink
10:18:19.1642,.,.,blink
10:18:19.1647,.,.,blink
10:18:19.1652,.,.,blink
10:18:19.1656,.,.,blink
10:18:19.1661,.,.,blink
10:18:19.1666,.,.,blink
10:18:19.1670,.,.,blink
10:18:19.1675,.,.,blink
10:18:19.168,.,.,blink
10:18:19.1684,.,.,blink
10:18:19.1688,.,.,blink
10:18:19.1693,.,.,blink
10:18:19.1698,.,.,blink
10:18:19.1702,.,.,blink
10:18:19.1707,.,.,blink
10:18:19.1712,.,.,blink
10:18:19.1716,.,.,blink
10:18:19.1721,.,.,blink
10:18:19.1726,.,.,blink
10:18:19.1730,.,.,blink
10:18:19.1734,.,.,blink
10:18:19.1739,.,.,blink
10:18:19.1744,.,.,blink
10:18:19.1748,.,.,blink
10:18:19.1753,.,.,blink
10:18:19.1758,.,.,blink
10:18:19.1762,.,.,blink
10:18:19.1767,.,.,blink
10:18:19.1772,.,.,blink
10:18:19.1776,.,.,blink
10:18:19.1781,.,.,blink
10:18:19.1786,.,.,blink
10:18:19.1791,.,.,blink
10:18:19.1795,.,.,blink
10:18:19.18,.,.,blink
10:18:19.1805,.,.,blink
10:18:19.1809,.,.,blink
10:18:19.1814,.,.,blink
10:18:19.1819,.,.,blink
10:18:19.1823,.,.,blink
10:18:19.1828,.,.,blink
10:18:19.1833,.,.,blink
10:18:19.1837,.,.,blink
10:18:19.1842,.,.,blink
10:18:19.1847,.,.,blink
10:18:19.1852,.,.,blink
10:18:19.1856,.,.,blink
10:18:19.1861,.,.,blink
10:18:19.1866,.,.,blink
10:18:19.1870,.,.,blink
10:18:19.1875,.,.,blink
10:18:19.188,.,.,blink
10:18:19.1884,.,.,blink
10:18:19.1889,.,.,blink
10:18:19.1894,.,.,blink
10:18:19.1898,.,.,blink
10:18:19.1903,.,.,blink
10:18:19.1908,.,.,blink
10:18:19.1913,.,.,blink
10:18:19.1917,.,.,blink
10:18:19.1922,.,.,blink
10:18:19.1927,.,.,blink
10:18:19.1931,.,.,blink
10:18:19.1936,.,.,blink
10:18:19.1941,.,.,blink
10:18:19.1945,.,.,blink
10:18:19.195,.,.,blink
10:18:19.1955,.,.,blink
10:18:19.1959,.,.,blink
10:18:19.1964,.,.,blink
10:18:19.1969,.,.,blink
10:18:19.1974,.,.,blink
10:18:19.1978,.,.,blink
10:18:19.1983,.,.,blink
10:18:19.1988,.,.,blink
10:18:19.1992,.,.,blink
10:18:19.1997,.,.,blink
10:18:19.2002,.,.,blink
10:18:19.2006,.,.,blink
10:18:19.2011,.,.,blink
10:18:19.2016,.,.,blink
10:18:19.2020,.,.,blink
10:18:19.2025,.,.,blink
10:18:19.203,.,.,blink
10:18:19.2035,.,.,blink
10:18:19.2039,.,.,blink
10:18:19.2044,.,.,blink
10:18:19.2049,.,.,blink
10:18:19.2053,.,.,blink
10:18:19.2058,.,.,blink
10:18:19.2063,.,.,blink
10:18:19.2067,.,.,blink
10:18:19.2072,.,.,blink
10:18:19.2077,.,.,blink
10:18:19.2081,.,.,blink
10:18:19.2086,.,.,blink
10:18:19.2091,.,.,blink
10:18:19.2096,.,.,blink
10:18:19.2100,.,.,blink
10:18:19.2105,.,.,blink
10:18:19.211,.,.,blink
10:18:19.2114,.,.,blink
10:18:19.2119,.,.,blink
10:18:19.2124,.,.,blink
10:18:19.2128,.,.,blink
10:18:19.2133,.,.,blink
10:18:19.2138,.,.,blink
10:18:19.2142,.,.,blink
10:18:19.2147,.,.,blink
10:18:19.2152,.,.,blink
10:18:19.2157,.,.,blink
10:18:19.2161,.,.,blink
10:18:19.2166,.,.,blink
10:18:19.2171,.,.,blink
10:18:19.2175,.,.,blink
10:18:19.218,.,.,blink
10:18:19.2185,.,.,blink
10:18:19.2189,.,.,blink
10:18:19.2194,.,.,blink
10:18:19.2199,.,.,blink
10:18:19.2203,.,.,blink
10:18:19.2208,.,.,blink
10:18:19.2213,.,.,blink
10:18:19.2217,.,.,blink
10:18:19.2221,.,.,blink
10:18:19.2226,.,.,blink
10:18:19.2231,.,.,blink
10:18:19.2235,.,.,blink
10:18:19.224,.,.,blink
10:18:19.2245,.,.,blink
10:18:19.2249,.,.,blink
10:18:19.2254,.,.,blink
10:18:19.2259,.,.,blink
10:18:19.2263,.,.,blink
10:18:19.2267,.,.,blink
10:18:19.2272,.,.,blink
10:18:19.2277,.,.,blink
10:18:19.2281,.,.,blink
10:18:19.2286,.,.,blink
10:18:19.2291,.,.,blink
10:18:19.2295,.,.,blink
10:18:19.23,.,.,blink
10:18:19.2305,.,.,blink
10:18:19.2309,.,.,blink
10:18:19.2313,.,.,blink
10:18:19.2318,.,.,blink
10:18:19.2323,.,.,blink
10:18:19.2327,.,.,blink
10:18:19.2332,.,.,blink
10:18:19.2337,.,.,blink
10:18:19.2341,.,.,blink
10:18:19.2346,.,.,blink
10:18:19.2351,.,.,blink
10:18:19.2355,.,.,blink
10:18:19.2359,.,.,blink
10:18:19.2364,.,.,blink
10:18:19.2369,.,.,blink
10:18:19.2373,.,.,blink
10:18:19.2378,.,.,blink
10:18:19.2383,.,.,blink
10:18:19.2387,.,.,blink
10:18:19.2392,.,.,blink
10:18:19.2397,.,.,blink
10:18:19.2401,.,.,blink
10:18:19.2406,.,.,blink
10:18:19.2411,.,.,blink
10:18:19.2416,.,.,blink
10:18:19.2420,.,.,blink
10:18:19.2425,.,.,blink
10:18:19.243,.,.,blink
10:18:19.2434,.,.,blink
10:18:19.2439,.,.,blink
10:18:19.2444,.,.,blink
10:18:19.2448,.,.,blink
10:18:19.2453,.,.,blink
10:18:19.2458,.,.,blink
10:18:19.2462,.,.,blink
10:18:19.2467,.,.,blink
10:18:19.2472,.,.,blink
10:18:19.2477,.,.,blink
10:18:19.2481,.,.,blink
10:18:19.2486,.,.,blink
10:18:19.2491,.,.,blink
10:18:19.2495,.,.,blink
10:18:19.25,.,.,blink
10:18:19.2505,.,.,blink
10:18:19.2509,.,.,blink
10:18:19.2514,.,.,blink
10:18:19.2519,.,.,blink
10:18:19.2523,.,.,blink
10:18:19.2528,.,.,blink
10:18:19.2533,.,.,blink
10:18:19.2538,.,.,blink
10:18:19.2542,.,.,blink
10:18:19.2547,.,.,blink
10:18:19.2552,.,.,blink
10:18:19.2556,.,.,blink
10:18:19.2561,.,.,blink
10:18:19.2566,.,.,blink
10:18:19.2570,.,.,blink
10:18:19.2575,.,.,blink
10:18:19.258,.,.,blink
10:18:19.2584,.,.,blink
10:18:19.2589,.,.,blink
10:18:19.2594,.,.,blink
10:18:19.2599,.,.,blink
10:18:19.2603,.,.,blink
10:18:19.2608,.,.,blink
10:18:19.2613,.,.,blink
10:18:19.2617,.,.,blink
10:18:19.2622,.,.,blink
10:18:19.2627,.,.,blink
10:18:19.2631,.,.,blink
10:18:19.2636,.,.,blink
10:18:19.2641,.,.,blink
10:18:19.2645,.,.,blink
10:18:19.265,.,.,blink
10:18:19.2655,.,.,blink
10:18:19.266,.,.,blink
10:18:19.2664,.,.,blink
10:18:19.2669,.,.,blink
10:18:19.2674,.,.,blink
10:18:19.2678,.,.,blink
10:18:19.2683,.,.,blink
10:18:19.2688,.,.,blink
10:18:19.2692,.,.,blink
10:18:19.2697,.,.,blink
10:18:19.2702,.,.,blink
10:18:19.2706,.,.,blink
10:18:19.2711,.,.,blink
10:18:19.2716,.,.,blink
10:18:19.2721,.,.,blink
10:18:19.2725,.,.,blink
10:18:19.273,.,.,blink
10:18:19.2735,.,.,blink
10:18:19.2739,.,.,blink
10:18:19.2744,.,.,blink
10:18:19.2749,.,.,blink
10:18:19.2753,.,.,blink
10:18:19.2758,.,.,blink
10:18:19.2763,.,.,blink
10:18:19.2767,.,.,blink
10:18:19.2772,.,.,blink
10:18:19.2777,.,.,blink
10:18:19.2782,.,.,blink
10:18:19.2786,.,.,blink
10:18:19.2791,.,.,blink
10:18:19.2796,.,.,blink
10:18:19.2800,.,.,blink
10:18:19.2805,.,.,blink
10:18:19.281,.,.,blink
10:18:19.2814,.,.,blink
10:18:19.2819,.,.,blink
10:18:19.2824,.,.,blink
10:18:19.2828,.,.,blink
10:18:19.2833,.,.,blink
10:18:19.2838,.,.,blink
10:18:19.2842,.,.,blink
10:18:19.2846,.,.,blink
10:18:19.2851,.,.,blink
10:18:19.2856,.,.,blink
10:18:19.2860,.,.,blink
10:18:19.2865,.,.,blink
10:18:19.287,.,.,blink
10:18:19.2874,.,.,blink
10:18:19.2879,.,.,blink
10:18:19.2884,.,.,blink
10:18:19.2888,.,.,blink
10:18:19.2892,.,.,blink
10:18:19.2897,.,.,blink
10:18:19.2902,.,.,blink
10:18:19.2906,.,.,blink
10:18:19.2911,.,.,blink
10:18:19.2916,.,.,blink
10:18:19.2920,.,.,blink
10:18:19.2925,.,.,blink
10:18:19.293,.,.,blink
10:18:19.2934,.,.,blink
10:18:19.2938,.,.,blink
10:18:19.2943,.,.,blink
10:18:19.2948,.,.,blink
10:18:19.2952,.,.,blink
10:18:19.2957,.,.,blink
10:18:19.2962,.,.,blink
10:18:19.2966,.,.,blink
10:18:19.2971,.,.,blink
10:18:19.2976,.,.,blink
10:18:19.2980,.,.,blink
10:18:19.2984,.,.,blink
10:18:19.2989,.,.,blink
10:18:19.2994,.,.,blink
10:18:19.2998,.,.,blink
10:18:19.3003,.,.,blink
10:18:19.3008,.,.,blink
10:18:19.3012,.,.,blink
10:18:19.3017,.,.,blink
10:18:19.3022,.,.,blink
10:18:19.3026,.,.,blink
10:18:19.3031,.,.,blink
10:18:19.3036,.,.,blink
10:18:19.3041,.,.,blink
10:18:19.3045,.,.,blink
10:18:19.305,.,.,blink
10:18:19.3055,.,.,blink
10:18:19.3059,.,.,blink
10:18:19.3064,.,.,blink
10:18:19.3069,.,.,blink
10:18:19.3073,.,.,blink
10:18:19.3078,.,.,blink
10:18:19.3083,.,.,blink
10:18:19.3087,.,.,blink
10:18:19.3092,.,.,blink
10:18:19.3097,.,.,blink
10:18:19.3102,.,.,blink
10:18:19.3106,.,.,blink
10:18:19.3111,.,.,blink
10:18:19.3116,.,.,blink
10:18:19.3120,.,.,blink
10:18:19.3125,.,.,blink
10:18:19.313,.,.,blink
10:18:19.3134,.,.,blink
10:18:19.3139,.,.,blink
10:18:19.3144,.,.,blink
10:18:19.3148,.,.,blink
10:18:19.3153,.,.,blink
10:18:19.3158,.,.,blink
10:18:19.3163,.,.,blink
10:18:19.3167,.,.,blink
10:18:19.3172,.,.,blink
10:18:19.3177,.,.,blink
10:18:19.3181,.,.,blink
10:18:19.3186,.,.,blink
10:18:19.3191,.,.,blink
10:18:19.3195,.,.,blink
10:18:19.32,.,.,blink
10:18:19.3205,.,.,blink
10:18:19.3209,.,.,blink
10:18:19.3214,.,.,blink
10:18:19.3219,.,.,blink
10:18:19.3224,.,.,blink
10:18:19.3228,.,.,blink
10:18:19.3233,.,.,blink
10:18:19.3238,.,.,blink
10:18:19.3242,.,.,blink
10:18:19.3247,.,.,blink
10:18:19.3252,.,.,blink
10:18:19.3256,.,.,blink
10:18:19.3261,.,.,blink
10:18:19.3266,.,.,blink
10:18:19.3270,.,.,blink
10:18:19.3275,.,.,blink
10:18:19.328,.,.,blink
10:18:19.3285,.,.,blink
10:18:19.3289,.,.,blink
10:18:19.3294,.,.,blink
10:18:19.3299,.,.,blink
10:18:19.3303,.,.,blink
10:18:19.3308,.,.,blink
10:18:19.3313,.,.,blink
10:18:19.3317,.,.,blink
10:18:19.3322,.,.,blink
10:18:19.3327,.,.,blink
10:18:19.3331,.,.,blink
10:18:19.3336,.,.,blink
10:18:19.3341,.,.,blink
10:18:19.3346,.,.,blink
10:18:19.3350,.,.,blink
10:18:19.3355,.,.,blink
10:18:19.336,.,.,blink
10:18:19.3364,.,.,blink
10:18:19.3369,.,.,blink
10:18:19.3374,.,.,blink
10:18:19.3378,.,.,blink
10:18:19.3383,.,.,blink
10:18:19.3388,.,.,blink
10:18:19.3392,.,.,blink
10:18:19.3397,.,.,blink
10:18:19.3402,.,.,blink
10:18:19.3407,.,.,blink
10:18:19.3411,.,.,blink
10:18:19.3416,.,.,blink
10:18:19.3421,.,.,blink
10:18:19.3425,.,.,blink
10:18:19.343,.,.,blink
10:18:19.3435,.,.,blink
10:18:19.3439,.,.,blink
10:18:19.3444,.,.,blink
10:18:19.3449,.,.,blink
10:18:19.3453,.,.,blink
10:18:19.3458,.,.,blink
10:18:19.3463,.,.,blink
10:18:19.3467,.,.,blink
10:18:19.3471,.,.,blink
10:18:19.3476,.,.,blink
10:18:19.3481,.,.,blink
10:18:19.3485,.,.,blink
10:18:19.349,.,.,blink
10:18:19.3495,.,.,blink
10:18:19.3499,.,.,blink
10:18:19.3504,.,.,blink
10:18:19.3509,.,.,blink
10:18:19.3513,.,.,blink
10:18:19.3517,.,.,blink
10:18:19.3522,.,.,blink
10:18:19.3527,.,.,blink
10:18:19.3531,.,.,blink
10:18:19.3536,.,.,blink
10:18:19.3541,.,.,blink
10:18:19.3545,.,.,blink
10:18:19.355,.,.,blink
10:18:19.3555,.,.,blink
10:18:19.3559,.,.,blink
10:18:19.3563,.,.,blink
10:18:19.3568,.,.,blink
10:18:19.3573,.,.,blink
10:18:19.3577,.,.,blink
10:18:19.3582,.,.,blink
10:18:19.3587,.,.,blink
10:18:19.3591,.,.,blink
10:18:19.3596,.,.,blink
10:18:19.3601,.,.,blink
10:18:19.3605,.,.,blink
10:18:19.3609,.,.,blink
10:18:19.3614,.,.,blink
10:18:19.3619,.,.,blink
10:18:19.3623,.,.,blink
10:18:19.3628,.,.,blink
10:18:19.3633,.,.,blink
10:18:19.3637,.,.,blink
10:18:19.3642,.,.,blink
10:18:19.3647,.,.,blink
10:18:19.3651,.,.,blink
10:18:19.3656,.,.,blink
10:18:19.3661,.,.,blink
10:18:19.3666,.,.,blink
10:18:19.3670,.,.,blink
10:18:19.3675,.,.,blink
10:18:19.368,.,.,blink
10:18:19.3684,.,.,blink
10:18:19.3689,.,.,blink
10:18:19.3694,.,.,blink
10:18:19.3698,.,.,blink
10:18:19.3703,.,.,blink
10:18:19.3708,.,.,blink
10:18:19.3712,.,.,blink
10:18:19.3717,.,.,blink
10:18:19.3722,.,.,blink
10:18:19.3727,.,.,blink
10:18:19.3731,.,.,blink
10:18:19.3736,.,.,blink
10:18:19.3741,.,.,blink
10:18:19.3745,.,.,blink
10:18:19.375,.,.,blink
10:18:19.3755,.,.,blink
10:18:19.3759,.,.,blink
10:18:19.3764,.,.,blink
10:18:19.3769,.,.,blink
10:18:19.3773,.,.,blink
10:18:19.3778,.,.,blink
10:18:19.3783,.,.,blink
10:18:19.3788,.,.,blink
10:18:19.3792,.,.,blink
10:18:19.3797,.,.,blink
10:18:19.3802,.,.,blink
10:18:19.3806,.,.,blink
10:18:19.3811,.,.,blink
10:18:19.3816,.,.,blink
10:18:19.3820,.,.,blink
10:18:19.3825,.,.,blink
10:18:19.383,.,.,blink
10:18:19.3834,.,.,blink
10:18:19.3839,.,.,blink
10:18:19.3844,.,.,blink
10:18:19.3849,.,.,blink
10:18:19.3853,.,.,blink
10:18:19.3858,.,.,blink
10:18:19.3863,.,.,blink
10:18:19.3867,.,.,blink
10:18:19.3872,.,.,blink
10:18:19.3877,.,.,blink
10:18:19.3881,.,.,blink
10:18:19.3886,.,.,blink
10:18:19.3891,.,.,blink
10:18:19.3895,.,.,blink
10:18:19.39,.,.,blink
10:18:19.3905,.,.,blink
10:18:19.391,.,.,blink
10:18:19.3914,.,.,blink
10:18:19.3919,.,.,blink
10:18:19.3924,.,.,blink
10:18:19.3928,.,.,blink
10:18:19.3933,.,.,blink
10:18:19.3938,.,.,blink
10:18:19.3942,.,.,blink
10:18:19.3947,.,.,blink
10:18:19.3952,.,.,blink
10:18:19.3956,.,.,blink
10:18:19.3961,.,.,blink
10:18:19.3966,.,.,blink
10:18:19.3971,.,.,blink
10:18:19.3975,.,.,blink
10:18:19.398,.,.,blink
10:18:19.3985,.,.,blink
10:18:19.3989,.,.,blink
10:18:19.3994,.,.,blink
10:18:19.3999,.,.,blink
10:18:19.4003,.,.,blink
10:18:19.4008,.,.,blink
10:18:19.4013,.,.,blink
10:18:19.4017,.,.,blink
10:18:19.4022,.,.,blink
10:18:19.4027,.,.,blink
10:18:19.4032,.,.,blink
10:18:19.4036,.,.,blink
10:18:19.4041,.,.,blink
10:18:19.4046,.,.,blink
10:18:19.4050,.,.,blink
10:18:19.4055,.,.,blink
10:18:19.406,.,.,blink
10:18:19.4064,.,.,blink
10:18:19.4069,.,.,blink
10:18:19.4074,.,.,blink
10:18:19.4078,.,.,blink
10:18:19.4083,.,.,blink
10:18:19.4088,.,.,blink
10:18:19.4092,.,.,blink
10:18:19.4096,.,.,blink
10:18:19.4101,.,.,blink
10:18:19.4106,.,.,blink
10:18:19.4110,.,.,blink
10:18:19.4115,.,.,blink
10:18:19.412,.,.,blink
10:18:19.4124,.,.,blink
10:18:19.4129,.,.,blink
10:18:19.4134,.,.,blink
10:18:19.4138,.,.,blink
10:18:19.4142,.,.,blink
10:18:19.4147,.,.,blink
10:18:19.4152,.,.,blink
10:18:19.4156,.,.,blink
10:18:19.4161,.,.,blink
10:18:19.4166,.,.,blink
10:18:19.4170,.,.,blink
10:18:19.4175,.,.,blink
10:18:19.418,.,.,blink
10:18:19.4184,.,.,blink
10:18:19.4188,.,.,blink
10:18:19.4193,.,.,blink
10:18:19.4198,.,.,blink
10:18:19.4202,.,.,blink
10:18:19.4207,.,.,blink
10:18:19.4212,.,.,blink
10:18:19.4216,.,.,blink
10:18:19.4221,.,.,blink
10:18:19.4226,.,.,blink
10:18:19.4230,.,.,blink
10:18:19.4234,.,.,blink
10:18:19.4239,.,.,blink
10:18:19.4244,.,.,blink
10:18:19.4248,.,.,blink
10:18:19.4253,.,.,blink
10:18:19.4258,.,.,blink
10:18:19.4262,.,.,blink
10:18:19.4267,.,.,blink
10:18:19.4272,.,.,blink
10:18:19.4276,.,.,blink
10:18:19.4281,.,.,blink
10:18:19.4286,.,.,blink
10:18:19.4291,.,.,blink
10:18:19.4295,.,.,blink
10:18:19.43,.,.,blink
10:18:19.4305,.,.,blink
10:18:19.4309,.,.,blink
10:18:19.4314,.,.,blink
10:18:19.4319,.,.,blink
10:18:19.4323,.,.,blink
10:18:19.4328,.,.,blink
10:18:19.4333,.,.,blink
10:18:19.4337,.,.,blink
10:18:19.4342,.,.,blink
10:18:19.4347,.,.,blink
10:18:19.4352,.,.,blink
10:18:19.4356,.,.,blink
10:18:19.4361,.,.,blink
10:18:19.4366,.,.,blink
10:18:19.4370,.,.,blink
10:18:19.4375,.,.,blink
10:18:19.438,.,.,blink
10:18:19.4384,.,.,blink
10:18:19.4389,.,.,blink
10:18:19.4394,.,.,blink
10:18:19.4398,.,.,blink
10:18:19.4403,.,.,blink
10:18:19.4408,.,.,blink
10:18:19.4413,.,.,blink
10:18:19.4417,.,.,blink
10:18:19.4422,.,.,blink
10:18:19.4427,.,.,blink
10:18:19.4431,.,.,blink
10:18:19.4436,.,.,blink
10:18:19.4441,.,.,blink
10:18:19.4445,.,.,blink
10:18:19.445,.,.,blink
10:18:19.4455,.,.,blink
10:18:19.4459,.,.,blink
10:18:19.4464,.,.,blink
10:18:19.4469,.,.,blink
10:18:19.4474,.,.,blink
10:18:19.4478,.,.,blink
10:18:19.4483,.,.,blink
10:18:19.4488,.,.,blink
10:18:19.4492,.,.,blink
10:18:19.4497,.,.,blink
10:18:19.4502,.,.,blink
10:18:19.4506,.,.,blink
10:18:19.4511,.,.,blink
10:18:19.4516,.,.,blink
10:18:19.4520,.,.,blink
10:18:19.4525,.,.,blink
10:18:19.453,.,.,blink
10:18:19.4535,.,.,blink
10:18:19.4539,.,.,blink
10:18:19.4544,.,.,blink
10:18:19.4549,.,.,blink
10:18:19.4553,.,.,blink
10:18:19.4558,.,.,blink
10:18:19.4563,.,.,blink
10:18:19.4567,.,.,blink
10:18:19.4572,.,.,blink
10:18:19.4577,.,.,blink
10:18:19.4581,.,.,blink
10:18:19.4586,.,.,blink
10:18:19.4591,.,.,blink
10:18:19.4596,.,.,blink
10:18:19.4600,.,.,blink
10:18:19.4605,.,.,blink
10:18:19.461,.,.,blink
10:18:19.4614,.,.,blink
10:18:19.4619,.,.,blink
10:18:19.4624,.,.,blink
10:18:19.4628,.,.,blink
10:18:19.4633,.,.,blink
10:18:19.4638,.,.,blink
10:18:19.4642,.,.,blink
10:18:19.4647,.,.,blink
10:18:19.4652,.,.,blink
10:18:19.4657,.,.,blink
10:18:19.4661,.,.,blink
10:18:19.4666,.,.,blink
10:18:19.4671,.,.,blink
10:18:19.4675,.,.,blink
10:18:19.468,.,.,blink
10:18:19.4685,.,.,blink
10:18:19.4689,.,.,blink
10:18:19.4694,.,.,blink
10:18:19.4699,.,.,blink
10:18:19.4703,.,.,blink
10:18:19.4708,.,.,blink
10:18:19.4713,.,.,blink
10:18:19.4717,.,.,blink
10:18:19.4721,.,.,blink
10:18:19.4726,.,.,blink
10:18:19.4731,.,.,blink
10:18:19.4735,.,.,blink
10:18:19.474,.,.,blink
10:18:19.4745,.,.,blink
10:18:19.4749,.,.,blink
10:18:19.4754,.,.,blink
10:18:19.4759,.,.,blink
10:18:19.4763,.,.,blink
10:18:19.4767,.,.,blink
10:18:19.4772,.,.,blink
10:18:19.4777,.,.,blink
10:18:19.4781,.,.,blink
10:18:19.4786,.,.,blink
10:18:19.4791,.,.,blink
10:18:19.4795,.,.,blink
10:18:19.48,.,.,blink
10:18:19.4805,.,.,blink
10:18:19.4809,.,.,blink
10:18:19.4813,.,.,blink
10:18:19.4818,.,.,blink
10:18:19.4823,.,.,blink
10:18:19.4827,.,.,blink
10:18:19.4832,.,.,blink
10:18:19.4837,.,.,blink
10:18:19.4841,.,.,blink
10:18:19.4846,.,.,blink
10:18:19.4851,.,.,blink
10:18:19.4855,.,.,blink
10:18:19.4859,.,.,blink
10:18:19.4864,.,.,blink
10:18:19.4869,.,.,blink
10:18:19.4873,.,.,blink
10:18:19.4878,.,.,blink
10:18:19.4883,.,.,blink
10:18:19.4887,.,.,blink
10:18:19.4892,.,.,blink
10:18:19.4897,.,.,blink
10:18:19.4901,.,.,blink
10:18:19.4906,.,.,blink
10:18:19.4911,.,.,blink
10:18:19.4916,.,.,blink
10:18:19.4920,.,.,blink
10:18:19.4925,.,.,blink
10:18:19.493,.,.,blink
10:18:19.4934,.,.,blink
10:18:19.4939,.,.,blink
10:18:19.4944,.,.,blink
10:18:19.4948,.,.,blink
10:18:19.4953,.,.,blink
10:18:19.4958,.,.,blink
10:18:19.4962,.,.,blink
10:18:19.4967,.,.,blink
10:18:19.4972,.,.,blink
10:18:19.4977,.,.,blink
10:18:19.4981,.,.,blink
10:18:19.4986,.,.,blink
10:18:19.4991,.,.,blink
10:18:19.4995,.,.,blink
10:18:19.5,.,.,blink
10:18:19.5005,.,.,blink
10:18:19.5009,.,.,blink
10:18:19.5014,.,.,blink
10:18:19.5019,.,.,blink
10:18:19.5023,.,.,blink
10:18:19.5028,.,.,blink
10:18:19.5033,.,.,blink
10:18:19.5038,.,.,blink
10:18:19.5042,.,.,blink
10:18:19.5047,.,.,blink
10:18:19.5052,.,.,blink
10:18:19.5056,.,.,blink
10:18:19.5061,.,.,blink
10:18:19.5066,.,.,blink
10:18:19.5070,.,.,blink
10:18:19.5075,.,.,blink
10:18:19.508,.,.,blink
10:18:19.5084,.,.,blink
10:18:19.5089,.,.,blink
10:18:19.5094,.,.,blink
10:18:19.5099,.,.,blink
10:18:19.5103,.,.,blink
10:18:19.5108,.,.,blink
10:18:19.5113,.,.,blink
10:18:19.5117,.,.,blink
10:18:19.5122,.,.,blink
10:18:19.5127,.,.,blink
10:18:19.5131,.,.,blink
10:18:19.5136,.,.,blink
10:18:19.5141,.,.,blink
10:18:19.5145,.,.,blink
10:18:19.515,.,.,blink
10:18:19.5155,.,.,blink
10:18:19.516,.,.,blink
10:18:19.5164,.,.,blink
10:18:19.5169,.,.,blink
10:18:19.5174,.,.,blink
10:18:19.5178,.,.,blink
10:18:19.5183,.,.,blink
10:18:19.5188,.,.,blink
10:18:19.5192,.,.,blink
10:18:19.5197,.,.,blink
10:18:19.5202,.,.,blink
10:18:19.5206,.,.,blink
10:18:19.5211,.,.,blink
10:18:19.5216,.,.,blink
10:18:19.5221,.,.,blink
10:18:19.5225,.,.,blink
10:18:19.523,.,.,blink
10:18:19.5235,.,.,blink
10:18:19.5239,.,.,blink
10:18:19.5244,.,.,blink
10:18:19.5249,.,.,blink
10:18:19.5253,.,.,blink
10:18:19.5258,.,.,blink
10:18:19.5263,.,.,blink
10:18:19.5267,.,.,blink
10:18:19.5272,.,.,blink
10:18:19.5277,.,.,blink
10:18:19.5282,.,.,blink
10:18:19.5286,.,.,blink
10:18:19.5291,.,.,blink
10:18:19.5296,.,.,blink
10:18:19.5300,.,.,blink
10:18:19.5305,.,.,blink
10:18:19.531,.,.,blink
10:18:19.5314,.,.,blink
10:18:19.5319,.,.,blink
10:18:19.5324,.,.,blink
10:18:19.5328,.,.,blink
10:18:19.5333,.,.,blink
10:18:19.5338,.,.,blink
10:18:19.5342,.,.,blink
10:18:19.5346,.,.,blink
10:18:19.5351,.,.,blink
10:18:19.5356,.,.,blink
10:18:19.5360,.,.,blink
10:18:19.5365,.,.,blink
10:18:19.537,.,.,blink
10:18:19.5374,.,.,blink
10:18:19.5379,.,.,blink
10:18:19.5384,.,.,blink
10:18:19.5388,.,.,blink
10:18:19.5392,.,.,blink
10:18:19.5397,.,.,blink
10:18:19.5402,.,.,blink
10:18:19.5406,.,.,blink
10:18:19.5411,.,.,blink
10:18:19.5416,.,.,blink
10:18:19.5420,.,.,blink
10:18:19.5425,.,.,blink
10:18:19.543,.,.,blink
10:18:19.5434,.,.,blink
10:18:19.5438,.,.,blink
10:18:19.5443,.,.,blink
10:18:19.5448,.,.,blink
10:18:19.5452,.,.,blink
10:18:19.5457,.,.,blink
10:18:19.5462,.,.,blink
10:18:19.5466,.,.,blink
10:18:19.5471,.,.,blink
10:18:19.5476,.,.,blink
10:18:19.5480,.,.,blink
10:18:19.5484,.,.,blink
10:18:19.5489,.,.,blink
10:18:19.5494,.,.,blink
10:18:19.5498,.,.,blink
10:18:19.5503,.,.,blink
10:18:19.5508,.,.,blink
10:18:19.5512,.,.,blink
10:18:19.5517,.,.,blink
10:18:19.5522,.,.,blink
10:18:19.5526,.,.,blink
10:18:19.5531,.,.,blink
10:18:19.5536,.,.,blink
10:18:19.5541,.,.,blink
10:18:19.5545,.,.,blink
10:18:19.555,.,.,blink
10:18:19.5555,.,.,blink
10:18:19.5559,.,.,blink
10:18:19.5564,.,.,blink
10:18:19.5569,.,.,blink
10:18:19.5573,.,.,blink
10:18:19.5578,.,.,blink
10:18:19.5583,.,.,blink
10:18:19.5587,.,.,blink
10:18:19.5592,.,.,blink
10:18:19.5597,.,.,blink
10:18:19.5602,.,.,blink
10:18:19.5606,.,.,blink
10:18:19.5611,.,.,blink
10:18:19.5616,.,.,blink
10:18:19.5620,.,.,blink
10:18:19.5625,.,.,blink
10:18:19.563,.,.,blink
10:18:19.5634,.,.,blink
10:18:19.5639,.,.,blink
10:18:19.5644,.,.,blink
10:18:19.5648,.,.,blink
10:18:19.5653,.,.,blink
10:18:19.5658,.,.,blink
10:18:19.5663,.,.,blink
10:18:19.5667,.,.,blink
10:18:19.5672,.,.,blink
10:18:19.5677,.,.,blink
10:18:19.5681,.,.,blink
10:18:19.5686,.,.,blink
10:18:19.5691,.,.,blink
10:18:19.5695,.,.,blink
10:18:19.57,.,.,blink
10:18:19.5705,.,.,blink
10:18:19.5709,.,.,blink
10:18:19.5714,.,.,blink
10:18:19.5719,.,.,blink
10:18:19.5724,.,.,blink
10:18:19.5728,.,.,blink
10:18:19.5733,.,.,blink
10:18:19.5738,.,.,blink
10:18:19.5742,.,.,blink
10:18:19.5747,.,.,blink
10:18:19.5752,.,.,blink
10:18:19.5756,.,.,blink
10:18:19.5761,.,.,blink
10:18:19.5766,.,.,blink
10:18:19.5770,.,.,blink
10:18:19.5775,.,.,blink
10:18:19.578,.,.,blink
10:18:19.5785,.,.,blink
10:18:19.5789,.,.,blink
10:18:19.5794,.,.,blink
10:18:19.5799,.,.,blink
10:18:19.5803,.,.,blink
10:18:19.5808,.,.,blink
10:18:19.5813,.,.,blink
10:18:19.5817,.,.,blink
10:18:19.5822,.,.,blink
10:18:19.5827,.,.,blink
10:18:19.5831,.,.,blink
10:18:19.5836,.,.,blink
10:18:19.5841,-1081.3,910.2,fixation
10:18:19.5846,-1079.2,908.7,fixation
10:18:19.5850,-1077.4,907.5,fixation
10:18:19.5855,-1075.3,907.8,fixation
10:18:19.586,-1072.4,906.0,fixation
10:18:19.5864,-1071.8,904.0,fixation
10:18:19.5869,-1075.3,910.4,fixation
10:18:19.5874,-1079.4,918.8,fixation
10:18:19.5878,-1082.0,927.2,fixation
10:18:19.5883,-1075.5,919.6,fixation
10:18:19.5888,-1068.7,911.9,fixation
10:18:19.5892,-1065.9,909.9,fixation
10:18:19.5897,-1068.1,915.3,fixation
10:18:19.5902,-1072.3,922.9,fixation
10:18:19.5907,-1074.8,927.1,fixation
10:18:19.5911,-1077.6,933.4,fixation
10:18:19.5916,-1079.0,937.7,fixation
10:18:19.5921,-1079.1,946.1,fixation
10:18:19.5925,-1079.6,952.5,fixation
10:18:19.593,-1077.5,954.0,fixation
10:18:19.5935,-1074.1,949.1,fixation
10:18:19.5939,-1069.9,944.1,fixation
10:18:19.5944,-1068.9,945.5,fixation
10:18:19.5949,-1066.8,946.9,fixation
10:18:19.5953,-1064.7,948.2,fixation
10:18:19.5958,-1061.7,947.4,fixation
10:18:19.5963,-1061.5,946.9,fixation
10:18:19.5967,-1062.4,948.4,fixation
10:18:19.5971,-1063.0,950.4,fixation
10:18:19.5976,-1063.7,952.4,fixation
10:18:19.5981,-1062.8,951.3,fixation
10:18:19.5985,-1059.9,950.0,fixation
10:18:19.599,-1056.7,948.2,fixation
10:18:19.5995,-1053.7,947.3,fixation
10:18:19.5999,-1053.1,947.5,fixation
10:18:19.6004,-1050.8,948.1,fixation
10:18:19.6009,-1048.9,948.8,fixation
10:18:19.6013,-1048.1,948.9,fixation
10:18:19.6017,-1050.4,949.5,fixation
10:18:19.6022,-1051.7,950.2,fixation
10:18:19.6027,-1054.8,956.6,fixation
10:18:19.6031,-1058.2,962.8,fixation
10:18:19.6036,-1061.8,969.2,fixation
10:18:19.6041,-1062.4,969.8,fixation
10:18:19.6045,-1058.5,964.1,fixation
10:18:19.605,-1054.8,958.0,fixation
10:18:19.6055,-1051.1,951.9,fixation
10:18:19.6059,-1051.6,952.0,fixation
10:18:19.6063,-1054.6,955.7,fixation
10:18:19.6068,-1057.9,960.2,fixation
10:18:19.6073,-1060.3,964.6,fixation
10:18:19.6077,-1057.8,959.3,fixation
10:18:19.6082,-1050.6,953.0,fixation
10:18:19.6087,-1046.2,954.8,fixation
10:18:19.6091,-1044.7,962.2,fixation
10:18:19.6096,-1047.2,969.5,fixation
10:18:19.6101,-1046.1,967.0,fixation
10:18:19.6105,-1045.0,964.4,fixation
10:18:19.6109,-1044.3,962.2,fixation
10:18:19.6114,-1044.6,961.8,fixation
10:18:19.6119,-1045.0,961.7,fixation
10:18:19.6123,-1044.1,961.5,fixation
10:18:19.6128,-1042.9,963.5,fixation
10:18:19.6133,-1041.8,965.6,fixation
10:18:19.6137,-1039.0,966.5,fixation
10:18:19.6142,-1034.2,961.3,fixation
10:18:19.6147,-1029.3,956.1,fixation
10:18:19.6151,-1027.2,952.1,fixation
10:18:19.6156,-1032.8,957.6,fixation
10:18:19.6161,-1038.7,963.1,fixation
10:18:19.6166,-1045.1,967.9,fixation
10:18:19.6170,-1045.2,964.0,fixation
10:18:19.6175,-1045.5,961.1,fixation
10:18:19.618,-1039.7,958.9,fixation
10:18:19.6184,-1034.7,960.0,fixation
10:18:19.6189,-1029.2,960.1,fixation
10:18:19.6194,-1031.4,962.3,fixation
10:18:19.6198,-1032.6,963.6,fixation
10:18:19.6203,-1033.6,964.9,fixation
10:18:19.6208,-1032.5,964.0,fixation
10:18:19.6212,-1032.6,964.1,fixation
10:18:19.6217,-1032.9,963.0,fixation
10:18:19.6222,-1033.5,962.0,fixation
10:18:19.6227,-1035.3,964.3,fixation
10:18:19.6231,-1037.1,967.5,fixation
10:18:19.6236,-1038.7,967.5,fixation
10:18:19.6241,-1040.0,964.4,fixation
10:18:19.6245,-1041.9,962.5,fixation
10:18:19.625,-1043.4,963.8,fixation
10:18:19.6255,-1043.2,965.1,fixation
10:18:19.6259,-1042.4,965.0,fixation
10:18:19.6264,-1040.3,961.5,fixation
10:18:19.6269,-1038.5,957.7,fixation
10:18:19.6273,-1035.0,953.8,fixation
10:18:19.6278,-1033.8,954.4,fixation
10:18:19.6283,-1033.1,956.3,fixation
10:18:19.6288,-1034.1,958.2,fixation
10:18:19.6292,-1034.5,959.8,fixation
10:18:19.6297,-1034.6,960.3,fixation
10:18:19.6302,-1033.5,957.7,fixation
10:18:19.6306,-1032.8,954.5,fixation
10:18:19.6311,-1032.0,951.6,fixation
10:18:19.6316,-1032.2,952.4,fixation
10:18:19.6320,-1032.7,953.7,fixation
10:18:19.6325,-1033.8,954.9,fixation
10:18:19.633,-1034.3,954.5,fixation
10:18:19.6334,-1033.4,952.5,fixation
10:18:19.6339,-1031.9,950.0,fixation
10:18:19.6344,-1030.9,948.2,fixation
10:18:19.6349,-1026.6,947.1,fixation
10:18:19.6353,-1023.8,949.0,fixation
10:18:19.6358,-1023.2,951.5,fixation
10:18:19.6363,-1026.6,954.2,fixation
10:18:19.6367,-1028.7,954.4,fixation
10:18:19.6372,-1026.6,954.1,fixation
10:18:19.6377,-1024.4,953.6,fixation
10:18:19.6381,-1024.3,949.6,fixation
10:18:19.6386,-1026.0,945.3,fixation
10:18:19.6391,-1026.9,939.9,fixation
10:18:19.6395,-1025.8,938.4,fixation
10:18:19.64,-1024.5,937.6,fixation
10:18:19.6405,-1023.8,936.7,fixation
10:18:19.641,-1023.2,935.5,fixation
10:18:19.6414,-1023.6,934.1,fixation
10:18:19.6419,-1025.8,936.5,fixation
10:18:19.6424,-1024.6,938.3,fixation
10:18:19.6428,-1022.9,940.0,fixation
10:18:19.6433,-1020.4,939.8,fixation
10:18:19.6438,-1021.7,942.0,fixation
10:18:19.6442,-1024.6,944.3,fixation
10:18:19.6447,-1027.6,947.1,fixation
10:18:19.6452,-1029.7,948.4,fixation
10:18:19.6456,-1028.4,948.9,fixation
10:18:19.6461,-1026.2,947.9,fixation
10:18:19.6466,-1023.4,945.4,fixation
10:18:19.6471,-1022.9,944.4,fixation
10:18:19.6475,-1026.0,944.2,fixation
10:18:19.648,-1029.9,945.4,fixation
10:18:19.6485,-1032.8,944.4,fixation
10:18:19.6489,-1031.9,941.9,fixation
10:18:19.6494,-1030.7,939.6,fixation
10:18:19.6499,-1029.5,938.9,fixation
10:18:19.6503,-1029.4,943.8,fixation
10:18:19.6508,-1029.6,948.5,fixation
10:18:19.6513,-1029.9,951.9,fixation
10:18:19.6517,-1029.2,950.0,fixation
10:18:19.6522,-1028.9,948.0,fixation
10:18:19.6527,-1030.5,949.7,fixation
10:18:19.6532,-1032.0,951.1,fixation
10:18:19.6536,-1032.6,951.3,fixation
10:18:19.6541,-1030.7,949.3,fixation
10:18:19.6546,-1029.5,948.6,fixation
10:18:19.6550,-1031.0,948.7,fixation
10:18:19.6555,-1034.1,948.4,fixation
10:18:19.656,-1037.6,949.0,fixation
10:18:19.6564,-1037.4,949.9,fixation
10:18:19.6569,-1035.9,950.0,fixation
10:18:19.6574,-1032.3,949.0,fixation
10:18:19.6578,-1031.1,948.1,fixation
10:18:19.6583,-1028.8,945.3,fixation
10:18:19.6588,-1026.0,938.4,fixation
10:18:19.6592,-1022.0,931.4,fixation
10:18:19.6596,-1019.4,928.0,fixation
10:18:19.6601,-1019.3,929.6,fixation
10:18:19.6606,-1020.6,932.9,fixation
10:18:19.6610,-1021.5,935.0,fixation
10:18:19.6615,-1021.9,936.0,fixation
10:18:19.662,-1021.7,935.8,fixation
10:18:19.6624,-1021.8,935.9,fixation
10:18:19.6629,-1023.7,937.2,fixation
10:18:19.6634,-1025.3,938.5,fixation
10:18:19.6638,-1026.7,940.4,fixation
10:18:19.6642,-1026.9,941.5,fixation
10:18:19.6647,-1028.1,942.9,fixation
10:18:19.6652,-1029.9,944.7,fixation
10:18:19.6656,-1029.8,946.3,fixation
10:18:19.6661,-1026.1,943.8,fixation
10:18:19.6666,-1021.9,940.5,fixation
10:18:19.6670,-1024.0,936.2,fixation
10:18:19.6675,-1028.8,935.1,fixation
10:18:19.668,-1032.2,933.8,fixation
10:18:19.6684,-1030.6,934.1,fixation
10:18:19.6688,-1031.0,938.5,fixation
10:18:19.6693,-1032.9,943.1,fixation
10:18:19.6698,-1028.8,942.3,fixation
10:18:19.6702,-1022.6,937.5,fixation
10:18:19.6707,-1014.9,929.5,fixation
10:18:19.6712,-1016.9,926.7,fixation
10:18:19.6716,-1020.8,927.7,fixation
10:18:19.6721,-1026.8,931.9,fixation
10:18:19.6726,-1030.3,937.9,fixation
10:18:19.6730,-1031.9,940.1,fixation
10:18:19.6734,-1033.0,942.3,fixation
10:18:19.6739,-1032.5,942.3,fixation
10:18:19.6744,-1031.8,943.2,fixation
10:18:19.6748,-1027.1,943.7,fixation
10:18:19.6753,-1023.1,944.4,fixation
10:18:19.6758,-1022.9,944.5,fixation
10:18:19.6762,-1027.8,947.1,fixation
10:18:19.6767,-1032.6,949.6,fixation
10:18:19.6772,-1033.7,948.3,fixation
10:18:19.6776,-1033.7,944.8,fixation
10:18:19.6781,-1031.9,937.5,fixation
10:18:19.6786,-1031.3,936.1,fixation
10:18:19.6791,-1032.0,936.3,fixation
10:18:19.6795,-1034.5,940.3,fixation
10:18:19.68,-1036.6,942.4,fixation
10:18:19.6805,-1037.3,942.9,fixation
10:18:19.6809,-1037.5,942.8,fixation
10:18:19.6814,-1036.8,942.2,fixation
10:18:19.6819,-1033.1,941.5,fixation
10:18:19.6823,-1029.9,941.3,fixation
10:18:19.6828,-1028.1,943.2,fixation
10:18:19.6833,-1033.3,945.6,fixation
10:18:19.6837,-1038.4,947.7,fixation
10:18:19.6842,-1041.9,947.8,fixation
10:18:19.6847,-1041.4,947.8,fixation
10:18:19.6852,-1041.1,948.3,fixation
10:18:19.6856,-1041.2,949.8,fixation
10:18:19.6861,-1038.3,950.7,fixation
10:18:19.6866,-1033.6,948.1,fixation
10:18:19.6870,-1027.7,943.2,fixation
10:18:19.6875,-1024.9,938.5,fixation
10:18:19.688,-1026.5,938.6,fixation
10:18:19.6884,-1030.3,942.3,fixation
10:18:19.6889,-1034.0,945.9,fixation
10:18:19.6894,-1033.4,948.9,fixation
10:18:19.6898,-1031.4,949.4,fixation
10:18:19.6903,-1029.8,949.4,fixation
10:18:19.6908,-1027.8,943.2,fixation
10:18:19.6913,-1031.8,940.8,fixation
10:18:19.6917,-1036.1,940.2,fixation
10:18:19.6922,-1040.9,944.7,fixation
10:18:19.6927,-1040.2,946.1,fixation
10:18:19.6931,-1040.2,949.1,fixation
10:18:19.6936,-1039.5,952.0,fixation
10:18:19.6941,-1038.8,954.9,fixation
10:18:19.6945,-1035.3,951.7,fixation
10:18:19.695,-1034.1,948.7,fixation
10:18:19.6955,-1032.5,946.3,fixation
10:18:19.6959,-1033.7,947.7,fixation
10:18:19.6964,-1036.6,952.3,fixation
10:18:19.6969,-1039.6,956.3,fixation
10:18:19.6974,-1040.7,958.5,fixation
10:18:19.6978,-1039.6,957.9,fixation
10:18:19.6983,-1039.5,957.4,fixation
10:18:19.6988,-1039.9,958.0,fixation
10:18:19.6992,-1039.9,958.0,fixation
10:18:19.6997,-1038.9,957.7,fixation
10:18:19.7002,-1037.7,956.6,fixation
10:18:19.7006,-1037.4,955.6,fixation
10:18:19.7011,-1033.7,957.6,fixation
10:18:19.7016,-1030.4,960.3,fixation
10:18:19.7020,-1029.8,963.3,fixation
10:18:19.7025,-1033.7,965.7,fixation
10:18:19.703,-1038.9,968.2,fixation
10:18:19.7035,-1040.6,969.0,fixation
10:18:19.7039,-1038.9,967.6,fixation
10:18:19.7044,-1036.0,966.0,fixation
10:18:19.7049,-1033.9,966.2,fixation
10:18:19.7053,-1034.2,966.4,fixation
10:18:19.7058,-1034.8,965.1,fixation
10:18:19.7063,-1034.5,962.1,fixation
10:18:19.7067,-1032.9,959.0,fixation
10:18:19.7072,-1033.0,961.2,fixation
10:18:19.7077,-1033.5,963.9,fixation
10:18:19.7081,-1036.7,966.1,fixation
10:18:19.7086,-1038.0,964.6,fixation
10:18:19.7091,-1036.1,962.0,fixation
10:18:19.7096,-1032.6,960.1,fixation
10:18:19.7100,-1030.2,956.5,fixation
10:18:19.7105,-1034.5,955.2,fixation
10:18:19.711,-1038.9,953.8,fixation
10:18:19.7114,-1039.6,955.6,fixation
10:18:19.7119,-1035.2,959.0,fixation
10:18:19.7124,-1030.7,962.4,fixation
10:18:19.7128,-1029.4,964.2,fixation
10:18:19.7133,-1030.0,964.2,fixation
10:18:19.7138,-1030.1,963.0,fixation
10:18:19.7142,-1031.4,962.0,fixation
10:18:19.7147,-1033.3,962.4,fixation
10:18:19.7152,-1035.8,963.8,fixation
10:18:19.7157,-1036.8,965.6,fixation
10:18:19.7161,-1033.5,966.4,fixation
10:18:19.7166,-1030.4,967.4,fixation
10:18:19.7171,-1030.4,968.0,fixation
10:18:19.7175,-1034.1,970.7,fixation
10:18:19.718,-1037.8,975.7,fixation
10:18:19.7185,-1038.1,981.2,fixation
10:18:19.7189,-1038.3,984.2,fixation
10:18:19.7194,-1039.0,981.8,fixation
10:18:19.7199,-1040.0,978.8,fixation
10:18:19.7203,-1041.3,976.6,fixation
10:18:19.7208,-1042.4,978.4,fixation
10:18:19.7213,-1043.1,980.2,fixation
10:18:19.7217,-1042.8,979.8,fixation
10:18:19.7221,-1041.5,976.8,fixation
10:18:19.7226,-1040.3,973.5,fixation
10:18:19.7231,-1039.7,971.4,fixation
10:18:19.7235,-1039.0,971.1,fixation
10:18:19.724,-1038.6,971.5,fixation
10:18:19.7245,-1036.8,971.7,fixation
10:18:19.7249,-1035.8,972.1,fixation
10:18:19.7254,-1033.9,970.8,fixation
10:18:19.7259,-1032.7,968.5,fixation
10:18:19.7263,-1031.6,966.2,fixation
10:18:19.7267,-1031.0,965.3,fixation
10:18:19.7272,-1031.2,965.9,fixation
10:18:19.7277,-1035.8,966.8,fixation
10:18:19.7281,-1040.6,964.6,fixation
10:18:19.7286,-1045.3,962.1,fixation
10:18:19.7291,-1045.6,959.3,fixation
10:18:19.7295,-1046.0,960.2,fixation
10:18:19.73,-1047.1,963.4,fixation
10:18:19.7305,-1048.1,966.5,fixation
10:18:19.7309,-1047.5,966.8,fixation
10:18:19.7313,-1046.2,964.8,fixation
10:18:19.7318,-1044.8,962.9,fixation
10:18:19.7323,-1043.8,963.3,fixation
10:18:19.7327,-1042.8,963.5,fixation
10:18:19.7332,-1041.8,963.5,fixation
10:18:19.7337,-1040.8,960.6,fixation
10:18:19.7341,-1041.1,959.1,fixation
10:18:19.7346,-1041.3,957.9,fixation
10:18:19.7351,-1039.2,952.4,fixation
10:18:19.7355,-1036.7,945.8,fixation
10:18:19.7359,-1035.5,940.0,fixation
10:18:19.7364,-1038.7,941.6,fixation
10:18:19.7369,-1044.9,950.7,fixation
10:18:19.7373,-1049.8,959.0,fixation
10:18:19.7378,-1052.6,965.0,fixation
10:18:19.7383,-1051.0,962.5,fixation
10:18:19.7387,-1049.1,960.1,fixation
10:18:19.7392,-1049.0,959.5,fixation
10:18:19.7397,-1050.1,959.6,fixation
10:18:19.7401,-1051.2,960.1,fixation
10:18:19.7406,-1051.7,960.4,fixation
10:18:19.7411,-1054.7,960.8,fixation
10:18:19.7416,-1057.3,959.9,fixation
10:18:19.7420,-1059.3,957.9,fixation
10:18:19.7425,-1055.8,955.4,fixation
10:18:19.743,-1052.8,953.7,fixation
10:18:19.7434,-1050.7,953.4,fixation
10:18:19.7439,-1052.1,955.9,fixation
10:18:19.7444,-1053.7,958.5,fixation
10:18:19.7448,-1055.1,961.0,fixation
10:18:19.7453,-1055.3,961.1,fixation
10:18:19.7458,-1054.9,958.6,fixation
10:18:19.7462,-1054.6,956.1,fixation
10:18:19.7467,-1053.8,952.6,fixation
10:18:19.7472,-1057.8,952.0,fixation
10:18:19.7477,-1062.8,953.6,fixation
10:18:19.7481,-1066.7,955.4,fixation
10:18:19.7486,-1065.9,956.0,fixation
10:18:19.7491,-1063.5,953.7,fixation
10:18:19.7495,-1060.8,946.3,fixation
10:18:19.75,-1061.5,940.0,fixation
10:18:19.7505,-1062.6,934.3,fixation
10:18:19.7509,-1065.4,934.6,fixation
10:18:19.7514,-1065.7,935.3,fixation
10:18:19.7519,-1065.3,936.7,fixation
10:18:19.7523,-1065.3,938.1,fixation
10:18:19.7528,-1062.1,932.4,fixation
10:18:19.7533,-1059.7,926.0,fixation
10:18:19.7538,-1057.6,921.0,fixation
10:18:19.7542,-1059.1,923.9,fixation
10:18:19.7547,-1061.1,927.7,fixation
10:18:19.7552,-1063.0,931.1,fixation
10:18:19.7556,-1062.8,930.0,fixation
10:18:19.7561,-1062.8,928.9,fixation
10:18:19.7566,-1062.3,927.1,fixation
10:18:19.7570,-1063.7,928.3,fixation
10:18:19.7575,-1065.2,928.6,fixation
10:18:19.758,-1067.0,929.0,fixation
10:18:19.7584,-1071.1,929.6,fixation
10:18:19.7589,-1074.7,930.4,fixation
10:18:19.7594,-1077.9,931.0,fixation
10:18:19.7599,-1076.3,927.1,saccade
10:18:19.7603,-1075.5,925.1,saccade
10:18:19.7608,-1075.5,924.9,saccade
10:18:19.7613,-1073.7,922.7,saccade
10:18:19.7617,-1071.6,920.0,saccade
10:18:19.7622,-1073.7,917.6,saccade
10:18:19.7627,-1078.6,918.0,saccade
10:18:19.7631,-1083.9,921.5,saccade
10:18:19.7636,-1085.4,927.1,saccade
10:18:19.7641,-1086.2,932.5,saccade
10:18:19.7645,-1087.7,930.5,saccade
10:18:19.765,-1089.6,923.4,saccade
10:18:19.7655,-1091.4,916.3,saccade
10:18:19.766,-1092.4,915.7,saccade
10:18:19.7664,-1092.8,918.0,saccade
10:18:19.7669,-1092.5,918.3,saccade
10:18:19.7674,-1092.1,916.5,saccade
10:18:19.7678,-1093.7,915.1,saccade
10:18:19.7683,.,.,blink
10:18:19.7688,.,.,blink
10:18:19.7692,.,.,blink
10:18:19.7697,.,.,blink
10:18:19.7702,.,.,blink
10:18:19.7706,.,.,blink
10:18:19.7711,.,.,blink
10:18:19.7716,.,.,blink
10:18:19.7721,.,.,blink
10:18:19.7725,.,.,blink
10:18:19.773,.,.,blink
10:18:19.7735,.,.,blink
10:18:19.7739,.,.,blink
10:18:19.7744,.,.,blink
10:18:19.7749,.,.,blink
10:18:19.7753,.,.,blink
10:18:19.7758,.,.,blink
10:18:19.7763,.,.,blink
10:18:19.7767,.,.,blink
10:18:19.7772,.,.,blink
10:18:19.7777,.,.,blink
10:18:19.7782,.,.,blink
10:18:19.7786,.,.,blink
10:18:19.7791,.,.,blink
10:18:19.7796,.,.,blink
10:18:19.7800,.,.,blink
10:18:19.7805,.,.,blink
10:18:19.781,.,.,blink
10:18:19.7814,.,.,blink
10:18:19.7819,.,.,blink
10:18:19.7824,.,.,blink
10:18:19.7828,.,.,blink
10:18:19.7833,.,.,blink
10:18:19.7838,.,.,blink
10:18:19.7842,.,.,blink
10:18:19.7846,.,.,blink
10:18:19.7851,.,.,blink
10:18:19.7856,.,.,blink
10:18:19.7860,.,.,blink
10:18:19.7865,.,.,blink
10:18:19.787,.,.,blink
10:18:19.7874,.,.,blink
10:18:19.7879,.,.,blink
10:18:19.7884,.,.,blink
10:18:19.7888,.,.,blink
10:18:19.7892,.,.,blink
10:18:19.7897,.,.,blink
10:18:19.7902,.,.,blink
10:18:19.7906,.,.,blink
10:18:19.7911,.,.,blink
10:18:19.7916,.,.,blink
10:18:19.7920,.,.,blink
10:18:19.7925,.,.,blink
10:18:19.793,.,.,blink
10:18:19.7934,.,.,blink
10:18:19.7938,.,.,blink
10:18:19.7943,.,.,blink
10:18:19.7948,.,.,blink
10:18:19.7952,.,.,blink
10:18:19.7957,.,.,blink
10:18:19.7962,.,.,blink
10:18:19.7966,.,.,blink
10:18:19.7971,.,.,blink
10:18:19.7976,.,.,blink
10:18:19.7980,.,.,blink
10:18:19.7984,.,.,blink
10:18:19.7989,.,.,blink
10:18:19.7994,.,.,blink
10:18:19.7998,.,.,blink
10:18:19.8003,.,.,blink
10:18:19.8008,.,.,blink
10:18:19.8012,.,.,blink
10:18:19.8017,.,.,blink
10:18:19.8022,.,.,blink
10:18:19.8026,.,.,blink
10:18:19.8031,.,.,blink
10:18:19.8036,.,.,blink
10:18:19.8041,.,.,blink
10:18:19.8045,.,.,blink
10:18:19.805,.,.,blink
10:18:19.8055,.,.,blink
10:18:19.8059,.,.,blink
10:18:19.8064,.,.,blink
10:18:19.8069,.,.,blink
10:18:19.8073,.,.,blink
10:18:19.8078,.,.,blink
10:18:19.8083,.,.,blink
10:18:19.8087,.,.,blink
10:18:19.8092,.,.,blink
10:18:19.8097,.,.,blink
10:18:19.8102,.,.,blink
10:18:19.8106,.,.,blink
10:18:19.8111,.,.,blink
10:18:19.8116,.,.,blink
10:18:19.8120,.,.,blink
10:18:19.8125,.,.,blink
10:18:19.813,.,.,blink
10:18:19.8134,.,.,blink
10:18:19.8139,.,.,blink
10:18:19.8144,.,.,blink
10:18:19.8148,.,.,blink
10:18:19.8153,.,.,blink
10:18:19.8158,.,.,blink
10:18:19.8163,.,.,blink
10:18:19.8167,.,.,blink
10:18:19.8172,.,.,blink
10:18:19.8177,.,.,blink
10:18:19.8181,.,.,blink
10:18:19.8186,.,.,blink
10:18:19.8191,.,.,blink
10:18:19.8195,.,.,blink
10:18:19.82,.,.,blink
10:18:19.8205,.,.,blink
10:18:19.8209,.,.,blink
10:18:19.8214,.,.,blink
10:18:19.8219,.,.,blink
10:18:19.8224,.,.,blink
10:18:19.8228,.,.,blink
10:18:19.8233,.,.,blink
10:18:19.8238,.,.,blink
10:18:19.8242,.,.,blink
10:18:19.8247,.,.,blink
10:18:19.8252,.,.,blink
10:18:19.8256,.,.,blink
10:18:19.8261,.,.,blink
10:18:19.8266,.,.,blink
10:18:19.8270,.,.,blink
10:18:19.8275,.,.,blink
10:18:19.828,.,.,blink
10:18:19.8285,.,.,blink
10:18:19.8289,.,.,blink
10:18:19.8294,.,.,blink
10:18:19.8299,.,.,blink
10:18:19.8303,.,.,blink
10:18:19.8308,.,.,blink
10:18:19.8313,.,.,blink
10:18:19.8317,.,.,blink
10:18:19.8322,.,.,blink
10:18:19.8327,.,.,blink
10:18:19.8331,.,.,blink
10:18:19.8336,.,.,blink
10:18:19.8341,.,.,blink
10:18:19.8346,.,.,blink
10:18:19.8350,.,.,blink
10:18:19.8355,.,.,blink
10:18:19.836,.,.,blink
10:18:19.8364,.,.,blink
10:18:19.8369,.,.,blink
10:18:19.8374,.,.,blink
10:18:19.8378,.,.,blink
10:18:19.8383,.,.,blink
10:18:19.8388,.,.,blink
10:18:19.8392,.,.,blink
10:18:19.8397,.,.,blink
10:18:19.8402,.,.,blink
10:18:19.8407,.,.,blink
10:18:19.8411,.,.,blink
10:18:19.8416,.,.,blink
10:18:19.8421,.,.,blink
10:18:19.8425,.,.,blink
10:18:19.843,.,.,blink
10:18:19.8435,.,.,blink
10:18:19.8439,.,.,blink
10:18:19.8444,.,.,blink
10:18:19.8449,.,.,blink
10:18:19.8453,.,.,blink
10:18:19.8458,.,.,blink
10:18:19.8463,.,.,blink
10:18:19.8467,.,.,blink
10:18:19.8471,.,.,blink
10:18:19.8476,.,.,blink
10:18:19.8481,.,.,blink
10:18:19.8485,.,.,blink
10:18:19.849,.,.,blink
10:18:19.8495,.,.,blink
10:18:19.8499,.,.,blink
10:18:19.8504,.,.,blink
10:18:19.8509,.,.,blink
10:18:19.8513,.,.,blink
10:18:19.8517,.,.,blink
10:18:19.8522,.,.,blink
10:18:19.8527,.,.,blink
10:18:19.8531,.,.,blink
10:18:19.8536,.,.,blink
10:18:19.8541,.,.,blink
10:18:19.8545,.,.,blink
10:18:19.855,.,.,blink
10:18:19.8555,.,.,blink
10:18:19.8559,.,.,blink
10:18:19.8563,.,.,blink
10:18:19.8568,.,.,blink
10:18:19.8573,.,.,blink
10:18:19.8577,.,.,blink
10:18:19.8582,.,.,blink
10:18:19.8587,.,.,blink
10:18:19.8591,.,.,blink
10:18:19.8596,.,.,blink
10:18:19.8601,.,.,blink
10:18:19.8605,.,.,blink
10:18:19.8609,.,.,blink
10:18:19.8614,.,.,blink
10:18:19.8619,.,.,blink
10:18:19.8623,.,.,blink
10:18:19.8628,.,.,blink
10:18:19.8633,.,.,blink
10:18:19.8637,.,.,blink
10:18:19.8642,.,.,blink
10:18:19.8647,.,.,blink
10:18:19.8651,.,.,blink
10:18:19.8656,.,.,blink
10:18:19.8661,.,.,blink
10:18:19.8666,.,.,blink
10:18:19.8670,.,.,blink
10:18:19.8675,.,.,blink
10:18:19.868,.,.,blink
10:18:19.8684,.,.,blink
10:18:19.8689,.,.,blink
10:18:19.8694,.,.,blink
10:18:19.8698,.,.,blink
10:18:19.8703,.,.,blink
10:18:19.8708,.,.,blink
10:18:19.8712,.,.,blink
10:18:19.8717,.,.,blink
10:18:19.8722,.,.,blink
10:18:19.8727,.,.,blink
10:18:19.8731,.,.,blink
10:18:19.8736,.,.,blink
10:18:19.8741,.,.,blink
10:18:19.8745,.,.,blink
10:18:19.875,.,.,blink
10:18:19.8755,.,.,blink
10:18:19.8759,.,.,blink
10:18:19.8764,.,.,blink
10:18:19.8769,.,.,blink
10:18:19.8773,.,.,blink
10:18:19.8778,.,.,blink
10:18:19.8783,.,.,blink
10:18:19.8788,.,.,blink
10:18:19.8792,.,.,blink
10:18:19.8797,.,.,blink
10:18:19.8802,.,.,blink
10:18:19.8806,.,.,blink
10:18:19.8811,.,.,blink
10:18:19.8816,.,.,blink
10:18:19.8820,.,.,blink
10:18:19.8825,.,.,blink
10:18:19.883,.,.,blink
10:18:19.8834,.,.,blink
10:18:19.8839,.,.,blink
10:18:19.8844,.,.,blink
10:18:19.8849,.,.,blink
10:18:19.8853,.,.,blink
10:18:19.8858,.,.,blink
10:18:19.8863,.,.,blink
10:18:19.8867,.,.,blink
10:18:19.8872,.,.,blink
10:18:19.8877,.,.,blink
10:18:19.8881,.,.,blink
10:18:19.8886,.,.,blink
10:18:19.8891,.,.,blink
10:18:19.8895,.,.,blink
10:18:19.89,.,.,blink
10:18:19.8905,.,.,blink
10:18:19.891,.,.,blink
10:18:19.8914,.,.,blink
10:18:19.8919,.,.,blink
10:18:19.8924,.,.,blink
10:18:19.8928,.,.,blink
10:18:19.8933,.,.,blink
10:18:19.8938,.,.,blink
10:18:19.8942,.,.,blink
10:18:19.8947,.,.,blink
10:18:19.8952,.,.,blink
10:18:19.8956,.,.,blink
10:18:19.8961,.,.,blink
10:18:19.8966,.,.,blink
10:18:19.8971,.,.,blink
10:18:19.8975,.,.,blink
10:18:19.898,.,.,blink
10:18:19.8985,.,.,blink
10:18:19.8989,.,.,blink
10:18:19.8994,.,.,blink
10:18:19.8999,.,.,blink
10:18:19.9003,.,.,blink
10:18:19.9008,.,.,blink
10:18:19.9013,.,.,blink
10:18:19.9017,.,.,blink
10:18:19.9022,.,.,blink
10:18:19.9027,.,.,blink
10:18:19.9032,.,.,blink
10:18:19.9036,.,.,blink
10:18:19.9041,.,.,blink
10:18:19.9046,.,.,blink
10:18:19.9050,.,.,blink
10:18:19.9055,.,.,blink
10:18:19.906,.,.,blink
10:18:19.9064,.,.,blink
10:18:19.9069,.,.,blink
10:18:19.9074,.,.,blink
10:18:19.9078,.,.,blink
10:18:19.9083,.,.,blink
10:18:19.9088,.,.,blink
10:18:19.9092,.,.,blink
10:18:19.9096,.,.,blink
10:18:19.9101,.,.,blink
10:18:19.9106,.,.,blink
10:18:19.9110,.,.,blink
10:18:19.9115,.,.,blink
10:18:19.912,.,.,blink
10:18:19.9124,.,.,blink
10:18:19.9129,.,.,blink
10:18:19.9134,.,.,blink
10:18:19.9138,.,.,blink
10:18:19.9142,.,.,blink
10:18:19.9147,.,.,blink
10:18:19.9152,.,.,blink
10:18:19.9156,.,.,blink
10:18:19.9161,.,.,blink
10:18:19.9166,.,.,blink
10:18:19.9170,.,.,blink
10:18:19.9175,.,.,blink
10:18:19.918,.,.,blink
10:18:19.9184,.,.,blink
10:18:19.9188,.,.,blink
10:18:19.9193,.,.,blink
10:18:19.9198,.,.,blink
10:18:19.9202,.,.,blink
10:18:19.9207,.,.,blink
10:18:19.9212,.,.,blink
10:18:19.9216,.,.,blink
10:18:19.9221,.,.,blink
10:18:19.9226,.,.,blink
10:18:19.9230,.,.,blink
10:18:19.9234,.,.,blink
10:18:19.9239,.,.,blink
10:18:19.9244,.,.,blink
10:18:19.9248,.,.,blink
10:18:19.9253,.,.,blink
10:18:19.9258,.,.,blink
10:18:19.9262,.,.,blink
10:18:19.9267,.,.,blink
10:18:19.9272,.,.,blink
10:18:19.9276,.,.,blink
10:18:19.9281,.,.,blink
10:18:19.9286,.,.,blink
10:18:19.9291,.,.,blink
10:18:19.9295,.,.,blink
10:18:19.93,.,.,blink
10:18:19.9305,.,.,blink
10:18:19.9309,.,.,blink
10:18:19.9314,.,.,blink
10:18:19.9319,.,.,blink
10:18:19.9323,.,.,blink
10:18:19.9328,.,.,blink
10:18:19.9333,.,.,blink
10:18:19.9337,.,.,blink
10:18:19.9342,.,.,blink
10:18:19.9347,.,.,blink
10:18:19.9352,.,.,blink
10:18:19.9356,.,.,blink
10:18:19.9361,.,.,blink
10:18:19.9366,.,.,blink
10:18:19.9370,.,.,blink
10:18:19.9375,.,.,blink
10:18:19.938,.,.,blink
10:18:19.9384,.,.,blink
10:18:19.9389,.,.,blink
10:18:19.9394,.,.,blink
10:18:19.9398,.,.,blink
10:18:19.9403,.,.,blink
10:18:19.9408,.,.,blink
10:18:19.9413,.,.,blink
10:18:19.9417,.,.,blink
10:18:19.9422,.,.,blink
10:18:19.9427,.,.,blink
10:18:19.9431,.,.,blink
10:18:19.9436,.,.,blink
10:18:19.9441,.,.,blink
10:18:19.9445,.,.,blink
10:18:19.945,.,.,blink
10:18:19.9455,.,.,blink
10:18:19.9459,.,.,blink
10:18:19.9464,.,.,blink
10:18:19.9469,.,.,blink
10:18:19.9474,.,.,blink
10:18:19.9478,.,.,blink
10:18:19.9483,.,.,blink
10:18:19.9488,.,.,blink
10:18:19.9492,.,.,blink
10:18:19.9497,.,.,blink
10:18:19.9502,.,.,blink
10:18:19.9506,.,.,blink
10:18:19.9511,.,.,blink
10:18:19.9516,.,.,blink
10:18:19.9520,.,.,blink
10:18:19.9525,.,.,blink
10:18:19.953,.,.,blink
10:18:19.9535,.,.,blink
10:18:19.9539,.,.,blink
10:18:19.9544,.,.,blink
10:18:19.9549,.,.,blink
10:18:19.9553,.,.,blink
10:18:19.9558,.,.,blink
10:18:19.9563,.,.,blink
10:18:19.9567,.,.,blink
10:18:19.9572,.,.,blink
10:18:19.9577,.,.,blink
10:18:19.9581,.,.,blink
10:18:19.9586,.,.,blink
10:18:19.9591,.,.,blink
10:18:19.9596,.,.,blink
10:18:19.9600,.,.,blink
10:18:19.9605,.,.,blink
10:18:19.961,.,.,blink
10:18:19.9614,.,.,blink
10:18:19.9619,.,.,blink
10:18:19.9624,.,.,blink
10:18:19.9628,.,.,blink
10:18:19.9633,.,.,blink
10:18:19.9638,.,.,blink
10:18:19.9642,.,.,blink
10:18:19.9647,.,.,blink
10:18:19.9652,.,.,blink
10:18:19.9657,.,.,blink
10:18:19.9661,.,.,blink
10:18:19.9666,.,.,blink
10:18:19.9671,.,.,blink
10:18:19.9675,.,.,blink
10:18:19.968,.,.,blink
10:18:19.9685,.,.,blink
10:18:19.9689,.,.,blink
10:18:19.9694,.,.,blink
10:18:19.9699,.,.,blink
10:18:19.9703,.,.,blink
10:18:19.9708,.,.,blink
10:18:19.9713,.,.,blink
10:18:19.9717,.,.,blink
10:18:19.9721,.,.,blink
10:18:19.9726,.,.,blink
10:18:19.9731,.,.,blink
10:18:19.9735,.,.,blink
10:18:19.974,.,.,blink
10:18:19.9745,.,.,blink
10:18:19.9749,.,.,blink
10:18:19.9754,.,.,blink
10:18:19.9759,.,.,blink
10:18:19.9763,.,.,blink
10:18:19.9767,.,.,blink
10:18:19.9772,.,.,blink
10:18:19.9777,.,.,blink
10:18:19.9781,.,.,blink
10:18:19.9786,.,.,blink
10:18:19.9791,.,.,blink
10:18:19.9795,.,.,blink
10:18:19.98,.,.,blink
10:18:19.9805,.,.,blink
10:18:19.9809,.,.,blink
10:18:19.9813,.,.,blink
10:18:19.9818,.,.,blink
10:18:19.9823,.,.,blink
10:18:19.9827,.,.,blink
10:18:19.9832,.,.,blink
10:18:19.9837,.,.,blink
10:18:19.9841,.,.,blink
10:18:19.9846,.,.,blink
10:18:19.9851,.,.,blink
10:18:19.9855,.,.,blink
10:18:19.9859,.,.,blink
10:18:19.9864,.,.,blink
10:18:19.9869,.,.,blink
10:18:19.9873,.,.,blink
10:18:19.9878,.,.,blink
10:18:19.9883,.,.,blink
10:18:19.9887,.,.,blink
10:18:19.9892,.,.,blink
10:18:19.9897,.,.,blink
10:18:19.9901,.,.,blink
10:18:19.9906,.,.,blink
10:18:19.9911,.,.,blink
10:18:19.9916,.,.,blink
10:18:19.9920,.,.,blink
10:18:19.9925,.,.,blink
10:18:19.993,.,.,blink
10:18:19.9934,.,.,blink
10:18:19.9939,.,.,blink
10:18:19.9944,.,.,blink
10:18:19.9948,.,.,blink
10:18:19.9953,.,.,blink
10:18:19.9958,.,.,blink
10:18:19.9962,.,.,blink
10:18:19.9967,.,.,blink
10:18:19.9972,.,.,blink
10:18:19.9977,.,.,blink
10:18:19.9981,.,.,blink
10:18:19.9986,.,.,blink
10:18:19.9991,.,.,blink
10:18:19.9995,.,.,blink
10:18:20.,.,.,blink
10:18:20.0005,.,.,blink
10:18:20.0009,.,.,blink
10:18:20.0014,.,.,blink
10:18:20.0019,.,.,blink
10:18:20.0023,.,.,blink
10:18:20.0028,.,.,blink
10:18:20.0033,.,.,blink
10:18:20.0038,.,.,blink
10:18:20.0042,.,.,blink
10:18:20.0047,.,.,blink
10:18:20.0052,.,.,blink
10:18:20.0056,.,.,blink
10:18:20.0061,.,.,blink
10:18:20.0066,.,.,blink
10:18:20.0070,.,.,blink
10:18:20.0075,.,.,blink
10:18:20.008,.,.,blink
10:18:20.0084,.,.,blink
10:18:20.0089,.,.,blink
10:18:20.0094,.,.,blink
10:18:20.0099,.,.,blink
10:18:20.0103,.,.,blink
10:18:20.0108,.,.,blink
10:18:20.0113,.,.,blink
10:18:20.0117,.,.,blink
10:18:20.0122,.,.,blink
10:18:20.0127,.,.,blink
10:18:20.0131,.,.,blink
10:18:20.0136,.,.,blink
10:18:20.0141,.,.,blink
10:18:20.0145,.,.,blink
10:18:20.015,.,.,blink
10:18:20.0155,.,.,blink
10:18:20.016,.,.,blink
10:18:20.0164,.,.,blink
10:18:20.0169,.,.,blink
10:18:20.0174,.,.,blink
10:18:20.0178,.,.,blink
10:18:20.0183,.,.,blink
10:18:20.0188,.,.,blink
10:18:20.0192,.,.,blink
10:18:20.0197,.,.,blink
10:18:20.0202,.,.,blink
10:18:20.0206,.,.,blink
10:18:20.0211,.,.,blink
10:18:20.0216,.,.,blink
10:18:20.0221,.,.,blink
10:18:20.0225,.,.,blink
10:18:20.023,.,.,blink
10:18:20.0235,.,.,blink
10:18:20.0239,.,.,blink
10:18:20.0244,.,.,blink
10:18:20.0249,.,.,blink
10:18:20.0253,.,.,blink
10:18:20.0258,.,.,blink
10:18:20.0263,.,.,blink
10:18:20.0267,.,.,blink
10:18:20.0272,.,.,blink
10:18:20.0277,.,.,blink
10:18:20.0282,.,.,blink
10:18:20.0286,.,.,blink
10:18:20.0291,.,.,blink
10:18:20.0296,.,.,blink
10:18:20.0300,.,.,blink
10:18:20.0305,.,.,blink
10:18:20.031,.,.,blink
10:18:20.0314,.,.,blink
10:18:20.0319,.,.,blink
10:18:20.0324,.,.,blink
10:18:20.0328,.,.,blink
10:18:20.0333,.,.,blink
10:18:20.0338,.,.,blink
10:18:20.0342,.,.,blink
10:18:20.0346,.,.,blink
10:18:20.0351,.,.,blink
10:18:20.0356,.,.,blink
10:18:20.0360,.,.,blink
10:18:20.0365,.,.,blink
10:18:20.037,.,.,blink
10:18:20.0374,.,.,blink
10:18:20.0379,.,.,blink
10:18:20.0384,.,.,blink
10:18:20.0388,.,.,blink
10:18:20.0392,.,.,blink
10:18:20.0397,.,.,blink
10:18:20.0402,.,.,blink
10:18:20.0406,.,.,blink
10:18:20.0411,.,.,blink
10:18:20.0416,.,.,blink
10:18:20.0420,.,.,blink
10:18:20.0425,.,.,blink
10:18:20.043,.,.,blink
10:18:20.0434,.,.,blink
10:18:20.0438,.,.,blink
10:18:20.0443,.,.,blink
10:18:20.0448,.,.,blink
10:18:20.0452,.,.,blink
10:18:20.0457,.,.,blink
10:18:20.0462,.,.,blink
10:18:20.0466,.,.,blink
10:18:20.0471,.,.,blink
10:18:20.0476,.,.,blink
10:18:20.0480,.,.,blink
10:18:20.0484,.,.,blink
10:18:20.0489,.,.,blink
10:18:20.0494,.,.,blink
10:18:20.0498,.,.,blink
10:18:20.0503,.,.,blink
10:18:20.0508,.,.,blink
10:18:20.0512,.,.,blink
10:18:20.0517,.,.,blink
10:18:20.0522,.,.,blink
10:18:20.0526,.,.,blink
10:18:20.0531,.,.,blink
10:18:20.0536,.,.,blink
10:18:20.0541,.,.,blink
10:18:20.0545,.,.,blink
10:18:20.055,.,.,blink
10:18:20.0555,.,.,blink
10:18:20.0559,.,.,blink
10:18:20.0564,.,.,blink
10:18:20.0569,.,.,blink
10:18:20.0573,.,.,blink
10:18:20.0578,.,.,blink
10:18:20.0583,.,.,blink
10:18:20.0587,.,.,blink
10:18:20.0592,.,.,blink
10:18:20.0597,.,.,blink
10:18:20.0602,.,.,blink
10:18:20.0606,.,.,blink
10:18:20.0611,.,.,blink
10:18:20.0616,.,.,blink
10:18:20.0620,.,.,blink
10:18:20.0625,.,.,blink
10:18:20.063,.,.,blink
10:18:20.0634,.,.,blink
10:18:20.0639,.,.,blink
10:18:20.0644,.,.,blink
10:18:20.0648,.,.,blink
10:18:20.0653,.,.,blink
10:18:20.0658,.,.,blink
10:18:20.0663,.,.,blink
10:18:20.0667,.,.,blink
10:18:20.0672,.,.,blink
10:18:20.0677,.,.,blink
10:18:20.0681,.,.,blink
10:18:20.0686,.,.,blink
10:18:20.0691,.,.,blink
10:18:20.0695,.,.,blink
10:18:20.07,.,.,blink
10:18:20.0705,.,.,blink
10:18:20.0709,.,.,blink
10:18:20.0714,.,.,blink
10:18:20.0719,.,.,blink
10:18:20.0724,.,.,blink
10:18:20.0728,.,.,blink
10:18:20.0733,.,.,blink
10:18:20.0738,.,.,blink
10:18:20.0742,.,.,blink
10:18:20.0747,.,.,blink
10:18:20.0752,.,.,blink
10:18:20.0756,.,.,blink
10:18:20.0761,.,.,blink
10:18:20.0766,.,.,blink
10:18:20.0770,.,.,blink
10:18:20.0775,.,.,blink
10:18:20.078,.,.,blink
10:18:20.0785,.,.,blink
10:18:20.0789,.,.,blink
10:18:20.0794,.,.,blink
10:18:20.0799,.,.,blink
10:18:20.0803,.,.,blink
10:18:20.0808,.,.,blink
10:18:20.0813,.,.,blink
10:18:20.0817,.,.,blink
10:18:20.0822,.,.,blink
10:18:20.0827,.,.,blink
10:18:20.0831,.,.,blink
10:18:20.0836,.,.,blink
10:18:20.0841,.,.,blink
10:18:20.0846,.,.,blink
10:18:20.0850,.,.,blink
10:18:20.0855,.,.,blink
10:18:20.086,.,.,blink
10:18:20.0864,.,.,blink
10:18:20.0869,.,.,blink
10:18:20.0874,.,.,blink
10:18:20.0878,.,.,blink
10:18:20.0883,.,.,blink
10:18:20.0888,.,.,blink
10:18:20.0892,.,.,blink
10:18:20.0897,.,.,blink
10:18:20.0902,.,.,blink
10:18:20.0907,.,.,blink
10:18:20.0911,.,.,blink
10:18:20.0916,.,.,blink
10:18:20.0921,.,.,blink
10:18:20.0925,.,.,blink
10:18:20.093,.,.,blink
10:18:20.0935,.,.,blink
10:18:20.0939,.,.,blink
10:18:20.0944,.,.,blink
10:18:20.0949,.,.,blink
10:18:20.0953,.,.,blink
10:18:20.0958,.,.,blink
10:18:20.0963,.,.,blink
10:18:20.0967,.,.,blink
10:18:20.0971,.,.,blink
10:18:20.0976,.,.,blink
10:18:20.0981,.,.,blink
10:18:20.0985,.,.,blink
10:18:20.099,.,.,blink
10:18:20.0995,.,.,blink
10:18:20.0999,.,.,blink
10:18:20.1004,.,.,blink
10:18:20.1009,.,.,blink
10:18:20.1013,.,.,blink
10:18:20.1017,.,.,blink
10:18:20.1022,.,.,blink
10:18:20.1027,.,.,blink
10:18:20.1031,.,.,blink
10:18:20.1036,.,.,blink
10:18:20.1041,.,.,blink
10:18:20.1045,.,.,blink
10:18:20.105,.,.,blink
10:18:20.1055,.,.,blink
10:18:20.1059,.,.,blink
10:18:20.1063,.,.,blink
10:18:20.1068,.,.,blink
10:18:20.1073,.,.,blink
10:18:20.1077,.,.,blink
10:18:20.1082,.,.,blink
10:18:20.1087,.,.,blink
10:18:20.1091,.,.,blink
10:18:20.1096,.,.,blink
10:18:20.1101,.,.,blink
10:18:20.1105,.,.,blink
10:18:20.1109,.,.,blink
10:18:20.1114,.,.,blink
10:18:20.1119,.,.,blink
10:18:20.1123,.,.,blink
10:18:20.1128,.,.,blink
10:18:20.1133,.,.,blink
10:18:20.1137,.,.,blink
10:18:20.1142,.,.,blink
10:18:20.1147,.,.,blink
10:18:20.1151,.,.,blink
10:18:20.1156,.,.,blink
10:18:20.1161,.,.,blink
10:18:20.1166,.,.,blink
10:18:20.1170,.,.,blink
10:18:20.1175,.,.,blink
10:18:20.118,.,.,blink
10:18:20.1184,.,.,blink
10:18:20.1189,.,.,blink
10:18:20.1194,.,.,blink
10:18:20.1198,.,.,blink
10:18:20.1203,.,.,blink
10:18:20.1208,.,.,blink
10:18:20.1212,.,.,blink
10:18:20.1217,.,.,blink
10:18:20.1222,.,.,blink
10:18:20.1227,.,.,blink
10:18:20.1231,.,.,blink
10:18:20.1236,.,.,blink
10:18:20.1241,.,.,blink
10:18:20.1245,.,.,blink
10:18:20.125,.,.,blink
10:18:20.1255,.,.,blink
10:18:20.1259,.,.,blink
10:18:20.1264,.,.,blink
10:18:20.1269,.,.,blink
10:18:20.1273,.,.,blink
10:18:20.1278,.,.,blink
10:18:20.1283,.,.,blink
10:18:20.1288,.,.,blink
10:18:20.1292,.,.,blink
10:18:20.1297,.,.,blink
10:18:20.1302,.,.,blink
10:18:20.1306,.,.,blink
10:18:20.1311,.,.,blink
10:18:20.1316,.,.,blink
10:18:20.1320,.,.,blink
10:18:20.1325,.,.,blink
10:18:20.133,.,.,blink
10:18:20.1334,.,.,blink
10:18:20.1339,.,.,blink
10:18:20.1344,.,.,blink
10:18:20.1349,.,.,blink
10:18:20.1353,.,.,blink
10:18:20.1358,.,.,blink
10:18:20.1363,.,.,blink
10:18:20.1367,.,.,blink
10:18:20.1372,.,.,blink
10:18:20.1377,.,.,blink
10:18:20.1381,.,.,blink
10:18:20.1386,.,.,blink
10:18:20.1391,.,.,blink
10:18:20.1395,.,.,blink
10:18:20.14,.,.,blink
10:18:20.1405,.,.,blink
10:18:20.141,.,.,blink
10:18:20.1414,.,.,blink
10:18:20.1419,.,.,blink
10:18:20.1424,.,.,blink
10:18:20.1428,.,.,blink
10:18:20.1433,.,.,blink
10:18:20.1438,.,.,blink
10:18:20.1442,.,.,blink
10:18:20.1447,.,.,blink
10:18:20.1452,.,.,blink
10:18:20.1456,.,.,blink
10:18:20.1461,.,.,blink
10:18:20.1466,.,.,blink
10:18:20.1471,.,.,blink
10:18:20.1475,.,.,blink
10:18:20.148,.,.,blink
10:18:20.1485,.,.,blink
10:18:20.1489,.,.,blink
10:18:20.1494,.,.,blink
10:18:20.1499,.,.,blink
10:18:20.1503,.,.,blink
10:18:20.1508,.,.,blink
10:18:20.1513,.,.,blink
10:18:20.1517,.,.,blink
10:18:20.1522,.,.,blink
10:18:20.1527,.,.,blink
10:18:20.1532,.,.,blink
10:18:20.1536,.,.,blink
10:18:20.1541,.,.,blink
10:18:20.1546,.,.,blink
10:18:20.1550,.,.,blink
10:18:20.1555,.,.,blink
10:18:20.156,.,.,blink
10:18:20.1564,.,.,blink
10:18:20.1569,.,.,blink
10:18:20.1574,.,.,blink
10:18:20.1578,.,.,blink
10:18:20.1583,.,.,blink
10:18:20.1588,.,.,blink
10:18:20.1592,.,.,blink
10:18:20.1596,.,.,blink
10:18:20.1601,.,.,blink
10:18:20.1606,.,.,blink
10:18:20.1610,.,.,blink
10:18:20.1615,.,.,blink
10:18:20.162,.,.,blink
10:18:20.1624,.,.,blink
10:18:20.1629,.,.,blink
10:18:20.1634,.,.,blink
10:18:20.1638,.,.,blink
10:18:20.1642,.,.,blink
10:18:20.1647,.,.,blink
10:18:20.1652,.,.,blink
10:18:20.1656,.,.,blink
10:18:20.1661,.,.,blink
10:18:20.1666,.,.,blink
10:18:20.1670,.,.,blink
10:18:20.1675,.,.,blink
10:18:20.168,.,.,blink
10:18:20.1684,.,.,blink
10:18:20.1688,.,.,blink
10:18:20.1693,.,.,blink
10:18:20.1698,.,.,blink
10:18:20.1702,.,.,blink
10:18:20.1707,.,.,blink
10:18:20.1712,.,.,blink
10:18:20.1716,.,.,blink
10:18:20.1721,.,.,blink
10:18:20.1726,.,.,blink
10:18:20.1730,.,.,blink
10:18:20.1734,.,.,blink
10:18:20.1739,.,.,blink
10:18:20.1744,.,.,blink
10:18:20.1748,.,.,blink
10:18:20.1753,.,.,blink
10:18:20.1758,.,.,blink
10:18:20.1762,.,.,blink
10:18:20.1767,.,.,blink
10:18:20.1772,.,.,blink
10:18:20.1776,.,.,blink
10:18:20.1781,.,.,blink
10:18:20.1786,.,.,blink
10:18:20.1791,.,.,blink
10:18:20.1795,.,.,blink
10:18:20.18,.,.,blink
10:18:20.1805,.,.,blink
10:18:20.1809,.,.,blink
10:18:20.1814,.,.,blink
10:18:20.1819,.,.,blink
10:18:20.1823,.,.,blink
10:18:20.1828,.,.,blink
10:18:20.1833,.,.,blink
10:18:20.1837,.,.,blink
10:18:20.1842,.,.,blink
10:18:20.1847,.,.,blink
10:18:20.1852,.,.,blink
10:18:20.1856,.,.,blink
10:18:20.1861,.,.,blink
10:18:20.1866,.,.,blink
10:18:20.1870,.,.,blink
10:18:20.1875,.,.,blink
10:18:20.188,.,.,blink
10:18:20.1884,.,.,blink
10:18:20.1889,.,.,blink
10:18:20.1894,.,.,blink
10:18:20.1898,.,.,blink
10:18:20.1903,.,.,blink
10:18:20.1908,.,.,blink
10:18:20.1913,.,.,blink
10:18:20.1917,.,.,blink
10:18:20.1922,.,.,blink
10:18:20.1927,.,.,blink
10:18:20.1931,.,.,blink
10:18:20.1936,.,.,blink
10:18:20.1941,.,.,blink
10:18:20.1945,.,.,blink
10:18:20.195,.,.,blink
10:18:20.1955,.,.,blink
10:18:20.1959,.,.,blink
10:18:20.1964,.,.,blink
10:18:20.1969,.,.,blink
10:18:20.1974,.,.,blink
10:18:20.1978,.,.,blink
10:18:20.1983,.,.,blink
10:18:20.1988,.,.,blink
10:18:20.1992,.,.,blink
10:18:20.1997,.,.,blink
10:18:20.2002,.,.,blink
10:18:20.2006,.,.,blink
10:18:20.2011,.,.,blink
10:18:20.2016,.,.,blink
10:18:20.2020,.,.,blink
10:18:20.2025,.,.,blink
10:18:20.203,.,.,blink
10:18:20.2035,.,.,blink
10:18:20.2039,.,.,blink
10:18:20.2044,.,.,blink
10:18:20.2049,.,.,blink
10:18:20.2053,.,.,blink
10:18:20.2058,.,.,blink
10:18:20.2063,.,.,blink
10:18:20.2067,.,.,blink
10:18:20.2072,.,.,blink
10:18:20.2077,.,.,blink
10:18:20.2081,.,.,blink
10:18:20.2086,.,.,blink
10:18:20.2091,.,.,blink
10:18:20.2096,.,.,blink
10:18:20.2100,.,.,blink
10:18:20.2105,.,.,blink
10:18:20.211,.,.,blink
10:18:20.2114,.,.,blink
10:18:20.2119,.,.,blink
10:18:20.2124,.,.,blink
10:18:20.2128,.,.,blink
10:18:20.2133,.,.,blink
10:18:20.2138,.,.,blink
10:18:20.2142,.,.,blink
10:18:20.2147,.,.,blink
10:18:20.2152,.,.,blink
10:18:20.2157,.,.,blink
10:18:20.2161,.,.,blink
10:18:20.2166,.,.,blink
10:18:20.2171,.,.,blink
10:18:20.2175,.,.,blink
10:18:20.218,.,.,blink
10:18:20.2185,.,.,blink
10:18:20.2189,.,.,blink
10:18:20.2194,.,.,blink
10:18:20.2199,.,.,blink
10:18:20.2203,.,.,blink
10:18:20.2208,.,.,blink
10:18:20.2213,.,.,blink
10:18:20.2217,.,.,blink
10:18:20.2221,.,.,blink
10:18:20.2226,.,.,blink
10:18:20.2231,.,.,blink
10:18:20.2235,.,.,blink
10:18:20.224,.,.,blink
10:18:20.2245,.,.,blink
10:18:20.2249,.,.,blink
10:18:20.2254,.,.,blink
10:18:20.2259,.,.,blink
10:18:20.2263,.,.,blink
10:18:20.2267,.,.,blink
10:18:20.2272,.,.,blink
10:18:20.2277,.,.,blink
10:18:20.2281,.,.,blink
10:18:20.2286,.,.,blink
10:18:20.2291,.,.,blink
10:18:20.2295,.,.,blink
10:18:20.23,.,.,blink
10:18:20.2305,.,.,blink
10:18:20.2309,.,.,blink
10:18:20.2313,.,.,blink
10:18:20.2318,.,.,blink
10:18:20.2323,.,.,blink
10:18:20.2327,.,.,blink
10:18:20.2332,.,.,blink
10:18:20.2337,.,.,blink
10:18:20.2341,.,.,blink
10:18:20.2346,.,.,blink
10:18:20.2351,.,.,blink
10:18:20.2355,.,.,blink
10:18:20.2359,.,.,blink
10:18:20.2364,.,.,blink
10:18:20.2369,.,.,blink
10:18:20.2373,.,.,blink
10:18:20.2378,.,.,blink
10:18:20.2383,.,.,blink
10:18:20.2387,.,.,blink
10:18:20.2392,.,.,blink
10:18:20.2397,.,.,blink
10:18:20.2401,.,.,blink
10:18:20.2406,.,.,blink
10:18:20.2411,.,.,blink
10:18:20.2416,.,.,blink
10:18:20.2420,.,.,blink
10:18:20.2425,.,.,blink
10:18:20.243,.,.,blink
10:18:20.2434,.,.,blink
10:18:20.2439,.,.,blink
10:18:20.2444,.,.,blink
10:18:20.2448,.,.,blink
10:18:20.2453,.,.,blink
10:18:20.2458,.,.,blink
10:18:20.2462,.,.,blink
10:18:20.2467,.,.,blink
10:18:20.2472,.,.,blink
10:18:20.2477,.,.,blink
10:18:20.2481,.,.,blink
10:18:20.2486,.,.,blink
10:18:20.2491,.,.,blink
10:18:20.2495,.,.,blink
10:18:20.25,.,.,blink
10:18:20.2505,.,.,blink
10:18:20.2509,.,.,blink
10:18:20.2514,.,.,blink
10:18:20.2519,.,.,blink
10:18:20.2523,.,.,blink
10:18:20.2528,.,.,blink
10:18:20.2533,.,.,blink
10:18:20.2538,.,.,blink
10:18:20.2542,.,.,blink
10:18:20.2547,.,.,blink
10:18:20.2552,.,.,blink
10:18:20.2556,.,.,blink
10:18:20.2561,.,.,blink
10:18:20.2566,.,.,blink
10:18:20.2570,.,.,blink
10:18:20.2575,.,.,blink
10:18:20.258,.,.,blink
10:18:20.2584,.,.,blink
10:18:20.2589,.,.,blink
10:18:20.2594,.,.,blink
10:18:20.2599,.,.,blink
10:18:20.2603,.,.,blink
10:18:20.2608,.,.,blink
10:18:20.2613,.,.,blink
10:18:20.2617,.,.,blink
10:18:20.2622,.,.,blink
10:18:20.2627,.,.,blink
10:18:20.2631,.,.,blink
10:18:20.2636,.,.,blink
10:18:20.2641,.,.,blink
10:18:20.2645,.,.,blink
10:18:20.265,.,.,blink
10:18:20.2655,.,.,blink
10:18:20.266,.,.,blink
10:18:20.2664,.,.,blink
10:18:20.2669,.,.,blink
10:18:20.2674,.,.,blink
10:18:20.2678,.,.,blink
10:18:20.2683,.,.,blink
10:18:20.2688,.,.,blink
10:18:20.2692,.,.,blink
10:18:20.2697,.,.,blink
10:18:20.2702,.,.,blink
10:18:20.2706,.,.,blink
10:18:20.2711,.,.,blink
10:18:20.2716,.,.,blink
10:18:20.2721,.,.,blink
10:18:20.2725,.,.,blink
10:18:20.273,.,.,blink
10:18:20.2735,.,.,blink
10:18:20.2739,.,.,blink
10:18:20.2744,.,.,blink
10:18:20.2749,.,.,blink
10:18:20.2753,.,.,blink
10:18:20.2758,.,.,blink
10:18:20.2763,.,.,blink
10:18:20.2767,.,.,blink
10:18:20.2772,.,.,blink
10:18:20.2777,.,.,blink
10:18:20.2782,.,.,blink
10:18:20.2786,.,.,blink
10:18:20.2791,.,.,blink
10:18:20.2796,.,.,blink
10:18:20.2800,.,.,blink
10:18:20.2805,.,.,blink
10:18:20.281,.,.,blink
10:18:20.2814,.,.,blink
10:18:20.2819,.,.,blink
10:18:20.2824,.,.,blink
10:18:20.2828,.,.,blink
10:18:20.2833,.,.,blink
10:18:20.2838,.,.,blink
10:18:20.2842,.,.,blink
10:18:20.2846,.,.,blink
10:18:20.2851,.,.,blink
10:18:20.2856,.,.,blink
10:18:20.2860,.,.,blink
10:18:20.2865,.,.,blink
10:18:20.287,.,.,blink
10:18:20.2874,.,.,blink
10:18:20.2879,.,.,blink
10:18:20.2884,.,.,blink
10:18:20.2888,.,.,blink
10:18:20.2892,.,.,blink
10:18:20.2897,.,.,blink
10:18:20.2902,.,.,blink
10:18:20.2906,.,.,blink
10:18:20.2911,.,.,blink
10:18:20.2916,.,.,blink
10:18:20.2920,.,.,blink
10:18:20.2925,.,.,blink
10:18:20.293,.,.,blink
10:18:20.2934,.,.,blink
10:18:20.2938,.,.,blink
10:18:20.2943,.,.,blink
10:18:20.2948,.,.,blink
10:18:20.2952,.,.,blink
10:18:20.2957,.,.,blink
10:18:20.2962,.,.,blink
10:18:20.2966,.,.,blink
10:18:20.2971,.,.,blink
10:18:20.2976,.,.,blink
10:18:20.2980,.,.,blink
10:18:20.2984,.,.,blink
10:18:20.2989,.,.,blink
10:18:20.2994,.,.,blink
10:18:20.2998,.,.,blink
10:18:20.3003,.,.,blink
10:18:20.3008,.,.,blink
10:18:20.3012,.,.,blink
10:18:20.3017,.,.,blink
10:18:20.3022,.,.,blink
10:18:20.3026,.,.,blink
10:18:20.3031,.,.,blink
10:18:20.3036,.,.,blink
10:18:20.3041,.,.,blink
10:18:20.3045,.,.,blink
10:18:20.305,.,.,blink
10:18:20.3055,.,.,blink
10:18:20.3059,.,.,blink
10:18:20.3064,.,.,blink
10:18:20.3069,.,.,blink
10:18:20.3073,.,.,blink
10:18:20.3078,.,.,blink
10:18:20.3083,.,.,blink
10:18:20.3087,.,.,blink
10:18:20.3092,.,.,blink
10:18:20.3097,.,.,blink
10:18:20.3102,.,.,blink
10:18:20.3106,.,.,blink
10:18:20.3111,.,.,blink
10:18:20.3116,.,.,blink
10:18:20.3120,.,.,blink
10:18:20.3125,.,.,blink
10:18:20.313,.,.,blink
10:18:20.3134,.,.,blink
10:18:20.3139,.,.,blink
10:18:20.3144,.,.,blink
10:18:20.3148,.,.,blink
10:18:20.3153,.,.,blink
10:18:20.3158,.,.,blink
10:18:20.3163,.,.,blink
10:18:20.3167,.,.,blink
10:18:20.3172,.,.,blink
10:18:20.3177,.,.,blink
10:18:20.3181,.,.,blink
10:18:20.3186,.,.,blink
10:18:20.3191,.,.,blink
10:18:20.3195,.,.,blink
10:18:20.32,.,.,blink
10:18:20.3205,.,.,blink
10:18:20.3209,.,.,blink
10:18:20.3214,.,.,blink
10:18:20.3219,.,.,blink
10:18:20.3224,.,.,blink
10:18:20.3228,.,.,blink
10:18:20.3233,.,.,blink
10:18:20.3238,.,.,blink
10:18:20.3242,.,.,blink
10:18:20.3247,.,.,blink
10:18:20.3252,.,.,blink
10:18:20.3256,.,.,blink
10:18:20.3261,.,.,blink
10:18:20.3266,.,.,blink
10:18:20.3270,.,.,blink
10:18:20.3275,.,.,blink
10:18:20.328,.,.,blink
10:18:20.3285,.,.,blink
10:18:20.3289,.,.,blink
10:18:20.3294,.,.,blink
10:18:20.3299,.,.,blink
10:18:20.3303,.,.,blink
10:18:20.3308,.,.,blink
10:18:20.3313,.,.,blink
10:18:20.3317,.,.,blink
10:18:20.3322,.,.,blink
10:18:20.3327,.,.,blink
10:18:20.3331,.,.,blink
10:18:20.3336,.,.,blink
10:18:20.3341,.,.,blink
10:18:20.3346,.,.,blink
10:18:20.3350,.,.,blink
10:18:20.3355,.,.,blink
10:18:20.336,.,.,blink
10:18:20.3364,.,.,blink
10:18:20.3369,.,.,blink
10:18:20.3374,.,.,blink
10:18:20.3378,.,.,blink
10:18:20.3383,.,.,blink
10:18:20.3388,.,.,blink
10:18:20.3392,.,.,blink
10:18:20.3397,.,.,blink
10:18:20.3402,.,.,blink
10:18:20.3407,.,.,blink
10:18:20.3411,.,.,blink
10:18:20.3416,.,.,blink
10:18:20.3421,.,.,blink
10:18:20.3425,.,.,blink
10:18:20.343,.,.,blink
10:18:20.3435,.,.,blink
10:18:20.3439,.,.,blink
10:18:20.3444,.,.,blink
10:18:20.3449,.,.,blink
10:18:20.3453,.,.,blink
10:18:20.3458,.,.,blink
10:18:20.3463,.,.,blink
10:18:20.3467,.,.,blink
10:18:20.3471,.,.,blink
10:18:20.3476,.,.,blink
10:18:20.3481,.,.,blink
10:18:20.3485,.,.,blink
10:18:20.349,.,.,blink
10:18:20.3495,.,.,blink
10:18:20.3499,.,.,blink
10:18:20.3504,.,.,blink
10:18:20.3509,.,.,blink
10:18:20.3513,.,.,blink
10:18:20.3517,.,.,blink
10:18:20.3522,.,.,blink
10:18:20.3527,.,.,blink
10:18:20.3531,.,.,blink
10:18:20.3536,.,.,blink
10:18:20.3541,.,.,blink
10:18:20.3545,.,.,blink
10:18:20.355,.,.,blink
10:18:20.3555,.,.,blink
10:18:20.3559,.,.,blink
10:18:20.3563,.,.,blink
10:18:20.3568,.,.,blink
10:18:20.3573,.,.,blink
10:18:20.3577,.,.,blink
10:18:20.3582,.,.,blink
10:18:20.3587,.,.,blink
10:18:20.3591,.,.,blink
10:18:20.3596,.,.,blink
10:18:20.3601,.,.,blink
10:18:20.3605,.,.,blink
10:18:20.3609,.,.,blink
10:18:20.3614,.,.,blink
10:18:20.3619,.,.,blink
10:18:20.3623,.,.,blink
10:18:20.3628,.,.,blink
10:18:20.3633,.,.,blink
10:18:20.3637,.,.,blink
10:18:20.3642,.,.,blink
10:18:20.3647,.,.,blink
10:18:20.3651,.,.,blink
10:18:20.3656,.,.,blink
10:18:20.3661,.,.,blink
10:18:20.3666,.,.,blink
10:18:20.3670,.,.,blink
10:18:20.3675,.,.,blink
10:18:20.368,.,.,blink
10:18:20.3684,.,.,blink
10:18:20.3689,.,.,blink
10:18:20.3694,.,.,blink
10:18:20.3698,.,.,blink
10:18:20.3703,.,.,blink
10:18:20.3708,.,.,blink
10:18:20.3712,.,.,blink
10:18:20.3717,.,.,blink
10:18:20.3722,.,.,blink
10:18:20.3727,.,.,blink
10:18:20.3731,.,.,blink
10:18:20.3736,.,.,blink
10:18:20.3741,.,.,blink
10:18:20.3745,.,.,blink
10:18:20.375,.,.,blink
10:18:20.3755,.,.,blink
10:18:20.3759,.,.,blink
10:18:20.3764,.,.,blink
10:18:20.3769,.,.,blink
10:18:20.3773,.,.,blink
10:18:20.3778,.,.,blink
10:18:20.3783,.,.,blink
10:18:20.3788,.,.,blink
10:18:20.3792,.,.,blink
10:18:20.3797,.,.,blink
10:18:20.3802,.,.,blink
10:18:20.3806,.,.,blink
10:18:20.3811,.,.,blink
10:18:20.3816,.,.,blink
10:18:20.3820,.,.,blink
10:18:20.3825,.,.,blink
10:18:20.383,.,.,blink
10:18:20.3834,.,.,blink
10:18:20.3839,.,.,blink
10:18:20.3844,.,.,blink
10:18:20.3849,.,.,blink
10:18:20.3853,.,.,blink
10:18:20.3858,.,.,blink
10:18:20.3863,.,.,blink
10:18:20.3867,.,.,blink
10:18:20.3872,.,.,blink
10:18:20.3877,.,.,blink
10:18:20.3881,.,.,blink
10:18:20.3886,.,.,blink
10:18:20.3891,.,.,blink
10:18:20.3895,.,.,blink
10:18:20.39,.,.,blink
10:18:20.3905,.,.,blink
10:18:20.391,.,.,blink
10:18:20.3914,.,.,blink
10:18:20.3919,.,.,blink
10:18:20.3924,.,.,blink
10:18:20.3928,.,.,blink
10:18:20.3933,.,.,blink
10:18:20.3938,.,.,blink
10:18:20.3942,.,.,blink
10:18:20.3947,.,.,blink
10:18:20.3952,.,.,blink
10:18:20.3956,.,.,blink
10:18:20.3961,.,.,blink
10:18:20.3966,.,.,blink
10:18:20.3971,.,.,blink
10:18:20.3975,.,.,blink
10:18:20.398,.,.,blink
10:18:20.3985,.,.,blink
10:18:20.3989,.,.,blink
10:18:20.3994,.,.,blink
10:18:20.3999,.,.,blink
10:18:20.4003,.,.,blink
10:18:20.4008,.,.,blink
10:18:20.4013,.,.,blink
10:18:20.4017,.,.,blink
10:18:20.4022,.,.,blink
10:18:20.4027,.,.,blink
10:18:20.4032,.,.,blink
10:18:20.4036,.,.,blink
10:18:20.4041,.,.,blink
10:18:20.4046,.,.,blink
10:18:20.4050,.,.,blink
10:18:20.4055,.,.,blink
10:18:20.406,.,.,blink
10:18:20.4064,.,.,blink
10:18:20.4069,.,.,blink
10:18:20.4074,.,.,blink
10:18:20.4078,.,.,blink
10:18:20.4083,.,.,blink
10:18:20.4088,.,.,blink
10:18:20.4092,.,.,blink
10:18:20.4096,.,.,blink
10:18:20.4101,.,.,blink
10:18:20.4106,.,.,blink
10:18:20.4110,.,.,blink
10:18:20.4115,.,.,blink
10:18:20.412,.,.,blink
10:18:20.4124,.,.,blink
10:18:20.4129,.,.,blink
10:18:20.4134,.,.,blink
10:18:20.4138,.,.,blink
10:18:20.4142,.,.,blink
10:18:20.4147,.,.,blink
10:18:20.4152,.,.,blink
10:18:20.4156,.,.,blink
10:18:20.4161,.,.,blink
10:18:20.4166,.,.,blink
10:18:20.4170,.,.,blink
10:18:20.4175,.,.,blink
10:18:20.418,.,.,blink
10:18:20.4184,.,.,blink
10:18:20.4188,.,.,blink
10:18:20.4193,.,.,blink
10:18:20.4198,.,.,blink
10:18:20.4202,.,.,blink
10:18:20.4207,.,.,blink
10:18:20.4212,.,.,blink
10:18:20.4216,.,.,blink
10:18:20.4221,.,.,blink
10:18:20.4226,.,.,blink
10:18:20.4230,.,.,blink
10:18:20.4234,.,.,blink
10:18:20.4239,.,.,blink
10:18:20.4244,.,.,blink
10:18:20.4248,.,.,blink
10:18:20.4253,.,.,blink
10:18:20.4258,.,.,blink
10:18:20.4262,.,.,blink
10:18:20.4267,.,.,blink
10:18:20.4272,.,.,blink
10:18:20.4276,.,.,blink
10:18:20.4281,.,.,blink
10:18:20.4286,.,.,blink
10:18:20.4291,.,.,blink
10:18:20.4295,.,.,blink
10:18:20.43,.,.,blink
10:18:20.4305,.,.,blink
10:18:20.4309,.,.,blink
10:18:20.4314,.,.,blink
10:18:20.4319,.,.,blink
10:18:20.4323,.,.,blink
10:18:20.4328,.,.,blink
10:18:20.4333,.,.,blink
10:18:20.4337,.,.,blink
10:18:20.4342,.,.,blink
10:18:20.4347,.,.,blink
10:18:20.4352,.,.,blink
10:18:20.4356,.,.,blink
10:18:20.4361,.,.,blink
10:18:20.4366,.,.,blink
10:18:20.4370,.,.,blink
10:18:20.4375,.,.,blink
10:18:20.438,.,.,blink
10:18:20.4384,.,.,blink
10:18:20.4389,.,.,blink
10:18:20.4394,.,.,blink
10:18:20.4398,.,.,blink
10:18:20.4403,127.3,782.9,fixation
10:18:20.4408,130.8,781.1,fixation
10:18:20.4413,133.8,779.2,fixation
10:18:20.4417,134.5,778.3,fixation
10:18:20.4422,129.0,778.2,fixation
10:18:20.4427,124.2,777.6,fixation
10:18:20.4431,124.2,777.0,fixation
10:18:20.4436,128.4,777.7,fixation
10:18:20.4441,132.9,776.6,fixation
10:18:20.4445,132.8,776.3,fixation
10:18:20.445,132.8,775.0,fixation
10:18:20.4455,134.6,776.2,fixation
10:18:20.4459,136.6,776.3,fixation
10:18:20.4464,137.1,775.9,fixation
10:18:20.4469,135.7,774.7,fixation
10:18:20.4474,134.3,773.6,fixation
10:18:20.4478,135.5,774.9,fixation
10:18:20.4483,136.7,776.3,fixation
10:18:20.4488,135.4,777.3,fixation
10:18:20.4492,132.9,776.3,fixation
10:18:20.4497,130.5,775.4,fixation
10:18:20.4502,130.7,774.9,fixation
10:18:20.4506,130.9,774.7,fixation
10:18:20.4511,131.5,776.0,fixation
10:18:20.4516,132.5,778.6,fixation
10:18:20.4520,132.7,783.0,fixation
10:18:20.4525,131.8,786.0,fixation
10:18:20.453,130.4,788.4,fixation
10:18:20.4535,130.2,789.3,fixation
10:18:20.4539,130.4,790.2,fixation
10:18:20.4544,131.1,789.0,fixation
10:18:20.4549,131.0,787.8,fixation
10:18:20.4553,130.8,786.6,fixation
10:18:20.4558,128.6,788.3,fixation
10:18:20.4563,125.8,789.2,fixation
10:18:20.4567,123.3,790.2,fixation
10:18:20.4572,127.5,787.4,fixation
10:18:20.4577,132.6,785.2,fixation
10:18:20.4581,136.5,782.5,fixation
10:18:20.4586,136.6,781.9,fixation
10:18:20.4591,136.7,781.4,fixation
10:18:20.4596,137.1,781.5,fixation
10:18:20.4600,136.1,782.7,fixation
10:18:20.4605,135.0,785.0,fixation
10:18:20.461,137.2,787.2,fixation
10:18:20.4614,139.7,788.3,fixation
10:18:20.4619,142.3,788.3,fixation
10:18:20.4624,139.3,788.3,fixation
10:18:20.4628,136.0,788.3,fixation
10:18:20.4633,133.4,788.3,fixation
10:18:20.4638,134.3,786.8,fixation
10:18:20.4642,133.4,785.9,fixation
10:18:20.4647,130.1,784.7,fixation
10:18:20.4652,124.8,784.8,fixation
10:18:20.4657,121.2,784.6,fixation
10:18:20.4661,122.5,789.2,saccade
10:18:20.4666,125.1,792.7,saccade
10:18:20.4671,126.5,799.0,saccade
10:18:20.4675,127.9,802.1,saccade
10:18:20.468,128.1,805.0,saccade
10:18:20.4685,129.8,804.5,saccade
10:18:20.4689,132.2,803.9,saccade
10:18:20.4694,123.6,800.4,saccade
10:18:20.4699,112.7,797.1,saccade
10:18:20.4703,115.9,792.9,saccade
10:18:20.4708,127.3,791.9,saccade
10:18:20.4713,137.5,794.6,saccade
10:18:20.4717,133.4,798.3,saccade
10:18:20.4721,130.8,802.3,saccade
10:18:20.4726,128.1,802.7,saccade
10:18:20.4731,125.5,803.2,saccade
10:18:20.4735,126.2,797.9,saccade
10:18:20.474,128.2,792.4,saccade
10:18:20.4745,.,.,blink
10:18:20.4749,.,.,blink
10:18:20.4754,.,.,blink
10:18:20.4759,.,.,blink
10:18:20.4763,.,.,blink
10:18:20.4767,.,.,blink
10:18:20.4772,.,.,blink
10:18:20.4777,.,.,blink
10:18:20.4781,.,.,blink
10:18:20.4786,.,.,blink
10:18:20.4791,.,.,blink
10:18:20.4795,.,.,blink
10:18:20.48,.,.,blink
10:18:20.4805,.,.,blink
10:18:20.4809,.,.,blink
10:18:20.4813,.,.,blink
10:18:20.4818,.,.,blink
10:18:20.4823,.,.,blink
10:18:20.4827,.,.,blink
10:18:20.4832,.,.,blink
10:18:20.4837,.,.,blink
10:18:20.4841,.,.,blink
10:18:20.4846,.,.,blink
10:18:20.4851,.,.,blink
10:18:20.4855,.,.,blink
10:18:20.4859,.,.,blink
10:18:20.4864,.,.,blink
10:18:20.4869,.,.,blink
10:18:20.4873,.,.,blink
10:18:20.4878,.,.,blink
10:18:20.4883,.,.,blink
10:18:20.4887,.,.,blink
10:18:20.4892,.,.,blink
10:18:20.4897,.,.,blink
10:18:20.4901,.,.,blink
10:18:20.4906,.,.,blink
10:18:20.4911,.,.,blink
10:18:20.4916,.,.,blink
10:18:20.4920,.,.,blink
10:18:20.4925,.,.,blink
10:18:20.493,.,.,blink
10:18:20.4934,.,.,blink
10:18:20.4939,.,.,blink
10:18:20.4944,.,.,blink
10:18:20.4948,.,.,blink
10:18:20.4953,.,.,blink
10:18:20.4958,.,.,blink
10:18:20.4962,.,.,blink
10:18:20.4967,.,.,blink
10:18:20.4972,.,.,blink
10:18:20.4977,.,.,blink
10:18:20.4981,.,.,blink
10:18:20.4986,.,.,blink
10:18:20.4991,.,.,blink
10:18:20.4995,.,.,blink
10:18:20.5,.,.,blink
10:18:20.5005,.,.,blink
10:18:20.5009,.,.,blink
10:18:20.5014,.,.,blink
10:18:20.5019,.,.,blink
10:18:20.5023,.,.,blink
10:18:20.5028,.,.,blink
10:18:20.5033,.,.,blink
10:18:20.5038,.,.,blink
10:18:20.5042,.,.,blink
10:18:20.5047,.,.,blink
10:18:20.5052,.,.,blink
10:18:20.5056,.,.,blink
10:18:20.5061,.,.,blink
10:18:20.5066,.,.,blink
10:18:20.5070,.,.,blink
10:18:20.5075,.,.,blink
10:18:20.508,.,.,blink
10:18:20.5084,.,.,blink
10:18:20.5089,.,.,blink
10:18:20.5094,.,.,blink
10:18:20.5099,.,.,blink
10:18:20.5103,.,.,blink
10:18:20.5108,.,.,blink
10:18:20.5113,.,.,blink
10:18:20.5117,.,.,blink
10:18:20.5122,.,.,blink
10:18:20.5127,.,.,blink
10:18:20.5131,.,.,blink
10:18:20.5136,.,.,blink
10:18:20.5141,.,.,blink
10:18:20.5145,.,.,blink
10:18:20.515,.,.,blink
10:18:20.5155,.,.,blink
10:18:20.516,.,.,blink
10:18:20.5164,.,.,blink
10:18:20.5169,.,.,blink
10:18:20.5174,.,.,blink
10:18:20.5178,.,.,blink
10:18:20.5183,.,.,blink
10:18:20.5188,.,.,blink
10:18:20.5192,.,.,blink
10:18:20.5197,.,.,blink
10:18:20.5202,.,.,blink
10:18:20.5206,.,.,blink
10:18:20.5211,.,.,blink
10:18:20.5216,.,.,blink
10:18:20.5221,.,.,blink
10:18:20.5225,.,.,blink
10:18:20.523,.,.,blink
10:18:20.5235,.,.,blink
10:18:20.5239,.,.,blink
10:18:20.5244,.,.,blink
10:18:20.5249,.,.,blink
10:18:20.5253,.,.,blink
10:18:20.5258,.,.,blink
10:18:20.5263,.,.,blink
10:18:20.5267,.,.,blink
10:18:20.5272,.,.,blink
10:18:20.5277,.,.,blink
10:18:20.5282,.,.,blink
10:18:20.5286,.,.,blink
10:18:20.5291,.,.,blink
10:18:20.5296,.,.,blink
10:18:20.5300,.,.,blink
10:18:20.5305,.,.,blink
10:18:20.531,.,.,blink
10:18:20.5314,.,.,blink
10:18:20.5319,.,.,blink
10:18:20.5324,.,.,blink
10:18:20.5328,.,.,blink
10:18:20.5333,.,.,blink
10:18:20.5338,.,.,blink
10:18:20.5342,.,.,blink
10:18:20.5346,.,.,blink
10:18:20.5351,.,.,blink
10:18:20.5356,.,.,blink
10:18:20.5360,.,.,blink
10:18:20.5365,.,.,blink
10:18:20.537,.,.,blink
10:18:20.5374,.,.,blink
10:18:20.5379,.,.,blink
10:18:20.5384,.,.,blink
10:18:20.5388,.,.,blink
10:18:20.5392,.,.,blink
10:18:20.5397,.,.,blink
10:18:20.5402,.,.,blink
10:18:20.5406,.,.,blink
10:18:20.5411,.,.,blink
10:18:20.5416,.,.,blink
10:18:20.5420,.,.,blink
10:18:20.5425,.,.,blink
10:18:20.543,.,.,blink
10:18:20.5434,.,.,blink
10:18:20.5438,.,.,blink
10:18:20.5443,.,.,blink
10:18:20.5448,.,.,blink
10:18:20.5452,.,.,blink
10:18:20.5457,.,.,blink
10:18:20.5462,.,.,blink
10:18:20.5466,.,.,blink
10:18:20.5471,.,.,blink
10:18:20.5476,.,.,blink
10:18:20.5480,.,.,blink
10:18:20.5484,.,.,blink
10:18:20.5489,.,.,blink
10:18:20.5494,.,.,blink
10:18:20.5498,.,.,blink
10:18:20.5503,.,.,blink
10:18:20.5508,.,.,blink
10:18:20.5512,.,.,blink
10:18:20.5517,.,.,blink
10:18:20.5522,.,.,blink
10:18:20.5526,.,.,blink
10:18:20.5531,.,.,blink
10:18:20.5536,.,.,blink
10:18:20.5541,.,.,blink
10:18:20.5545,.,.,blink
10:18:20.555,.,.,blink
10:18:20.5555,.,.,blink
10:18:20.5559,.,.,blink
10:18:20.5564,.,.,blink
10:18:20.5569,.,.,blink
10:18:20.5573,.,.,blink
10:18:20.5578,.,.,blink
10:18:20.5583,.,.,blink
10:18:20.5587,.,.,blink
10:18:20.5592,.,.,blink
10:18:20.5597,.,.,blink
10:18:20.5602,.,.,blink
10:18:20.5606,.,.,blink
10:18:20.5611,.,.,blink
10:18:20.5616,.,.,blink
10:18:20.5620,.,.,blink
10:18:20.5625,.,.,blink
10:18:20.563,.,.,blink
10:18:20.5634,.,.,blink
10:18:20.5639,.,.,blink
10:18:20.5644,.,.,blink
10:18:20.5648,.,.,blink
10:18:20.5653,.,.,blink
10:18:20.5658,.,.,blink
10:18:20.5663,.,.,blink
10:18:20.5667,.,.,blink
10:18:20.5672,.,.,blink
10:18:20.5677,.,.,blink
10:18:20.5681,.,.,blink
10:18:20.5686,.,.,blink
10:18:20.5691,.,.,blink
10:18:20.5695,.,.,blink
10:18:20.57,.,.,blink
10:18:20.5705,.,.,blink
10:18:20.5709,.,.,blink
10:18:20.5714,.,.,blink
10:18:20.5719,.,.,blink
10:18:20.5724,.,.,blink
10:18:20.5728,.,.,blink
10:18:20.5733,.,.,blink
10:18:20.5738,.,.,blink
10:18:20.5742,.,.,blink
10:18:20.5747,.,.,blink
10:18:20.5752,.,.,blink
10:18:20.5756,.,.,blink
10:18:20.5761,.,.,blink
10:18:20.5766,.,.,blink
10:18:20.5770,.,.,blink
10:18:20.5775,.,.,blink
10:18:20.578,.,.,blink
10:18:20.5785,.,.,blink
10:18:20.5789,.,.,blink
10:18:20.5794,.,.,blink
10:18:20.5799,.,.,blink
10:18:20.5803,.,.,blink
10:18:20.5808,.,.,blink
10:18:20.5813,.,.,blink
10:18:20.5817,.,.,blink
10:18:20.5822,.,.,blink
10:18:20.5827,.,.,blink
10:18:20.5831,.,.,blink
10:18:20.5836,.,.,blink
10:18:20.5841,.,.,blink
10:18:20.5846,.,.,blink
10:18:20.5850,.,.,blink
10:18:20.5855,.,.,blink
10:18:20.586,.,.,blink
10:18:20.5864,.,.,blink
10:18:20.5869,.,.,blink
10:18:20.5874,.,.,blink
10:18:20.5878,.,.,blink
10:18:20.5883,.,.,blink
10:18:20.5888,.,.,blink
10:18:20.5892,.,.,blink
10:18:20.5897,.,.,blink
10:18:20.5902,.,.,blink
10:18:20.5907,.,.,blink
10:18:20.5911,.,.,blink
10:18:20.5916,.,.,blink
10:18:20.5921,.,.,blink
10:18:20.5925,.,.,blink
10:18:20.593,.,.,blink
10:18:20.5935,.,.,blink
10:18:20.5939,.,.,blink
10:18:20.5944,.,.,blink
10:18:20.5949,.,.,blink
10:18:20.5953,.,.,blink
10:18:20.5958,.,.,blink
10:18:20.5963,.,.,blink
10:18:20.5967,.,.,blink
10:18:20.5971,.,.,blink
10:18:20.5976,.,.,blink
10:18:20.5981,.,.,blink
10:18:20.5985,.,.,blink
10:18:20.599,.,.,blink
10:18:20.5995,.,.,blink
10:18:20.5999,.,.,blink
10:18:20.6004,.,.,blink
10:18:20.6009,.,.,blink
10:18:20.6013,.,.,blink
10:18:20.6017,.,.,blink
10:18:20.6022,.,.,blink
10:18:20.6027,.,.,blink
10:18:20.6031,.,.,blink
10:18:20.6036,.,.,blink
10:18:20.6041,.,.,blink
10:18:20.6045,.,.,blink
10:18:20.605,.,.,blink
10:18:20.6055,.,.,blink
10:18:20.6059,.,.,blink
10:18:20.6063,.,.,blink
10:18:20.6068,.,.,blink
10:18:20.6073,.,.,blink
10:18:20.6077,.,.,blink
10:18:20.6082,.,.,blink
10:18:20.6087,.,.,blink
10:18:20.6091,.,.,blink
10:18:20.6096,.,.,blink
10:18:20.6101,.,.,blink
10:18:20.6105,.,.,blink
10:18:20.6109,.,.,blink
10:18:20.6114,.,.,blink
10:18:20.6119,.,.,blink
10:18:20.6123,.,.,blink
10:18:20.6128,.,.,blink
10:18:20.6133,.,.,blink
10:18:20.6137,.,.,blink
10:18:20.6142,.,.,blink
10:18:20.6147,.,.,blink
10:18:20.6151,.,.,blink
10:18:20.6156,.,.,blink
10:18:20.6161,.,.,blink
10:18:20.6166,.,.,blink
10:18:20.6170,.,.,blink
10:18:20.6175,.,.,blink
10:18:20.618,.,.,blink
10:18:20.6184,.,.,blink
10:18:20.6189,.,.,blink
10:18:20.6194,.,.,blink
10:18:20.6198,.,.,blink
10:18:20.6203,.,.,blink
10:18:20.6208,.,.,blink
10:18:20.6212,.,.,blink
10:18:20.6217,.,.,blink
10:18:20.6222,.,.,blink
10:18:20.6227,.,.,blink
10:18:20.6231,.,.,blink
10:18:20.6236,.,.,blink
10:18:20.6241,.,.,blink
10:18:20.6245,.,.,blink
10:18:20.625,.,.,blink
10:18:20.6255,.,.,blink
10:18:20.6259,.,.,blink
10:18:20.6264,.,.,blink
10:18:20.6269,.,.,blink
10:18:20.6273,.,.,blink
10:18:20.6278,.,.,blink
10:18:20.6283,.,.,blink
10:18:20.6288,.,.,blink
10:18:20.6292,.,.,blink
10:18:20.6297,.,.,blink
10:18:20.6302,.,.,blink
10:18:20.6306,.,.,blink
10:18:20.6311,.,.,blink
10:18:20.6316,.,.,blink
10:18:20.6320,.,.,blink
10:18:20.6325,.,.,blink
10:18:20.633,.,.,blink
10:18:20.6334,.,.,blink
10:18:20.6339,.,.,blink
10:18:20.6344,.,.,blink
10:18:20.6349,.,.,blink
10:18:20.6353,.,.,blink
10:18:20.6358,.,.,blink
10:18:20.6363,.,.,blink
10:18:20.6367,.,.,blink
10:18:20.6372,.,.,blink
10:18:20.6377,.,.,blink
10:18:20.6381,.,.,blink
10:18:20.6386,.,.,blink
10:18:20.6391,.,.,blink
10:18:20.6395,.,.,blink
10:18:20.64,.,.,blink
10:18:20.6405,.,.,blink
10:18:20.641,.,.,blink
10:18:20.6414,.,.,blink
10:18:20.6419,.,.,blink
10:18:20.6424,.,.,blink
10:18:20.6428,.,.,blink
10:18:20.6433,.,.,blink
10:18:20.6438,.,.,blink
10:18:20.6442,.,.,blink
10:18:20.6447,.,.,blink
10:18:20.6452,.,.,blink
10:18:20.6456,.,.,blink
10:18:20.6461,.,.,blink
10:18:20.6466,.,.,blink
10:18:20.6471,.,.,blink
10:18:20.6475,.,.,blink
10:18:20.648,.,.,blink
10:18:20.6485,.,.,blink
10:18:20.6489,.,.,blink
10:18:20.6494,.,.,blink
10:18:20.6499,.,.,blink
10:18:20.6503,.,.,blink
10:18:20.6508,.,.,blink
10:18:20.6513,.,.,blink
10:18:20.6517,.,.,blink
10:18:20.6522,.,.,blink
10:18:20.6527,.,.,blink
10:18:20.6532,.,.,blink
10:18:20.6536,.,.,blink
10:18:20.6541,.,.,blink
10:18:20.6546,.,.,blink
10:18:20.6550,.,.,blink
10:18:20.6555,.,.,blink
10:18:20.656,.,.,blink
10:18:20.6564,.,.,blink
10:18:20.6569,.,.,blink
10:18:20.6574,.,.,blink
10:18:20.6578,.,.,blink
10:18:20.6583,.,.,blink
10:18:20.6588,.,.,blink
10:18:20.6592,.,.,blink
10:18:20.6596,.,.,blink
10:18:20.6601,.,.,blink
10:18:20.6606,.,.,blink
10:18:20.6610,.,.,blink
10:18:20.6615,.,.,blink
10:18:20.662,.,.,blink
10:18:20.6624,.,.,blink
10:18:20.6629,.,.,blink
10:18:20.6634,.,.,blink
10:18:20.6638,.,.,blink
10:18:20.6642,.,.,blink
10:18:20.6647,.,.,blink
10:18:20.6652,.,.,blink
10:18:20.6656,.,.,blink
10:18:20.6661,.,.,blink
10:18:20.6666,.,.,blink
10:18:20.6670,.,.,blink
10:18:20.6675,.,.,blink
10:18:20.668,.,.,blink
10:18:20.6684,.,.,blink
10:18:20.6688,.,.,blink
10:18:20.6693,.,.,blink
10:18:20.6698,.,.,blink
10:18:20.6702,.,.,blink
10:18:20.6707,.,.,blink
10:18:20.6712,.,.,blink
10:18:20.6716,.,.,blink
10:18:20.6721,.,.,blink
10:18:20.6726,.,.,blink
10:18:20.6730,.,.,blink
10:18:20.6734,.,.,blink
10:18:20.6739,.,.,blink
10:18:20.6744,.,.,blink
10:18:20.6748,.,.,blink
10:18:20.6753,.,.,blink
10:18:20.6758,.,.,blink
10:18:20.6762,.,.,blink
10:18:20.6767,.,.,blink
10:18:20.6772,.,.,blink
10:18:20.6776,.,.,blink
10:18:20.6781,.,.,blink
10:18:20.6786,.,.,blink
10:18:20.6791,.,.,blink
10:18:20.6795,.,.,blink
10:18:20.68,.,.,blink
10:18:20.6805,.,.,blink
10:18:20.6809,.,.,blink
10:18:20.6814,.,.,blink
10:18:20.6819,.,.,blink
10:18:20.6823,.,.,blink
10:18:20.6828,.,.,blink
10:18:20.6833,.,.,blink
10:18:20.6837,.,.,blink
10:18:20.6842,.,.,blink
10:18:20.6847,.,.,blink
10:18:20.6852,.,.,blink
10:18:20.6856,.,.,blink
10:18:20.6861,.,.,blink
10:18:20.6866,.,.,blink
10:18:20.6870,.,.,blink
10:18:20.6875,.,.,blink
10:18:20.688,.,.,blink
10:18:20.6884,.,.,blink
10:18:20.6889,.,.,blink
10:18:20.6894,.,.,blink
10:18:20.6898,.,.,blink
10:18:20.6903,.,.,blink
10:18:20.6908,.,.,blink
10:18:20.6913,.,.,blink
10:18:20.6917,.,.,blink
10:18:20.6922,.,.,blink
10:18:20.6927,.,.,blink
10:18:20.6931,.,.,blink
10:18:20.6936,.,.,blink
10:18:20.6941,.,.,blink
10:18:20.6945,.,.,blink
10:18:20.695,.,.,blink
10:18:20.6955,.,.,blink
10:18:20.6959,.,.,blink
10:18:20.6964,.,.,blink
10:18:20.6969,.,.,blink
10:18:20.6974,.,.,blink
10:18:20.6978,.,.,blink
10:18:20.6983,.,.,blink
10:18:20.6988,.,.,blink
10:18:20.6992,.,.,blink
10:18:20.6997,.,.,blink
10:18:20.7002,.,.,blink
10:18:20.7006,.,.,blink
10:18:20.7011,.,.,blink
10:18:20.7016,.,.,blink
10:18:20.7020,.,.,blink
10:18:20.7025,.,.,blink
10:18:20.703,.,.,blink
10:18:20.7035,.,.,blink
10:18:20.7039,.,.,blink
10:18:20.7044,.,.,blink
10:18:20.7049,.,.,blink
10:18:20.7053,.,.,blink
10:18:20.7058,.,.,blink
10:18:20.7063,.,.,blink
10:18:20.7067,.,.,blink
10:18:20.7072,.,.,blink
10:18:20.7077,.,.,blink
10:18:20.7081,.,.,blink
10:18:20.7086,.,.,blink
10:18:20.7091,.,.,blink
10:18:20.7096,.,.,blink
10:18:20.7100,.,.,blink
10:18:20.7105,.,.,blink
10:18:20.711,.,.,blink
10:18:20.7114,.,.,blink
10:18:20.7119,.,.,blink
10:18:20.7124,.,.,blink
10:18:20.7128,.,.,blink
10:18:20.7133,.,.,blink
10:18:20.7138,.,.,blink
10:18:20.7142,.,.,blink
10:18:20.7147,.,.,blink
10:18:20.7152,.,.,blink
10:18:20.7157,.,.,blink
10:18:20.7161,.,.,blink
10:18:20.7166,.,.,blink
10:18:20.7171,.,.,blink
10:18:20.7175,.,.,blink
10:18:20.718,.,.,blink
10:18:20.7185,.,.,blink
10:18:20.7189,.,.,blink
10:18:20.7194,.,.,blink
10:18:20.7199,.,.,blink
10:18:20.7203,.,.,blink
10:18:20.7208,.,.,blink
10:18:20.7213,.,.,blink
10:18:20.7217,.,.,blink
10:18:20.7221,.,.,blink
10:18:20.7226,.,.,blink
10:18:20.7231,.,.,blink
10:18:20.7235,.,.,blink
10:18:20.724,.,.,blink
10:18:20.7245,.,.,blink
10:18:20.7249,.,.,blink
10:18:20.7254,.,.,blink
10:18:20.7259,.,.,blink
10:18:20.7263,.,.,blink
10:18:20.7267,.,.,blink
10:18:20.7272,.,.,blink
10:18:20.7277,.,.,blink
10:18:20.7281,.,.,blink
10:18:20.7286,.,.,blink
10:18:20.7291,.,.,blink
10:18:20.7295,.,.,blink
10:18:20.73,.,.,blink
10:18:20.7305,.,.,blink
10:18:20.7309,.,.,blink
10:18:20.7313,.,.,blink
10:18:20.7318,.,.,blink
10:18:20.7323,.,.,blink
10:18:20.7327,.,.,blink
10:18:20.7332,.,.,blink
10:18:20.7337,.,.,blink
10:18:20.7341,.,.,blink
10:18:20.7346,.,.,blink
10:18:20.7351,.,.,blink
10:18:20.7355,.,.,blink
10:18:20.7359,.,.,blink
10:18:20.7364,.,.,blink
10:18:20.7369,.,.,blink
10:18:20.7373,.,.,blink
10:18:20.7378,.,.,blink
10:18:20.7383,.,.,blink
10:18:20.7387,.,.,blink
10:18:20.7392,.,.,blink
10:18:20.7397,.,.,blink
10:18:20.7401,.,.,blink
10:18:20.7406,.,.,blink
10:18:20.7411,.,.,blink
10:18:20.7416,.,.,blink
10:18:20.7420,.,.,blink
10:18:20.7425,.,.,blink
10:18:20.743,.,.,blink
10:18:20.7434,.,.,blink
10:18:20.7439,.,.,blink
10:18:20.7444,.,.,blink
10:18:20.7448,.,.,blink
10:18:20.7453,.,.,blink
10:18:20.7458,.,.,blink
10:18:20.7462,.,.,blink
10:18:20.7467,.,.,blink
10:18:20.7472,.,.,blink
10:18:20.7477,.,.,blink
10:18:20.7481,.,.,blink
10:18:20.7486,.,.,blink
10:18:20.7491,.,.,blink
10:18:20.7495,.,.,blink
10:18:20.75,.,.,blink
10:18:20.7505,.,.,blink
10:18:20.7509,.,.,blink
10:18:20.7514,.,.,blink
10:18:20.7519,.,.,blink
10:18:20.7523,.,.,blink
10:18:20.7528,.,.,blink
10:18:20.7533,.,.,blink
10:18:20.7538,.,.,blink
10:18:20.7542,.,.,blink
10:18:20.7547,.,.,blink
10:18:20.7552,.,.,blink
10:18:20.7556,.,.,blink
10:18:20.7561,.,.,blink
10:18:20.7566,.,.,blink
10:18:20.7570,.,.,blink
10:18:20.7575,.,.,blink
10:18:20.758,.,.,blink
10:18:20.7584,.,.,blink
10:18:20.7589,.,.,blink
10:18:20.7594,.,.,blink
10:18:20.7599,.,.,blink
10:18:20.7603,.,.,blink
10:18:20.7608,.,.,blink
10:18:20.7613,.,.,blink
10:18:20.7617,.,.,blink
10:18:20.7622,.,.,blink
10:18:20.7627,.,.,blink
10:18:20.7631,.,.,blink
10:18:20.7636,.,.,blink
10:18:20.7641,.,.,blink
10:18:20.7645,.,.,blink
10:18:20.765,.,.,blink
10:18:20.7655,.,.,blink
10:18:20.766,.,.,blink
10:18:20.7664,.,.,blink
10:18:20.7669,.,.,blink
10:18:20.7674,.,.,blink
10:18:20.7678,.,.,blink
10:18:20.7683,.,.,blink
10:18:20.7688,.,.,blink
10:18:20.7692,.,.,blink
10:18:20.7697,.,.,blink
10:18:20.7702,.,.,blink
10:18:20.7706,.,.,blink
10:18:20.7711,.,.,blink
10:18:20.7716,.,.,blink
10:18:20.7721,.,.,blink
10:18:20.7725,.,.,blink
10:18:20.773,.,.,blink
10:18:20.7735,.,.,blink
10:18:20.7739,.,.,blink
10:18:20.7744,.,.,blink
10:18:20.7749,.,.,blink
10:18:20.7753,.,.,blink
10:18:20.7758,.,.,blink
10:18:20.7763,.,.,blink
10:18:20.7767,.,.,blink
10:18:20.7772,.,.,blink
10:18:20.7777,.,.,blink
10:18:20.7782,.,.,blink
10:18:20.7786,.,.,blink
10:18:20.7791,.,.,blink
10:18:20.7796,.,.,blink
10:18:20.7800,.,.,blink
10:18:20.7805,.,.,blink
10:18:20.781,.,.,blink
10:18:20.7814,.,.,blink
10:18:20.7819,.,.,blink
10:18:20.7824,.,.,blink
10:18:20.7828,.,.,blink
10:18:20.7833,.,.,blink
10:18:20.7838,.,.,blink
10:18:20.7842,.,.,blink
10:18:20.7846,.,.,blink
10:18:20.7851,.,.,blink
10:18:20.7856,.,.,blink
10:18:20.7860,.,.,blink
10:18:20.7865,.,.,blink
10:18:20.787,.,.,blink
10:18:20.7874,.,.,blink
10:18:20.7879,.,.,blink
10:18:20.7884,.,.,blink
10:18:20.7888,.,.,blink
10:18:20.7892,.,.,blink
10:18:20.7897,.,.,blink
10:18:20.7902,.,.,blink
10:18:20.7906,.,.,blink
10:18:20.7911,.,.,blink
10:18:20.7916,.,.,blink
10:18:20.7920,.,.,blink
10:18:20.7925,.,.,blink
10:18:20.793,.,.,blink
10:18:20.7934,.,.,blink
10:18:20.7938,.,.,blink
10:18:20.7943,.,.,blink
10:18:20.7948,.,.,blink
10:18:20.7952,.,.,blink
10:18:20.7957,.,.,blink
10:18:20.7962,.,.,blink
10:18:20.7966,.,.,blink
10:18:20.7971,.,.,blink
10:18:20.7976,.,.,blink
10:18:20.7980,.,.,blink
10:18:20.7984,.,.,blink
10:18:20.7989,.,.,blink
10:18:20.7994,.,.,blink
10:18:20.7998,.,.,blink
10:18:20.8003,.,.,blink
10:18:20.8008,.,.,blink
10:18:20.8012,.,.,blink
10:18:20.8017,.,.,blink
10:18:20.8022,.,.,blink
10:18:20.8026,.,.,blink
10:18:20.8031,.,.,blink
10:18:20.8036,.,.,blink
10:18:20.8041,.,.,blink
10:18:20.8045,.,.,blink
10:18:20.805,.,.,blink
10:18:20.8055,.,.,blink
10:18:20.8059,.,.,blink
10:18:20.8064,.,.,blink
10:18:20.8069,.,.,blink
10:18:20.8073,.,.,blink
10:18:20.8078,.,.,blink
10:18:20.8083,.,.,blink
10:18:20.8087,.,.,blink
10:18:20.8092,.,.,blink
10:18:20.8097,.,.,blink
10:18:20.8102,.,.,blink
10:18:20.8106,.,.,blink
10:18:20.8111,.,.,blink
10:18:20.8116,.,.,blink
10:18:20.8120,.,.,blink
10:18:20.8125,.,.,blink
10:18:20.813,.,.,blink
10:18:20.8134,.,.,blink
10:18:20.8139,.,.,blink
10:18:20.8144,.,.,blink
10:18:20.8148,.,.,blink
10:18:20.8153,.,.,blink
10:18:20.8158,.,.,blink
10:18:20.8163,.,.,blink
10:18:20.8167,.,.,blink
10:18:20.8172,.,.,blink
10:18:20.8177,.,.,blink
10:18:20.8181,.,.,blink
10:18:20.8186,.,.,blink
10:18:20.8191,.,.,blink
10:18:20.8195,.,.,blink
10:18:20.82,.,.,blink
10:18:20.8205,.,.,blink
10:18:20.8209,.,.,blink
10:18:20.8214,.,.,blink
10:18:20.8219,.,.,blink
10:18:20.8224,.,.,blink
10:18:20.8228,.,.,blink
10:18:20.8233,.,.,blink
10:18:20.8238,.,.,blink
10:18:20.8242,.,.,blink
10:18:20.8247,.,.,blink
10:18:20.8252,.,.,blink
10:18:20.8256,.,.,blink
10:18:20.8261,.,.,blink
10:18:20.8266,.,.,blink
10:18:20.8270,.,.,blink
10:18:20.8275,.,.,blink
10:18:20.828,.,.,blink
10:18:20.8285,.,.,blink
10:18:20.8289,.,.,blink
10:18:20.8294,.,.,blink
10:18:20.8299,.,.,blink
10:18:20.8303,.,.,blink
10:18:20.8308,.,.,blink
10:18:20.8313,.,.,blink
10:18:20.8317,.,.,blink
10:18:20.8322,.,.,blink
10:18:20.8327,.,.,blink
10:18:20.8331,.,.,blink
10:18:20.8336,.,.,blink
10:18:20.8341,.,.,blink
10:18:20.8346,.,.,blink
10:18:20.8350,.,.,blink
10:18:20.8355,.,.,blink
10:18:20.836,.,.,blink
10:18:20.8364,.,.,blink
10:18:20.8369,.,.,blink
10:18:20.8374,.,.,blink
10:18:20.8378,.,.,blink
10:18:20.8383,.,.,blink
10:18:20.8388,.,.,blink
10:18:20.8392,.,.,blink
10:18:20.8397,.,.,blink
10:18:20.8402,.,.,blink
10:18:20.8407,.,.,blink
10:18:20.8411,.,.,blink
10:18:20.8416,.,.,blink
10:18:20.8421,.,.,blink
10:18:20.8425,.,.,blink
10:18:20.843,.,.,blink
10:18:20.8435,.,.,blink
10:18:20.8439,.,.,blink
10:18:20.8444,.,.,blink
10:18:20.8449,.,.,blink
10:18:20.8453,.,.,blink
10:18:20.8458,.,.,blink
10:18:20.8463,.,.,blink
10:18:20.8467,.,.,blink
10:18:20.8471,.,.,blink
10:18:20.8476,.,.,blink
10:18:20.8481,.,.,blink
10:18:20.8485,.,.,blink
10:18:20.849,.,.,blink
10:18:20.8495,.,.,blink
10:18:20.8499,.,.,blink
10:18:20.8504,.,.,blink
10:18:20.8509,.,.,blink
10:18:20.8513,.,.,blink
10:18:20.8517,.,.,blink
10:18:20.8522,.,.,blink
10:18:20.8527,.,.,blink
10:18:20.8531,.,.,blink
10:18:20.8536,.,.,blink
10:18:20.8541,.,.,blink
10:18:20.8545,.,.,blink
10:18:20.855,.,.,blink
10:18:20.8555,.,.,blink
10:18:20.8559,.,.,blink
10:18:20.8563,.,.,blink
10:18:20.8568,.,.,blink
10:18:20.8573,.,.,blink
10:18:20.8577,.,.,blink
10:18:20.8582,.,.,blink
10:18:20.8587,.,.,blink
10:18:20.8591,.,.,blink
10:18:20.8596,.,.,blink
10:18:20.8601,.,.,blink
10:18:20.8605,.,.,blink
10:18:20.8609,.,.,blink
10:18:20.8614,.,.,blink
10:18:20.8619,.,.,blink
10:18:20.8623,.,.,blink
10:18:20.8628,.,.,blink
10:18:20.8633,.,.,blink
10:18:20.8637,.,.,blink
10:18:20.8642,.,.,blink
10:18:20.8647,.,.,blink
10:18:20.8651,.,.,blink
10:18:20.8656,.,.,blink
10:18:20.8661,.,.,blink
10:18:20.8666,.,.,blink
10:18:20.8670,.,.,blink
10:18:20.8675,.,.,blink
10:18:20.868,.,.,blink
10:18:20.8684,.,.,blink
10:18:20.8689,.,.,blink
10:18:20.8694,.,.,blink
10:18:20.8698,.,.,blink
10:18:20.8703,.,.,blink
10:18:20.8708,.,.,blink
10:18:20.8712,.,.,blink
10:18:20.8717,.,.,blink
10:18:20.8722,.,.,blink
10:18:20.8727,.,.,blink
10:18:20.8731,.,.,blink
10:18:20.8736,.,.,blink
10:18:20.8741,.,.,blink
10:18:20.8745,.,.,blink
10:18:20.875,.,.,blink
10:18:20.8755,.,.,blink
10:18:20.8759,.,.,blink
10:18:20.8764,.,.,blink
10:18:20.8769,.,.,blink
10:18:20.8773,.,.,blink
10:18:20.8778,.,.,blink
10:18:20.8783,.,.,blink
10:18:20.8788,.,.,blink
10:18:20.8792,.,.,blink
10:18:20.8797,.,.,blink
10:18:20.8802,.,.,blink
10:18:20.8806,.,.,blink
10:18:20.8811,.,.,blink
10:18:20.8816,.,.,blink
10:18:20.8820,.,.,blink
10:18:20.8825,.,.,blink
10:18:20.883,.,.,blink
10:18:20.8834,.,.,blink
10:18:20.8839,.,.,blink
10:18:20.8844,.,.,blink
10:18:20.8849,.,.,blink
10:18:20.8853,.,.,blink
10:18:20.8858,.,.,blink
10:18:20.8863,.,.,blink
10:18:20.8867,.,.,blink
10:18:20.8872,.,.,blink
10:18:20.8877,.,.,blink
10:18:20.8881,.,.,blink
10:18:20.8886,.,.,blink
10:18:20.8891,.,.,blink
10:18:20.8895,.,.,blink
10:18:20.89,.,.,blink
10:18:20.8905,.,.,blink
10:18:20.891,.,.,blink
10:18:20.8914,.,.,blink
10:18:20.8919,.,.,blink
10:18:20.8924,.,.,blink
10:18:20.8928,.,.,blink
10:18:20.8933,.,.,blink
10:18:20.8938,.,.,blink
10:18:20.8942,.,.,blink
10:18:20.8947,.,.,blink
10:18:20.8952,.,.,blink
10:18:20.8956,.,.,blink
10:18:20.8961,.,.,blink
10:18:20.8966,.,.,blink
10:18:20.8971,.,.,blink
10:18:20.8975,.,.,blink
10:18:20.898,.,.,blink
10:18:20.8985,.,.,blink
10:18:20.8989,.,.,blink
10:18:20.8994,.,.,blink
10:18:20.8999,.,.,blink
10:18:20.9003,.,.,blink
10:18:20.9008,.,.,blink
10:18:20.9013,.,.,blink
10:18:20.9017,.,.,blink
10:18:20.9022,.,.,blink
10:18:20.9027,.,.,blink
10:18:20.9032,.,.,blink
10:18:20.9036,.,.,blink
10:18:20.9041,.,.,blink
10:18:20.9046,.,.,blink
10:18:20.9050,.,.,blink
10:18:20.9055,.,.,blink
10:18:20.906,.,.,blink
10:18:20.9064,.,.,blink
10:18:20.9069,.,.,blink
10:18:20.9074,.,.,blink
10:18:20.9078,.,.,blink
10:18:20.9083,.,.,blink
10:18:20.9088,.,.,blink
10:18:20.9092,.,.,blink
10:18:20.9096,.,.,blink
10:18:20.9101,.,.,blink
10:18:20.9106,.,.,blink
10:18:20.9110,.,.,blink
10:18:20.9115,.,.,blink
10:18:20.912,.,.,blink
10:18:20.9124,.,.,blink
10:18:20.9129,.,.,blink
10:18:20.9134,.,.,blink
10:18:20.9138,.,.,blink
10:18:20.9142,.,.,blink
10:18:20.9147,.,.,blink
10:18:20.9152,.,.,blink
10:18:20.9156,.,.,blink
10:18:20.9161,.,.,blink
10:18:20.9166,.,.,blink
10:18:20.9170,.,.,blink
10:18:20.9175,.,.,blink
10:18:20.918,.,.,blink
10:18:20.9184,.,.,blink
10:18:20.9188,.,.,blink
10:18:20.9193,.,.,blink
10:18:20.9198,.,.,blink
10:18:20.9202,.,.,blink
10:18:20.9207,.,.,blink
10:18:20.9212,.,.,blink
10:18:20.9216,.,.,blink
10:18:20.9221,.,.,blink
10:18:20.9226,.,.,blink
10:18:20.9230,.,.,blink
10:18:20.9234,.,.,blink
10:18:20.9239,.,.,blink
10:18:20.9244,.,.,blink
10:18:20.9248,.,.,blink
10:18:20.9253,.,.,blink
10:18:20.9258,.,.,blink
10:18:20.9262,.,.,blink
10:18:20.9267,.,.,blink
10:18:20.9272,.,.,blink
10:18:20.9276,.,.,blink
10:18:20.9281,.,.,blink
10:18:20.9286,.,.,blink
10:18:20.9291,.,.,blink
10:18:20.9295,.,.,blink
10:18:20.93,.,.,blink
10:18:20.9305,.,.,blink
10:18:20.9309,.,.,blink
10:18:20.9314,.,.,blink
10:18:20.9319,.,.,blink
10:18:20.9323,.,.,blink
10:18:20.9328,.,.,blink
10:18:20.9333,.,.,blink
10:18:20.9337,.,.,blink
10:18:20.9342,.,.,blink
10:18:20.9347,.,.,blink
10:18:20.9352,.,.,blink
10:18:20.9356,.,.,blink
10:18:20.9361,.,.,blink
10:18:20.9366,.,.,blink
10:18:20.9370,.,.,blink
10:18:20.9375,.,.,blink
10:18:20.938,.,.,blink
10:18:20.9384,.,.,blink
10:18:20.9389,.,.,blink
10:18:20.9394,.,.,blink
10:18:20.9398,.,.,blink
10:18:20.9403,.,.,blink
10:18:20.9408,.,.,blink
10:18:20.9413,.,.,blink
10:18:20.9417,.,.,blink
10:18:20.9422,.,.,blink
10:18:20.9427,.,.,blink
10:18:20.9431,.,.,blink
10:18:20.9436,.,.,blink
10:18:20.9441,.,.,blink
10:18:20.9445,.,.,blink
10:18:20.945,.,.,blink
10:18:20.9455,.,.,blink
10:18:20.9459,.,.,blink
10:18:20.9464,.,.,blink
10:18:20.9469,.,.,blink
10:18:20.9474,.,.,blink
10:18:20.9478,.,.,blink
10:18:20.9483,.,.,blink
10:18:20.9488,.,.,blink
10:18:20.9492,.,.,blink
10:18:20.9497,.,.,blink
10:18:20.9502,.,.,blink
10:18:20.9506,.,.,blink
10:18:20.9511,.,.,blink
10:18:20.9516,.,.,blink
10:18:20.9520,.,.,blink
10:18:20.9525,.,.,blink
10:18:20.953,.,.,blink
10:18:20.9535,.,.,blink
10:18:20.9539,.,.,blink
10:18:20.9544,.,.,blink
10:18:20.9549,.,.,blink
10:18:20.9553,.,.,blink
10:18:20.9558,.,.,blink
10:18:20.9563,.,.,blink
10:18:20.9567,.,.,blink
10:18:20.9572,.,.,blink
10:18:20.9577,.,.,blink
10:18:20.9581,.,.,blink
10:18:20.9586,.,.,blink
10:18:20.9591,.,.,blink
10:18:20.9596,.,.,blink
10:18:20.9600,.,.,blink
10:18:20.9605,.,.,blink
10:18:20.961,.,.,blink
10:18:20.9614,.,.,blink
10:18:20.9619,.,.,blink
10:18:20.9624,.,.,blink
10:18:20.9628,.,.,blink
10:18:20.9633,.,.,blink
10:18:20.9638,.,.,blink
10:18:20.9642,.,.,blink
10:18:20.9647,.,.,blink
10:18:20.9652,.,.,blink
10:18:20.9657,.,.,blink
10:18:20.9661,.,.,blink
10:18:20.9666,.,.,blink
10:18:20.9671,.,.,blink
10:18:20.9675,.,.,blink
10:18:20.968,.,.,blink
10:18:20.9685,.,.,blink
10:18:20.9689,.,.,blink
10:18:20.9694,.,.,blink
10:18:20.9699,.,.,blink
10:18:20.9703,.,.,blink
10:18:20.9708,.,.,blink
10:18:20.9713,.,.,blink
10:18:20.9717,.,.,blink
10:18:20.9721,.,.,blink
10:18:20.9726,.,.,blink
10:18:20.9731,.,.,blink
10:18:20.9735,.,.,blink
10:18:20.974,.,.,blink
10:18:20.9745,.,.,blink
10:18:20.9749,.,.,blink
10:18:20.9754,.,.,blink
10:18:20.9759,.,.,blink
10:18:20.9763,.,.,blink
10:18:20.9767,.,.,blink
10:18:20.9772,.,.,blink
10:18:20.9777,.,.,blink
10:18:20.9781,.,.,blink
10:18:20.9786,.,.,blink
10:18:20.9791,.,.,blink
10:18:20.9795,.,.,blink
10:18:20.98,.,.,blink
10:18:20.9805,.,.,blink
10:18:20.9809,.,.,blink
10:18:20.9813,.,.,blink
10:18:20.9818,.,.,blink
10:18:20.9823,.,.,blink
10:18:20.9827,.,.,blink
10:18:20.9832,.,.,blink
10:18:20.9837,.,.,blink
10:18:20.9841,.,.,blink
10:18:20.9846,.,.,blink
10:18:20.9851,.,.,blink
10:18:20.9855,.,.,blink
10:18:20.9859,.,.,blink
10:18:20.9864,.,.,blink
10:18:20.9869,.,.,blink
10:18:20.9873,.,.,blink
10:18:20.9878,.,.,blink
10:18:20.9883,.,.,blink
10:18:20.9887,.,.,blink
10:18:20.9892,.,.,blink
10:18:20.9897,.,.,blink
10:18:20.9901,.,.,blink
10:18:20.9906,.,.,blink
10:18:20.9911,.,.,blink
10:18:20.9916,.,.,blink
10:18:20.9920,.,.,blink
10:18:20.9925,.,.,blink
10:18:20.993,.,.,blink
10:18:20.9934,.,.,blink
10:18:20.9939,.,.,blink
10:18:20.9944,.,.,blink
10:18:20.9948,.,.,blink
10:18:20.9953,.,.,blink
10:18:20.9958,.,.,blink
10:18:20.9962,.,.,blink
10:18:20.9967,.,.,blink
10:18:20.9972,.,.,blink
10:18:20.9977,.,.,blink
10:18:20.9981,.,.,blink
10:18:20.9986,.,.,blink
10:18:20.9991,.,.,blink
10:18:20.9995,.,.,blink
10:18:21.,.,.,blink
10:18:21.0005,.,.,blink
10:18:21.0009,.,.,blink
10:18:21.0014,.,.,blink
10:18:21.0019,.,.,blink
10:18:21.0023,.,.,blink
10:18:21.0028,.,.,blink
10:18:21.0033,.,.,blink
10:18:21.0038,.,.,blink
10:18:21.0042,.,.,blink
10:18:21.0047,.,.,blink
10:18:21.0052,.,.,blink
10:18:21.0056,.,.,blink
10:18:21.0061,.,.,blink
10:18:21.0066,.,.,blink
10:18:21.0070,.,.,blink
10:18:21.0075,.,.,blink
10:18:21.008,.,.,blink
10:18:21.0084,.,.,blink
10:18:21.0089,.,.,blink
10:18:21.0094,.,.,blink
10:18:21.0099,.,.,blink
10:18:21.0103,.,.,blink
10:18:21.0108,.,.,blink
10:18:21.0113,.,.,blink
10:18:21.0117,.,.,blink
10:18:21.0122,.,.,blink
10:18:21.0127,.,.,blink
10:18:21.0131,.,.,blink
10:18:21.0136,.,.,blink
10:18:21.0141,.,.,blink
10:18:21.0145,.,.,blink
10:18:21.015,.,.,blink
10:18:21.0155,.,.,blink
10:18:21.016,.,.,blink
10:18:21.0164,.,.,blink
10:18:21.0169,.,.,blink
10:18:21.0174,.,.,blink
10:18:21.0178,.,.,blink
10:18:21.0183,.,.,blink
10:18:21.0188,.,.,blink
10:18:21.0192,.,.,blink
10:18:21.0197,.,.,blink
10:18:21.0202,.,.,blink
10:18:21.0206,.,.,blink
10:18:21.0211,.,.,blink
10:18:21.0216,.,.,blink
10:18:21.0221,.,.,blink
10:18:21.0225,.,.,blink
10:18:21.023,.,.,blink
10:18:21.0235,.,.,blink
10:18:21.0239,.,.,blink
10:18:21.0244,.,.,blink
10:18:21.0249,.,.,blink
10:18:21.0253,.,.,blink
10:18:21.0258,.,.,blink
10:18:21.0263,.,.,blink
10:18:21.0267,.,.,blink
10:18:21.0272,.,.,blink
10:18:21.0277,.,.,blink
10:18:21.0282,.,.,blink
10:18:21.0286,.,.,blink
10:18:21.0291,.,.,blink
10:18:21.0296,.,.,blink
10:18:21.0300,.,.,blink
10:18:21.0305,.,.,blink
10:18:21.031,.,.,blink
10:18:21.0314,.,.,blink
10:18:21.0319,.,.,blink
10:18:21.0324,.,.,blink
10:18:21.0328,.,.,blink
10:18:21.0333,.,.,blink
10:18:21.0338,.,.,blink
10:18:21.0342,.,.,blink
10:18:21.0346,.,.,blink
10:18:21.0351,.,.,blink
10:18:21.0356,.,.,blink
10:18:21.0360,.,.,blink
10:18:21.0365,.,.,blink
10:18:21.037,.,.,blink
10:18:21.0374,.,.,blink
10:18:21.0379,.,.,blink
10:18:21.0384,.,.,blink
10:18:21.0388,.,.,blink
10:18:21.0392,.,.,blink
10:18:21.0397,.,.,blink
10:18:21.0402,.,.,blink
10:18:21.0406,.,.,blink
10:18:21.0411,.,.,blink
10:18:21.0416,.,.,blink
10:18:21.0420,.,.,blink
10:18:21.0425,.,.,blink
10:18:21.043,.,.,blink
10:18:21.0434,.,.,blink
10:18:21.0438,.,.,blink
10:18:21.0443,.,.,blink
10:18:21.0448,.,.,blink
10:18:21.0452,.,.,blink
10:18:21.0457,.,.,blink
10:18:21.0462,.,.,blink
10:18:21.0466,.,.,blink
10:18:21.0471,.,.,blink
10:18:21.0476,.,.,blink
10:18:21.0480,.,.,blink
10:18:21.0484,.,.,blink
10:18:21.0489,.,.,blink
10:18:21.0494,.,.,blink
10:18:21.0498,.,.,blink
10:18:21.0503,.,.,blink
10:18:21.0508,.,.,blink
10:18:21.0512,.,.,blink
10:18:21.0517,.,.,blink
10:18:21.0522,.,.,blink
10:18:21.0526,.,.,blink
10:18:21.0531,.,.,blink
10:18:21.0536,.,.,blink
10:18:21.0541,.,.,blink
10:18:21.0545,.,.,blink
10:18:21.055,.,.,blink
10:18:21.0555,.,.,blink
10:18:21.0559,.,.,blink
10:18:21.0564,.,.,blink
10:18:21.0569,.,.,blink
10:18:21.0573,.,.,blink
10:18:21.0578,.,.,blink
10:18:21.0583,.,.,blink
10:18:21.0587,.,.,blink
10:18:21.0592,.,.,blink
10:18:21.0597,.,.,blink
10:18:21.0602,.,.,blink
10:18:21.0606,.,.,blink
10:18:21.0611,.,.,blink
10:18:21.0616,.,.,blink
10:18:21.0620,.,.,blink
10:18:21.0625,.,.,blink
10:18:21.063,.,.,blink
10:18:21.0634,.,.,blink
10:18:21.0639,.,.,blink
10:18:21.0644,.,.,blink
10:18:21.0648,.,.,blink
10:18:21.0653,.,.,blink
10:18:21.0658,.,.,blink
10:18:21.0663,.,.,blink
10:18:21.0667,.,.,blink
10:18:21.0672,.,.,blink
10:18:21.0677,.,.,blink
10:18:21.0681,.,.,blink
10:18:21.0686,.,.,blink
10:18:21.0691,.,.,blink
10:18:21.0695,.,.,blink
10:18:21.07,.,.,blink
10:18:21.0705,.,.,blink
10:18:21.0709,.,.,blink
10:18:21.0714,.,.,blink
10:18:21.0719,.,.,blink
10:18:21.0724,.,.,blink
10:18:21.0728,.,.,blink
10:18:21.0733,.,.,blink
10:18:21.0738,.,.,blink
10:18:21.0742,.,.,blink
10:18:21.0747,.,.,blink
10:18:21.0752,.,.,blink
10:18:21.0756,.,.,blink
10:18:21.0761,.,.,blink
10:18:21.0766,.,.,blink
10:18:21.0770,.,.,blink
10:18:21.0775,.,.,blink
10:18:21.078,.,.,blink
10:18:21.0785,.,.,blink
10:18:21.0789,.,.,blink
10:18:21.0794,.,.,blink
10:18:21.0799,.,.,blink
10:18:21.0803,.,.,blink
10:18:21.0808,.,.,blink
10:18:21.0813,.,.,blink
10:18:21.0817,.,.,blink
10:18:21.0822,.,.,blink
10:18:21.0827,.,.,blink
10:18:21.0831,.,.,blink
10:18:21.0836,.,.,blink
10:18:21.0841,.,.,blink
10:18:21.0846,.,.,blink
10:18:21.0850,.,.,blink
10:18:21.0855,.,.,blink
10:18:21.086,.,.,blink
10:18:21.0864,.,.,blink
10:18:21.0869,.,.,blink
10:18:21.0874,.,.,blink
10:18:21.0878,.,.,blink
10:18:21.0883,.,.,blink
10:18:21.0888,.,.,blink
10:18:21.0892,.,.,blink
10:18:21.0897,.,.,blink
10:18:21.0902,.,.,blink
10:18:21.0907,.,.,blink
10:18:21.0911,.,.,blink
10:18:21.0916,.,.,blink
10:18:21.0921,.,.,blink
10:18:21.0925,.,.,blink
10:18:21.093,.,.,blink
10:18:21.0935,.,.,blink
10:18:21.0939,.,.,blink
10:18:21.0944,.,.,blink
10:18:21.0949,.,.,blink
10:18:21.0953,.,.,blink
10:18:21.0958,.,.,blink
10:18:21.0963,.,.,blink
10:18:21.0967,.,.,blink
10:18:21.0971,.,.,blink
10:18:21.0976,.,.,blink
10:18:21.0981,.,.,blink
10:18:21.0985,.,.,blink
10:18:21.099,.,.,blink
10:18:21.0995,.,.,blink
10:18:21.0999,.,.,blink
10:18:21.1004,.,.,blink
10:18:21.1009,.,.,blink
10:18:21.1013,.,.,blink
10:18:21.1017,.,.,blink
10:18:21.1022,.,.,blink
10:18:21.1027,.,.,blink
10:18:21.1031,.,.,blink
10:18:21.1036,.,.,blink
10:18:21.1041,.,.,blink
10:18:21.1045,.,.,blink
10:18:21.105,.,.,blink
10:18:21.1055,.,.,blink
10:18:21.1059,.,.,blink
10:18:21.1063,.,.,blink
10:18:21.1068,.,.,blink
10:18:21.1073,.,.,blink
10:18:21.1077,.,.,blink
10:18:21.1082,.,.,blink
10:18:21.1087,.,.,blink
10:18:21.1091,.,.,blink
10:18:21.1096,.,.,blink
10:18:21.1101,.,.,blink
10:18:21.1105,.,.,blink
10:18:21.1109,.,.,blink
10:18:21.1114,.,.,blink
10:18:21.1119,.,.,blink
10:18:21.1123,.,.,blink
10:18:21.1128,.,.,blink
10:18:21.1133,.,.,blink
10:18:21.1137,.,.,blink
10:18:21.1142,.,.,blink
10:18:21.1147,.,.,blink
10:18:21.1151,.,.,blink
10:18:21.1156,.,.,blink
10:18:21.1161,.,.,blink
10:18:21.1166,.,.,blink
10:18:21.1170,.,.,blink
10:18:21.1175,.,.,blink
10:18:21.118,.,.,blink
10:18:21.1184,.,.,blink
10:18:21.1189,.,.,blink
10:18:21.1194,.,.,blink
10:18:21.1198,.,.,blink
10:18:21.1203,.,.,blink
10:18:21.1208,.,.,blink
10:18:21.1212,.,.,blink
10:18:21.1217,.,.,blink
10:18:21.1222,.,.,blink
10:18:21.1227,.,.,blink
10:18:21.1231,.,.,blink
10:18:21.1236,.,.,blink
10:18:21.1241,.,.,blink
10:18:21.1245,.,.,blink
10:18:21.125,.,.,blink
10:18:21.1255,.,.,blink
10:18:21.1259,.,.,blink
10:18:21.1264,.,.,blink
10:18:21.1269,.,.,blink
10:18:21.1273,.,.,blink
10:18:21.1278,.,.,blink
10:18:21.1283,.,.,blink
10:18:21.1288,.,.,blink
10:18:21.1292,.,.,blink
10:18:21.1297,.,.,blink
10:18:21.1302,.,.,blink
10:18:21.1306,.,.,blink
10:18:21.1311,.,.,blink
10:18:21.1316,.,.,blink
10:18:21.1320,.,.,blink
10:18:21.1325,.,.,blink
10:18:21.133,.,.,blink
10:18:21.1334,.,.,blink
10:18:21.1339,.,.,blink
10:18:21.1344,.,.,blink
10:18:21.1349,.,.,blink
10:18:21.1353,.,.,blink
10:18:21.1358,.,.,blink
10:18:21.1363,.,.,blink
10:18:21.1367,.,.,blink
10:18:21.1372,.,.,blink
10:18:21.1377,.,.,blink
10:18:21.1381,.,.,blink
10:18:21.1386,.,.,blink
10:18:21.1391,.,.,blink
10:18:21.1395,.,.,blink
10:18:21.14,.,.,blink
10:18:21.1405,.,.,blink
10:18:21.141,.,.,blink
10:18:21.1414,.,.,blink
10:18:21.1419,.,.,blink
10:18:21.1424,.,.,blink
10:18:21.1428,.,.,blink
10:18:21.1433,.,.,blink
10:18:21.1438,.,.,blink
10:18:21.1442,.,.,blink
10:18:21.1447,.,.,blink
10:18:21.1452,.,.,blink
10:18:21.1456,.,.,blink
10:18:21.1461,.,.,blink
10:18:21.1466,.,.,blink
10:18:21.1471,.,.,blink
10:18:21.1475,.,.,blink
10:18:21.148,.,.,blink
10:18:21.1485,.,.,blink
10:18:21.1489,.,.,blink
10:18:21.1494,.,.,blink
10:18:21.1499,.,.,blink
10:18:21.1503,.,.,blink
10:18:21.1508,.,.,blink
10:18:21.1513,.,.,blink
10:18:21.1517,.,.,blink
10:18:21.1522,.,.,blink
10:18:21.1527,.,.,blink
10:18:21.1532,.,.,blink
10:18:21.1536,.,.,blink
10:18:21.1541,.,.,blink
10:18:21.1546,.,.,blink
10:18:21.1550,.,.,blink
10:18:21.1555,.,.,blink
10:18:21.156,.,.,blink
10:18:21.1564,.,.,blink
10:18:21.1569,.,.,blink
10:18:21.1574,.,.,blink
10:18:21.1578,.,.,blink
10:18:21.1583,.,.,blink
10:18:21.1588,.,.,blink
10:18:21.1592,.,.,blink
10:18:21.1596,.,.,blink
10:18:21.1601,.,.,blink
10:18:21.1606,.,.,blink
10:18:21.1610,.,.,blink
10:18:21.1615,.,.,blink
10:18:21.162,.,.,blink
10:18:21.1624,.,.,blink
10:18:21.1629,.,.,blink
10:18:21.1634,.,.,blink
10:18:21.1638,.,.,blink
10:18:21.1642,.,.,blink
10:18:21.1647,.,.,blink
10:18:21.1652,.,.,blink
10:18:21.1656,.,.,blink
10:18:21.1661,.,.,blink
10:18:21.1666,.,.,blink
10:18:21.1670,.,.,blink
10:18:21.1675,.,.,blink
10:18:21.168,.,.,blink
10:18:21.1684,.,.,blink
10:18:21.1688,.,.,blink
10:18:21.1693,.,.,blink
10:18:21.1698,.,.,blink
10:18:21.1702,.,.,blink
10:18:21.1707,.,.,blink
10:18:21.1712,.,.,blink
10:18:21.1716,.,.,blink
10:18:21.1721,.,.,blink
10:18:21.1726,.,.,blink
10:18:21.1730,.,.,blink
10:18:21.1734,.,.,blink
10:18:21.1739,.,.,blink
10:18:21.1744,.,.,blink
10:18:21.1748,.,.,blink
10:18:21.1753,.,.,blink
10:18:21.1758,.,.,blink
10:18:21.1762,.,.,blink
10:18:21.1767,.,.,blink
10:18:21.1772,.,.,blink
10:18:21.1776,.,.,blink
10:18:21.1781,.,.,blink
10:18:21.1786,.,.,blink
10:18:21.1791,.,.,blink
10:18:21.1795,.,.,blink
10:18:21.18,.,.,blink
10:18:21.1805,.,.,blink
10:18:21.1809,.,.,blink
10:18:21.1814,.,.,blink
10:18:21.1819,.,.,blink
10:18:21.1823,.,.,blink
10:18:21.1828,.,.,blink
10:18:21.1833,.,.,blink
10:18:21.1837,.,.,blink
10:18:21.1842,.,.,blink
10:18:21.1847,.,.,blink
10:18:21.1852,.,.,blink
10:18:21.1856,.,.,blink
10:18:21.1861,.,.,blink
10:18:21.1866,.,.,blink
10:18:21.1870,.,.,blink
10:18:21.1875,.,.,blink
10:18:21.188,.,.,blink
10:18:21.1884,.,.,blink
10:18:21.1889,.,.,blink
10:18:21.1894,.,.,blink
10:18:21.1898,.,.,blink
10:18:21.1903,.,.,blink
10:18:21.1908,.,.,blink
10:18:21.1913,.,.,blink
10:18:21.1917,.,.,blink
10:18:21.1922,.,.,blink
10:18:21.1927,.,.,blink
10:18:21.1931,.,.,blink
10:18:21.1936,.,.,blink
10:18:21.1941,.,.,blink
10:18:21.1945,.,.,blink
10:18:21.195,.,.,blink
10:18:21.1955,.,.,blink
10:18:21.1959,.,.,blink
10:18:21.1964,.,.,blink
10:18:21.1969,.,.,blink
10:18:21.1974,.,.,blink
10:18:21.1978,.,.,blink
10:18:21.1983,.,.,blink
10:18:21.1988,.,.,blink
10:18:21.1992,.,.,blink
10:18:21.1997,.,.,blink
10:18:21.2002,.,.,blink
10:18:21.2006,.,.,blink
10:18:21.2011,.,.,blink
10:18:21.2016,.,.,blink
10:18:21.2020,.,.,blink
10:18:21.2025,.,.,blink
10:18:21.203,.,.,blink
10:18:21.2035,.,.,blink
10:18:21.2039,.,.,blink
10:18:21.2044,.,.,blink
10:18:21.2049,.,.,blink
10:18:21.2053,.,.,blink
10:18:21.2058,.,.,blink
10:18:21.2063,.,.,blink
10:18:21.2067,.,.,blink
10:18:21.2072,.,.,blink
10:18:21.2077,.,.,blink
10:18:21.2081,.,.,blink
10:18:21.2086,.,.,blink
10:18:21.2091,.,.,blink
10:18:21.2096,.,.,blink
10:18:21.2100,.,.,blink
10:18:21.2105,.,.,blink
10:18:21.211,.,.,blink
10:18:21.2114,.,.,blink
10:18:21.2119,.,.,blink
10:18:21.2124,.,.,blink
10:18:21.2128,.,.,blink
10:18:21.2133,.,.,blink
10:18:21.2138,.,.,blink
10:18:21.2142,.,.,blink
10:18:21.2147,.,.,blink
10:18:21.2152,.,.,blink
10:18:21.2157,.,.,blink
10:18:21.2161,.,.,blink
10:18:21.2166,.,.,blink
10:18:21.2171,.,.,blink
10:18:21.2175,.,.,blink
10:18:21.218,.,.,blink
10:18:21.2185,.,.,blink
10:18:21.2189,.,.,blink
10:18:21.2194,.,.,blink
10:18:21.2199,.,.,blink
10:18:21.2203,.,.,blink
10:18:21.2208,.,.,blink
10:18:21.2213,.,.,blink
10:18:21.2217,.,.,blink
10:18:21.2221,.,.,blink
10:18:21.2226,.,.,blink
10:18:21.2231,.,.,blink
10:18:21.2235,.,.,blink
10:18:21.224,.,.,blink
10:18:21.2245,.,.,blink
10:18:21.2249,.,.,blink
10:18:21.2254,.,.,blink
10:18:21.2259,.,.,blink
10:18:21.2263,.,.,blink
10:18:21.2267,.,.,blink
10:18:21.2272,.,.,blink
10:18:21.2277,.,.,blink
10:18:21.2281,.,.,blink
10:18:21.2286,.,.,blink
10:18:21.2291,.,.,blink
10:18:21.2295,.,.,blink
10:18:21.23,.,.,blink
10:18:21.2305,.,.,blink
10:18:21.2309,.,.,blink
10:18:21.2313,.,.,blink
10:18:21.2318,.,.,blink
10:18:21.2323,.,.,blink
10:18:21.2327,.,.,blink
10:18:21.2332,.,.,blink
10:18:21.2337,.,.,blink
10:18:21.2341,.,.,blink
10:18:21.2346,.,.,blink
10:18:21.2351,.,.,blink
10:18:21.2355,.,.,blink
10:18:21.2359,.,.,blink
10:18:21.2364,.,.,blink
10:18:21.2369,.,.,blink
10:18:21.2373,.,.,blink
10:18:21.2378,.,.,blink
10:18:21.2383,.,.,blink
10:18:21.2387,.,.,blink
10:18:21.2392,.,.,blink
10:18:21.2397,.,.,blink
10:18:21.2401,.,.,blink
10:18:21.2406,.,.,blink
10:18:21.2411,.,.,blink
10:18:21.2416,.,.,blink
10:18:21.2420,.,.,blink
10:18:21.2425,.,.,blink
10:18:21.243,.,.,blink
10:18:21.2434,.,.,blink
10:18:21.2439,.,.,blink
10:18:21.2444,.,.,blink
10:18:21.2448,.,.,blink
10:18:21.2453,.,.,blink
10:18:21.2458,.,.,blink
10:18:21.2462,.,.,blink
10:18:21.2467,.,.,blink
10:18:21.2472,.,.,blink
10:18:21.2477,.,.,blink
10:18:21.2481,.,.,blink
10:18:21.2486,.,.,blink
10:18:21.2491,.,.,blink
10:18:21.2495,.,.,blink
10:18:21.25,.,.,blink
10:18:21.2505,.,.,blink
10:18:21.2509,.,.,blink
10:18:21.2514,.,.,blink
10:18:21.2519,.,.,blink
10:18:21.2523,.,.,blink
10:18:21.2528,.,.,blink
10:18:21.2533,.,.,blink
10:18:21.2538,.,.,blink
10:18:21.2542,.,.,blink
10:18:21.2547,.,.,blink
10:18:21.2552,.,.,blink
10:18:21.2556,.,.,blink
10:18:21.2561,.,.,blink
10:18:21.2566,.,.,blink
10:18:21.2570,.,.,blink
10:18:21.2575,.,.,blink
10:18:21.258,.,.,blink
10:18:21.2584,.,.,blink
10:18:21.2589,.,.,blink
10:18:21.2594,.,.,blink
10:18:21.2599,.,.,blink
10:18:21.2603,.,.,blink
10:18:21.2608,.,.,blink
10:18:21.2613,.,.,blink
10:18:21.2617,.,.,blink
10:18:21.2622,.,.,blink
10:18:21.2627,.,.,blink
10:18:21.2631,.,.,blink
10:18:21.2636,.,.,blink
10:18:21.2641,.,.,blink
10:18:21.2645,.,.,blink
10:18:21.265,.,.,blink
10:18:21.2655,.,.,blink
10:18:21.266,.,.,blink
10:18:21.2664,.,.,blink
10:18:21.2669,.,.,blink
10:18:21.2674,.,.,blink
10:18:21.2678,.,.,blink
10:18:21.2683,.,.,blink
10:18:21.2688,.,.,blink
10:18:21.2692,.,.,blink
10:18:21.2697,.,.,blink
10:18:21.2702,.,.,blink
10:18:21.2706,.,.,blink
10:18:21.2711,.,.,blink
10:18:21.2716,.,.,blink
10:18:21.2721,.,.,blink
10:18:21.2725,.,.,blink
10:18:21.273,.,.,blink
10:18:21.2735,.,.,blink
10:18:21.2739,.,.,blink
10:18:21.2744,.,.,blink
10:18:21.2749,.,.,blink
10:18:21.2753,.,.,blink
10:18:21.2758,.,.,blink
10:18:21.2763,.,.,blink
10:18:21.2767,.,.,blink
10:18:21.2772,.,.,blink
10:18:21.2777,.,.,blink
10:18:21.2782,.,.,blink
10:18:21.2786,.,.,blink
10:18:21.2791,.,.,blink
10:18:21.2796,.,.,blink
10:18:21.2800,.,.,blink
10:18:21.2805,.,.,blink
10:18:21.281,.,.,blink
10:18:21.2814,.,.,blink
10:18:21.2819,.,.,blink
10:18:21.2824,.,.,blink
10:18:21.2828,.,.,blink
10:18:21.2833,.,.,blink
10:18:21.2838,.,.,blink
10:18:21.2842,.,.,blink
10:18:21.2846,.,.,blink
10:18:21.2851,.,.,blink
10:18:21.2856,.,.,blink
10:18:21.2860,.,.,blink
10:18:21.2865,.,.,blink
10:18:21.287,.,.,blink
10:18:21.2874,.,.,blink
10:18:21.2879,.,.,blink
10:18:21.2884,.,.,blink
10:18:21.2888,.,.,blink
10:18:21.2892,.,.,blink
10:18:21.2897,.,.,blink
10:18:21.2902,.,.,blink
10:18:21.2906,.,.,blink
10:18:21.2911,.,.,blink
10:18:21.2916,.,.,blink
10:18:21.2920,.,.,blink
10:18:21.2925,.,.,blink
10:18:21.293,.,.,blink
10:18:21.2934,.,.,blink
10:18:21.2938,.,.,blink
10:18:21.2943,.,.,blink
10:18:21.2948,.,.,blink
10:18:21.2952,.,.,blink
10:18:21.2957,.,.,blink
10:18:21.2962,.,.,blink
10:18:21.2966,.,.,blink
10:18:21.2971,.,.,blink
10:18:21.2976,.,.,blink
10:18:21.2980,.,.,blink
10:18:21.2984,.,.,blink
10:18:21.2989,.,.,blink
10:18:21.2994,.,.,blink
10:18:21.2998,.,.,blink
10:18:21.3003,.,.,blink
10:18:21.3008,.,.,blink
10:18:21.3012,.,.,blink
10:18:21.3017,.,.,blink
10:18:21.3022,.,.,blink
10:18:21.3026,.,.,blink
10:18:21.3031,.,.,blink
10:18:21.3036,.,.,blink
10:18:21.3041,.,.,blink
10:18:21.3045,.,.,blink
10:18:21.305,.,.,blink
10:18:21.3055,.,.,blink
10:18:21.3059,.,.,blink
10:18:21.3064,.,.,blink
10:18:21.3069,.,.,blink
10:18:21.3073,.,.,blink
10:18:21.3078,.,.,blink
10:18:21.3083,.,.,blink
10:18:21.3087,.,.,blink
10:18:21.3092,.,.,blink
10:18:21.3097,.,.,blink
10:18:21.3102,.,.,blink
10:18:21.3106,.,.,blink
10:18:21.3111,.,.,blink
10:18:21.3116,.,.,blink
10:18:21.3120,.,.,blink
10:18:21.3125,.,.,blink
10:18:21.313,.,.,blink
10:18:21.3134,.,.,blink
10:18:21.3139,.,.,blink
10:18:21.3144,.,.,blink
10:18:21.3148,.,.,blink
10:18:21.3153,.,.,blink
10:18:21.3158,.,.,blink
10:18:21.3163,.,.,blink
10:18:21.3167,.,.,blink
10:18:21.3172,.,.,blink
10:18:21.3177,.,.,blink
10:18:21.3181,.,.,blink
10:18:21.3186,.,.,blink
10:18:21.3191,.,.,blink
10:18:21.3195,.,.,blink
10:18:21.32,.,.,blink
10:18:21.3205,.,.,blink
10:18:21.3209,.,.,blink
10:18:21.3214,.,.,blink
10:18:21.3219,.,.,blink
10:18:21.3224,.,.,blink
10:18:21.3228,.,.,blink
10:18:21.3233,.,.,blink
10:18:21.3238,.,.,blink
10:18:21.3242,.,.,blink
10:18:21.3247,.,.,blink
10:18:21.3252,.,.,blink
10:18:21.3256,.,.,blink
10:18:21.3261,.,.,blink
10:18:21.3266,.,.,blink
10:18:21.3270,.,.,blink
10:18:21.3275,.,.,blink
10:18:21.328,.,.,blink
10:18:21.3285,.,.,blink
10:18:21.3289,.,.,blink
10:18:21.3294,.,.,blink
10:18:21.3299,.,.,blink
10:18:21.3303,.,.,blink
10:18:21.3308,.,.,blink
10:18:21.3313,.,.,blink
10:18:21.3317,.,.,blink
10:18:21.3322,.,.,blink
10:18:21.3327,.,.,blink
10:18:21.3331,.,.,blink
10:18:21.3336,.,.,blink
10:18:21.3341,.,.,blink
10:18:21.3346,.,.,blink
10:18:21.3350,.,.,blink
10:18:21.3355,.,.,blink
10:18:21.336,.,.,blink
10:18:21.3364,.,.,blink
10:18:21.3369,.,.,blink
10:18:21.3374,.,.,blink
10:18:21.3378,.,.,blink
10:18:21.3383,.,.,blink
10:18:21.3388,.,.,blink
10:18:21.3392,.,.,blink
10:18:21.3397,.,.,blink
10:18:21.3402,.,.,blink
10:18:21.3407,.,.,blink
10:18:21.3411,.,.,blink
10:18:21.3416,.,.,blink
10:18:21.3421,.,.,blink
10:18:21.3425,.,.,blink
10:18:21.343,.,.,blink
10:18:21.3435,.,.,blink
10:18:21.3439,.,.,blink
10:18:21.3444,.,.,blink
10:18:21.3449,.,.,blink
10:18:21.3453,.,.,blink
10:18:21.3458,.,.,blink
10:18:21.3463,.,.,blink
10:18:21.3467,.,.,blink
10:18:21.3471,.,.,blink
10:18:21.3476,.,.,blink
10:18:21.3481,.,.,blink
10:18:21.3485,.,.,blink
10:18:21.349,.,.,blink
10:18:21.3495,.,.,blink
10:18:21.3499,.,.,blink
10:18:21.3504,.,.,blink
10:18:21.3509,.,.,blink
10:18:21.3513,.,.,blink
10:18:21.3517,.,.,blink
10:18:21.3522,.,.,blink
10:18:21.3527,.,.,blink
10:18:21.3531,.,.,blink
10:18:21.3536,.,.,blink
10:18:21.3541,.,.,blink
10:18:21.3545,.,.,blink
10:18:21.355,.,.,blink
10:18:21.3555,.,.,blink
10:18:21.3559,.,.,blink
10:18:21.3563,.,.,blink
10:18:21.3568,.,.,blink
10:18:21.3573,.,.,blink
10:18:21.3577,.,.,blink
10:18:21.3582,.,.,blink
10:18:21.3587,.,.,blink
10:18:21.3591,.,.,blink
10:18:21.3596,.,.,blink
10:18:21.3601,.,.,blink
10:18:21.3605,.,.,blink
10:18:21.3609,.,.,blink
10:18:21.3614,.,.,blink
10:18:21.3619,.,.,blink
10:18:21.3623,.,.,blink
10:18:21.3628,.,.,blink
10:18:21.3633,.,.,blink
10:18:21.3637,.,.,blink
10:18:21.3642,.,.,blink
10:18:21.3647,.,.,blink
10:18:21.3651,.,.,blink
10:18:21.3656,.,.,blink
10:18:21.3661,.,.,blink
10:18:21.3666,.,.,blink
10:18:21.3670,.,.,blink
10:18:21.3675,.,.,blink
10:18:21.368,.,.,blink
10:18:21.3684,.,.,blink
10:18:21.3689,.,.,blink
10:18:21.3694,.,.,blink
10:18:21.3698,.,.,blink
10:18:21.3703,.,.,blink
10:18:21.3708,.,.,blink
10:18:21.3712,.,.,blink
10:18:21.3717,.,.,blink
10:18:21.3722,.,.,blink
10:18:21.3727,.,.,blink
10:18:21.3731,.,.,blink
10:18:21.3736,.,.,blink
10:18:21.3741,.,.,blink
10:18:21.3745,.,.,blink
10:18:21.375,.,.,blink
10:18:21.3755,.,.,blink
10:18:21.3759,.,.,blink
10:18:21.3764,.,.,blink
10:18:21.3769,.,.,blink
10:18:21.3773,.,.,blink
10:18:21.3778,.,.,blink
10:18:21.3783,.,.,blink
10:18:21.3788,.,.,blink
10:18:21.3792,.,.,blink
10:18:21.3797,.,.,blink
10:18:21.3802,.,.,blink
10:18:21.3806,.,.,blink
10:18:21.3811,.,.,blink
10:18:21.3816,.,.,blink
10:18:21.3820,.,.,blink
10:18:21.3825,.,.,blink
10:18:21.383,.,.,blink
10:18:21.3834,.,.,blink
10:18:21.3839,.,.,blink
10:18:21.3844,.,.,blink
10:18:21.3849,.,.,blink
10:18:21.3853,.,.,blink
10:18:21.3858,.,.,blink
10:18:21.3863,.,.,blink
10:18:21.3867,.,.,blink
10:18:21.3872,.,.,blink
10:18:21.3877,.,.,blink
10:18:21.3881,.,.,blink
10:18:21.3886,.,.,blink
10:18:21.3891,.,.,blink
10:18:21.3895,.,.,blink
10:18:21.39,.,.,blink
10:18:21.3905,.,.,blink
10:18:21.391,.,.,blink
10:18:21.3914,.,.,blink
10:18:21.3919,.,.,blink
10:18:21.3924,.,.,blink
10:18:21.3928,.,.,blink
10:18:21.3933,.,.,blink
10:18:21.3938,.,.,blink
10:18:21.3942,.,.,blink
10:18:21.3947,.,.,blink
10:18:21.3952,.,.,blink
10:18:21.3956,.,.,blink
10:18:21.3961,.,.,blink
10:18:21.3966,.,.,blink
10:18:21.3971,.,.,blink
10:18:21.3975,.,.,blink
10:18:21.398,.,.,blink
10:18:21.3985,.,.,blink
10:18:21.3989,.,.,blink
10:18:21.3994,.,.,blink
10:18:21.3999,.,.,blink
10:18:21.4003,.,.,blink
10:18:21.4008,.,.,blink
10:18:21.4013,.,.,blink
10:18:21.4017,.,.,blink
10:18:21.4022,.,.,blink
10:18:21.4027,.,.,blink
10:18:21.4032,.,.,blink
10:18:21.4036,.,.,blink
10:18:21.4041,.,.,blink
10:18:21.4046,.,.,blink
10:18:21.4050,.,.,blink
10:18:21.4055,.,.,blink
10:18:21.406,.,.,blink
10:18:21.4064,.,.,blink
10:18:21.4069,.,.,blink
10:18:21.4074,.,.,blink
10:18:21.4078,.,.,blink
10:18:21.4083,.,.,blink
10:18:21.4088,.,.,blink
10:18:21.4092,.,.,blink
10:18:21.4096,.,.,blink
10:18:21.4101,.,.,blink
10:18:21.4106,.,.,blink
10:18:21.4110,.,.,blink
10:18:21.4115,.,.,blink
10:18:21.412,.,.,blink
10:18:21.4124,.,.,blink
10:18:21.4129,.,.,blink
10:18:21.4134,.,.,blink
10:18:21.4138,.,.,blink
10:18:21.4142,.,.,blink
10:18:21.4147,.,.,blink
10:18:21.4152,.,.,blink
10:18:21.4156,.,.,blink
10:18:21.4161,.,.,blink
10:18:21.4166,.,.,blink
10:18:21.4170,.,.,blink
10:18:21.4175,.,.,blink
10:18:21.418,.,.,blink
10:18:21.4184,.,.,blink
10:18:21.4188,.,.,blink
10:18:21.4193,.,.,blink
10:18:21.4198,.,.,blink
10:18:21.4202,.,.,blink
10:18:21.4207,.,.,blink
10:18:21.4212,.,.,blink
10:18:21.4216,.,.,blink
10:18:21.4221,.,.,blink
10:18:21.4226,.,.,blink
10:18:21.4230,.,.,blink
10:18:21.4234,.,.,blink
10:18:21.4239,.,.,blink
10:18:21.4244,.,.,blink
10:18:21.4248,.,.,blink
10:18:21.4253,.,.,blink
10:18:21.4258,.,.,blink
10:18:21.4262,.,.,blink
10:18:21.4267,.,.,blink
10:18:21.4272,.,.,blink
10:18:21.4276,.,.,blink
10:18:21.4281,.,.,blink
10:18:21.4286,.,.,blink
10:18:21.4291,.,.,blink
10:18:21.4295,.,.,blink
10:18:21.43,.,.,blink
10:18:21.4305,.,.,blink
10:18:21.4309,.,.,blink
10:18:21.4314,.,.,blink
10:18:21.4319,.,.,blink
10:18:21.4323,.,.,blink
10:18:21.4328,.,.,blink
10:18:21.4333,.,.,blink
10:18:21.4337,.,.,blink
10:18:21.4342,.,.,blink
10:18:21.4347,.,.,blink
10:18:21.4352,.,.,blink
10:18:21.4356,.,.,blink
10:18:21.4361,.,.,blink
10:18:21.4366,.,.,blink
10:18:21.4370,.,.,blink
10:18:21.4375,.,.,blink
10:18:21.438,.,.,blink
10:18:21.4384,.,.,blink
10:18:21.4389,.,.,blink
10:18:21.4394,.,.,blink
10:18:21.4398,.,.,blink
10:18:21.4403,.,.,blink
10:18:21.4408,.,.,blink
10:18:21.4413,.,.,blink
10:18:21.4417,.,.,blink
10:18:21.4422,.,.,blink
10:18:21.4427,.,.,blink
10:18:21.4431,.,.,blink
10:18:21.4436,.,.,blink
10:18:21.4441,.,.,blink
10:18:21.4445,.,.,blink
10:18:21.445,.,.,blink
10:18:21.4455,.,.,blink
10:18:21.4459,.,.,blink
10:18:21.4464,.,.,blink
10:18:21.4469,.,.,blink
10:18:21.4474,.,.,blink
10:18:21.4478,.,.,blink
10:18:21.4483,.,.,blink
10:18:21.4488,.,.,blink
10:18:21.4492,.,.,blink
10:18:21.4497,.,.,blink
10:18:21.4502,.,.,blink
10:18:21.4506,.,.,blink
10:18:21.4511,.,.,blink
10:18:21.4516,.,.,blink
10:18:21.4520,.,.,blink
10:18:21.4525,.,.,blink
10:18:21.453,.,.,blink
10:18:21.4535,.,.,blink
10:18:21.4539,.,.,blink
10:18:21.4544,.,.,blink
10:18:21.4549,.,.,blink
10:18:21.4553,.,.,blink
10:18:21.4558,.,.,blink
10:18:21.4563,.,.,blink
10:18:21.4567,.,.,blink
10:18:21.4572,.,.,blink
10:18:21.4577,.,.,blink
10:18:21.4581,.,.,blink
10:18:21.4586,.,.,blink
10:18:21.4591,.,.,blink
10:18:21.4596,.,.,blink
10:18:21.4600,.,.,blink
10:18:21.4605,.,.,blink
10:18:21.461,.,.,blink
10:18:21.4614,.,.,blink
10:18:21.4619,.,.,blink
10:18:21.4624,.,.,blink
10:18:21.4628,.,.,blink
10:18:21.4633,.,.,blink
10:18:21.4638,.,.,blink
10:18:21.4642,.,.,blink
10:18:21.4647,.,.,blink
10:18:21.4652,.,.,blink
10:18:21.4657,.,.,blink
10:18:21.4661,.,.,blink
10:18:21.4666,.,.,blink
10:18:21.4671,.,.,blink
10:18:21.4675,.,.,blink
10:18:21.468,.,.,blink
10:18:21.4685,.,.,blink
10:18:21.4689,.,.,blink
10:18:21.4694,.,.,blink
10:18:21.4699,.,.,blink
10:18:21.4703,.,.,blink
10:18:21.4708,.,.,blink
10:18:21.4713,.,.,blink
10:18:21.4717,.,.,blink
10:18:21.4721,.,.,blink
10:18:21.4726,.,.,blink
10:18:21.4731,.,.,blink
10:18:21.4735,.,.,blink
10:18:21.474,.,.,blink
10:18:21.4745,.,.,blink
10:18:21.4749,.,.,blink
10:18:21.4754,.,.,blink
10:18:21.4759,.,.,blink
10:18:21.4763,.,.,blink
10:18:21.4767,.,.,blink
10:18:21.4772,.,.,blink
10:18:21.4777,.,.,blink
10:18:21.4781,.,.,blink
10:18:21.4786,.,.,blink
10:18:21.4791,.,.,blink
10:18:21.4795,.,.,blink
10:18:21.48,.,.,blink
10:18:21.4805,.,.,blink
10:18:21.4809,.,.,blink
10:18:21.4813,.,.,blink
10:18:21.4818,.,.,blink
10:18:21.4823,.,.,blink
10:18:21.4827,.,.,blink
10:18:21.4832,.,.,blink
10:18:21.4837,.,.,blink
10:18:21.4841,.,.,blink
10:18:21.4846,.,.,blink
10:18:21.4851,.,.,blink
10:18:21.4855,.,.,blink
10:18:21.4859,.,.,blink
10:18:21.4864,.,.,blink
10:18:21.4869,.,.,blink
10:18:21.4873,.,.,blink
10:18:21.4878,.,.,blink
10:18:21.4883,.,.,blink
10:18:21.4887,.,.,blink
10:18:21.4892,.,.,blink
10:18:21.4897,.,.,blink
10:18:21.4901,.,.,blink
10:18:21.4906,.,.,blink
10:18:21.4911,.,.,blink
10:18:21.4916,.,.,blink
10:18:21.4920,.,.,blink
10:18:21.4925,.,.,blink
10:18:21.493,.,.,blink
10:18:21.4934,.,.,blink
10:18:21.4939,.,.,blink
10:18:21.4944,.,.,blink
10:18:21.4948,.,.,blink
10:18:21.4953,.,.,blink
10:18:21.4958,.,.,blink
10:18:21.4962,.,.,blink
10:18:21.4967,.,.,blink
10:18:21.4972,.,.,blink
10:18:21.4977,.,.,blink
10:18:21.4981,.,.,blink
10:18:21.4986,.,.,blink
10:18:21.4991,.,.,blink
10:18:21.4995,.,.,blink
10:18:21.5,.,.,blink
10:18:21.5005,.,.,blink
10:18:21.5009,.,.,blink
10:18:21.5014,.,.,blink
10:18:21.5019,.,.,blink
10:18:21.5023,.,.,blink
10:18:21.5028,.,.,blink
10:18:21.5033,.,.,blink
10:18:21.5038,.,.,blink
10:18:21.5042,.,.,blink
10:18:21.5047,.,.,blink
10:18:21.5052,.,.,blink
10:18:21.5056,.,.,blink
10:18:21.5061,.,.,blink
10:18:21.5066,.,.,blink
10:18:21.5070,.,.,blink
10:18:21.5075,.,.,blink
10:18:21.508,.,.,blink
10:18:21.5084,.,.,blink
10:18:21.5089,.,.,blink
10:18:21.5094,.,.,blink
10:18:21.5099,.,.,blink
10:18:21.5103,.,.,blink
10:18:21.5108,.,.,blink
10:18:21.5113,.,.,blink
10:18:21.5117,.,.,blink
10:18:21.5122,.,.,blink
10:18:21.5127,.,.,blink
10:18:21.5131,.,.,blink
10:18:21.5136,.,.,blink
10:18:21.5141,.,.,blink
10:18:21.5145,.,.,blink
10:18:21.515,.,.,blink
10:18:21.5155,.,.,blink
10:18:21.516,.,.,blink
10:18:21.5164,.,.,blink
10:18:21.5169,.,.,blink
10:18:21.5174,.,.,blink
10:18:21.5178,.,.,blink
10:18:21.5183,.,.,blink
10:18:21.5188,.,.,blink
10:18:21.5192,.,.,blink
10:18:21.5197,.,.,blink
10:18:21.5202,.,.,blink
10:18:21.5206,.,.,blink
10:18:21.5211,.,.,blink
10:18:21.5216,.,.,blink
10:18:21.5221,.,.,blink
10:18:21.5225,.,.,blink
10:18:21.523,.,.,blink
10:18:21.5235,.,.,blink
10:18:21.5239,.,.,blink
10:18:21.5244,.,.,blink
10:18:21.5249,.,.,blink
10:18:21.5253,.,.,blink
10:18:21.5258,.,.,blink
10:18:21.5263,.,.,blink
10:18:21.5267,.,.,blink
10:18:21.5272,.,.,blink
10:18:21.5277,.,.,blink
10:18:21.5282,.,.,blink
10:18:21.5286,.,.,blink
10:18:21.5291,.,.,blink
10:18:21.5296,.,.,blink
10:18:21.5300,.,.,blink
10:18:21.5305,.,.,blink
10:18:21.531,.,.,blink
10:18:21.5314,.,.,blink
10:18:21.5319,.,.,blink
10:18:21.5324,.,.,blink
10:18:21.5328,.,.,blink
10:18:21.5333,.,.,blink
10:18:21.5338,.,.,blink
10:18:21.5342,.,.,blink
10:18:21.5346,.,.,blink
10:18:21.5351,.,.,blink
10:18:21.5356,.,.,blink
10:18:21.5360,.,.,blink
10:18:21.5365,.,.,blink
10:18:21.537,.,.,blink
10:18:21.5374,.,.,blink
10:18:21.5379,.,.,blink
10:18:21.5384,.,.,blink
10:18:21.5388,.,.,blink
10:18:21.5392,.,.,blink
10:18:21.5397,.,.,blink
10:18:21.5402,.,.,blink
10:18:21.5406,.,.,blink
10:18:21.5411,.,.,blink
10:18:21.5416,.,.,blink
10:18:21.5420,.,.,blink
10:18:21.5425,.,.,blink
10:18:21.543,.,.,blink
10:18:21.5434,.,.,blink
10:18:21.5438,.,.,blink
10:18:21.5443,.,.,blink
10:18:21.5448,.,.,blink
10:18:21.5452,.,.,blink
10:18:21.5457,.,.,blink
10:18:21.5462,.,.,blink
10:18:21.5466,.,.,blink
10:18:21.5471,.,.,blink
10:18:21.5476,.,.,blink
10:18:21.5480,.,.,blink
10:18:21.5484,.,.,blink
10:18:21.5489,.,.,blink
10:18:21.5494,.,.,blink
10:18:21.5498,.,.,blink
10:18:21.5503,.,.,blink
10:18:21.5508,.,.,blink
10:18:21.5512,.,.,blink
10:18:21.5517,.,.,blink
10:18:21.5522,.,.,blink
10:18:21.5526,.,.,blink
10:18:21.5531,.,.,blink
10:18:21.5536,.,.,blink
10:18:21.5541,.,.,blink
10:18:21.5545,.,.,blink
10:18:21.555,.,.,blink
10:18:21.5555,.,.,blink
10:18:21.5559,.,.,blink
10:18:21.5564,.,.,blink
10:18:21.5569,.,.,blink
10:18:21.5573,.,.,blink
10:18:21.5578,.,.,blink
10:18:21.5583,.,.,blink
10:18:21.5587,.,.,blink
10:18:21.5592,.,.,blink
10:18:21.5597,.,.,blink
10:18:21.5602,.,.,blink
10:18:21.5606,.,.,blink
10:18:21.5611,.,.,blink
10:18:21.5616,.,.,blink
10:18:21.5620,.,.,blink
10:18:21.5625,.,.,blink
10:18:21.563,.,.,blink
10:18:21.5634,.,.,blink
10:18:21.5639,.,.,blink
10:18:21.5644,.,.,blink
10:18:21.5648,.,.,blink
10:18:21.5653,.,.,blink
10:18:21.5658,.,.,blink
10:18:21.5663,.,.,blink
10:18:21.5667,.,.,blink
10:18:21.5672,.,.,blink
10:18:21.5677,.,.,blink
10:18:21.5681,.,.,blink
10:18:21.5686,.,.,blink
10:18:21.5691,.,.,blink
10:18:21.5695,.,.,blink
10:18:21.57,.,.,blink
10:18:21.5705,.,.,blink
10:18:21.5709,.,.,blink
10:18:21.5714,.,.,blink
10:18:21.5719,.,.,blink
10:18:21.5724,.,.,blink
10:18:21.5728,.,.,blink
10:18:21.5733,.,.,blink
10:18:21.5738,.,.,blink
10:18:21.5742,.,.,blink
10:18:21.5747,.,.,blink
10:18:21.5752,.,.,blink
10:18:21.5756,.,.,blink
10:18:21.5761,.,.,blink
10:18:21.5766,.,.,blink
10:18:21.5770,.,.,blink
10:18:21.5775,.,.,blink
10:18:21.578,.,.,blink
10:18:21.5785,.,.,blink
10:18:21.5789,.,.,blink
10:18:21.5794,.,.,blink
10:18:21.5799,.,.,blink
10:18:21.5803,.,.,blink
10:18:21.5808,.,.,blink
10:18:21.5813,.,.,blink
10:18:21.5817,.,.,blink
10:18:21.5822,.,.,blink
10:18:21.5827,.,.,blink
10:18:21.5831,.,.,blink
10:18:21.5836,.,.,blink
10:18:21.5841,.,.,blink
10:18:21.5846,.,.,blink
10:18:21.5850,.,.,blink
10:18:21.5855,.,.,blink
10:18:21.586,.,.,blink
10:18:21.5864,.,.,blink
10:18:21.5869,.,.,blink
10:18:21.5874,.,.,blink
10:18:21.5878,.,.,blink
10:18:21.5883,.,.,blink
10:18:21.5888,.,.,blink
10:18:21.5892,.,.,blink
10:18:21.5897,.,.,blink
10:18:21.5902,.,.,blink
10:18:21.5907,.,.,blink
10:18:21.5911,.,.,blink
10:18:21.5916,.,.,blink
10:18:21.5921,.,.,blink
10:18:21.5925,.,.,blink
10:18:21.593,.,.,blink
10:18:21.5935,.,.,blink
10:18:21.5939,.,.,blink
10:18:21.5944,.,.,blink
10:18:21.5949,.,.,blink
10:18:21.5953,.,.,blink
10:18:21.5958,.,.,blink
10:18:21.5963,.,.,blink
10:18:21.5967,.,.,blink
10:18:21.5971,.,.,blink
10:18:21.5976,.,.,blink
10:18:21.5981,.,.,blink
10:18:21.5985,.,.,blink
10:18:21.599,.,.,blink
10:18:21.5995,.,.,blink
10:18:21.5999,.,.,blink
10:18:21.6004,.,.,blink
10:18:21.6009,.,.,blink
10:18:21.6013,.,.,blink
10:18:21.6017,.,.,blink
10:18:21.6022,.,.,blink
10:18:21.6027,.,.,blink
10:18:21.6031,.,.,blink
10:18:21.6036,.,.,blink
10:18:21.6041,.,.,blink
10:18:21.6045,.,.,blink
10:18:21.605,.,.,blink
10:18:21.6055,.,.,blink
10:18:21.6059,.,.,blink
10:18:21.6063,.,.,blink
10:18:21.6068,.,.,blink
10:18:21.6073,.,.,blink
10:18:21.6077,.,.,blink
10:18:21.6082,.,.,blink
10:18:21.6087,.,.,blink
10:18:21.6091,.,.,blink
10:18:21.6096,.,.,blink
10:18:21.6101,.,.,blink
10:18:21.6105,.,.,blink
10:18:21.6109,.,.,blink
10:18:21.6114,.,.,blink
10:18:21.6119,.,.,blink
10:18:21.6123,.,.,blink
10:18:21.6128,.,.,blink
10:18:21.6133,.,.,blink
10:18:21.6137,.,.,blink
10:18:21.6142,.,.,blink
10:18:21.6147,.,.,blink
10:18:21.6151,.,.,blink
10:18:21.6156,.,.,blink
10:18:21.6161,.,.,blink
10:18:21.6166,.,.,blink
10:18:21.6170,.,.,blink
10:18:21.6175,.,.,blink
10:18:21.618,.,.,blink
10:18:21.6184,.,.,blink
10:18:21.6189,.,.,blink
10:18:21.6194,.,.,blink
10:18:21.6198,.,.,blink
10:18:21.6203,.,.,blink
10:18:21.6208,.,.,blink
10:18:21.6212,.,.,blink
10:18:21.6217,.,.,blink
10:18:21.6222,.,.,blink
10:18:21.6227,.,.,blink
10:18:21.6231,.,.,blink
10:18:21.6236,.,.,blink
10:18:21.6241,.,.,blink
10:18:21.6245,.,.,blink
10:18:21.625,.,.,blink
10:18:21.6255,.,.,blink
10:18:21.6259,.,.,blink
10:18:21.6264,.,.,blink
10:18:21.6269,.,.,blink
10:18:21.6273,.,.,blink
10:18:21.6278,.,.,blink
10:18:21.6283,.,.,blink
10:18:21.6288,.,.,blink
10:18:21.6292,.,.,blink
10:18:21.6297,.,.,blink
10:18:21.6302,.,.,blink
10:18:21.6306,.,.,blink
10:18:21.6311,.,.,blink
10:18:21.6316,.,.,blink
10:18:21.6320,.,.,blink
10:18:21.6325,.,.,blink
10:18:21.633,.,.,blink
10:18:21.6334,.,.,blink
10:18:21.6339,.,.,blink
10:18:21.6344,.,.,blink
