TimeStamp,X,Y,Event
11:50:39.0476,.,.,blink
11:50:39.0481,.,.,blink
11:50:39.0486,.,.,blink
11:50:39.0491,.,.,blink
11:50:39.0496,.,.,blink
11:50:39.0501,.,.,blink
11:50:39.0506,.,.,blink
11:50:39.0511,.,.,blink
11:50:39.0516,.,.,blink
11:50:39.0521,.,.,blink
11:50:39.0526,.,.,blink
11:50:39.0531,.,.,blink
11:50:39.0536,.,.,blink
11:50:39.0541,.,.,blink
11:50:39.0546,.,.,blink
11:50:39.0551,.,.,blink
11:50:39.0556,.,.,blink
11:50:39.0561,.,.,blink
11:50:39.0566,.,.,blink
11:50:39.0571,.,.,blink
11:50:39.0576,.,.,blink
11:50:39.0581,.,.,blink
11:50:39.0586,.,.,blink
11:50:39.0591,.,.,blink
11:50:39.0596,.,.,blink
11:50:39.0601,.,.,blink
11:50:39.0606,.,.,blink
11:50:39.0611,.,.,blink
11:50:39.0616,.,.,blink
11:50:39.0621,.,.,blink
11:50:39.0626,.,.,blink
11:50:39.0631,.,.,blink
11:50:39.0636,.,.,blink
11:50:39.0641,.,.,blink
11:50:39.0646,.,.,blink
11:50:39.0651,.,.,blink
11:50:39.0656,.,.,blink
11:50:39.0661,.,.,blink
11:50:39.0666,.,.,blink
11:50:39.0671,.,.,blink
11:50:39.0676,.,.,blink
11:50:39.0681,.,.,blink
11:50:39.0686,.,.,blink
11:50:39.0691,.,.,blink
11:50:39.0696,.,.,blink
11:50:39.0701,.,.,blink
11:50:39.0706,.,.,blink
11:50:39.0711,.,.,blink
11:50:39.0716,.,.,blink
11:50:39.0721,.,.,blink
11:50:39.0726,.,.,blink
11:50:39.0731,.,.,blink
11:50:39.0736,.,.,blink
11:50:39.0741,.,.,blink
11:50:39.0746,.,.,blink
11:50:39.0751,.,.,blink
11:50:39.0756,.,.,blink
11:50:39.0761,.,.,blink
11:50:39.0766,.,.,blink
11:50:39.0771,.,.,blink
11:50:39.0776,.,.,blink
11:50:39.0781,.,.,blink
11:50:39.0786,.,.,blink
11:50:39.0791,.,.,blink
11:50:39.0796,.,.,blink
11:50:39.0801,.,.,blink
11:50:39.0806,.,.,blink
11:50:39.0811,.,.,blink
11:50:39.0816,.,.,blink
11:50:39.0821,.,.,blink
11:50:39.0826,.,.,blink
11:50:39.0831,.,.,blink
11:50:39.0836,.,.,blink
11:50:39.0841,.,.,blink
11:50:39.0846,.,.,blink
11:50:39.0851,.,.,blink
11:50:39.0856,.,.,blink
11:50:39.0861,.,.,blink
11:50:39.0866,.,.,blink
11:50:39.0871,.,.,blink
11:50:39.0876,.,.,blink
11:50:39.0881,.,.,blink
11:50:39.0886,.,.,blink
11:50:39.0891,.,.,blink
11:50:39.0896,.,.,blink
11:50:39.0901,.,.,blink
11:50:39.0906,.,.,blink
11:50:39.0911,.,.,blink
11:50:39.0916,.,.,blink
11:50:39.0921,.,.,blink
11:50:39.0926,.,.,blink
11:50:39.0931,.,.,blink
11:50:39.0936,.,.,blink
11:50:39.0941,.,.,blink
11:50:39.0946,.,.,blink
11:50:39.0951,.,.,blink
11:50:39.0956,.,.,blink
11:50:39.0961,.,.,blink
11:50:39.0966,.,.,blink
11:50:39.0971,.,.,blink
11:50:39.0976,.,.,blink
11:50:39.0981,.,.,blink
11:50:39.0986,.,.,blink
11:50:39.0991,.,.,blink
11:50:39.0996,.,.,blink
11:50:39.1001,.,.,blink
11:50:39.1006,.,.,blink
11:50:39.1011,.,.,blink
11:50:39.1016,.,.,blink
11:50:39.1021,.,.,blink
11:50:39.1026,.,.,blink
11:50:39.1031,.,.,blink
11:50:39.1036,.,.,blink
11:50:39.1041,.,.,blink
11:50:39.1046,.,.,blink
11:50:39.1051,.,.,blink
11:50:39.1056,.,.,blink
11:50:39.1061,.,.,blink
11:50:39.1066,.,.,blink
11:50:39.1071,.,.,blink
11:50:39.1076,.,.,blink
11:50:39.1081,.,.,blink
11:50:39.1086,.,.,blink
11:50:39.1091,.,.,blink
11:50:39.1096,.,.,blink
11:50:39.1101,.,.,blink
11:50:39.1106,.,.,blink
11:50:39.1111,.,.,blink
11:50:39.1116,.,.,blink
11:50:39.1121,.,.,blink
11:50:39.1126,.,.,blink
11:50:39.1131,.,.,blink
11:50:39.1136,.,.,blink
11:50:39.1141,.,.,blink
11:50:39.1146,.,.,blink
11:50:39.1151,.,.,blink
11:50:39.1156,.,.,blink
11:50:39.1161,.,.,blink
11:50:39.1166,.,.,blink
11:50:39.1171,.,.,blink
11:50:39.1176,.,.,blink
11:50:39.1181,.,.,blink
11:50:39.1186,.,.,blink
11:50:39.1191,.,.,blink
11:50:39.1196,.,.,blink
11:50:39.1201,.,.,blink
11:50:39.1206,.,.,blink
11:50:39.1211,.,.,blink
11:50:39.1216,.,.,blink
11:50:39.1221,.,.,blink
11:50:39.1226,.,.,blink
11:50:39.1231,.,.,blink
11:50:39.1236,.,.,blink
11:50:39.1241,.,.,blink
11:50:39.1246,.,.,blink
11:50:39.1251,.,.,blink
11:50:39.1256,.,.,blink
11:50:39.1261,.,.,blink
11:50:39.1266,.,.,blink
11:50:39.1271,.,.,blink
11:50:39.1276,.,.,blink
11:50:39.1281,.,.,blink
11:50:39.1286,.,.,blink
11:50:39.1291,.,.,blink
11:50:39.1296,.,.,blink
11:50:39.1301,.,.,blink
11:50:39.1306,.,.,blink
11:50:39.1311,.,.,blink
11:50:39.1316,.,.,blink
11:50:39.1321,.,.,blink
11:50:39.1326,.,.,blink
11:50:39.1331,.,.,blink
11:50:39.1336,.,.,blink
11:50:39.1341,.,.,blink
11:50:39.1346,.,.,blink
11:50:39.1351,.,.,blink
11:50:39.1356,.,.,blink
11:50:39.1361,.,.,blink
11:50:39.1366,.,.,blink
11:50:39.1371,.,.,blink
11:50:39.1376,.,.,blink
11:50:39.1381,.,.,blink
11:50:39.1386,.,.,blink
11:50:39.1391,.,.,blink
11:50:39.1396,.,.,blink
11:50:39.1401,.,.,blink
11:50:39.1406,.,.,blink
11:50:39.1411,.,.,blink
11:50:39.1416,.,.,blink
11:50:39.1421,.,.,blink
11:50:39.1426,.,.,blink
11:50:39.1431,.,.,blink
11:50:39.1436,.,.,blink
11:50:39.1441,.,.,blink
11:50:39.1446,.,.,blink
11:50:39.1451,.,.,blink
11:50:39.1456,.,.,blink
11:50:39.1461,.,.,blink
11:50:39.1466,.,.,blink
11:50:39.1471,.,.,blink
11:50:39.1476,.,.,blink
11:50:39.1481,.,.,blink
11:50:39.1486,.,.,blink
11:50:39.1491,.,.,blink
11:50:39.1496,.,.,blink
11:50:39.1501,.,.,blink
11:50:39.1506,.,.,blink
11:50:39.1511,.,.,blink
11:50:39.1516,.,.,blink
11:50:39.1521,.,.,blink
11:50:39.1526,.,.,blink
11:50:39.1531,.,.,blink
11:50:39.1536,.,.,blink
11:50:39.1541,.,.,blink
11:50:39.1546,.,.,blink
11:50:39.1551,.,.,blink
11:50:39.1556,.,.,blink
11:50:39.1561,.,.,blink
11:50:39.1566,.,.,blink
11:50:39.1571,.,.,blink
11:50:39.1576,.,.,blink
11:50:39.1581,.,.,blink
11:50:39.1586,.,.,blink
11:50:39.1591,.,.,blink
11:50:39.1596,.,.,blink
11:50:39.1601,.,.,blink
11:50:39.1606,.,.,blink
11:50:39.1611,.,.,blink
11:50:39.1616,.,.,blink
11:50:39.1621,.,.,blink
11:50:39.1626,.,.,blink
11:50:39.1631,.,.,blink
11:50:39.1636,.,.,blink
11:50:39.1641,.,.,blink
11:50:39.1646,.,.,blink
11:50:39.1651,.,.,blink
11:50:39.1656,.,.,blink
11:50:39.1661,.,.,blink
11:50:39.1666,.,.,blink
11:50:39.1671,.,.,blink
11:50:39.1676,.,.,blink
11:50:39.1681,.,.,blink
11:50:39.1686,.,.,blink
11:50:39.1691,.,.,blink
11:50:39.1696,.,.,blink
11:50:39.1701,.,.,blink
11:50:39.1706,.,.,blink
11:50:39.1711,.,.,blink
11:50:39.1716,.,.,blink
11:50:39.1721,.,.,blink
11:50:39.1726,.,.,blink
11:50:39.1731,.,.,blink
11:50:39.1736,.,.,blink
11:50:39.1741,.,.,blink
11:50:39.1746,.,.,blink
11:50:39.1751,.,.,blink
11:50:39.1756,.,.,blink
11:50:39.1761,.,.,blink
11:50:39.1766,.,.,blink
11:50:39.1771,.,.,blink
11:50:39.1776,.,.,blink
11:50:39.1781,.,.,blink
11:50:39.1786,.,.,blink
11:50:39.1791,.,.,blink
11:50:39.1796,.,.,blink
11:50:39.1801,.,.,blink
11:50:39.1806,.,.,blink
11:50:39.1811,.,.,blink
11:50:39.1816,.,.,blink
11:50:39.1821,.,.,blink
11:50:39.1826,.,.,blink
11:50:39.1831,.,.,blink
11:50:39.1836,.,.,blink
11:50:39.1841,.,.,blink
11:50:39.1846,.,.,blink
11:50:39.1851,.,.,blink
11:50:39.1856,.,.,blink
11:50:39.1861,.,.,blink
11:50:39.1866,.,.,blink
11:50:39.1871,.,.,blink
11:50:39.1876,.,.,blink
11:50:39.1881,.,.,blink
11:50:39.1886,.,.,blink
11:50:39.1891,.,.,blink
11:50:39.1896,.,.,blink
11:50:39.1901,.,.,blink
11:50:39.1906,.,.,blink
11:50:39.1911,.,.,blink
11:50:39.1916,.,.,blink
11:50:39.1921,.,.,blink
11:50:39.1926,.,.,blink
11:50:39.1931,.,.,blink
11:50:39.1936,.,.,blink
11:50:39.1941,.,.,blink
11:50:39.1946,.,.,blink
11:50:39.1951,.,.,blink
11:50:39.1956,.,.,blink
11:50:39.1961,.,.,blink
11:50:39.1966,.,.,blink
11:50:39.1971,.,.,blink
11:50:39.1976,.,.,blink
11:50:39.1981,.,.,blink
11:50:39.1986,.,.,blink
11:50:39.1991,.,.,blink
11:50:39.1996,.,.,blink
11:50:39.2001,.,.,blink
11:50:39.2006,.,.,blink
11:50:39.2011,.,.,blink
11:50:39.2016,.,.,blink
11:50:39.2021,.,.,blink
11:50:39.2026,.,.,blink
11:50:39.2031,.,.,blink
11:50:39.2036,.,.,blink
11:50:39.2041,.,.,blink
11:50:39.2046,.,.,blink
11:50:39.2051,.,.,blink
11:50:39.2056,.,.,blink
11:50:39.2061,.,.,blink
11:50:39.2066,.,.,blink
11:50:39.2071,.,.,blink
11:50:39.2076,.,.,blink
11:50:39.2081,.,.,blink
11:50:39.2086,.,.,blink
11:50:39.2091,.,.,blink
11:50:39.2096,.,.,blink
11:50:39.2101,.,.,blink
11:50:39.2106,.,.,blink
11:50:39.2111,.,.,blink
11:50:39.2116,.,.,blink
11:50:39.2121,.,.,blink
11:50:39.2126,.,.,blink
11:50:39.2131,.,.,blink
11:50:39.2136,.,.,blink
11:50:39.2141,.,.,blink
11:50:39.2146,.,.,blink
11:50:39.2151,.,.,blink
11:50:39.2156,.,.,blink
11:50:39.2161,.,.,blink
11:50:39.2166,.,.,blink
11:50:39.2171,.,.,blink
11:50:39.2176,.,.,blink
11:50:39.2181,.,.,blink
11:50:39.2186,.,.,blink
11:50:39.2191,.,.,blink
11:50:39.2196,.,.,blink
11:50:39.2201,.,.,blink
11:50:39.2206,.,.,blink
11:50:39.2211,.,.,blink
11:50:39.2216,.,.,blink
11:50:39.2221,.,.,blink
11:50:39.2226,.,.,blink
11:50:39.2231,.,.,blink
11:50:39.2236,.,.,blink
11:50:39.2241,.,.,blink
11:50:39.2246,.,.,blink
11:50:39.2251,.,.,blink
11:50:39.2256,.,.,blink
11:50:39.2261,.,.,blink
11:50:39.2266,.,.,blink
11:50:39.2271,.,.,blink
11:50:39.2276,.,.,blink
11:50:39.2281,.,.,blink
11:50:39.2286,.,.,blink
11:50:39.2291,.,.,blink
11:50:39.2296,.,.,blink
11:50:39.2301,.,.,blink
11:50:39.2306,.,.,blink
11:50:39.2311,.,.,blink
11:50:39.2316,.,.,blink
11:50:39.2321,.,.,blink
11:50:39.2326,.,.,blink
11:50:39.2331,.,.,blink
11:50:39.2336,.,.,blink
11:50:39.2341,.,.,blink
11:50:39.2346,.,.,blink
11:50:39.2351,.,.,blink
11:50:39.2356,.,.,blink
11:50:39.2361,.,.,blink
11:50:39.2366,.,.,blink
11:50:39.2371,.,.,blink
11:50:39.2376,.,.,blink
11:50:39.2381,.,.,blink
11:50:39.2386,.,.,blink
11:50:39.2391,.,.,blink
11:50:39.2396,.,.,blink
11:50:39.2401,.,.,blink
11:50:39.2406,.,.,blink
11:50:39.2411,.,.,blink
11:50:39.2416,.,.,blink
11:50:39.2421,.,.,blink
11:50:39.2426,.,.,blink
11:50:39.2431,.,.,blink
11:50:39.2436,.,.,blink
11:50:39.2441,.,.,blink
11:50:39.2446,.,.,blink
11:50:39.2451,.,.,blink
11:50:39.2456,.,.,blink
11:50:39.2461,.,.,blink
11:50:39.2466,.,.,blink
11:50:39.2471,.,.,blink
11:50:39.2476,.,.,blink
11:50:39.2481,.,.,blink
11:50:39.2486,.,.,blink
11:50:39.2491,.,.,blink
11:50:39.2496,.,.,blink
11:50:39.2501,.,.,blink
11:50:39.2506,.,.,blink
11:50:39.2511,.,.,blink
11:50:39.2516,.,.,blink
11:50:39.2521,.,.,blink
11:50:39.2526,.,.,blink
11:50:39.2531,.,.,blink
11:50:39.2536,.,.,blink
11:50:39.2541,.,.,blink
11:50:39.2546,.,.,blink
11:50:39.2551,.,.,blink
11:50:39.2556,.,.,blink
11:50:39.2561,.,.,blink
11:50:39.2566,.,.,blink
11:50:39.2571,.,.,blink
11:50:39.2576,.,.,blink
11:50:39.2581,.,.,blink
11:50:39.2586,.,.,blink
11:50:39.2591,.,.,blink
11:50:39.2596,.,.,blink
11:50:39.2601,.,.,blink
11:50:39.2606,.,.,blink
11:50:39.2611,.,.,blink
11:50:39.2616,.,.,blink
11:50:39.2621,.,.,blink
11:50:39.2626,.,.,blink
11:50:39.2631,.,.,blink
11:50:39.2636,.,.,blink
11:50:39.2641,.,.,blink
11:50:39.2646,.,.,blink
11:50:39.2651,.,.,blink
11:50:39.2656,.,.,blink
11:50:39.2661,.,.,blink
11:50:39.2666,.,.,blink
11:50:39.2671,.,.,blink
11:50:39.2676,.,.,blink
11:50:39.2681,.,.,blink
11:50:39.2686,.,.,blink
11:50:39.2691,.,.,blink
11:50:39.2696,.,.,blink
11:50:39.2701,.,.,blink
11:50:39.2706,.,.,blink
11:50:39.2711,.,.,blink
11:50:39.2716,.,.,blink
11:50:39.2721,.,.,blink
11:50:39.2726,.,.,blink
11:50:39.2731,.,.,blink
11:50:39.2736,.,.,blink
11:50:39.2741,.,.,blink
11:50:39.2746,.,.,blink
11:50:39.2751,.,.,blink
11:50:39.2756,.,.,blink
11:50:39.2761,.,.,blink
11:50:39.2766,.,.,blink
11:50:39.2771,.,.,blink
11:50:39.2776,.,.,blink
11:50:39.2781,.,.,blink
11:50:39.2786,.,.,blink
11:50:39.2791,.,.,blink
11:50:39.2796,.,.,blink
11:50:39.2801,.,.,blink
11:50:39.2806,.,.,blink
11:50:39.2811,.,.,blink
11:50:39.2816,.,.,blink
11:50:39.2821,.,.,blink
11:50:39.2826,.,.,blink
11:50:39.2831,.,.,blink
11:50:39.2836,.,.,blink
11:50:39.2841,.,.,blink
11:50:39.2846,.,.,blink
11:50:39.2851,.,.,blink
11:50:39.2856,.,.,blink
11:50:39.2861,.,.,blink
11:50:39.2866,.,.,blink
11:50:39.2871,.,.,blink
11:50:39.2876,.,.,blink
11:50:39.2881,.,.,blink
11:50:39.2886,.,.,blink
11:50:39.2891,.,.,blink
11:50:39.2896,.,.,blink
11:50:39.2901,.,.,blink
11:50:39.2906,.,.,blink
11:50:39.2911,.,.,blink
11:50:39.2916,.,.,blink
11:50:39.2921,.,.,blink
11:50:39.2926,.,.,blink
11:50:39.2931,.,.,blink
11:50:39.2936,.,.,blink
11:50:39.2941,.,.,blink
11:50:39.2946,.,.,blink
11:50:39.2951,.,.,blink
11:50:39.2956,.,.,blink
11:50:39.2961,.,.,blink
11:50:39.2966,.,.,blink
11:50:39.2971,.,.,blink
11:50:39.2976,.,.,blink
11:50:39.2981,.,.,blink
11:50:39.2986,.,.,blink
11:50:39.2991,.,.,blink
11:50:39.2996,.,.,blink
11:50:39.3001,.,.,blink
11:50:39.3006,.,.,blink
11:50:39.3011,.,.,blink
11:50:39.3016,.,.,blink
11:50:39.3021,.,.,blink
11:50:39.3026,.,.,blink
11:50:39.3031,.,.,blink
11:50:39.3036,.,.,blink
11:50:39.3041,.,.,blink
11:50:39.3046,.,.,blink
11:50:39.3051,.,.,blink
11:50:39.3056,.,.,blink
11:50:39.3061,.,.,blink
11:50:39.3066,.,.,blink
11:50:39.3071,.,.,blink
11:50:39.3076,.,.,blink
11:50:39.3081,.,.,blink
11:50:39.3086,.,.,blink
11:50:39.3091,.,.,blink
11:50:39.3096,.,.,blink
11:50:39.3101,.,.,blink
11:50:39.3106,.,.,blink
11:50:39.3111,.,.,blink
11:50:39.3116,.,.,blink
11:50:39.3121,.,.,blink
11:50:39.3126,.,.,blink
11:50:39.3131,.,.,blink
11:50:39.3136,.,.,blink
11:50:39.3141,.,.,blink
11:50:39.3146,.,.,blink
11:50:39.3151,.,.,blink
11:50:39.3156,.,.,blink
11:50:39.3161,.,.,blink
11:50:39.3166,.,.,blink
11:50:39.3171,.,.,blink
11:50:39.3176,.,.,blink
11:50:39.3181,.,.,blink
11:50:39.3186,.,.,blink
11:50:39.3191,.,.,blink
11:50:39.3196,.,.,blink
11:50:39.3201,.,.,blink
11:50:39.3206,.,.,blink
11:50:39.3211,.,.,blink
11:50:39.3216,.,.,blink
11:50:39.3221,.,.,blink
11:50:39.3226,.,.,blink
11:50:39.3231,.,.,blink
11:50:39.3236,.,.,blink
11:50:39.3241,.,.,blink
11:50:39.3246,.,.,blink
11:50:39.3251,.,.,blink
11:50:39.3256,.,.,blink
11:50:39.3261,.,.,blink
11:50:39.3266,.,.,blink
11:50:39.3271,.,.,blink
11:50:39.3276,.,.,blink
11:50:39.3281,.,.,blink
11:50:39.3286,.,.,blink
11:50:39.3291,.,.,blink
11:50:39.3296,.,.,blink
11:50:39.3301,.,.,blink
11:50:39.3306,.,.,blink
11:50:39.3311,.,.,blink
11:50:39.3316,.,.,blink
11:50:39.3321,.,.,blink
11:50:39.3326,.,.,blink
11:50:39.3331,.,.,blink
11:50:39.3336,.,.,blink
11:50:39.3341,.,.,blink
11:50:39.3346,.,.,blink
11:50:39.3351,.,.,blink
11:50:39.3356,.,.,blink
11:50:39.3361,.,.,blink
11:50:39.3366,.,.,blink
11:50:39.3371,.,.,blink
11:50:39.3376,.,.,blink
11:50:39.3381,.,.,blink
11:50:39.3386,.,.,blink
11:50:39.3391,.,.,blink
11:50:39.3396,.,.,blink
11:50:39.3401,.,.,blink
11:50:39.3406,.,.,blink
11:50:39.3411,.,.,blink
11:50:39.3416,.,.,blink
11:50:39.3421,.,.,blink
11:50:39.3426,.,.,blink
11:50:39.3431,.,.,blink
11:50:39.3436,.,.,blink
11:50:39.3441,.,.,blink
11:50:39.3446,.,.,blink
11:50:39.3451,.,.,blink
11:50:39.3456,.,.,blink
11:50:39.3461,.,.,blink
11:50:39.3466,.,.,blink
11:50:39.3471,.,.,blink
11:50:39.3476,.,.,blink
11:50:39.3481,.,.,blink
11:50:39.3486,.,.,blink
11:50:39.3491,.,.,blink
11:50:39.3496,.,.,blink
11:50:39.3501,.,.,blink
11:50:39.3506,.,.,blink
11:50:39.3511,.,.,blink
11:50:39.3516,.,.,blink
11:50:39.3521,.,.,blink
11:50:39.3526,.,.,blink
11:50:39.3531,.,.,blink
11:50:39.3536,.,.,blink
11:50:39.3541,.,.,blink
11:50:39.3546,.,.,blink
11:50:39.3551,.,.,blink
11:50:39.3556,.,.,blink
11:50:39.3561,.,.,blink
11:50:39.3566,.,.,blink
11:50:39.3571,.,.,blink
11:50:39.3576,.,.,blink
11:50:39.3581,.,.,blink
11:50:39.3586,.,.,blink
11:50:39.3591,.,.,blink
11:50:39.3596,.,.,blink
11:50:39.3601,.,.,blink
11:50:39.3606,.,.,blink
11:50:39.3611,.,.,blink
11:50:39.3616,.,.,blink
11:50:39.3621,.,.,blink
11:50:39.3626,.,.,blink
11:50:39.3631,.,.,blink
11:50:39.3636,.,.,blink
11:50:39.3641,.,.,blink
11:50:39.3646,.,.,blink
11:50:39.3651,.,.,blink
11:50:39.3656,.,.,blink
11:50:39.3661,.,.,blink
11:50:39.3666,.,.,blink
11:50:39.3671,.,.,blink
11:50:39.3676,.,.,blink
11:50:39.3681,.,.,blink
11:50:39.3686,.,.,blink
11:50:39.3691,.,.,blink
11:50:39.3696,.,.,blink
11:50:39.3701,.,.,blink
11:50:39.3706,.,.,blink
11:50:39.3711,.,.,blink
11:50:39.3716,.,.,blink
11:50:39.3721,.,.,blink
11:50:39.3726,.,.,blink
11:50:39.3731,.,.,blink
11:50:39.3736,.,.,blink
11:50:39.3741,.,.,blink
11:50:39.3746,.,.,blink
11:50:39.3751,.,.,blink
11:50:39.3756,.,.,blink
11:50:39.3761,.,.,blink
11:50:39.3766,.,.,blink
11:50:39.3771,.,.,blink
11:50:39.3776,.,.,blink
11:50:39.3781,.,.,blink
11:50:39.3786,.,.,blink
11:50:39.3791,.,.,blink
11:50:39.3796,.,.,blink
11:50:39.3801,.,.,blink
11:50:39.3806,.,.,blink
11:50:39.3811,.,.,blink
11:50:39.3816,.,.,blink
11:50:39.3821,.,.,blink
11:50:39.3826,.,.,blink
11:50:39.3831,.,.,blink
11:50:39.3836,.,.,blink
11:50:39.3841,.,.,blink
11:50:39.3846,.,.,blink
11:50:39.3851,.,.,blink
11:50:39.3856,.,.,blink
11:50:39.3861,.,.,blink
11:50:39.3866,.,.,blink
11:50:39.3871,.,.,blink
11:50:39.3876,.,.,blink
11:50:39.3881,.,.,blink
11:50:39.3886,.,.,blink
11:50:39.3891,.,.,blink
11:50:39.3896,.,.,blink
11:50:39.3901,.,.,blink
11:50:39.3906,.,.,blink
11:50:39.3911,.,.,blink
11:50:39.3916,.,.,blink
11:50:39.3921,.,.,blink
11:50:39.3926,.,.,blink
11:50:39.3931,.,.,blink
11:50:39.3936,.,.,blink
11:50:39.3941,.,.,blink
11:50:39.3946,.,.,blink
11:50:39.3951,.,.,blink
11:50:39.3956,.,.,blink
11:50:39.3961,.,.,blink
11:50:39.3966,.,.,blink
11:50:39.3971,.,.,blink
11:50:39.3976,.,.,blink
11:50:39.3981,.,.,blink
11:50:39.3986,.,.,blink
11:50:39.3991,.,.,blink
11:50:39.3996,.,.,blink
11:50:39.4001,.,.,blink
11:50:39.4006,.,.,blink
11:50:39.4011,.,.,blink
11:50:39.4016,.,.,blink
11:50:39.4021,.,.,blink
11:50:39.4026,.,.,blink
11:50:39.4031,.,.,blink
11:50:39.4036,.,.,blink
11:50:39.4041,.,.,blink
11:50:39.4046,.,.,blink
11:50:39.4051,.,.,blink
11:50:39.4056,.,.,blink
11:50:39.4061,.,.,blink
11:50:39.4066,.,.,blink
11:50:39.4071,.,.,blink
11:50:39.4076,.,.,blink
11:50:39.4081,.,.,blink
11:50:39.4086,.,.,blink
11:50:39.4091,.,.,blink
11:50:39.4096,.,.,blink
11:50:39.4101,.,.,blink
11:50:39.4106,.,.,blink
11:50:39.4111,.,.,blink
11:50:39.4116,.,.,blink
11:50:39.4121,.,.,blink
11:50:39.4126,.,.,blink
11:50:39.4131,.,.,blink
11:50:39.4136,.,.,blink
11:50:39.4141,.,.,blink
11:50:39.4146,.,.,blink
11:50:39.4151,.,.,blink
11:50:39.4156,.,.,blink
11:50:39.4161,.,.,blink
11:50:39.4166,.,.,blink
11:50:39.4171,.,.,blink
11:50:39.4176,.,.,blink
11:50:39.4181,.,.,blink
11:50:39.4186,.,.,blink
11:50:39.4191,.,.,blink
11:50:39.4196,.,.,blink
11:50:39.4201,.,.,blink
11:50:39.4206,.,.,blink
11:50:39.4211,.,.,blink
11:50:39.4216,.,.,blink
11:50:39.4221,.,.,blink
11:50:39.4226,.,.,blink
11:50:39.4231,.,.,blink
11:50:39.4236,.,.,blink
11:50:39.4241,.,.,blink
11:50:39.4246,.,.,blink
11:50:39.4251,.,.,blink
11:50:39.4256,.,.,blink
11:50:39.4261,.,.,blink
11:50:39.4266,.,.,blink
11:50:39.4271,.,.,blink
11:50:39.4276,.,.,blink
11:50:39.4281,.,.,blink
11:50:39.4286,.,.,blink
11:50:39.4291,.,.,blink
11:50:39.4296,.,.,blink
11:50:39.4301,.,.,blink
11:50:39.4306,.,.,blink
11:50:39.4311,.,.,blink
11:50:39.4316,.,.,blink
11:50:39.4321,.,.,blink
11:50:39.4326,.,.,blink
11:50:39.4331,.,.,blink
11:50:39.4336,.,.,blink
11:50:39.4341,.,.,blink
11:50:39.4346,.,.,blink
11:50:39.4351,.,.,blink
11:50:39.4356,.,.,blink
11:50:39.4361,.,.,blink
11:50:39.4366,.,.,blink
11:50:39.4371,.,.,blink
11:50:39.4376,.,.,blink
11:50:39.4381,.,.,blink
11:50:39.4386,.,.,blink
11:50:39.4391,.,.,blink
11:50:39.4396,.,.,blink
11:50:39.4401,.,.,blink
11:50:39.4406,.,.,blink
11:50:39.4411,.,.,blink
11:50:39.4416,.,.,blink
11:50:39.4421,.,.,blink
11:50:39.4426,.,.,blink
11:50:39.4431,.,.,blink
11:50:39.4436,.,.,blink
11:50:39.4441,.,.,blink
11:50:39.4446,.,.,blink
11:50:39.4451,.,.,blink
11:50:39.4456,.,.,blink
11:50:39.4461,.,.,blink
11:50:39.4466,.,.,blink
11:50:39.4471,.,.,blink
11:50:39.4476,.,.,blink
11:50:39.4481,.,.,blink
11:50:39.4486,.,.,blink
11:50:39.4491,.,.,blink
11:50:39.4496,.,.,blink
11:50:39.4501,.,.,blink
11:50:39.4506,.,.,blink
11:50:39.4511,.,.,blink
11:50:39.4516,.,.,blink
11:50:39.4521,.,.,blink
11:50:39.4526,.,.,blink
11:50:39.4531,.,.,blink
11:50:39.4536,.,.,blink
11:50:39.4541,.,.,blink
11:50:39.4546,.,.,blink
11:50:39.4551,.,.,blink
11:50:39.4556,.,.,blink
11:50:39.4561,.,.,blink
11:50:39.4566,.,.,blink
11:50:39.4571,.,.,blink
11:50:39.4576,.,.,blink
11:50:39.4581,.,.,blink
11:50:39.4586,.,.,blink
11:50:39.4591,.,.,blink
11:50:39.4596,.,.,blink
11:50:39.4601,.,.,blink
11:50:39.4606,.,.,blink
11:50:39.4611,.,.,blink
11:50:39.4616,.,.,blink
11:50:39.4621,.,.,blink
11:50:39.4626,.,.,blink
11:50:39.4631,.,.,blink
11:50:39.4636,.,.,blink
11:50:39.4641,.,.,blink
11:50:39.4646,.,.,blink
11:50:39.4651,.,.,blink
11:50:39.4656,.,.,blink
11:50:39.4661,.,.,blink
11:50:39.4666,.,.,blink
11:50:39.4671,.,.,blink
11:50:39.4676,.,.,blink
11:50:39.4681,.,.,blink
11:50:39.4686,.,.,blink
11:50:39.4691,.,.,blink
11:50:39.4696,.,.,blink
11:50:39.4701,.,.,blink
11:50:39.4706,.,.,blink
11:50:39.4711,.,.,blink
11:50:39.4716,.,.,blink
11:50:39.4721,.,.,blink
11:50:39.4726,.,.,blink
11:50:39.4731,.,.,blink
11:50:39.4736,.,.,blink
11:50:39.4741,.,.,blink
11:50:39.4746,.,.,blink
11:50:39.4751,.,.,blink
11:50:39.4756,.,.,blink
11:50:39.4761,.,.,blink
11:50:39.4766,.,.,blink
11:50:39.4771,.,.,blink
11:50:39.4776,.,.,blink
11:50:39.4781,.,.,blink
11:50:39.4786,.,.,blink
11:50:39.4791,.,.,blink
11:50:39.4796,.,.,blink
11:50:39.4801,.,.,blink
11:50:39.4806,.,.,blink
11:50:39.4811,.,.,blink
11:50:39.4816,.,.,blink
11:50:39.4821,.,.,blink
11:50:39.4826,.,.,blink
11:50:39.4831,.,.,blink
11:50:39.4836,.,.,blink
11:50:39.4841,.,.,blink
11:50:39.4846,.,.,blink
11:50:39.4851,.,.,blink
11:50:39.4856,.,.,blink
11:50:39.4861,.,.,blink
11:50:39.4866,.,.,blink
11:50:39.4871,.,.,blink
11:50:39.4876,.,.,blink
11:50:39.4881,.,.,blink
11:50:39.4886,.,.,blink
11:50:39.4891,.,.,blink
11:50:39.4896,.,.,blink
11:50:39.4901,.,.,blink
11:50:39.4906,.,.,blink
11:50:39.4911,.,.,blink
11:50:39.4916,.,.,blink
11:50:39.4921,.,.,blink
11:50:39.4926,.,.,blink
11:50:39.4931,.,.,blink
11:50:39.4936,.,.,blink
11:50:39.4941,.,.,blink
11:50:39.4946,.,.,blink
11:50:39.4951,.,.,blink
11:50:39.4956,.,.,blink
11:50:39.4961,.,.,blink
11:50:39.4966,.,.,blink
11:50:39.4971,.,.,blink
11:50:39.4976,.,.,blink
11:50:39.4981,.,.,blink
11:50:39.4986,.,.,blink
11:50:39.4991,.,.,blink
11:50:39.4996,.,.,blink
11:50:39.5001,.,.,blink
11:50:39.5006,.,.,blink
11:50:39.5011,.,.,blink
11:50:39.5016,.,.,blink
11:50:39.5021,.,.,blink
11:50:39.5026,.,.,blink
11:50:39.5031,.,.,blink
11:50:39.5036,.,.,blink
11:50:39.5041,.,.,blink
11:50:39.5046,.,.,blink
11:50:39.5051,.,.,blink
11:50:39.5056,.,.,blink
11:50:39.5061,.,.,blink
11:50:39.5066,.,.,blink
11:50:39.5071,.,.,blink
11:50:39.5076,.,.,blink
11:50:39.5081,.,.,blink
11:50:39.5086,.,.,blink
11:50:39.5091,.,.,blink
11:50:39.5096,.,.,blink
11:50:39.5101,.,.,blink
11:50:39.5106,.,.,blink
11:50:39.5111,.,.,blink
11:50:39.5116,.,.,blink
11:50:39.5121,.,.,blink
11:50:39.5126,.,.,blink
11:50:39.5131,.,.,blink
11:50:39.5136,.,.,blink
11:50:39.5141,.,.,blink
11:50:39.5146,.,.,blink
11:50:39.5151,.,.,blink
11:50:39.5156,.,.,blink
11:50:39.5161,.,.,blink
11:50:39.5166,.,.,blink
11:50:39.5171,.,.,blink
11:50:39.5176,.,.,blink
11:50:39.5181,.,.,blink
11:50:39.5186,.,.,blink
11:50:39.5191,.,.,blink
11:50:39.5196,.,.,blink
11:50:39.5201,.,.,blink
11:50:39.5206,.,.,blink
11:50:39.5211,.,.,blink
11:50:39.5216,.,.,blink
11:50:39.5221,.,.,blink
11:50:39.5226,.,.,blink
11:50:39.5231,.,.,blink
11:50:39.5236,.,.,blink
11:50:39.5241,.,.,blink
11:50:39.5246,.,.,blink
11:50:39.5251,.,.,blink
11:50:39.5256,.,.,blink
11:50:39.5261,.,.,blink
11:50:39.5266,.,.,blink
11:50:39.5271,.,.,blink
11:50:39.5276,.,.,blink
11:50:39.5281,.,.,blink
11:50:39.5286,.,.,blink
11:50:39.5291,.,.,blink
11:50:39.5296,.,.,blink
11:50:39.5301,.,.,blink
11:50:39.5306,.,.,blink
11:50:39.5311,.,.,blink
11:50:39.5316,.,.,blink
11:50:39.5321,.,.,blink
11:50:39.5326,.,.,blink
11:50:39.5331,.,.,blink
11:50:39.5336,.,.,blink
11:50:39.5341,.,.,blink
11:50:39.5346,.,.,blink
11:50:39.5351,.,.,blink
11:50:39.5356,.,.,blink
11:50:39.5361,.,.,blink
11:50:39.5366,.,.,blink
11:50:39.5371,.,.,blink
11:50:39.5376,.,.,blink
11:50:39.5381,.,.,blink
11:50:39.5386,.,.,blink
11:50:39.5391,.,.,blink
11:50:39.5396,.,.,blink
11:50:39.5401,.,.,blink
11:50:39.5406,.,.,blink
11:50:39.5411,.,.,blink
11:50:39.5416,.,.,blink
11:50:39.5421,.,.,blink
11:50:39.5426,.,.,blink
11:50:39.5431,.,.,blink
11:50:39.5436,.,.,blink
11:50:39.5441,.,.,blink
11:50:39.5446,.,.,blink
11:50:39.5451,.,.,blink
11:50:39.5456,.,.,blink
11:50:39.5461,.,.,blink
11:50:39.5466,.,.,blink
11:50:39.5471,.,.,blink
11:50:39.5476,.,.,blink
11:50:39.5481,.,.,blink
11:50:39.5486,.,.,blink
11:50:39.5491,.,.,blink
11:50:39.5496,.,.,blink
11:50:39.5501,.,.,blink
11:50:39.5506,.,.,blink
11:50:39.5511,.,.,blink
11:50:39.5516,.,.,blink
11:50:39.5521,.,.,blink
11:50:39.5526,.,.,blink
11:50:39.5531,.,.,blink
11:50:39.5536,.,.,blink
11:50:39.5541,.,.,blink
11:50:39.5546,.,.,blink
11:50:39.5551,.,.,blink
11:50:39.5556,.,.,blink
11:50:39.5561,.,.,blink
11:50:39.5566,.,.,blink
11:50:39.5571,.,.,blink
11:50:39.5576,.,.,blink
11:50:39.5581,.,.,blink
11:50:39.5586,.,.,blink
11:50:39.5591,.,.,blink
11:50:39.5596,.,.,blink
11:50:39.5601,.,.,blink
11:50:39.5606,.,.,blink
11:50:39.5611,.,.,blink
11:50:39.5616,.,.,blink
11:50:39.5621,.,.,blink
11:50:39.5626,.,.,blink
11:50:39.5631,.,.,blink
11:50:39.5636,.,.,blink
11:50:39.5641,.,.,blink
11:50:39.5646,.,.,blink
11:50:39.5651,.,.,blink
11:50:39.5656,.,.,blink
11:50:39.5661,.,.,blink
11:50:39.5666,.,.,blink
11:50:39.5671,.,.,blink
11:50:39.5676,.,.,blink
11:50:39.5681,.,.,blink
11:50:39.5686,.,.,blink
11:50:39.5691,.,.,blink
11:50:39.5696,.,.,blink
11:50:39.5701,.,.,blink
11:50:39.5706,.,.,blink
11:50:39.5711,.,.,blink
11:50:39.5716,.,.,blink
11:50:39.5721,.,.,blink
11:50:39.5726,.,.,blink
11:50:39.5731,.,.,blink
11:50:39.5736,.,.,blink
11:50:39.5741,.,.,blink
11:50:39.5746,.,.,blink
11:50:39.5751,.,.,blink
11:50:39.5756,.,.,blink
11:50:39.5761,.,.,blink
11:50:39.5766,.,.,blink
11:50:39.5771,.,.,blink
11:50:39.5776,.,.,blink
11:50:39.5781,.,.,blink
11:50:39.5786,.,.,blink
11:50:39.5791,.,.,blink
11:50:39.5796,.,.,blink
11:50:39.5801,.,.,blink
11:50:39.5806,.,.,blink
11:50:39.5811,.,.,blink
11:50:39.5816,.,.,blink
11:50:39.5821,.,.,blink
11:50:39.5826,.,.,blink
11:50:39.5831,.,.,blink
11:50:39.5836,.,.,blink
11:50:39.5841,.,.,blink
11:50:39.5846,.,.,blink
11:50:39.5851,.,.,blink
11:50:39.5856,.,.,blink
11:50:39.5861,.,.,blink
11:50:39.5866,.,.,blink
11:50:39.5871,.,.,blink
11:50:39.5876,.,.,blink
11:50:39.5881,.,.,blink
11:50:39.5886,.,.,blink
11:50:39.5891,.,.,blink
11:50:39.5896,.,.,blink
11:50:39.5901,.,.,blink
11:50:39.5906,.,.,blink
11:50:39.5911,.,.,blink
11:50:39.5916,.,.,blink
11:50:39.5921,.,.,blink
11:50:39.5926,.,.,blink
11:50:39.5931,.,.,blink
11:50:39.5936,.,.,blink
11:50:39.5941,.,.,blink
11:50:39.5946,.,.,blink
11:50:39.5951,.,.,blink
11:50:39.5956,.,.,blink
11:50:39.5961,.,.,blink
11:50:39.5966,.,.,blink
11:50:39.5971,.,.,blink
11:50:39.5976,.,.,blink
11:50:39.5981,.,.,blink
11:50:39.5986,.,.,blink
11:50:39.5991,.,.,blink
11:50:39.5996,.,.,blink
11:50:39.6001,.,.,blink
11:50:39.6006,.,.,blink
11:50:39.6011,.,.,blink
11:50:39.6016,.,.,blink
11:50:39.6021,.,.,blink
11:50:39.6026,.,.,blink
11:50:39.6031,.,.,blink
11:50:39.6036,.,.,blink
11:50:39.6041,.,.,blink
11:50:39.6046,.,.,blink
11:50:39.6051,.,.,blink
11:50:39.6056,.,.,blink
11:50:39.6061,.,.,blink
11:50:39.6066,.,.,blink
11:50:39.6071,.,.,blink
11:50:39.6076,.,.,blink
11:50:39.6081,.,.,blink
11:50:39.6086,.,.,blink
11:50:39.6091,.,.,blink
11:50:39.6096,.,.,blink
11:50:39.6101,.,.,blink
11:50:39.6106,.,.,blink
11:50:39.6111,.,.,blink
11:50:39.6116,.,.,blink
11:50:39.6121,.,.,blink
11:50:39.6126,.,.,blink
11:50:39.6131,.,.,blink
11:50:39.6136,.,.,blink
11:50:39.6141,.,.,blink
11:50:39.6146,.,.,blink
11:50:39.6151,.,.,blink
11:50:39.6156,.,.,blink
11:50:39.6161,.,.,blink
11:50:39.6166,.,.,blink
11:50:39.6171,.,.,blink
11:50:39.6176,.,.,blink
11:50:39.6181,.,.,blink
11:50:39.6186,.,.,blink
11:50:39.6191,.,.,blink
11:50:39.6196,.,.,blink
11:50:39.6201,.,.,blink
11:50:39.6206,.,.,blink
11:50:39.6211,.,.,blink
11:50:39.6216,.,.,blink
11:50:39.6221,.,.,blink
11:50:39.6226,.,.,blink
11:50:39.6231,.,.,blink
11:50:39.6236,.,.,blink
11:50:39.6241,.,.,blink
11:50:39.6246,.,.,blink
11:50:39.6251,.,.,blink
11:50:39.6256,.,.,blink
11:50:39.6261,.,.,blink
11:50:39.6266,.,.,blink
11:50:39.6271,.,.,blink
11:50:39.6276,.,.,blink
11:50:39.6281,.,.,blink
11:50:39.6286,.,.,blink
11:50:39.6291,.,.,blink
11:50:39.6296,.,.,blink
11:50:39.6301,.,.,blink
11:50:39.6306,.,.,blink
11:50:39.6311,.,.,blink
11:50:39.6316,.,.,blink
11:50:39.6321,.,.,blink
11:50:39.6326,.,.,blink
11:50:39.6331,.,.,blink
11:50:39.6336,.,.,blink
11:50:39.6341,.,.,blink
11:50:39.6346,.,.,blink
11:50:39.6351,.,.,blink
11:50:39.6356,.,.,blink
11:50:39.6361,.,.,blink
11:50:39.6366,.,.,blink
11:50:39.6371,.,.,blink
11:50:39.6376,.,.,blink
11:50:39.6381,.,.,blink
11:50:39.6386,.,.,blink
11:50:39.6391,.,.,blink
11:50:39.6396,.,.,blink
11:50:39.6401,.,.,blink
11:50:39.6406,.,.,blink
11:50:39.6411,.,.,blink
11:50:39.6416,.,.,blink
11:50:39.6421,.,.,blink
11:50:39.6426,.,.,blink
11:50:39.6431,.,.,blink
11:50:39.6436,.,.,blink
11:50:39.6441,.,.,blink
11:50:39.6446,.,.,blink
11:50:39.6451,.,.,blink
11:50:39.6456,.,.,blink
11:50:39.6461,.,.,blink
11:50:39.6466,.,.,blink
11:50:39.6471,.,.,blink
11:50:39.6476,.,.,blink
11:50:39.6481,.,.,blink
11:50:39.6486,.,.,blink
11:50:39.6491,.,.,blink
11:50:39.6496,.,.,blink
11:50:39.6501,.,.,blink
11:50:39.6506,.,.,blink
11:50:39.6511,.,.,blink
11:50:39.6516,.,.,blink
11:50:39.6521,.,.,blink
11:50:39.6526,.,.,blink
11:50:39.6531,.,.,blink
11:50:39.6536,.,.,blink
11:50:39.6541,.,.,blink
11:50:39.6546,.,.,blink
11:50:39.6551,.,.,blink
11:50:39.6556,.,.,blink
11:50:39.6561,.,.,blink
11:50:39.6566,.,.,blink
11:50:39.6571,.,.,blink
11:50:39.6576,.,.,blink
11:50:39.6581,.,.,blink
11:50:39.6586,.,.,blink
11:50:39.6591,.,.,blink
11:50:39.6596,.,.,blink
11:50:39.6601,.,.,blink
11:50:39.6606,.,.,blink
11:50:39.6611,.,.,blink
11:50:39.6616,.,.,blink
11:50:39.6621,.,.,blink
11:50:39.6626,.,.,blink
11:50:39.6631,.,.,blink
11:50:39.6636,.,.,blink
11:50:39.6641,.,.,blink
11:50:39.6646,.,.,blink
11:50:39.6651,.,.,blink
11:50:39.6656,.,.,blink
11:50:39.6661,.,.,blink
11:50:39.6666,.,.,blink
11:50:39.6671,.,.,blink
11:50:39.6676,.,.,blink
11:50:39.6681,.,.,blink
11:50:39.6686,.,.,blink
11:50:39.6691,.,.,blink
11:50:39.6696,.,.,blink
11:50:39.6701,.,.,blink
11:50:39.6706,.,.,blink
11:50:39.6711,.,.,blink
11:50:39.6716,.,.,blink
11:50:39.6721,.,.,blink
11:50:39.6726,.,.,blink
11:50:39.6731,.,.,blink
11:50:39.6736,.,.,blink
11:50:39.6741,.,.,blink
11:50:39.6746,.,.,blink
11:50:39.6751,.,.,blink
11:50:39.6756,.,.,blink
11:50:39.6761,.,.,blink
11:50:39.6766,.,.,blink
11:50:39.6771,.,.,blink
11:50:39.6776,.,.,blink
11:50:39.6781,.,.,blink
11:50:39.6786,.,.,blink
11:50:39.6791,.,.,blink
11:50:39.6796,.,.,blink
11:50:39.6801,.,.,blink
11:50:39.6806,.,.,blink
11:50:39.6811,.,.,blink
11:50:39.6816,.,.,blink
11:50:39.6821,.,.,blink
11:50:39.6826,.,.,blink
11:50:39.6831,.,.,blink
11:50:39.6836,.,.,blink
11:50:39.6841,.,.,blink
11:50:39.6846,.,.,blink
11:50:39.6851,.,.,blink
11:50:39.6856,.,.,blink
11:50:39.6861,.,.,blink
11:50:39.6866,.,.,blink
11:50:39.6871,.,.,blink
11:50:39.6876,.,.,blink
11:50:39.6881,.,.,blink
11:50:39.6886,.,.,blink
11:50:39.6891,.,.,blink
11:50:39.6896,.,.,blink
11:50:39.6901,.,.,blink
11:50:39.6906,.,.,blink
11:50:39.6911,.,.,blink
11:50:39.6916,.,.,blink
11:50:39.6921,.,.,blink
11:50:39.6926,.,.,blink
11:50:39.6931,.,.,blink
11:50:39.6936,.,.,blink
11:50:39.6941,.,.,blink
11:50:39.6946,.,.,blink
11:50:39.6951,.,.,blink
11:50:39.6956,.,.,blink
11:50:39.6961,.,.,blink
11:50:39.6966,.,.,blink
11:50:39.6971,.,.,blink
11:50:39.6976,.,.,blink
11:50:39.6981,.,.,blink
11:50:39.6986,.,.,blink
11:50:39.6991,.,.,blink
11:50:39.6996,.,.,blink
11:50:39.7001,.,.,blink
11:50:39.7006,.,.,blink
11:50:39.7011,.,.,blink
11:50:39.7016,.,.,blink
11:50:39.7021,.,.,blink
11:50:39.7026,.,.,blink
11:50:39.7031,.,.,blink
11:50:39.7036,.,.,blink
11:50:39.7041,.,.,blink
11:50:39.7046,.,.,blink
11:50:39.7051,.,.,blink
11:50:39.7056,.,.,blink
11:50:39.7061,.,.,blink
11:50:39.7066,.,.,blink
11:50:39.7071,.,.,blink
11:50:39.7076,.,.,blink
11:50:39.7081,.,.,blink
11:50:39.7086,.,.,blink
11:50:39.7091,.,.,blink
11:50:39.7096,.,.,blink
11:50:39.7101,.,.,blink
11:50:39.7106,.,.,blink
11:50:39.7111,.,.,blink
11:50:39.7116,.,.,blink
11:50:39.7121,.,.,blink
11:50:39.7126,.,.,blink
11:50:39.7131,.,.,blink
11:50:39.7136,.,.,blink
11:50:39.7141,.,.,blink
11:50:39.7146,.,.,blink
11:50:39.7151,.,.,blink
11:50:39.7156,.,.,blink
11:50:39.7161,.,.,blink
11:50:39.7166,.,.,blink
11:50:39.7171,.,.,blink
11:50:39.7176,.,.,blink
11:50:39.7181,.,.,blink
11:50:39.7186,.,.,blink
11:50:39.7191,.,.,blink
11:50:39.7196,.,.,blink
11:50:39.7201,.,.,blink
11:50:39.7206,.,.,blink
11:50:39.7211,.,.,blink
11:50:39.7216,.,.,blink
11:50:39.7221,.,.,blink
11:50:39.7226,.,.,blink
11:50:39.7231,.,.,blink
11:50:39.7236,.,.,blink
11:50:39.7241,.,.,blink
11:50:39.7246,.,.,blink
11:50:39.7251,.,.,blink
11:50:39.7256,.,.,blink
11:50:39.7261,.,.,blink
11:50:39.7266,.,.,blink
11:50:39.7271,.,.,blink
11:50:39.7276,.,.,blink
11:50:39.7281,.,.,blink
11:50:39.7286,.,.,blink
11:50:39.7291,.,.,blink
11:50:39.7296,.,.,blink
11:50:39.7301,.,.,blink
11:50:39.7306,.,.,blink
11:50:39.7311,.,.,blink
11:50:39.7316,.,.,blink
11:50:39.7321,.,.,blink
11:50:39.7326,.,.,blink
11:50:39.7331,.,.,blink
11:50:39.7336,.,.,blink
11:50:39.7341,.,.,blink
11:50:39.7346,.,.,blink
11:50:39.7351,.,.,blink
11:50:39.7356,.,.,blink
11:50:39.7361,.,.,blink
11:50:39.7366,.,.,blink
11:50:39.7371,.,.,blink
11:50:39.7376,.,.,blink
11:50:39.7381,.,.,blink
11:50:39.7386,.,.,blink
11:50:39.7391,.,.,blink
11:50:39.7396,.,.,blink
11:50:39.7401,.,.,blink
11:50:39.7406,.,.,blink
11:50:39.7411,.,.,blink
11:50:39.7416,.,.,blink
11:50:39.7421,.,.,blink
11:50:39.7426,.,.,blink
11:50:39.7431,.,.,blink
11:50:39.7436,.,.,blink
11:50:39.7441,.,.,blink
11:50:39.7446,.,.,blink
11:50:39.7451,.,.,blink
11:50:39.7456,.,.,blink
11:50:39.7461,.,.,blink
11:50:39.7466,.,.,blink
11:50:39.7471,.,.,blink
11:50:39.7476,.,.,blink
11:50:39.7481,.,.,blink
11:50:39.7486,.,.,blink
11:50:39.7491,.,.,blink
11:50:39.7496,.,.,blink
11:50:39.7501,.,.,blink
11:50:39.7506,.,.,blink
11:50:39.7511,.,.,blink
11:50:39.7516,.,.,blink
11:50:39.7521,.,.,blink
11:50:39.7526,.,.,blink
11:50:39.7531,.,.,blink
11:50:39.7536,.,.,blink
11:50:39.7541,.,.,blink
11:50:39.7546,.,.,blink
11:50:39.7551,.,.,blink
11:50:39.7556,.,.,blink
11:50:39.7561,.,.,blink
11:50:39.7566,.,.,blink
11:50:39.7571,.,.,blink
11:50:39.7576,.,.,blink
11:50:39.7581,.,.,blink
11:50:39.7586,.,.,blink
11:50:39.7591,.,.,blink
11:50:39.7596,.,.,blink
11:50:39.7601,.,.,blink
11:50:39.7606,.,.,blink
11:50:39.7611,.,.,blink
11:50:39.7616,.,.,blink
11:50:39.7621,.,.,blink
11:50:39.7626,.,.,blink
11:50:39.7631,.,.,blink
11:50:39.7636,.,.,blink
11:50:39.7641,.,.,blink
11:50:39.7646,.,.,blink
11:50:39.7651,.,.,blink
11:50:39.7656,.,.,blink
11:50:39.7661,.,.,blink
11:50:39.7666,.,.,blink
11:50:39.7671,.,.,blink
11:50:39.7676,.,.,blink
11:50:39.7681,.,.,blink
11:50:39.7686,.,.,blink
11:50:39.7691,.,.,blink
11:50:39.7696,.,.,blink
11:50:39.7701,.,.,blink
11:50:39.7706,.,.,blink
11:50:39.7711,.,.,blink
11:50:39.7716,.,.,blink
11:50:39.7721,.,.,blink
11:50:39.7726,.,.,blink
11:50:39.7731,.,.,blink
11:50:39.7736,.,.,blink
11:50:39.7741,.,.,blink
11:50:39.7746,.,.,blink
11:50:39.7751,.,.,blink
11:50:39.7756,.,.,blink
11:50:39.7761,.,.,blink
11:50:39.7766,.,.,blink
11:50:39.7771,.,.,blink
11:50:39.7776,.,.,blink
11:50:39.7781,.,.,blink
11:50:39.7786,.,.,blink
11:50:39.7791,.,.,blink
11:50:39.7796,.,.,blink
11:50:39.7801,.,.,blink
11:50:39.7806,.,.,blink
11:50:39.7811,.,.,blink
11:50:39.7816,.,.,blink
11:50:39.7821,.,.,blink
11:50:39.7826,.,.,blink
11:50:39.7831,.,.,blink
11:50:39.7836,.,.,blink
11:50:39.7841,.,.,blink
11:50:39.7846,.,.,blink
11:50:39.7851,.,.,blink
11:50:39.7856,.,.,blink
11:50:39.7861,.,.,blink
11:50:39.7866,.,.,blink
11:50:39.7871,.,.,blink
11:50:39.7876,.,.,blink
11:50:39.7881,.,.,blink
11:50:39.7886,.,.,blink
11:50:39.7891,.,.,blink
11:50:39.7896,.,.,blink
11:50:39.7901,.,.,blink
11:50:39.7906,.,.,blink
11:50:39.7911,.,.,blink
11:50:39.7916,.,.,blink
11:50:39.7921,.,.,blink
11:50:39.7926,.,.,blink
11:50:39.7931,.,.,blink
11:50:39.7936,.,.,blink
11:50:39.7941,.,.,blink
11:50:39.7946,.,.,blink
11:50:39.7951,.,.,blink
11:50:39.7956,.,.,blink
11:50:39.7961,.,.,blink
11:50:39.7966,.,.,blink
11:50:39.7971,.,.,blink
11:50:39.7976,.,.,blink
11:50:39.7981,.,.,blink
11:50:39.7986,.,.,blink
11:50:39.7991,.,.,blink
11:50:39.7996,.,.,blink
11:50:39.8001,.,.,blink
11:50:39.8006,.,.,blink
11:50:39.8011,.,.,blink
11:50:39.8016,.,.,blink
11:50:39.8021,.,.,blink
11:50:39.8026,.,.,blink
11:50:39.8031,.,.,blink
11:50:39.8036,.,.,blink
11:50:39.8041,.,.,blink
11:50:39.8046,.,.,blink
11:50:39.8051,.,.,blink
11:50:39.8056,.,.,blink
11:50:39.8061,.,.,blink
11:50:39.8066,.,.,blink
11:50:39.8071,.,.,blink
11:50:39.8076,.,.,blink
11:50:39.8081,.,.,blink
11:50:39.8086,.,.,blink
11:50:39.8091,.,.,blink
11:50:39.8096,.,.,blink
11:50:39.8101,.,.,blink
11:50:39.8106,.,.,blink
11:50:39.8111,.,.,blink
11:50:39.8116,.,.,blink
11:50:39.8121,.,.,blink
11:50:39.8126,.,.,blink
11:50:39.8131,.,.,blink
11:50:39.8136,.,.,blink
11:50:39.8141,.,.,blink
11:50:39.8146,.,.,blink
11:50:39.8151,.,.,blink
11:50:39.8156,.,.,blink
11:50:39.8161,.,.,blink
11:50:39.8166,.,.,blink
11:50:39.8171,.,.,blink
11:50:39.8176,.,.,blink
11:50:39.8181,.,.,blink
11:50:39.8186,.,.,blink
11:50:39.8191,.,.,blink
11:50:39.8196,.,.,blink
11:50:39.8201,.,.,blink
11:50:39.8206,.,.,blink
11:50:39.8211,.,.,blink
11:50:39.8216,.,.,blink
11:50:39.8221,.,.,blink
11:50:39.8226,.,.,blink
11:50:39.8231,.,.,blink
11:50:39.8236,.,.,blink
11:50:39.8241,.,.,blink
11:50:39.8246,.,.,blink
11:50:39.8251,.,.,blink
11:50:39.8256,.,.,blink
11:50:39.8261,.,.,blink
11:50:39.8266,.,.,blink
11:50:39.8271,.,.,blink
11:50:39.8276,.,.,blink
11:50:39.8281,.,.,blink
11:50:39.8286,.,.,blink
11:50:39.8291,.,.,blink
11:50:39.8296,.,.,blink
11:50:39.8301,.,.,blink
11:50:39.8306,.,.,blink
11:50:39.8311,.,.,blink
11:50:39.8316,.,.,blink
11:50:39.8321,.,.,blink
11:50:39.8326,.,.,blink
11:50:39.8331,.,.,blink
11:50:39.8336,.,.,blink
11:50:39.8341,.,.,blink
11:50:39.8346,.,.,blink
11:50:39.8351,.,.,blink
11:50:39.8356,.,.,blink
11:50:39.8361,.,.,blink
11:50:39.8366,.,.,blink
11:50:39.8371,.,.,blink
11:50:39.8376,.,.,blink
11:50:39.8381,.,.,blink
11:50:39.8386,.,.,blink
11:50:39.8391,.,.,blink
11:50:39.8396,.,.,blink
11:50:39.8401,.,.,blink
11:50:39.8406,.,.,blink
11:50:39.8411,.,.,blink
11:50:39.8416,.,.,blink
11:50:39.8421,.,.,blink
11:50:39.8426,.,.,blink
11:50:39.8431,.,.,blink
11:50:39.8436,.,.,blink
11:50:39.8441,.,.,blink
11:50:39.8446,.,.,blink
11:50:39.8451,.,.,blink
11:50:39.8456,.,.,blink
11:50:39.8461,.,.,blink
11:50:39.8466,.,.,blink
11:50:39.8471,.,.,blink
11:50:39.8476,.,.,blink
11:50:39.8481,.,.,blink
11:50:39.8486,.,.,blink
11:50:39.8491,.,.,blink
11:50:39.8496,.,.,blink
11:50:39.8501,.,.,blink
11:50:39.8506,.,.,blink
11:50:39.8511,.,.,blink
11:50:39.8516,.,.,blink
11:50:39.8521,.,.,blink
11:50:39.8526,.,.,blink
11:50:39.8531,.,.,blink
11:50:39.8536,.,.,blink
11:50:39.8541,.,.,blink
11:50:39.8546,.,.,blink
11:50:39.8551,.,.,blink
11:50:39.8556,.,.,blink
11:50:39.8561,.,.,blink
11:50:39.8566,.,.,blink
11:50:39.8571,.,.,blink
11:50:39.8576,.,.,blink
11:50:39.8581,.,.,blink
11:50:39.8586,.,.,blink
11:50:39.8591,.,.,blink
11:50:39.8596,.,.,blink
11:50:39.8601,.,.,blink
11:50:39.8606,.,.,blink
11:50:39.8611,.,.,blink
11:50:39.8616,.,.,blink
11:50:39.8621,.,.,blink
11:50:39.8626,.,.,blink
11:50:39.8631,.,.,blink
11:50:39.8636,.,.,blink
11:50:39.8641,.,.,blink
11:50:39.8646,.,.,blink
11:50:39.8651,.,.,blink
11:50:39.8656,.,.,blink
11:50:39.8661,.,.,blink
11:50:39.8666,.,.,blink
11:50:39.8671,.,.,blink
11:50:39.8676,.,.,blink
11:50:39.8681,.,.,blink
11:50:39.8686,.,.,blink
11:50:39.8691,.,.,blink
11:50:39.8696,.,.,blink
11:50:39.8701,.,.,blink
11:50:39.8706,.,.,blink
11:50:39.8711,.,.,blink
11:50:39.8716,.,.,blink
11:50:39.8721,.,.,blink
11:50:39.8726,.,.,blink
11:50:39.8731,.,.,blink
11:50:39.8736,.,.,blink
11:50:39.8741,.,.,blink
11:50:39.8746,.,.,blink
11:50:39.8751,.,.,blink
11:50:39.8756,.,.,blink
11:50:39.8761,.,.,blink
11:50:39.8766,.,.,blink
11:50:39.8771,.,.,blink
11:50:39.8776,.,.,blink
11:50:39.8781,.,.,blink
11:50:39.8786,.,.,blink
11:50:39.8791,.,.,blink
11:50:39.8796,.,.,blink
