TimeStamp,X,Y,Event
14:37:48.7995,422.3,198.4,fixation
14:37:48.8000,423.4,194.7,fixation
14:37:48.8005,423.5,191.8,fixation
14:37:48.801,424.5,189.8,fixation
14:37:48.8015,425.8,190.9,fixation
14:37:48.802,427.3,191.9,fixation
14:37:48.8025,427.4,199.4,fixation
14:37:48.8030,426.8,206.4,fixation
14:37:48.8035,425.0,212.7,fixation
14:37:48.804,424.2,211.4,fixation
14:37:48.8045,424.0,205.3,fixation
14:37:48.805,424.8,199.9,fixation
14:37:48.8055,425.3,196.7,fixation
14:37:48.8060,425.0,199.1,fixation
14:37:48.8065,423.2,201.2,fixation
14:37:48.807,421.7,201.8,fixation
14:37:48.8075,423.1,201.5,fixation
14:37:48.808,425.9,201.2,fixation
14:37:48.8085,428.7,200.9,fixation
14:37:48.8090,427.5,207.2,fixation
14:37:48.8095,426.1,213.8,fixation
14:37:48.81,424.4,223.2,fixation
14:37:48.8105,423.6,226.1,fixation
14:37:48.811,423.3,222.6,fixation
14:37:48.8115,422.3,216.2,fixation
14:37:48.8120,421.6,209.8,fixation
14:37:48.8125,419.7,209.2,fixation
14:37:48.813,418.8,208.3,fixation
14:37:48.8135,417.6,207.4,fixation
14:37:48.814,416.9,209.2,fixation
14:37:48.8145,418.7,212.8,fixation
14:37:48.8150,420.9,216.5,fixation
14:37:48.8155,423.6,218.4,fixation
14:37:48.816,423.9,218.9,fixation
14:37:48.8165,421.3,219.2,fixation
14:37:48.817,418.3,219.3,fixation
14:37:48.8175,415.5,219.3,fixation
14:37:48.8180,416.7,219.7,fixation
14:37:48.8185,418.2,219.4,fixation
14:37:48.819,419.9,219.2,fixation
14:37:48.8195,420.2,219.0,fixation
14:37:48.82,420.3,219.2,fixation
14:37:48.8205,420.5,219.4,fixation
14:37:48.8210,420.5,222.9,fixation
14:37:48.8215,420.5,226.5,fixation
14:37:48.822,418.5,228.0,fixation
14:37:48.8225,417.0,224.0,fixation
14:37:48.823,415.8,220.6,fixation
14:37:48.8235,417.0,219.8,fixation
14:37:48.8240,418.9,221.9,fixation
14:37:48.8245,420.6,223.4,fixation
14:37:48.825,421.5,220.8,fixation
14:37:48.8255,421.2,217.3,fixation
14:37:48.826,420.4,213.6,fixation
14:37:48.8265,419.5,213.3,fixation
14:37:48.8270,419.3,214.4,fixation
14:37:48.8275,419.9,216.8,fixation
14:37:48.828,419.7,219.1,fixation
14:37:48.8285,418.3,221.1,fixation
14:37:48.829,416.4,224.5,fixation
14:37:48.8295,414.4,229.4,fixation
14:37:48.8300,413.3,233.3,fixation
14:37:48.8305,417.6,227.9,fixation
14:37:48.831,422.7,221.1,fixation
14:37:48.8315,425.5,217.4,fixation
14:37:48.832,423.3,220.5,fixation
14:37:48.8325,421.2,221.9,fixation
14:37:48.8330,423.1,220.3,fixation
14:37:48.8335,424.2,218.5,fixation
14:37:48.834,425.1,218.4,fixation
14:37:48.8345,424.3,218.8,fixation
14:37:48.835,424.1,220.0,fixation
14:37:48.8355,425.5,222.0,fixation
14:37:48.8360,427.4,219.0,fixation
14:37:48.8365,426.1,216.7,fixation
14:37:48.837,423.3,213.8,fixation
14:37:48.8375,419.8,216.8,fixation
14:37:48.838,420.2,220.2,fixation
14:37:48.8385,420.8,222.1,fixation
14:37:48.8390,421.2,222.3,fixation
14:37:48.8395,420.8,222.3,fixation
14:37:48.84,421.4,223.9,fixation
14:37:48.8405,422.6,225.7,fixation
14:37:48.841,424.0,224.3,fixation
14:37:48.8415,423.9,222.5,fixation
14:37:48.8420,422.6,220.4,fixation
14:37:48.8425,420.8,220.9,fixation
14:37:48.843,420.0,222.7,fixation
14:37:48.8435,421.1,224.8,fixation
14:37:48.844,422.7,226.3,fixation
14:37:48.8445,423.8,227.1,fixation
14:37:48.845,424.0,227.8,fixation
14:37:48.8455,423.8,228.0,fixation
14:37:48.8460,422.8,227.9,fixation
14:37:48.8465,421.7,227.6,fixation
14:37:48.847,421.0,227.4,fixation
14:37:48.8475,421.0,224.5,fixation
14:37:48.848,421.2,221.8,fixation
14:37:48.8485,421.0,222.8,fixation
14:37:48.8490,421.2,226.5,fixation
14:37:48.8495,421.9,231.5,fixation
14:37:48.85,423.9,232.6,fixation
14:37:48.8505,425.3,233.1,fixation
14:37:48.851,426.3,231.0,fixation
14:37:48.8515,426.4,228.5,fixation
14:37:48.8520,426.2,226.4,fixation
14:37:48.8525,425.5,227.0,fixation
14:37:48.853,424.6,230.3,fixation
14:37:48.8535,423.4,233.5,fixation
14:37:48.854,422.2,239.0,fixation
14:37:48.8545,419.9,242.5,fixation
14:37:48.8550,418.1,246.3,fixation
14:37:48.8555,419.3,246.6,fixation
14:37:48.856,423.0,244.5,fixation
14:37:48.8565,426.7,242.2,fixation
14:37:48.857,427.5,239.4,fixation
14:37:48.8575,427.3,239.4,fixation
14:37:48.8580,426.2,239.9,fixation
14:37:48.8585,425.6,240.5,fixation
14:37:48.859,425.0,241.1,fixation
14:37:48.8595,424.5,241.0,fixation
14:37:48.86,423.8,239.5,fixation
14:37:48.8605,423.2,236.5,fixation
14:37:48.8610,424.1,233.7,fixation
14:37:48.8615,424.7,232.4,fixation
14:37:48.862,425.1,232.7,fixation
14:37:48.8625,424.2,237.5,fixation
14:37:48.863,422.9,242.2,fixation
14:37:48.8635,421.7,243.5,fixation
14:37:48.8640,421.1,240.2,fixation
14:37:48.8645,421.2,235.0,fixation
14:37:48.865,421.3,234.1,fixation
14:37:48.8655,421.5,233.1,fixation
14:37:48.866,421.6,232.0,fixation
14:37:48.8665,421.9,229.8,fixation
14:37:48.8670,424.6,227.9,fixation
14:37:48.8675,427.1,227.9,fixation
14:37:48.868,429.1,228.1,fixation
14:37:48.8685,428.3,228.0,fixation
14:37:48.869,427.3,228.0,fixation
14:37:48.8695,426.6,228.0,fixation
14:37:48.8700,426.0,227.7,fixation
14:37:48.8705,425.0,232.3,fixation
14:37:48.871,424.0,237.0,fixation
14:37:48.8715,423.8,238.9,fixation
14:37:48.872,426.1,236.3,fixation
14:37:48.8725,428.4,234.2,fixation
14:37:48.8730,427.0,234.9,fixation
14:37:48.8735,423.2,236.1,fixation
14:37:48.874,419.3,237.7,fixation
14:37:48.8745,418.4,238.3,fixation
14:37:48.875,418.1,238.1,fixation
14:37:48.8755,419.9,238.8,fixation
14:37:48.8760,422.7,239.2,fixation
14:37:48.8765,426.3,239.8,fixation
14:37:48.877,428.2,240.6,fixation
14:37:48.8775,429.4,242.6,fixation
14:37:48.878,430.4,237.3,fixation
14:37:48.8785,430.8,231.2,fixation
14:37:48.8790,428.4,226.0,fixation
14:37:48.8795,425.0,229.4,fixation
14:37:48.88,424.2,230.5,fixation
14:37:48.8805,426.2,230.9,fixation
14:37:48.881,428.4,230.2,fixation
14:37:48.8815,428.8,231.2,fixation
14:37:48.8820,429.1,231.8,fixation
14:37:48.8825,429.4,231.9,fixation
14:37:48.883,428.7,234.8,fixation
14:37:48.8835,427.8,237.9,fixation
14:37:48.884,426.7,240.9,fixation
14:37:48.8845,425.7,240.4,fixation
14:37:48.8850,425.3,238.0,fixation
14:37:48.8855,425.1,237.6,fixation
14:37:48.886,425.1,239.2,fixation
14:37:48.8865,424.6,244.5,fixation
14:37:48.887,424.5,247.9,fixation
14:37:48.8875,424.6,249.2,fixation
14:37:48.8880,425.0,246.3,fixation
14:37:48.8885,427.2,244.0,fixation
14:37:48.889,429.3,241.9,fixation
14:37:48.8895,430.2,243.9,fixation
14:37:48.89,428.7,245.6,fixation
14:37:48.8905,427.0,247.5,fixation
14:37:48.8910,426.3,247.6,fixation
14:37:48.8915,426.2,247.0,fixation
14:37:48.892,426.3,246.1,fixation
14:37:48.8925,426.4,245.2,fixation
14:37:48.893,427.2,239.5,fixation
14:37:48.8935,424.5,233.4,fixation
14:37:48.8940,421.4,230.6,fixation
14:37:48.8945,421.5,236.2,fixation
14:37:48.895,425.2,242.1,fixation
14:37:48.8955,428.8,243.3,fixation
14:37:48.896,428.2,240.6,fixation
14:37:48.8965,427.3,237.8,fixation
14:37:48.8970,425.9,236.3,fixation
14:37:48.8975,425.1,233.7,fixation
14:37:48.898,424.8,231.0,fixation
14:37:48.8985,425.5,227.1,fixation
14:37:48.899,425.5,225.7,fixation
14:37:48.8995,424.5,230.0,fixation
14:37:48.9000,423.5,235.8,fixation
14:37:48.9005,420.8,239.1,fixation
14:37:48.901,418.8,236.6,fixation
14:37:48.9015,417.3,232.8,fixation
14:37:48.902,417.8,233.3,fixation
14:37:48.9025,418.9,233.9,fixation
14:37:48.9030,420.7,232.2,fixation
14:37:48.9035,423.6,228.9,fixation
14:37:48.904,425.3,230.7,fixation
14:37:48.9045,426.6,236.7,fixation
14:37:48.905,426.6,242.6,fixation
14:37:48.9055,425.8,240.6,fixation
14:37:48.9060,423.1,237.5,fixation
14:37:48.9065,420.4,235.3,fixation
14:37:48.9070,419.8,236.1,fixation
14:37:48.9075,420.9,237.6,fixation
14:37:48.908,422.1,238.8,fixation
14:37:48.9085,422.9,240.0,fixation
14:37:48.909,423.6,240.8,fixation
14:37:48.9095,424.3,241.0,fixation
14:37:48.9100,426.7,243.7,fixation
14:37:48.9105,428.5,246.3,fixation
14:37:48.911,428.4,246.9,fixation
14:37:48.9115,426.7,243.2,fixation
14:37:48.912,424.9,239.4,fixation
14:37:48.9125,426.2,237.8,fixation
14:37:48.9130,428.0,233.7,fixation
14:37:48.9135,428.8,229.4,fixation
14:37:48.914,428.3,225.1,fixation
14:37:48.9145,426.9,228.5,fixation
14:37:48.915,426.2,232.9,fixation
14:37:48.9155,424.0,235.1,fixation
14:37:48.9160,422.3,233.9,fixation
14:37:48.9165,422.7,230.7,fixation
14:37:48.917,424.8,228.8,fixation
14:37:48.9175,427.4,226.9,fixation
14:37:48.918,428.0,226.3,fixation
14:37:48.9185,428.5,226.5,fixation
14:37:48.9190,427.2,228.3,fixation
14:37:48.9195,424.4,231.2,fixation
14:37:48.92,421.6,234.1,fixation
14:37:48.9205,420.4,236.6,fixation
14:37:48.921,420.7,237.8,fixation
14:37:48.9215,420.4,240.0,fixation
14:37:48.9220,419.6,242.0,fixation
14:37:48.9225,418.8,244.1,fixation
14:37:48.923,418.5,245.7,fixation
14:37:48.9235,417.6,246.2,fixation
14:37:48.924,418.0,239.8,fixation
14:37:48.9245,418.3,233.6,fixation
14:37:48.9250,420.2,228.3,fixation
14:37:48.9255,421.2,233.0,fixation
14:37:48.926,422.3,237.0,fixation
14:37:48.9265,422.7,240.4,fixation
14:37:48.927,423.0,240.8,fixation
14:37:48.9275,423.5,242.0,fixation
14:37:48.9280,424.1,243.1,fixation
14:37:48.9285,421.9,239.8,fixation
14:37:48.929,419.5,235.7,fixation
14:37:48.9295,418.0,235.2,fixation
14:37:48.93,421.3,239.8,fixation
14:37:48.9305,424.6,244.4,fixation
14:37:48.9310,425.0,241.9,fixation
14:37:48.9315,423.7,236.6,fixation
14:37:48.932,422.4,231.3,fixation
14:37:48.9325,423.0,230.1,fixation
14:37:48.933,423.2,229.8,fixation
14:37:48.9335,423.5,229.4,fixation
14:37:48.9340,423.3,232.7,fixation
14:37:48.9345,422.8,237.1,fixation
14:37:48.935,422.0,239.9,fixation
14:37:48.9355,421.8,238.2,fixation
14:37:48.936,421.5,239.2,fixation
14:37:48.9365,421.7,241.8,fixation
14:37:48.9370,422.6,241.9,fixation
14:37:48.9375,423.7,238.8,fixation
14:37:48.938,424.7,235.8,fixation
14:37:48.9385,424.9,235.9,fixation
14:37:48.939,423.9,236.3,fixation
14:37:48.9395,422.4,236.8,fixation
14:37:48.9400,421.0,236.8,fixation
14:37:48.9405,421.3,236.4,fixation
14:37:48.941,422.3,234.0,fixation
14:37:48.9415,423.2,231.6,fixation
14:37:48.942,423.1,233.2,fixation
14:37:48.9425,422.5,237.8,fixation
14:37:48.9430,422.5,242.5,fixation
14:37:48.9435,423.2,246.3,fixation
14:37:48.944,424.0,248.8,fixation
14:37:48.9445,422.7,244.8,fixation
14:37:48.945,421.1,238.3,fixation
14:37:48.9455,419.3,234.0,fixation
14:37:48.9460,419.2,236.2,fixation
14:37:48.9465,419.5,236.4,fixation
14:37:48.947,419.6,234.4,fixation
14:37:48.9475,418.9,236.6,fixation
14:37:48.948,417.7,240.8,fixation
14:37:48.9485,416.7,246.2,fixation
14:37:48.9490,419.9,247.6,fixation
14:37:48.9495,423.9,244.0,fixation
14:37:48.95,427.0,239.4,fixation
14:37:48.9505,426.1,234.4,fixation
14:37:48.951,424.4,232.9,fixation
14:37:48.9515,421.8,231.1,fixation
14:37:48.9520,419.4,229.8,fixation
14:37:48.9525,416.3,230.5,fixation
14:37:48.953,415.4,232.0,fixation
14:37:48.9535,421.1,233.7,fixation
14:37:48.954,427.5,235.5,fixation
14:37:48.9545,430.4,235.1,fixation
14:37:48.9550,426.8,234.0,fixation
14:37:48.9555,423.7,236.4,fixation
14:37:48.956,424.2,240.4,fixation
14:37:48.9565,424.5,245.7,fixation
14:37:48.957,424.3,245.6,fixation
14:37:48.9575,424.2,244.0,fixation
14:37:48.9580,424.1,240.0,fixation
14:37:48.9585,423.6,237.4,fixation
14:37:48.959,422.8,238.6,fixation
14:37:48.9595,421.2,239.2,fixation
14:37:48.96,420.4,238.5,fixation
14:37:48.9605,419.9,235.5,fixation
14:37:48.9610,420.6,233.6,fixation
14:37:48.9615,421.0,233.1,fixation
14:37:48.962,421.2,233.8,fixation
14:37:48.9625,421.0,235.4,fixation
14:37:48.963,419.5,236.9,fixation
14:37:48.9635,418.2,237.3,fixation
14:37:48.9640,416.4,239.6,fixation
14:37:48.9645,415.9,242.2,fixation
14:37:48.965,418.4,243.6,fixation
14:37:48.9655,421.4,242.5,fixation
14:37:48.966,424.7,241.5,fixation
14:37:48.9665,425.3,241.6,fixation
14:37:48.9670,426.1,239.5,fixation
14:37:48.9675,426.6,237.3,fixation
14:37:48.968,425.6,235.3,fixation
14:37:48.9685,425.1,234.2,fixation
14:37:48.969,425.3,233.2,fixation
14:37:48.9695,426.7,229.8,fixation
14:37:48.97,426.9,227.6,fixation
14:37:48.9705,425.9,230.0,fixation
14:37:48.9710,424.7,234.7,fixation
14:37:48.9715,424.4,237.2,fixation
14:37:48.972,424.8,235.0,fixation
14:37:48.9725,425.1,232.1,fixation
14:37:48.973,424.7,231.4,fixation
14:37:48.9735,424.4,230.9,fixation
14:37:48.9740,424.4,231.2,fixation
14:37:48.9745,424.4,231.5,fixation
14:37:48.975,424.6,233.1,fixation
14:37:48.9755,424.8,234.4,fixation
14:37:48.976,425.2,235.6,fixation
14:37:48.9765,425.2,237.9,fixation
14:37:48.9770,425.5,241.4,fixation
14:37:48.9775,424.8,244.9,fixation
14:37:48.978,424.0,247.2,fixation
14:37:48.9785,422.5,250.4,fixation
14:37:48.979,422.0,253.7,fixation
14:37:48.9795,422.0,253.8,fixation
14:37:48.9800,421.6,250.5,fixation
14:37:48.9805,421.3,246.3,fixation
14:37:48.981,420.4,243.6,fixation
14:37:48.9815,419.7,246.5,fixation
14:37:48.982,419.2,250.4,fixation
14:37:48.9825,419.6,252.9,fixation
14:37:48.9830,421.7,250.0,fixation
14:37:48.9835,424.3,247.2,fixation
14:37:48.984,425.6,244.9,fixation
14:37:48.9845,425.9,243.1,fixation
14:37:48.985,427.1,241.5,fixation
14:37:48.9855,427.4,240.9,fixation
14:37:48.9860,427.6,241.3,fixation
14:37:48.9865,426.2,248.2,fixation
14:37:48.987,426.5,255.1,fixation
14:37:48.9875,426.4,265.4,fixation
14:37:48.988,425.1,268.8,fixation
14:37:48.9885,423.9,270.6,fixation
14:37:48.9890,423.4,267.3,fixation
14:37:48.9895,424.3,264.9,fixation
14:37:48.99,425.5,264.1,fixation
14:37:48.9905,427.0,263.0,fixation
14:37:48.991,428.2,259.3,fixation
14:37:48.9915,429.3,251.0,fixation
14:37:48.9920,428.8,244.5,fixation
14:37:48.9925,427.6,243.6,fixation
14:37:48.993,426.8,247.3,fixation
14:37:48.9935,427.3,250.7,fixation
14:37:48.994,428.3,250.1,fixation
14:37:48.9945,428.3,249.2,fixation
14:37:48.9950,429.2,248.8,fixation
14:37:48.9955,430.1,248.7,fixation
14:37:48.996,430.9,249.2,fixation
14:37:48.9965,430.6,253.9,fixation
14:37:48.997,430.6,258.7,fixation
14:37:48.9975,431.3,263.1,fixation
14:37:48.9980,432.7,258.9,fixation
14:37:48.9985,434.9,256.7,fixation
14:37:48.999,436.7,253.7,fixation
14:37:48.9995,438.5,255.0,fixation
14:37:49.,437.0,251.7,saccade
14:37:49.0005,434.1,250.9,saccade
14:37:49.0010,433.0,254.4,saccade
14:37:49.0015,435.2,255.6,saccade
14:37:49.002,436.8,257.3,saccade
14:37:49.0025,436.3,256.1,saccade
14:37:49.003,435.6,255.8,saccade
14:37:49.0035,434.2,255.2,saccade
14:37:49.0040,432.8,255.3,saccade
14:37:49.0045,434.1,256.5,saccade
14:37:49.005,436.9,256.4,saccade
14:37:49.0055,436.7,255.7,saccade
14:37:49.006,434.3,256.0,saccade
14:37:49.0065,431.8,256.9,saccade
14:37:49.0070,430.9,257.6,saccade
14:37:49.0075,429.6,257.7,saccade
14:37:49.008,428.4,257.2,saccade
14:37:49.0085,426.4,256.5,saccade
14:37:49.009,424.3,255.6,saccade
14:37:49.0095,418.9,258.1,saccade
14:37:49.0100,411.3,260.4,saccade
14:37:49.0105,403.5,264.8,saccade
14:37:49.011,399.1,266.4,saccade
14:37:49.0115,399.3,265.5,saccade
14:37:49.012,396.5,262.2,saccade
14:37:49.0125,392.6,259.6,saccade
14:37:49.0130,387.8,259.8,saccade
14:37:49.0135,386.4,260.6,saccade
14:37:49.014,385.8,260.7,saccade
14:37:49.0145,383.9,260.7,saccade
14:37:49.015,382.1,260.8,saccade
14:37:49.0155,378.1,264.8,saccade
14:37:49.0160,375.7,268.9,saccade
14:37:49.0165,372.4,272.2,saccade
14:37:49.017,371.5,271.5,saccade
14:37:49.0175,370.2,272.1,saccade
14:37:49.018,369.7,274.8,saccade
14:37:49.0185,372.7,279.7,saccade
14:37:49.0190,375.8,285.2,saccade
14:37:49.0195,379.1,289.3,saccade
14:37:49.02,379.0,291.1,saccade
14:37:49.0205,379.2,291.0,saccade
14:37:49.021,380.0,285.6,saccade
14:37:49.0215,380.6,280.3,saccade
14:37:49.0220,386.9,276.1,saccade
14:37:49.0225,392.4,277.5,saccade
14:37:49.023,398.1,276.8,saccade
14:37:49.0235,397.5,275.0,saccade
14:37:49.024,396.6,275.6,saccade
14:37:49.0245,400.0,278.8,saccade
14:37:49.0250,404.5,279.3,saccade
14:37:49.0255,407.4,278.2,saccade
14:37:49.026,405.9,276.5,saccade
14:37:49.0265,405.0,270.6,saccade
14:37:49.027,405.8,264.1,saccade
14:37:49.0275,406.7,257.4,saccade
14:37:49.0280,406.4,257.7,saccade
14:37:49.0285,406.0,257.0,saccade
14:37:49.029,405.4,256.4,saccade
14:37:49.0295,404.7,255.9,saccade
14:37:49.03,404.3,256.3,saccade
14:37:49.0305,404.6,257.2,saccade
14:37:49.0310,404.7,257.0,saccade
14:37:49.0315,404.6,256.3,saccade
14:37:49.0320,403.7,258.0,saccade
14:37:49.0325,402.4,265.8,saccade
14:37:49.033,398.0,273.2,saccade
14:37:49.0335,393.9,277.8,saccade
14:37:49.034,391.4,277.7,saccade
14:37:49.0345,392.1,277.6,saccade
14:37:49.0350,395.8,277.8,saccade
14:37:49.0355,398.9,276.9,saccade
14:37:49.036,399.6,275.1,saccade
14:37:49.0365,398.3,270.6,saccade
14:37:49.037,396.9,267.0,saccade
14:37:49.0375,397.9,264.1,saccade
14:37:49.0380,396.1,263.5,saccade
14:37:49.0385,394.2,263.3,saccade
14:37:49.039,394.7,265.3,saccade
14:37:49.0395,397.0,267.2,saccade
14:37:49.04,398.8,268.8,saccade
14:37:49.0405,397.9,265.9,saccade
14:37:49.0410,397.7,262.9,saccade
14:37:49.0415,397.9,260.0,saccade
14:37:49.042,398.0,262.7,saccade
14:37:49.0425,397.1,265.9,saccade
14:37:49.043,396.3,269.1,saccade
14:37:49.0435,396.4,270.3,saccade
14:37:49.0440,396.7,271.6,saccade
14:37:49.0445,394.0,273.7,saccade
14:37:49.045,390.7,275.0,saccade
14:37:49.0455,388.7,276.7,saccade
14:37:49.046,389.1,277.8,saccade
14:37:49.0465,389.6,278.3,saccade
14:37:49.0470,389.7,277.2,saccade
14:37:49.0475,391.3,277.7,saccade
14:37:49.048,393.0,278.7,saccade
14:37:49.0485,393.7,281.9,saccade
14:37:49.049,393.8,283.7,saccade
14:37:49.0495,394.1,279.7,saccade
14:37:49.0500,394.0,274.1,saccade
14:37:49.0505,393.9,268.2,saccade
14:37:49.051,395.7,268.3,saccade
14:37:49.0515,397.8,269.0,saccade
14:37:49.052,396.7,269.6,saccade
14:37:49.0525,393.4,270.3,saccade
14:37:49.0530,388.5,270.1,saccade
14:37:49.0535,386.9,268.7,saccade
14:37:49.054,388.7,263.5,saccade
14:37:49.0545,393.3,258.6,saccade
14:37:49.055,399.7,263.5,saccade
14:37:49.0555,402.9,271.7,saccade
14:37:49.0560,405.8,281.6,saccade
14:37:49.0565,406.5,283.5,saccade
14:37:49.057,403.3,284.9,saccade
14:37:49.0575,400.7,283.7,saccade
14:37:49.058,398.2,281.6,saccade
14:37:49.0585,400.6,280.2,saccade
14:37:49.0590,401.4,281.4,saccade
14:37:49.0595,401.9,284.0,saccade
14:37:49.06,401.5,286.8,saccade
14:37:49.0605,401.5,288.0,saccade
14:37:49.061,401.6,289.2,saccade
14:37:49.0615,401.2,290.1,saccade
14:37:49.0620,401.0,286.6,saccade
14:37:49.0625,401.0,282.1,saccade
14:37:49.063,400.3,274.5,saccade
14:37:49.0635,399.8,271.4,saccade
14:37:49.064,399.0,273.7,saccade
14:37:49.0645,402.8,279.7,saccade
14:37:49.0650,405.8,288.0,saccade
14:37:49.0655,409.0,290.8,saccade
14:37:49.066,408.5,284.5,saccade
14:37:49.0665,406.8,275.6,saccade
14:37:49.067,403.4,268.4,saccade
14:37:49.0675,400.2,269.8,saccade
14:37:49.0680,398.3,271.5,saccade
14:37:49.0685,397.8,273.4,saccade
14:37:49.069,398.4,275.1,saccade
14:37:49.0695,399.3,276.8,saccade
14:37:49.07,400.8,280.0,saccade
14:37:49.0705,401.2,283.2,saccade
14:37:49.0710,401.6,287.2,saccade
14:37:49.0715,400.4,287.6,saccade
14:37:49.072,399.2,287.8,saccade
14:37:49.0725,398.2,286.9,saccade
14:37:49.073,397.5,281.5,saccade
14:37:49.0735,396.8,276.5,saccade
14:37:49.0740,396.6,269.9,saccade
14:37:49.0745,397.1,268.0,saccade
14:37:49.075,397.2,266.1,saccade
14:37:49.0755,396.7,266.0,saccade
14:37:49.076,396.3,265.9,saccade
14:37:49.0765,396.6,264.0,saccade
14:37:49.0770,397.3,262.3,saccade
14:37:49.0775,397.9,261.1,saccade
14:37:49.078,397.5,261.9,saccade
14:37:49.0785,396.7,262.6,saccade
14:37:49.079,396.4,265.2,saccade
14:37:49.0795,400.4,271.0,fixation
14:37:49.0800,402.6,271.2,fixation
14:37:49.0805,401.8,270.7,fixation
14:37:49.081,399.6,270.3,fixation
14:37:49.0815,395.9,269.6,fixation
14:37:49.082,394.5,269.2,fixation
14:37:49.0825,393.1,269.0,fixation
14:37:49.0830,395.2,268.5,fixation
14:37:49.0835,399.0,267.4,fixation
14:37:49.084,402.5,268.3,fixation
14:37:49.0845,403.3,269.5,fixation
14:37:49.085,402.1,270.9,fixation
14:37:49.0855,401.0,270.4,fixation
14:37:49.0860,403.6,270.2,fixation
14:37:49.0865,406.8,272.8,fixation
14:37:49.087,409.9,275.5,fixation
14:37:49.0875,406.8,274.4,fixation
14:37:49.088,403.5,271.1,fixation
14:37:49.0885,399.6,272.3,fixation
14:37:49.0890,399.1,276.8,fixation
14:37:49.0895,399.4,275.3,fixation
14:37:49.09,400.3,270.8,fixation
14:37:49.0905,401.0,266.3,fixation
14:37:49.091,400.9,264.6,fixation
14:37:49.0915,400.9,261.5,fixation
14:37:49.0920,400.0,262.8,fixation
14:37:49.0925,399.0,267.2,fixation
14:37:49.093,398.6,270.5,fixation
14:37:49.0935,399.6,269.4,fixation
14:37:49.094,400.6,268.9,fixation
14:37:49.0945,400.1,270.1,fixation
14:37:49.095,399.0,272.6,fixation
14:37:49.0955,399.4,277.2,fixation
14:37:49.0960,400.2,278.5,fixation
14:37:49.0965,400.5,277.7,fixation
14:37:49.097,398.7,273.7,fixation
14:37:49.0975,398.1,273.2,fixation
14:37:49.098,399.0,273.3,fixation
14:37:49.0985,400.4,274.5,fixation
14:37:49.0990,399.7,275.0,fixation
14:37:49.0995,398.9,271.8,fixation
14:37:49.1,398.2,269.5,fixation
14:37:49.1005,399.2,267.5,fixation
14:37:49.101,399.7,269.1,fixation
14:37:49.1015,400.0,269.2,fixation
14:37:49.1020,401.2,269.3,fixation
14:37:49.1025,402.6,267.8,fixation
14:37:49.103,404.1,266.3,fixation
14:37:49.1035,403.7,269.6,fixation
14:37:49.104,402.2,274.6,fixation
14:37:49.1045,400.1,277.9,fixation
14:37:49.1050,399.2,276.5,fixation
14:37:49.1055,399.7,275.4,fixation
14:37:49.106,400.9,276.0,fixation
14:37:49.1065,401.5,276.2,fixation
14:37:49.107,401.9,276.3,fixation
14:37:49.1075,402.0,277.8,fixation
14:37:49.1080,402.0,279.4,fixation
14:37:49.1085,401.7,280.3,fixation
14:37:49.109,401.6,279.6,fixation
14:37:49.1095,401.6,278.8,fixation
14:37:49.11,401.6,278.7,fixation
14:37:49.1105,401.4,278.6,fixation
14:37:49.1110,401.2,278.6,fixation
14:37:49.1115,400.5,277.5,fixation
14:37:49.112,399.2,275.4,fixation
14:37:49.1125,397.9,273.3,fixation
14:37:49.113,399.0,272.4,fixation
14:37:49.1135,400.7,273.4,fixation
14:37:49.1140,402.4,275.3,fixation
14:37:49.1145,402.4,276.7,fixation
14:37:49.115,399.2,276.9,fixation
14:37:49.1155,395.8,276.6,fixation
14:37:49.116,393.5,276.6,fixation
14:37:49.1165,394.4,276.6,fixation
14:37:49.1170,395.2,275.2,fixation
14:37:49.1175,394.9,272.5,fixation
14:37:49.118,394.6,270.4,fixation
14:37:49.1185,395.0,270.1,fixation
14:37:49.119,397.5,271.9,fixation
14:37:49.1195,399.7,275.9,fixation
14:37:49.1200,401.7,279.2,fixation
14:37:49.1205,401.7,282.0,fixation
14:37:49.121,402.9,282.5,fixation
14:37:49.1215,404.4,283.8,fixation
14:37:49.122,406.1,284.7,fixation
14:37:49.1225,405.3,280.8,fixation
14:37:49.1230,403.8,276.2,fixation
14:37:49.1235,401.9,272.6,fixation
14:37:49.124,401.5,273.7,fixation
14:37:49.1245,401.3,273.5,fixation
14:37:49.125,400.4,272.1,fixation
14:37:49.1255,398.7,276.0,fixation
14:37:49.1260,397.4,281.1,fixation
14:37:49.1265,398.6,280.5,fixation
14:37:49.127,401.0,274.7,fixation
14:37:49.1275,402.1,271.3,fixation
14:37:49.128,401.6,275.2,fixation
14:37:49.1285,403.1,284.2,fixation
14:37:49.1290,404.7,293.1,fixation
14:37:49.1295,406.1,300.4,fixation
14:37:49.13,403.9,295.1,fixation
14:37:49.1305,402.7,287.2,fixation
14:37:49.131,401.8,279.4,fixation
14:37:49.1315,402.0,279.3,fixation
14:37:49.1320,402.2,279.3,fixation
14:37:49.1325,401.8,279.2,fixation
14:37:49.133,400.5,279.9,fixation
14:37:49.1335,399.3,280.6,fixation
14:37:49.134,399.0,279.2,fixation
14:37:49.1345,399.4,276.9,fixation
14:37:49.1350,399.7,274.7,fixation
14:37:49.1355,399.3,276.6,fixation
14:37:49.136,399.0,277.5,fixation
14:37:49.1365,398.8,278.2,fixation
14:37:49.137,400.4,277.0,fixation
14:37:49.1375,401.9,276.9,fixation
14:37:49.1380,404.4,279.6,fixation
14:37:49.1385,405.5,281.8,fixation
14:37:49.139,402.1,283.1,fixation
14:37:49.1395,397.6,281.7,fixation
14:37:49.14,393.0,280.7,fixation
14:37:49.1405,392.4,285.9,fixation
14:37:49.1410,392.0,291.2,fixation
14:37:49.1415,393.3,290.5,fixation
14:37:49.142,394.9,284.4,fixation
14:37:49.1425,396.4,278.3,fixation
14:37:49.143,398.0,281.3,fixation
14:37:49.1435,399.7,284.4,fixation
14:37:49.1440,402.5,283.1,fixation
14:37:49.1445,403.5,280.0,fixation
14:37:49.145,404.1,277.9,fixation
14:37:49.1455,404.3,280.2,fixation
14:37:49.146,404.5,281.2,fixation
14:37:49.1465,404.9,282.5,fixation
14:37:49.1470,404.1,286.4,fixation
14:37:49.1475,403.5,290.3,fixation
14:37:49.148,403.3,291.3,fixation
14:37:49.1485,403.4,288.8,fixation
14:37:49.149,403.5,286.2,fixation
14:37:49.1495,403.6,285.5,fixation
14:37:49.1500,403.8,285.7,fixation
14:37:49.1505,402.7,285.8,fixation
14:37:49.151,401.5,283.9,fixation
14:37:49.1515,400.3,281.9,fixation
14:37:49.152,400.5,279.5,fixation
14:37:49.1525,400.6,278.9,fixation
14:37:49.1530,400.7,278.3,fixation
14:37:49.1535,400.9,278.3,fixation
14:37:49.154,401.3,277.2,fixation
14:37:49.1545,397.7,275.9,fixation
14:37:49.155,393.9,274.8,fixation
14:37:49.1555,392.2,283.2,fixation
14:37:49.1560,396.7,292.0,fixation
14:37:49.1565,401.4,300.0,fixation
14:37:49.1570,400.4,298.6,fixation
14:37:49.1575,397.3,295.7,fixation
14:37:49.158,396.1,293.7,fixation
14:37:49.1585,398.1,292.8,fixation
14:37:49.159,399.8,292.8,fixation
14:37:49.1595,400.0,292.6,fixation
14:37:49.1600,400.4,293.1,fixation
14:37:49.1605,401.1,293.8,fixation
14:37:49.161,401.4,292.2,fixation
14:37:49.1615,401.0,290.0,fixation
14:37:49.162,401.2,285.7,fixation
14:37:49.1625,401.4,283.7,fixation
14:37:49.1630,400.0,281.1,fixation
14:37:49.1635,398.2,280.2,fixation
14:37:49.164,396.3,279.3,fixation
14:37:49.1645,396.3,279.0,fixation
14:37:49.165,396.8,278.7,fixation
14:37:49.1655,397.3,278.4,fixation
14:37:49.1660,398.7,278.8,fixation
14:37:49.1665,399.3,279.5,fixation
14:37:49.167,399.5,278.8,fixation
14:37:49.1675,399.6,277.5,fixation
14:37:49.168,399.5,280.9,fixation
14:37:49.1685,399.8,284.4,fixation
14:37:49.1690,399.6,286.5,fixation
14:37:49.1695,398.0,283.6,fixation
14:37:49.17,396.2,280.3,fixation
14:37:49.1705,394.2,278.2,fixation
14:37:49.171,395.1,276.6,fixation
14:37:49.1715,395.4,280.5,fixation
14:37:49.1720,395.6,284.4,fixation
14:37:49.1725,396.6,291.4,fixation
14:37:49.173,398.4,294.7,fixation
14:37:49.1735,399.1,293.4,fixation
14:37:49.174,398.0,288.9,fixation
14:37:49.1745,398.6,285.1,fixation
14:37:49.1750,400.3,285.6,fixation
14:37:49.1755,399.0,285.8,fixation
14:37:49.176,395.4,290.1,fixation
14:37:49.1765,391.3,294.5,fixation
14:37:49.177,390.0,297.3,fixation
14:37:49.1775,389.5,295.1,fixation
14:37:49.1780,391.1,297.3,fixation
14:37:49.1785,392.7,301.5,fixation
14:37:49.179,395.2,302.0,fixation
14:37:49.1795,396.0,298.3,fixation
14:37:49.18,397.0,292.7,fixation
14:37:49.1805,395.5,288.6,fixation
14:37:49.1810,393.3,286.5,fixation
14:37:49.1815,391.0,287.4,fixation
14:37:49.182,390.6,290.5,fixation
14:37:49.1825,390.8,290.5,fixation
14:37:49.183,391.0,288.3,fixation
14:37:49.1835,391.5,283.4,fixation
14:37:49.1840,390.6,279.5,fixation
14:37:49.1845,389.5,276.7,fixation
14:37:49.185,390.2,282.9,saccade
14:37:49.1855,391.1,287.0,saccade
14:37:49.186,391.3,285.3,saccade
14:37:49.1865,391.6,281.6,saccade
14:37:49.1870,391.3,279.8,saccade
14:37:49.1875,390.8,279.7,saccade
14:37:49.188,390.4,279.6,saccade
14:37:49.1885,390.2,278.7,saccade
14:37:49.189,389.5,281.0,saccade
14:37:49.1895,388.9,283.7,saccade
14:37:49.1900,388.7,285.2,saccade
14:37:49.1905,391.4,278.7,saccade
14:37:49.191,394.3,271.1,saccade
14:37:49.1915,397.3,263.0,saccade
14:37:49.192,398.4,256.9,saccade
14:37:49.1925,399.7,251.5,saccade
14:37:49.1930,399.4,260.0,saccade
14:37:49.1935,402.1,274.5,saccade
14:37:49.194,406.5,290.2,saccade
14:37:49.1945,412.2,293.6,saccade
14:37:49.195,412.5,306.9,saccade
14:37:49.1955,413.4,336.4,saccade
14:37:49.1960,413.9,373.4,saccade
14:37:49.1965,414.3,408.7,saccade
14:37:49.197,406.4,447.7,saccade
14:37:49.1975,395.9,495.4,saccade
14:37:49.198,387.6,535.0,saccade
14:37:49.1985,372.9,577.4,saccade
14:37:49.1990,356.9,625.8,saccade
14:37:49.1995,339.2,682.9,saccade
14:37:49.2,337.7,730.5,saccade
14:37:49.2005,337.1,772.8,saccade
14:37:49.201,342.1,814.1,saccade
14:37:49.2015,338.0,868.7,saccade
14:37:49.2020,310.0,907.9,saccade
14:37:49.2025,274.8,953.8,saccade
14:37:49.203,244.0,982.0,saccade
14:37:49.2035,238.2,1018.0,saccade
14:37:49.204,228.8,1052.1,saccade
14:37:49.2045,217.3,1089.6,saccade
14:37:49.2050,.,.,blink
14:37:49.2055,.,.,blink
14:37:49.206,.,.,blink
14:37:49.2065,.,.,blink
14:37:49.207,.,.,blink
14:37:49.2075,.,.,blink
14:37:49.2080,.,.,blink
14:37:49.2085,.,.,blink
14:37:49.209,.,.,blink
14:37:49.2095,.,.,blink
14:37:49.21,.,.,blink
14:37:49.2105,.,.,blink
14:37:49.2110,.,.,blink
14:37:49.2115,.,.,blink
14:37:49.212,.,.,blink
14:37:49.2125,.,.,blink
14:37:49.213,.,.,blink
14:37:49.2135,.,.,blink
14:37:49.2140,.,.,blink
14:37:49.2145,.,.,blink
14:37:49.215,.,.,blink
14:37:49.2155,.,.,blink
14:37:49.216,.,.,blink
14:37:49.2165,.,.,blink
14:37:49.2170,.,.,blink
14:37:49.2175,.,.,blink
14:37:49.218,.,.,blink
14:37:49.2185,.,.,blink
14:37:49.219,.,.,blink
14:37:49.2195,.,.,blink
14:37:49.22,.,.,blink
14:37:49.2205,.,.,blink
14:37:49.2210,.,.,blink
14:37:49.2215,.,.,blink
14:37:49.222,.,.,blink
14:37:49.2225,.,.,blink
14:37:49.223,.,.,blink
14:37:49.2235,.,.,blink
14:37:49.2240,.,.,blink
14:37:49.2245,.,.,blink
14:37:49.225,.,.,blink
14:37:49.2255,.,.,blink
14:37:49.226,.,.,blink
14:37:49.2265,.,.,blink
14:37:49.2270,.,.,blink
14:37:49.2275,.,.,blink
14:37:49.228,.,.,blink
14:37:49.2285,.,.,blink
14:37:49.229,.,.,blink
14:37:49.2295,.,.,blink
14:37:49.2300,.,.,blink
14:37:49.2305,.,.,blink
14:37:49.231,.,.,blink
14:37:49.2315,.,.,blink
14:37:49.232,.,.,blink
14:37:49.2325,.,.,blink
14:37:49.2330,.,.,blink
14:37:49.2335,.,.,blink
14:37:49.234,.,.,blink
14:37:49.2345,.,.,blink
14:37:49.235,.,.,blink
14:37:49.2355,.,.,blink
14:37:49.2360,.,.,blink
14:37:49.2365,.,.,blink
14:37:49.237,.,.,blink
14:37:49.2375,.,.,blink
14:37:49.238,.,.,blink
14:37:49.2385,.,.,blink
14:37:49.2390,.,.,blink
14:37:49.2395,.,.,blink
14:37:49.24,.,.,blink
14:37:49.2405,.,.,blink
14:37:49.241,.,.,blink
14:37:49.2415,.,.,blink
14:37:49.2420,.,.,blink
14:37:49.2425,.,.,blink
14:37:49.243,.,.,blink
14:37:49.2435,.,.,blink
14:37:49.244,.,.,blink
14:37:49.2445,.,.,blink
14:37:49.2450,.,.,blink
14:37:49.2455,.,.,blink
14:37:49.246,.,.,blink
14:37:49.2465,.,.,blink
14:37:49.247,.,.,blink
14:37:49.2475,.,.,blink
14:37:49.2480,.,.,blink
14:37:49.2485,.,.,blink
14:37:49.249,.,.,blink
14:37:49.2495,.,.,blink
14:37:49.25,.,.,blink
14:37:49.2505,.,.,blink
14:37:49.2510,.,.,blink
14:37:49.2515,.,.,blink
14:37:49.252,.,.,blink
14:37:49.2525,.,.,blink
14:37:49.253,.,.,blink
14:37:49.2535,.,.,blink
14:37:49.2540,.,.,blink
14:37:49.2545,.,.,blink
14:37:49.255,.,.,blink
14:37:49.2555,.,.,blink
14:37:49.256,.,.,blink
14:37:49.2565,.,.,blink
14:37:49.2570,.,.,blink
14:37:49.2575,.,.,blink
14:37:49.258,.,.,blink
14:37:49.2585,.,.,blink
14:37:49.259,.,.,blink
14:37:49.2595,.,.,blink
14:37:49.2600,.,.,blink
14:37:49.2605,.,.,blink
14:37:49.261,.,.,blink
14:37:49.2615,.,.,blink
14:37:49.262,.,.,blink
14:37:49.2625,.,.,blink
14:37:49.2630,.,.,blink
14:37:49.2635,.,.,blink
14:37:49.264,.,.,blink
14:37:49.2645,.,.,blink
14:37:49.265,.,.,blink
14:37:49.2655,.,.,blink
14:37:49.2660,.,.,blink
14:37:49.2665,.,.,blink
14:37:49.267,.,.,blink
14:37:49.2675,.,.,blink
14:37:49.268,.,.,blink
14:37:49.2685,.,.,blink
14:37:49.2690,.,.,blink
14:37:49.2695,.,.,blink
14:37:49.27,.,.,blink
14:37:49.2705,.,.,blink
14:37:49.271,.,.,blink
14:37:49.2715,.,.,blink
14:37:49.2720,.,.,blink
14:37:49.2725,.,.,blink
14:37:49.273,.,.,blink
14:37:49.2735,.,.,blink
14:37:49.274,.,.,blink
14:37:49.2745,.,.,blink
14:37:49.2750,.,.,blink
14:37:49.2755,.,.,blink
14:37:49.276,.,.,blink
14:37:49.2765,.,.,blink
14:37:49.277,.,.,blink
14:37:49.2775,.,.,blink
14:37:49.2780,.,.,blink
14:37:49.2785,.,.,blink
14:37:49.279,.,.,blink
14:37:49.2795,.,.,blink
14:37:49.28,.,.,blink
14:37:49.2805,.,.,blink
14:37:49.2810,.,.,blink
14:37:49.2815,.,.,blink
14:37:49.2820,.,.,blink
14:37:49.2825,.,.,blink
14:37:49.283,.,.,blink
14:37:49.2835,.,.,blink
14:37:49.284,.,.,blink
14:37:49.2845,.,.,blink
14:37:49.2850,.,.,blink
14:37:49.2855,.,.,blink
14:37:49.286,.,.,blink
14:37:49.2865,.,.,blink
14:37:49.287,.,.,blink
14:37:49.2875,.,.,blink
14:37:49.2880,.,.,blink
14:37:49.2885,.,.,blink
14:37:49.289,.,.,blink
14:37:49.2895,.,.,blink
14:37:49.29,.,.,blink
14:37:49.2905,.,.,blink
14:37:49.2910,.,.,blink
14:37:49.2915,.,.,blink
14:37:49.292,.,.,blink
14:37:49.2925,.,.,blink
14:37:49.293,.,.,blink
14:37:49.2935,.,.,blink
14:37:49.2940,.,.,blink
14:37:49.2945,.,.,blink
14:37:49.295,.,.,blink
14:37:49.2955,.,.,blink
14:37:49.296,.,.,blink
14:37:49.2965,.,.,blink
14:37:49.2970,.,.,blink
14:37:49.2975,.,.,blink
14:37:49.298,.,.,blink
14:37:49.2985,.,.,blink
14:37:49.299,.,.,blink
14:37:49.2995,.,.,blink
14:37:49.3000,.,.,blink
14:37:49.3005,.,.,blink
14:37:49.301,.,.,blink
14:37:49.3015,372.9,236.0,fixation
14:37:49.302,373.8,240.0,fixation
14:37:49.3025,374.5,242.5,fixation
14:37:49.3030,374.6,242.5,fixation
14:37:49.3035,375.0,240.4,fixation
14:37:49.304,375.4,238.3,fixation
14:37:49.3045,375.6,237.2,fixation
14:37:49.305,375.7,237.2,fixation
14:37:49.3055,375.9,236.3,fixation
14:37:49.3060,376.1,235.5,fixation
14:37:49.3065,374.9,243.5,fixation
14:37:49.307,373.4,252.4,fixation
14:37:49.3075,372.3,258.6,fixation
14:37:49.308,372.8,257.5,fixation
14:37:49.3085,373.9,256.4,fixation
14:37:49.3090,375.5,251.0,fixation
14:37:49.3095,376.8,244.2,fixation
14:37:49.31,377.4,238.3,fixation
14:37:49.3105,377.2,240.3,fixation
14:37:49.311,376.8,244.6,fixation
14:37:49.3115,377.5,250.6,fixation
14:37:49.3120,378.3,255.9,fixation
14:37:49.3125,378.0,258.7,fixation
14:37:49.313,376.5,260.2,fixation
14:37:49.3135,375.0,261.5,fixation
14:37:49.314,373.6,261.1,fixation
14:37:49.3145,372.7,257.6,fixation
14:37:49.3150,372.9,251.4,fixation
14:37:49.3155,374.7,244.4,fixation
14:37:49.316,376.2,239.1,fixation
14:37:49.3165,377.6,235.6,fixation
14:37:49.317,378.6,234.9,fixation
14:37:49.3175,378.7,241.1,fixation
14:37:49.3180,377.8,248.0,fixation
14:37:49.3185,377.0,255.3,fixation
14:37:49.319,378.6,255.8,fixation
14:37:49.3195,380.9,257.6,fixation
14:37:49.32,383.1,259.1,fixation
14:37:49.3205,382.1,255.0,fixation
14:37:49.3210,380.4,249.6,fixation
14:37:49.3215,378.6,247.9,fixation
14:37:49.322,378.7,252.3,fixation
14:37:49.3225,378.8,257.4,fixation
14:37:49.323,379.4,258.9,fixation
14:37:49.3235,379.8,259.6,fixation
14:37:49.3240,379.4,261.5,fixation
14:37:49.3245,378.4,265.1,fixation
14:37:49.325,377.4,268.7,fixation
14:37:49.3255,377.8,265.8,fixation
14:37:49.326,379.5,261.1,fixation
14:37:49.3265,380.5,254.1,fixation
14:37:49.3270,381.3,251.9,fixation
14:37:49.3275,380.2,255.4,fixation
14:37:49.328,379.9,261.3,fixation
14:37:49.3285,379.9,267.2,fixation
14:37:49.329,381.0,265.5,fixation
14:37:49.3295,380.6,263.3,fixation
14:37:49.3300,379.5,260.6,fixation
14:37:49.3305,376.4,259.5,fixation
14:37:49.331,374.2,263.2,fixation
14:37:49.3315,374.6,267.5,fixation
14:37:49.332,376.6,272.1,fixation
14:37:49.3325,375.3,272.0,fixation
14:37:49.3330,371.4,271.6,fixation
14:37:49.3335,367.5,271.6,fixation
14:37:49.334,370.1,272.3,fixation
14:37:49.3345,372.7,274.8,fixation
14:37:49.335,375.3,276.8,fixation
14:37:49.3355,376.1,272.0,fixation
14:37:49.3360,376.9,265.4,fixation
14:37:49.3365,378.7,262.8,fixation
14:37:49.337,379.7,266.8,fixation
14:37:49.3375,380.8,268.1,fixation
14:37:49.338,380.8,265.4,fixation
14:37:49.3385,381.2,262.7,fixation
14:37:49.3390,381.3,264.6,fixation
14:37:49.3395,381.1,268.3,fixation
14:37:49.34,380.3,272.0,fixation
14:37:49.3405,380.1,269.5,fixation
14:37:49.341,379.6,265.2,fixation
14:37:49.3415,379.3,259.1,fixation
14:37:49.3420,378.7,257.2,fixation
14:37:49.3425,377.1,263.4,fixation
14:37:49.343,375.6,271.4,fixation
14:37:49.3435,374.4,278.0,fixation
14:37:49.344,374.8,276.6,fixation
14:37:49.3445,375.4,274.9,fixation
14:37:49.345,375.7,274.7,fixation
14:37:49.3455,374.9,274.4,fixation
14:37:49.3460,374.6,269.9,fixation
14:37:49.3465,376.6,265.7,fixation
14:37:49.347,378.9,266.5,fixation
14:37:49.3475,380.6,271.5,fixation
14:37:49.348,380.0,276.3,fixation
14:37:49.3485,380.2,274.9,fixation
14:37:49.3490,380.0,272.1,fixation
14:37:49.3495,380.6,269.4,fixation
14:37:49.35,381.0,268.0,fixation
14:37:49.3505,379.9,267.9,fixation
14:37:49.351,378.1,267.7,fixation
14:37:49.3515,375.5,275.2,fixation
14:37:49.3520,375.2,283.0,fixation
14:37:49.3525,377.1,289.3,fixation
14:37:49.353,379.7,287.9,fixation
14:37:49.3535,380.6,287.1,fixation
14:37:49.354,379.4,287.7,fixation
14:37:49.3545,378.2,288.4,fixation
14:37:49.3550,380.0,292.0,fixation
14:37:49.3555,381.8,295.6,fixation
14:37:49.356,383.3,301.0,fixation
14:37:49.3565,382.1,302.6,fixation
14:37:49.357,381.3,301.5,fixation
14:37:49.3575,382.1,300.6,fixation
14:37:49.3580,383.8,299.9,fixation
14:37:49.3585,385.4,297.1,fixation
14:37:49.359,385.2,292.5,fixation
14:37:49.3595,382.5,287.5,fixation
14:37:49.36,378.4,294.2,fixation
14:37:49.3605,375.8,301.0,fixation
14:37:49.3610,375.9,303.5,fixation
14:37:49.3615,377.8,294.3,fixation
14:37:49.362,377.2,284.9,fixation
14:37:49.3625,375.3,280.4,fixation
14:37:49.363,372.8,280.6,fixation
14:37:49.3635,375.3,281.4,fixation
14:37:49.3640,378.2,288.8,fixation
14:37:49.3645,381.3,294.2,fixation
14:37:49.365,379.2,297.6,fixation
14:37:49.3655,378.0,293.9,fixation
14:37:49.366,376.9,291.0,fixation
14:37:49.3665,377.2,290.0,fixation
14:37:49.3670,377.5,289.1,fixation
14:37:49.3675,377.1,292.8,fixation
14:37:49.368,376.9,296.3,fixation
14:37:49.3685,376.4,301.9,fixation
14:37:49.369,378.2,304.7,fixation
14:37:49.3695,379.9,308.0,fixation
14:37:49.3700,381.6,306.9,fixation
14:37:49.3705,381.2,302.7,fixation
14:37:49.371,382.1,289.7,fixation
14:37:49.3715,384.7,279.1,fixation
14:37:49.372,387.2,273.5,fixation
14:37:49.3725,383.5,278.3,fixation
14:37:49.3730,378.5,283.5,fixation
14:37:49.3735,374.1,286.6,fixation
14:37:49.374,376.0,288.0,fixation
14:37:49.3745,378.8,290.1,fixation
14:37:49.375,381.3,292.3,fixation
14:37:49.3755,382.3,294.2,fixation
14:37:49.3760,379.5,294.7,fixation
14:37:49.3765,376.7,294.5,fixation
14:37:49.377,374.3,292.2,fixation
14:37:49.3775,374.7,290.2,fixation
14:37:49.378,377.1,295.2,fixation
14:37:49.3785,378.6,300.8,fixation
14:37:49.3790,379.4,305.0,fixation
14:37:49.3795,377.8,303.3,fixation
14:37:49.38,376.2,302.9,fixation
14:37:49.3805,375.3,303.7,fixation
14:37:49.381,374.8,303.4,fixation
14:37:49.3815,375.3,303.6,fixation
14:37:49.3820,375.7,303.9,fixation
14:37:49.3825,375.8,304.6,fixation
14:37:49.383,375.8,304.9,fixation
14:37:49.3835,375.7,305.2,fixation
14:37:49.384,376.5,305.4,fixation
14:37:49.3845,377.8,304.2,fixation
14:37:49.3850,379.3,301.9,fixation
14:37:49.3855,381.2,300.1,fixation
14:37:49.386,382.6,299.6,fixation
14:37:49.3865,383.8,300.2,fixation
14:37:49.387,383.7,300.2,fixation
14:37:49.3875,384.7,302.8,fixation
14:37:49.3880,385.7,305.3,fixation
14:37:49.3885,385.4,300.0,fixation
14:37:49.389,383.6,292.9,fixation
14:37:49.3895,381.8,286.4,fixation
14:37:49.39,380.9,284.5,fixation
14:37:49.3905,379.7,281.9,fixation
14:37:49.3910,378.1,288.2,fixation
14:37:49.3915,377.5,297.9,fixation
14:37:49.392,378.0,306.5,fixation
14:37:49.3925,378.6,305.9,fixation
14:37:49.393,378.5,305.3,fixation
14:37:49.3935,377.6,300.7,fixation
14:37:49.3940,377.1,295.4,fixation
14:37:49.3945,375.7,288.4,fixation
14:37:49.395,374.9,286.0,fixation
14:37:49.3955,375.5,284.1,fixation
14:37:49.396,375.7,286.7,fixation
14:37:49.3965,375.5,292.7,fixation
14:37:49.3970,374.1,296.8,fixation
14:37:49.3975,374.1,296.3,fixation
14:37:49.398,374.8,292.1,fixation
14:37:49.3985,375.5,289.6,fixation
14:37:49.399,376.0,288.5,fixation
14:37:49.3995,377.9,288.4,fixation
14:37:49.4000,379.6,288.5,fixation
14:37:49.4005,381.7,289.4,fixation
14:37:49.401,382.0,290.0,fixation
14:37:49.4015,382.9,289.6,fixation
14:37:49.402,383.7,288.8,fixation
14:37:49.4025,384.2,290.0,fixation
14:37:49.4030,381.0,291.6,fixation
14:37:49.4035,377.3,293.4,fixation
14:37:49.404,374.0,293.3,fixation
14:37:49.4045,376.2,293.7,fixation
14:37:49.405,377.1,293.1,fixation
14:37:49.4055,378.3,291.8,fixation
14:37:49.4060,377.2,290.1,fixation
14:37:49.4065,377.6,289.3,fixation
14:37:49.4070,377.8,291.3,fixation
14:37:49.4075,378.3,293.5,fixation
14:37:49.408,378.9,295.6,fixation
14:37:49.4085,375.1,299.1,fixation
14:37:49.409,370.7,302.5,fixation
14:37:49.4095,369.8,306.2,fixation
