TimeStamp,X,Y,Event
14:13:39.4836,341.5,208.4,fixation
14:13:39.4841,341.4,207.9,fixation
14:13:39.4846,341.4,207.6,fixation
14:13:39.4851,341.7,207.6,fixation
14:13:39.4856,342.1,208.9,fixation
14:13:39.4861,342.8,210.0,fixation
14:13:39.4866,343.2,210.0,fixation
14:13:39.4871,343.4,209.8,fixation
14:13:39.4876,343.8,209.7,fixation
14:13:39.4881,344.2,210.6,fixation
14:13:39.4886,344.6,210.8,fixation
14:13:39.4891,345.2,211.2,fixation
14:13:39.4896,345.8,211.5,fixation
14:13:39.4901,344.5,212.0,fixation
14:13:39.4906,342.6,212.3,fixation
14:13:39.4911,343.0,211.4,fixation
14:13:39.4916,345.3,209.5,fixation
14:13:39.4921,346.4,207.0,fixation
14:13:39.4926,345.2,205.7,fixation
14:13:39.4931,343.9,205.1,fixation
14:13:39.4936,343.7,204.9,fixation
14:13:39.4941,343.5,204.7,fixation
14:13:39.4946,343.8,204.9,fixation
14:13:39.4951,343.9,206.5,fixation
14:13:39.4956,343.9,208.1,fixation
14:13:39.4961,343.7,208.7,fixation
14:13:39.4966,343.6,208.3,fixation
14:13:39.4971,343.6,208.2,fixation
14:13:39.4976,343.5,208.8,fixation
14:13:39.4981,343.9,209.1,fixation
14:13:39.4986,344.5,207.9,fixation
14:13:39.4991,345.2,206.5,fixation
14:13:39.4996,345.3,205.1,fixation
14:13:39.5001,345.0,205.1,fixation
14:13:39.5006,344.4,205.2,fixation
14:13:39.5011,343.5,205.5,fixation
14:13:39.5016,343.0,205.6,fixation
14:13:39.5021,343.0,206.4,fixation
14:13:39.5026,343.1,207.2,fixation
14:13:39.5031,343.5,206.9,fixation
14:13:39.5036,343.7,205.7,fixation
14:13:39.5041,343.2,204.8,fixation
14:13:39.5046,342.6,205.3,fixation
14:13:39.5051,341.9,205.7,fixation
14:13:39.5056,342.3,205.8,fixation
14:13:39.5061,342.9,205.8,fixation
14:13:39.5066,343.6,205.3,fixation
14:13:39.5071,343.9,204.7,fixation
14:13:39.5076,343.7,203.8,fixation
14:13:39.5081,343.0,203.5,fixation
14:13:39.5086,342.6,204.4,fixation
14:13:39.5091,342.5,205.4,fixation
14:13:39.5096,342.9,206.5,fixation
14:13:39.5101,343.0,207.1,fixation
14:13:39.5106,342.9,208.0,fixation
14:13:39.5111,342.7,208.9,fixation
14:13:39.5116,342.7,208.0,fixation
14:13:39.5121,342.7,206.5,fixation
14:13:39.5126,342.3,205.7,fixation
14:13:39.5131,341.0,205.9,fixation
14:13:39.5136,339.7,205.0,fixation
14:13:39.5141,340.1,203.4,fixation
14:13:39.5146,341.3,202.4,fixation
14:13:39.5151,343.1,204.5,fixation
14:13:39.5156,343.6,206.5,fixation
14:13:39.5161,344.1,208.0,fixation
14:13:39.5166,343.9,208.0,fixation
14:13:39.5171,344.3,208.0,fixation
14:13:39.5176,344.6,207.8,fixation
14:13:39.5181,344.8,207.7,fixation
14:13:39.5186,344.4,208.2,fixation
14:13:39.5191,344.1,208.9,fixation
14:13:39.5196,343.9,209.7,fixation
14:13:39.5201,343.8,209.8,fixation
14:13:39.5206,343.4,209.5,fixation
14:13:39.5211,343.0,209.0,fixation
14:13:39.5216,342.1,208.7,fixation
14:13:39.5221,341.4,209.2,fixation
14:13:39.5226,340.8,210.6,fixation
14:13:39.5231,340.9,211.9,fixation
14:13:39.5236,339.0,211.9,fixation
14:13:39.5241,337.1,210.1,fixation
14:13:39.5246,337.3,208.4,fixation
14:13:39.5251,339.5,207.7,fixation
14:13:39.5256,341.3,208.0,fixation
14:13:39.5261,341.1,208.2,fixation
14:13:39.5266,340.8,209.4,fixation
14:13:39.5271,340.8,210.1,fixation
14:13:39.5276,340.8,210.7,fixation
14:13:39.5281,340.7,210.5,fixation
14:13:39.5286,341.4,210.6,fixation
14:13:39.5291,342.3,211.9,fixation
14:13:39.5296,343.1,213.2,fixation
14:13:39.5301,343.0,212.6,fixation
14:13:39.5306,343.1,211.0,fixation
14:13:39.5311,343.7,209.4,fixation
14:13:39.5316,344.9,208.7,fixation
14:13:39.5321,345.8,208.0,fixation
14:13:39.5326,346.2,208.9,fixation
14:13:39.5331,345.9,210.5,fixation
14:13:39.5336,345.6,212.6,fixation
14:13:39.5341,345.5,213.0,fixation
14:13:39.5346,345.4,212.8,fixation
14:13:39.5351,344.9,212.1,fixation
14:13:39.5356,344.1,211.4,fixation
14:13:39.5361,343.1,211.4,fixation
14:13:39.5366,342.7,210.2,fixation
14:13:39.5371,342.4,209.0,fixation
14:13:39.5376,342.4,207.8,fixation
14:13:39.5381,342.4,207.6,fixation
14:13:39.5386,342.4,208.5,fixation
14:13:39.5391,340.6,209.6,fixation
14:13:39.5396,338.8,210.7,fixation
14:13:39.5401,337.7,210.5,fixation
14:13:39.5406,338.3,210.0,fixation
14:13:39.5411,337.9,209.4,fixation
14:13:39.5416,336.8,208.3,fixation
14:13:39.5421,336.8,207.5,fixation
14:13:39.5426,337.9,207.2,fixation
14:13:39.5431,338.9,207.7,fixation
14:13:39.5436,339.9,208.2,fixation
14:13:39.5441,341.0,206.8,fixation
14:13:39.5446,342.4,205.4,fixation
14:13:39.5451,342.7,204.0,fixation
14:13:39.5456,342.8,204.0,fixation
14:13:39.5461,342.1,204.6,fixation
14:13:39.5466,341.2,205.2,fixation
14:13:39.5471,340.7,206.1,fixation
14:13:39.5476,340.5,206.3,fixation
14:13:39.5481,340.8,206.6,fixation
14:13:39.5486,340.8,207.0,fixation
14:13:39.5491,340.9,207.4,fixation
14:13:39.5496,341.0,207.7,fixation
14:13:39.5501,341.1,208.0,fixation
14:13:39.5506,341.3,208.4,fixation
14:13:39.5511,342.2,209.1,fixation
14:13:39.5516,343.0,209.7,fixation
14:13:39.5521,342.8,210.1,fixation
14:13:39.5526,341.8,209.7,fixation
14:13:39.5531,340.9,208.9,fixation
14:13:39.5536,340.6,208.2,fixation
14:13:39.5541,340.5,208.2,fixation
14:13:39.5546,340.3,208.6,fixation
14:13:39.5551,340.1,208.8,fixation
14:13:39.5556,340.1,207.5,fixation
14:13:39.5561,340.1,206.3,fixation
14:13:39.5566,340.2,205.3,fixation
14:13:39.5571,340.3,205.7,fixation
14:13:39.5576,340.5,206.2,fixation
14:13:39.5581,340.6,206.7,fixation
14:13:39.5586,340.6,206.7,fixation
14:13:39.5591,342.3,207.3,fixation
14:13:39.5596,343.9,208.2,fixation
14:13:39.5601,344.1,209.0,fixation
14:13:39.5606,342.6,209.2,fixation
14:13:39.5611,341.2,209.0,fixation
14:13:39.5616,342.8,210.3,fixation
14:13:39.5621,344.5,211.7,fixation
14:13:39.5626,343.4,212.7,fixation
14:13:39.5631,340.8,211.9,fixation
14:13:39.5636,339.4,210.9,fixation
14:13:39.5641,340.7,210.3,fixation
14:13:39.5646,341.9,209.9,fixation
14:13:39.5651,341.6,210.1,fixation
14:13:39.5656,340.6,210.4,fixation
14:13:39.5661,339.8,210.6,fixation
14:13:39.5666,339.3,210.3,fixation
14:13:39.5671,340.2,210.2,fixation
14:13:39.5676,341.2,210.3,fixation
14:13:39.5681,341.4,209.7,fixation
14:13:39.5686,340.8,208.9,fixation
14:13:39.5691,340.1,208.0,fixation
14:13:39.5696,339.6,207.9,fixation
14:13:39.5701,339.5,208.1,fixation
14:13:39.5706,339.5,209.0,fixation
14:13:39.5711,339.6,209.9,fixation
14:13:39.5716,339.7,209.6,fixation
14:13:39.5721,340.0,208.6,fixation
14:13:39.5726,340.4,208.0,fixation
14:13:39.5731,340.7,208.7,fixation
14:13:39.5736,340.6,209.3,fixation
14:13:39.5741,340.7,209.7,fixation
14:13:39.5746,340.9,209.7,fixation
14:13:39.5751,341.5,209.9,fixation
14:13:39.5756,341.6,210.8,fixation
14:13:39.5761,341.6,212.4,fixation
14:13:39.5766,340.7,213.9,fixation
14:13:39.5771,340.2,214.1,fixation
14:13:39.5776,340.1,213.2,fixation
14:13:39.5781,341.2,212.8,fixation
14:13:39.5786,342.7,212.9,fixation
14:13:39.5791,344.0,213.1,fixation
14:13:39.5796,344.8,212.7,fixation
14:13:39.5801,344.8,212.7,fixation
14:13:39.5806,343.6,213.1,fixation
14:13:39.5811,342.3,213.6,fixation
14:13:39.5816,341.1,212.3,fixation
14:13:39.5821,341.2,210.8,fixation
14:13:39.5826,341.5,209.1,fixation
14:13:39.5831,341.6,208.7,fixation
14:13:39.5836,340.8,207.6,fixation
14:13:39.5841,340.0,206.6,fixation
14:13:39.5846,339.2,206.1,fixation
14:13:39.5851,339.2,206.9,fixation
14:13:39.5856,339.2,209.0,fixation
14:13:39.5861,339.2,211.8,fixation
14:13:39.5866,338.4,214.1,fixation
14:13:39.5871,337.5,215.5,fixation
14:13:39.5876,337.1,216.1,fixation
14:13:39.5881,337.7,216.8,fixation
14:13:39.5886,338.5,214.6,fixation
14:13:39.5891,338.7,212.8,fixation
14:13:39.5896,338.7,210.9,fixation
14:13:39.5901,338.5,211.5,fixation
14:13:39.5906,339.0,211.3,fixation
14:13:39.5911,339.9,210.9,fixation
14:13:39.5916,340.8,210.4,fixation
14:13:39.5921,339.8,209.0,fixation
14:13:39.5926,338.4,207.9,fixation
14:13:39.5931,337.3,207.2,fixation
14:13:39.5936,338.3,207.5,fixation
14:13:39.5941,339.1,207.7,fixation
14:13:39.5946,339.5,207.6,fixation
14:13:39.5951,340.8,208.2,fixation
14:13:39.5956,342.2,208.6,fixation
14:13:39.5961,343.6,209.1,fixation
14:13:39.5966,344.6,209.3,fixation
14:13:39.5971,345.6,209.7,fixation
14:13:39.5976,344.3,210.0,fixation
14:13:39.5981,340.6,209.8,fixation
14:13:39.5986,336.9,209.5,fixation
14:13:39.5991,335.5,209.3,fixation
14:13:39.5996,335.5,209.3,fixation
14:13:39.6001,336.0,209.0,fixation
14:13:39.6006,337.7,208.9,fixation
14:13:39.6011,339.4,209.0,fixation
14:13:39.6016,340.4,209.6,fixation
14:13:39.6021,340.2,210.2,fixation
14:13:39.6026,340.1,210.8,fixation
14:13:39.6031,339.0,211.0,fixation
14:13:39.6036,337.9,210.5,fixation
14:13:39.6041,337.8,209.6,fixation
14:13:39.6046,338.5,211.4,fixation
14:13:39.6051,338.9,214.0,fixation
14:13:39.6056,338.5,215.0,fixation
14:13:39.6061,339.3,213.5,fixation
14:13:39.6066,340.4,212.4,fixation
14:13:39.6071,341.1,212.5,fixation
14:13:39.6076,340.2,212.3,fixation
14:13:39.6081,339.4,211.2,fixation
14:13:39.6086,339.7,210.5,fixation
14:13:39.6091,340.5,210.3,fixation
14:13:39.6096,341.3,210.2,fixation
14:13:39.6101,340.5,209.7,fixation
14:13:39.6106,339.8,209.0,fixation
14:13:39.6111,338.4,208.6,fixation
14:13:39.6116,337.9,208.6,fixation
14:13:39.6121,338.2,208.6,fixation
14:13:39.6126,339.0,208.6,fixation
14:13:39.6131,339.1,208.6,fixation
14:13:39.6136,337.1,209.0,fixation
14:13:39.6141,335.1,209.5,fixation
14:13:39.6146,334.7,210.6,fixation
14:13:39.6151,335.7,211.5,fixation
14:13:39.6156,336.7,212.3,fixation
14:13:39.6161,336.8,212.6,fixation
14:13:39.6166,337.9,212.8,fixation
14:13:39.6171,338.9,212.9,fixation
14:13:39.6176,339.8,212.8,fixation
14:13:39.6181,340.1,212.9,fixation
14:13:39.6186,340.5,213.2,fixation
14:13:39.6191,339.4,213.5,fixation
14:13:39.6196,337.8,213.4,fixation
14:13:39.6201,336.4,211.0,fixation
14:13:39.6206,336.8,208.7,fixation
14:13:39.6211,337.2,207.5,fixation
14:13:39.6216,338.0,211.1,fixation
14:13:39.6221,338.5,214.7,fixation
14:13:39.6226,339.1,215.8,fixation
14:13:39.6231,339.3,214.5,fixation
14:13:39.6236,339.6,213.2,fixation
14:13:39.6241,339.2,213.9,fixation
14:13:39.6246,338.8,214.7,fixation
14:13:39.6251,338.6,215.7,fixation
14:13:39.6256,339.5,216.1,fixation
14:13:39.6261,340.1,215.6,fixation
14:13:39.6266,340.2,213.7,fixation
14:13:39.6271,340.2,211.8,fixation
14:13:39.6276,340.1,211.4,fixation
14:13:39.6281,340.5,212.0,fixation
14:13:39.6286,340.9,212.6,fixation
14:13:39.6291,341.8,212.6,fixation
14:13:39.6296,342.7,212.7,fixation
14:13:39.6301,343.3,212.7,fixation
14:13:39.6306,341.8,212.0,fixation
14:13:39.6311,340.4,211.3,fixation
14:13:39.6316,339.0,210.3,fixation
14:13:39.6321,338.3,210.1,fixation
14:13:39.6326,337.4,209.9,fixation
14:13:39.6331,336.4,210.4,fixation
14:13:39.6336,336.8,211.7,fixation
14:13:39.6341,337.7,213.0,fixation
14:13:39.6346,338.9,213.9,fixation
14:13:39.6351,339.6,214.1,fixation
14:13:39.6356,339.9,214.3,fixation
14:13:39.6361,339.9,214.4,fixation
14:13:39.6366,340.1,214.2,fixation
14:13:39.6371,340.2,214.0,fixation
14:13:39.6376,340.4,213.7,fixation
14:13:39.6381,340.9,213.7,fixation
14:13:39.6386,341.6,213.8,fixation
14:13:39.6391,342.3,215.4,fixation
14:13:39.6396,342.4,217.0,fixation
14:13:39.6401,342.5,216.9,fixation
14:13:39.6406,342.7,215.1,fixation
14:13:39.6411,342.7,213.2,fixation
14:13:39.6416,342.3,213.0,fixation
14:13:39.6421,341.0,212.7,fixation
14:13:39.6426,339.9,212.4,fixation
14:13:39.6431,339.5,213.6,fixation
14:13:39.6436,340.0,215.0,fixation
14:13:39.6441,340.5,215.3,fixation
14:13:39.6446,340.6,214.3,fixation
14:13:39.6451,340.5,212.9,fixation
14:13:39.6456,340.5,212.5,fixation
14:13:39.6461,340.6,212.1,fixation
14:13:39.6466,341.7,212.2,fixation
14:13:39.6471,342.3,213.1,fixation
14:13:39.6476,343.0,214.0,fixation
14:13:39.6481,342.7,215.0,fixation
14:13:39.6486,343.3,215.3,fixation
14:13:39.6491,343.7,215.6,fixation
14:13:39.6496,342.7,216.3,fixation
14:13:39.6501,341.4,217.3,fixation
14:13:39.6506,339.6,218.3,fixation
14:13:39.6511,339.1,218.7,fixation
14:13:39.6516,339.2,218.4,fixation
14:13:39.6521,341.9,217.8,saccade
14:13:39.6526,342.5,217.7,saccade
14:13:39.6531,342.1,217.6,saccade
14:13:39.6536,342.8,217.5,saccade
14:13:39.6541,344.2,217.2,saccade
14:13:39.6546,345.5,216.7,saccade
14:13:39.6551,345.8,215.7,saccade
14:13:39.6556,345.6,214.9,saccade
14:13:39.6561,345.3,214.2,saccade
14:13:39.6566,345.2,214.2,saccade
14:13:39.6571,345.1,214.1,saccade
14:13:39.6576,345.1,214.0,saccade
14:13:39.6581,345.5,214.1,saccade
14:13:39.6586,348.5,214.4,saccade
14:13:39.6591,351.4,215.0,saccade
14:13:39.6596,354.0,215.5,saccade
14:13:39.6601,356.5,215.0,saccade
14:13:39.6606,358.7,214.2,saccade
14:13:39.6611,361.0,213.8,saccade
14:13:39.6616,364.3,214.2,saccade
14:13:39.6621,367.9,214.7,saccade
14:13:39.6626,375.1,215.2,saccade
14:13:39.6631,379.3,215.5,saccade
14:13:39.6636,385.0,215.1,saccade
14:13:39.6641,387.6,214.7,saccade
14:13:39.6646,392.1,214.7,saccade
14:13:39.6651,397.0,215.5,saccade
14:13:39.6656,404.1,216.1,saccade
14:13:39.6661,409.0,216.4,saccade
14:13:39.6666,412.7,216.7,saccade
14:13:39.6671,416.9,217.1,saccade
14:13:39.6676,421.6,217.5,saccade
14:13:39.6681,426.1,217.8,saccade
14:13:39.6686,429.4,217.8,saccade
14:13:39.6691,434.5,218.2,saccade
14:13:39.6696,439.0,218.6,saccade
14:13:39.6701,442.3,219.0,saccade
14:13:39.6706,443.5,219.0,saccade
14:13:39.6711,446.3,219.1,saccade
14:13:39.6716,448.5,219.1,saccade
14:13:39.6721,450.4,219.3,saccade
14:13:39.6726,451.0,219.4,saccade
14:13:39.6731,451.8,218.7,saccade
14:13:39.6736,453.0,216.0,saccade
14:13:39.6741,454.3,213.4,saccade
14:13:39.6746,456.9,211.7,saccade
14:13:39.6751,458.9,211.9,saccade
14:13:39.6756,461.0,214.3,saccade
14:13:39.6761,462.0,216.5,saccade
14:13:39.6766,464.1,218.3,saccade
14:13:39.6771,465.8,217.9,saccade
14:13:39.6776,466.9,217.2,saccade
14:13:39.6781,466.6,217.0,saccade
14:13:39.6786,465.4,215.8,fixation
14:13:39.6791,465.7,214.8,fixation
14:13:39.6796,466.7,213.7,fixation
14:13:39.6801,467.3,213.3,fixation
14:13:39.6806,466.1,212.0,fixation
14:13:39.6811,464.7,211.1,fixation
14:13:39.6816,463.2,210.5,fixation
14:13:39.6821,463.4,209.2,fixation
14:13:39.6826,463.5,207.8,fixation
14:13:39.6831,463.7,206.4,fixation
14:13:39.6836,464.7,208.5,fixation
14:13:39.6841,465.5,210.5,fixation
14:13:39.6846,466.4,210.8,fixation
14:13:39.6851,466.2,209.2,fixation
14:13:39.6856,466.3,206.5,fixation
14:13:39.6861,464.8,205.4,fixation
14:13:39.6866,463.3,204.7,fixation
14:13:39.6871,461.7,205.4,fixation
14:13:39.6876,461.6,208.9,fixation
14:13:39.6881,461.8,212.0,fixation
14:13:39.6886,463.2,213.2,fixation
14:13:39.6891,464.5,211.8,fixation
14:13:39.6896,465.7,210.4,fixation
14:13:39.6901,465.7,210.5,fixation
14:13:39.6906,465.7,210.6,fixation
14:13:39.6911,464.4,210.3,fixation
14:13:39.6916,463.0,209.9,fixation
14:13:39.6921,461.7,209.5,fixation
14:13:39.6926,461.7,209.4,fixation
14:13:39.6931,461.8,209.3,fixation
14:13:39.6936,461.0,210.3,fixation
14:13:39.6941,460.5,211.0,fixation
14:13:39.6946,460.0,211.6,fixation
14:13:39.6951,458.3,210.3,fixation
14:13:39.6956,456.3,209.4,fixation
14:13:39.6961,455.3,209.5,fixation
14:13:39.6966,456.1,210.9,fixation
14:13:39.6971,456.8,212.3,fixation
14:13:39.6976,456.4,212.7,fixation
14:13:39.6981,456.1,213.6,fixation
14:13:39.6986,455.9,214.7,fixation
14:13:39.6991,455.6,215.6,fixation
14:13:39.6996,454.3,215.3,fixation
14:13:39.7001,453.0,215.1,fixation
14:13:39.7006,452.1,215.1,fixation
14:13:39.7011,452.4,215.3,fixation
14:13:39.7016,452.4,215.4,fixation
14:13:39.7021,452.0,215.3,fixation
14:13:39.7026,451.6,215.1,fixation
14:13:39.7031,451.5,214.5,fixation
14:13:39.7036,451.7,213.6,fixation
14:13:39.7041,451.9,212.7,fixation
14:13:39.7046,452.2,213.5,fixation
14:13:39.7051,452.7,215.0,fixation
14:13:39.7056,452.5,216.4,fixation
14:13:39.7061,451.7,215.5,fixation
14:13:39.7066,450.5,214.4,fixation
14:13:39.7071,449.9,214.3,fixation
14:13:39.7076,449.9,215.7,fixation
14:13:39.7081,449.9,217.2,fixation
14:13:39.7086,449.8,216.0,fixation
14:13:39.7091,449.8,214.3,fixation
14:13:39.7096,449.9,212.2,fixation
14:13:39.7101,450.1,211.8,fixation
14:13:39.7106,449.9,213.8,fixation
14:13:39.7111,449.2,216.3,fixation
14:13:39.7116,448.6,218.7,fixation
14:13:39.7121,448.3,218.7,fixation
14:13:39.7126,448.6,217.2,fixation
14:13:39.7131,448.9,215.7,fixation
14:13:39.7136,448.8,214.5,fixation
14:13:39.7141,448.5,215.1,fixation
14:13:39.7146,450.7,215.9,fixation
14:13:39.7151,453.3,216.4,fixation
14:13:39.7156,453.5,216.5,fixation
14:13:39.7161,451.2,216.6,fixation
14:13:39.7166,449.7,216.6,fixation
14:13:39.7171,450.6,215.4,fixation
14:13:39.7176,453.0,214.2,fixation
14:13:39.7181,454.1,214.8,fixation
14:13:39.7186,454.9,216.9,fixation
14:13:39.7191,454.3,218.2,fixation
14:13:39.7196,454.4,217.6,fixation
14:13:39.7201,454.8,217.0,fixation
14:13:39.7206,455.0,217.0,fixation
14:13:39.7211,454.8,216.1,fixation
14:13:39.7216,454.4,214.4,fixation
14:13:39.7221,454.2,212.7,fixation
14:13:39.7226,454.1,213.0,fixation
14:13:39.7231,454.2,214.1,fixation
14:13:39.7236,453.2,215.3,fixation
14:13:39.7241,452.2,215.7,fixation
14:13:39.7246,451.8,216.1,fixation
14:13:39.7251,452.3,216.2,fixation
14:13:39.7256,452.8,215.1,fixation
14:13:39.7261,452.9,214.0,fixation
14:13:39.7266,452.2,213.0,fixation
14:13:39.7271,451.6,213.4,fixation
14:13:39.7276,451.1,215.4,fixation
14:13:39.7281,451.3,217.4,fixation
14:13:39.7286,451.3,218.4,fixation
14:13:39.7291,451.2,218.0,fixation
14:13:39.7296,450.6,217.6,fixation
14:13:39.7301,449.9,217.9,fixation
14:13:39.7306,449.4,218.0,fixation
14:13:39.7311,449.3,218.0,fixation
14:13:39.7316,449.6,218.1,fixation
14:13:39.7321,450.4,218.0,fixation
14:13:39.7326,451.0,217.9,fixation
14:13:39.7331,450.8,217.6,fixation
14:13:39.7336,450.0,217.4,fixation
14:13:39.7341,449.0,217.3,fixation
14:13:39.7346,448.8,217.1,fixation
14:13:39.7351,448.5,217.0,fixation
14:13:39.7356,448.5,216.8,fixation
14:13:39.7361,448.8,216.4,fixation
14:13:39.7366,449.4,215.7,fixation
14:13:39.7371,450.4,214.9,fixation
14:13:39.7376,451.1,215.2,fixation
14:13:39.7381,451.4,215.9,fixation
14:13:39.7386,451.3,216.3,fixation
14:13:39.7391,451.5,214.9,fixation
14:13:39.7396,451.7,213.5,fixation
14:13:39.7401,452.1,212.3,fixation
14:13:39.7406,452.3,212.7,fixation
14:13:39.7411,452.4,213.4,fixation
14:13:39.7416,452.2,214.0,fixation
14:13:39.7421,451.9,214.3,fixation
14:13:39.7426,451.8,214.4,fixation
14:13:39.7431,451.8,214.8,fixation
14:13:39.7436,451.1,214.8,fixation
14:13:39.7441,449.9,214.5,fixation
14:13:39.7446,448.7,213.9,fixation
14:13:39.7451,448.6,213.8,fixation
14:13:39.7456,448.2,214.1,fixation
14:13:39.7461,447.8,215.0,fixation
14:13:39.7466,447.0,215.9,fixation
14:13:39.7471,447.2,216.4,fixation
14:13:39.7476,449.0,216.7,fixation
14:13:39.7481,450.6,217.1,fixation
14:13:39.7486,452.2,217.6,fixation
14:13:39.7491,452.3,217.1,fixation
14:13:39.7496,452.5,216.2,fixation
14:13:39.7501,452.6,215.3,fixation
14:13:39.7506,452.6,214.1,fixation
14:13:39.7511,452.7,213.0,fixation
14:13:39.7516,452.6,213.4,fixation
14:13:39.7521,452.4,214.8,fixation
14:13:39.7526,452.6,215.5,fixation
14:13:39.7531,452.7,215.3,fixation
14:13:39.7536,452.5,215.0,fixation
14:13:39.7541,452.0,215.7,fixation
14:13:39.7546,452.1,216.0,fixation
14:13:39.7551,452.5,215.4,fixation
14:13:39.7556,451.9,213.4,fixation
14:13:39.7561,451.0,211.3,fixation
14:13:39.7566,450.9,211.4,fixation
14:13:39.7571,451.8,212.6,fixation
14:13:39.7576,453.4,214.6,fixation
14:13:39.7581,454.2,215.4,fixation
14:13:39.7586,455.0,216.7,fixation
14:13:39.7591,455.0,217.2,fixation
14:13:39.7596,453.9,217.6,fixation
14:13:39.7601,452.8,217.6,fixation
14:13:39.7606,451.8,217.5,fixation
14:13:39.7611,451.7,217.5,fixation
14:13:39.7616,451.5,217.5,fixation
14:13:39.7621,451.0,216.2,fixation
14:13:39.7626,450.7,215.0,fixation
14:13:39.7631,450.5,214.2,fixation
14:13:39.7636,450.4,215.1,fixation
14:13:39.7641,450.7,215.8,fixation
14:13:39.7646,451.0,215.9,fixation
14:13:39.7651,451.3,215.5,fixation
14:13:39.7656,451.6,215.3,fixation
14:13:39.7661,451.8,215.6,fixation
14:13:39.7666,452.2,216.2,fixation
14:13:39.7671,452.5,216.5,fixation
14:13:39.7676,452.8,216.9,fixation
14:13:39.7681,451.9,217.1,fixation
14:13:39.7686,450.7,217.6,fixation
14:13:39.7691,449.6,217.9,fixation
14:13:39.7696,449.6,218.1,fixation
14:13:39.7701,449.7,217.4,fixation
14:13:39.7706,449.4,216.8,fixation
14:13:39.7711,449.3,216.4,fixation
14:13:39.7716,449.1,216.5,fixation
14:13:39.7721,448.8,216.5,fixation
14:13:39.7726,448.4,215.8,fixation
14:13:39.7731,448.0,215.0,fixation
14:13:39.7736,448.0,214.3,fixation
14:13:39.7741,448.2,214.7,fixation
14:13:39.7746,448.4,215.5,fixation
14:13:39.7751,448.7,216.6,fixation
14:13:39.7756,448.4,216.6,fixation
14:13:39.7761,447.8,216.2,fixation
14:13:39.7766,447.1,215.4,fixation
14:13:39.7771,446.6,215.3,fixation
14:13:39.7776,447.3,215.4,fixation
14:13:39.7781,448.1,215.5,fixation
14:13:39.7786,448.0,215.5,fixation
14:13:39.7791,446.6,215.4,fixation
14:13:39.7796,445.1,215.0,fixation
14:13:39.7801,444.4,214.7,fixation
14:13:39.7806,444.3,214.6,fixation
14:13:39.7811,444.4,215.0,fixation
14:13:39.7816,444.8,215.5,fixation
14:13:39.7821,445.3,215.7,fixation
14:13:39.7826,445.4,216.0,fixation
14:13:39.7831,445.5,216.5,fixation
14:13:39.7836,445.4,217.0,fixation
14:13:39.7841,445.4,216.0,fixation
14:13:39.7846,445.5,215.1,fixation
14:13:39.7851,445.7,214.6,fixation
14:13:39.7856,445.8,215.6,fixation
14:13:39.7861,446.0,216.6,fixation
14:13:39.7866,445.9,216.6,fixation
14:13:39.7871,445.8,215.9,fixation
14:13:39.7876,445.5,214.9,fixation
14:13:39.7881,445.4,214.5,fixation
14:13:39.7886,445.9,214.8,fixation
14:13:39.7891,446.7,214.7,fixation
14:13:39.7896,447.1,214.5,fixation
14:13:39.7901,446.7,215.1,fixation
14:13:39.7906,447.2,216.4,fixation
14:13:39.7911,448.0,217.7,fixation
14:13:39.7916,448.9,217.9,fixation
14:13:39.7921,449.1,217.6,fixation
14:13:39.7926,449.3,216.9,fixation
14:13:39.7931,449.6,216.6,fixation
14:13:39.7936,449.8,216.6,fixation
14:13:39.7941,449.6,216.0,fixation
14:13:39.7946,449.2,215.1,fixation
14:13:39.7951,448.9,215.5,fixation
14:13:39.7956,449.0,216.8,fixation
14:13:39.7961,449.2,218.2,fixation
14:13:39.7966,449.1,218.8,fixation
14:13:39.7971,448.8,219.3,fixation
14:13:39.7976,448.4,218.7,fixation
14:13:39.7981,448.3,217.5,fixation
14:13:39.7986,448.7,216.7,fixation
14:13:39.7991,449.0,217.4,fixation
14:13:39.7996,448.7,218.1,fixation
14:13:39.8001,447.2,218.3,fixation
14:13:39.8006,445.8,217.7,fixation
14:13:39.8011,446.6,217.2,fixation
14:13:39.8016,448.3,218.0,fixation
14:13:39.8021,449.9,219.3,fixation
14:13:39.8026,449.8,220.2,fixation
14:13:39.8031,449.8,219.9,fixation
14:13:39.8036,449.7,219.5,fixation
14:13:39.8041,449.6,220.1,fixation
14:13:39.8046,449.4,220.8,fixation
14:13:39.8051,449.1,221.6,fixation
14:13:39.8056,448.9,221.8,fixation
14:13:39.8061,448.8,221.9,fixation
14:13:39.8066,448.6,222.0,fixation
14:13:39.8071,447.9,221.7,fixation
14:13:39.8076,446.6,221.4,fixation
14:13:39.8081,445.7,221.2,fixation
14:13:39.8086,445.8,221.2,fixation
14:13:39.8091,446.7,220.5,fixation
14:13:39.8096,447.6,219.5,fixation
14:13:39.8101,447.7,218.2,fixation
14:13:39.8106,449.1,217.8,fixation
14:13:39.8111,450.5,217.3,fixation
14:13:39.8116,450.0,217.0,fixation
14:13:39.8121,448.3,217.1,fixation
14:13:39.8126,446.6,217.7,fixation
14:13:39.8131,446.3,218.4,fixation
14:13:39.8136,446.6,217.4,fixation
14:13:39.8141,447.0,216.1,fixation
14:13:39.8146,447.6,215.2,fixation
14:13:39.8151,447.7,215.4,fixation
14:13:39.8156,447.7,215.6,fixation
14:13:39.8161,448.2,215.6,fixation
14:13:39.8166,448.9,215.7,fixation
14:13:39.8171,449.7,216.0,fixation
14:13:39.8176,448.8,216.3,fixation
14:13:39.8181,447.6,216.4,fixation
14:13:39.8186,446.5,216.6,fixation
14:13:39.8191,446.8,216.7,fixation
14:13:39.8196,448.4,216.8,fixation
14:13:39.8201,449.9,216.8,fixation
14:13:39.8206,451.5,217.4,fixation
14:13:39.8211,451.8,218.5,fixation
14:13:39.8216,452.1,219.6,fixation
14:13:39.8221,451.0,220.0,fixation
14:13:39.8226,450.0,218.7,fixation
14:13:39.8231,449.0,217.7,fixation
14:13:39.8236,449.1,217.0,fixation
14:13:39.8241,449.3,217.6,fixation
14:13:39.8246,449.5,217.7,fixation
14:13:39.8251,448.9,217.4,fixation
14:13:39.8256,448.0,217.4,fixation
14:13:39.8261,447.0,217.8,fixation
14:13:39.8266,446.8,218.5,fixation
14:13:39.8271,448.3,219.6,fixation
14:13:39.8276,449.9,220.4,fixation
14:13:39.8281,451.2,219.6,fixation
14:13:39.8286,450.8,218.2,fixation
14:13:39.8291,450.4,216.9,fixation
14:13:39.8296,450.3,216.8,fixation
14:13:39.8301,451.0,216.5,fixation
14:13:39.8306,451.7,216.8,fixation
14:13:39.8311,452.3,217.6,fixation
14:13:39.8316,451.6,218.4,fixation
14:13:39.8321,450.9,218.4,fixation
14:13:39.8326,449.7,218.6,fixation
14:13:39.8331,449.2,219.2,fixation
14:13:39.8336,449.1,220.9,fixation
14:13:39.8341,449.4,222.4,fixation
14:13:39.8346,449.9,222.6,fixation
14:13:39.8351,450.0,221.7,fixation
14:13:39.8356,449.4,218.7,fixation
14:13:39.8361,448.7,217.1,fixation
14:13:39.8366,448.7,215.9,fixation
14:13:39.8371,449.7,216.8,fixation
14:13:39.8376,450.8,217.7,fixation
14:13:39.8381,451.4,218.0,fixation
14:13:39.8386,451.7,218.3,fixation
14:13:39.8391,451.7,220.0,fixation
14:13:39.8396,452.7,221.9,fixation
14:13:39.8401,453.7,223.0,fixation
14:13:39.8406,454.2,222.1,fixation
14:13:39.8411,453.7,221.2,fixation
14:13:39.8416,453.2,221.2,fixation
14:13:39.8421,452.9,220.6,fixation
14:13:39.8426,452.4,219.4,fixation
14:13:39.8431,451.8,218.5,fixation
14:13:39.8436,451.8,218.7,fixation
14:13:39.8441,452.0,219.7,fixation
14:13:39.8446,452.3,220.4,fixation
14:13:39.8451,451.1,220.8,fixation
14:13:39.8456,449.8,220.9,fixation
14:13:39.8461,448.5,220.0,fixation
14:13:39.8466,448.9,218.7,fixation
14:13:39.8471,449.6,217.4,fixation
14:13:39.8476,450.3,217.1,fixation
14:13:39.8481,450.7,217.2,fixation
14:13:39.8486,450.8,217.9,fixation
14:13:39.8491,450.4,218.5,fixation
14:13:39.8496,450.2,218.2,fixation
14:13:39.8501,450.1,216.4,fixation
14:13:39.8506,451.0,214.8,fixation
14:13:39.8511,451.6,216.1,fixation
14:13:39.8516,452.4,218.3,fixation
14:13:39.8521,452.5,220.5,fixation
14:13:39.8526,452.9,220.7,fixation
14:13:39.8531,453.1,220.8,fixation
14:13:39.8536,453.1,220.9,fixation
14:13:39.8541,453.1,220.9,fixation
14:13:39.8546,453.2,220.9,fixation
14:13:39.8551,453.2,220.8,fixation
14:13:39.8556,453.2,220.0,fixation
14:13:39.8561,453.0,219.2,fixation
14:13:39.8566,452.6,218.4,fixation
14:13:39.8571,452.7,218.4,fixation
14:13:39.8576,452.8,219.9,fixation
14:13:39.8581,453.2,221.3,fixation
14:13:39.8586,453.0,221.5,fixation
14:13:39.8591,453.0,220.4,fixation
14:13:39.8596,453.1,219.4,fixation
14:13:39.8601,453.0,219.5,fixation
14:13:39.8606,451.8,219.1,fixation
14:13:39.8611,450.4,218.9,fixation
14:13:39.8616,449.0,218.5,fixation
14:13:39.8621,448.6,218.6,fixation
14:13:39.8626,448.1,218.5,fixation
14:13:39.8631,447.7,218.8,fixation
14:13:39.8636,447.8,219.0,fixation
14:13:39.8641,448.5,218.8,fixation
14:13:39.8646,449.5,218.0,fixation
14:13:39.8651,450.2,215.8,fixation
14:13:39.8656,450.9,213.8,fixation
14:13:39.8661,451.3,215.5,fixation
14:13:39.8666,451.6,218.8,fixation
14:13:39.8671,450.7,222.1,fixation
14:13:39.8676,448.3,221.9,fixation
14:13:39.8681,445.1,221.6,fixation
14:13:39.8686,442.8,221.3,fixation
14:13:39.8691,443.8,221.3,fixation
14:13:39.8696,447.0,221.2,fixation
14:13:39.8701,450.2,220.6,fixation
14:13:39.8706,450.8,219.8,fixation
14:13:39.8711,450.3,219.7,fixation
14:13:39.8716,449.7,219.9,fixation
14:13:39.8721,449.8,220.2,fixation
14:13:39.8726,449.6,219.9,fixation
14:13:39.8731,449.4,219.9,fixation
14:13:39.8736,449.1,219.9,fixation
14:13:39.8741,449.2,219.6,fixation
14:13:39.8746,449.3,219.1,fixation
14:13:39.8751,449.4,218.6,fixation
14:13:39.8756,448.9,218.4,fixation
14:13:39.8761,448.5,217.7,fixation
14:13:39.8766,449.3,217.0,fixation
14:13:39.8771,450.8,219.2,fixation
14:13:39.8776,452.2,221.9,fixation
14:13:39.8781,451.6,224.0,fixation
14:13:39.8786,450.7,222.8,fixation
14:13:39.8791,449.7,221.0,fixation
14:13:39.8796,449.8,219.9,fixation
14:13:39.8801,449.6,219.3,fixation
14:13:39.8806,449.3,218.5,fixation
14:13:39.8811,449.0,218.6,fixation
14:13:39.8816,449.6,218.7,fixation
14:13:39.8821,450.4,219.0,fixation
14:13:39.8826,451.3,218.5,fixation
14:13:39.8831,450.7,217.8,fixation
14:13:39.8836,449.9,217.8,fixation
14:13:39.8841,449.1,218.1,fixation
14:13:39.8846,448.9,219.3,fixation
14:13:39.8851,450.0,220.5,fixation
14:13:39.8856,451.2,221.6,fixation
14:13:39.8861,452.6,220.7,fixation
14:13:39.8866,452.6,218.5,fixation
14:13:39.8871,452.7,216.2,fixation
14:13:39.8876,452.5,214.8,fixation
14:13:39.8881,452.2,213.9,fixation
14:13:39.8886,451.9,213.3,fixation
14:13:39.8891,451.6,213.8,fixation
14:13:39.8896,451.4,215.0,fixation
14:13:39.8901,451.2,216.6,fixation
14:13:39.8906,451.1,217.5,fixation
14:13:39.8911,449.9,218.9,fixation
14:13:39.8916,448.8,219.7,fixation
14:13:39.8921,447.8,219.0,fixation
14:13:39.8926,449.0,217.9,fixation
14:13:39.8931,450.2,217.5,fixation
14:13:39.8936,451.7,218.7,fixation
14:13:39.8941,452.5,220.0,fixation
14:13:39.8946,453.4,220.6,fixation
14:13:39.8951,452.5,220.5,fixation
14:13:39.8956,451.1,220.2,fixation
14:13:39.8961,450.3,219.9,fixation
14:13:39.8966,450.9,219.8,fixation
14:13:39.8971,449.8,220.2,fixation
14:13:39.8976,448.5,220.6,fixation
14:13:39.8981,447.4,220.6,fixation
14:13:39.8986,448.0,220.3,fixation
14:13:39.8991,447.6,221.0,fixation
14:13:39.8996,446.9,222.4,fixation
14:13:39.9001,446.1,223.8,fixation
14:13:39.9006,446.1,221.9,fixation
14:13:39.9011,445.7,219.6,fixation
14:13:39.9016,445.3,218.2,fixation
14:13:39.9021,444.8,219.1,fixation
14:13:39.9026,444.8,219.9,fixation
14:13:39.9031,445.4,220.0,fixation
14:13:39.9036,446.3,220.1,fixation
14:13:39.9041,447.3,220.5,fixation
14:13:39.9046,447.6,219.1,fixation
14:13:39.9051,447.7,217.5,fixation
14:13:39.9056,447.4,215.9,fixation
14:13:39.9061,447.3,216.7,fixation
14:13:39.9066,448.8,217.6,fixation
14:13:39.9071,450.6,218.6,fixation
14:13:39.9076,452.5,218.8,fixation
14:13:39.9081,452.7,217.7,fixation
14:13:39.9086,452.4,216.5,fixation
14:13:39.9091,452.3,215.6,fixation
14:13:39.9096,452.1,215.9,fixation
14:13:39.9101,452.4,215.6,fixation
14:13:39.9106,452.6,215.0,fixation
14:13:39.9111,452.8,214.5,fixation
14:13:39.9116,452.4,214.7,fixation
14:13:39.9121,451.4,214.7,fixation
14:13:39.9126,450.5,214.7,fixation
14:13:39.9131,450.1,214.6,fixation
14:13:39.9136,450.0,217.1,fixation
14:13:39.9141,449.4,219.5,fixation
14:13:39.9146,448.4,221.5,fixation
14:13:39.9151,447.6,221.0,fixation
14:13:39.9156,447.4,220.1,fixation
14:13:39.9161,447.6,219.6,fixation
14:13:39.9166,447.7,220.0,fixation
14:13:39.9171,447.8,220.9,fixation
14:13:39.9176,447.8,221.8,fixation
14:13:39.9181,447.9,221.2,fixation
14:13:39.9186,447.5,220.0,fixation
14:13:39.9191,447.0,218.8,fixation
14:13:39.9196,448.0,220.5,fixation
14:13:39.9201,449.5,222.7,fixation
14:13:39.9206,449.9,222.7,fixation
14:13:39.9211,448.8,220.5,fixation
14:13:39.9216,447.2,218.3,fixation
14:13:39.9221,446.8,218.1,fixation
14:13:39.9226,446.8,217.9,fixation
14:13:39.9231,447.0,217.7,fixation
14:13:39.9236,447.2,217.9,fixation
14:13:39.9241,448.0,218.3,fixation
14:13:39.9246,449.0,218.7,fixation
14:13:39.9251,450.0,218.9,fixation
14:13:39.9256,450.4,218.7,fixation
14:13:39.9261,450.6,218.4,fixation
14:13:39.9266,450.8,218.1,fixation
14:13:39.9271,450.7,218.0,fixation
14:13:39.9276,450.2,218.3,fixation
14:13:39.9281,449.7,218.6,fixation
14:13:39.9286,449.2,218.7,fixation
14:13:39.9291,449.1,218.5,fixation
14:13:39.9296,449.2,218.3,fixation
14:13:39.9301,449.2,220.1,fixation
14:13:39.9306,449.1,222.4,fixation
14:13:39.9311,449.1,224.7,fixation
14:13:39.9316,449.2,225.7,fixation
14:13:39.9321,448.8,226.1,fixation
14:13:39.9326,448.3,225.9,fixation
14:13:39.9331,449.3,225.3,fixation
14:13:39.9336,450.8,224.7,fixation
14:13:39.9341,452.5,222.9,fixation
14:13:39.9346,453.6,221.1,fixation
14:13:39.9351,454.9,220.5,fixation
14:13:39.9356,456.1,221.8,fixation
14:13:39.9361,456.1,222.9,fixation
14:13:39.9366,455.7,222.7,fixation
14:13:39.9371,454.4,221.6,fixation
14:13:39.9376,453.3,220.7,fixation
14:13:39.9381,452.5,221.4,fixation
14:13:39.9386,452.5,223.0,fixation
14:13:39.9391,452.4,223.6,fixation
14:13:39.9396,452.3,222.3,fixation
14:13:39.9401,451.8,220.7,fixation
14:13:39.9406,451.4,220.2,fixation
14:13:39.9411,451.0,220.1,fixation
14:13:39.9416,451.2,220.4,fixation
14:13:39.9421,451.3,220.6,fixation
14:13:39.9426,451.3,220.5,fixation
14:13:39.9431,451.9,220.5,fixation
14:13:39.9436,452.5,220.5,fixation
14:13:39.9441,453.2,220.6,fixation
14:13:39.9446,451.3,220.5,fixation
14:13:39.9451,449.3,220.6,fixation
14:13:39.9456,449.0,220.5,fixation
14:13:39.9461,450.5,220.6,fixation
14:13:39.9466,451.8,221.2,fixation
14:13:39.9471,451.6,222.1,fixation
14:13:39.9476,451.4,223.1,fixation
14:13:39.9481,451.4,223.5,fixation
14:13:39.9486,451.1,224.5,fixation
14:13:39.9491,450.3,225.2,fixation
14:13:39.9496,449.6,225.8,fixation
14:13:39.9501,449.5,225.6,fixation
14:13:39.9506,449.8,224.8,fixation
14:13:39.9511,449.8,222.8,fixation
14:13:39.9516,449.3,220.9,fixation
14:13:39.9521,448.1,220.3,fixation
14:13:39.9526,447.2,221.0,fixation
14:13:39.9531,446.6,221.7,fixation
14:13:39.9536,447.6,221.5,fixation
14:13:39.9541,448.7,221.2,fixation
14:13:39.9546,449.9,219.3,fixation
14:13:39.9551,448.7,217.6,fixation
14:13:39.9556,447.6,216.1,fixation
14:13:39.9561,446.8,217.7,fixation
14:13:39.9566,447.2,219.7,fixation
14:13:39.9571,448.3,222.5,fixation
14:13:39.9576,448.9,223.7,fixation
14:13:39.9581,449.7,222.6,fixation
14:13:39.9586,449.8,220.8,fixation
14:13:39.9591,451.1,220.0,fixation
14:13:39.9596,452.4,221.2,fixation
14:13:39.9601,453.8,222.0,fixation
14:13:39.9606,452.1,221.7,fixation
14:13:39.9611,450.3,221.3,fixation
14:13:39.9616,448.5,221.2,fixation
14:13:39.9621,448.5,221.6,fixation
14:13:39.9626,448.7,222.3,fixation
14:13:39.9631,450.3,223.1,fixation
14:13:39.9636,451.9,223.4,fixation
14:13:39.9641,451.6,223.4,fixation
14:13:39.9646,449.9,223.5,fixation
14:13:39.9651,449.4,223.7,fixation
14:13:39.9656,451.3,222.5,fixation
14:13:39.9661,452.8,221.0,fixation
14:13:39.9666,452.5,221.4,fixation
14:13:39.9671,451.7,223.3,fixation
14:13:39.9676,451.2,225.1,fixation
14:13:39.9681,451.2,224.8,fixation
14:13:39.9686,452.2,224.5,fixation
14:13:39.9691,453.2,223.9,fixation
14:13:39.9696,452.9,222.8,fixation
14:13:39.9701,451.8,221.0,fixation
14:13:39.9706,450.7,219.6,fixation
14:13:39.9711,450.9,218.8,fixation
14:13:39.9716,450.9,218.9,fixation
14:13:39.9721,450.8,219.0,fixation
14:13:39.9726,450.1,218.3,fixation
14:13:39.9731,448.8,217.0,fixation
14:13:39.9736,447.6,215.1,fixation
14:13:39.9741,448.4,214.1,fixation
14:13:39.9746,449.7,214.6,fixation
14:13:39.9751,451.0,216.4,fixation
14:13:39.9756,450.5,217.9,fixation
14:13:39.9761,450.0,218.6,fixation
14:13:39.9766,450.7,218.8,fixation
14:13:39.9771,451.8,219.5,fixation
14:13:39.9776,452.7,221.7,fixation
14:13:39.9781,452.0,224.7,fixation
14:13:39.9786,451.3,227.4,fixation
14:13:39.9791,450.7,228.7,fixation
14:13:39.9796,450.8,228.8,fixation
14:13:39.9801,450.3,226.8,fixation
14:13:39.9806,449.8,224.7,fixation
14:13:39.9811,449.4,222.9,fixation
14:13:39.9816,449.5,223.7,fixation
14:13:39.9821,449.5,224.5,fixation
14:13:39.9826,449.6,224.8,fixation
14:13:39.9831,449.6,224.5,fixation
14:13:39.9836,449.7,222.9,fixation
14:13:39.9841,449.7,221.3,fixation
14:13:39.9846,449.8,219.9,fixation
14:13:39.9851,451.0,218.6,fixation
14:13:39.9856,452.2,217.2,fixation
14:13:39.9861,452.7,216.6,fixation
14:13:39.9866,451.1,217.3,fixation
14:13:39.9871,449.0,217.9,fixation
14:13:39.9876,447.6,217.6,fixation
14:13:39.9881,448.3,217.5,fixation
14:13:39.9886,449.5,216.3,fixation
14:13:39.9891,450.5,215.2,fixation
14:13:39.9896,450.1,213.5,fixation
14:13:39.9901,449.6,212.9,fixation
14:13:39.9906,449.3,214.7,fixation
14:13:39.9911,449.2,217.0,fixation
14:13:39.9916,449.1,220.6,fixation
14:13:39.9921,449.4,221.9,fixation
14:13:39.9926,450.3,223.1,fixation
14:13:39.9931,451.1,222.1,fixation
14:13:39.9936,451.6,221.7,fixation
14:13:39.9941,451.4,221.1,fixation
14:13:39.9946,450.7,221.5,fixation
14:13:39.9951,449.7,221.4,fixation
14:13:39.9956,449.1,221.7,fixation
14:13:39.9961,449.4,222.5,fixation
14:13:39.9966,450.2,223.1,fixation
14:13:39.9971,450.5,223.6,fixation
14:13:39.9976,450.4,224.0,fixation
14:13:39.9981,450.0,224.7,fixation
14:13:39.9986,449.6,225.1,fixation
14:13:39.9991,449.3,223.8,fixation
14:13:39.9996,449.2,221.6,fixation
14:13:40.0001,449.0,219.3,fixation
14:13:40.0006,448.7,219.3,fixation
14:13:40.0011,448.5,220.1,fixation
14:13:40.0016,449.6,220.5,fixation
14:13:40.0021,450.8,220.3,fixation
14:13:40.0026,451.8,220.0,fixation
14:13:40.0031,451.5,219.6,fixation
14:13:40.0036,451.2,219.2,fixation
14:13:40.0041,451.4,218.3,fixation
14:13:40.0046,451.6,217.9,fixation
14:13:40.0051,451.5,217.6,fixation
14:13:40.0056,451.3,217.7,fixation
14:13:40.0061,451.7,217.8,fixation
14:13:40.0066,452.3,218.8,fixation
14:13:40.0071,452.6,219.9,fixation
14:13:40.0076,452.1,221.3,fixation
14:13:40.0081,451.7,222.9,fixation
14:13:40.0086,451.7,224.4,fixation
14:13:40.0091,451.8,225.0,fixation
14:13:40.0096,451.7,224.2,fixation
14:13:40.0101,451.4,223.4,fixation
14:13:40.0106,451.1,223.0,fixation
14:13:40.0111,450.9,221.7,fixation
14:13:40.0116,450.5,220.4,fixation
14:13:40.0121,450.1,219.8,fixation
14:13:40.0126,450.0,220.9,fixation
14:13:40.0131,450.2,222.1,fixation
14:13:40.0136,450.6,221.7,fixation
14:13:40.0141,450.9,220.8,fixation
14:13:40.0146,450.0,220.1,fixation
14:13:40.0151,448.9,220.9,fixation
14:13:40.0156,448.2,221.8,fixation
14:13:40.0161,448.8,222.2,fixation
14:13:40.0166,449.7,222.0,fixation
14:13:40.0171,449.7,222.9,fixation
14:13:40.0176,449.3,224.1,fixation
14:13:40.0181,449.9,224.2,fixation
14:13:40.0186,451.0,223.2,fixation
14:13:40.0191,452.1,221.9,fixation
14:13:40.0196,452.1,221.8,fixation
14:13:40.0201,451.8,221.6,fixation
14:13:40.0206,451.0,221.2,fixation
14:13:40.0211,450.1,221.2,fixation
14:13:40.0216,451.0,221.4,fixation
14:13:40.0221,452.3,219.7,fixation
14:13:40.0226,450.4,217.4,fixation
14:13:40.0231,447.1,215.1,fixation
14:13:40.0236,445.8,216.3,fixation
14:13:40.0241,447.9,217.8,fixation
14:13:40.0246,449.9,219.1,fixation
14:13:40.0251,449.8,219.2,fixation
14:13:40.0256,449.7,218.3,fixation
14:13:40.0261,450.6,217.5,fixation
14:13:40.0266,451.7,217.7,fixation
14:13:40.0271,452.8,218.3,fixation
14:13:40.0276,451.2,218.1,fixation
14:13:40.0281,449.4,216.8,fixation
14:13:40.0286,448.9,217.5,fixation
14:13:40.0291,450.2,219.0,fixation
14:13:40.0296,451.4,220.8,fixation
14:13:40.0301,451.2,221.1,fixation
14:13:40.0306,450.8,221.4,fixation
14:13:40.0311,450.6,221.7,fixation
14:13:40.0316,450.6,222.5,fixation
14:13:40.0321,450.8,223.3,fixation
14:13:40.0326,451.6,223.8,fixation
14:13:40.0331,452.1,224.9,fixation
14:13:40.0336,452.3,226.1,fixation
14:13:40.0341,452.4,227.1,fixation
14:13:40.0346,452.7,227.0,fixation
14:13:40.0351,453.2,227.2,fixation
14:13:40.0356,453.3,227.8,fixation
14:13:40.0361,453.3,228.5,fixation
14:13:40.0366,453.5,229.2,fixation
14:13:40.0371,453.8,229.3,fixation
14:13:40.0376,452.6,228.9,fixation
14:13:40.0381,451.1,228.4,fixation
14:13:40.0386,450.6,228.2,fixation
14:13:40.0391,451.6,228.2,fixation
14:13:40.0396,452.8,228.7,fixation
14:13:40.0401,452.9,229.1,fixation
14:13:40.0406,451.9,229.8,fixation
14:13:40.0411,450.8,230.4,fixation
14:13:40.0416,449.8,230.9,fixation
14:13:40.0421,450.0,231.2,fixation
14:13:40.0426,450.3,232.5,fixation
14:13:40.0431,450.5,233.8,fixation
14:13:40.0436,450.6,235.1,fixation
14:13:40.0441,450.6,235.0,fixation
14:13:40.0446,450.3,234.7,fixation
14:13:40.0451,450.1,234.5,fixation
14:13:40.0456,449.9,234.0,fixation
14:13:40.0461,449.9,233.7,fixation
14:13:40.0466,449.8,233.5,fixation
14:13:40.0471,449.8,233.5,fixation
14:13:40.0476,450.2,235.0,fixation
14:13:40.0481,450.7,236.4,fixation
14:13:40.0486,451.1,239.2,fixation
14:13:40.0491,451.6,240.6,fixation
14:13:40.0496,452.1,242.9,fixation
14:13:40.0501,452.8,243.9,fixation
14:13:40.0506,451.3,244.9,fixation
14:13:40.0511,449.7,245.8,fixation
14:13:40.0516,448.4,246.8,fixation
14:13:40.0521,448.5,248.3,fixation
14:13:40.0526,448.5,250.2,fixation
14:13:40.0531,448.2,252.1,fixation
14:13:40.0536,447.6,253.6,fixation
14:13:40.0541,447.0,253.6,fixation
14:13:40.0546,446.6,254.1,fixation
14:13:40.0551,446.7,254.8,fixation
14:13:40.0556,446.8,255.6,fixation
14:13:40.0561,446.7,256.1,fixation
14:13:40.0566,446.0,256.2,fixation
14:13:40.0571,444.3,256.4,saccade
14:13:40.0576,444.6,256.3,saccade
14:13:40.0581,445.0,256.3,saccade
14:13:40.0586,445.0,256.5,saccade
14:13:40.0591,444.5,257.0,saccade
14:13:40.0596,444.0,257.4,saccade
14:13:40.0601,443.9,257.5,saccade
14:13:40.0606,443.7,258.0,saccade
14:13:40.0611,443.4,258.7,saccade
14:13:40.0616,443.0,262.0,saccade
14:13:40.0621,442.3,264.6,saccade
14:13:40.0626,441.8,266.1,saccade
14:13:40.0631,441.4,265.0,saccade
14:13:40.0636,442.6,266.5,saccade
14:13:40.0641,444.4,272.1,saccade
14:13:40.0646,446.7,278.0,saccade
14:13:40.0651,448.7,282.4,saccade
14:13:40.0656,451.1,287.5,saccade
14:13:40.0661,453.0,295.6,saccade
14:13:40.0666,456.3,306.5,saccade
14:13:40.0671,458.2,316.2,saccade
14:13:40.0676,466.2,334.3,saccade
14:13:40.0681,477.4,356.3,saccade
14:13:40.0686,492.6,389.5,saccade
14:13:40.0691,502.7,416.4,saccade
14:13:40.0696,516.5,454.4,saccade
14:13:40.0701,526.5,478.7,saccade
14:13:40.0706,535.1,515.5,saccade
14:13:40.0711,533.4,541.4,saccade
14:13:40.0716,531.3,569.8,saccade
14:13:40.0721,521.9,622.3,saccade
14:13:40.0726,512.5,671.3,saccade
14:13:40.0731,504.7,730.2,saccade
14:13:40.0736,504.0,760.6,saccade
14:13:40.0741,507.2,792.8,saccade
14:13:40.0746,508.7,813.8,saccade
14:13:40.0751,.,.,blink
14:13:40.0756,.,.,blink
14:13:40.0761,.,.,blink
14:13:40.0766,.,.,blink
14:13:40.0771,.,.,blink
14:13:40.0776,.,.,blink
14:13:40.0781,.,.,blink
14:13:40.0786,.,.,blink
14:13:40.0791,.,.,blink
14:13:40.0796,.,.,blink
14:13:40.0801,.,.,blink
14:13:40.0806,.,.,blink
14:13:40.0811,.,.,blink
14:13:40.0816,.,.,blink
14:13:40.0821,.,.,blink
14:13:40.0826,.,.,blink
14:13:40.0831,.,.,blink
14:13:40.0836,.,.,blink
14:13:40.0841,.,.,blink
14:13:40.0846,.,.,blink
14:13:40.0851,.,.,blink
14:13:40.0856,.,.,blink
14:13:40.0861,.,.,blink
14:13:40.0866,.,.,blink
14:13:40.0871,.,.,blink
14:13:40.0876,.,.,blink
14:13:40.0881,.,.,blink
14:13:40.0886,.,.,blink
14:13:40.0891,.,.,blink
14:13:40.0896,.,.,blink
14:13:40.0901,.,.,blink
14:13:40.0906,.,.,blink
14:13:40.0911,.,.,blink
14:13:40.0916,.,.,blink
14:13:40.0921,.,.,blink
14:13:40.0926,.,.,blink
14:13:40.0931,.,.,blink
14:13:40.0936,.,.,blink
14:13:40.0941,.,.,blink
14:13:40.0946,.,.,blink
14:13:40.0951,.,.,blink
14:13:40.0956,.,.,blink
14:13:40.0961,.,.,blink
14:13:40.0966,.,.,blink
14:13:40.0971,.,.,blink
14:13:40.0976,.,.,blink
14:13:40.0981,.,.,blink
14:13:40.0986,.,.,blink
14:13:40.0991,.,.,blink
14:13:40.0996,.,.,blink
14:13:40.1001,.,.,blink
14:13:40.1006,.,.,blink
14:13:40.1011,.,.,blink
14:13:40.1016,.,.,blink
14:13:40.1021,.,.,blink
14:13:40.1026,.,.,blink
14:13:40.1031,.,.,blink
14:13:40.1036,.,.,blink
14:13:40.1041,.,.,blink
14:13:40.1046,.,.,blink
14:13:40.1051,.,.,blink
14:13:40.1056,.,.,blink
14:13:40.1061,.,.,blink
14:13:40.1066,.,.,blink
14:13:40.1071,.,.,blink
14:13:40.1076,.,.,blink
14:13:40.1081,.,.,blink
14:13:40.1086,.,.,blink
14:13:40.1091,.,.,blink
14:13:40.1096,.,.,blink
14:13:40.1101,.,.,blink
14:13:40.1106,.,.,blink
14:13:40.1111,.,.,blink
14:13:40.1116,.,.,blink
14:13:40.1121,.,.,blink
14:13:40.1126,.,.,blink
14:13:40.1131,.,.,blink
14:13:40.1136,.,.,blink
14:13:40.1141,.,.,blink
14:13:40.1146,.,.,blink
14:13:40.1151,.,.,blink
14:13:40.1156,.,.,blink
14:13:40.1161,.,.,blink
14:13:40.1166,.,.,blink
14:13:40.1171,.,.,blink
14:13:40.1176,.,.,blink
14:13:40.1181,.,.,blink
14:13:40.1186,.,.,blink
14:13:40.1191,.,.,blink
14:13:40.1196,.,.,blink
14:13:40.1201,.,.,blink
14:13:40.1206,.,.,blink
14:13:40.1211,.,.,blink
14:13:40.1216,.,.,blink
14:13:40.1221,.,.,blink
14:13:40.1226,.,.,blink
14:13:40.1231,.,.,blink
14:13:40.1236,.,.,blink
14:13:40.1241,.,.,blink
14:13:40.1246,.,.,blink
14:13:40.1251,.,.,blink
14:13:40.1256,.,.,blink
14:13:40.1261,.,.,blink
14:13:40.1266,.,.,blink
14:13:40.1271,.,.,blink
14:13:40.1276,.,.,blink
14:13:40.1281,.,.,blink
14:13:40.1286,.,.,blink
14:13:40.1291,.,.,blink
14:13:40.1296,.,.,blink
14:13:40.1301,.,.,blink
14:13:40.1306,.,.,blink
14:13:40.1311,.,.,blink
14:13:40.1316,.,.,blink
14:13:40.1321,.,.,blink
14:13:40.1326,.,.,blink
14:13:40.1331,.,.,blink
14:13:40.1336,.,.,blink
14:13:40.1341,.,.,blink
14:13:40.1346,.,.,blink
14:13:40.1351,.,.,blink
14:13:40.1356,.,.,blink
14:13:40.1361,.,.,blink
14:13:40.1366,.,.,blink
14:13:40.1371,.,.,blink
14:13:40.1376,.,.,blink
14:13:40.1381,.,.,blink
14:13:40.1386,.,.,blink
14:13:40.1391,.,.,blink
14:13:40.1396,.,.,blink
14:13:40.1401,.,.,blink
14:13:40.1406,.,.,blink
14:13:40.1411,.,.,blink
14:13:40.1416,.,.,blink
14:13:40.1421,.,.,blink
14:13:40.1426,.,.,blink
14:13:40.1431,.,.,blink
14:13:40.1436,.,.,blink
14:13:40.1441,.,.,blink
14:13:40.1446,.,.,blink
14:13:40.1451,.,.,blink
14:13:40.1456,.,.,blink
14:13:40.1461,.,.,blink
14:13:40.1466,.,.,blink
14:13:40.1471,.,.,blink
14:13:40.1476,.,.,blink
14:13:40.1481,.,.,blink
14:13:40.1486,.,.,blink
14:13:40.1491,.,.,blink
14:13:40.1496,.,.,blink
14:13:40.1501,.,.,blink
14:13:40.1506,.,.,blink
14:13:40.1511,.,.,blink
14:13:40.1516,.,.,blink
14:13:40.1521,.,.,blink
14:13:40.1526,.,.,blink
14:13:40.1531,.,.,blink
14:13:40.1536,.,.,blink
14:13:40.1541,.,.,blink
14:13:40.1546,.,.,blink
14:13:40.1551,.,.,blink
14:13:40.1556,.,.,blink
14:13:40.1561,.,.,blink
14:13:40.1566,.,.,blink
14:13:40.1571,.,.,blink
14:13:40.1576,.,.,blink
14:13:40.1581,.,.,blink
14:13:40.1586,.,.,blink
14:13:40.1591,.,.,blink
14:13:40.1596,.,.,blink
14:13:40.1601,.,.,blink
14:13:40.1606,.,.,blink
14:13:40.1611,.,.,blink
14:13:40.1616,.,.,blink
14:13:40.1621,.,.,blink
14:13:40.1626,.,.,blink
14:13:40.1631,.,.,blink
14:13:40.1636,.,.,blink
14:13:40.1641,.,.,blink
14:13:40.1646,.,.,blink
14:13:40.1651,.,.,blink
14:13:40.1656,.,.,blink
14:13:40.1661,.,.,blink
14:13:40.1666,.,.,blink
14:13:40.1671,.,.,blink
14:13:40.1676,.,.,blink
14:13:40.1681,.,.,blink
14:13:40.1686,.,.,blink
14:13:40.1691,.,.,blink
14:13:40.1696,.,.,blink
14:13:40.1701,.,.,blink
14:13:40.1706,.,.,blink
14:13:40.1711,.,.,blink
14:13:40.1716,.,.,blink
14:13:40.1721,.,.,blink
14:13:40.1726,.,.,blink
14:13:40.1731,.,.,blink
14:13:40.1736,.,.,blink
14:13:40.1741,.,.,blink
14:13:40.1746,502.6,210.2,fixation
14:13:40.1751,502.6,206.6,fixation
14:13:40.1756,502.3,203.0,fixation
14:13:40.1761,501.2,204.1,fixation
14:13:40.1766,499.6,206.2,fixation
14:13:40.1771,498.4,208.4,fixation
14:13:40.1776,497.7,207.9,fixation
14:13:40.1781,497.8,207.3,fixation
14:13:40.1786,497.5,206.5,fixation
14:13:40.1791,497.1,205.5,fixation
14:13:40.1796,496.8,204.0,fixation
14:13:40.1801,497.0,202.8,fixation
14:13:40.1806,497.2,202.3,fixation
14:13:40.1811,497.2,201.5,fixation
14:13:40.1816,497.3,200.6,fixation
14:13:40.1821,497.4,199.6,fixation
14:13:40.1826,497.4,199.5,fixation
14:13:40.1831,497.4,198.7,fixation
14:13:40.1836,497.4,197.6,fixation
14:13:40.1841,497.7,196.1,fixation
14:13:40.1846,498.1,194.0,fixation
14:13:40.1851,497.2,192.0,fixation
14:13:40.1856,496.2,190.5,fixation
14:13:40.1861,496.0,191.6,fixation
14:13:40.1866,497.1,192.9,fixation
14:13:40.1871,498.0,195.2,fixation
14:13:40.1876,498.4,196.1,fixation
14:13:40.1881,498.6,196.8,fixation
14:13:40.1886,498.6,196.2,fixation
14:13:40.1891,498.4,193.5,fixation
14:13:40.1896,498.5,190.8,fixation
14:13:40.1901,498.3,188.3,fixation
14:13:40.1906,497.9,188.6,fixation
14:13:40.1911,497.4,189.1,fixation
14:13:40.1916,497.4,189.5,fixation
14:13:40.1921,497.5,189.6,fixation
14:13:40.1926,497.4,189.9,fixation
14:13:40.1931,497.3,189.9,fixation
14:13:40.1936,497.6,189.6,fixation
14:13:40.1941,497.5,189.2,fixation
14:13:40.1946,497.4,188.6,fixation
14:13:40.1951,497.0,188.0,fixation
14:13:40.1956,497.2,187.4,fixation
14:13:40.1961,497.4,187.5,fixation
14:13:40.1966,497.6,187.6,fixation
14:13:40.1971,497.8,187.7,fixation
14:13:40.1976,497.2,187.8,fixation
14:13:40.1981,496.4,187.9,fixation
14:13:40.1986,495.7,187.5,fixation
14:13:40.1991,495.9,186.8,fixation
14:13:40.1996,497.2,188.1,fixation
14:13:40.2001,498.3,190.0,fixation
14:13:40.2006,498.7,191.9,fixation
14:13:40.2011,498.1,191.9,fixation
14:13:40.2016,497.7,191.9,fixation
14:13:40.2021,498.0,190.6,fixation
14:13:40.2026,498.1,189.2,fixation
14:13:40.2031,497.5,187.8,fixation
14:13:40.2036,496.9,187.9,fixation
14:13:40.2041,496.4,188.0,fixation
14:13:40.2046,496.4,188.8,fixation
14:13:40.2051,497.1,189.8,fixation
14:13:40.2056,497.7,190.8,fixation
14:13:40.2061,498.2,191.1,fixation
14:13:40.2066,497.9,191.6,fixation
14:13:40.2071,498.5,192.4,fixation
14:13:40.2076,499.2,193.1,fixation
14:13:40.2081,499.1,194.0,fixation
14:13:40.2086,498.1,194.5,fixation
14:13:40.2091,497.1,194.8,fixation
14:13:40.2096,496.4,194.3,fixation
14:13:40.2101,495.9,193.5,fixation
14:13:40.2106,495.4,193.1,fixation
14:13:40.2111,495.3,192.9,fixation
14:13:40.2116,495.0,192.4,fixation
14:13:40.2121,494.7,192.3,fixation
14:13:40.2126,494.4,192.1,fixation
14:13:40.2131,494.2,192.1,fixation
14:13:40.2136,494.1,190.5,fixation
14:13:40.2141,494.1,188.9,fixation
14:13:40.2146,494.0,187.7,fixation
14:13:40.2151,493.9,187.4,fixation
14:13:40.2156,493.6,187.5,fixation
14:13:40.2161,493.3,188.2,fixation
14:13:40.2166,492.9,190.6,fixation
14:13:40.2171,494.1,192.6,fixation
14:13:40.2176,495.6,194.4,fixation
14:13:40.2181,497.2,194.6,fixation
14:13:40.2186,497.3,194.8,fixation
14:13:40.2191,497.3,195.0,fixation
14:13:40.2196,497.3,195.1,fixation
14:13:40.2201,497.2,194.9,fixation
14:13:40.2206,497.2,194.6,fixation
14:13:40.2211,497.4,194.3,fixation
14:13:40.2216,497.6,194.4,fixation
14:13:40.2221,496.7,194.6,fixation
14:13:40.2226,495.5,194.8,fixation
14:13:40.2231,494.4,194.8,fixation
14:13:40.2236,493.8,194.8,fixation
14:13:40.2241,493.3,194.7,fixation
14:13:40.2246,493.3,194.6,fixation
14:13:40.2251,493.7,194.5,fixation
14:13:40.2256,494.1,194.4,fixation
14:13:40.2261,494.0,193.8,fixation
14:13:40.2266,493.8,193.3,fixation
14:13:40.2271,493.7,192.9,fixation
14:13:40.2276,494.0,192.9,fixation
14:13:40.2281,494.4,192.7,fixation
14:13:40.2286,495.3,192.1,fixation
14:13:40.2291,495.6,191.5,fixation
14:13:40.2296,495.5,192.1,fixation
14:13:40.2301,495.0,193.1,fixation
14:13:40.2306,495.2,194.5,fixation
14:13:40.2311,495.8,195.0,fixation
14:13:40.2316,495.5,195.4,fixation
14:13:40.2321,494.0,195.1,fixation
14:13:40.2326,492.8,194.4,fixation
14:13:40.2331,492.3,193.8,fixation
14:13:40.2336,492.3,193.4,fixation
14:13:40.2341,491.3,193.2,fixation
14:13:40.2346,490.3,193.0,fixation
14:13:40.2351,490.5,193.2,fixation
14:13:40.2356,492.7,193.6,fixation
14:13:40.2361,495.2,194.1,fixation
14:13:40.2366,496.5,194.7,fixation
14:13:40.2371,495.9,195.2,fixation
14:13:40.2376,494.2,195.6,fixation
14:13:40.2381,492.1,195.2,fixation
14:13:40.2386,490.7,194.5,fixation
14:13:40.2391,490.1,193.9,fixation
14:13:40.2396,490.4,192.7,fixation
14:13:40.2401,491.1,191.7,fixation
14:13:40.2406,491.6,190.9,fixation
14:13:40.2411,491.7,191.0,fixation
14:13:40.2416,492.4,191.2,fixation
14:13:40.2421,493.0,191.2,fixation
14:13:40.2426,493.7,190.9,fixation
14:13:40.2431,493.6,190.6,fixation
14:13:40.2436,493.1,191.9,fixation
14:13:40.2441,492.6,193.4,fixation
14:13:40.2446,492.0,194.4,fixation
14:13:40.2451,491.8,193.8,fixation
14:13:40.2456,491.7,192.9,fixation
14:13:40.2461,490.9,192.5,fixation
14:13:40.2466,490.2,192.0,fixation
14:13:40.2471,489.6,191.5,fixation
14:13:40.2476,489.5,191.1,fixation
14:13:40.2481,489.0,191.1,fixation
14:13:40.2486,488.4,191.4,fixation
14:13:40.2491,487.8,191.6,fixation
14:13:40.2496,487.6,190.7,fixation
14:13:40.2501,487.2,189.8,fixation
14:13:40.2506,486.8,190.2,fixation
14:13:40.2511,486.4,191.5,fixation
14:13:40.2516,486.3,192.8,fixation
14:13:40.2521,486.3,192.2,fixation
14:13:40.2526,486.3,191.5,fixation
14:13:40.2531,486.4,190.9,fixation
14:13:40.2536,486.5,191.0,fixation
14:13:40.2541,488.1,191.2,fixation
14:13:40.2546,489.6,190.4,fixation
14:13:40.2551,491.1,189.5,fixation
14:13:40.2556,491.1,188.6,fixation
14:13:40.2561,491.1,188.8,fixation
14:13:40.2566,491.3,189.4,fixation
14:13:40.2571,491.5,189.9,fixation
14:13:40.2576,491.7,189.9,fixation
14:13:40.2581,491.8,188.8,fixation
14:13:40.2586,491.8,187.8,fixation
14:13:40.2591,491.8,187.3,fixation
14:13:40.2596,490.0,187.3,fixation
14:13:40.2601,488.3,187.4,fixation
14:13:40.2606,487.6,187.5,fixation
14:13:40.2611,488.8,187.7,fixation
14:13:40.2616,490.1,187.6,fixation
14:13:40.2621,490.0,187.4,fixation
14:13:40.2626,489.2,187.0,fixation
14:13:40.2631,487.9,186.8,fixation
14:13:40.2636,487.1,186.8,fixation
14:13:40.2641,486.6,186.8,fixation
14:13:40.2646,486.6,187.0,fixation
14:13:40.2651,486.4,188.1,fixation
14:13:40.2656,486.1,189.2,fixation
14:13:40.2661,485.8,190.5,fixation
14:13:40.2666,486.8,190.8,fixation
14:13:40.2671,487.8,191.5,fixation
14:13:40.2676,488.8,192.3,fixation
14:13:40.2681,488.8,193.1,fixation
14:13:40.2686,488.2,192.0,fixation
14:13:40.2691,487.6,190.2,fixation
14:13:40.2696,487.1,187.3,fixation
14:13:40.2701,487.1,185.9,fixation
14:13:40.2706,486.9,186.6,fixation
14:13:40.2711,487.7,188.4,fixation
14:13:40.2716,488.6,189.0,fixation
14:13:40.2721,489.9,187.8,fixation
14:13:40.2726,490.4,186.6,fixation
14:13:40.2731,490.8,186.7,fixation
14:13:40.2736,490.8,188.0,fixation
14:13:40.2741,490.7,189.4,fixation
14:13:40.2746,490.6,188.6,fixation
14:13:40.2751,490.7,186.3,fixation
14:13:40.2756,490.7,183.8,fixation
14:13:40.2761,490.5,183.5,fixation
14:13:40.2766,490.1,184.8,fixation
14:13:40.2771,489.9,186.4,fixation
14:13:40.2776,490.0,188.1,fixation
14:13:40.2781,490.1,188.1,fixation
14:13:40.2786,489.9,187.9,fixation
14:13:40.2791,489.7,187.8,fixation
14:13:40.2796,489.6,187.7,fixation
14:13:40.2801,489.6,187.2,fixation
14:13:40.2806,488.6,186.7,fixation
14:13:40.2811,487.7,185.9,fixation
14:13:40.2816,486.7,185.5,fixation
14:13:40.2821,486.6,185.1,fixation
14:13:40.2826,486.6,184.9,fixation
14:13:40.2831,486.5,186.4,fixation
14:13:40.2836,486.3,188.2,fixation
14:13:40.2841,486.2,189.2,fixation
14:13:40.2846,486.4,188.7,fixation
14:13:40.2851,486.8,188.2,fixation
14:13:40.2856,487.4,187.8,fixation
14:13:40.2861,487.7,187.1,fixation
14:13:40.2866,487.8,186.3,fixation
14:13:40.2871,487.7,186.2,fixation
14:13:40.2876,487.5,186.0,fixation
14:13:40.2881,487.3,185.9,fixation
14:13:40.2886,487.4,185.9,fixation
14:13:40.2891,488.4,186.0,fixation
14:13:40.2896,489.2,187.3,fixation
14:13:40.2901,489.7,189.0,fixation
14:13:40.2906,490.7,190.6,fixation
14:13:40.2911,491.5,189.0,fixation
14:13:40.2916,492.0,187.1,fixation
14:13:40.2921,491.4,185.4,fixation
14:13:40.2926,491.3,186.0,fixation
14:13:40.2931,491.4,186.7,fixation
14:13:40.2936,491.3,187.2,fixation
14:13:40.2941,490.9,187.5,fixation
14:13:40.2946,490.7,188.1,fixation
14:13:40.2951,490.4,187.4,saccade
14:13:40.2956,490.1,185.6,saccade
14:13:40.2961,489.9,185.2,saccade
14:13:40.2966,489.7,186.5,saccade
14:13:40.2971,489.5,188.1,saccade
14:13:40.2976,489.5,188.5,saccade
14:13:40.2981,489.5,188.4,saccade
14:13:40.2986,489.4,187.9,saccade
14:13:40.2991,489.3,187.7,saccade
14:13:40.2996,490.3,188.3,saccade
14:13:40.3001,491.5,189.0,saccade
14:13:40.3006,492.9,188.5,saccade
14:13:40.3011,494.1,187.7,saccade
14:13:40.3016,496.0,187.1,saccade
14:13:40.3021,498.2,187.6,saccade
14:13:40.3026,501.8,188.2,saccade
14:13:40.3031,505.6,188.4,saccade
14:13:40.3036,509.3,188.5,saccade
14:13:40.3041,513.3,188.9,saccade
14:13:40.3046,516.5,189.7,saccade
14:13:40.3051,520.3,190.5,saccade
14:13:40.3056,523.4,190.9,saccade
14:13:40.3061,526.9,192.3,saccade
14:13:40.3066,529.5,193.7,saccade
14:13:40.3071,530.5,192.5,saccade
14:13:40.3076,532.2,190.3,saccade
14:13:40.3081,536.6,188.5,saccade
14:13:40.3086,542.2,189.0,saccade
14:13:40.3091,546.1,191.0,saccade
14:13:40.3096,549.4,192.9,saccade
14:13:40.3101,552.3,194.6,saccade
14:13:40.3106,555.5,194.8,saccade
14:13:40.3111,558.5,195.0,saccade
14:13:40.3116,562.3,195.6,saccade
14:13:40.3121,566.0,195.5,saccade
14:13:40.3126,567.9,194.6,saccade
14:13:40.3131,569.1,193.6,saccade
14:13:40.3136,570.5,193.2,saccade
14:13:40.3141,571.6,193.5,saccade
14:13:40.3146,571.6,193.7,saccade
14:13:40.3151,571.6,193.7,saccade
14:13:40.3156,571.8,193.4,saccade
14:13:40.3161,572.2,194.2,saccade
14:13:40.3166,572.6,195.3,saccade
14:13:40.3171,572.9,196.4,saccade
14:13:40.3176,572.1,195.1,fixation
14:13:40.3181,569.8,193.9,fixation
14:13:40.3186,567.4,193.2,fixation
14:13:40.3191,566.5,192.7,fixation
14:13:40.3196,566.9,192.4,fixation
14:13:40.3201,567.2,192.0,fixation
14:13:40.3206,566.8,192.3,fixation
14:13:40.3211,566.1,193.6,fixation
14:13:40.3216,564.9,194.9,fixation
14:13:40.3221,564.1,195.8,fixation
14:13:40.3226,563.8,194.5,fixation
14:13:40.3231,563.9,193.2,fixation
14:13:40.3236,564.0,191.8,fixation
14:13:40.3241,563.7,192.8,fixation
14:13:40.3246,563.3,193.8,fixation
14:13:40.3251,562.8,194.8,fixation
14:13:40.3256,562.2,194.8,fixation
14:13:40.3261,561.8,195.0,fixation
14:13:40.3266,562.0,195.4,fixation
14:13:40.3271,562.8,194.8,fixation
14:13:40.3276,563.6,193.6,fixation
14:13:40.3281,564.0,192.3,fixation
14:13:40.3286,564.2,191.9,fixation
14:13:40.3291,564.4,191.9,fixation
14:13:40.3296,564.3,192.4,fixation
14:13:40.3301,564.3,192.8,fixation
14:13:40.3306,563.7,193.1,fixation
14:13:40.3311,563.0,192.9,fixation
14:13:40.3316,562.2,193.5,fixation
14:13:40.3321,562.1,194.3,fixation
14:13:40.3326,562.2,194.9,fixation
14:13:40.3331,562.3,194.5,fixation
14:13:40.3336,561.8,194.6,fixation
14:13:40.3341,559.7,194.8,fixation
14:13:40.3346,557.7,195.1,fixation
14:13:40.3351,557.3,196.1,fixation
14:13:40.3356,558.3,197.2,fixation
14:13:40.3361,559.3,198.1,fixation
14:13:40.3366,559.2,198.2,fixation
14:13:40.3371,559.2,198.2,fixation
14:13:40.3376,559.3,196.5,fixation
14:13:40.3381,559.6,194.9,fixation
14:13:40.3386,559.7,194.1,fixation
14:13:40.3391,559.9,195.3,fixation
14:13:40.3396,559.9,196.4,fixation
14:13:40.3401,559.9,196.7,fixation
14:13:40.3406,559.5,197.8,fixation
14:13:40.3411,559.1,199.0,fixation
14:13:40.3416,558.7,200.4,fixation
14:13:40.3421,558.4,200.5,fixation
14:13:40.3426,558.4,199.4,fixation
14:13:40.3431,557.7,197.9,fixation
14:13:40.3436,557.0,196.4,fixation
14:13:40.3441,556.4,196.0,fixation
14:13:40.3446,556.4,195.8,fixation
14:13:40.3451,556.6,197.0,fixation
14:13:40.3456,556.8,198.2,fixation
14:13:40.3461,557.0,200.3,fixation
14:13:40.3466,557.7,201.2,fixation
14:13:40.3471,558.6,199.5,fixation
14:13:40.3476,559.8,197.0,fixation
14:13:40.3481,560.1,194.5,fixation
14:13:40.3486,559.8,194.7,fixation
14:13:40.3491,559.4,194.9,fixation
14:13:40.3496,558.4,195.0,fixation
14:13:40.3501,557.6,197.1,fixation
14:13:40.3506,556.6,199.3,fixation
14:13:40.3511,556.2,201.3,fixation
14:13:40.3516,555.9,200.9,fixation
14:13:40.3521,556.4,200.2,fixation
14:13:40.3526,557.0,199.5,fixation
14:13:40.3531,556.2,198.6,fixation
14:13:40.3536,554.8,197.7,fixation
14:13:40.3541,553.5,197.9,fixation
14:13:40.3546,553.8,198.2,fixation
14:13:40.3551,554.2,198.3,fixation
14:13:40.3556,554.4,197.8,fixation
14:13:40.3561,555.6,197.9,fixation
14:13:40.3566,556.7,197.6,fixation
14:13:40.3571,556.6,196.9,fixation
14:13:40.3576,554.8,195.7,fixation
14:13:40.3581,553.0,195.2,fixation
14:13:40.3586,553.1,195.5,fixation
14:13:40.3591,553.7,196.0,fixation
14:13:40.3596,554.3,196.1,fixation
14:13:40.3601,554.8,195.7,fixation
14:13:40.3606,555.6,195.4,fixation
14:13:40.3611,556.1,196.1,fixation
14:13:40.3616,556.3,196.8,fixation
14:13:40.3621,556.1,197.7,fixation
14:13:40.3626,555.7,197.9,fixation
14:13:40.3631,555.4,196.6,fixation
14:13:40.3636,554.4,195.0,fixation
14:13:40.3641,553.8,193.6,fixation
14:13:40.3646,553.5,194.1,fixation
14:13:40.3651,554.0,194.9,fixation
14:13:40.3656,554.6,195.6,fixation
14:13:40.3661,555.1,196.4,fixation
14:13:40.3666,555.2,196.8,fixation
14:13:40.3671,555.3,196.1,fixation
14:13:40.3676,553.9,194.7,fixation
14:13:40.3681,552.7,192.8,fixation
14:13:40.3686,551.5,192.2,fixation
14:13:40.3691,551.3,193.7,fixation
14:13:40.3696,551.1,195.6,fixation
14:13:40.3701,551.0,196.8,fixation
14:13:40.3706,551.3,196.1,fixation
14:13:40.3711,551.4,195.7,fixation
14:13:40.3716,551.5,196.6,fixation
14:13:40.3721,551.6,198.1,fixation
14:13:40.3726,551.7,199.2,fixation
14:13:40.3731,551.8,199.9,fixation
14:13:40.3736,551.8,199.9,fixation
14:13:40.3741,551.7,200.0,fixation
14:13:40.3746,552.5,200.1,fixation
14:13:40.3751,553.4,199.4,fixation
14:13:40.3756,553.8,197.3,fixation
14:13:40.3761,553.4,195.1,fixation
14:13:40.3766,551.8,193.8,fixation
14:13:40.3771,550.7,194.1,fixation
14:13:40.3776,549.9,194.7,fixation
14:13:40.3781,549.8,195.0,fixation
14:13:40.3786,549.7,195.4,fixation
14:13:40.3791,549.6,195.4,fixation
14:13:40.3796,550.1,195.3,fixation
14:13:40.3801,550.7,193.8,fixation
14:13:40.3806,551.2,192.2,fixation
14:13:40.3811,551.5,191.1,fixation
14:13:40.3816,551.5,191.8,fixation
14:13:40.3821,551.2,193.3,fixation
14:13:40.3826,552.0,194.7,fixation
14:13:40.3831,553.0,194.9,fixation
14:13:40.3836,554.0,194.2,fixation
14:13:40.3841,553.8,193.3,fixation
14:13:40.3846,553.3,193.3,fixation
14:13:40.3851,552.3,193.2,fixation
14:13:40.3856,551.7,191.9,fixation
14:13:40.3861,551.3,190.8,fixation
14:13:40.3866,551.4,190.2,fixation
14:13:40.3871,551.5,190.5,fixation
14:13:40.3876,551.6,190.6,fixation
14:13:40.3881,551.7,191.2,fixation
14:13:40.3886,551.5,192.7,fixation
14:13:40.3891,551.2,194.1,fixation
14:13:40.3896,550.9,194.8,fixation
14:13:40.3901,550.8,194.7,fixation
14:13:40.3906,550.0,194.4,fixation
14:13:40.3911,548.8,194.1,fixation
14:13:40.3916,547.6,194.0,fixation
14:13:40.3921,549.1,192.8,fixation
14:13:40.3926,551.0,191.8,fixation
14:13:40.3931,552.6,191.6,fixation
14:13:40.3936,552.2,192.5,fixation
14:13:40.3941,550.9,192.6,fixation
14:13:40.3946,550.1,192.1,fixation
14:13:40.3951,549.8,191.7,fixation
14:13:40.3956,550.3,192.1,fixation
14:13:40.3961,551.1,192.2,fixation
14:13:40.3966,552.1,192.5,fixation
14:13:40.3971,553.3,192.8,fixation
14:13:40.3976,554.0,192.6,fixation
14:13:40.3981,553.6,191.9,fixation
14:13:40.3986,552.3,191.0,fixation
14:13:40.3991,550.1,190.6,fixation
14:13:40.3996,548.4,190.3,fixation
14:13:40.4001,548.8,190.8,fixation
14:13:40.4006,550.1,191.4,fixation
14:13:40.4011,551.3,192.0,fixation
14:13:40.4016,551.2,192.1,fixation
14:13:40.4021,551.0,192.1,fixation
14:13:40.4026,550.9,191.6,fixation
14:13:40.4031,550.4,190.5,fixation
14:13:40.4036,550.1,189.5,fixation
14:13:40.4041,549.1,189.0,fixation
14:13:40.4046,548.4,189.1,fixation
14:13:40.4051,548.6,189.0,fixation
14:13:40.4056,550.0,189.1,fixation
14:13:40.4061,551.5,189.4,fixation
14:13:40.4066,551.9,189.6,fixation
14:13:40.4071,551.8,189.7,fixation
14:13:40.4076,551.7,190.6,fixation
14:13:40.4081,551.7,191.6,fixation
14:13:40.4086,551.9,191.0,fixation
14:13:40.4091,552.2,189.4,fixation
14:13:40.4096,552.5,187.9,fixation
14:13:40.4101,552.5,187.9,fixation
14:13:40.4106,552.6,188.0,fixation
14:13:40.4111,552.6,188.2,fixation
14:13:40.4116,552.7,188.5,fixation
14:13:40.4121,552.6,187.4,fixation
14:13:40.4126,552.3,186.1,fixation
14:13:40.4131,551.6,185.5,fixation
14:13:40.4136,550.3,186.0,fixation
14:13:40.4141,549.3,186.7,fixation
14:13:40.4146,548.9,186.8,fixation
14:13:40.4151,549.4,187.0,fixation
14:13:40.4156,549.9,187.0,fixation
14:13:40.4161,550.1,187.1,fixation
14:13:40.4166,550.0,188.7,fixation
14:13:40.4171,549.7,190.2,fixation
14:13:40.4176,549.3,191.8,fixation
14:13:40.4181,549.4,192.0,fixation
14:13:40.4186,549.7,191.8,fixation
14:13:40.4191,549.9,192.0,fixation
14:13:40.4196,550.0,192.1,fixation
14:13:40.4201,549.9,191.5,fixation
14:13:40.4206,549.9,190.3,fixation
14:13:40.4211,549.2,189.3,fixation
14:13:40.4216,549.0,189.5,fixation
14:13:40.4221,549.3,189.2,fixation
14:13:40.4226,551.9,189.0,fixation
14:13:40.4231,554.0,188.7,fixation
14:13:40.4236,554.5,188.8,fixation
14:13:40.4241,553.3,189.4,fixation
14:13:40.4246,551.6,190.0,fixation
14:13:40.4251,550.3,190.8,fixation
14:13:40.4256,549.0,190.9,fixation
14:13:40.4261,548.3,190.7,fixation
14:13:40.4266,548.3,190.5,fixation
14:13:40.4271,547.1,190.2,fixation
14:13:40.4276,545.9,190.2,fixation
14:13:40.4281,545.5,190.2,fixation
14:13:40.4286,546.9,190.3,fixation
14:13:40.4291,549.6,190.8,fixation
14:13:40.4296,551.6,191.3,fixation
14:13:40.4301,552.3,191.6,fixation
14:13:40.4306,550.9,192.1,fixation
14:13:40.4311,549.5,192.6,fixation
14:13:40.4316,548.7,193.3,fixation
14:13:40.4321,548.6,193.4,fixation
14:13:40.4326,548.4,193.2,fixation
14:13:40.4331,548.2,192.9,fixation
14:13:40.4336,548.1,192.5,fixation
14:13:40.4341,548.4,192.5,fixation
14:13:40.4346,548.3,192.7,fixation
14:13:40.4351,548.1,192.8,fixation
14:13:40.4356,548.0,192.9,fixation
14:13:40.4361,548.3,192.7,fixation
14:13:40.4366,549.0,192.9,fixation
14:13:40.4371,549.5,193.1,fixation
14:13:40.4376,549.8,193.0,fixation
14:13:40.4381,550.4,192.7,fixation
14:13:40.4386,551.1,192.3,fixation
14:13:40.4391,551.7,193.0,fixation
14:13:40.4396,551.7,193.6,fixation
14:13:40.4401,553.1,194.0,fixation
14:13:40.4406,554.6,194.0,fixation
14:13:40.4411,555.3,194.1,fixation
14:13:40.4416,554.5,194.4,fixation
14:13:40.4421,553.7,194.5,fixation
14:13:40.4426,553.9,192.7,fixation
14:13:40.4431,554.3,191.0,fixation
14:13:40.4436,554.7,189.0,fixation
14:13:40.4441,554.2,188.7,fixation
14:13:40.4446,553.7,188.5,fixation
14:13:40.4451,553.1,188.5,fixation
14:13:40.4456,553.1,188.6,fixation
14:13:40.4461,552.8,188.4,fixation
14:13:40.4466,552.5,188.2,fixation
14:13:40.4471,552.3,187.7,fixation
14:13:40.4476,552.4,187.3,fixation
14:13:40.4481,552.5,186.9,fixation
14:13:40.4486,552.5,187.5,fixation
14:13:40.4491,552.3,188.3,fixation
14:13:40.4496,552.1,188.6,fixation
14:13:40.4501,552.5,188.1,fixation
14:13:40.4506,552.5,188.5,fixation
14:13:40.4511,552.6,189.6,fixation
14:13:40.4516,553.0,190.6,fixation
14:13:40.4521,554.3,190.9,fixation
14:13:40.4526,555.6,191.4,fixation
14:13:40.4531,555.0,191.7,fixation
14:13:40.4536,554.1,190.9,fixation
14:13:40.4541,553.4,188.9,fixation
14:13:40.4546,553.7,187.0,fixation
14:13:40.4551,553.7,185.5,fixation
14:13:40.4556,553.5,185.0,fixation
14:13:40.4561,553.0,185.4,fixation
14:13:40.4566,552.9,186.4,fixation
14:13:40.4571,553.1,187.4,fixation
14:13:40.4576,553.8,187.4,fixation
14:13:40.4581,555.3,187.3,fixation
14:13:40.4586,557.0,187.3,fixation
14:13:40.4591,558.4,187.4,fixation
14:13:40.4596,558.9,187.4,fixation
14:13:40.4601,558.5,187.5,fixation
14:13:40.4606,558.3,186.9,fixation
14:13:40.4611,558.1,186.2,fixation
14:13:40.4616,558.2,185.8,fixation
14:13:40.4621,558.3,186.2,fixation
14:13:40.4626,558.3,186.5,fixation
14:13:40.4631,558.5,186.0,fixation
14:13:40.4636,558.6,185.2,fixation
14:13:40.4641,558.2,184.9,fixation
14:13:40.4646,557.3,185.3,fixation
14:13:40.4651,556.4,185.1,fixation
14:13:40.4656,555.9,184.5,fixation
14:13:40.4661,556.8,184.9,fixation
14:13:40.4666,557.7,185.4,fixation
14:13:40.4671,557.2,185.4,fixation
14:13:40.4676,555.8,184.4,fixation
14:13:40.4681,553.1,184.6,fixation
14:13:40.4686,551.9,185.2,fixation
14:13:40.4691,551.2,185.8,fixation
14:13:40.4696,551.7,187.3,fixation
14:13:40.4701,552.3,188.7,fixation
14:13:40.4706,552.4,189.0,fixation
14:13:40.4711,552.5,187.8,fixation
14:13:40.4716,553.7,187.3,fixation
14:13:40.4721,554.9,187.9,fixation
14:13:40.4726,556.1,188.8,fixation
14:13:40.4731,556.1,189.3,fixation
14:13:40.4736,555.7,190.3,fixation
14:13:40.4741,554.9,191.0,fixation
14:13:40.4746,554.1,191.9,fixation
14:13:40.4751,553.1,192.2,fixation
14:13:40.4756,552.7,191.2,fixation
14:13:40.4761,552.3,189.8,fixation
14:13:40.4766,552.9,189.1,fixation
14:13:40.4771,553.2,189.8,fixation
14:13:40.4776,552.7,190.7,fixation
14:13:40.4781,552.0,190.9,fixation
14:13:40.4786,551.4,191.0,fixation
14:13:40.4791,552.8,191.1,fixation
14:13:40.4796,554.2,191.2,fixation
14:13:40.4801,554.7,190.0,fixation
14:13:40.4806,554.2,188.8,fixation
14:13:40.4811,554.0,187.7,fixation
14:13:40.4816,554.5,188.0,fixation
14:13:40.4821,554.9,188.3,fixation
14:13:40.4826,555.1,188.3,fixation
14:13:40.4831,554.7,189.3,fixation
14:13:40.4836,554.3,190.3,fixation
14:13:40.4841,553.9,189.8,fixation
14:13:40.4846,554.5,187.1,fixation
14:13:40.4851,555.1,184.3,fixation
14:13:40.4856,555.5,183.3,fixation
14:13:40.4861,555.3,183.9,fixation
14:13:40.4866,555.1,185.3,fixation
14:13:40.4871,554.6,186.9,fixation
14:13:40.4876,554.2,188.2,fixation
14:13:40.4881,554.0,189.0,fixation
14:13:40.4886,554.7,189.2,fixation
14:13:40.4891,555.3,188.8,fixation
14:13:40.4896,555.5,188.0,fixation
14:13:40.4901,555.2,187.5,fixation
14:13:40.4906,555.1,187.6,fixation
14:13:40.4911,555.4,187.4,fixation
14:13:40.4916,555.9,187.0,fixation
14:13:40.4921,556.1,186.7,fixation
14:13:40.4926,556.3,186.9,fixation
14:13:40.4931,556.5,187.1,fixation
14:13:40.4936,556.6,187.2,fixation
14:13:40.4941,555.7,187.4,fixation
14:13:40.4946,554.8,187.8,fixation
14:13:40.4951,554.7,188.1,fixation
14:13:40.4956,555.6,188.4,fixation
14:13:40.4961,556.6,188.1,fixation
14:13:40.4966,556.7,187.4,fixation
14:13:40.4971,556.7,186.8,fixation
14:13:40.4976,556.7,186.1,fixation
14:13:40.4981,557.2,185.8,fixation
14:13:40.4986,557.8,185.3,fixation
14:13:40.4991,558.2,184.3,fixation
14:13:40.4996,557.7,183.2,fixation
14:13:40.5001,557.5,182.9,fixation
14:13:40.5006,557.2,184.5,fixation
14:13:40.5011,557.3,186.2,fixation
14:13:40.5016,556.8,187.0,fixation
14:13:40.5021,556.4,186.7,fixation
14:13:40.5026,555.9,188.2,fixation
14:13:40.5031,555.8,189.8,fixation
14:13:40.5036,556.2,188.8,fixation
14:13:40.5041,556.6,186.2,fixation
14:13:40.5046,557.0,183.6,fixation
14:13:40.5051,556.9,183.7,fixation
14:13:40.5056,556.9,183.5,fixation
14:13:40.5061,556.9,183.1,fixation
14:13:40.5066,556.8,184.2,fixation
14:13:40.5071,556.7,185.7,fixation
14:13:40.5076,555.3,185.6,fixation
14:13:40.5081,554.1,184.1,fixation
14:13:40.5086,554.5,182.8,fixation
14:13:40.5091,556.1,183.1,fixation
14:13:40.5096,557.6,184.6,fixation
14:13:40.5101,558.4,187.6,fixation
14:13:40.5106,559.2,190.6,fixation
14:13:40.5111,560.0,191.4,fixation
14:13:40.5116,559.9,190.3,fixation
14:13:40.5121,559.3,188.6,fixation
14:13:40.5126,558.8,187.8,fixation
14:13:40.5131,558.4,187.2,fixation
14:13:40.5136,557.8,187.2,fixation
14:13:40.5141,557.3,185.8,fixation
14:13:40.5146,556.9,184.5,fixation
14:13:40.5151,556.8,182.9,fixation
14:13:40.5156,556.6,182.6,fixation
14:13:40.5161,556.4,182.3,fixation
14:13:40.5166,557.1,182.2,fixation
14:13:40.5171,557.7,182.0,fixation
14:13:40.5176,558.4,181.7,fixation
14:13:40.5181,558.3,181.6,fixation
14:13:40.5186,558.2,181.8,fixation
14:13:40.5191,558.7,181.7,fixation
14:13:40.5196,559.1,181.5,fixation
14:13:40.5201,559.7,183.3,fixation
14:13:40.5206,559.8,185.8,fixation
14:13:40.5211,560.0,188.2,fixation
14:13:40.5216,560.1,188.2,fixation
14:13:40.5221,559.8,187.7,fixation
14:13:40.5226,559.4,187.4,fixation
14:13:40.5231,559.0,187.5,fixation
14:13:40.5236,559.1,187.6,fixation
14:13:40.5241,559.1,187.9,fixation
14:13:40.5246,559.0,188.3,fixation
14:13:40.5251,558.9,188.5,fixation
14:13:40.5256,558.7,188.6,fixation
14:13:40.5261,558.4,188.8,fixation
14:13:40.5266,558.0,189.0,fixation
14:13:40.5271,557.9,189.5,fixation
14:13:40.5276,557.9,189.6,fixation
14:13:40.5281,558.3,189.4,fixation
14:13:40.5286,558.4,189.0,fixation
14:13:40.5291,558.5,188.6,fixation
14:13:40.5296,558.4,188.5,fixation
14:13:40.5301,558.6,187.4,fixation
14:13:40.5306,558.7,186.3,fixation
14:13:40.5311,558.9,185.3,fixation
14:13:40.5316,559.0,185.3,fixation
14:13:40.5321,559.1,184.9,fixation
14:13:40.5326,559.7,184.3,fixation
14:13:40.5331,560.4,183.8,fixation
14:13:40.5336,561.0,184.1,fixation
14:13:40.5341,561.0,184.5,fixation
14:13:40.5346,560.8,186.1,fixation
14:13:40.5351,562.0,187.5,fixation
14:13:40.5356,563.1,188.8,fixation
14:13:40.5361,563.0,188.7,fixation
14:13:40.5366,561.7,188.4,fixation
14:13:40.5371,560.4,188.2,fixation
14:13:40.5376,559.5,187.2,fixation
14:13:40.5381,558.5,186.1,fixation
14:13:40.5386,557.5,185.6,fixation
14:13:40.5391,557.3,186.6,fixation
14:13:40.5396,556.9,187.6,fixation
14:13:40.5401,556.8,186.7,fixation
14:13:40.5406,556.9,185.2,fixation
14:13:40.5411,557.0,186.3,fixation
14:13:40.5416,557.7,188.9,fixation
14:13:40.5421,558.2,190.3,fixation
14:13:40.5426,559.1,189.3,fixation
14:13:40.5431,559.5,188.5,fixation
14:13:40.5436,559.9,188.4,fixation
14:13:40.5441,559.9,188.3,fixation
14:13:40.5446,559.3,188.5,fixation
14:13:40.5451,558.1,188.9,fixation
14:13:40.5456,557.3,188.7,fixation
14:13:40.5461,556.8,187.6,fixation
14:13:40.5466,556.9,186.6,fixation
14:13:40.5471,557.0,186.1,fixation
14:13:40.5476,557.1,185.0,fixation
14:13:40.5481,557.1,183.9,fixation
14:13:40.5486,557.1,183.8,fixation
14:13:40.5491,557.2,184.5,fixation
14:13:40.5496,557.8,185.4,fixation
14:13:40.5501,558.3,185.4,fixation
14:13:40.5506,558.5,183.9,fixation
14:13:40.5511,557.2,182.3,fixation
14:13:40.5516,555.9,181.3,fixation
14:13:40.5521,555.6,182.5,fixation
14:13:40.5526,556.1,184.5,fixation
14:13:40.5531,556.7,185.9,fixation
14:13:40.5536,556.4,186.9,fixation
14:13:40.5541,556.0,187.2,fixation
14:13:40.5546,555.6,187.6,fixation
14:13:40.5551,555.4,188.4,fixation
14:13:40.5556,554.8,188.9,fixation
14:13:40.5561,554.3,189.1,fixation
14:13:40.5566,554.5,189.0,fixation
14:13:40.5571,555.1,188.9,fixation
14:13:40.5576,555.8,189.0,fixation
14:13:40.5581,556.0,188.9,fixation
14:13:40.5586,556.1,189.2,fixation
14:13:40.5591,555.9,189.6,fixation
14:13:40.5596,556.0,188.9,fixation
14:13:40.5601,556.4,187.8,fixation
14:13:40.5606,557.2,185.9,fixation
14:13:40.5611,557.9,185.0,fixation
14:13:40.5616,558.2,184.9,fixation
14:13:40.5621,558.3,185.7,fixation
14:13:40.5626,558.0,187.3,fixation
14:13:40.5631,557.8,188.2,fixation
14:13:40.5636,557.7,188.9,fixation
14:13:40.5641,557.7,188.9,fixation
14:13:40.5646,557.7,188.8,fixation
14:13:40.5651,557.9,188.6,fixation
14:13:40.5656,557.8,188.0,fixation
14:13:40.5661,557.8,187.8,fixation
14:13:40.5666,557.7,187.9,fixation
14:13:40.5671,557.6,187.5,fixation
14:13:40.5676,557.2,186.8,fixation
14:13:40.5681,556.7,186.0,fixation
14:13:40.5686,556.5,185.8,fixation
14:13:40.5691,556.7,184.9,fixation
14:13:40.5696,556.8,184.0,fixation
14:13:40.5701,556.9,184.9,fixation
14:13:40.5706,557.1,186.8,fixation
14:13:40.5711,557.7,188.1,fixation
14:13:40.5716,558.3,187.6,fixation
14:13:40.5721,558.5,187.5,fixation
14:13:40.5726,558.5,187.9,fixation
14:13:40.5731,558.7,188.3,fixation
14:13:40.5736,558.8,188.2,fixation
14:13:40.5741,559.4,187.7,fixation
14:13:40.5746,560.0,187.5,fixation
14:13:40.5751,560.5,187.3,fixation
14:13:40.5756,560.9,187.3,fixation
14:13:40.5761,561.3,187.1,fixation
14:13:40.5766,560.8,187.1,fixation
14:13:40.5771,559.8,187.8,fixation
14:13:40.5776,558.4,188.5,fixation
14:13:40.5781,557.9,188.9,fixation
14:13:40.5786,557.9,188.5,fixation
14:13:40.5791,558.4,188.2,fixation
14:13:40.5796,559.3,188.9,fixation
14:13:40.5801,559.8,189.7,fixation
14:13:40.5806,560.2,190.6,fixation
14:13:40.5811,559.8,189.9,fixation
14:13:40.5816,558.9,189.2,fixation
14:13:40.5821,557.9,189.5,fixation
14:13:40.5826,557.4,190.5,fixation
14:13:40.5831,557.5,190.4,fixation
14:13:40.5836,557.7,189.4,fixation
14:13:40.5841,557.7,189.4,fixation
14:13:40.5846,557.5,190.4,fixation
14:13:40.5851,557.4,191.4,fixation
14:13:40.5856,557.4,191.3,fixation
14:13:40.5861,556.4,191.1,fixation
14:13:40.5866,555.1,190.9,fixation
14:13:40.5871,553.8,190.7,fixation
14:13:40.5876,554.1,190.8,fixation
14:13:40.5881,554.2,190.7,fixation
14:13:40.5886,554.3,190.6,fixation
14:13:40.5891,555.0,189.1,fixation
14:13:40.5896,556.1,187.6,fixation
14:13:40.5901,557.1,187.0,fixation
14:13:40.5906,557.0,187.8,fixation
14:13:40.5911,556.8,189.0,fixation
14:13:40.5916,556.5,189.7,fixation
14:13:40.5921,556.6,190.4,fixation
14:13:40.5926,555.7,190.9,fixation
14:13:40.5931,554.9,191.1,fixation
14:13:40.5936,554.0,191.2,fixation
14:13:40.5941,554.0,191.3,fixation
14:13:40.5946,555.0,191.2,fixation
14:13:40.5951,556.1,191.0,fixation
14:13:40.5956,557.9,190.9,fixation
14:13:40.5961,558.9,190.8,fixation
14:13:40.5966,559.9,188.3,fixation
14:13:40.5971,560.3,185.7,fixation
14:13:40.5976,560.8,183.1,fixation
14:13:40.5981,560.8,185.2,fixation
14:13:40.5986,559.9,187.3,fixation
14:13:40.5991,558.8,189.5,fixation
14:13:40.5996,558.0,189.4,fixation
14:13:40.6001,558.8,189.0,fixation
14:13:40.6006,559.6,188.2,fixation
14:13:40.6011,560.5,187.4,fixation
14:13:40.6016,560.5,187.0,fixation
14:13:40.6021,560.6,187.2,fixation
14:13:40.6026,560.6,187.2,fixation
14:13:40.6031,560.6,187.3,fixation
14:13:40.6036,561.4,188.1,fixation
14:13:40.6041,561.9,188.9,fixation
14:13:40.6046,562.3,189.7,fixation
14:13:40.6051,562.0,189.7,fixation
14:13:40.6056,561.1,189.1,fixation
14:13:40.6061,560.4,188.5,fixation
14:13:40.6066,560.5,188.0,fixation
14:13:40.6071,561.3,188.0,fixation
14:13:40.6076,562.5,188.1,fixation
14:13:40.6081,562.9,187.8,fixation
14:13:40.6086,563.2,187.4,fixation
14:13:40.6091,563.0,188.1,fixation
14:13:40.6096,562.8,189.2,fixation
14:13:40.6101,562.8,190.6,fixation
14:13:40.6106,562.9,191.0,fixation
14:13:40.6111,560.9,190.8,fixation
14:13:40.6116,558.1,189.7,fixation
14:13:40.6121,555.4,188.7,fixation
14:13:40.6126,555.0,188.9,fixation
14:13:40.6131,555.3,189.6,fixation
14:13:40.6136,555.6,191.0,fixation
14:13:40.6141,555.7,191.8,fixation
14:13:40.6146,556.0,193.1,fixation
14:13:40.6151,556.7,193.6,fixation
14:13:40.6156,557.3,194.2,fixation
14:13:40.6161,557.6,192.3,fixation
14:13:40.6166,557.7,190.3,fixation
14:13:40.6171,558.5,188.9,fixation
14:13:40.6176,559.4,189.4,fixation
14:13:40.6181,559.4,190.4,fixation
14:13:40.6186,558.2,191.1,fixation
14:13:40.6191,556.8,191.7,fixation
14:13:40.6196,556.2,191.7,fixation
14:13:40.6201,557.1,191.4,fixation
14:13:40.6206,558.2,191.2,fixation
14:13:40.6211,559.1,192.0,fixation
14:13:40.6216,559.0,192.7,fixation
14:13:40.6221,558.9,192.9,fixation
14:13:40.6226,558.9,191.2,fixation
14:13:40.6231,558.9,189.5,fixation
14:13:40.6236,559.5,189.4,fixation
14:13:40.6241,560.0,190.6,fixation
14:13:40.6246,560.6,191.8,fixation
14:13:40.6251,560.7,191.8,fixation
14:13:40.6256,560.9,191.8,fixation
14:13:40.6261,561.2,191.9,fixation
14:13:40.6266,561.3,192.0,fixation
14:13:40.6271,560.3,191.9,fixation
14:13:40.6276,559.0,191.7,fixation
14:13:40.6281,557.4,191.4,fixation
14:13:40.6286,556.7,192.1,fixation
14:13:40.6291,557.0,192.5,fixation
14:13:40.6296,557.7,192.6,fixation
14:13:40.6301,557.5,190.9,fixation
14:13:40.6306,556.6,189.5,fixation
14:13:40.6311,555.7,188.5,fixation
14:13:40.6316,555.9,188.7,fixation
14:13:40.6321,556.5,189.7,fixation
14:13:40.6326,556.8,190.6,fixation
14:13:40.6331,557.2,190.3,fixation
14:13:40.6336,557.6,189.1,fixation
14:13:40.6341,558.0,188.1,fixation
14:13:40.6346,558.0,188.4,fixation
14:13:40.6351,557.5,188.5,fixation
14:13:40.6356,556.9,188.3,fixation
14:13:40.6361,556.5,187.5,fixation
14:13:40.6366,556.7,186.9,fixation
14:13:40.6371,558.0,186.4,fixation
14:13:40.6376,559.3,186.5,fixation
14:13:40.6381,559.9,186.5,fixation
14:13:40.6386,559.0,186.4,fixation
14:13:40.6391,558.2,186.3,fixation
14:13:40.6396,558.2,186.0,fixation
14:13:40.6401,558.8,185.4,fixation
14:13:40.6406,559.3,184.8,fixation
14:13:40.6411,558.8,184.7,fixation
14:13:40.6416,558.5,185.7,fixation
14:13:40.6421,558.3,187.9,fixation
14:13:40.6426,558.4,189.9,fixation
14:13:40.6431,558.5,191.0,fixation
14:13:40.6436,558.6,191.0,fixation
14:13:40.6441,557.2,190.1,fixation
14:13:40.6446,555.6,189.3,fixation
14:13:40.6451,554.1,188.0,fixation
14:13:40.6456,554.6,187.6,fixation
14:13:40.6461,555.0,187.6,fixation
14:13:40.6466,555.2,188.2,fixation
14:13:40.6471,554.8,188.8,fixation
14:13:40.6476,554.5,187.7,fixation
14:13:40.6481,553.9,186.2,fixation
14:13:40.6486,553.4,187.0,fixation
14:13:40.6491,553.0,189.3,fixation
14:13:40.6496,553.4,191.7,fixation
14:13:40.6501,554.1,191.8,fixation
14:13:40.6506,554.6,191.9,fixation
14:13:40.6511,554.8,191.1,fixation
14:13:40.6516,554.8,190.0,fixation
14:13:40.6521,555.9,189.0,fixation
14:13:40.6526,556.9,189.3,fixation
14:13:40.6531,557.9,190.0,fixation
14:13:40.6536,558.1,190.8,fixation
14:13:40.6541,558.1,190.9,fixation
14:13:40.6546,557.4,190.8,fixation
14:13:40.6551,556.6,190.5,fixation
14:13:40.6556,556.8,190.6,fixation
14:13:40.6561,557.8,190.6,fixation
14:13:40.6566,559.4,190.9,fixation
14:13:40.6571,560.0,191.2,fixation
14:13:40.6576,560.5,191.2,fixation
14:13:40.6581,560.5,191.2,fixation
14:13:40.6586,559.3,191.1,fixation
14:13:40.6591,558.0,192.0,fixation
14:13:40.6596,556.7,192.8,fixation
14:13:40.6601,557.5,193.7,fixation
14:13:40.6606,557.3,193.6,fixation
14:13:40.6611,557.4,193.1,fixation
14:13:40.6616,556.8,193.5,fixation
14:13:40.6621,557.2,193.7,fixation
14:13:40.6626,557.1,194.3,fixation
14:13:40.6631,557.0,194.0,fixation
14:13:40.6636,557.2,193.0,fixation
14:13:40.6641,556.9,190.9,fixation
14:13:40.6646,556.5,188.4,fixation
14:13:40.6651,556.9,187.1,fixation
14:13:40.6656,557.8,188.6,fixation
14:13:40.6661,558.8,190.6,fixation
14:13:40.6666,558.9,192.6,fixation
14:13:40.6671,559.1,190.9,fixation
14:13:40.6676,559.6,188.9,fixation
14:13:40.6681,560.2,186.9,fixation
14:13:40.6686,559.3,186.7,fixation
14:13:40.6691,558.5,186.4,fixation
14:13:40.6696,558.3,186.6,fixation
14:13:40.6701,559.3,187.3,fixation
14:13:40.6706,559.7,188.0,fixation
14:13:40.6711,559.5,188.3,fixation
14:13:40.6716,558.0,187.6,fixation
14:13:40.6721,556.4,186.8,fixation
14:13:40.6726,555.1,186.8,fixation
14:13:40.6731,555.7,187.5,fixation
14:13:40.6736,556.3,188.3,fixation
14:13:40.6741,557.0,188.4,fixation
14:13:40.6746,557.0,188.8,fixation
14:13:40.6751,556.7,189.0,fixation
14:13:40.6756,556.5,189.1,fixation
14:13:40.6761,556.3,188.9,fixation
14:13:40.6766,556.2,188.8,fixation
14:13:40.6771,556.0,189.1,fixation
14:13:40.6776,555.4,189.2,fixation
14:13:40.6781,554.1,189.2,fixation
14:13:40.6786,552.1,189.0,fixation
14:13:40.6791,550.8,188.9,fixation
14:13:40.6796,550.5,189.5,fixation
14:13:40.6801,551.3,190.8,fixation
14:13:40.6806,553.1,192.2,fixation
14:13:40.6811,554.4,192.9,fixation
14:13:40.6816,554.9,193.2,fixation
14:13:40.6821,554.1,193.4,fixation
14:13:40.6826,553.2,193.5,fixation
14:13:40.6831,552.2,193.3,fixation
14:13:40.6836,551.8,193.2,fixation
14:13:40.6841,551.3,192.6,fixation
14:13:40.6846,551.4,192.1,fixation
14:13:40.6851,551.4,191.5,fixation
14:13:40.6856,552.4,191.7,fixation
14:13:40.6861,554.1,192.0,fixation
14:13:40.6866,555.8,192.3,fixation
14:13:40.6871,556.4,192.4,fixation
14:13:40.6876,555.7,192.3,fixation
14:13:40.6881,555.0,192.3,fixation
14:13:40.6886,554.4,191.9,fixation
14:13:40.6891,554.6,191.6,fixation
14:13:40.6896,554.9,191.3,fixation
14:13:40.6901,555.2,190.3,fixation
14:13:40.6906,555.5,189.2,fixation
14:13:40.6911,556.1,188.9,fixation
14:13:40.6916,557.5,189.7,fixation
14:13:40.6921,558.6,190.4,fixation
14:13:40.6926,558.5,190.3,fixation
14:13:40.6931,557.5,190.2,fixation
14:13:40.6936,556.4,190.3,fixation
14:13:40.6941,556.2,190.5,fixation
14:13:40.6946,555.6,190.4,fixation
14:13:40.6951,555.0,190.2,fixation
14:13:40.6956,555.0,190.0,fixation
14:13:40.6961,555.8,190.5,fixation
14:13:40.6966,556.7,191.2,fixation
14:13:40.6971,557.3,191.5,fixation
14:13:40.6976,557.6,191.2,fixation
14:13:40.6981,557.9,190.9,fixation
14:13:40.6986,558.1,190.0,fixation
14:13:40.6991,558.2,189.1,fixation
14:13:40.6996,558.3,188.3,fixation
14:13:40.7001,558.3,188.3,fixation
14:13:40.7006,558.3,188.2,fixation
14:13:40.7011,558.7,188.3,fixation
14:13:40.7016,558.5,188.5,fixation
14:13:40.7021,558.3,189.0,fixation
14:13:40.7026,558.1,189.4,fixation
14:13:40.7031,558.4,189.8,fixation
14:13:40.7036,558.6,190.0,fixation
14:13:40.7041,556.9,189.8,fixation
14:13:40.7046,555.2,189.6,fixation
14:13:40.7051,555.3,189.6,fixation
14:13:40.7056,557.1,189.5,fixation
14:13:40.7061,558.7,189.2,fixation
14:13:40.7066,558.5,188.7,fixation
14:13:40.7071,557.5,190.2,fixation
14:13:40.7076,556.7,191.9,fixation
14:13:40.7081,555.9,192.8,fixation
14:13:40.7086,555.9,192.0,fixation
14:13:40.7091,555.9,191.2,fixation
14:13:40.7096,555.9,191.1,fixation
14:13:40.7101,555.6,191.0,fixation
14:13:40.7106,554.7,190.9,fixation
14:13:40.7111,553.8,190.8,fixation
14:13:40.7116,554.2,191.2,fixation
14:13:40.7121,554.9,192.0,fixation
14:13:40.7126,555.4,192.9,fixation
14:13:40.7131,555.0,193.5,fixation
14:13:40.7136,554.8,193.9,fixation
14:13:40.7141,554.9,194.2,fixation
14:13:40.7146,555.2,194.2,fixation
14:13:40.7151,555.4,194.1,fixation
14:13:40.7156,555.6,194.1,fixation
14:13:40.7161,555.8,194.2,fixation
14:13:40.7166,555.8,194.3,fixation
14:13:40.7171,555.0,193.6,fixation
14:13:40.7176,554.2,193.0,fixation
14:13:40.7181,553.5,192.7,fixation
14:13:40.7186,554.0,193.1,fixation
14:13:40.7191,554.5,193.5,fixation
14:13:40.7196,554.6,193.6,fixation
14:13:40.7201,554.4,193.3,fixation
14:13:40.7206,553.9,193.1,fixation
14:13:40.7211,553.4,193.1,fixation
14:13:40.7216,553.0,193.3,fixation
14:13:40.7221,553.8,193.5,fixation
14:13:40.7226,554.8,194.2,fixation
14:13:40.7231,555.8,194.8,fixation
14:13:40.7236,555.0,195.2,fixation
14:13:40.7241,553.8,194.9,fixation
14:13:40.7246,553.0,193.1,fixation
14:13:40.7251,553.0,191.5,fixation
14:13:40.7256,553.9,190.1,fixation
14:13:40.7261,554.6,192.1,fixation
14:13:40.7266,555.3,194.1,fixation
14:13:40.7271,554.3,194.9,fixation
14:13:40.7276,552.8,193.9,fixation
14:13:40.7281,551.2,192.7,fixation
14:13:40.7286,551.0,192.6,fixation
14:13:40.7291,550.8,192.4,fixation
14:13:40.7296,550.8,191.1,fixation
14:13:40.7301,551.5,189.8,fixation
14:13:40.7306,552.3,188.4,fixation
14:13:40.7311,552.9,189.0,fixation
14:13:40.7316,553.8,189.7,fixation
14:13:40.7321,555.1,190.6,fixation
14:13:40.7326,556.5,190.6,fixation
14:13:40.7331,556.6,190.5,fixation
14:13:40.7336,556.5,190.2,fixation
14:13:40.7341,556.3,190.1,fixation
14:13:40.7346,556.5,190.0,fixation
14:13:40.7351,556.8,190.0,fixation
14:13:40.7356,557.3,190.3,fixation
14:13:40.7361,557.7,190.7,fixation
14:13:40.7366,557.8,190.5,fixation
14:13:40.7371,557.3,189.9,fixation
14:13:40.7376,556.7,189.2,fixation
14:13:40.7381,555.9,189.0,fixation
14:13:40.7386,555.2,188.3,fixation
14:13:40.7391,554.6,187.6,fixation
14:13:40.7396,555.3,187.1,fixation
14:13:40.7401,556.1,187.3,fixation
14:13:40.7406,556.8,188.4,fixation
14:13:40.7411,556.9,188.4,fixation
14:13:40.7416,557.0,188.3,fixation
14:13:40.7421,557.4,188.3,fixation
14:13:40.7426,557.7,189.2,fixation
14:13:40.7431,557.8,189.9,fixation
14:13:40.7436,557.8,189.7,fixation
14:13:40.7441,557.5,189.6,fixation
14:13:40.7446,557.3,189.7,fixation
14:13:40.7451,557.1,189.8,fixation
14:13:40.7456,557.1,189.8,fixation
14:13:40.7461,555.8,189.4,fixation
14:13:40.7466,554.5,189.0,fixation
14:13:40.7471,553.8,189.8,fixation
14:13:40.7476,555.3,191.1,fixation
14:13:40.7481,556.7,192.4,fixation
14:13:40.7486,557.2,192.4,fixation
14:13:40.7491,556.2,191.4,fixation
14:13:40.7496,555.4,190.4,fixation
14:13:40.7501,554.7,189.0,fixation
14:13:40.7506,555.0,188.6,fixation
14:13:40.7511,555.5,188.6,fixation
14:13:40.7516,556.0,189.2,fixation
14:13:40.7521,555.9,191.1,fixation
14:13:40.7526,555.4,192.1,fixation
14:13:40.7531,555.2,192.3,fixation
14:13:40.7536,555.4,191.2,fixation
14:13:40.7541,555.6,190.9,fixation
14:13:40.7546,555.6,190.7,fixation
14:13:40.7551,555.5,190.6,fixation
14:13:40.7556,555.2,190.2,fixation
14:13:40.7561,555.0,189.9,fixation
14:13:40.7566,554.8,191.2,fixation
14:13:40.7571,554.8,192.8,fixation
14:13:40.7576,554.3,194.2,fixation
14:13:40.7581,553.9,194.0,fixation
14:13:40.7586,553.4,194.2,fixation
14:13:40.7591,553.3,194.6,fixation
14:13:40.7596,553.2,194.3,fixation
14:13:40.7601,553.4,193.8,fixation
14:13:40.7606,554.0,193.4,fixation
14:13:40.7611,554.3,193.0,fixation
14:13:40.7616,554.6,191.1,fixation
14:13:40.7621,554.6,189.3,fixation
14:13:40.7626,553.6,187.9,fixation
14:13:40.7631,552.4,187.7,fixation
14:13:40.7636,551.3,187.5,fixation
14:13:40.7641,551.4,187.5,fixation
14:13:40.7646,552.1,188.0,fixation
14:13:40.7651,552.7,188.0,fixation
14:13:40.7656,553.3,187.9,fixation
14:13:40.7661,553.9,187.4,fixation
14:13:40.7666,554.3,187.5,fixation
14:13:40.7671,554.6,187.5,fixation
14:13:40.7676,554.4,187.7,fixation
14:13:40.7681,554.0,187.8,fixation
14:13:40.7686,553.5,188.2,fixation
14:13:40.7691,553.1,188.3,fixation
14:13:40.7696,552.3,188.4,fixation
14:13:40.7701,551.5,188.4,fixation
14:13:40.7706,553.1,188.8,fixation
14:13:40.7711,555.4,189.2,fixation
14:13:40.7716,556.4,189.2,fixation
14:13:40.7721,555.2,188.9,fixation
14:13:40.7726,553.5,190.9,fixation
14:13:40.7731,553.0,193.3,fixation
14:13:40.7736,552.7,193.8,fixation
14:13:40.7741,553.1,191.2,fixation
14:13:40.7746,553.6,188.7,fixation
14:13:40.7751,553.7,189.8,fixation
14:13:40.7756,553.6,191.6,fixation
14:13:40.7761,553.8,192.9,fixation
14:13:40.7766,554.3,192.3,fixation
14:13:40.7771,555.2,191.8,fixation
14:13:40.7776,556.0,190.7,fixation
14:13:40.7781,556.2,189.5,fixation
14:13:40.7786,555.7,188.1,fixation
14:13:40.7791,554.7,187.9,fixation
14:13:40.7796,553.9,188.1,fixation
14:13:40.7801,553.3,189.2,fixation
14:13:40.7806,553.9,191.2,fixation
14:13:40.7811,554.6,192.7,fixation
14:13:40.7816,554.0,193.4,fixation
14:13:40.7821,552.6,193.3,fixation
14:13:40.7826,551.5,193.4,fixation
14:13:40.7831,552.1,193.6,fixation
14:13:40.7836,552.7,193.7,fixation
14:13:40.7841,553.0,193.9,fixation
14:13:40.7846,553.2,194.0,fixation
14:13:40.7851,553.4,194.4,fixation
14:13:40.7856,553.7,194.9,fixation
14:13:40.7861,553.9,195.4,fixation
14:13:40.7866,554.6,195.9,fixation
14:13:40.7871,555.2,196.1,fixation
14:13:40.7876,554.8,195.2,fixation
14:13:40.7881,553.9,194.1,fixation
14:13:40.7886,552.9,193.4,fixation
14:13:40.7891,553.3,194.0,fixation
14:13:40.7896,553.8,194.2,fixation
14:13:40.7901,554.3,194.0,fixation
14:13:40.7906,554.3,194.9,fixation
14:13:40.7911,554.6,196.1,fixation
14:13:40.7916,554.9,196.4,fixation
14:13:40.7921,554.9,195.5,fixation
14:13:40.7926,553.9,194.6,fixation
14:13:40.7931,553.0,194.7,fixation
14:13:40.7936,554.0,195.0,fixation
14:13:40.7941,555.6,194.3,fixation
14:13:40.7946,556.9,193.3,fixation
14:13:40.7951,555.4,192.0,fixation
14:13:40.7956,553.8,191.8,fixation
14:13:40.7961,552.3,191.9,fixation
14:13:40.7966,552.1,192.0,fixation
14:13:40.7971,552.1,193.3,fixation
14:13:40.7976,552.3,194.5,fixation
14:13:40.7981,552.5,194.5,fixation
14:13:40.7986,552.5,193.2,fixation
14:13:40.7991,554.0,192.0,fixation
14:13:40.7996,555.4,192.4,fixation
14:13:40.8001,556.6,192.7,fixation
14:13:40.8006,555.6,192.9,fixation
14:13:40.8011,554.7,192.9,fixation
14:13:40.8016,554.0,192.9,fixation
14:13:40.8021,553.8,193.0,fixation
14:13:40.8026,553.7,193.2,fixation
14:13:40.8031,553.7,193.3,fixation
14:13:40.8036,554.0,193.7,fixation
14:13:40.8041,554.4,193.9,fixation
14:13:40.8046,555.1,192.7,fixation
14:13:40.8051,555.6,191.2,fixation
14:13:40.8056,555.6,189.6,fixation
14:13:40.8061,555.6,189.6,fixation
14:13:40.8066,556.3,190.0,fixation
14:13:40.8071,557.2,190.9,fixation
14:13:40.8076,557.6,191.6,fixation
14:13:40.8081,557.4,191.9,fixation
14:13:40.8086,557.0,192.7,fixation
14:13:40.8091,556.6,193.5,fixation
14:13:40.8096,556.8,194.3,fixation
14:13:40.8101,557.1,194.3,fixation
14:13:40.8106,557.4,194.3,fixation
14:13:40.8111,556.8,193.6,fixation
14:13:40.8116,556.4,193.0,fixation
14:13:40.8121,555.5,192.0,fixation
14:13:40.8126,555.1,191.5,fixation
14:13:40.8131,554.7,191.0,fixation
14:13:40.8136,554.9,191.0,fixation
14:13:40.8141,555.0,191.3,fixation
14:13:40.8146,555.1,191.2,fixation
14:13:40.8151,555.3,190.8,fixation
14:13:40.8156,555.3,189.9,fixation
14:13:40.8161,555.7,188.0,fixation
14:13:40.8166,556.2,186.3,fixation
14:13:40.8171,556.7,185.3,fixation
14:13:40.8176,556.0,185.6,fixation
14:13:40.8181,554.3,186.6,fixation
14:13:40.8186,552.5,188.1,fixation
14:13:40.8191,551.9,189.5,fixation
14:13:40.8196,552.5,190.5,fixation
14:13:40.8201,552.8,190.9,fixation
14:13:40.8206,552.7,191.3,fixation
14:13:40.8211,552.3,191.4,fixation
14:13:40.8216,552.3,191.1,fixation
14:13:40.8221,553.0,190.8,fixation
14:13:40.8226,553.5,191.3,fixation
14:13:40.8231,553.9,192.2,fixation
14:13:40.8236,553.6,191.7,fixation
14:13:40.8241,553.4,190.4,fixation
14:13:40.8246,553.2,190.6,fixation
14:13:40.8251,553.4,192.1,fixation
14:13:40.8256,553.9,193.6,fixation
14:13:40.8261,554.5,193.6,fixation
14:13:40.8266,553.9,193.9,fixation
14:13:40.8271,552.9,194.1,fixation
14:13:40.8276,552.5,192.2,fixation
14:13:40.8281,553.2,190.1,fixation
14:13:40.8286,554.2,189.1,fixation
14:13:40.8291,554.7,190.3,fixation
14:13:40.8296,554.8,191.6,fixation
14:13:40.8301,554.8,191.8,fixation
14:13:40.8306,554.7,190.0,fixation
14:13:40.8311,554.4,188.1,fixation
14:13:40.8316,553.9,187.1,fixation
14:13:40.8321,553.4,187.9,fixation
14:13:40.8326,553.0,188.7,fixation
14:13:40.8331,553.2,189.0,fixation
14:13:40.8336,553.6,189.4,fixation
14:13:40.8341,554.3,190.4,fixation
14:13:40.8346,555.9,191.9,fixation
14:13:40.8351,557.4,193.3,fixation
14:13:40.8356,558.7,193.0,fixation
14:13:40.8361,558.8,191.8,fixation
14:13:40.8366,558.9,190.6,fixation
14:13:40.8371,558.8,190.6,fixation
14:13:40.8376,558.7,190.3,fixation
14:13:40.8381,557.5,189.6,fixation
14:13:40.8386,554.9,188.8,fixation
14:13:40.8391,552.3,189.6,fixation
14:13:40.8396,551.0,191.1,fixation
14:13:40.8401,551.1,192.7,fixation
14:13:40.8406,551.4,191.6,fixation
14:13:40.8411,551.6,190.3,fixation
14:13:40.8416,551.7,189.5,fixation
14:13:40.8421,553.7,190.3,fixation
14:13:40.8426,555.7,191.1,fixation
14:13:40.8431,555.8,190.7,fixation
14:13:40.8436,554.1,190.0,fixation
14:13:40.8441,551.7,189.2,fixation
14:13:40.8446,551.2,189.1,fixation
14:13:40.8451,551.2,189.0,fixation
14:13:40.8456,551.6,190.2,fixation
14:13:40.8461,551.9,191.4,fixation
14:13:40.8466,551.7,191.8,fixation
14:13:40.8471,551.6,190.9,fixation
14:13:40.8476,553.0,190.1,fixation
14:13:40.8481,554.2,191.6,fixation
14:13:40.8486,555.4,193.5,fixation
14:13:40.8491,555.1,194.4,fixation
14:13:40.8496,554.8,193.6,fixation
14:13:40.8501,554.5,193.3,fixation
14:13:40.8506,554.2,194.2,fixation
14:13:40.8511,554.2,194.7,fixation
14:13:40.8516,554.2,194.8,fixation
14:13:40.8521,554.2,194.4,fixation
14:13:40.8526,554.1,194.4,fixation
14:13:40.8531,553.8,194.4,fixation
14:13:40.8536,552.9,194.4,fixation
14:13:40.8541,551.7,194.4,fixation
14:13:40.8546,550.7,194.7,fixation
14:13:40.8551,551.7,195.1,fixation
14:13:40.8556,553.1,195.6,fixation
14:13:40.8561,554.3,195.9,fixation
14:13:40.8566,554.2,195.9,fixation
14:13:40.8571,553.4,194.9,fixation
14:13:40.8576,552.7,193.8,fixation
14:13:40.8581,552.2,193.0,fixation
14:13:40.8586,552.3,193.3,fixation
14:13:40.8591,551.7,192.8,fixation
14:13:40.8596,551.1,191.5,fixation
14:13:40.8601,550.9,190.3,fixation
14:13:40.8606,551.3,189.3,fixation
14:13:40.8611,551.8,188.2,fixation
14:13:40.8616,552.0,187.2,fixation
14:13:40.8621,553.8,188.7,fixation
14:13:40.8626,555.5,190.8,fixation
14:13:40.8631,556.4,192.7,fixation
14:13:40.8636,555.5,192.7,fixation
14:13:40.8641,554.0,191.5,fixation
14:13:40.8646,553.6,190.1,fixation
14:13:40.8651,553.3,188.7,fixation
14:13:40.8656,554.0,189.7,fixation
14:13:40.8661,554.7,191.1,fixation
14:13:40.8666,555.1,192.3,fixation
14:13:40.8671,555.2,192.2,fixation
14:13:40.8676,555.1,192.1,fixation
14:13:40.8681,555.0,192.1,fixation
14:13:40.8686,554.9,192.2,fixation
14:13:40.8691,555.1,192.3,fixation
14:13:40.8696,555.5,191.8,fixation
14:13:40.8701,555.4,191.1,fixation
14:13:40.8706,554.9,190.3,fixation
14:13:40.8711,553.3,190.2,fixation
14:13:40.8716,552.3,189.7,fixation
14:13:40.8721,551.2,189.3,fixation
14:13:40.8726,552.7,189.5,fixation
14:13:40.8731,554.3,190.4,fixation
14:13:40.8736,554.8,192.1,fixation
14:13:40.8741,553.7,193.6,fixation
14:13:40.8746,552.8,194.7,fixation
14:13:40.8751,553.1,194.9,fixation
14:13:40.8756,553.9,194.8,fixation
14:13:40.8761,554.5,194.6,fixation
14:13:40.8766,555.0,194.6,fixation
14:13:40.8771,555.2,194.2,fixation
14:13:40.8776,554.9,193.5,fixation
14:13:40.8781,554.4,193.0,fixation
14:13:40.8786,553.1,192.7,fixation
14:13:40.8791,552.4,191.8,fixation
14:13:40.8796,552.7,191.1,fixation
14:13:40.8801,554.5,190.4,fixation
14:13:40.8806,556.1,190.8,fixation
14:13:40.8811,557.1,191.3,fixation
14:13:40.8816,557.4,191.8,fixation
14:13:40.8821,557.6,192.0,fixation
14:13:40.8826,557.5,192.0,fixation
14:13:40.8831,557.4,192.1,fixation
14:13:40.8836,557.4,192.5,fixation
14:13:40.8841,557.5,193.0,fixation
14:13:40.8846,557.6,193.3,fixation
14:13:40.8851,557.6,193.9,fixation
14:13:40.8856,556.3,194.2,fixation
14:13:40.8861,555.0,193.5,fixation
14:13:40.8866,552.6,192.0,fixation
14:13:40.8871,551.3,190.5,fixation
14:13:40.8876,551.3,190.2,fixation
14:13:40.8881,553.0,191.7,fixation
14:13:40.8886,554.7,193.3,fixation
14:13:40.8891,555.1,194.7,fixation
14:13:40.8896,554.7,194.8,fixation
14:13:40.8901,553.4,194.6,fixation
14:13:40.8906,552.4,194.4,fixation
14:13:40.8911,552.0,193.9,fixation
14:13:40.8916,552.4,193.7,fixation
14:13:40.8921,553.0,193.7,fixation
14:13:40.8926,553.5,194.1,fixation
14:13:40.8931,554.0,194.4,fixation
14:13:40.8936,554.2,194.4,fixation
14:13:40.8941,554.2,194.3,fixation
14:13:40.8946,554.1,194.1,fixation
14:13:40.8951,553.6,194.7,fixation
14:13:40.8956,553.1,195.5,fixation
14:13:40.8961,552.9,194.9,fixation
14:13:40.8966,553.3,193.4,fixation
14:13:40.8971,553.9,192.0,fixation
14:13:40.8976,554.7,190.2,fixation
14:13:40.8981,554.9,187.1,fixation
14:13:40.8986,554.4,183.9,fixation
14:13:40.8991,553.1,184.9,fixation
14:13:40.8996,552.2,187.4,fixation
14:13:40.9001,551.5,189.7,fixation
14:13:40.9006,551.2,189.5,fixation
14:13:40.9011,552.5,190.0,fixation
14:13:40.9016,554.1,190.9,fixation
14:13:40.9021,555.1,191.5,fixation
14:13:40.9026,554.7,191.3,fixation
14:13:40.9031,554.4,190.8,fixation
14:13:40.9036,554.8,190.6,fixation
14:13:40.9041,554.8,190.6,fixation
14:13:40.9046,554.7,191.0,fixation
14:13:40.9051,553.6,191.4,fixation
14:13:40.9056,552.6,191.5,fixation
14:13:40.9061,551.6,190.0,fixation
14:13:40.9066,551.5,188.6,fixation
14:13:40.9071,551.7,188.9,fixation
14:13:40.9076,551.4,190.5,fixation
14:13:40.9081,550.6,192.0,fixation
14:13:40.9086,549.8,191.0,fixation
14:13:40.9091,549.7,190.3,fixation
14:13:40.9096,550.1,189.8,fixation
14:13:40.9101,550.7,190.6,fixation
14:13:40.9106,550.8,191.1,fixation
14:13:40.9111,551.3,191.9,fixation
14:13:40.9116,551.6,192.3,fixation
14:13:40.9121,552.1,192.8,fixation
14:13:40.9126,552.3,192.9,fixation
14:13:40.9131,552.0,192.4,fixation
14:13:40.9136,551.5,191.1,fixation
14:13:40.9141,550.9,189.5,fixation
14:13:40.9146,551.9,188.7,fixation
14:13:40.9151,552.8,188.7,fixation
14:13:40.9156,553.1,189.0,fixation
14:13:40.9161,551.3,188.9,fixation
14:13:40.9166,549.4,188.6,fixation
14:13:40.9171,548.2,188.3,fixation
14:13:40.9176,547.8,188.2,fixation
14:13:40.9181,547.4,188.0,fixation
14:13:40.9186,548.5,188.1,fixation
14:13:40.9191,550.2,188.2,fixation
14:13:40.9196,552.0,188.0,fixation
14:13:40.9201,552.1,187.8,fixation
14:13:40.9206,552.2,187.5,fixation
14:13:40.9211,552.1,187.5,fixation
14:13:40.9216,551.5,187.9,fixation
14:13:40.9221,551.0,188.6,fixation
14:13:40.9226,550.6,189.4,fixation
14:13:40.9231,551.2,189.9,fixation
14:13:40.9236,551.9,189.1,fixation
14:13:40.9241,552.4,188.3,fixation
14:13:40.9246,552.0,188.8,fixation
14:13:40.9251,551.2,190.2,fixation
14:13:40.9256,550.4,191.5,fixation
14:13:40.9261,549.2,191.3,fixation
14:13:40.9266,548.3,191.2,fixation
14:13:40.9271,547.4,191.0,fixation
14:13:40.9276,546.9,190.9,fixation
14:13:40.9281,546.4,190.9,fixation
14:13:40.9286,547.3,191.0,fixation
14:13:40.9291,548.7,190.3,fixation
14:13:40.9296,549.9,189.5,fixation
14:13:40.9301,549.8,188.7,fixation
14:13:40.9306,549.7,188.7,fixation
14:13:40.9311,549.7,188.8,fixation
14:13:40.9316,550.0,188.9,fixation
14:13:40.9321,550.3,187.8,fixation
14:13:40.9326,550.5,186.7,fixation
14:13:40.9331,550.5,185.8,fixation
14:13:40.9336,550.7,186.4,fixation
14:13:40.9341,551.0,186.9,fixation
14:13:40.9346,551.4,187.2,fixation
14:13:40.9351,551.6,187.2,fixation
14:13:40.9356,551.4,187.9,fixation
14:13:40.9361,550.9,188.5,fixation
14:13:40.9366,550.5,189.1,fixation
14:13:40.9371,550.3,189.0,fixation
14:13:40.9376,550.3,189.1,fixation
14:13:40.9381,550.2,189.2,fixation
14:13:40.9386,549.9,189.3,fixation
14:13:40.9391,550.1,189.7,fixation
14:13:40.9396,550.2,190.5,fixation
14:13:40.9401,550.4,191.4,fixation
14:13:40.9406,549.9,192.2,fixation
14:13:40.9411,549.6,192.7,fixation
14:13:40.9416,549.4,191.3,fixation
14:13:40.9421,549.4,189.6,fixation
14:13:40.9426,548.6,189.0,fixation
14:13:40.9431,547.7,190.2,fixation
14:13:40.9436,546.6,191.2,fixation
14:13:40.9441,546.4,191.1,fixation
14:13:40.9446,546.2,191.1,fixation
14:13:40.9451,545.7,190.7,fixation
14:13:40.9456,545.4,190.3,fixation
14:13:40.9461,546.1,190.1,fixation
14:13:40.9466,547.0,190.5,fixation
14:13:40.9471,548.0,191.0,fixation
14:13:40.9476,548.1,190.7,fixation
14:13:40.9481,547.3,190.1,fixation
14:13:40.9486,546.4,189.6,fixation
14:13:40.9491,547.0,189.5,fixation
14:13:40.9496,548.5,189.7,fixation
14:13:40.9501,550.0,189.4,fixation
14:13:40.9506,550.2,189.0,fixation
14:13:40.9511,550.5,188.6,fixation
14:13:40.9516,550.4,188.6,fixation
14:13:40.9521,549.0,189.6,fixation
14:13:40.9526,547.7,190.7,fixation
14:13:40.9531,546.9,190.9,fixation
14:13:40.9536,547.1,190.0,fixation
14:13:40.9541,547.5,189.2,fixation
14:13:40.9546,547.8,189.1,fixation
14:13:40.9551,548.4,188.9,fixation
14:13:40.9556,548.8,188.7,fixation
14:13:40.9561,549.0,188.6,fixation
14:13:40.9566,548.6,188.6,fixation
14:13:40.9571,548.3,188.5,fixation
14:13:40.9576,547.6,188.5,fixation
14:13:40.9581,547.1,189.0,fixation
14:13:40.9586,547.3,189.4,fixation
14:13:40.9591,548.1,189.8,fixation
14:13:40.9596,548.2,189.6,fixation
14:13:40.9601,547.6,189.2,fixation
14:13:40.9606,547.2,188.7,fixation
14:13:40.9611,547.2,188.7,fixation
14:13:40.9616,547.2,189.4,fixation
14:13:40.9621,547.2,192.1,fixation
14:13:40.9626,547.3,194.3,fixation
14:13:40.9631,547.5,196.1,fixation
14:13:40.9636,547.6,196.1,fixation
14:13:40.9641,547.6,194.7,fixation
14:13:40.9646,547.5,193.2,fixation
14:13:40.9651,547.5,191.8,fixation
14:13:40.9656,547.6,191.6,fixation
14:13:40.9661,547.7,190.8,fixation
14:13:40.9666,547.8,189.3,fixation
14:13:40.9671,547.9,187.9,fixation
14:13:40.9676,547.8,187.7,fixation
14:13:40.9681,547.8,188.6,fixation
14:13:40.9686,547.5,189.8,fixation
14:13:40.9691,547.3,190.6,fixation
14:13:40.9696,547.4,189.4,fixation
14:13:40.9701,548.1,188.0,fixation
14:13:40.9706,548.8,186.5,fixation
14:13:40.9711,549.2,186.5,fixation
14:13:40.9716,549.2,187.6,fixation
14:13:40.9721,549.2,188.9,fixation
14:13:40.9726,549.3,190.3,fixation
14:13:40.9731,549.6,190.5,fixation
14:13:40.9736,550.0,190.0,fixation
14:13:40.9741,550.4,189.3,fixation
14:13:40.9746,549.7,188.6,fixation
14:13:40.9751,548.6,190.0,fixation
14:13:40.9756,547.5,191.4,fixation
14:13:40.9761,547.5,191.5,fixation
14:13:40.9766,548.3,190.8,fixation
14:13:40.9771,549.0,190.2,fixation
14:13:40.9776,550.0,191.2,fixation
14:13:40.9781,550.7,191.5,fixation
14:13:40.9786,551.6,190.9,fixation
14:13:40.9791,550.4,189.5,fixation
14:13:40.9796,548.8,187.9,fixation
14:13:40.9801,546.9,187.1,fixation
14:13:40.9806,546.5,186.6,fixation
14:13:40.9811,546.1,186.4,fixation
14:13:40.9816,545.6,188.4,fixation
14:13:40.9821,545.2,190.5,fixation
14:13:40.9826,544.8,191.9,fixation
14:13:40.9831,544.7,191.3,fixation
14:13:40.9836,546.0,190.7,fixation
14:13:40.9841,547.5,190.5,fixation
14:13:40.9846,549.0,190.1,fixation
14:13:40.9851,549.1,189.6,fixation
14:13:40.9856,547.7,189.9,fixation
14:13:40.9861,546.2,190.1,fixation
14:13:40.9866,545.3,189.4,fixation
14:13:40.9871,546.2,188.5,fixation
14:13:40.9876,547.8,187.6,fixation
14:13:40.9881,548.8,187.9,fixation
14:13:40.9886,549.7,188.3,fixation
14:13:40.9891,549.6,188.5,fixation
14:13:40.9896,548.5,188.4,fixation
14:13:40.9901,547.4,188.2,fixation
14:13:40.9906,547.3,189.0,fixation
14:13:40.9911,548.2,190.0,fixation
14:13:40.9916,549.2,191.0,fixation
14:13:40.9921,549.1,191.1,fixation
14:13:40.9926,549.1,190.9,fixation
14:13:40.9931,548.2,190.4,fixation
14:13:40.9936,547.3,189.9,fixation
14:13:40.9941,547.2,189.7,fixation
14:13:40.9946,548.1,189.9,fixation
14:13:40.9951,548.7,190.2,fixation
14:13:40.9956,548.5,190.3,fixation
14:13:40.9961,549.2,190.4,fixation
14:13:40.9966,550.1,190.5,fixation
14:13:40.9971,550.9,190.6,fixation
14:13:40.9976,550.8,190.4,fixation
14:13:40.9981,550.4,190.3,fixation
14:13:40.9986,549.9,190.2,fixation
14:13:40.9991,549.4,190.6,fixation
14:13:40.9996,549.6,190.8,fixation
14:13:41.0001,550.1,191.0,fixation
14:13:41.0006,550.4,190.7,fixation
14:13:41.0011,550.1,190.9,fixation
14:13:41.0016,549.7,191.2,fixation
14:13:41.0021,549.1,191.5,fixation
14:13:41.0026,548.1,191.5,fixation
14:13:41.0031,547.2,191.0,fixation
14:13:41.0036,546.6,190.6,fixation
14:13:41.0041,546.8,190.5,fixation
14:13:41.0046,546.9,191.1,fixation
14:13:41.0051,547.0,191.1,fixation
14:13:41.0056,547.0,190.7,fixation
14:13:41.0061,547.0,190.4,fixation
14:13:41.0066,547.3,190.1,fixation
14:13:41.0071,547.7,189.9,fixation
14:13:41.0076,548.8,189.9,fixation
14:13:41.0081,549.7,190.1,fixation
14:13:41.0086,549.7,189.1,fixation
14:13:41.0091,549.1,188.1,fixation
14:13:41.0096,548.4,187.7,fixation
14:13:41.0101,548.1,188.0,fixation
14:13:41.0106,547.9,187.9,fixation
14:13:41.0111,547.4,187.2,fixation
14:13:41.0116,547.0,187.7,fixation
14:13:41.0121,546.9,189.5,fixation
14:13:41.0126,547.2,191.4,fixation
14:13:41.0131,547.7,192.5,fixation
14:13:41.0136,548.3,193.1,fixation
14:13:41.0141,548.6,193.6,fixation
14:13:41.0146,548.4,194.2,fixation
14:13:41.0151,547.2,194.2,fixation
14:13:41.0156,545.9,194.0,fixation
14:13:41.0161,545.2,193.5,fixation
14:13:41.0166,545.5,193.0,fixation
14:13:41.0171,546.0,192.6,fixation
14:13:41.0176,547.6,192.1,fixation
14:13:41.0181,548.9,190.2,fixation
14:13:41.0186,549.9,188.4,fixation
14:13:41.0191,549.3,187.2,fixation
14:13:41.0196,548.8,187.5,fixation
14:13:41.0201,548.4,188.3,fixation
14:13:41.0206,547.9,188.7,fixation
14:13:41.0211,547.3,188.8,fixation
14:13:41.0216,546.7,188.6,fixation
14:13:41.0221,545.7,188.5,fixation
14:13:41.0226,544.7,189.2,fixation
14:13:41.0231,545.5,190.1,fixation
14:13:41.0236,547.2,191.0,fixation
14:13:41.0241,548.4,191.0,fixation
14:13:41.0246,547.9,190.8,fixation
14:13:41.0251,547.5,190.8,fixation
14:13:41.0256,547.3,190.7,fixation
14:13:41.0261,547.0,190.7,fixation
14:13:41.0266,546.7,190.7,fixation
14:13:41.0271,546.9,191.0,fixation
14:13:41.0276,547.1,191.6,fixation
14:13:41.0281,547.2,192.3,fixation
14:13:41.0286,547.3,192.8,fixation
14:13:41.0291,547.3,193.0,fixation
14:13:41.0296,547.4,192.5,fixation
14:13:41.0301,546.5,191.5,fixation
14:13:41.0306,545.4,190.3,fixation
14:13:41.0311,544.1,189.4,fixation
14:13:41.0316,544.4,189.0,fixation
14:13:41.0321,545.2,189.2,fixation
14:13:41.0326,546.1,189.8,fixation
14:13:41.0331,546.8,190.4,fixation
14:13:41.0336,547.3,190.8,fixation
14:13:41.0341,547.6,190.9,fixation
14:13:41.0346,548.2,191.4,fixation
14:13:41.0351,548.6,191.9,fixation
14:13:41.0356,549.1,192.2,fixation
14:13:41.0361,549.7,192.0,fixation
14:13:41.0366,550.2,191.8,fixation
14:13:41.0371,550.8,193.8,fixation
14:13:41.0376,550.7,195.8,fixation
14:13:41.0381,550.6,196.8,fixation
14:13:41.0386,550.4,195.3,fixation
14:13:41.0391,549.7,194.2,fixation
14:13:41.0396,548.8,194.1,fixation
14:13:41.0401,547.2,194.7,fixation
14:13:41.0406,546.1,194.7,fixation
14:13:41.0411,545.4,194.1,fixation
14:13:41.0416,545.5,192.7,fixation
14:13:41.0421,545.9,191.0,fixation
14:13:41.0426,546.2,189.8,fixation
14:13:41.0431,547.2,189.5,fixation
14:13:41.0436,547.8,190.4,fixation
14:13:41.0441,547.5,191.4,fixation
14:13:41.0446,546.5,191.8,fixation
14:13:41.0451,545.6,190.8,fixation
14:13:41.0456,545.5,190.1,fixation
14:13:41.0461,545.5,190.1,fixation
14:13:41.0466,545.6,191.2,fixation
14:13:41.0471,545.8,191.7,fixation
14:13:41.0476,545.8,191.6,fixation
14:13:41.0481,545.6,190.8,fixation
14:13:41.0486,545.3,190.7,fixation
14:13:41.0491,545.5,191.1,fixation
14:13:41.0496,545.8,191.4,fixation
14:13:41.0501,546.1,191.2,fixation
14:13:41.0506,546.1,191.0,fixation
14:13:41.0511,546.0,191.3,fixation
14:13:41.0516,546.0,191.6,fixation
14:13:41.0521,546.0,191.8,saccade
14:13:41.0526,546.1,191.6,saccade
14:13:41.0531,547.4,191.3,saccade
14:13:41.0536,548.7,191.0,saccade
14:13:41.0541,550.2,189.7,saccade
14:13:41.0546,550.4,188.4,saccade
14:13:41.0551,550.7,188.7,saccade
14:13:41.0556,551.0,190.3,saccade
14:13:41.0561,552.0,192.2,saccade
14:13:41.0566,552.8,192.7,saccade
14:13:41.0571,553.7,193.1,saccade
14:13:41.0576,554.1,193.3,saccade
14:13:41.0581,554.0,193.2,saccade
14:13:41.0586,553.8,193.0,saccade
14:13:41.0591,556.1,194.1,saccade
14:13:41.0596,558.7,195.3,saccade
14:13:41.0601,562.0,195.7,saccade
14:13:41.0606,565.9,195.3,saccade
14:13:41.0611,569.2,194.9,saccade
14:13:41.0616,571.8,195.3,saccade
14:13:41.0621,573.2,195.6,saccade
14:13:41.0626,576.7,196.1,saccade
14:13:41.0631,582.3,196.8,saccade
14:13:41.0636,587.7,196.7,saccade
14:13:41.0641,591.4,196.5,saccade
14:13:41.0646,594.9,196.9,saccade
14:13:41.0651,598.0,197.8,saccade
14:13:41.0656,601.9,198.0,saccade
14:13:41.0661,604.8,197.6,saccade
14:13:41.0666,606.9,197.3,saccade
14:13:41.0671,609.3,198.1,saccade
14:13:41.0676,611.4,198.8,saccade
14:13:41.0681,613.3,198.4,saccade
14:13:41.0686,614.5,197.8,saccade
14:13:41.0691,615.6,196.1,saccade
14:13:41.0696,616.5,195.0,saccade
14:13:41.0701,616.8,194.1,saccade
14:13:41.0706,618.1,194.8,saccade
14:13:41.0711,619.3,195.4,saccade
14:13:41.0716,620.7,195.2,saccade
14:13:41.0721,621.4,193.1,saccade
14:13:41.0726,623.0,191.1,saccade
14:13:41.0731,624.7,191.3,saccade
14:13:41.0736,627.2,193.9,saccade
14:13:41.0741,628.6,196.6,saccade
14:13:41.0746,629.7,197.6,saccade
14:13:41.0751,630.5,195.6,saccade
14:13:41.0756,632.2,190.7,fixation
14:13:41.0761,634.4,193.4,fixation
14:13:41.0766,636.6,196.3,fixation
14:13:41.0771,639.1,197.9,fixation
14:13:41.0776,639.8,196.1,fixation
14:13:41.0781,640.5,193.1,fixation
14:13:41.0786,640.7,191.4,fixation
14:13:41.0791,640.7,190.3,fixation
14:13:41.0796,640.6,190.4,fixation
14:13:41.0801,640.6,190.3,fixation
14:13:41.0806,642.1,189.7,fixation
14:13:41.0811,643.5,189.0,fixation
14:13:41.0816,645.1,190.1,fixation
14:13:41.0821,645.2,191.8,fixation
14:13:41.0826,646.0,193.1,fixation
14:13:41.0831,648.2,192.5,fixation
14:13:41.0836,649.6,194.1,fixation
14:13:41.0841,650.3,196.2,fixation
14:13:41.0846,649.8,196.0,fixation
14:13:41.0851,650.1,193.1,fixation
14:13:41.0856,650.6,190.2,fixation
14:13:41.0861,651.2,189.4,fixation
14:13:41.0866,651.6,189.1,fixation
14:13:41.0871,651.7,190.1,fixation
14:13:41.0876,651.7,192.0,fixation
14:13:41.0881,651.7,193.7,fixation
14:13:41.0886,651.3,193.9,fixation
14:13:41.0891,650.5,193.3,fixation
14:13:41.0896,649.6,193.0,fixation
14:13:41.0901,649.1,193.0,fixation
14:13:41.0906,648.1,193.2,fixation
14:13:41.0911,646.7,191.7,fixation
14:13:41.0916,645.5,190.0,fixation
14:13:41.0921,645.1,189.1,fixation
14:13:41.0926,645.1,189.5,fixation
14:13:41.0931,644.3,189.9,fixation
14:13:41.0936,643.5,190.6,fixation
14:13:41.0941,642.4,191.6,fixation
14:13:41.0946,642.0,192.7,fixation
14:13:41.0951,641.5,192.6,fixation
14:13:41.0956,641.0,192.2,fixation
14:13:41.0961,640.6,191.7,fixation
14:13:41.0966,639.7,191.0,fixation
14:13:41.0971,638.4,190.4,fixation
14:13:41.0976,637.4,189.8,fixation
14:13:41.0981,637.6,190.9,fixation
14:13:41.0986,638.5,192.3,fixation
14:13:41.0991,639.2,193.6,fixation
14:13:41.0996,639.0,193.7,fixation
14:13:41.1001,638.3,193.7,fixation
14:13:41.1006,637.7,193.9,fixation
14:13:41.1011,638.1,194.2,fixation
14:13:41.1016,638.5,193.3,fixation
14:13:41.1021,639.2,192.4,fixation
14:13:41.1026,639.4,191.7,fixation
14:13:41.1031,639.5,192.1,fixation
14:13:41.1036,639.1,192.6,fixation
14:13:41.1041,638.7,193.2,fixation
14:13:41.1046,638.5,194.0,fixation
14:13:41.1051,638.4,194.6,fixation
14:13:41.1056,638.7,193.8,fixation
14:13:41.1061,639.2,192.8,fixation
14:13:41.1066,639.8,191.9,fixation
14:13:41.1071,639.3,192.0,fixation
14:13:41.1076,638.6,192.1,fixation
14:13:41.1081,638.1,191.9,fixation
14:13:41.1086,638.1,191.7,fixation
14:13:41.1091,638.3,191.1,fixation
14:13:41.1096,638.4,190.7,fixation
14:13:41.1101,638.6,191.8,fixation
14:13:41.1106,638.9,193.4,fixation
14:13:41.1111,639.4,195.0,fixation
14:13:41.1116,639.8,195.0,fixation
14:13:41.1121,640.1,194.8,fixation
14:13:41.1126,640.2,194.7,fixation
14:13:41.1131,639.7,194.6,fixation
14:13:41.1136,639.1,194.5,fixation
14:13:41.1141,638.4,194.7,fixation
14:13:41.1146,638.4,195.1,fixation
14:13:41.1151,638.3,195.5,fixation
14:13:41.1156,638.1,195.6,fixation
14:13:41.1161,637.6,195.2,fixation
14:13:41.1166,636.7,194.8,fixation
14:13:41.1171,635.8,194.2,fixation
14:13:41.1176,635.1,193.7,fixation
14:13:41.1181,634.8,193.2,fixation
14:13:41.1186,634.6,194.0,fixation
14:13:41.1191,634.7,195.0,fixation
14:13:41.1196,635.2,196.0,fixation
14:13:41.1201,636.1,196.3,fixation
14:13:41.1206,636.7,196.8,fixation
14:13:41.1211,638.9,197.6,fixation
14:13:41.1216,640.7,197.9,fixation
14:13:41.1221,641.6,196.9,fixation
14:13:41.1226,640.6,195.8,fixation
14:13:41.1231,639.0,194.4,fixation
14:13:41.1236,638.4,193.7,fixation
14:13:41.1241,638.7,192.7,saccade
14:13:41.1246,639.5,192.7,saccade
14:13:41.1251,640.4,191.9,saccade
14:13:41.1256,640.5,191.5,saccade
14:13:41.1261,640.5,191.4,saccade
14:13:41.1266,641.0,192.3,saccade
14:13:41.1271,641.9,192.9,saccade
14:13:41.1276,642.9,193.1,saccade
14:13:41.1281,642.7,193.4,saccade
14:13:41.1286,642.0,193.6,saccade
14:13:41.1291,641.9,193.9,saccade
14:13:41.1296,643.0,194.1,saccade
14:13:41.1301,644.3,194.4,saccade
14:13:41.1306,645.4,193.8,saccade
14:13:41.1311,648.2,192.2,saccade
14:13:41.1316,651.1,190.6,saccade
14:13:41.1321,654.1,189.8,saccade
14:13:41.1326,657.0,189.9,saccade
14:13:41.1331,661.3,190.3,saccade
14:13:41.1336,665.2,190.9,saccade
14:13:41.1341,670.7,191.0,saccade
14:13:41.1346,676.0,190.9,saccade
14:13:41.1351,682.9,190.4,saccade
14:13:41.1356,686.6,190.2,saccade
14:13:41.1361,690.6,190.0,saccade
14:13:41.1366,693.5,189.0,saccade
14:13:41.1371,699.2,188.0,saccade
14:13:41.1376,704.7,189.4,saccade
14:13:41.1381,711.2,191.8,saccade
14:13:41.1386,716.9,192.4,saccade
14:13:41.1391,721.5,190.9,saccade
14:13:41.1396,728.4,189.4,saccade
14:13:41.1401,732.7,189.5,saccade
14:13:41.1406,738.3,189.3,saccade
14:13:41.1411,741.6,189.1,saccade
14:13:41.1416,744.9,189.8,saccade
14:13:41.1421,746.4,190.4,saccade
14:13:41.1426,746.7,190.0,saccade
14:13:41.1431,748.1,188.8,saccade
14:13:41.1436,749.6,187.0,saccade
14:13:41.1441,750.9,186.2,saccade
14:13:41.1446,750.7,186.9,saccade
14:13:41.1451,750.5,188.4,saccade
14:13:41.1456,750.4,189.5,saccade
14:13:41.1461,750.5,189.3,saccade
14:13:41.1466,750.8,189.1,saccade
14:13:41.1471,751.1,189.2,saccade
14:13:41.1476,751.2,189.3,saccade
14:13:41.1481,750.8,189.4,saccade
14:13:41.1486,750.1,187.6,fixation
14:13:41.1491,750.3,186.5,fixation
14:13:41.1496,748.9,186.6,fixation
14:13:41.1501,747.2,187.3,fixation
14:13:41.1506,744.6,188.1,fixation
14:13:41.1511,743.0,187.4,fixation
14:13:41.1516,741.4,186.0,fixation
14:13:41.1521,741.6,184.4,fixation
14:13:41.1526,742.3,184.4,fixation
14:13:41.1531,742.8,185.5,fixation
14:13:41.1536,742.2,186.3,fixation
14:13:41.1541,741.3,187.1,fixation
14:13:41.1546,740.0,186.4,fixation
14:13:41.1551,738.7,186.1,fixation
14:13:41.1556,737.4,187.4,fixation
14:13:41.1561,736.4,188.9,fixation
14:13:41.1566,735.8,190.1,fixation
14:13:41.1571,735.7,189.7,fixation
14:13:41.1576,735.4,189.3,fixation
14:13:41.1581,734.8,188.8,fixation
14:13:41.1586,734.3,188.2,fixation
14:13:41.1591,734.2,187.6,fixation
14:13:41.1596,734.0,187.4,fixation
14:13:41.1601,733.7,187.2,fixation
14:13:41.1606,733.4,187.7,fixation
14:13:41.1611,733.3,188.4,fixation
14:13:41.1616,733.5,189.2,fixation
14:13:41.1621,733.6,189.5,fixation
14:13:41.1626,732.7,189.7,fixation
14:13:41.1631,730.7,189.9,fixation
14:13:41.1636,728.7,190.6,fixation
14:13:41.1641,727.7,191.0,fixation
14:13:41.1646,727.6,191.2,fixation
14:13:41.1651,727.6,188.9,fixation
14:13:41.1656,726.6,186.7,fixation
14:13:41.1661,725.6,186.0,fixation
14:13:41.1666,724.6,187.4,fixation
14:13:41.1671,724.6,188.7,fixation
14:13:41.1676,724.6,188.6,fixation
14:13:41.1681,724.5,188.7,fixation
14:13:41.1686,724.9,188.9,fixation
14:13:41.1691,725.5,189.0,fixation
14:13:41.1696,725.8,189.1,fixation
14:13:41.1701,725.5,189.2,fixation
14:13:41.1706,725.5,189.4,fixation
14:13:41.1711,725.8,189.6,fixation
14:13:41.1716,726.0,189.8,fixation
14:13:41.1721,726.0,189.8,fixation
14:13:41.1726,725.7,189.4,fixation
14:13:41.1731,725.3,188.9,fixation
14:13:41.1736,725.0,188.6,fixation
14:13:41.1741,724.8,189.6,fixation
14:13:41.1746,724.6,190.7,fixation
14:13:41.1751,724.4,190.7,fixation
14:13:41.1756,724.3,189.7,fixation
14:13:41.1761,724.0,188.1,fixation
14:13:41.1766,723.7,186.9,fixation
14:13:41.1771,725.0,185.7,fixation
14:13:41.1776,726.3,186.9,fixation
14:13:41.1781,727.5,188.7,fixation
14:13:41.1786,726.8,190.2,fixation
14:13:41.1791,726.0,189.6,fixation
14:13:41.1796,725.3,189.2,fixation
14:13:41.1801,725.2,189.0,fixation
14:13:41.1806,725.2,189.3,fixation
14:13:41.1811,726.6,189.5,fixation
14:13:41.1816,728.3,189.7,fixation
14:13:41.1821,730.0,189.7,fixation
14:13:41.1826,728.9,189.7,fixation
14:13:41.1831,727.7,188.7,fixation
14:13:41.1836,726.7,187.8,fixation
14:13:41.1841,727.0,186.9,fixation
14:13:41.1846,727.3,186.9,fixation
14:13:41.1851,727.5,187.0,fixation
14:13:41.1856,727.6,187.3,fixation
14:13:41.1861,728.1,188.4,fixation
14:13:41.1866,728.6,189.4,fixation
14:13:41.1871,729.1,190.1,fixation
14:13:41.1876,729.3,190.1,fixation
14:13:41.1881,729.3,190.8,fixation
14:13:41.1886,729.5,191.6,fixation
14:13:41.1891,729.7,191.2,fixation
14:13:41.1896,729.3,190.0,fixation
14:13:41.1901,729.0,188.8,fixation
14:13:41.1906,728.5,189.0,fixation
14:13:41.1911,728.4,190.4,fixation
14:13:41.1916,728.0,191.8,fixation
14:13:41.1921,727.5,193.2,fixation
14:13:41.1926,727.5,192.5,fixation
14:13:41.1931,727.2,191.8,fixation
14:13:41.1936,727.0,191.1,fixation
14:13:41.1941,726.8,191.7,fixation
14:13:41.1946,726.9,191.8,fixation
14:13:41.1951,726.9,191.5,fixation
14:13:41.1956,726.6,189.4,fixation
14:13:41.1961,726.3,187.7,fixation
14:13:41.1966,726.4,186.2,fixation
14:13:41.1971,726.5,185.9,fixation
14:13:41.1976,726.5,187.1,fixation
14:13:41.1981,726.1,188.0,fixation
14:13:41.1986,725.7,189.0,fixation
14:13:41.1991,725.8,189.1,fixation
14:13:41.1996,726.1,190.0,fixation
14:13:41.2001,726.4,190.8,fixation
14:13:41.2006,726.3,190.9,fixation
14:13:41.2011,726.2,190.6,fixation
14:13:41.2016,726.1,190.3,fixation
14:13:41.2021,726.1,190.8,fixation
14:13:41.2026,726.1,191.5,fixation
14:13:41.2031,726.2,191.4,fixation
14:13:41.2036,726.7,190.6,fixation
14:13:41.2041,727.0,191.1,fixation
14:13:41.2046,727.3,192.3,fixation
14:13:41.2051,727.7,193.5,fixation
14:13:41.2056,728.3,193.2,fixation
14:13:41.2061,728.4,192.9,fixation
14:13:41.2066,727.8,193.7,fixation
14:13:41.2071,726.8,194.7,fixation
14:13:41.2076,726.4,194.9,fixation
14:13:41.2081,726.2,194.2,fixation
14:13:41.2086,726.3,193.5,fixation
14:13:41.2091,725.3,193.5,fixation
14:13:41.2096,724.1,193.5,fixation
14:13:41.2101,723.5,193.5,fixation
14:13:41.2106,725.0,193.9,fixation
14:13:41.2111,726.3,194.9,fixation
14:13:41.2116,727.6,196.0,fixation
14:13:41.2121,728.1,196.0,fixation
14:13:41.2126,728.3,194.4,fixation
14:13:41.2131,727.8,192.7,fixation
14:13:41.2136,726.7,191.9,fixation
14:13:41.2141,725.7,191.5,fixation
14:13:41.2146,724.8,190.8,fixation
14:13:41.2151,724.4,190.1,fixation
14:13:41.2156,724.3,190.0,fixation
14:13:41.2161,724.6,190.2,fixation
14:13:41.2166,724.9,190.3,fixation
14:13:41.2171,725.1,190.1,fixation
14:13:41.2176,725.0,189.9,fixation
14:13:41.2181,724.5,189.9,fixation
14:13:41.2186,723.8,190.7,fixation
14:13:41.2191,723.5,191.9,fixation
14:13:41.2196,724.1,192.9,fixation
14:13:41.2201,724.8,193.2,fixation
14:13:41.2206,725.2,193.1,fixation
14:13:41.2211,725.1,192.9,fixation
14:13:41.2216,725.0,192.9,fixation
14:13:41.2221,724.9,193.0,fixation
14:13:41.2226,724.3,193.1,fixation
14:13:41.2231,723.7,192.9,fixation
14:13:41.2236,723.0,192.0,fixation
14:13:41.2241,722.9,191.0,fixation
14:13:41.2246,723.5,191.1,fixation
14:13:41.2251,724.8,191.8,fixation
14:13:41.2256,726.2,192.2,fixation
14:13:41.2261,726.0,191.7,fixation
14:13:41.2266,725.2,191.4,fixation
14:13:41.2271,724.8,191.4,fixation
14:13:41.2276,726.3,191.5,fixation
14:13:41.2281,727.9,191.3,fixation
14:13:41.2286,729.0,190.6,fixation
14:13:41.2291,728.7,189.2,fixation
14:13:41.2296,728.2,188.1,fixation
14:13:41.2301,727.6,187.4,fixation
14:13:41.2306,727.2,187.2,fixation
14:13:41.2311,726.3,186.9,fixation
14:13:41.2316,725.9,188.3,fixation
14:13:41.2321,725.6,190.0,fixation
14:13:41.2326,726.0,191.7,fixation
14:13:41.2331,726.5,191.6,fixation
14:13:41.2336,727.0,191.5,fixation
14:13:41.2341,727.4,191.3,fixation
14:13:41.2346,727.2,191.1,fixation
14:13:41.2351,727.0,190.9,fixation
14:13:41.2356,727.8,190.9,fixation
14:13:41.2361,728.7,190.9,fixation
14:13:41.2366,729.1,191.1,fixation
14:13:41.2371,728.5,191.3,fixation
14:13:41.2376,727.6,191.9,fixation
14:13:41.2381,727.8,192.2,fixation
14:13:41.2386,728.1,191.2,fixation
14:13:41.2391,728.6,189.9,fixation
14:13:41.2396,728.4,189.2,fixation
14:13:41.2401,728.0,189.7,fixation
14:13:41.2406,727.8,190.3,fixation
14:13:41.2411,727.8,190.2,fixation
14:13:41.2416,727.6,190.4,fixation
14:13:41.2421,727.1,190.6,fixation
14:13:41.2426,726.6,191.3,fixation
14:13:41.2431,726.4,191.6,fixation
14:13:41.2436,726.5,191.7,fixation
14:13:41.2441,727.5,191.8,fixation
14:13:41.2446,728.5,192.1,fixation
14:13:41.2451,728.8,192.0,fixation
14:13:41.2456,728.2,191.6,fixation
14:13:41.2461,727.6,191.2,fixation
14:13:41.2466,727.9,191.1,fixation
14:13:41.2471,728.6,190.8,fixation
14:13:41.2476,729.2,190.8,fixation
14:13:41.2481,728.7,191.2,fixation
14:13:41.2486,728.0,190.9,fixation
14:13:41.2491,727.6,190.2,fixation
14:13:41.2496,728.0,189.6,fixation
14:13:41.2501,728.5,189.5,fixation
14:13:41.2506,728.7,189.6,fixation
14:13:41.2511,729.1,189.7,fixation
14:13:41.2516,729.2,189.8,fixation
14:13:41.2521,729.3,190.2,fixation
14:13:41.2526,729.1,190.5,fixation
14:13:41.2531,728.9,190.7,fixation
14:13:41.2536,728.5,190.5,fixation
14:13:41.2541,728.2,190.3,fixation
14:13:41.2546,728.4,190.1,fixation
14:13:41.2551,729.4,190.3,fixation
14:13:41.2556,730.5,190.5,fixation
14:13:41.2561,731.1,191.1,fixation
14:13:41.2566,731.1,191.5,fixation
14:13:41.2571,731.9,191.3,fixation
14:13:41.2576,732.7,190.6,fixation
14:13:41.2581,733.1,189.9,fixation
14:13:41.2586,731.4,189.5,fixation
14:13:41.2591,729.7,189.4,fixation
14:13:41.2596,728.3,189.6,fixation
14:13:41.2601,728.1,190.0,fixation
14:13:41.2606,727.8,190.4,fixation
14:13:41.2611,727.6,190.9,fixation
14:13:41.2616,727.4,191.3,fixation
14:13:41.2621,727.4,191.6,fixation
14:13:41.2626,728.1,191.6,fixation
14:13:41.2631,728.9,191.2,fixation
14:13:41.2636,729.3,190.9,fixation
14:13:41.2641,728.8,190.8,fixation
14:13:41.2646,728.1,191.0,fixation
14:13:41.2651,728.3,191.1,fixation
14:13:41.2656,728.8,191.2,fixation
14:13:41.2661,729.3,191.1,fixation
14:13:41.2666,729.3,191.1,fixation
14:13:41.2671,729.2,191.2,fixation
14:13:41.2676,729.9,191.4,fixation
14:13:41.2681,730.6,191.4,fixation
14:13:41.2686,731.3,191.3,fixation
14:13:41.2691,731.0,191.4,fixation
14:13:41.2696,730.6,191.6,fixation
14:13:41.2701,729.5,191.8,fixation
14:13:41.2706,728.3,191.8,fixation
14:13:41.2711,727.3,192.0,fixation
14:13:41.2716,726.5,192.1,fixation
14:13:41.2721,726.1,192.7,fixation
14:13:41.2726,726.6,193.2,fixation
14:13:41.2731,727.1,192.7,fixation
14:13:41.2736,727.7,191.6,fixation
14:13:41.2741,727.5,190.1,fixation
14:13:41.2746,727.0,189.7,fixation
14:13:41.2751,726.5,189.4,fixation
14:13:41.2756,726.0,189.5,fixation
14:13:41.2761,726.0,189.7,fixation
14:13:41.2766,725.4,189.9,fixation
14:13:41.2771,724.7,190.1,fixation
14:13:41.2776,724.0,190.2,fixation
14:13:41.2781,724.2,190.2,fixation
14:13:41.2786,724.7,189.9,fixation
14:13:41.2791,725.3,189.6,fixation
14:13:41.2796,726.1,189.8,fixation
14:13:41.2801,726.7,190.1,fixation
14:13:41.2806,727.0,190.1,fixation
14:13:41.2811,726.6,189.3,fixation
14:13:41.2816,726.0,187.6,fixation
14:13:41.2821,725.5,186.1,fixation
14:13:41.2826,725.1,186.1,fixation
14:13:41.2831,724.9,187.3,fixation
14:13:41.2836,724.8,188.7,fixation
14:13:41.2841,724.8,189.7,fixation
14:13:41.2846,724.7,190.6,fixation
14:13:41.2851,724.6,191.0,fixation
14:13:41.2856,724.5,190.7,fixation
14:13:41.2861,724.2,190.4,fixation
14:13:41.2866,723.9,190.7,fixation
14:13:41.2871,724.8,191.1,fixation
14:13:41.2876,725.8,191.5,fixation
14:13:41.2881,726.8,191.7,fixation
14:13:41.2886,726.9,191.7,fixation
14:13:41.2891,727.0,191.6,fixation
14:13:41.2896,726.4,192.2,fixation
14:13:41.2901,725.7,192.8,fixation
14:13:41.2906,724.5,192.9,fixation
14:13:41.2911,724.3,191.7,fixation
14:13:41.2916,724.3,190.3,fixation
14:13:41.2921,725.8,189.3,fixation
14:13:41.2926,726.8,190.8,fixation
14:13:41.2931,726.9,192.4,fixation
14:13:41.2936,726.4,193.3,fixation
14:13:41.2941,726.2,192.4,fixation
14:13:41.2946,725.5,190.8,fixation
14:13:41.2951,724.4,189.9,fixation
14:13:41.2956,724.9,189.3,fixation
14:13:41.2961,726.6,189.3,fixation
14:13:41.2966,728.4,189.0,fixation
14:13:41.2971,728.8,188.5,fixation
14:13:41.2976,729.1,187.4,fixation
14:13:41.2981,729.5,186.6,fixation
14:13:41.2986,729.5,188.2,fixation
14:13:41.2991,730.2,190.4,fixation
14:13:41.2996,730.9,192.6,fixation
14:13:41.3001,731.0,192.4,fixation
14:13:41.3006,730.3,192.1,fixation
14:13:41.3011,729.7,191.1,fixation
14:13:41.3016,728.8,190.2,fixation
14:13:41.3021,728.0,189.5,fixation
14:13:41.3026,727.7,190.0,fixation
14:13:41.3031,728.3,190.6,fixation
14:13:41.3036,728.5,191.1,fixation
14:13:41.3041,727.8,191.1,fixation
14:13:41.3046,727.1,191.1,fixation
14:13:41.3051,726.8,190.7,fixation
14:13:41.3056,726.9,190.4,fixation
14:13:41.3061,726.9,191.4,fixation
14:13:41.3066,728.2,192.7,fixation
14:13:41.3071,729.5,192.0,fixation
14:13:41.3076,729.8,189.8,fixation
14:13:41.3081,728.8,189.0,fixation
14:13:41.3086,728.2,191.2,fixation
14:13:41.3091,728.7,193.3,fixation
14:13:41.3096,729.4,194.7,fixation
14:13:41.3101,729.6,195.2,fixation
14:13:41.3106,728.4,195.4,fixation
14:13:41.3111,727.0,195.1,fixation
14:13:41.3116,725.6,195.2,fixation
14:13:41.3121,725.9,195.6,fixation
14:13:41.3126,727.4,194.9,fixation
14:13:41.3131,728.9,193.9,fixation
14:13:41.3136,729.7,193.0,fixation
14:13:41.3141,729.3,193.8,fixation
14:13:41.3146,728.9,194.5,fixation
14:13:41.3151,728.9,194.5,fixation
14:13:41.3156,729.1,193.5,fixation
14:13:41.3161,728.7,192.5,fixation
14:13:41.3166,727.6,192.1,fixation
14:13:41.3171,726.3,192.2,fixation
14:13:41.3176,725.4,191.5,fixation
14:13:41.3181,725.1,190.7,fixation
14:13:41.3186,724.7,189.9,fixation
14:13:41.3191,724.3,189.7,fixation
14:13:41.3196,723.8,191.0,fixation
14:13:41.3201,725.2,192.4,fixation
14:13:41.3206,726.8,193.2,fixation
14:13:41.3211,728.6,192.7,fixation
14:13:41.3216,727.6,192.2,fixation
14:13:41.3221,726.6,191.2,fixation
14:13:41.3226,725.8,190.1,fixation
14:13:41.3231,726.2,188.9,fixation
14:13:41.3236,726.5,189.1,fixation
14:13:41.3241,726.6,189.4,fixation
14:13:41.3246,726.3,191.0,fixation
14:13:41.3251,726.0,192.3,fixation
14:13:41.3256,725.8,193.2,fixation
14:13:41.3261,726.8,192.4,fixation
14:13:41.3266,727.7,191.8,fixation
14:13:41.3271,728.0,191.5,fixation
14:13:41.3276,727.5,191.1,fixation
14:13:41.3281,727.2,190.5,fixation
14:13:41.3286,727.6,190.0,fixation
14:13:41.3291,727.9,191.0,fixation
14:13:41.3296,728.1,191.9,fixation
14:13:41.3301,728.7,192.9,fixation
14:13:41.3306,729.4,192.7,fixation
14:13:41.3311,729.3,192.4,fixation
14:13:41.3316,728.5,192.2,fixation
14:13:41.3321,727.7,192.1,fixation
14:13:41.3326,726.1,191.8,fixation
14:13:41.3331,724.5,191.1,fixation
14:13:41.3336,723.6,190.3,fixation
14:13:41.3341,723.6,189.5,fixation
14:13:41.3346,723.6,188.2,fixation
14:13:41.3351,724.3,186.8,fixation
14:13:41.3356,726.7,185.4,fixation
14:13:41.3361,728.9,185.0,fixation
14:13:41.3366,729.6,185.1,fixation
14:13:41.3371,729.3,186.0,fixation
14:13:41.3376,728.2,187.4,fixation
14:13:41.3381,727.4,187.9,fixation
14:13:41.3386,726.6,187.8,fixation
14:13:41.3391,725.9,187.3,fixation
14:13:41.3396,725.0,187.2,fixation
14:13:41.3401,724.1,187.3,fixation
14:13:41.3406,724.8,187.6,fixation
14:13:41.3411,725.6,187.8,fixation
14:13:41.3416,726.3,188.0,fixation
14:13:41.3421,726.2,188.1,fixation
14:13:41.3426,726.2,188.4,fixation
14:13:41.3431,726.1,188.5,fixation
14:13:41.3436,726.1,188.9,fixation
14:13:41.3441,726.2,189.2,fixation
14:13:41.3446,726.6,189.7,fixation
14:13:41.3451,726.7,189.9,fixation
14:13:41.3456,726.4,189.6,fixation
14:13:41.3461,726.1,189.1,fixation
14:13:41.3466,726.0,189.9,fixation
14:13:41.3471,726.2,191.1,fixation
14:13:41.3476,726.2,191.2,fixation
14:13:41.3481,726.3,190.0,fixation
14:13:41.3486,726.3,188.7,fixation
14:13:41.3491,726.6,188.7,fixation
14:13:41.3496,727.1,189.5,fixation
14:13:41.3501,727.6,190.3,fixation
14:13:41.3506,727.7,192.2,fixation
14:13:41.3511,727.6,193.1,fixation
14:13:41.3516,727.5,192.2,fixation
14:13:41.3521,727.5,190.3,fixation
14:13:41.3526,727.9,187.9,fixation
14:13:41.3531,728.2,187.4,fixation
14:13:41.3536,728.1,187.5,fixation
14:13:41.3541,727.6,188.3,fixation
14:13:41.3546,727.0,189.5,fixation
14:13:41.3551,726.8,190.5,fixation
14:13:41.3556,726.6,191.1,fixation
14:13:41.3561,726.7,189.9,fixation
14:13:41.3566,726.5,188.5,fixation
14:13:41.3571,726.2,188.4,fixation
14:13:41.3576,726.2,189.7,fixation
14:13:41.3581,726.5,191.1,fixation
14:13:41.3586,726.9,190.4,fixation
14:13:41.3591,726.9,189.7,fixation
14:13:41.3596,726.5,189.0,fixation
14:13:41.3601,725.9,188.8,fixation
14:13:41.3606,725.4,188.6,fixation
14:13:41.3611,725.4,188.5,fixation
14:13:41.3616,726.4,188.5,fixation
14:13:41.3621,728.6,188.5,fixation
14:13:41.3626,730.7,188.6,fixation
14:13:41.3631,729.9,188.6,fixation
14:13:41.3636,728.0,189.0,fixation
14:13:41.3641,725.6,189.4,fixation
14:13:41.3646,725.1,189.1,fixation
14:13:41.3651,726.3,188.3,fixation
14:13:41.3656,728.0,187.0,fixation
14:13:41.3661,730.0,186.4,fixation
14:13:41.3666,730.1,187.7,fixation
14:13:41.3671,729.5,189.5,fixation
14:13:41.3676,728.5,190.8,fixation
14:13:41.3681,727.6,190.4,fixation
14:13:41.3686,728.5,190.1,fixation
14:13:41.3691,729.6,190.4,fixation
14:13:41.3696,729.3,190.6,fixation
14:13:41.3701,728.0,189.8,fixation
14:13:41.3706,727.6,189.0,fixation
14:13:41.3711,728.4,189.0,fixation
14:13:41.3716,728.4,190.0,fixation
14:13:41.3721,727.5,191.1,fixation
14:13:41.3726,726.8,191.0,fixation
14:13:41.3731,726.9,191.1,fixation
14:13:41.3736,727.0,191.6,fixation
14:13:41.3741,726.9,192.2,fixation
14:13:41.3746,726.9,192.1,fixation
14:13:41.3751,726.9,191.5,fixation
14:13:41.3756,726.2,191.1,fixation
14:13:41.3761,725.5,190.9,fixation
14:13:41.3766,725.9,190.9,fixation
14:13:41.3771,726.3,190.3,fixation
14:13:41.3776,726.4,189.6,fixation
14:13:41.3781,725.3,189.0,fixation
14:13:41.3786,724.7,189.0,fixation
14:13:41.3791,724.6,188.6,fixation
14:13:41.3796,726.0,188.3,fixation
14:13:41.3801,728.5,188.2,fixation
14:13:41.3806,730.9,188.5,fixation
14:13:41.3811,730.5,188.9,fixation
14:13:41.3816,729.6,188.8,fixation
14:13:41.3821,729.2,188.1,fixation
14:13:41.3826,729.8,187.5,fixation
14:13:41.3831,729.7,187.3,fixation
14:13:41.3836,728.6,187.5,fixation
14:13:41.3841,727.9,187.5,fixation
14:13:41.3846,727.4,187.4,fixation
14:13:41.3851,727.4,187.3,fixation
14:13:41.3856,727.3,184.5,fixation
14:13:41.3861,727.2,181.7,fixation
14:13:41.3866,727.0,180.5,fixation
14:13:41.3871,727.0,182.0,fixation
14:13:41.3876,727.6,184.7,fixation
14:13:41.3881,728.3,185.8,fixation
14:13:41.3886,728.8,185.9,fixation
14:13:41.3891,728.5,184.8,fixation
14:13:41.3896,727.8,185.7,fixation
14:13:41.3901,727.4,187.7,fixation
14:13:41.3906,727.1,189.7,fixation
14:13:41.3911,726.7,189.4,fixation
14:13:41.3916,726.4,188.5,fixation
14:13:41.3921,726.0,187.7,fixation
14:13:41.3926,725.8,188.5,fixation
14:13:41.3931,725.6,190.0,fixation
14:13:41.3936,726.5,191.4,fixation
14:13:41.3941,727.6,191.6,fixation
14:13:41.3946,728.0,191.8,fixation
14:13:41.3951,727.3,192.0,fixation
14:13:41.3956,725.7,192.1,fixation
14:13:41.3961,724.8,192.0,fixation
14:13:41.3966,724.0,191.9,fixation
14:13:41.3971,724.3,192.0,fixation
14:13:41.3976,725.8,192.1,fixation
14:13:41.3981,727.2,192.0,fixation
14:13:41.3986,728.3,191.7,fixation
14:13:41.3991,726.7,191.7,fixation
14:13:41.3996,725.2,191.8,fixation
14:13:41.4001,723.8,192.1,fixation
14:13:41.4006,723.9,192.4,fixation
14:13:41.4011,723.9,192.6,fixation
14:13:41.4016,723.9,192.6,fixation
14:13:41.4021,723.9,192.5,fixation
14:13:41.4026,724.2,192.0,fixation
14:13:41.4031,724.7,191.3,fixation
14:13:41.4036,725.2,190.5,fixation
14:13:41.4041,725.6,190.0,fixation
14:13:41.4046,726.0,190.0,fixation
14:13:41.4051,726.5,190.1,fixation
14:13:41.4056,726.8,188.6,fixation
14:13:41.4061,727.0,186.9,fixation
14:13:41.4066,727.1,187.3,fixation
14:13:41.4071,727.1,189.5,fixation
14:13:41.4076,727.1,191.5,fixation
14:13:41.4081,726.5,191.2,fixation
14:13:41.4086,725.7,190.7,fixation
14:13:41.4091,725.6,190.3,fixation
14:13:41.4096,726.2,191.5,fixation
14:13:41.4101,726.8,192.9,fixation
14:13:41.4106,726.7,191.4,fixation
14:13:41.4111,726.5,188.4,fixation
14:13:41.4116,724.9,186.5,fixation
14:13:41.4121,723.2,187.6,fixation
14:13:41.4126,722.0,188.7,fixation
14:13:41.4131,722.3,188.8,fixation
14:13:41.4136,722.5,189.1,fixation
14:13:41.4141,722.6,189.2,fixation
14:13:41.4146,722.9,189.3,fixation
14:13:41.4151,723.5,188.9,fixation
14:13:41.4156,724.3,188.5,fixation
14:13:41.4161,724.7,188.4,fixation
14:13:41.4166,724.7,188.8,fixation
14:13:41.4171,725.6,189.1,fixation
14:13:41.4176,726.8,189.1,fixation
14:13:41.4181,726.5,188.7,fixation
14:13:41.4186,725.0,188.3,fixation
14:13:41.4191,724.5,188.2,fixation
14:13:41.4196,725.6,188.2,fixation
14:13:41.4201,725.4,187.7,fixation
14:13:41.4206,724.2,187.4,fixation
14:13:41.4211,723.7,187.5,fixation
14:13:41.4216,724.5,188.1,fixation
14:13:41.4221,725.6,189.6,fixation
14:13:41.4226,725.9,191.0,fixation
14:13:41.4231,726.2,192.4,fixation
14:13:41.4236,725.6,191.9,fixation
14:13:41.4241,725.1,191.4,fixation
14:13:41.4246,725.3,190.8,fixation
14:13:41.4251,725.9,190.9,fixation
14:13:41.4256,726.6,190.9,fixation
14:13:41.4261,726.2,190.9,fixation
14:13:41.4266,725.9,190.8,fixation
14:13:41.4271,725.6,190.2,fixation
14:13:41.4276,725.8,188.7,fixation
14:13:41.4281,725.5,187.2,fixation
14:13:41.4286,725.2,186.2,fixation
14:13:41.4291,724.9,186.7,fixation
14:13:41.4296,724.8,187.6,fixation
14:13:41.4301,725.5,188.5,fixation
14:13:41.4306,726.2,188.7,fixation
14:13:41.4311,726.9,188.3,fixation
14:13:41.4316,726.6,187.7,fixation
14:13:41.4321,726.3,187.1,fixation
14:13:41.4326,726.3,187.2,fixation
14:13:41.4331,726.8,188.1,fixation
14:13:41.4336,727.6,189.7,fixation
14:13:41.4341,728.1,191.4,fixation
14:13:41.4346,728.1,192.7,fixation
14:13:41.4351,727.3,191.8,fixation
14:13:41.4356,726.5,190.2,fixation
14:13:41.4361,726.6,189.6,fixation
14:13:41.4366,727.2,190.5,fixation
14:13:41.4371,727.8,191.3,fixation
14:13:41.4376,728.0,191.0,fixation
14:13:41.4381,728.4,190.8,fixation
14:13:41.4386,728.9,190.7,fixation
14:13:41.4391,729.3,190.3,fixation
14:13:41.4396,729.4,189.8,fixation
14:13:41.4401,729.2,190.3,fixation
14:13:41.4406,729.1,191.3,fixation
14:13:41.4411,729.0,192.9,fixation
14:13:41.4416,729.0,193.2,fixation
14:13:41.4421,728.8,193.6,fixation
14:13:41.4426,728.8,193.4,fixation
14:13:41.4431,728.9,192.0,fixation
14:13:41.4436,729.6,190.6,fixation
14:13:41.4441,730.3,189.3,fixation
14:13:41.4446,731.1,189.8,fixation
14:13:41.4451,731.4,190.2,fixation
14:13:41.4456,730.7,190.9,fixation
14:13:41.4461,729.7,191.1,fixation
14:13:41.4466,729.1,191.3,fixation
14:13:41.4471,729.5,190.9,fixation
14:13:41.4476,730.2,190.4,fixation
14:13:41.4481,730.7,190.1,fixation
14:13:41.4486,731.3,189.3,fixation
14:13:41.4491,731.4,188.8,fixation
14:13:41.4496,731.4,188.2,fixation
14:13:41.4501,730.8,188.2,fixation
14:13:41.4506,730.2,190.2,fixation
14:13:41.4511,729.7,192.3,fixation
14:13:41.4516,729.6,194.2,fixation
14:13:41.4521,729.4,193.9,fixation
14:13:41.4526,728.8,193.6,fixation
14:13:41.4531,728.1,193.3,fixation
14:13:41.4536,727.5,192.8,fixation
14:13:41.4541,727.3,192.3,fixation
14:13:41.4546,727.4,192.5,fixation
14:13:41.4551,727.4,192.9,fixation
14:13:41.4556,727.3,193.3,fixation
14:13:41.4561,727.1,193.5,fixation
14:13:41.4566,727.2,193.8,fixation
14:13:41.4571,727.7,192.5,fixation
14:13:41.4576,728.2,191.0,fixation
14:13:41.4581,728.5,190.0,fixation
14:13:41.4586,728.5,190.6,fixation
14:13:41.4591,728.5,191.3,fixation
14:13:41.4596,728.1,192.8,fixation
14:13:41.4601,727.7,194.1,fixation
14:13:41.4606,727.6,195.8,fixation
14:13:41.4611,727.8,196.1,fixation
14:13:41.4616,728.4,196.4,fixation
14:13:41.4621,728.9,196.1,fixation
14:13:41.4626,729.4,195.3,fixation
14:13:41.4631,729.5,194.6,fixation
14:13:41.4636,729.7,191.9,fixation
14:13:41.4641,728.6,189.8,fixation
14:13:41.4646,727.6,188.9,fixation
14:13:41.4651,726.5,190.1,fixation
14:13:41.4656,726.5,191.5,fixation
14:13:41.4661,725.6,190.9,saccade
14:13:41.4666,725.2,189.9,saccade
14:13:41.4671,725.2,188.9,saccade
14:13:41.4676,725.6,189.2,saccade
14:13:41.4681,727.8,189.5,saccade
14:13:41.4686,730.2,188.3,saccade
14:13:41.4691,731.3,186.8,saccade
14:13:41.4696,730.8,186.8,saccade
14:13:41.4701,730.1,188.1,saccade
14:13:41.4706,730.3,189.3,saccade
14:13:41.4711,730.5,190.5,saccade
14:13:41.4716,731.8,191.9,saccade
14:13:41.4721,733.2,191.9,saccade
14:13:41.4726,734.5,190.5,saccade
14:13:41.4731,736.9,188.6,saccade
14:13:41.4736,739.6,188.1,saccade
14:13:41.4741,743.6,187.8,saccade
14:13:41.4746,745.4,188.1,saccade
14:13:41.4751,746.7,188.3,saccade
14:13:41.4756,748.6,188.1,saccade
14:13:41.4761,751.5,187.7,saccade
14:13:41.4766,756.8,187.3,saccade
14:13:41.4771,761.1,187.0,saccade
14:13:41.4776,764.6,185.5,saccade
14:13:41.4781,766.9,184.1,saccade
14:13:41.4786,769.5,183.6,saccade
14:13:41.4791,772.1,184.5,saccade
14:13:41.4796,774.7,185.4,saccade
14:13:41.4801,777.5,185.3,saccade
14:13:41.4806,781.5,184.9,saccade
14:13:41.4811,784.3,182.9,saccade
14:13:41.4816,786.6,181.1,saccade
14:13:41.4821,787.7,179.9,saccade
14:13:41.4826,789.2,180.2,saccade
14:13:41.4831,790.1,180.5,saccade
14:13:41.4836,790.2,180.4,saccade
14:13:41.4841,789.9,180.3,saccade
14:13:41.4846,791.0,180.4,saccade
14:13:41.4851,793.0,180.5,saccade
14:13:41.4856,795.0,180.2,saccade
14:13:41.4861,794.9,179.4,saccade
14:13:41.4866,794.5,178.5,saccade
14:13:41.4871,794.9,178.1,saccade
14:13:41.4876,796.4,178.1,fixation
14:13:41.4881,796.5,177.7,fixation
14:13:41.4886,796.7,177.3,fixation
14:13:41.4891,797.0,177.6,fixation
14:13:41.4896,797.3,178.0,fixation
14:13:41.4901,797.1,177.9,fixation
14:13:41.4906,796.2,177.1,fixation
14:13:41.4911,795.1,177.1,fixation
14:13:41.4916,794.3,177.8,fixation
14:13:41.4921,794.0,178.5,fixation
14:13:41.4926,793.7,179.1,fixation
14:13:41.4931,793.5,179.4,fixation
14:13:41.4936,793.4,179.4,fixation
14:13:41.4941,793.2,179.3,fixation
14:13:41.4946,792.8,179.1,fixation
14:13:41.4951,792.5,178.7,fixation
14:13:41.4956,792.4,178.3,fixation
14:13:41.4961,791.2,178.6,fixation
14:13:41.4966,789.9,179.2,fixation
14:13:41.4971,789.1,179.9,fixation
14:13:41.4976,789.4,179.6,fixation
14:13:41.4981,789.7,179.3,fixation
14:13:41.4986,789.7,179.0,fixation
14:13:41.4991,789.8,178.8,fixation
14:13:41.4996,790.0,178.6,fixation
14:13:41.5001,790.1,178.4,fixation
14:13:41.5006,790.3,178.2,fixation
14:13:41.5011,790.0,178.0,fixation
14:13:41.5016,789.7,177.5,fixation
14:13:41.5021,789.5,176.9,fixation
14:13:41.5026,789.7,176.3,fixation
14:13:41.5031,789.3,177.7,fixation
14:13:41.5036,788.7,179.4,fixation
14:13:41.5041,788.1,180.1,fixation
14:13:41.5046,787.9,179.2,fixation
14:13:41.5051,787.4,178.1,fixation
14:13:41.5056,787.0,177.8,fixation
14:13:41.5061,786.4,177.6,fixation
14:13:41.5066,786.2,177.6,fixation
14:13:41.5071,786.1,177.4,fixation
14:13:41.5076,786.4,177.2,fixation
14:13:41.5081,786.5,177.0,fixation
14:13:41.5086,786.7,176.9,fixation
14:13:41.5091,786.6,177.2,fixation
14:13:41.5096,786.3,177.9,fixation
14:13:41.5101,787.0,179.1,fixation
14:13:41.5106,787.9,180.0,fixation
14:13:41.5111,789.2,180.6,fixation
14:13:41.5116,789.5,180.6,fixation
14:13:41.5121,788.8,180.7,fixation
14:13:41.5126,787.8,180.8,fixation
14:13:41.5131,786.8,180.3,fixation
14:13:41.5136,786.9,179.7,fixation
14:13:41.5141,787.1,179.9,fixation
14:13:41.5146,787.2,181.4,fixation
14:13:41.5151,787.3,182.9,fixation
14:13:41.5156,787.4,183.0,fixation
14:13:41.5161,787.5,182.0,fixation
14:13:41.5166,788.3,181.0,fixation
14:13:41.5171,789.0,180.6,fixation
14:13:41.5176,789.5,180.7,fixation
14:13:41.5181,789.1,180.7,fixation
14:13:41.5186,788.8,180.0,fixation
14:13:41.5191,789.2,179.3,fixation
14:13:41.5196,789.9,178.9,fixation
14:13:41.5201,790.3,179.8,fixation
14:13:41.5206,790.1,181.6,fixation
14:13:41.5211,789.8,183.0,fixation
14:13:41.5216,789.6,183.8,fixation
14:13:41.5221,789.2,183.9,fixation
14:13:41.5226,788.5,183.8,fixation
14:13:41.5231,788.1,183.5,fixation
14:13:41.5236,787.9,182.9,fixation
14:13:41.5241,787.6,182.6,fixation
14:13:41.5246,787.4,182.5,fixation
14:13:41.5251,787.1,182.9,fixation
14:13:41.5256,787.0,183.1,fixation
14:13:41.5261,787.7,182.3,fixation
14:13:41.5266,788.5,181.2,fixation
14:13:41.5271,788.8,180.9,fixation
14:13:41.5276,788.0,181.9,fixation
14:13:41.5281,787.2,183.7,fixation
14:13:41.5286,787.7,184.8,fixation
14:13:41.5291,788.5,185.6,fixation
14:13:41.5296,789.5,184.9,fixation
14:13:41.5301,789.5,184.3,fixation
14:13:41.5306,788.6,183.7,fixation
14:13:41.5311,787.6,184.6,fixation
14:13:41.5316,787.9,184.8,fixation
14:13:41.5321,789.2,184.5,fixation
14:13:41.5326,790.4,183.4,fixation
14:13:41.5331,790.2,184.9,fixation
14:13:41.5336,790.0,186.8,fixation
14:13:41.5341,789.6,188.3,fixation
14:13:41.5346,789.1,187.4,fixation
14:13:41.5351,788.1,185.4,fixation
14:13:41.5356,787.3,182.6,fixation
14:13:41.5361,786.9,180.2,fixation
14:13:41.5366,787.1,179.7,fixation
14:13:41.5371,787.1,181.4,fixation
14:13:41.5376,786.9,183.0,fixation
14:13:41.5381,786.3,183.4,fixation
14:13:41.5386,785.7,183.0,fixation
14:13:41.5391,786.8,183.0,fixation
14:13:41.5396,788.1,183.2,fixation
14:13:41.5401,789.4,183.4,fixation
14:13:41.5406,789.4,184.7,fixation
14:13:41.5411,789.6,186.0,fixation
14:13:41.5416,789.7,187.3,fixation
14:13:41.5421,789.5,187.2,fixation
14:13:41.5426,789.3,187.1,fixation
14:13:41.5431,788.4,187.3,fixation
14:13:41.5436,787.6,187.4,fixation
14:13:41.5441,786.3,187.4,fixation
14:13:41.5446,786.0,186.9,fixation
14:13:41.5451,785.9,185.1,fixation
14:13:41.5456,786.3,183.5,fixation
14:13:41.5461,786.2,182.2,fixation
14:13:41.5466,786.0,182.2,fixation
14:13:41.5471,785.7,182.2,fixation
14:13:41.5476,785.7,182.1,fixation
14:13:41.5481,785.7,181.7,fixation
14:13:41.5486,785.7,181.4,fixation
14:13:41.5491,785.3,182.4,fixation
14:13:41.5496,784.7,183.7,fixation
14:13:41.5501,784.1,185.0,fixation
14:13:41.5506,784.3,184.5,fixation
14:13:41.5511,785.0,183.6,fixation
14:13:41.5516,785.7,182.7,fixation
14:13:41.5521,786.3,182.6,fixation
14:13:41.5526,786.7,182.9,fixation
14:13:41.5531,787.9,181.9,fixation
14:13:41.5536,789.4,180.7,fixation
14:13:41.5541,790.6,180.3,fixation
14:13:41.5546,790.4,181.3,fixation
14:13:41.5551,789.7,182.1,fixation
14:13:41.5556,789.2,182.0,fixation
14:13:41.5561,789.4,182.2,fixation
14:13:41.5566,789.5,183.3,fixation
14:13:41.5571,789.4,184.4,fixation
14:13:41.5576,789.3,184.1,fixation
14:13:41.5581,789.3,183.1,fixation
14:13:41.5586,789.2,182.0,fixation
14:13:41.5591,788.8,181.6,fixation
14:13:41.5596,788.2,181.2,fixation
14:13:41.5601,787.9,180.8,fixation
14:13:41.5606,788.0,180.8,fixation
14:13:41.5611,788.1,181.3,fixation
14:13:41.5616,788.3,181.3,fixation
14:13:41.5621,788.2,181.1,fixation
14:13:41.5626,788.1,180.7,fixation
14:13:41.5631,788.0,180.7,fixation
14:13:41.5636,788.1,180.8,fixation
14:13:41.5641,788.1,180.9,fixation
14:13:41.5646,788.0,181.1,fixation
14:13:41.5651,787.9,181.7,fixation
14:13:41.5656,787.7,182.3,fixation
14:13:41.5661,787.5,183.2,fixation
14:13:41.5666,788.0,183.4,fixation
14:13:41.5671,788.7,182.6,fixation
14:13:41.5676,789.5,181.6,fixation
14:13:41.5681,789.7,180.2,fixation
14:13:41.5686,789.9,179.9,fixation
14:13:41.5691,789.9,179.8,fixation
14:13:41.5696,789.6,180.1,fixation
14:13:41.5701,789.2,180.5,fixation
14:13:41.5706,788.9,181.2,fixation
14:13:41.5711,789.1,181.8,fixation
14:13:41.5716,790.2,182.2,fixation
14:13:41.5721,791.4,182.2,fixation
14:13:41.5726,792.2,182.2,fixation
14:13:41.5731,791.8,183.3,fixation
14:13:41.5736,791.7,184.4,fixation
14:13:41.5741,792.1,185.4,fixation
14:13:41.5746,792.6,185.4,fixation
14:13:41.5751,791.6,185.5,fixation
14:13:41.5756,790.4,185.3,fixation
14:13:41.5761,789.3,184.8,fixation
14:13:41.5766,789.7,184.4,fixation
14:13:41.5771,790.0,184.2,fixation
14:13:41.5776,789.9,184.5,fixation
14:13:41.5781,789.7,184.6,fixation
14:13:41.5786,789.5,184.8,fixation
14:13:41.5791,789.8,184.8,fixation
14:13:41.5796,790.0,184.3,fixation
14:13:41.5801,790.1,183.7,fixation
14:13:41.5806,790.3,183.1,fixation
14:13:41.5811,790.5,183.3,fixation
14:13:41.5816,790.7,183.6,fixation
14:13:41.5821,790.6,184.0,fixation
14:13:41.5826,790.9,184.2,fixation
14:13:41.5831,791.3,184.2,fixation
14:13:41.5836,791.6,184.2,fixation
14:13:41.5841,792.3,184.2,fixation
14:13:41.5846,792.9,184.3,fixation
14:13:41.5851,793.0,184.4,fixation
14:13:41.5856,792.6,183.8,fixation
14:13:41.5861,792.0,183.1,fixation
14:13:41.5866,791.8,182.4,fixation
14:13:41.5871,791.0,182.6,fixation
14:13:41.5876,790.4,182.9,fixation
14:13:41.5881,789.6,182.4,fixation
14:13:41.5886,789.4,181.2,fixation
14:13:41.5891,789.9,180.0,fixation
14:13:41.5896,790.7,180.1,fixation
14:13:41.5901,791.9,180.8,fixation
14:13:41.5906,792.2,181.4,fixation
14:13:41.5911,792.6,181.3,fixation
14:13:41.5916,792.7,180.9,fixation
14:13:41.5921,792.8,180.6,fixation
14:13:41.5926,792.9,181.0,fixation
14:13:41.5931,792.7,181.7,fixation
14:13:41.5936,792.5,182.5,fixation
14:13:41.5941,791.9,182.5,fixation
14:13:41.5946,791.2,182.3,fixation
14:13:41.5951,790.6,182.2,fixation
14:13:41.5956,790.2,183.0,fixation
14:13:41.5961,789.3,183.9,fixation
14:13:41.5966,788.7,184.7,fixation
14:13:41.5971,789.0,184.4,fixation
14:13:41.5976,790.0,182.9,fixation
14:13:41.5981,790.8,181.9,fixation
14:13:41.5986,790.4,181.2,fixation
14:13:41.5991,789.8,181.7,fixation
14:13:41.5996,789.7,181.9,fixation
14:13:41.6001,790.1,181.8,fixation
14:13:41.6006,790.6,181.9,fixation
14:13:41.6011,790.9,182.3,fixation
14:13:41.6016,789.6,182.8,fixation
14:13:41.6021,788.2,183.6,fixation
14:13:41.6026,786.9,184.2,fixation
14:13:41.6031,788.0,184.5,fixation
14:13:41.6036,789.1,185.0,fixation
14:13:41.6041,790.2,185.4,fixation
14:13:41.6046,789.7,184.7,fixation
14:13:41.6051,788.9,184.6,fixation
14:13:41.6056,788.1,184.3,fixation
14:13:41.6061,788.0,185.1,fixation
14:13:41.6066,788.5,184.9,fixation
14:13:41.6071,789.4,184.8,fixation
14:13:41.6076,790.1,184.7,fixation
14:13:41.6081,790.6,184.6,fixation
14:13:41.6086,790.7,184.7,fixation
14:13:41.6091,790.7,184.7,fixation
14:13:41.6096,789.9,184.8,fixation
14:13:41.6101,789.1,185.5,fixation
14:13:41.6106,788.2,186.2,fixation
14:13:41.6111,788.1,185.9,fixation
14:13:41.6116,787.9,185.3,fixation
14:13:41.6121,788.0,184.7,fixation
14:13:41.6126,788.0,185.0,fixation
14:13:41.6131,788.0,184.9,fixation
14:13:41.6136,788.2,184.1,fixation
14:13:41.6141,788.4,183.2,fixation
14:13:41.6146,788.9,182.4,fixation
14:13:41.6151,789.7,182.1,fixation
14:13:41.6156,790.5,181.3,fixation
14:13:41.6161,791.0,180.5,fixation
14:13:41.6166,791.1,180.3,fixation
14:13:41.6171,791.1,180.6,fixation
14:13:41.6176,790.1,181.0,fixation
14:13:41.6181,789.2,181.3,fixation
14:13:41.6186,788.5,181.4,fixation
14:13:41.6191,788.9,181.5,fixation
14:13:41.6196,789.2,181.2,fixation
14:13:41.6201,789.4,180.6,fixation
14:13:41.6206,789.6,180.0,fixation
14:13:41.6211,789.8,180.4,fixation
14:13:41.6216,789.9,181.9,fixation
14:13:41.6221,790.0,183.4,fixation
14:13:41.6226,790.1,184.1,fixation
14:13:41.6231,789.7,184.0,fixation
14:13:41.6236,789.6,183.8,fixation
14:13:41.6241,789.5,183.4,fixation
14:13:41.6246,790.0,182.7,fixation
14:13:41.6251,790.4,182.2,fixation
14:13:41.6256,791.5,181.7,fixation
14:13:41.6261,792.5,181.4,fixation
14:13:41.6266,793.3,181.5,fixation
14:13:41.6271,793.1,181.6,fixation
14:13:41.6276,792.6,182.0,fixation
14:13:41.6281,792.2,182.0,fixation
14:13:41.6286,792.1,182.0,fixation
14:13:41.6291,791.8,181.3,fixation
14:13:41.6296,791.5,180.7,fixation
14:13:41.6301,791.2,180.3,fixation
14:13:41.6306,791.1,181.4,fixation
14:13:41.6311,791.1,182.4,fixation
14:13:41.6316,791.1,182.8,fixation
14:13:41.6321,791.2,182.0,fixation
14:13:41.6326,791.4,181.2,fixation
14:13:41.6331,791.5,181.4,fixation
14:13:41.6336,791.5,181.1,fixation
14:13:41.6341,791.6,180.2,fixation
14:13:41.6346,792.5,178.7,fixation
14:13:41.6351,793.3,178.4,fixation
14:13:41.6356,794.0,179.1,fixation
14:13:41.6361,793.9,179.8,fixation
14:13:41.6366,793.9,180.3,fixation
14:13:41.6371,793.8,180.6,fixation
14:13:41.6376,793.7,181.4,fixation
14:13:41.6381,794.0,182.1,fixation
14:13:41.6386,794.4,182.8,fixation
14:13:41.6391,794.8,183.1,fixation
14:13:41.6396,793.9,183.4,fixation
14:13:41.6401,793.1,183.8,fixation
14:13:41.6406,792.3,184.1,fixation
14:13:41.6411,792.5,184.1,fixation
14:13:41.6416,792.6,183.8,fixation
14:13:41.6421,792.6,183.5,fixation
14:13:41.6426,792.6,183.4,fixation
14:13:41.6431,792.7,183.4,fixation
14:13:41.6436,792.8,183.5,fixation
14:13:41.6441,792.8,182.5,fixation
14:13:41.6446,792.6,182.3,fixation
14:13:41.6451,792.5,181.9,fixation
14:13:41.6456,792.3,182.5,fixation
14:13:41.6461,792.4,182.2,fixation
14:13:41.6466,792.5,182.0,fixation
14:13:41.6471,792.4,181.7,fixation
14:13:41.6476,792.2,181.4,fixation
14:13:41.6481,791.9,181.5,fixation
14:13:41.6486,791.8,181.6,fixation
14:13:41.6491,791.8,181.9,fixation
14:13:41.6496,792.1,182.3,fixation
14:13:41.6501,792.7,182.7,fixation
14:13:41.6506,793.3,182.9,fixation
14:13:41.6511,792.5,181.8,fixation
14:13:41.6516,791.4,180.7,fixation
14:13:41.6521,790.8,179.6,fixation
14:13:41.6526,791.0,179.6,fixation
14:13:41.6531,791.3,179.6,fixation
14:13:41.6536,790.9,179.1,fixation
14:13:41.6541,790.9,178.6,fixation
14:13:41.6546,790.7,178.1,fixation
14:13:41.6551,790.5,178.1,fixation
14:13:41.6556,790.4,177.9,fixation
14:13:41.6561,790.3,177.4,fixation
14:13:41.6566,790.3,176.9,fixation
14:13:41.6571,791.7,176.6,fixation
14:13:41.6576,793.0,178.0,fixation
14:13:41.6581,793.0,179.3,fixation
14:13:41.6586,791.6,180.6,fixation
14:13:41.6591,790.9,180.5,fixation
14:13:41.6596,792.2,180.4,fixation
14:13:41.6601,793.5,180.3,fixation
14:13:41.6606,794.3,180.4,fixation
14:13:41.6611,794.3,180.5,fixation
14:13:41.6616,793.5,180.0,fixation
14:13:41.6621,792.2,179.1,fixation
14:13:41.6626,790.9,178.2,fixation
14:13:41.6631,790.5,179.1,fixation
14:13:41.6636,790.4,180.3,fixation
14:13:41.6641,790.6,181.6,fixation
14:13:41.6646,791.1,181.8,fixation
14:13:41.6651,791.4,181.9,fixation
14:13:41.6656,791.4,182.0,fixation
14:13:41.6661,791.2,181.7,fixation
14:13:41.6666,790.7,181.5,fixation
14:13:41.6671,790.5,180.5,fixation
14:13:41.6676,790.5,179.7,fixation
14:13:41.6681,791.0,179.8,fixation
14:13:41.6686,791.4,180.7,fixation
14:13:41.6691,791.8,181.1,fixation
14:13:41.6696,791.8,180.2,fixation
14:13:41.6701,791.6,179.2,fixation
14:13:41.6706,791.3,181.3,fixation
14:13:41.6711,791.2,184.0,fixation
14:13:41.6716,790.7,186.6,fixation
14:13:41.6721,790.5,185.3,fixation
14:13:41.6726,790.3,183.9,fixation
14:13:41.6731,790.4,182.4,fixation
14:13:41.6736,790.7,182.2,fixation
14:13:41.6741,790.9,181.8,fixation
14:13:41.6746,790.9,181.2,fixation
14:13:41.6751,790.6,180.6,fixation
14:13:41.6756,790.2,181.8,fixation
14:13:41.6761,790.0,183.4,fixation
14:13:41.6766,790.1,184.9,fixation
14:13:41.6771,790.3,184.9,fixation
14:13:41.6776,790.3,184.7,fixation
14:13:41.6781,790.5,185.1,fixation
14:13:41.6786,791.6,185.5,fixation
14:13:41.6791,792.8,185.3,fixation
14:13:41.6796,793.7,184.7,fixation
14:13:41.6801,793.7,183.5,fixation
14:13:41.6806,793.3,182.4,fixation
14:13:41.6811,792.5,181.2,fixation
14:13:41.6816,791.8,180.7,fixation
14:13:41.6821,791.4,180.8,fixation
14:13:41.6826,791.3,180.8,fixation
14:13:41.6831,791.2,180.8,fixation
14:13:41.6836,791.8,180.8,fixation
14:13:41.6841,792.4,181.1,fixation
14:13:41.6846,791.3,181.3,fixation
14:13:41.6851,789.7,179.6,fixation
14:13:41.6856,788.4,177.7,fixation
14:13:41.6861,789.0,176.6,fixation
14:13:41.6866,789.5,177.4,fixation
14:13:41.6871,789.7,178.3,fixation
14:13:41.6876,790.5,178.6,fixation
14:13:41.6881,791.3,179.1,fixation
14:13:41.6886,792.0,179.5,fixation
14:13:41.6891,791.8,179.6,fixation
14:13:41.6896,791.6,180.0,fixation
14:13:41.6901,791.4,180.5,fixation
14:13:41.6906,791.5,181.0,fixation
14:13:41.6911,792.1,181.0,fixation
14:13:41.6916,792.5,181.2,fixation
14:13:41.6921,793.0,181.6,fixation
14:13:41.6926,792.9,182.0,fixation
14:13:41.6931,792.4,182.1,fixation
14:13:41.6936,791.9,182.0,fixation
14:13:41.6941,792.7,182.7,fixation
14:13:41.6946,794.0,183.3,fixation
14:13:41.6951,794.6,184.1,fixation
14:13:41.6956,793.9,184.2,fixation
14:13:41.6961,793.2,184.3,fixation
14:13:41.6966,793.1,184.3,fixation
14:13:41.6971,792.9,184.7,fixation
14:13:41.6976,792.7,185.7,fixation
14:13:41.6981,792.1,186.4,fixation
14:13:41.6986,791.7,186.5,fixation
14:13:41.6991,791.6,185.3,fixation
14:13:41.6996,792.0,184.3,fixation
14:13:41.7001,792.1,184.1,fixation
14:13:41.7006,791.7,185.0,fixation
14:13:41.7011,791.3,185.9,fixation
14:13:41.7016,791.4,186.1,fixation
14:13:41.7021,792.1,186.0,fixation
14:13:41.7026,792.9,185.7,fixation
14:13:41.7031,793.3,185.3,fixation
14:13:41.7036,793.3,183.9,fixation
14:13:41.7041,792.2,182.9,fixation
14:13:41.7046,791.0,181.9,fixation
14:13:41.7051,790.8,182.3,fixation
14:13:41.7056,791.8,182.7,fixation
14:13:41.7061,793.2,182.4,fixation
14:13:41.7066,793.6,181.7,fixation
14:13:41.7071,793.6,180.9,fixation
14:13:41.7076,793.2,180.9,fixation
14:13:41.7081,792.8,180.4,fixation
14:13:41.7086,792.9,180.0,fixation
14:13:41.7091,793.4,179.6,fixation
14:13:41.7096,793.9,180.0,fixation
14:13:41.7101,794.1,180.4,fixation
14:13:41.7106,794.1,180.7,fixation
14:13:41.7111,794.0,181.1,fixation
14:13:41.7116,794.3,181.6,fixation
14:13:41.7121,794.5,182.2,fixation
14:13:41.7126,794.2,181.8,fixation
14:13:41.7131,793.7,181.7,fixation
14:13:41.7136,793.2,181.5,fixation
14:13:41.7141,794.7,182.1,fixation
14:13:41.7146,796.3,182.5,fixation
14:13:41.7151,797.6,183.1,fixation
14:13:41.7156,797.2,183.2,fixation
14:13:41.7161,796.7,183.1,fixation
14:13:41.7166,796.3,182.6,fixation
14:13:41.7171,795.4,182.2,fixation
14:13:41.7176,794.5,181.8,fixation
14:13:41.7181,793.5,181.5,fixation
14:13:41.7186,793.2,181.6,fixation
14:13:41.7191,793.5,182.2,fixation
14:13:41.7196,794.4,182.8,fixation
14:13:41.7201,795.6,183.0,fixation
14:13:41.7206,796.3,182.2,fixation
14:13:41.7211,795.6,181.8,fixation
14:13:41.7216,794.7,181.5,fixation
14:13:41.7221,794.2,183.9,saccade
14:13:41.7226,794.4,185.2,saccade
14:13:41.7231,793.7,185.6,saccade
14:13:41.7236,792.8,185.0,saccade
14:13:41.7241,791.8,184.4,saccade
14:13:41.7246,791.7,184.5,saccade
14:13:41.7251,791.9,184.8,saccade
14:13:41.7256,793.0,185.2,saccade
14:13:41.7261,794.5,185.3,saccade
14:13:41.7266,795.6,184.1,saccade
14:13:41.7271,795.9,182.9,saccade
14:13:41.7276,795.8,181.6,saccade
14:13:41.7281,795.9,181.0,saccade
14:13:41.7286,798.4,180.6,saccade
14:13:41.7291,801.1,180.1,saccade
14:13:41.7296,804.0,181.0,saccade
14:13:41.7301,806.4,181.8,saccade
14:13:41.7306,809.5,182.0,saccade
14:13:41.7311,812.3,180.7,saccade
14:13:41.7316,813.3,179.4,saccade
14:13:41.7321,815.6,179.4,saccade
14:13:41.7326,819.6,180.0,saccade
14:13:41.7331,823.6,181.4,saccade
14:13:41.7336,827.5,182.1,saccade
14:13:41.7341,831.4,182.8,saccade
14:13:41.7346,836.9,182.5,saccade
14:13:41.7351,841.4,181.3,saccade
14:13:41.7356,845.4,180.2,saccade
14:13:41.7361,847.9,179.3,saccade
14:13:41.7366,850.7,179.4,saccade
14:13:41.7371,853.9,179.7,saccade
14:13:41.7376,857.1,180.0,saccade
14:13:41.7381,859.4,180.2,saccade
14:13:41.7386,861.4,180.3,saccade
14:13:41.7391,864.1,180.3,saccade
14:13:41.7396,867.8,180.4,saccade
14:13:41.7401,870.0,180.5,saccade
14:13:41.7406,871.7,180.5,saccade
14:13:41.7411,872.3,180.4,saccade
14:13:41.7416,872.9,179.9,saccade
14:13:41.7421,873.7,179.0,saccade
14:13:41.7426,874.0,178.0,saccade
14:13:41.7431,875.3,177.4,saccade
14:13:41.7436,876.4,177.5,saccade
14:13:41.7441,877.4,177.6,saccade
14:13:41.7446,878.1,177.9,saccade
14:13:41.7451,878.8,178.0,saccade
14:13:41.7456,879.2,178.1,saccade
14:13:41.7461,878.8,178.2,saccade
14:13:41.7466,878.9,176.5,fixation
14:13:41.7471,879.1,174.6,fixation
14:13:41.7476,879.0,172.7,fixation
14:13:41.7481,879.1,173.2,fixation
14:13:41.7486,879.9,173.9,fixation
14:13:41.7491,880.6,174.6,fixation
14:13:41.7496,881.4,174.7,fixation
14:13:41.7501,881.5,175.3,fixation
14:13:41.7506,881.7,176.7,fixation
14:13:41.7511,881.7,178.0,fixation
14:13:41.7516,881.3,179.1,fixation
14:13:41.7521,880.3,179.2,fixation
14:13:41.7526,879.5,179.4,fixation
14:13:41.7531,878.8,179.4,fixation
14:13:41.7536,878.7,177.8,fixation
14:13:41.7541,878.5,176.2,fixation
14:13:41.7546,877.9,174.8,fixation
14:13:41.7551,876.4,175.0,fixation
14:13:41.7556,875.0,175.2,fixation
14:13:41.7561,873.8,176.1,fixation
14:13:41.7566,873.5,177.0,fixation
14:13:41.7571,873.3,177.1,fixation
14:13:41.7576,873.5,176.3,fixation
14:13:41.7581,873.8,176.7,fixation
14:13:41.7586,872.9,178.0,fixation
14:13:41.7591,871.5,179.2,fixation
14:13:41.7596,870.3,179.1,fixation
14:13:41.7601,870.2,177.4,fixation
14:13:41.7606,870.2,175.7,fixation
14:13:41.7611,870.1,174.4,fixation
14:13:41.7616,869.8,174.8,fixation
14:13:41.7621,868.8,175.2,fixation
14:13:41.7626,868.1,175.3,fixation
14:13:41.7631,867.4,175.1,fixation
14:13:41.7636,867.3,176.5,fixation
14:13:41.7641,867.2,177.9,fixation
14:13:41.7646,867.2,178.0,fixation
14:13:41.7651,867.4,176.5,fixation
14:13:41.7656,867.3,175.0,fixation
14:13:41.7661,867.2,174.5,fixation
14:13:41.7666,867.1,174.3,fixation
14:13:41.7671,868.0,174.5,fixation
14:13:41.7676,868.9,174.9,fixation
14:13:41.7681,869.1,175.3,fixation
14:13:41.7686,868.3,177.6,fixation
14:13:41.7691,867.5,179.9,fixation
14:13:41.7696,867.7,182.0,fixation
14:13:41.7701,868.1,180.3,fixation
14:13:41.7706,868.6,178.6,fixation
14:13:41.7711,868.9,177.1,fixation
14:13:41.7716,868.8,177.0,fixation
14:13:41.7721,868.5,176.6,fixation
14:13:41.7726,868.0,176.4,fixation
14:13:41.7731,867.4,176.7,fixation
14:13:41.7736,866.0,177.3,fixation
14:13:41.7741,864.9,177.8,fixation
14:13:41.7746,864.9,177.8,fixation
14:13:41.7751,865.6,178.3,fixation
14:13:41.7756,866.4,178.6,fixation
14:13:41.7761,866.2,178.7,fixation
14:13:41.7766,865.7,178.3,fixation
14:13:41.7771,865.3,178.2,fixation
14:13:41.7776,865.0,178.6,fixation
14:13:41.7781,865.1,179.5,fixation
14:13:41.7786,865.2,180.3,fixation
14:13:41.7791,865.3,180.8,fixation
14:13:41.7796,865.4,180.5,fixation
14:13:41.7801,865.2,180.2,fixation
14:13:41.7806,865.0,179.8,fixation
14:13:41.7811,865.0,179.6,fixation
14:13:41.7816,865.0,180.3,fixation
14:13:41.7821,864.7,181.0,fixation
14:13:41.7826,864.2,180.0,fixation
14:13:41.7831,864.8,178.3,fixation
14:13:41.7836,865.6,176.9,fixation
14:13:41.7841,865.5,177.5,fixation
14:13:41.7846,864.6,178.3,fixation
14:13:41.7851,864.1,178.9,fixation
14:13:41.7856,864.6,180.2,fixation
14:13:41.7861,865.1,181.1,fixation
14:13:41.7866,865.3,181.9,fixation
14:13:41.7871,865.2,181.4,fixation
14:13:41.7876,865.1,180.1,fixation
14:13:41.7881,865.1,179.1,fixation
14:13:41.7886,865.1,178.5,fixation
14:13:41.7891,865.2,178.8,fixation
14:13:41.7896,865.3,179.3,fixation
14:13:41.7901,865.5,179.9,fixation
14:13:41.7906,865.5,180.6,fixation
14:13:41.7911,865.9,180.9,fixation
14:13:41.7916,866.3,180.5,fixation
14:13:41.7921,866.7,180.0,fixation
14:13:41.7926,866.6,179.5,fixation
14:13:41.7931,866.8,179.4,fixation
14:13:41.7936,867.1,179.5,fixation
14:13:41.7941,867.4,179.6,fixation
14:13:41.7946,867.2,179.0,fixation
14:13:41.7951,867.0,179.0,fixation
14:13:41.7956,866.8,179.6,fixation
14:13:41.7961,866.8,180.9,fixation
14:13:41.7966,866.8,180.7,fixation
14:13:41.7971,866.1,180.0,fixation
14:13:41.7976,865.3,179.3,fixation
14:13:41.7981,864.9,179.4,fixation
14:13:41.7986,865.4,179.0,fixation
14:13:41.7991,865.2,178.9,fixation
14:13:41.7996,864.5,178.6,fixation
14:13:41.8001,864.9,178.6,fixation
14:13:41.8006,866.1,178.3,fixation
14:13:41.8011,867.5,178.7,fixation
14:13:41.8016,867.8,179.4,fixation
14:13:41.8021,867.1,179.5,fixation
14:13:41.8026,866.0,179.1,fixation
14:13:41.8031,865.1,179.0,fixation
14:13:41.8036,865.3,179.4,fixation
14:13:41.8041,864.5,179.0,fixation
14:13:41.8046,863.5,179.1,fixation
14:13:41.8051,863.4,179.1,fixation
14:13:41.8056,864.2,179.8,fixation
14:13:41.8061,865.2,179.8,fixation
14:13:41.8066,865.3,179.7,fixation
14:13:41.8071,866.5,179.5,fixation
14:13:41.8076,867.7,179.4,fixation
14:13:41.8081,868.4,179.4,fixation
14:13:41.8086,868.2,179.4,fixation
14:13:41.8091,868.0,179.4,fixation
14:13:41.8096,868.2,179.2,fixation
14:13:41.8101,867.9,178.9,fixation
14:13:41.8106,867.4,178.6,fixation
14:13:41.8111,867.0,178.6,fixation
14:13:41.8116,867.0,178.7,fixation
14:13:41.8121,866.9,178.8,fixation
14:13:41.8126,866.8,178.7,fixation
14:13:41.8131,866.7,178.6,fixation
14:13:41.8136,866.7,179.6,fixation
14:13:41.8141,866.6,180.8,fixation
14:13:41.8146,866.9,182.0,fixation
14:13:41.8151,867.5,180.8,fixation
14:13:41.8156,866.9,179.5,fixation
14:13:41.8161,865.8,178.6,fixation
14:13:41.8166,864.9,179.1,fixation
14:13:41.8171,865.1,179.7,fixation
14:13:41.8176,865.5,179.6,fixation
14:13:41.8181,865.6,179.5,fixation
14:13:41.8186,865.6,179.1,fixation
14:13:41.8191,865.7,178.8,fixation
14:13:41.8196,865.7,179.6,fixation
14:13:41.8201,866.2,181.8,fixation
14:13:41.8206,866.7,184.1,fixation
14:13:41.8211,867.1,184.3,fixation
14:13:41.8216,866.9,183.2,fixation
14:13:41.8221,866.6,182.3,fixation
14:13:41.8226,866.5,182.4,fixation
14:13:41.8231,866.3,182.4,fixation
14:13:41.8236,866.1,182.3,fixation
14:13:41.8241,865.8,182.4,fixation
14:13:41.8246,865.5,182.6,fixation
14:13:41.8251,865.1,182.6,fixation
14:13:41.8256,864.8,182.2,fixation
14:13:41.8261,864.8,181.3,fixation
14:13:41.8266,865.3,180.6,fixation
14:13:41.8271,865.8,180.0,fixation
14:13:41.8276,866.5,179.7,fixation
14:13:41.8281,866.6,180.2,fixation
14:13:41.8286,866.7,180.8,fixation
14:13:41.8291,866.1,181.5,fixation
14:13:41.8296,865.7,181.6,fixation
14:13:41.8301,866.4,181.2,fixation
14:13:41.8306,867.6,180.7,fixation
14:13:41.8311,868.3,180.4,fixation
14:13:41.8316,867.7,180.5,fixation
14:13:41.8321,866.4,179.4,fixation
14:13:41.8326,865.7,178.3,fixation
14:13:41.8331,864.9,177.6,fixation
14:13:41.8336,865.0,177.9,fixation
14:13:41.8341,865.6,178.3,fixation
14:13:41.8346,866.3,179.0,fixation
14:13:41.8351,867.1,179.9,fixation
14:13:41.8356,867.2,180.9,fixation
14:13:41.8361,867.1,181.1,fixation
14:13:41.8366,867.0,180.6,fixation
14:13:41.8371,867.0,179.9,fixation
14:13:41.8376,866.7,180.4,fixation
14:13:41.8381,866.3,181.7,fixation
14:13:41.8386,865.8,182.9,fixation
14:13:41.8391,865.7,182.4,fixation
14:13:41.8396,865.6,181.5,fixation
14:13:41.8401,865.3,180.6,fixation
14:13:41.8406,864.9,179.9,fixation
14:13:41.8411,865.0,179.7,fixation
14:13:41.8416,865.6,181.7,fixation
14:13:41.8421,866.2,183.8,fixation
14:13:41.8426,866.2,185.8,fixation
14:13:41.8431,865.6,185.7,fixation
14:13:41.8436,865.1,185.6,fixation
14:13:41.8441,864.8,183.1,fixation
14:13:41.8446,864.8,180.5,fixation
14:13:41.8451,864.7,180.5,fixation
14:13:41.8456,864.7,183.1,fixation
14:13:41.8461,865.8,185.9,fixation
14:13:41.8466,867.0,186.2,fixation
14:13:41.8471,868.0,186.6,fixation
14:13:41.8476,867.2,185.5,fixation
14:13:41.8481,866.4,184.3,fixation
14:13:41.8486,864.8,183.0,fixation
14:13:41.8491,863.9,182.9,fixation
14:13:41.8496,863.7,181.7,fixation
14:13:41.8501,864.7,180.6,fixation
14:13:41.8506,865.4,181.7,fixation
14:13:41.8511,865.6,183.9,fixation
14:13:41.8516,865.4,185.8,fixation
14:13:41.8521,865.4,185.2,fixation
14:13:41.8526,865.4,184.5,fixation
14:13:41.8531,865.4,184.0,fixation
14:13:41.8536,865.4,183.9,fixation
14:13:41.8541,865.2,182.7,fixation
14:13:41.8546,865.0,181.5,fixation
14:13:41.8551,865.3,180.3,fixation
14:13:41.8556,865.9,181.5,fixation
14:13:41.8561,866.7,182.6,fixation
14:13:41.8566,866.8,183.6,fixation
14:13:41.8571,867.1,183.4,fixation
14:13:41.8576,867.2,183.2,fixation
14:13:41.8581,867.3,183.6,fixation
14:13:41.8586,867.2,184.1,fixation
14:13:41.8591,867.2,183.6,fixation
14:13:41.8596,866.9,182.7,fixation
14:13:41.8601,866.7,182.9,fixation
14:13:41.8606,866.6,183.8,fixation
14:13:41.8611,866.7,184.7,fixation
14:13:41.8616,866.9,185.4,fixation
14:13:41.8621,866.2,186.3,fixation
14:13:41.8626,865.5,186.8,fixation
14:13:41.8631,864.5,186.3,fixation
14:13:41.8636,864.2,185.4,fixation
14:13:41.8641,864.4,184.5,fixation
14:13:41.8646,864.9,182.9,fixation
14:13:41.8651,865.1,181.6,fixation
14:13:41.8656,864.9,180.5,fixation
14:13:41.8661,865.2,180.2,fixation
14:13:41.8666,865.6,180.0,fixation
14:13:41.8671,866.1,180.1,fixation
14:13:41.8676,866.2,180.9,fixation
14:13:41.8681,866.1,181.9,fixation
14:13:41.8686,866.0,182.9,fixation
14:13:41.8691,865.9,183.4,fixation
14:13:41.8696,865.9,183.7,fixation
14:13:41.8701,865.9,184.8,fixation
14:13:41.8706,865.9,185.7,fixation
14:13:41.8711,866.0,186.5,fixation
14:13:41.8716,865.9,186.3,fixation
14:13:41.8721,865.7,185.9,fixation
14:13:41.8726,865.5,185.3,fixation
14:13:41.8731,865.4,184.7,fixation
14:13:41.8736,865.3,184.5,fixation
14:13:41.8741,865.3,184.6,fixation
14:13:41.8746,865.3,183.8,fixation
14:13:41.8751,865.3,182.9,fixation
14:13:41.8756,865.0,182.0,fixation
14:13:41.8761,864.8,181.7,fixation
14:13:41.8766,865.7,181.4,fixation
14:13:41.8771,866.9,181.4,fixation
14:13:41.8776,867.8,181.6,fixation
14:13:41.8781,867.4,181.8,fixation
14:13:41.8786,867.1,181.6,fixation
14:13:41.8791,867.1,181.5,fixation
14:13:41.8796,868.0,181.5,fixation
14:13:41.8801,869.0,181.5,fixation
14:13:41.8806,869.2,181.5,fixation
14:13:41.8811,868.6,181.7,fixation
14:13:41.8816,867.9,182.3,fixation
14:13:41.8821,867.3,183.2,fixation
14:13:41.8826,866.7,183.7,fixation
14:13:41.8831,865.7,182.6,fixation
14:13:41.8836,865.3,181.3,fixation
14:13:41.8841,864.8,180.3,fixation
14:13:41.8846,864.9,180.6,fixation
14:13:41.8851,865.1,181.0,fixation
14:13:41.8856,866.1,180.9,fixation
14:13:41.8861,866.9,180.9,fixation
14:13:41.8866,867.0,180.9,fixation
14:13:41.8871,866.5,181.0,fixation
14:13:41.8876,866.1,180.8,fixation
14:13:41.8881,866.3,180.5,fixation
14:13:41.8886,866.8,180.8,fixation
14:13:41.8891,867.0,181.1,fixation
14:13:41.8896,866.8,181.0,fixation
14:13:41.8901,866.7,180.3,fixation
14:13:41.8906,866.9,179.5,fixation
14:13:41.8911,867.5,179.0,fixation
14:13:41.8916,866.9,179.9,fixation
14:13:41.8921,866.0,181.2,fixation
14:13:41.8926,865.3,182.6,fixation
14:13:41.8931,865.5,182.6,fixation
14:13:41.8936,865.9,182.6,fixation
14:13:41.8941,866.7,182.9,fixation
14:13:41.8946,867.3,183.5,fixation
14:13:41.8951,867.8,184.1,fixation
14:13:41.8956,867.7,184.5,fixation
14:13:41.8961,867.6,184.6,fixation
14:13:41.8966,867.3,184.8,fixation
14:13:41.8971,866.9,184.2,fixation
14:13:41.8976,866.6,183.4,fixation
14:13:41.8981,866.8,181.9,fixation
14:13:41.8986,867.1,181.6,fixation
14:13:41.8991,867.2,181.5,fixation
14:13:41.8996,866.7,182.5,fixation
14:13:41.9001,866.3,183.1,fixation
14:13:41.9006,865.9,183.4,fixation
14:13:41.9011,865.1,183.2,fixation
14:13:41.9016,864.5,181.8,fixation
14:13:41.9021,864.0,180.5,fixation
14:13:41.9026,864.0,181.1,fixation
14:13:41.9031,863.8,182.9,fixation
14:13:41.9036,863.7,185.0,fixation
14:13:41.9041,863.6,185.3,fixation
14:13:41.9046,863.5,185.9,fixation
14:13:41.9051,863.5,186.3,fixation
14:13:41.9056,863.4,186.7,fixation
14:13:41.9061,864.2,186.7,fixation
14:13:41.9066,865.0,186.8,fixation
14:13:41.9071,865.8,185.6,fixation
14:13:41.9076,864.9,184.2,fixation
14:13:41.9081,864.0,182.8,fixation
14:13:41.9086,863.4,182.6,fixation
14:13:41.9091,864.3,183.3,fixation
14:13:41.9096,865.2,184.1,fixation
14:13:41.9101,865.7,184.0,fixation
14:13:41.9106,865.8,183.0,fixation
14:13:41.9111,866.0,182.1,fixation
14:13:41.9116,866.2,182.3,fixation
14:13:41.9121,866.8,182.5,fixation
14:13:41.9126,867.2,182.6,fixation
14:13:41.9131,867.0,183.2,fixation
14:13:41.9136,866.3,183.7,fixation
14:13:41.9141,866.4,184.3,fixation
14:13:41.9146,867.1,184.5,fixation
14:13:41.9151,868.0,185.0,fixation
14:13:41.9156,868.1,185.5,fixation
14:13:41.9161,867.7,185.9,fixation
14:13:41.9166,867.0,186.3,fixation
14:13:41.9171,866.6,186.6,fixation
14:13:41.9176,866.9,187.1,fixation
14:13:41.9181,867.3,187.2,fixation
14:13:41.9186,867.5,187.4,fixation
14:13:41.9191,866.7,187.5,fixation
14:13:41.9196,865.8,186.6,fixation
14:13:41.9201,864.9,185.6,fixation
14:13:41.9206,864.9,185.6,fixation
14:13:41.9211,864.6,186.5,fixation
14:13:41.9216,864.1,186.0,fixation
14:13:41.9221,863.5,184.6,fixation
14:13:41.9226,863.3,183.1,fixation
14:13:41.9231,863.8,183.0,fixation
14:13:41.9236,864.7,182.6,fixation
14:13:41.9241,866.0,182.1,fixation
14:13:41.9246,866.9,180.8,fixation
14:13:41.9251,867.3,180.0,fixation
14:13:41.9256,867.2,180.3,fixation
14:13:41.9261,867.2,181.4,fixation
14:13:41.9266,867.2,182.6,fixation
14:13:41.9271,867.4,182.7,fixation
14:13:41.9276,867.7,183.0,fixation
14:13:41.9281,867.9,183.1,fixation
14:13:41.9286,867.9,183.2,fixation
14:13:41.9291,866.3,183.2,fixation
14:13:41.9296,864.8,183.3,fixation
14:13:41.9301,864.2,183.4,fixation
14:13:41.9306,865.1,183.4,fixation
14:13:41.9311,866.1,183.2,fixation
14:13:41.9316,866.3,183.1,fixation
14:13:41.9321,866.0,183.4,fixation
14:13:41.9326,865.5,183.8,fixation
14:13:41.9331,865.0,184.3,fixation
14:13:41.9336,865.0,184.9,fixation
14:13:41.9341,865.1,185.3,fixation
14:13:41.9346,865.1,185.8,fixation
14:13:41.9351,865.5,184.9,fixation
14:13:41.9356,865.8,184.1,fixation
14:13:41.9361,866.5,183.2,fixation
14:13:41.9366,867.2,183.1,fixation
14:13:41.9371,867.8,184.3,fixation
14:13:41.9376,868.0,185.7,fixation
14:13:41.9381,867.8,187.0,fixation
14:13:41.9386,868.0,186.8,fixation
14:13:41.9391,868.2,186.5,fixation
14:13:41.9396,867.3,186.4,fixation
14:13:41.9401,865.7,184.5,fixation
14:13:41.9406,864.1,182.3,fixation
14:13:41.9411,863.8,180.1,fixation
14:13:41.9416,863.8,180.7,fixation
14:13:41.9421,863.1,182.2,fixation
14:13:41.9426,862.4,183.7,fixation
14:13:41.9431,861.7,184.8,fixation
14:13:41.9436,861.4,185.3,fixation
14:13:41.9441,861.2,185.9,fixation
14:13:41.9446,861.3,186.0,fixation
14:13:41.9451,861.8,186.0,fixation
14:13:41.9456,862.6,186.2,fixation
14:13:41.9461,863.8,186.7,fixation
14:13:41.9466,865.1,187.8,fixation
14:13:41.9471,866.2,189.2,fixation
14:13:41.9476,865.9,190.3,fixation
14:13:41.9481,865.5,190.7,fixation
14:13:41.9486,865.0,190.5,fixation
14:13:41.9491,865.2,190.2,fixation
14:13:41.9496,865.2,189.8,fixation
14:13:41.9501,865.3,188.5,fixation
14:13:41.9506,865.7,185.8,fixation
14:13:41.9511,866.2,183.5,fixation
14:13:41.9516,867.0,183.2,fixation
14:13:41.9521,867.5,184.1,fixation
14:13:41.9526,866.9,185.1,fixation
14:13:41.9531,864.8,185.0,saccade
14:13:41.9536,865.3,185.0,saccade
14:13:41.9541,865.8,184.9,saccade
14:13:41.9546,865.0,184.5,saccade
14:13:41.9551,863.8,183.5,saccade
14:13:41.9556,863.3,182.6,saccade
14:13:41.9561,863.7,182.4,saccade
14:13:41.9566,864.0,182.8,saccade
14:13:41.9571,863.4,183.5,saccade
14:13:41.9576,863.3,183.8,saccade
14:13:41.9581,863.0,184.4,saccade
14:13:41.9586,862.4,185.1,saccade
14:13:41.9591,860.5,185.6,saccade
14:13:41.9596,857.9,186.0,saccade
14:13:41.9601,855.7,186.1,saccade
14:13:41.9606,854.8,186.1,saccade
14:13:41.9611,853.7,186.2,saccade
14:13:41.9616,851.6,186.5,saccade
14:13:41.9621,849.0,187.7,saccade
14:13:41.9626,844.5,190.8,saccade
14:13:41.9631,840.7,193.8,saccade
14:13:41.9636,836.6,196.0,saccade
14:13:41.9641,831.9,196.1,saccade
14:13:41.9646,826.8,196.6,saccade
14:13:41.9651,819.6,197.1,saccade
14:13:41.9656,815.7,197.6,saccade
14:13:41.9661,809.6,197.2,saccade
14:13:41.9666,804.6,196.7,saccade
14:13:41.9671,796.5,196.1,saccade
14:13:41.9676,789.5,195.9,saccade
14:13:41.9681,781.5,195.8,saccade
14:13:41.9686,774.3,196.2,saccade
14:13:41.9691,766.6,196.6,saccade
14:13:41.9696,760.2,197.1,saccade
14:13:41.9701,752.9,197.1,saccade
14:13:41.9706,746.8,197.2,saccade
14:13:41.9711,739.8,197.2,saccade
14:13:41.9716,733.0,197.2,saccade
14:13:41.9721,725.1,197.3,saccade
14:13:41.9726,718.7,197.1,saccade
14:13:41.9731,712.5,196.6,saccade
14:13:41.9736,707.1,196.1,saccade
14:13:41.9741,700.5,195.9,saccade
14:13:41.9746,694.6,194.0,saccade
14:13:41.9751,687.7,192.2,saccade
14:13:41.9756,679.9,191.4,saccade
14:13:41.9761,672.1,192.6,saccade
14:13:41.9766,666.5,193.7,saccade
14:13:41.9771,663.1,194.3,saccade
14:13:41.9776,658.9,194.8,saccade
14:13:41.9781,654.3,195.4,saccade
14:13:41.9786,648.6,196.7,saccade
14:13:41.9791,642.6,198.1,saccade
14:13:41.9796,637.0,199.4,saccade
14:13:41.9801,631.5,199.2,saccade
14:13:41.9806,625.6,198.9,saccade
14:13:41.9811,618.9,198.2,saccade
14:13:41.9816,612.2,197.6,saccade
14:13:41.9821,607.3,197.2,saccade
14:13:41.9826,602.3,196.9,saccade
14:13:41.9831,598.6,196.9,saccade
14:13:41.9836,596.9,197.7,saccade
14:13:41.9841,591.5,197.7,saccade
14:13:41.9846,583.2,197.3,saccade
14:13:41.9851,574.4,196.0,saccade
14:13:41.9856,568.6,195.5,saccade
14:13:41.9861,565.4,195.5,saccade
14:13:41.9866,560.4,194.0,saccade
14:13:41.9871,556.5,192.2,saccade
14:13:41.9876,550.5,190.3,saccade
14:13:41.9881,547.1,190.4,saccade
14:13:41.9886,544.2,190.4,saccade
14:13:41.9891,541.9,190.5,saccade
14:13:41.9896,539.2,189.6,saccade
14:13:41.9901,536.3,188.8,saccade
14:13:41.9906,533.7,189.1,saccade
14:13:41.9911,531.2,189.8,saccade
14:13:41.9916,528.5,190.5,saccade
14:13:41.9921,526.2,190.4,saccade
14:13:41.9926,524.2,190.3,saccade
14:13:41.9931,521.2,190.9,saccade
14:13:41.9936,519.3,192.0,saccade
14:13:41.9941,517.3,193.2,saccade
14:13:41.9946,517.3,193.1,saccade
14:13:41.9951,516.9,192.3,saccade
14:13:41.9956,516.4,191.4,saccade
14:13:41.9961,516.0,191.3,saccade
14:13:41.9966,516.0,191.8,saccade
14:13:41.9971,516.0,192.3,saccade
14:13:41.9976,516.0,191.4,fixation
14:13:41.9981,516.0,191.6,fixation
14:13:41.9986,516.2,192.8,fixation
14:13:41.9991,517.0,193.1,fixation
14:13:41.9996,518.3,192.9,fixation
14:13:42.0001,519.0,194.2,fixation
14:13:42.0006,519.4,195.8,fixation
14:13:42.0011,519.4,197.4,fixation
14:13:42.0016,519.6,196.2,fixation
14:13:42.0021,519.5,195.0,fixation
14:13:42.0026,519.1,193.7,fixation
14:13:42.0031,518.7,192.7,fixation
14:13:42.0036,518.7,191.1,fixation
14:13:42.0041,518.0,189.5,fixation
14:13:42.0046,517.1,190.7,fixation
14:13:42.0051,516.2,192.3,fixation
14:13:42.0056,517.2,194.0,fixation
14:13:42.0061,517.8,193.8,fixation
14:13:42.0066,517.8,193.6,fixation
14:13:42.0071,517.2,193.3,fixation
14:13:42.0076,517.2,192.9,fixation
14:13:42.0081,518.1,192.7,fixation
14:13:42.0086,518.4,192.7,fixation
14:13:42.0091,518.8,192.8,fixation
14:13:42.0096,517.9,192.7,fixation
14:13:42.0101,516.9,192.8,fixation
14:13:42.0106,515.9,192.9,fixation
14:13:42.0111,515.8,193.5,fixation
14:13:42.0116,515.8,193.9,fixation
14:13:42.0121,515.6,194.7,fixation
14:13:42.0126,515.4,195.3,fixation
14:13:42.0131,515.4,195.9,fixation
14:13:42.0136,515.5,196.3,fixation
14:13:42.0141,515.8,195.0,fixation
14:13:42.0146,516.2,193.8,fixation
14:13:42.0151,516.6,192.4,fixation
14:13:42.0156,516.8,192.3,fixation
14:13:42.0161,516.3,192.0,fixation
14:13:42.0166,516.0,191.9,fixation
14:13:42.0171,517.0,191.4,fixation
14:13:42.0176,518.5,191.1,fixation
14:13:42.0181,519.8,190.8,fixation
14:13:42.0186,519.4,190.7,fixation
14:13:42.0191,519.2,190.6,fixation
14:13:42.0196,519.2,190.6,fixation
14:13:42.0201,519.4,190.8,fixation
14:13:42.0206,519.5,191.3,fixation
14:13:42.0211,519.4,192.1,fixation
14:13:42.0216,519.3,192.7,fixation
14:13:42.0221,519.3,192.5,fixation
14:13:42.0226,519.6,192.1,fixation
14:13:42.0231,519.9,191.8,fixation
14:13:42.0236,520.2,192.0,fixation
14:13:42.0241,520.3,192.0,fixation
14:13:42.0246,520.0,192.8,fixation
14:13:42.0251,519.7,193.7,fixation
14:13:42.0256,519.5,193.7,fixation
14:13:42.0261,519.3,192.8,fixation
14:13:42.0266,518.7,192.5,fixation
14:13:42.0271,518.2,193.0,fixation
14:13:42.0276,518.1,193.6,fixation
14:13:42.0281,518.4,193.6,fixation
14:13:42.0286,518.8,193.5,fixation
14:13:42.0291,519.2,193.3,fixation
14:13:42.0296,519.6,193.0,fixation
14:13:42.0301,519.6,192.7,fixation
14:13:42.0306,517.5,193.7,fixation
14:13:42.0311,515.4,194.8,fixation
14:13:42.0316,514.6,196.0,fixation
14:13:42.0321,515.8,196.0,fixation
14:13:42.0326,516.2,196.6,fixation
14:13:42.0331,515.2,197.1,fixation
14:13:42.0336,514.3,196.7,fixation
14:13:42.0341,513.9,195.8,fixation
14:13:42.0346,513.6,193.7,fixation
14:13:42.0351,512.9,192.5,fixation
14:13:42.0356,512.1,191.2,fixation
14:13:42.0361,511.3,190.9,fixation
14:13:42.0366,511.7,190.3,fixation
14:13:42.0371,512.4,190.1,fixation
14:13:42.0376,512.9,190.1,fixation
14:13:42.0381,512.4,190.3,fixation
14:13:42.0386,511.9,190.3,fixation
14:13:42.0391,512.5,190.5,fixation
14:13:42.0396,513.6,191.4,fixation
14:13:42.0401,514.8,192.2,fixation
14:13:42.0406,515.0,192.9,fixation
14:13:42.0411,514.2,192.8,fixation
14:13:42.0416,513.4,192.6,fixation
14:13:42.0421,512.7,192.4,fixation
14:13:42.0426,512.6,192.9,fixation
14:13:42.0431,511.9,193.5,fixation
14:13:42.0436,511.3,193.9,fixation
14:13:42.0441,512.2,194.0,fixation
14:13:42.0446,513.8,193.3,fixation
14:13:42.0451,515.3,192.9,fixation
14:13:42.0456,515.3,192.3,fixation
14:13:42.0461,515.4,191.6,fixation
14:13:42.0466,515.1,190.8,fixation
14:13:42.0471,514.8,191.1,fixation
14:13:42.0476,514.3,192.2,fixation
14:13:42.0481,515.7,193.5,fixation
14:13:42.0486,517.1,193.9,fixation
14:13:42.0491,517.2,194.1,fixation
14:13:42.0496,515.9,194.1,fixation
14:13:42.0501,514.6,194.1,fixation
14:13:42.0506,515.1,193.1,fixation
14:13:42.0511,515.7,191.2,fixation
14:13:42.0516,515.8,189.3,fixation
14:13:42.0521,515.3,189.7,fixation
14:13:42.0526,514.7,191.0,fixation
14:13:42.0531,515.4,191.5,fixation
14:13:42.0536,516.2,190.6,fixation
14:13:42.0541,515.0,189.6,fixation
14:13:42.0546,513.0,189.7,fixation
14:13:42.0551,512.5,190.6,fixation
14:13:42.0556,514.1,191.6,fixation
14:13:42.0561,515.1,192.2,fixation
14:13:42.0566,514.6,191.8,fixation
14:13:42.0571,514.4,191.3,fixation
14:13:42.0576,514.7,191.1,fixation
14:13:42.0581,515.0,191.8,fixation
14:13:42.0586,515.1,192.6,fixation
14:13:42.0591,515.1,193.3,fixation
14:13:42.0596,514.9,193.3,fixation
14:13:42.0601,514.9,194.0,fixation
14:13:42.0606,515.3,195.3,fixation
14:13:42.0611,515.5,196.6,fixation
14:13:42.0616,515.2,197.5,fixation
14:13:42.0621,514.7,197.6,fixation
14:13:42.0626,513.6,196.9,fixation
14:13:42.0631,512.8,195.7,fixation
14:13:42.0636,512.0,194.6,fixation
14:13:42.0641,511.6,195.2,fixation
14:13:42.0646,511.1,196.0,fixation
14:13:42.0651,510.7,196.9,fixation
14:13:42.0656,511.8,197.0,fixation
14:13:42.0661,513.1,196.7,fixation
14:13:42.0666,514.1,196.2,fixation
14:13:42.0671,513.8,195.5,fixation
14:13:42.0676,512.4,195.2,fixation
14:13:42.0681,511.1,195.0,fixation
14:13:42.0686,510.1,194.5,fixation
14:13:42.0691,510.3,193.9,fixation
14:13:42.0696,511.8,193.6,fixation
14:13:42.0701,513.8,194.1,fixation
14:13:42.0706,515.7,194.9,fixation
14:13:42.0711,514.3,195.3,fixation
14:13:42.0716,512.4,195.0,fixation
14:13:42.0721,510.4,194.3,fixation
14:13:42.0726,510.2,193.6,fixation
14:13:42.0731,510.0,193.2,fixation
14:13:42.0736,511.5,193.2,fixation
14:13:42.0741,513.3,192.4,fixation
14:13:42.0746,515.1,191.3,fixation
14:13:42.0751,515.2,190.5,fixation
14:13:42.0756,514.9,191.1,fixation
14:13:42.0761,513.7,191.6,fixation
14:13:42.0766,512.6,191.9,fixation
14:13:42.0771,511.8,191.8,fixation
14:13:42.0776,511.9,191.7,fixation
14:13:42.0781,512.4,192.3,fixation
14:13:42.0786,513.0,193.3,fixation
14:13:42.0791,513.5,194.4,fixation
14:13:42.0796,513.6,195.1,fixation
14:13:42.0801,514.1,195.0,fixation
14:13:42.0806,515.3,194.8,fixation
14:13:42.0811,516.2,194.7,fixation
14:13:42.0816,516.5,193.5,fixation
14:13:42.0821,516.1,192.3,fixation
14:13:42.0826,515.8,191.7,fixation
14:13:42.0831,515.3,192.4,fixation
14:13:42.0836,514.7,193.0,fixation
14:13:42.0841,514.2,192.9,fixation
14:13:42.0846,513.9,192.6,fixation
14:13:42.0851,513.9,192.2,fixation
14:13:42.0856,512.7,192.2,fixation
14:13:42.0861,511.5,192.3,fixation
14:13:42.0866,510.8,191.2,fixation
14:13:42.0871,511.9,190.0,fixation
14:13:42.0876,513.7,189.4,fixation
14:13:42.0881,515.0,190.2,fixation
14:13:42.0886,514.8,191.2,fixation
14:13:42.0891,513.7,192.1,fixation
14:13:42.0896,512.6,193.0,fixation
14:13:42.0901,512.5,193.3,fixation
14:13:42.0906,512.5,193.1,fixation
14:13:42.0911,512.4,192.8,fixation
14:13:42.0916,512.3,191.0,fixation
14:13:42.0921,512.3,189.2,fixation
14:13:42.0926,512.2,189.5,fixation
14:13:42.0931,512.1,192.1,fixation
14:13:42.0936,512.2,194.8,fixation
14:13:42.0941,512.6,195.3,fixation
14:13:42.0946,513.1,195.5,fixation
14:13:42.0951,512.6,195.6,fixation
14:13:42.0956,511.7,195.0,fixation
14:13:42.0961,510.9,192.9,fixation
14:13:42.0966,510.7,190.9,fixation
14:13:42.0971,510.8,191.4,fixation
14:13:42.0976,511.1,193.4,fixation
14:13:42.0981,512.5,195.5,fixation
14:13:42.0986,513.8,195.7,fixation
14:13:42.0991,514.2,195.6,fixation
14:13:42.0996,513.4,195.7,fixation
14:13:42.1001,512.8,195.8,fixation
14:13:42.1006,513.1,196.0,fixation
14:13:42.1011,513.5,196.5,fixation
14:13:42.1016,513.3,196.9,fixation
14:13:42.1021,512.7,197.1,fixation
14:13:42.1026,512.1,197.1,fixation
14:13:42.1031,511.1,197.1,fixation
14:13:42.1036,510.0,196.5,fixation
14:13:42.1041,509.0,195.6,fixation
14:13:42.1046,508.9,195.0,fixation
14:13:42.1051,509.0,195.3,fixation
14:13:42.1056,509.4,195.5,fixation
14:13:42.1061,509.5,196.7,fixation
14:13:42.1066,509.6,198.3,fixation
14:13:42.1071,509.1,200.0,fixation
14:13:42.1076,508.9,200.0,fixation
14:13:42.1081,509.7,199.5,fixation
14:13:42.1086,510.8,200.4,fixation
14:13:42.1091,511.7,201.9,fixation
14:13:42.1096,511.6,203.4,fixation
14:13:42.1101,511.7,203.6,fixation
14:13:42.1106,511.7,203.6,fixation
14:13:42.1111,511.1,203.4,fixation
14:13:42.1116,510.2,204.5,fixation
14:13:42.1121,509.4,205.7,fixation
14:13:42.1126,509.5,207.3,fixation
14:13:42.1131,509.4,208.9,fixation
14:13:42.1136,509.2,210.8,fixation
14:13:42.1141,509.2,212.5,fixation
14:13:42.1146,509.6,213.4,fixation
14:13:42.1151,510.2,214.0,fixation
14:13:42.1156,510.5,214.6,fixation
14:13:42.1161,510.6,215.2,fixation
14:13:42.1166,510.4,215.8,fixation
14:13:42.1171,510.3,216.1,fixation
14:13:42.1176,510.1,218.0,fixation
14:13:42.1181,509.6,219.9,fixation
14:13:42.1186,509.2,222.2,fixation
14:13:42.1191,510.3,222.9,saccade
14:13:42.1196,511.1,223.6,saccade
14:13:42.1201,511.0,224.2,saccade
14:13:42.1206,510.1,224.7,saccade
14:13:42.1211,508.8,225.2,saccade
14:13:42.1216,508.7,226.3,saccade
14:13:42.1221,508.6,227.4,saccade
14:13:42.1226,506.7,227.8,saccade
14:13:42.1231,504.6,228.5,saccade
14:13:42.1236,502.5,229.1,saccade
14:13:42.1241,502.5,231.3,saccade
14:13:42.1246,502.4,232.6,saccade
14:13:42.1251,501.7,234.0,saccade
14:13:42.1256,501.0,235.4,saccade
14:13:42.1261,501.9,237.8,saccade
14:13:42.1266,503.3,241.7,saccade
14:13:42.1271,504.4,243.7,saccade
14:13:42.1276,501.5,244.6,saccade
14:13:42.1281,498.7,245.3,saccade
14:13:42.1286,496.4,246.5,saccade
14:13:42.1291,496.5,253.9,saccade
14:13:42.1296,498.4,263.3,saccade
14:13:42.1301,499.9,277.9,saccade
14:13:42.1306,501.5,286.4,saccade
14:13:42.1311,504.8,295.6,saccade
14:13:42.1316,514.6,308.5,saccade
14:13:42.1321,525.4,330.6,saccade
14:13:42.1326,538.6,363.2,saccade
14:13:42.1331,546.9,408.9,saccade
14:13:42.1336,553.9,445.8,saccade
14:13:42.1341,559.4,471.1,saccade
14:13:42.1346,562.2,491.0,saccade
14:13:42.1351,549.3,551.1,saccade
14:13:42.1356,530.3,618.7,saccade
14:13:42.1361,515.0,676.6,saccade
14:13:42.1366,514.6,705.3,saccade
14:13:42.1371,513.0,734.2,saccade
14:13:42.1376,509.3,756.8,saccade
14:13:42.1381,.,.,blink
14:13:42.1386,.,.,blink
14:13:42.1391,.,.,blink
14:13:42.1396,.,.,blink
14:13:42.1401,.,.,blink
14:13:42.1406,.,.,blink
14:13:42.1411,.,.,blink
14:13:42.1416,.,.,blink
14:13:42.1421,.,.,blink
14:13:42.1426,.,.,blink
14:13:42.1431,.,.,blink
14:13:42.1436,.,.,blink
14:13:42.1441,.,.,blink
14:13:42.1446,.,.,blink
14:13:42.1451,.,.,blink
14:13:42.1456,.,.,blink
14:13:42.1461,.,.,blink
14:13:42.1466,.,.,blink
14:13:42.1471,.,.,blink
14:13:42.1476,.,.,blink
14:13:42.1481,.,.,blink
14:13:42.1486,.,.,blink
14:13:42.1491,.,.,blink
14:13:42.1496,.,.,blink
14:13:42.1501,.,.,blink
14:13:42.1506,.,.,blink
14:13:42.1511,.,.,blink
14:13:42.1516,.,.,blink
14:13:42.1521,.,.,blink
14:13:42.1526,.,.,blink
14:13:42.1531,.,.,blink
14:13:42.1536,.,.,blink
14:13:42.1541,.,.,blink
14:13:42.1546,.,.,blink
14:13:42.1551,.,.,blink
14:13:42.1556,.,.,blink
14:13:42.1561,.,.,blink
14:13:42.1566,.,.,blink
14:13:42.1571,.,.,blink
14:13:42.1576,.,.,blink
14:13:42.1581,.,.,blink
14:13:42.1586,.,.,blink
14:13:42.1591,.,.,blink
14:13:42.1596,.,.,blink
14:13:42.1601,.,.,blink
14:13:42.1606,.,.,blink
14:13:42.1611,.,.,blink
14:13:42.1616,.,.,blink
14:13:42.1621,.,.,blink
14:13:42.1626,.,.,blink
14:13:42.1631,.,.,blink
14:13:42.1636,.,.,blink
14:13:42.1641,.,.,blink
14:13:42.1646,.,.,blink
14:13:42.1651,.,.,blink
14:13:42.1656,.,.,blink
14:13:42.1661,.,.,blink
14:13:42.1666,.,.,blink
14:13:42.1671,.,.,blink
14:13:42.1676,.,.,blink
14:13:42.1681,.,.,blink
14:13:42.1686,.,.,blink
14:13:42.1691,.,.,blink
14:13:42.1696,.,.,blink
14:13:42.1701,.,.,blink
14:13:42.1706,.,.,blink
14:13:42.1711,.,.,blink
14:13:42.1716,.,.,blink
14:13:42.1721,.,.,blink
14:13:42.1726,.,.,blink
14:13:42.1731,.,.,blink
14:13:42.1736,.,.,blink
14:13:42.1741,.,.,blink
14:13:42.1746,.,.,blink
14:13:42.1751,.,.,blink
14:13:42.1756,.,.,blink
14:13:42.1761,.,.,blink
14:13:42.1766,.,.,blink
14:13:42.1771,.,.,blink
14:13:42.1776,.,.,blink
14:13:42.1781,.,.,blink
14:13:42.1786,.,.,blink
14:13:42.1791,.,.,blink
14:13:42.1796,.,.,blink
14:13:42.1801,.,.,blink
14:13:42.1806,.,.,blink
14:13:42.1811,.,.,blink
14:13:42.1816,.,.,blink
14:13:42.1821,.,.,blink
14:13:42.1826,.,.,blink
14:13:42.1831,.,.,blink
14:13:42.1836,.,.,blink
14:13:42.1841,.,.,blink
14:13:42.1846,.,.,blink
14:13:42.1851,.,.,blink
14:13:42.1856,.,.,blink
14:13:42.1861,.,.,blink
14:13:42.1866,.,.,blink
14:13:42.1871,.,.,blink
14:13:42.1876,.,.,blink
14:13:42.1881,.,.,blink
14:13:42.1886,.,.,blink
14:13:42.1891,.,.,blink
14:13:42.1896,.,.,blink
14:13:42.1901,.,.,blink
14:13:42.1906,.,.,blink
14:13:42.1911,.,.,blink
14:13:42.1916,.,.,blink
14:13:42.1921,.,.,blink
14:13:42.1926,.,.,blink
14:13:42.1931,.,.,blink
14:13:42.1936,.,.,blink
14:13:42.1941,.,.,blink
14:13:42.1946,.,.,blink
14:13:42.1951,.,.,blink
14:13:42.1956,.,.,blink
14:13:42.1961,.,.,blink
14:13:42.1966,.,.,blink
14:13:42.1971,.,.,blink
14:13:42.1976,.,.,blink
14:13:42.1981,.,.,blink
14:13:42.1986,.,.,blink
14:13:42.1991,.,.,blink
14:13:42.1996,.,.,blink
14:13:42.2001,.,.,blink
14:13:42.2006,.,.,blink
14:13:42.2011,.,.,blink
14:13:42.2016,.,.,blink
14:13:42.2021,.,.,blink
14:13:42.2026,.,.,blink
14:13:42.2031,.,.,blink
14:13:42.2036,.,.,blink
14:13:42.2041,.,.,blink
14:13:42.2046,.,.,blink
14:13:42.2051,.,.,blink
14:13:42.2056,.,.,blink
14:13:42.2061,.,.,blink
14:13:42.2066,.,.,blink
14:13:42.2071,.,.,blink
14:13:42.2076,.,.,blink
14:13:42.2081,.,.,blink
14:13:42.2086,.,.,blink
14:13:42.2091,.,.,blink
14:13:42.2096,.,.,blink
14:13:42.2101,.,.,blink
14:13:42.2106,.,.,blink
14:13:42.2111,.,.,blink
14:13:42.2116,.,.,blink
14:13:42.2121,.,.,blink
14:13:42.2126,.,.,blink
14:13:42.2131,.,.,blink
14:13:42.2136,.,.,blink
14:13:42.2141,.,.,blink
14:13:42.2146,.,.,blink
14:13:42.2151,.,.,blink
14:13:42.2156,.,.,blink
14:13:42.2161,.,.,blink
14:13:42.2166,.,.,blink
14:13:42.2171,.,.,blink
14:13:42.2176,.,.,blink
14:13:42.2181,.,.,blink
14:13:42.2186,.,.,blink
14:13:42.2191,.,.,blink
14:13:42.2196,.,.,blink
14:13:42.2201,.,.,blink
14:13:42.2206,.,.,blink
14:13:42.2211,.,.,blink
14:13:42.2216,.,.,blink
14:13:42.2221,.,.,blink
14:13:42.2226,.,.,blink
14:13:42.2231,.,.,blink
14:13:42.2236,.,.,blink
14:13:42.2241,.,.,blink
14:13:42.2246,.,.,blink
14:13:42.2251,.,.,blink
14:13:42.2256,.,.,blink
14:13:42.2261,.,.,blink
14:13:42.2266,.,.,blink
14:13:42.2271,.,.,blink
14:13:42.2276,456.7,173.3,fixation
14:13:42.2281,456.8,175.2,fixation
14:13:42.2286,456.8,178.4,fixation
14:13:42.2291,456.7,180.1,fixation
14:13:42.2296,456.2,182.5,fixation
14:13:42.2301,454.6,183.7,fixation
14:13:42.2306,452.9,186.8,fixation
14:13:42.2311,454.0,189.3,fixation
14:13:42.2316,457.3,191.1,fixation
14:13:42.2321,460.9,191.2,fixation
14:13:42.2326,461.9,191.7,fixation
14:13:42.2331,462.1,192.7,fixation
14:13:42.2336,462.2,193.6,fixation
14:13:42.2341,462.4,193.6,fixation
14:13:42.2346,462.3,193.4,fixation
14:13:42.2351,462.2,193.4,fixation
14:13:42.2356,462.1,193.6,fixation
14:13:42.2361,462.0,193.5,fixation
14:13:42.2366,461.8,193.3,fixation
14:13:42.2371,461.6,193.2,fixation
14:13:42.2376,460.9,193.0,fixation
14:13:42.2381,460.5,193.0,fixation
14:13:42.2386,460.0,193.4,fixation
14:13:42.2391,460.4,194.0,fixation
14:13:42.2396,460.5,194.6,fixation
14:13:42.2401,460.8,194.5,fixation
14:13:42.2406,461.0,194.2,fixation
14:13:42.2411,461.3,193.3,fixation
14:13:42.2416,461.4,192.4,fixation
14:13:42.2421,461.0,191.1,fixation
14:13:42.2426,460.8,190.5,fixation
14:13:42.2431,461.0,190.9,fixation
14:13:42.2436,461.3,191.9,fixation
14:13:42.2441,460.5,192.4,fixation
14:13:42.2446,458.5,191.8,fixation
14:13:42.2451,456.5,191.2,fixation
14:13:42.2456,455.3,191.4,fixation
14:13:42.2461,455.4,191.8,fixation
14:13:42.2466,457.3,192.5,fixation
14:13:42.2471,459.2,192.9,fixation
14:13:42.2476,461.1,192.7,fixation
14:13:42.2481,461.1,192.1,fixation
14:13:42.2486,461.1,191.4,fixation
14:13:42.2491,461.2,190.8,fixation
14:13:42.2496,461.2,190.2,fixation
14:13:42.2501,459.4,189.9,fixation
14:13:42.2506,457.6,190.1,fixation
14:13:42.2511,456.4,189.8,fixation
14:13:42.2516,457.6,188.9,fixation
14:13:42.2521,459.2,187.3,fixation
14:13:42.2526,459.8,186.2,fixation
14:13:42.2531,459.7,187.1,fixation
14:13:42.2536,459.2,188.6,fixation
14:13:42.2541,458.9,190.0,fixation
14:13:42.2546,459.1,190.4,fixation
14:13:42.2551,459.3,190.7,fixation
14:13:42.2556,458.9,190.7,fixation
14:13:42.2561,458.0,189.9,fixation
14:13:42.2566,457.1,189.2,fixation
14:13:42.2571,456.6,188.4,fixation
14:13:42.2576,456.4,187.8,fixation
14:13:42.2581,457.8,186.4,fixation
14:13:42.2586,459.4,185.4,fixation
14:13:42.2591,460.8,185.5,fixation
14:13:42.2596,460.7,187.2,fixation
14:13:42.2601,460.0,189.2,fixation
14:13:42.2606,459.3,190.9,fixation
14:13:42.2611,458.7,191.8,fixation
14:13:42.2616,458.7,190.7,fixation
14:13:42.2621,458.6,189.1,fixation
14:13:42.2626,458.5,187.4,fixation
14:13:42.2631,458.4,187.3,fixation
14:13:42.2636,458.7,187.6,fixation
14:13:42.2641,458.8,188.0,fixation
14:13:42.2646,458.6,188.5,fixation
14:13:42.2651,458.3,188.8,fixation
14:13:42.2656,458.1,189.4,fixation
14:13:42.2661,458.0,189.9,fixation
14:13:42.2666,457.8,190.3,fixation
14:13:42.2671,457.7,190.4,fixation
14:13:42.2676,458.5,190.6,fixation
14:13:42.2681,459.3,191.3,fixation
14:13:42.2686,460.1,191.8,fixation
14:13:42.2691,458.8,191.9,fixation
14:13:42.2696,457.8,191.3,fixation
14:13:42.2701,456.9,190.4,fixation
14:13:42.2706,457.3,189.7,fixation
14:13:42.2711,457.7,189.7,fixation
14:13:42.2716,458.0,190.2,fixation
14:13:42.2721,458.2,190.6,fixation
14:13:42.2726,458.4,190.6,fixation
14:13:42.2731,458.6,190.5,fixation
14:13:42.2736,458.9,190.2,fixation
14:13:42.2741,459.0,189.6,fixation
14:13:42.2746,458.9,189.0,fixation
14:13:42.2751,458.7,188.8,fixation
14:13:42.2756,458.4,189.3,fixation
14:13:42.2761,458.3,189.8,fixation
14:13:42.2766,458.3,189.8,fixation
14:13:42.2771,458.2,189.6,fixation
14:13:42.2776,458.2,189.6,fixation
14:13:42.2781,458.1,191.4,fixation
14:13:42.2786,458.0,192.8,fixation
14:13:42.2791,458.0,193.9,fixation
14:13:42.2796,458.2,193.6,fixation
14:13:42.2801,458.7,193.5,fixation
14:13:42.2806,459.1,193.7,fixation
14:13:42.2811,458.9,193.4,fixation
14:13:42.2816,458.0,193.1,fixation
14:13:42.2821,457.1,192.0,fixation
14:13:42.2826,457.3,190.7,fixation
14:13:42.2831,458.1,189.6,fixation
14:13:42.2836,458.7,189.4,fixation
14:13:42.2841,458.7,189.5,fixation
14:13:42.2846,458.5,188.8,fixation
14:13:42.2851,458.0,187.9,fixation
14:13:42.2856,457.5,187.9,fixation
14:13:42.2861,457.9,188.6,fixation
14:13:42.2866,458.6,189.2,fixation
14:13:42.2871,459.3,189.0,fixation
14:13:42.2876,459.2,189.0,fixation
14:13:42.2881,459.3,188.2,fixation
14:13:42.2886,459.1,187.5,fixation
14:13:42.2891,458.8,186.7,fixation
14:13:42.2896,458.8,186.5,fixation
14:13:42.2901,459.6,186.3,fixation
14:13:42.2906,460.4,187.9,fixation
14:13:42.2911,460.9,189.6,fixation
14:13:42.2916,461.1,191.1,fixation
14:13:42.2921,461.1,190.0,fixation
14:13:42.2926,460.1,188.9,fixation
14:13:42.2931,459.3,188.2,fixation
14:13:42.2936,458.7,188.3,fixation
14:13:42.2941,460.7,188.5,fixation
14:13:42.2946,462.4,188.9,fixation
14:13:42.2951,462.8,189.2,fixation
14:13:42.2956,461.7,190.4,fixation
14:13:42.2961,460.5,191.0,fixation
14:13:42.2966,458.8,191.4,fixation
14:13:42.2971,457.2,190.4,fixation
14:13:42.2976,456.1,190.4,fixation
14:13:42.2981,457.0,190.7,fixation
14:13:42.2986,457.8,191.2,fixation
14:13:42.2991,457.5,191.0,fixation
14:13:42.2996,457.0,189.6,fixation
14:13:42.3001,456.6,188.3,fixation
14:13:42.3006,456.8,187.6,fixation
14:13:42.3011,457.2,188.1,fixation
14:13:42.3016,457.5,188.6,fixation
14:13:42.3021,457.9,188.6,fixation
14:13:42.3026,458.0,188.4,fixation
14:13:42.3031,458.2,188.2,fixation
14:13:42.3036,457.8,188.6,fixation
14:13:42.3041,457.0,189.8,fixation
14:13:42.3046,456.1,191.0,fixation
14:13:42.3051,456.0,191.4,fixation
14:13:42.3056,456.4,190.9,fixation
14:13:42.3061,456.8,190.6,fixation
14:13:42.3066,457.3,190.9,fixation
14:13:42.3071,457.7,191.6,fixation
14:13:42.3076,458.3,191.0,fixation
14:13:42.3081,458.7,189.3,fixation
14:13:42.3086,459.4,187.5,fixation
14:13:42.3091,459.8,186.5,fixation
14:13:42.3096,460.1,187.0,fixation
14:13:42.3101,459.9,187.7,fixation
14:13:42.3106,459.6,188.3,fixation
14:13:42.3111,459.3,189.1,fixation
14:13:42.3116,459.0,189.9,fixation
14:13:42.3121,458.7,190.6,fixation
14:13:42.3126,458.4,190.0,fixation
14:13:42.3131,458.3,188.2,fixation
14:13:42.3136,458.7,186.6,fixation
14:13:42.3141,459.4,186.0,fixation
14:13:42.3146,459.7,186.8,fixation
14:13:42.3151,459.2,188.0,fixation
14:13:42.3156,458.6,187.9,fixation
14:13:42.3161,458.4,187.4,fixation
14:13:42.3166,459.0,187.9,fixation
14:13:42.3171,459.4,189.3,fixation
14:13:42.3176,459.3,190.6,fixation
14:13:42.3181,459.4,189.7,fixation
14:13:42.3186,459.6,188.8,fixation
14:13:42.3191,460.2,188.4,fixation
14:13:42.3196,460.0,189.8,fixation
14:13:42.3201,459.1,192.2,fixation
14:13:42.3206,458.3,194.3,fixation
14:13:42.3211,457.2,193.2,fixation
14:13:42.3216,456.4,191.5,fixation
14:13:42.3221,456.2,189.9,fixation
14:13:42.3226,457.4,189.5,fixation
14:13:42.3231,458.6,188.6,fixation
14:13:42.3236,459.2,187.6,fixation
14:13:42.3241,459.2,187.4,fixation
14:13:42.3246,459.3,187.0,fixation
14:13:42.3251,459.4,186.7,fixation
14:13:42.3256,459.5,186.7,fixation
14:13:42.3261,459.1,187.2,fixation
14:13:42.3266,458.8,187.5,fixation
14:13:42.3271,458.6,186.1,fixation
14:13:42.3276,458.9,184.4,fixation
14:13:42.3281,459.0,182.7,fixation
14:13:42.3286,458.9,183.8,fixation
14:13:42.3291,458.7,184.8,fixation
14:13:42.3296,458.4,185.6,fixation
14:13:42.3301,458.3,185.4,fixation
14:13:42.3306,458.2,185.2,fixation
14:13:42.3311,458.3,184.9,fixation
14:13:42.3316,458.4,184.6,fixation
14:13:42.3321,458.5,185.7,fixation
14:13:42.3326,458.0,186.9,fixation
14:13:42.3331,457.2,187.8,fixation
14:13:42.3336,456.5,187.4,fixation
14:13:42.3341,456.3,187.0,fixation
14:13:42.3346,456.3,187.0,fixation
14:13:42.3351,456.2,187.6,fixation
14:13:42.3356,456.2,188.1,fixation
14:13:42.3361,456.2,188.4,fixation
14:13:42.3366,456.2,188.2,fixation
14:13:42.3371,456.2,188.1,fixation
14:13:42.3376,454.9,188.1,fixation
14:13:42.3381,453.5,188.5,fixation
14:13:42.3386,453.3,188.9,fixation
14:13:42.3391,454.4,188.8,fixation
14:13:42.3396,455.7,187.0,fixation
14:13:42.3401,455.9,185.1,fixation
14:13:42.3406,455.7,184.0,fixation
14:13:42.3411,455.4,184.3,fixation
14:13:42.3416,455.4,184.5,fixation
14:13:42.3421,455.7,184.6,fixation
14:13:42.3426,456.0,184.6,fixation
14:13:42.3431,454.9,184.7,fixation
14:13:42.3436,453.8,184.9,fixation
14:13:42.3441,452.7,185.1,fixation
14:13:42.3446,452.3,184.8,fixation
14:13:42.3451,452.0,184.6,fixation
14:13:42.3456,452.1,184.5,fixation
14:13:42.3461,452.4,184.8,fixation
14:13:42.3466,452.8,185.0,fixation
14:13:42.3471,452.7,185.2,fixation
14:13:42.3476,452.7,184.9,fixation
14:13:42.3481,452.8,184.0,fixation
14:13:42.3486,452.6,183.1,fixation
14:13:42.3491,452.1,182.1,fixation
14:13:42.3496,451.5,181.6,fixation
14:13:42.3501,451.2,181.0,fixation
14:13:42.3506,451.2,181.2,fixation
14:13:42.3511,450.3,181.6,fixation
14:13:42.3516,449.4,182.7,fixation
14:13:42.3521,449.3,184.0,fixation
14:13:42.3526,450.8,185.3,fixation
14:13:42.3531,452.5,183.7,fixation
14:13:42.3536,452.9,181.6,fixation
14:13:42.3541,452.6,180.1,fixation
14:13:42.3546,452.2,180.8,fixation
14:13:42.3551,452.2,181.4,fixation
14:13:42.3556,452.2,183.4,fixation
14:13:42.3561,452.0,185.3,fixation
14:13:42.3566,451.8,187.3,fixation
14:13:42.3571,451.7,187.0,fixation
14:13:42.3576,451.9,186.3,fixation
14:13:42.3581,452.0,185.9,fixation
14:13:42.3586,452.1,185.7,fixation
14:13:42.3591,452.0,186.0,fixation
14:13:42.3596,451.8,186.0,fixation
14:13:42.3601,451.7,186.1,fixation
14:13:42.3606,451.5,186.1,fixation
14:13:42.3611,451.2,186.1,fixation
14:13:42.3616,452.2,186.2,fixation
14:13:42.3621,453.5,186.2,fixation
14:13:42.3626,454.7,186.2,fixation
14:13:42.3631,454.6,185.7,fixation
14:13:42.3636,453.6,184.3,fixation
14:13:42.3641,452.8,182.9,fixation
14:13:42.3646,452.3,182.7,fixation
14:13:42.3651,453.0,183.3,fixation
14:13:42.3656,453.5,183.9,fixation
14:13:42.3661,453.3,184.1,fixation
14:13:42.3666,452.5,184.4,fixation
14:13:42.3671,451.9,185.7,fixation
14:13:42.3676,451.7,186.7,fixation
14:13:42.3681,451.8,187.2,fixation
14:13:42.3686,452.1,186.1,fixation
14:13:42.3691,452.5,184.9,fixation
14:13:42.3696,452.0,183.9,fixation
14:13:42.3701,451.2,183.8,fixation
14:13:42.3706,451.7,183.9,fixation
14:13:42.3711,453.0,184.2,fixation
14:13:42.3716,454.6,184.3,fixation
14:13:42.3721,455.1,183.6,fixation
14:13:42.3726,455.3,182.9,fixation
14:13:42.3731,455.1,182.1,fixation
14:13:42.3736,455.1,182.2,fixation
14:13:42.3741,455.3,182.2,fixation
14:13:42.3746,455.6,181.8,fixation
14:13:42.3751,455.7,181.0,fixation
14:13:42.3756,455.2,180.3,fixation
14:13:42.3761,454.4,181.8,fixation
14:13:42.3766,454.2,183.7,fixation
14:13:42.3771,454.7,184.2,fixation
14:13:42.3776,455.3,182.7,fixation
14:13:42.3781,454.6,180.3,fixation
14:13:42.3786,453.8,179.4,fixation
14:13:42.3791,453.2,178.4,fixation
14:13:42.3796,453.7,178.3,fixation
14:13:42.3801,454.2,179.3,fixation
14:13:42.3806,454.6,180.3,fixation
14:13:42.3811,454.9,181.3,fixation
14:13:42.3816,455.0,181.2,fixation
14:13:42.3821,455.0,182.4,fixation
14:13:42.3826,454.7,183.5,fixation
14:13:42.3831,453.6,183.9,fixation
14:13:42.3836,452.3,182.5,fixation
14:13:42.3841,451.3,181.1,fixation
14:13:42.3846,450.9,180.3,fixation
14:13:42.3851,450.7,180.4,fixation
14:13:42.3856,450.0,180.4,fixation
14:13:42.3861,449.5,180.4,fixation
14:13:42.3866,449.8,180.8,fixation
14:13:42.3871,450.6,181.1,fixation
14:13:42.3876,451.5,181.4,fixation
14:13:42.3881,451.8,181.7,fixation
14:13:42.3886,451.8,182.2,fixation
14:13:42.3891,451.4,182.9,fixation
14:13:42.3896,450.1,183.1,fixation
14:13:42.3901,449.1,183.3,fixation
14:13:42.3906,449.4,183.4,fixation
14:13:42.3911,450.5,183.5,fixation
14:13:42.3916,451.6,183.5,fixation
14:13:42.3921,451.7,183.5,fixation
14:13:42.3926,451.9,183.4,fixation
14:13:42.3931,452.1,182.7,fixation
14:13:42.3936,452.2,181.9,fixation
14:13:42.3941,452.4,181.3,fixation
14:13:42.3946,452.5,181.5,fixation
14:13:42.3951,452.2,181.6,fixation
14:13:42.3956,451.8,181.7,fixation
14:13:42.3961,451.4,182.0,fixation
14:13:42.3966,450.9,182.3,fixation
14:13:42.3971,450.1,182.1,fixation
14:13:42.3976,449.3,180.7,fixation
14:13:42.3981,449.0,179.4,fixation
14:13:42.3986,448.8,179.6,fixation
14:13:42.3991,448.2,180.9,fixation
14:13:42.3996,447.8,180.6,fixation
14:13:42.4001,447.7,179.2,fixation
14:13:42.4006,447.8,177.7,fixation
14:13:42.4011,447.3,178.0,fixation
14:13:42.4016,446.7,178.6,fixation
14:13:42.4021,446.8,179.8,fixation
14:13:42.4026,447.3,182.0,fixation
14:13:42.4031,447.8,183.9,fixation
14:13:42.4036,447.8,183.6,fixation
14:13:42.4041,448.1,181.9,fixation
14:13:42.4046,449.4,181.5,fixation
14:13:42.4051,450.7,182.8,fixation
14:13:42.4056,450.5,183.4,fixation
14:13:42.4061,449.2,182.7,fixation
14:13:42.4066,447.9,182.1,fixation
14:13:42.4071,448.0,181.4,fixation
14:13:42.4076,448.2,180.8,fixation
14:13:42.4081,448.4,180.1,fixation
14:13:42.4086,448.5,180.1,fixation
14:13:42.4091,448.4,180.1,fixation
14:13:42.4096,449.2,180.1,fixation
14:13:42.4101,450.0,180.1,fixation
14:13:42.4106,450.3,181.1,fixation
14:13:42.4111,449.8,182.1,fixation
14:13:42.4116,449.7,183.5,fixation
14:13:42.4121,450.2,183.9,fixation
14:13:42.4126,450.3,184.0,fixation
14:13:42.4131,448.6,183.6,fixation
14:13:42.4136,446.9,183.0,fixation
14:13:42.4141,446.1,182.6,fixation
14:13:42.4146,446.5,182.6,fixation
14:13:42.4151,446.9,182.8,fixation
14:13:42.4156,447.5,183.1,fixation
14:13:42.4161,448.4,182.8,fixation
14:13:42.4166,449.4,182.5,fixation
14:13:42.4171,449.7,182.4,fixation
14:13:42.4176,449.1,182.9,fixation
14:13:42.4181,448.5,183.4,fixation
14:13:42.4186,448.1,182.6,fixation
14:13:42.4191,448.3,181.4,fixation
14:13:42.4196,448.6,180.2,fixation
14:13:42.4201,448.7,180.1,fixation
14:13:42.4206,449.1,179.4,fixation
14:13:42.4211,449.4,178.8,fixation
14:13:42.4216,449.5,179.9,fixation
14:13:42.4221,449.0,181.8,fixation
14:13:42.4226,448.5,184.2,fixation
14:13:42.4231,448.3,184.6,fixation
14:13:42.4236,447.7,184.8,fixation
14:13:42.4241,446.9,184.3,fixation
14:13:42.4246,446.1,184.0,fixation
14:13:42.4251,447.4,183.9,fixation
14:13:42.4256,448.8,183.9,fixation
14:13:42.4261,450.1,184.2,fixation
14:13:42.4266,450.1,184.4,fixation
14:13:42.4271,450.1,184.5,fixation
14:13:42.4276,450.1,184.3,fixation
14:13:42.4281,450.0,184.8,fixation
14:13:42.4286,449.9,185.3,fixation
14:13:42.4291,449.9,185.9,fixation
14:13:42.4296,449.8,185.4,fixation
14:13:42.4301,449.4,185.0,fixation
14:13:42.4306,448.9,184.6,fixation
14:13:42.4311,448.8,184.6,fixation
14:13:42.4316,449.2,184.5,fixation
14:13:42.4321,450.7,184.4,fixation
14:13:42.4326,452.0,184.2,fixation
14:13:42.4331,453.0,184.6,fixation
14:13:42.4336,452.5,185.1,fixation
14:13:42.4341,451.6,185.7,fixation
14:13:42.4346,449.7,185.2,fixation
14:13:42.4351,448.3,184.2,fixation
14:13:42.4356,448.2,182.9,fixation
14:13:42.4361,449.1,182.3,fixation
14:13:42.4366,450.0,183.0,fixation
14:13:42.4371,450.1,183.6,fixation
14:13:42.4376,449.9,184.2,fixation
14:13:42.4381,449.6,184.1,fixation
14:13:42.4386,450.5,185.1,fixation
14:13:42.4391,451.6,186.3,fixation
14:13:42.4396,452.6,188.2,fixation
14:13:42.4401,452.3,189.1,fixation
14:13:42.4406,452.0,188.9,fixation
14:13:42.4411,451.8,187.9,fixation
14:13:42.4416,451.3,186.9,fixation
14:13:42.4421,450.7,186.6,fixation
14:13:42.4426,449.7,186.1,fixation
14:13:42.4431,449.4,185.8,fixation
14:13:42.4436,449.4,185.6,fixation
14:13:42.4441,449.9,186.1,fixation
14:13:42.4446,450.5,186.5,fixation
14:13:42.4451,450.8,186.9,fixation
14:13:42.4456,450.8,186.8,fixation
14:13:42.4461,450.6,186.6,fixation
14:13:42.4466,450.8,184.4,fixation
14:13:42.4471,451.2,182.4,fixation
14:13:42.4476,451.7,181.5,fixation
14:13:42.4481,451.8,182.5,fixation
14:13:42.4486,451.7,183.3,fixation
14:13:42.4491,451.5,183.1,fixation
14:13:42.4496,451.3,182.5,fixation
14:13:42.4501,451.1,182.1,fixation
14:13:42.4506,450.9,181.7,fixation
14:13:42.4511,449.7,181.6,fixation
14:13:42.4516,448.5,182.1,fixation
14:13:42.4521,447.8,182.6,fixation
14:13:42.4526,449.0,183.4,fixation
14:13:42.4531,450.4,183.7,fixation
14:13:42.4536,451.3,184.0,fixation
14:13:42.4541,451.3,184.2,fixation
14:13:42.4546,451.2,184.6,fixation
14:13:42.4551,450.5,185.1,fixation
14:13:42.4556,450.1,185.4,fixation
14:13:42.4561,449.8,184.8,fixation
14:13:42.4566,450.0,184.0,fixation
14:13:42.4571,449.6,183.2,fixation
14:13:42.4576,449.2,183.2,fixation
14:13:42.4581,449.0,183.1,fixation
14:13:42.4586,449.2,183.0,fixation
14:13:42.4591,449.3,183.9,fixation
14:13:42.4596,450.3,184.8,fixation
14:13:42.4601,451.3,185.7,fixation
14:13:42.4606,452.2,186.6,fixation
14:13:42.4611,452.2,187.7,fixation
14:13:42.4616,451.8,188.9,fixation
14:13:42.4621,451.3,187.0,fixation
14:13:42.4626,450.7,185.0,fixation
14:13:42.4631,450.2,183.0,fixation
14:13:42.4636,450.0,183.3,fixation
14:13:42.4641,450.0,183.9,fixation
14:13:42.4646,450.1,185.1,fixation
14:13:42.4651,450.2,186.0,fixation
14:13:42.4656,450.3,186.4,fixation
14:13:42.4661,450.5,186.1,fixation
14:13:42.4666,450.6,185.8,fixation
14:13:42.4671,450.4,185.8,fixation
14:13:42.4676,449.9,185.9,fixation
14:13:42.4681,449.3,185.9,fixation
14:13:42.4686,449.0,185.5,fixation
14:13:42.4691,449.1,185.0,fixation
14:13:42.4696,449.0,185.5,fixation
14:13:42.4701,449.2,186.3,fixation
14:13:42.4706,449.5,187.1,fixation
14:13:42.4711,449.8,187.2,fixation
14:13:42.4716,450.0,186.8,fixation
14:13:42.4721,449.8,186.1,fixation
14:13:42.4726,449.2,185.5,fixation
14:13:42.4731,448.7,185.2,fixation
14:13:42.4736,448.5,184.5,fixation
14:13:42.4741,449.5,183.7,fixation
14:13:42.4746,450.5,183.6,fixation
14:13:42.4751,450.6,184.2,fixation
14:13:42.4756,449.6,184.8,fixation
14:13:42.4761,449.9,185.6,fixation
14:13:42.4766,451.0,185.8,fixation
14:13:42.4771,451.9,185.3,fixation
14:13:42.4776,451.8,184.0,fixation
14:13:42.4781,451.6,184.6,fixation
14:13:42.4786,450.4,185.8,fixation
14:13:42.4791,449.8,187.3,fixation
14:13:42.4796,448.9,187.4,fixation
14:13:42.4801,449.4,185.7,fixation
14:13:42.4806,449.2,183.7,fixation
14:13:42.4811,449.3,181.7,fixation
14:13:42.4816,449.0,181.5,fixation
14:13:42.4821,448.5,181.3,fixation
14:13:42.4826,448.0,181.9,fixation
14:13:42.4831,448.0,182.6,fixation
14:13:42.4836,448.2,183.1,fixation
14:13:42.4841,448.4,182.9,fixation
14:13:42.4846,448.3,182.7,fixation
14:13:42.4851,448.5,182.5,fixation
14:13:42.4856,448.8,182.4,fixation
14:13:42.4861,449.2,182.6,fixation
14:13:42.4866,449.2,183.4,fixation
14:13:42.4871,449.6,184.6,fixation
14:13:42.4876,450.7,185.7,fixation
14:13:42.4881,451.9,186.5,fixation
14:13:42.4886,451.8,186.6,fixation
14:13:42.4891,450.8,186.2,fixation
14:13:42.4896,449.7,185.8,fixation
14:13:42.4901,449.3,185.5,fixation
14:13:42.4906,449.2,184.3,fixation
14:13:42.4911,449.1,183.0,fixation
14:13:42.4916,448.8,181.5,fixation
14:13:42.4921,448.6,181.4,fixation
14:13:42.4926,448.5,182.4,fixation
14:13:42.4931,448.5,183.7,fixation
14:13:42.4936,448.2,185.1,fixation
14:13:42.4941,448.0,185.4,fixation
14:13:42.4946,447.7,185.2,fixation
14:13:42.4951,447.7,184.1,fixation
14:13:42.4956,447.6,182.7,fixation
14:13:42.4961,447.5,181.6,fixation
14:13:42.4966,447.2,183.8,fixation
14:13:42.4971,447.3,186.3,fixation
14:13:42.4976,447.3,187.4,fixation
14:13:42.4981,447.5,186.6,fixation
14:13:42.4986,447.9,185.8,fixation
14:13:42.4991,448.3,186.4,fixation
14:13:42.4996,448.8,186.7,fixation
14:13:42.5001,448.7,186.8,fixation
14:13:42.5006,449.0,187.0,fixation
14:13:42.5011,449.1,186.9,fixation
14:13:42.5016,449.1,186.9,fixation
14:13:42.5021,447.9,186.4,fixation
14:13:42.5026,446.9,186.1,fixation
14:13:42.5031,445.9,185.8,fixation
14:13:42.5036,445.9,186.2,fixation
14:13:42.5041,447.0,186.9,fixation
14:13:42.5046,448.2,187.5,fixation
14:13:42.5051,449.5,187.9,fixation
14:13:42.5056,449.6,188.2,fixation
14:13:42.5061,449.0,187.7,fixation
14:13:42.5066,447.8,186.5,fixation
14:13:42.5071,446.8,185.1,fixation
14:13:42.5076,446.5,184.3,fixation
14:13:42.5081,446.5,183.8,fixation
14:13:42.5086,446.2,183.6,fixation
14:13:42.5091,448.4,183.9,saccade
14:13:42.5096,449.0,184.0,saccade
14:13:42.5101,448.1,185.3,saccade
14:13:42.5106,447.2,186.6,saccade
14:13:42.5111,447.0,187.0,saccade
14:13:42.5116,447.0,186.0,saccade
14:13:42.5121,446.9,185.0,saccade
14:13:42.5126,447.0,184.6,saccade
14:13:42.5131,445.4,183.9,saccade
14:13:42.5136,443.9,183.2,saccade
14:13:42.5141,442.4,184.1,saccade
14:13:42.5146,442.4,185.5,saccade
14:13:42.5151,440.6,186.7,saccade
14:13:42.5156,438.8,186.4,saccade
14:13:42.5161,435.7,185.1,saccade
14:13:42.5166,433.6,184.0,saccade
14:13:42.5171,431.5,183.1,saccade
14:13:42.5176,429.4,183.2,saccade
14:13:42.5181,427.9,184.6,saccade
14:13:42.5186,424.9,185.2,saccade
14:13:42.5191,423.2,185.4,saccade
14:13:42.5196,420.0,184.2,saccade
14:13:42.5201,415.9,183.8,saccade
14:13:42.5206,410.6,184.2,saccade
14:13:42.5211,406.6,185.9,saccade
14:13:42.5216,404.8,188.5,saccade
14:13:42.5221,402.5,190.4,saccade
14:13:42.5226,400.2,190.6,saccade
14:13:42.5231,396.1,189.7,saccade
14:13:42.5236,393.8,190.3,saccade
14:13:42.5241,391.7,191.5,saccade
14:13:42.5246,391.3,192.6,saccade
14:13:42.5251,387.2,192.1,saccade
14:13:42.5256,383.0,191.4,saccade
14:13:42.5261,379.2,190.8,saccade
14:13:42.5266,378.2,191.5,saccade
14:13:42.5271,377.1,192.6,saccade
14:13:42.5276,376.1,194.2,saccade
14:13:42.5281,376.2,194.5,saccade
14:13:42.5286,376.3,194.7,saccade
14:13:42.5291,376.5,195.1,saccade
14:13:42.5296,376.4,195.5,saccade
14:13:42.5301,375.8,196.0,saccade
14:13:42.5306,375.3,195.6,saccade
14:13:42.5311,373.3,195.3,saccade
14:13:42.5316,370.2,196.3,fixation
14:13:42.5321,370.1,196.9,fixation
14:13:42.5326,371.4,196.9,fixation
14:13:42.5331,372.3,197.1,fixation
14:13:42.5336,372.7,197.7,fixation
14:13:42.5341,371.7,198.3,fixation
14:13:42.5346,371.3,198.6,fixation
14:13:42.5351,371.5,198.5,fixation
14:13:42.5356,371.6,198.2,fixation
14:13:42.5361,371.6,198.1,fixation
14:13:42.5366,371.6,198.1,fixation
14:13:42.5371,371.6,197.1,fixation
14:13:42.5376,372.6,196.1,fixation
14:13:42.5381,373.7,195.1,fixation
14:13:42.5386,374.9,194.1,fixation
14:13:42.5391,375.1,192.8,fixation
14:13:42.5396,375.2,192.7,fixation
14:13:42.5401,375.2,193.8,fixation
14:13:42.5406,375.1,194.6,fixation
14:13:42.5411,375.2,193.3,fixation
14:13:42.5416,375.1,192.1,fixation
14:13:42.5421,374.5,193.4,fixation
14:13:42.5426,374.3,195.5,fixation
14:13:42.5431,374.4,197.1,fixation
14:13:42.5436,374.5,196.4,fixation
14:13:42.5441,374.3,195.8,fixation
14:13:42.5446,374.0,195.8,fixation
14:13:42.5451,374.0,195.9,fixation
14:13:42.5456,374.2,195.6,fixation
14:13:42.5461,374.3,194.8,fixation
14:13:42.5466,373.4,192.8,fixation
14:13:42.5471,372.4,191.1,fixation
14:13:42.5476,371.2,191.1,fixation
14:13:42.5481,371.0,192.3,fixation
14:13:42.5486,372.7,193.8,fixation
14:13:42.5491,374.6,193.6,fixation
14:13:42.5496,375.0,193.3,fixation
14:13:42.5501,373.5,192.1,fixation
14:13:42.5506,372.3,191.2,fixation
14:13:42.5511,372.6,192.3,fixation
14:13:42.5516,373.0,194.2,fixation
14:13:42.5521,373.4,196.1,fixation
14:13:42.5526,373.8,195.9,fixation
14:13:42.5531,374.3,195.6,fixation
14:13:42.5536,374.9,195.9,fixation
14:13:42.5541,375.5,196.5,fixation
14:13:42.5546,376.0,194.5,fixation
14:13:42.5551,376.0,191.4,fixation
14:13:42.5556,375.7,188.2,fixation
14:13:42.5561,375.1,188.9,fixation
14:13:42.5566,374.7,191.2,fixation
14:13:42.5571,373.6,193.4,fixation
14:13:42.5576,372.6,192.9,fixation
14:13:42.5581,372.4,191.6,fixation
14:13:42.5586,373.5,190.3,fixation
14:13:42.5591,374.4,191.6,fixation
14:13:42.5596,374.6,193.0,fixation
14:13:42.5601,374.5,193.3,fixation
14:13:42.5606,374.5,192.4,fixation
14:13:42.5611,374.5,191.4,fixation
14:13:42.5616,374.4,191.4,fixation
14:13:42.5621,373.7,193.0,fixation
14:13:42.5626,373.1,194.6,fixation
14:13:42.5631,372.7,194.3,fixation
14:13:42.5636,372.9,192.4,fixation
14:13:42.5641,373.3,190.6,fixation
14:13:42.5646,373.7,190.6,fixation
14:13:42.5651,373.8,191.1,fixation
14:13:42.5656,373.9,191.6,fixation
14:13:42.5661,374.1,191.5,fixation
14:13:42.5666,374.6,189.0,fixation
14:13:42.5671,375.0,186.4,fixation
14:13:42.5676,375.0,186.5,fixation
14:13:42.5681,374.6,188.5,fixation
14:13:42.5686,374.7,189.7,fixation
14:13:42.5691,374.8,189.1,fixation
14:13:42.5696,374.8,188.8,fixation
14:13:42.5701,374.5,190.0,fixation
14:13:42.5706,374.6,191.0,fixation
14:13:42.5711,375.2,190.9,fixation
14:13:42.5716,375.9,189.9,fixation
14:13:42.5721,376.5,189.0,fixation
14:13:42.5726,376.6,189.0,fixation
14:13:42.5731,376.7,189.3,fixation
14:13:42.5736,376.8,189.2,fixation
14:13:42.5741,377.1,189.1,fixation
14:13:42.5746,377.2,188.9,fixation
14:13:42.5751,376.6,188.9,fixation
14:13:42.5756,375.9,188.8,fixation
14:13:42.5761,374.7,188.7,fixation
14:13:42.5766,374.3,189.9,fixation
14:13:42.5771,374.3,191.1,fixation
14:13:42.5776,374.8,190.7,fixation
14:13:42.5781,375.3,189.2,fixation
14:13:42.5786,375.3,188.3,fixation
14:13:42.5791,375.2,188.9,fixation
14:13:42.5796,375.1,189.1,fixation
14:13:42.5801,373.1,188.2,fixation
14:13:42.5806,371.2,186.7,fixation
14:13:42.5811,370.8,185.6,fixation
14:13:42.5816,372.4,186.2,fixation
14:13:42.5821,374.2,187.5,fixation
14:13:42.5826,374.4,188.9,fixation
14:13:42.5831,374.8,189.1,fixation
14:13:42.5836,375.3,188.9,fixation
14:13:42.5841,375.7,188.4,fixation
14:13:42.5846,375.8,187.9,fixation
14:13:42.5851,375.6,188.4,fixation
14:13:42.5856,375.4,188.8,fixation
14:13:42.5861,375.2,189.2,fixation
14:13:42.5866,374.7,189.0,fixation
14:13:42.5871,374.2,187.1,fixation
14:13:42.5876,373.8,185.2,fixation
14:13:42.5881,374.1,185.5,fixation
14:13:42.5886,374.5,187.6,fixation
14:13:42.5891,374.9,189.7,fixation
14:13:42.5896,374.7,189.8,fixation
14:13:42.5901,374.5,189.7,fixation
14:13:42.5906,374.3,189.7,fixation
14:13:42.5911,374.4,190.2,fixation
14:13:42.5916,374.5,190.9,fixation
14:13:42.5921,374.3,191.8,fixation
14:13:42.5926,374.2,192.1,fixation
14:13:42.5931,375.7,192.5,fixation
14:13:42.5936,377.4,192.2,fixation
14:13:42.5941,377.1,191.9,fixation
14:13:42.5946,375.0,191.4,fixation
14:13:42.5951,372.9,191.2,fixation
14:13:42.5956,373.1,191.1,fixation
14:13:42.5961,373.4,191.1,fixation
14:13:42.5966,373.7,191.1,fixation
14:13:42.5971,373.3,191.1,fixation
14:13:42.5976,372.9,191.1,fixation
14:13:42.5981,371.5,190.4,fixation
14:13:42.5986,370.6,189.5,fixation
14:13:42.5991,370.9,188.5,fixation
14:13:42.5996,372.2,188.1,fixation
14:13:42.6001,373.3,187.9,fixation
14:13:42.6006,373.1,187.8,fixation
14:13:42.6011,372.5,186.5,fixation
14:13:42.6016,372.1,185.2,fixation
14:13:42.6021,372.0,184.0,fixation
14:13:42.6026,372.1,185.6,fixation
14:13:42.6031,372.2,187.3,fixation
14:13:42.6036,372.0,189.9,fixation
14:13:42.6041,371.9,190.9,fixation
14:13:42.6046,372.6,190.0,fixation
14:13:42.6051,373.4,188.1,fixation
14:13:42.6056,374.2,186.5,fixation
14:13:42.6061,373.9,186.5,fixation
14:13:42.6066,373.6,186.4,fixation
14:13:42.6071,373.6,187.4,fixation
14:13:42.6076,374.3,188.8,fixation
14:13:42.6081,375.2,189.4,fixation
14:13:42.6086,375.8,188.6,fixation
14:13:42.6091,376.1,188.2,fixation
14:13:42.6096,376.3,188.6,fixation
14:13:42.6101,375.7,189.8,fixation
14:13:42.6106,374.7,190.5,fixation
14:13:42.6111,373.5,191.2,fixation
14:13:42.6116,373.2,191.2,fixation
14:13:42.6121,373.4,191.5,fixation
14:13:42.6126,373.6,191.7,fixation
14:13:42.6131,373.9,191.8,fixation
14:13:42.6136,374.5,191.6,fixation
14:13:42.6141,375.5,193.1,fixation
14:13:42.6146,376.5,194.8,fixation
14:13:42.6151,376.8,196.1,fixation
14:13:42.6156,377.0,195.6,fixation
14:13:42.6161,377.3,195.0,fixation
14:13:42.6166,376.9,194.4,fixation
14:13:42.6171,375.9,193.0,fixation
14:13:42.6176,375.0,191.8,fixation
14:13:42.6181,375.6,191.2,fixation
14:13:42.6186,376.7,191.7,fixation
14:13:42.6191,376.6,192.0,fixation
14:13:42.6196,375.5,191.7,fixation
14:13:42.6201,374.9,191.4,fixation
14:13:42.6206,375.5,191.2,fixation
14:13:42.6211,376.1,191.2,fixation
14:13:42.6216,376.2,190.4,fixation
14:13:42.6221,376.1,189.5,fixation
14:13:42.6226,376.0,189.0,fixation
14:13:42.6231,375.8,188.6,fixation
14:13:42.6236,375.6,188.5,fixation
14:13:42.6241,375.4,188.3,fixation
14:13:42.6246,375.1,188.3,fixation
14:13:42.6251,374.9,188.0,fixation
14:13:42.6256,374.4,187.6,fixation
14:13:42.6261,374.1,187.7,fixation
14:13:42.6266,373.6,189.0,fixation
14:13:42.6271,373.3,190.2,fixation
14:13:42.6276,373.4,191.9,fixation
14:13:42.6281,373.8,192.2,fixation
14:13:42.6286,374.2,192.3,fixation
14:13:42.6291,374.3,191.9,fixation
14:13:42.6296,374.3,191.8,fixation
14:13:42.6301,374.4,191.8,fixation
14:13:42.6306,374.5,191.8,fixation
14:13:42.6311,374.6,191.2,fixation
14:13:42.6316,374.4,190.3,fixation
14:13:42.6321,374.1,189.5,fixation
14:13:42.6326,373.4,189.3,fixation
14:13:42.6331,373.0,189.5,fixation
14:13:42.6336,373.4,189.8,fixation
14:13:42.6341,374.1,190.1,fixation
14:13:42.6346,374.7,190.3,fixation
14:13:42.6351,374.6,190.1,fixation
14:13:42.6356,375.1,190.0,fixation
14:13:42.6361,375.7,190.8,fixation
14:13:42.6366,376.4,191.8,fixation
14:13:42.6371,376.6,191.7,fixation
14:13:42.6376,376.5,190.3,fixation
14:13:42.6381,375.7,188.9,fixation
14:13:42.6386,374.9,188.4,fixation
14:13:42.6391,374.5,188.3,fixation
14:13:42.6396,374.6,188.3,fixation
14:13:42.6401,374.5,188.3,fixation
14:13:42.6406,374.2,188.7,fixation
14:13:42.6411,373.6,189.2,fixation
14:13:42.6416,373.0,190.6,fixation
14:13:42.6421,373.0,191.4,fixation
14:13:42.6426,373.3,191.5,fixation
14:13:42.6431,373.8,190.8,fixation
14:13:42.6436,373.9,190.6,fixation
14:13:42.6441,374.0,190.9,fixation
14:13:42.6446,374.0,191.0,fixation
14:13:42.6451,374.1,190.9,fixation
14:13:42.6456,374.1,190.7,fixation
14:13:42.6461,374.2,190.6,fixation
14:13:42.6466,372.7,190.3,fixation
14:13:42.6471,371.2,190.1,fixation
14:13:42.6476,371.0,190.9,fixation
14:13:42.6481,372.4,192.0,fixation
14:13:42.6486,374.1,192.5,fixation
14:13:42.6491,374.5,192.2,fixation
14:13:42.6496,374.9,191.8,fixation
14:13:42.6501,375.0,192.1,fixation
14:13:42.6506,375.1,193.1,fixation
14:13:42.6511,375.4,194.1,fixation
14:13:42.6516,375.8,194.6,fixation
14:13:42.6521,375.3,193.8,fixation
14:13:42.6526,374.5,193.0,fixation
14:13:42.6531,373.6,192.6,fixation
14:13:42.6536,372.3,190.5,fixation
14:13:42.6541,371.0,188.1,fixation
14:13:42.6546,370.7,185.8,fixation
14:13:42.6551,371.5,186.9,fixation
14:13:42.6556,372.6,188.3,fixation
14:13:42.6561,373.1,189.5,fixation
14:13:42.6566,373.7,189.2,fixation
14:13:42.6571,373.4,189.6,fixation
14:13:42.6576,373.0,189.7,fixation
14:13:42.6581,372.6,189.9,fixation
14:13:42.6586,373.2,189.4,fixation
14:13:42.6591,374.2,190.4,fixation
14:13:42.6596,375.3,190.6,fixation
14:13:42.6601,376.1,191.0,fixation
14:13:42.6606,376.6,190.6,fixation
14:13:42.6611,377.0,191.1,fixation
14:13:42.6616,377.0,191.2,fixation
14:13:42.6621,376.7,191.2,fixation
14:13:42.6626,376.2,191.4,fixation
14:13:42.6631,376.1,192.0,fixation
14:13:42.6636,376.0,192.5,fixation
14:13:42.6641,376.1,191.6,fixation
14:13:42.6646,375.1,190.3,fixation
14:13:42.6651,373.6,189.2,fixation
14:13:42.6656,372.2,189.4,fixation
14:13:42.6661,372.6,189.8,fixation
14:13:42.6666,373.6,190.0,fixation
14:13:42.6671,374.9,190.3,fixation
14:13:42.6676,375.4,190.4,fixation
14:13:42.6681,376.1,191.5,fixation
14:13:42.6686,376.6,192.7,fixation
14:13:42.6691,377.0,193.8,fixation
14:13:42.6696,377.2,193.9,fixation
14:13:42.6701,377.2,194.0,fixation
14:13:42.6706,377.0,194.2,fixation
14:13:42.6711,376.7,194.3,fixation
14:13:42.6716,376.5,195.3,fixation
14:13:42.6721,376.3,196.2,fixation
14:13:42.6726,375.4,196.1,fixation
14:13:42.6731,374.1,193.7,fixation
14:13:42.6736,372.9,191.3,fixation
14:13:42.6741,372.3,190.4,fixation
14:13:42.6746,372.1,190.8,fixation
14:13:42.6751,372.4,191.5,fixation
14:13:42.6756,373.1,191.7,fixation
14:13:42.6761,373.8,191.9,fixation
14:13:42.6766,374.1,191.8,fixation
14:13:42.6771,374.8,191.8,fixation
14:13:42.6776,375.7,190.8,fixation
14:13:42.6781,376.4,189.9,fixation
14:13:42.6786,375.9,189.9,fixation
14:13:42.6791,375.5,190.6,fixation
14:13:42.6796,375.2,191.4,fixation
14:13:42.6801,375.3,191.4,fixation
14:13:42.6806,375.4,191.7,fixation
14:13:42.6811,373.9,192.1,fixation
14:13:42.6816,372.3,192.3,fixation
14:13:42.6821,370.9,192.1,fixation
14:13:42.6826,371.3,191.6,fixation
14:13:42.6831,371.7,191.2,fixation
14:13:42.6836,371.9,190.8,fixation
14:13:42.6841,372.6,190.2,fixation
14:13:42.6846,373.3,189.7,fixation
14:13:42.6851,373.9,189.6,fixation
14:13:42.6856,373.9,190.2,fixation
14:13:42.6861,373.8,190.5,fixation
14:13:42.6866,373.9,189.1,fixation
14:13:42.6871,373.9,187.4,fixation
14:13:42.6876,373.8,186.5,fixation
14:13:42.6881,373.7,187.2,fixation
14:13:42.6886,372.5,187.8,fixation
14:13:42.6891,371.5,187.4,fixation
14:13:42.6896,370.5,186.9,fixation
14:13:42.6901,371.5,186.4,fixation
14:13:42.6906,372.6,187.8,fixation
14:13:42.6911,373.7,190.3,fixation
14:13:42.6916,372.8,193.9,fixation
14:13:42.6921,371.8,195.9,fixation
14:13:42.6926,370.5,196.1,fixation
14:13:42.6931,369.9,193.8,fixation
14:13:42.6936,369.3,191.3,fixation
14:13:42.6941,369.3,189.8,fixation
14:13:42.6946,369.7,189.8,fixation
14:13:42.6951,370.4,190.2,fixation
14:13:42.6956,371.1,190.4,fixation
14:13:42.6961,371.2,190.4,fixation
14:13:42.6966,371.0,190.2,fixation
14:13:42.6971,370.6,188.3,fixation
14:13:42.6976,371.3,187.1,fixation
14:13:42.6981,372.4,186.7,fixation
14:13:42.6986,373.5,187.9,fixation
14:13:42.6991,372.6,188.1,fixation
14:13:42.6996,371.3,187.4,fixation
14:13:42.7001,369.8,187.2,fixation
14:13:42.7006,369.6,187.7,fixation
14:13:42.7011,369.3,188.2,fixation
14:13:42.7016,369.1,188.3,fixation
14:13:42.7021,370.0,188.0,fixation
14:13:42.7026,370.5,187.8,fixation
14:13:42.7031,371.1,187.6,fixation
14:13:42.7036,370.7,187.2,fixation
14:13:42.7041,370.8,187.0,fixation
14:13:42.7046,370.8,188.0,fixation
14:13:42.7051,370.8,189.2,fixation
14:13:42.7056,370.8,190.5,fixation
14:13:42.7061,371.1,190.8,fixation
14:13:42.7066,370.9,191.1,fixation
14:13:42.7071,370.6,191.0,fixation
14:13:42.7076,370.2,190.3,fixation
14:13:42.7081,370.3,189.6,fixation
14:13:42.7086,370.1,189.3,fixation
14:13:42.7091,369.9,188.5,fixation
14:13:42.7096,369.9,187.7,fixation
14:13:42.7101,370.5,187.9,fixation
14:13:42.7106,371.4,189.1,fixation
14:13:42.7111,371.7,190.3,fixation
14:13:42.7116,371.4,187.3,fixation
14:13:42.7121,370.6,184.1,fixation
14:13:42.7126,371.0,182.8,fixation
14:13:42.7131,371.6,184.8,fixation
14:13:42.7136,371.7,186.0,fixation
14:13:42.7141,371.1,185.3,fixation
14:13:42.7146,370.1,184.9,fixation
14:13:42.7151,369.7,185.1,fixation
14:13:42.7156,369.3,184.4,fixation
14:13:42.7161,369.3,183.6,fixation
14:13:42.7166,369.3,184.3,fixation
14:13:42.7171,370.3,185.7,fixation
14:13:42.7176,371.3,187.1,fixation
14:13:42.7181,372.5,187.2,fixation
14:13:42.7186,372.8,187.6,fixation
14:13:42.7191,372.1,187.6,fixation
14:13:42.7196,371.1,187.3,fixation
14:13:42.7201,369.9,186.7,fixation
14:13:42.7206,369.2,186.2,fixation
14:13:42.7211,368.5,185.8,fixation
14:13:42.7216,368.2,186.4,fixation
14:13:42.7221,368.6,187.0,fixation
14:13:42.7226,369.0,187.4,fixation
14:13:42.7231,368.9,186.9,fixation
14:13:42.7236,368.9,186.4,fixation
14:13:42.7241,369.5,186.1,fixation
14:13:42.7246,370.3,187.0,fixation
14:13:42.7251,371.1,188.1,fixation
14:13:42.7256,370.9,188.0,fixation
14:13:42.7261,370.9,186.9,fixation
14:13:42.7266,370.9,185.8,fixation
14:13:42.7271,371.2,186.2,fixation
14:13:42.7276,371.6,186.8,fixation
14:13:42.7281,372.5,187.5,fixation
14:13:42.7286,373.4,187.8,fixation
14:13:42.7291,373.7,187.8,fixation
14:13:42.7296,373.0,187.6,fixation
14:13:42.7301,371.4,187.3,fixation
14:13:42.7306,369.9,187.0,fixation
14:13:42.7311,369.7,186.9,fixation
14:13:42.7316,370.7,188.1,fixation
14:13:42.7321,371.7,189.3,fixation
14:13:42.7326,372.0,190.6,fixation
14:13:42.7331,372.0,191.1,fixation
14:13:42.7336,371.9,191.6,fixation
14:13:42.7341,372.1,189.6,fixation
14:13:42.7346,372.8,187.5,fixation
14:13:42.7351,373.3,186.8,fixation
14:13:42.7356,373.6,188.4,fixation
14:13:42.7361,373.3,189.3,fixation
14:13:42.7366,373.7,188.6,fixation
14:13:42.7371,374.3,187.8,fixation
14:13:42.7376,375.0,186.1,fixation
14:13:42.7381,375.1,184.5,fixation
14:13:42.7386,375.2,183.7,fixation
14:13:42.7391,373.9,184.7,fixation
14:13:42.7396,372.5,186.0,fixation
14:13:42.7401,370.7,186.5,fixation
14:13:42.7406,370.2,186.8,fixation
14:13:42.7411,369.8,186.6,fixation
14:13:42.7416,369.9,186.2,fixation
14:13:42.7421,370.0,185.0,fixation
14:13:42.7426,370.1,184.0,fixation
14:13:42.7431,370.2,183.2,fixation
14:13:42.7436,370.3,183.1,fixation
14:13:42.7441,371.1,182.9,fixation
14:13:42.7446,372.0,182.8,fixation
14:13:42.7451,372.7,184.9,fixation
14:13:42.7456,372.4,186.9,fixation
14:13:42.7461,372.1,187.7,fixation
14:13:42.7466,371.9,186.9,fixation
14:13:42.7471,372.5,186.1,fixation
14:13:42.7476,373.0,185.6,fixation
14:13:42.7481,374.1,184.7,fixation
14:13:42.7486,375.1,184.0,fixation
14:13:42.7491,375.9,184.6,fixation
14:13:42.7496,376.3,185.1,fixation
14:13:42.7501,376.2,185.3,fixation
14:13:42.7506,376.2,185.2,fixation
14:13:42.7511,375.8,184.9,fixation
14:13:42.7516,375.1,184.6,fixation
14:13:42.7521,374.6,184.5,fixation
14:13:42.7526,374.6,184.7,fixation
14:13:42.7531,374.9,185.2,fixation
14:13:42.7536,375.3,185.8,fixation
14:13:42.7541,375.6,186.4,fixation
14:13:42.7546,375.8,187.2,fixation
14:13:42.7551,375.7,187.7,fixation
14:13:42.7556,375.5,189.0,fixation
14:13:42.7561,374.2,189.7,fixation
14:13:42.7566,373.3,189.4,fixation
14:13:42.7571,372.8,188.4,fixation
14:13:42.7576,372.9,187.2,fixation
14:13:42.7581,372.5,186.7,fixation
14:13:42.7586,371.8,185.8,fixation
14:13:42.7591,371.6,185.2,fixation
14:13:42.7596,372.2,186.3,fixation
14:13:42.7601,373.0,187.7,fixation
14:13:42.7606,373.9,188.9,fixation
14:13:42.7611,374.1,188.8,fixation
14:13:42.7616,373.0,188.5,fixation
14:13:42.7621,371.9,188.7,fixation
14:13:42.7626,371.1,188.9,fixation
14:13:42.7631,371.5,189.2,fixation
14:13:42.7636,373.2,189.1,fixation
14:13:42.7641,374.5,189.6,fixation
14:13:42.7646,375.8,190.2,fixation
14:13:42.7651,375.7,188.9,fixation
14:13:42.7656,375.0,187.0,fixation
14:13:42.7661,374.4,185.7,fixation
14:13:42.7666,374.8,186.5,fixation
14:13:42.7671,375.8,187.4,fixation
14:13:42.7676,375.8,187.1,fixation
14:13:42.7681,374.7,186.4,fixation
14:13:42.7686,373.4,185.2,fixation
14:13:42.7691,373.1,184.5,fixation
14:13:42.7696,373.3,185.5,fixation
14:13:42.7701,373.8,186.8,fixation
14:13:42.7706,374.3,188.2,fixation
14:13:42.7711,373.6,188.1,fixation
14:13:42.7716,372.7,188.0,fixation
14:13:42.7721,372.4,188.0,fixation
14:13:42.7726,372.8,187.1,fixation
14:13:42.7731,372.8,186.2,fixation
14:13:42.7736,372.0,186.3,fixation
14:13:42.7741,372.6,187.3,fixation
14:13:42.7746,373.9,188.5,fixation
14:13:42.7751,375.2,188.6,fixation
14:13:42.7756,374.6,188.6,fixation
14:13:42.7761,373.9,187.2,fixation
14:13:42.7766,373.0,185.9,fixation
14:13:42.7771,372.6,184.5,fixation
14:13:42.7776,372.5,184.4,fixation
14:13:42.7781,373.2,184.7,fixation
14:13:42.7786,373.7,185.0,fixation
14:13:42.7791,374.2,185.3,fixation
14:13:42.7796,374.0,185.4,fixation
14:13:42.7801,374.0,185.4,fixation
14:13:42.7806,374.1,185.4,fixation
14:13:42.7811,374.6,185.0,fixation
14:13:42.7816,374.9,184.8,fixation
14:13:42.7821,375.4,185.9,fixation
14:13:42.7826,375.8,187.3,fixation
14:13:42.7831,376.6,188.7,saccade
14:13:42.7836,376.4,188.9,saccade
14:13:42.7841,376.2,188.1,saccade
14:13:42.7846,376.1,186.9,saccade
14:13:42.7851,376.1,185.7,saccade
14:13:42.7856,376.5,184.2,saccade
14:13:42.7861,377.3,182.7,saccade
14:13:42.7866,379.8,183.3,saccade
14:13:42.7871,382.1,185.4,saccade
14:13:42.7876,384.1,187.5,saccade
14:13:42.7881,383.9,187.5,saccade
14:13:42.7886,383.7,187.6,saccade
14:13:42.7891,385.8,187.9,saccade
14:13:42.7896,388.4,187.6,saccade
14:13:42.7901,391.2,187.0,saccade
14:13:42.7906,392.9,186.4,saccade
14:13:42.7911,396.3,185.4,saccade
14:13:42.7916,399.8,182.4,saccade
14:13:42.7921,402.1,179.3,saccade
14:13:42.7926,403.5,176.6,saccade
14:13:42.7931,406.0,175.8,saccade
14:13:42.7936,408.5,175.1,saccade
14:13:42.7941,410.7,175.1,saccade
14:13:42.7946,413.1,174.9,saccade
14:13:42.7951,416.8,174.7,saccade
14:13:42.7956,420.5,175.0,saccade
14:13:42.7961,422.7,175.4,saccade
14:13:42.7966,424.0,175.6,saccade
14:13:42.7971,424.9,175.5,saccade
14:13:42.7976,425.8,174.5,saccade
14:13:42.7981,425.9,173.3,saccade
14:13:42.7986,425.9,172.0,saccade
14:13:42.7991,425.3,171.6,saccade
14:13:42.7996,424.6,171.4,saccade
14:13:42.8001,424.0,171.4,saccade
14:13:42.8006,425.0,171.7,saccade
14:13:42.8011,426.1,172.0,saccade
14:13:42.8016,424.1,171.8,fixation
14:13:42.8021,422.4,171.5,fixation
14:13:42.8026,421.9,171.1,fixation
14:13:42.8031,421.9,170.6,fixation
14:13:42.8036,422.2,170.2,fixation
14:13:42.8041,423.5,172.2,fixation
14:13:42.8046,424.7,174.3,fixation
14:13:42.8051,425.0,175.5,fixation
14:13:42.8056,424.4,173.9,fixation
14:13:42.8061,423.9,172.2,fixation
14:13:42.8066,423.8,171.5,fixation
14:13:42.8071,423.5,171.5,fixation
14:13:42.8076,423.1,171.4,fixation
14:13:42.8081,422.0,171.3,fixation
14:13:42.8086,421.0,171.2,fixation
14:13:42.8091,420.4,171.2,fixation
14:13:42.8096,420.8,171.2,fixation
14:13:42.8101,421.2,171.2,fixation
14:13:42.8106,421.5,171.3,fixation
14:13:42.8111,421.6,171.4,fixation
14:13:42.8116,421.9,171.6,fixation
14:13:42.8121,422.0,171.6,fixation
14:13:42.8126,422.1,171.8,fixation
14:13:42.8131,422.2,172.0,fixation
14:13:42.8136,422.1,172.3,fixation
14:13:42.8141,422.0,172.5,fixation
14:13:42.8146,421.6,172.3,fixation
14:13:42.8151,421.3,171.9,fixation
14:13:42.8156,420.8,171.5,fixation
14:13:42.8161,420.4,171.5,fixation
14:13:42.8166,419.1,171.5,fixation
14:13:42.8171,418.1,171.6,fixation
14:13:42.8176,417.3,171.6,fixation
14:13:42.8181,416.9,171.4,fixation
14:13:42.8186,416.4,171.0,fixation
14:13:42.8191,417.1,171.0,fixation
14:13:42.8196,418.4,171.5,fixation
14:13:42.8201,420.0,172.4,fixation
14:13:42.8206,420.4,174.1,fixation
14:13:42.8211,420.7,175.5,fixation
14:13:42.8216,420.5,176.2,fixation
14:13:42.8221,420.4,175.0,fixation
14:13:42.8226,419.9,173.5,fixation
14:13:42.8231,419.3,172.4,fixation
14:13:42.8236,418.9,172.1,fixation
14:13:42.8241,420.0,172.3,fixation
14:13:42.8246,420.8,172.7,fixation
14:13:42.8251,421.3,172.7,fixation
14:13:42.8256,420.8,172.3,fixation
14:13:42.8261,420.5,171.9,fixation
14:13:42.8266,420.5,173.3,fixation
14:13:42.8271,420.5,174.8,fixation
14:13:42.8276,419.9,175.4,fixation
14:13:42.8281,419.1,174.3,fixation
14:13:42.8286,418.2,173.7,fixation
14:13:42.8291,418.1,174.2,fixation
14:13:42.8296,418.6,174.8,fixation
14:13:42.8301,419.1,174.8,fixation
14:13:42.8306,419.2,174.3,fixation
14:13:42.8311,419.1,173.7,fixation
14:13:42.8316,419.4,173.7,fixation
14:13:42.8321,420.1,174.4,fixation
14:13:42.8326,420.8,173.9,fixation
14:13:42.8331,421.3,172.9,fixation
14:13:42.8336,421.3,171.6,fixation
14:13:42.8341,421.1,171.4,fixation
14:13:42.8346,420.6,171.1,fixation
14:13:42.8351,420.1,171.3,fixation
14:13:42.8356,419.8,171.7,fixation
14:13:42.8361,420.1,172.2,fixation
14:13:42.8366,420.7,172.3,fixation
14:13:42.8371,421.4,172.2,fixation
14:13:42.8376,421.8,171.8,fixation
14:13:42.8381,420.7,171.3,fixation
14:13:42.8386,419.2,170.9,fixation
14:13:42.8391,417.7,170.9,fixation
14:13:42.8396,417.6,171.6,fixation
14:13:42.8401,418.0,172.3,fixation
14:13:42.8406,418.4,173.0,fixation
14:13:42.8411,418.6,173.8,fixation
14:13:42.8416,418.3,174.5,fixation
14:13:42.8421,418.0,174.0,fixation
14:13:42.8426,417.9,173.1,fixation
14:13:42.8431,418.2,172.9,fixation
14:13:42.8436,418.6,174.2,fixation
14:13:42.8441,419.5,175.6,fixation
14:13:42.8446,420.2,176.2,fixation
14:13:42.8451,419.9,176.2,fixation
14:13:42.8456,419.3,176.2,fixation
14:13:42.8461,418.7,176.1,fixation
14:13:42.8466,418.9,175.4,fixation
14:13:42.8471,419.6,175.0,fixation
14:13:42.8476,420.2,174.6,fixation
14:13:42.8481,420.7,174.2,fixation
14:13:42.8486,420.6,173.4,fixation
14:13:42.8491,421.5,172.8,fixation
14:13:42.8496,422.4,172.7,fixation
14:13:42.8501,422.3,172.5,fixation
14:13:42.8506,421.2,172.6,fixation
14:13:42.8511,420.1,172.9,fixation
14:13:42.8516,420.4,173.1,fixation
14:13:42.8521,420.7,173.1,fixation
14:13:42.8526,420.3,172.4,fixation
14:13:42.8531,419.4,171.9,fixation
14:13:42.8536,418.6,173.1,fixation
14:13:42.8541,418.7,174.9,fixation
14:13:42.8546,418.7,176.3,fixation
14:13:42.8551,418.8,175.6,fixation
14:13:42.8556,419.0,174.9,fixation
14:13:42.8561,419.2,174.5,fixation
14:13:42.8566,420.0,174.5,fixation
14:13:42.8571,421.3,174.5,fixation
14:13:42.8576,422.5,174.6,fixation
14:13:42.8581,423.2,173.8,fixation
14:13:42.8586,422.9,173.1,fixation
14:13:42.8591,422.4,172.4,fixation
14:13:42.8596,421.8,172.7,fixation
14:13:42.8601,421.8,173.2,fixation
14:13:42.8606,422.0,173.7,fixation
14:13:42.8611,422.4,173.3,fixation
14:13:42.8616,420.8,172.5,fixation
14:13:42.8621,419.1,172.6,fixation
14:13:42.8626,417.4,173.4,fixation
14:13:42.8631,417.4,172.9,fixation
14:13:42.8636,417.9,171.6,fixation
14:13:42.8641,418.3,171.3,fixation
14:13:42.8646,419.3,172.0,fixation
14:13:42.8651,419.8,172.6,fixation
14:13:42.8656,420.9,172.7,fixation
14:13:42.8661,421.5,173.3,fixation
14:13:42.8666,422.2,174.0,fixation
14:13:42.8671,422.3,174.1,fixation
14:13:42.8676,422.3,174.3,fixation
14:13:42.8681,422.3,174.3,fixation
14:13:42.8686,422.4,174.2,fixation
14:13:42.8691,421.9,174.1,fixation
14:13:42.8696,421.4,173.6,fixation
14:13:42.8701,421.0,173.2,fixation
14:13:42.8706,420.9,173.3,fixation
14:13:42.8711,421.7,173.7,fixation
14:13:42.8716,422.4,174.2,fixation
14:13:42.8721,423.0,174.2,fixation
14:13:42.8726,422.9,174.1,fixation
14:13:42.8731,422.6,175.5,fixation
14:13:42.8736,422.4,176.9,fixation
14:13:42.8741,422.7,177.4,fixation
14:13:42.8746,423.1,176.6,fixation
14:13:42.8751,423.9,176.3,fixation
14:13:42.8756,424.2,176.9,fixation
14:13:42.8761,424.9,177.3,fixation
14:13:42.8766,424.8,176.9,fixation
14:13:42.8771,424.7,176.5,fixation
14:13:42.8776,424.2,176.3,fixation
14:13:42.8781,424.5,176.1,fixation
14:13:42.8786,424.6,176.0,fixation
14:13:42.8791,425.0,177.2,fixation
14:13:42.8796,425.2,178.5,fixation
14:13:42.8801,425.7,177.6,fixation
14:13:42.8806,426.0,175.3,fixation
14:13:42.8811,425.9,173.3,fixation
14:13:42.8816,424.7,173.4,fixation
14:13:42.8821,423.6,173.4,fixation
14:13:42.8826,423.1,175.3,fixation
14:13:42.8831,423.4,177.2,fixation
14:13:42.8836,423.3,176.5,fixation
14:13:42.8841,422.9,173.8,fixation
14:13:42.8846,422.4,171.9,fixation
14:13:42.8851,422.3,172.2,fixation
14:13:42.8856,422.3,172.5,fixation
14:13:42.8861,422.6,172.1,fixation
14:13:42.8866,422.9,172.1,fixation
14:13:42.8871,423.5,172.1,fixation
14:13:42.8876,424.2,172.5,fixation
14:13:42.8881,424.7,173.0,fixation
14:13:42.8886,425.1,173.5,fixation
14:13:42.8891,425.0,175.1,fixation
14:13:42.8896,424.7,176.7,fixation
14:13:42.8901,424.4,178.3,fixation
14:13:42.8906,423.8,178.3,fixation
14:13:42.8911,423.4,178.4,fixation
14:13:42.8916,423.2,176.8,fixation
14:13:42.8921,423.1,175.2,fixation
14:13:42.8926,423.0,173.8,fixation
14:13:42.8931,422.7,174.3,fixation
14:13:42.8936,422.8,174.6,fixation
14:13:42.8941,422.8,174.5,fixation
14:13:42.8946,422.6,174.2,fixation
14:13:42.8951,422.3,173.8,fixation
14:13:42.8956,422.2,173.6,fixation
14:13:42.8961,422.5,174.0,fixation
14:13:42.8966,422.7,174.6,fixation
14:13:42.8971,422.5,175.4,fixation
14:13:42.8976,422.3,175.5,fixation
14:13:42.8981,422.7,175.2,fixation
14:13:42.8986,423.5,174.9,fixation
14:13:42.8991,424.3,174.9,fixation
14:13:42.8996,423.0,175.1,fixation
14:13:42.9001,421.8,173.9,fixation
14:13:42.9006,420.6,172.6,fixation
14:13:42.9011,420.7,171.4,fixation
14:13:42.9016,420.9,171.6,fixation
14:13:42.9021,421.0,171.4,fixation
14:13:42.9026,421.8,171.3,fixation
14:13:42.9031,422.5,171.4,fixation
14:13:42.9036,423.1,172.6,fixation
14:13:42.9041,423.0,173.9,fixation
14:13:42.9046,422.9,175.1,fixation
14:13:42.9051,422.9,175.3,fixation
14:13:42.9056,423.0,175.6,fixation
14:13:42.9061,423.0,175.9,fixation
14:13:42.9066,423.1,176.0,fixation
14:13:42.9071,423.4,176.1,fixation
14:13:42.9076,423.0,175.7,fixation
14:13:42.9081,421.9,175.0,fixation
14:13:42.9086,420.8,174.3,fixation
14:13:42.9091,420.4,174.2,fixation
14:13:42.9096,420.8,174.4,fixation
14:13:42.9101,421.4,174.6,fixation
14:13:42.9106,421.9,174.6,fixation
14:13:42.9111,422.1,175.0,fixation
14:13:42.9116,421.8,175.7,fixation
14:13:42.9121,421.5,176.3,fixation
14:13:42.9126,420.9,175.9,fixation
14:13:42.9131,420.8,174.0,fixation
14:13:42.9136,420.6,172.0,fixation
14:13:42.9141,422.2,172.5,fixation
14:13:42.9146,423.7,174.1,fixation
14:13:42.9151,424.8,175.9,fixation
14:13:42.9156,424.5,176.1,fixation
14:13:42.9161,423.7,176.1,fixation
14:13:42.9166,423.2,175.9,fixation
14:13:42.9171,422.2,175.4,fixation
14:13:42.9176,421.7,174.7,fixation
14:13:42.9181,421.2,174.0,fixation
14:13:42.9186,421.1,173.4,fixation
14:13:42.9191,421.0,173.3,fixation
14:13:42.9196,422.4,173.7,fixation
14:13:42.9201,423.9,174.3,fixation
14:13:42.9206,424.5,174.7,fixation
14:13:42.9211,423.6,174.7,fixation
14:13:42.9216,424.1,174.8,fixation
14:13:42.9221,425.4,174.9,fixation
14:13:42.9226,426.7,175.0,fixation
14:13:42.9231,425.8,175.2,fixation
14:13:42.9236,425.1,175.3,fixation
14:13:42.9241,424.3,175.7,fixation
14:13:42.9246,424.0,176.0,fixation
14:13:42.9251,423.5,176.4,fixation
14:13:42.9256,423.1,176.6,fixation
14:13:42.9261,423.2,176.8,fixation
14:13:42.9266,423.4,176.8,fixation
14:13:42.9271,423.6,176.2,fixation
14:13:42.9276,423.9,175.6,fixation
14:13:42.9281,424.1,175.0,fixation
14:13:42.9286,423.3,174.9,fixation
14:13:42.9291,422.4,175.3,fixation
14:13:42.9296,421.5,175.7,fixation
14:13:42.9301,421.6,176.2,fixation
14:13:42.9306,422.0,176.2,fixation
14:13:42.9311,422.8,175.9,fixation
14:13:42.9316,423.4,175.3,fixation
14:13:42.9321,422.8,174.6,fixation
14:13:42.9326,421.9,174.8,fixation
14:13:42.9331,420.7,175.3,fixation
14:13:42.9336,420.4,176.2,fixation
14:13:42.9341,420.1,176.5,fixation
14:13:42.9346,421.2,176.9,fixation
14:13:42.9351,422.4,176.9,fixation
14:13:42.9356,423.0,176.6,fixation
14:13:42.9361,421.8,176.2,fixation
14:13:42.9366,420.6,176.1,fixation
14:13:42.9371,420.1,176.1,fixation
14:13:42.9376,419.9,176.0,fixation
14:13:42.9381,419.8,176.3,fixation
14:13:42.9386,419.8,177.0,fixation
14:13:42.9391,420.3,177.9,fixation
14:13:42.9396,421.3,178.7,fixation
14:13:42.9401,422.5,179.1,fixation
14:13:42.9406,423.5,177.6,fixation
14:13:42.9411,424.0,175.9,fixation
14:13:42.9416,423.4,174.2,fixation
14:13:42.9421,422.3,174.5,fixation
14:13:42.9426,421.2,174.9,fixation
14:13:42.9431,420.7,175.1,fixation
14:13:42.9436,420.7,175.0,fixation
14:13:42.9441,420.7,174.9,fixation
14:13:42.9446,420.8,174.9,fixation
14:13:42.9451,421.0,175.4,fixation
14:13:42.9456,421.1,175.7,fixation
14:13:42.9461,421.3,176.2,fixation
14:13:42.9466,421.5,176.5,fixation
14:13:42.9471,422.7,177.1,fixation
14:13:42.9476,423.8,177.5,fixation
14:13:42.9481,423.7,176.8,fixation
14:13:42.9486,422.3,175.8,fixation
14:13:42.9491,420.6,174.8,fixation
14:13:42.9496,419.7,174.7,fixation
14:13:42.9501,419.3,174.8,fixation
14:13:42.9506,419.1,175.1,fixation
14:13:42.9511,419.5,175.5,fixation
14:13:42.9516,420.0,175.7,fixation
14:13:42.9521,420.3,175.8,fixation
14:13:42.9526,420.2,175.6,fixation
14:13:42.9531,421.6,175.4,fixation
14:13:42.9536,423.1,175.4,fixation
14:13:42.9541,424.4,175.1,fixation
14:13:42.9546,424.1,174.9,fixation
14:13:42.9551,423.9,174.7,fixation
14:13:42.9556,424.2,175.5,fixation
14:13:42.9561,424.4,176.8,fixation
14:13:42.9566,424.7,178.1,fixation
14:13:42.9571,424.8,178.6,fixation
14:13:42.9576,424.9,178.4,fixation
14:13:42.9581,424.9,178.3,fixation
14:13:42.9586,424.3,178.3,fixation
14:13:42.9591,423.6,178.3,fixation
14:13:42.9596,422.9,178.6,fixation
14:13:42.9601,422.7,178.9,fixation
14:13:42.9606,422.6,179.3,fixation
14:13:42.9611,422.1,179.3,fixation
14:13:42.9616,421.6,178.9,fixation
14:13:42.9621,421.5,178.0,fixation
14:13:42.9626,421.9,176.7,fixation
14:13:42.9631,422.2,176.6,fixation
14:13:42.9636,424.5,176.9,fixation
14:13:42.9641,426.8,177.4,fixation
14:13:42.9646,426.9,177.0,fixation
14:13:42.9651,424.7,176.6,fixation
14:13:42.9656,422.3,176.6,fixation
14:13:42.9661,422.1,176.6,fixation
14:13:42.9666,422.9,176.7,fixation
14:13:42.9671,423.9,176.8,fixation
14:13:42.9676,424.4,177.0,fixation
14:13:42.9681,423.5,177.2,fixation
14:13:42.9686,422.7,177.3,fixation
14:13:42.9691,422.4,177.3,fixation
14:13:42.9696,423.3,177.3,fixation
14:13:42.9701,424.1,177.8,fixation
14:13:42.9706,424.9,178.2,fixation
14:13:42.9711,424.6,178.4,fixation
14:13:42.9716,424.0,178.1,fixation
14:13:42.9721,423.5,177.3,fixation
14:13:42.9726,423.2,175.7,fixation
14:13:42.9731,423.2,174.4,fixation
14:13:42.9736,423.1,174.8,fixation
14:13:42.9741,423.3,176.2,fixation
14:13:42.9746,423.6,177.5,fixation
14:13:42.9751,424.2,177.5,fixation
14:13:42.9756,425.1,176.6,fixation
14:13:42.9761,425.8,175.9,fixation
14:13:42.9766,425.7,175.3,fixation
14:13:42.9771,424.9,175.8,fixation
14:13:42.9776,424.1,176.1,fixation
14:13:42.9781,424.2,176.3,fixation
14:13:42.9786,424.6,175.9,fixation
14:13:42.9791,424.9,175.5,fixation
14:13:42.9796,425.2,175.1,fixation
14:13:42.9801,425.4,174.6,fixation
14:13:42.9806,425.7,174.4,fixation
14:13:42.9811,425.5,175.7,fixation
14:13:42.9816,425.0,177.5,fixation
14:13:42.9821,424.5,179.2,fixation
14:13:42.9826,424.2,179.6,fixation
14:13:42.9831,423.6,179.7,fixation
14:13:42.9836,423.1,178.8,fixation
14:13:42.9841,422.8,177.9,fixation
14:13:42.9846,422.8,176.9,fixation
14:13:42.9851,422.9,176.8,fixation
14:13:42.9856,423.6,176.4,fixation
14:13:42.9861,424.7,176.0,fixation
14:13:42.9866,425.6,176.8,fixation
14:13:42.9871,426.1,178.0,fixation
14:13:42.9876,426.0,178.2,fixation
14:13:42.9881,425.0,177.2,fixation
14:13:42.9886,423.4,176.7,fixation
14:13:42.9891,421.9,177.1,fixation
14:13:42.9896,421.7,176.9,fixation
14:13:42.9901,422.4,176.2,fixation
14:13:42.9906,423.2,175.3,fixation
14:13:42.9911,423.5,174.7,fixation
14:13:42.9916,423.8,174.2,fixation
14:13:42.9921,423.9,173.8,fixation
14:13:42.9926,423.3,174.2,fixation
14:13:42.9931,422.5,175.6,fixation
14:13:42.9936,421.7,177.1,fixation
14:13:42.9941,421.7,178.2,fixation
14:13:42.9946,422.0,177.4,fixation
14:13:42.9951,423.2,176.7,fixation
14:13:42.9956,424.4,175.6,fixation
14:13:42.9961,424.4,174.9,fixation
14:13:42.9966,423.4,174.1,fixation
14:13:42.9971,422.2,175.2,fixation
14:13:42.9976,422.0,176.6,fixation
14:13:42.9981,421.8,178.3,fixation
14:13:42.9986,421.8,178.4,fixation
14:13:42.9991,421.8,178.4,fixation
14:13:42.9996,421.8,178.0,fixation
14:13:43.0001,421.7,177.6,fixation
14:13:43.0006,421.7,177.2,fixation
14:13:43.0011,421.6,176.6,fixation
14:13:43.0016,421.6,176.3,fixation
14:13:43.0021,422.2,176.1,fixation
14:13:43.0026,422.5,176.2,fixation
14:13:43.0031,422.8,176.4,fixation
14:13:43.0036,422.5,176.6,fixation
14:13:43.0041,422.4,176.2,fixation
14:13:43.0046,421.9,175.0,fixation
14:13:43.0051,421.6,174.1,fixation
14:13:43.0056,421.4,174.0,fixation
14:13:43.0061,421.6,175.8,fixation
14:13:43.0066,422.0,177.4,fixation
14:13:43.0071,422.3,178.9,fixation
14:13:43.0076,422.2,179.1,fixation
14:13:43.0081,421.9,177.2,fixation
14:13:43.0086,421.3,175.3,fixation
14:13:43.0091,421.0,173.2,fixation
14:13:43.0096,421.2,173.2,fixation
14:13:43.0101,421.6,173.1,fixation
14:13:43.0106,422.2,173.7,fixation
14:13:43.0111,422.4,175.4,fixation
14:13:43.0116,422.5,177.0,fixation
14:13:43.0121,422.9,177.1,fixation
14:13:43.0126,423.3,176.0,fixation
14:13:43.0131,423.8,175.5,fixation
14:13:43.0136,424.0,175.9,fixation
14:13:43.0141,424.1,176.3,fixation
14:13:43.0146,423.7,177.0,fixation
14:13:43.0151,423.2,178.2,fixation
14:13:43.0156,422.8,179.3,fixation
14:13:43.0161,421.8,179.4,fixation
14:13:43.0166,420.8,179.3,fixation
14:13:43.0171,421.0,178.9,fixation
14:13:43.0176,422.1,178.5,fixation
14:13:43.0181,423.1,178.3,fixation
14:13:43.0186,422.7,178.5,fixation
14:13:43.0191,422.6,178.5,fixation
14:13:43.0196,422.5,178.4,fixation
14:13:43.0201,422.6,177.9,fixation
14:13:43.0206,422.6,177.6,fixation
14:13:43.0211,422.6,177.4,fixation
14:13:43.0216,422.5,177.6,fixation
14:13:43.0221,422.4,177.7,fixation
14:13:43.0226,422.3,176.6,fixation
14:13:43.0231,422.3,175.4,fixation
14:13:43.0236,422.2,174.8,fixation
14:13:43.0241,422.2,175.4,fixation
14:13:43.0246,422.7,176.1,fixation
14:13:43.0251,423.3,175.9,fixation
14:13:43.0256,424.0,175.5,fixation
14:13:43.0261,424.3,175.0,fixation
14:13:43.0266,424.4,176.2,fixation
14:13:43.0271,424.4,177.7,fixation
14:13:43.0276,424.3,179.0,fixation
14:13:43.0281,425.3,178.9,fixation
14:13:43.0286,426.2,178.8,fixation
14:13:43.0291,427.2,178.3,fixation
14:13:43.0296,427.1,177.7,fixation
14:13:43.0301,425.6,177.1,fixation
14:13:43.0306,424.1,177.0,fixation
14:13:43.0311,422.6,176.9,fixation
14:13:43.0316,422.5,176.9,fixation
14:13:43.0321,422.1,177.2,fixation
14:13:43.0326,421.8,177.4,fixation
14:13:43.0331,421.6,177.3,fixation
14:13:43.0336,421.7,176.5,fixation
14:13:43.0341,421.8,175.6,fixation
14:13:43.0346,421.9,174.8,fixation
14:13:43.0351,422.0,174.3,fixation
14:13:43.0356,422.1,173.9,fixation
14:13:43.0361,422.2,173.9,fixation
14:13:43.0366,422.6,174.0,fixation
14:13:43.0371,422.9,174.8,fixation
14:13:43.0376,422.5,175.4,fixation
14:13:43.0381,421.6,175.1,fixation
14:13:43.0386,420.9,174.5,fixation
14:13:43.0391,421.1,174.4,fixation
14:13:43.0396,421.1,175.9,fixation
14:13:43.0401,420.7,177.2,fixation
14:13:43.0406,420.5,177.0,fixation
14:13:43.0411,420.8,176.1,fixation
14:13:43.0416,421.5,176.3,fixation
14:13:43.0421,422.2,177.7,fixation
14:13:43.0426,422.3,179.0,fixation
14:13:43.0431,422.1,178.8,fixation
14:13:43.0436,421.6,178.5,fixation
14:13:43.0441,421.2,178.2,fixation
14:13:43.0446,421.1,177.8,fixation
14:13:43.0451,421.0,177.5,fixation
14:13:43.0456,420.7,177.3,fixation
14:13:43.0461,420.1,177.5,fixation
14:13:43.0466,420.2,177.4,fixation
14:13:43.0471,421.0,177.3,fixation
14:13:43.0476,421.8,177.4,fixation
14:13:43.0481,422.2,177.9,fixation
14:13:43.0486,421.5,178.3,fixation
14:13:43.0491,420.8,178.5,fixation
14:13:43.0496,421.2,178.8,fixation
14:13:43.0501,422.5,179.3,fixation
14:13:43.0506,423.7,179.8,fixation
14:13:43.0511,423.8,180.0,fixation
14:13:43.0516,423.6,178.9,fixation
14:13:43.0521,423.3,177.7,fixation
14:13:43.0526,423.0,177.1,fixation
14:13:43.0531,422.0,177.6,fixation
14:13:43.0536,421.1,178.1,fixation
14:13:43.0541,421.4,178.1,fixation
14:13:43.0546,422.5,177.7,fixation
14:13:43.0551,423.6,177.4,fixation
14:13:43.0556,424.5,176.1,fixation
14:13:43.0561,425.5,175.4,fixation
14:13:43.0566,426.3,174.7,fixation
14:13:43.0571,426.0,174.8,fixation
14:13:43.0576,424.9,174.7,fixation
14:13:43.0581,424.0,175.0,fixation
14:13:43.0586,423.7,175.9,fixation
14:13:43.0591,424.2,176.3,fixation
14:13:43.0596,424.7,175.9,fixation
14:13:43.0601,424.7,175.0,fixation
14:13:43.0606,425.4,176.6,fixation
14:13:43.0611,426.1,178.2,fixation
14:13:43.0616,425.1,179.5,fixation
14:13:43.0621,423.4,178.6,fixation
14:13:43.0626,421.6,178.0,fixation
14:13:43.0631,421.5,178.1,fixation
14:13:43.0636,421.2,178.5,fixation
14:13:43.0641,421.1,178.7,fixation
14:13:43.0646,421.3,178.7,fixation
14:13:43.0651,421.4,178.9,fixation
14:13:43.0656,422.4,179.3,fixation
14:13:43.0661,423.3,179.7,fixation
14:13:43.0666,423.3,179.9,fixation
14:13:43.0671,422.2,179.8,fixation
14:13:43.0676,421.6,178.9,fixation
14:13:43.0681,422.0,178.1,fixation
14:13:43.0686,422.0,177.5,fixation
14:13:43.0691,421.7,176.9,fixation
14:13:43.0696,421.3,176.3,fixation
14:13:43.0701,421.6,175.7,fixation
14:13:43.0706,422.1,175.8,fixation
14:13:43.0711,423.0,176.1,fixation
14:13:43.0716,423.6,176.1,fixation
14:13:43.0721,422.7,176.0,fixation
14:13:43.0726,421.4,176.8,fixation
14:13:43.0731,421.4,177.1,fixation
14:13:43.0736,422.5,177.6,fixation
14:13:43.0741,422.9,177.1,fixation
14:13:43.0746,422.0,177.2,fixation
14:13:43.0751,421.0,177.6,fixation
14:13:43.0756,420.8,177.9,fixation
14:13:43.0761,421.5,178.2,fixation
14:13:43.0766,422.2,178.4,fixation
14:13:43.0771,423.0,178.5,fixation
14:13:43.0776,422.6,178.8,fixation
14:13:43.0781,422.3,179.1,fixation
14:13:43.0786,421.6,179.1,fixation
14:13:43.0791,421.4,178.6,fixation
14:13:43.0796,421.1,178.1,fixation
14:13:43.0801,421.3,177.4,fixation
14:13:43.0806,421.6,177.0,fixation
14:13:43.0811,422.2,176.4,fixation
14:13:43.0816,422.6,176.2,fixation
14:13:43.0821,422.8,175.9,fixation
14:13:43.0826,422.8,175.8,fixation
14:13:43.0831,423.3,175.7,fixation
14:13:43.0836,423.7,176.2,fixation
14:13:43.0841,424.1,176.9,fixation
14:13:43.0846,424.1,177.4,fixation
14:13:43.0851,423.5,176.6,fixation
14:13:43.0856,423.2,175.8,fixation
14:13:43.0861,422.8,175.6,fixation
14:13:43.0866,423.0,176.1,fixation
14:13:43.0871,422.9,177.0,fixation
14:13:43.0876,422.7,177.5,fixation
14:13:43.0881,422.4,178.0,fixation
14:13:43.0886,422.0,178.3,fixation
14:13:43.0891,421.8,178.2,fixation
14:13:43.0896,422.2,177.7,fixation
14:13:43.0901,422.6,177.9,fixation
14:13:43.0906,423.1,178.2,fixation
14:13:43.0911,423.1,178.9,fixation
14:13:43.0916,423.5,179.0,fixation
14:13:43.0921,423.9,179.3,fixation
14:13:43.0926,424.3,179.5,fixation
14:13:43.0931,425.2,179.6,fixation
14:13:43.0936,426.0,179.7,fixation
14:13:43.0941,425.3,179.2,fixation
14:13:43.0946,423.6,178.1,fixation
14:13:43.0951,422.0,176.7,fixation
14:13:43.0956,421.9,175.6,fixation
14:13:43.0961,422.1,175.1,fixation
14:13:43.0966,422.2,174.9,fixation
14:13:43.0971,422.5,173.5,fixation
14:13:43.0976,422.9,172.0,fixation
14:13:43.0981,423.3,171.3,fixation
14:13:43.0986,422.3,174.2,fixation
14:13:43.0991,421.0,177.1,fixation
14:13:43.0996,421.1,178.7,fixation
14:13:43.1001,422.3,178.3,fixation
14:13:43.1006,423.9,177.6,fixation
14:13:43.1011,424.2,177.4,fixation
14:13:43.1016,423.4,177.2,fixation
14:13:43.1021,422.6,177.1,fixation
14:13:43.1026,421.8,177.3,fixation
14:13:43.1031,422.1,177.5,fixation
14:13:43.1036,422.5,177.7,fixation
14:13:43.1041,422.8,177.6,fixation
14:13:43.1046,423.1,177.6,fixation
14:13:43.1051,423.3,177.7,fixation
14:13:43.1056,423.7,178.0,fixation
14:13:43.1061,424.2,177.8,fixation
14:13:43.1066,423.2,177.7,fixation
14:13:43.1071,421.7,178.1,fixation
14:13:43.1076,420.3,178.9,fixation
14:13:43.1081,420.5,179.5,fixation
14:13:43.1086,421.4,179.2,fixation
14:13:43.1091,422.2,178.9,fixation
14:13:43.1096,422.9,178.5,fixation
14:13:43.1101,423.6,178.4,fixation
14:13:43.1106,424.4,178.0,fixation
14:13:43.1111,424.1,178.0,fixation
14:13:43.1116,423.1,178.4,fixation
14:13:43.1121,422.0,179.0,fixation
14:13:43.1126,422.0,179.4,fixation
14:13:43.1131,421.7,178.7,fixation
14:13:43.1136,421.4,177.9,fixation
14:13:43.1141,421.1,177.1,fixation
14:13:43.1146,420.9,177.5,fixation
14:13:43.1151,420.8,178.0,fixation
14:13:43.1156,420.5,178.4,fixation
14:13:43.1161,420.2,178.3,fixation
14:13:43.1166,420.8,178.3,fixation
14:13:43.1171,422.2,178.3,fixation
14:13:43.1176,423.6,178.3,fixation
14:13:43.1181,423.7,178.7,fixation
14:13:43.1186,423.3,179.2,fixation
14:13:43.1191,422.9,179.7,fixation
14:13:43.1196,423.0,179.7,fixation
14:13:43.1201,422.9,180.5,fixation
14:13:43.1206,422.9,181.0,fixation
14:13:43.1211,422.9,181.6,fixation
14:13:43.1216,423.0,181.0,fixation
14:13:43.1221,423.1,180.4,fixation
14:13:43.1226,423.2,179.9,fixation
14:13:43.1231,423.4,179.9,fixation
14:13:43.1236,424.1,180.0,fixation
14:13:43.1241,424.7,180.2,fixation
14:13:43.1246,425.5,180.2,fixation
14:13:43.1251,425.7,179.8,fixation
14:13:43.1256,425.2,178.5,fixation
14:13:43.1261,424.7,177.4,fixation
14:13:43.1266,424.1,176.2,fixation
14:13:43.1271,424.3,175.9,fixation
14:13:43.1276,424.1,177.2,fixation
14:13:43.1281,424.0,178.8,fixation
14:13:43.1286,423.8,180.7,fixation
14:13:43.1291,423.8,181.0,fixation
14:13:43.1296,423.8,180.9,fixation
14:13:43.1301,422.0,180.7,fixation
14:13:43.1306,420.3,180.7,fixation
14:13:43.1311,420.0,181.0,fixation
14:13:43.1316,422.0,180.0,fixation
14:13:43.1321,424.1,178.9,fixation
14:13:43.1326,424.0,178.0,fixation
14:13:43.1331,423.2,178.4,fixation
14:13:43.1336,422.4,178.1,fixation
14:13:43.1341,423.0,177.4,fixation
14:13:43.1346,423.6,176.3,fixation
14:13:43.1351,424.1,176.0,fixation
14:13:43.1356,424.1,176.0,fixation
14:13:43.1361,424.0,176.4,fixation
14:13:43.1366,423.2,176.8,fixation
14:13:43.1371,422.7,177.9,fixation
14:13:43.1376,422.1,178.9,fixation
14:13:43.1381,422.2,180.1,fixation
14:13:43.1386,422.3,180.1,fixation
14:13:43.1391,422.4,180.1,fixation
14:13:43.1396,421.9,180.1,fixation
14:13:43.1401,421.3,180.2,fixation
14:13:43.1406,420.8,180.3,fixation
14:13:43.1411,420.5,180.0,fixation
14:13:43.1416,420.2,179.5,fixation
14:13:43.1421,419.6,179.2,fixation
14:13:43.1426,419.2,179.3,fixation
14:13:43.1431,418.9,178.0,fixation
14:13:43.1436,418.9,176.6,fixation
14:13:43.1441,418.9,176.2,fixation
14:13:43.1446,418.5,177.3,fixation
14:13:43.1451,418.2,178.1,fixation
14:13:43.1456,417.9,177.8,fixation
14:13:43.1461,417.9,177.6,fixation
14:13:43.1466,417.8,177.6,fixation
14:13:43.1471,418.0,177.5,fixation
14:13:43.1476,418.4,177.4,fixation
14:13:43.1481,420.0,177.4,fixation
14:13:43.1486,421.4,177.5,fixation
14:13:43.1491,422.9,177.6,fixation
14:13:43.1496,423.2,177.2,fixation
14:13:43.1501,423.7,177.0,fixation
14:13:43.1506,423.9,177.0,fixation
14:13:43.1511,424.1,178.8,saccade
14:13:43.1516,423.9,178.9,saccade
14:13:43.1521,423.8,178.2,saccade
14:13:43.1526,423.6,179.3,saccade
14:13:43.1531,423.6,180.8,saccade
14:13:43.1536,424.0,182.4,saccade
14:13:43.1541,424.3,182.6,saccade
14:13:43.1546,423.9,180.7,saccade
14:13:43.1551,423.1,178.5,saccade
14:13:43.1556,421.8,176.8,saccade
14:13:43.1561,420.7,177.1,saccade
14:13:43.1566,419.4,178.4,saccade
14:13:43.1571,417.9,179.3,saccade
14:13:43.1576,416.9,179.2,saccade
14:13:43.1581,414.4,178.2,saccade
14:13:43.1586,412.7,177.5,saccade
14:13:43.1591,409.4,177.6,saccade
14:13:43.1596,407.8,177.9,saccade
14:13:43.1601,405.2,177.6,saccade
14:13:43.1606,403.1,177.4,saccade
14:13:43.1611,400.9,177.2,saccade
14:13:43.1616,396.9,177.2,saccade
14:13:43.1621,393.7,177.3,saccade
14:13:43.1626,390.5,177.3,saccade
14:13:43.1631,389.8,177.0,saccade
14:13:43.1636,388.1,175.7,saccade
14:13:43.1641,386.6,174.5,saccade
14:13:43.1646,383.8,173.9,saccade
14:13:43.1651,382.3,174.5,saccade
14:13:43.1656,380.6,175.9,saccade
14:13:43.1661,380.5,176.7,saccade
14:13:43.1666,378.2,177.1,saccade
14:13:43.1671,376.0,176.7,saccade
14:13:43.1676,373.9,176.2,saccade
14:13:43.1681,371.7,175.9,saccade
14:13:43.1686,368.2,173.2,fixation
14:13:43.1691,368.7,172.0,fixation
14:13:43.1696,368.8,172.1,fixation
14:13:43.1701,368.2,173.1,fixation
14:13:43.1706,368.6,173.9,fixation
14:13:43.1711,369.2,174.8,fixation
14:13:43.1716,370.0,174.5,fixation
14:13:43.1721,370.2,174.1,fixation
14:13:43.1726,369.9,173.6,fixation
14:13:43.1731,368.7,173.1,fixation
14:13:43.1736,367.6,173.0,fixation
14:13:43.1741,367.0,173.5,fixation
14:13:43.1746,367.5,174.0,fixation
14:13:43.1751,368.0,174.4,fixation
14:13:43.1756,368.5,174.4,fixation
14:13:43.1761,368.8,174.5,fixation
14:13:43.1766,368.9,175.3,fixation
14:13:43.1771,368.2,175.9,fixation
14:13:43.1776,367.6,176.4,fixation
14:13:43.1781,366.8,176.1,fixation
14:13:43.1786,366.4,174.8,fixation
14:13:43.1791,366.1,173.7,fixation
14:13:43.1796,366.4,172.2,fixation
14:13:43.1801,367.2,171.7,fixation
14:13:43.1806,368.2,171.3,fixation
14:13:43.1811,368.8,171.6,fixation
14:13:43.1816,369.0,171.9,fixation
14:13:43.1821,368.4,172.0,fixation
14:13:43.1826,367.7,171.8,fixation
14:13:43.1831,367.0,171.9,fixation
14:13:43.1836,367.0,172.3,fixation
14:13:43.1841,367.8,172.9,fixation
14:13:43.1846,369.2,173.6,fixation
14:13:43.1851,370.7,174.1,fixation
14:13:43.1856,371.3,174.2,fixation
14:13:43.1861,371.4,174.1,fixation
14:13:43.1866,371.5,174.2,fixation
14:13:43.1871,371.6,174.4,fixation
14:13:43.1876,371.1,173.8,fixation
14:13:43.1881,370.4,173.0,fixation
14:13:43.1886,369.6,172.9,fixation
14:13:43.1891,369.4,173.7,fixation
14:13:43.1896,369.2,174.6,fixation
14:13:43.1901,369.2,174.7,fixation
14:13:43.1906,369.1,174.9,fixation
14:13:43.1911,369.1,175.1,fixation
14:13:43.1916,368.6,175.3,fixation
14:13:43.1921,368.2,174.3,fixation
14:13:43.1926,367.1,172.3,fixation
14:13:43.1931,366.6,170.4,fixation
14:13:43.1936,365.9,170.1,fixation
14:13:43.1941,365.2,170.5,fixation
14:13:43.1946,364.8,170.9,fixation
14:13:43.1951,364.7,171.0,fixation
14:13:43.1956,365.7,171.1,fixation
14:13:43.1961,366.5,171.2,fixation
14:13:43.1966,367.2,171.5,fixation
14:13:43.1971,367.5,171.8,fixation
14:13:43.1976,367.6,172.8,fixation
14:13:43.1981,367.7,174.1,fixation
14:13:43.1986,368.8,175.4,fixation
14:13:43.1991,369.9,176.1,fixation
14:13:43.1996,370.9,175.5,fixation
14:13:43.2001,369.6,174.8,fixation
14:13:43.2006,368.3,174.2,fixation
14:13:43.2011,366.9,174.9,fixation
14:13:43.2016,367.0,175.6,fixation
14:13:43.2021,367.5,176.4,fixation
14:13:43.2026,368.0,176.4,fixation
14:13:43.2031,368.3,176.5,fixation
14:13:43.2036,368.5,176.5,fixation
14:13:43.2041,368.7,176.5,fixation
14:13:43.2046,368.9,175.1,fixation
14:13:43.2051,369.0,173.8,fixation
14:13:43.2056,369.0,172.5,fixation
14:13:43.2061,368.8,173.1,fixation
14:13:43.2066,368.3,173.7,fixation
14:13:43.2071,368.0,174.2,fixation
14:13:43.2076,367.9,174.0,fixation
14:13:43.2081,368.2,173.8,fixation
14:13:43.2086,368.6,173.3,fixation
14:13:43.2091,369.4,173.0,fixation
14:13:43.2096,370.3,172.7,fixation
14:13:43.2101,371.1,172.6,fixation
14:13:43.2106,371.6,172.5,fixation
14:13:43.2111,370.3,172.4,fixation
14:13:43.2116,368.7,172.4,fixation
14:13:43.2121,366.8,172.7,fixation
14:13:43.2126,366.5,173.0,fixation
14:13:43.2131,366.1,172.8,fixation
14:13:43.2136,366.0,172.4,fixation
14:13:43.2141,366.4,172.1,fixation
14:13:43.2146,367.2,172.3,fixation
14:13:43.2151,368.3,172.8,fixation
14:13:43.2156,369.0,173.2,fixation
14:13:43.2161,369.3,173.3,fixation
14:13:43.2166,369.3,172.8,fixation
14:13:43.2171,369.2,172.2,fixation
14:13:43.2176,368.8,171.7,fixation
14:13:43.2181,368.8,171.9,fixation
14:13:43.2186,368.6,172.6,fixation
14:13:43.2191,368.5,173.1,fixation
14:13:43.2196,367.9,172.9,fixation
14:13:43.2201,366.6,172.9,fixation
14:13:43.2206,365.4,172.9,fixation
14:13:43.2211,366.3,173.4,fixation
14:13:43.2216,368.0,174.0,fixation
14:13:43.2221,369.6,174.8,fixation
14:13:43.2226,369.3,174.7,fixation
14:13:43.2231,369.1,173.9,fixation
14:13:43.2236,368.6,172.8,fixation
14:13:43.2241,368.3,172.2,fixation
14:13:43.2246,368.2,171.2,fixation
14:13:43.2251,369.1,170.6,fixation
14:13:43.2256,369.8,171.0,fixation
14:13:43.2261,370.4,171.6,fixation
14:13:43.2266,370.2,172.3,fixation
14:13:43.2271,370.1,172.1,fixation
14:13:43.2276,369.9,171.9,fixation
14:13:43.2281,369.8,171.9,fixation
14:13:43.2286,368.7,172.0,fixation
14:13:43.2291,367.7,172.4,fixation
14:13:43.2296,367.3,173.9,fixation
14:13:43.2301,368.4,175.3,fixation
14:13:43.2306,369.4,176.3,fixation
14:13:43.2311,369.9,176.2,fixation
14:13:43.2316,368.8,176.0,fixation
14:13:43.2321,367.7,176.0,fixation
14:13:43.2326,367.5,176.1,fixation
14:13:43.2331,368.5,176.2,fixation
14:13:43.2336,369.9,176.4,fixation
14:13:43.2341,370.4,176.6,fixation
14:13:43.2346,369.4,176.3,fixation
14:13:43.2351,368.5,175.5,fixation
14:13:43.2356,368.1,175.3,fixation
14:13:43.2361,369.4,175.8,fixation
14:13:43.2366,370.2,176.7,fixation
14:13:43.2371,369.4,175.8,fixation
14:13:43.2376,368.4,173.0,fixation
14:13:43.2381,367.3,170.2,fixation
14:13:43.2386,367.5,169.9,fixation
14:13:43.2391,367.8,171.1,fixation
14:13:43.2396,368.2,172.2,fixation
14:13:43.2401,368.0,172.1,fixation
14:13:43.2406,367.6,173.1,fixation
14:13:43.2411,368.5,174.3,fixation
14:13:43.2416,369.9,175.0,fixation
14:13:43.2421,371.3,175.0,fixation
14:13:43.2426,371.3,174.8,fixation
14:13:43.2431,371.2,174.9,fixation
14:13:43.2436,371.1,174.3,fixation
14:13:43.2441,369.5,173.7,fixation
14:13:43.2446,367.9,173.2,fixation
14:13:43.2451,366.4,173.1,fixation
14:13:43.2456,366.7,173.2,fixation
14:13:43.2461,367.7,173.2,fixation
14:13:43.2466,368.4,173.5,fixation
14:13:43.2471,369.3,173.9,fixation
14:13:43.2476,369.5,174.3,fixation
14:13:43.2481,369.8,174.5,fixation
14:13:43.2486,369.6,173.6,fixation
14:13:43.2491,369.3,172.5,fixation
14:13:43.2496,368.8,171.8,fixation
14:13:43.2501,368.3,171.9,fixation
14:13:43.2506,367.4,171.7,fixation
14:13:43.2511,366.7,171.6,fixation
14:13:43.2516,367.3,171.5,fixation
14:13:43.2521,368.2,172.0,fixation
14:13:43.2526,369.0,171.8,fixation
14:13:43.2531,368.5,171.6,fixation
14:13:43.2536,368.2,171.3,fixation
14:13:43.2541,368.2,171.2,fixation
14:13:43.2546,368.3,172.8,fixation
14:13:43.2551,368.1,174.4,fixation
14:13:43.2556,366.8,174.6,fixation
14:13:43.2561,365.7,173.7,fixation
14:13:43.2566,365.5,172.8,fixation
14:13:43.2571,366.3,173.1,fixation
14:13:43.2576,367.1,172.5,fixation
14:13:43.2581,367.7,172.0,fixation
14:13:43.2586,368.3,172.3,fixation
14:13:43.2591,368.5,172.8,fixation
14:13:43.2596,368.3,172.7,fixation
14:13:43.2601,368.5,172.1,fixation
14:13:43.2606,368.9,171.3,fixation
14:13:43.2611,368.4,170.9,fixation
14:13:43.2616,367.6,170.0,fixation
14:13:43.2621,366.8,169.6,fixation
14:13:43.2626,367.0,169.8,fixation
14:13:43.2631,367.4,170.4,fixation
14:13:43.2636,368.2,170.7,fixation
14:13:43.2641,369.1,170.3,fixation
14:13:43.2646,369.5,170.2,fixation
14:13:43.2651,369.5,170.2,fixation
14:13:43.2656,369.4,170.9,fixation
14:13:43.2661,369.4,171.5,fixation
14:13:43.2666,369.1,172.0,fixation
14:13:43.2671,369.0,172.2,fixation
14:13:43.2676,369.1,172.5,fixation
14:13:43.2681,369.6,172.8,fixation
14:13:43.2686,370.2,172.0,fixation
14:13:43.2691,370.4,170.8,fixation
14:13:43.2696,370.5,169.7,fixation
14:13:43.2701,370.6,169.7,fixation
14:13:43.2706,370.4,171.6,fixation
14:13:43.2711,370.0,173.3,fixation
14:13:43.2716,369.7,174.7,fixation
14:13:43.2721,369.8,173.9,fixation
14:13:43.2726,369.2,173.2,fixation
14:13:43.2731,368.3,172.5,fixation
14:13:43.2736,366.8,172.3,fixation
14:13:43.2741,366.3,171.4,fixation
14:13:43.2746,365.2,170.9,fixation
14:13:43.2751,364.8,170.5,fixation
14:13:43.2756,365.4,171.0,fixation
14:13:43.2761,366.5,171.5,fixation
14:13:43.2766,367.8,172.1,fixation
14:13:43.2771,368.0,172.5,fixation
14:13:43.2776,368.3,172.5,fixation
14:13:43.2781,368.7,171.0,fixation
14:13:43.2786,368.9,169.5,fixation
14:13:43.2791,367.1,168.0,fixation
14:13:43.2796,365.1,169.6,fixation
14:13:43.2801,365.2,171.3,fixation
14:13:43.2806,367.3,173.0,fixation
14:13:43.2811,369.5,173.1,fixation
14:13:43.2816,369.9,173.0,fixation
14:13:43.2821,370.3,172.3,fixation
14:13:43.2826,370.6,171.3,fixation
14:13:43.2831,370.6,170.5,fixation
14:13:43.2836,370.6,169.6,fixation
14:13:43.2841,370.1,169.0,fixation
14:13:43.2846,369.1,168.2,fixation
14:13:43.2851,367.3,167.9,fixation
14:13:43.2856,365.9,167.6,fixation
14:13:43.2861,365.0,168.0,fixation
14:13:43.2866,365.0,168.5,fixation
14:13:43.2871,366.8,169.3,fixation
14:13:43.2876,368.7,169.7,fixation
14:13:43.2881,370.0,170.5,fixation
14:13:43.2886,369.1,170.8,fixation
14:13:43.2891,368.0,171.7,fixation
14:13:43.2896,367.5,172.2,fixation
14:13:43.2901,366.4,172.7,fixation
14:13:43.2906,365.3,172.7,fixation
14:13:43.2911,364.8,171.2,fixation
14:13:43.2916,365.3,169.6,fixation
14:13:43.2921,365.7,168.0,fixation
14:13:43.2926,365.6,167.7,fixation
14:13:43.2931,365.6,167.5,fixation
14:13:43.2936,365.5,167.9,fixation
14:13:43.2941,366.7,170.1,fixation
14:13:43.2946,367.9,172.3,fixation
14:13:43.2951,367.9,172.0,fixation
14:13:43.2956,366.9,170.1,fixation
14:13:43.2961,366.0,168.7,fixation
14:13:43.2966,366.2,169.3,fixation
14:13:43.2971,366.3,170.6,fixation
14:13:43.2976,366.3,171.3,fixation
14:13:43.2981,366.3,171.6,fixation
14:13:43.2986,366.4,171.1,fixation
14:13:43.2991,366.6,170.1,fixation
14:13:43.2996,366.7,169.6,fixation
14:13:43.3001,366.7,169.2,fixation
14:13:43.3006,366.6,169.8,fixation
14:13:43.3011,366.2,170.4,fixation
14:13:43.3016,365.9,171.0,fixation
14:13:43.3021,365.6,171.1,fixation
14:13:43.3026,365.7,171.1,fixation
14:13:43.3031,365.7,171.1,fixation
14:13:43.3036,365.4,171.0,fixation
14:13:43.3041,365.1,170.9,fixation
14:13:43.3046,364.4,170.0,fixation
14:13:43.3051,364.1,169.1,fixation
14:13:43.3056,365.1,170.3,fixation
14:13:43.3061,366.4,172.5,fixation
14:13:43.3066,367.4,173.6,fixation
14:13:43.3071,366.8,172.8,fixation
14:13:43.3076,366.2,172.0,fixation
14:13:43.3081,366.0,171.0,fixation
14:13:43.3086,366.0,169.8,fixation
14:13:43.3091,366.4,168.3,fixation
14:13:43.3096,366.8,167.7,fixation
14:13:43.3101,367.5,167.1,fixation
14:13:43.3106,367.7,167.5,fixation
14:13:43.3111,367.8,168.4,fixation
14:13:43.3116,367.4,169.1,fixation
14:13:43.3121,367.0,169.1,fixation
14:13:43.3126,366.6,168.8,fixation
14:13:43.3131,367.0,168.5,fixation
14:13:43.3136,367.5,168.3,fixation
14:13:43.3141,367.5,168.2,fixation
14:13:43.3146,367.1,168.3,fixation
14:13:43.3151,366.6,168.3,fixation
14:13:43.3156,366.5,168.6,fixation
14:13:43.3161,367.0,169.0,fixation
14:13:43.3166,367.6,170.1,fixation
14:13:43.3171,368.1,170.9,fixation
14:13:43.3176,366.9,171.4,fixation
14:13:43.3181,365.6,171.4,fixation
14:13:43.3186,364.4,171.4,fixation
14:13:43.3191,364.4,171.1,fixation
14:13:43.3196,365.5,170.7,fixation
14:13:43.3201,366.6,169.7,fixation
14:13:43.3206,367.8,169.0,fixation
14:13:43.3211,367.9,169.1,fixation
14:13:43.3216,366.7,169.4,fixation
14:13:43.3221,365.3,169.7,fixation
14:13:43.3226,365.6,170.0,fixation
14:13:43.3231,367.2,170.7,fixation
14:13:43.3236,367.7,171.0,fixation
14:13:43.3241,366.6,170.7,fixation
14:13:43.3246,365.9,170.6,fixation
14:13:43.3251,366.1,170.9,fixation
14:13:43.3256,366.3,171.2,fixation
14:13:43.3261,365.8,171.1,fixation
14:13:43.3266,365.4,171.0,fixation
14:13:43.3271,365.9,171.0,fixation
14:13:43.3276,366.6,170.9,fixation
14:13:43.3281,367.1,170.7,fixation
14:13:43.3286,366.9,170.4,fixation
14:13:43.3291,366.7,170.0,fixation
14:13:43.3296,366.4,169.1,fixation
14:13:43.3301,365.8,168.2,fixation
14:13:43.3306,365.6,167.5,fixation
14:13:43.3311,365.9,168.1,fixation
14:13:43.3316,366.6,169.0,fixation
14:13:43.3321,366.7,168.9,fixation
14:13:43.3326,366.6,168.1,fixation
14:13:43.3331,366.4,167.5,fixation
14:13:43.3336,366.3,167.8,fixation
14:13:43.3341,366.3,168.0,fixation
14:13:43.3346,366.5,168.2,fixation
14:13:43.3351,366.7,168.3,fixation
14:13:43.3356,366.7,168.6,fixation
14:13:43.3361,366.7,168.5,fixation
14:13:43.3366,366.4,168.2,fixation
14:13:43.3371,366.2,168.9,fixation
14:13:43.3376,366.1,170.0,fixation
14:13:43.3381,366.0,171.7,fixation
14:13:43.3386,366.9,172.3,fixation
14:13:43.3391,367.8,172.8,fixation
14:13:43.3396,368.3,170.9,fixation
14:13:43.3401,367.9,169.0,fixation
14:13:43.3406,367.2,167.3,fixation
14:13:43.3411,367.0,167.7,fixation
14:13:43.3416,366.9,168.3,fixation
14:13:43.3421,367.0,168.6,fixation
14:13:43.3426,367.1,168.7,fixation
14:13:43.3431,367.2,168.9,fixation
14:13:43.3436,367.2,169.4,fixation
14:13:43.3441,367.2,169.8,fixation
14:13:43.3446,367.1,169.6,fixation
14:13:43.3451,367.6,169.4,fixation
14:13:43.3456,368.2,169.6,fixation
14:13:43.3461,368.2,169.8,fixation
14:13:43.3466,367.7,170.1,fixation
14:13:43.3471,366.9,170.4,fixation
14:13:43.3476,366.7,170.7,fixation
14:13:43.3481,366.4,171.5,fixation
14:13:43.3486,366.4,171.8,fixation
14:13:43.3491,366.4,172.4,fixation
14:13:43.3496,365.9,172.1,fixation
14:13:43.3501,365.5,172.2,fixation
14:13:43.3506,365.1,172.2,fixation
14:13:43.3511,365.4,172.3,fixation
14:13:43.3516,364.9,172.5,fixation
14:13:43.3521,364.5,172.5,fixation
14:13:43.3526,364.3,172.3,fixation
14:13:43.3531,364.6,170.8,fixation
14:13:43.3536,364.9,169.3,fixation
14:13:43.3541,366.1,168.8,fixation
14:13:43.3546,367.8,169.8,fixation
14:13:43.3551,369.5,170.7,fixation
14:13:43.3556,370.1,170.5,fixation
14:13:43.3561,368.6,170.2,fixation
14:13:43.3566,367.0,170.7,fixation
14:13:43.3571,365.4,171.5,fixation
14:13:43.3576,365.5,172.4,fixation
14:13:43.3581,365.7,172.5,fixation
14:13:43.3586,366.0,172.3,fixation
14:13:43.3591,366.0,171.9,fixation
14:13:43.3596,366.2,171.6,fixation
14:13:43.3601,366.3,171.6,fixation
14:13:43.3606,366.5,170.3,fixation
14:13:43.3611,367.0,169.0,fixation
14:13:43.3616,367.6,167.9,fixation
14:13:43.3621,368.1,168.2,fixation
14:13:43.3626,368.2,168.5,fixation
14:13:43.3631,368.3,168.0,fixation
14:13:43.3636,368.7,167.7,fixation
14:13:43.3641,368.9,167.1,fixation
14:13:43.3646,368.9,166.9,fixation
14:13:43.3651,368.7,166.9,fixation
14:13:43.3656,368.4,167.1,fixation
14:13:43.3661,367.4,167.3,fixation
14:13:43.3666,366.5,167.4,fixation
14:13:43.3671,365.5,167.6,fixation
14:13:43.3676,366.3,168.4,fixation
14:13:43.3681,367.0,169.1,fixation
14:13:43.3686,367.8,169.4,fixation
14:13:43.3691,367.8,169.2,fixation
14:13:43.3696,368.1,168.9,fixation
14:13:43.3701,368.3,168.9,fixation
14:13:43.3706,368.4,168.9,fixation
14:13:43.3711,367.6,168.8,fixation
14:13:43.3716,367.1,168.3,fixation
14:13:43.3721,366.7,167.8,fixation
14:13:43.3726,366.3,169.8,fixation
14:13:43.3731,365.7,172.1,fixation
14:13:43.3736,365.7,173.7,fixation
14:13:43.3741,365.9,172.9,fixation
14:13:43.3746,366.0,172.2,fixation
14:13:43.3751,365.4,172.3,fixation
14:13:43.3756,365.2,171.6,fixation
14:13:43.3761,364.7,170.9,fixation
14:13:43.3766,364.2,170.1,fixation
14:13:43.3771,363.6,170.2,fixation
14:13:43.3776,364.9,170.4,fixation
14:13:43.3781,366.3,171.1,fixation
14:13:43.3786,367.8,171.4,fixation
14:13:43.3791,367.6,171.6,fixation
14:13:43.3796,367.7,171.5,fixation
14:13:43.3801,367.9,172.0,fixation
14:13:43.3806,368.1,172.5,fixation
14:13:43.3811,368.5,172.9,fixation
14:13:43.3816,369.0,172.9,fixation
14:13:43.3821,368.6,172.2,fixation
14:13:43.3826,367.7,171.5,fixation
14:13:43.3831,366.7,170.8,fixation
14:13:43.3836,366.7,170.7,fixation
14:13:43.3841,366.4,170.7,fixation
14:13:43.3846,366.1,170.7,fixation
14:13:43.3851,365.7,170.0,fixation
14:13:43.3856,365.4,169.9,fixation
14:13:43.3861,365.6,169.9,fixation
14:13:43.3866,366.5,170.7,fixation
14:13:43.3871,367.5,170.3,fixation
14:13:43.3876,367.9,169.8,fixation
14:13:43.3881,367.9,169.1,fixation
14:13:43.3886,367.9,168.8,fixation
14:13:43.3891,367.8,168.6,fixation
14:13:43.3896,367.7,168.1,fixation
14:13:43.3901,368.0,167.6,fixation
14:13:43.3906,368.4,167.0,fixation
14:13:43.3911,369.2,167.0,fixation
14:13:43.3916,369.5,167.8,fixation
14:13:43.3921,368.3,168.6,fixation
14:13:43.3926,366.7,169.4,fixation
14:13:43.3931,366.5,169.6,fixation
14:13:43.3936,367.7,170.1,fixation
14:13:43.3941,368.9,170.6,fixation
14:13:43.3946,368.7,170.8,fixation
14:13:43.3951,368.4,170.9,fixation
14:13:43.3956,369.0,171.1,fixation
14:13:43.3961,369.8,170.7,fixation
14:13:43.3966,370.1,170.1,fixation
14:13:43.3971,369.8,169.4,fixation
14:13:43.3976,369.6,169.2,fixation
14:13:43.3981,369.7,169.3,fixation
14:13:43.3986,369.6,169.3,fixation
14:13:43.3991,369.8,170.4,fixation
14:13:43.3996,370.0,171.3,fixation
14:13:43.4001,370.2,172.5,fixation
14:13:43.4006,370.0,172.6,fixation
14:13:43.4011,370.4,172.8,fixation
14:13:43.4016,371.0,172.8,fixation
14:13:43.4021,371.0,171.9,fixation
14:13:43.4026,370.5,171.0,fixation
14:13:43.4031,369.6,170.4,fixation
14:13:43.4036,369.3,170.8,fixation
14:13:43.4041,368.7,171.3,fixation
14:13:43.4046,368.4,171.5,fixation
14:13:43.4051,368.7,171.6,fixation
14:13:43.4056,369.8,171.7,fixation
14:13:43.4061,370.9,170.9,fixation
14:13:43.4066,370.8,169.9,fixation
14:13:43.4071,369.9,168.9,fixation
14:13:43.4076,368.6,168.9,fixation
14:13:43.4081,367.8,170.3,fixation
14:13:43.4086,367.5,171.4,fixation
14:13:43.4091,367.3,172.4,fixation
14:13:43.4096,367.2,171.8,fixation
14:13:43.4101,367.4,171.4,fixation
14:13:43.4106,367.5,171.1,fixation
14:13:43.4111,367.6,171.0,fixation
14:13:43.4116,367.6,171.0,fixation
14:13:43.4121,367.7,170.9,fixation
14:13:43.4126,368.0,171.2,fixation
14:13:43.4131,368.2,171.5,fixation
14:13:43.4136,368.4,170.2,fixation
14:13:43.4141,368.0,168.6,fixation
14:13:43.4146,367.6,166.9,fixation
14:13:43.4151,368.5,167.9,fixation
14:13:43.4156,370.4,168.9,fixation
14:13:43.4161,372.2,170.0,fixation
14:13:43.4166,372.5,170.4,fixation
14:13:43.4171,372.0,170.6,fixation
14:13:43.4176,370.4,170.3,fixation
14:13:43.4181,369.0,169.8,fixation
14:13:43.4186,367.8,168.9,fixation
14:13:43.4191,367.5,168.6,fixation
14:13:43.4196,367.0,168.3,fixation
14:13:43.4201,366.8,168.4,fixation
14:13:43.4206,366.7,168.5,fixation
14:13:43.4211,366.6,168.6,fixation
14:13:43.4216,366.7,168.5,fixation
14:13:43.4221,366.8,168.4,fixation
14:13:43.4226,367.2,168.4,fixation
14:13:43.4231,367.5,168.4,fixation
14:13:43.4236,368.0,168.9,fixation
14:13:43.4241,368.3,169.4,fixation
14:13:43.4246,368.5,169.9,fixation
14:13:43.4251,368.7,169.9,fixation
14:13:43.4256,368.7,169.9,fixation
14:13:43.4261,368.5,170.0,fixation
14:13:43.4266,368.2,170.0,fixation
14:13:43.4271,368.1,170.1,fixation
14:13:43.4276,368.4,170.1,fixation
14:13:43.4281,368.3,170.1,fixation
14:13:43.4286,368.2,169.9,fixation
14:13:43.4291,367.9,169.8,fixation
14:13:43.4296,367.9,169.7,fixation
14:13:43.4301,368.3,169.9,fixation
14:13:43.4306,368.8,170.3,fixation
14:13:43.4311,368.7,170.2,fixation
14:13:43.4316,368.3,169.7,fixation
14:13:43.4321,368.1,169.0,fixation
14:13:43.4326,369.2,168.6,fixation
14:13:43.4331,370.0,168.5,fixation
14:13:43.4336,370.2,168.9,fixation
14:13:43.4341,369.6,169.6,fixation
14:13:43.4346,369.0,169.9,fixation
14:13:43.4351,368.9,169.6,fixation
14:13:43.4356,368.5,169.2,fixation
14:13:43.4361,368.3,169.4,fixation
14:13:43.4366,368.5,170.1,fixation
14:13:43.4371,369.7,170.7,fixation
14:13:43.4376,370.9,171.2,fixation
14:13:43.4381,371.7,172.0,fixation
14:13:43.4386,371.5,172.7,fixation
14:13:43.4391,371.2,173.3,fixation
14:13:43.4396,370.9,173.2,fixation
14:13:43.4401,371.5,172.2,fixation
14:13:43.4406,373.2,171.5,fixation
14:13:43.4411,374.9,170.8,fixation
14:13:43.4416,374.1,170.7,fixation
14:13:43.4421,372.2,170.6,fixation
14:13:43.4426,370.1,170.7,fixation
14:13:43.4431,369.9,171.1,fixation
14:13:43.4436,369.7,171.8,fixation
14:13:43.4441,369.9,172.1,fixation
14:13:43.4446,370.2,171.9,fixation
14:13:43.4451,370.6,171.5,fixation
14:13:43.4456,370.6,171.4,fixation
14:13:43.4461,370.5,171.7,fixation
14:13:43.4466,370.8,172.1,fixation
14:13:43.4471,371.3,172.6,fixation
14:13:43.4476,371.5,173.0,fixation
14:13:43.4481,370.8,170.9,fixation
14:13:43.4486,370.0,169.1,fixation
14:13:43.4491,369.6,167.8,fixation
14:13:43.4496,369.5,169.8,fixation
14:13:43.4501,369.6,171.4,fixation
14:13:43.4506,369.7,172.5,fixation
14:13:43.4511,369.9,171.7,fixation
14:13:43.4516,370.6,170.5,fixation
14:13:43.4521,371.2,169.5,fixation
14:13:43.4526,370.7,168.9,fixation
14:13:43.4531,369.6,168.8,fixation
14:13:43.4536,368.4,168.7,fixation
14:13:43.4541,369.6,168.7,fixation
14:13:43.4546,370.9,169.1,fixation
14:13:43.4551,371.9,169.5,fixation
14:13:43.4556,371.6,169.7,fixation
14:13:43.4561,371.5,169.7,fixation
14:13:43.4566,371.7,169.7,fixation
14:13:43.4571,372.0,170.6,fixation
14:13:43.4576,372.1,171.5,fixation
14:13:43.4581,372.4,170.5,fixation
14:13:43.4586,372.8,168.6,fixation
14:13:43.4591,373.3,166.5,fixation
14:13:43.4596,372.7,166.4,fixation
14:13:43.4601,371.7,166.6,fixation
14:13:43.4606,370.7,167.5,fixation
14:13:43.4611,370.4,168.7,fixation
14:13:43.4616,370.1,169.4,fixation
14:13:43.4621,369.9,168.9,fixation
14:13:43.4626,369.8,168.6,fixation
14:13:43.4631,369.8,168.9,fixation
14:13:43.4636,369.9,169.8,fixation
14:13:43.4641,369.9,169.1,fixation
14:13:43.4646,369.7,167.8,fixation
14:13:43.4651,370.8,167.2,fixation
14:13:43.4656,371.6,167.9,fixation
14:13:43.4661,372.6,168.6,fixation
14:13:43.4666,372.4,169.8,fixation
14:13:43.4671,372.3,170.9,fixation
14:13:43.4676,372.1,171.9,fixation
14:13:43.4681,371.8,171.7,fixation
14:13:43.4686,371.9,171.6,fixation
14:13:43.4691,372.4,171.7,fixation
14:13:43.4696,372.9,172.3,fixation
14:13:43.4701,372.7,172.6,fixation
14:13:43.4706,372.0,173.1,fixation
14:13:43.4711,371.4,173.2,fixation
14:13:43.4716,371.2,173.4,fixation
14:13:43.4721,371.0,174.1,fixation
14:13:43.4726,372.0,174.9,fixation
14:13:43.4731,373.2,175.7,fixation
14:13:43.4736,374.5,174.4,fixation
14:13:43.4741,374.5,173.0,fixation
14:13:43.4746,373.7,172.1,fixation
14:13:43.4751,372.8,172.5,fixation
14:13:43.4756,371.7,172.5,fixation
14:13:43.4761,371.5,171.9,fixation
14:13:43.4766,371.2,171.4,fixation
14:13:43.4771,371.1,171.4,fixation
14:13:43.4776,371.2,171.1,fixation
14:13:43.4781,371.5,170.7,fixation
14:13:43.4786,371.8,170.3,fixation
14:13:43.4791,371.9,170.1,fixation
14:13:43.4796,372.0,169.7,fixation
14:13:43.4801,372.4,169.2,fixation
14:13:43.4806,373.1,169.0,fixation
14:13:43.4811,374.6,169.5,fixation
14:13:43.4816,375.5,170.5,fixation
14:13:43.4821,375.9,171.3,fixation
14:13:43.4826,375.6,172.2,fixation
14:13:43.4831,375.7,172.6,fixation
14:13:43.4836,375.1,172.3,fixation
14:13:43.4841,374.9,171.6,fixation
14:13:43.4846,374.5,170.8,fixation
14:13:43.4851,374.7,170.6,fixation
14:13:43.4856,373.9,170.4,fixation
14:13:43.4861,372.8,170.6,fixation
14:13:43.4866,371.9,171.1,fixation
14:13:43.4871,371.4,171.5,fixation
14:13:43.4876,371.0,171.5,fixation
14:13:43.4881,370.1,171.5,fixation
14:13:43.4886,369.3,171.5,fixation
14:13:43.4891,368.9,171.7,fixation
14:13:43.4896,369.3,171.9,fixation
14:13:43.4901,371.2,172.1,fixation
14:13:43.4906,372.8,172.7,fixation
14:13:43.4911,374.2,173.4,fixation
14:13:43.4916,374.0,174.0,fixation
14:13:43.4921,373.6,173.9,fixation
14:13:43.4926,373.1,173.0,fixation
14:13:43.4931,372.8,171.8,fixation
14:13:43.4936,372.7,170.4,fixation
14:13:43.4941,372.6,169.6,fixation
14:13:43.4946,372.5,169.2,fixation
14:13:43.4951,371.9,170.2,fixation
14:13:43.4956,371.2,171.4,fixation
14:13:43.4961,370.4,172.6,fixation
14:13:43.4966,370.2,172.8,fixation
14:13:43.4971,370.7,173.0,fixation
14:13:43.4976,371.4,173.5,fixation
14:13:43.4981,372.7,174.0,fixation
14:13:43.4986,373.3,173.1,fixation
14:13:43.4991,373.7,171.6,fixation
14:13:43.4996,373.6,170.0,fixation
14:13:43.5001,373.3,170.4,fixation
14:13:43.5006,373.3,171.0,fixation
14:13:43.5011,373.3,171.6,fixation
14:13:43.5016,373.3,171.9,fixation
14:13:43.5021,371.8,172.2,fixation
14:13:43.5026,370.4,171.8,fixation
14:13:43.5031,370.2,171.1,fixation
14:13:43.5036,371.7,170.4,fixation
14:13:43.5041,373.1,170.7,fixation
14:13:43.5046,373.4,170.9,fixation
14:13:43.5051,373.3,171.5,fixation
14:13:43.5056,374.4,172.0,fixation
14:13:43.5061,375.4,173.0,fixation
14:13:43.5066,375.5,174.0,fixation
14:13:43.5071,374.4,174.6,fixation
14:13:43.5076,373.5,174.4,fixation
14:13:43.5081,374.1,173.9,fixation
14:13:43.5086,374.8,174.0,fixation
14:13:43.5091,375.6,174.3,fixation
14:13:43.5096,375.4,174.6,fixation
14:13:43.5101,374.8,174.7,fixation
14:13:43.5106,374.3,173.7,fixation
14:13:43.5111,374.1,172.6,fixation
14:13:43.5116,374.2,171.8,fixation
14:13:43.5121,375.3,172.3,fixation
14:13:43.5126,376.6,172.9,fixation
14:13:43.5131,377.8,173.8,fixation
14:13:43.5136,376.9,174.3,fixation
14:13:43.5141,376.0,174.9,fixation
14:13:43.5146,375.8,174.9,fixation
14:13:43.5151,376.8,172.1,fixation
14:13:43.5156,377.7,169.4,fixation
14:13:43.5161,377.7,167.7,fixation
14:13:43.5166,376.7,168.8,fixation
14:13:43.5171,375.5,169.8,fixation
14:13:43.5176,374.5,169.6,fixation
14:13:43.5181,374.4,170.0,fixation
14:13:43.5186,374.8,170.3,fixation
14:13:43.5191,375.1,170.6,fixation
14:13:43.5196,375.3,171.7,fixation
14:13:43.5201,374.2,172.8,fixation
14:13:43.5206,373.0,173.9,fixation
14:13:43.5211,371.8,173.7,fixation
14:13:43.5216,371.4,173.5,fixation
14:13:43.5221,371.5,173.3,fixation
14:13:43.5226,372.0,172.9,fixation
14:13:43.5231,373.3,172.8,fixation
14:13:43.5236,374.7,172.7,fixation
14:13:43.5241,375.9,172.2,fixation
14:13:43.5246,376.4,172.1,fixation
14:13:43.5251,376.5,171.8,fixation
14:13:43.5256,376.6,172.2,fixation
14:13:43.5261,376.4,171.4,fixation
14:13:43.5266,374.7,170.5,fixation
14:13:43.5271,372.9,170.2,fixation
14:13:43.5276,373.1,171.4,fixation
14:13:43.5281,374.7,172.9,fixation
14:13:43.5286,376.2,173.7,fixation
14:13:43.5291,376.2,173.6,fixation
14:13:43.5296,376.2,173.3,fixation
14:13:43.5301,376.3,172.0,fixation
14:13:43.5306,376.6,171.0,fixation
14:13:43.5311,376.8,170.2,fixation
14:13:43.5316,376.8,170.5,fixation
14:13:43.5321,376.3,170.6,fixation
14:13:43.5326,375.9,170.6,fixation
14:13:43.5331,375.4,170.8,fixation
14:13:43.5336,375.1,171.5,fixation
14:13:43.5341,374.6,172.3,fixation
14:13:43.5346,374.4,172.9,fixation
14:13:43.5351,374.2,173.5,fixation
14:13:43.5356,374.2,174.0,fixation
14:13:43.5361,373.7,174.1,fixation
14:13:43.5366,373.1,173.9,fixation
14:13:43.5371,372.4,174.4,fixation
14:13:43.5376,372.1,175.1,fixation
14:13:43.5381,371.7,175.8,fixation
14:13:43.5386,372.6,175.9,fixation
14:13:43.5391,373.7,176.0,fixation
14:13:43.5396,373.3,174.8,fixation
14:13:43.5401,371.8,173.5,fixation
14:13:43.5406,370.3,172.2,fixation
14:13:43.5411,372.1,172.1,fixation
14:13:43.5416,373.9,172.0,fixation
14:13:43.5421,374.6,171.9,fixation
14:13:43.5426,373.8,172.0,fixation
14:13:43.5431,372.9,172.6,fixation
14:13:43.5436,372.5,172.8,fixation
14:13:43.5441,371.8,172.7,fixation
14:13:43.5446,371.1,172.6,fixation
14:13:43.5451,370.6,172.8,fixation
14:13:43.5456,370.5,173.1,fixation
14:13:43.5461,371.3,172.8,fixation
14:13:43.5466,372.0,172.3,fixation
14:13:43.5471,372.7,171.8,fixation
14:13:43.5476,372.7,171.9,fixation
14:13:43.5481,373.4,172.3,fixation
14:13:43.5486,374.3,172.6,fixation
14:13:43.5491,375.5,173.7,fixation
14:13:43.5496,375.8,174.6,fixation
14:13:43.5501,375.9,175.7,fixation
14:13:43.5506,375.4,175.8,fixation
14:13:43.5511,374.8,175.9,fixation
14:13:43.5516,373.8,175.9,fixation
14:13:43.5521,373.1,175.6,fixation
14:13:43.5526,372.5,175.2,fixation
14:13:43.5531,372.4,175.2,fixation
14:13:43.5536,372.5,175.3,fixation
14:13:43.5541,373.3,175.7,fixation
14:13:43.5546,374.1,175.8,fixation
14:13:43.5551,374.3,176.0,fixation
14:13:43.5556,373.9,176.0,fixation
14:13:43.5561,373.4,176.0,fixation
14:13:43.5566,373.0,175.8,fixation
14:13:43.5571,372.5,175.4,fixation
14:13:43.5576,372.1,175.2,fixation
14:13:43.5581,372.0,175.0,fixation
14:13:43.5586,372.9,175.1,fixation
14:13:43.5591,373.9,175.3,fixation
14:13:43.5596,374.6,175.4,fixation
14:13:43.5601,374.0,175.5,fixation
14:13:43.5606,373.4,176.9,fixation
14:13:43.5611,373.9,178.4,fixation
14:13:43.5616,374.8,178.6,fixation
14:13:43.5621,375.4,177.4,fixation
14:13:43.5626,374.4,175.6,fixation
14:13:43.5631,373.7,174.9,fixation
14:13:43.5636,373.7,174.2,fixation
14:13:43.5641,374.2,174.6,fixation
14:13:43.5646,374.7,175.0,fixation
14:13:43.5651,375.3,175.5,fixation
14:13:43.5656,375.8,175.5,fixation
14:13:43.5661,376.1,175.5,fixation
14:13:43.5666,376.1,175.5,fixation
14:13:43.5671,376.3,175.6,fixation
14:13:43.5676,376.2,175.5,fixation
14:13:43.5681,375.9,175.3,fixation
14:13:43.5686,375.5,175.1,fixation
14:13:43.5691,374.8,174.5,fixation
14:13:43.5696,374.4,174.0,fixation
14:13:43.5701,374.8,173.4,fixation
14:13:43.5706,375.7,173.2,fixation
14:13:43.5711,376.4,172.8,fixation
14:13:43.5716,376.4,172.6,fixation
14:13:43.5721,376.2,172.8,fixation
14:13:43.5726,376.1,173.6,fixation
14:13:43.5731,376.0,174.8,fixation
14:13:43.5736,375.8,175.6,fixation
14:13:43.5741,376.0,175.0,fixation
14:13:43.5746,376.5,174.0,fixation
14:13:43.5751,377.3,173.3,fixation
14:13:43.5756,377.8,173.6,fixation
14:13:43.5761,376.7,174.0,fixation
14:13:43.5766,375.4,174.5,fixation
14:13:43.5771,374.4,175.0,fixation
14:13:43.5776,376.0,174.7,fixation
14:13:43.5781,377.7,173.8,fixation
14:13:43.5786,379.0,172.4,fixation
14:13:43.5791,379.1,171.7,fixation
14:13:43.5796,379.0,171.9,fixation
14:13:43.5801,378.7,172.5,fixation
14:13:43.5806,378.7,173.4,fixation
14:13:43.5811,378.8,174.3,fixation
14:13:43.5816,378.2,174.9,fixation
14:13:43.5821,377.2,175.2,fixation
14:13:43.5826,376.4,174.7,fixation
14:13:43.5831,376.8,174.5,fixation
14:13:43.5836,377.3,174.1,fixation
14:13:43.5841,377.1,173.6,fixation
14:13:43.5846,376.3,174.7,fixation
14:13:43.5851,375.3,176.2,fixation
14:13:43.5856,375.2,177.7,fixation
14:13:43.5861,375.8,177.6,fixation
14:13:43.5866,376.4,177.5,fixation
14:13:43.5871,376.9,175.9,fixation
14:13:43.5876,377.6,174.4,fixation
14:13:43.5881,378.3,173.1,fixation
14:13:43.5886,376.8,173.3,fixation
14:13:43.5891,374.8,174.5,fixation
14:13:43.5896,373.6,175.5,fixation
14:13:43.5901,374.9,176.6,fixation
14:13:43.5906,376.3,176.7,fixation
14:13:43.5911,376.7,177.3,fixation
14:13:43.5916,376.3,177.9,fixation
14:13:43.5921,376.0,177.1,fixation
14:13:43.5926,376.0,175.8,fixation
14:13:43.5931,376.1,175.7,fixation
14:13:43.5936,376.2,176.9,fixation
14:13:43.5941,376.1,177.3,fixation
14:13:43.5946,374.9,176.4,fixation
14:13:43.5951,373.6,175.4,fixation
14:13:43.5956,372.4,175.4,fixation
14:13:43.5961,373.9,175.7,fixation
14:13:43.5966,375.5,176.2,fixation
14:13:43.5971,376.3,176.7,fixation
14:13:43.5976,375.0,176.2,fixation
14:13:43.5981,373.8,175.6,fixation
14:13:43.5986,372.6,175.7,fixation
14:13:43.5991,372.1,176.3,fixation
14:13:43.5996,371.9,176.9,fixation
14:13:43.6001,372.6,177.1,fixation
14:13:43.6006,373.2,177.4,fixation
14:13:43.6011,373.4,177.7,fixation
14:13:43.6016,373.2,176.7,fixation
14:13:43.6021,373.2,175.5,fixation
14:13:43.6026,372.9,174.2,fixation
14:13:43.6031,372.5,174.1,fixation
14:13:43.6036,372.2,173.7,fixation
14:13:43.6041,372.2,173.3,fixation
14:13:43.6046,373.9,173.0,fixation
14:13:43.6051,375.6,173.3,fixation
14:13:43.6056,377.3,173.8,fixation
14:13:43.6061,377.4,174.2,fixation
14:13:43.6066,377.3,174.3,fixation
14:13:43.6071,377.2,174.3,fixation
14:13:43.6076,377.0,173.8,fixation
14:13:43.6081,376.9,173.4,fixation
14:13:43.6086,376.8,173.0,fixation
14:13:43.6091,376.8,172.3,fixation
14:13:43.6096,376.3,171.6,fixation
14:13:43.6101,375.8,170.9,fixation
14:13:43.6106,375.2,170.9,fixation
14:13:43.6111,375.0,172.2,fixation
14:13:43.6116,374.8,173.6,fixation
14:13:43.6121,374.7,175.0,fixation
14:13:43.6126,374.9,175.4,fixation
14:13:43.6131,374.9,176.0,fixation
14:13:43.6136,374.9,176.5,fixation
14:13:43.6141,373.8,176.8,fixation
14:13:43.6146,372.9,176.6,fixation
14:13:43.6151,372.5,176.5,fixation
14:13:43.6156,372.4,176.4,fixation
14:13:43.6161,372.2,176.8,fixation
14:13:43.6166,372.7,177.6,fixation
14:13:43.6171,373.7,178.5,fixation
14:13:43.6176,373.8,177.5,fixation
14:13:43.6181,372.9,175.9,fixation
14:13:43.6186,372.2,174.6,fixation
14:13:43.6191,372.4,174.8,fixation
14:13:43.6196,372.6,174.5,fixation
14:13:43.6201,372.4,174.5,fixation
14:13:43.6206,372.2,174.5,fixation
14:13:43.6211,373.6,174.4,fixation
14:13:43.6216,375.2,174.2,fixation
14:13:43.6221,377.1,174.3,fixation
14:13:43.6226,377.6,175.1,fixation
14:13:43.6231,378.2,175.6,fixation
14:13:43.6236,377.0,175.2,fixation
14:13:43.6241,375.5,174.3,fixation
14:13:43.6246,374.6,173.4,fixation
14:13:43.6251,375.0,173.5,fixation
14:13:43.6256,375.4,174.1,fixation
14:13:43.6261,376.2,175.4,fixation
14:13:43.6266,377.0,176.3,fixation
14:13:43.6271,378.0,176.5,fixation
14:13:43.6276,378.1,176.1,fixation
14:13:43.6281,378.2,175.6,fixation
14:13:43.6286,378.0,175.8,fixation
14:13:43.6291,377.8,175.9,fixation
14:13:43.6296,377.6,176.0,fixation
14:13:43.6301,377.4,176.0,fixation
14:13:43.6306,377.4,175.0,fixation
14:13:43.6311,377.4,174.0,fixation
14:13:43.6316,377.5,173.1,fixation
14:13:43.6321,377.8,174.2,fixation
14:13:43.6326,378.0,175.3,fixation
14:13:43.6331,378.2,176.2,fixation
14:13:43.6336,378.1,176.3,fixation
14:13:43.6341,378.0,176.5,fixation
14:13:43.6346,378.1,176.5,fixation
14:13:43.6351,377.9,176.3,fixation
14:13:43.6356,377.2,175.9,fixation
14:13:43.6361,376.3,175.7,fixation
14:13:43.6366,375.4,175.5,fixation
14:13:43.6371,374.8,175.9,fixation
14:13:43.6376,374.5,176.4,fixation
14:13:43.6381,374.6,175.4,fixation
14:13:43.6386,374.7,173.9,fixation
14:13:43.6391,375.1,172.3,fixation
14:13:43.6396,375.6,172.3,fixation
14:13:43.6401,376.6,172.7,fixation
14:13:43.6406,377.2,173.2,fixation
14:13:43.6411,377.7,173.6,fixation
14:13:43.6416,377.6,174.8,fixation
14:13:43.6421,376.5,176.0,fixation
14:13:43.6426,375.2,174.4,fixation
14:13:43.6431,373.8,171.6,fixation
14:13:43.6436,373.5,170.8,fixation
14:13:43.6441,373.4,172.7,fixation
14:13:43.6446,374.4,174.6,fixation
14:13:43.6451,375.5,174.6,fixation
14:13:43.6456,376.5,173.1,fixation
14:13:43.6461,376.6,171.5,fixation
14:13:43.6466,376.3,169.8,fixation
14:13:43.6471,376.0,169.6,fixation
14:13:43.6476,376.5,170.9,fixation
14:13:43.6481,377.4,172.1,fixation
14:13:43.6486,378.9,173.4,fixation
14:13:43.6491,379.6,174.2,fixation
14:13:43.6496,379.4,175.1,fixation
14:13:43.6501,378.2,175.8,fixation
14:13:43.6506,377.3,175.6,fixation
14:13:43.6511,377.4,175.3,fixation
14:13:43.6516,378.1,175.3,fixation
14:13:43.6521,378.5,175.2,fixation
14:13:43.6526,378.8,174.8,fixation
14:13:43.6531,378.8,174.4,fixation
14:13:43.6536,378.7,174.3,fixation
14:13:43.6541,378.6,174.4,fixation
14:13:43.6546,377.6,174.9,fixation
14:13:43.6551,376.6,175.2,fixation
14:13:43.6556,375.6,174.6,fixation
14:13:43.6561,375.7,173.8,fixation
14:13:43.6566,376.6,173.0,fixation
14:13:43.6571,377.4,173.0,fixation
14:13:43.6576,378.4,174.1,fixation
14:13:43.6581,378.7,175.6,fixation
14:13:43.6586,378.9,177.9,fixation
14:13:43.6591,378.9,179.0,fixation
14:13:43.6596,378.9,179.2,fixation
14:13:43.6601,377.8,177.8,fixation
14:13:43.6606,376.7,176.3,fixation
14:13:43.6611,376.1,175.0,fixation
14:13:43.6616,376.7,174.3,fixation
14:13:43.6621,377.3,174.3,fixation
14:13:43.6626,377.7,174.5,fixation
14:13:43.6631,378.3,175.1,fixation
14:13:43.6636,379.0,175.9,fixation
14:13:43.6641,379.5,176.8,fixation
14:13:43.6646,379.8,177.7,fixation
14:13:43.6651,378.4,175.9,fixation
14:13:43.6656,376.6,174.1,fixation
14:13:43.6661,376.2,172.7,fixation
14:13:43.6666,377.7,173.1,fixation
14:13:43.6671,378.6,173.4,fixation
14:13:43.6676,377.7,175.4,fixation
14:13:43.6681,377.2,177.4,fixation
14:13:43.6686,377.2,178.7,fixation
14:13:43.6691,377.6,177.3,fixation
14:13:43.6696,377.7,175.8,fixation
14:13:43.6701,378.1,175.0,fixation
14:13:43.6706,378.4,174.1,fixation
14:13:43.6711,379.3,173.2,fixation
14:13:43.6716,379.9,172.6,fixation
14:13:43.6721,380.4,173.2,fixation
14:13:43.6726,380.4,173.8,fixation
14:13:43.6731,380.4,173.5,fixation
14:13:43.6736,380.3,172.5,fixation
14:13:43.6741,380.0,171.6,fixation
14:13:43.6746,379.6,171.2,fixation
14:13:43.6751,379.6,171.4,fixation
14:13:43.6756,379.8,171.9,fixation
14:13:43.6761,379.8,172.4,fixation
14:13:43.6766,379.3,172.6,fixation
14:13:43.6771,378.7,172.4,fixation
14:13:43.6776,378.9,172.2,fixation
14:13:43.6781,379.5,172.0,fixation
14:13:43.6786,380.1,172.0,fixation
14:13:43.6791,380.0,171.7,fixation
14:13:43.6796,379.5,171.5,fixation
14:13:43.6801,379.1,171.8,fixation
14:13:43.6806,378.8,172.3,fixation
14:13:43.6811,379.0,173.4,fixation
14:13:43.6816,379.3,173.9,fixation
14:13:43.6821,379.6,174.5,fixation
14:13:43.6826,379.0,175.1,fixation
14:13:43.6831,378.2,176.1,fixation
14:13:43.6836,377.3,177.1,fixation
14:13:43.6841,377.3,177.2,fixation
14:13:43.6846,377.4,176.5,fixation
14:13:43.6851,377.6,175.7,fixation
14:13:43.6856,378.0,175.0,fixation
14:13:43.6861,379.0,174.6,fixation
14:13:43.6866,379.9,174.4,fixation
14:13:43.6871,380.5,175.4,fixation
14:13:43.6876,380.3,176.5,fixation
14:13:43.6881,380.2,176.0,fixation
14:13:43.6886,380.2,174.6,fixation
14:13:43.6891,379.8,173.4,fixation
14:13:43.6896,379.5,173.7,fixation
14:13:43.6901,379.2,174.6,fixation
14:13:43.6906,379.4,176.0,fixation
14:13:43.6911,379.3,177.2,fixation
14:13:43.6916,379.3,177.1,fixation
14:13:43.6921,379.3,176.4,fixation
14:13:43.6926,379.3,175.8,fixation
14:13:43.6931,379.3,176.2,fixation
14:13:43.6936,379.4,175.3,fixation
14:13:43.6941,380.3,174.3,fixation
14:13:43.6946,381.1,173.6,fixation
14:13:43.6951,381.4,173.8,fixation
14:13:43.6956,381.1,174.1,fixation
14:13:43.6961,380.8,174.1,fixation
14:13:43.6966,381.1,174.2,fixation
14:13:43.6971,381.1,174.7,fixation
14:13:43.6976,381.0,175.2,fixation
14:13:43.6981,381.2,175.6,fixation
14:13:43.6986,381.5,175.5,fixation
14:13:43.6991,382.0,175.4,fixation
14:13:43.6996,382.3,175.2,fixation
14:13:43.7001,382.6,174.9,fixation
14:13:43.7006,381.3,174.3,fixation
14:13:43.7011,379.7,173.7,fixation
14:13:43.7016,378.2,173.4,fixation
14:13:43.7021,378.2,173.4,fixation
14:13:43.7026,378.1,174.0,fixation
14:13:43.7031,378.0,174.7,fixation
14:13:43.7036,378.7,175.5,fixation
14:13:43.7041,379.7,175.3,fixation
14:13:43.7046,380.7,175.1,fixation
14:13:43.7051,381.0,175.5,fixation
14:13:43.7056,381.2,176.3,fixation
14:13:43.7061,381.3,177.6,fixation
14:13:43.7066,381.3,178.2,fixation
14:13:43.7071,381.5,178.8,fixation
14:13:43.7076,381.8,178.8,fixation
14:13:43.7081,381.1,177.9,fixation
14:13:43.7086,380.0,176.4,fixation
14:13:43.7091,378.8,174.9,fixation
14:13:43.7096,378.2,174.8,fixation
14:13:43.7101,378.0,174.6,fixation
14:13:43.7106,378.4,174.6,fixation
14:13:43.7111,379.2,174.1,fixation
14:13:43.7116,379.9,174.2,fixation
14:13:43.7121,380.1,174.5,fixation
14:13:43.7126,380.5,175.1,fixation
14:13:43.7131,381.3,175.8,fixation
14:13:43.7136,381.8,176.1,fixation
14:13:43.7141,381.9,175.9,fixation
14:13:43.7146,381.5,175.5,fixation
14:13:43.7151,381.2,175.6,fixation
14:13:43.7156,381.1,176.0,fixation
14:13:43.7161,379.7,176.2,fixation
14:13:43.7166,378.2,175.9,fixation
14:13:43.7171,376.9,175.7,fixation
14:13:43.7176,377.2,176.2,fixation
14:13:43.7181,377.1,176.7,fixation
14:13:43.7186,376.3,177.1,fixation
14:13:43.7191,375.5,177.1,fixation
14:13:43.7196,376.2,177.1,fixation
14:13:43.7201,377.3,177.1,fixation
14:13:43.7206,378.4,177.0,fixation
14:13:43.7211,378.5,177.4,fixation
14:13:43.7216,378.5,178.0,fixation
14:13:43.7221,378.6,178.7,fixation
14:13:43.7226,378.5,178.7,fixation
14:13:43.7231,378.5,177.8,fixation
14:13:43.7236,378.6,176.8,fixation
14:13:43.7241,378.5,176.3,fixation
14:13:43.7246,378.2,176.5,fixation
14:13:43.7251,377.8,176.7,fixation
14:13:43.7256,377.7,176.7,fixation
14:13:43.7261,377.5,176.0,fixation
14:13:43.7266,377.3,175.3,fixation
14:13:43.7271,379.4,175.9,fixation
14:13:43.7276,381.6,177.4,fixation
14:13:43.7281,382.3,178.8,fixation
14:13:43.7286,380.8,178.9,fixation
14:13:43.7291,379.1,179.7,fixation
14:13:43.7296,379.0,180.6,fixation
14:13:43.7301,379.2,181.6,fixation
14:13:43.7306,379.7,181.8,fixation
14:13:43.7311,379.5,182.0,fixation
14:13:43.7316,378.8,182.5,fixation
14:13:43.7321,377.9,182.6,fixation
14:13:43.7326,377.3,182.6,fixation
14:13:43.7331,376.9,180.1,fixation
14:13:43.7336,376.9,177.8,fixation
14:13:43.7341,376.9,177.6,fixation
14:13:43.7346,376.9,179.5,fixation
14:13:43.7351,377.3,179.8,fixation
14:13:43.7356,378.9,178.3,fixation
14:13:43.7361,380.4,177.0,fixation
14:13:43.7366,380.3,177.5,fixation
14:13:43.7371,379.0,177.9,fixation
14:13:43.7376,377.7,178.0,fixation
14:13:43.7381,377.4,177.8,fixation
14:13:43.7386,377.1,177.7,fixation
14:13:43.7391,377.5,177.4,fixation
14:13:43.7396,378.1,177.2,fixation
14:13:43.7401,378.4,177.0,fixation
14:13:43.7406,377.8,176.8,fixation
14:13:43.7411,377.2,176.5,fixation
14:13:43.7416,376.8,176.2,fixation
14:13:43.7421,376.6,177.5,fixation
14:13:43.7426,376.5,178.8,fixation
14:13:43.7431,376.5,179.5,fixation
14:13:43.7436,376.6,178.7,fixation
14:13:43.7441,376.7,178.7,fixation
14:13:43.7446,377.6,179.6,fixation
14:13:43.7451,378.5,180.6,fixation
14:13:43.7456,378.5,179.8,fixation
14:13:43.7461,377.7,177.1,fixation
14:13:43.7466,377.3,174.5,fixation
14:13:43.7471,377.7,173.4,fixation
14:13:43.7476,377.9,174.9,fixation
14:13:43.7481,377.8,176.4,fixation
14:13:43.7486,377.8,177.3,fixation
14:13:43.7491,377.9,177.3,fixation
14:13:43.7496,378.1,177.3,fixation
14:13:43.7501,378.4,177.2,fixation
14:13:43.7506,378.8,177.6,fixation
14:13:43.7511,379.4,178.0,fixation
14:13:43.7516,380.1,178.5,fixation
14:13:43.7521,380.4,178.6,fixation
14:13:43.7526,380.2,178.7,fixation
14:13:43.7531,379.9,179.1,fixation
14:13:43.7536,379.7,179.5,fixation
14:13:43.7541,380.4,177.1,fixation
14:13:43.7546,381.1,174.5,fixation
14:13:43.7551,381.5,173.5,fixation
14:13:43.7556,381.0,175.4,fixation
14:13:43.7561,380.9,177.6,fixation
14:13:43.7566,381.2,178.1,fixation
14:13:43.7571,382.3,178.4,fixation
14:13:43.7576,382.8,178.5,fixation
14:13:43.7581,382.9,179.2,fixation
14:13:43.7586,382.5,179.8,fixation
14:13:43.7591,382.1,180.2,fixation
14:13:43.7596,382.4,180.0,fixation
14:13:43.7601,382.9,178.5,saccade
14:13:43.7606,383.1,176.9,saccade
14:13:43.7611,383.0,175.4,saccade
14:13:43.7616,382.7,175.5,saccade
14:13:43.7621,383.0,175.8,saccade
14:13:43.7626,383.5,176.3,saccade
14:13:43.7631,384.3,176.7,saccade
14:13:43.7636,384.9,177.1,saccade
14:13:43.7641,385.6,177.3,saccade
14:13:43.7646,386.0,177.3,saccade
14:13:43.7651,386.2,176.8,saccade
14:13:43.7656,386.5,176.4,saccade
14:13:43.7661,387.4,176.2,saccade
14:13:43.7666,388.7,177.3,saccade
14:13:43.7671,390.2,178.1,saccade
14:13:43.7676,391.6,178.8,saccade
14:13:43.7681,395.1,178.7,saccade
14:13:43.7686,400.4,179.0,saccade
14:13:43.7691,405.3,178.8,saccade
14:13:43.7696,408.9,178.0,saccade
14:13:43.7701,410.2,177.0,saccade
14:13:43.7706,412.9,176.6,saccade
14:13:43.7711,415.5,177.1,saccade
14:13:43.7716,419.4,177.6,saccade
14:13:43.7721,421.8,178.3,saccade
14:13:43.7726,425.9,179.1,saccade
14:13:43.7731,429.1,179.7,saccade
14:13:43.7736,433.6,180.4,saccade
14:13:43.7741,435.3,180.6,saccade
14:13:43.7746,436.8,180.2,saccade
14:13:43.7751,438.6,179.5,saccade
14:13:43.7756,440.1,178.7,saccade
14:13:43.7761,443.2,179.0,saccade
14:13:43.7766,444.9,179.6,saccade
14:13:43.7771,446.9,180.2,saccade
14:13:43.7776,449.0,180.3,saccade
14:13:43.7781,451.6,180.2,saccade
14:13:43.7786,454.2,179.3,saccade
14:13:43.7791,455.2,178.4,saccade
14:13:43.7796,455.3,178.4,saccade
14:13:43.7801,455.2,179.1,saccade
14:13:43.7806,455.1,179.6,saccade
14:13:43.7811,455.1,178.1,saccade
14:13:43.7816,455.8,176.8,saccade
14:13:43.7821,457.3,177.4,saccade
14:13:43.7826,458.7,179.2,saccade
14:13:43.7831,459.7,180.4,saccade
14:13:43.7836,462.5,178.8,fixation
14:13:43.7841,464.0,177.8,fixation
14:13:43.7846,463.6,177.3,fixation
14:13:43.7851,463.0,176.9,fixation
14:13:43.7856,462.3,177.9,fixation
14:13:43.7861,462.2,178.8,fixation
14:13:43.7866,461.8,179.6,fixation
14:13:43.7871,461.5,179.9,fixation
14:13:43.7876,460.6,180.5,fixation
14:13:43.7881,459.7,181.2,fixation
14:13:43.7886,458.6,178.9,fixation
14:13:43.7891,458.2,176.4,fixation
14:13:43.7896,457.6,173.0,fixation
14:13:43.7901,457.1,172.0,fixation
14:13:43.7906,456.8,173.9,fixation
14:13:43.7911,456.7,176.7,fixation
14:13:43.7916,456.6,178.6,fixation
14:13:43.7921,456.6,177.6,fixation
14:13:43.7926,456.5,176.3,fixation
14:13:43.7931,454.8,175.9,fixation
14:13:43.7936,453.1,175.5,fixation
14:13:43.7941,450.7,175.4,fixation
14:13:43.7946,449.9,175.9,fixation
14:13:43.7951,449.7,176.4,fixation
14:13:43.7956,450.3,176.9,fixation
14:13:43.7961,450.8,177.6,fixation
14:13:43.7966,450.8,178.1,fixation
14:13:43.7971,450.7,178.8,fixation
14:13:43.7976,450.6,178.9,fixation
14:13:43.7981,450.3,179.5,fixation
14:13:43.7986,450.0,179.8,fixation
14:13:43.7991,449.9,180.1,fixation
14:13:43.7996,450.3,180.1,fixation
14:13:43.8001,450.5,180.3,fixation
14:13:43.8006,450.6,179.9,fixation
14:13:43.8011,450.2,179.3,fixation
14:13:43.8016,450.0,179.6,fixation
14:13:43.8021,450.2,180.5,fixation
14:13:43.8026,450.4,181.0,fixation
14:13:43.8031,449.3,180.3,fixation
14:13:43.8036,448.0,179.6,fixation
14:13:43.8041,447.7,179.2,fixation
14:13:43.8046,448.7,179.1,fixation
14:13:43.8051,449.8,179.1,fixation
14:13:43.8056,449.8,179.0,fixation
14:13:43.8061,449.6,178.7,fixation
14:13:43.8066,449.2,178.3,fixation
14:13:43.8071,448.7,178.0,fixation
14:13:43.8076,448.3,178.3,fixation
14:13:43.8081,448.3,179.2,fixation
14:13:43.8086,448.6,180.2,fixation
14:13:43.8091,448.8,180.5,fixation
14:13:43.8096,448.9,180.3,fixation
14:13:43.8101,449.2,180.1,fixation
14:13:43.8106,449.5,180.1,fixation
14:13:43.8111,449.1,179.8,fixation
14:13:43.8116,448.6,179.4,fixation
14:13:43.8121,448.2,178.8,fixation
14:13:43.8126,448.5,178.3,fixation
14:13:43.8131,448.5,177.7,fixation
14:13:43.8136,448.0,177.9,fixation
14:13:43.8141,447.5,178.1,fixation
14:13:43.8146,447.0,178.4,fixation
14:13:43.8151,447.0,178.2,fixation
14:13:43.8156,447.3,178.2,fixation
14:13:43.8161,447.7,178.1,fixation
14:13:43.8166,448.1,178.2,fixation
14:13:43.8171,446.8,178.1,fixation
14:13:43.8176,445.4,179.6,fixation
14:13:43.8181,445.9,181.1,fixation
14:13:43.8186,447.5,182.2,fixation
14:13:43.8191,449.3,180.8,fixation
14:13:43.8196,449.2,179.2,fixation
14:13:43.8201,449.3,178.2,fixation
14:13:43.8206,449.0,178.1,fixation
14:13:43.8211,448.3,178.1,fixation
14:13:43.8216,447.9,178.2,fixation
14:13:43.8221,448.1,178.6,fixation
14:13:43.8226,448.6,178.5,fixation
14:13:43.8231,448.7,177.9,fixation
14:13:43.8236,448.4,177.1,fixation
14:13:43.8241,447.9,178.1,fixation
14:13:43.8246,447.4,179.3,fixation
14:13:43.8251,446.9,180.6,fixation
14:13:43.8256,446.8,179.4,fixation
14:13:43.8261,446.8,178.3,fixation
14:13:43.8266,446.8,177.5,fixation
14:13:43.8271,446.6,178.8,fixation
14:13:43.8276,446.7,180.2,fixation
14:13:43.8281,446.9,181.8,fixation
14:13:43.8286,447.2,182.4,fixation
14:13:43.8291,447.5,181.7,fixation
14:13:43.8296,447.7,180.4,fixation
14:13:43.8301,447.7,179.8,fixation
14:13:43.8306,446.6,180.5,fixation
14:13:43.8311,445.5,180.7,fixation
14:13:43.8316,444.6,179.8,fixation
14:13:43.8321,444.9,178.9,fixation
14:13:43.8326,445.8,178.7,fixation
14:13:43.8331,446.6,179.0,fixation
14:13:43.8336,446.3,179.2,fixation
14:13:43.8341,445.4,179.2,fixation
14:13:43.8346,445.1,179.2,fixation
14:13:43.8351,446.7,179.5,fixation
14:13:43.8356,448.2,180.0,fixation
14:13:43.8361,449.0,181.1,fixation
14:13:43.8366,447.9,181.8,fixation
14:13:43.8371,446.9,182.2,fixation
14:13:43.8376,446.2,182.0,fixation
14:13:43.8381,446.4,181.1,fixation
14:13:43.8386,446.4,179.8,fixation
14:13:43.8391,446.2,178.7,fixation
14:13:43.8396,446.4,178.3,fixation
14:13:43.8401,446.9,178.6,fixation
14:13:43.8406,447.3,179.0,fixation
14:13:43.8411,447.6,179.6,fixation
14:13:43.8416,448.1,180.2,fixation
14:13:43.8421,448.6,181.5,fixation
14:13:43.8426,448.7,183.0,fixation
14:13:43.8431,447.9,184.4,fixation
14:13:43.8436,447.3,184.1,fixation
14:13:43.8441,447.2,183.3,fixation
14:13:43.8446,446.7,182.6,fixation
14:13:43.8451,446.2,183.1,fixation
14:13:43.8456,446.8,183.5,fixation
14:13:43.8461,448.0,184.0,fixation
14:13:43.8466,448.8,184.2,fixation
14:13:43.8471,448.2,184.3,fixation
14:13:43.8476,447.5,184.3,fixation
14:13:43.8481,447.4,183.9,fixation
14:13:43.8486,447.5,183.6,fixation
14:13:43.8491,447.6,183.1,fixation
14:13:43.8496,447.5,182.8,fixation
14:13:43.8501,447.6,181.4,fixation
14:13:43.8506,447.9,180.2,fixation
14:13:43.8511,448.5,179.1,fixation
14:13:43.8516,449.0,180.4,fixation
14:13:43.8521,449.5,181.6,fixation
14:13:43.8526,449.6,182.7,fixation
14:13:43.8531,449.4,182.7,fixation
14:13:43.8536,449.0,182.7,fixation
14:13:43.8541,448.5,182.4,fixation
14:13:43.8546,448.5,182.1,fixation
14:13:43.8551,448.8,181.6,fixation
14:13:43.8556,449.0,181.4,fixation
14:13:43.8561,449.1,181.2,fixation
14:13:43.8566,448.8,181.2,fixation
14:13:43.8571,448.7,180.6,fixation
14:13:43.8576,448.5,180.1,fixation
14:13:43.8581,448.4,179.8,fixation
14:13:43.8586,448.0,180.3,fixation
14:13:43.8591,447.6,180.8,fixation
14:13:43.8596,448.8,181.1,fixation
14:13:43.8601,450.2,181.5,fixation
14:13:43.8606,450.9,182.0,fixation
14:13:43.8611,450.2,181.9,fixation
14:13:43.8616,449.6,181.4,fixation
14:13:43.8621,449.5,181.0,fixation
14:13:43.8626,449.3,180.3,fixation
14:13:43.8631,449.1,179.7,fixation
14:13:43.8636,449.0,180.0,fixation
14:13:43.8641,449.0,180.9,fixation
14:13:43.8646,449.2,182.3,fixation
14:13:43.8651,449.7,182.7,fixation
14:13:43.8656,450.2,182.2,fixation
14:13:43.8661,449.0,180.8,fixation
14:13:43.8666,447.7,179.4,fixation
14:13:43.8671,446.4,179.2,fixation
14:13:43.8676,448.0,179.5,fixation
14:13:43.8681,449.6,179.3,fixation
14:13:43.8686,451.1,178.9,fixation
14:13:43.8691,450.9,178.8,fixation
14:13:43.8696,449.8,180.1,fixation
14:13:43.8701,448.8,181.5,fixation
14:13:43.8706,447.9,182.4,fixation
14:13:43.8711,448.4,182.7,fixation
14:13:43.8716,450.0,183.3,fixation
14:13:43.8721,451.7,183.6,fixation
14:13:43.8726,451.6,183.4,fixation
14:13:43.8731,450.4,183.0,fixation
14:13:43.8736,449.2,182.9,fixation
14:13:43.8741,448.8,182.9,fixation
14:13:43.8746,448.7,183.0,fixation
14:13:43.8751,448.7,184.5,fixation
14:13:43.8756,449.2,186.1,fixation
14:13:43.8761,449.3,187.6,fixation
14:13:43.8766,449.2,187.7,fixation
14:13:43.8771,448.7,185.0,fixation
14:13:43.8776,447.2,182.2,fixation
14:13:43.8781,446.0,179.8,fixation
14:13:43.8786,445.3,180.1,fixation
14:13:43.8791,445.7,180.7,fixation
14:13:43.8796,445.8,180.9,fixation
14:13:43.8801,446.4,180.9,fixation
14:13:43.8806,447.0,180.5,fixation
14:13:43.8811,448.0,180.0,fixation
14:13:43.8816,448.4,179.5,fixation
14:13:43.8821,449.2,179.4,fixation
14:13:43.8826,449.9,179.5,fixation
14:13:43.8831,450.6,180.0,fixation
14:13:43.8836,450.7,180.3,fixation
14:13:43.8841,450.3,180.4,fixation
14:13:43.8846,449.8,180.3,fixation
14:13:43.8851,448.6,181.0,fixation
14:13:43.8856,447.5,181.7,fixation
14:13:43.8861,446.5,182.4,fixation
14:13:43.8866,446.3,182.3,fixation
14:13:43.8871,446.2,181.0,fixation
14:13:43.8876,446.6,179.8,fixation
14:13:43.8881,447.5,178.4,fixation
14:13:43.8886,448.2,178.1,fixation
14:13:43.8891,448.3,178.1,fixation
14:13:43.8896,447.8,178.5,fixation
14:13:43.8901,447.5,178.8,fixation
14:13:43.8906,447.2,178.9,fixation
14:13:43.8911,447.0,179.0,fixation
14:13:43.8916,446.9,178.4,fixation
14:13:43.8921,447.4,177.8,fixation
14:13:43.8926,448.5,177.3,fixation
14:13:43.8931,449.4,179.5,fixation
14:13:43.8936,449.9,182.1,fixation
14:13:43.8941,450.4,185.2,fixation
14:13:43.8946,451.5,186.1,fixation
14:13:43.8951,452.7,184.7,fixation
14:13:43.8956,451.2,182.6,fixation
14:13:43.8961,449.3,180.6,fixation
14:13:43.8966,447.3,180.5,fixation
14:13:43.8971,447.6,180.3,fixation
14:13:43.8976,447.6,179.5,fixation
14:13:43.8981,448.2,178.8,fixation
14:13:43.8986,448.7,178.6,fixation
14:13:43.8991,449.1,180.3,fixation
14:13:43.8996,449.5,181.9,fixation
14:13:43.9001,449.9,182.1,fixation
14:13:43.9006,449.5,179.5,fixation
14:13:43.9011,448.8,176.8,fixation
14:13:43.9016,448.0,177.2,fixation
14:13:43.9021,448.2,178.9,fixation
14:13:43.9026,448.6,180.5,fixation
14:13:43.9031,449.7,180.5,fixation
14:13:43.9036,450.7,180.5,fixation
14:13:43.9041,450.2,179.3,fixation
14:13:43.9046,448.8,178.1,fixation
14:13:43.9051,448.6,177.5,fixation
14:13:43.9056,449.6,178.0,fixation
14:13:43.9061,450.4,178.5,fixation
14:13:43.9066,450.2,178.4,fixation
14:13:43.9071,450.1,178.4,fixation
14:13:43.9076,450.2,178.9,fixation
14:13:43.9081,450.4,179.3,fixation
14:13:43.9086,449.4,179.5,fixation
14:13:43.9091,448.2,179.7,fixation
14:13:43.9096,447.3,180.1,fixation
14:13:43.9101,447.4,180.6,fixation
14:13:43.9106,447.3,180.8,fixation
14:13:43.9111,447.0,181.1,fixation
14:13:43.9116,447.0,180.2,fixation
14:13:43.9121,447.5,179.1,fixation
14:13:43.9126,447.7,177.9,fixation
14:13:43.9131,447.5,177.1,fixation
14:13:43.9136,447.4,176.3,fixation
14:13:43.9141,447.6,175.5,fixation
14:13:43.9146,448.8,176.1,fixation
14:13:43.9151,449.9,177.0,fixation
14:13:43.9156,450.3,178.1,fixation
14:13:43.9161,449.6,178.7,fixation
14:13:43.9166,449.0,179.5,fixation
14:13:43.9171,448.7,179.8,fixation
14:13:43.9176,448.3,179.8,fixation
14:13:43.9181,447.5,179.2,fixation
14:13:43.9186,446.9,178.8,fixation
14:13:43.9191,448.3,178.9,fixation
14:13:43.9196,450.3,179.2,fixation
14:13:43.9201,452.3,180.1,fixation
14:13:43.9206,452.4,180.9,fixation
14:13:43.9211,452.3,181.5,fixation
14:13:43.9216,451.3,181.4,fixation
14:13:43.9221,450.7,181.3,fixation
14:13:43.9226,450.0,181.6,fixation
14:13:43.9231,450.2,182.0,fixation
14:13:43.9236,450.2,181.4,fixation
14:13:43.9241,449.8,180.0,fixation
14:13:43.9246,449.3,178.7,fixation
14:13:43.9251,448.5,179.5,fixation
14:13:43.9256,448.4,180.6,fixation
14:13:43.9261,448.6,181.7,fixation
14:13:43.9266,448.9,181.6,fixation
14:13:43.9271,449.6,180.3,fixation
14:13:43.9276,450.0,179.0,fixation
14:13:43.9281,450.4,178.0,fixation
14:13:43.9286,450.3,178.8,fixation
14:13:43.9291,450.2,180.1,fixation
14:13:43.9296,450.2,181.6,fixation
14:13:43.9301,451.0,182.7,fixation
14:13:43.9306,451.8,183.2,fixation
14:13:43.9311,451.4,183.1,fixation
14:13:43.9316,450.1,183.1,fixation
14:13:43.9321,448.8,183.2,fixation
14:13:43.9326,447.6,183.3,fixation
14:13:43.9331,446.4,183.3,fixation
14:13:43.9336,447.3,183.4,fixation
14:13:43.9341,449.3,183.5,fixation
14:13:43.9346,451.2,184.2,fixation
14:13:43.9351,450.9,184.6,fixation
14:13:43.9356,450.6,185.3,fixation
14:13:43.9361,450.5,185.5,fixation
14:13:43.9366,450.9,185.4,fixation
14:13:43.9371,451.3,184.7,fixation
14:13:43.9376,449.9,183.0,fixation
14:13:43.9381,448.6,181.7,fixation
14:13:43.9386,447.4,180.6,fixation
14:13:43.9391,448.7,180.7,fixation
14:13:43.9396,449.4,180.7,fixation
14:13:43.9401,449.8,180.8,fixation
14:13:43.9406,450.0,181.0,fixation
14:13:43.9411,450.3,180.8,fixation
14:13:43.9416,451.3,180.6,fixation
14:13:43.9421,451.7,180.8,fixation
14:13:43.9426,452.2,181.4,fixation
14:13:43.9431,452.2,182.0,fixation
14:13:43.9436,450.7,181.9,fixation
14:13:43.9441,449.0,182.1,fixation
14:13:43.9446,448.2,182.1,fixation
14:13:43.9451,448.7,182.3,fixation
14:13:43.9456,448.9,182.0,fixation
14:13:43.9461,447.9,181.8,fixation
14:13:43.9466,447.2,181.7,fixation
14:13:43.9471,446.6,181.7,fixation
14:13:43.9476,446.5,181.8,fixation
14:13:43.9481,446.4,181.8,fixation
14:13:43.9486,446.7,181.3,fixation
14:13:43.9491,446.9,180.6,fixation
14:13:43.9496,446.5,180.2,fixation
14:13:43.9501,446.1,179.7,fixation
14:13:43.9506,446.4,179.5,fixation
14:13:43.9511,447.2,180.9,fixation
14:13:43.9516,448.0,182.6,fixation
14:13:43.9521,448.1,183.5,fixation
14:13:43.9526,448.5,182.9,fixation
14:13:43.9531,448.8,182.8,fixation
14:13:43.9536,448.1,183.2,fixation
14:13:43.9541,447.1,183.6,fixation
14:13:43.9546,446.1,183.6,fixation
14:13:43.9551,446.3,183.9,fixation
14:13:43.9556,446.8,184.4,fixation
14:13:43.9561,447.2,184.6,fixation
14:13:43.9566,447.5,183.6,fixation
14:13:43.9571,447.2,182.3,fixation
14:13:43.9576,446.9,181.0,fixation
14:13:43.9581,446.8,180.9,fixation
14:13:43.9586,447.1,180.8,fixation
14:13:43.9591,447.2,180.8,fixation
14:13:43.9596,447.1,180.9,fixation
14:13:43.9601,446.8,182.0,fixation
14:13:43.9606,446.4,183.1,fixation
14:13:43.9611,445.9,184.2,fixation
14:13:43.9616,446.2,183.3,fixation
14:13:43.9621,447.0,182.5,fixation
14:13:43.9626,447.8,181.7,fixation
14:13:43.9631,448.6,181.9,fixation
14:13:43.9636,449.0,181.9,fixation
14:13:43.9641,448.9,181.5,fixation
14:13:43.9646,448.3,180.0,fixation
14:13:43.9651,447.8,178.6,fixation
14:13:43.9656,448.0,177.7,fixation
14:13:43.9661,448.1,178.9,fixation
14:13:43.9666,448.0,180.1,fixation
14:13:43.9671,447.7,182.6,fixation
14:13:43.9676,447.0,183.8,fixation
14:13:43.9681,446.6,184.5,fixation
14:13:43.9686,446.7,182.7,fixation
14:13:43.9691,447.5,181.0,fixation
14:13:43.9696,447.9,179.5,fixation
14:13:43.9701,448.1,179.3,fixation
14:13:43.9706,448.0,179.9,fixation
14:13:43.9711,447.6,180.7,fixation
14:13:43.9716,447.3,181.5,fixation
14:13:43.9721,447.4,181.4,fixation
14:13:43.9726,447.7,181.4,fixation
14:13:43.9731,448.0,181.4,fixation
14:13:43.9736,448.2,182.0,fixation
14:13:43.9741,448.4,182.6,fixation
14:13:43.9746,447.4,183.1,fixation
14:13:43.9751,446.4,183.7,fixation
14:13:43.9756,445.8,184.3,fixation
14:13:43.9761,446.5,184.7,fixation
14:13:43.9766,447.2,184.3,fixation
14:13:43.9771,447.8,183.8,fixation
14:13:43.9776,448.0,183.5,fixation
14:13:43.9781,447.9,183.2,fixation
14:13:43.9786,447.1,183.0,fixation
14:13:43.9791,446.1,183.5,fixation
14:13:43.9796,445.2,184.1,fixation
14:13:43.9801,445.1,184.0,fixation
14:13:43.9806,444.9,183.3,fixation
14:13:43.9811,445.3,181.9,fixation
14:13:43.9816,445.8,181.2,fixation
14:13:43.9821,446.3,180.7,fixation
14:13:43.9826,446.5,180.8,fixation
14:13:43.9831,446.5,180.7,fixation
14:13:43.9836,446.6,179.8,fixation
14:13:43.9841,446.6,178.9,fixation
14:13:43.9846,446.6,178.3,fixation
14:13:43.9851,446.4,178.4,fixation
14:13:43.9856,445.9,178.8,fixation
14:13:43.9861,445.3,180.0,fixation
14:13:43.9866,445.6,181.3,fixation
14:13:43.9871,446.0,181.7,fixation
14:13:43.9876,446.6,180.6,fixation
14:13:43.9881,446.2,179.5,fixation
14:13:43.9886,446.9,178.5,fixation
14:13:43.9891,447.6,178.2,fixation
14:13:43.9896,447.7,177.7,fixation
14:13:43.9901,446.7,177.0,fixation
14:13:43.9906,445.8,176.2,fixation
14:13:43.9911,444.8,178.0,fixation
14:13:43.9916,444.2,180.6,fixation
14:13:43.9921,445.0,183.2,fixation
14:13:43.9926,446.3,183.4,fixation
14:13:43.9931,447.5,182.9,fixation
14:13:43.9936,447.7,181.5,fixation
14:13:43.9941,447.9,180.2,fixation
14:13:43.9946,447.3,179.6,fixation
14:13:43.9951,446.4,180.4,fixation
14:13:43.9956,445.8,181.1,fixation
14:13:43.9961,446.0,182.0,fixation
14:13:43.9966,446.3,182.0,fixation
14:13:43.9971,446.3,182.0,fixation
14:13:43.9976,445.6,181.9,fixation
14:13:43.9981,444.9,182.1,fixation
14:13:43.9986,444.2,182.4,fixation
14:13:43.9991,444.1,182.3,fixation
14:13:43.9996,443.9,181.3,fixation
14:13:44.0001,443.9,180.4,fixation
14:13:44.0006,444.3,180.3,fixation
14:13:44.0011,444.7,180.9,fixation
14:13:44.0016,445.0,181.4,fixation
14:13:44.0021,444.8,181.5,fixation
14:13:44.0026,444.8,181.4,fixation
14:13:44.0031,445.4,181.3,fixation
14:13:44.0036,446.5,180.6,fixation
14:13:44.0041,447.7,180.0,fixation
14:13:44.0046,448.2,179.2,fixation
14:13:44.0051,448.3,179.1,fixation
14:13:44.0056,447.7,178.9,fixation
14:13:44.0061,447.8,178.7,fixation
14:13:44.0066,448.5,178.2,fixation
14:13:44.0071,449.8,177.7,fixation
14:13:44.0076,450.7,177.1,fixation
14:13:44.0081,450.8,177.5,fixation
14:13:44.0086,449.0,178.0,fixation
14:13:44.0091,446.9,178.3,fixation
14:13:44.0096,444.8,178.0,fixation
14:13:44.0101,444.6,177.8,fixation
14:13:44.0106,444.4,179.0,fixation
14:13:44.0111,444.4,180.3,fixation
14:13:44.0116,445.1,182.2,fixation
14:13:44.0121,445.8,182.6,fixation
14:13:44.0126,446.1,181.9,fixation
14:13:44.0131,445.2,180.6,fixation
14:13:44.0136,444.3,179.3,fixation
14:13:44.0141,444.0,178.7,fixation
14:13:44.0146,444.2,178.1,fixation
14:13:44.0151,444.6,177.0,fixation
14:13:44.0156,444.7,176.5,fixation
14:13:44.0161,444.5,176.6,fixation
14:13:44.0166,444.6,177.2,fixation
14:13:44.0171,445.0,177.9,fixation
14:13:44.0176,445.5,178.5,fixation
14:13:44.0181,445.6,179.3,fixation
14:13:44.0186,445.5,180.4,fixation
14:13:44.0191,445.6,180.9,fixation
14:13:44.0196,445.7,181.1,fixation
14:13:44.0201,446.0,181.1,fixation
14:13:44.0206,446.2,181.2,fixation
14:13:44.0211,446.4,182.6,fixation
14:13:44.0216,445.6,183.8,fixation
14:13:44.0221,444.8,184.9,fixation
14:13:44.0226,444.0,184.4,fixation
14:13:44.0231,444.4,184.1,fixation
14:13:44.0236,444.8,183.9,fixation
14:13:44.0241,445.1,184.0,fixation
14:13:44.0246,444.8,183.9,fixation
14:13:44.0251,444.6,182.7,fixation
14:13:44.0256,444.3,181.5,fixation
14:13:44.0261,445.5,180.6,fixation
14:13:44.0266,446.5,181.1,fixation
14:13:44.0271,447.2,181.8,fixation
14:13:44.0276,446.4,182.1,fixation
14:13:44.0281,445.4,182.4,fixation
14:13:44.0286,444.6,182.5,fixation
14:13:44.0291,444.2,181.6,fixation
14:13:44.0296,444.4,180.7,fixation
14:13:44.0301,444.7,181.0,fixation
14:13:44.0306,444.9,182.3,fixation
14:13:44.0311,444.9,184.0,fixation
14:13:44.0316,445.0,184.5,fixation
14:13:44.0321,445.4,183.6,fixation
14:13:44.0326,445.7,182.3,fixation
14:13:44.0331,446.0,181.2,fixation
14:13:44.0336,446.0,182.6,fixation
14:13:44.0341,445.7,184.0,fixation
14:13:44.0346,445.5,185.1,fixation
14:13:44.0351,444.3,181.8,saccade
14:13:44.0356,443.1,180.3,saccade
14:13:44.0361,441.3,180.4,saccade
14:13:44.0366,440.8,180.5,saccade
14:13:44.0371,441.8,180.2,saccade
14:13:44.0376,443.8,179.6,saccade
14:13:44.0381,445.7,179.1,saccade
14:13:44.0386,445.9,179.7,saccade
14:13:44.0391,445.5,180.7,saccade
14:13:44.0396,445.9,181.6,saccade
14:13:44.0401,446.6,181.6,saccade
14:13:44.0406,447.7,181.7,saccade
14:13:44.0411,448.9,181.5,saccade
14:13:44.0416,450.3,181.4,saccade
14:13:44.0421,453.1,182.3,saccade
14:13:44.0426,455.3,183.2,saccade
14:13:44.0431,458.2,184.1,saccade
14:13:44.0436,460.9,186.0,saccade
14:13:44.0441,464.4,188.1,saccade
14:13:44.0446,468.1,188.2,saccade
14:13:44.0451,471.6,186.6,saccade
14:13:44.0456,474.2,184.4,saccade
14:13:44.0461,477.9,184.2,saccade
14:13:44.0466,483.1,184.3,saccade
14:13:44.0471,490.1,184.1,saccade
14:13:44.0476,496.4,184.1,saccade
14:13:44.0481,502.3,184.0,saccade
14:13:44.0486,508.7,183.8,saccade
14:13:44.0491,515.4,183.5,saccade
14:13:44.0496,522.5,183.8,saccade
14:13:44.0501,528.7,185.0,saccade
14:13:44.0506,534.3,186.7,saccade
14:13:44.0511,537.1,187.2,saccade
14:13:44.0516,540.4,187.7,saccade
14:13:44.0521,546.7,188.0,saccade
14:13:44.0526,553.0,188.3,saccade
14:13:44.0531,560.8,188.9,saccade
14:13:44.0536,565.8,189.3,saccade
14:13:44.0541,570.8,189.8,saccade
14:13:44.0546,573.9,189.5,saccade
14:13:44.0551,575.6,188.7,saccade
14:13:44.0556,580.1,188.2,saccade
14:13:44.0561,583.0,187.6,saccade
14:13:44.0566,586.1,186.9,saccade
14:13:44.0571,586.7,185.9,saccade
14:13:44.0576,588.1,185.5,saccade
14:13:44.0581,589.3,185.7,saccade
14:13:44.0586,590.3,186.0,saccade
14:13:44.0591,590.6,187.7,saccade
14:13:44.0596,594.8,189.3,saccade
14:13:44.0601,598.9,190.5,saccade
14:13:44.0606,603.0,190.2,saccade
14:13:44.0611,603.3,190.0,saccade
14:13:44.0616,603.6,190.0,saccade
14:13:44.0621,603.9,188.6,saccade
14:13:44.0626,605.2,187.3,saccade
14:13:44.0631,606.5,185.9,saccade
14:13:44.0636,608.8,186.0,saccade
14:13:44.0641,610.0,185.7,saccade
14:13:44.0646,610.6,185.4,saccade
14:13:44.0651,610.2,184.8,saccade
14:13:44.0656,610.8,184.7,saccade
14:13:44.0661,611.9,184.6,saccade
14:13:44.0666,613.0,184.7,saccade
14:13:44.0671,612.9,184.2,saccade
14:13:44.0676,612.7,183.8,saccade
14:13:44.0681,613.8,183.7,saccade
14:13:44.0686,616.8,184.3,fixation
14:13:44.0691,616.7,183.6,fixation
14:13:44.0696,614.7,182.7,fixation
14:13:44.0701,612.7,183.0,fixation
14:13:44.0706,610.5,184.4,fixation
14:13:44.0711,610.0,186.0,fixation
14:13:44.0716,609.8,186.8,fixation
14:13:44.0721,610.2,186.7,fixation
14:13:44.0726,610.4,186.6,fixation
14:13:44.0731,609.7,186.7,fixation
14:13:44.0736,608.7,187.0,fixation
14:13:44.0741,607.7,187.1,fixation
14:13:44.0746,607.4,187.0,fixation
14:13:44.0751,607.0,187.8,fixation
14:13:44.0756,606.3,188.6,fixation
14:13:44.0761,604.4,189.4,fixation
14:13:44.0766,602.9,189.3,fixation
14:13:44.0771,600.9,188.2,fixation
14:13:44.0776,600.1,187.1,fixation
14:13:44.0781,600.7,186.3,fixation
14:13:44.0786,601.9,186.5,fixation
14:13:44.0791,601.8,186.6,fixation
14:13:44.0796,600.7,187.4,fixation
14:13:44.0801,599.4,188.6,fixation
14:13:44.0806,599.5,190.0,fixation
14:13:44.0811,599.4,189.1,fixation
14:13:44.0816,599.9,187.6,fixation
14:13:44.0821,600.2,187.4,fixation
14:13:44.0826,600.5,188.3,fixation
14:13:44.0831,600.3,189.2,fixation
14:13:44.0836,600.1,190.2,fixation
14:13:44.0841,598.9,191.1,fixation
14:13:44.0846,597.6,191.7,fixation
14:13:44.0851,596.3,189.4,fixation
14:13:44.0856,596.5,187.6,fixation
14:13:44.0861,596.7,186.1,fixation
14:13:44.0866,597.2,186.0,fixation
14:13:44.0871,597.2,185.8,fixation
14:13:44.0876,597.3,186.4,fixation
14:13:44.0881,597.5,186.8,fixation
14:13:44.0886,597.4,187.3,fixation
14:13:44.0891,596.8,187.0,fixation
14:13:44.0896,595.1,186.6,fixation
14:13:44.0901,593.7,186.1,fixation
14:13:44.0906,593.1,186.4,fixation
14:13:44.0911,593.7,186.9,fixation
14:13:44.0916,594.4,187.6,fixation
14:13:44.0921,595.0,187.6,fixation
14:13:44.0926,595.7,187.2,fixation
14:13:44.0931,595.7,186.7,fixation
14:13:44.0936,595.0,186.7,fixation
14:13:44.0941,594.2,187.8,fixation
14:13:44.0946,593.4,188.7,fixation
14:13:44.0951,592.6,189.0,fixation
14:13:44.0956,593.2,187.4,fixation
14:13:44.0961,594.6,186.1,fixation
14:13:44.0966,596.0,185.2,fixation
14:13:44.0971,596.3,185.9,fixation
14:13:44.0976,596.5,186.5,fixation
14:13:44.0981,596.7,186.7,fixation
14:13:44.0986,596.5,186.6,fixation
14:13:44.0991,595.9,185.8,fixation
14:13:44.0996,595.3,185.3,fixation
14:13:44.1001,594.6,185.0,fixation
14:13:44.1006,594.4,185.5,fixation
14:13:44.1011,594.5,186.3,fixation
14:13:44.1016,594.6,186.8,fixation
14:13:44.1021,594.9,187.5,fixation
14:13:44.1026,595.1,187.3,fixation
14:13:44.1031,594.1,187.0,fixation
14:13:44.1036,593.0,187.6,fixation
14:13:44.1041,592.9,188.5,fixation
14:13:44.1046,594.0,189.6,fixation
14:13:44.1051,595.2,189.6,fixation
14:13:44.1056,594.9,188.7,fixation
14:13:44.1061,594.7,187.8,fixation
14:13:44.1066,594.5,187.7,fixation
14:13:44.1071,594.6,188.6,fixation
14:13:44.1076,595.4,189.6,fixation
14:13:44.1081,596.1,189.7,fixation
14:13:44.1086,595.8,189.8,fixation
14:13:44.1091,595.0,189.9,fixation
14:13:44.1096,593.8,189.3,fixation
14:13:44.1101,593.4,188.8,fixation
14:13:44.1106,593.9,188.3,fixation
14:13:44.1111,594.7,188.4,fixation
14:13:44.1116,595.3,188.6,fixation
14:13:44.1121,595.1,188.8,fixation
14:13:44.1126,594.9,188.9,fixation
14:13:44.1131,594.9,188.8,fixation
14:13:44.1136,595.0,188.7,fixation
14:13:44.1141,594.6,188.7,fixation
14:13:44.1146,594.1,188.7,fixation
14:13:44.1151,593.5,189.4,fixation
14:13:44.1156,593.6,190.2,fixation
14:13:44.1161,594.0,190.9,fixation
14:13:44.1166,594.4,190.8,fixation
14:13:44.1171,594.2,190.6,fixation
14:13:44.1176,594.0,190.6,fixation
14:13:44.1181,593.8,190.5,fixation
14:13:44.1186,593.9,190.2,fixation
14:13:44.1191,593.9,190.2,fixation
14:13:44.1196,593.9,190.4,fixation
14:13:44.1201,594.9,190.6,fixation
14:13:44.1206,596.0,190.1,fixation
14:13:44.1211,597.2,189.6,fixation
14:13:44.1216,597.4,189.3,fixation
14:13:44.1221,597.6,189.3,fixation
14:13:44.1226,597.7,189.2,fixation
14:13:44.1231,597.6,189.1,fixation
14:13:44.1236,597.0,189.0,fixation
14:13:44.1241,596.5,189.0,fixation
14:13:44.1246,596.1,188.9,fixation
14:13:44.1251,596.1,188.9,fixation
14:13:44.1256,596.0,188.8,fixation
14:13:44.1261,596.1,188.5,fixation
14:13:44.1266,596.3,187.9,fixation
14:13:44.1271,596.4,187.3,fixation
14:13:44.1276,596.2,187.0,fixation
14:13:44.1281,596.1,187.0,fixation
14:13:44.1286,596.7,186.2,fixation
14:13:44.1291,597.3,185.3,fixation
14:13:44.1296,597.7,185.8,fixation
14:13:44.1301,597.7,187.2,fixation
14:13:44.1306,596.9,188.8,fixation
14:13:44.1311,596.3,189.1,fixation
14:13:44.1316,595.8,189.5,fixation
14:13:44.1321,596.0,189.6,fixation
14:13:44.1326,595.5,188.3,fixation
14:13:44.1331,594.8,186.9,fixation
14:13:44.1336,595.5,185.6,fixation
14:13:44.1341,597.0,185.5,fixation
14:13:44.1346,598.4,185.4,fixation
14:13:44.1351,598.2,186.9,fixation
14:13:44.1356,597.5,188.4,fixation
14:13:44.1361,596.8,188.5,fixation
14:13:44.1366,596.3,187.1,fixation
14:13:44.1371,596.3,185.6,fixation
14:13:44.1376,596.2,186.7,fixation
14:13:44.1381,596.3,187.7,fixation
14:13:44.1386,596.6,188.3,fixation
14:13:44.1391,597.1,187.9,fixation
14:13:44.1396,598.1,187.8,fixation
14:13:44.1401,598.9,188.3,fixation
14:13:44.1406,599.7,188.3,fixation
14:13:44.1411,599.9,187.8,fixation
14:13:44.1416,598.6,188.0,fixation
14:13:44.1421,597.1,188.6,fixation
14:13:44.1426,595.6,189.0,fixation
14:13:44.1431,596.0,188.7,fixation
14:13:44.1436,596.4,188.8,fixation
14:13:44.1441,597.1,189.2,fixation
14:13:44.1446,597.5,189.6,fixation
14:13:44.1451,597.9,189.9,fixation
14:13:44.1456,597.4,191.1,fixation
14:13:44.1461,596.9,192.4,fixation
14:13:44.1466,596.6,192.3,fixation
14:13:44.1471,596.9,191.0,fixation
14:13:44.1476,597.2,189.8,fixation
14:13:44.1481,597.4,189.9,fixation
14:13:44.1486,598.3,191.2,fixation
14:13:44.1491,599.1,192.5,fixation
14:13:44.1496,598.9,192.8,fixation
14:13:44.1501,597.8,190.8,fixation
14:13:44.1506,597.8,188.4,fixation
14:13:44.1511,598.9,186.9,fixation
14:13:44.1516,599.2,186.5,fixation
14:13:44.1521,598.6,186.5,fixation
14:13:44.1526,597.9,186.2,fixation
14:13:44.1531,597.9,186.0,fixation
14:13:44.1536,597.8,186.0,fixation
14:13:44.1541,599.0,188.1,fixation
14:13:44.1546,600.1,189.6,fixation
14:13:44.1551,599.5,190.2,fixation
14:13:44.1556,597.7,189.0,fixation
14:13:44.1561,596.0,188.2,fixation
14:13:44.1566,596.1,187.4,fixation
14:13:44.1571,596.2,186.7,fixation
14:13:44.1576,596.6,186.1,fixation
14:13:44.1581,597.1,187.4,fixation
14:13:44.1586,597.7,188.8,fixation
14:13:44.1591,598.1,189.1,fixation
14:13:44.1596,598.2,188.2,fixation
14:13:44.1601,598.2,187.2,fixation
14:13:44.1606,598.5,187.4,fixation
14:13:44.1611,598.9,187.7,fixation
14:13:44.1616,599.4,187.6,fixation
14:13:44.1621,599.2,187.4,fixation
14:13:44.1626,598.7,187.9,fixation
14:13:44.1631,598.0,189.4,fixation
14:13:44.1636,597.9,190.8,fixation
14:13:44.1641,598.2,191.0,fixation
14:13:44.1646,597.9,189.7,fixation
14:13:44.1651,597.3,188.7,fixation
14:13:44.1656,597.5,188.6,fixation
14:13:44.1661,598.4,189.3,fixation
14:13:44.1666,599.3,189.3,fixation
14:13:44.1671,599.2,188.5,fixation
14:13:44.1676,599.1,188.4,fixation
14:13:44.1681,598.5,189.1,fixation
14:13:44.1686,597.3,188.9,fixation
14:13:44.1691,596.1,188.0,fixation
14:13:44.1696,595.9,188.5,fixation
14:13:44.1701,596.8,189.7,fixation
14:13:44.1706,597.7,190.9,fixation
14:13:44.1711,598.1,191.0,fixation
14:13:44.1716,597.9,191.0,fixation
14:13:44.1721,598.4,191.1,fixation
14:13:44.1726,599.0,191.2,fixation
14:13:44.1731,599.8,190.8,fixation
14:13:44.1736,599.8,190.3,fixation
14:13:44.1741,599.6,190.0,fixation
14:13:44.1746,598.7,190.1,fixation
14:13:44.1751,597.1,189.9,fixation
14:13:44.1756,596.0,189.3,fixation
14:13:44.1761,595.7,189.4,fixation
14:13:44.1766,596.0,189.7,fixation
14:13:44.1771,596.2,190.8,fixation
14:13:44.1776,596.2,191.2,fixation
14:13:44.1781,596.3,191.2,fixation
14:13:44.1786,596.4,190.9,fixation
14:13:44.1791,599.7,190.4,fixation
14:13:44.1796,602.9,190.4,fixation
14:13:44.1801,604.8,190.1,fixation
14:13:44.1806,603.6,189.9,fixation
14:13:44.1811,602.3,189.9,fixation
14:13:44.1816,601.8,190.1,fixation
14:13:44.1821,601.5,189.1,fixation
14:13:44.1826,601.2,188.3,fixation
14:13:44.1831,601.1,188.1,fixation
14:13:44.1836,600.7,189.0,fixation
14:13:44.1841,600.7,189.4,fixation
14:13:44.1846,600.9,189.4,fixation
14:13:44.1851,601.2,189.3,fixation
14:13:44.1856,601.2,189.2,fixation
14:13:44.1861,601.1,189.0,fixation
14:13:44.1866,601.3,189.0,fixation
14:13:44.1871,601.4,188.6,fixation
14:13:44.1876,601.2,188.2,fixation
14:13:44.1881,600.4,187.7,fixation
14:13:44.1886,599.8,187.1,fixation
14:13:44.1891,599.5,186.6,fixation
14:13:44.1896,599.5,185.7,fixation
14:13:44.1901,599.7,185.1,fixation
14:13:44.1906,599.9,184.6,fixation
14:13:44.1911,600.0,185.2,fixation
14:13:44.1916,599.6,186.3,fixation
14:13:44.1921,599.2,187.7,fixation
14:13:44.1926,598.6,188.5,fixation
14:13:44.1931,598.2,188.0,fixation
14:13:44.1936,597.8,187.3,fixation
14:13:44.1941,598.0,186.8,fixation
14:13:44.1946,598.1,187.1,fixation
14:13:44.1951,598.1,187.4,fixation
14:13:44.1956,598.1,187.5,fixation
14:13:44.1961,598.0,187.6,fixation
14:13:44.1966,600.3,187.9,fixation
14:13:44.1971,602.6,188.6,fixation
14:13:44.1976,602.8,189.3,fixation
14:13:44.1981,600.6,189.6,fixation
14:13:44.1986,598.4,189.6,fixation
14:13:44.1991,598.2,189.4,fixation
14:13:44.1996,597.7,189.4,fixation
14:13:44.2001,597.3,189.4,fixation
14:13:44.2006,597.0,189.4,fixation
14:13:44.2011,598.5,190.4,fixation
14:13:44.2016,599.5,191.4,fixation
14:13:44.2021,600.6,192.0,fixation
14:13:44.2026,600.2,191.1,fixation
14:13:44.2031,599.5,189.4,fixation
14:13:44.2036,598.7,188.1,fixation
14:13:44.2041,597.9,187.0,fixation
14:13:44.2046,598.0,186.6,fixation
14:13:44.2051,598.5,186.0,fixation
14:13:44.2056,599.0,185.6,fixation
14:13:44.2061,598.1,185.3,fixation
14:13:44.2066,596.8,184.9,fixation
14:13:44.2071,596.6,184.5,fixation
14:13:44.2076,597.7,184.3,fixation
14:13:44.2081,598.7,184.2,fixation
14:13:44.2086,598.6,184.1,fixation
14:13:44.2091,599.8,184.7,fixation
14:13:44.2096,601.0,185.9,fixation
14:13:44.2101,600.7,188.2,fixation
14:13:44.2106,599.0,189.9,fixation
14:13:44.2111,597.9,191.1,fixation
14:13:44.2116,598.5,191.2,fixation
14:13:44.2121,599.7,191.4,fixation
14:13:44.2126,600.5,191.5,fixation
14:13:44.2131,601.2,191.3,fixation
14:13:44.2136,601.5,190.8,fixation
14:13:44.2141,601.8,190.3,fixation
14:13:44.2146,601.6,190.1,fixation
14:13:44.2151,601.3,190.1,fixation
14:13:44.2156,601.1,188.9,fixation
14:13:44.2161,601.0,187.8,fixation
14:13:44.2166,600.8,186.7,fixation
14:13:44.2171,600.1,187.3,fixation
14:13:44.2176,599.7,188.1,fixation
14:13:44.2181,599.2,188.9,fixation
14:13:44.2186,598.7,189.2,fixation
14:13:44.2191,598.1,191.2,fixation
14:13:44.2196,597.3,193.2,fixation
14:13:44.2201,597.1,195.4,fixation
14:13:44.2206,597.1,195.4,fixation
14:13:44.2211,597.6,193.7,fixation
14:13:44.2216,598.1,191.7,fixation
14:13:44.2221,598.5,189.7,fixation
14:13:44.2226,599.3,189.7,fixation
14:13:44.2231,600.2,189.9,fixation
14:13:44.2236,600.4,190.0,fixation
14:13:44.2241,599.7,190.0,fixation
14:13:44.2246,599.0,189.9,fixation
14:13:44.2251,598.9,190.6,fixation
14:13:44.2256,598.9,191.3,fixation
14:13:44.2261,598.9,191.1,fixation
14:13:44.2266,598.6,190.9,fixation
14:13:44.2271,598.5,190.6,fixation
14:13:44.2276,598.4,191.0,fixation
14:13:44.2281,598.4,191.1,fixation
14:13:44.2286,599.0,191.5,fixation
14:13:44.2291,599.9,192.2,fixation
14:13:44.2296,600.9,192.2,fixation
14:13:44.2301,600.5,191.9,fixation
14:13:44.2306,599.7,191.1,fixation
14:13:44.2311,598.4,190.5,fixation
14:13:44.2316,597.8,191.2,fixation
14:13:44.2321,596.8,192.2,fixation
14:13:44.2326,596.1,191.3,fixation
14:13:44.2331,595.4,189.4,fixation
14:13:44.2336,596.0,187.7,fixation
14:13:44.2341,596.8,188.3,fixation
14:13:44.2346,597.8,189.0,fixation
14:13:44.2351,598.0,189.6,fixation
14:13:44.2356,598.0,189.7,fixation
14:13:44.2361,597.7,189.6,fixation
14:13:44.2366,597.8,192.1,fixation
14:13:44.2371,598.2,194.3,fixation
14:13:44.2376,598.5,195.9,fixation
14:13:44.2381,598.7,194.4,fixation
14:13:44.2386,598.7,193.4,fixation
14:13:44.2391,599.4,193.6,fixation
14:13:44.2396,600.1,194.1,fixation
14:13:44.2401,600.4,192.6,fixation
14:13:44.2406,600.0,190.6,fixation
14:13:44.2411,599.7,188.6,fixation
14:13:44.2416,599.2,188.6,fixation
14:13:44.2421,598.5,189.5,fixation
14:13:44.2426,597.8,190.5,fixation
14:13:44.2431,597.7,191.6,fixation
14:13:44.2436,597.6,191.6,fixation
14:13:44.2441,596.5,191.5,fixation
14:13:44.2446,595.5,191.0,fixation
14:13:44.2451,595.8,190.6,fixation
14:13:44.2456,597.1,190.5,fixation
14:13:44.2461,598.8,190.8,fixation
14:13:44.2466,599.6,191.0,fixation
14:13:44.2471,600.4,192.3,fixation
14:13:44.2476,600.6,193.6,fixation
14:13:44.2481,600.5,193.9,fixation
14:13:44.2486,600.6,192.7,fixation
14:13:44.2491,600.8,191.3,fixation
14:13:44.2496,601.7,190.9,fixation
14:13:44.2501,602.6,190.8,fixation
14:13:44.2506,601.9,190.5,fixation
14:13:44.2511,600.4,190.1,fixation
14:13:44.2516,598.9,189.6,fixation
14:13:44.2521,598.9,189.0,fixation
14:13:44.2526,598.3,188.3,fixation
14:13:44.2531,597.1,188.1,fixation
14:13:44.2536,595.8,188.3,fixation
14:13:44.2541,596.9,188.8,fixation
14:13:44.2546,598.7,189.0,fixation
14:13:44.2551,600.4,189.1,fixation
14:13:44.2556,600.2,189.7,fixation
14:13:44.2561,599.2,189.9,fixation
14:13:44.2566,598.1,190.2,fixation
14:13:44.2571,597.3,189.3,fixation
14:13:44.2576,598.0,188.9,fixation
14:13:44.2581,598.8,189.5,fixation
14:13:44.2586,601.2,190.7,fixation
14:13:44.2591,602.7,191.7,fixation
14:13:44.2596,604.2,190.7,fixation
14:13:44.2601,603.8,189.4,fixation
14:13:44.2606,602.4,188.0,fixation
14:13:44.2611,599.4,187.1,fixation
14:13:44.2616,596.7,186.3,fixation
14:13:44.2621,594.6,186.3,fixation
14:13:44.2626,594.2,187.6,fixation
14:13:44.2631,596.1,189.7,fixation
14:13:44.2636,598.4,191.2,fixation
14:13:44.2641,600.2,191.7,fixation
14:13:44.2646,600.2,189.6,fixation
14:13:44.2651,600.2,187.6,fixation
14:13:44.2656,600.5,187.4,fixation
14:13:44.2661,600.2,189.0,fixation
14:13:44.2666,599.0,190.5,fixation
14:13:44.2671,598.0,190.5,fixation
14:13:44.2676,597.5,190.5,fixation
14:13:44.2681,598.0,190.5,fixation
14:13:44.2686,598.2,190.9,fixation
14:13:44.2691,598.0,191.2,fixation
14:13:44.2696,597.6,191.5,fixation
14:13:44.2701,598.1,191.6,fixation
14:13:44.2706,598.6,191.6,fixation
14:13:44.2711,599.0,191.2,fixation
14:13:44.2716,598.7,190.2,fixation
14:13:44.2721,598.3,189.4,fixation
14:13:44.2726,597.9,189.2,fixation
14:13:44.2731,597.6,189.6,fixation
14:13:44.2736,597.7,189.6,fixation
14:13:44.2741,597.8,189.2,fixation
14:13:44.2746,598.2,188.6,fixation
14:13:44.2751,598.5,187.9,fixation
14:13:44.2756,598.9,186.6,fixation
14:13:44.2761,598.3,185.5,fixation
14:13:44.2766,597.6,185.0,fixation
14:13:44.2771,596.8,186.6,fixation
14:13:44.2776,596.7,188.5,fixation
14:13:44.2781,596.2,190.2,fixation
14:13:44.2786,595.7,190.5,fixation
14:13:44.2791,595.5,189.5,fixation
14:13:44.2796,596.0,189.0,fixation
14:13:44.2801,596.6,188.4,fixation
14:13:44.2806,596.6,188.7,fixation
14:13:44.2811,596.5,188.6,fixation
14:13:44.2816,596.3,188.2,fixation
14:13:44.2821,596.3,187.9,fixation
14:13:44.2826,597.3,187.6,fixation
14:13:44.2831,598.6,187.9,fixation
14:13:44.2836,600.0,188.2,fixation
14:13:44.2841,600.6,188.5,fixation
14:13:44.2846,600.9,189.3,fixation
14:13:44.2851,600.7,190.1,fixation
14:13:44.2856,600.2,190.7,fixation
14:13:44.2861,599.9,190.4,fixation
14:13:44.2866,600.0,190.1,fixation
14:13:44.2871,599.3,191.3,fixation
14:13:44.2876,598.6,192.6,fixation
14:13:44.2881,598.5,192.5,fixation
14:13:44.2886,599.3,190.9,fixation
14:13:44.2891,600.0,189.3,fixation
14:13:44.2896,599.8,189.0,fixation
14:13:44.2901,599.3,187.4,fixation
14:13:44.2906,598.9,185.9,fixation
14:13:44.2911,599.0,184.4,fixation
14:13:44.2916,600.0,184.8,fixation
14:13:44.2921,600.9,185.5,fixation
14:13:44.2926,601.3,187.9,fixation
14:13:44.2931,601.2,190.0,fixation
14:13:44.2936,601.5,192.6,fixation
14:13:44.2941,601.8,193.7,fixation
14:13:44.2946,600.8,194.9,fixation
14:13:44.2951,599.3,195.1,fixation
14:13:44.2956,598.0,194.7,fixation
14:13:44.2961,598.2,193.6,fixation
14:13:44.2966,598.7,191.6,fixation
14:13:44.2971,599.4,190.0,fixation
14:13:44.2976,599.9,189.9,fixation
14:13:44.2981,599.1,190.8,fixation
14:13:44.2986,598.6,191.5,fixation
14:13:44.2991,598.5,191.2,fixation
14:13:44.2996,599.5,190.9,fixation
14:13:44.3001,598.8,190.2,fixation
14:13:44.3006,597.6,189.6,fixation
14:13:44.3011,596.3,190.1,fixation
14:13:44.3016,595.9,190.8,fixation
14:13:44.3021,595.6,191.1,fixation
14:13:44.3026,595.7,190.4,fixation
14:13:44.3031,596.1,191.8,fixation
14:13:44.3036,596.7,193.5,fixation
14:13:44.3041,597.6,193.7,fixation
14:13:44.3046,598.4,191.4,fixation
14:13:44.3051,598.5,189.1,fixation
14:13:44.3056,597.8,188.0,fixation
14:13:44.3061,597.1,187.6,fixation
14:13:44.3066,597.3,186.9,fixation
14:13:44.3071,597.8,186.4,fixation
14:13:44.3076,596.7,186.5,fixation
14:13:44.3081,595.3,187.5,fixation
14:13:44.3086,593.9,188.6,fixation
14:13:44.3091,594.2,189.3,fixation
14:13:44.3096,594.0,188.9,fixation
14:13:44.3101,593.9,188.2,fixation
14:13:44.3106,594.0,187.4,fixation
14:13:44.3111,594.3,186.9,fixation
14:13:44.3116,594.7,186.8,fixation
14:13:44.3121,594.9,186.8,fixation
14:13:44.3126,594.8,186.7,fixation
14:13:44.3131,594.5,187.7,fixation
14:13:44.3136,594.1,188.7,fixation
14:13:44.3141,593.9,189.6,fixation
14:13:44.3146,593.8,189.5,fixation
14:13:44.3151,593.8,189.1,fixation
14:13:44.3156,593.7,188.4,fixation
14:13:44.3161,593.6,187.6,fixation
14:13:44.3166,593.3,188.6,fixation
14:13:44.3171,593.9,190.0,fixation
14:13:44.3176,594.8,191.2,fixation
14:13:44.3181,595.7,191.0,fixation
14:13:44.3186,595.6,191.6,fixation
14:13:44.3191,595.3,193.8,fixation
14:13:44.3196,595.0,196.1,fixation
14:13:44.3201,594.9,195.5,fixation
14:13:44.3206,594.5,192.0,fixation
14:13:44.3211,593.4,188.4,fixation
14:13:44.3216,592.1,187.5,fixation
14:13:44.3221,592.4,189.1,fixation
14:13:44.3226,593.8,190.8,fixation
14:13:44.3231,595.2,191.6,fixation
14:13:44.3236,595.8,191.6,fixation
14:13:44.3241,596.2,191.8,fixation
14:13:44.3246,596.7,192.0,fixation
14:13:44.3251,597.0,191.9,fixation
14:13:44.3256,596.3,191.5,fixation
14:13:44.3261,595.3,191.1,fixation
14:13:44.3266,593.6,189.4,fixation
14:13:44.3271,593.0,187.7,fixation
14:13:44.3276,593.2,186.3,fixation
14:13:44.3281,594.0,186.6,fixation
14:13:44.3286,594.8,186.8,fixation
14:13:44.3291,594.6,187.5,fixation
14:13:44.3296,594.3,188.2,fixation
14:13:44.3301,594.5,188.9,fixation
14:13:44.3306,594.9,189.5,fixation
14:13:44.3311,595.0,190.0,fixation
14:13:44.3316,594.4,190.9,fixation
14:13:44.3321,593.8,191.2,fixation
14:13:44.3326,594.9,190.9,fixation
14:13:44.3331,596.2,190.5,fixation
14:13:44.3336,597.4,190.1,fixation
14:13:44.3341,597.3,190.3,fixation
14:13:44.3346,597.6,190.2,fixation
14:13:44.3351,598.1,190.3,fixation
14:13:44.3356,597.1,190.0,fixation
14:13:44.3361,595.7,189.6,fixation
14:13:44.3366,595.5,189.4,fixation
14:13:44.3371,596.7,189.3,fixation
14:13:44.3376,597.9,189.3,fixation
14:13:44.3381,597.7,189.0,fixation
14:13:44.3386,597.4,189.0,fixation
14:13:44.3391,597.3,189.1,fixation
14:13:44.3396,597.2,189.5,fixation
14:13:44.3401,597.1,190.3,fixation
14:13:44.3406,597.9,191.4,fixation
14:13:44.3411,599.1,192.1,fixation
14:13:44.3416,600.4,192.4,fixation
14:13:44.3421,601.4,192.2,fixation
14:13:44.3426,602.2,191.0,fixation
14:13:44.3431,602.1,190.0,fixation
14:13:44.3436,601.1,189.9,fixation
14:13:44.3441,599.8,190.6,fixation
14:13:44.3446,599.9,190.9,fixation
14:13:44.3451,600.3,190.7,fixation
14:13:44.3456,601.0,190.7,fixation
14:13:44.3461,600.3,191.0,fixation
14:13:44.3466,599.2,191.0,fixation
14:13:44.3471,598.1,190.9,fixation
14:13:44.3476,598.7,190.7,fixation
14:13:44.3481,599.5,190.7,fixation
14:13:44.3486,600.0,191.4,fixation
14:13:44.3491,599.7,192.3,fixation
14:13:44.3496,599.1,193.2,fixation
14:13:44.3501,598.8,192.7,fixation
14:13:44.3506,598.4,191.8,fixation
14:13:44.3511,598.2,190.9,fixation
14:13:44.3516,596.8,190.5,fixation
14:13:44.3521,595.0,187.3,fixation
14:13:44.3526,593.4,184.1,fixation
14:13:44.3531,593.5,182.7,fixation
14:13:44.3536,594.7,184.5,fixation
14:13:44.3541,596.0,186.6,fixation
14:13:44.3546,596.4,187.4,fixation
14:13:44.3551,595.9,189.2,fixation
14:13:44.3556,595.5,190.6,fixation
14:13:44.3561,595.3,191.7,fixation
14:13:44.3566,594.6,191.7,fixation
14:13:44.3571,594.1,190.3,fixation
14:13:44.3576,594.6,188.9,fixation
14:13:44.3581,595.7,187.6,fixation
14:13:44.3586,596.2,188.3,fixation
14:13:44.3591,594.5,188.8,fixation
14:13:44.3596,592.7,189.2,fixation
14:13:44.3601,593.5,189.8,fixation
14:13:44.3606,595.7,190.4,fixation
14:13:44.3611,595.7,190.7,fixation
14:13:44.3616,593.7,190.2,fixation
14:13:44.3621,592.2,190.0,fixation
14:13:44.3626,592.9,190.1,fixation
14:13:44.3631,593.7,190.3,fixation
14:13:44.3636,595.3,190.4,fixation
14:13:44.3641,596.3,190.5,fixation
14:13:44.3646,596.8,190.7,fixation
14:13:44.3651,595.8,190.8,fixation
14:13:44.3656,596.2,191.1,fixation
14:13:44.3661,597.2,190.4,fixation
14:13:44.3666,598.2,189.8,fixation
14:13:44.3671,598.7,189.0,fixation
14:13:44.3676,599.1,188.8,fixation
14:13:44.3681,599.4,188.6,fixation
14:13:44.3686,598.4,188.6,fixation
14:13:44.3691,597.8,189.4,fixation
14:13:44.3696,597.3,190.2,fixation
14:13:44.3701,597.8,190.8,fixation
14:13:44.3706,598.1,190.6,fixation
14:13:44.3711,598.3,190.4,fixation
14:13:44.3716,598.1,190.2,fixation
14:13:44.3721,597.7,190.6,fixation
14:13:44.3726,597.4,191.2,fixation
14:13:44.3731,597.3,191.8,fixation
14:13:44.3736,597.2,192.1,fixation
14:13:44.3741,597.3,192.2,fixation
14:13:44.3746,597.3,192.6,fixation
14:13:44.3751,597.3,192.9,fixation
14:13:44.3756,597.3,193.3,fixation
14:13:44.3761,596.4,193.3,fixation
14:13:44.3766,595.5,193.4,fixation
14:13:44.3771,594.7,193.5,fixation
14:13:44.3776,596.1,193.7,fixation
14:13:44.3781,597.6,193.7,fixation
14:13:44.3786,599.4,192.9,fixation
14:13:44.3791,599.8,191.6,fixation
14:13:44.3796,600.4,190.1,fixation
14:13:44.3801,600.7,189.3,fixation
14:13:44.3806,600.7,189.0,fixation
14:13:44.3811,599.7,189.4,fixation
14:13:44.3816,598.7,190.1,fixation
14:13:44.3821,598.3,190.6,fixation
14:13:44.3826,598.3,190.7,fixation
14:13:44.3831,598.2,190.5,fixation
14:13:44.3836,598.7,190.3,fixation
14:13:44.3841,600.1,191.3,fixation
14:13:44.3846,601.5,192.4,fixation
14:13:44.3851,601.9,191.3,fixation
14:13:44.3856,601.6,189.1,fixation
14:13:44.3861,600.5,187.2,fixation
14:13:44.3866,599.4,188.5,fixation
14:13:44.3871,598.7,189.8,fixation
14:13:44.3876,598.8,190.9,fixation
14:13:44.3881,599.2,190.2,fixation
14:13:44.3886,599.4,189.5,fixation
14:13:44.3891,599.6,188.7,fixation
14:13:44.3896,599.0,188.5,fixation
14:13:44.3901,598.2,189.3,fixation
14:13:44.3906,598.7,190.4,fixation
14:13:44.3911,599.9,191.0,fixation
14:13:44.3916,601.3,190.5,fixation
14:13:44.3921,601.6,189.9,fixation
14:13:44.3926,601.9,188.8,fixation
14:13:44.3931,602.5,187.7,fixation
14:13:44.3936,602.9,186.6,fixation
14:13:44.3941,602.7,186.6,fixation
14:13:44.3946,601.7,186.5,fixation
14:13:44.3951,600.6,187.0,fixation
14:13:44.3956,599.7,188.2,fixation
14:13:44.3961,599.5,189.4,fixation
14:13:44.3966,599.4,190.4,fixation
14:13:44.3971,599.6,190.5,fixation
14:13:44.3976,599.7,190.6,fixation
14:13:44.3981,599.6,190.6,fixation
14:13:44.3986,600.6,192.1,fixation
14:13:44.3991,601.6,193.6,fixation
14:13:44.3996,600.2,193.9,fixation
14:13:44.4001,597.7,192.5,fixation
14:13:44.4006,595.5,190.9,fixation
14:13:44.4011,595.8,189.8,fixation
14:13:44.4016,596.6,189.2,fixation
14:13:44.4021,597.1,189.1,fixation
14:13:44.4026,597.5,189.5,fixation
14:13:44.4031,597.0,189.6,fixation
14:13:44.4036,596.6,189.4,fixation
14:13:44.4041,595.9,189.3,fixation
14:13:44.4046,595.6,189.5,fixation
14:13:44.4051,595.7,189.9,fixation
14:13:44.4056,596.4,189.9,fixation
14:13:44.4061,597.5,190.1,fixation
14:13:44.4066,599.6,190.5,fixation
14:13:44.4071,601.5,190.6,fixation
14:13:44.4076,603.0,190.4,fixation
14:13:44.4081,602.2,189.5,fixation
14:13:44.4086,601.3,188.8,fixation
14:13:44.4091,600.3,189.1,fixation
14:13:44.4096,600.4,190.0,fixation
14:13:44.4101,600.5,191.3,fixation
14:13:44.4106,600.3,191.7,fixation
14:13:44.4111,598.4,188.9,saccade
14:13:44.4116,597.5,187.4,saccade
14:13:44.4121,597.5,187.7,saccade
14:13:44.4126,598.0,190.4,saccade
14:13:44.4131,598.6,192.8,saccade
14:13:44.4136,598.5,195.6,saccade
14:13:44.4141,598.4,196.0,saccade
14:13:44.4146,598.3,196.1,saccade
14:13:44.4151,598.2,195.3,saccade
14:13:44.4156,598.2,193.3,saccade
14:13:44.4161,599.2,191.8,saccade
14:13:44.4166,600.3,192.6,saccade
14:13:44.4171,602.5,194.6,saccade
14:13:44.4176,603.8,195.5,saccade
14:13:44.4181,606.1,194.2,saccade
14:13:44.4186,607.4,192.2,saccade
14:13:44.4191,612.9,191.8,saccade
14:13:44.4196,617.5,192.0,saccade
14:13:44.4201,624.4,193.2,saccade
14:13:44.4206,627.3,193.7,saccade
14:13:44.4211,632.6,194.1,saccade
14:13:44.4216,635.8,194.3,saccade
14:13:44.4221,641.5,194.4,saccade
14:13:44.4226,645.8,194.1,saccade
14:13:44.4231,652.1,193.4,saccade
14:13:44.4236,657.1,192.9,saccade
14:13:44.4241,662.9,192.5,saccade
14:13:44.4246,667.3,191.6,saccade
14:13:44.4251,673.2,190.7,saccade
14:13:44.4256,679.3,189.9,saccade
14:13:44.4261,684.5,189.8,saccade
14:13:44.4266,687.2,190.0,saccade
14:13:44.4271,691.6,190.2,saccade
14:13:44.4276,695.9,190.4,saccade
14:13:44.4281,700.2,189.5,saccade
14:13:44.4286,701.9,188.4,saccade
14:13:44.4291,704.0,187.1,saccade
14:13:44.4296,707.0,185.6,saccade
14:13:44.4301,708.5,184.6,saccade
14:13:44.4306,711.5,183.8,saccade
14:13:44.4311,715.6,182.0,saccade
14:13:44.4316,719.6,180.0,saccade
14:13:44.4321,721.7,178.0,saccade
14:13:44.4326,722.5,177.9,saccade
14:13:44.4331,724.3,177.8,saccade
14:13:44.4336,726.2,176.8,saccade
14:13:44.4341,728.1,175.8,saccade
14:13:44.4346,729.7,174.9,saccade
14:13:44.4351,731.2,174.4,saccade
14:13:44.4356,732.0,173.9,saccade
14:13:44.4361,733.4,173.0,saccade
14:13:44.4366,734.9,172.5,saccade
14:13:44.4371,736.2,173.5,saccade
14:13:44.4376,736.1,175.0,saccade
14:13:44.4381,736.1,176.7,saccade
14:13:44.4386,736.2,177.0,saccade
14:13:44.4391,736.5,177.2,saccade
14:13:44.4396,737.5,176.1,fixation
14:13:44.4401,737.9,175.5,fixation
14:13:44.4406,738.4,176.5,fixation
14:13:44.4411,738.7,177.0,fixation
14:13:44.4416,739.0,177.2,fixation
14:13:44.4421,739.1,176.5,fixation
14:13:44.4426,739.4,176.0,fixation
14:13:44.4431,739.6,175.8,fixation
14:13:44.4436,739.7,175.9,fixation
14:13:44.4441,739.4,176.1,fixation
14:13:44.4446,738.0,176.3,fixation
14:13:44.4451,737.1,176.7,fixation
14:13:44.4456,736.7,177.2,fixation
14:13:44.4461,737.5,177.1,fixation
14:13:44.4466,737.8,176.8,fixation
14:13:44.4471,737.5,176.9,fixation
14:13:44.4476,737.3,177.5,fixation
14:13:44.4481,736.6,178.2,fixation
14:13:44.4486,735.6,178.3,fixation
14:13:44.4491,733.9,178.4,fixation
14:13:44.4496,732.8,176.7,fixation
14:13:44.4501,732.2,175.0,fixation
14:13:44.4506,731.4,173.3,fixation
14:13:44.4511,730.4,173.3,fixation
14:13:44.4516,729.5,173.3,fixation
14:13:44.4521,729.6,174.4,fixation
14:13:44.4526,729.8,175.3,fixation
14:13:44.4531,729.1,176.2,fixation
14:13:44.4536,728.0,177.3,fixation
14:13:44.4541,727.3,178.5,fixation
14:13:44.4546,727.7,179.0,fixation
14:13:44.4551,726.0,178.3,fixation
14:13:44.4556,723.8,178.1,fixation
14:13:44.4561,722.4,178.7,fixation
14:13:44.4566,723.1,179.6,fixation
14:13:44.4571,723.8,180.1,fixation
14:13:44.4576,723.6,180.6,fixation
14:13:44.4581,723.5,180.8,fixation
14:13:44.4586,723.3,180.8,fixation
14:13:44.4591,722.9,180.4,fixation
14:13:44.4596,722.9,180.1,fixation
14:13:44.4601,723.4,179.5,fixation
14:13:44.4606,724.1,179.3,fixation
14:13:44.4611,724.4,179.9,fixation
14:13:44.4616,725.2,180.8,fixation
14:13:44.4621,725.9,182.2,fixation
14:13:44.4626,726.4,182.2,fixation
14:13:44.4631,726.0,182.2,fixation
14:13:44.4636,725.6,181.8,fixation
14:13:44.4641,725.3,179.4,fixation
14:13:44.4646,724.8,177.0,fixation
14:13:44.4651,724.2,175.1,fixation
14:13:44.4656,723.7,175.9,fixation
14:13:44.4661,723.4,176.5,fixation
14:13:44.4666,723.4,176.8,fixation
14:13:44.4671,724.1,176.4,fixation
14:13:44.4676,724.8,176.1,fixation
14:13:44.4681,726.1,175.8,fixation
14:13:44.4686,726.6,177.3,fixation
14:13:44.4691,727.1,179.1,fixation
14:13:44.4696,725.9,180.9,fixation
14:13:44.4701,724.9,181.0,fixation
14:13:44.4706,723.7,180.0,fixation
14:13:44.4711,723.5,178.9,fixation
14:13:44.4716,724.8,177.9,fixation
14:13:44.4721,726.0,177.9,fixation
14:13:44.4726,727.2,178.0,fixation
14:13:44.4731,726.7,178.4,fixation
14:13:44.4736,726.5,179.1,fixation
14:13:44.4741,726.4,179.7,fixation
14:13:44.4746,726.4,180.1,fixation
14:13:44.4751,726.3,180.0,fixation
14:13:44.4756,726.2,179.8,fixation
14:13:44.4761,725.0,179.5,fixation
14:13:44.4766,724.0,179.2,fixation
14:13:44.4771,723.2,178.8,fixation
14:13:44.4776,723.7,178.3,fixation
14:13:44.4781,723.8,177.9,fixation
14:13:44.4786,723.9,177.7,fixation
14:13:44.4791,724.0,176.8,fixation
14:13:44.4796,724.3,175.5,fixation
14:13:44.4801,724.5,174.2,fixation
14:13:44.4806,724.8,175.2,fixation
14:13:44.4811,725.4,176.8,fixation
14:13:44.4816,726.0,178.4,fixation
14:13:44.4821,726.4,178.9,fixation
14:13:44.4826,726.7,179.1,fixation
14:13:44.4831,726.9,179.5,fixation
14:13:44.4836,726.8,179.7,fixation
14:13:44.4841,726.3,179.3,fixation
14:13:44.4846,725.5,178.6,fixation
14:13:44.4851,724.9,177.6,fixation
14:13:44.4856,724.3,177.2,fixation
14:13:44.4861,724.0,177.3,fixation
14:13:44.4866,724.4,178.5,fixation
14:13:44.4871,725.1,179.7,fixation
14:13:44.4876,724.5,178.5,fixation
14:13:44.4881,723.0,176.9,fixation
14:13:44.4886,722.7,175.5,fixation
14:13:44.4891,723.7,176.0,fixation
14:13:44.4896,724.5,175.6,fixation
14:13:44.4901,723.4,174.9,fixation
14:13:44.4906,722.3,173.8,fixation
14:13:44.4911,721.4,173.4,fixation
14:13:44.4916,721.3,175.3,fixation
14:13:44.4921,721.1,177.8,fixation
14:13:44.4926,721.0,179.9,fixation
14:13:44.4931,721.0,179.4,fixation
14:13:44.4936,721.8,179.0,fixation
14:13:44.4941,722.7,179.0,fixation
14:13:44.4946,723.2,179.2,fixation
14:13:44.4951,723.0,179.0,fixation
14:13:44.4956,722.7,178.9,fixation
14:13:44.4961,722.7,178.9,fixation
14:13:44.4966,722.8,178.3,fixation
14:13:44.4971,722.8,177.7,fixation
14:13:44.4976,722.9,177.2,fixation
14:13:44.4981,722.1,176.0,fixation
14:13:44.4986,721.3,174.8,fixation
14:13:44.4991,721.1,174.2,fixation
14:13:44.4996,721.5,174.7,fixation
14:13:44.5001,721.7,174.5,fixation
14:13:44.5006,722.1,173.8,fixation
14:13:44.5011,723.3,173.0,fixation
14:13:44.5016,724.7,173.1,fixation
14:13:44.5021,724.6,173.8,fixation
14:13:44.5026,723.7,175.1,fixation
14:13:44.5031,722.6,176.4,fixation
14:13:44.5036,722.3,177.2,fixation
14:13:44.5041,722.2,177.1,fixation
14:13:44.5046,722.3,176.7,fixation
14:13:44.5051,722.2,176.4,fixation
14:13:44.5056,721.7,176.4,fixation
14:13:44.5061,721.3,176.4,fixation
14:13:44.5066,721.3,176.6,fixation
14:13:44.5071,721.7,178.3,fixation
14:13:44.5076,722.1,180.0,fixation
14:13:44.5081,722.1,182.0,fixation
14:13:44.5086,721.7,182.4,fixation
14:13:44.5091,721.1,180.9,fixation
14:13:44.5096,720.5,178.3,fixation
14:13:44.5101,720.0,175.8,fixation
14:13:44.5106,720.2,176.1,fixation
14:13:44.5111,720.6,177.5,fixation
14:13:44.5116,720.6,178.9,fixation
14:13:44.5121,720.0,179.4,fixation
14:13:44.5126,719.3,180.0,fixation
14:13:44.5131,720.4,180.5,fixation
14:13:44.5136,721.7,181.0,fixation
14:13:44.5141,723.1,181.0,fixation
14:13:44.5146,723.3,181.0,fixation
14:13:44.5151,723.3,181.0,fixation
14:13:44.5156,723.1,181.1,fixation
14:13:44.5161,722.8,179.2,fixation
14:13:44.5166,722.8,177.4,fixation
14:13:44.5171,722.8,176.5,fixation
14:13:44.5176,722.6,177.2,fixation
14:13:44.5181,722.3,177.6,fixation
14:13:44.5186,722.0,177.1,fixation
14:13:44.5191,721.8,178.2,fixation
14:13:44.5196,720.8,179.6,fixation
14:13:44.5201,719.8,181.1,fixation
14:13:44.5206,718.8,181.1,fixation
14:13:44.5211,719.1,181.1,fixation
14:13:44.5216,719.7,180.9,fixation
14:13:44.5221,720.8,180.7,fixation
14:13:44.5226,721.7,180.2,fixation
14:13:44.5231,722.2,180.0,fixation
14:13:44.5236,721.7,179.8,fixation
14:13:44.5241,721.1,179.8,fixation
14:13:44.5246,720.6,181.1,fixation
14:13:44.5251,720.8,182.3,fixation
14:13:44.5256,721.1,182.1,fixation
14:13:44.5261,721.3,180.6,fixation
14:13:44.5266,722.7,178.9,fixation
14:13:44.5271,723.9,178.8,fixation
14:13:44.5276,723.6,178.4,fixation
14:13:44.5281,722.0,178.3,fixation
14:13:44.5286,720.2,179.1,fixation
14:13:44.5291,719.5,180.0,fixation
14:13:44.5296,718.9,180.9,fixation
14:13:44.5301,718.8,181.1,fixation
14:13:44.5306,719.4,181.2,fixation
14:13:44.5311,721.3,180.8,fixation
14:13:44.5316,723.0,180.1,fixation
14:13:44.5321,723.5,179.5,fixation
14:13:44.5326,722.6,179.4,fixation
14:13:44.5331,721.7,179.5,fixation
14:13:44.5336,721.7,179.5,fixation
14:13:44.5341,721.7,178.8,fixation
14:13:44.5346,721.8,178.2,fixation
14:13:44.5351,721.9,177.4,fixation
14:13:44.5356,722.0,177.0,fixation
14:13:44.5361,721.5,176.6,fixation
14:13:44.5366,721.0,177.0,fixation
14:13:44.5371,722.1,177.6,fixation
14:13:44.5376,723.7,177.3,fixation
14:13:44.5381,724.1,176.6,fixation
14:13:44.5386,722.9,177.0,fixation
14:13:44.5391,721.5,178.3,fixation
14:13:44.5396,721.6,179.8,fixation
14:13:44.5401,721.8,180.2,fixation
14:13:44.5406,721.4,180.5,fixation
14:13:44.5411,720.7,180.3,fixation
14:13:44.5416,720.4,179.6,fixation
14:13:44.5421,720.9,177.1,fixation
14:13:44.5426,721.2,175.0,fixation
14:13:44.5431,721.0,175.5,fixation
14:13:44.5436,720.9,177.6,fixation
14:13:44.5441,721.5,178.8,fixation
14:13:44.5446,722.2,177.7,fixation
14:13:44.5451,723.0,176.8,fixation
14:13:44.5456,723.3,177.0,fixation
14:13:44.5461,722.9,177.9,fixation
14:13:44.5466,722.0,178.6,fixation
14:13:44.5471,722.1,178.1,fixation
14:13:44.5476,722.8,177.0,fixation
14:13:44.5481,723.6,176.6,fixation
14:13:44.5486,723.4,177.3,fixation
14:13:44.5491,723.0,177.3,fixation
14:13:44.5496,722.7,176.7,fixation
14:13:44.5501,722.3,176.9,fixation
14:13:44.5506,722.3,177.7,fixation
14:13:44.5511,722.3,177.1,fixation
14:13:44.5516,722.4,175.7,fixation
14:13:44.5521,723.5,175.8,fixation
14:13:44.5526,724.5,177.4,fixation
14:13:44.5531,725.4,178.9,fixation
14:13:44.5536,725.1,179.0,fixation
14:13:44.5541,724.4,177.5,fixation
14:13:44.5546,723.8,175.9,fixation
14:13:44.5551,723.3,174.5,fixation
14:13:44.5556,723.6,174.9,fixation
14:13:44.5561,723.6,177.0,fixation
14:13:44.5566,723.7,178.8,fixation
14:13:44.5571,723.7,180.7,fixation
14:13:44.5576,723.8,180.9,fixation
14:13:44.5581,723.9,181.1,fixation
14:13:44.5586,723.7,181.0,fixation
14:13:44.5591,723.7,178.6,fixation
14:13:44.5596,723.7,176.2,fixation
14:13:44.5601,724.1,176.4,fixation
14:13:44.5606,724.3,179.0,fixation
14:13:44.5611,722.9,181.8,fixation
14:13:44.5616,721.8,181.9,fixation
14:13:44.5621,721.0,182.1,fixation
14:13:44.5626,723.0,182.1,fixation
14:13:44.5631,724.5,182.3,fixation
14:13:44.5636,725.0,182.5,fixation
14:13:44.5641,724.3,181.9,fixation
14:13:44.5646,723.9,181.5,fixation
14:13:44.5651,724.1,181.1,fixation
14:13:44.5656,724.8,181.6,fixation
14:13:44.5661,725.2,181.7,fixation
14:13:44.5666,725.5,182.1,fixation
14:13:44.5671,725.1,182.5,fixation
14:13:44.5676,724.9,182.6,fixation
14:13:44.5681,725.0,182.3,fixation
14:13:44.5686,725.2,182.1,fixation
14:13:44.5691,725.5,182.0,fixation
14:13:44.5696,725.8,180.7,fixation
14:13:44.5701,725.4,179.3,fixation
14:13:44.5706,724.6,177.9,fixation
14:13:44.5711,723.7,177.9,fixation
14:13:44.5716,723.5,177.7,fixation
14:13:44.5721,723.6,177.6,fixation
14:13:44.5726,724.0,178.1,fixation
14:13:44.5731,724.1,180.9,fixation
14:13:44.5736,723.8,183.7,fixation
14:13:44.5741,723.1,185.1,fixation
14:13:44.5746,722.8,184.0,fixation
14:13:44.5751,723.0,181.6,fixation
14:13:44.5756,723.3,179.8,fixation
14:13:44.5761,723.6,178.6,fixation
14:13:44.5766,723.9,178.7,fixation
14:13:44.5771,723.6,178.3,fixation
14:13:44.5776,723.1,177.8,fixation
14:13:44.5781,722.5,176.7,fixation
14:13:44.5786,722.4,176.2,fixation
14:13:44.5791,722.2,175.5,fixation
14:13:44.5796,722.0,175.2,fixation
14:13:44.5801,722.5,175.1,fixation
14:13:44.5806,723.5,175.0,fixation
14:13:44.5811,724.5,174.8,fixation
14:13:44.5816,724.7,174.5,fixation
14:13:44.5821,725.0,174.8,fixation
14:13:44.5826,725.3,176.1,fixation
14:13:44.5831,724.9,177.3,fixation
14:13:44.5836,724.1,178.0,fixation
14:13:44.5841,724.0,178.0,fixation
14:13:44.5846,724.6,178.0,fixation
14:13:44.5851,724.2,177.7,fixation
14:13:44.5856,723.3,177.0,fixation
14:13:44.5861,722.8,176.2,fixation
14:13:44.5866,723.3,175.6,fixation
14:13:44.5871,723.7,175.4,fixation
14:13:44.5876,723.4,175.0,fixation
14:13:44.5881,723.2,174.8,fixation
14:13:44.5886,722.9,176.0,fixation
14:13:44.5891,723.4,177.7,fixation
14:13:44.5896,724.0,179.3,fixation
14:13:44.5901,724.6,179.3,fixation
14:13:44.5906,724.8,177.7,fixation
14:13:44.5911,724.0,176.1,fixation
14:13:44.5916,723.2,174.6,fixation
14:13:44.5921,722.7,175.3,fixation
14:13:44.5926,723.5,175.9,fixation
14:13:44.5931,724.3,176.5,fixation
14:13:44.5936,722.9,177.0,fixation
14:13:44.5941,721.1,178.0,fixation
14:13:44.5946,719.4,179.1,fixation
14:13:44.5951,719.9,179.4,fixation
14:13:44.5956,720.5,179.2,fixation
14:13:44.5961,720.8,179.8,fixation
14:13:44.5966,720.9,180.5,fixation
14:13:44.5971,720.9,180.9,fixation
14:13:44.5976,721.5,180.4,fixation
14:13:44.5981,722.1,180.0,fixation
14:13:44.5986,721.9,179.4,fixation
14:13:44.5991,721.3,178.9,fixation
14:13:44.5996,721.4,178.4,fixation
14:13:44.6001,722.1,178.5,fixation
14:13:44.6006,722.9,178.8,fixation
14:13:44.6011,723.1,178.9,fixation
14:13:44.6016,723.6,178.5,fixation
14:13:44.6021,724.2,177.7,fixation
14:13:44.6026,723.9,177.1,fixation
14:13:44.6031,723.3,177.8,fixation
14:13:44.6036,722.5,178.6,fixation
14:13:44.6041,722.2,179.1,fixation
14:13:44.6046,722.6,178.8,fixation
14:13:44.6051,723.1,179.6,fixation
14:13:44.6056,724.5,180.6,fixation
14:13:44.6061,725.5,181.2,fixation
14:13:44.6066,725.8,180.8,fixation
14:13:44.6071,725.2,180.3,fixation
14:13:44.6076,725.5,179.6,fixation
14:13:44.6081,726.5,178.3,fixation
14:13:44.6086,726.5,177.2,fixation
14:13:44.6091,725.5,178.1,fixation
14:13:44.6096,725.7,179.7,fixation
14:13:44.6101,727.0,180.6,fixation
14:13:44.6106,726.9,179.9,fixation
14:13:44.6111,725.5,179.3,fixation
14:13:44.6116,725.0,179.3,fixation
14:13:44.6121,726.0,179.4,fixation
14:13:44.6126,726.7,179.4,fixation
14:13:44.6131,726.1,179.0,fixation
14:13:44.6136,726.0,178.6,fixation
14:13:44.6141,726.1,178.3,fixation
14:13:44.6146,726.3,178.2,fixation
14:13:44.6151,725.6,178.4,fixation
14:13:44.6156,724.9,179.0,fixation
14:13:44.6161,724.6,179.6,fixation
14:13:44.6166,724.6,180.2,fixation
14:13:44.6171,724.7,180.4,fixation
14:13:44.6176,724.8,178.9,fixation
14:13:44.6181,724.9,177.2,fixation
14:13:44.6186,724.8,175.4,fixation
14:13:44.6191,724.7,175.2,fixation
14:13:44.6196,725.4,175.1,fixation
14:13:44.6201,726.1,176.4,fixation
14:13:44.6206,726.2,177.8,fixation
14:13:44.6211,725.3,179.7,fixation
14:13:44.6216,724.4,180.5,fixation
14:13:44.6221,724.2,181.3,fixation
14:13:44.6226,724.0,181.1,fixation
14:13:44.6231,724.0,180.6,fixation
14:13:44.6236,725.4,179.0,fixation
14:13:44.6241,726.6,178.5,fixation
14:13:44.6246,728.1,177.9,fixation
14:13:44.6251,728.3,178.4,fixation
14:13:44.6256,727.2,179.2,fixation
14:13:44.6261,726.0,179.9,fixation
14:13:44.6266,724.7,180.5,fixation
14:13:44.6271,724.7,180.1,fixation
14:13:44.6276,724.5,181.2,fixation
14:13:44.6281,724.1,182.5,fixation
14:13:44.6286,723.8,182.1,fixation
14:13:44.6291,723.8,180.4,fixation
14:13:44.6296,724.3,178.8,fixation
14:13:44.6301,724.6,178.9,fixation
14:13:44.6306,724.8,178.5,fixation
14:13:44.6311,724.2,178.1,fixation
14:13:44.6316,723.5,178.6,fixation
14:13:44.6321,722.8,179.7,fixation
14:13:44.6326,723.5,180.8,fixation
14:13:44.6331,724.4,180.8,fixation
14:13:44.6336,725.0,180.6,fixation
14:13:44.6341,724.8,180.4,fixation
14:13:44.6346,724.5,180.3,fixation
14:13:44.6351,724.4,180.2,fixation
14:13:44.6356,724.3,180.6,fixation
14:13:44.6361,725.9,181.7,fixation
14:13:44.6366,727.5,183.0,fixation
14:13:44.6371,728.1,182.5,fixation
14:13:44.6376,727.1,181.1,fixation
14:13:44.6381,726.2,179.6,fixation
14:13:44.6386,726.3,179.2,fixation
14:13:44.6391,726.5,179.4,fixation
14:13:44.6396,726.4,179.5,fixation
14:13:44.6401,726.1,179.7,fixation
14:13:44.6406,726.1,180.1,fixation
14:13:44.6411,726.2,180.4,fixation
14:13:44.6416,725.8,180.6,fixation
14:13:44.6421,724.7,180.9,fixation
14:13:44.6426,723.6,181.3,fixation
14:13:44.6431,723.1,182.0,fixation
14:13:44.6436,723.3,182.2,fixation
14:13:44.6441,723.1,182.7,fixation
14:13:44.6446,722.9,183.0,fixation
14:13:44.6451,723.3,183.3,fixation
14:13:44.6456,724.1,183.4,fixation
14:13:44.6461,724.8,183.5,fixation
14:13:44.6466,725.0,183.7,fixation
14:13:44.6471,725.0,183.4,fixation
14:13:44.6476,724.0,182.7,fixation
14:13:44.6481,723.0,181.9,fixation
14:13:44.6486,723.3,183.6,fixation
14:13:44.6491,724.6,185.8,fixation
14:13:44.6496,725.1,186.8,fixation
14:13:44.6501,724.3,185.5,fixation
14:13:44.6506,723.6,183.1,fixation
14:13:44.6511,723.8,181.9,fixation
14:13:44.6516,724.0,180.7,fixation
14:13:44.6521,724.3,180.4,fixation
14:13:44.6526,724.5,179.4,fixation
14:13:44.6531,725.1,178.3,fixation
14:13:44.6536,725.6,177.5,fixation
14:13:44.6541,725.3,177.5,fixation
14:13:44.6546,724.4,177.5,fixation
14:13:44.6551,723.4,179.7,fixation
14:13:44.6556,722.5,181.8,fixation
14:13:44.6561,722.1,182.0,fixation
14:13:44.6566,722.6,180.2,fixation
14:13:44.6571,723.5,178.8,fixation
14:13:44.6576,725.1,179.8,fixation
14:13:44.6581,725.8,181.2,fixation
14:13:44.6586,725.8,182.0,fixation
14:13:44.6591,725.1,182.4,fixation
14:13:44.6596,724.3,182.6,fixation
14:13:44.6601,724.0,182.9,fixation
14:13:44.6606,723.6,184.5,fixation
14:13:44.6611,724.0,186.1,fixation
14:13:44.6616,724.5,187.3,fixation
14:13:44.6621,725.2,186.9,fixation
14:13:44.6626,725.0,186.4,fixation
14:13:44.6631,724.7,186.3,fixation
14:13:44.6636,724.6,186.1,fixation
14:13:44.6641,724.7,185.3,fixation
14:13:44.6646,724.8,182.6,fixation
14:13:44.6651,725.2,180.2,fixation
14:13:44.6656,725.7,177.8,fixation
14:13:44.6661,726.1,177.3,fixation
14:13:44.6666,726.1,178.5,fixation
14:13:44.6671,725.5,180.3,fixation
14:13:44.6676,724.5,182.2,fixation
14:13:44.6681,723.6,182.9,fixation
14:13:44.6686,723.2,183.3,fixation
14:13:44.6691,723.3,183.8,fixation
14:13:44.6696,723.4,184.2,fixation
14:13:44.6701,723.5,184.6,fixation
14:13:44.6706,723.1,185.4,fixation
14:13:44.6711,722.7,185.7,fixation
14:13:44.6716,722.4,185.3,fixation
14:13:44.6721,722.5,184.4,fixation
14:13:44.6726,722.6,183.2,fixation
14:13:44.6731,722.7,182.6,fixation
14:13:44.6736,723.0,182.2,fixation
14:13:44.6741,723.7,181.7,fixation
14:13:44.6746,724.8,181.2,fixation
14:13:44.6751,725.5,181.2,fixation
14:13:44.6756,726.2,182.2,fixation
14:13:44.6761,726.3,183.2,fixation
14:13:44.6766,726.3,183.8,fixation
14:13:44.6771,726.1,183.9,fixation
14:13:44.6776,726.1,184.2,fixation
14:13:44.6781,725.4,184.5,fixation
14:13:44.6786,724.5,183.6,fixation
14:13:44.6791,723.1,182.6,fixation
14:13:44.6796,722.1,181.5,fixation
14:13:44.6801,721.2,181.3,fixation
14:13:44.6806,721.0,182.5,fixation
14:13:44.6811,721.5,183.9,fixation
14:13:44.6816,721.9,185.0,fixation
14:13:44.6821,722.3,184.4,fixation
14:13:44.6826,722.5,183.3,fixation
14:13:44.6831,722.7,182.5,fixation
14:13:44.6836,722.8,181.9,fixation
14:13:44.6841,722.9,181.7,fixation
14:13:44.6846,722.0,181.7,fixation
14:13:44.6851,721.0,181.8,fixation
14:13:44.6856,721.1,182.3,fixation
14:13:44.6861,722.8,182.6,fixation
14:13:44.6866,724.6,183.0,fixation
14:13:44.6871,725.2,184.3,fixation
14:13:44.6876,726.6,185.5,fixation
14:13:44.6881,727.8,186.8,fixation
14:13:44.6886,727.7,186.6,fixation
14:13:44.6891,726.5,186.3,fixation
14:13:44.6896,725.0,185.9,fixation
14:13:44.6901,724.6,185.7,fixation
14:13:44.6906,724.2,185.7,fixation
14:13:44.6911,724.1,186.0,fixation
14:13:44.6916,725.0,187.2,fixation
14:13:44.6921,726.0,188.4,fixation
14:13:44.6926,727.1,188.6,fixation
14:13:44.6931,727.5,186.6,fixation
14:13:44.6936,728.0,184.7,fixation
14:13:44.6941,727.6,183.5,fixation
14:13:44.6946,726.7,183.8,fixation
14:13:44.6951,725.3,184.1,fixation
14:13:44.6956,724.3,184.4,fixation
14:13:44.6961,723.3,184.4,fixation
14:13:44.6966,723.0,183.4,fixation
14:13:44.6971,723.0,182.3,fixation
14:13:44.6976,723.7,182.6,fixation
14:13:44.6981,724.3,184.1,fixation
14:13:44.6986,724.9,185.6,fixation
14:13:44.6991,724.9,185.6,fixation
14:13:44.6996,723.8,184.6,fixation
14:13:44.7001,722.8,183.7,fixation
14:13:44.7006,722.4,182.9,fixation
14:13:44.7011,723.1,183.0,fixation
14:13:44.7016,722.8,183.2,fixation
14:13:44.7021,722.0,183.3,fixation
14:13:44.7026,721.4,183.5,fixation
14:13:44.7031,721.8,183.7,fixation
14:13:44.7036,721.7,183.9,fixation
14:13:44.7041,721.3,184.1,fixation
14:13:44.7046,720.8,182.7,fixation
14:13:44.7051,720.5,181.2,fixation
14:13:44.7056,720.4,180.5,fixation
14:13:44.7061,720.2,182.4,fixation
14:13:44.7066,721.7,184.2,fixation
14:13:44.7071,723.3,185.1,fixation
14:13:44.7076,724.7,185.1,fixation
14:13:44.7081,724.5,185.2,fixation
14:13:44.7086,724.2,185.1,fixation
14:13:44.7091,723.9,184.9,fixation
14:13:44.7096,723.9,185.4,fixation
14:13:44.7101,724.0,186.0,fixation
14:13:44.7106,723.3,186.4,fixation
14:13:44.7111,722.8,184.2,fixation
14:13:44.7116,722.3,182.1,fixation
14:13:44.7121,723.4,181.6,fixation
14:13:44.7126,724.1,182.9,fixation
14:13:44.7131,724.6,184.3,fixation
14:13:44.7136,724.1,184.5,fixation
14:13:44.7141,723.8,184.8,fixation
14:13:44.7146,723.6,185.5,fixation
14:13:44.7151,724.9,186.0,fixation
14:13:44.7156,726.1,186.8,fixation
14:13:44.7161,727.3,187.1,fixation
14:13:44.7166,727.1,186.6,fixation
14:13:44.7171,727.2,186.0,fixation
14:13:44.7176,727.8,185.5,fixation
14:13:44.7181,728.0,185.7,fixation
14:13:44.7186,727.2,185.6,fixation
14:13:44.7191,726.3,183.5,fixation
14:13:44.7196,725.9,181.4,fixation
14:13:44.7201,726.6,180.3,fixation
14:13:44.7206,727.2,181.5,fixation
14:13:44.7211,726.8,182.8,fixation
14:13:44.7216,726.1,183.8,fixation
14:13:44.7221,725.2,185.1,fixation
14:13:44.7226,725.1,186.3,fixation
14:13:44.7231,723.9,187.0,fixation
14:13:44.7236,722.7,187.0,fixation
14:13:44.7241,721.6,187.3,fixation
14:13:44.7246,721.5,187.5,fixation
14:13:44.7251,721.4,187.3,fixation
14:13:44.7256,720.6,186.9,fixation
14:13:44.7261,720.1,186.2,fixation
14:13:44.7266,719.8,185.6,fixation
14:13:44.7271,720.4,185.4,fixation
14:13:44.7276,722.6,185.5,fixation
14:13:44.7281,724.5,185.8,fixation
14:13:44.7286,725.7,186.5,fixation
14:13:44.7291,725.7,187.2,fixation
14:13:44.7296,725.8,187.9,fixation
14:13:44.7301,725.4,187.9,fixation
14:13:44.7306,724.4,188.4,fixation
14:13:44.7311,723.3,189.1,fixation
14:13:44.7316,723.4,188.2,fixation
14:13:44.7321,723.7,187.0,fixation
14:13:44.7326,724.0,185.9,fixation
14:13:44.7331,723.4,186.2,fixation
14:13:44.7336,722.3,186.5,fixation
14:13:44.7341,721.1,186.9,fixation
14:13:44.7346,720.7,187.3,fixation
14:13:44.7351,720.6,187.3,fixation
14:13:44.7356,719.8,187.2,fixation
14:13:44.7361,719.1,187.2,fixation
14:13:44.7366,719.1,187.1,fixation
14:13:44.7371,720.3,186.8,fixation
14:13:44.7376,721.5,186.6,fixation
14:13:44.7381,721.8,186.4,fixation
14:13:44.7386,721.7,186.0,fixation
14:13:44.7391,721.5,185.7,fixation
14:13:44.7396,721.8,185.3,fixation
14:13:44.7401,722.0,185.3,fixation
14:13:44.7406,722.5,185.5,fixation
14:13:44.7411,723.5,185.8,fixation
14:13:44.7416,724.5,186.2,fixation
14:13:44.7421,725.2,186.4,fixation
14:13:44.7426,725.4,186.6,fixation
14:13:44.7431,725.4,186.6,fixation
14:13:44.7436,724.9,186.6,fixation
14:13:44.7441,724.3,187.1,fixation
14:13:44.7446,723.4,187.7,fixation
14:13:44.7451,722.9,188.4,fixation
14:13:44.7456,722.3,188.4,fixation
14:13:44.7461,722.1,185.8,fixation
14:13:44.7466,722.2,183.2,fixation
14:13:44.7471,721.5,180.4,fixation
14:13:44.7476,720.6,180.2,fixation
14:13:44.7481,721.0,181.2,fixation
14:13:44.7486,722.3,182.5,fixation
14:13:44.7491,722.2,184.5,fixation
14:13:44.7496,720.9,184.7,fixation
14:13:44.7501,720.7,184.3,fixation
14:13:44.7506,721.9,183.1,fixation
14:13:44.7511,722.8,183.3,fixation
14:13:44.7516,722.6,184.2,fixation
14:13:44.7521,722.6,185.1,fixation
14:13:44.7526,722.7,185.2,fixation
14:13:44.7531,721.8,186.0,fixation
14:13:44.7536,720.8,186.7,fixation
14:13:44.7541,720.7,187.1,fixation
14:13:44.7546,721.7,186.8,fixation
14:13:44.7551,722.6,186.7,fixation
14:13:44.7556,722.2,186.8,fixation
14:13:44.7561,721.7,187.0,fixation
14:13:44.7566,721.3,187.2,fixation
14:13:44.7571,721.2,187.6,fixation
14:13:44.7576,720.8,188.0,fixation
14:13:44.7581,720.4,186.7,fixation
14:13:44.7586,720.2,185.3,fixation
14:13:44.7591,721.0,183.9,fixation
14:13:44.7596,721.9,184.0,fixation
14:13:44.7601,722.7,184.4,fixation
14:13:44.7606,723.0,184.8,fixation
14:13:44.7611,723.2,185.2,fixation
14:13:44.7616,723.0,185.4,fixation
14:13:44.7621,722.5,185.6,fixation
14:13:44.7626,721.8,186.0,fixation
14:13:44.7631,721.7,186.2,fixation
14:13:44.7636,721.5,186.4,fixation
14:13:44.7641,721.5,186.6,fixation
14:13:44.7646,721.4,187.3,fixation
14:13:44.7651,721.6,188.0,fixation
14:13:44.7656,722.0,187.9,fixation
14:13:44.7661,722.0,187.0,fixation
14:13:44.7666,721.7,186.2,fixation
14:13:44.7671,721.5,186.1,fixation
14:13:44.7676,721.6,185.9,fixation
14:13:44.7681,721.7,185.4,fixation
14:13:44.7686,721.5,184.2,fixation
14:13:44.7691,721.4,183.3,fixation
14:13:44.7696,721.3,183.9,fixation
14:13:44.7701,721.3,185.1,fixation
14:13:44.7706,721.3,186.4,fixation
14:13:44.7711,721.4,186.9,fixation
14:13:44.7716,721.7,187.4,fixation
14:13:44.7721,722.0,188.0,fixation
14:13:44.7726,722.2,187.3,fixation
14:13:44.7731,722.2,186.9,fixation
14:13:44.7736,722.0,186.5,fixation
14:13:44.7741,721.9,186.8,fixation
14:13:44.7746,722.1,187.3,fixation
14:13:44.7751,722.4,187.7,fixation
14:13:44.7756,723.1,187.3,fixation
14:13:44.7761,723.4,186.5,fixation
14:13:44.7766,723.9,185.9,fixation
14:13:44.7771,724.0,186.0,fixation
14:13:44.7776,723.6,185.9,fixation
14:13:44.7781,723.5,185.5,fixation
14:13:44.7786,723.3,185.2,fixation
14:13:44.7791,723.6,185.4,fixation
14:13:44.7796,723.9,185.8,fixation
14:13:44.7801,724.3,187.2,fixation
14:13:44.7806,724.6,188.4,fixation
14:13:44.7811,724.6,190.2,fixation
14:13:44.7816,724.5,191.0,fixation
14:13:44.7821,724.0,192.1,fixation
14:13:44.7826,723.5,192.9,fixation
14:13:44.7831,723.0,193.5,fixation
14:13:44.7836,723.2,192.0,fixation
14:13:44.7841,723.3,190.1,fixation
14:13:44.7846,721.9,189.0,fixation
14:13:44.7851,720.5,189.8,fixation
14:13:44.7856,719.3,189.0,fixation
14:13:44.7861,719.6,187.5,fixation
14:13:44.7866,720.1,186.3,fixation
14:13:44.7871,720.8,187.1,fixation
14:13:44.7876,721.2,188.7,fixation
14:13:44.7881,721.6,190.0,fixation
14:13:44.7886,721.7,190.7,fixation
14:13:44.7891,721.9,189.9,fixation
14:13:44.7896,722.1,189.2,fixation
14:13:44.7901,722.0,190.2,fixation
14:13:44.7906,721.4,191.9,fixation
14:13:44.7911,720.9,192.3,fixation
14:13:44.7916,720.9,191.3,fixation
14:13:44.7921,721.2,190.4,fixation
14:13:44.7926,721.5,191.0,fixation
14:13:44.7931,721.3,191.1,fixation
14:13:44.7936,721.1,191.0,fixation
14:13:44.7941,721.1,190.6,fixation
14:13:44.7946,721.4,190.2,fixation
14:13:44.7951,721.6,189.7,fixation
14:13:44.7956,721.7,189.4,fixation
14:13:44.7961,721.8,189.2,fixation
14:13:44.7966,721.8,190.0,fixation
14:13:44.7971,721.9,190.7,fixation
14:13:44.7976,722.1,192.0,fixation
14:13:44.7981,722.1,192.6,fixation
14:13:44.7986,721.9,193.2,fixation
14:13:44.7991,721.5,193.3,fixation
14:13:44.7996,722.1,193.2,fixation
14:13:44.8001,722.8,193.0,fixation
14:13:44.8006,723.5,193.1,fixation
14:13:44.8011,723.9,193.3,fixation
14:13:44.8016,724.3,193.5,fixation
14:13:44.8021,724.8,193.4,fixation
14:13:44.8026,724.6,194.6,fixation
14:13:44.8031,724.4,195.8,fixation
14:13:44.8036,723.2,197.0,fixation
14:13:44.8041,722.1,198.4,fixation
14:13:44.8046,721.1,199.8,fixation
14:13:44.8051,721.2,201.0,fixation
14:13:44.8056,721.3,200.9,fixation
14:13:44.8061,722.2,200.7,fixation
14:13:44.8066,723.1,200.5,fixation
14:13:44.8071,723.7,200.3,fixation
14:13:44.8076,723.3,200.3,fixation
14:13:44.8081,723.0,198.9,fixation
14:13:44.8086,723.0,197.4,fixation
14:13:44.8091,723.0,197.8,fixation
14:13:44.8096,721.9,199.7,fixation
14:13:44.8101,720.5,202.2,fixation
14:13:44.8106,719.1,203.6,fixation
14:13:44.8111,718.6,204.9,fixation
14:13:44.8116,718.3,207.0,fixation
14:13:44.8121,719.6,209.6,saccade
14:13:44.8126,721.2,209.3,saccade
14:13:44.8131,722.9,207.9,saccade
14:13:44.8136,723.1,206.8,saccade
14:13:44.8141,723.2,207.0,saccade
14:13:44.8146,721.7,209.0,saccade
14:13:44.8151,720.2,211.1,saccade
14:13:44.8156,719.1,212.0,saccade
14:13:44.8161,719.5,212.5,saccade
14:13:44.8166,719.3,213.2,saccade
14:13:44.8171,718.5,216.1,saccade
14:13:44.8176,717.8,218.7,saccade
14:13:44.8181,717.7,221.4,saccade
14:13:44.8186,717.7,221.7,saccade
14:13:44.8191,717.5,222.1,saccade
14:13:44.8196,717.3,222.2,saccade
14:13:44.8201,717.1,222.5,saccade
14:13:44.8206,716.7,223.9,saccade
14:13:44.8211,716.0,226.4,saccade
14:13:44.8216,715.6,229.2,saccade
14:13:44.8221,715.2,232.4,saccade
14:13:44.8226,714.3,234.4,saccade
14:13:44.8231,713.3,235.3,saccade
14:13:44.8236,712.8,234.5,saccade
14:13:44.8241,713.1,233.8,saccade
14:13:44.8246,713.4,233.8,saccade
14:13:44.8251,712.1,233.8,saccade
14:13:44.8256,710.7,234.3,saccade
14:13:44.8261,709.4,235.8,saccade
14:13:44.8266,709.2,239.2,saccade
14:13:44.8271,708.9,243.0,saccade
14:13:44.8276,708.9,246.2,saccade
14:13:44.8281,709.1,247.7,saccade
14:13:44.8286,709.2,251.0,saccade
14:13:44.8291,709.1,254.1,saccade
14:13:44.8296,708.9,257.7,saccade
14:13:44.8301,709.8,263.9,saccade
14:13:44.8306,711.1,270.8,saccade
14:13:44.8311,713.7,277.6,saccade
14:13:44.8316,716.9,288.0,saccade
14:13:44.8321,722.2,303.8,saccade
14:13:44.8326,726.7,319.4,saccade
14:13:44.8331,734.2,332.1,saccade
14:13:44.8336,743.7,346.8,saccade
14:13:44.8341,760.8,380.7,saccade
14:13:44.8346,775.1,414.7,saccade
14:13:44.8351,784.4,455.7,saccade
14:13:44.8356,783.0,522.2,saccade
14:13:44.8361,781.3,589.5,saccade
14:13:44.8366,781.0,654.3,saccade
14:13:44.8371,785.6,685.8,saccade
14:13:44.8376,790.1,716.8,saccade
14:13:44.8381,.,.,blink
14:13:44.8386,.,.,blink
14:13:44.8391,.,.,blink
14:13:44.8396,.,.,blink
14:13:44.8401,.,.,blink
14:13:44.8406,.,.,blink
14:13:44.8411,.,.,blink
14:13:44.8416,.,.,blink
14:13:44.8421,.,.,blink
14:13:44.8426,.,.,blink
14:13:44.8431,.,.,blink
14:13:44.8436,.,.,blink
14:13:44.8441,.,.,blink
14:13:44.8446,.,.,blink
14:13:44.8451,.,.,blink
14:13:44.8456,.,.,blink
14:13:44.8461,.,.,blink
14:13:44.8466,.,.,blink
14:13:44.8471,.,.,blink
14:13:44.8476,.,.,blink
14:13:44.8481,.,.,blink
14:13:44.8486,.,.,blink
14:13:44.8491,.,.,blink
14:13:44.8496,.,.,blink
14:13:44.8501,.,.,blink
14:13:44.8506,.,.,blink
14:13:44.8511,.,.,blink
14:13:44.8516,.,.,blink
14:13:44.8521,.,.,blink
14:13:44.8526,.,.,blink
14:13:44.8531,.,.,blink
14:13:44.8536,.,.,blink
14:13:44.8541,.,.,blink
14:13:44.8546,.,.,blink
14:13:44.8551,.,.,blink
14:13:44.8556,.,.,blink
14:13:44.8561,.,.,blink
14:13:44.8566,.,.,blink
14:13:44.8571,.,.,blink
14:13:44.8576,.,.,blink
14:13:44.8581,.,.,blink
14:13:44.8586,.,.,blink
14:13:44.8591,.,.,blink
14:13:44.8596,.,.,blink
14:13:44.8601,.,.,blink
14:13:44.8606,.,.,blink
14:13:44.8611,.,.,blink
14:13:44.8616,.,.,blink
14:13:44.8621,.,.,blink
14:13:44.8626,.,.,blink
14:13:44.8631,.,.,blink
14:13:44.8636,.,.,blink
14:13:44.8641,.,.,blink
14:13:44.8646,.,.,blink
14:13:44.8651,.,.,blink
14:13:44.8656,.,.,blink
14:13:44.8661,.,.,blink
14:13:44.8666,.,.,blink
14:13:44.8671,.,.,blink
14:13:44.8676,.,.,blink
14:13:44.8681,.,.,blink
14:13:44.8686,.,.,blink
14:13:44.8691,.,.,blink
14:13:44.8696,.,.,blink
14:13:44.8701,.,.,blink
14:13:44.8706,.,.,blink
14:13:44.8711,.,.,blink
14:13:44.8716,.,.,blink
14:13:44.8721,.,.,blink
14:13:44.8726,.,.,blink
14:13:44.8731,.,.,blink
14:13:44.8736,.,.,blink
14:13:44.8741,.,.,blink
14:13:44.8746,.,.,blink
14:13:44.8751,.,.,blink
14:13:44.8756,.,.,blink
14:13:44.8761,.,.,blink
14:13:44.8766,.,.,blink
14:13:44.8771,.,.,blink
14:13:44.8776,.,.,blink
14:13:44.8781,.,.,blink
14:13:44.8786,.,.,blink
14:13:44.8791,.,.,blink
14:13:44.8796,.,.,blink
14:13:44.8801,.,.,blink
14:13:44.8806,.,.,blink
14:13:44.8811,.,.,blink
14:13:44.8816,.,.,blink
14:13:44.8821,.,.,blink
14:13:44.8826,.,.,blink
14:13:44.8831,.,.,blink
14:13:44.8836,.,.,blink
14:13:44.8841,.,.,blink
14:13:44.8846,.,.,blink
14:13:44.8851,.,.,blink
14:13:44.8856,.,.,blink
14:13:44.8861,.,.,blink
14:13:44.8866,.,.,blink
14:13:44.8871,.,.,blink
14:13:44.8876,.,.,blink
14:13:44.8881,.,.,blink
14:13:44.8886,.,.,blink
14:13:44.8891,.,.,blink
14:13:44.8896,.,.,blink
14:13:44.8901,.,.,blink
14:13:44.8906,.,.,blink
14:13:44.8911,.,.,blink
14:13:44.8916,.,.,blink
14:13:44.8921,.,.,blink
14:13:44.8926,.,.,blink
14:13:44.8931,.,.,blink
14:13:44.8936,.,.,blink
14:13:44.8941,.,.,blink
14:13:44.8946,.,.,blink
14:13:44.8951,.,.,blink
14:13:44.8956,.,.,blink
14:13:44.8961,.,.,blink
14:13:44.8966,.,.,blink
14:13:44.8971,.,.,blink
14:13:44.8976,.,.,blink
14:13:44.8981,.,.,blink
14:13:44.8986,.,.,blink
14:13:44.8991,.,.,blink
14:13:44.8996,.,.,blink
14:13:44.9001,.,.,blink
14:13:44.9006,.,.,blink
14:13:44.9011,.,.,blink
14:13:44.9016,.,.,blink
14:13:44.9021,.,.,blink
14:13:44.9026,.,.,blink
14:13:44.9031,.,.,blink
14:13:44.9036,.,.,blink
14:13:44.9041,.,.,blink
14:13:44.9046,.,.,blink
14:13:44.9051,.,.,blink
14:13:44.9056,.,.,blink
14:13:44.9061,.,.,blink
14:13:44.9066,.,.,blink
14:13:44.9071,.,.,blink
14:13:44.9076,.,.,blink
14:13:44.9081,.,.,blink
14:13:44.9086,.,.,blink
14:13:44.9091,.,.,blink
14:13:44.9096,.,.,blink
14:13:44.9101,.,.,blink
14:13:44.9106,.,.,blink
14:13:44.9111,.,.,blink
14:13:44.9116,.,.,blink
14:13:44.9121,.,.,blink
14:13:44.9126,824.6,194.3,fixation
14:13:44.9131,823.3,192.5,fixation
14:13:44.9136,823.3,192.6,fixation
14:13:44.9141,823.4,192.9,fixation
14:13:44.9146,823.5,193.2,fixation
14:13:44.9151,823.4,193.5,fixation
14:13:44.9156,822.8,194.2,fixation
14:13:44.9161,822.5,194.5,fixation
14:13:44.9166,822.5,194.6,fixation
14:13:44.9171,823.2,193.2,fixation
14:13:44.9176,823.5,192.0,fixation
14:13:44.9181,823.2,191.0,fixation
14:13:44.9186,822.6,190.0,fixation
14:13:44.9191,822.0,188.9,fixation
14:13:44.9196,822.1,188.9,fixation
14:13:44.9201,821.2,189.8,fixation
14:13:44.9206,820.4,190.1,fixation
14:13:44.9211,820.4,188.7,fixation
14:13:44.9216,821.3,187.3,fixation
14:13:44.9221,821.8,186.4,fixation
14:13:44.9226,821.5,186.0,fixation
14:13:44.9231,821.2,185.4,fixation
14:13:44.9236,821.0,184.7,fixation
14:13:44.9241,819.8,183.6,fixation
14:13:44.9246,818.5,182.8,fixation
14:13:44.9251,817.7,182.3,fixation
14:13:44.9256,817.9,182.3,fixation
14:13:44.9261,818.3,182.2,fixation
14:13:44.9266,818.8,182.0,fixation
14:13:44.9271,819.2,182.7,fixation
14:13:44.9276,818.6,183.4,fixation
14:13:44.9281,817.7,183.7,fixation
14:13:44.9286,817.2,183.3,fixation
14:13:44.9291,817.5,183.7,fixation
14:13:44.9296,817.3,184.4,fixation
14:13:44.9301,816.8,185.2,fixation
14:13:44.9306,816.2,185.2,fixation
14:13:44.9311,816.1,184.7,fixation
14:13:44.9316,815.4,184.4,fixation
14:13:44.9321,814.6,184.3,fixation
14:13:44.9326,813.8,184.7,fixation
14:13:44.9331,813.7,184.1,fixation
14:13:44.9336,813.8,183.3,fixation
14:13:44.9341,813.8,182.7,fixation
14:13:44.9346,813.8,182.9,fixation
14:13:44.9351,813.9,183.2,fixation
14:13:44.9356,813.9,183.3,fixation
14:13:44.9361,814.3,183.1,fixation
14:13:44.9366,814.6,182.7,fixation
14:13:44.9371,815.0,182.4,fixation
14:13:44.9376,815.3,182.4,fixation
14:13:44.9381,815.9,182.0,fixation
14:13:44.9386,816.6,181.0,fixation
14:13:44.9391,817.2,180.1,fixation
14:13:44.9396,817.0,180.0,fixation
14:13:44.9401,816.2,180.8,fixation
14:13:44.9406,815.4,181.2,fixation
14:13:44.9411,814.9,181.1,fixation
14:13:44.9416,814.9,180.7,fixation
14:13:44.9421,814.9,180.9,fixation
14:13:44.9426,815.0,181.4,fixation
14:13:44.9431,815.2,181.8,fixation
14:13:44.9436,815.4,181.9,fixation
14:13:44.9441,815.5,181.6,fixation
14:13:44.9446,815.5,180.7,fixation
14:13:44.9451,815.5,180.0,fixation
14:13:44.9456,815.4,179.8,fixation
14:13:44.9461,816.0,180.3,fixation
14:13:44.9466,816.5,180.8,fixation
14:13:44.9471,817.2,180.9,fixation
14:13:44.9476,817.4,181.6,fixation
14:13:44.9481,817.6,182.0,fixation
14:13:44.9486,817.6,183.1,fixation
14:13:44.9491,816.8,183.7,fixation
14:13:44.9496,816.4,184.3,fixation
14:13:44.9501,816.1,184.4,fixation
14:13:44.9506,816.6,182.7,fixation
14:13:44.9511,816.9,180.8,fixation
14:13:44.9516,816.8,180.7,fixation
14:13:44.9521,816.5,182.4,fixation
14:13:44.9526,815.8,183.4,fixation
14:13:44.9531,815.3,182.6,fixation
14:13:44.9536,815.9,181.7,fixation
14:13:44.9541,816.8,181.2,fixation
14:13:44.9546,817.7,180.7,fixation
14:13:44.9551,817.9,180.9,fixation
14:13:44.9556,818.2,181.6,fixation
14:13:44.9561,818.2,182.3,fixation
14:13:44.9566,817.8,183.5,fixation
14:13:44.9571,817.2,184.1,fixation
14:13:44.9576,816.8,184.3,fixation
14:13:44.9581,816.7,183.8,fixation
14:13:44.9586,816.6,183.3,fixation
14:13:44.9591,816.4,183.2,fixation
14:13:44.9596,816.4,183.1,fixation
14:13:44.9601,816.7,183.1,fixation
14:13:44.9606,817.2,182.6,fixation
14:13:44.9611,817.3,182.2,fixation
14:13:44.9616,817.4,182.5,fixation
14:13:44.9621,817.6,183.3,fixation
14:13:44.9626,817.6,184.4,fixation
14:13:44.9631,817.7,184.9,fixation
14:13:44.9636,817.4,185.5,fixation
14:13:44.9641,816.9,185.8,fixation
14:13:44.9646,816.7,186.0,fixation
14:13:44.9651,816.9,186.2,fixation
14:13:44.9656,817.4,186.3,fixation
14:13:44.9661,817.4,186.2,fixation
14:13:44.9666,817.4,186.2,fixation
14:13:44.9671,817.4,186.3,fixation
14:13:44.9676,817.1,186.5,fixation
14:13:44.9681,816.5,186.6,fixation
14:13:44.9686,815.9,186.6,fixation
14:13:44.9691,815.5,186.3,fixation
14:13:44.9696,815.4,185.9,fixation
14:13:44.9701,815.2,185.5,fixation
14:13:44.9706,815.1,185.7,fixation
14:13:44.9711,815.1,186.1,fixation
14:13:44.9716,815.3,187.0,fixation
14:13:44.9721,815.5,187.8,fixation
14:13:44.9726,815.3,188.6,fixation
14:13:44.9731,815.0,188.8,fixation
14:13:44.9736,815.1,188.7,fixation
14:13:44.9741,815.1,189.2,fixation
14:13:44.9746,815.2,189.8,fixation
14:13:44.9751,815.5,190.3,fixation
14:13:44.9756,816.2,189.8,fixation
14:13:44.9761,817.1,189.3,fixation
14:13:44.9766,817.3,188.9,fixation
14:13:44.9771,817.2,189.0,fixation
14:13:44.9776,817.7,189.0,fixation
14:13:44.9781,818.5,188.4,fixation
14:13:44.9786,819.0,187.8,fixation
14:13:44.9791,818.5,188.4,fixation
14:13:44.9796,817.9,189.7,fixation
14:13:44.9801,817.5,190.9,fixation
14:13:44.9806,817.3,191.3,fixation
14:13:44.9811,817.1,191.6,fixation
14:13:44.9816,816.8,191.9,fixation
14:13:44.9821,816.7,192.0,fixation
14:13:44.9826,816.9,192.1,fixation
14:13:44.9831,817.2,191.5,fixation
14:13:44.9836,816.5,190.8,fixation
14:13:44.9841,815.5,191.7,fixation
14:13:44.9846,815.5,193.4,fixation
14:13:44.9851,816.6,193.8,fixation
14:13:44.9856,817.9,192.2,fixation
14:13:44.9861,818.0,190.7,fixation
14:13:44.9866,817.4,190.7,fixation
14:13:44.9871,816.8,191.1,fixation
14:13:44.9876,816.2,190.5,fixation
14:13:44.9881,816.3,189.5,fixation
14:13:44.9886,816.4,189.1,fixation
14:13:44.9891,816.1,189.7,fixation
14:13:44.9896,815.7,190.7,fixation
14:13:44.9901,815.2,191.1,fixation
14:13:44.9906,814.9,191.6,fixation
14:13:44.9911,814.5,191.6,fixation
14:13:44.9916,814.2,192.1,fixation
14:13:44.9921,814.1,192.7,fixation
14:13:44.9926,814.5,193.2,fixation
14:13:44.9931,814.8,193.0,fixation
14:13:44.9936,815.2,192.0,fixation
14:13:44.9941,815.4,191.2,fixation
14:13:44.9946,815.9,190.6,fixation
14:13:44.9951,816.2,190.8,fixation
14:13:44.9956,816.4,191.0,fixation
14:13:44.9961,816.2,191.0,fixation
14:13:44.9966,815.4,190.8,fixation
14:13:44.9971,814.9,190.6,fixation
14:13:44.9976,814.8,190.5,fixation
14:13:44.9981,815.5,190.2,fixation
14:13:44.9986,816.1,189.8,fixation
14:13:44.9991,816.3,190.1,fixation
14:13:44.9996,816.4,191.2,fixation
14:13:45.0001,816.3,192.5,fixation
14:13:45.0006,815.6,193.1,fixation
14:13:45.0011,815.1,193.2,fixation
14:13:45.0016,814.6,193.1,fixation
14:13:45.0021,814.8,193.1,fixation
14:13:45.0026,814.4,192.1,fixation
14:13:45.0031,814.0,191.1,fixation
14:13:45.0036,813.3,190.0,fixation
14:13:45.0041,812.7,189.9,fixation
14:13:45.0046,811.9,190.0,fixation
14:13:45.0051,811.4,189.8,fixation
14:13:45.0056,811.3,189.6,fixation
14:13:45.0061,811.3,189.1,fixation
14:13:45.0066,811.2,188.8,fixation
14:13:45.0071,811.1,189.7,fixation
14:13:45.0076,811.0,190.9,fixation
14:13:45.0081,811.2,192.2,fixation
14:13:45.0086,811.7,192.1,fixation
14:13:45.0091,812.3,192.0,fixation
14:13:45.0096,812.9,192.4,fixation
14:13:45.0101,813.1,192.8,fixation
14:13:45.0106,812.8,192.3,fixation
14:13:45.0111,812.4,191.4,fixation
14:13:45.0116,812.1,190.6,fixation
14:13:45.0121,813.9,190.8,fixation
14:13:45.0126,815.7,191.9,fixation
14:13:45.0131,815.4,193.3,fixation
14:13:45.0136,813.4,194.6,fixation
14:13:45.0141,811.3,193.2,fixation
14:13:45.0146,811.1,191.5,fixation
14:13:45.0151,810.9,190.1,fixation
14:13:45.0156,810.6,190.8,fixation
14:13:45.0161,810.2,192.0,fixation
14:13:45.0166,810.1,192.8,fixation
14:13:45.0171,810.0,193.4,fixation
14:13:45.0176,809.4,193.5,fixation
14:13:45.0181,808.8,193.6,fixation
14:13:45.0186,808.1,193.6,fixation
14:13:45.0191,808.1,193.7,fixation
14:13:45.0196,809.4,193.9,fixation
14:13:45.0201,810.7,193.4,fixation
14:13:45.0206,811.9,192.7,fixation
14:13:45.0211,811.7,192.1,fixation
14:13:45.0216,811.5,192.3,fixation
14:13:45.0221,811.0,192.6,fixation
14:13:45.0226,810.6,192.2,fixation
14:13:45.0231,810.1,191.6,fixation
14:13:45.0236,810.9,191.2,fixation
14:13:45.0241,811.3,191.6,fixation
14:13:45.0246,811.8,192.1,fixation
14:13:45.0251,811.5,191.8,fixation
14:13:45.0256,810.6,191.4,fixation
14:13:45.0261,809.8,190.9,fixation
14:13:45.0266,809.0,190.9,fixation
14:13:45.0271,809.2,190.9,fixation
14:13:45.0276,809.2,190.9,fixation
14:13:45.0281,809.2,190.9,fixation
14:13:45.0286,809.1,190.9,fixation
14:13:45.0291,809.6,190.9,fixation
14:13:45.0296,810.1,190.7,fixation
14:13:45.0301,810.7,190.3,fixation
14:13:45.0306,810.5,189.3,fixation
14:13:45.0311,810.1,188.0,fixation
14:13:45.0316,809.6,187.0,fixation
14:13:45.0321,809.4,187.7,fixation
14:13:45.0326,809.4,188.9,fixation
14:13:45.0331,810.2,190.0,fixation
14:13:45.0336,811.0,190.0,fixation
14:13:45.0341,811.2,190.1,fixation
14:13:45.0346,810.5,190.2,fixation
14:13:45.0351,810.6,190.4,fixation
14:13:45.0356,811.4,190.7,fixation
14:13:45.0361,812.2,190.9,fixation
14:13:45.0366,812.0,191.4,fixation
14:13:45.0371,810.8,191.9,fixation
14:13:45.0376,809.7,190.5,fixation
14:13:45.0381,808.9,188.6,fixation
14:13:45.0386,809.1,188.6,fixation
14:13:45.0391,809.5,190.4,fixation
14:13:45.0396,810.2,192.3,fixation
14:13:45.0401,810.7,192.3,fixation
14:13:45.0406,811.0,192.3,fixation
14:13:45.0411,810.9,190.6,fixation
14:13:45.0416,811.0,189.0,fixation
14:13:45.0421,811.0,188.5,fixation
14:13:45.0426,811.1,189.7,fixation
14:13:45.0431,811.0,191.5,fixation
14:13:45.0436,812.0,192.1,fixation
14:13:45.0441,813.0,192.8,fixation
14:13:45.0446,813.2,192.0,fixation
14:13:45.0451,812.4,191.1,fixation
14:13:45.0456,811.6,190.1,fixation
14:13:45.0461,811.5,190.4,fixation
14:13:45.0466,811.4,191.1,fixation
14:13:45.0471,811.2,191.8,fixation
14:13:45.0476,810.5,192.1,fixation
14:13:45.0481,809.7,192.4,fixation
14:13:45.0486,809.0,192.8,fixation
14:13:45.0491,809.3,193.2,fixation
14:13:45.0496,809.9,192.9,fixation
14:13:45.0501,810.4,192.8,fixation
14:13:45.0506,810.8,192.5,fixation
14:13:45.0511,811.4,191.9,fixation
14:13:45.0516,811.9,190.3,fixation
14:13:45.0521,812.5,188.8,fixation
14:13:45.0526,812.3,187.7,fixation
14:13:45.0531,812.0,187.9,fixation
14:13:45.0536,812.1,189.7,fixation
14:13:45.0541,812.5,191.4,fixation
14:13:45.0546,812.4,193.4,fixation
14:13:45.0551,811.8,193.8,fixation
14:13:45.0556,811.4,191.8,fixation
14:13:45.0561,811.1,189.2,fixation
14:13:45.0566,810.7,186.6,fixation
14:13:45.0571,810.1,188.5,fixation
14:13:45.0576,810.0,190.6,fixation
14:13:45.0581,810.3,192.6,fixation
14:13:45.0586,810.6,193.1,fixation
14:13:45.0591,810.9,193.5,fixation
14:13:45.0596,811.1,193.7,fixation
14:13:45.0601,811.3,193.3,fixation
14:13:45.0606,810.9,191.7,fixation
14:13:45.0611,810.3,190.3,fixation
14:13:45.0616,809.8,189.8,fixation
14:13:45.0621,809.8,190.4,fixation
14:13:45.0626,810.3,191.2,fixation
14:13:45.0631,811.0,191.0,fixation
14:13:45.0636,812.0,190.5,fixation
14:13:45.0641,812.5,189.8,fixation
14:13:45.0646,813.0,190.6,fixation
14:13:45.0651,813.2,191.6,fixation
14:13:45.0656,813.3,192.7,fixation
14:13:45.0661,813.4,192.1,fixation
14:13:45.0666,813.4,191.4,fixation
14:13:45.0671,813.5,190.5,fixation
14:13:45.0676,813.4,190.3,fixation
14:13:45.0681,813.3,190.8,fixation
14:13:45.0686,813.2,191.6,fixation
14:13:45.0691,812.3,191.3,fixation
14:13:45.0696,811.9,190.2,fixation
14:13:45.0701,811.9,189.2,fixation
14:13:45.0706,812.6,190.5,fixation
14:13:45.0711,813.1,191.8,fixation
14:13:45.0716,813.2,192.1,fixation
14:13:45.0721,813.0,190.7,fixation
14:13:45.0726,812.6,189.4,fixation
14:13:45.0731,812.0,189.3,fixation
14:13:45.0736,811.6,189.5,fixation
14:13:45.0741,811.1,189.6,fixation
14:13:45.0746,811.6,190.2,fixation
14:13:45.0751,812.5,191.0,fixation
14:13:45.0756,813.3,192.1,fixation
14:13:45.0761,813.4,192.6,fixation
14:13:45.0766,812.9,192.8,fixation
14:13:45.0771,812.4,192.7,fixation
14:13:45.0776,812.0,192.2,fixation
14:13:45.0781,812.0,191.6,fixation
14:13:45.0786,812.0,190.6,fixation
14:13:45.0791,812.0,189.2,fixation
14:13:45.0796,811.9,188.2,fixation
14:13:45.0801,813.3,187.7,fixation
14:13:45.0806,814.6,187.7,fixation
14:13:45.0811,815.2,187.6,fixation
14:13:45.0816,814.2,188.0,fixation
14:13:45.0821,813.2,188.4,fixation
14:13:45.0826,813.5,188.4,fixation
14:13:45.0831,814.1,187.9,fixation
14:13:45.0836,814.7,188.6,fixation
14:13:45.0841,814.3,189.8,fixation
14:13:45.0846,813.5,191.1,fixation
14:13:45.0851,812.8,191.1,fixation
14:13:45.0856,812.7,191.3,fixation
14:13:45.0861,813.2,191.6,fixation
14:13:45.0866,813.8,192.0,fixation
14:13:45.0871,814.5,192.1,fixation
14:13:45.0876,815.2,191.9,fixation
14:13:45.0881,816.3,191.7,fixation
14:13:45.0886,817.1,191.5,fixation
14:13:45.0891,817.1,191.4,fixation
14:13:45.0896,816.5,191.1,fixation
14:13:45.0901,816.0,190.7,fixation
14:13:45.0906,815.9,190.4,fixation
14:13:45.0911,815.8,189.1,fixation
14:13:45.0916,815.6,188.2,fixation
14:13:45.0921,815.5,187.4,fixation
14:13:45.0926,815.4,187.7,fixation
14:13:45.0931,815.4,187.8,fixation
14:13:45.0936,815.5,188.3,fixation
14:13:45.0941,815.8,188.9,fixation
14:13:45.0946,816.1,189.7,fixation
14:13:45.0951,816.2,189.8,fixation
14:13:45.0956,816.2,190.2,fixation
14:13:45.0961,814.9,190.6,fixation
14:13:45.0966,813.8,189.9,fixation
14:13:45.0971,812.6,188.9,fixation
14:13:45.0976,813.1,188.6,fixation
14:13:45.0981,813.5,189.4,fixation
14:13:45.0986,813.9,190.0,fixation
14:13:45.0991,813.8,189.9,fixation
14:13:45.0996,813.6,189.8,fixation
14:13:45.1001,814.4,189.8,fixation
14:13:45.1006,815.3,189.6,fixation
14:13:45.1011,816.3,189.4,fixation
14:13:45.1016,816.2,189.1,fixation
14:13:45.1021,816.1,188.9,fixation
14:13:45.1026,816.1,188.6,fixation
14:13:45.1031,816.1,188.7,fixation
14:13:45.1036,816.1,189.2,fixation
14:13:45.1041,816.1,189.7,fixation
14:13:45.1046,816.5,190.0,fixation
14:13:45.1051,816.8,189.9,fixation
14:13:45.1056,816.8,189.9,fixation
14:13:45.1061,815.4,189.9,fixation
14:13:45.1066,814.0,189.8,fixation
14:13:45.1071,813.2,189.8,fixation
14:13:45.1076,813.2,189.8,fixation
14:13:45.1081,813.7,190.3,fixation
14:13:45.1086,814.1,190.9,fixation
14:13:45.1091,815.2,191.7,fixation
14:13:45.1096,816.1,192.0,fixation
14:13:45.1101,817.0,191.7,fixation
14:13:45.1106,816.3,191.4,fixation
14:13:45.1111,815.4,191.1,fixation
14:13:45.1116,814.4,191.9,fixation
14:13:45.1121,814.4,192.7,fixation
14:13:45.1126,814.4,192.8,fixation
14:13:45.1131,814.4,191.9,fixation
14:13:45.1136,814.4,190.8,fixation
14:13:45.1141,814.9,190.4,fixation
14:13:45.1146,815.4,190.2,fixation
14:13:45.1151,816.1,190.2,fixation
14:13:45.1156,816.4,190.0,fixation
14:13:45.1161,816.8,189.6,fixation
14:13:45.1166,816.2,188.6,fixation
14:13:45.1171,815.4,187.8,fixation
14:13:45.1176,814.8,187.1,fixation
14:13:45.1181,815.0,187.5,fixation
14:13:45.1186,815.0,188.4,fixation
14:13:45.1191,814.2,188.8,fixation
14:13:45.1196,813.4,188.8,fixation
14:13:45.1201,812.6,188.8,fixation
14:13:45.1206,812.6,189.4,fixation
14:13:45.1211,812.6,190.1,fixation
14:13:45.1216,812.9,190.3,fixation
14:13:45.1221,813.6,190.7,fixation
14:13:45.1226,814.2,191.0,fixation
14:13:45.1231,814.4,190.9,fixation
14:13:45.1236,813.9,190.2,fixation
14:13:45.1241,813.6,189.6,fixation
14:13:45.1246,813.8,189.3,fixation
14:13:45.1251,814.1,189.2,fixation
14:13:45.1256,814.3,189.2,fixation
14:13:45.1261,814.3,189.2,fixation
14:13:45.1266,814.8,189.2,fixation
14:13:45.1271,815.4,189.1,fixation
14:13:45.1276,815.5,189.0,fixation
14:13:45.1281,815.1,189.0,fixation
14:13:45.1286,814.3,188.3,fixation
14:13:45.1291,813.3,187.6,fixation
14:13:45.1296,812.3,187.7,fixation
14:13:45.1301,812.9,189.1,fixation
14:13:45.1306,814.0,190.6,fixation
14:13:45.1311,815.1,191.3,fixation
14:13:45.1316,815.1,191.6,fixation
14:13:45.1321,815.1,191.8,fixation
14:13:45.1326,815.3,192.0,fixation
14:13:45.1331,815.5,191.6,fixation
14:13:45.1336,814.3,191.2,fixation
14:13:45.1341,812.9,190.8,fixation
14:13:45.1346,811.6,190.1,fixation
14:13:45.1351,813.0,189.4,fixation
14:13:45.1356,814.5,189.3,fixation
14:13:45.1361,815.5,190.2,fixation
14:13:45.1366,814.9,191.1,fixation
14:13:45.1371,814.1,192.1,fixation
14:13:45.1376,813.5,192.8,fixation
14:13:45.1381,813.3,193.0,fixation
14:13:45.1386,813.5,192.6,fixation
14:13:45.1391,813.8,192.9,fixation
14:13:45.1396,814.2,193.8,fixation
14:13:45.1401,814.2,194.3,fixation
14:13:45.1406,813.8,194.1,fixation
14:13:45.1411,813.6,193.8,fixation
14:13:45.1416,813.5,194.2,fixation
14:13:45.1421,813.4,194.6,fixation
14:13:45.1426,813.2,195.2,fixation
14:13:45.1431,813.3,195.5,fixation
14:13:45.1436,813.7,194.1,fixation
14:13:45.1441,814.1,192.6,fixation
14:13:45.1446,814.3,191.2,fixation
14:13:45.1451,814.3,191.3,fixation
14:13:45.1456,814.3,191.0,fixation
14:13:45.1461,813.9,190.6,fixation
14:13:45.1466,813.9,190.6,fixation
14:13:45.1471,813.9,190.8,fixation
14:13:45.1476,814.1,190.9,fixation
14:13:45.1481,814.0,191.3,fixation
14:13:45.1486,813.4,191.8,fixation
14:13:45.1491,812.9,192.3,fixation
14:13:45.1496,812.4,192.1,fixation
14:13:45.1501,812.6,190.6,fixation
14:13:45.1506,813.0,189.1,fixation
14:13:45.1511,813.3,189.4,fixation
14:13:45.1516,813.4,191.3,fixation
14:13:45.1521,813.3,193.4,fixation
14:13:45.1526,813.5,193.8,fixation
14:13:45.1531,813.7,193.9,fixation
14:13:45.1536,814.2,193.4,fixation
14:13:45.1541,814.6,192.5,fixation
14:13:45.1546,814.3,190.8,fixation
14:13:45.1551,813.5,189.6,fixation
14:13:45.1556,812.8,189.4,fixation
14:13:45.1561,812.8,190.0,fixation
14:13:45.1566,813.1,190.5,fixation
14:13:45.1571,813.4,189.5,fixation
14:13:45.1576,813.9,188.6,fixation
14:13:45.1581,814.4,187.8,fixation
14:13:45.1586,815.1,187.9,fixation
14:13:45.1591,815.4,188.1,fixation
14:13:45.1596,816.1,187.9,fixation
14:13:45.1601,816.4,187.8,fixation
14:13:45.1606,816.8,187.7,fixation
14:13:45.1611,816.9,187.7,fixation
14:13:45.1616,815.9,187.9,fixation
14:13:45.1621,814.8,188.2,fixation
14:13:45.1626,813.7,188.4,fixation
14:13:45.1631,813.7,189.8,fixation
14:13:45.1636,813.6,191.1,fixation
14:13:45.1641,813.5,192.2,fixation
14:13:45.1646,813.4,191.9,fixation
14:13:45.1651,813.3,191.1,fixation
14:13:45.1656,813.3,190.5,fixation
14:13:45.1661,814.1,189.9,fixation
14:13:45.1666,814.9,189.8,fixation
14:13:45.1671,814.1,188.3,saccade
14:13:45.1676,813.0,187.4,saccade
14:13:45.1681,812.2,187.2,saccade
14:13:45.1686,812.0,187.1,saccade
14:13:45.1691,811.9,188.5,saccade
14:13:45.1696,812.4,189.8,saccade
14:13:45.1701,813.5,191.2,saccade
14:13:45.1706,814.4,192.1,saccade
14:13:45.1711,815.0,193.0,saccade
14:13:45.1716,815.1,193.6,saccade
14:13:45.1721,816.6,193.4,saccade
14:13:45.1726,818.6,193.0,saccade
14:13:45.1731,820.9,192.6,saccade
14:13:45.1736,821.7,191.3,saccade
14:13:45.1741,822.2,190.2,saccade
14:13:45.1746,823.5,189.3,saccade
14:13:45.1751,824.7,189.8,saccade
14:13:45.1756,828.1,190.3,saccade
14:13:45.1761,831.3,190.2,saccade
14:13:45.1766,834.8,190.0,saccade
14:13:45.1771,837.0,190.3,saccade
14:13:45.1776,839.2,191.2,saccade
14:13:45.1781,842.8,191.8,saccade
14:13:45.1786,846.6,192.0,saccade
14:13:45.1791,851.3,192.2,saccade
14:13:45.1796,854.8,191.7,saccade
14:13:45.1801,858.2,191.1,saccade
14:13:45.1806,860.9,190.2,saccade
14:13:45.1811,863.0,189.7,saccade
14:13:45.1816,866.4,189.5,saccade
14:13:45.1821,869.0,188.5,saccade
14:13:45.1826,873.2,187.4,saccade
14:13:45.1831,875.4,186.9,saccade
14:13:45.1836,877.8,187.4,saccade
14:13:45.1841,878.9,187.8,saccade
14:13:45.1846,880.3,187.6,saccade
14:13:45.1851,881.5,187.7,saccade
14:13:45.1856,883.3,187.9,saccade
14:13:45.1861,884.4,187.1,saccade
14:13:45.1866,885.4,185.5,saccade
14:13:45.1871,885.4,183.9,saccade
14:13:45.1876,886.1,182.9,saccade
14:13:45.1881,886.9,182.7,saccade
14:13:45.1886,887.6,182.8,saccade
14:13:45.1891,887.7,183.3,saccade
14:13:45.1896,888.9,183.1,saccade
14:13:45.1901,890.2,182.5,saccade
14:13:45.1906,891.3,181.6,fixation
14:13:45.1911,891.3,181.3,fixation
14:13:45.1916,891.3,180.9,fixation
14:13:45.1921,889.8,180.4,fixation
14:13:45.1926,888.4,180.1,fixation
14:13:45.1931,886.9,179.7,fixation
14:13:45.1936,886.7,179.8,fixation
14:13:45.1941,885.9,179.9,fixation
14:13:45.1946,884.6,180.7,fixation
14:13:45.1951,883.5,181.5,fixation
14:13:45.1956,882.4,181.7,fixation
14:13:45.1961,881.4,181.4,fixation
14:13:45.1966,880.3,181.2,fixation
14:13:45.1971,879.9,180.9,fixation
14:13:45.1976,880.1,180.7,fixation
14:13:45.1981,880.5,180.2,fixation
14:13:45.1986,880.8,180.1,fixation
14:13:45.1991,881.1,179.9,fixation
14:13:45.1996,880.8,179.8,fixation
14:13:45.2001,880.5,179.3,fixation
14:13:45.2006,880.3,178.6,fixation
14:13:45.2011,879.7,178.2,fixation
14:13:45.2016,879.0,178.1,fixation
14:13:45.2021,878.1,179.5,fixation
14:13:45.2026,877.9,181.0,fixation
14:13:45.2031,877.8,181.4,fixation
14:13:45.2036,876.9,180.2,fixation
14:13:45.2041,875.8,180.1,fixation
14:13:45.2046,875.0,181.0,fixation
14:13:45.2051,876.2,181.9,fixation
14:13:45.2056,877.4,181.8,fixation
14:13:45.2061,878.4,181.3,fixation
14:13:45.2066,878.7,180.7,fixation
14:13:45.2071,878.9,181.9,fixation
14:13:45.2076,878.6,183.6,fixation
14:13:45.2081,878.4,185.1,fixation
14:13:45.2086,878.3,184.6,fixation
14:13:45.2091,877.5,182.5,fixation
14:13:45.2096,876.6,180.7,fixation
14:13:45.2101,875.7,179.4,fixation
14:13:45.2106,875.9,180.0,fixation
14:13:45.2111,875.9,180.5,fixation
14:13:45.2116,875.7,180.8,fixation
14:13:45.2121,875.7,181.0,fixation
14:13:45.2126,875.7,182.5,fixation
14:13:45.2131,875.9,183.9,fixation
14:13:45.2136,876.1,184.5,fixation
14:13:45.2141,875.7,184.0,fixation
14:13:45.2146,875.0,183.4,fixation
14:13:45.2151,874.4,183.7,fixation
14:13:45.2156,875.4,184.3,fixation
14:13:45.2161,876.4,184.8,fixation
14:13:45.2166,876.1,185.9,fixation
14:13:45.2171,874.9,186.6,fixation
14:13:45.2176,873.8,185.6,fixation
14:13:45.2181,873.9,183.9,fixation
14:13:45.2186,873.9,182.4,fixation
14:13:45.2191,874.7,182.8,fixation
14:13:45.2196,876.1,183.2,fixation
14:13:45.2201,877.5,183.3,fixation
14:13:45.2206,878.1,183.6,fixation
14:13:45.2211,877.8,183.8,fixation
14:13:45.2216,877.6,183.2,fixation
14:13:45.2221,877.5,182.6,fixation
14:13:45.2226,877.7,182.4,fixation
14:13:45.2231,877.2,183.3,fixation
14:13:45.2236,876.7,184.2,fixation
14:13:45.2241,876.0,184.0,fixation
14:13:45.2246,875.8,183.3,fixation
14:13:45.2251,875.6,183.4,fixation
14:13:45.2256,875.4,185.0,fixation
14:13:45.2261,875.3,186.6,fixation
14:13:45.2266,875.4,186.4,fixation
14:13:45.2271,875.9,185.0,fixation
14:13:45.2276,876.3,183.5,fixation
14:13:45.2281,875.3,183.9,fixation
14:13:45.2286,873.9,184.6,fixation
14:13:45.2291,872.6,185.2,fixation
14:13:45.2296,873.1,185.1,fixation
14:13:45.2301,873.8,185.4,fixation
14:13:45.2306,874.5,185.8,fixation
14:13:45.2311,874.5,186.0,fixation
14:13:45.2316,874.6,185.7,fixation
14:13:45.2321,874.7,185.5,fixation
14:13:45.2326,874.7,184.2,fixation
14:13:45.2331,874.6,182.8,fixation
14:13:45.2336,874.4,181.5,fixation
14:13:45.2341,874.1,182.0,fixation
14:13:45.2346,873.8,182.8,fixation
14:13:45.2351,873.9,183.7,fixation
14:13:45.2356,874.4,182.7,fixation
14:13:45.2361,874.8,181.4,fixation
14:13:45.2366,875.0,181.0,fixation
14:13:45.2371,875.2,181.9,fixation
14:13:45.2376,875.4,182.3,fixation
14:13:45.2381,875.9,180.9,fixation
14:13:45.2386,876.1,179.6,fixation
14:13:45.2391,876.2,180.3,fixation
14:13:45.2396,875.1,182.1,fixation
14:13:45.2401,874.1,183.8,fixation
14:13:45.2406,873.3,184.3,fixation
14:13:45.2411,873.1,184.1,fixation
14:13:45.2416,873.0,183.6,fixation
14:13:45.2421,873.4,183.1,fixation
14:13:45.2426,873.9,183.2,fixation
14:13:45.2431,874.4,183.7,fixation
14:13:45.2436,874.3,184.1,fixation
14:13:45.2441,874.3,184.2,fixation
14:13:45.2446,874.4,184.3,fixation
14:13:45.2451,874.5,185.0,fixation
14:13:45.2456,874.2,185.6,fixation
14:13:45.2461,873.9,184.5,fixation
14:13:45.2466,873.6,182.6,fixation
14:13:45.2471,873.6,180.7,fixation
14:13:45.2476,873.8,180.3,fixation
14:13:45.2481,873.8,180.2,fixation
14:13:45.2486,873.9,180.7,fixation
14:13:45.2491,873.9,181.8,fixation
14:13:45.2496,873.9,183.9,fixation
14:13:45.2501,873.7,185.4,fixation
14:13:45.2506,874.0,185.4,fixation
14:13:45.2511,874.7,184.4,fixation
14:13:45.2516,875.3,182.8,fixation
14:13:45.2521,875.7,182.3,fixation
14:13:45.2526,875.6,181.8,fixation
14:13:45.2531,875.4,181.9,fixation
14:13:45.2536,875.7,182.9,fixation
14:13:45.2541,876.1,183.7,fixation
14:13:45.2546,876.5,184.5,fixation
14:13:45.2551,876.6,185.1,fixation
14:13:45.2556,876.8,185.7,fixation
14:13:45.2561,877.3,186.9,fixation
14:13:45.2566,877.7,187.4,fixation
14:13:45.2571,876.5,187.7,fixation
14:13:45.2576,874.9,187.3,fixation
14:13:45.2581,873.4,185.5,fixation
14:13:45.2586,873.1,183.8,fixation
14:13:45.2591,872.7,182.2,fixation
14:13:45.2596,873.7,182.1,fixation
14:13:45.2601,875.2,182.3,fixation
14:13:45.2606,876.5,182.7,fixation
14:13:45.2611,876.1,183.1,fixation
14:13:45.2616,876.5,183.8,fixation
14:13:45.2621,876.6,184.5,fixation
14:13:45.2626,876.6,185.2,fixation
14:13:45.2631,875.4,184.4,fixation
14:13:45.2636,875.0,183.5,fixation
14:13:45.2641,875.0,182.5,fixation
14:13:45.2646,875.6,181.9,fixation
14:13:45.2651,875.7,181.3,fixation
14:13:45.2656,876.3,180.6,fixation
14:13:45.2661,876.8,180.6,fixation
14:13:45.2666,877.4,180.4,fixation
14:13:45.2671,877.4,180.2,fixation
14:13:45.2676,877.1,179.9,fixation
14:13:45.2681,876.8,179.7,fixation
14:13:45.2686,876.6,179.8,fixation
14:13:45.2691,876.6,180.2,fixation
14:13:45.2696,876.9,180.9,fixation
14:13:45.2701,877.2,182.9,fixation
14:13:45.2706,877.0,184.6,fixation
14:13:45.2711,876.6,185.5,fixation
14:13:45.2716,876.5,184.0,fixation
14:13:45.2721,876.2,182.5,fixation
14:13:45.2726,875.9,181.6,fixation
14:13:45.2731,875.3,181.8,fixation
14:13:45.2736,875.4,182.0,fixation
14:13:45.2741,875.2,182.2,fixation
14:13:45.2746,875.7,182.1,fixation
14:13:45.2751,876.4,181.5,fixation
14:13:45.2756,877.0,181.0,fixation
14:13:45.2761,876.5,181.7,fixation
14:13:45.2766,875.9,182.9,fixation
14:13:45.2771,875.2,184.2,fixation
14:13:45.2776,875.2,183.6,fixation
14:13:45.2781,875.2,183.1,fixation
14:13:45.2786,875.6,182.6,fixation
14:13:45.2791,876.1,182.8,fixation
14:13:45.2796,876.5,183.3,fixation
14:13:45.2801,876.6,183.8,fixation
14:13:45.2806,876.2,184.3,fixation
14:13:45.2811,875.9,184.9,fixation
14:13:45.2816,876.4,185.6,fixation
14:13:45.2821,877.0,186.2,fixation
14:13:45.2826,878.1,186.1,fixation
14:13:45.2831,878.6,185.9,fixation
14:13:45.2836,878.0,184.6,fixation
14:13:45.2841,877.0,183.7,fixation
14:13:45.2846,876.1,182.9,fixation
14:13:45.2851,876.1,183.4,fixation
14:13:45.2856,876.3,183.3,fixation
14:13:45.2861,876.4,182.8,fixation
14:13:45.2866,876.5,182.3,fixation
14:13:45.2871,876.9,183.0,fixation
14:13:45.2876,877.4,183.0,fixation
14:13:45.2881,877.6,183.0,fixation
14:13:45.2886,877.2,183.1,fixation
14:13:45.2891,876.5,184.1,fixation
14:13:45.2896,876.2,184.7,fixation
14:13:45.2901,876.6,184.3,fixation
14:13:45.2906,877.3,184.4,fixation
14:13:45.2911,877.1,185.0,fixation
14:13:45.2916,876.2,185.2,fixation
14:13:45.2921,875.4,184.7,fixation
14:13:45.2926,875.4,185.0,fixation
14:13:45.2931,876.8,186.5,fixation
14:13:45.2936,878.3,188.0,fixation
14:13:45.2941,879.5,188.7,fixation
14:13:45.2946,879.0,188.4,fixation
14:13:45.2951,878.4,188.0,fixation
14:13:45.2956,878.1,187.7,fixation
14:13:45.2961,878.1,187.6,fixation
14:13:45.2966,878.3,186.9,fixation
14:13:45.2971,878.8,185.9,fixation
14:13:45.2976,879.7,184.7,fixation
14:13:45.2981,880.8,183.9,fixation
14:13:45.2986,881.5,183.2,fixation
14:13:45.2991,881.7,182.9,fixation
14:13:45.2996,881.7,183.2,fixation
14:13:45.3001,881.6,183.2,fixation
14:13:45.3006,880.7,183.0,fixation
14:13:45.3011,879.7,182.7,fixation
14:13:45.3016,878.8,182.1,fixation
14:13:45.3021,878.8,181.6,fixation
14:13:45.3026,878.9,181.4,fixation
14:13:45.3031,878.9,181.9,fixation
14:13:45.3036,878.9,183.7,fixation
14:13:45.3041,879.0,185.1,fixation
14:13:45.3046,878.8,186.1,fixation
14:13:45.3051,878.5,186.0,fixation
14:13:45.3056,878.3,186.0,fixation
14:13:45.3061,878.7,186.0,fixation
14:13:45.3066,879.1,185.7,fixation
14:13:45.3071,879.8,185.5,fixation
14:13:45.3076,880.3,185.3,fixation
14:13:45.3081,880.0,185.6,fixation
14:13:45.3086,879.2,185.9,fixation
14:13:45.3091,877.9,186.3,fixation
14:13:45.3096,877.0,186.4,fixation
14:13:45.3101,876.3,186.7,fixation
14:13:45.3106,876.0,186.8,fixation
14:13:45.3111,875.7,186.8,fixation
14:13:45.3116,875.3,187.3,fixation
14:13:45.3121,874.9,187.7,fixation
14:13:45.3126,875.0,188.8,fixation
14:13:45.3131,875.3,189.1,fixation
14:13:45.3136,875.5,189.2,fixation
14:13:45.3141,875.7,188.9,fixation
14:13:45.3146,875.6,188.7,fixation
14:13:45.3151,875.9,188.1,fixation
14:13:45.3156,876.4,186.2,fixation
14:13:45.3161,876.9,184.2,fixation
14:13:45.3166,877.3,184.0,fixation
14:13:45.3171,877.4,185.1,fixation
14:13:45.3176,877.6,186.6,fixation
14:13:45.3181,877.6,186.9,fixation
14:13:45.3186,877.5,187.1,fixation
14:13:45.3191,877.3,187.1,fixation
14:13:45.3196,877.3,187.3,fixation
14:13:45.3201,878.0,187.8,fixation
14:13:45.3206,878.8,188.2,fixation
14:13:45.3211,879.7,188.0,fixation
14:13:45.3216,879.7,187.7,fixation
14:13:45.3221,879.6,187.3,fixation
14:13:45.3226,879.9,187.6,fixation
14:13:45.3231,880.1,188.3,fixation
14:13:45.3236,880.5,189.6,fixation
14:13:45.3241,880.6,190.4,fixation
14:13:45.3246,880.7,189.6,fixation
14:13:45.3251,880.5,188.0,fixation
14:13:45.3256,879.4,186.1,fixation
14:13:45.3261,878.4,185.6,fixation
14:13:45.3266,877.4,186.3,fixation
14:13:45.3271,877.3,187.4,fixation
14:13:45.3276,877.2,188.4,fixation
14:13:45.3281,877.1,188.8,fixation
14:13:45.3286,877.2,189.2,fixation
14:13:45.3291,877.3,189.6,fixation
14:13:45.3296,877.5,189.7,fixation
14:13:45.3301,877.6,189.7,fixation
14:13:45.3306,877.2,189.8,fixation
14:13:45.3311,876.6,190.0,fixation
14:13:45.3316,876.0,190.1,fixation
14:13:45.3321,875.9,189.6,fixation
14:13:45.3326,876.0,188.1,fixation
14:13:45.3331,875.9,186.9,fixation
14:13:45.3336,875.8,186.0,fixation
14:13:45.3341,876.7,186.9,fixation
14:13:45.3346,877.6,187.8,fixation
14:13:45.3351,878.4,188.9,fixation
14:13:45.3356,878.2,188.9,fixation
14:13:45.3361,878.2,188.0,fixation
14:13:45.3366,878.2,186.9,fixation
14:13:45.3371,878.1,186.9,fixation
14:13:45.3376,877.4,187.9,fixation
14:13:45.3381,876.8,188.7,fixation
14:13:45.3386,877.2,188.5,fixation
14:13:45.3391,878.0,188.3,fixation
14:13:45.3396,878.9,188.0,fixation
14:13:45.3401,879.1,187.7,fixation
14:13:45.3406,879.2,187.3,fixation
14:13:45.3411,879.1,186.9,fixation
14:13:45.3416,878.9,186.7,fixation
14:13:45.3421,878.7,187.5,fixation
14:13:45.3426,879.4,188.3,fixation
14:13:45.3431,880.1,189.2,fixation
14:13:45.3436,880.8,189.5,fixation
14:13:45.3441,880.8,189.8,fixation
14:13:45.3446,880.7,188.4,fixation
14:13:45.3451,880.5,186.0,fixation
14:13:45.3456,879.9,183.6,fixation
14:13:45.3461,879.1,184.2,fixation
14:13:45.3466,878.4,185.7,fixation
14:13:45.3471,878.3,187.0,fixation
14:13:45.3476,878.8,186.7,fixation
14:13:45.3481,879.2,186.4,fixation
14:13:45.3486,879.4,186.4,fixation
14:13:45.3491,880.0,186.0,fixation
14:13:45.3496,880.6,185.2,fixation
14:13:45.3501,881.3,184.5,fixation
14:13:45.3506,881.5,184.2,fixation
14:13:45.3511,880.4,184.3,fixation
14:13:45.3516,878.9,186.1,fixation
14:13:45.3521,877.5,187.7,fixation
14:13:45.3526,877.4,188.7,fixation
14:13:45.3531,877.5,187.1,fixation
14:13:45.3536,877.6,185.5,fixation
14:13:45.3541,877.7,185.2,fixation
14:13:45.3546,877.7,187.0,fixation
14:13:45.3551,877.7,188.8,fixation
14:13:45.3556,877.9,190.0,fixation
14:13:45.3561,878.1,190.0,fixation
14:13:45.3566,879.1,190.0,fixation
14:13:45.3571,880.0,190.1,fixation
14:13:45.3576,880.6,190.3,fixation
14:13:45.3581,880.4,190.6,fixation
14:13:45.3586,880.3,191.0,fixation
14:13:45.3591,880.4,189.6,fixation
14:13:45.3596,880.8,188.0,fixation
14:13:45.3601,882.0,187.0,fixation
14:13:45.3606,883.0,187.6,fixation
14:13:45.3611,882.9,187.3,fixation
14:13:45.3616,881.9,186.5,fixation
14:13:45.3621,880.4,187.8,fixation
14:13:45.3626,879.8,190.0,fixation
14:13:45.3631,879.2,192.0,fixation
14:13:45.3636,879.3,191.8,fixation
14:13:45.3641,879.6,191.2,fixation
14:13:45.3646,879.9,190.4,fixation
14:13:45.3651,880.3,189.4,fixation
14:13:45.3656,880.6,188.5,fixation
14:13:45.3661,881.0,188.0,fixation
14:13:45.3666,881.3,188.0,fixation
14:13:45.3671,880.4,188.3,fixation
14:13:45.3676,879.5,188.6,fixation
14:13:45.3681,878.5,188.6,fixation
14:13:45.3686,878.5,188.4,fixation
14:13:45.3691,879.7,188.3,fixation
14:13:45.3696,881.0,187.8,fixation
14:13:45.3701,882.3,187.2,fixation
14:13:45.3706,882.2,186.6,fixation
14:13:45.3711,881.4,188.5,fixation
14:13:45.3716,880.7,190.5,fixation
14:13:45.3721,880.0,192.9,fixation
14:13:45.3726,880.0,193.3,fixation
14:13:45.3731,879.2,193.0,fixation
14:13:45.3736,878.6,191.7,fixation
14:13:45.3741,877.8,190.5,fixation
14:13:45.3746,877.6,190.1,fixation
14:13:45.3751,877.3,190.3,fixation
14:13:45.3756,877.6,190.7,fixation
14:13:45.3761,878.1,190.9,fixation
14:13:45.3766,878.5,191.9,fixation
14:13:45.3771,878.6,192.6,fixation
14:13:45.3776,879.0,192.3,fixation
14:13:45.3781,880.0,191.2,fixation
14:13:45.3786,880.8,190.2,fixation
14:13:45.3791,880.8,190.2,fixation
14:13:45.3796,880.3,190.4,fixation
14:13:45.3801,879.7,190.6,fixation
14:13:45.3806,879.7,189.2,fixation
14:13:45.3811,879.2,187.5,fixation
14:13:45.3816,878.6,187.4,fixation
14:13:45.3821,877.8,189.0,fixation
14:13:45.3826,877.5,190.1,fixation
14:13:45.3831,877.8,189.3,fixation
14:13:45.3836,878.8,188.5,fixation
14:13:45.3841,879.8,188.6,fixation
14:13:45.3846,880.3,189.0,fixation
14:13:45.3851,880.2,189.7,fixation
14:13:45.3856,880.2,190.0,fixation
14:13:45.3861,879.5,190.6,fixation
14:13:45.3866,878.8,190.9,fixation
14:13:45.3871,878.0,191.2,fixation
14:13:45.3876,878.0,189.9,fixation
14:13:45.3881,878.0,188.6,fixation
14:13:45.3886,878.2,187.4,fixation
14:13:45.3891,878.4,187.3,fixation
14:13:45.3896,878.5,187.1,fixation
14:13:45.3901,878.6,186.9,fixation
14:13:45.3906,877.9,186.5,fixation
14:13:45.3911,877.2,186.3,fixation
14:13:45.3916,876.6,186.1,fixation
14:13:45.3921,876.8,186.2,fixation
14:13:45.3926,877.0,186.3,fixation
14:13:45.3931,877.2,186.3,fixation
14:13:45.3936,877.6,186.2,fixation
14:13:45.3941,878.1,186.2,fixation
14:13:45.3946,878.4,187.3,fixation
14:13:45.3951,878.3,188.5,fixation
14:13:45.3956,877.5,189.1,fixation
14:13:45.3961,876.8,188.5,fixation
14:13:45.3966,876.0,188.0,fixation
14:13:45.3971,875.8,188.2,fixation
14:13:45.3976,876.6,189.2,fixation
14:13:45.3981,877.7,190.2,fixation
14:13:45.3986,878.8,190.9,fixation
14:13:45.3991,878.7,190.9,fixation
14:13:45.3996,878.4,190.9,fixation
14:13:45.4001,878.1,191.0,fixation
14:13:45.4006,878.1,191.1,fixation
14:13:45.4011,878.2,191.2,fixation
14:13:45.4016,878.4,191.2,fixation
14:13:45.4021,878.5,191.3,fixation
14:13:45.4026,878.5,191.4,fixation
14:13:45.4031,878.6,191.4,fixation
14:13:45.4036,878.2,191.2,fixation
14:13:45.4041,877.8,190.9,fixation
14:13:45.4046,877.6,190.5,fixation
14:13:45.4051,878.6,189.8,fixation
14:13:45.4056,879.6,189.3,fixation
14:13:45.4061,880.3,188.9,fixation
14:13:45.4066,880.2,188.8,fixation
14:13:45.4071,880.3,188.3,fixation
14:13:45.4076,880.6,187.9,fixation
14:13:45.4081,881.0,187.7,fixation
14:13:45.4086,881.3,188.1,fixation
14:13:45.4091,881.1,188.8,fixation
14:13:45.4096,880.4,189.2,fixation
14:13:45.4101,879.5,189.6,fixation
14:13:45.4106,879.1,189.7,fixation
14:13:45.4111,879.4,189.6,fixation
14:13:45.4116,880.0,189.4,fixation
14:13:45.4121,880.4,188.8,fixation
14:13:45.4126,880.7,188.5,fixation
14:13:45.4131,881.0,188.3,fixation
14:13:45.4136,880.5,188.1,fixation
14:13:45.4141,879.8,188.8,fixation
14:13:45.4146,879.1,189.5,fixation
14:13:45.4151,879.1,190.0,fixation
14:13:45.4156,879.3,189.6,fixation
14:13:45.4161,879.5,189.4,fixation
14:13:45.4166,879.7,189.0,fixation
14:13:45.4171,879.8,188.7,fixation
14:13:45.4176,880.1,188.3,fixation
14:13:45.4181,880.8,188.4,fixation
14:13:45.4186,881.4,188.5,fixation
14:13:45.4191,881.9,188.5,fixation
14:13:45.4196,881.9,188.5,fixation
14:13:45.4201,882.0,188.4,fixation
14:13:45.4206,882.0,188.4,fixation
14:13:45.4211,881.2,188.3,fixation
14:13:45.4216,880.3,188.2,fixation
14:13:45.4221,879.4,189.2,fixation
14:13:45.4226,879.4,190.3,fixation
14:13:45.4231,879.5,190.5,fixation
14:13:45.4236,879.6,189.6,fixation
14:13:45.4241,880.2,189.0,fixation
14:13:45.4246,880.9,190.0,fixation
14:13:45.4251,881.7,190.9,fixation
14:13:45.4256,882.2,191.6,fixation
14:13:45.4261,882.7,191.6,fixation
14:13:45.4266,883.2,190.8,fixation
14:13:45.4271,883.4,189.4,fixation
14:13:45.4276,883.9,187.6,fixation
14:13:45.4281,884.2,186.4,fixation
14:13:45.4286,884.3,186.2,fixation
14:13:45.4291,884.2,186.7,fixation
14:13:45.4296,884.1,187.9,fixation
14:13:45.4301,883.4,188.9,fixation
14:13:45.4306,883.0,189.8,fixation
14:13:45.4311,882.6,190.3,fixation
14:13:45.4316,882.3,190.7,fixation
14:13:45.4321,881.9,189.9,fixation
14:13:45.4326,881.6,188.9,fixation
14:13:45.4331,881.4,189.4,fixation
14:13:45.4336,880.6,191.0,fixation
14:13:45.4341,879.8,192.3,fixation
14:13:45.4346,879.5,191.9,fixation
14:13:45.4351,879.6,191.4,fixation
14:13:45.4356,879.7,191.2,fixation
14:13:45.4361,879.8,191.2,fixation
14:13:45.4366,879.9,191.5,fixation
14:13:45.4371,880.0,191.8,fixation
14:13:45.4376,880.6,191.9,fixation
14:13:45.4381,881.2,191.6,fixation
14:13:45.4386,881.4,191.1,fixation
14:13:45.4391,880.9,190.8,fixation
14:13:45.4396,880.4,190.7,fixation
14:13:45.4401,880.4,191.0,fixation
14:13:45.4406,880.9,190.7,fixation
14:13:45.4411,881.4,190.0,fixation
14:13:45.4416,881.7,189.0,fixation
14:13:45.4421,881.5,188.5,fixation
14:13:45.4426,881.3,188.3,fixation
14:13:45.4431,881.3,188.2,fixation
14:13:45.4436,881.9,188.4,fixation
14:13:45.4441,882.4,188.5,fixation
14:13:45.4446,882.9,190.3,fixation
14:13:45.4451,882.7,192.9,fixation
14:13:45.4456,880.6,195.5,fixation
14:13:45.4461,878.7,194.4,fixation
14:13:45.4466,876.9,191.9,fixation
14:13:45.4471,877.8,189.7,fixation
14:13:45.4476,879.5,189.5,fixation
14:13:45.4481,880.9,190.1,fixation
14:13:45.4486,881.6,190.4,fixation
14:13:45.4491,881.0,190.6,fixation
14:13:45.4496,880.3,190.9,fixation
14:13:45.4501,879.7,191.6,fixation
14:13:45.4506,879.5,192.9,fixation
14:13:45.4511,879.5,194.0,fixation
14:13:45.4516,879.7,192.9,fixation
14:13:45.4521,879.8,191.0,fixation
14:13:45.4526,879.9,189.1,fixation
14:13:45.4531,879.9,189.4,fixation
14:13:45.4536,879.9,189.8,fixation
14:13:45.4541,879.9,190.1,fixation
14:13:45.4546,879.9,189.6,fixation
14:13:45.4551,879.2,188.8,fixation
14:13:45.4556,878.6,188.0,fixation
14:13:45.4561,877.8,187.7,fixation
14:13:45.4566,877.9,187.6,fixation
14:13:45.4571,877.9,189.5,fixation
14:13:45.4576,878.0,191.5,fixation
14:13:45.4581,878.1,193.4,fixation
14:13:45.4586,878.4,193.9,fixation
14:13:45.4591,878.7,194.4,fixation
14:13:45.4596,879.2,193.1,fixation
14:13:45.4601,879.7,191.1,fixation
14:13:45.4606,879.8,189.1,fixation
14:13:45.4611,879.4,188.8,fixation
14:13:45.4616,878.9,188.8,fixation
14:13:45.4621,879.8,189.2,fixation
14:13:45.4626,881.0,189.6,fixation
14:13:45.4631,881.6,189.9,fixation
14:13:45.4636,881.0,189.9,fixation
14:13:45.4641,880.4,189.9,fixation
14:13:45.4646,880.7,189.7,fixation
14:13:45.4651,880.8,189.5,fixation
14:13:45.4656,881.0,189.7,fixation
14:13:45.4661,880.8,190.1,fixation
14:13:45.4666,880.2,190.4,fixation
14:13:45.4671,879.6,190.6,fixation
14:13:45.4676,878.9,190.8,fixation
14:13:45.4681,878.8,191.8,fixation
14:13:45.4686,878.7,192.5,fixation
14:13:45.4691,878.7,193.2,fixation
14:13:45.4696,878.9,193.1,fixation
14:13:45.4701,879.3,192.5,fixation
14:13:45.4706,879.6,191.0,fixation
14:13:45.4711,879.8,189.5,fixation
14:13:45.4716,879.7,189.2,fixation
14:13:45.4721,879.8,190.1,fixation
14:13:45.4726,879.9,191.5,fixation
14:13:45.4731,880.1,191.9,fixation
14:13:45.4736,880.1,191.9,fixation
14:13:45.4741,880.0,191.6,fixation
14:13:45.4746,879.9,191.8,fixation
14:13:45.4751,879.8,192.1,fixation
14:13:45.4756,879.7,192.3,fixation
14:13:45.4761,880.0,192.6,fixation
14:13:45.4766,880.9,193.2,fixation
14:13:45.4771,881.7,193.9,fixation
14:13:45.4776,882.2,194.5,fixation
14:13:45.4781,882.1,194.2,fixation
14:13:45.4786,882.1,193.0,fixation
14:13:45.4791,880.7,191.8,fixation
14:13:45.4796,879.3,191.4,fixation
14:13:45.4801,877.7,191.5,fixation
14:13:45.4806,877.6,190.9,fixation
14:13:45.4811,877.9,190.2,fixation
14:13:45.4816,877.9,189.2,fixation
14:13:45.4821,877.9,188.9,fixation
14:13:45.4826,878.2,189.4,fixation
14:13:45.4831,879.0,190.3,fixation
14:13:45.4836,880.1,191.1,fixation
14:13:45.4841,880.7,191.2,fixation
14:13:45.4846,881.3,191.3,fixation
14:13:45.4851,881.3,191.4,fixation
14:13:45.4856,880.8,191.3,fixation
14:13:45.4861,880.3,191.2,fixation
14:13:45.4866,879.9,191.2,fixation
14:13:45.4871,879.9,191.8,fixation
14:13:45.4876,879.9,192.3,fixation
14:13:45.4881,880.3,193.0,fixation
14:13:45.4886,880.5,193.0,fixation
14:13:45.4891,880.3,192.2,fixation
14:13:45.4896,879.9,191.0,fixation
14:13:45.4901,879.8,189.8,fixation
14:13:45.4906,880.0,190.5,fixation
14:13:45.4911,879.7,191.5,fixation
14:13:45.4916,879.1,192.5,fixation
14:13:45.4921,878.6,192.6,fixation
14:13:45.4926,878.8,192.7,fixation
14:13:45.4931,879.0,192.8,fixation
14:13:45.4936,879.8,193.2,fixation
14:13:45.4941,880.4,193.2,fixation
14:13:45.4946,880.7,193.3,fixation
14:13:45.4951,880.1,192.9,fixation
14:13:45.4956,879.5,192.9,fixation
14:13:45.4961,879.2,192.2,fixation
14:13:45.4966,879.3,191.6,fixation
14:13:45.4971,878.6,191.8,fixation
14:13:45.4976,878.0,192.6,fixation
14:13:45.4981,878.0,193.2,fixation
14:13:45.4986,878.7,192.9,fixation
14:13:45.4991,877.5,192.5,fixation
14:13:45.4996,875.7,192.3,fixation
14:13:45.5001,874.0,192.4,fixation
14:13:45.5006,874.2,192.9,fixation
14:13:45.5011,875.3,193.2,fixation
14:13:45.5016,876.3,193.1,fixation
14:13:45.5021,877.4,192.3,fixation
14:13:45.5026,877.6,191.2,fixation
14:13:45.5031,877.7,190.4,fixation
14:13:45.5036,877.6,190.0,fixation
14:13:45.5041,877.1,189.8,fixation
14:13:45.5046,876.7,189.6,fixation
14:13:45.5051,876.3,190.3,fixation
14:13:45.5056,876.4,191.7,fixation
14:13:45.5061,876.9,193.1,fixation
14:13:45.5066,877.5,193.7,fixation
14:13:45.5071,877.8,193.9,fixation
14:13:45.5076,877.8,193.3,fixation
14:13:45.5081,877.9,192.5,fixation
14:13:45.5086,877.8,191.7,fixation
14:13:45.5091,877.8,191.5,fixation
14:13:45.5096,877.8,191.3,fixation
14:13:45.5101,878.2,191.2,fixation
14:13:45.5106,879.0,191.5,fixation
14:13:45.5111,879.8,191.8,fixation
14:13:45.5116,880.3,191.9,fixation
14:13:45.5121,880.3,193.0,fixation
14:13:45.5126,880.2,194.1,fixation
14:13:45.5131,880.0,195.3,fixation
14:13:45.5136,879.8,195.4,fixation
14:13:45.5141,879.8,195.9,fixation
14:13:45.5146,879.8,196.3,fixation
14:13:45.5151,879.6,195.0,fixation
14:13:45.5156,879.5,194.1,fixation
14:13:45.5161,879.3,193.0,fixation
14:13:45.5166,879.5,193.6,fixation
14:13:45.5171,879.7,193.7,fixation
14:13:45.5176,879.6,193.7,fixation
14:13:45.5181,879.2,193.7,fixation
14:13:45.5186,878.8,193.5,fixation
14:13:45.5191,879.1,193.4,fixation
14:13:45.5196,879.6,193.4,fixation
14:13:45.5201,880.4,193.2,fixation
14:13:45.5206,880.2,192.9,fixation
14:13:45.5211,879.7,192.8,fixation
14:13:45.5216,879.0,193.1,fixation
14:13:45.5221,879.1,194.4,fixation
14:13:45.5226,879.5,195.2,fixation
14:13:45.5231,880.1,195.8,fixation
14:13:45.5236,880.6,194.1,fixation
14:13:45.5241,881.8,192.2,fixation
14:13:45.5246,882.7,190.6,fixation
14:13:45.5251,883.2,190.1,fixation
14:13:45.5256,882.9,190.9,fixation
14:13:45.5261,882.6,192.1,fixation
14:13:45.5266,883.2,193.2,fixation
14:13:45.5271,883.8,193.6,fixation
14:13:45.5276,883.8,193.6,fixation
14:13:45.5281,883.2,193.2,fixation
14:13:45.5286,882.5,192.8,fixation
14:13:45.5291,882.2,191.9,fixation
14:13:45.5296,882.0,191.0,fixation
14:13:45.5301,882.0,189.8,fixation
14:13:45.5306,882.4,189.1,fixation
14:13:45.5311,882.8,188.8,fixation
14:13:45.5316,882.6,188.9,fixation
14:13:45.5321,881.9,190.5,fixation
14:13:45.5326,881.1,191.9,fixation
14:13:45.5331,880.3,193.0,fixation
14:13:45.5336,879.7,192.8,fixation
14:13:45.5341,879.1,192.8,fixation
14:13:45.5346,878.8,192.3,fixation
14:13:45.5351,878.6,191.5,fixation
14:13:45.5356,878.3,190.8,fixation
14:13:45.5361,878.0,190.9,fixation
14:13:45.5366,878.0,191.1,fixation
14:13:45.5371,878.4,191.5,fixation
14:13:45.5376,878.9,192.9,fixation
14:13:45.5381,879.3,194.1,fixation
14:13:45.5386,879.5,195.2,fixation
14:13:45.5391,879.7,194.5,fixation
14:13:45.5396,879.6,193.9,fixation
14:13:45.5401,879.5,193.3,fixation
14:13:45.5406,879.3,193.4,fixation
14:13:45.5411,879.2,193.1,fixation
14:13:45.5416,879.4,192.8,fixation
14:13:45.5421,879.6,192.3,fixation
14:13:45.5426,879.8,192.1,fixation
14:13:45.5431,879.6,193.0,fixation
14:13:45.5436,879.1,194.1,fixation
14:13:45.5441,878.8,194.7,fixation
14:13:45.5446,878.8,193.3,fixation
14:13:45.5451,878.8,191.8,fixation
14:13:45.5456,878.8,191.2,fixation
14:13:45.5461,878.7,191.8,fixation
14:13:45.5466,878.7,192.3,fixation
14:13:45.5471,878.7,192.4,fixation
14:13:45.5476,878.7,192.5,fixation
14:13:45.5481,878.6,192.3,fixation
14:13:45.5486,877.9,192.1,fixation
14:13:45.5491,877.2,193.2,fixation
14:13:45.5496,876.7,194.7,fixation
14:13:45.5501,876.7,196.2,fixation
14:13:45.5506,876.5,196.4,fixation
14:13:45.5511,876.3,196.1,fixation
14:13:45.5516,876.3,194.5,fixation
14:13:45.5521,877.1,193.2,fixation
14:13:45.5526,877.9,191.9,fixation
14:13:45.5531,878.4,191.9,fixation
14:13:45.5536,878.4,191.9,fixation
14:13:45.5541,878.4,191.9,fixation
14:13:45.5546,878.2,191.4,fixation
14:13:45.5551,878.1,190.8,fixation
14:13:45.5556,877.9,190.0,fixation
14:13:45.5561,878.1,189.4,fixation
14:13:45.5566,878.0,188.9,fixation
14:13:45.5571,877.8,190.0,fixation
14:13:45.5576,877.5,191.5,fixation
14:13:45.5581,877.2,193.1,fixation
14:13:45.5586,877.4,193.5,fixation
14:13:45.5591,877.9,193.9,fixation
14:13:45.5596,878.6,194.1,fixation
14:13:45.5601,878.7,195.5,fixation
14:13:45.5606,878.8,197.0,fixation
14:13:45.5611,878.7,196.8,fixation
14:13:45.5616,878.7,194.8,fixation
14:13:45.5621,878.7,192.9,fixation
14:13:45.5626,878.5,192.5,fixation
14:13:45.5631,877.8,192.6,fixation
14:13:45.5636,877.3,192.6,fixation
14:13:45.5641,877.1,192.5,fixation
14:13:45.5646,877.5,192.4,fixation
14:13:45.5651,877.7,192.3,fixation
14:13:45.5656,877.8,192.4,fixation
14:13:45.5661,877.6,193.0,fixation
14:13:45.5666,877.5,193.7,fixation
14:13:45.5671,877.3,192.4,fixation
14:13:45.5676,877.2,190.6,fixation
14:13:45.5681,877.4,190.0,fixation
14:13:45.5686,878.7,191.4,fixation
14:13:45.5691,879.8,191.5,fixation
14:13:45.5696,880.7,190.1,fixation
14:13:45.5701,880.3,190.2,fixation
14:13:45.5706,880.3,191.6,fixation
14:13:45.5711,880.1,193.8,fixation
14:13:45.5716,880.5,194.2,fixation
14:13:45.5721,880.8,194.3,fixation
14:13:45.5726,880.1,193.7,fixation
14:13:45.5731,879.0,193.3,fixation
14:13:45.5736,877.8,193.4,fixation
14:13:45.5741,877.8,193.4,fixation
14:13:45.5746,877.8,193.2,fixation
14:13:45.5751,877.8,193.0,fixation
14:13:45.5756,877.9,192.9,fixation
14:13:45.5761,877.8,193.4,fixation
14:13:45.5766,877.7,193.9,fixation
14:13:45.5771,877.6,194.7,fixation
14:13:45.5776,878.2,194.9,fixation
14:13:45.5781,878.6,194.8,fixation
14:13:45.5786,878.8,194.0,fixation
14:13:45.5791,878.9,193.3,fixation
14:13:45.5796,879.6,194.5,fixation
14:13:45.5801,880.4,196.0,fixation
14:13:45.5806,880.7,197.2,fixation
14:13:45.5811,880.6,196.8,fixation
14:13:45.5816,880.5,196.0,fixation
14:13:45.5821,880.5,195.3,fixation
14:13:45.5826,880.5,194.5,fixation
14:13:45.5831,881.4,193.5,fixation
14:13:45.5836,882.2,192.8,fixation
14:13:45.5841,882.9,192.3,fixation
14:13:45.5846,882.6,192.4,fixation
14:13:45.5851,881.9,191.9,fixation
14:13:45.5856,881.4,191.6,fixation
14:13:45.5861,881.0,191.5,fixation
14:13:45.5866,880.8,191.8,fixation
14:13:45.5871,880.2,191.9,fixation
14:13:45.5876,879.5,191.4,fixation
14:13:45.5881,879.1,190.9,fixation
14:13:45.5886,878.9,191.3,fixation
14:13:45.5891,878.8,192.4,fixation
14:13:45.5896,878.9,193.5,fixation
14:13:45.5901,879.1,194.0,fixation
14:13:45.5906,878.1,193.3,fixation
14:13:45.5911,877.1,192.6,fixation
14:13:45.5916,876.5,191.9,fixation
14:13:45.5921,877.0,191.4,fixation
14:13:45.5926,877.5,191.1,fixation
14:13:45.5931,878.3,190.8,fixation
14:13:45.5936,879.0,191.0,fixation
14:13:45.5941,879.6,190.6,fixation
14:13:45.5946,878.6,189.8,fixation
14:13:45.5951,877.8,189.0,fixation
14:13:45.5956,877.4,190.4,fixation
14:13:45.5961,877.8,192.2,fixation
14:13:45.5966,878.0,193.2,fixation
14:13:45.5971,878.2,191.7,fixation
14:13:45.5976,877.7,190.3,fixation
14:13:45.5981,877.0,191.7,fixation
14:13:45.5986,877.0,193.8,fixation
14:13:45.5991,877.7,195.6,fixation
14:13:45.5996,878.7,195.2,fixation
14:13:45.6001,879.1,194.3,fixation
14:13:45.6006,879.0,193.3,fixation
14:13:45.6011,878.9,192.5,fixation
14:13:45.6016,878.7,192.3,fixation
14:13:45.6021,879.0,192.5,fixation
14:13:45.6026,879.6,191.6,fixation
14:13:45.6031,880.2,190.5,fixation
14:13:45.6036,879.8,189.3,fixation
14:13:45.6041,879.1,189.4,fixation
14:13:45.6046,879.6,191.1,fixation
14:13:45.6051,880.8,192.6,fixation
14:13:45.6056,881.4,194.0,fixation
14:13:45.6061,880.8,193.3,fixation
14:13:45.6066,880.0,192.6,fixation
14:13:45.6071,880.0,191.2,fixation
14:13:45.6076,880.0,190.4,fixation
14:13:45.6081,880.1,190.7,fixation
14:13:45.6086,880.1,191.8,fixation
14:13:45.6091,879.7,192.9,fixation
14:13:45.6096,879.3,192.9,fixation
14:13:45.6101,878.7,193.0,fixation
14:13:45.6106,878.6,192.7,fixation
14:13:45.6111,879.1,192.4,fixation
14:13:45.6116,879.7,192.4,fixation
14:13:45.6121,880.2,192.6,fixation
14:13:45.6126,880.3,191.9,fixation
14:13:45.6131,880.3,191.1,fixation
14:13:45.6136,880.3,191.4,fixation
14:13:45.6141,880.3,192.7,fixation
14:13:45.6146,880.3,194.1,fixation
14:13:45.6151,880.3,195.3,fixation
14:13:45.6156,880.3,196.3,fixation
14:13:45.6161,879.9,195.7,fixation
14:13:45.6166,879.2,194.1,fixation
14:13:45.6171,878.5,192.9,fixation
14:13:45.6176,878.8,193.5,fixation
14:13:45.6181,879.4,194.0,fixation
14:13:45.6186,879.8,194.4,fixation
14:13:45.6191,879.2,194.7,fixation
14:13:45.6196,878.5,195.3,fixation
14:13:45.6201,878.1,195.8,fixation
14:13:45.6206,877.9,196.2,fixation
14:13:45.6211,878.0,195.8,fixation
14:13:45.6216,878.1,195.4,fixation
14:13:45.6221,877.6,194.6,fixation
14:13:45.6226,877.0,194.2,fixation
14:13:45.6231,877.1,194.3,fixation
14:13:45.6236,877.6,194.8,fixation
14:13:45.6241,878.3,195.1,fixation
14:13:45.6246,878.3,194.7,fixation
14:13:45.6251,878.4,194.4,fixation
14:13:45.6256,877.6,194.0,fixation
14:13:45.6261,876.5,193.7,fixation
14:13:45.6266,875.6,193.5,fixation
14:13:45.6271,875.5,194.3,fixation
14:13:45.6276,875.6,194.9,fixation
14:13:45.6281,875.7,195.4,fixation
14:13:45.6286,875.7,195.8,fixation
14:13:45.6291,875.9,196.2,fixation
14:13:45.6296,876.1,195.3,fixation
14:13:45.6301,876.5,194.0,fixation
14:13:45.6306,877.0,191.6,fixation
14:13:45.6311,877.3,190.5,fixation
14:13:45.6316,877.3,190.7,fixation
14:13:45.6321,877.2,191.9,fixation
14:13:45.6326,877.1,193.8,fixation
14:13:45.6331,877.2,194.6,fixation
14:13:45.6336,877.4,194.9,fixation
14:13:45.6341,877.5,194.7,fixation
14:13:45.6346,877.5,194.5,fixation
14:13:45.6351,877.4,194.8,fixation
14:13:45.6356,876.9,194.9,fixation
14:13:45.6361,876.6,193.7,fixation
14:13:45.6366,876.4,192.3,fixation
14:13:45.6371,876.7,190.9,fixation
14:13:45.6376,877.3,190.9,fixation
14:13:45.6381,877.5,190.7,fixation
14:13:45.6386,877.2,190.5,fixation
14:13:45.6391,876.3,192.8,fixation
14:13:45.6396,875.8,195.2,fixation
14:13:45.6401,875.9,196.2,fixation
14:13:45.6406,877.1,194.7,fixation
14:13:45.6411,878.3,193.3,fixation
14:13:45.6416,879.3,193.4,fixation
14:13:45.6421,879.4,193.6,fixation
14:13:45.6426,879.6,193.7,fixation
14:13:45.6431,879.7,193.7,fixation
14:13:45.6436,879.5,193.2,fixation
14:13:45.6441,878.8,192.1,fixation
14:13:45.6446,878.3,191.0,fixation
14:13:45.6451,877.9,192.0,fixation
14:13:45.6456,878.0,193.7,fixation
14:13:45.6461,877.9,195.4,fixation
14:13:45.6466,877.9,195.5,fixation
14:13:45.6471,877.6,195.4,fixation
14:13:45.6476,877.4,195.0,fixation
14:13:45.6481,877.4,194.5,fixation
14:13:45.6486,877.5,193.8,fixation
14:13:45.6491,878.0,193.5,fixation
14:13:45.6496,878.3,193.3,fixation
14:13:45.6501,878.6,193.3,fixation
14:13:45.6506,877.8,193.4,fixation
14:13:45.6511,877.0,193.5,fixation
14:13:45.6516,876.3,193.4,fixation
14:13:45.6521,876.1,193.2,fixation
14:13:45.6526,876.1,193.2,fixation
14:13:45.6531,876.2,193.2,fixation
14:13:45.6536,876.4,193.1,fixation
14:13:45.6541,876.8,192.9,fixation
14:13:45.6546,877.8,193.4,fixation
14:13:45.6551,878.7,194.0,fixation
14:13:45.6556,879.5,194.7,fixation
14:13:45.6561,879.5,195.6,fixation
14:13:45.6566,879.4,196.5,fixation
14:13:45.6571,879.4,197.9,fixation
14:13:45.6576,879.3,198.4,fixation
14:13:45.6581,879.3,196.2,fixation
14:13:45.6586,879.2,193.5,fixation
14:13:45.6591,879.6,192.5,fixation
14:13:45.6596,880.1,194.3,fixation
14:13:45.6601,880.5,196.1,fixation
14:13:45.6606,880.1,194.3,fixation
14:13:45.6611,879.7,192.5,fixation
14:13:45.6616,878.8,192.0,fixation
14:13:45.6621,878.4,193.2,fixation
14:13:45.6626,878.7,193.6,fixation
14:13:45.6631,879.4,192.1,fixation
14:13:45.6636,880.5,190.7,fixation
14:13:45.6641,880.9,189.7,fixation
14:13:45.6646,880.3,189.3,fixation
14:13:45.6651,879.5,189.8,fixation
14:13:45.6656,879.3,191.0,fixation
14:13:45.6661,880.3,192.3,fixation
14:13:45.6666,881.4,192.6,fixation
14:13:45.6671,881.8,191.9,fixation
14:13:45.6676,881.9,191.0,fixation
14:13:45.6681,881.9,189.8,fixation
14:13:45.6686,881.7,189.6,fixation
14:13:45.6691,880.7,189.4,fixation
14:13:45.6696,879.8,189.6,fixation
14:13:45.6701,879.0,189.8,fixation
14:13:45.6706,878.9,190.0,fixation
14:13:45.6711,878.9,190.0,fixation
14:13:45.6716,878.8,190.2,fixation
14:13:45.6721,878.2,190.4,fixation
14:13:45.6726,877.6,190.5,fixation
14:13:45.6731,878.1,190.4,fixation
14:13:45.6736,879.4,189.7,fixation
14:13:45.6741,879.5,189.0,fixation
14:13:45.6746,878.3,188.0,fixation
14:13:45.6751,877.0,187.6,fixation
14:13:45.6756,877.5,188.2,fixation
14:13:45.6761,878.2,189.3,fixation
14:13:45.6766,879.5,191.0,fixation
14:13:45.6771,880.2,192.0,fixation
14:13:45.6776,880.0,193.0,fixation
14:13:45.6781,878.5,193.3,fixation
14:13:45.6786,877.3,192.8,fixation
14:13:45.6791,877.0,191.9,fixation
14:13:45.6796,877.4,191.0,fixation
14:13:45.6801,877.8,190.7,fixation
14:13:45.6806,878.0,190.7,fixation
14:13:45.6811,878.0,192.4,fixation
14:13:45.6816,877.9,193.7,fixation
14:13:45.6821,876.1,194.5,fixation
14:13:45.6826,874.4,193.1,fixation
14:13:45.6831,872.8,194.0,saccade
14:13:45.6836,872.9,195.4,saccade
14:13:45.6841,873.3,195.6,saccade
14:13:45.6846,873.9,195.5,saccade
14:13:45.6851,875.5,194.0,saccade
14:13:45.6856,876.8,192.6,saccade
14:13:45.6861,878.8,191.1,saccade
14:13:45.6866,879.8,189.1,saccade
14:13:45.6871,878.6,187.1,saccade
14:13:45.6876,876.4,187.3,saccade
14:13:45.6881,874.1,189.5,saccade
14:13:45.6886,873.8,191.8,saccade
14:13:45.6891,873.1,192.3,saccade
14:13:45.6896,872.3,192.7,saccade
14:13:45.6901,870.2,191.8,saccade
14:13:45.6906,868.8,189.3,saccade
14:13:45.6911,864.9,186.9,saccade
14:13:45.6916,860.8,185.5,saccade
14:13:45.6921,856.4,185.3,saccade
14:13:45.6926,851.6,186.1,saccade
14:13:45.6931,846.6,187.6,saccade
14:13:45.6936,841.9,189.1,saccade
14:13:45.6941,839.0,189.2,saccade
14:13:45.6946,836.2,188.8,saccade
14:13:45.6951,831.6,188.6,saccade
14:13:45.6956,827.0,188.6,saccade
14:13:45.6961,823.2,189.0,saccade
14:13:45.6966,819.7,189.5,saccade
14:13:45.6971,816.8,190.0,saccade
14:13:45.6976,812.9,190.2,saccade
14:13:45.6981,808.7,190.1,saccade
14:13:45.6986,802.8,188.8,saccade
14:13:45.6991,798.6,187.6,saccade
14:13:45.6996,796.3,186.5,saccade
14:13:45.7001,793.5,186.7,saccade
14:13:45.7006,790.8,186.8,saccade
14:13:45.7011,786.4,186.9,saccade
14:13:45.7016,784.7,186.6,saccade
14:13:45.7021,781.4,186.2,saccade
14:13:45.7026,779.7,185.7,saccade
14:13:45.7031,776.8,186.7,saccade
14:13:45.7036,773.3,187.9,saccade
14:13:45.7041,770.2,188.2,saccade
14:13:45.7046,768.4,186.0,saccade
14:13:45.7051,768.9,184.1,saccade
14:13:45.7056,769.4,183.0,saccade
14:13:45.7061,769.1,183.2,saccade
14:13:45.7066,767.4,183.7,saccade
14:13:45.7071,765.7,184.2,saccade
14:13:45.7076,764.6,184.8,saccade
14:13:45.7081,764.8,185.0,saccade
14:13:45.7086,762.7,182.3,saccade
14:13:45.7091,760.6,179.4,saccade
14:13:45.7096,761.2,184.0,fixation
14:13:45.7101,762.0,187.8,fixation
14:13:45.7106,761.5,187.8,fixation
14:13:45.7111,760.5,186.9,fixation
14:13:45.7116,760.1,185.4,fixation
14:13:45.7121,759.2,183.9,fixation
14:13:45.7126,758.4,182.7,fixation
14:13:45.7131,757.6,181.9,fixation
14:13:45.7136,757.2,181.2,fixation
14:13:45.7141,757.1,182.5,fixation
14:13:45.7146,757.2,183.9,fixation
14:13:45.7151,757.4,185.2,fixation
14:13:45.7156,757.7,185.0,fixation
14:13:45.7161,758.0,184.0,fixation
14:13:45.7166,758.2,183.0,fixation
14:13:45.7171,758.2,181.6,fixation
14:13:45.7176,758.0,181.2,fixation
14:13:45.7181,758.0,180.7,fixation
14:13:45.7186,758.4,180.6,fixation
14:13:45.7191,758.8,181.2,fixation
14:13:45.7196,759.0,181.8,fixation
14:13:45.7201,758.7,183.4,fixation
14:13:45.7206,758.3,184.6,fixation
14:13:45.7211,758.1,185.7,fixation
14:13:45.7216,758.2,186.6,fixation
14:13:45.7221,758.2,187.6,fixation
14:13:45.7226,758.2,188.7,fixation
14:13:45.7231,758.1,188.8,fixation
14:13:45.7236,758.4,187.6,fixation
14:13:45.7241,758.7,186.2,fixation
14:13:45.7246,758.0,184.7,fixation
14:13:45.7251,757.0,184.4,fixation
14:13:45.7256,756.6,184.4,fixation
14:13:45.7261,757.2,184.5,fixation
14:13:45.7266,757.4,184.7,fixation
14:13:45.7271,757.1,185.1,fixation
14:13:45.7276,756.3,185.2,fixation
14:13:45.7281,756.1,184.7,fixation
14:13:45.7286,756.1,184.3,fixation
14:13:45.7291,756.3,184.5,fixation
14:13:45.7296,756.3,185.0,fixation
14:13:45.7301,756.3,185.2,fixation
14:13:45.7306,756.4,185.4,fixation
14:13:45.7311,756.5,185.8,fixation
14:13:45.7316,756.4,186.2,fixation
14:13:45.7321,756.5,185.5,fixation
14:13:45.7326,757.4,184.4,fixation
14:13:45.7331,758.9,183.4,fixation
14:13:45.7336,760.5,183.4,fixation
14:13:45.7341,761.3,183.5,fixation
14:13:45.7346,760.8,183.7,fixation
14:13:45.7351,760.0,184.0,fixation
14:13:45.7356,760.5,184.5,fixation
14:13:45.7361,761.7,185.4,fixation
14:13:45.7366,763.0,186.1,fixation
14:13:45.7371,762.7,186.3,fixation
14:13:45.7376,762.3,186.1,fixation
14:13:45.7381,761.7,185.9,fixation
14:13:45.7386,761.3,186.0,fixation
14:13:45.7391,761.3,186.7,fixation
14:13:45.7396,761.4,187.5,fixation
14:13:45.7401,760.4,188.3,fixation
14:13:45.7406,759.7,187.0,fixation
14:13:45.7411,758.9,186.0,fixation
14:13:45.7416,759.1,185.4,fixation
14:13:45.7421,759.5,185.8,fixation
14:13:45.7426,760.2,185.6,fixation
14:13:45.7431,760.8,185.0,fixation
14:13:45.7436,760.5,184.6,fixation
14:13:45.7441,760.2,184.2,fixation
14:13:45.7446,760.1,183.8,fixation
14:13:45.7451,760.3,183.7,fixation
14:13:45.7456,760.1,183.7,fixation
14:13:45.7461,759.6,183.7,fixation
14:13:45.7466,759.5,183.5,fixation
14:13:45.7471,759.8,183.6,fixation
14:13:45.7476,759.4,183.8,fixation
14:13:45.7481,758.3,184.3,fixation
14:13:45.7486,757.2,184.8,fixation
14:13:45.7491,757.9,183.5,fixation
14:13:45.7496,759.0,181.9,fixation
14:13:45.7501,759.4,180.6,fixation
14:13:45.7506,758.6,180.8,fixation
14:13:45.7511,758.1,181.1,fixation
14:13:45.7516,758.5,182.1,fixation
14:13:45.7521,758.9,183.1,fixation
14:13:45.7526,758.9,184.1,fixation
14:13:45.7531,758.9,184.0,fixation
14:13:45.7536,758.9,184.0,fixation
14:13:45.7541,758.6,183.8,fixation
14:13:45.7546,758.1,183.4,fixation
14:13:45.7551,758.0,182.9,fixation
14:13:45.7556,757.8,182.7,fixation
14:13:45.7561,757.4,182.7,fixation
14:13:45.7566,756.7,182.0,fixation
14:13:45.7571,756.7,181.3,fixation
14:13:45.7576,757.2,180.4,fixation
14:13:45.7581,758.5,180.2,fixation
14:13:45.7586,759.5,180.1,fixation
14:13:45.7591,760.4,180.7,fixation
14:13:45.7596,760.5,181.6,fixation
14:13:45.7601,759.6,182.2,fixation
14:13:45.7606,758.7,182.1,fixation
14:13:45.7611,757.7,182.2,fixation
14:13:45.7616,757.5,183.1,fixation
14:13:45.7621,757.4,184.0,fixation
14:13:45.7626,758.0,184.8,fixation
14:13:45.7631,758.6,185.1,fixation
14:13:45.7636,759.1,185.4,fixation
14:13:45.7641,759.0,185.3,fixation
14:13:45.7646,758.8,185.2,fixation
14:13:45.7651,758.7,185.6,fixation
14:13:45.7656,758.7,185.9,fixation
14:13:45.7661,759.2,185.8,fixation
14:13:45.7666,759.7,185.0,fixation
14:13:45.7671,759.9,184.3,fixation
14:13:45.7676,759.6,184.2,fixation
14:13:45.7681,759.3,183.6,fixation
14:13:45.7686,759.2,183.0,fixation
14:13:45.7691,758.5,182.8,fixation
14:13:45.7696,758.1,183.1,fixation
14:13:45.7701,757.7,183.6,fixation
14:13:45.7706,758.0,183.8,fixation
14:13:45.7711,758.4,183.7,fixation
14:13:45.7716,758.8,183.2,fixation
14:13:45.7721,758.9,182.7,fixation
14:13:45.7726,758.7,182.8,fixation
14:13:45.7731,758.5,183.0,fixation
14:13:45.7736,758.5,182.7,fixation
14:13:45.7741,758.9,182.1,fixation
14:13:45.7746,759.2,181.8,fixation
14:13:45.7751,759.5,182.1,fixation
14:13:45.7756,759.5,182.4,fixation
14:13:45.7761,759.3,182.6,fixation
14:13:45.7766,759.1,182.8,fixation
14:13:45.7771,758.8,182.9,fixation
14:13:45.7776,758.7,182.6,fixation
14:13:45.7781,758.8,182.2,fixation
14:13:45.7786,759.0,181.2,fixation
14:13:45.7791,758.8,180.4,fixation
14:13:45.7796,758.2,180.4,fixation
14:13:45.7801,757.6,180.9,fixation
14:13:45.7806,757.4,181.4,fixation
14:13:45.7811,758.2,182.7,fixation
14:13:45.7816,759.0,184.0,fixation
14:13:45.7821,759.7,185.0,fixation
14:13:45.7826,759.7,184.4,fixation
14:13:45.7831,759.7,182.6,fixation
14:13:45.7836,759.8,181.1,fixation
14:13:45.7841,759.9,179.4,fixation
14:13:45.7846,760.3,179.2,fixation
14:13:45.7851,760.6,179.0,fixation
14:13:45.7856,759.6,179.2,fixation
14:13:45.7861,758.3,179.1,fixation
14:13:45.7866,757.0,178.8,fixation
14:13:45.7871,756.5,178.8,fixation
14:13:45.7876,756.0,179.2,fixation
14:13:45.7881,755.9,180.2,fixation
14:13:45.7886,756.5,181.6,fixation
14:13:45.7891,757.0,183.3,fixation
14:13:45.7896,757.2,184.6,fixation
14:13:45.7901,757.2,185.0,fixation
14:13:45.7906,758.0,184.7,fixation
14:13:45.7911,758.6,184.5,fixation
14:13:45.7916,759.2,183.8,fixation
14:13:45.7921,759.1,183.2,fixation
14:13:45.7926,759.0,183.2,fixation
14:13:45.7931,758.9,183.9,fixation
14:13:45.7936,759.1,184.6,fixation
14:13:45.7941,759.3,184.6,fixation
14:13:45.7946,759.6,184.1,fixation
14:13:45.7951,758.9,183.6,fixation
14:13:45.7956,757.7,184.1,fixation
14:13:45.7961,756.4,185.1,fixation
14:13:45.7966,756.6,185.4,fixation
14:13:45.7971,757.9,184.8,fixation
14:13:45.7976,759.1,184.3,fixation
14:13:45.7981,759.2,184.7,fixation
14:13:45.7986,758.1,184.7,fixation
14:13:45.7991,757.2,184.6,fixation
14:13:45.7996,756.8,184.2,fixation
14:13:45.8001,757.3,182.6,fixation
14:13:45.8006,757.6,181.0,fixation
14:13:45.8011,757.9,180.7,fixation
14:13:45.8016,758.1,181.9,fixation
14:13:45.8021,758.1,183.0,fixation
14:13:45.8026,757.8,182.9,fixation
14:13:45.8031,757.4,183.2,fixation
14:13:45.8036,757.2,183.9,fixation
14:13:45.8041,757.0,184.5,fixation
14:13:45.8046,757.0,184.6,fixation
14:13:45.8051,756.4,183.4,fixation
14:13:45.8056,755.9,182.2,fixation
14:13:45.8061,755.3,181.0,fixation
14:13:45.8066,756.7,180.9,fixation
14:13:45.8071,757.9,182.1,fixation
14:13:45.8076,759.7,183.3,fixation
14:13:45.8081,760.2,184.6,fixation
14:13:45.8086,760.8,184.2,fixation
14:13:45.8091,759.7,183.8,fixation
14:13:45.8096,758.6,183.4,fixation
14:13:45.8101,757.6,183.4,fixation
14:13:45.8106,757.7,183.5,fixation
14:13:45.8111,757.9,183.4,fixation
14:13:45.8116,758.0,183.4,fixation
14:13:45.8121,758.6,183.3,fixation
14:13:45.8126,759.2,183.4,fixation
14:13:45.8131,758.1,183.5,fixation
14:13:45.8136,756.3,183.7,fixation
14:13:45.8141,754.5,184.0,fixation
14:13:45.8146,754.5,184.3,fixation
14:13:45.8151,754.2,183.4,fixation
14:13:45.8156,753.9,182.5,fixation
14:13:45.8161,754.5,182.0,fixation
14:13:45.8166,755.3,182.8,fixation
14:13:45.8171,756.1,183.5,fixation
14:13:45.8176,756.2,182.8,fixation
14:13:45.8181,756.5,181.7,fixation
14:13:45.8186,756.7,180.3,fixation
14:13:45.8191,757.1,180.1,fixation
14:13:45.8196,757.4,179.5,fixation
14:13:45.8201,757.9,179.1,fixation
14:13:45.8206,757.9,181.2,fixation
14:13:45.8211,757.4,183.7,fixation
14:13:45.8216,756.7,186.1,fixation
14:13:45.8221,756.3,185.9,fixation
14:13:45.8226,756.7,184.7,fixation
14:13:45.8231,757.1,183.3,fixation
14:13:45.8236,757.4,182.0,fixation
14:13:45.8241,757.0,182.0,fixation
14:13:45.8246,756.7,182.7,fixation
14:13:45.8251,756.7,183.4,fixation
14:13:45.8256,757.0,184.1,fixation
14:13:45.8261,757.4,184.9,fixation
14:13:45.8266,758.6,185.5,fixation
14:13:45.8271,759.8,185.7,fixation
14:13:45.8276,760.2,184.7,fixation
14:13:45.8281,759.0,183.7,fixation
14:13:45.8286,757.6,183.8,fixation
14:13:45.8291,757.3,184.8,fixation
14:13:45.8296,757.5,184.0,fixation
14:13:45.8301,757.4,182.3,fixation
14:13:45.8306,757.1,181.9,fixation
14:13:45.8311,756.6,183.2,fixation
14:13:45.8316,756.8,185.3,fixation
14:13:45.8321,757.6,186.2,fixation
14:13:45.8326,758.3,187.1,fixation
14:13:45.8331,758.6,186.6,fixation
14:13:45.8336,757.9,186.4,fixation
14:13:45.8341,757.1,186.2,fixation
14:13:45.8346,756.3,186.2,fixation
14:13:45.8351,755.9,185.9,fixation
14:13:45.8356,755.9,185.5,fixation
14:13:45.8361,755.7,185.6,fixation
14:13:45.8366,755.7,185.7,fixation
14:13:45.8371,755.7,185.8,fixation
14:13:45.8376,755.7,185.8,fixation
14:13:45.8381,754.2,185.7,fixation
14:13:45.8386,752.6,186.7,fixation
14:13:45.8391,750.7,187.7,fixation
14:13:45.8396,750.3,189.0,fixation
14:13:45.8401,751.6,189.4,fixation
14:13:45.8406,753.1,188.1,fixation
14:13:45.8411,754.8,186.5,fixation
14:13:45.8416,755.0,184.9,fixation
14:13:45.8421,755.6,184.9,fixation
14:13:45.8426,756.7,185.6,fixation
14:13:45.8431,757.7,187.1,fixation
14:13:45.8436,758.6,189.2,fixation
14:13:45.8441,758.9,190.6,fixation
14:13:45.8446,757.7,190.7,fixation
14:13:45.8451,756.4,189.4,fixation
14:13:45.8456,755.0,187.9,fixation
14:13:45.8461,755.7,186.7,fixation
14:13:45.8466,756.3,186.2,fixation
14:13:45.8471,756.6,185.9,fixation
14:13:45.8476,756.7,186.1,fixation
14:13:45.8481,756.9,186.3,fixation
14:13:45.8486,757.2,186.3,fixation
14:13:45.8491,757.2,186.2,fixation
14:13:45.8496,756.7,186.4,fixation
14:13:45.8501,756.1,187.5,fixation
14:13:45.8506,755.4,189.7,fixation
14:13:45.8511,755.1,191.5,fixation
14:13:45.8516,755.3,191.3,fixation
14:13:45.8521,755.8,189.8,fixation
14:13:45.8526,756.3,188.3,fixation
14:13:45.8531,756.3,187.2,fixation
14:13:45.8536,756.2,186.4,fixation
14:13:45.8541,756.9,185.7,fixation
14:13:45.8546,757.7,185.9,fixation
14:13:45.8551,757.8,185.9,fixation
14:13:45.8556,757.2,184.6,fixation
14:13:45.8561,756.8,183.3,fixation
14:13:45.8566,757.1,182.4,fixation
14:13:45.8571,758.2,183.0,fixation
14:13:45.8576,759.1,183.5,fixation
14:13:45.8581,760.0,181.7,fixation
14:13:45.8586,759.9,179.6,fixation
14:13:45.8591,759.9,177.7,fixation
14:13:45.8596,759.4,177.8,fixation
14:13:45.8601,758.6,178.8,fixation
14:13:45.8606,757.7,180.8,fixation
14:13:45.8611,756.6,182.6,fixation
14:13:45.8616,755.9,183.4,fixation
14:13:45.8621,756.4,183.2,fixation
14:13:45.8626,757.5,183.1,fixation
14:13:45.8631,758.6,183.1,fixation
14:13:45.8636,758.4,183.1,fixation
14:13:45.8641,758.6,182.8,fixation
14:13:45.8646,758.7,182.6,fixation
14:13:45.8651,758.8,182.3,fixation
14:13:45.8656,758.9,182.3,fixation
14:13:45.8661,759.1,182.5,fixation
14:13:45.8666,758.6,182.8,fixation
14:13:45.8671,757.4,183.4,fixation
14:13:45.8676,756.3,183.8,fixation
14:13:45.8681,757.2,184.0,fixation
14:13:45.8686,758.4,184.0,fixation
14:13:45.8691,759.6,184.0,fixation
14:13:45.8696,758.9,184.1,fixation
14:13:45.8701,757.9,185.4,fixation
14:13:45.8706,756.9,186.7,fixation
14:13:45.8711,756.9,186.2,fixation
14:13:45.8716,757.1,184.4,fixation
14:13:45.8721,757.1,182.7,fixation
14:13:45.8726,756.8,183.6,fixation
14:13:45.8731,756.6,185.9,fixation
14:13:45.8736,756.3,187.7,fixation
14:13:45.8741,755.9,188.3,fixation
14:13:45.8746,755.8,185.5,fixation
14:13:45.8751,756.2,183.2,fixation
14:13:45.8756,756.9,183.0,fixation
14:13:45.8761,756.7,184.5,fixation
14:13:45.8766,755.7,186.3,fixation
14:13:45.8771,754.7,186.4,fixation
14:13:45.8776,754.5,186.8,fixation
14:13:45.8781,754.6,187.2,fixation
14:13:45.8786,754.8,186.6,fixation
14:13:45.8791,755.0,185.7,fixation
14:13:45.8796,755.7,185.9,fixation
14:13:45.8801,756.4,186.8,fixation
14:13:45.8806,757.2,187.6,fixation
14:13:45.8811,757.0,187.3,fixation
14:13:45.8816,756.6,187.1,fixation
14:13:45.8821,756.0,187.0,fixation
14:13:45.8826,755.6,186.2,fixation
14:13:45.8831,755.7,185.3,fixation
14:13:45.8836,756.3,184.4,fixation
14:13:45.8841,756.7,185.0,fixation
14:13:45.8846,757.3,185.6,fixation
14:13:45.8851,757.6,186.3,fixation
14:13:45.8856,758.1,186.6,fixation
14:13:45.8861,758.3,186.8,fixation
14:13:45.8866,758.6,186.6,fixation
14:13:45.8871,758.9,186.2,fixation
14:13:45.8876,759.0,185.9,fixation
14:13:45.8881,759.2,186.0,fixation
14:13:45.8886,759.5,186.1,fixation
14:13:45.8891,759.7,186.1,fixation
14:13:45.8896,760.0,186.0,fixation
14:13:45.8901,760.3,185.8,fixation
14:13:45.8906,761.0,185.6,fixation
14:13:45.8911,761.5,186.5,fixation
14:13:45.8916,761.8,187.5,fixation
14:13:45.8921,761.8,187.1,fixation
14:13:45.8926,761.8,185.7,fixation
14:13:45.8931,761.6,184.3,fixation
14:13:45.8936,760.3,184.4,fixation
14:13:45.8941,759.1,184.7,fixation
14:13:45.8946,757.7,185.0,fixation
14:13:45.8951,757.5,185.2,fixation
14:13:45.8956,758.0,186.5,fixation
14:13:45.8961,758.7,187.7,fixation
14:13:45.8966,758.5,187.4,fixation
14:13:45.8971,757.7,185.7,fixation
14:13:45.8976,756.9,184.1,fixation
14:13:45.8981,757.3,184.8,fixation
14:13:45.8986,757.8,185.6,fixation
14:13:45.8991,757.7,186.2,fixation
14:13:45.8996,756.7,185.9,fixation
14:13:45.9001,755.8,185.5,fixation
14:13:45.9006,755.4,185.2,fixation
14:13:45.9011,755.3,185.0,fixation
14:13:45.9016,755.1,184.8,fixation
14:13:45.9021,756.0,185.8,fixation
14:13:45.9026,757.1,186.9,fixation
14:13:45.9031,758.3,187.6,fixation
14:13:45.9036,758.4,187.0,fixation
14:13:45.9041,758.5,186.0,fixation
14:13:45.9046,758.6,185.4,fixation
14:13:45.9051,758.8,185.1,fixation
14:13:45.9056,759.8,184.4,fixation
14:13:45.9061,760.7,183.1,fixation
14:13:45.9066,761.7,181.8,fixation
14:13:45.9071,761.8,181.7,fixation
14:13:45.9076,761.9,182.6,fixation
14:13:45.9081,762.0,183.5,fixation
14:13:45.9086,762.2,183.9,fixation
14:13:45.9091,763.1,183.9,fixation
14:13:45.9096,763.7,185.0,fixation
14:13:45.9101,762.8,186.2,fixation
14:13:45.9106,761.0,187.6,fixation
14:13:45.9111,759.4,188.1,fixation
14:13:45.9116,758.9,188.6,fixation
14:13:45.9121,758.6,186.0,fixation
14:13:45.9126,758.3,183.1,fixation
14:13:45.9131,758.3,180.0,fixation
14:13:45.9136,758.2,179.9,fixation
14:13:45.9141,758.7,180.9,fixation
14:13:45.9146,759.3,182.1,fixation
14:13:45.9151,759.3,183.2,fixation
14:13:45.9156,757.5,183.4,fixation
14:13:45.9161,755.8,183.6,fixation
14:13:45.9166,754.8,183.7,fixation
14:13:45.9171,756.6,184.3,fixation
14:13:45.9176,758.4,184.9,fixation
14:13:45.9181,760.0,185.6,fixation
14:13:45.9186,759.9,185.0,fixation
14:13:45.9191,760.0,184.3,fixation
14:13:45.9196,760.2,183.7,fixation
14:13:45.9201,760.3,183.7,fixation
14:13:45.9206,760.2,183.3,fixation
14:13:45.9211,760.1,182.5,fixation
14:13:45.9216,760.1,181.7,fixation
14:13:45.9221,760.0,181.3,fixation
14:13:45.9226,760.1,181.5,fixation
14:13:45.9231,760.3,183.5,fixation
14:13:45.9236,759.9,185.5,fixation
14:13:45.9241,759.4,187.0,fixation
14:13:45.9246,758.9,186.3,fixation
14:13:45.9251,759.3,185.6,fixation
14:13:45.9256,759.5,185.2,fixation
14:13:45.9261,759.7,185.2,fixation
14:13:45.9266,759.5,187.1,fixation
14:13:45.9271,760.2,189.0,fixation
14:13:45.9276,761.0,190.2,fixation
14:13:45.9281,762.3,187.2,fixation
14:13:45.9286,762.7,184.2,fixation
14:13:45.9291,762.3,183.8,fixation
14:13:45.9296,761.4,185.6,fixation
14:13:45.9301,760.6,187.1,fixation
14:13:45.9306,760.3,185.0,fixation
14:13:45.9311,760.1,182.9,fixation
14:13:45.9316,759.8,182.0,fixation
14:13:45.9321,759.5,182.7,fixation
14:13:45.9326,759.2,183.3,fixation
14:13:45.9331,758.8,183.7,fixation
14:13:45.9336,758.6,184.5,fixation
14:13:45.9341,758.5,185.3,fixation
14:13:45.9346,758.7,184.8,fixation
14:13:45.9351,759.7,184.0,fixation
14:13:45.9356,760.6,183.3,fixation
14:13:45.9361,761.4,183.2,fixation
14:13:45.9366,761.3,183.7,fixation
14:13:45.9371,761.2,184.8,fixation
14:13:45.9376,760.7,186.1,fixation
14:13:45.9381,760.2,186.9,fixation
14:13:45.9386,760.2,187.2,fixation
14:13:45.9391,760.5,188.0,fixation
14:13:45.9396,760.4,188.8,fixation
14:13:45.9401,760.0,188.4,fixation
14:13:45.9406,759.9,187.0,fixation
14:13:45.9411,760.7,185.3,fixation
14:13:45.9416,762.1,184.8,fixation
14:13:45.9421,763.4,184.8,fixation
14:13:45.9426,764.2,185.3,fixation
14:13:45.9431,763.9,185.7,fixation
14:13:45.9436,762.8,185.9,fixation
14:13:45.9441,761.7,186.7,fixation
14:13:45.9446,760.8,188.0,fixation
14:13:45.9451,760.9,189.2,fixation
14:13:45.9456,761.1,189.7,fixation
14:13:45.9461,761.4,189.2,fixation
14:13:45.9466,761.5,188.3,fixation
14:13:45.9471,760.2,187.3,fixation
14:13:45.9476,758.7,186.5,fixation
14:13:45.9481,757.8,186.0,fixation
14:13:45.9486,758.3,185.5,fixation
14:13:45.9491,759.4,185.9,fixation
14:13:45.9496,760.0,187.5,fixation
14:13:45.9501,760.6,189.0,fixation
14:13:45.9506,760.9,188.7,fixation
14:13:45.9511,761.7,187.4,fixation
14:13:45.9516,762.4,186.0,fixation
14:13:45.9521,763.4,186.0,fixation
14:13:45.9526,763.8,185.5,fixation
14:13:45.9531,764.4,184.6,fixation
14:13:45.9536,764.5,183.7,fixation
14:13:45.9541,764.6,183.6,fixation
14:13:45.9546,764.2,184.5,fixation
14:13:45.9551,763.7,185.1,fixation
14:13:45.9556,763.2,185.4,fixation
14:13:45.9561,763.0,185.4,fixation
14:13:45.9566,762.1,187.0,fixation
14:13:45.9571,761.0,188.5,fixation
14:13:45.9576,760.0,189.8,fixation
14:13:45.9581,759.8,189.8,fixation
14:13:45.9586,759.6,190.2,fixation
14:13:45.9591,760.2,190.8,fixation
14:13:45.9596,761.0,191.1,fixation
14:13:45.9601,762.1,190.6,fixation
14:13:45.9606,762.5,189.3,fixation
14:13:45.9611,762.5,187.1,fixation
14:13:45.9616,762.0,185.2,fixation
14:13:45.9621,761.4,183.5,fixation
14:13:45.9626,762.1,182.9,fixation
14:13:45.9631,763.0,182.6,fixation
14:13:45.9636,763.9,183.2,fixation
14:13:45.9641,763.8,185.1,fixation
14:13:45.9646,763.6,186.6,fixation
14:13:45.9651,762.4,188.0,fixation
14:13:45.9656,761.2,189.6,fixation
14:13:45.9661,760.2,191.2,fixation
14:13:45.9666,760.5,192.5,fixation
14:13:45.9671,761.0,192.2,fixation
14:13:45.9676,761.3,192.2,fixation
14:13:45.9681,761.5,192.2,fixation
14:13:45.9686,762.3,192.5,fixation
14:13:45.9691,763.1,192.6,fixation
14:13:45.9696,763.6,190.6,fixation
14:13:45.9701,763.2,188.5,fixation
14:13:45.9706,762.7,187.4,fixation
14:13:45.9711,762.3,188.1,fixation
14:13:45.9716,762.1,188.8,fixation
14:13:45.9721,762.5,189.2,fixation
14:13:45.9726,762.9,190.7,fixation
14:13:45.9731,763.4,192.1,fixation
14:13:45.9736,763.0,191.9,fixation
14:13:45.9741,762.1,191.1,fixation
14:13:45.9746,761.2,190.3,fixation
14:13:45.9751,761.9,190.2,fixation
14:13:45.9756,763.2,189.7,fixation
14:13:45.9761,764.5,187.7,fixation
14:13:45.9766,764.4,186.0,fixation
14:13:45.9771,764.2,185.6,fixation
14:13:45.9776,763.9,187.5,fixation
14:13:45.9781,763.8,189.3,fixation
14:13:45.9786,763.9,190.2,fixation
14:13:45.9791,763.6,190.4,fixation
14:13:45.9796,763.4,188.9,fixation
14:13:45.9801,762.8,187.1,fixation
14:13:45.9806,762.3,188.3,fixation
14:13:45.9811,763.3,191.7,fixation
14:13:45.9816,764.6,195.2,fixation
14:13:45.9821,766.2,194.8,fixation
14:13:45.9826,766.1,193.9,fixation
14:13:45.9831,765.4,193.0,fixation
14:13:45.9836,764.6,192.6,fixation
14:13:45.9841,763.6,192.2,fixation
14:13:45.9846,763.2,192.1,fixation
14:13:45.9851,763.6,192.3,fixation
14:13:45.9856,764.4,192.6,fixation
14:13:45.9861,765.2,192.6,fixation
14:13:45.9866,765.2,191.7,fixation
14:13:45.9871,765.2,190.9,fixation
14:13:45.9876,765.1,190.0,fixation
14:13:45.9881,764.9,191.0,fixation
14:13:45.9886,764.7,191.6,fixation
14:13:45.9891,764.5,192.1,fixation
14:13:45.9896,764.5,191.3,fixation
14:13:45.9901,765.5,190.8,fixation
14:13:45.9906,766.4,190.2,fixation
14:13:45.9911,767.4,189.8,fixation
14:13:45.9916,767.3,190.5,fixation
14:13:45.9921,766.8,191.6,fixation
14:13:45.9926,766.5,191.9,fixation
14:13:45.9931,766.2,190.4,fixation
14:13:45.9936,766.8,188.9,fixation
14:13:45.9941,767.3,188.0,fixation
14:13:45.9946,767.9,187.7,fixation
14:13:45.9951,768.0,188.2,fixation
14:13:45.9956,767.1,190.1,fixation
14:13:45.9961,765.2,192.1,fixation
14:13:45.9966,763.0,192.3,fixation
14:13:45.9971,761.8,191.2,fixation
14:13:45.9976,762.3,190.2,fixation
14:13:45.9981,763.0,190.7,fixation
14:13:45.9986,764.0,191.3,fixation
14:13:45.9991,764.6,191.7,fixation
14:13:45.9996,765.3,190.2,fixation
14:13:46.0001,765.2,188.7,fixation
14:13:46.0006,764.8,187.8,fixation
14:13:46.0011,764.8,188.3,fixation
14:13:46.0016,765.2,190.0,fixation
14:13:46.0021,765.5,191.5,fixation
14:13:46.0026,765.7,192.7,fixation
14:13:46.0031,766.0,193.5,fixation
14:13:46.0036,766.0,194.2,fixation
14:13:46.0041,765.8,194.9,fixation
14:13:46.0046,765.4,195.0,fixation
14:13:46.0051,765.3,195.3,fixation
14:13:46.0056,765.2,195.5,fixation
14:13:46.0061,765.1,195.7,fixation
14:13:46.0066,763.3,192.9,fixation
14:13:46.0071,761.4,190.2,fixation
14:13:46.0076,761.4,189.1,fixation
14:13:46.0081,764.0,190.0,fixation
14:13:46.0086,766.7,190.6,fixation
14:13:46.0091,767.5,189.7,fixation
14:13:46.0096,767.5,190.1,fixation
14:13:46.0101,767.4,190.5,fixation
14:13:46.0106,767.3,190.9,fixation
14:13:46.0111,767.2,191.1,fixation
14:13:46.0116,767.0,191.8,fixation
14:13:46.0121,766.9,192.5,fixation
14:13:46.0126,766.8,192.8,fixation
14:13:46.0131,766.7,193.1,fixation
14:13:46.0136,766.5,192.9,fixation
14:13:46.0141,765.5,192.3,fixation
14:13:46.0146,764.7,191.8,fixation
14:13:46.0151,764.4,192.0,fixation
14:13:46.0156,764.8,192.1,fixation
14:13:46.0161,765.1,192.0,fixation
14:13:46.0166,763.6,191.8,fixation
14:13:46.0171,762.1,191.7,fixation
14:13:46.0176,761.4,189.4,fixation
14:13:46.0181,762.6,187.2,fixation
14:13:46.0186,764.7,187.0,fixation
14:13:46.0191,766.3,189.1,fixation
14:13:46.0196,766.0,192.8,fixation
14:13:46.0201,764.7,194.5,fixation
14:13:46.0206,764.3,196.0,fixation
14:13:46.0211,765.1,195.8,fixation
14:13:46.0216,766.0,195.7,fixation
14:13:46.0221,765.9,194.7,fixation
14:13:46.0226,765.7,194.0,fixation
14:13:46.0231,764.6,193.2,fixation
14:13:46.0236,763.7,193.3,fixation
14:13:46.0241,763.0,193.3,fixation
14:13:46.0246,763.4,192.8,fixation
14:13:46.0251,763.8,192.0,fixation
14:13:46.0256,764.1,191.2,fixation
14:13:46.0261,764.0,190.5,fixation
14:13:46.0266,763.9,190.1,fixation
14:13:46.0271,763.6,189.8,fixation
14:13:46.0276,763.4,189.7,fixation
14:13:46.0281,763.1,189.6,fixation
14:13:46.0286,762.9,189.5,fixation
14:13:46.0291,762.5,190.0,fixation
14:13:46.0296,761.9,190.6,fixation
14:13:46.0301,761.5,191.1,fixation
14:13:46.0306,762.2,192.2,fixation
14:13:46.0311,763.1,193.2,fixation
14:13:46.0316,764.2,193.2,fixation
14:13:46.0321,764.4,192.2,fixation
14:13:46.0326,764.5,191.2,fixation
14:13:46.0331,764.1,191.0,fixation
14:13:46.0336,763.7,191.0,fixation
14:13:46.0341,763.4,191.3,fixation
14:13:46.0346,763.1,191.7,fixation
14:13:46.0351,762.8,191.9,fixation
14:13:46.0356,762.8,192.2,fixation
14:13:46.0361,763.2,192.8,fixation
14:13:46.0366,763.8,193.2,fixation
14:13:46.0371,764.3,193.3,fixation
14:13:46.0376,764.5,193.1,fixation
14:13:46.0381,765.5,193.1,fixation
14:13:46.0386,766.4,193.1,fixation
14:13:46.0391,767.1,193.1,fixation
14:13:46.0396,766.2,193.1,fixation
14:13:46.0401,765.5,193.0,fixation
14:13:46.0406,764.8,192.8,fixation
14:13:46.0411,764.7,192.2,fixation
14:13:46.0416,764.3,191.2,fixation
14:13:46.0421,763.9,190.3,fixation
14:13:46.0426,763.6,189.3,fixation
14:13:46.0431,763.5,188.9,fixation
14:13:46.0436,764.4,190.5,fixation
14:13:46.0441,765.4,192.7,fixation
14:13:46.0446,766.5,193.4,fixation
14:13:46.0451,766.4,192.0,fixation
14:13:46.0456,766.3,191.4,fixation
14:13:46.0461,765.5,192.2,fixation
14:13:46.0466,764.7,193.8,fixation
14:13:46.0471,764.1,194.7,fixation
14:13:46.0476,764.9,195.6,fixation
14:13:46.0481,765.6,195.6,fixation
14:13:46.0486,766.5,195.6,fixation
14:13:46.0491,766.8,195.4,fixation
14:13:46.0496,767.1,195.7,fixation
14:13:46.0501,767.0,196.0,fixation
14:13:46.0506,765.4,194.1,fixation
14:13:46.0511,763.4,191.7,fixation
14:13:46.0516,761.3,189.8,fixation
14:13:46.0521,762.0,190.8,fixation
14:13:46.0526,763.4,191.9,fixation
14:13:46.0531,765.2,193.3,fixation
14:13:46.0536,766.1,194.1,fixation
14:13:46.0541,766.7,194.8,fixation
14:13:46.0546,766.8,194.5,fixation
14:13:46.0551,766.4,194.4,fixation
14:13:46.0556,766.4,194.7,fixation
14:13:46.0561,766.6,195.3,fixation
14:13:46.0566,767.1,195.5,fixation
14:13:46.0571,767.1,195.5,fixation
14:13:46.0576,767.1,195.7,fixation
14:13:46.0581,766.5,195.9,fixation
14:13:46.0586,765.8,196.2,fixation
14:13:46.0591,765.2,196.5,fixation
14:13:46.0596,765.0,196.5,fixation
14:13:46.0601,764.7,196.0,fixation
14:13:46.0606,765.1,193.7,fixation
14:13:46.0611,766.2,191.8,fixation
14:13:46.0616,767.5,190.5,fixation
14:13:46.0621,767.9,191.0,fixation
14:13:46.0626,767.8,191.9,fixation
14:13:46.0631,767.0,192.9,fixation
14:13:46.0636,766.0,194.1,fixation
14:13:46.0641,765.1,194.9,fixation
14:13:46.0646,764.8,195.4,fixation
14:13:46.0651,764.7,195.5,fixation
14:13:46.0656,764.6,195.6,fixation
14:13:46.0661,764.8,196.0,fixation
14:13:46.0666,764.9,196.3,fixation
14:13:46.0671,765.5,196.0,fixation
14:13:46.0676,766.0,194.6,fixation
14:13:46.0681,766.0,192.1,fixation
14:13:46.0686,765.5,190.3,fixation
14:13:46.0691,765.4,191.3,fixation
14:13:46.0696,765.9,193.6,fixation
14:13:46.0701,764.3,195.9,fixation
14:13:46.0706,762.2,196.0,fixation
14:13:46.0711,761.4,195.3,fixation
14:13:46.0716,763.0,194.5,fixation
14:13:46.0721,764.7,193.3,fixation
14:13:46.0726,765.0,193.0,fixation
14:13:46.0731,765.1,192.8,fixation
14:13:46.0736,765.0,192.2,fixation
14:13:46.0741,764.8,191.5,fixation
14:13:46.0746,764.5,191.2,fixation
14:13:46.0751,764.3,191.5,fixation
14:13:46.0756,764.5,191.9,fixation
14:13:46.0761,764.5,191.8,fixation
14:13:46.0766,764.6,191.7,fixation
14:13:46.0771,765.3,191.2,fixation
14:13:46.0776,766.2,190.8,fixation
14:13:46.0781,766.7,191.4,fixation
14:13:46.0786,766.3,192.3,fixation
14:13:46.0791,765.4,193.3,fixation
14:13:46.0796,765.0,193.4,fixation
14:13:46.0801,764.5,193.5,fixation
14:13:46.0806,762.9,193.5,fixation
14:13:46.0811,761.3,193.6,fixation
14:13:46.0816,759.7,193.5,fixation
14:13:46.0821,761.6,193.4,fixation
14:13:46.0826,763.6,193.5,fixation
14:13:46.0831,765.4,193.6,fixation
14:13:46.0836,765.2,194.2,fixation
14:13:46.0841,765.0,194.8,fixation
14:13:46.0846,764.6,195.4,fixation
14:13:46.0851,764.0,195.5,fixation
14:13:46.0856,763.8,195.2,fixation
14:13:46.0861,764.2,194.5,fixation
14:13:46.0866,764.9,193.9,fixation
14:13:46.0871,765.2,193.1,fixation
14:13:46.0876,764.9,192.7,fixation
14:13:46.0881,764.7,192.7,fixation
14:13:46.0886,764.0,193.2,fixation
14:13:46.0891,763.5,193.7,fixation
14:13:46.0896,763.0,193.6,fixation
14:13:46.0901,763.0,193.5,fixation
14:13:46.0906,763.0,193.2,fixation
14:13:46.0911,763.8,193.0,fixation
14:13:46.0916,764.6,193.5,fixation
14:13:46.0921,765.5,194.0,fixation
14:13:46.0926,765.8,194.5,fixation
14:13:46.0931,766.1,194.3,fixation
14:13:46.0936,765.2,193.1,fixation
14:13:46.0941,764.1,191.9,fixation
14:13:46.0946,763.0,191.3,fixation
14:13:46.0951,764.0,192.1,fixation
14:13:46.0956,764.9,192.6,fixation
14:13:46.0961,765.9,192.3,fixation
14:13:46.0966,765.9,191.7,fixation
14:13:46.0971,765.8,192.9,fixation
14:13:46.0976,765.8,194.5,fixation
14:13:46.0981,765.9,196.0,fixation
14:13:46.0986,765.8,195.6,fixation
14:13:46.0991,765.6,195.1,fixation
14:13:46.0996,765.1,194.5,fixation
14:13:46.1001,765.0,194.4,fixation
14:13:46.1006,764.8,194.1,fixation
14:13:46.1011,765.0,193.9,fixation
14:13:46.1016,765.2,195.0,fixation
14:13:46.1021,765.4,196.4,fixation
14:13:46.1026,765.7,197.9,fixation
14:13:46.1031,765.9,198.0,fixation
14:13:46.1036,765.4,197.9,fixation
14:13:46.1041,764.8,197.4,fixation
14:13:46.1046,763.6,196.8,fixation
14:13:46.1051,763.1,196.3,fixation
14:13:46.1056,762.6,195.8,fixation
14:13:46.1061,762.6,195.1,fixation
14:13:46.1066,762.4,194.4,fixation
14:13:46.1071,762.1,194.8,fixation
14:13:46.1076,762.4,195.5,fixation
14:13:46.1081,764.2,196.2,fixation
14:13:46.1086,766.0,196.7,fixation
14:13:46.1091,767.2,197.3,fixation
14:13:46.1096,766.2,198.4,fixation
14:13:46.1101,765.3,198.9,fixation
14:13:46.1106,764.5,198.6,fixation
14:13:46.1111,764.6,197.9,fixation
14:13:46.1116,764.7,197.3,fixation
14:13:46.1121,764.6,197.9,fixation
14:13:46.1126,764.4,198.4,fixation
14:13:46.1131,764.7,198.8,fixation
14:13:46.1136,765.2,198.6,fixation
14:13:46.1141,765.8,199.0,fixation
14:13:46.1146,765.3,199.5,fixation
14:13:46.1151,764.5,199.4,fixation
14:13:46.1156,763.3,198.3,fixation
14:13:46.1161,762.9,197.1,fixation
14:13:46.1166,762.7,197.2,fixation
14:13:46.1171,763.3,197.9,fixation
14:13:46.1176,764.0,197.2,fixation
14:13:46.1181,763.7,195.8,fixation
14:13:46.1186,763.1,194.5,fixation
14:13:46.1191,763.5,194.5,fixation
14:13:46.1196,764.5,194.5,fixation
14:13:46.1201,763.6,194.6,fixation
14:13:46.1206,760.9,194.5,fixation
14:13:46.1211,758.3,194.3,fixation
14:13:46.1216,759.3,194.8,fixation
14:13:46.1221,761.2,195.4,fixation
14:13:46.1226,763.0,196.1,fixation
14:13:46.1231,763.3,194.8,fixation
14:13:46.1236,763.4,193.5,fixation
14:13:46.1241,763.7,192.8,fixation
14:13:46.1246,764.1,193.4,fixation
14:13:46.1251,765.2,194.0,fixation
14:13:46.1256,766.1,193.8,fixation
14:13:46.1261,765.2,193.6,fixation
14:13:46.1266,763.7,193.4,fixation
14:13:46.1271,762.9,194.7,fixation
14:13:46.1276,763.5,196.1,fixation
14:13:46.1281,764.1,196.9,fixation
14:13:46.1286,764.1,196.3,fixation
14:13:46.1291,764.3,195.7,fixation
14:13:46.1296,764.6,195.5,fixation
14:13:46.1301,764.2,195.6,fixation
14:13:46.1306,763.3,195.1,fixation
14:13:46.1311,762.6,194.1,fixation
14:13:46.1316,762.5,193.1,fixation
14:13:46.1321,762.8,193.5,fixation
14:13:46.1326,762.1,194.3,fixation
14:13:46.1331,761.3,195.1,fixation
14:13:46.1336,761.6,195.4,fixation
14:13:46.1341,762.9,195.8,fixation
14:13:46.1346,764.2,196.3,fixation
14:13:46.1351,764.2,196.5,fixation
14:13:46.1356,764.1,196.6,fixation
14:13:46.1361,764.2,196.4,fixation
14:13:46.1366,764.7,196.3,fixation
14:13:46.1371,765.2,196.1,fixation
14:13:46.1376,765.3,196.0,fixation
14:13:46.1381,764.8,195.9,fixation
14:13:46.1386,764.6,196.1,fixation
14:13:46.1391,764.4,196.6,fixation
14:13:46.1396,764.2,197.1,fixation
14:13:46.1401,764.0,197.0,fixation
14:13:46.1406,764.2,196.8,fixation
14:13:46.1411,764.8,196.8,fixation
14:13:46.1416,765.4,196.8,fixation
14:13:46.1421,765.6,196.6,fixation
14:13:46.1426,764.2,196.2,fixation
14:13:46.1431,762.8,195.9,fixation
14:13:46.1436,761.9,195.9,fixation
14:13:46.1441,762.0,196.1,fixation
14:13:46.1446,762.6,196.6,fixation
14:13:46.1451,762.7,196.9,fixation
14:13:46.1456,762.6,196.7,fixation
14:13:46.1461,762.1,196.1,fixation
14:13:46.1466,762.3,195.5,fixation
14:13:46.1471,762.9,197.0,fixation
14:13:46.1476,763.8,198.6,fixation
14:13:46.1481,764.4,199.4,fixation
14:13:46.1486,764.2,199.2,fixation
14:13:46.1491,763.7,198.9,fixation
14:13:46.1496,763.1,199.0,fixation
14:13:46.1501,763.1,198.5,fixation
14:13:46.1506,762.9,198.1,fixation
14:13:46.1511,762.7,198.1,fixation
14:13:46.1516,762.6,198.1,fixation
14:13:46.1521,762.5,198.1,fixation
14:13:46.1526,763.0,198.0,fixation
14:13:46.1531,763.2,198.3,fixation
14:13:46.1536,763.5,198.7,fixation
14:13:46.1541,763.3,199.1,fixation
14:13:46.1546,763.8,199.2,fixation
14:13:46.1551,764.3,199.2,fixation
14:13:46.1556,764.8,199.4,fixation
14:13:46.1561,764.6,199.5,fixation
14:13:46.1566,764.5,198.6,fixation
14:13:46.1571,764.4,197.9,fixation
14:13:46.1576,764.4,197.4,fixation
14:13:46.1581,764.3,197.6,fixation
14:13:46.1586,764.6,197.2,fixation
14:13:46.1591,764.9,197.0,fixation
14:13:46.1596,765.3,197.0,fixation
14:13:46.1601,765.7,197.3,fixation
14:13:46.1606,766.2,195.9,fixation
14:13:46.1611,767.1,194.8,fixation
14:13:46.1616,767.6,193.9,fixation
14:13:46.1621,767.6,194.1,fixation
14:13:46.1626,767.1,194.1,fixation
14:13:46.1631,766.7,194.0,fixation
14:13:46.1636,766.6,193.8,fixation
14:13:46.1641,766.3,195.7,fixation
14:13:46.1646,766.2,197.7,fixation
14:13:46.1651,766.5,198.5,fixation
14:13:46.1656,767.0,197.3,fixation
14:13:46.1661,767.3,196.1,fixation
14:13:46.1666,767.5,194.8,fixation
14:13:46.1671,767.5,193.6,fixation
14:13:46.1676,767.4,192.4,fixation
14:13:46.1681,767.2,192.6,fixation
14:13:46.1686,766.8,192.8,fixation
14:13:46.1691,766.5,193.5,fixation
14:13:46.1696,766.4,195.0,fixation
14:13:46.1701,766.4,196.5,fixation
14:13:46.1706,765.7,197.5,fixation
14:13:46.1711,764.9,197.8,fixation
14:13:46.1716,764.8,197.7,fixation
14:13:46.1721,765.7,197.3,fixation
14:13:46.1726,766.6,197.0,fixation
14:13:46.1731,766.0,197.0,fixation
14:13:46.1736,765.1,197.0,fixation
14:13:46.1741,764.6,197.1,fixation
14:13:46.1746,764.9,197.1,fixation
14:13:46.1751,764.9,197.0,fixation
14:13:46.1756,764.6,196.9,fixation
14:13:46.1761,765.3,196.7,fixation
14:13:46.1766,766.4,196.7,fixation
14:13:46.1771,767.4,196.8,fixation
14:13:46.1776,767.1,197.0,fixation
14:13:46.1781,767.0,197.2,fixation
14:13:46.1786,766.9,197.4,fixation
14:13:46.1791,766.9,197.1,fixation
14:13:46.1796,766.3,196.7,fixation
14:13:46.1801,765.6,196.2,fixation
14:13:46.1806,765.0,195.3,fixation
14:13:46.1811,764.8,194.0,fixation
14:13:46.1816,764.9,192.6,fixation
14:13:46.1821,765.4,192.7,fixation
14:13:46.1826,765.5,193.5,fixation
14:13:46.1831,765.3,194.4,fixation
14:13:46.1836,765.1,194.6,fixation
14:13:46.1841,765.1,194.7,fixation
14:13:46.1846,765.1,194.4,fixation
14:13:46.1851,765.2,194.1,fixation
14:13:46.1856,765.3,194.8,fixation
14:13:46.1861,765.4,195.5,fixation
14:13:46.1866,765.5,196.2,fixation
14:13:46.1871,765.1,195.7,fixation
14:13:46.1876,764.6,195.4,fixation
14:13:46.1881,764.2,195.1,fixation
14:13:46.1886,764.5,194.5,fixation
14:13:46.1891,764.6,193.8,fixation
14:13:46.1896,764.6,193.1,fixation
14:13:46.1901,764.6,193.2,fixation
14:13:46.1906,764.6,193.4,fixation
14:13:46.1911,765.7,193.6,fixation
14:13:46.1916,766.0,194.9,fixation
14:13:46.1921,766.1,196.1,fixation
14:13:46.1926,765.1,195.9,fixation
14:13:46.1931,765.2,193.6,fixation
14:13:46.1936,765.4,191.2,fixation
14:13:46.1941,765.7,191.1,fixation
14:13:46.1946,766.0,192.2,fixation
14:13:46.1951,766.2,193.8,fixation
14:13:46.1956,766.4,194.6,fixation
14:13:46.1961,766.6,195.0,fixation
14:13:46.1966,767.0,195.2,fixation
14:13:46.1971,767.2,195.4,fixation
14:13:46.1976,766.2,195.7,fixation
14:13:46.1981,765.0,195.8,fixation
14:13:46.1986,763.9,195.8,fixation
14:13:46.1991,764.3,196.1,fixation
14:13:46.1996,764.7,196.4,fixation
14:13:46.2001,765.1,196.6,fixation
14:13:46.2006,765.5,196.5,fixation
14:13:46.2011,766.3,196.0,fixation
14:13:46.2016,767.2,195.6,fixation
14:13:46.2021,767.2,195.4,fixation
14:13:46.2026,766.7,195.6,fixation
14:13:46.2031,766.3,195.8,fixation
14:13:46.2036,766.3,195.7,fixation
14:13:46.2041,767.0,196.2,fixation
14:13:46.2046,767.8,196.8,fixation
14:13:46.2051,768.6,197.4,fixation
14:13:46.2056,768.9,196.4,fixation
14:13:46.2061,768.8,195.5,fixation
14:13:46.2066,768.8,194.7,fixation
14:13:46.2071,769.3,194.9,fixation
14:13:46.2076,770.0,194.9,fixation
14:13:46.2081,770.2,195.0,fixation
14:13:46.2086,769.5,195.4,fixation
14:13:46.2091,768.7,195.9,fixation
14:13:46.2096,768.4,196.1,fixation
14:13:46.2101,767.5,195.4,fixation
14:13:46.2106,766.6,194.6,fixation
14:13:46.2111,766.7,193.7,fixation
14:13:46.2116,767.0,193.7,fixation
14:13:46.2121,767.2,193.6,fixation
14:13:46.2126,766.4,193.7,fixation
14:13:46.2131,766.3,193.7,fixation
14:13:46.2136,766.6,193.8,fixation
14:13:46.2141,767.1,194.1,fixation
14:13:46.2146,767.8,194.6,fixation
14:13:46.2151,768.2,195.2,fixation
14:13:46.2156,768.4,194.3,fixation
14:13:46.2161,768.3,193.6,fixation
14:13:46.2166,768.0,193.4,fixation
14:13:46.2171,767.2,194.8,fixation
14:13:46.2176,766.5,195.8,fixation
14:13:46.2181,766.9,196.4,fixation
14:13:46.2186,767.8,197.5,fixation
14:13:46.2191,768.4,198.7,fixation
14:13:46.2196,768.0,199.9,fixation
14:13:46.2201,768.5,198.9,fixation
14:13:46.2206,769.5,197.1,fixation
14:13:46.2211,770.2,195.0,fixation
14:13:46.2216,769.7,193.8,fixation
14:13:46.2221,768.9,194.3,fixation
14:13:46.2226,768.2,194.9,fixation
14:13:46.2231,767.7,195.5,fixation
14:13:46.2236,767.4,195.3,fixation
14:13:46.2241,767.7,195.3,fixation
14:13:46.2246,767.9,196.1,fixation
14:13:46.2251,767.7,196.6,fixation
14:13:46.2256,767.2,196.9,fixation
14:13:46.2261,766.8,196.4,fixation
14:13:46.2266,766.5,196.0,fixation
14:13:46.2271,766.1,195.9,fixation
14:13:46.2276,767.0,195.8,fixation
14:13:46.2281,768.2,196.6,fixation
14:13:46.2286,769.5,197.5,fixation
14:13:46.2291,769.5,199.7,fixation
14:13:46.2296,768.0,201.0,fixation
14:13:46.2301,766.5,202.3,fixation
14:13:46.2306,765.4,202.0,fixation
14:13:46.2311,765.9,201.7,fixation
14:13:46.2316,766.5,201.4,fixation
14:13:46.2321,766.8,199.6,fixation
14:13:46.2326,767.3,197.8,fixation
14:13:46.2331,767.6,196.2,fixation
14:13:46.2336,768.0,196.7,fixation
14:13:46.2341,768.2,197.3,fixation
14:13:46.2346,767.7,197.9,fixation
14:13:46.2351,766.5,197.8,fixation
14:13:46.2356,765.2,197.5,fixation
14:13:46.2361,764.7,197.3,fixation
14:13:46.2366,764.9,197.1,fixation
14:13:46.2371,765.1,197.1,fixation
14:13:46.2376,765.2,197.1,fixation
14:13:46.2381,765.3,197.2,fixation
14:13:46.2386,764.9,197.2,fixation
14:13:46.2391,764.4,197.4,fixation
14:13:46.2396,764.9,197.8,fixation
14:13:46.2401,766.0,198.3,fixation
14:13:46.2406,766.2,198.9,fixation
14:13:46.2411,765.3,199.2,fixation
14:13:46.2416,764.5,199.5,fixation
14:13:46.2421,763.6,199.3,fixation
14:13:46.2426,763.2,198.8,fixation
14:13:46.2431,763.3,198.2,fixation
14:13:46.2436,764.3,196.8,fixation
14:13:46.2441,764.2,195.8,fixation
14:13:46.2446,763.7,195.2,fixation
14:13:46.2451,763.5,195.2,fixation
14:13:46.2456,763.3,195.2,fixation
14:13:46.2461,763.3,195.5,fixation
14:13:46.2466,763.0,195.7,fixation
14:13:46.2471,763.6,195.9,fixation
14:13:46.2476,764.9,196.1,fixation
14:13:46.2481,765.7,196.4,fixation
14:13:46.2486,765.6,196.9,fixation
14:13:46.2491,764.8,197.5,fixation
14:13:46.2496,764.1,198.0,fixation
14:13:46.2501,763.7,198.1,fixation
14:13:46.2506,763.6,197.7,fixation
14:13:46.2511,764.3,197.1,fixation
14:13:46.2516,765.0,196.6,fixation
14:13:46.2521,765.3,196.4,fixation
14:13:46.2526,765.8,196.5,fixation
14:13:46.2531,766.3,196.4,fixation
14:13:46.2536,767.1,196.2,fixation
14:13:46.2541,767.4,195.9,fixation
14:13:46.2546,767.8,195.8,fixation
14:13:46.2551,768.2,196.4,fixation
14:13:46.2556,768.5,197.0,fixation
14:13:46.2561,766.9,196.8,fixation
14:13:46.2566,765.1,195.1,fixation
14:13:46.2571,763.4,193.7,fixation
14:13:46.2576,763.6,193.2,fixation
14:13:46.2581,763.8,193.2,fixation
14:13:46.2586,764.1,193.1,fixation
14:13:46.2591,764.3,194.3,fixation
14:13:46.2596,764.5,195.8,fixation
14:13:46.2601,764.7,196.7,fixation
14:13:46.2606,763.7,195.6,fixation
14:13:46.2611,762.5,194.2,fixation
14:13:46.2616,761.3,193.6,fixation
14:13:46.2621,761.5,193.9,fixation
14:13:46.2626,762.9,194.5,fixation
14:13:46.2631,764.3,195.1,fixation
14:13:46.2636,765.0,195.1,fixation
14:13:46.2641,764.3,195.6,fixation
14:13:46.2646,763.5,196.1,fixation
14:13:46.2651,763.3,197.0,fixation
14:13:46.2656,764.3,197.4,fixation
14:13:46.2661,766.4,197.8,fixation
14:13:46.2666,768.6,197.7,fixation
14:13:46.2671,769.0,197.7,fixation
14:13:46.2676,768.2,197.2,fixation
14:13:46.2681,767.0,196.9,fixation
14:13:46.2686,766.6,196.6,fixation
14:13:46.2691,766.7,196.8,fixation
14:13:46.2696,767.0,196.5,fixation
14:13:46.2701,767.1,196.1,fixation
14:13:46.2706,766.9,196.2,fixation
14:13:46.2711,766.6,196.9,fixation
14:13:46.2716,766.6,197.6,fixation
14:13:46.2721,766.8,197.7,fixation
14:13:46.2726,766.3,197.2,fixation
14:13:46.2731,765.4,198.5,fixation
14:13:46.2736,764.8,200.1,fixation
14:13:46.2741,765.3,200.7,fixation
14:13:46.2746,765.9,199.8,fixation
14:13:46.2751,766.3,198.9,fixation
14:13:46.2756,766.6,199.3,fixation
14:13:46.2761,767.0,199.7,fixation
14:13:46.2766,767.3,199.8,fixation
14:13:46.2771,767.2,199.3,fixation
14:13:46.2776,767.0,199.1,fixation
14:13:46.2781,766.8,199.2,fixation
14:13:46.2786,766.0,199.2,fixation
14:13:46.2791,765.2,198.8,fixation
14:13:46.2796,764.4,198.2,fixation
14:13:46.2801,764.3,197.8,fixation
14:13:46.2806,764.1,196.5,fixation
14:13:46.2811,763.6,195.5,fixation
14:13:46.2816,763.2,196.0,fixation
14:13:46.2821,762.8,197.3,fixation
14:13:46.2826,762.7,198.1,fixation
14:13:46.2831,763.0,197.4,fixation
14:13:46.2836,763.7,196.6,fixation
14:13:46.2841,764.2,197.7,fixation
14:13:46.2846,763.7,199.1,fixation
14:13:46.2851,762.8,200.9,fixation
14:13:46.2856,762.7,201.2,fixation
14:13:46.2861,763.4,201.1,fixation
14:13:46.2866,764.1,200.3,fixation
14:13:46.2871,764.0,198.5,fixation
14:13:46.2876,763.5,197.2,fixation
14:13:46.2881,763.0,197.0,fixation
14:13:46.2886,763.0,197.8,fixation
14:13:46.2891,763.6,198.9,fixation
14:13:46.2896,764.4,199.2,fixation
14:13:46.2901,764.8,199.5,fixation
14:13:46.2906,764.9,199.3,fixation
14:13:46.2911,765.2,199.1,fixation
14:13:46.2916,765.4,198.9,fixation
14:13:46.2921,764.3,198.9,fixation
14:13:46.2926,762.9,198.5,fixation
14:13:46.2931,761.5,197.6,fixation
14:13:46.2936,761.8,196.8,fixation
14:13:46.2941,762.4,196.4,fixation
14:13:46.2946,763.0,196.4,fixation
14:13:46.2951,763.3,196.4,fixation
14:13:46.2956,763.6,196.5,fixation
14:13:46.2961,763.9,196.5,fixation
14:13:46.2966,764.1,196.3,fixation
14:13:46.2971,764.4,196.1,fixation
14:13:46.2976,764.6,196.3,fixation
14:13:46.2981,764.7,196.5,fixation
14:13:46.2986,764.7,196.9,fixation
14:13:46.2991,764.8,197.1,fixation
14:13:46.2996,764.9,197.3,fixation
14:13:46.3001,765.1,197.4,fixation
14:13:46.3006,765.3,197.8,fixation
14:13:46.3011,765.3,198.4,fixation
14:13:46.3016,765.5,199.0,fixation
14:13:46.3021,765.9,197.6,fixation
14:13:46.3026,766.4,195.8,fixation
14:13:46.3031,765.9,194.6,fixation
14:13:46.3036,765.3,195.6,fixation
14:13:46.3041,765.7,196.7,fixation
14:13:46.3046,766.8,197.4,fixation
14:13:46.3051,767.1,197.6,fixation
14:13:46.3056,766.4,197.1,fixation
14:13:46.3061,764.7,196.4,fixation
14:13:46.3066,763.9,195.2,fixation
14:13:46.3071,764.0,194.8,fixation
14:13:46.3076,765.0,194.5,fixation
14:13:46.3081,765.9,194.6,fixation
14:13:46.3086,765.9,194.8,fixation
14:13:46.3091,766.0,195.1,fixation
14:13:46.3096,766.0,195.4,fixation
14:13:46.3101,766.0,195.6,fixation
14:13:46.3106,765.9,195.4,fixation
14:13:46.3111,765.9,195.2,fixation
14:13:46.3116,765.5,194.6,fixation
14:13:46.3121,765.1,194.2,fixation
14:13:46.3126,764.7,193.9,fixation
14:13:46.3131,764.7,193.7,fixation
14:13:46.3136,764.3,193.4,fixation
14:13:46.3141,763.7,193.1,fixation
14:13:46.3146,764.3,193.1,fixation
14:13:46.3151,765.8,195.5,fixation
14:13:46.3156,767.2,197.9,fixation
14:13:46.3161,767.4,198.6,fixation
14:13:46.3166,767.3,196.9,fixation
14:13:46.3171,767.3,195.1,fixation
14:13:46.3176,766.3,194.8,fixation
14:13:46.3181,764.9,194.7,fixation
14:13:46.3186,763.3,195.2,fixation
14:13:46.3191,763.7,195.7,fixation
14:13:46.3196,764.5,196.1,fixation
14:13:46.3201,765.3,195.5,fixation
14:13:46.3206,765.3,194.1,fixation
14:13:46.3211,765.4,192.8,fixation
14:13:46.3216,765.4,192.8,fixation
14:13:46.3221,764.8,194.0,fixation
14:13:46.3226,764.0,195.7,fixation
14:13:46.3231,763.4,196.7,fixation
14:13:46.3236,763.4,197.3,fixation
14:13:46.3241,763.5,196.8,fixation
14:13:46.3246,764.2,196.0,fixation
14:13:46.3251,765.0,195.0,fixation
14:13:46.3256,765.7,194.3,fixation
14:13:46.3261,765.6,193.9,fixation
14:13:46.3266,765.3,193.8,fixation
14:13:46.3271,765.1,193.8,fixation
14:13:46.3276,764.1,194.2,fixation
14:13:46.3281,763.0,194.6,fixation
14:13:46.3286,762.3,194.9,fixation
14:13:46.3291,763.0,195.0,fixation
14:13:46.3296,763.7,195.1,fixation
14:13:46.3301,764.2,194.8,fixation
14:13:46.3306,764.2,194.6,fixation
14:13:46.3311,764.0,194.4,fixation
14:13:46.3316,765.5,194.5,fixation
14:13:46.3321,767.3,195.2,fixation
14:13:46.3326,767.8,196.0,fixation
14:13:46.3331,766.6,196.2,fixation
14:13:46.3336,765.4,195.1,fixation
14:13:46.3341,765.9,194.0,fixation
14:13:46.3346,766.4,193.4,fixation
14:13:46.3351,767.1,193.4,fixation
14:13:46.3356,767.1,194.3,fixation
14:13:46.3361,767.2,195.1,fixation
14:13:46.3366,766.8,197.1,fixation
14:13:46.3371,766.6,198.3,fixation
14:13:46.3376,765.8,199.5,fixation
14:13:46.3381,765.4,197.5,fixation
14:13:46.3386,765.0,194.4,fixation
14:13:46.3391,765.2,191.3,fixation
14:13:46.3396,765.2,190.9,fixation
14:13:46.3401,765.1,192.9,fixation
14:13:46.3406,765.1,194.9,fixation
14:13:46.3411,765.0,196.1,fixation
14:13:46.3416,765.0,196.0,fixation
14:13:46.3421,764.8,196.0,fixation
14:13:46.3426,764.9,195.9,fixation
14:13:46.3431,765.3,195.9,fixation
14:13:46.3436,765.7,196.1,fixation
14:13:46.3441,767.0,196.3,fixation
14:13:46.3446,768.1,196.6,fixation
14:13:46.3451,768.4,196.6,fixation
14:13:46.3456,767.5,196.6,fixation
14:13:46.3461,766.4,196.6,fixation
14:13:46.3466,766.3,196.5,fixation
14:13:46.3471,766.2,196.4,fixation
14:13:46.3476,766.3,196.2,fixation
14:13:46.3481,766.4,196.0,fixation
14:13:46.3486,765.7,195.8,fixation
14:13:46.3491,764.9,195.7,fixation
14:13:46.3496,764.2,195.4,fixation
14:13:46.3501,764.2,195.1,fixation
14:13:46.3506,764.3,194.6,fixation
14:13:46.3511,764.4,194.0,fixation
14:13:46.3516,764.6,193.5,fixation
14:13:46.3521,764.9,193.4,fixation
14:13:46.3526,765.1,193.4,fixation
14:13:46.3531,765.1,193.4,fixation
14:13:46.3536,764.7,194.7,fixation
14:13:46.3541,764.4,196.0,fixation
14:13:46.3546,764.6,197.2,fixation
14:13:46.3551,765.0,197.1,fixation
14:13:46.3556,764.2,196.6,fixation
14:13:46.3561,763.4,195.5,fixation
14:13:46.3566,762.8,194.1,fixation
14:13:46.3571,763.4,193.0,fixation
14:13:46.3576,763.9,192.6,fixation
14:13:46.3581,764.1,193.3,fixation
14:13:46.3586,764.3,194.5,fixation
14:13:46.3591,764.2,196.8,fixation
14:13:46.3596,763.2,198.4,fixation
14:13:46.3601,762.8,198.6,fixation
14:13:46.3606,763.0,198.0,fixation
14:13:46.3611,763.9,197.2,fixation
14:13:46.3616,764.0,197.1,fixation
14:13:46.3621,763.5,196.9,fixation
14:13:46.3626,763.2,197.2,fixation
14:13:46.3631,763.2,197.5,fixation
14:13:46.3636,763.3,197.8,fixation
14:13:46.3641,763.7,197.5,fixation
14:13:46.3646,764.2,197.0,fixation
14:13:46.3651,765.5,196.6,fixation
14:13:46.3656,766.5,196.6,fixation
14:13:46.3661,766.3,196.8,fixation
14:13:46.3666,765.5,194.9,fixation
14:13:46.3671,764.7,193.0,fixation
14:13:46.3676,765.2,191.3,fixation
14:13:46.3681,765.7,192.7,fixation
14:13:46.3686,766.1,194.0,fixation
14:13:46.3691,766.3,194.1,fixation
14:13:46.3696,765.8,193.0,fixation
14:13:46.3701,765.2,193.0,fixation
14:13:46.3706,764.7,194.0,fixation
14:13:46.3711,764.4,195.2,fixation
14:13:46.3716,764.1,195.2,fixation
14:13:46.3721,763.7,195.0,fixation
14:13:46.3726,763.4,194.5,fixation
14:13:46.3731,763.3,194.2,fixation
14:13:46.3736,763.5,194.5,fixation
14:13:46.3741,763.9,195.0,fixation
14:13:46.3746,764.2,195.5,fixation
14:13:46.3751,764.7,196.2,fixation
14:13:46.3756,765.7,196.9,fixation
14:13:46.3761,766.7,196.3,fixation
14:13:46.3766,766.8,195.1,fixation
14:13:46.3771,766.1,193.9,fixation
14:13:46.3776,765.3,195.3,fixation
14:13:46.3781,765.3,196.6,fixation
14:13:46.3786,765.4,197.5,fixation
14:13:46.3791,765.1,196.1,fixation
14:13:46.3796,764.4,195.0,fixation
14:13:46.3801,763.5,194.7,fixation
14:13:46.3806,763.0,195.6,fixation
14:13:46.3811,763.1,196.5,fixation
14:13:46.3816,763.2,197.9,fixation
14:13:46.3821,763.7,199.1,fixation
14:13:46.3826,764.1,198.9,fixation
14:13:46.3831,764.6,197.8,fixation
14:13:46.3836,764.8,197.1,fixation
14:13:46.3841,765.0,197.5,fixation
14:13:46.3846,765.0,197.8,fixation
14:13:46.3851,764.7,197.4,fixation
14:13:46.3856,764.5,196.6,fixation
14:13:46.3861,764.5,196.0,fixation
14:13:46.3866,764.6,195.4,fixation
14:13:46.3871,764.8,195.1,fixation
14:13:46.3876,764.1,194.6,fixation
14:13:46.3881,763.3,194.5,fixation
14:13:46.3886,762.8,194.5,fixation
14:13:46.3891,763.3,195.8,fixation
14:13:46.3896,764.5,196.9,fixation
14:13:46.3901,765.5,197.2,fixation
14:13:46.3906,766.2,196.4,fixation
14:13:46.3911,766.2,195.5,fixation
14:13:46.3916,765.5,195.2,fixation
14:13:46.3921,764.8,194.9,fixation
14:13:46.3926,764.1,195.1,fixation
14:13:46.3931,764.3,196.0,fixation
14:13:46.3936,765.0,197.1,fixation
14:13:46.3941,765.6,197.7,fixation
14:13:46.3946,766.1,198.0,fixation
14:13:46.3951,766.1,198.1,fixation
14:13:46.3956,766.3,197.0,fixation
14:13:46.3961,766.4,194.9,fixation
14:13:46.3966,766.3,192.7,fixation
14:13:46.3971,765.6,193.3,fixation
14:13:46.3976,764.9,194.8,fixation
14:13:46.3981,764.5,196.3,fixation
14:13:46.3986,764.7,196.3,fixation
14:13:46.3991,765.0,196.4,fixation
14:13:46.3996,765.1,196.4,fixation
14:13:46.4001,765.3,195.8,fixation
14:13:46.4006,765.6,194.5,fixation
14:13:46.4011,764.5,193.3,fixation
14:13:46.4016,763.0,194.7,fixation
14:13:46.4021,761.5,196.7,fixation
14:13:46.4026,761.3,198.5,fixation
14:13:46.4031,761.9,198.3,fixation
14:13:46.4036,762.8,197.2,fixation
14:13:46.4041,763.7,196.6,fixation
14:13:46.4046,763.8,196.3,fixation
14:13:46.4051,763.5,197.2,fixation
14:13:46.4056,763.6,197.7,fixation
14:13:46.4061,763.5,198.0,fixation
14:13:46.4066,763.4,198.0,fixation
14:13:46.4071,762.8,198.1,fixation
14:13:46.4076,762.6,198.1,fixation
14:13:46.4081,762.3,198.1,fixation
14:13:46.4086,762.6,198.0,fixation
14:13:46.4091,763.1,196.7,fixation
14:13:46.4096,763.6,195.7,fixation
14:13:46.4101,763.6,194.9,fixation
14:13:46.4106,763.4,195.5,fixation
14:13:46.4111,763.3,196.0,fixation
14:13:46.4116,763.5,196.2,fixation
14:13:46.4121,763.8,196.0,fixation
14:13:46.4126,763.9,197.7,fixation
14:13:46.4131,763.8,199.5,fixation
14:13:46.4136,763.5,201.4,fixation
14:13:46.4141,762.9,200.6,fixation
14:13:46.4146,762.6,198.5,fixation
14:13:46.4151,762.5,196.2,saccade
14:13:46.4156,762.6,197.3,saccade
14:13:46.4161,762.9,198.6,saccade
14:13:46.4166,763.1,199.1,saccade
14:13:46.4171,763.4,199.6,saccade
14:13:46.4176,763.6,198.9,saccade
14:13:46.4181,765.1,198.1,saccade
14:13:46.4186,766.8,197.1,saccade
14:13:46.4191,768.5,197.0,saccade
14:13:46.4196,768.7,197.4,saccade
14:13:46.4201,770.5,198.0,saccade
14:13:46.4206,772.3,198.5,saccade
14:13:46.4211,774.6,198.5,saccade
14:13:46.4216,775.6,197.2,saccade
14:13:46.4221,777.2,195.8,saccade
14:13:46.4226,779.0,194.5,saccade
14:13:46.4231,782.3,194.5,saccade
14:13:46.4236,784.9,194.3,saccade
14:13:46.4241,787.8,194.1,saccade
14:13:46.4246,791.1,194.7,saccade
14:13:46.4251,796.1,195.5,saccade
14:13:46.4256,801.0,196.5,saccade
14:13:46.4261,805.4,197.1,saccade
14:13:46.4266,807.9,197.4,saccade
14:13:46.4271,812.0,197.5,saccade
14:13:46.4276,814.9,197.3,saccade
14:13:46.4281,818.7,196.6,saccade
14:13:46.4286,820.4,195.9,saccade
14:13:46.4291,822.7,196.6,saccade
14:13:46.4296,826.0,198.1,saccade
14:13:46.4301,829.2,199.6,saccade
14:13:46.4306,831.3,198.7,saccade
14:13:46.4311,831.5,197.5,saccade
14:13:46.4316,832.2,196.3,saccade
14:13:46.4321,832.5,196.2,saccade
14:13:46.4326,832.6,195.8,saccade
14:13:46.4331,833.5,195.5,saccade
14:13:46.4336,836.3,195.1,saccade
14:13:46.4341,839.0,195.0,saccade
14:13:46.4346,840.5,194.9,saccade
14:13:46.4351,840.5,194.4,saccade
14:13:46.4356,841.6,193.8,fixation
14:13:46.4361,842.0,194.3,fixation
14:13:46.4366,841.8,194.7,fixation
14:13:46.4371,841.6,194.0,fixation
14:13:46.4376,841.2,193.3,fixation
14:13:46.4381,840.9,192.3,fixation
14:13:46.4386,840.7,191.7,fixation
14:13:46.4391,840.1,191.0,fixation
14:13:46.4396,839.4,190.7,fixation
14:13:46.4401,838.6,191.1,fixation
14:13:46.4406,838.8,192.3,fixation
14:13:46.4411,838.9,193.5,fixation
14:13:46.4416,839.0,194.5,fixation
14:13:46.4421,839.0,194.7,fixation
14:13:46.4426,839.0,193.9,fixation
14:13:46.4431,839.0,191.8,fixation
14:13:46.4436,838.7,189.6,fixation
14:13:46.4441,837.9,188.2,fixation
14:13:46.4446,836.9,188.1,fixation
14:13:46.4451,836.0,187.9,fixation
14:13:46.4456,835.2,189.2,fixation
14:13:46.4461,834.7,190.2,fixation
14:13:46.4466,835.1,191.0,fixation
14:13:46.4471,835.8,190.7,fixation
14:13:46.4476,836.6,190.7,fixation
14:13:46.4481,836.7,191.0,fixation
14:13:46.4486,836.3,191.3,fixation
14:13:46.4491,835.7,193.3,fixation
14:13:46.4496,835.1,195.2,fixation
14:13:46.4501,835.2,196.6,fixation
14:13:46.4506,835.5,195.8,fixation
14:13:46.4511,835.9,194.7,fixation
14:13:46.4516,835.5,193.7,fixation
14:13:46.4521,835.1,193.0,fixation
14:13:46.4526,834.7,192.8,fixation
14:13:46.4531,834.2,193.1,fixation
14:13:46.4536,832.3,192.7,fixation
14:13:46.4541,830.5,192.2,fixation
14:13:46.4546,829.1,193.0,fixation
14:13:46.4551,829.2,194.5,fixation
14:13:46.4556,829.3,196.1,fixation
14:13:46.4561,830.1,196.2,fixation
14:13:46.4566,830.9,196.2,fixation
14:13:46.4571,831.0,195.3,fixation
14:13:46.4576,830.3,194.4,fixation
14:13:46.4581,830.1,193.6,fixation
14:13:46.4586,830.6,194.0,fixation
14:13:46.4591,831.0,194.8,fixation
14:13:46.4596,830.7,195.7,fixation
14:13:46.4601,829.8,195.8,fixation
14:13:46.4606,829.0,195.5,fixation
14:13:46.4611,830.0,195.3,fixation
14:13:46.4616,831.6,194.5,fixation
14:13:46.4621,832.5,193.6,fixation
14:13:46.4626,831.7,192.6,fixation
14:13:46.4631,830.9,192.5,fixation
14:13:46.4636,830.4,192.1,fixation
14:13:46.4641,829.8,191.8,fixation
14:13:46.4646,829.1,191.4,fixation
14:13:46.4651,828.8,191.8,fixation
14:13:46.4656,829.7,192.2,fixation
14:13:46.4661,830.8,192.6,fixation
14:13:46.4666,831.6,193.1,fixation
14:13:46.4671,831.4,192.9,fixation
14:13:46.4676,831.2,192.5,fixation
14:13:46.4681,831.3,191.7,fixation
14:13:46.4686,831.3,191.4,fixation
14:13:46.4691,831.4,190.7,fixation
14:13:46.4696,830.5,190.1,fixation
14:13:46.4701,829.4,191.2,fixation
14:13:46.4706,829.3,193.0,fixation
14:13:46.4711,830.1,194.8,fixation
14:13:46.4716,830.5,194.3,fixation
14:13:46.4721,829.5,193.5,fixation
14:13:46.4726,828.5,192.6,fixation
14:13:46.4731,828.0,192.2,fixation
14:13:46.4736,828.0,192.1,fixation
14:13:46.4741,828.5,191.7,fixation
14:13:46.4746,829.0,191.0,fixation
14:13:46.4751,829.3,190.4,fixation
14:13:46.4756,828.9,190.4,fixation
14:13:46.4761,828.4,190.9,fixation
14:13:46.4766,829.0,193.8,fixation
14:13:46.4771,829.9,196.4,fixation
14:13:46.4776,830.6,197.8,fixation
14:13:46.4781,829.8,196.9,fixation
14:13:46.4786,829.4,195.2,fixation
14:13:46.4791,829.3,194.5,fixation
14:13:46.4796,829.5,194.7,fixation
14:13:46.4801,829.3,195.6,fixation
14:13:46.4806,829.1,196.4,fixation
14:13:46.4811,828.2,196.3,fixation
14:13:46.4816,827.7,196.2,fixation
14:13:46.4821,827.1,196.6,fixation
14:13:46.4826,827.4,197.1,fixation
14:13:46.4831,827.2,197.2,fixation
14:13:46.4836,827.4,197.0,fixation
14:13:46.4841,827.8,196.7,fixation
14:13:46.4846,828.1,197.1,fixation
14:13:46.4851,829.1,197.4,fixation
14:13:46.4856,830.0,197.8,fixation
14:13:46.4861,831.1,196.5,fixation
14:13:46.4866,831.2,195.3,fixation
14:13:46.4871,831.3,195.5,fixation
14:13:46.4876,831.4,197.0,fixation
14:13:46.4881,831.1,197.7,fixation
14:13:46.4886,830.8,197.4,fixation
14:13:46.4891,830.3,197.4,fixation
14:13:46.4896,830.1,198.3,fixation
14:13:46.4901,829.8,198.7,fixation
14:13:46.4906,829.7,197.7,fixation
14:13:46.4911,829.8,196.9,fixation
14:13:46.4916,830.1,196.1,fixation
14:13:46.4921,830.5,196.3,fixation
14:13:46.4926,830.2,195.0,fixation
14:13:46.4931,829.3,192.8,fixation
14:13:46.4936,828.1,190.7,fixation
14:13:46.4941,828.6,191.0,fixation
14:13:46.4946,830.7,192.2,fixation
14:13:46.4951,832.7,193.4,fixation
14:13:46.4956,833.6,193.7,fixation
14:13:46.4961,832.8,193.9,fixation
14:13:46.4966,831.8,194.2,fixation
14:13:46.4971,830.3,194.0,fixation
14:13:46.4976,829.7,193.7,fixation
14:13:46.4981,829.8,194.6,fixation
14:13:46.4986,830.5,195.8,fixation
14:13:46.4991,831.2,197.2,fixation
14:13:46.4996,831.3,197.3,fixation
14:13:46.5001,831.2,197.8,fixation
14:13:46.5006,831.1,198.1,fixation
14:13:46.5011,830.3,198.0,fixation
14:13:46.5016,829.6,196.7,fixation
14:13:46.5021,830.5,195.4,fixation
14:13:46.5026,832.1,194.8,fixation
14:13:46.5031,833.4,195.0,fixation
14:13:46.5036,832.8,195.0,fixation
14:13:46.5041,831.9,194.9,fixation
14:13:46.5046,830.9,195.0,fixation
14:13:46.5051,830.3,195.2,fixation
14:13:46.5056,830.1,195.1,fixation
14:13:46.5061,830.2,194.9,fixation
14:13:46.5066,830.4,194.7,fixation
14:13:46.5071,830.6,195.1,fixation
14:13:46.5076,830.9,195.7,fixation
14:13:46.5081,831.2,196.3,fixation
14:13:46.5086,831.5,196.4,fixation
14:13:46.5091,831.3,196.4,fixation
14:13:46.5096,830.4,195.3,fixation
14:13:46.5101,829.5,194.1,fixation
14:13:46.5106,829.0,193.3,fixation
14:13:46.5111,829.2,193.7,fixation
14:13:46.5116,829.4,194.3,fixation
14:13:46.5121,829.5,195.0,fixation
14:13:46.5126,829.5,195.5,fixation
14:13:46.5131,829.0,195.7,fixation
14:13:46.5136,828.5,194.9,fixation
14:13:46.5141,828.3,194.3,fixation
14:13:46.5146,828.6,193.3,fixation
14:13:46.5151,828.9,192.9,fixation
14:13:46.5156,828.8,192.8,fixation
14:13:46.5161,829.6,193.1,fixation
14:13:46.5166,830.4,193.4,fixation
14:13:46.5171,830.9,193.3,fixation
14:13:46.5176,830.6,193.4,fixation
14:13:46.5181,830.2,193.5,fixation
14:13:46.5186,830.2,193.8,fixation
14:13:46.5191,830.3,194.1,fixation
14:13:46.5196,830.5,194.3,fixation
14:13:46.5201,829.8,194.5,fixation
14:13:46.5206,829.1,194.5,fixation
14:13:46.5211,829.3,194.6,fixation
14:13:46.5216,830.1,194.8,fixation
14:13:46.5221,830.8,195.2,fixation
14:13:46.5226,830.6,195.8,fixation
14:13:46.5231,831.3,196.2,fixation
14:13:46.5236,832.1,197.0,fixation
14:13:46.5241,832.7,197.4,fixation
14:13:46.5246,832.2,198.3,fixation
14:13:46.5251,831.7,198.7,fixation
14:13:46.5256,830.8,199.1,fixation
14:13:46.5261,829.7,198.1,fixation
14:13:46.5266,828.8,197.0,fixation
14:13:46.5271,828.7,196.0,fixation
14:13:46.5276,829.5,196.2,fixation
14:13:46.5281,830.3,196.3,fixation
14:13:46.5286,830.7,196.5,fixation
14:13:46.5291,830.7,196.7,fixation
14:13:46.5296,832.1,197.3,fixation
14:13:46.5301,833.5,197.8,fixation
14:13:46.5306,834.8,198.0,fixation
14:13:46.5311,834.6,197.7,fixation
14:13:46.5316,834.3,197.1,fixation
14:13:46.5321,832.6,196.4,fixation
14:13:46.5326,831.2,194.6,fixation
14:13:46.5331,830.0,193.0,fixation
14:13:46.5336,830.2,191.5,fixation
14:13:46.5341,830.7,191.3,fixation
14:13:46.5346,831.4,191.0,fixation
14:13:46.5351,832.2,190.9,fixation
14:13:46.5356,831.5,192.0,fixation
14:13:46.5361,830.5,193.7,fixation
14:13:46.5366,829.5,195.3,fixation
14:13:46.5371,829.5,195.8,fixation
14:13:46.5376,829.5,195.5,fixation
14:13:46.5381,829.5,195.3,fixation
14:13:46.5386,830.0,195.1,fixation
14:13:46.5391,830.3,195.3,fixation
14:13:46.5396,830.7,195.3,fixation
14:13:46.5401,830.6,195.2,fixation
14:13:46.5406,831.2,195.1,fixation
14:13:46.5411,831.7,195.1,fixation
14:13:46.5416,832.5,195.3,fixation
14:13:46.5421,832.8,195.5,fixation
14:13:46.5426,831.4,195.5,fixation
14:13:46.5431,829.6,195.4,fixation
14:13:46.5436,828.5,195.5,fixation
14:13:46.5441,829.3,195.5,fixation
14:13:46.5446,829.6,195.5,fixation
14:13:46.5451,829.1,195.5,fixation
14:13:46.5456,829.6,195.2,fixation
14:13:46.5461,830.5,194.9,fixation
14:13:46.5466,830.0,194.6,fixation
14:13:46.5471,828.5,195.1,fixation
14:13:46.5476,827.1,195.5,fixation
14:13:46.5481,827.3,196.0,fixation
14:13:46.5486,827.5,195.8,fixation
14:13:46.5491,827.7,194.7,fixation
14:13:46.5496,828.3,193.9,fixation
14:13:46.5501,829.0,193.3,fixation
14:13:46.5506,829.4,193.5,fixation
14:13:46.5511,829.3,193.6,fixation
14:13:46.5516,829.3,194.0,fixation
14:13:46.5521,829.3,194.1,fixation
14:13:46.5526,829.2,194.0,fixation
14:13:46.5531,829.0,193.7,fixation
14:13:46.5536,829.1,193.5,fixation
14:13:46.5541,829.2,193.4,fixation
14:13:46.5546,829.4,193.6,fixation
14:13:46.5551,829.5,194.0,fixation
14:13:46.5556,829.4,194.7,fixation
14:13:46.5561,829.0,195.1,fixation
14:13:46.5566,828.9,196.0,fixation
14:13:46.5571,829.0,196.6,fixation
14:13:46.5576,828.8,197.4,fixation
14:13:46.5581,828.3,197.7,fixation
14:13:46.5586,827.7,198.0,fixation
14:13:46.5591,827.8,196.5,fixation
14:13:46.5596,827.9,194.9,fixation
14:13:46.5601,828.0,194.5,fixation
14:13:46.5606,828.6,195.8,fixation
14:13:46.5611,829.2,197.0,fixation
14:13:46.5616,829.2,197.0,fixation
14:13:46.5621,828.6,196.9,fixation
14:13:46.5626,828.0,196.8,fixation
14:13:46.5631,828.8,196.8,fixation
14:13:46.5636,829.5,197.6,fixation
14:13:46.5641,830.4,198.3,fixation
14:13:46.5646,830.7,197.2,fixation
14:13:46.5651,831.0,195.4,fixation
14:13:46.5656,830.8,193.6,fixation
14:13:46.5661,830.5,193.6,fixation
14:13:46.5666,830.2,194.2,fixation
14:13:46.5671,830.2,194.9,fixation
14:13:46.5676,830.3,195.1,fixation
14:13:46.5681,830.9,194.7,fixation
14:13:46.5686,831.2,195.0,fixation
14:13:46.5691,831.4,195.8,fixation
14:13:46.5696,831.2,196.5,fixation
14:13:46.5701,831.1,196.3,fixation
14:13:46.5706,831.0,196.1,fixation
14:13:46.5711,830.7,196.4,fixation
14:13:46.5716,830.4,196.9,fixation
14:13:46.5721,830.2,195.0,fixation
14:13:46.5726,829.8,192.7,fixation
14:13:46.5731,829.2,190.7,fixation
14:13:46.5736,828.5,191.5,fixation
14:13:46.5741,828.1,193.3,fixation
14:13:46.5746,828.7,194.6,fixation
14:13:46.5751,829.4,195.6,fixation
14:13:46.5756,830.2,196.5,fixation
14:13:46.5761,830.2,197.4,fixation
14:13:46.5766,830.4,197.0,fixation
14:13:46.5771,829.6,195.7,fixation
14:13:46.5776,828.9,194.4,fixation
14:13:46.5781,828.3,194.5,fixation
14:13:46.5786,828.6,194.6,fixation
14:13:46.5791,828.9,194.6,fixation
14:13:46.5796,828.9,194.4,fixation
14:13:46.5801,828.8,194.2,fixation
14:13:46.5806,828.8,194.0,fixation
14:13:46.5811,828.8,193.8,fixation
14:13:46.5816,829.4,193.1,fixation
14:13:46.5821,830.1,192.7,fixation
14:13:46.5826,830.9,192.6,fixation
14:13:46.5831,831.1,194.6,fixation
14:13:46.5836,831.2,196.4,fixation
14:13:46.5841,831.3,198.0,fixation
14:13:46.5846,831.3,198.0,fixation
14:13:46.5851,830.4,197.0,fixation
14:13:46.5856,829.5,195.9,fixation
14:13:46.5861,828.6,195.0,fixation
14:13:46.5866,828.9,195.2,fixation
14:13:46.5871,829.2,195.2,fixation
14:13:46.5876,829.5,195.1,fixation
14:13:46.5881,829.5,194.9,fixation
14:13:46.5886,829.5,194.5,fixation
14:13:46.5891,829.3,194.1,fixation
14:13:46.5896,829.2,194.6,fixation
14:13:46.5901,829.5,195.3,fixation
14:13:46.5906,830.2,196.1,fixation
14:13:46.5911,831.0,195.7,fixation
14:13:46.5916,830.6,195.5,fixation
14:13:46.5921,829.8,195.7,fixation
14:13:46.5926,829.6,196.2,fixation
14:13:46.5931,830.2,196.7,fixation
14:13:46.5936,829.3,196.8,fixation
14:13:46.5941,827.8,196.8,fixation
14:13:46.5946,826.5,196.8,fixation
14:13:46.5951,826.7,197.8,fixation
14:13:46.5956,827.5,198.9,fixation
14:13:46.5961,828.6,199.9,fixation
14:13:46.5966,829.6,199.6,fixation
14:13:46.5971,829.0,199.3,fixation
14:13:46.5976,828.0,199.0,fixation
14:13:46.5981,827.1,197.6,fixation
14:13:46.5986,827.1,196.3,fixation
14:13:46.5991,827.1,195.1,fixation
14:13:46.5996,828.2,195.5,fixation
14:13:46.6001,829.4,195.9,fixation
14:13:46.6006,830.3,196.1,fixation
14:13:46.6011,830.0,196.2,fixation
14:13:46.6016,829.4,196.2,fixation
14:13:46.6021,829.1,196.3,fixation
14:13:46.6026,829.3,196.5,fixation
14:13:46.6031,829.7,196.7,fixation
14:13:46.6036,830.1,196.7,fixation
14:13:46.6041,830.1,196.5,fixation
14:13:46.6046,829.2,196.2,fixation
14:13:46.6051,828.3,195.9,fixation
14:13:46.6056,827.6,195.6,fixation
14:13:46.6061,828.0,195.5,fixation
14:13:46.6066,827.9,195.4,fixation
14:13:46.6071,827.2,194.9,fixation
14:13:46.6076,826.3,194.6,fixation
14:13:46.6081,826.6,194.8,fixation
14:13:46.6086,827.2,196.7,fixation
14:13:46.6091,827.8,198.2,fixation
14:13:46.6096,827.7,198.7,fixation
14:13:46.6101,827.7,197.5,fixation
14:13:46.6106,827.6,196.1,fixation
14:13:46.6111,828.3,195.2,fixation
14:13:46.6116,829.0,195.0,fixation
14:13:46.6121,830.1,195.4,fixation
14:13:46.6126,830.4,196.0,fixation
14:13:46.6131,830.1,196.3,fixation
14:13:46.6136,829.1,195.7,fixation
14:13:46.6141,828.0,195.2,fixation
14:13:46.6146,827.8,195.2,fixation
14:13:46.6151,828.1,195.4,fixation
14:13:46.6156,828.4,195.5,fixation
14:13:46.6161,827.9,195.3,fixation
14:13:46.6166,827.4,195.1,fixation
14:13:46.6171,826.7,196.5,fixation
14:13:46.6176,826.8,198.0,fixation
14:13:46.6181,827.2,199.0,fixation
14:13:46.6186,827.8,197.9,fixation
14:13:46.6191,828.2,196.9,fixation
14:13:46.6196,828.1,197.3,fixation
14:13:46.6201,828.0,198.4,fixation
14:13:46.6206,828.6,200.6,fixation
14:13:46.6211,829.2,201.9,fixation
14:13:46.6216,829.8,201.1,fixation
14:13:46.6221,829.7,199.3,fixation
14:13:46.6226,829.7,196.7,fixation
14:13:46.6231,829.8,195.9,fixation
14:13:46.6236,830.0,195.1,fixation
14:13:46.6241,829.3,195.2,fixation
14:13:46.6246,828.4,195.5,fixation
14:13:46.6251,828.4,195.8,fixation
14:13:46.6256,829.3,196.0,fixation
14:13:46.6261,829.1,196.3,fixation
14:13:46.6266,828.0,196.9,fixation
14:13:46.6271,827.4,197.5,fixation
14:13:46.6276,827.8,197.8,fixation
14:13:46.6281,828.1,197.9,fixation
14:13:46.6286,828.2,198.1,fixation
14:13:46.6291,828.4,198.5,fixation
14:13:46.6296,828.6,199.0,fixation
14:13:46.6301,828.6,199.3,fixation
14:13:46.6306,828.1,199.0,fixation
14:13:46.6311,827.6,198.7,fixation
14:13:46.6316,827.3,198.3,fixation
14:13:46.6321,827.4,198.2,fixation
14:13:46.6326,827.7,197.4,fixation
14:13:46.6331,828.0,196.4,fixation
14:13:46.6336,829.1,195.5,fixation
14:13:46.6341,829.9,197.4,fixation
14:13:46.6346,830.6,200.0,fixation
14:13:46.6351,830.4,202.6,fixation
14:13:46.6356,830.2,202.6,fixation
14:13:46.6361,829.9,202.4,fixation
14:13:46.6366,829.6,202.1,fixation
14:13:46.6371,829.4,202.3,fixation
14:13:46.6376,828.5,202.1,fixation
14:13:46.6381,827.6,201.6,fixation
14:13:46.6386,827.0,201.2,fixation
14:13:46.6391,827.9,200.8,fixation
14:13:46.6396,829.3,200.6,fixation
14:13:46.6401,830.2,200.7,fixation
14:13:46.6406,830.4,200.9,fixation
14:13:46.6411,830.1,199.9,fixation
14:13:46.6416,829.7,198.8,fixation
14:13:46.6421,829.7,197.0,fixation
14:13:46.6426,829.7,196.5,fixation
14:13:46.6431,829.8,196.1,fixation
14:13:46.6436,829.9,196.5,fixation
14:13:46.6441,829.7,196.9,fixation
14:13:46.6446,829.0,197.7,fixation
14:13:46.6451,828.3,198.3,fixation
14:13:46.6456,828.0,198.8,fixation
14:13:46.6461,828.2,198.7,fixation
14:13:46.6466,828.4,198.6,fixation
14:13:46.6471,828.5,198.5,fixation
14:13:46.6476,828.5,198.5,fixation
14:13:46.6481,828.6,198.4,fixation
14:13:46.6486,828.6,198.4,fixation
14:13:46.6491,828.6,198.3,fixation
14:13:46.6496,828.6,198.3,fixation
14:13:46.6501,828.7,198.2,fixation
14:13:46.6506,828.9,198.0,fixation
14:13:46.6511,828.7,199.1,fixation
14:13:46.6516,827.8,200.3,fixation
14:13:46.6521,827.0,200.7,fixation
14:13:46.6526,827.3,200.0,fixation
14:13:46.6531,828.1,199.0,fixation
14:13:46.6536,829.3,198.7,fixation
14:13:46.6541,829.6,198.4,fixation
14:13:46.6546,830.0,198.5,fixation
14:13:46.6551,830.2,198.7,fixation
14:13:46.6556,829.4,198.8,fixation
14:13:46.6561,828.5,198.8,fixation
14:13:46.6566,827.6,198.8,fixation
14:13:46.6571,827.7,198.8,fixation
14:13:46.6576,828.0,198.8,fixation
14:13:46.6581,828.2,198.8,fixation
14:13:46.6586,828.3,199.0,fixation
14:13:46.6591,827.8,199.1,fixation
14:13:46.6596,827.4,198.7,fixation
14:13:46.6601,827.3,198.2,fixation
14:13:46.6606,827.6,198.2,fixation
14:13:46.6611,828.1,199.0,fixation
14:13:46.6616,828.6,199.9,fixation
14:13:46.6621,828.6,200.1,fixation
14:13:46.6626,828.2,199.5,fixation
14:13:46.6631,827.8,198.8,fixation
14:13:46.6636,827.6,198.7,fixation
14:13:46.6641,827.6,199.0,fixation
14:13:46.6646,827.5,199.4,fixation
14:13:46.6651,827.0,199.4,fixation
14:13:46.6656,826.4,200.4,fixation
14:13:46.6661,825.8,201.5,fixation
14:13:46.6666,826.9,202.6,fixation
14:13:46.6671,828.1,202.8,fixation
14:13:46.6676,829.3,202.9,fixation
14:13:46.6681,829.3,203.4,fixation
14:13:46.6686,830.2,204.2,fixation
14:13:46.6691,831.0,205.2,fixation
14:13:46.6696,831.7,206.2,fixation
14:13:46.6701,831.3,206.8,fixation
14:13:46.6706,831.2,205.7,fixation
14:13:46.6711,831.5,204.4,fixation
14:13:46.6716,831.9,202.6,fixation
14:13:46.6721,831.8,201.8,fixation
14:13:46.6726,831.1,199.7,fixation
14:13:46.6731,829.8,198.0,fixation
14:13:46.6736,828.7,196.7,fixation
14:13:46.6741,828.8,196.6,fixation
14:13:46.6746,829.5,196.6,fixation
14:13:46.6751,830.6,197.8,fixation
14:13:46.6756,831.1,199.0,fixation
14:13:46.6761,831.6,200.0,fixation
14:13:46.6766,831.0,200.5,fixation
14:13:46.6771,830.1,201.0,fixation
14:13:46.6776,829.2,201.5,fixation
14:13:46.6781,829.4,201.5,fixation
14:13:46.6786,830.0,202.3,fixation
14:13:46.6791,830.7,203.4,fixation
14:13:46.6796,830.7,205.0,fixation
14:13:46.6801,829.8,205.8,fixation
14:13:46.6806,828.2,205.8,fixation
14:13:46.6811,826.6,205.0,fixation
14:13:46.6816,825.8,203.7,fixation
14:13:46.6821,826.3,202.8,fixation
14:13:46.6826,827.4,202.3,fixation
14:13:46.6831,828.7,201.7,fixation
14:13:46.6836,829.6,200.3,fixation
14:13:46.6841,829.9,199.0,fixation
14:13:46.6846,830.1,198.5,fixation
14:13:46.6851,831.0,199.2,fixation
14:13:46.6856,831.9,200.5,fixation
14:13:46.6861,832.8,201.7,fixation
14:13:46.6866,832.1,202.9,fixation
14:13:46.6871,831.5,203.2,fixation
14:13:46.6876,831.0,202.8,fixation
14:13:46.6881,830.1,202.1,fixation
14:13:46.6886,829.0,201.5,fixation
14:13:46.6891,828.0,200.2,fixation
14:13:46.6896,828.0,198.9,fixation
14:13:46.6901,828.0,197.7,fixation
14:13:46.6906,827.8,198.8,fixation
14:13:46.6911,828.4,200.0,fixation
14:13:46.6916,829.2,199.9,fixation
14:13:46.6921,829.6,198.4,fixation
14:13:46.6926,829.1,196.8,fixation
14:13:46.6931,828.5,198.1,fixation
14:13:46.6936,829.2,199.7,fixation
14:13:46.6941,830.2,199.7,fixation
14:13:46.6946,831.3,198.0,fixation
14:13:46.6951,829.7,197.1,fixation
14:13:46.6956,827.9,197.0,fixation
14:13:46.6961,826.6,196.9,fixation
14:13:46.6966,827.2,197.3,fixation
14:13:46.6971,828.1,198.6,fixation
14:13:46.6976,828.3,199.1,fixation
14:13:46.6981,828.6,198.4,fixation
14:13:46.6986,829.1,197.7,fixation
14:13:46.6991,829.8,197.7,fixation
14:13:46.6996,830.7,199.2,fixation
14:13:46.7001,831.7,200.5,fixation
14:13:46.7006,832.8,201.2,fixation
14:13:46.7011,833.3,200.4,fixation
14:13:46.7016,831.6,199.8,fixation
14:13:46.7021,830.0,200.1,fixation
14:13:46.7026,828.9,200.3,fixation
14:13:46.7031,829.3,200.3,fixation
14:13:46.7036,829.0,200.2,fixation
14:13:46.7041,828.5,200.2,fixation
14:13:46.7046,828.4,200.0,fixation
14:13:46.7051,829.1,199.7,fixation
14:13:46.7056,830.5,200.4,fixation
14:13:46.7061,831.7,201.3,fixation
14:13:46.7066,832.1,201.1,fixation
14:13:46.7071,831.3,199.7,fixation
14:13:46.7076,830.2,198.2,fixation
14:13:46.7081,829.3,199.1,fixation
14:13:46.7086,828.9,200.2,fixation
14:13:46.7091,828.9,201.4,fixation
14:13:46.7096,829.1,202.1,fixation
14:13:46.7101,829.1,202.5,fixation
14:13:46.7106,829.1,202.8,fixation
14:13:46.7111,827.7,202.6,fixation
14:13:46.7116,826.4,202.3,fixation
14:13:46.7121,825.2,202.1,fixation
14:13:46.7126,826.2,204.0,fixation
14:13:46.7131,827.1,206.0,fixation
14:13:46.7136,827.9,207.9,fixation
14:13:46.7141,827.5,207.7,fixation
14:13:46.7146,827.1,207.6,fixation
14:13:46.7151,826.9,207.6,fixation
14:13:46.7156,826.8,207.7,fixation
14:13:46.7161,827.2,208.0,fixation
14:13:46.7166,827.5,208.2,fixation
14:13:46.7171,827.8,208.5,fixation
14:13:46.7176,827.8,208.5,fixation
14:13:46.7181,826.9,208.5,fixation
14:13:46.7186,826.0,208.4,fixation
14:13:46.7191,825.9,208.2,fixation
14:13:46.7196,826.8,208.1,fixation
14:13:46.7201,827.7,209.0,fixation
14:13:46.7206,828.0,210.0,fixation
14:13:46.7211,828.3,210.8,fixation
14:13:46.7216,828.0,210.6,fixation
14:13:46.7221,827.2,211.0,saccade
14:13:46.7226,828.0,212.4,saccade
14:13:46.7231,828.8,214.7,saccade
14:13:46.7236,828.4,216.7,saccade
14:13:46.7241,827.1,217.8,saccade
14:13:46.7246,825.3,217.9,saccade
14:13:46.7251,824.8,218.2,saccade
14:13:46.7256,823.9,220.1,saccade
14:13:46.7261,823.6,222.5,saccade
14:13:46.7266,823.4,224.5,saccade
14:13:46.7271,823.6,224.9,saccade
14:13:46.7276,823.1,225.3,saccade
14:13:46.7281,822.5,226.0,saccade
14:13:46.7286,821.5,226.7,saccade
14:13:46.7291,821.0,226.5,saccade
14:13:46.7296,819.4,226.2,saccade
14:13:46.7301,818.0,227.1,saccade
14:13:46.7306,817.8,228.4,saccade
14:13:46.7311,818.7,229.5,saccade
14:13:46.7316,818.9,229.3,saccade
14:13:46.7321,818.0,229.2,saccade
14:13:46.7326,817.7,229.5,saccade
14:13:46.7331,818.2,230.6,saccade
14:13:46.7336,816.8,231.6,saccade
14:13:46.7341,814.7,232.7,saccade
14:13:46.7346,813.8,233.2,saccade
14:13:46.7351,814.7,234.6,saccade
14:13:46.7356,815.8,235.4,saccade
14:13:46.7361,815.1,236.3,saccade
14:13:46.7366,814.4,236.5,saccade
14:13:46.7371,814.7,237.9,saccade
14:13:46.7376,815.4,240.7,saccade
14:13:46.7381,816.5,243.9,saccade
14:13:46.7386,817.1,246.1,saccade
14:13:46.7391,818.8,248.0,saccade
14:13:46.7396,820.4,251.8,saccade
14:13:46.7401,823.4,257.5,saccade
14:13:46.7406,825.4,263.5,saccade
14:13:46.7411,829.1,274.2,saccade
14:13:46.7416,833.6,286.5,saccade
14:13:46.7421,845.7,307.3,saccade
14:13:46.7426,864.5,333.9,saccade
14:13:46.7431,882.6,360.2,saccade
14:13:46.7436,892.8,376.7,saccade
14:13:46.7441,905.5,401.4,saccade
14:13:46.7446,916.1,442.0,saccade
14:13:46.7451,925.5,513.6,saccade
14:13:46.7456,924.9,567.4,saccade
14:13:46.7461,924.5,613.6,saccade
14:13:46.7466,930.7,644.2,saccade
14:13:46.7471,935.7,672.6,saccade
14:13:46.7476,941.0,692.6,saccade
14:13:46.7481,.,.,blink
14:13:46.7486,.,.,blink
14:13:46.7491,.,.,blink
14:13:46.7496,.,.,blink
14:13:46.7501,.,.,blink
14:13:46.7506,.,.,blink
14:13:46.7511,.,.,blink
14:13:46.7516,.,.,blink
14:13:46.7521,.,.,blink
14:13:46.7526,.,.,blink
14:13:46.7531,.,.,blink
14:13:46.7536,.,.,blink
14:13:46.7541,.,.,blink
14:13:46.7546,.,.,blink
14:13:46.7551,.,.,blink
14:13:46.7556,.,.,blink
14:13:46.7561,.,.,blink
14:13:46.7566,.,.,blink
14:13:46.7571,.,.,blink
14:13:46.7576,.,.,blink
14:13:46.7581,.,.,blink
14:13:46.7586,.,.,blink
14:13:46.7591,.,.,blink
14:13:46.7596,.,.,blink
14:13:46.7601,.,.,blink
14:13:46.7606,.,.,blink
14:13:46.7611,.,.,blink
14:13:46.7616,.,.,blink
14:13:46.7621,.,.,blink
14:13:46.7626,.,.,blink
14:13:46.7631,.,.,blink
14:13:46.7636,.,.,blink
14:13:46.7641,.,.,blink
14:13:46.7646,.,.,blink
14:13:46.7651,.,.,blink
14:13:46.7656,.,.,blink
14:13:46.7661,.,.,blink
14:13:46.7666,.,.,blink
14:13:46.7671,.,.,blink
14:13:46.7676,.,.,blink
14:13:46.7681,.,.,blink
14:13:46.7686,.,.,blink
14:13:46.7691,.,.,blink
14:13:46.7696,.,.,blink
14:13:46.7701,.,.,blink
14:13:46.7706,.,.,blink
14:13:46.7711,.,.,blink
14:13:46.7716,.,.,blink
14:13:46.7721,.,.,blink
14:13:46.7726,.,.,blink
14:13:46.7731,.,.,blink
14:13:46.7736,.,.,blink
14:13:46.7741,.,.,blink
14:13:46.7746,.,.,blink
14:13:46.7751,.,.,blink
14:13:46.7756,.,.,blink
14:13:46.7761,.,.,blink
14:13:46.7766,.,.,blink
14:13:46.7771,.,.,blink
14:13:46.7776,.,.,blink
14:13:46.7781,.,.,blink
14:13:46.7786,.,.,blink
14:13:46.7791,.,.,blink
14:13:46.7796,.,.,blink
14:13:46.7801,.,.,blink
14:13:46.7806,.,.,blink
14:13:46.7811,.,.,blink
14:13:46.7816,.,.,blink
14:13:46.7821,.,.,blink
14:13:46.7826,.,.,blink
14:13:46.7831,.,.,blink
14:13:46.7836,.,.,blink
14:13:46.7841,.,.,blink
14:13:46.7846,.,.,blink
14:13:46.7851,.,.,blink
14:13:46.7856,.,.,blink
14:13:46.7861,.,.,blink
14:13:46.7866,.,.,blink
14:13:46.7871,.,.,blink
14:13:46.7876,.,.,blink
14:13:46.7881,.,.,blink
14:13:46.7886,.,.,blink
14:13:46.7891,.,.,blink
14:13:46.7896,.,.,blink
14:13:46.7901,.,.,blink
14:13:46.7906,.,.,blink
14:13:46.7911,.,.,blink
14:13:46.7916,.,.,blink
14:13:46.7921,.,.,blink
14:13:46.7926,.,.,blink
14:13:46.7931,.,.,blink
14:13:46.7936,.,.,blink
14:13:46.7941,.,.,blink
14:13:46.7946,.,.,blink
14:13:46.7951,.,.,blink
14:13:46.7956,.,.,blink
14:13:46.7961,.,.,blink
14:13:46.7966,.,.,blink
14:13:46.7971,.,.,blink
14:13:46.7976,.,.,blink
14:13:46.7981,.,.,blink
14:13:46.7986,.,.,blink
14:13:46.7991,.,.,blink
14:13:46.7996,.,.,blink
14:13:46.8001,.,.,blink
14:13:46.8006,.,.,blink
14:13:46.8011,.,.,blink
14:13:46.8016,.,.,blink
14:13:46.8021,.,.,blink
14:13:46.8026,.,.,blink
14:13:46.8031,.,.,blink
14:13:46.8036,.,.,blink
14:13:46.8041,.,.,blink
14:13:46.8046,.,.,blink
14:13:46.8051,.,.,blink
14:13:46.8056,.,.,blink
14:13:46.8061,.,.,blink
14:13:46.8066,.,.,blink
14:13:46.8071,.,.,blink
14:13:46.8076,.,.,blink
14:13:46.8081,.,.,blink
14:13:46.8086,.,.,blink
14:13:46.8091,.,.,blink
14:13:46.8096,.,.,blink
14:13:46.8101,.,.,blink
14:13:46.8106,.,.,blink
14:13:46.8111,.,.,blink
14:13:46.8116,.,.,blink
14:13:46.8121,.,.,blink
14:13:46.8126,.,.,blink
14:13:46.8131,.,.,blink
14:13:46.8136,.,.,blink
14:13:46.8141,.,.,blink
14:13:46.8146,.,.,blink
14:13:46.8151,.,.,blink
14:13:46.8156,.,.,blink
14:13:46.8161,.,.,blink
14:13:46.8166,.,.,blink
14:13:46.8171,.,.,blink
14:13:46.8176,.,.,blink
14:13:46.8181,.,.,blink
14:13:46.8186,.,.,blink
14:13:46.8191,.,.,blink
14:13:46.8196,.,.,blink
14:13:46.8201,.,.,blink
14:13:46.8206,.,.,blink
14:13:46.8211,.,.,blink
14:13:46.8216,.,.,blink
14:13:46.8221,.,.,blink
14:13:46.8226,.,.,blink
14:13:46.8231,.,.,blink
14:13:46.8236,.,.,blink
14:13:46.8241,.,.,blink
14:13:46.8246,.,.,blink
14:13:46.8251,.,.,blink
14:13:46.8256,.,.,blink
14:13:46.8261,.,.,blink
14:13:46.8266,.,.,blink
14:13:46.8271,.,.,blink
14:13:46.8276,.,.,blink
14:13:46.8281,.,.,blink
14:13:46.8286,.,.,blink
14:13:46.8291,.,.,blink
14:13:46.8296,.,.,blink
14:13:46.8301,.,.,blink
14:13:46.8306,.,.,blink
14:13:46.8311,.,.,blink
14:13:46.8316,.,.,blink
14:13:46.8321,.,.,blink
14:13:46.8326,.,.,blink
14:13:46.8331,.,.,blink
14:13:46.8336,.,.,blink
14:13:46.8341,.,.,blink
14:13:46.8346,.,.,blink
14:13:46.8351,.,.,blink
14:13:46.8356,.,.,blink
14:13:46.8361,.,.,blink
14:13:46.8366,.,.,blink
14:13:46.8371,.,.,blink
14:13:46.8376,.,.,blink
14:13:46.8381,.,.,blink
14:13:46.8386,.,.,blink
14:13:46.8391,.,.,blink
14:13:46.8396,.,.,blink
14:13:46.8401,.,.,blink
14:13:46.8406,.,.,blink
14:13:46.8411,.,.,blink
14:13:46.8416,.,.,blink
14:13:46.8421,.,.,blink
14:13:46.8426,.,.,blink
14:13:46.8431,.,.,blink
14:13:46.8436,.,.,blink
14:13:46.8441,.,.,blink
14:13:46.8446,.,.,blink
14:13:46.8451,.,.,blink
14:13:46.8456,.,.,blink
14:13:46.8461,.,.,blink
14:13:46.8466,842.2,190.0,fixation
14:13:46.8471,841.8,189.2,fixation
14:13:46.8476,841.4,188.9,fixation
14:13:46.8481,841.1,188.9,fixation
14:13:46.8486,840.8,188.6,fixation
14:13:46.8491,840.3,187.0,fixation
14:13:46.8496,840.3,185.7,fixation
14:13:46.8501,840.5,184.6,fixation
14:13:46.8506,840.8,184.8,fixation
14:13:46.8511,841.1,184.3,fixation
14:13:46.8516,841.6,183.8,fixation
14:13:46.8521,842.2,183.4,fixation
14:13:46.8526,841.5,183.6,fixation
14:13:46.8531,840.4,183.7,fixation
14:13:46.8536,839.4,183.2,fixation
14:13:46.8541,840.0,182.6,fixation
14:13:46.8546,840.6,183.4,fixation
14:13:46.8551,841.3,184.8,fixation
14:13:46.8556,841.5,184.9,fixation
14:13:46.8561,841.9,182.9,fixation
14:13:46.8566,842.2,180.9,fixation
14:13:46.8571,841.7,180.1,fixation
14:13:46.8576,840.7,180.0,fixation
14:13:46.8581,839.0,179.9,fixation
14:13:46.8586,838.1,179.9,fixation
14:13:46.8591,838.5,179.7,fixation
14:13:46.8596,839.7,178.4,fixation
14:13:46.8601,840.1,177.1,fixation
14:13:46.8606,839.3,175.9,fixation
14:13:46.8611,839.2,175.8,fixation
14:13:46.8616,840.0,176.1,fixation
14:13:46.8621,840.3,177.0,fixation
14:13:46.8626,839.4,177.9,fixation
14:13:46.8631,838.4,178.5,fixation
14:13:46.8636,837.9,178.6,fixation
14:13:46.8641,837.9,178.2,fixation
14:13:46.8646,837.6,177.8,fixation
14:13:46.8651,837.1,177.3,fixation
14:13:46.8656,836.5,178.0,fixation
14:13:46.8661,836.3,178.8,fixation
14:13:46.8666,837.4,178.4,fixation
14:13:46.8671,838.5,177.3,fixation
14:13:46.8676,838.9,176.3,fixation
14:13:46.8681,837.8,176.2,fixation
14:13:46.8686,836.9,175.9,fixation
14:13:46.8691,836.6,175.7,fixation
14:13:46.8696,836.7,175.9,fixation
14:13:46.8701,836.8,175.8,fixation
14:13:46.8706,837.1,175.4,fixation
14:13:46.8711,838.3,175.5,fixation
14:13:46.8716,839.2,176.5,fixation
14:13:46.8721,839.8,177.4,fixation
14:13:46.8726,839.3,177.6,fixation
14:13:46.8731,838.5,176.6,fixation
14:13:46.8736,837.1,175.7,fixation
14:13:46.8741,836.2,174.6,fixation
14:13:46.8746,835.6,174.2,fixation
14:13:46.8751,836.0,176.7,fixation
14:13:46.8756,836.2,179.5,fixation
14:13:46.8761,836.1,181.3,fixation
14:13:46.8766,835.8,179.2,fixation
14:13:46.8771,836.4,176.1,fixation
14:13:46.8776,837.1,174.1,fixation
14:13:46.8781,838.1,173.4,fixation
14:13:46.8786,838.5,173.8,fixation
14:13:46.8791,838.6,174.1,fixation
14:13:46.8796,838.0,175.4,fixation
14:13:46.8801,837.4,176.8,fixation
14:13:46.8806,837.7,178.1,fixation
14:13:46.8811,838.7,178.3,fixation
14:13:46.8816,839.8,178.6,fixation
14:13:46.8821,839.4,178.9,fixation
14:13:46.8826,838.5,179.2,fixation
14:13:46.8831,837.6,179.3,fixation
14:13:46.8836,837.4,179.2,fixation
14:13:46.8841,837.2,178.9,fixation
14:13:46.8846,837.1,178.0,fixation
14:13:46.8851,837.3,176.8,fixation
14:13:46.8856,837.3,175.7,fixation
14:13:46.8861,837.0,175.9,fixation
14:13:46.8866,836.4,176.5,fixation
14:13:46.8871,836.1,177.1,fixation
14:13:46.8876,836.1,177.3,fixation
14:13:46.8881,836.3,177.2,fixation
14:13:46.8886,836.3,177.1,fixation
14:13:46.8891,836.1,177.0,fixation
14:13:46.8896,837.5,177.2,fixation
14:13:46.8901,839.6,177.5,fixation
14:13:46.8906,841.7,177.9,fixation
14:13:46.8911,842.3,178.4,fixation
14:13:46.8916,842.3,178.7,fixation
14:13:46.8921,841.1,178.4,fixation
14:13:46.8926,840.0,178.3,fixation
14:13:46.8931,839.1,178.1,fixation
14:13:46.8936,839.5,178.5,fixation
14:13:46.8941,839.7,179.4,fixation
14:13:46.8946,839.4,180.2,fixation
14:13:46.8951,839.0,181.0,fixation
14:13:46.8956,838.6,181.0,fixation
14:13:46.8961,838.6,180.8,fixation
14:13:46.8966,838.9,180.5,fixation
14:13:46.8971,839.3,180.2,fixation
14:13:46.8976,839.4,180.1,fixation
14:13:46.8981,839.8,178.8,fixation
14:13:46.8986,840.1,177.5,fixation
14:13:46.8991,839.8,177.9,fixation
14:13:46.8996,839.0,179.8,fixation
14:13:46.9001,838.4,181.7,fixation
14:13:46.9006,838.5,181.0,fixation
14:13:46.9011,838.6,180.1,fixation
14:13:46.9016,838.7,179.3,fixation
14:13:46.9021,838.5,179.4,fixation
14:13:46.9026,837.9,179.5,fixation
14:13:46.9031,835.6,178.6,fixation
14:13:46.9036,833.6,177.5,fixation
14:13:46.9041,832.2,176.5,fixation
14:13:46.9046,832.5,176.3,fixation
14:13:46.9051,832.2,175.8,fixation
14:13:46.9056,831.6,175.4,fixation
14:13:46.9061,831.2,175.8,fixation
14:13:46.9066,831.5,176.8,fixation
14:13:46.9071,831.8,177.8,fixation
14:13:46.9076,832.7,178.1,fixation
14:13:46.9081,833.6,177.7,fixation
14:13:46.9086,834.9,177.5,fixation
14:13:46.9091,835.4,177.5,fixation
14:13:46.9096,835.1,177.9,fixation
14:13:46.9101,834.2,178.2,fixation
14:13:46.9106,833.3,178.5,fixation
14:13:46.9111,833.1,178.1,fixation
14:13:46.9116,833.0,177.5,fixation
14:13:46.9121,832.3,177.0,fixation
14:13:46.9126,831.6,177.1,fixation
14:13:46.9131,830.8,176.5,fixation
14:13:46.9136,830.7,175.9,fixation
14:13:46.9141,830.6,175.6,fixation
14:13:46.9146,831.6,176.2,fixation
14:13:46.9151,832.5,176.6,fixation
14:13:46.9156,833.0,176.8,fixation
14:13:46.9161,832.6,176.7,fixation
14:13:46.9166,832.3,176.6,fixation
14:13:46.9171,832.7,175.6,fixation
14:13:46.9176,833.0,174.2,fixation
14:13:46.9181,833.1,172.9,fixation
14:13:46.9186,832.9,172.5,fixation
14:13:46.9191,832.2,172.7,fixation
14:13:46.9196,831.7,172.8,fixation
14:13:46.9201,831.3,172.9,fixation
14:13:46.9206,831.2,174.1,fixation
14:13:46.9211,831.3,175.3,fixation
14:13:46.9216,831.8,176.5,fixation
14:13:46.9221,832.0,176.5,fixation
14:13:46.9226,832.0,176.5,fixation
14:13:46.9231,831.9,176.6,fixation
14:13:46.9236,832.1,176.6,fixation
14:13:46.9241,832.3,177.2,fixation
14:13:46.9246,832.2,177.7,fixation
14:13:46.9251,832.3,177.4,fixation
14:13:46.9256,832.4,176.6,fixation
14:13:46.9261,832.7,175.7,fixation
14:13:46.9266,832.9,175.7,fixation
14:13:46.9271,833.4,176.2,fixation
14:13:46.9276,833.8,176.9,fixation
14:13:46.9281,833.0,177.2,fixation
14:13:46.9286,831.7,176.7,fixation
14:13:46.9291,830.5,175.3,fixation
14:13:46.9296,831.2,174.2,fixation
14:13:46.9301,831.9,175.2,fixation
14:13:46.9306,832.0,177.1,fixation
14:13:46.9311,831.4,178.5,fixation
14:13:46.9316,830.8,178.2,fixation
14:13:46.9321,830.9,177.9,fixation
14:13:46.9326,831.1,178.0,fixation
14:13:46.9331,832.3,177.9,fixation
14:13:46.9336,833.5,177.8,fixation
14:13:46.9341,834.5,177.8,fixation
14:13:46.9346,834.4,177.8,fixation
14:13:46.9351,833.9,177.8,fixation
14:13:46.9356,834.0,177.7,fixation
14:13:46.9361,834.5,177.7,fixation
14:13:46.9366,835.4,177.7,fixation
14:13:46.9371,835.2,176.4,fixation
14:13:46.9376,834.7,175.0,fixation
14:13:46.9381,834.3,173.7,fixation
14:13:46.9386,834.3,173.6,fixation
14:13:46.9391,834.4,173.8,fixation
14:13:46.9396,834.1,175.0,fixation
14:13:46.9401,833.6,176.1,fixation
14:13:46.9406,833.1,177.0,fixation
14:13:46.9411,832.1,176.7,fixation
14:13:46.9416,831.3,175.4,fixation
14:13:46.9421,830.8,174.2,fixation
14:13:46.9426,831.2,174.5,fixation
14:13:46.9431,832.5,175.8,fixation
14:13:46.9436,833.6,177.2,fixation
14:13:46.9441,834.4,177.3,fixation
14:13:46.9446,834.2,177.5,fixation
14:13:46.9451,834.0,176.7,fixation
14:13:46.9456,834.0,175.8,fixation
14:13:46.9461,834.1,174.9,fixation
14:13:46.9466,834.4,174.9,fixation
14:13:46.9471,834.9,175.1,fixation
14:13:46.9476,835.4,175.2,fixation
14:13:46.9481,835.4,174.3,fixation
14:13:46.9486,835.2,173.3,fixation
14:13:46.9491,835.0,172.1,fixation
14:13:46.9496,834.9,172.0,fixation
14:13:46.9501,834.5,172.8,fixation
14:13:46.9506,834.1,173.7,fixation
14:13:46.9511,833.7,173.6,fixation
14:13:46.9516,833.7,172.6,fixation
14:13:46.9521,833.6,172.8,fixation
14:13:46.9526,833.3,174.0,fixation
14:13:46.9531,833.8,175.2,fixation
14:13:46.9536,834.3,175.6,fixation
14:13:46.9541,835.0,176.5,fixation
14:13:46.9546,835.1,177.3,fixation
14:13:46.9551,834.8,176.5,fixation
14:13:46.9556,834.3,175.2,fixation
14:13:46.9561,834.5,174.3,fixation
14:13:46.9566,835.1,174.5,fixation
14:13:46.9571,836.0,174.3,fixation
14:13:46.9576,836.2,173.5,fixation
14:13:46.9581,836.1,172.7,fixation
14:13:46.9586,835.6,172.4,fixation
14:13:46.9591,835.6,172.4,fixation
14:13:46.9596,835.9,172.9,fixation
14:13:46.9601,834.9,173.8,fixation
14:13:46.9606,833.3,174.7,fixation
14:13:46.9611,833.0,174.9,fixation
14:13:46.9616,833.9,174.7,fixation
14:13:46.9621,834.4,175.0,fixation
14:13:46.9626,833.9,175.8,fixation
14:13:46.9631,833.7,176.7,fixation
14:13:46.9636,833.4,176.1,fixation
14:13:46.9641,833.6,174.7,fixation
14:13:46.9646,833.7,173.3,fixation
14:13:46.9651,834.1,173.0,fixation
14:13:46.9656,833.9,173.2,fixation
14:13:46.9661,832.9,174.7,fixation
14:13:46.9666,832.0,176.1,fixation
14:13:46.9671,831.2,177.3,fixation
14:13:46.9676,831.0,177.2,fixation
14:13:46.9681,830.8,175.8,fixation
14:13:46.9686,830.6,174.6,fixation
14:13:46.9691,831.7,172.8,fixation
14:13:46.9696,832.8,172.2,fixation
14:13:46.9701,832.9,172.8,fixation
14:13:46.9706,831.3,174.2,fixation
14:13:46.9711,829.7,175.6,fixation
14:13:46.9716,829.4,176.0,fixation
14:13:46.9721,829.7,176.2,fixation
14:13:46.9726,830.1,176.0,fixation
14:13:46.9731,829.5,175.9,fixation
14:13:46.9736,828.8,175.9,fixation
14:13:46.9741,828.1,176.0,fixation
14:13:46.9746,828.1,176.0,fixation
14:13:46.9751,828.2,176.1,fixation
14:13:46.9756,828.2,176.5,fixation
14:13:46.9761,828.2,177.5,fixation
14:13:46.9766,828.8,178.1,fixation
14:13:46.9771,829.4,176.6,fixation
14:13:46.9776,830.0,174.5,fixation
14:13:46.9781,829.8,174.7,fixation
14:13:46.9786,829.4,177.1,fixation
14:13:46.9791,828.6,179.1,fixation
14:13:46.9796,828.0,178.4,fixation
14:13:46.9801,827.9,177.8,fixation
14:13:46.9806,828.5,177.5,fixation
14:13:46.9811,829.1,178.4,fixation
14:13:46.9816,829.1,179.2,fixation
14:13:46.9821,829.1,179.3,fixation
14:13:46.9826,830.6,178.5,fixation
14:13:46.9831,832.3,179.9,fixation
14:13:46.9836,833.9,182.1,fixation
14:13:46.9841,831.9,183.7,fixation
14:13:46.9846,829.8,182.7,fixation
14:13:46.9851,828.3,181.5,fixation
14:13:46.9856,828.7,180.5,fixation
14:13:46.9861,828.9,180.2,fixation
14:13:46.9866,828.4,180.2,fixation
14:13:46.9871,828.2,180.6,fixation
14:13:46.9876,828.3,180.6,fixation
14:13:46.9881,828.4,180.3,fixation
14:13:46.9886,828.5,179.7,fixation
14:13:46.9891,828.9,179.1,fixation
14:13:46.9896,829.2,177.9,fixation
14:13:46.9901,828.4,176.7,fixation
14:13:46.9906,827.2,177.6,fixation
14:13:46.9911,826.4,179.5,fixation
14:13:46.9916,826.7,180.1,fixation
14:13:46.9921,827.5,178.8,fixation
14:13:46.9926,828.0,177.4,fixation
14:13:46.9931,827.9,177.4,fixation
14:13:46.9936,827.4,177.4,fixation
14:13:46.9941,826.8,177.8,fixation
14:13:46.9946,826.8,178.3,fixation
14:13:46.9951,826.4,177.8,fixation
14:13:46.9956,826.0,176.7,fixation
14:13:46.9961,826.0,176.3,fixation
14:13:46.9966,826.5,177.2,fixation
14:13:46.9971,826.9,178.5,fixation
14:13:46.9976,826.2,180.0,fixation
14:13:46.9981,825.4,181.3,fixation
14:13:46.9986,824.7,181.7,fixation
14:13:46.9991,826.2,181.5,fixation
14:13:46.9996,827.8,181.3,fixation
14:13:47.0001,828.0,180.2,fixation
14:13:47.0006,826.7,178.9,fixation
14:13:47.0011,825.3,178.9,fixation
14:13:47.0016,825.1,180.2,fixation
14:13:47.0021,824.8,181.5,fixation
14:13:47.0026,824.7,181.9,fixation
14:13:47.0031,824.8,182.4,fixation
14:13:47.0036,824.9,182.9,fixation
14:13:47.0041,825.3,183.1,fixation
14:13:47.0046,825.6,183.2,fixation
14:13:47.0051,826.0,182.9,fixation
14:13:47.0056,826.0,182.2,fixation
14:13:47.0061,825.4,181.5,fixation
14:13:47.0066,824.7,181.3,fixation
14:13:47.0071,823.7,181.5,fixation
14:13:47.0076,823.5,181.4,fixation
14:13:47.0081,824.6,181.0,fixation
14:13:47.0086,825.7,180.7,fixation
14:13:47.0091,826.7,180.6,fixation
14:13:47.0096,826.4,180.0,fixation
14:13:47.0101,826.9,179.2,fixation
14:13:47.0106,827.5,178.4,fixation
14:13:47.0111,827.1,178.3,fixation
14:13:47.0116,826.2,177.3,fixation
14:13:47.0121,825.6,176.3,fixation
14:13:47.0126,826.3,175.7,fixation
14:13:47.0131,826.8,176.3,fixation
14:13:47.0136,825.5,177.0,fixation
14:13:47.0141,823.9,177.7,fixation
14:13:47.0146,822.9,178.0,fixation
14:13:47.0151,823.5,178.0,fixation
14:13:47.0156,824.7,177.1,fixation
14:13:47.0161,825.2,176.2,fixation
14:13:47.0166,825.7,175.5,fixation
14:13:47.0171,826.3,175.7,fixation
14:13:47.0176,826.9,176.0,fixation
14:13:47.0181,827.0,176.4,fixation
14:13:47.0186,826.5,176.7,fixation
14:13:47.0191,826.3,176.9,fixation
14:13:47.0196,826.5,177.2,fixation
14:13:47.0201,826.7,176.8,fixation
14:13:47.0206,826.2,176.2,fixation
14:13:47.0211,825.6,177.1,fixation
14:13:47.0216,825.1,178.7,fixation
14:13:47.0221,825.0,180.0,fixation
14:13:47.0226,824.9,178.5,fixation
14:13:47.0231,824.1,177.1,fixation
14:13:47.0236,823.3,176.0,fixation
14:13:47.0241,823.0,176.9,fixation
14:13:47.0246,824.3,177.7,fixation
14:13:47.0251,825.6,178.1,fixation
14:13:47.0256,826.5,177.7,fixation
14:13:47.0261,826.5,177.2,fixation
14:13:47.0266,826.6,177.2,fixation
14:13:47.0271,826.6,177.1,fixation
14:13:47.0276,826.7,176.9,fixation
14:13:47.0281,826.8,176.7,fixation
14:13:47.0286,826.9,176.5,fixation
14:13:47.0291,827.0,176.2,fixation
14:13:47.0296,826.9,176.0,fixation
14:13:47.0301,826.6,176.1,fixation
14:13:47.0306,826.3,176.5,fixation
14:13:47.0311,826.0,177.3,fixation
14:13:47.0316,824.7,177.9,fixation
14:13:47.0321,823.5,178.4,fixation
14:13:47.0326,822.3,178.3,fixation
14:13:47.0331,824.2,178.1,fixation
14:13:47.0336,826.2,177.8,fixation
14:13:47.0341,828.4,177.2,fixation
14:13:47.0346,828.6,176.0,fixation
14:13:47.0351,828.9,174.9,fixation
14:13:47.0356,828.8,175.8,fixation
14:13:47.0361,828.0,177.5,fixation
14:13:47.0366,827.1,179.5,fixation
14:13:47.0371,825.4,180.2,fixation
14:13:47.0376,824.5,180.7,fixation
14:13:47.0381,825.1,181.0,fixation
14:13:47.0386,826.4,179.8,fixation
14:13:47.0391,827.1,178.7,fixation
14:13:47.0396,826.5,177.6,fixation
14:13:47.0401,825.5,177.5,fixation
14:13:47.0406,824.9,177.4,fixation
14:13:47.0411,824.3,177.2,fixation
14:13:47.0416,824.4,177.6,fixation
14:13:47.0421,824.3,178.3,fixation
14:13:47.0426,824.2,178.9,fixation
14:13:47.0431,823.6,179.1,fixation
14:13:47.0436,823.2,177.9,fixation
14:13:47.0441,822.9,176.7,fixation
14:13:47.0446,824.4,175.3,fixation
14:13:47.0451,826.1,175.1,fixation
14:13:47.0456,827.8,174.9,fixation
14:13:47.0461,827.0,174.6,fixation
14:13:47.0466,826.3,174.3,fixation
14:13:47.0471,825.6,174.5,fixation
14:13:47.0476,825.6,175.1,fixation
14:13:47.0481,825.6,175.7,fixation
14:13:47.0486,825.6,177.2,fixation
14:13:47.0491,826.1,178.5,fixation
14:13:47.0496,826.5,178.7,fixation
14:13:47.0501,827.1,176.4,fixation
14:13:47.0506,827.5,174.0,fixation
14:13:47.0511,827.7,172.5,fixation
14:13:47.0516,828.1,172.2,fixation
14:13:47.0521,828.4,171.9,fixation
14:13:47.0526,828.5,172.7,fixation
14:13:47.0531,828.5,173.6,fixation
14:13:47.0536,828.4,174.5,fixation
14:13:47.0541,828.1,174.6,fixation
14:13:47.0546,827.4,174.6,fixation
14:13:47.0551,826.8,174.7,fixation
14:13:47.0556,826.5,174.8,fixation
14:13:47.0561,826.6,174.7,fixation
14:13:47.0566,826.9,174.5,fixation
14:13:47.0571,827.4,174.3,fixation
14:13:47.0576,827.9,173.9,fixation
14:13:47.0581,829.0,173.6,fixation
14:13:47.0586,829.8,173.3,fixation
14:13:47.0591,829.1,173.5,fixation
14:13:47.0596,827.6,172.4,fixation
14:13:47.0601,826.4,171.4,fixation
14:13:47.0606,826.7,170.1,fixation
14:13:47.0611,827.6,169.9,fixation
14:13:47.0616,828.2,171.6,fixation
14:13:47.0621,828.6,173.5,fixation
14:13:47.0626,828.5,175.7,fixation
14:13:47.0631,828.0,176.2,fixation
14:13:47.0636,827.4,176.9,fixation
14:13:47.0641,827.1,178.0,fixation
14:13:47.0646,827.4,178.8,fixation
14:13:47.0651,827.7,179.4,fixation
14:13:47.0656,827.9,178.1,fixation
14:13:47.0661,828.1,176.8,fixation
14:13:47.0666,828.5,175.6,fixation
14:13:47.0671,828.7,175.9,fixation
14:13:47.0676,828.2,176.4,fixation
14:13:47.0681,827.6,177.0,fixation
14:13:47.0686,826.9,176.8,fixation
14:13:47.0691,826.8,176.5,fixation
14:13:47.0696,826.9,176.0,fixation
14:13:47.0701,827.5,176.0,fixation
14:13:47.0706,827.5,176.3,fixation
14:13:47.0711,826.8,176.6,fixation
14:13:47.0716,825.8,175.2,fixation
14:13:47.0721,825.4,173.5,fixation
14:13:47.0726,825.4,172.7,fixation
14:13:47.0731,825.5,174.3,fixation
14:13:47.0736,825.5,176.0,fixation
14:13:47.0741,825.5,177.1,fixation
14:13:47.0746,825.5,177.3,fixation
14:13:47.0751,825.5,177.6,fixation
14:13:47.0756,825.5,177.7,fixation
14:13:47.0761,825.0,177.4,fixation
14:13:47.0766,824.6,177.1,fixation
14:13:47.0771,824.1,176.6,fixation
14:13:47.0776,824.2,176.5,fixation
14:13:47.0781,825.8,176.4,fixation
14:13:47.0786,827.4,175.9,fixation
14:13:47.0791,827.6,175.5,fixation
14:13:47.0796,826.2,176.1,fixation
14:13:47.0801,824.8,177.2,fixation
14:13:47.0806,825.5,176.8,fixation
14:13:47.0811,826.8,175.4,fixation
14:13:47.0816,828.2,174.4,fixation
14:13:47.0821,828.8,175.1,fixation
14:13:47.0826,828.0,175.9,fixation
14:13:47.0831,826.9,176.2,fixation
14:13:47.0836,825.8,178.3,fixation
14:13:47.0841,825.5,180.3,fixation
14:13:47.0846,825.4,182.4,fixation
14:13:47.0851,825.3,182.3,fixation
14:13:47.0856,825.2,182.2,fixation
14:13:47.0861,825.5,181.8,fixation
14:13:47.0866,826.0,181.4,fixation
14:13:47.0871,827.4,180.7,fixation
14:13:47.0876,828.4,180.3,fixation
14:13:47.0881,829.2,179.9,fixation
14:13:47.0886,828.9,180.1,fixation
14:13:47.0891,828.6,180.6,fixation
14:13:47.0896,827.5,181.0,fixation
14:13:47.0901,826.6,180.8,fixation
14:13:47.0906,825.7,180.3,fixation
14:13:47.0911,825.8,178.2,fixation
14:13:47.0916,825.8,176.3,fixation
14:13:47.0921,825.5,175.2,fixation
14:13:47.0926,825.1,176.2,fixation
14:13:47.0931,824.7,177.0,fixation
14:13:47.0936,824.6,176.8,fixation
14:13:47.0941,824.7,175.9,fixation
14:13:47.0946,824.8,175.4,fixation
14:13:47.0951,825.0,175.2,fixation
14:13:47.0956,825.4,175.6,fixation
14:13:47.0961,825.8,176.7,fixation
14:13:47.0966,826.2,177.9,fixation
14:13:47.0971,826.2,178.0,fixation
14:13:47.0976,826.2,177.4,fixation
14:13:47.0981,826.3,176.9,fixation
14:13:47.0986,826.3,176.8,fixation
14:13:47.0991,826.3,176.8,fixation
14:13:47.0996,826.3,176.8,fixation
14:13:47.1001,826.4,176.8,fixation
14:13:47.1006,826.9,176.6,fixation
14:13:47.1011,827.4,176.4,fixation
14:13:47.1016,827.7,178.1,fixation
14:13:47.1021,827.6,180.1,fixation
14:13:47.1026,826.6,182.2,fixation
14:13:47.1031,825.8,182.3,fixation
14:13:47.1036,825.0,181.6,fixation
14:13:47.1041,825.1,180.5,fixation
14:13:47.1046,825.7,179.4,fixation
14:13:47.1051,826.9,179.1,fixation
14:13:47.1056,828.0,179.7,fixation
14:13:47.1061,827.8,180.3,fixation
14:13:47.1066,826.8,180.1,fixation
14:13:47.1071,826.1,179.3,fixation
14:13:47.1076,826.3,178.4,fixation
14:13:47.1081,826.5,177.7,fixation
14:13:47.1086,825.9,176.9,fixation
14:13:47.1091,825.2,176.2,fixation
14:13:47.1096,824.8,176.4,fixation
14:13:47.1101,825.4,176.6,fixation
14:13:47.1106,825.9,176.9,fixation
14:13:47.1111,826.7,176.8,fixation
14:13:47.1116,827.1,177.4,fixation
14:13:47.1121,827.0,178.0,fixation
14:13:47.1126,825.7,176.8,fixation
14:13:47.1131,824.5,175.0,fixation
14:13:47.1136,824.6,173.3,fixation
14:13:47.1141,825.3,173.4,fixation
14:13:47.1146,827.3,174.2,fixation
14:13:47.1151,828.5,175.2,fixation
14:13:47.1156,829.8,176.2,fixation
14:13:47.1161,829.7,177.5,fixation
14:13:47.1166,829.7,178.6,fixation
14:13:47.1171,829.7,179.0,fixation
14:13:47.1176,828.7,178.3,fixation
14:13:47.1181,827.7,177.7,fixation
14:13:47.1186,826.5,177.6,fixation
14:13:47.1191,826.4,177.6,fixation
14:13:47.1196,826.7,177.6,fixation
14:13:47.1201,827.0,177.7,fixation
14:13:47.1206,827.4,177.8,fixation
14:13:47.1211,827.6,177.9,fixation
14:13:47.1216,827.9,178.0,fixation
14:13:47.1221,828.1,177.9,fixation
14:13:47.1226,827.0,177.6,fixation
14:13:47.1231,825.9,178.0,fixation
14:13:47.1236,825.4,178.7,fixation
14:13:47.1241,825.9,179.5,fixation
14:13:47.1246,826.5,179.8,fixation
14:13:47.1251,826.4,180.1,fixation
14:13:47.1256,826.3,180.2,fixation
14:13:47.1261,826.3,180.2,fixation
14:13:47.1266,826.2,180.9,fixation
14:13:47.1271,826.1,181.6,fixation
14:13:47.1276,826.0,182.6,fixation
14:13:47.1281,826.1,183.0,fixation
14:13:47.1286,826.1,183.5,fixation
14:13:47.1291,826.3,183.7,fixation
14:13:47.1296,826.8,182.8,fixation
14:13:47.1301,827.3,181.7,fixation
14:13:47.1306,827.7,180.4,fixation
14:13:47.1311,827.8,180.1,fixation
14:13:47.1316,827.9,180.2,fixation
14:13:47.1321,827.9,180.1,fixation
14:13:47.1326,827.9,180.1,fixation
14:13:47.1331,828.0,180.7,fixation
14:13:47.1336,828.2,181.4,fixation
14:13:47.1341,827.8,182.1,fixation
14:13:47.1346,827.3,181.8,fixation
14:13:47.1351,826.6,181.7,fixation
14:13:47.1356,826.4,181.6,fixation
14:13:47.1361,826.5,181.6,fixation
14:13:47.1366,826.8,181.9,fixation
14:13:47.1371,826.7,182.2,fixation
14:13:47.1376,826.1,182.5,fixation
14:13:47.1381,825.5,182.4,fixation
14:13:47.1386,825.2,182.6,fixation
14:13:47.1391,825.1,182.8,fixation
14:13:47.1396,825.1,182.6,fixation
14:13:47.1401,825.4,181.4,fixation
14:13:47.1406,825.7,180.2,fixation
14:13:47.1411,824.1,180.2,fixation
14:13:47.1416,822.4,181.2,fixation
14:13:47.1421,820.9,181.9,fixation
14:13:47.1426,821.3,181.4,fixation
14:13:47.1431,821.7,180.8,fixation
14:13:47.1436,821.7,183.0,fixation
14:13:47.1441,823.2,185.8,fixation
14:13:47.1446,824.6,188.6,fixation
14:13:47.1451,826.1,187.2,fixation
14:13:47.1456,825.9,185.4,fixation
14:13:47.1461,825.4,183.6,fixation
14:13:47.1466,824.5,183.6,fixation
14:13:47.1471,823.0,183.6,fixation
14:13:47.1476,822.0,184.4,fixation
14:13:47.1481,821.5,186.0,fixation
14:13:47.1486,821.5,187.5,fixation
14:13:47.1491,821.5,186.3,fixation
14:13:47.1496,821.7,184.4,fixation
14:13:47.1501,822.5,182.2,fixation
14:13:47.1506,823.2,182.0,fixation
14:13:47.1511,823.6,181.5,fixation
14:13:47.1516,823.0,181.2,fixation
14:13:47.1521,822.3,182.5,fixation
14:13:47.1526,822.7,183.9,fixation
14:13:47.1531,823.5,185.7,fixation
14:13:47.1536,824.3,186.0,fixation
14:13:47.1541,824.3,184.7,fixation
14:13:47.1546,824.0,183.4,fixation
14:13:47.1551,823.9,182.5,fixation
14:13:47.1556,823.8,183.4,fixation
14:13:47.1561,823.9,183.9,fixation
14:13:47.1566,824.0,184.1,fixation
14:13:47.1571,824.0,184.1,fixation
14:13:47.1576,823.7,184.1,fixation
14:13:47.1581,823.4,183.9,fixation
14:13:47.1586,823.1,183.6,fixation
14:13:47.1591,823.0,183.5,fixation
14:13:47.1596,822.2,183.7,fixation
14:13:47.1601,821.5,183.5,fixation
14:13:47.1606,821.7,182.8,fixation
14:13:47.1611,822.5,182.1,fixation
14:13:47.1616,823.2,181.7,fixation
14:13:47.1621,823.8,182.2,fixation
14:13:47.1626,824.4,182.7,fixation
14:13:47.1631,825.1,183.3,fixation
14:13:47.1636,825.3,184.5,fixation
14:13:47.1641,825.0,185.6,fixation
14:13:47.1646,824.6,186.7,fixation
14:13:47.1651,824.3,186.5,fixation
14:13:47.1656,824.3,186.3,fixation
14:13:47.1661,824.1,185.6,fixation
14:13:47.1666,823.6,184.1,fixation
14:13:47.1671,823.3,182.7,fixation
14:13:47.1676,823.1,181.9,fixation
14:13:47.1681,823.0,182.0,fixation
14:13:47.1686,822.8,182.4,fixation
14:13:47.1691,823.7,182.8,fixation
14:13:47.1696,824.3,184.0,fixation
14:13:47.1701,825.0,185.0,fixation
14:13:47.1706,824.8,184.8,fixation
14:13:47.1711,824.9,183.7,fixation
14:13:47.1716,824.9,184.3,fixation
14:13:47.1721,824.8,186.0,fixation
14:13:47.1726,824.2,186.3,fixation
14:13:47.1731,823.8,184.9,fixation
14:13:47.1736,823.3,183.7,fixation
14:13:47.1741,823.2,183.5,fixation
14:13:47.1746,823.0,183.3,fixation
14:13:47.1751,823.8,183.5,fixation
14:13:47.1756,824.7,183.9,fixation
14:13:47.1761,825.5,184.6,fixation
14:13:47.1766,825.2,185.1,fixation
14:13:47.1771,824.6,185.6,fixation
14:13:47.1776,824.0,185.9,fixation
14:13:47.1781,824.6,185.3,fixation
14:13:47.1786,825.3,184.6,fixation
14:13:47.1791,825.9,183.9,fixation
14:13:47.1796,826.1,183.7,fixation
14:13:47.1801,827.2,183.6,fixation
14:13:47.1806,828.1,185.5,fixation
14:13:47.1811,827.5,187.4,fixation
14:13:47.1816,825.9,188.1,fixation
14:13:47.1821,824.5,186.9,fixation
14:13:47.1826,824.1,186.0,fixation
14:13:47.1831,824.0,187.0,fixation
14:13:47.1836,823.8,187.9,fixation
14:13:47.1841,823.1,188.1,fixation
14:13:47.1846,822.2,187.8,fixation
14:13:47.1851,821.4,187.6,fixation
14:13:47.1856,822.6,185.6,fixation
14:13:47.1861,824.0,183.5,fixation
14:13:47.1866,825.3,183.6,fixation
14:13:47.1871,825.1,185.9,fixation
14:13:47.1876,824.6,188.3,fixation
14:13:47.1881,823.6,189.0,fixation
14:13:47.1886,822.6,189.7,fixation
14:13:47.1891,821.8,190.7,fixation
14:13:47.1896,822.4,191.1,fixation
14:13:47.1901,823.1,191.3,fixation
14:13:47.1906,823.9,191.0,fixation
14:13:47.1911,823.9,190.7,fixation
14:13:47.1916,823.7,190.7,fixation
14:13:47.1921,823.3,191.1,fixation
14:13:47.1926,822.0,191.5,fixation
14:13:47.1931,821.2,190.1,fixation
14:13:47.1936,820.6,188.0,fixation
14:13:47.1941,821.1,185.9,fixation
14:13:47.1946,821.8,186.1,fixation
14:13:47.1951,822.6,186.9,fixation
14:13:47.1956,823.2,187.6,fixation
14:13:47.1961,822.7,187.0,fixation
14:13:47.1966,822.3,186.3,fixation
14:13:47.1971,821.8,187.8,fixation
14:13:47.1976,821.4,189.9,fixation
14:13:47.1981,821.3,192.0,fixation
14:13:47.1986,821.5,192.3,fixation
14:13:47.1991,821.9,192.8,fixation
14:13:47.1996,822.1,193.4,fixation
14:13:47.2001,821.6,191.2,fixation
14:13:47.2006,821.2,188.7,fixation
14:13:47.2011,820.6,186.9,fixation
14:13:47.2016,820.3,188.1,fixation
14:13:47.2021,820.0,189.2,fixation
14:13:47.2026,820.1,189.0,fixation
14:13:47.2031,820.5,188.2,fixation
14:13:47.2036,820.7,187.4,fixation
14:13:47.2041,820.4,187.8,fixation
14:13:47.2046,820.1,188.4,fixation
14:13:47.2051,820.6,187.0,saccade
14:13:47.2056,820.7,186.6,saccade
14:13:47.2061,821.1,188.1,saccade
14:13:47.2066,821.6,189.5,saccade
14:13:47.2071,821.7,189.6,saccade
14:13:47.2076,821.4,188.9,saccade
14:13:47.2081,821.9,188.1,saccade
14:13:47.2086,822.8,188.2,saccade
14:13:47.2091,823.6,188.4,saccade
14:13:47.2096,823.7,187.8,saccade
14:13:47.2101,821.4,187.0,saccade
14:13:47.2106,818.4,184.8,saccade
14:13:47.2111,815.4,183.4,saccade
14:13:47.2116,814.5,184.3,saccade
14:13:47.2121,813.3,186.7,saccade
14:13:47.2126,810.7,188.5,saccade
14:13:47.2131,806.6,187.9,saccade
14:13:47.2136,803.6,187.4,saccade
14:13:47.2141,799.6,187.7,saccade
14:13:47.2146,794.7,187.9,saccade
14:13:47.2151,787.8,187.1,saccade
14:13:47.2156,782.7,186.2,saccade
14:13:47.2161,778.6,186.2,saccade
14:13:47.2166,776.5,187.2,saccade
14:13:47.2171,771.5,188.4,saccade
14:13:47.2176,766.6,189.1,saccade
14:13:47.2181,761.5,191.5,saccade
14:13:47.2186,757.4,193.5,saccade
14:13:47.2191,751.0,194.8,saccade
14:13:47.2196,742.9,193.6,saccade
14:13:47.2201,737.2,192.4,saccade
14:13:47.2206,734.8,191.3,saccade
14:13:47.2211,729.7,190.5,saccade
14:13:47.2216,723.5,189.8,saccade
14:13:47.2221,717.2,190.6,saccade
14:13:47.2226,714.7,192.1,saccade
14:13:47.2231,712.3,193.6,saccade
14:13:47.2236,709.5,193.1,saccade
14:13:47.2241,706.8,192.0,saccade
14:13:47.2246,704.0,190.9,saccade
14:13:47.2251,701.7,190.6,saccade
14:13:47.2256,699.4,190.2,saccade
14:13:47.2261,697.1,189.9,saccade
14:13:47.2266,694.2,190.1,saccade
14:13:47.2271,690.9,190.5,saccade
14:13:47.2276,688.1,191.1,saccade
14:13:47.2281,686.0,191.5,saccade
14:13:47.2286,683.9,191.6,saccade
14:13:47.2291,681.3,191.5,saccade
14:13:47.2296,678.9,191.4,saccade
14:13:47.2301,677.6,191.5,saccade
14:13:47.2306,677.3,191.6,saccade
14:13:47.2311,675.8,191.5,saccade
14:13:47.2316,674.3,191.7,saccade
14:13:47.2321,672.1,192.0,saccade
14:13:47.2326,671.0,191.7,saccade
14:13:47.2331,669.6,191.3,saccade
14:13:47.2336,669.0,191.4,saccade
14:13:47.2341,668.7,191.9,saccade
14:13:47.2346,669.7,190.8,saccade
14:13:47.2351,670.7,189.2,saccade
14:13:47.2356,667.6,187.8,fixation
14:13:47.2361,665.6,188.0,fixation
14:13:47.2366,665.7,188.0,fixation
14:13:47.2371,665.8,187.9,fixation
14:13:47.2376,666.0,187.4,fixation
14:13:47.2381,666.2,187.0,fixation
14:13:47.2386,666.3,187.8,fixation
14:13:47.2391,667.5,189.9,fixation
14:13:47.2396,668.7,192.0,fixation
14:13:47.2401,669.7,192.6,fixation
14:13:47.2406,669.4,192.2,fixation
14:13:47.2411,670.2,193.0,fixation
14:13:47.2416,671.4,194.3,fixation
14:13:47.2421,672.4,193.2,fixation
14:13:47.2426,672.2,190.8,fixation
14:13:47.2431,671.7,191.3,fixation
14:13:47.2436,671.4,194.1,fixation
14:13:47.2441,670.5,197.0,fixation
14:13:47.2446,668.8,197.1,fixation
14:13:47.2451,667.0,196.9,fixation
14:13:47.2456,667.7,196.5,fixation
14:13:47.2461,669.8,196.0,fixation
14:13:47.2466,671.8,195.7,fixation
14:13:47.2471,671.2,195.6,fixation
14:13:47.2476,670.3,195.7,fixation
14:13:47.2481,669.3,195.9,fixation
14:13:47.2486,669.1,196.0,fixation
14:13:47.2491,669.4,196.1,fixation
14:13:47.2496,669.8,195.8,fixation
14:13:47.2501,670.2,195.6,fixation
14:13:47.2506,670.0,195.5,fixation
14:13:47.2511,669.5,196.8,fixation
14:13:47.2516,669.2,198.0,fixation
14:13:47.2521,669.3,199.0,fixation
14:13:47.2526,669.7,198.8,fixation
14:13:47.2531,669.7,197.8,fixation
14:13:47.2536,669.0,196.2,fixation
14:13:47.2541,668.4,194.9,fixation
14:13:47.2546,668.3,194.3,fixation
14:13:47.2551,668.3,194.5,fixation
14:13:47.2556,668.4,194.5,fixation
14:13:47.2561,668.4,192.7,fixation
14:13:47.2566,668.7,190.8,fixation
14:13:47.2571,669.9,188.7,fixation
14:13:47.2576,670.9,188.5,fixation
14:13:47.2581,670.3,188.2,fixation
14:13:47.2586,668.9,189.5,fixation
14:13:47.2591,667.5,190.1,fixation
14:13:47.2596,667.8,190.8,fixation
14:13:47.2601,668.2,191.4,fixation
14:13:47.2606,668.3,192.7,fixation
14:13:47.2611,668.0,194.1,fixation
14:13:47.2616,667.8,194.1,fixation
14:13:47.2621,665.6,194.3,fixation
14:13:47.2626,663.3,194.5,fixation
14:13:47.2631,661.4,194.4,fixation
14:13:47.2636,661.6,193.9,fixation
14:13:47.2641,661.8,193.4,fixation
14:13:47.2646,662.2,193.1,fixation
14:13:47.2651,663.0,193.1,fixation
14:13:47.2656,663.8,193.7,fixation
14:13:47.2661,664.0,194.3,fixation
14:13:47.2666,663.6,194.3,fixation
14:13:47.2671,663.2,193.6,fixation
14:13:47.2676,664.1,195.0,fixation
14:13:47.2681,665.2,197.2,fixation
14:13:47.2686,665.3,197.1,fixation
14:13:47.2691,664.2,194.9,fixation
14:13:47.2696,663.2,192.8,fixation
14:13:47.2701,663.2,192.9,fixation
14:13:47.2706,663.1,193.3,fixation
14:13:47.2711,663.3,194.3,fixation
14:13:47.2716,663.4,195.3,fixation
14:13:47.2721,663.3,195.9,fixation
14:13:47.2726,662.9,195.5,fixation
14:13:47.2731,662.6,195.2,fixation
14:13:47.2736,663.7,195.9,fixation
14:13:47.2741,664.7,196.9,fixation
14:13:47.2746,665.6,197.8,fixation
14:13:47.2751,665.6,197.8,fixation
14:13:47.2756,665.9,195.4,fixation
14:13:47.2761,666.1,193.0,fixation
14:13:47.2766,666.4,190.1,fixation
14:13:47.2771,666.2,189.6,fixation
14:13:47.2776,666.0,189.1,fixation
14:13:47.2781,665.7,190.6,fixation
14:13:47.2786,666.2,192.0,fixation
14:13:47.2791,666.5,193.3,fixation
14:13:47.2796,667.0,193.0,fixation
14:13:47.2801,666.6,192.8,fixation
14:13:47.2806,666.3,192.6,fixation
14:13:47.2811,666.5,192.6,fixation
14:13:47.2816,667.1,192.6,fixation
14:13:47.2821,667.9,191.5,fixation
14:13:47.2826,668.2,190.3,fixation
14:13:47.2831,668.1,190.8,fixation
14:13:47.2836,668.0,192.4,fixation
14:13:47.2841,667.6,193.0,fixation
14:13:47.2846,667.3,191.9,fixation
14:13:47.2851,667.0,190.6,fixation
14:13:47.2856,667.1,190.3,fixation
14:13:47.2861,667.1,190.4,fixation
14:13:47.2866,666.5,190.8,fixation
14:13:47.2871,665.3,191.2,fixation
14:13:47.2876,664.2,192.1,fixation
14:13:47.2881,663.8,193.0,fixation
14:13:47.2886,664.3,193.5,fixation
14:13:47.2891,665.1,193.0,fixation
14:13:47.2896,666.0,192.5,fixation
14:13:47.2901,666.7,192.2,fixation
14:13:47.2906,667.1,192.3,fixation
14:13:47.2911,667.4,192.4,fixation
14:13:47.2916,667.2,192.2,fixation
14:13:47.2921,667.1,191.7,fixation
14:13:47.2926,666.9,191.4,fixation
14:13:47.2931,666.7,191.9,fixation
14:13:47.2936,665.9,192.9,fixation
14:13:47.2941,665.1,194.0,fixation
14:13:47.2946,664.5,195.4,fixation
14:13:47.2951,664.2,196.3,fixation
14:13:47.2956,663.3,196.0,fixation
14:13:47.2961,662.7,193.8,fixation
14:13:47.2966,662.0,191.4,fixation
14:13:47.2971,661.7,189.9,fixation
14:13:47.2976,661.3,190.0,fixation
14:13:47.2981,662.5,191.7,fixation
14:13:47.2986,663.8,193.4,fixation
14:13:47.2991,663.5,194.8,fixation
14:13:47.2996,661.8,194.3,fixation
14:13:47.3001,660.6,194.1,fixation
14:13:47.3006,661.1,194.2,fixation
14:13:47.3011,661.9,194.8,fixation
14:13:47.3016,662.4,196.0,fixation
14:13:47.3021,662.9,196.9,fixation
14:13:47.3026,663.3,197.8,fixation
14:13:47.3031,663.7,197.8,fixation
14:13:47.3036,663.9,197.7,fixation
14:13:47.3041,663.6,197.1,fixation
14:13:47.3046,663.2,196.4,fixation
14:13:47.3051,662.5,195.7,fixation
14:13:47.3056,662.1,195.6,fixation
14:13:47.3061,663.2,195.4,fixation
14:13:47.3066,664.8,195.2,fixation
14:13:47.3071,666.1,195.0,fixation
14:13:47.3076,665.1,196.0,fixation
14:13:47.3081,664.1,196.7,fixation
14:13:47.3086,664.4,197.4,fixation
14:13:47.3091,665.4,197.5,fixation
14:13:47.3096,666.3,197.8,fixation
14:13:47.3101,666.2,197.4,fixation
14:13:47.3106,665.0,195.7,fixation
14:13:47.3111,663.1,194.0,fixation
14:13:47.3116,661.2,193.3,fixation
14:13:47.3121,660.9,193.9,fixation
14:13:47.3126,661.1,194.3,fixation
14:13:47.3131,661.2,194.4,fixation
14:13:47.3136,660.9,194.3,fixation
14:13:47.3141,660.7,194.2,fixation
14:13:47.3146,662.0,194.2,fixation
14:13:47.3151,663.3,194.1,fixation
14:13:47.3156,664.6,194.2,fixation
14:13:47.3161,664.3,194.3,fixation
14:13:47.3166,663.9,194.3,fixation
14:13:47.3171,663.4,195.0,fixation
14:13:47.3176,663.3,195.6,fixation
14:13:47.3181,663.7,195.4,fixation
14:13:47.3186,664.2,194.6,fixation
14:13:47.3191,664.4,193.8,fixation
14:13:47.3196,664.1,194.0,fixation
14:13:47.3201,663.9,194.1,fixation
14:13:47.3206,664.1,194.2,fixation
14:13:47.3211,664.1,196.2,fixation
14:13:47.3216,663.8,198.2,fixation
14:13:47.3221,663.6,200.2,fixation
14:13:47.3226,663.3,200.3,fixation
14:13:47.3231,663.2,199.7,fixation
14:13:47.3236,663.0,199.0,fixation
14:13:47.3241,663.1,198.3,fixation
14:13:47.3246,663.3,198.2,fixation
14:13:47.3251,663.6,197.9,fixation
14:13:47.3256,663.8,197.8,fixation
14:13:47.3261,663.9,198.1,fixation
14:13:47.3266,664.2,198.5,fixation
14:13:47.3271,664.8,198.6,fixation
14:13:47.3276,665.1,198.5,fixation
14:13:47.3281,665.0,198.5,fixation
14:13:47.3286,664.9,197.7,fixation
14:13:47.3291,665.0,196.8,fixation
14:13:47.3296,665.2,195.9,fixation
14:13:47.3301,665.3,195.8,fixation
14:13:47.3306,665.4,195.9,fixation
14:13:47.3311,665.3,196.7,fixation
14:13:47.3316,665.2,197.5,fixation
14:13:47.3321,665.2,198.2,fixation
14:13:47.3326,665.4,197.9,fixation
14:13:47.3331,664.8,197.7,fixation
14:13:47.3336,664.0,197.5,fixation
14:13:47.3341,663.5,195.8,fixation
14:13:47.3346,663.9,194.1,fixation
14:13:47.3351,663.9,194.1,fixation
14:13:47.3356,663.5,196.7,fixation
14:13:47.3361,663.1,199.4,fixation
14:13:47.3366,663.6,198.6,fixation
14:13:47.3371,664.1,197.3,fixation
14:13:47.3376,664.4,195.8,fixation
14:13:47.3381,663.7,196.0,fixation
14:13:47.3386,663.1,195.6,fixation
14:13:47.3391,662.8,195.4,fixation
14:13:47.3396,663.0,195.3,fixation
14:13:47.3401,663.2,195.4,fixation
14:13:47.3406,662.8,197.2,fixation
14:13:47.3411,662.3,199.0,fixation
14:13:47.3416,662.3,200.8,fixation
14:13:47.3421,663.7,201.5,fixation
14:13:47.3426,665.1,202.1,fixation
14:13:47.3431,665.9,202.7,fixation
14:13:47.3436,665.9,202.7,fixation
14:13:47.3441,666.0,200.5,fixation
14:13:47.3446,665.9,198.4,fixation
14:13:47.3451,664.2,196.5,fixation
14:13:47.3456,662.3,196.7,fixation
14:13:47.3461,660.5,196.3,fixation
14:13:47.3466,660.4,195.6,fixation
14:13:47.3471,661.6,195.2,fixation
14:13:47.3476,663.3,195.3,fixation
14:13:47.3481,665.0,195.4,fixation
14:13:47.3486,665.1,195.0,fixation
14:13:47.3491,664.9,194.6,fixation
14:13:47.3496,665.2,194.9,fixation
14:13:47.3501,665.8,195.5,fixation
14:13:47.3506,666.5,196.2,fixation
14:13:47.3511,666.5,196.5,fixation
14:13:47.3516,666.5,197.4,fixation
14:13:47.3521,667.3,198.1,fixation
14:13:47.3526,667.4,198.8,fixation
14:13:47.3531,666.9,199.0,fixation
14:13:47.3536,665.8,198.6,fixation
14:13:47.3541,665.7,197.7,fixation
14:13:47.3546,665.9,196.9,fixation
14:13:47.3551,666.0,196.5,fixation
14:13:47.3556,664.9,196.8,fixation
14:13:47.3561,663.9,197.3,fixation
14:13:47.3566,663.0,198.6,fixation
14:13:47.3571,662.7,199.7,fixation
14:13:47.3576,662.6,200.4,fixation
14:13:47.3581,662.7,200.3,fixation
14:13:47.3586,663.0,200.2,fixation
14:13:47.3591,663.7,200.0,fixation
14:13:47.3596,664.2,199.9,fixation
14:13:47.3601,664.5,199.8,fixation
14:13:47.3606,665.1,199.7,fixation
14:13:47.3611,666.0,199.7,fixation
14:13:47.3616,666.8,199.7,fixation
14:13:47.3621,667.0,198.5,fixation
14:13:47.3626,666.9,197.3,fixation
14:13:47.3631,665.0,196.3,fixation
14:13:47.3636,663.5,196.5,fixation
14:13:47.3641,662.6,197.7,fixation
14:13:47.3646,663.2,198.8,fixation
14:13:47.3651,663.2,198.6,fixation
14:13:47.3656,662.7,197.5,fixation
14:13:47.3661,662.6,196.5,fixation
14:13:47.3666,664.0,196.8,fixation
14:13:47.3671,665.5,197.5,fixation
14:13:47.3676,665.1,198.5,fixation
14:13:47.3681,663.3,199.4,fixation
14:13:47.3686,662.5,199.8,fixation
14:13:47.3691,663.6,199.7,fixation
14:13:47.3696,664.7,199.6,fixation
14:13:47.3701,665.3,198.5,fixation
14:13:47.3706,665.7,197.4,fixation
14:13:47.3711,665.3,197.0,fixation
14:13:47.3716,663.8,197.8,fixation
14:13:47.3721,662.3,198.5,fixation
14:13:47.3726,662.9,198.5,fixation
14:13:47.3731,664.0,197.7,fixation
14:13:47.3736,665.1,196.1,fixation
14:13:47.3741,665.0,194.6,fixation
14:13:47.3746,666.1,193.9,fixation
14:13:47.3751,667.0,194.3,fixation
14:13:47.3756,667.8,196.4,fixation
14:13:47.3761,667.8,198.3,fixation
14:13:47.3766,667.1,199.9,fixation
14:13:47.3771,666.3,198.8,fixation
14:13:47.3776,665.4,197.6,fixation
14:13:47.3781,665.2,196.6,fixation
14:13:47.3786,665.1,197.0,fixation
14:13:47.3791,665.0,197.8,fixation
14:13:47.3796,664.9,198.8,fixation
14:13:47.3801,665.3,199.3,fixation
14:13:47.3806,665.7,199.2,fixation
14:13:47.3811,665.9,198.9,fixation
14:13:47.3816,665.7,199.9,fixation
14:13:47.3821,665.4,201.0,fixation
14:13:47.3826,665.8,202.0,fixation
14:13:47.3831,666.4,202.4,fixation
14:13:47.3836,667.1,203.3,fixation
14:13:47.3841,667.2,204.1,fixation
14:13:47.3846,666.6,202.3,fixation
14:13:47.3851,665.0,200.5,fixation
14:13:47.3856,663.4,198.8,fixation
14:13:47.3861,662.7,199.3,fixation
14:13:47.3866,663.0,201.5,fixation
14:13:47.3871,664.0,203.7,fixation
14:13:47.3876,665.0,204.9,fixation
14:13:47.3881,665.9,203.7,fixation
14:13:47.3886,666.0,202.7,fixation
14:13:47.3891,666.0,201.6,fixation
14:13:47.3896,666.1,200.5,fixation
14:13:47.3901,665.7,199.3,fixation
14:13:47.3906,665.0,199.2,fixation
14:13:47.3911,664.6,198.9,fixation
14:13:47.3916,665.0,198.7,fixation
14:13:47.3921,665.7,199.0,fixation
14:13:47.3926,666.1,199.7,fixation
14:13:47.3931,666.1,200.3,fixation
14:13:47.3936,666.1,200.4,fixation
14:13:47.3941,666.1,200.2,fixation
14:13:47.3946,666.1,200.5,fixation
14:13:47.3951,664.9,201.1,fixation
14:13:47.3956,663.7,200.5,fixation
14:13:47.3961,662.6,199.5,fixation
14:13:47.3966,663.3,199.5,fixation
14:13:47.3971,664.0,200.5,fixation
14:13:47.3976,664.7,201.5,fixation
14:13:47.3981,664.8,200.6,fixation
14:13:47.3986,663.3,199.7,fixation
14:13:47.3991,661.9,199.2,fixation
14:13:47.3996,661.5,199.9,fixation
14:13:47.4001,662.7,200.8,fixation
14:13:47.4006,663.9,200.5,fixation
14:13:47.4011,663.6,199.9,fixation
14:13:47.4016,663.2,199.2,fixation
14:13:47.4021,664.0,201.3,fixation
14:13:47.4026,665.3,203.4,fixation
14:13:47.4031,665.8,204.6,fixation
14:13:47.4036,665.3,203.1,fixation
14:13:47.4041,665.1,201.5,fixation
14:13:47.4046,665.7,200.8,fixation
14:13:47.4051,665.6,200.7,fixation
14:13:47.4056,664.9,200.1,fixation
14:13:47.4061,663.3,199.0,fixation
14:13:47.4066,662.1,198.1,fixation
14:13:47.4071,661.4,197.9,fixation
14:13:47.4076,661.6,198.2,fixation
14:13:47.4081,661.9,198.9,fixation
14:13:47.4086,662.2,199.1,fixation
14:13:47.4091,661.8,199.2,fixation
14:13:47.4096,661.2,199.6,fixation
14:13:47.4101,661.3,200.3,fixation
14:13:47.4106,662.7,200.9,fixation
14:13:47.4111,664.3,200.9,fixation
14:13:47.4116,665.0,202.3,fixation
14:13:47.4121,664.4,203.7,fixation
14:13:47.4126,664.0,202.0,fixation
14:13:47.4131,663.7,198.8,fixation
14:13:47.4136,663.8,195.6,fixation
14:13:47.4141,664.8,196.4,fixation
14:13:47.4146,665.9,197.4,fixation
14:13:47.4151,667.0,200.0,fixation
14:13:47.4156,666.8,202.6,fixation
14:13:47.4161,666.0,205.2,fixation
14:13:47.4166,664.6,202.6,fixation
14:13:47.4171,663.3,199.0,fixation
14:13:47.4176,663.7,195.9,fixation
14:13:47.4181,666.1,198.4,saccade
14:13:47.4186,666.1,199.4,saccade
14:13:47.4191,666.1,201.0,saccade
14:13:47.4196,665.4,202.3,saccade
14:13:47.4201,664.6,203.6,saccade
14:13:47.4206,663.9,203.3,saccade
14:13:47.4211,662.5,203.0,saccade
14:13:47.4216,661.1,202.7,saccade
14:13:47.4221,660.7,202.7,saccade
14:13:47.4226,661.6,202.5,saccade
14:13:47.4231,664.4,202.4,saccade
14:13:47.4236,666.2,202.4,saccade
14:13:47.4241,668.4,201.4,saccade
14:13:47.4246,669.0,200.3,saccade
14:13:47.4251,669.8,199.1,saccade
14:13:47.4256,672.7,199.8,saccade
14:13:47.4261,675.6,200.5,saccade
14:13:47.4266,678.8,200.7,saccade
14:13:47.4271,682.0,200.3,saccade
14:13:47.4276,686.6,199.7,saccade
14:13:47.4281,691.5,199.7,saccade
14:13:47.4286,694.3,201.2,saccade
14:13:47.4291,698.9,202.6,saccade
14:13:47.4296,703.8,201.8,saccade
14:13:47.4301,710.3,199.5,saccade
14:13:47.4306,714.6,197.8,saccade
14:13:47.4311,718.8,198.4,saccade
14:13:47.4316,723.4,198.5,saccade
14:13:47.4321,730.2,197.9,saccade
14:13:47.4326,737.0,197.0,saccade
14:13:47.4331,743.5,196.5,saccade
14:13:47.4336,750.7,196.0,saccade
14:13:47.4341,758.3,196.7,saccade
14:13:47.4346,764.8,197.5,saccade
14:13:47.4351,768.9,196.4,saccade
14:13:47.4356,773.6,194.5,saccade
14:13:47.4361,779.5,192.6,saccade
14:13:47.4366,785.5,193.0,saccade
14:13:47.4371,790.6,193.3,saccade
14:13:47.4376,796.7,192.8,saccade
14:13:47.4381,801.6,190.8,saccade
14:13:47.4386,805.8,188.5,saccade
14:13:47.4391,806.8,187.0,saccade
14:13:47.4396,810.0,186.7,saccade
14:13:47.4401,813.8,185.3,saccade
14:13:47.4406,817.5,183.9,saccade
14:13:47.4411,818.3,183.4,saccade
14:13:47.4416,820.8,184.2,saccade
14:13:47.4421,823.5,184.0,saccade
14:13:47.4426,827.7,183.0,saccade
14:13:47.4431,829.4,181.3,saccade
14:13:47.4436,830.7,180.7,saccade
14:13:47.4441,830.7,180.9,saccade
14:13:47.4446,831.3,181.8,saccade
14:13:47.4451,831.9,182.8,saccade
14:13:47.4456,832.5,183.0,saccade
14:13:47.4461,832.4,183.2,saccade
14:13:47.4466,832.2,183.6,saccade
14:13:47.4471,833.9,183.9,saccade
14:13:47.4476,836.0,184.1,saccade
14:13:47.4481,838.7,183.7,saccade
14:13:47.4486,840.0,183.2,saccade
14:13:47.4491,841.0,182.9,saccade
14:13:47.4496,841.4,182.8,saccade
14:13:47.4501,841.7,182.2,saccade
14:13:47.4506,842.3,181.3,saccade
14:13:47.4511,843.1,178.2,saccade
14:13:47.4516,843.8,175.7,saccade
14:13:47.4521,844.3,174.8,saccade
14:13:47.4526,844.8,175.9,saccade
14:13:47.4531,844.9,177.1,saccade
14:13:47.4536,845.1,177.3,saccade
14:13:47.4541,845.1,177.6,saccade
14:13:47.4546,846.0,177.8,fixation
14:13:47.4551,847.1,179.5,fixation
14:13:47.4556,848.2,181.2,fixation
14:13:47.4561,846.7,180.3,fixation
14:13:47.4566,845.1,177.3,fixation
14:13:47.4571,843.4,174.4,fixation
14:13:47.4576,843.6,175.3,fixation
14:13:47.4581,843.7,176.6,fixation
14:13:47.4586,843.1,177.8,fixation
14:13:47.4591,841.2,177.7,fixation
14:13:47.4596,839.4,177.7,fixation
14:13:47.4601,838.3,177.8,fixation
14:13:47.4606,837.3,177.8,fixation
14:13:47.4611,836.3,177.2,fixation
14:13:47.4616,835.4,176.9,fixation
14:13:47.4621,835.5,176.7,fixation
14:13:47.4626,835.0,177.1,fixation
14:13:47.4631,834.4,177.3,fixation
14:13:47.4636,833.8,179.3,fixation
14:13:47.4641,833.9,181.2,fixation
14:13:47.4646,834.3,181.0,fixation
14:13:47.4651,834.6,178.9,fixation
14:13:47.4656,833.2,177.0,fixation
14:13:47.4661,831.5,177.4,fixation
14:13:47.4666,829.7,178.5,fixation
14:13:47.4671,830.7,179.4,fixation
14:13:47.4676,831.7,180.2,fixation
14:13:47.4681,832.2,180.2,fixation
14:13:47.4686,831.5,180.2,fixation
14:13:47.4691,830.8,180.5,fixation
14:13:47.4696,830.6,180.9,fixation
14:13:47.4701,829.1,181.4,fixation
14:13:47.4706,827.6,181.5,fixation
14:13:47.4711,826.5,181.0,fixation
14:13:47.4716,827.0,180.5,fixation
14:13:47.4721,827.2,180.4,fixation
14:13:47.4726,827.3,180.8,fixation
14:13:47.4731,827.4,180.1,fixation
14:13:47.4736,827.7,178.9,fixation
14:13:47.4741,827.6,178.8,fixation
14:13:47.4746,827.4,181.3,fixation
14:13:47.4751,827.1,184.2,fixation
14:13:47.4756,826.1,186.0,fixation
14:13:47.4761,825.2,186.8,fixation
14:13:47.4766,825.3,187.2,fixation
14:13:47.4771,826.3,187.6,fixation
14:13:47.4776,827.7,187.5,fixation
14:13:47.4781,828.0,187.1,fixation
14:13:47.4786,827.3,186.1,fixation
14:13:47.4791,826.2,185.1,fixation
14:13:47.4796,825.7,184.5,fixation
14:13:47.4801,826.6,184.8,fixation
14:13:47.4806,827.5,185.1,fixation
14:13:47.4811,828.1,184.4,fixation
14:13:47.4816,828.0,182.4,fixation
14:13:47.4821,828.0,180.0,fixation
14:13:47.4826,827.8,178.6,fixation
14:13:47.4831,827.8,178.3,fixation
14:13:47.4836,827.7,178.4,fixation
14:13:47.4841,828.1,179.0,fixation
14:13:47.4846,828.5,179.7,fixation
14:13:47.4851,828.8,180.4,fixation
14:13:47.4856,828.8,181.0,fixation
14:13:47.4861,828.8,181.6,fixation
14:13:47.4866,828.8,182.0,fixation
14:13:47.4871,828.8,183.2,fixation
14:13:47.4876,828.8,184.4,fixation
14:13:47.4881,827.7,185.2,fixation
14:13:47.4886,826.6,184.6,fixation
14:13:47.4891,825.5,184.2,fixation
14:13:47.4896,826.1,184.0,fixation
14:13:47.4901,826.6,184.1,fixation
14:13:47.4906,827.1,185.2,fixation
14:13:47.4911,827.1,186.4,fixation
14:13:47.4916,827.2,186.9,fixation
14:13:47.4921,825.4,185.6,fixation
14:13:47.4926,823.5,184.2,fixation
14:13:47.4931,822.6,183.4,fixation
14:13:47.4936,824.4,183.6,fixation
14:13:47.4941,826.2,184.1,fixation
14:13:47.4946,826.1,184.7,fixation
14:13:47.4951,825.4,184.3,fixation
14:13:47.4956,825.0,183.3,fixation
14:13:47.4961,825.3,182.2,fixation
14:13:47.4966,825.6,181.1,fixation
14:13:47.4971,826.5,180.5,fixation
14:13:47.4976,827.1,180.1,fixation
14:13:47.4981,827.7,180.3,fixation
14:13:47.4986,827.9,180.5,fixation
14:13:47.4991,828.5,180.5,fixation
14:13:47.4996,828.6,180.4,fixation
14:13:47.5001,827.5,180.2,fixation
14:13:47.5006,826.4,179.8,fixation
14:13:47.5011,825.8,179.5,fixation
14:13:47.5016,825.9,179.2,fixation
14:13:47.5021,826.0,179.7,fixation
14:13:47.5026,826.3,180.2,fixation
14:13:47.5031,826.9,180.8,fixation
14:13:47.5036,827.3,181.1,fixation
14:13:47.5041,827.5,182.0,fixation
14:13:47.5046,827.3,182.8,fixation
14:13:47.5051,827.1,183.3,fixation
14:13:47.5056,828.0,183.0,fixation
14:13:47.5061,828.9,182.8,fixation
14:13:47.5066,828.5,182.6,fixation
14:13:47.5071,827.2,182.5,fixation
14:13:47.5076,826.3,182.5,fixation
14:13:47.5081,826.9,182.4,fixation
14:13:47.5086,827.9,182.3,fixation
14:13:47.5091,828.4,182.8,fixation
14:13:47.5096,827.1,183.6,fixation
14:13:47.5101,825.5,184.5,fixation
14:13:47.5106,825.2,184.7,fixation
14:13:47.5111,826.4,184.8,fixation
14:13:47.5116,827.6,184.9,fixation
14:13:47.5121,827.1,183.3,fixation
14:13:47.5126,826.6,182.2,fixation
14:13:47.5131,826.0,180.9,fixation
14:13:47.5136,825.9,181.2,fixation
14:13:47.5141,825.5,181.6,fixation
14:13:47.5146,825.4,182.1,fixation
14:13:47.5151,825.4,182.6,fixation
14:13:47.5156,826.1,182.6,fixation
14:13:47.5161,826.6,182.5,fixation
14:13:47.5166,827.0,181.5,fixation
14:13:47.5171,827.0,180.4,fixation
14:13:47.5176,827.6,179.5,fixation
14:13:47.5181,828.2,179.4,fixation
14:13:47.5186,829.5,181.3,fixation
14:13:47.5191,830.1,183.2,fixation
14:13:47.5196,830.6,183.0,fixation
14:13:47.5201,830.2,180.8,fixation
14:13:47.5206,830.0,178.7,fixation
14:13:47.5211,828.7,178.9,fixation
14:13:47.5216,827.5,179.1,fixation
14:13:47.5221,826.3,179.2,fixation
14:13:47.5226,825.6,181.4,fixation
14:13:47.5231,825.0,183.7,fixation
14:13:47.5236,824.7,185.4,fixation
14:13:47.5241,824.8,184.8,fixation
14:13:47.5246,825.0,183.7,fixation
14:13:47.5251,825.3,183.4,fixation
14:13:47.5256,826.8,183.1,fixation
14:13:47.5261,828.3,183.1,fixation
14:13:47.5266,827.6,182.7,fixation
14:13:47.5271,825.5,182.0,fixation
14:13:47.5276,823.5,181.3,fixation
14:13:47.5281,823.8,180.8,fixation
14:13:47.5286,824.3,180.9,fixation
14:13:47.5291,826.4,181.4,fixation
14:13:47.5296,827.9,181.9,fixation
14:13:47.5301,827.7,182.2,fixation
14:13:47.5306,825.9,182.3,fixation
14:13:47.5311,823.8,182.4,fixation
14:13:47.5316,823.4,182.6,fixation
14:13:47.5321,823.0,182.8,fixation
14:13:47.5326,824.4,183.0,fixation
14:13:47.5331,825.7,183.0,fixation
14:13:47.5336,826.9,183.1,fixation
14:13:47.5341,826.6,182.7,fixation
14:13:47.5346,826.2,182.2,fixation
14:13:47.5351,825.7,181.8,fixation
14:13:47.5356,825.5,181.2,fixation
14:13:47.5361,825.0,180.7,fixation
14:13:47.5366,824.8,180.0,fixation
14:13:47.5371,825.1,179.9,fixation
14:13:47.5376,825.7,179.7,fixation
14:13:47.5381,826.3,179.7,fixation
14:13:47.5386,825.6,179.9,fixation
14:13:47.5391,824.7,180.1,fixation
14:13:47.5396,824.6,180.3,fixation
14:13:47.5401,825.9,180.5,fixation
14:13:47.5406,827.2,182.2,fixation
14:13:47.5411,827.8,183.9,fixation
14:13:47.5416,827.8,185.0,fixation
14:13:47.5421,827.1,183.9,fixation
14:13:47.5426,826.4,182.8,fixation
14:13:47.5431,827.5,182.1,fixation
14:13:47.5436,829.2,182.0,fixation
14:13:47.5441,829.4,181.8,fixation
14:13:47.5446,827.9,181.7,fixation
14:13:47.5451,827.0,181.7,fixation
14:13:47.5456,827.9,181.4,fixation
14:13:47.5461,828.9,181.1,fixation
14:13:47.5466,828.8,181.9,fixation
14:13:47.5471,828.4,184.2,fixation
14:13:47.5476,828.0,186.5,fixation
14:13:47.5481,828.1,185.9,fixation
14:13:47.5486,828.2,183.6,fixation
14:13:47.5491,828.6,181.2,fixation
14:13:47.5496,829.0,181.1,fixation
14:13:47.5501,829.5,181.6,fixation
14:13:47.5506,829.7,182.0,fixation
14:13:47.5511,829.9,181.9,fixation
14:13:47.5516,829.9,182.6,fixation
14:13:47.5521,829.6,183.0,fixation
14:13:47.5526,829.1,183.3,fixation
14:13:47.5531,828.6,183.8,fixation
14:13:47.5536,827.3,184.7,fixation
14:13:47.5541,826.2,185.2,fixation
14:13:47.5546,826.8,184.9,fixation
14:13:47.5551,828.4,185.6,fixation
14:13:47.5556,828.7,186.7,fixation
14:13:47.5561,827.4,187.0,fixation
14:13:47.5566,826.5,186.2,fixation
14:13:47.5571,826.9,185.4,fixation
14:13:47.5576,827.3,185.3,fixation
14:13:47.5581,827.9,186.0,fixation
14:13:47.5586,828.3,186.7,fixation
14:13:47.5591,827.3,186.9,fixation
14:13:47.5596,825.8,185.8,fixation
14:13:47.5601,825.1,184.9,fixation
14:13:47.5606,825.9,184.4,fixation
14:13:47.5611,826.8,182.9,fixation
14:13:47.5616,827.0,181.3,fixation
14:13:47.5621,826.7,179.9,fixation
14:13:47.5626,826.1,180.1,fixation
14:13:47.5631,825.3,180.2,fixation
14:13:47.5636,825.1,180.4,fixation
14:13:47.5641,825.1,180.3,fixation
14:13:47.5646,826.8,179.9,fixation
14:13:47.5651,828.5,179.3,fixation
14:13:47.5656,829.1,178.9,fixation
14:13:47.5661,828.3,178.7,fixation
14:13:47.5666,828.8,178.8,fixation
14:13:47.5671,830.0,179.7,fixation
14:13:47.5676,831.3,180.6,fixation
14:13:47.5681,831.3,181.6,fixation
14:13:47.5686,830.1,181.8,fixation
14:13:47.5691,828.8,182.1,fixation
14:13:47.5696,827.3,182.1,fixation
14:13:47.5701,827.2,182.2,fixation
14:13:47.5706,826.5,182.3,fixation
14:13:47.5711,825.8,182.5,fixation
14:13:47.5716,825.2,182.8,fixation
14:13:47.5721,825.2,182.7,fixation
14:13:47.5726,825.3,182.3,fixation
14:13:47.5731,825.5,182.0,fixation
14:13:47.5736,825.9,181.9,fixation
14:13:47.5741,826.5,182.3,fixation
14:13:47.5746,826.9,183.2,fixation
14:13:47.5751,826.9,184.1,fixation
14:13:47.5756,826.1,183.9,fixation
14:13:47.5761,825.4,183.2,fixation
14:13:47.5766,824.3,182.6,fixation
14:13:47.5771,823.7,182.7,fixation
14:13:47.5776,824.9,181.9,fixation
14:13:47.5781,826.7,181.2,fixation
14:13:47.5786,828.4,180.5,fixation
14:13:47.5791,827.9,181.5,fixation
14:13:47.5796,827.4,182.4,fixation
14:13:47.5801,827.0,181.4,fixation
14:13:47.5806,826.9,179.6,fixation
14:13:47.5811,826.8,178.1,fixation
14:13:47.5816,827.1,178.4,fixation
14:13:47.5821,828.2,179.7,fixation
14:13:47.5826,829.2,180.5,fixation
14:13:47.5831,829.8,181.0,fixation
14:13:47.5836,829.9,180.6,fixation
14:13:47.5841,830.0,180.5,fixation
14:13:47.5846,829.5,180.8,fixation
14:13:47.5851,828.5,180.9,fixation
14:13:47.5856,827.4,180.8,fixation
14:13:47.5861,826.9,180.9,fixation
14:13:47.5866,826.7,182.5,fixation
14:13:47.5871,826.5,184.1,fixation
14:13:47.5876,826.4,184.7,fixation
14:13:47.5881,826.3,183.9,fixation
14:13:47.5886,826.6,183.3,fixation
14:13:47.5891,826.9,183.2,fixation
14:13:47.5896,826.4,183.1,fixation
14:13:47.5901,825.5,184.0,fixation
14:13:47.5906,824.6,185.0,fixation
14:13:47.5911,824.7,182.3,fixation
14:13:47.5916,825.0,178.5,fixation
14:13:47.5921,825.2,175.2,fixation
14:13:47.5926,824.8,177.9,fixation
14:13:47.5931,824.4,180.5,fixation
14:13:47.5936,824.5,182.7,fixation
14:13:47.5941,825.9,182.4,fixation
14:13:47.5946,827.4,181.7,fixation
14:13:47.5951,828.5,180.1,fixation
14:13:47.5956,828.7,178.9,fixation
14:13:47.5961,828.6,180.1,fixation
14:13:47.5966,828.0,182.3,fixation
14:13:47.5971,827.4,184.0,fixation
14:13:47.5976,827.1,182.9,fixation
14:13:47.5981,827.1,181.9,fixation
14:13:47.5986,827.1,182.7,fixation
14:13:47.5991,827.2,184.1,fixation
14:13:47.5996,827.7,185.6,fixation
14:13:47.6001,828.3,185.8,fixation
14:13:47.6006,827.9,186.4,fixation
14:13:47.6011,827.0,186.8,fixation
14:13:47.6016,826.2,187.0,fixation
14:13:47.6021,826.2,186.7,fixation
14:13:47.6026,826.3,185.9,fixation
14:13:47.6031,826.4,185.4,fixation
14:13:47.6036,827.0,185.2,fixation
14:13:47.6041,827.5,185.6,fixation
14:13:47.6046,827.7,186.1,fixation
14:13:47.6051,826.8,186.1,fixation
14:13:47.6056,826.0,185.8,fixation
14:13:47.6061,825.4,185.6,fixation
14:13:47.6066,825.2,185.8,fixation
14:13:47.6071,825.0,186.1,fixation
14:13:47.6076,825.1,185.7,fixation
14:13:47.6081,826.0,185.0,fixation
14:13:47.6086,826.8,185.9,fixation
14:13:47.6091,827.0,187.5,fixation
14:13:47.6096,826.3,188.8,fixation
14:13:47.6101,825.7,188.3,fixation
14:13:47.6106,825.7,188.0,fixation
14:13:47.6111,825.7,187.9,fixation
14:13:47.6116,825.1,187.8,fixation
14:13:47.6121,824.5,187.6,fixation
14:13:47.6126,824.2,188.5,fixation
14:13:47.6131,824.6,189.7,fixation
14:13:47.6136,825.3,188.9,fixation
14:13:47.6141,825.8,186.6,fixation
14:13:47.6146,825.4,184.0,fixation
14:13:47.6151,824.4,183.7,fixation
14:13:47.6156,823.4,184.0,fixation
14:13:47.6161,822.9,184.6,fixation
14:13:47.6166,822.6,184.9,fixation
14:13:47.6171,822.8,185.1,fixation
14:13:47.6176,825.0,185.4,fixation
14:13:47.6181,827.1,185.3,fixation
14:13:47.6186,827.7,185.1,fixation
14:13:47.6191,826.6,185.5,fixation
14:13:47.6196,826.0,186.3,fixation
14:13:47.6201,826.5,187.1,fixation
14:13:47.6206,827.4,186.8,fixation
14:13:47.6211,827.7,186.2,fixation
14:13:47.6216,828.2,185.9,fixation
14:13:47.6221,828.7,186.1,fixation
14:13:47.6226,829.3,186.3,fixation
14:13:47.6231,829.5,185.8,fixation
14:13:47.6236,829.1,185.5,fixation
14:13:47.6241,828.7,185.3,fixation
14:13:47.6246,828.7,185.4,fixation
14:13:47.6251,828.8,185.5,fixation
14:13:47.6256,828.7,184.9,fixation
14:13:47.6261,828.6,184.3,fixation
14:13:47.6266,828.7,183.8,fixation
14:13:47.6271,828.4,184.1,fixation
14:13:47.6276,828.2,185.0,fixation
14:13:47.6281,827.9,185.9,fixation
14:13:47.6286,827.2,184.6,fixation
14:13:47.6291,826.3,182.9,fixation
14:13:47.6296,826.5,181.6,fixation
14:13:47.6301,827.5,182.8,fixation
14:13:47.6306,828.5,184.0,fixation
14:13:47.6311,828.4,184.9,fixation
14:13:47.6316,828.2,185.2,fixation
14:13:47.6321,827.9,185.4,fixation
14:13:47.6326,828.0,185.6,fixation
14:13:47.6331,828.8,185.6,fixation
14:13:47.6336,829.7,186.8,fixation
14:13:47.6341,828.9,188.1,fixation
14:13:47.6346,827.6,189.5,fixation
14:13:47.6351,826.4,190.1,fixation
14:13:47.6356,826.8,190.7,fixation
14:13:47.6361,827.2,190.5,fixation
14:13:47.6366,828.2,189.9,fixation
14:13:47.6371,828.9,189.2,fixation
14:13:47.6376,829.5,189.5,fixation
14:13:47.6381,829.4,189.7,fixation
14:13:47.6386,828.8,189.2,fixation
14:13:47.6391,828.1,188.8,fixation
14:13:47.6396,827.3,188.4,fixation
14:13:47.6401,826.9,186.8,fixation
14:13:47.6406,826.7,184.9,fixation
14:13:47.6411,826.6,183.3,fixation
14:13:47.6416,826.8,183.8,fixation
14:13:47.6421,827.0,184.3,fixation
14:13:47.6426,827.0,184.6,fixation
14:13:47.6431,826.6,184.7,fixation
14:13:47.6436,825.7,184.8,fixation
14:13:47.6441,824.9,184.8,fixation
14:13:47.6446,823.6,184.7,fixation
14:13:47.6451,822.8,184.7,fixation
14:13:47.6456,822.1,184.7,fixation
14:13:47.6461,822.0,186.1,fixation
14:13:47.6466,823.7,187.6,fixation
14:13:47.6471,825.5,189.0,fixation
14:13:47.6476,825.5,188.5,fixation
14:13:47.6481,823.8,188.0,fixation
14:13:47.6486,824.1,187.5,fixation
14:13:47.6491,826.2,187.4,fixation
14:13:47.6496,828.3,188.5,fixation
14:13:47.6501,828.2,189.6,fixation
14:13:47.6506,828.2,190.6,fixation
14:13:47.6511,828.3,190.6,fixation
14:13:47.6516,828.4,189.7,fixation
14:13:47.6521,828.6,188.8,fixation
14:13:47.6526,828.7,188.1,fixation
14:13:47.6531,827.0,188.3,fixation
14:13:47.6536,825.3,188.5,fixation
14:13:47.6541,823.8,187.9,fixation
14:13:47.6546,824.1,187.2,fixation
14:13:47.6551,824.3,186.5,fixation
14:13:47.6556,824.0,186.2,fixation
14:13:47.6561,823.7,185.6,fixation
14:13:47.6566,823.2,185.0,fixation
14:13:47.6571,822.9,185.6,fixation
14:13:47.6576,823.3,186.9,fixation
14:13:47.6581,823.9,188.1,fixation
14:13:47.6586,824.6,188.4,fixation
14:13:47.6591,824.4,188.2,fixation
14:13:47.6596,824.2,188.2,fixation
14:13:47.6601,825.1,187.9,fixation
14:13:47.6606,826.2,187.4,fixation
14:13:47.6611,827.3,186.8,fixation
14:13:47.6616,826.0,186.6,fixation
14:13:47.6621,824.8,186.5,fixation
14:13:47.6626,824.0,186.4,fixation
14:13:47.6631,824.4,186.9,fixation
14:13:47.6636,826.1,187.6,fixation
14:13:47.6641,827.4,188.3,fixation
14:13:47.6646,828.8,188.1,fixation
14:13:47.6651,828.9,187.8,fixation
14:13:47.6656,828.3,188.4,fixation
14:13:47.6661,827.6,189.4,fixation
14:13:47.6666,826.1,190.6,fixation
14:13:47.6671,825.4,190.8,fixation
14:13:47.6676,825.3,189.9,fixation
14:13:47.6681,825.9,187.9,fixation
14:13:47.6686,826.8,185.9,fixation
14:13:47.6691,827.1,185.9,fixation
14:13:47.6696,826.7,186.9,fixation
14:13:47.6701,825.5,186.5,fixation
14:13:47.6706,824.2,185.1,fixation
14:13:47.6711,823.6,183.7,fixation
14:13:47.6716,823.6,183.5,fixation
14:13:47.6721,825.2,185.3,fixation
14:13:47.6726,826.7,187.2,fixation
14:13:47.6731,828.2,187.4,fixation
14:13:47.6736,828.9,185.5,fixation
14:13:47.6741,829.5,185.2,fixation
14:13:47.6746,829.6,186.4,fixation
14:13:47.6751,828.7,187.7,fixation
14:13:47.6756,826.5,187.5,fixation
14:13:47.6761,824.9,186.2,fixation
14:13:47.6766,823.7,184.9,fixation
14:13:47.6771,823.8,184.7,fixation
14:13:47.6776,824.6,186.7,fixation
14:13:47.6781,825.3,188.8,fixation
14:13:47.6786,826.1,190.0,fixation
14:13:47.6791,826.1,190.1,fixation
14:13:47.6796,826.2,189.2,fixation
14:13:47.6801,824.9,187.3,fixation
14:13:47.6806,823.6,185.4,fixation
14:13:47.6811,823.2,186.0,fixation
14:13:47.6816,824.4,187.5,fixation
14:13:47.6821,825.7,188.6,fixation
14:13:47.6826,826.0,187.4,fixation
14:13:47.6831,826.1,186.1,fixation
14:13:47.6836,825.9,184.7,fixation
14:13:47.6841,825.6,184.1,fixation
14:13:47.6846,827.1,183.6,fixation
14:13:47.6851,829.0,183.9,fixation
14:13:47.6856,829.0,184.7,fixation
14:13:47.6861,827.2,185.7,fixation
14:13:47.6866,825.6,186.5,fixation
14:13:47.6871,826.6,188.2,fixation
14:13:47.6876,827.6,189.7,fixation
14:13:47.6881,828.1,191.1,fixation
14:13:47.6886,828.1,191.0,fixation
14:13:47.6891,828.0,190.9,fixation
14:13:47.6896,827.6,190.7,fixation
14:13:47.6901,826.6,190.6,fixation
14:13:47.6906,825.7,190.4,fixation
14:13:47.6911,825.1,190.5,fixation
14:13:47.6916,824.9,191.0,fixation
14:13:47.6921,824.2,191.5,fixation
14:13:47.6926,823.1,191.9,fixation
14:13:47.6931,822.1,192.0,fixation
14:13:47.6936,821.5,192.0,fixation
14:13:47.6941,821.8,192.0,fixation
14:13:47.6946,822.4,192.2,fixation
14:13:47.6951,823.2,192.5,fixation
14:13:47.6956,824.4,192.8,fixation
14:13:47.6961,825.5,191.5,fixation
14:13:47.6966,826.4,190.2,fixation
14:13:47.6971,826.6,189.0,fixation
14:13:47.6976,826.7,189.1,fixation
14:13:47.6981,826.5,189.1,fixation
14:13:47.6986,825.9,187.1,fixation
14:13:47.6991,825.2,185.2,fixation
14:13:47.6996,825.4,185.5,fixation
14:13:47.7001,825.9,187.7,fixation
14:13:47.7006,825.8,189.9,fixation
14:13:47.7011,825.3,189.8,fixation
14:13:47.7016,824.8,190.8,fixation
14:13:47.7021,825.0,191.9,fixation
14:13:47.7026,825.3,191.5,fixation
14:13:47.7031,825.6,190.2,fixation
14:13:47.7036,825.7,189.0,fixation
14:13:47.7041,825.7,190.0,fixation
14:13:47.7046,825.8,192.3,fixation
14:13:47.7051,825.9,194.4,fixation
14:13:47.7056,826.4,196.0,fixation
14:13:47.7061,827.3,195.8,fixation
14:13:47.7066,828.1,195.4,fixation
14:13:47.7071,827.6,193.9,fixation
14:13:47.7076,827.2,192.6,fixation
14:13:47.7081,826.8,191.6,fixation
14:13:47.7086,827.3,191.8,fixation
14:13:47.7091,827.2,192.2,fixation
14:13:47.7096,826.9,192.9,fixation
14:13:47.7101,826.2,194.8,saccade
14:13:47.7106,826.6,196.1,saccade
14:13:47.7111,826.8,196.8,saccade
14:13:47.7116,826.8,197.5,saccade
14:13:47.7121,826.7,197.5,saccade
14:13:47.7126,827.2,197.5,saccade
14:13:47.7131,827.9,197.5,saccade
14:13:47.7136,828.0,198.2,saccade
14:13:47.7141,827.4,199.2,saccade
14:13:47.7146,826.6,200.3,saccade
14:13:47.7151,826.2,200.5,saccade
14:13:47.7156,826.3,200.5,saccade
14:13:47.7161,826.5,200.3,saccade
14:13:47.7166,826.5,203.2,saccade
14:13:47.7171,825.3,207.7,saccade
14:13:47.7176,824.0,213.6,saccade
14:13:47.7181,822.8,218.5,saccade
14:13:47.7186,822.7,223.1,saccade
14:13:47.7191,822.8,226.3,saccade
14:13:47.7196,822.6,227.8,saccade
14:13:47.7201,822.0,228.9,saccade
14:13:47.7206,821.2,232.8,saccade
14:13:47.7211,819.2,236.4,saccade
14:13:47.7216,814.6,238.9,saccade
14:13:47.7221,809.8,243.8,saccade
14:13:47.7226,806.4,249.4,saccade
14:13:47.7231,805.6,259.7,saccade
14:13:47.7236,804.6,266.1,saccade
14:13:47.7241,803.2,272.0,saccade
14:13:47.7246,798.9,277.8,saccade
14:13:47.7251,794.9,286.4,saccade
14:13:47.7256,789.6,295.3,saccade
14:13:47.7261,786.6,302.7,saccade
14:13:47.7266,783.3,309.0,saccade
14:13:47.7271,780.3,316.1,saccade
14:13:47.7276,777.5,323.4,saccade
14:13:47.7281,774.9,332.3,saccade
14:13:47.7286,771.9,340.2,saccade
14:13:47.7291,769.3,349.0,saccade
14:13:47.7296,765.4,354.0,saccade
14:13:47.7301,763.0,361.1,saccade
14:13:47.7306,760.8,364.3,saccade
14:13:47.7311,759.3,369.0,saccade
14:13:47.7316,757.8,376.6,saccade
14:13:47.7321,755.1,383.9,saccade
14:13:47.7326,753.3,393.1,saccade
14:13:47.7331,751.7,399.4,saccade
14:13:47.7336,750.2,405.8,saccade
14:13:47.7341,748.7,410.3,saccade
14:13:47.7346,747.2,415.4,saccade
14:13:47.7351,746.1,420.4,saccade
14:13:47.7356,743.8,423.2,saccade
14:13:47.7361,740.8,425.6,saccade
14:13:47.7366,738.0,431.4,saccade
14:13:47.7371,736.4,437.3,saccade
14:13:47.7376,735.5,442.0,saccade
14:13:47.7381,734.7,446.8,saccade
14:13:47.7386,732.8,452.4,saccade
14:13:47.7391,730.9,459.6,saccade
14:13:47.7396,728.2,465.0,saccade
14:13:47.7401,726.2,471.0,saccade
14:13:47.7406,723.7,477.3,saccade
14:13:47.7411,722.4,482.0,saccade
14:13:47.7416,720.7,487.3,saccade
14:13:47.7421,719.0,491.1,saccade
14:13:47.7426,717.3,497.3,saccade
14:13:47.7431,716.4,502.1,saccade
14:13:47.7436,715.7,508.8,saccade
14:13:47.7441,715.0,513.6,saccade
14:13:47.7446,713.4,518.3,saccade
14:13:47.7451,712.0,520.0,saccade
14:13:47.7456,710.6,523.2,saccade
14:13:47.7461,710.0,529.6,saccade
14:13:47.7466,709.6,535.2,saccade
14:13:47.7471,707.6,538.8,saccade
14:13:47.7476,705.3,543.6,saccade
14:13:47.7481,703.1,548.9,saccade
14:13:47.7486,702.8,556.4,saccade
14:13:47.7491,702.6,561.7,saccade
14:13:47.7496,700.3,566.6,saccade
14:13:47.7501,698.1,569.5,saccade
14:13:47.7506,695.5,569.9,saccade
14:13:47.7511,694.7,571.2,saccade
14:13:47.7516,693.4,573.8,saccade
14:13:47.7521,692.4,577.4,saccade
14:13:47.7526,690.3,580.1,saccade
14:13:47.7531,688.7,581.0,saccade
14:13:47.7536,687.4,583.1,saccade
14:13:47.7541,686.5,585.3,saccade
14:13:47.7546,685.5,587.4,saccade
14:13:47.7551,684.8,587.4,saccade
14:13:47.7556,684.4,591.9,saccade
14:13:47.7561,684.2,596.7,saccade
14:13:47.7566,684.0,601.5,saccade
14:13:47.7571,684.0,602.4,saccade
14:13:47.7576,684.7,604.6,saccade
14:13:47.7581,685.5,606.6,saccade
14:13:47.7586,686.6,607.8,saccade
14:13:47.7591,687.1,607.8,saccade
14:13:47.7596,688.3,608.1,saccade
14:13:47.7601,689.2,609.1,saccade
14:13:47.7606,687.6,610.4,saccade
14:13:47.7611,685.4,611.6,saccade
14:13:47.7616,684.8,612.1,saccade
14:13:47.7621,687.0,612.3,saccade
14:13:47.7626,689.1,612.5,saccade
14:13:47.7631,690.0,612.2,saccade
14:13:47.7636,688.4,609.4,fixation
14:13:47.7641,685.9,606.6,fixation
14:13:47.7646,683.3,603.9,fixation
14:13:47.7651,683.8,602.9,fixation
14:13:47.7656,684.6,602.9,fixation
14:13:47.7661,685.7,602.3,fixation
14:13:47.7666,686.2,601.0,fixation
14:13:47.7671,686.5,598.0,fixation
14:13:47.7676,686.3,595.6,fixation
14:13:47.7681,686.1,593.8,fixation
14:13:47.7686,685.9,593.7,fixation
14:13:47.7691,685.5,593.5,fixation
14:13:47.7696,684.9,593.2,fixation
14:13:47.7701,682.8,591.8,fixation
14:13:47.7706,680.9,590.3,fixation
14:13:47.7711,680.8,588.7,fixation
14:13:47.7716,683.0,588.1,fixation
14:13:47.7721,685.2,587.7,fixation
14:13:47.7726,685.7,588.5,fixation
14:13:47.7731,685.3,591.4,fixation
14:13:47.7736,684.8,594.3,fixation
14:13:47.7741,684.7,593.8,fixation
14:13:47.7746,684.9,591.4,fixation
14:13:47.7751,685.1,591.4,fixation
14:13:47.7756,685.0,593.6,fixation
14:13:47.7761,684.8,595.6,fixation
14:13:47.7766,684.7,593.2,fixation
14:13:47.7771,683.7,590.9,fixation
14:13:47.7776,682.8,589.0,fixation
14:13:47.7781,682.3,589.0,fixation
14:13:47.7786,682.7,589.2,fixation
14:13:47.7791,683.0,590.9,fixation
14:13:47.7796,683.3,592.6,fixation
14:13:47.7801,684.7,594.3,fixation
14:13:47.7806,686.0,596.2,fixation
14:13:47.7811,686.2,598.1,fixation
14:13:47.7816,685.1,598.5,fixation
14:13:47.7821,684.3,597.2,fixation
14:13:47.7826,684.2,596.3,fixation
14:13:47.7831,684.3,597.3,fixation
14:13:47.7836,684.4,598.2,fixation
14:13:47.7841,684.6,598.7,fixation
14:13:47.7846,683.8,598.1,fixation
14:13:47.7851,682.9,596.9,fixation
14:13:47.7856,682.0,595.7,fixation
14:13:47.7861,682.1,595.5,fixation
14:13:47.7866,682.0,595.8,fixation
14:13:47.7871,681.9,596.1,fixation
14:13:47.7876,681.5,595.9,fixation
14:13:47.7881,680.7,595.5,fixation
14:13:47.7886,679.1,594.7,fixation
14:13:47.7891,677.8,593.9,fixation
14:13:47.7896,676.8,593.4,fixation
14:13:47.7901,676.6,593.8,fixation
14:13:47.7906,677.4,594.7,fixation
14:13:47.7911,678.4,596.2,fixation
14:13:47.7916,680.6,597.0,fixation
14:13:47.7921,681.8,597.1,fixation
14:13:47.7926,682.8,596.7,fixation
14:13:47.7931,682.7,596.5,fixation
14:13:47.7936,682.4,596.6,fixation
14:13:47.7941,682.2,595.3,fixation
14:13:47.7946,682.6,593.9,fixation
14:13:47.7951,683.2,593.5,fixation
14:13:47.7956,683.6,594.6,fixation
14:13:47.7961,683.5,595.7,fixation
14:13:47.7966,682.5,595.8,fixation
14:13:47.7971,681.0,595.4,fixation
14:13:47.7976,679.6,594.9,fixation
14:13:47.7981,679.0,594.5,fixation
14:13:47.7986,678.8,595.3,fixation
14:13:47.7991,679.6,596.0,fixation
14:13:47.7996,680.6,595.7,fixation
14:13:47.8001,681.7,594.2,fixation
14:13:47.8006,681.9,592.6,fixation
14:13:47.8011,681.4,591.7,fixation
14:13:47.8016,680.7,591.1,fixation
14:13:47.8021,680.0,590.4,fixation
14:13:47.8026,679.7,591.2,fixation
14:13:47.8031,679.4,592.0,fixation
14:13:47.8036,679.1,592.6,fixation
14:13:47.8041,679.0,592.0,fixation
14:13:47.8046,679.1,591.7,fixation
14:13:47.8051,679.6,591.6,fixation
14:13:47.8056,680.9,591.8,fixation
14:13:47.8061,682.0,594.5,fixation
14:13:47.8066,682.2,597.2,fixation
14:13:47.8071,681.8,597.6,fixation
14:13:47.8076,681.6,595.4,fixation
14:13:47.8081,682.6,593.9,fixation
14:13:47.8086,683.2,595.5,fixation
14:13:47.8091,683.1,597.1,fixation
14:13:47.8096,682.3,597.8,fixation
14:13:47.8101,681.6,597.6,fixation
14:13:47.8106,681.7,596.8,fixation
14:13:47.8111,681.6,596.2,fixation
14:13:47.8116,681.2,595.7,fixation
14:13:47.8121,679.7,595.7,fixation
14:13:47.8126,678.4,595.5,fixation
14:13:47.8131,677.0,595.0,fixation
14:13:47.8136,676.7,594.0,fixation
14:13:47.8141,676.5,593.4,fixation
14:13:47.8146,676.7,593.8,fixation
14:13:47.8151,676.9,594.8,fixation
14:13:47.8156,677.1,595.7,fixation
14:13:47.8161,677.8,595.8,fixation
14:13:47.8166,678.4,595.9,fixation
14:13:47.8171,680.5,596.1,fixation
14:13:47.8176,682.0,596.2,fixation
14:13:47.8181,683.3,595.7,fixation
14:13:47.8186,683.0,594.5,fixation
14:13:47.8191,681.5,593.8,fixation
14:13:47.8196,680.2,594.2,fixation
14:13:47.8201,680.6,595.5,fixation
14:13:47.8206,682.1,595.9,fixation
14:13:47.8211,683.1,596.1,fixation
14:13:47.8216,682.8,595.8,fixation
14:13:47.8221,682.4,596.0,fixation
14:13:47.8226,682.3,596.2,fixation
14:13:47.8231,681.8,596.7,fixation
14:13:47.8236,680.7,598.1,fixation
14:13:47.8241,680.0,600.4,fixation
14:13:47.8246,679.3,602.5,fixation
14:13:47.8251,679.0,601.1,fixation
