TimeStamp,X,Y,Event
14:28:41.5798,1108.1,212.9,fixation
14:28:41.5803,1108.1,212.6,fixation
14:28:41.5808,1108.1,213.2,fixation
14:28:41.5813,1108.0,213.6,fixation
14:28:41.5818,1108.0,213.9,fixation
14:28:41.5823,1108.1,213.7,fixation
14:28:41.5828,1108.1,213.6,fixation
14:28:41.5833,1108.2,213.8,fixation
14:28:41.5838,1107.9,214.0,fixation
14:28:41.5843,1107.7,214.1,fixation
14:28:41.5848,1107.7,214.2,fixation
14:28:41.5853,1107.9,214.2,fixation
14:28:41.5858,1108.2,214.6,fixation
14:28:41.5863,1108.2,214.9,fixation
14:28:41.5868,1108.2,215.2,fixation
14:28:41.5873,1108.3,214.9,fixation
14:28:41.5878,1108.3,214.8,fixation
14:28:41.5883,1108.3,214.6,fixation
14:28:41.5888,1108.0,214.0,fixation
14:28:41.5893,1107.7,213.4,fixation
14:28:41.5898,1107.2,212.8,fixation
14:28:41.5903,1106.9,212.9,fixation
14:28:41.5908,1106.8,213.5,fixation
14:28:41.5913,1106.8,213.8,fixation
14:28:41.5918,1106.8,213.9,fixation
14:28:41.5923,1106.8,213.2,fixation
14:28:41.5928,1106.8,212.8,fixation
14:28:41.5933,1107.4,212.7,fixation
14:28:41.5938,1107.9,213.2,fixation
14:28:41.5943,1108.2,213.7,fixation
14:28:41.5948,1107.8,214.0,fixation
14:28:41.5953,1107.6,213.7,fixation
14:28:41.5958,1107.6,213.4,fixation
14:28:41.5963,1107.6,213.0,fixation
14:28:41.5968,1107.5,213.0,fixation
14:28:41.5973,1107.3,212.6,fixation
14:28:41.5978,1107.2,211.9,fixation
14:28:41.5983,1107.3,211.3,fixation
14:28:41.5988,1107.4,211.6,fixation
14:28:41.5993,1107.7,212.2,fixation
14:28:41.5998,1107.8,212.7,fixation
14:28:41.6003,1108.1,211.9,fixation
14:28:41.6008,1108.3,211.2,fixation
14:28:41.6013,1108.5,210.9,fixation
14:28:41.6018,1108.6,211.1,fixation
14:28:41.6023,1108.3,211.4,fixation
14:28:41.6028,1108.1,211.4,fixation
14:28:41.6033,1107.9,211.8,fixation
14:28:41.6038,1107.8,212.1,fixation
14:28:41.6043,1107.9,212.5,fixation
14:28:41.6048,1108.0,212.9,fixation
14:28:41.6053,1108.1,213.4,fixation
14:28:41.6058,1108.1,213.9,fixation
14:28:41.6063,1108.2,213.7,fixation
14:28:41.6068,1108.7,213.4,fixation
14:28:41.6073,1109.0,213.1,fixation
14:28:41.6078,1109.0,213.0,fixation
14:28:41.6083,1108.6,212.3,fixation
14:28:41.6088,1108.5,211.3,fixation
14:28:41.6093,1108.5,210.3,fixation
14:28:41.6098,1108.4,210.5,fixation
14:28:41.6103,1108.3,210.9,fixation
14:28:41.6108,1108.3,211.3,fixation
14:28:41.6113,1108.2,211.9,fixation
14:28:41.6118,1107.6,212.5,fixation
14:28:41.6123,1107.0,213.1,fixation
14:28:41.6128,1107.1,213.2,fixation
14:28:41.6133,1107.9,213.1,fixation
14:28:41.6138,1108.6,212.9,fixation
14:28:41.6143,1108.7,212.6,fixation
14:28:41.6148,1108.9,212.6,fixation
14:28:41.6153,1109.4,212.4,fixation
14:28:41.6158,1109.8,212.1,fixation
14:28:41.6163,1109.8,211.5,fixation
14:28:41.6168,1109.8,210.4,fixation
14:28:41.6173,1109.9,209.4,fixation
14:28:41.6178,1109.8,208.3,fixation
14:28:41.6183,1109.5,208.0,fixation
14:28:41.6188,1109.1,207.8,fixation
14:28:41.6193,1109.0,207.8,fixation
14:28:41.6198,1109.1,207.8,fixation
14:28:41.6203,1109.5,207.8,fixation
14:28:41.6208,1109.9,208.0,fixation
14:28:41.6213,1110.0,208.2,fixation
14:28:41.6218,1110.1,208.4,fixation
14:28:41.6223,1110.1,208.5,fixation
14:28:41.6228,1110.2,208.5,fixation
14:28:41.6233,1109.6,208.5,fixation
14:28:41.6238,1109.1,208.4,fixation
14:28:41.6243,1109.2,208.6,fixation
14:28:41.6248,1109.7,208.8,fixation
14:28:41.6253,1110.3,208.7,fixation
14:28:41.6258,1110.1,208.4,fixation
14:28:41.6263,1110.3,208.4,fixation
14:28:41.6268,1110.5,208.6,fixation
14:28:41.6273,1110.6,209.0,fixation
14:28:41.6278,1110.6,209.1,fixation
14:28:41.6283,1110.3,209.1,fixation
14:28:41.6288,1109.7,208.9,fixation
14:28:41.6293,1109.1,208.8,fixation
14:28:41.6298,1109.8,209.0,fixation
14:28:41.6303,1110.7,209.3,fixation
14:28:41.6308,1111.7,209.6,fixation
14:28:41.6313,1111.7,209.9,fixation
14:28:41.6318,1111.7,210.3,fixation
14:28:41.6323,1111.7,210.6,fixation
14:28:41.6328,1111.8,210.2,fixation
14:28:41.6333,1112.0,209.7,fixation
14:28:41.6338,1112.0,209.7,fixation
14:28:41.6343,1111.9,210.3,fixation
14:28:41.6348,1112.1,210.4,fixation
14:28:41.6353,1112.4,210.1,fixation
14:28:41.6358,1112.9,209.9,fixation
14:28:41.6363,1113.0,210.1,fixation
14:28:41.6368,1113.1,210.3,fixation
14:28:41.6373,1112.8,210.8,fixation
14:28:41.6378,1112.4,211.2,fixation
14:28:41.6383,1112.5,211.6,fixation
14:28:41.6388,1112.9,211.5,fixation
14:28:41.6393,1113.1,211.4,fixation
14:28:41.6398,1112.9,211.2,fixation
14:28:41.6403,1113.2,211.4,fixation
14:28:41.6408,1113.7,211.5,fixation
14:28:41.6413,1114.2,211.7,fixation
14:28:41.6418,1114.2,211.7,fixation
14:28:41.6423,1114.0,211.5,fixation
14:28:41.6428,1113.8,211.3,fixation
14:28:41.6433,1113.8,211.1,fixation
14:28:41.6438,1113.9,211.4,fixation
14:28:41.6443,1114.0,211.6,fixation
14:28:41.6448,1114.1,211.5,fixation
14:28:41.6453,1114.2,211.3,fixation
14:28:41.6458,1114.2,211.1,fixation
14:28:41.6463,1114.1,211.1,fixation
14:28:41.6468,1114.1,211.3,fixation
14:28:41.6473,1114.4,211.6,fixation
14:28:41.6478,1115.0,212.1,fixation
14:28:41.6483,1115.6,212.3,fixation
14:28:41.6488,1115.9,212.0,fixation
14:28:41.6493,1115.9,211.6,fixation
14:28:41.6498,1115.6,211.1,fixation
14:28:41.6503,1115.1,211.2,fixation
14:28:41.6508,1114.7,211.0,fixation
14:28:41.6513,1114.5,210.9,fixation
14:28:41.6518,1114.1,211.0,fixation
14:28:41.6523,1113.8,211.5,fixation
14:28:41.6528,1113.4,211.8,fixation
14:28:41.6533,1113.4,211.4,fixation
14:28:41.6538,1113.5,210.8,fixation
14:28:41.6543,1113.5,210.2,fixation
14:28:41.6548,1113.5,210.2,fixation
14:28:41.6553,1113.4,210.3,fixation
14:28:41.6558,1113.4,210.3,fixation
14:28:41.6563,1113.0,210.3,fixation
14:28:41.6568,1112.7,210.2,fixation
14:28:41.6573,1112.6,210.3,fixation
14:28:41.6578,1113.0,210.7,fixation
14:28:41.6583,1113.1,211.2,fixation
14:28:41.6588,1113.2,211.6,fixation
14:28:41.6593,1112.7,211.1,fixation
14:28:41.6598,1112.0,210.5,fixation
14:28:41.6603,1111.1,210.8,fixation
14:28:41.6608,1110.7,211.8,fixation
14:28:41.6613,1110.6,212.8,fixation
14:28:41.6618,1110.9,212.8,fixation
14:28:41.6623,1111.4,212.6,fixation
14:28:41.6628,1111.9,212.4,fixation
14:28:41.6633,1112.1,212.4,fixation
14:28:41.6638,1112.2,212.7,fixation
14:28:41.6643,1112.2,213.1,fixation
14:28:41.6648,1112.2,213.3,fixation
14:28:41.6653,1112.3,212.5,fixation
14:28:41.6658,1112.5,211.4,fixation
14:28:41.6663,1112.8,210.3,fixation
14:28:41.6668,1112.9,210.4,fixation
14:28:41.6673,1112.9,210.7,fixation
14:28:41.6678,1112.7,211.2,fixation
14:28:41.6683,1112.6,211.4,fixation
14:28:41.6688,1112.6,211.5,fixation
14:28:41.6693,1112.7,211.4,fixation
14:28:41.6698,1113.0,211.3,fixation
14:28:41.6703,1113.3,211.3,fixation
14:28:41.6708,1113.7,211.0,fixation
14:28:41.6713,1114.3,210.8,fixation
14:28:41.6718,1114.6,210.6,fixation
14:28:41.6723,1114.8,210.2,fixation
14:28:41.6728,1114.6,209.8,fixation
14:28:41.6733,1114.5,209.4,fixation
14:28:41.6738,1114.7,209.4,fixation
14:28:41.6743,1114.7,209.8,fixation
14:28:41.6748,1114.6,210.6,fixation
14:28:41.6753,1114.4,211.6,fixation
14:28:41.6758,1114.1,212.2,fixation
14:28:41.6763,1114.0,212.3,fixation
14:28:41.6768,1113.8,212.1,fixation
14:28:41.6773,1113.7,212.5,fixation
14:28:41.6778,1114.7,213.2,fixation
14:28:41.6783,1115.7,214.7,fixation
14:28:41.6788,1116.6,215.6,fixation
14:28:41.6793,1116.3,216.6,fixation
14:28:41.6798,1115.8,216.9,fixation
14:28:41.6803,1115.6,216.2,fixation
14:28:41.6808,1115.4,215.6,fixation
14:28:41.6813,1115.5,215.1,fixation
14:28:41.6818,1115.6,215.6,fixation
14:28:41.6823,1115.7,215.5,fixation
14:28:41.6828,1115.7,215.2,fixation
14:28:41.6833,1116.5,215.0,fixation
14:28:41.6838,1117.3,214.6,fixation
14:28:41.6843,1118.2,214.3,fixation
14:28:41.6848,1118.3,213.9,fixation
14:28:41.6853,1118.1,214.0,fixation
14:28:41.6858,1117.9,214.1,fixation
14:28:41.6863,1117.7,213.5,fixation
14:28:41.6868,1118.1,212.8,fixation
14:28:41.6873,1118.4,213.0,fixation
14:28:41.6878,1118.5,214.2,fixation
14:28:41.6883,1118.3,215.3,fixation
14:28:41.6888,1118.3,214.9,fixation
14:28:41.6893,1118.2,214.1,fixation
14:28:41.6898,1118.2,213.4,fixation
14:28:41.6903,1118.2,213.6,fixation
14:28:41.6908,1118.2,214.0,fixation
14:28:41.6913,1118.2,214.2,fixation
14:28:41.6918,1118.3,214.2,fixation
14:28:41.6923,1118.7,214.3,fixation
14:28:41.6928,1119.1,214.6,fixation
14:28:41.6933,1119.5,214.9,fixation
14:28:41.6938,1119.5,215.2,fixation
14:28:41.6943,1119.5,215.5,fixation
14:28:41.6948,1119.6,215.7,fixation
14:28:41.6953,1119.5,215.8,fixation
14:28:41.6958,1119.2,215.8,fixation
14:28:41.6963,1118.5,215.5,fixation
14:28:41.6968,1117.9,215.0,fixation
14:28:41.6973,1117.4,214.2,fixation
14:28:41.6978,1117.5,213.5,fixation
14:28:41.6983,1118.5,213.1,fixation
14:28:41.6988,1119.3,213.6,fixation
14:28:41.6993,1120.2,214.0,fixation
14:28:41.6998,1119.6,214.0,fixation
14:28:41.7003,1119.0,212.9,fixation
14:28:41.7008,1118.4,211.9,fixation
14:28:41.7013,1118.4,211.3,fixation
14:28:41.7018,1118.5,210.9,fixation
14:28:41.7023,1118.7,210.7,fixation
14:28:41.7028,1119.0,210.7,fixation
14:28:41.7033,1119.3,210.9,fixation
14:28:41.7038,1119.6,211.0,fixation
14:28:41.7043,1119.7,211.0,fixation
14:28:41.7048,1119.7,210.9,fixation
14:28:41.7053,1119.6,211.0,fixation
14:28:41.7058,1119.5,211.1,fixation
14:28:41.7063,1119.5,211.2,fixation
14:28:41.7068,1119.7,210.6,fixation
14:28:41.7073,1119.9,209.9,fixation
14:28:41.7078,1119.9,209.4,fixation
14:28:41.7083,1120.1,209.6,fixation
14:28:41.7088,1120.4,209.8,fixation
14:28:41.7093,1120.6,210.1,fixation
14:28:41.7098,1120.5,210.5,fixation
14:28:41.7103,1120.4,211.0,fixation
14:28:41.7108,1120.4,211.0,fixation
14:28:41.7113,1120.5,210.7,fixation
14:28:41.7118,1120.7,210.1,fixation
14:28:41.7123,1120.2,209.6,fixation
14:28:41.7128,1119.6,209.1,fixation
14:28:41.7133,1119.1,208.7,fixation
14:28:41.7138,1119.1,208.4,fixation
14:28:41.7143,1119.3,208.2,fixation
14:28:41.7148,1119.6,208.0,fixation
14:28:41.7153,1120.2,207.4,fixation
14:28:41.7158,1120.8,206.9,fixation
14:28:41.7163,1121.1,207.1,fixation
14:28:41.7168,1121.1,207.7,fixation
14:28:41.7173,1121.0,208.3,fixation
14:28:41.7178,1121.1,207.4,fixation
14:28:41.7183,1120.7,206.3,fixation
14:28:41.7188,1120.1,206.0,fixation
14:28:41.7193,1119.5,207.0,fixation
14:28:41.7198,1119.9,208.0,fixation
14:28:41.7203,1120.4,208.1,fixation
14:28:41.7208,1121.1,207.2,fixation
14:28:41.7213,1121.2,206.2,fixation
14:28:41.7218,1121.1,206.4,fixation
14:28:41.7223,1121.3,207.3,fixation
14:28:41.7228,1121.5,208.1,fixation
14:28:41.7233,1121.8,208.2,fixation
14:28:41.7238,1121.8,208.3,fixation
14:28:41.7243,1122.0,208.4,fixation
14:28:41.7248,1122.2,208.4,fixation
14:28:41.7253,1122.1,208.4,fixation
14:28:41.7258,1121.6,208.4,fixation
14:28:41.7263,1121.0,208.4,fixation
14:28:41.7268,1120.7,208.4,fixation
14:28:41.7273,1120.3,208.2,fixation
14:28:41.7278,1119.9,206.9,fixation
14:28:41.7283,1119.6,205.6,fixation
14:28:41.7288,1119.7,205.5,fixation
14:28:41.7293,1119.9,206.2,fixation
14:28:41.7298,1120.1,206.8,fixation
14:28:41.7303,1120.0,205.7,fixation
14:28:41.7308,1119.9,204.7,fixation
14:28:41.7313,1119.6,203.9,fixation
14:28:41.7318,1119.5,203.9,fixation
14:28:41.7323,1119.3,203.8,fixation
14:28:41.7328,1119.2,203.8,fixation
14:28:41.7333,1119.2,204.0,fixation
14:28:41.7338,1119.6,204.3,fixation
14:28:41.7343,1120.1,204.5,fixation
14:28:41.7348,1120.2,204.3,fixation
14:28:41.7353,1119.8,204.0,fixation
14:28:41.7358,1119.3,204.1,fixation
14:28:41.7363,1119.5,204.2,fixation
14:28:41.7368,1119.6,204.3,fixation
14:28:41.7373,1119.7,204.1,fixation
14:28:41.7378,1119.7,203.7,fixation
14:28:41.7383,1119.5,203.4,fixation
14:28:41.7388,1119.2,203.2,fixation
14:28:41.7393,1119.3,203.4,fixation
14:28:41.7398,1119.6,203.5,fixation
14:28:41.7403,1120.1,203.6,fixation
14:28:41.7408,1120.2,203.4,fixation
14:28:41.7413,1120.4,203.3,fixation
14:28:41.7418,1120.5,202.7,fixation
14:28:41.7423,1120.7,202.2,fixation
14:28:41.7428,1120.7,201.9,fixation
14:28:41.7433,1120.6,202.3,fixation
14:28:41.7438,1120.5,202.4,fixation
14:28:41.7443,1120.6,202.6,fixation
14:28:41.7448,1120.6,202.3,fixation
14:28:41.7453,1121.0,202.2,fixation
14:28:41.7458,1121.4,202.2,fixation
14:28:41.7463,1120.9,201.7,fixation
14:28:41.7468,1120.1,201.1,fixation
14:28:41.7473,1119.8,200.7,fixation
14:28:41.7478,1120.3,200.9,fixation
14:28:41.7483,1120.7,201.5,fixation
14:28:41.7488,1120.6,201.9,fixation
14:28:41.7493,1120.5,202.6,fixation
14:28:41.7498,1120.2,202.9,fixation
14:28:41.7503,1119.9,203.2,fixation
14:28:41.7508,1119.7,202.9,fixation
14:28:41.7513,1119.6,202.4,fixation
14:28:41.7518,1119.3,201.8,fixation
14:28:41.7523,1119.1,201.8,fixation
14:28:41.7528,1119.0,202.0,fixation
14:28:41.7533,1119.0,202.3,fixation
14:28:41.7538,1119.1,202.4,fixation
14:28:41.7543,1119.3,202.4,fixation
14:28:41.7548,1119.6,201.4,fixation
14:28:41.7553,1119.5,200.4,fixation
14:28:41.7558,1119.2,199.4,fixation
14:28:41.7563,1118.9,199.0,fixation
14:28:41.7568,1119.2,198.4,fixation
14:28:41.7573,1119.5,197.8,fixation
14:28:41.7578,1119.0,198.1,fixation
14:28:41.7583,1118.2,198.7,fixation
14:28:41.7588,1117.4,199.6,fixation
14:28:41.7593,1117.5,199.9,fixation
14:28:41.7598,1117.4,200.2,fixation
14:28:41.7603,1117.3,200.7,fixation
14:28:41.7608,1117.3,201.4,fixation
14:28:41.7613,1117.3,201.8,fixation
14:28:41.7618,1117.5,201.2,fixation
14:28:41.7623,1117.7,200.5,fixation
14:28:41.7628,1117.8,199.4,fixation
14:28:41.7633,1118.1,198.6,fixation
14:28:41.7638,1118.4,198.4,fixation
14:28:41.7643,1118.5,199.1,fixation
14:28:41.7648,1118.2,200.2,fixation
14:28:41.7653,1116.9,200.5,saccade
14:28:41.7658,1116.2,199.7,saccade
14:28:41.7663,1115.9,198.9,saccade
14:28:41.7668,1116.0,198.8,saccade
14:28:41.7673,1116.3,198.9,saccade
14:28:41.7678,1116.5,199.2,saccade
14:28:41.7683,1116.7,199.4,saccade
14:28:41.7688,1116.8,199.4,saccade
14:28:41.7693,1116.4,199.0,saccade
14:28:41.7698,1115.9,199.1,saccade
14:28:41.7703,1114.9,199.4,saccade
14:28:41.7708,1113.6,199.9,saccade
14:28:41.7713,1111.7,200.1,saccade
14:28:41.7718,1110.4,200.0,saccade
14:28:41.7723,1109.3,199.8,saccade
14:28:41.7728,1106.8,201.9,saccade
14:28:41.7733,1102.7,203.8,saccade
14:28:41.7738,1097.2,207.2,saccade
14:28:41.7743,1091.7,210.8,saccade
14:28:41.7748,1085.1,214.4,saccade
14:28:41.7753,1078.9,219.0,saccade
14:28:41.7758,1071.9,223.4,saccade
14:28:41.7763,1065.4,231.3,saccade
14:28:41.7768,1056.9,240.1,saccade
14:28:41.7773,1047.4,251.4,saccade
14:28:41.7778,1037.8,262.3,saccade
14:28:41.7783,1028.9,272.7,saccade
14:28:41.7788,1020.9,279.2,saccade
14:28:41.7793,1010.4,287.6,saccade
14:28:41.7798,999.3,295.9,saccade
14:28:41.7803,986.3,307.3,saccade
14:28:41.7808,975.1,319.8,saccade
14:28:41.7813,963.2,334.0,saccade
14:28:41.7818,952.8,346.8,saccade
14:28:41.7823,941.4,357.4,saccade
14:28:41.7828,929.2,367.5,saccade
14:28:41.7833,916.6,380.1,saccade
14:28:41.7838,904.4,392.8,saccade
14:28:41.7843,892.9,404.9,saccade
14:28:41.7848,879.0,417.6,saccade
14:28:41.7853,864.6,434.1,saccade
14:28:41.7858,851.4,454.0,saccade
14:28:41.7863,838.5,475.0,saccade
14:28:41.7868,823.6,494.9,saccade
14:28:41.7873,807.5,510.3,saccade
14:28:41.7878,793.8,521.6,saccade
14:28:41.7883,784.1,529.8,saccade
14:28:41.7888,775.7,540.6,saccade
14:28:41.7893,766.3,554.4,saccade
14:28:41.7898,753.8,568.1,saccade
14:28:41.7903,741.5,579.0,saccade
14:28:41.7908,731.3,586.9,saccade
14:28:41.7913,722.4,595.7,saccade
14:28:41.7918,713.4,602.3,saccade
14:28:41.7923,702.3,607.9,saccade
14:28:41.7928,692.9,612.2,saccade
14:28:41.7933,683.2,618.8,saccade
14:28:41.7938,673.1,624.5,saccade
14:28:41.7943,662.9,629.8,saccade
14:28:41.7948,654.7,634.6,saccade
14:28:41.7953,647.9,639.3,saccade
14:28:41.7958,638.8,643.6,saccade
14:28:41.7963,626.3,647.7,saccade
14:28:41.7968,614.9,650.7,saccade
14:28:41.7973,606.9,651.5,saccade
14:28:41.7978,599.4,653.4,saccade
14:28:41.7983,590.5,657.2,saccade
14:28:41.7988,579.4,662.7,saccade
14:28:41.7993,568.9,667.9,saccade
14:28:41.7998,560.2,674.4,saccade
14:28:41.8003,550.6,680.8,saccade
14:28:41.8008,541.0,687.2,saccade
14:28:41.8013,529.5,693.8,saccade
14:28:41.8018,518.5,700.5,saccade
14:28:41.8023,507.7,708.4,saccade
14:28:41.8028,499.0,714.2,saccade
14:28:41.8033,492.0,720.8,saccade
14:28:41.8038,486.9,727.1,saccade
14:28:41.8043,481.8,735.8,saccade
14:28:41.8048,478.0,743.9,saccade
14:28:41.8053,474.9,751.9,saccade
14:28:41.8058,473.8,756.7,saccade
14:28:41.8063,473.5,763.9,saccade
14:28:41.8068,473.3,770.2,saccade
14:28:41.8073,474.5,778.4,saccade
14:28:41.8078,476.9,783.6,saccade
14:28:41.8083,480.8,790.4,saccade
14:28:41.8088,485.8,796.8,saccade
14:28:41.8093,492.4,803.4,saccade
14:28:41.8098,500.1,806.7,saccade
14:28:41.8103,509.9,809.1,saccade
14:28:41.8108,519.4,810.7,saccade
14:28:41.8113,529.4,811.0,saccade
14:28:41.8118,537.2,810.8,saccade
14:28:41.8123,546.4,808.5,saccade
14:28:41.8128,556.3,804.3,saccade
14:28:41.8133,567.5,797.0,saccade
14:28:41.8138,576.9,788.9,saccade
14:28:41.8143,584.7,781.7,saccade
14:28:41.8148,591.3,774.1,saccade
14:28:41.8153,598.9,767.3,saccade
14:28:41.8158,605.5,758.6,saccade
14:28:41.8163,610.2,750.4,saccade
14:28:41.8168,612.9,738.7,saccade
14:28:41.8173,614.5,730.4,saccade
14:28:41.8178,616.6,719.0,saccade
14:28:41.8183,617.4,711.4,saccade
14:28:41.8188,618.4,701.2,saccade
14:28:41.8193,617.3,694.3,saccade
14:28:41.8198,615.1,684.8,saccade
14:28:41.8203,611.2,678.3,saccade
14:28:41.8208,607.2,670.7,saccade
14:28:41.8213,603.4,665.8,saccade
14:28:41.8218,598.6,659.1,saccade
14:28:41.8223,593.2,654.9,saccade
14:28:41.8228,586.9,651.4,saccade
14:28:41.8233,580.3,649.0,saccade
14:28:41.8238,574.0,647.3,saccade
14:28:41.8243,566.9,646.1,saccade
14:28:41.8248,559.9,645.4,saccade
14:28:41.8253,552.2,645.4,saccade
14:28:41.8258,545.4,647.2,saccade
14:28:41.8263,539.4,649.7,saccade
14:28:41.8268,533.3,652.9,saccade
14:28:41.8273,527.6,656.7,saccade
14:28:41.8278,522.3,662.3,saccade
14:28:41.8283,517.9,666.3,saccade
14:28:41.8288,514.2,670.6,saccade
14:28:41.8293,510.1,674.8,saccade
14:28:41.8298,506.9,681.5,saccade
14:28:41.8303,504.0,687.5,saccade
14:28:41.8308,502.9,692.3,saccade
14:28:41.8313,501.6,697.5,saccade
14:28:41.8318,500.0,703.7,saccade
14:28:41.8323,498.8,711.9,saccade
14:28:41.8328,497.9,718.9,saccade
14:28:41.8333,498.0,725.5,saccade
14:28:41.8338,499.1,730.6,saccade
14:28:41.8343,501.0,734.9,saccade
14:28:41.8348,503.1,737.7,saccade
14:28:41.8353,504.1,740.2,saccade
14:28:41.8358,504.8,743.8,saccade
14:28:41.8363,505.8,746.5,saccade
14:28:41.8368,507.2,748.5,saccade
14:28:41.8373,508.6,748.7,saccade
14:28:41.8378,511.2,749.3,saccade
14:28:41.8383,513.3,750.1,saccade
14:28:41.8388,516.1,751.8,saccade
14:28:41.8393,518.1,753.1,saccade
14:28:41.8398,520.4,753.1,saccade
14:28:41.8403,523.1,752.4,saccade
14:28:41.8408,524.8,750.6,saccade
14:28:41.8413,526.5,748.4,saccade
14:28:41.8418,527.4,746.2,saccade
14:28:41.8423,528.3,745.0,saccade
14:28:41.8428,529.1,744.9,saccade
14:28:41.8433,529.6,744.8,saccade
14:28:41.8438,530.5,743.1,saccade
14:28:41.8443,532.0,741.5,saccade
14:28:41.8448,533.1,739.8,saccade
14:28:41.8453,534.0,738.8,saccade
14:28:41.8458,534.4,737.9,saccade
14:28:41.8463,535.2,735.6,saccade
14:28:41.8468,536.2,734.1,saccade
14:28:41.8473,537.0,732.1,saccade
14:28:41.8478,537.7,731.4,saccade
14:28:41.8483,537.6,732.3,saccade
14:28:41.8488,537.6,733.7,saccade
14:28:41.8493,537.7,733.9,saccade
14:28:41.8498,538.2,732.9,saccade
14:28:41.8503,538.6,731.8,saccade
14:28:41.8508,538.7,731.1,saccade
14:28:41.8513,538.7,730.4,saccade
14:28:41.8518,538.3,731.0,saccade
14:28:41.8523,537.8,732.3,saccade
14:28:41.8528,536.5,733.4,saccade
14:28:41.8533,535.5,733.2,saccade
14:28:41.8538,534.6,732.9,saccade
14:28:41.8543,534.6,732.9,saccade
14:28:41.8548,534.7,732.4,saccade
14:28:41.8553,534.7,732.0,saccade
14:28:41.8558,534.7,731.6,saccade
14:28:41.8563,534.8,731.5,saccade
14:28:41.8568,534.9,731.4,saccade
14:28:41.8573,534.9,731.6,saccade
14:28:41.8578,534.8,731.8,saccade
14:28:41.8583,534.6,731.9,saccade
14:28:41.8588,534.4,732.5,saccade
14:28:41.8593,534.3,733.0,saccade
14:28:41.8598,534.2,733.4,saccade
14:28:41.8603,534.5,733.2,saccade
14:28:41.8608,534.7,733.6,saccade
14:28:41.8613,534.7,734.1,saccade
14:28:41.8618,534.4,734.3,saccade
14:28:41.8623,534.3,734.0,saccade
14:28:41.8628,534.4,733.5,saccade
14:28:41.8633,535.0,733.3,saccade
14:28:41.8638,535.6,733.2,saccade
14:28:41.8643,536.2,733.4,saccade
14:28:41.8648,535.8,733.4,saccade
14:28:41.8653,535.4,733.4,saccade
14:28:41.8658,535.0,733.3,saccade
14:28:41.8663,535.1,732.9,saccade
14:28:41.8668,535.2,732.5,saccade
14:28:41.8673,535.3,731.9,saccade
14:28:41.8678,535.3,731.4,saccade
14:28:41.8683,535.3,730.9,saccade
14:28:41.8688,535.2,731.7,saccade
14:28:41.8693,535.1,733.4,saccade
14:28:41.8698,534.3,742.8,saccade
14:28:41.8703,533.5,751.2,saccade
14:28:41.8708,532.4,758.5,saccade
14:28:41.8713,532.2,758.1,saccade
14:28:41.8718,531.6,758.2,fixation
14:28:41.8723,531.5,758.2,fixation
14:28:41.8728,531.5,758.8,fixation
14:28:41.8733,531.4,759.6,fixation
14:28:41.8738,531.4,760.4,fixation
14:28:41.8743,531.6,760.7,fixation
14:28:41.8748,531.9,760.7,fixation
14:28:41.8753,531.4,760.6,fixation
14:28:41.8758,530.8,760.9,fixation
14:28:41.8763,530.2,761.8,fixation
14:28:41.8768,530.1,762.6,fixation
14:28:41.8773,530.1,763.0,fixation
14:28:41.8778,531.4,763.5,fixation
14:28:41.8783,532.5,764.8,fixation
14:28:41.8788,532.8,766.0,fixation
14:28:41.8793,531.6,766.6,fixation
14:28:41.8798,530.8,766.6,fixation
14:28:41.8803,531.0,767.5,fixation
14:28:41.8808,531.3,768.5,fixation
14:28:41.8813,531.4,769.6,fixation
14:28:41.8818,531.4,769.8,fixation
14:28:41.8823,531.1,770.1,fixation
14:28:41.8828,530.7,770.1,fixation
14:28:41.8833,530.2,770.8,fixation
14:28:41.8838,530.1,771.3,fixation
14:28:41.8843,529.9,771.5,fixation
14:28:41.8848,529.8,771.1,fixation
14:28:41.8853,529.7,770.9,fixation
14:28:41.8858,529.6,770.9,fixation
14:28:41.8863,529.8,770.9,fixation
14:28:41.8868,529.7,772.1,fixation
14:28:41.8873,529.5,773.3,fixation
14:28:41.8878,529.3,774.3,fixation
14:28:41.8883,529.2,773.6,fixation
14:28:41.8888,529.0,772.8,fixation
14:28:41.8893,528.9,772.3,fixation
14:28:41.8898,528.7,772.2,fixation
14:28:41.8903,527.9,772.2,fixation
14:28:41.8908,527.1,772.3,fixation
14:28:41.8913,526.6,772.5,fixation
14:28:41.8918,526.8,772.6,fixation
14:28:41.8923,527.0,772.2,fixation
14:28:41.8928,526.8,771.6,fixation
14:28:41.8933,526.7,771.0,fixation
14:28:41.8938,526.5,770.6,fixation
14:28:41.8943,526.4,770.1,fixation
14:28:41.8948,526.3,769.8,fixation
14:28:41.8953,526.2,769.8,fixation
14:28:41.8958,526.0,769.9,fixation
14:28:41.8963,525.9,769.9,fixation
14:28:41.8968,525.7,770.0,fixation
14:28:41.8973,525.5,770.1,fixation
14:28:41.8978,525.6,770.2,fixation
14:28:41.8983,525.9,769.9,fixation
14:28:41.8988,526.1,768.6,fixation
14:28:41.8993,526.2,767.7,fixation
14:28:41.8998,526.2,767.6,fixation
14:28:41.9003,526.2,768.5,fixation
14:28:41.9008,526.1,768.7,fixation
14:28:41.9013,526.2,768.7,fixation
14:28:41.9018,526.2,768.6,fixation
14:28:41.9023,526.4,768.9,fixation
14:28:41.9028,526.5,769.1,fixation
14:28:41.9033,526.1,769.1,fixation
14:28:41.9038,525.6,768.5,fixation
14:28:41.9043,524.6,767.9,fixation
14:28:41.9048,524.1,767.6,fixation
14:28:41.9053,523.5,767.9,fixation
14:28:41.9058,523.1,768.6,fixation
14:28:41.9063,522.9,769.2,fixation
14:28:41.9068,522.6,769.5,fixation
14:28:41.9073,522.4,769.5,fixation
14:28:41.9078,522.1,769.4,fixation
14:28:41.9083,521.8,769.3,fixation
14:28:41.9088,521.9,768.6,fixation
14:28:41.9093,522.2,767.9,fixation
14:28:41.9098,522.6,767.0,fixation
14:28:41.9103,522.8,766.8,fixation
14:28:41.9108,522.9,766.8,fixation
14:28:41.9113,522.5,767.1,fixation
14:28:41.9118,522.0,767.2,fixation
14:28:41.9123,521.9,767.0,fixation
14:28:41.9128,522.8,766.3,fixation
14:28:41.9133,523.6,765.6,fixation
14:28:41.9138,524.0,765.2,fixation
14:28:41.9143,524.2,765.3,fixation
14:28:41.9148,524.3,765.6,fixation
14:28:41.9153,524.1,765.7,fixation
14:28:41.9158,524.0,765.9,fixation
14:28:41.9163,523.8,767.0,fixation
14:28:41.9168,524.0,768.1,fixation
14:28:41.9173,524.1,768.8,fixation
14:28:41.9178,524.2,768.6,fixation
14:28:41.9183,524.6,767.3,fixation
14:28:41.9188,524.9,766.2,fixation
14:28:41.9193,524.9,765.2,fixation
14:28:41.9198,524.5,765.9,fixation
14:28:41.9203,524.2,766.7,fixation
14:28:41.9208,524.3,766.8,fixation
14:28:41.9213,524.5,766.2,fixation
14:28:41.9218,524.7,765.6,fixation
14:28:41.9223,525.0,765.7,fixation
14:28:41.9228,525.6,765.9,fixation
14:28:41.9233,526.4,766.3,fixation
14:28:41.9238,526.8,766.6,fixation
14:28:41.9243,527.0,766.7,fixation
14:28:41.9248,526.9,766.7,fixation
14:28:41.9253,526.9,766.7,fixation
14:28:41.9258,526.4,766.8,fixation
14:28:41.9263,525.7,766.7,fixation
14:28:41.9268,524.8,766.1,fixation
14:28:41.9273,524.5,765.5,fixation
14:28:41.9278,525.0,765.2,fixation
14:28:41.9283,525.6,765.4,fixation
14:28:41.9288,526.1,765.4,fixation
14:28:41.9293,526.0,765.3,fixation
14:28:41.9298,526.1,765.1,fixation
14:28:41.9303,526.3,764.9,fixation
14:28:41.9308,525.2,764.3,fixation
14:28:41.9313,523.9,764.1,fixation
14:28:41.9318,523.6,764.5,fixation
14:28:41.9323,524.7,765.2,fixation
14:28:41.9328,525.8,765.8,fixation
14:28:41.9333,525.8,764.6,fixation
14:28:41.9338,525.9,763.2,fixation
14:28:41.9343,525.9,762.0,fixation
14:28:41.9348,525.8,762.3,fixation
14:28:41.9353,525.6,762.6,fixation
14:28:41.9358,525.5,762.5,fixation
14:28:41.9363,525.7,762.2,fixation
14:28:41.9368,526.2,762.0,fixation
14:28:41.9373,527.2,762.2,fixation
14:28:41.9378,527.9,762.4,fixation
14:28:41.9383,528.6,761.5,fixation
14:28:41.9388,528.3,760.4,fixation
14:28:41.9393,528.0,759.2,fixation
14:28:41.9398,527.9,758.8,fixation
14:28:41.9403,528.1,758.2,fixation
14:28:41.9408,528.3,757.5,fixation
14:28:41.9413,527.9,757.2,fixation
14:28:41.9418,527.5,757.1,fixation
14:28:41.9423,527.5,758.0,saccade
14:28:41.9428,528.0,757.7,saccade
14:28:41.9433,528.2,757.0,saccade
14:28:41.9438,528.1,756.3,saccade
14:28:41.9443,527.8,756.3,saccade
14:28:41.9448,527.8,756.4,saccade
14:28:41.9453,527.9,756.6,saccade
14:28:41.9458,526.7,765.7,saccade
14:28:41.9463,525.4,775.3,saccade
14:28:41.9468,524.2,784.7,saccade
14:28:41.9473,524.0,785.1,saccade
14:28:41.9478,524.0,785.1,saccade
14:28:41.9483,524.1,785.0,saccade
14:28:41.9488,524.2,784.9,saccade
14:28:41.9493,523.7,784.7,saccade
14:28:41.9498,523.3,784.6,saccade
14:28:41.9503,523.2,784.6,saccade
14:28:41.9508,523.6,784.6,saccade
14:28:41.9513,524.3,784.6,saccade
14:28:41.9518,524.4,785.2,saccade
14:28:41.9523,524.0,785.8,saccade
14:28:41.9528,522.6,786.6,fixation
14:28:41.9533,522.8,784.9,fixation
14:28:41.9538,523.1,782.8,fixation
14:28:41.9543,523.1,780.6,fixation
14:28:41.9548,522.8,779.5,fixation
14:28:41.9553,522.2,778.4,fixation
14:28:41.9558,522.2,777.6,fixation
14:28:41.9563,522.1,777.8,fixation
14:28:41.9568,522.4,778.3,fixation
14:28:41.9573,522.9,776.4,fixation
14:28:41.9578,523.3,774.4,fixation
14:28:41.9583,523.4,772.3,fixation
14:28:41.9588,523.1,772.4,fixation
14:28:41.9593,523.1,772.6,fixation
14:28:41.9598,523.3,772.8,fixation
14:28:41.9603,523.4,772.8,fixation
14:28:41.9608,523.5,772.6,fixation
14:28:41.9613,522.6,772.3,fixation
14:28:41.9618,521.7,772.0,fixation
14:28:41.9623,521.1,771.8,fixation
14:28:41.9628,521.9,771.6,fixation
14:28:41.9633,522.7,771.5,fixation
14:28:41.9638,522.7,771.3,fixation
14:28:41.9643,522.7,769.8,fixation
14:28:41.9648,522.6,768.2,fixation
14:28:41.9653,522.9,766.8,fixation
14:28:41.9658,523.0,766.6,fixation
14:28:41.9663,522.9,766.5,fixation
14:28:41.9668,522.8,766.3,fixation
14:28:41.9673,522.7,766.4,fixation
14:28:41.9678,522.6,766.9,fixation
14:28:41.9683,522.4,767.3,fixation
14:28:41.9688,522.8,766.1,fixation
14:28:41.9693,523.3,764.5,fixation
14:28:41.9698,523.8,762.9,fixation
14:28:41.9703,523.7,762.9,fixation
14:28:41.9708,523.3,762.9,fixation
14:28:41.9713,522.8,763.7,fixation
14:28:41.9718,522.7,764.6,fixation
14:28:41.9723,522.7,765.4,fixation
14:28:41.9728,522.9,765.0,fixation
14:28:41.9733,523.1,764.1,fixation
14:28:41.9738,523.2,763.5,fixation
14:28:41.9743,523.1,763.7,fixation
14:28:41.9748,522.8,764.4,fixation
14:28:41.9753,522.6,764.9,fixation
14:28:41.9758,522.5,765.1,fixation
14:28:41.9763,522.3,764.5,fixation
14:28:41.9768,521.8,764.0,fixation
14:28:41.9773,521.3,763.4,fixation
14:28:41.9778,522.4,763.6,fixation
14:28:41.9783,523.8,763.8,fixation
14:28:41.9788,524.6,763.0,fixation
14:28:41.9793,523.6,761.9,fixation
14:28:41.9798,522.4,761.5,fixation
14:28:41.9803,523.1,762.6,fixation
14:28:41.9808,524.2,763.8,fixation
14:28:41.9813,525.6,764.4,fixation
14:28:41.9818,525.8,764.6,fixation
14:28:41.9823,526.0,765.1,fixation
14:28:41.9828,526.2,765.5,fixation
14:28:41.9833,526.4,764.7,fixation
14:28:41.9838,526.5,763.3,fixation
14:28:41.9843,525.9,761.7,fixation
14:28:41.9848,525.1,761.3,fixation
14:28:41.9853,524.7,761.1,fixation
14:28:41.9858,524.9,760.9,fixation
14:28:41.9863,525.3,760.3,fixation
14:28:41.9868,525.5,759.6,fixation
14:28:41.9873,525.6,759.1,fixation
14:28:41.9878,525.3,758.9,fixation
14:28:41.9883,524.9,758.9,fixation
14:28:41.9888,525.5,759.0,fixation
14:28:41.9893,526.6,759.2,fixation
14:28:41.9898,527.4,760.4,fixation
14:28:41.9903,527.0,761.3,fixation
14:28:41.9908,526.5,762.2,fixation
14:28:41.9913,526.3,762.3,fixation
14:28:41.9918,526.2,762.3,fixation
14:28:41.9923,526.3,762.3,fixation
14:28:41.9928,526.2,760.9,fixation
14:28:41.9933,526.2,759.4,fixation
14:28:41.9938,526.0,757.9,fixation
14:28:41.9943,525.6,757.8,fixation
14:28:41.9948,525.2,757.7,fixation
14:28:41.9953,525.4,757.8,fixation
14:28:41.9958,525.4,757.8,fixation
14:28:41.9963,525.7,756.6,fixation
14:28:41.9968,525.8,754.8,fixation
14:28:41.9973,526.3,752.9,fixation
14:28:41.9978,526.6,752.1,fixation
14:28:41.9983,526.7,751.9,fixation
14:28:41.9988,526.9,751.6,fixation
14:28:41.9993,526.8,752.7,fixation
14:28:41.9998,526.7,753.8,fixation
14:28:42.0003,526.6,754.8,fixation
14:28:42.0008,526.6,754.8,fixation
14:28:42.0013,526.8,753.4,fixation
14:28:42.0018,527.0,752.1,fixation
14:28:42.0023,527.2,750.2,fixation
14:28:42.0028,527.2,749.7,fixation
14:28:42.0033,527.0,748.0,fixation
14:28:42.0038,526.7,746.8,fixation
14:28:42.0043,527.2,746.1,fixation
14:28:42.0048,528.2,746.8,fixation
14:28:42.0053,529.0,747.8,fixation
14:28:42.0058,529.2,748.3,fixation
14:28:42.0063,529.2,748.7,fixation
14:28:42.0068,529.1,749.1,fixation
14:28:42.0073,528.6,749.6,fixation
14:28:42.0078,528.3,748.8,fixation
14:28:42.0083,528.2,747.7,fixation
14:28:42.0088,528.2,747.6,fixation
14:28:42.0093,528.5,748.7,fixation
14:28:42.0098,528.8,750.1,fixation
14:28:42.0103,529.2,750.4,fixation
14:28:42.0108,529.1,750.7,fixation
14:28:42.0113,529.0,750.8,fixation
14:28:42.0118,529.0,751.1,fixation
14:28:42.0123,529.1,751.3,fixation
14:28:42.0128,529.1,751.5,fixation
14:28:42.0133,529.1,751.5,fixation
14:28:42.0138,528.8,750.8,fixation
14:28:42.0143,528.4,750.1,fixation
14:28:42.0148,528.0,749.3,fixation
14:28:42.0153,527.9,749.2,fixation
14:28:42.0158,527.8,749.0,fixation
14:28:42.0163,527.4,749.7,fixation
14:28:42.0168,527.0,750.4,fixation
14:28:42.0173,526.8,750.9,fixation
14:28:42.0178,526.8,750.6,fixation
14:28:42.0183,527.2,750.5,fixation
14:28:42.0188,527.6,750.7,fixation
14:28:42.0193,528.0,750.6,fixation
14:28:42.0198,528.3,750.2,fixation
14:28:42.0203,528.7,749.2,fixation
14:28:42.0208,529.0,748.4,fixation
14:28:42.0213,529.1,748.7,fixation
14:28:42.0218,529.3,749.5,fixation
14:28:42.0223,529.7,751.0,fixation
14:28:42.0228,530.1,751.7,fixation
14:28:42.0233,530.2,752.6,fixation
14:28:42.0238,530.2,752.8,fixation
14:28:42.0243,530.1,753.2,saccade
14:28:42.0248,530.0,751.6,saccade
14:28:42.0253,530.0,749.9,saccade
14:28:42.0258,530.4,748.5,saccade
14:28:42.0263,530.5,748.9,saccade
14:28:42.0268,530.1,749.2,saccade
14:28:42.0273,529.7,749.3,saccade
14:28:42.0278,529.3,749.2,saccade
14:28:42.0283,528.6,749.0,saccade
14:28:42.0288,527.4,748.7,saccade
14:28:42.0293,526.3,748.4,saccade
14:28:42.0298,523.9,747.3,saccade
14:28:42.0303,521.9,746.4,saccade
14:28:42.0308,520.0,745.5,saccade
14:28:42.0313,519.0,744.2,saccade
14:28:42.0318,517.9,742.8,saccade
14:28:42.0323,515.5,741.3,saccade
14:28:42.0328,514.1,741.0,saccade
14:28:42.0333,512.3,741.6,saccade
14:28:42.0338,510.9,742.2,saccade
14:28:42.0343,508.2,742.1,saccade
14:28:42.0348,504.6,740.3,saccade
14:28:42.0353,501.4,735.6,saccade
14:28:42.0358,497.0,727.7,saccade
14:28:42.0363,492.9,718.1,saccade
14:28:42.0368,488.2,708.8,saccade
14:28:42.0373,484.2,702.0,saccade
14:28:42.0378,481.6,696.1,saccade
14:28:42.0383,479.8,691.8,saccade
14:28:42.0388,479.5,685.3,saccade
14:28:42.0393,478.8,676.7,saccade
14:28:42.0398,477.9,666.1,saccade
14:28:42.0403,477.4,654.8,saccade
14:28:42.0408,476.2,644.1,saccade
14:28:42.0413,475.7,632.8,saccade
14:28:42.0418,472.8,622.4,saccade
14:28:42.0423,470.5,613.1,saccade
14:28:42.0428,466.9,604.7,saccade
14:28:42.0433,464.3,596.3,saccade
14:28:42.0438,462.2,587.6,saccade
14:28:42.0443,461.0,579.4,saccade
14:28:42.0448,461.4,571.8,saccade
14:28:42.0453,461.8,565.0,saccade
14:28:42.0458,462.6,560.4,saccade
14:28:42.0463,462.9,558.3,saccade
14:28:42.0468,463.4,555.8,saccade
14:28:42.0473,463.9,553.0,saccade
14:28:42.0478,465.5,548.4,saccade
14:28:42.0483,466.9,546.2,saccade
14:28:42.0488,468.5,543.6,saccade
14:28:42.0493,469.2,542.5,saccade
14:28:42.0498,470.0,541.1,saccade
14:28:42.0503,470.6,540.6,saccade
14:28:42.0508,471.5,540.6,saccade
14:28:42.0513,472.3,540.4,saccade
14:28:42.0518,473.2,540.1,saccade
14:28:42.0523,473.8,541.1,saccade
14:28:42.0528,474.3,543.1,saccade
14:28:42.0533,474.5,546.1,saccade
14:28:42.0538,474.9,548.4,saccade
14:28:42.0543,475.7,550.1,saccade
14:28:42.0548,476.7,552.3,saccade
14:28:42.0553,477.2,553.9,saccade
14:28:42.0558,477.6,555.6,saccade
14:28:42.0563,478.5,558.7,saccade
14:28:42.0568,479.3,561.9,saccade
14:28:42.0573,479.1,566.7,saccade
14:28:42.0578,478.8,569.8,saccade
14:28:42.0583,478.6,573.3,saccade
14:28:42.0588,479.0,576.1,saccade
14:28:42.0593,479.9,577.9,saccade
14:28:42.0598,480.6,580.0,saccade
14:28:42.0603,480.8,581.8,saccade
14:28:42.0608,480.1,585.0,saccade
14:28:42.0613,479.7,587.2,saccade
14:28:42.0618,479.0,591.0,saccade
14:28:42.0623,478.4,593.4,saccade
14:28:42.0628,477.7,595.7,saccade
14:28:42.0633,477.8,596.3,saccade
14:28:42.0638,477.9,597.8,saccade
14:28:42.0643,477.6,599.3,saccade
14:28:42.0648,476.9,601.1,saccade
14:28:42.0653,476.3,602.3,saccade
14:28:42.0658,475.9,603.6,saccade
14:28:42.0663,475.4,605.7,saccade
14:28:42.0668,474.7,607.6,saccade
14:28:42.0673,473.9,609.3,saccade
14:28:42.0678,473.3,609.7,saccade
14:28:42.0683,472.7,610.1,saccade
14:28:42.0688,471.7,609.8,saccade
14:28:42.0693,471.0,608.9,saccade
14:28:42.0698,470.2,608.0,saccade
14:28:42.0703,469.9,607.7,saccade
14:28:42.0708,469.3,605.7,saccade
14:28:42.0713,467.9,603.5,saccade
14:28:42.0718,466.7,601.4,saccade
14:28:42.0723,466.2,601.1,saccade
14:28:42.0728,466.9,600.2,saccade
14:28:42.0733,467.4,598.0,saccade
14:28:42.0738,466.2,595.1,saccade
14:28:42.0743,465.0,592.4,saccade
14:28:42.0748,464.1,590.2,saccade
14:28:42.0753,464.7,587.7,saccade
14:28:42.0758,465.3,585.6,saccade
14:28:42.0763,466.0,582.2,saccade
14:28:42.0768,465.6,579.6,saccade
14:28:42.0773,465.2,577.4,saccade
14:28:42.0778,465.3,577.3,saccade
14:28:42.0783,466.3,576.9,saccade
14:28:42.0788,467.0,574.8,saccade
14:28:42.0793,466.9,572.1,saccade
14:28:42.0798,466.9,569.9,saccade
14:28:42.0803,467.3,569.5,saccade
14:28:42.0808,467.7,568.7,saccade
14:28:42.0813,467.9,567.1,saccade
14:28:42.0818,468.4,564.6,saccade
14:28:42.0823,468.8,562.7,saccade
14:28:42.0828,469.2,560.4,fixation
14:28:42.0833,469.4,559.3,fixation
14:28:42.0838,469.7,558.2,fixation
14:28:42.0843,469.8,558.3,fixation
14:28:42.0848,469.8,559.1,fixation
14:28:42.0853,469.6,559.9,fixation
14:28:42.0858,469.5,560.8,fixation
14:28:42.0863,469.5,560.9,fixation
14:28:42.0868,469.7,560.9,fixation
14:28:42.0873,469.7,561.6,fixation
14:28:42.0878,469.5,562.2,fixation
14:28:42.0883,469.1,562.7,fixation
14:28:42.0888,468.8,562.7,fixation
14:28:42.0893,468.4,563.6,fixation
14:28:42.0898,468.2,564.5,fixation
14:28:42.0903,467.7,566.6,fixation
14:28:42.0908,467.6,567.9,fixation
14:28:42.0913,467.4,569.1,fixation
14:28:42.0918,467.5,569.3,fixation
14:28:42.0923,467.5,569.4,fixation
14:28:42.0928,467.7,569.5,fixation
14:28:42.0933,467.9,569.9,fixation
14:28:42.0938,468.0,570.4,fixation
14:28:42.0943,468.4,571.1,fixation
14:28:42.0948,469.0,571.5,fixation
14:28:42.0953,469.5,571.8,fixation
14:28:42.0958,469.6,571.9,fixation
14:28:42.0963,468.7,571.3,fixation
14:28:42.0968,467.9,570.9,fixation
14:28:42.0973,467.1,570.6,fixation
14:28:42.0978,466.9,570.7,fixation
14:28:42.0983,466.6,571.3,fixation
14:28:42.0988,466.5,571.9,fixation
14:28:42.0993,467.2,572.7,fixation
14:28:42.0998,467.8,573.4,fixation
14:28:42.1003,468.2,575.3,fixation
14:28:42.1008,467.7,577.0,fixation
14:28:42.1013,467.4,577.1,fixation
14:28:42.1018,467.4,575.2,fixation
14:28:42.1023,467.5,573.4,fixation
14:28:42.1028,467.6,572.7,fixation
14:28:42.1033,467.8,573.0,fixation
14:28:42.1038,467.8,573.9,fixation
14:28:42.1043,467.4,574.6,fixation
14:28:42.1048,466.9,575.2,fixation
14:28:42.1053,466.6,575.3,fixation
14:28:42.1058,467.0,575.6,fixation
14:28:42.1063,467.5,575.5,fixation
14:28:42.1068,467.6,575.1,fixation
14:28:42.1073,467.3,574.2,fixation
14:28:42.1078,466.9,573.7,fixation
14:28:42.1083,467.4,573.1,fixation
14:28:42.1088,467.7,572.9,fixation
14:28:42.1093,468.1,572.5,fixation
14:28:42.1098,467.9,572.3,fixation
14:28:42.1103,467.5,572.8,fixation
14:28:42.1108,467.5,573.5,fixation
14:28:42.1113,467.8,573.8,fixation
14:28:42.1118,468.2,572.9,fixation
14:28:42.1123,468.0,571.9,fixation
14:28:42.1128,467.6,571.4,fixation
14:28:42.1133,467.2,572.3,fixation
14:28:42.1138,467.0,573.3,fixation
14:28:42.1143,466.7,574.3,fixation
14:28:42.1148,466.8,573.6,fixation
14:28:42.1153,466.8,572.9,fixation
14:28:42.1158,467.0,572.3,fixation
14:28:42.1163,467.0,572.2,fixation
14:28:42.1168,466.9,572.1,fixation
14:28:42.1173,467.0,572.6,fixation
14:28:42.1178,467.1,573.5,fixation
14:28:42.1183,467.2,574.4,fixation
14:28:42.1188,467.3,574.5,fixation
14:28:42.1193,467.9,574.2,fixation
14:28:42.1198,468.5,573.9,fixation
14:28:42.1203,468.5,573.7,fixation
14:28:42.1208,467.8,574.0,fixation
14:28:42.1213,467.7,574.4,fixation
14:28:42.1218,468.5,573.9,fixation
14:28:42.1223,469.3,572.9,fixation
14:28:42.1228,468.9,571.7,fixation
14:28:42.1233,468.4,571.6,fixation
14:28:42.1238,467.8,571.4,fixation
14:28:42.1243,467.8,571.5,fixation
14:28:42.1248,467.8,571.7,fixation
14:28:42.1253,467.7,572.1,fixation
14:28:42.1258,467.5,572.1,fixation
14:28:42.1263,467.3,572.1,fixation
14:28:42.1268,467.2,571.8,fixation
14:28:42.1273,467.3,571.7,fixation
14:28:42.1278,468.3,572.7,fixation
14:28:42.1283,469.2,573.7,fixation
14:28:42.1288,469.6,574.7,fixation
14:28:42.1293,468.9,574.7,fixation
14:28:42.1298,468.1,575.0,fixation
14:28:42.1303,467.7,575.3,fixation
14:28:42.1308,467.5,575.6,fixation
14:28:42.1313,467.4,575.0,fixation
14:28:42.1318,467.7,574.5,fixation
14:28:42.1323,468.1,573.7,fixation
14:28:42.1328,468.6,573.5,fixation
14:28:42.1333,469.1,573.2,fixation
14:28:42.1338,469.5,573.2,fixation
14:28:42.1343,469.5,573.0,fixation
14:28:42.1348,469.4,572.9,fixation
14:28:42.1353,469.1,572.7,fixation
14:28:42.1358,468.8,572.7,fixation
14:28:42.1363,468.6,572.6,fixation
14:28:42.1368,468.5,573.7,fixation
14:28:42.1373,468.2,574.8,fixation
14:28:42.1378,467.8,575.6,fixation
14:28:42.1383,467.6,575.3,fixation
14:28:42.1388,467.7,575.3,fixation
14:28:42.1393,468.6,575.5,fixation
14:28:42.1398,469.5,575.6,fixation
14:28:42.1403,469.7,575.5,fixation
14:28:42.1408,468.6,575.1,fixation
14:28:42.1413,467.4,574.9,fixation
14:28:42.1418,467.5,575.0,fixation
14:28:42.1423,468.4,575.0,fixation
14:28:42.1428,469.6,575.1,fixation
14:28:42.1433,469.9,574.9,fixation
14:28:42.1438,470.2,575.0,fixation
14:28:42.1443,470.2,575.0,fixation
14:28:42.1448,469.8,575.0,fixation
14:28:42.1453,469.6,574.5,fixation
14:28:42.1458,469.4,574.1,fixation
14:28:42.1463,469.8,573.8,fixation
14:28:42.1468,469.9,574.3,fixation
14:28:42.1473,469.8,575.0,fixation
14:28:42.1478,469.5,575.6,fixation
14:28:42.1483,469.5,575.8,fixation
14:28:42.1488,469.6,576.6,fixation
14:28:42.1493,469.5,577.3,fixation
14:28:42.1498,469.3,577.2,fixation
14:28:42.1503,469.1,576.3,fixation
14:28:42.1508,468.7,575.8,fixation
14:28:42.1513,467.9,575.8,fixation
14:28:42.1518,467.0,575.7,fixation
14:28:42.1523,466.3,575.4,fixation
14:28:42.1528,465.8,575.8,fixation
14:28:42.1533,465.6,576.2,fixation
14:28:42.1538,466.2,576.9,fixation
14:28:42.1543,466.9,577.2,fixation
14:28:42.1548,467.5,577.5,fixation
14:28:42.1553,467.3,577.7,fixation
14:28:42.1558,467.2,577.5,fixation
14:28:42.1563,467.3,577.3,fixation
14:28:42.1568,467.5,577.2,fixation
14:28:42.1573,467.7,577.4,fixation
14:28:42.1578,467.6,577.7,fixation
14:28:42.1583,466.8,577.6,fixation
14:28:42.1588,466.3,576.7,fixation
14:28:42.1593,465.5,575.7,fixation
14:28:42.1598,465.5,574.8,fixation
14:28:42.1603,465.0,574.8,fixation
14:28:42.1608,464.4,574.8,fixation
14:28:42.1613,463.8,574.8,fixation
14:28:42.1618,463.7,574.8,fixation
14:28:42.1623,463.9,575.0,fixation
14:28:42.1628,464.2,574.9,fixation
14:28:42.1633,464.2,574.8,fixation
14:28:42.1638,464.3,574.6,fixation
14:28:42.1643,464.2,574.7,fixation
14:28:42.1648,464.4,574.8,fixation
14:28:42.1653,464.5,574.8,fixation
14:28:42.1658,464.8,574.8,fixation
14:28:42.1663,464.9,574.9,fixation
14:28:42.1668,465.0,575.0,fixation
14:28:42.1673,464.2,574.8,fixation
14:28:42.1678,463.4,574.4,fixation
14:28:42.1683,463.2,574.1,fixation
14:28:42.1688,463.9,574.0,fixation
14:28:42.1693,464.4,574.2,fixation
14:28:42.1698,464.4,574.0,fixation
14:28:42.1703,465.1,573.6,fixation
14:28:42.1708,466.1,573.4,fixation
14:28:42.1713,467.0,573.4,fixation
14:28:42.1718,466.7,573.5,fixation
14:28:42.1723,466.2,573.9,fixation
14:28:42.1728,465.5,574.7,fixation
14:28:42.1733,465.2,575.7,fixation
14:28:42.1738,465.2,576.8,fixation
14:28:42.1743,465.3,577.2,fixation
14:28:42.1748,464.9,576.8,fixation
14:28:42.1753,464.4,576.0,fixation
14:28:42.1758,463.8,575.3,fixation
14:28:42.1763,464.4,575.4,fixation
14:28:42.1768,465.0,575.5,fixation
14:28:42.1773,465.4,575.5,fixation
14:28:42.1778,465.0,575.3,fixation
14:28:42.1783,464.5,575.3,fixation
14:28:42.1788,464.2,575.4,fixation
14:28:42.1793,464.3,575.4,fixation
14:28:42.1798,464.6,575.4,fixation
14:28:42.1803,464.9,575.3,fixation
14:28:42.1808,465.0,575.0,fixation
14:28:42.1813,464.9,574.6,fixation
14:28:42.1818,464.7,574.9,fixation
14:28:42.1823,464.4,575.5,fixation
14:28:42.1828,464.3,575.5,fixation
14:28:42.1833,464.4,574.9,fixation
14:28:42.1838,464.6,573.5,fixation
14:28:42.1843,464.5,572.8,fixation
14:28:42.1848,464.2,572.7,fixation
14:28:42.1853,463.9,573.2,fixation
14:28:42.1858,463.7,573.9,fixation
14:28:42.1863,463.8,574.2,fixation
14:28:42.1868,463.8,574.6,fixation
14:28:42.1873,463.9,575.0,fixation
14:28:42.1878,463.8,575.1,fixation
14:28:42.1883,463.8,575.2,fixation
14:28:42.1888,463.8,575.1,fixation
14:28:42.1893,463.9,574.7,fixation
14:28:42.1898,463.9,574.5,fixation
14:28:42.1903,463.9,574.6,fixation
14:28:42.1908,463.8,575.1,fixation
14:28:42.1913,463.8,575.3,fixation
14:28:42.1918,464.0,575.1,fixation
14:28:42.1923,463.9,574.9,fixation
14:28:42.1928,463.6,574.6,fixation
14:28:42.1933,462.9,574.8,fixation
14:28:42.1938,462.4,574.9,fixation
14:28:42.1943,462.7,575.0,fixation
14:28:42.1948,463.4,574.5,fixation
14:28:42.1953,464.0,574.0,fixation
14:28:42.1958,463.8,574.2,fixation
14:28:42.1963,463.5,574.9,fixation
14:28:42.1968,463.7,575.7,fixation
14:28:42.1973,464.1,575.7,fixation
14:28:42.1978,464.8,575.9,fixation
14:28:42.1983,465.0,575.8,fixation
14:28:42.1988,465.2,575.7,fixation
14:28:42.1993,465.1,575.5,fixation
14:28:42.1998,464.9,575.5,fixation
14:28:42.2003,464.9,575.4,fixation
14:28:42.2008,464.9,575.3,fixation
14:28:42.2013,464.7,574.5,fixation
14:28:42.2018,464.4,573.8,fixation
14:28:42.2023,464.7,573.3,fixation
14:28:42.2028,465.4,573.5,fixation
14:28:42.2033,466.1,573.7,fixation
14:28:42.2038,465.9,573.7,fixation
14:28:42.2043,465.7,573.7,fixation
14:28:42.2048,465.3,574.7,fixation
14:28:42.2053,465.0,575.7,fixation
14:28:42.2058,464.7,576.6,fixation
14:28:42.2063,464.5,576.6,fixation
14:28:42.2068,464.3,576.4,fixation
14:28:42.2073,464.3,575.8,fixation
14:28:42.2078,464.4,575.3,fixation
14:28:42.2083,464.7,575.0,fixation
14:28:42.2088,465.2,575.3,fixation
14:28:42.2093,465.4,575.6,fixation
14:28:42.2098,465.4,575.9,fixation
14:28:42.2103,465.4,575.4,fixation
14:28:42.2108,465.4,574.8,fixation
14:28:42.2113,465.4,574.6,fixation
14:28:42.2118,465.1,576.0,fixation
14:28:42.2123,464.9,577.3,fixation
14:28:42.2128,464.5,577.9,fixation
14:28:42.2133,464.2,576.4,fixation
14:28:42.2138,463.8,574.9,fixation
14:28:42.2143,463.4,574.6,fixation
14:28:42.2148,463.1,575.6,fixation
14:28:42.2153,462.8,576.6,fixation
14:28:42.2158,462.9,576.7,fixation
14:28:42.2163,463.3,577.0,fixation
14:28:42.2168,464.6,577.6,fixation
14:28:42.2173,465.9,578.1,fixation
14:28:42.2178,466.8,578.1,fixation
14:28:42.2183,466.8,577.5,fixation
14:28:42.2188,466.2,576.8,fixation
14:28:42.2193,465.7,576.2,fixation
14:28:42.2198,465.2,575.9,fixation
14:28:42.2203,465.4,575.6,fixation
14:28:42.2208,465.5,575.4,fixation
14:28:42.2213,465.5,575.0,fixation
14:28:42.2218,465.3,574.8,fixation
14:28:42.2223,465.1,574.7,fixation
14:28:42.2228,464.8,574.7,fixation
14:28:42.2233,464.9,574.4,fixation
14:28:42.2238,465.2,574.1,fixation
14:28:42.2243,465.1,574.9,fixation
14:28:42.2248,465.0,576.0,fixation
14:28:42.2253,465.2,576.6,fixation
14:28:42.2258,465.7,576.0,fixation
14:28:42.2263,466.4,575.2,fixation
14:28:42.2268,466.4,574.9,fixation
14:28:42.2273,466.5,574.8,fixation
14:28:42.2278,466.2,575.2,fixation
14:28:42.2283,465.9,575.6,fixation
14:28:42.2288,465.0,575.7,fixation
14:28:42.2293,464.5,575.4,fixation
14:28:42.2298,464.0,574.9,fixation
14:28:42.2303,464.1,574.6,fixation
14:28:42.2308,464.0,574.8,fixation
14:28:42.2313,463.7,575.0,fixation
14:28:42.2318,463.5,575.0,fixation
14:28:42.2323,463.4,574.6,fixation
14:28:42.2328,463.4,574.4,fixation
14:28:42.2333,463.7,574.5,fixation
14:28:42.2338,464.0,574.6,fixation
14:28:42.2343,464.1,574.7,fixation
14:28:42.2348,463.6,575.2,fixation
14:28:42.2353,462.9,575.7,fixation
14:28:42.2358,462.5,575.5,fixation
14:28:42.2363,462.3,574.8,fixation
14:28:42.2368,462.2,574.9,fixation
14:28:42.2373,462.4,575.7,fixation
14:28:42.2378,462.6,576.4,fixation
14:28:42.2383,463.0,576.0,fixation
14:28:42.2388,462.5,575.4,fixation
14:28:42.2393,461.9,574.8,fixation
14:28:42.2398,461.7,574.8,fixation
14:28:42.2403,462.2,575.2,fixation
14:28:42.2408,462.6,575.5,fixation
14:28:42.2413,462.6,575.5,fixation
14:28:42.2418,462.7,575.7,fixation
14:28:42.2423,462.7,575.9,fixation
14:28:42.2428,462.8,576.1,fixation
14:28:42.2433,462.8,576.4,fixation
14:28:42.2438,462.3,576.5,fixation
14:28:42.2443,461.8,576.5,fixation
14:28:42.2448,461.3,576.2,fixation
14:28:42.2453,461.3,576.0,fixation
14:28:42.2458,461.3,576.5,fixation
14:28:42.2463,460.6,577.0,fixation
14:28:42.2468,460.1,576.4,fixation
14:28:42.2473,460.4,575.4,fixation
14:28:42.2478,461.2,575.4,fixation
14:28:42.2483,461.8,576.5,fixation
14:28:42.2488,462.0,576.8,fixation
14:28:42.2493,462.4,576.1,fixation
14:28:42.2498,462.3,576.0,fixation
14:28:42.2503,461.9,576.6,fixation
14:28:42.2508,461.6,577.1,fixation
14:28:42.2513,461.6,576.9,fixation
14:28:42.2518,461.8,576.7,fixation
14:28:42.2523,462.0,576.5,fixation
14:28:42.2528,462.4,576.4,fixation
14:28:42.2533,462.6,576.2,fixation
14:28:42.2538,462.5,576.7,fixation
14:28:42.2543,462.3,577.1,fixation
14:28:42.2548,462.2,577.4,fixation
14:28:42.2553,462.3,577.4,fixation
14:28:42.2558,462.6,576.7,fixation
14:28:42.2563,462.6,575.9,fixation
14:28:42.2568,462.5,574.9,fixation
14:28:42.2573,462.3,574.6,fixation
14:28:42.2578,462.2,574.7,fixation
14:28:42.2583,462.1,575.3,fixation
14:28:42.2588,461.8,575.9,fixation
14:28:42.2593,461.7,575.8,fixation
14:28:42.2598,461.8,575.3,fixation
14:28:42.2603,462.1,574.7,fixation
14:28:42.2608,462.2,574.6,fixation
14:28:42.2613,461.8,575.2,fixation
14:28:42.2618,460.9,575.9,fixation
14:28:42.2623,460.2,576.6,fixation
14:28:42.2628,459.8,576.7,fixation
14:28:42.2633,459.7,576.9,fixation
14:28:42.2638,459.8,577.0,fixation
14:28:42.2643,460.0,577.0,fixation
14:28:42.2648,460.3,576.8,fixation
14:28:42.2653,460.5,576.6,fixation
14:28:42.2658,460.3,576.6,fixation
14:28:42.2663,459.9,576.7,fixation
14:28:42.2668,459.7,577.0,fixation
14:28:42.2673,459.7,577.8,fixation
14:28:42.2678,458.8,578.2,fixation
14:28:42.2683,457.7,578.0,fixation
14:28:42.2688,457.4,577.5,fixation
14:28:42.2693,458.6,577.4,fixation
14:28:42.2698,459.8,577.7,fixation
14:28:42.2703,459.8,577.1,fixation
14:28:42.2708,459.5,576.1,fixation
14:28:42.2713,459.2,575.2,fixation
14:28:42.2718,459.6,575.0,fixation
14:28:42.2723,459.4,574.9,fixation
14:28:42.2728,458.7,575.6,fixation
14:28:42.2733,457.8,577.0,fixation
14:28:42.2738,457.2,578.5,fixation
14:28:42.2743,457.3,578.8,fixation
14:28:42.2748,457.5,578.5,fixation
14:28:42.2753,457.6,577.7,fixation
14:28:42.2758,457.5,577.2,fixation
14:28:42.2763,457.3,576.6,fixation
14:28:42.2768,457.2,576.4,fixation
14:28:42.2773,457.2,576.0,fixation
14:28:42.2778,457.1,575.7,fixation
14:28:42.2783,456.9,576.4,fixation
14:28:42.2788,456.6,577.4,fixation
14:28:42.2793,456.4,578.2,fixation
14:28:42.2798,456.4,578.0,fixation
14:28:42.2803,456.4,577.8,fixation
14:28:42.2808,456.4,577.8,fixation
14:28:42.2813,456.5,577.7,fixation
14:28:42.2818,456.4,577.6,fixation
14:28:42.2823,456.3,577.6,fixation
14:28:42.2828,456.1,577.6,fixation
14:28:42.2833,456.0,577.5,fixation
14:28:42.2838,456.0,577.6,fixation
14:28:42.2843,456.0,577.8,fixation
14:28:42.2848,456.0,578.3,fixation
14:28:42.2853,456.5,578.8,fixation
14:28:42.2858,456.9,579.4,fixation
14:28:42.2863,457.3,580.0,fixation
14:28:42.2868,456.8,580.3,fixation
14:28:42.2873,456.3,580.5,fixation
14:28:42.2878,456.5,580.5,fixation
14:28:42.2883,457.2,580.5,fixation
14:28:42.2888,457.5,580.7,fixation
14:28:42.2893,457.1,580.8,fixation
14:28:42.2898,457.0,580.5,fixation
14:28:42.2903,457.2,580.1,fixation
14:28:42.2908,457.5,579.4,fixation
14:28:42.2913,457.7,579.0,fixation
14:28:42.2918,457.8,579.3,fixation
14:28:42.2923,457.8,579.9,fixation
14:28:42.2928,457.7,580.5,fixation
14:28:42.2933,457.3,580.5,fixation
14:28:42.2938,457.1,580.7,fixation
14:28:42.2943,456.7,581.2,fixation
14:28:42.2948,456.4,581.9,fixation
14:28:42.2953,456.1,582.3,fixation
14:28:42.2958,456.5,582.4,fixation
14:28:42.2963,457.3,582.5,fixation
14:28:42.2968,458.1,582.1,fixation
14:28:42.2973,458.1,581.7,fixation
14:28:42.2978,458.1,581.9,fixation
14:28:42.2983,457.3,582.3,fixation
14:28:42.2988,455.9,581.8,fixation
14:28:42.2993,454.9,580.9,fixation
14:28:42.2998,454.6,580.1,fixation
14:28:42.3003,454.8,580.3,fixation
14:28:42.3008,454.8,581.0,fixation
14:28:42.3013,454.8,581.8,fixation
14:28:42.3018,454.8,582.6,fixation
14:28:42.3023,455.0,582.5,fixation
14:28:42.3028,455.2,582.3,fixation
14:28:42.3033,455.2,582.2,fixation
14:28:42.3038,455.1,582.2,fixation
14:28:42.3043,455.6,582.5,fixation
14:28:42.3048,456.1,582.6,fixation
14:28:42.3053,456.5,582.6,fixation
14:28:42.3058,456.4,582.2,fixation
14:28:42.3063,456.4,581.5,fixation
14:28:42.3068,456.5,581.0,fixation
14:28:42.3073,456.6,580.6,fixation
14:28:42.3078,456.5,580.6,fixation
14:28:42.3083,456.5,580.5,fixation
14:28:42.3088,456.4,580.4,fixation
14:28:42.3093,456.2,580.2,fixation
14:28:42.3098,456.2,580.1,fixation
14:28:42.3103,456.3,579.9,fixation
14:28:42.3108,456.4,580.2,fixation
14:28:42.3113,456.4,580.4,fixation
14:28:42.3118,456.7,580.3,fixation
14:28:42.3123,456.8,580.1,saccade
14:28:42.3128,457.2,580.7,saccade
14:28:42.3133,457.6,581.0,saccade
14:28:42.3138,458.2,580.2,saccade
14:28:42.3143,458.3,579.3,saccade
14:28:42.3148,458.6,578.9,saccade
14:28:42.3153,458.7,579.2,saccade
14:28:42.3158,457.8,579.3,saccade
14:28:42.3163,455.6,578.9,saccade
14:28:42.3168,453.0,578.6,saccade
14:28:42.3173,451.3,578.9,saccade
14:28:42.3178,450.5,580.9,saccade
14:28:42.3183,449.8,582.7,saccade
14:28:42.3188,448.2,583.9,saccade
14:28:42.3193,446.8,583.6,saccade
14:28:42.3198,445.1,584.5,saccade
14:28:42.3203,443.4,585.3,saccade
14:28:42.3208,441.3,586.2,saccade
14:28:42.3213,438.4,585.7,saccade
14:28:42.3218,435.5,585.3,saccade
14:28:42.3223,432.0,586.3,saccade
14:28:42.3228,430.0,587.4,saccade
14:28:42.3233,429.0,588.3,saccade
14:28:42.3238,428.3,587.9,saccade
14:28:42.3243,426.9,588.3,saccade
14:28:42.3248,424.6,588.8,saccade
14:28:42.3253,422.2,589.1,saccade
14:28:42.3258,420.7,588.2,saccade
14:28:42.3263,420.0,587.2,saccade
14:28:42.3268,419.7,586.6,saccade
14:28:42.3273,418.7,586.4,saccade
14:28:42.3278,416.8,586.9,saccade
14:28:42.3283,415.1,587.3,saccade
14:28:42.3288,413.9,587.9,saccade
14:28:42.3293,413.1,588.2,saccade
14:28:42.3298,411.8,588.4,saccade
14:28:42.3303,410.5,588.6,saccade
14:28:42.3308,410.7,589.1,saccade
14:28:42.3313,411.5,589.7,saccade
14:28:42.3318,411.8,590.4,saccade
14:28:42.3323,411.3,591.1,saccade
14:28:42.3328,411.2,591.9,saccade
14:28:42.3333,412.5,592.4,saccade
14:28:42.3338,413.8,592.9,saccade
14:28:42.3343,415.7,593.2,saccade
14:28:42.3348,417.3,593.4,saccade
14:28:42.3353,419.1,593.6,saccade
14:28:42.3358,420.1,593.6,saccade
14:28:42.3363,421.5,593.7,saccade
14:28:42.3368,423.6,594.0,saccade
14:28:42.3373,425.8,593.6,saccade
14:28:42.3378,427.1,593.1,saccade
14:28:42.3383,428.5,592.5,saccade
14:28:42.3388,430.0,592.7,saccade
14:28:42.3393,431.2,594.0,saccade
14:28:42.3398,431.6,595.3,saccade
14:28:42.3403,431.8,595.0,saccade
14:28:42.3408,432.4,593.5,saccade
14:28:42.3413,432.9,591.8,saccade
14:28:42.3418,433.4,591.5,saccade
14:28:42.3423,433.8,591.3,saccade
14:28:42.3428,434.1,591.1,saccade
14:28:42.3433,434.5,590.9,saccade
14:28:42.3438,435.3,590.8,fixation
14:28:42.3443,435.4,590.7,fixation
14:28:42.3448,435.5,591.2,fixation
14:28:42.3453,435.5,591.8,fixation
14:28:42.3458,434.6,592.3,fixation
14:28:42.3463,433.3,592.2,fixation
14:28:42.3468,432.1,591.8,fixation
14:28:42.3473,431.7,591.2,fixation
14:28:42.3478,430.6,590.7,fixation
14:28:42.3483,429.3,590.4,fixation
14:28:42.3488,427.6,590.2,fixation
14:28:42.3493,427.1,590.2,fixation
14:28:42.3498,426.0,589.4,fixation
14:28:42.3503,425.4,588.6,fixation
14:28:42.3508,424.9,587.9,fixation
14:28:42.3513,424.6,588.6,fixation
14:28:42.3518,424.2,589.3,fixation
14:28:42.3523,424.5,590.1,fixation
14:28:42.3528,425.1,590.3,fixation
14:28:42.3533,425.8,590.2,fixation
14:28:42.3538,425.3,589.9,fixation
14:28:42.3543,425.0,589.6,fixation
14:28:42.3548,423.9,589.6,fixation
14:28:42.3553,423.2,589.7,fixation
14:28:42.3558,422.7,589.8,fixation
14:28:42.3563,423.2,590.9,fixation
14:28:42.3568,423.6,592.0,fixation
14:28:42.3573,424.0,592.9,fixation
14:28:42.3578,424.1,593.0,fixation
14:28:42.3583,424.2,593.1,fixation
14:28:42.3588,424.3,593.3,fixation
14:28:42.3593,424.4,593.5,fixation
14:28:42.3598,424.4,593.6,fixation
14:28:42.3603,424.3,593.6,fixation
14:28:42.3608,424.2,593.7,fixation
14:28:42.3613,424.2,593.9,fixation
14:28:42.3618,423.9,594.2,fixation
14:28:42.3623,423.5,594.3,fixation
14:28:42.3628,423.1,594.3,fixation
14:28:42.3633,423.0,594.4,fixation
14:28:42.3638,423.2,594.6,fixation
14:28:42.3643,423.3,594.7,fixation
14:28:42.3648,423.4,594.7,fixation
14:28:42.3653,423.5,594.7,fixation
14:28:42.3658,423.7,594.7,fixation
14:28:42.3663,423.7,594.8,fixation
14:28:42.3668,423.9,595.1,fixation
14:28:42.3673,424.2,595.3,fixation
14:28:42.3678,424.2,595.1,fixation
14:28:42.3683,424.0,594.7,fixation
14:28:42.3688,423.7,594.3,fixation
14:28:42.3693,423.4,594.0,fixation
14:28:42.3698,423.1,593.2,fixation
14:28:42.3703,422.8,592.3,fixation
14:28:42.3708,422.9,591.5,fixation
14:28:42.3713,422.9,591.5,fixation
14:28:42.3718,422.9,591.6,fixation
14:28:42.3723,422.7,591.8,fixation
14:28:42.3728,422.5,592.0,fixation
14:28:42.3733,422.1,592.0,fixation
14:28:42.3738,421.8,592.1,fixation
14:28:42.3743,421.4,592.7,fixation
14:28:42.3748,421.3,593.3,fixation
14:28:42.3753,421.3,593.4,fixation
14:28:42.3758,421.7,593.0,fixation
14:28:42.3763,422.3,591.5,fixation
14:28:42.3768,422.7,590.3,fixation
14:28:42.3773,423.1,589.2,fixation
14:28:42.3778,423.3,589.2,fixation
14:28:42.3783,423.6,589.0,fixation
14:28:42.3788,423.8,588.8,fixation
14:28:42.3793,424.0,590.1,fixation
14:28:42.3798,424.1,591.7,fixation
14:28:42.3803,424.7,593.1,fixation
14:28:42.3808,425.4,592.8,fixation
14:28:42.3813,426.4,592.5,fixation
14:28:42.3818,426.8,592.4,fixation
14:28:42.3823,426.8,592.3,fixation
14:28:42.3828,426.4,591.6,fixation
14:28:42.3833,426.4,590.9,fixation
14:28:42.3838,426.6,591.3,fixation
14:28:42.3843,426.0,592.1,fixation
14:28:42.3848,424.9,593.2,fixation
14:28:42.3853,424.1,593.3,fixation
14:28:42.3858,424.0,593.8,fixation
14:28:42.3863,423.9,594.0,fixation
14:28:42.3868,423.7,594.4,fixation
14:28:42.3873,423.8,594.7,fixation
14:28:42.3878,423.9,595.1,fixation
14:28:42.3883,423.8,593.9,fixation
14:28:42.3888,423.3,592.5,fixation
14:28:42.3893,422.8,591.4,fixation
14:28:42.3898,422.1,591.6,fixation
14:28:42.3903,421.6,591.8,fixation
14:28:42.3908,421.5,592.6,fixation
14:28:42.3913,421.7,593.5,fixation
14:28:42.3918,421.7,594.1,fixation
14:28:42.3923,421.6,593.9,fixation
14:28:42.3928,421.5,593.7,fixation
14:28:42.3933,421.5,593.9,fixation
14:28:42.3938,421.4,593.5,fixation
14:28:42.3943,421.2,593.1,fixation
14:28:42.3948,421.1,592.7,fixation
14:28:42.3953,421.0,592.8,fixation
14:28:42.3958,420.9,592.9,fixation
14:28:42.3963,420.9,593.0,fixation
14:28:42.3968,421.0,592.6,fixation
14:28:42.3973,420.9,592.1,fixation
14:28:42.3978,420.6,592.0,fixation
14:28:42.3983,420.4,592.3,fixation
14:28:42.3988,420.6,592.7,fixation
14:28:42.3993,420.6,593.7,fixation
14:28:42.3998,421.3,595.0,fixation
14:28:42.4003,421.8,596.4,fixation
14:28:42.4008,422.6,596.8,fixation
14:28:42.4013,422.7,597.0,fixation
14:28:42.4018,423.0,596.8,fixation
14:28:42.4023,423.3,596.7,fixation
14:28:42.4028,423.6,596.6,fixation
14:28:42.4033,423.8,596.6,fixation
14:28:42.4038,423.5,597.5,fixation
14:28:42.4043,423.1,598.6,fixation
14:28:42.4048,423.2,599.9,fixation
14:28:42.4053,424.2,600.5,fixation
14:28:42.4058,425.1,601.1,fixation
14:28:42.4063,425.9,601.3,fixation
14:28:42.4068,426.4,600.6,fixation
14:28:42.4073,426.1,599.9,fixation
14:28:42.4078,425.5,599.3,fixation
14:28:42.4083,424.7,599.3,fixation
14:28:42.4088,424.5,599.4,fixation
14:28:42.4093,424.4,599.4,fixation
14:28:42.4098,424.2,599.5,fixation
14:28:42.4103,424.1,599.5,fixation
14:28:42.4108,423.9,599.5,fixation
14:28:42.4113,424.7,599.6,fixation
14:28:42.4118,425.5,599.6,fixation
14:28:42.4123,425.6,599.6,fixation
14:28:42.4128,424.8,599.5,fixation
14:28:42.4133,423.8,600.2,fixation
14:28:42.4138,423.6,601.0,fixation
14:28:42.4143,423.3,601.6,fixation
14:28:42.4148,423.4,601.1,fixation
14:28:42.4153,423.5,600.5,fixation
14:28:42.4158,423.5,600.8,fixation
14:28:42.4163,423.4,600.9,fixation
14:28:42.4168,423.3,601.1,fixation
14:28:42.4173,423.1,601.5,fixation
14:28:42.4178,422.7,602.2,fixation
14:28:42.4183,421.9,602.8,fixation
14:28:42.4188,421.4,602.4,fixation
14:28:42.4193,421.0,602.1,fixation
14:28:42.4198,420.6,602.8,fixation
14:28:42.4203,420.0,603.7,fixation
14:28:42.4208,419.8,603.3,fixation
14:28:42.4213,420.5,602.1,fixation
14:28:42.4218,421.5,601.8,fixation
14:28:42.4223,422.3,603.1,fixation
14:28:42.4228,422.8,604.3,fixation
14:28:42.4233,423.5,604.5,fixation
14:28:42.4238,424.0,604.6,fixation
14:28:42.4243,424.1,604.5,fixation
14:28:42.4248,424.0,604.4,fixation
14:28:42.4253,424.8,605.4,fixation
14:28:42.4258,425.7,606.4,fixation
14:28:42.4263,425.9,607.1,fixation
14:28:42.4268,425.1,607.0,fixation
14:28:42.4273,425.4,607.3,fixation
14:28:42.4278,426.8,607.7,fixation
14:28:42.4283,428.3,608.0,fixation
14:28:42.4288,428.1,607.9,fixation
14:28:42.4293,427.2,608.5,fixation
14:28:42.4298,426.4,608.9,fixation
14:28:42.4303,425.9,608.4,fixation
14:28:42.4308,425.5,607.1,fixation
14:28:42.4313,425.3,605.8,fixation
14:28:42.4318,426.4,605.8,fixation
14:28:42.4323,427.5,606.0,fixation
14:28:42.4328,427.5,605.3,fixation
14:28:42.4333,426.7,604.3,fixation
14:28:42.4338,425.7,604.2,fixation
14:28:42.4343,425.5,605.1,fixation
14:28:42.4348,425.3,605.1,fixation
14:28:42.4353,425.3,604.1,fixation
14:28:42.4358,425.3,603.2,fixation
14:28:42.4363,425.3,603.2,fixation
14:28:42.4368,424.9,603.1,fixation
14:28:42.4373,424.4,603.1,fixation
14:28:42.4378,423.7,603.4,fixation
14:28:42.4383,423.3,603.7,fixation
14:28:42.4388,423.3,604.1,fixation
14:28:42.4393,423.2,604.5,fixation
14:28:42.4398,422.8,605.0,fixation
14:28:42.4403,422.7,606.2,fixation
14:28:42.4408,423.1,607.0,fixation
14:28:42.4413,423.5,607.5,fixation
14:28:42.4418,423.6,607.5,fixation
14:28:42.4423,423.4,607.4,fixation
14:28:42.4428,423.6,606.6,fixation
14:28:42.4433,424.0,605.5,fixation
14:28:42.4438,424.3,604.4,fixation
14:28:42.4443,424.4,604.0,fixation
14:28:42.4448,423.7,604.0,fixation
14:28:42.4453,423.0,603.9,fixation
14:28:42.4458,422.4,603.5,fixation
14:28:42.4463,422.5,603.0,fixation
14:28:42.4468,423.1,602.5,fixation
14:28:42.4473,424.1,603.3,fixation
14:28:42.4478,425.1,604.1,fixation
14:28:42.4483,425.6,604.8,fixation
14:28:42.4488,425.6,604.7,fixation
14:28:42.4493,425.6,604.7,fixation
14:28:42.4498,425.4,605.5,fixation
14:28:42.4503,425.2,606.3,fixation
14:28:42.4508,425.0,607.2,fixation
14:28:42.4513,424.6,607.1,fixation
14:28:42.4518,423.9,605.7,fixation
14:28:42.4523,423.2,604.7,fixation
14:28:42.4528,422.9,603.7,fixation
14:28:42.4533,422.7,603.3,fixation
14:28:42.4538,422.7,602.7,fixation
14:28:42.4543,422.7,601.9,fixation
14:28:42.4548,422.8,601.6,fixation
14:28:42.4553,422.9,601.2,fixation
14:28:42.4558,422.9,601.4,fixation
14:28:42.4563,422.8,601.8,fixation
14:28:42.4568,422.7,602.4,fixation
14:28:42.4573,422.7,602.9,fixation
14:28:42.4578,422.5,603.3,fixation
14:28:42.4583,422.1,603.5,fixation
14:28:42.4588,421.5,603.4,fixation
14:28:42.4593,421.1,603.6,fixation
14:28:42.4598,420.9,603.8,fixation
14:28:42.4603,421.3,602.6,fixation
14:28:42.4608,422.2,601.2,fixation
14:28:42.4613,423.0,599.7,fixation
14:28:42.4618,423.5,599.6,fixation
14:28:42.4623,423.5,599.4,fixation
14:28:42.4628,423.5,599.2,fixation
14:28:42.4633,423.6,599.0,fixation
14:28:42.4638,423.5,599.9,fixation
14:28:42.4643,423.4,600.6,fixation
14:28:42.4648,423.0,601.3,fixation
14:28:42.4653,422.7,601.1,fixation
14:28:42.4658,422.6,601.0,fixation
14:28:42.4663,422.6,601.0,fixation
14:28:42.4668,422.5,600.9,fixation
14:28:42.4673,422.3,600.9,fixation
14:28:42.4678,422.3,601.0,fixation
14:28:42.4683,422.5,600.7,fixation
14:28:42.4688,423.1,600.5,fixation
14:28:42.4693,423.7,600.7,fixation
14:28:42.4698,424.0,601.4,fixation
14:28:42.4703,423.7,602.0,fixation
14:28:42.4708,423.4,602.4,fixation
14:28:42.4713,423.6,603.1,fixation
14:28:42.4718,424.0,604.2,fixation
14:28:42.4723,423.8,604.9,fixation
14:28:42.4728,423.4,604.1,fixation
14:28:42.4733,421.9,602.7,fixation
14:28:42.4738,421.0,601.2,fixation
14:28:42.4743,420.4,600.7,fixation
14:28:42.4748,421.1,600.3,fixation
14:28:42.4753,422.0,599.7,fixation
14:28:42.4758,422.9,599.4,fixation
14:28:42.4763,423.9,599.3,fixation
14:28:42.4768,424.7,599.6,fixation
14:28:42.4773,425.0,599.8,fixation
14:28:42.4778,425.0,599.9,fixation
14:28:42.4783,425.0,599.9,fixation
14:28:42.4788,424.9,600.6,fixation
14:28:42.4793,424.7,601.5,fixation
14:28:42.4798,424.5,602.4,fixation
14:28:42.4803,423.7,602.4,fixation
14:28:42.4808,423.0,602.1,fixation
14:28:42.4813,422.2,601.5,fixation
14:28:42.4818,422.2,600.9,fixation
14:28:42.4823,422.1,599.6,fixation
14:28:42.4828,421.9,598.4,fixation
14:28:42.4833,421.7,597.3,fixation
14:28:42.4838,422.1,596.6,fixation
14:28:42.4843,422.8,595.8,fixation
14:28:42.4848,423.4,595.2,fixation
14:28:42.4853,422.9,595.3,fixation
14:28:42.4858,422.4,595.5,fixation
14:28:42.4863,422.1,595.6,fixation
14:28:42.4868,422.3,596.1,fixation
14:28:42.4873,422.4,596.5,fixation
14:28:42.4878,422.3,597.3,fixation
14:28:42.4883,422.3,597.8,fixation
14:28:42.4888,422.5,597.9,fixation
14:28:42.4893,422.7,597.3,fixation
14:28:42.4898,422.7,596.5,fixation
14:28:42.4903,422.6,595.1,fixation
14:28:42.4908,421.9,593.9,fixation
14:28:42.4913,421.2,593.1,fixation
14:28:42.4918,420.6,593.5,fixation
14:28:42.4923,420.7,593.9,fixation
14:28:42.4928,420.9,593.9,fixation
14:28:42.4933,421.7,592.9,fixation
14:28:42.4938,422.3,591.5,fixation
14:28:42.4943,422.4,590.0,fixation
14:28:42.4948,422.2,588.7,fixation
14:28:42.4953,421.7,588.1,fixation
14:28:42.4958,421.9,587.7,fixation
14:28:42.4963,421.8,588.3,fixation
14:28:42.4968,421.8,588.7,fixation
14:28:42.4973,421.7,588.6,fixation
14:28:42.4978,421.5,588.6,fixation
14:28:42.4983,421.5,588.5,fixation
14:28:42.4988,421.7,588.0,fixation
14:28:42.4993,422.0,587.3,fixation
14:28:42.4998,422.7,586.7,fixation
14:28:42.5003,423.2,586.8,fixation
14:28:42.5008,423.7,586.9,fixation
14:28:42.5013,423.7,586.9,fixation
14:28:42.5018,423.7,587.1,fixation
14:28:42.5023,423.7,587.5,fixation
14:28:42.5028,423.6,588.8,fixation
14:28:42.5033,423.6,589.9,fixation
14:28:42.5038,423.5,590.8,fixation
14:28:42.5043,423.4,590.9,fixation
14:28:42.5048,423.4,591.1,fixation
14:28:42.5053,423.4,591.4,fixation
14:28:42.5058,423.5,590.4,fixation
14:28:42.5063,423.1,589.4,fixation
14:28:42.5068,422.6,588.4,fixation
14:28:42.5073,422.0,588.8,fixation
14:28:42.5078,421.7,589.2,fixation
14:28:42.5083,421.6,589.4,fixation
14:28:42.5088,421.5,589.5,fixation
14:28:42.5093,421.7,589.6,fixation
14:28:42.5098,421.9,589.7,fixation
14:28:42.5103,421.4,589.4,fixation
14:28:42.5108,420.8,588.6,fixation
14:28:42.5113,420.3,588.2,fixation
14:28:42.5118,420.4,588.3,fixation
14:28:42.5123,420.9,588.6,fixation
14:28:42.5128,421.3,588.5,fixation
14:28:42.5133,421.5,587.0,fixation
14:28:42.5138,421.3,585.2,fixation
14:28:42.5143,421.1,583.5,fixation
14:28:42.5148,421.3,583.3,fixation
14:28:42.5153,421.6,582.7,fixation
14:28:42.5158,421.9,582.1,fixation
14:28:42.5163,422.0,581.6,fixation
14:28:42.5168,421.9,581.7,fixation
14:28:42.5173,421.9,581.8,fixation
14:28:42.5178,422.0,581.8,fixation
14:28:42.5183,422.1,581.7,fixation
14:28:42.5188,421.8,581.1,fixation
14:28:42.5193,421.4,580.5,fixation
14:28:42.5198,421.3,579.4,fixation
14:28:42.5203,421.6,578.7,fixation
14:28:42.5208,421.9,578.1,fixation
14:28:42.5213,421.9,577.9,fixation
14:28:42.5218,422.0,577.6,fixation
14:28:42.5223,422.2,577.3,fixation
14:28:42.5228,422.4,577.0,fixation
14:28:42.5233,422.3,576.9,fixation
14:28:42.5238,421.6,576.7,fixation
14:28:42.5243,420.9,576.2,fixation
14:28:42.5248,420.3,575.6,fixation
14:28:42.5253,420.5,575.0,fixation
14:28:42.5258,420.5,574.8,fixation
14:28:42.5263,420.7,574.6,fixation
14:28:42.5268,420.9,574.6,fixation
14:28:42.5273,420.5,573.9,fixation
14:28:42.5278,420.1,572.8,fixation
14:28:42.5283,419.8,570.9,fixation
14:28:42.5288,420.1,569.6,fixation
14:28:42.5293,420.6,568.8,fixation
14:28:42.5298,420.7,569.2,fixation
14:28:42.5303,420.9,569.6,fixation
14:28:42.5308,420.8,569.8,fixation
14:28:42.5313,420.9,569.1,fixation
14:28:42.5318,420.9,568.3,fixation
14:28:42.5323,421.2,566.8,fixation
14:28:42.5328,421.3,566.0,fixation
14:28:42.5333,420.9,565.1,fixation
14:28:42.5338,420.4,565.2,fixation
14:28:42.5343,419.9,565.3,fixation
14:28:42.5348,419.8,564.3,fixation
14:28:42.5353,419.2,562.7,fixation
14:28:42.5358,418.9,560.3,fixation
14:28:42.5363,418.5,559.2,fixation
14:28:42.5368,418.7,558.7,fixation
14:28:42.5373,418.5,559.0,fixation
14:28:42.5378,418.2,559.0,fixation
14:28:42.5383,418.0,558.6,fixation
14:28:42.5388,418.0,558.3,fixation
14:28:42.5393,418.0,558.0,fixation
14:28:42.5398,417.4,557.4,fixation
14:28:42.5403,416.8,556.0,fixation
14:28:42.5408,416.0,554.9,fixation
14:28:42.5413,415.9,553.8,fixation
14:28:42.5418,415.9,553.5,fixation
14:28:42.5423,416.0,553.7,fixation
14:28:42.5428,415.9,554.2,fixation
14:28:42.5433,416.1,554.4,fixation
14:28:42.5438,416.4,554.2,fixation
14:28:42.5443,416.5,554.1,fixation
14:28:42.5448,416.2,554.8,fixation
14:28:42.5453,415.9,555.6,fixation
14:28:42.5458,415.5,556.1,fixation
14:28:42.5463,414.9,556.1,fixation
14:28:42.5468,414.2,556.0,fixation
14:28:42.5473,413.8,555.9,fixation
14:28:42.5478,413.6,555.9,fixation
14:28:42.5483,413.5,555.9,fixation
14:28:42.5488,413.4,555.7,fixation
14:28:42.5493,413.2,554.8,fixation
14:28:42.5498,413.1,553.7,fixation
14:28:42.5503,413.1,552.5,fixation
14:28:42.5508,413.2,552.0,fixation
14:28:42.5513,413.5,551.6,fixation
14:28:42.5518,413.7,551.5,fixation
14:28:42.5523,413.8,551.4,fixation
14:28:42.5528,413.7,551.4,fixation
14:28:42.5533,413.3,551.3,fixation
14:28:42.5538,413.0,551.0,fixation
14:28:42.5543,412.9,550.2,fixation
14:28:42.5548,412.6,549.5,fixation
14:28:42.5553,412.1,548.9,fixation
14:28:42.5558,411.4,549.4,fixation
14:28:42.5563,410.8,549.9,fixation
14:28:42.5568,410.5,550.5,fixation
14:28:42.5573,410.9,550.0,fixation
14:28:42.5578,411.8,549.4,fixation
14:28:42.5583,412.8,548.5,fixation
14:28:42.5588,413.3,548.4,fixation
14:28:42.5593,413.9,548.4,fixation
14:28:42.5598,414.3,548.8,fixation
14:28:42.5603,413.8,548.9,fixation
14:28:42.5608,413.0,548.4,fixation
14:28:42.5613,412.1,547.8,fixation
14:28:42.5618,412.0,547.8,fixation
14:28:42.5623,411.8,548.2,fixation
14:28:42.5628,411.6,548.5,fixation
14:28:42.5633,411.3,548.5,fixation
14:28:42.5638,411.0,548.5,fixation
14:28:42.5643,411.5,548.5,fixation
14:28:42.5648,412.4,547.4,fixation
14:28:42.5653,412.4,546.1,fixation
14:28:42.5658,411.8,545.0,fixation
14:28:42.5663,411.1,544.3,fixation
14:28:42.5668,411.2,543.7,fixation
14:28:42.5673,411.6,543.1,fixation
14:28:42.5678,412.1,543.4,fixation
14:28:42.5683,412.4,543.8,fixation
14:28:42.5688,412.4,544.1,fixation
14:28:42.5693,412.2,544.2,fixation
14:28:42.5698,412.0,544.4,fixation
14:28:42.5703,411.4,544.6,fixation
14:28:42.5708,410.8,544.5,fixation
14:28:42.5713,410.2,544.5,fixation
14:28:42.5718,410.3,544.5,fixation
14:28:42.5723,410.4,544.6,fixation
14:28:42.5728,410.6,544.7,fixation
14:28:42.5733,411.0,543.7,fixation
14:28:42.5738,411.3,542.7,fixation
14:28:42.5743,411.7,541.6,fixation
14:28:42.5748,412.1,541.5,fixation
14:28:42.5753,412.5,541.4,fixation
14:28:42.5758,412.7,541.4,fixation
14:28:42.5763,411.6,542.2,fixation
14:28:42.5768,410.5,543.1,fixation
14:28:42.5773,409.3,544.1,fixation
14:28:42.5778,409.4,544.3,fixation
14:28:42.5783,409.8,544.7,fixation
14:28:42.5788,410.3,545.2,fixation
14:28:42.5793,410.9,544.7,fixation
14:28:42.5798,411.3,543.6,fixation
14:28:42.5803,411.7,542.1,fixation
14:28:42.5808,411.9,541.1,fixation
14:28:42.5813,411.4,540.0,fixation
14:28:42.5818,410.8,539.2,fixation
14:28:42.5823,411.0,539.0,fixation
14:28:42.5828,411.6,539.0,fixation
14:28:42.5833,412.4,539.0,fixation
14:28:42.5838,412.6,538.8,fixation
14:28:42.5843,412.2,539.4,fixation
14:28:42.5848,411.6,540.3,fixation
14:28:42.5853,411.0,541.2,fixation
14:28:42.5858,410.2,541.1,fixation
14:28:42.5863,409.7,539.9,fixation
14:28:42.5868,410.0,538.9,fixation
14:28:42.5873,411.2,538.0,fixation
14:28:42.5878,412.0,538.2,fixation
14:28:42.5883,411.9,538.2,fixation
14:28:42.5888,411.9,538.4,fixation
14:28:42.5893,411.9,538.5,fixation
14:28:42.5898,412.4,537.9,fixation
14:28:42.5903,412.9,537.1,fixation
14:28:42.5908,413.0,537.7,fixation
14:28:42.5913,412.3,539.1,fixation
14:28:42.5918,411.5,540.6,fixation
14:28:42.5923,410.9,540.8,fixation
14:28:42.5928,410.8,540.8,fixation
14:28:42.5933,410.9,540.5,fixation
14:28:42.5938,411.6,539.9,fixation
14:28:42.5943,412.4,539.3,fixation
14:28:42.5948,413.0,537.7,fixation
14:28:42.5953,413.4,535.3,fixation
14:28:42.5958,413.8,533.2,fixation
14:28:42.5963,414.2,532.0,fixation
14:28:42.5968,414.2,531.7,fixation
14:28:42.5973,414.0,532.4,fixation
14:28:42.5978,412.8,534.0,fixation
14:28:42.5983,411.1,535.8,fixation
14:28:42.5988,409.5,537.3,fixation
14:28:42.5993,409.6,538.5,fixation
14:28:42.5998,410.4,539.0,fixation
14:28:42.6003,411.7,537.7,fixation
14:28:42.6008,412.1,536.2,fixation
14:28:42.6013,412.2,535.0,fixation
14:28:42.6018,412.0,535.0,fixation
14:28:42.6023,411.8,534.9,fixation
14:28:42.6028,411.9,534.6,fixation
14:28:42.6033,412.2,533.5,fixation
14:28:42.6038,412.5,532.5,fixation
14:28:42.6043,412.6,531.6,fixation
14:28:42.6048,412.5,532.2,fixation
14:28:42.6053,412.1,533.7,fixation
14:28:42.6058,411.8,535.2,fixation
14:28:42.6063,411.6,536.2,fixation
14:28:42.6068,411.6,536.2,fixation
14:28:42.6073,411.5,536.3,fixation
14:28:42.6078,411.6,535.2,fixation
14:28:42.6083,411.5,533.9,fixation
14:28:42.6088,411.5,532.4,fixation
14:28:42.6093,412.0,531.9,fixation
14:28:42.6098,412.7,531.6,fixation
14:28:42.6103,413.9,531.4,fixation
14:28:42.6108,414.4,531.1,fixation
14:28:42.6113,414.8,530.9,fixation
14:28:42.6118,413.9,530.9,fixation
14:28:42.6123,412.9,530.8,fixation
14:28:42.6128,412.2,530.8,fixation
14:28:42.6133,412.0,532.2,fixation
14:28:42.6138,411.7,533.6,fixation
14:28:42.6143,411.4,535.0,fixation
14:28:42.6148,411.1,535.8,fixation
14:28:42.6153,410.9,536.6,fixation
14:28:42.6158,410.9,536.5,fixation
14:28:42.6163,411.0,535.5,fixation
14:28:42.6168,411.1,534.1,fixation
14:28:42.6173,411.0,532.8,fixation
14:28:42.6178,410.9,531.6,fixation
14:28:42.6183,411.1,530.8,fixation
14:28:42.6188,411.3,530.9,fixation
14:28:42.6193,411.7,531.0,fixation
14:28:42.6198,412.1,530.5,fixation
14:28:42.6203,412.0,530.3,fixation
14:28:42.6208,411.6,530.2,fixation
14:28:42.6213,411.1,530.7,fixation
14:28:42.6218,410.6,531.7,fixation
14:28:42.6223,410.2,532.6,fixation
14:28:42.6228,409.6,533.5,fixation
14:28:42.6233,408.8,533.1,fixation
14:28:42.6238,408.0,532.6,fixation
14:28:42.6243,408.3,532.3,fixation
14:28:42.6248,409.1,532.4,fixation
14:28:42.6253,409.3,532.5,fixation
14:28:42.6258,408.5,532.5,fixation
14:28:42.6263,407.8,532.4,fixation
14:28:42.6268,408.2,532.6,fixation
14:28:42.6273,409.2,531.3,fixation
14:28:42.6278,410.0,530.2,fixation
14:28:42.6283,410.7,529.1,fixation
14:28:42.6288,411.0,529.2,fixation
14:28:42.6293,411.2,529.1,fixation
14:28:42.6298,411.3,528.5,fixation
14:28:42.6303,411.3,528.0,fixation
14:28:42.6308,411.4,527.7,fixation
14:28:42.6313,412.0,528.2,fixation
14:28:42.6318,412.4,529.5,fixation
14:28:42.6323,412.7,530.6,fixation
14:28:42.6328,412.3,531.5,fixation
14:28:42.6333,412.1,531.4,fixation
14:28:42.6338,412.6,530.7,fixation
14:28:42.6343,413.0,529.9,fixation
14:28:42.6348,413.4,529.0,fixation
14:28:42.6353,413.5,528.8,fixation
14:28:42.6358,413.7,528.6,fixation
14:28:42.6363,414.0,527.8,fixation
14:28:42.6368,414.2,527.0,fixation
14:28:42.6373,414.0,526.4,fixation
14:28:42.6378,413.7,526.8,fixation
14:28:42.6383,413.5,527.0,fixation
14:28:42.6388,413.6,525.8,fixation
14:28:42.6393,413.5,524.4,fixation
14:28:42.6398,413.3,523.2,fixation
14:28:42.6403,413.2,523.6,fixation
14:28:42.6408,413.4,525.3,fixation
14:28:42.6413,413.7,526.6,fixation
14:28:42.6418,414.0,527.6,fixation
14:28:42.6423,414.0,528.0,fixation
14:28:42.6428,413.8,529.1,fixation
14:28:42.6433,413.6,530.3,fixation
14:28:42.6438,413.3,530.8,fixation
14:28:42.6443,413.1,530.7,fixation
14:28:42.6448,413.0,530.2,fixation
14:28:42.6453,412.8,529.8,fixation
14:28:42.6458,412.7,529.3,fixation
14:28:42.6463,412.6,528.7,fixation
14:28:42.6468,412.6,528.0,fixation
14:28:42.6473,412.8,527.3,fixation
14:28:42.6478,413.1,527.3,fixation
14:28:42.6483,413.8,527.3,fixation
14:28:42.6488,414.7,527.1,fixation
14:28:42.6493,415.8,526.9,fixation
14:28:42.6498,416.6,526.7,fixation
14:28:42.6503,416.9,527.0,fixation
14:28:42.6508,417.0,527.9,fixation
14:28:42.6513,417.1,528.6,fixation
14:28:42.6518,417.2,529.2,fixation
14:28:42.6523,417.3,529.1,fixation
14:28:42.6528,417.0,528.8,fixation
14:28:42.6533,416.7,528.5,fixation
14:28:42.6538,416.5,528.5,fixation
14:28:42.6543,416.7,529.7,fixation
14:28:42.6548,416.8,531.0,fixation
14:28:42.6553,416.4,532.3,fixation
14:28:42.6558,415.8,533.3,fixation
14:28:42.6563,416.2,534.2,fixation
14:28:42.6568,417.3,535.8,fixation
14:28:42.6573,418.6,536.8,fixation
14:28:42.6578,419.0,537.5,fixation
14:28:42.6583,418.6,537.5,fixation
14:28:42.6588,418.3,537.5,fixation
14:28:42.6593,417.9,537.9,fixation
14:28:42.6598,417.7,538.5,fixation
14:28:42.6603,417.6,539.2,fixation
14:28:42.6608,417.6,539.8,fixation
14:28:42.6613,418.0,540.2,fixation
14:28:42.6618,418.5,540.4,fixation
14:28:42.6623,419.0,541.0,fixation
14:28:42.6628,419.7,542.0,fixation
14:28:42.6633,420.2,543.0,fixation
14:28:42.6638,420.4,543.3,fixation
14:28:42.6643,420.2,543.0,fixation
14:28:42.6648,420.1,542.6,fixation
14:28:42.6653,420.2,542.3,fixation
14:28:42.6658,420.1,542.3,fixation
14:28:42.6663,419.7,543.4,fixation
14:28:42.6668,419.4,544.5,fixation
14:28:42.6673,418.9,545.7,fixation
14:28:42.6678,418.5,545.9,fixation
14:28:42.6683,418.6,546.5,fixation
14:28:42.6688,418.9,547.0,fixation
14:28:42.6693,419.3,547.0,fixation
14:28:42.6698,419.4,546.7,fixation
14:28:42.6703,420.4,546.6,fixation
14:28:42.6708,421.5,546.1,fixation
14:28:42.6713,422.3,545.6,fixation
14:28:42.6718,421.9,544.9,fixation
14:28:42.6723,421.4,544.9,fixation
14:28:42.6728,421.0,544.9,fixation
14:28:42.6733,420.5,544.9,fixation
14:28:42.6738,419.7,544.9,fixation
14:28:42.6743,419.3,545.0,fixation
14:28:42.6748,419.1,545.2,fixation
14:28:42.6753,419.4,545.4,fixation
14:28:42.6758,419.4,545.9,fixation
14:28:42.6763,419.4,546.3,fixation
14:28:42.6768,419.1,546.0,fixation
14:28:42.6773,419.0,545.4,fixation
14:28:42.6778,418.9,544.8,fixation
14:28:42.6783,418.6,544.7,fixation
14:28:42.6788,418.1,545.6,fixation
14:28:42.6793,418.0,546.6,fixation
14:28:42.6798,418.0,547.5,fixation
14:28:42.6803,418.3,547.5,fixation
14:28:42.6808,418.4,547.5,fixation
14:28:42.6813,418.7,546.9,saccade
14:28:42.6818,418.5,546.5,saccade
14:28:42.6823,417.7,545.7,saccade
14:28:42.6828,416.8,545.0,saccade
14:28:42.6833,416.7,545.5,saccade
14:28:42.6838,417.1,546.5,saccade
14:28:42.6843,417.5,547.6,saccade
14:28:42.6848,417.5,547.6,saccade
14:28:42.6853,416.5,547.5,saccade
14:28:42.6858,415.4,548.3,saccade
14:28:42.6863,414.0,549.0,saccade
14:28:42.6868,413.4,550.0,saccade
14:28:42.6873,412.0,550.0,saccade
14:28:42.6878,410.0,550.1,saccade
14:28:42.6883,407.2,549.9,saccade
14:28:42.6888,404.1,552.2,saccade
14:28:42.6893,401.5,554.3,saccade
14:28:42.6898,399.3,556.5,saccade
14:28:42.6903,397.6,556.3,saccade
14:28:42.6908,395.2,556.0,saccade
14:28:42.6913,392.1,556.8,saccade
14:28:42.6918,389.5,557.8,saccade
14:28:42.6923,386.2,558.9,saccade
14:28:42.6928,383.9,559.8,saccade
14:28:42.6933,381.6,560.8,saccade
14:28:42.6938,380.5,561.8,saccade
14:28:42.6943,378.5,561.8,saccade
14:28:42.6948,375.6,562.9,saccade
14:28:42.6953,373.1,564.0,saccade
14:28:42.6958,371.3,565.2,saccade
14:28:42.6963,369.6,565.1,saccade
14:28:42.6968,367.6,566.0,saccade
14:28:42.6973,365.5,566.7,saccade
14:28:42.6978,363.2,568.4,saccade
14:28:42.6983,360.9,568.9,saccade
14:28:42.6988,358.9,569.2,saccade
14:28:42.6993,357.8,568.7,saccade
14:28:42.6998,356.9,568.4,saccade
14:28:42.7003,355.8,570.3,saccade
14:28:42.7008,354.7,572.1,saccade
14:28:42.7013,354.1,573.9,saccade
14:28:42.7018,354.2,573.7,saccade
14:28:42.7023,354.2,572.9,saccade
14:28:42.7028,354.2,572.3,saccade
14:28:42.7033,354.9,572.8,saccade
14:28:42.7038,356.4,574.0,saccade
14:28:42.7043,358.4,575.3,saccade
14:28:42.7048,359.6,575.5,saccade
14:28:42.7053,361.3,575.1,saccade
14:28:42.7058,362.6,574.6,saccade
14:28:42.7063,364.2,574.2,saccade
14:28:42.7068,365.2,574.3,saccade
14:28:42.7073,367.1,574.8,saccade
14:28:42.7078,368.8,575.2,saccade
14:28:42.7083,370.1,575.4,saccade
14:28:42.7088,371.5,575.6,saccade
14:28:42.7093,373.1,575.8,saccade
14:28:42.7098,374.8,575.6,saccade
14:28:42.7103,375.4,575.0,saccade
14:28:42.7108,376.1,574.4,saccade
14:28:42.7113,377.4,574.2,saccade
14:28:42.7118,378.7,574.1,saccade
14:28:42.7123,380.0,573.8,saccade
14:28:42.7128,380.6,572.9,saccade
14:28:42.7133,381.5,571.5,saccade
14:28:42.7138,382.3,570.4,saccade
14:28:42.7143,383.0,570.0,saccade
14:28:42.7148,382.6,569.6,fixation
14:28:42.7153,381.8,569.1,fixation
14:28:42.7158,381.5,568.5,fixation
14:28:42.7163,382.2,568.3,fixation
14:28:42.7168,382.3,568.2,fixation
14:28:42.7173,382.0,567.4,fixation
14:28:42.7178,381.1,565.1,fixation
14:28:42.7183,380.6,562.9,fixation
14:28:42.7188,379.7,562.6,fixation
14:28:42.7193,379.3,563.6,fixation
14:28:42.7198,378.7,564.6,fixation
14:28:42.7203,377.8,563.1,fixation
14:28:42.7208,377.2,561.6,fixation
14:28:42.7213,376.2,560.1,fixation
14:28:42.7218,375.4,560.1,fixation
14:28:42.7223,374.5,560.1,fixation
14:28:42.7228,374.2,560.2,fixation
14:28:42.7233,374.2,560.0,fixation
14:28:42.7238,374.2,559.8,fixation
14:28:42.7243,374.1,559.3,fixation
14:28:42.7248,374.1,558.9,fixation
14:28:42.7253,374.2,558.7,fixation
14:28:42.7258,374.3,558.8,fixation
14:28:42.7263,374.3,559.1,fixation
14:28:42.7268,374.4,559.4,fixation
14:28:42.7273,374.4,559.7,fixation
14:28:42.7278,374.4,559.3,fixation
14:28:42.7283,374.2,558.7,fixation
14:28:42.7288,374.5,558.4,fixation
14:28:42.7293,375.0,558.7,fixation
14:28:42.7298,375.3,558.9,fixation
14:28:42.7303,375.1,559.5,fixation
14:28:42.7308,375.5,560.2,fixation
14:28:42.7313,376.3,561.0,fixation
14:28:42.7318,377.2,561.8,fixation
14:28:42.7323,376.9,562.5,fixation
14:28:42.7328,376.1,563.1,fixation
14:28:42.7333,375.4,562.8,fixation
14:28:42.7338,375.2,562.5,fixation
14:28:42.7343,376.1,563.8,fixation
14:28:42.7348,377.0,565.1,fixation
14:28:42.7353,377.2,566.3,fixation
14:28:42.7358,376.5,566.2,fixation
14:28:42.7363,375.8,566.3,fixation
14:28:42.7368,376.0,566.8,fixation
14:28:42.7373,376.2,567.2,fixation
14:28:42.7378,376.6,566.7,fixation
14:28:42.7383,376.0,565.5,fixation
14:28:42.7388,375.4,564.3,fixation
14:28:42.7393,374.7,563.9,fixation
14:28:42.7398,374.7,564.0,fixation
14:28:42.7403,374.4,565.3,fixation
14:28:42.7408,374.1,566.6,fixation
14:28:42.7413,373.9,567.1,fixation
14:28:42.7418,373.7,566.4,fixation
14:28:42.7423,373.5,565.7,fixation
14:28:42.7428,373.3,565.5,fixation
14:28:42.7433,373.9,564.0,fixation
14:28:42.7438,373.9,562.3,fixation
14:28:42.7443,373.7,560.6,fixation
14:28:42.7448,373.1,560.5,fixation
14:28:42.7453,373.0,560.5,fixation
14:28:42.7458,372.8,560.5,fixation
14:28:42.7463,372.8,559.9,fixation
14:28:42.7468,373.3,559.4,fixation
14:28:42.7473,373.9,558.5,fixation
14:28:42.7478,373.7,558.1,fixation
14:28:42.7483,373.0,558.1,fixation
14:28:42.7488,372.0,558.4,fixation
14:28:42.7493,371.9,558.7,fixation
14:28:42.7498,372.2,558.6,fixation
14:28:42.7503,372.2,559.2,fixation
14:28:42.7508,372.1,560.1,fixation
14:28:42.7513,371.7,560.9,fixation
14:28:42.7518,371.6,562.7,fixation
14:28:42.7523,371.6,564.1,fixation
14:28:42.7528,371.7,565.0,fixation
14:28:42.7533,371.6,563.9,fixation
14:28:42.7538,371.6,563.2,fixation
14:28:42.7543,371.6,563.4,fixation
14:28:42.7548,371.3,564.0,fixation
14:28:42.7553,371.0,565.0,fixation
14:28:42.7558,370.3,566.7,fixation
14:28:42.7563,369.9,568.2,fixation
14:28:42.7568,370.2,568.4,fixation
14:28:42.7573,370.7,567.2,fixation
14:28:42.7578,371.0,566.1,fixation
14:28:42.7583,370.4,566.4,fixation
14:28:42.7588,370.6,566.8,fixation
14:28:42.7593,371.3,565.9,fixation
14:28:42.7598,372.2,564.8,fixation
14:28:42.7603,373.7,563.4,fixation
14:28:42.7608,374.9,563.3,fixation
14:28:42.7613,375.7,563.1,fixation
14:28:42.7618,375.2,562.8,fixation
14:28:42.7623,374.6,562.5,fixation
14:28:42.7628,374.3,562.2,fixation
14:28:42.7633,374.4,561.4,fixation
14:28:42.7638,374.6,560.7,fixation
14:28:42.7643,374.8,559.7,fixation
14:28:42.7648,374.9,559.5,fixation
14:28:42.7653,375.1,559.2,fixation
14:28:42.7658,375.2,558.8,fixation
14:28:42.7663,375.2,558.5,fixation
14:28:42.7668,374.9,559.2,fixation
14:28:42.7673,374.7,560.0,fixation
14:28:42.7678,374.6,560.9,fixation
14:28:42.7683,374.7,560.8,fixation
14:28:42.7688,374.6,561.8,fixation
14:28:42.7693,374.3,562.7,fixation
14:28:42.7698,374.0,563.5,fixation
14:28:42.7703,373.9,563.7,fixation
14:28:42.7708,373.7,565.0,fixation
14:28:42.7713,373.4,566.8,fixation
14:28:42.7718,373.1,568.3,fixation
14:28:42.7723,373.4,569.0,fixation
14:28:42.7728,374.0,569.1,fixation
14:28:42.7733,374.4,569.1,fixation
14:28:42.7738,374.5,569.0,fixation
14:28:42.7743,374.5,568.9,fixation
14:28:42.7748,374.6,568.7,fixation
14:28:42.7753,374.6,568.6,fixation
14:28:42.7758,374.7,568.2,fixation
14:28:42.7763,374.6,567.7,fixation
14:28:42.7768,374.7,566.6,fixation
14:28:42.7773,374.6,565.8,fixation
14:28:42.7778,374.6,565.1,fixation
14:28:42.7783,374.4,565.1,fixation
14:28:42.7788,374.5,564.7,fixation
14:28:42.7793,374.7,564.1,fixation
14:28:42.7798,374.7,563.4,fixation
14:28:42.7803,374.6,562.8,fixation
14:28:42.7808,374.4,562.3,fixation
14:28:42.7813,374.6,561.6,fixation
14:28:42.7818,374.8,560.7,fixation
14:28:42.7823,375.0,560.0,fixation
14:28:42.7828,374.9,559.7,fixation
14:28:42.7833,374.8,559.6,fixation
14:28:42.7838,374.8,560.2,fixation
14:28:42.7843,374.9,560.7,fixation
14:28:42.7848,375.0,561.3,fixation
14:28:42.7853,375.4,561.4,fixation
14:28:42.7858,375.8,561.6,fixation
14:28:42.7863,376.2,562.1,fixation
14:28:42.7868,375.7,563.7,fixation
14:28:42.7873,375.3,565.0,fixation
14:28:42.7878,374.9,566.0,fixation
14:28:42.7883,374.8,566.0,fixation
14:28:42.7888,374.6,566.4,fixation
14:28:42.7893,374.3,567.1,fixation
14:28:42.7898,374.3,567.7,fixation
14:28:42.7903,374.5,567.0,fixation
14:28:42.7908,374.8,566.1,fixation
14:28:42.7913,375.2,566.2,fixation
14:28:42.7918,375.3,567.3,fixation
14:28:42.7923,375.0,568.3,fixation
14:28:42.7928,374.5,568.4,fixation
14:28:42.7933,373.8,568.5,fixation
14:28:42.7938,373.7,568.6,fixation
14:28:42.7943,374.0,567.5,fixation
14:28:42.7948,374.4,566.2,fixation
14:28:42.7953,374.5,565.3,fixation
14:28:42.7958,373.9,565.6,fixation
14:28:42.7963,373.2,566.0,fixation
14:28:42.7968,373.5,565.6,fixation
14:28:42.7973,374.1,565.0,fixation
14:28:42.7978,375.0,563.7,fixation
14:28:42.7983,375.3,562.6,fixation
14:28:42.7988,375.4,561.6,fixation
14:28:42.7993,375.3,561.3,fixation
14:28:42.7998,375.1,561.1,fixation
14:28:42.8003,375.3,561.3,fixation
14:28:42.8008,375.4,561.3,fixation
14:28:42.8013,375.3,560.9,fixation
14:28:42.8018,375.1,560.4,fixation
14:28:42.8023,374.5,559.8,fixation
14:28:42.8028,374.3,559.5,fixation
14:28:42.8033,373.9,559.3,fixation
14:28:42.8038,373.8,559.0,fixation
14:28:42.8043,373.7,558.7,fixation
14:28:42.8048,374.0,558.8,fixation
14:28:42.8053,374.8,559.4,fixation
14:28:42.8058,375.7,559.2,fixation
14:28:42.8063,376.5,558.2,fixation
14:28:42.8068,376.7,557.0,fixation
14:28:42.8073,376.8,556.4,fixation
14:28:42.8078,376.8,556.4,fixation
14:28:42.8083,376.8,556.2,fixation
14:28:42.8088,376.9,556.0,fixation
14:28:42.8093,376.9,555.8,fixation
14:28:42.8098,377.0,556.1,fixation
14:28:42.8103,377.2,556.6,fixation
14:28:42.8108,377.2,557.1,fixation
14:28:42.8113,377.5,556.7,fixation
14:28:42.8118,377.7,556.0,fixation
14:28:42.8123,377.6,555.1,fixation
14:28:42.8128,377.3,554.6,fixation
14:28:42.8133,376.9,554.3,fixation
14:28:42.8138,376.8,554.5,fixation
14:28:42.8143,376.8,555.3,fixation
14:28:42.8148,376.8,555.9,fixation
14:28:42.8153,376.7,555.8,fixation
14:28:42.8158,376.7,555.1,fixation
14:28:42.8163,377.0,554.4,fixation
14:28:42.8168,378.1,554.2,fixation
14:28:42.8173,379.0,554.2,fixation
14:28:42.8178,379.7,554.2,fixation
14:28:42.8183,379.8,554.2,fixation
14:28:42.8188,379.8,554.1,fixation
14:28:42.8193,379.8,554.3,fixation
14:28:42.8198,379.7,554.4,fixation
14:28:42.8203,379.0,554.4,fixation
14:28:42.8208,378.3,554.3,fixation
14:28:42.8213,377.8,554.2,fixation
14:28:42.8218,378.0,554.7,fixation
14:28:42.8223,378.2,555.3,fixation
14:28:42.8228,378.4,554.9,fixation
14:28:42.8233,378.0,553.8,fixation
14:28:42.8238,377.5,552.7,fixation
14:28:42.8243,376.8,552.7,fixation
14:28:42.8248,376.9,553.2,fixation
14:28:42.8253,377.0,554.4,fixation
14:28:42.8258,377.2,555.5,fixation
14:28:42.8263,377.2,555.6,fixation
14:28:42.8268,377.0,554.9,fixation
14:28:42.8273,376.7,554.2,fixation
14:28:42.8278,376.7,553.6,fixation
14:28:42.8283,376.8,553.1,fixation
14:28:42.8288,376.9,553.0,fixation
14:28:42.8293,376.8,553.5,fixation
14:28:42.8298,376.4,553.7,fixation
14:28:42.8303,376.0,553.8,fixation
14:28:42.8308,375.7,553.7,fixation
14:28:42.8313,375.8,553.8,fixation
14:28:42.8318,375.8,554.0,fixation
14:28:42.8323,375.9,554.5,fixation
14:28:42.8328,376.3,554.5,fixation
14:28:42.8333,376.9,553.9,fixation
14:28:42.8338,377.4,553.0,fixation
14:28:42.8343,377.5,552.6,fixation
14:28:42.8348,377.5,552.2,fixation
14:28:42.8353,377.7,552.2,fixation
14:28:42.8358,377.8,552.5,fixation
14:28:42.8363,377.8,552.7,fixation
14:28:42.8368,377.7,552.7,fixation
14:28:42.8373,378.0,552.7,fixation
14:28:42.8378,378.5,553.3,fixation
14:28:42.8383,378.9,553.9,fixation
14:28:42.8388,379.2,553.6,fixation
14:28:42.8393,379.0,552.8,fixation
14:28:42.8398,378.6,552.4,fixation
14:28:42.8403,378.2,553.1,fixation
14:28:42.8408,378.3,554.0,fixation
14:28:42.8413,378.5,553.0,saccade
14:28:42.8418,378.2,551.6,saccade
14:28:42.8423,377.2,550.2,saccade
14:28:42.8428,376.0,548.5,saccade
14:28:42.8433,374.6,547.5,saccade
14:28:42.8438,373.7,547.1,saccade
14:28:42.8443,373.4,546.4,saccade
14:28:42.8448,372.1,544.8,saccade
14:28:42.8453,370.9,542.6,saccade
14:28:42.8458,370.1,540.6,saccade
14:28:42.8463,370.4,539.4,saccade
14:28:42.8468,370.1,538.1,saccade
14:28:42.8473,368.9,535.4,saccade
14:28:42.8478,367.8,532.2,saccade
14:28:42.8483,366.3,529.6,saccade
14:28:42.8488,365.6,528.3,saccade
14:28:42.8493,364.5,527.4,saccade
14:28:42.8498,364.6,526.1,saccade
14:28:42.8503,364.6,525.3,saccade
14:28:42.8508,364.9,524.4,saccade
14:28:42.8513,365.1,523.5,saccade
14:28:42.8518,365.7,521.6,saccade
14:28:42.8523,366.8,520.0,saccade
14:28:42.8528,368.3,520.0,saccade
14:28:42.8533,369.4,521.0,saccade
14:28:42.8538,369.6,521.7,saccade
14:28:42.8543,369.3,521.1,saccade
14:28:42.8548,369.7,520.2,saccade
14:28:42.8553,370.5,519.5,saccade
14:28:42.8558,371.8,522.0,saccade
14:28:42.8563,372.5,524.7,saccade
14:28:42.8568,373.2,527.4,saccade
14:28:42.8573,373.2,527.3,saccade
14:28:42.8578,373.1,527.7,saccade
14:28:42.8583,372.7,528.9,saccade
14:28:42.8588,372.6,530.6,saccade
14:28:42.8593,372.7,532.8,saccade
14:28:42.8598,372.5,536.4,saccade
14:28:42.8603,373.0,540.0,saccade
14:28:42.8608,374.2,540.8,fixation
14:28:42.8613,373.3,542.0,fixation
14:28:42.8618,372.0,544.5,fixation
14:28:42.8623,371.3,547.1,fixation
14:28:42.8628,371.0,547.6,fixation
14:28:42.8633,371.6,548.9,fixation
14:28:42.8638,372.1,550.9,fixation
14:28:42.8643,372.0,552.7,fixation
14:28:42.8648,371.6,552.2,fixation
14:28:42.8653,371.5,550.3,fixation
14:28:42.8658,372.1,548.6,fixation
14:28:42.8663,372.2,548.7,fixation
14:28:42.8668,371.9,549.6,fixation
14:28:42.8673,371.7,549.6,fixation
14:28:42.8678,372.0,547.3,fixation
14:28:42.8683,372.4,545.0,fixation
14:28:42.8688,372.7,543.4,fixation
14:28:42.8693,372.7,543.1,fixation
14:28:42.8698,372.4,542.8,fixation
14:28:42.8703,371.7,542.7,fixation
14:28:42.8708,371.1,542.0,fixation
14:28:42.8713,371.7,541.5,fixation
14:28:42.8718,372.7,541.1,fixation
14:28:42.8723,373.0,541.3,fixation
14:28:42.8728,372.4,541.3,fixation
14:28:42.8733,372.1,540.3,fixation
14:28:42.8738,372.7,539.4,fixation
14:28:42.8743,373.5,538.5,fixation
14:28:42.8748,373.9,538.5,fixation
14:28:42.8753,373.7,538.4,fixation
14:28:42.8758,373.4,538.3,fixation
14:28:42.8763,373.3,538.2,fixation
14:28:42.8768,373.4,538.4,fixation
14:28:42.8773,373.4,538.6,fixation
14:28:42.8778,372.6,538.7,fixation
14:28:42.8783,371.1,538.3,fixation
14:28:42.8788,369.7,537.9,fixation
14:28:42.8793,369.5,537.5,fixation
14:28:42.8798,370.0,537.5,fixation
14:28:42.8803,370.3,539.0,fixation
14:28:42.8808,370.2,540.5,fixation
14:28:42.8813,370.4,541.9,fixation
14:28:42.8818,370.8,542.0,fixation
14:28:42.8823,370.8,543.0,fixation
14:28:42.8828,370.3,544.4,fixation
14:28:42.8833,369.8,545.8,fixation
14:28:42.8838,369.7,545.5,fixation
14:28:42.8843,369.6,544.8,fixation
14:28:42.8848,369.5,544.0,fixation
14:28:42.8853,369.4,544.0,fixation
14:28:42.8858,369.4,544.0,fixation
14:28:42.8863,369.5,544.0,fixation
14:28:42.8868,369.2,544.0,fixation
14:28:42.8873,369.1,543.9,fixation
14:28:42.8878,369.1,544.0,fixation
14:28:42.8883,369.5,543.3,fixation
14:28:42.8888,369.7,542.8,fixation
14:28:42.8893,369.5,542.5,fixation
14:28:42.8898,369.9,543.0,fixation
14:28:42.8903,370.7,542.9,fixation
14:28:42.8908,371.4,542.6,fixation
14:28:42.8913,371.4,541.4,fixation
14:28:42.8918,371.4,540.7,fixation
14:28:42.8923,371.8,539.2,fixation
14:28:42.8928,372.3,538.4,fixation
14:28:42.8933,372.7,537.5,fixation
14:28:42.8938,372.9,537.4,fixation
14:28:42.8943,372.4,537.1,fixation
14:28:42.8948,371.9,536.3,fixation
14:28:42.8953,371.9,535.7,fixation
14:28:42.8958,372.4,535.9,fixation
14:28:42.8963,372.9,536.6,fixation
14:28:42.8968,373.3,536.1,fixation
14:28:42.8973,374.2,535.1,fixation
14:28:42.8978,374.9,534.2,fixation
14:28:42.8983,374.2,534.9,fixation
14:28:42.8988,373.1,535.6,fixation
14:28:42.8993,372.2,536.0,fixation
14:28:42.8998,372.3,535.7,fixation
14:28:42.9003,372.4,535.4,fixation
14:28:42.9008,372.4,535.4,fixation
14:28:42.9013,372.2,535.7,fixation
14:28:42.9018,371.9,536.1,fixation
14:28:42.9023,372.2,536.6,fixation
14:28:42.9028,372.9,536.8,fixation
14:28:42.9033,373.5,537.0,fixation
14:28:42.9038,373.4,537.2,fixation
14:28:42.9043,373.4,537.5,fixation
14:28:42.9048,373.1,538.6,fixation
14:28:42.9053,373.1,539.7,fixation
14:28:42.9058,373.1,540.7,fixation
14:28:42.9063,373.3,540.7,fixation
14:28:42.9068,373.4,540.7,fixation
14:28:42.9073,373.4,540.6,fixation
14:28:42.9078,373.2,541.2,fixation
14:28:42.9083,372.9,541.9,fixation
14:28:42.9088,373.0,542.7,fixation
14:28:42.9093,373.3,543.6,fixation
14:28:42.9098,373.7,544.4,fixation
14:28:42.9103,372.7,545.0,fixation
14:28:42.9108,371.5,544.6,fixation
14:28:42.9113,370.4,544.0,fixation
14:28:42.9118,370.6,543.9,fixation
14:28:42.9123,371.0,544.0,fixation
14:28:42.9128,371.2,544.7,fixation
14:28:42.9133,371.3,545.2,fixation
14:28:42.9138,371.7,544.6,fixation
14:28:42.9143,372.2,543.6,fixation
14:28:42.9148,372.2,543.2,fixation
14:28:42.9153,372.1,543.9,fixation
14:28:42.9158,371.8,544.9,fixation
14:28:42.9163,371.7,545.2,fixation
14:28:42.9168,371.3,545.0,fixation
14:28:42.9173,370.9,544.4,fixation
14:28:42.9178,370.9,544.9,fixation
14:28:42.9183,371.2,546.0,fixation
14:28:42.9188,371.1,546.6,fixation
14:28:42.9193,370.7,546.2,fixation
14:28:42.9198,370.3,545.8,fixation
14:28:42.9203,370.4,545.7,fixation
14:28:42.9208,370.0,545.5,fixation
14:28:42.9213,369.8,545.3,fixation
14:28:42.9218,369.7,545.0,fixation
14:28:42.9223,370.0,544.9,fixation
14:28:42.9228,370.2,544.8,fixation
14:28:42.9233,370.4,544.3,fixation
14:28:42.9238,370.6,543.7,fixation
14:28:42.9243,370.1,543.0,fixation
14:28:42.9248,369.5,542.9,fixation
14:28:42.9253,368.7,543.1,fixation
14:28:42.9258,368.5,543.3,fixation
14:28:42.9263,368.5,543.0,fixation
14:28:42.9268,368.7,542.1,fixation
14:28:42.9273,369.4,541.4,fixation
14:28:42.9278,370.0,540.9,fixation
14:28:42.9283,370.1,540.7,fixation
14:28:42.9288,369.7,540.6,fixation
14:28:42.9293,369.4,540.5,fixation
14:28:42.9298,369.5,540.3,fixation
14:28:42.9303,369.8,540.2,fixation
14:28:42.9308,370.0,540.3,fixation
14:28:42.9313,370.2,540.1,fixation
14:28:42.9318,370.3,539.9,fixation
14:28:42.9323,370.3,539.9,fixation
14:28:42.9328,369.9,540.1,fixation
14:28:42.9333,369.5,539.6,fixation
14:28:42.9338,369.3,539.1,fixation
14:28:42.9343,369.4,538.6,fixation
14:28:42.9348,369.4,538.6,fixation
14:28:42.9353,369.2,538.6,fixation
14:28:42.9358,369.0,538.7,fixation
14:28:42.9363,368.9,538.7,fixation
14:28:42.9368,368.6,538.6,fixation
14:28:42.9373,368.4,538.2,fixation
14:28:42.9378,368.3,537.8,fixation
14:28:42.9383,368.6,537.4,fixation
14:28:42.9388,368.8,537.2,fixation
14:28:42.9393,369.0,537.2,fixation
14:28:42.9398,369.4,537.3,fixation
14:28:42.9403,369.9,537.5,fixation
14:28:42.9408,370.1,537.1,fixation
14:28:42.9413,369.9,536.2,fixation
14:28:42.9418,369.8,535.2,fixation
14:28:42.9423,370.1,534.5,fixation
14:28:42.9428,370.4,534.0,fixation
14:28:42.9433,370.6,533.9,fixation
14:28:42.9438,370.4,534.5,fixation
14:28:42.9443,369.9,535.5,fixation
14:28:42.9448,369.1,536.3,fixation
14:28:42.9453,368.4,536.5,fixation
14:28:42.9458,367.8,536.0,fixation
14:28:42.9463,368.4,535.0,fixation
14:28:42.9468,369.3,534.5,fixation
14:28:42.9473,369.2,534.2,fixation
14:28:42.9478,368.3,534.3,fixation
14:28:42.9483,367.5,534.1,fixation
14:28:42.9488,367.6,533.7,fixation
14:28:42.9493,367.8,533.4,fixation
14:28:42.9498,368.0,533.1,fixation
14:28:42.9503,368.1,533.0,fixation
14:28:42.9508,368.1,532.9,fixation
14:28:42.9513,368.1,532.8,fixation
14:28:42.9518,368.0,532.8,fixation
14:28:42.9523,367.8,533.0,fixation
14:28:42.9528,367.7,533.1,fixation
14:28:42.9533,367.9,532.7,fixation
14:28:42.9538,368.2,532.1,fixation
14:28:42.9543,368.3,531.8,fixation
14:28:42.9548,367.9,532.6,fixation
14:28:42.9553,367.8,533.5,fixation
14:28:42.9558,367.7,533.9,fixation
14:28:42.9563,367.8,533.9,fixation
14:28:42.9568,367.7,534.9,fixation
14:28:42.9573,367.9,536.0,fixation
14:28:42.9578,368.1,536.5,fixation
14:28:42.9583,368.7,535.9,fixation
14:28:42.9588,369.2,535.2,fixation
14:28:42.9593,369.6,535.1,fixation
14:28:42.9598,369.3,535.4,fixation
14:28:42.9603,369.1,535.8,fixation
14:28:42.9608,368.9,536.4,fixation
14:28:42.9613,368.9,536.9,fixation
14:28:42.9618,368.7,538.2,fixation
14:28:42.9623,368.4,539.3,fixation
14:28:42.9628,368.4,540.3,fixation
14:28:42.9633,368.6,540.3,fixation
14:28:42.9638,368.7,540.3,fixation
14:28:42.9643,368.7,540.3,fixation
14:28:42.9648,368.7,540.5,fixation
14:28:42.9653,368.6,541.5,fixation
14:28:42.9658,368.3,543.0,fixation
14:28:42.9663,368.1,544.4,fixation
14:28:42.9668,368.1,544.8,fixation
14:28:42.9673,368.3,544.7,fixation
14:28:42.9678,368.3,544.5,fixation
14:28:42.9683,368.2,544.3,fixation
14:28:42.9688,367.9,545.0,fixation
14:28:42.9693,367.8,545.7,fixation
14:28:42.9698,367.7,546.5,fixation
14:28:42.9703,368.8,546.3,fixation
14:28:42.9708,369.8,546.2,fixation
14:28:42.9713,370.0,546.5,fixation
14:28:42.9718,369.1,547.5,fixation
14:28:42.9723,368.3,548.4,fixation
14:28:42.9728,368.2,548.8,fixation
14:28:42.9733,368.6,549.0,fixation
14:28:42.9738,368.9,549.2,fixation
14:28:42.9743,369.2,548.7,fixation
14:28:42.9748,369.2,548.1,fixation
14:28:42.9753,368.9,548.3,fixation
14:28:42.9758,368.7,549.1,fixation
14:28:42.9763,368.6,549.7,fixation
14:28:42.9768,368.7,549.4,fixation
14:28:42.9773,368.7,549.4,fixation
14:28:42.9778,368.7,549.5,fixation
14:28:42.9783,368.4,549.5,fixation
14:28:42.9788,368.3,549.5,fixation
14:28:42.9793,367.8,550.3,fixation
14:28:42.9798,367.5,551.1,fixation
14:28:42.9803,367.3,551.7,fixation
14:28:42.9808,367.6,551.6,fixation
14:28:42.9813,367.8,551.5,fixation
14:28:42.9818,368.0,551.2,fixation
14:28:42.9823,368.0,550.8,fixation
14:28:42.9828,368.1,550.5,fixation
14:28:42.9833,368.1,550.5,fixation
14:28:42.9838,368.4,550.6,fixation
14:28:42.9843,368.7,550.0,fixation
14:28:42.9848,369.1,549.5,fixation
14:28:42.9853,369.2,549.1,fixation
14:28:42.9858,369.1,549.7,fixation
14:28:42.9863,368.9,550.2,fixation
14:28:42.9868,369.1,550.2,fixation
14:28:42.9873,369.4,550.0,fixation
14:28:42.9878,369.3,549.9,fixation
14:28:42.9883,368.8,550.3,fixation
14:28:42.9888,368.2,551.0,fixation
14:28:42.9893,368.1,551.5,fixation
14:28:42.9898,368.2,551.5,fixation
14:28:42.9903,368.5,550.8,fixation
14:28:42.9908,368.7,549.4,fixation
14:28:42.9913,368.6,548.3,fixation
14:28:42.9918,368.5,547.5,fixation
14:28:42.9923,368.4,547.5,fixation
14:28:42.9928,368.4,547.6,fixation
14:28:42.9933,368.4,548.2,fixation
14:28:42.9938,368.2,549.0,fixation
14:28:42.9943,368.9,550.0,fixation
14:28:42.9948,369.7,550.3,fixation
14:28:42.9953,370.4,550.2,fixation
14:28:42.9958,370.3,549.7,fixation
14:28:42.9963,369.8,549.4,fixation
14:28:42.9968,369.5,549.6,fixation
14:28:42.9973,369.0,550.3,fixation
14:28:42.9978,369.2,551.0,fixation
14:28:42.9983,369.6,550.9,fixation
14:28:42.9988,370.3,550.4,fixation
14:28:42.9993,370.6,549.9,fixation
14:28:42.9998,370.1,549.8,fixation
14:28:43.0003,369.3,549.9,fixation
14:28:43.0008,368.6,550.3,fixation
14:28:43.0013,368.9,551.8,fixation
14:28:43.0018,369.2,553.2,fixation
14:28:43.0023,369.9,554.6,fixation
14:28:43.0028,370.5,554.5,fixation
14:28:43.0033,370.7,554.1,fixation
14:28:43.0038,370.4,553.2,fixation
14:28:43.0043,370.2,552.7,fixation
14:28:43.0048,370.4,552.6,fixation
14:28:43.0053,370.3,553.4,fixation
14:28:43.0058,370.1,554.3,fixation
14:28:43.0063,370.2,555.2,fixation
14:28:43.0068,370.4,555.7,fixation
14:28:43.0073,370.5,556.0,fixation
14:28:43.0078,370.3,555.9,fixation
14:28:43.0083,369.9,555.4,fixation
14:28:43.0088,369.5,555.0,fixation
14:28:43.0093,369.4,554.8,fixation
14:28:43.0098,369.7,554.7,fixation
14:28:43.0103,370.0,553.9,fixation
14:28:43.0108,369.9,553.0,fixation
14:28:43.0113,369.8,552.8,fixation
14:28:43.0118,369.9,553.7,fixation
14:28:43.0123,369.7,554.8,fixation
14:28:43.0128,369.6,555.4,fixation
14:28:43.0133,370.0,555.9,fixation
14:28:43.0138,370.7,556.2,fixation
14:28:43.0143,371.3,555.8,fixation
14:28:43.0148,371.3,555.2,fixation
14:28:43.0153,371.1,554.6,fixation
14:28:43.0158,370.9,554.6,fixation
14:28:43.0163,370.6,554.8,fixation
14:28:43.0168,370.3,554.9,fixation
14:28:43.0173,370.3,555.1,fixation
14:28:43.0178,370.4,555.0,fixation
14:28:43.0183,370.5,554.8,fixation
14:28:43.0188,370.3,555.2,fixation
14:28:43.0193,370.0,555.8,fixation
14:28:43.0198,369.3,556.4,fixation
14:28:43.0203,368.6,556.9,fixation
14:28:43.0208,367.9,557.3,fixation
14:28:43.0213,368.0,557.0,fixation
14:28:43.0218,368.3,556.3,fixation
14:28:43.0223,368.3,556.0,fixation
14:28:43.0228,368.3,556.5,fixation
14:28:43.0233,368.4,557.0,fixation
14:28:43.0238,368.6,556.8,fixation
14:28:43.0243,368.9,556.7,fixation
14:28:43.0248,368.8,557.1,fixation
14:28:43.0253,368.7,557.7,fixation
14:28:43.0258,368.1,558.2,fixation
14:28:43.0263,367.8,558.3,fixation
14:28:43.0268,367.6,558.4,fixation
14:28:43.0273,368.3,558.6,fixation
14:28:43.0278,368.9,558.7,fixation
14:28:43.0283,369.2,558.6,fixation
14:28:43.0288,369.1,558.4,fixation
14:28:43.0293,368.9,558.1,fixation
14:28:43.0298,368.8,557.6,fixation
14:28:43.0303,369.1,557.0,fixation
14:28:43.0308,369.6,556.5,fixation
14:28:43.0313,370.3,556.4,fixation
14:28:43.0318,370.6,556.3,fixation
14:28:43.0323,370.3,556.1,fixation
14:28:43.0328,370.1,556.5,fixation
14:28:43.0333,369.9,556.7,fixation
14:28:43.0338,369.9,557.0,fixation
14:28:43.0343,369.7,557.3,fixation
14:28:43.0348,369.4,557.9,fixation
14:28:43.0353,369.5,557.1,fixation
14:28:43.0358,369.5,555.6,fixation
14:28:43.0363,369.3,554.6,fixation
14:28:43.0368,368.8,555.0,fixation
14:28:43.0373,368.5,555.4,fixation
14:28:43.0378,368.4,555.3,fixation
14:28:43.0383,368.6,555.3,fixation
14:28:43.0388,368.9,554.8,fixation
14:28:43.0393,369.0,554.2,fixation
14:28:43.0398,368.8,553.8,fixation
14:28:43.0403,368.2,553.8,fixation
14:28:43.0408,367.8,553.3,fixation
14:28:43.0413,367.5,552.5,fixation
14:28:43.0418,367.5,551.8,fixation
14:28:43.0423,368.0,551.7,fixation
14:28:43.0428,368.7,551.8,fixation
14:28:43.0433,369.4,551.9,fixation
14:28:43.0438,369.3,551.9,fixation
14:28:43.0443,369.3,552.0,fixation
14:28:43.0448,369.2,552.5,fixation
14:28:43.0453,369.1,552.9,fixation
14:28:43.0458,369.2,553.4,fixation
14:28:43.0463,369.2,553.5,fixation
14:28:43.0468,369.7,552.3,fixation
14:28:43.0473,370.1,551.0,fixation
14:28:43.0478,370.3,549.7,fixation
14:28:43.0483,370.1,549.7,fixation
14:28:43.0488,369.9,549.8,fixation
14:28:43.0493,369.9,550.0,fixation
14:28:43.0498,369.8,550.2,fixation
14:28:43.0503,369.5,550.4,fixation
14:28:43.0508,369.3,550.4,fixation
14:28:43.0513,369.0,550.7,fixation
14:28:43.0518,369.4,551.1,fixation
14:28:43.0523,369.9,551.1,fixation
14:28:43.0528,370.0,550.7,fixation
14:28:43.0533,369.8,550.0,fixation
14:28:43.0538,369.1,549.6,fixation
14:28:43.0543,368.9,549.5,fixation
14:28:43.0548,368.4,549.9,fixation
14:28:43.0553,368.2,550.7,fixation
14:28:43.0558,367.9,551.3,fixation
14:28:43.0563,367.7,551.9,fixation
14:28:43.0568,367.6,552.3,fixation
14:28:43.0573,367.6,552.8,fixation
14:28:43.0578,367.3,553.0,fixation
14:28:43.0583,367.2,552.4,fixation
14:28:43.0588,367.1,551.8,fixation
14:28:43.0593,367.4,551.2,fixation
14:28:43.0598,367.6,551.3,fixation
14:28:43.0603,367.7,551.4,fixation
14:28:43.0608,368.1,551.6,fixation
14:28:43.0613,368.5,551.7,fixation
14:28:43.0618,368.8,551.9,fixation
14:28:43.0623,368.8,552.0,fixation
14:28:43.0628,368.6,552.2,fixation
14:28:43.0633,368.6,552.1,fixation
14:28:43.0638,368.5,552.4,fixation
14:28:43.0643,369.0,552.8,fixation
14:28:43.0648,369.6,552.9,fixation
14:28:43.0653,370.2,552.0,fixation
14:28:43.0658,369.3,550.8,fixation
14:28:43.0663,368.4,550.1,fixation
14:28:43.0668,368.5,550.2,fixation
14:28:43.0673,369.4,550.5,fixation
14:28:43.0678,369.9,550.8,fixation
14:28:43.0683,369.4,550.7,fixation
14:28:43.0688,368.6,550.3,fixation
14:28:43.0693,368.2,550.1,fixation
14:28:43.0698,368.1,550.0,fixation
14:28:43.0703,368.2,550.0,fixation
14:28:43.0708,368.4,550.1,fixation
14:28:43.0713,367.8,550.4,fixation
14:28:43.0718,367.1,551.0,fixation
14:28:43.0723,366.7,551.3,fixation
14:28:43.0728,366.8,551.4,fixation
14:28:43.0733,367.0,551.3,fixation
14:28:43.0738,366.8,551.4,fixation
14:28:43.0743,366.1,551.5,fixation
14:28:43.0748,365.4,551.7,fixation
14:28:43.0753,364.9,552.0,fixation
14:28:43.0758,365.1,552.4,fixation
14:28:43.0763,365.4,552.7,fixation
14:28:43.0768,365.8,552.7,fixation
14:28:43.0773,366.1,552.9,fixation
14:28:43.0778,366.3,553.1,fixation
14:28:43.0783,366.5,553.3,fixation
14:28:43.0788,366.6,553.8,fixation
14:28:43.0793,366.3,554.4,fixation
14:28:43.0798,365.8,554.9,fixation
14:28:43.0803,365.5,555.1,fixation
14:28:43.0808,365.6,555.6,fixation
14:28:43.0813,365.6,556.0,fixation
14:28:43.0818,365.7,556.4,fixation
14:28:43.0823,365.8,556.7,fixation
14:28:43.0828,366.3,555.4,fixation
14:28:43.0833,366.8,553.0,fixation
14:28:43.0838,367.6,550.5,fixation
14:28:43.0843,367.8,550.3,fixation
14:28:43.0848,367.8,551.1,fixation
14:28:43.0853,366.9,551.7,fixation
14:28:43.0858,366.2,551.5,fixation
14:28:43.0863,365.5,551.3,fixation
14:28:43.0868,365.3,551.2,fixation
14:28:43.0873,365.4,550.4,fixation
14:28:43.0878,365.5,549.6,fixation
14:28:43.0883,365.6,548.8,fixation
14:28:43.0888,366.4,548.8,fixation
14:28:43.0893,367.5,548.9,fixation
14:28:43.0898,368.7,549.0,fixation
14:28:43.0903,368.3,548.9,fixation
14:28:43.0908,367.3,548.6,fixation
14:28:43.0913,366.3,548.3,fixation
14:28:43.0918,366.1,548.1,fixation
14:28:43.0923,366.1,548.1,fixation
14:28:43.0928,366.0,548.2,fixation
14:28:43.0933,365.8,548.2,fixation
14:28:43.0938,365.6,548.2,fixation
14:28:43.0943,365.6,548.2,fixation
14:28:43.0948,365.6,548.2,fixation
14:28:43.0953,365.8,548.2,fixation
14:28:43.0958,366.2,548.3,fixation
14:28:43.0963,366.6,548.4,fixation
14:28:43.0968,366.8,548.5,fixation
14:28:43.0973,366.8,548.7,fixation
14:28:43.0978,366.0,548.7,fixation
14:28:43.0983,365.3,548.4,fixation
14:28:43.0988,364.9,547.8,fixation
14:28:43.0993,365.1,547.3,fixation
14:28:43.0998,365.1,546.8,fixation
14:28:43.1003,364.9,546.3,fixation
14:28:43.1008,364.8,546.0,fixation
14:28:43.1013,365.1,546.2,fixation
14:28:43.1018,365.4,546.4,fixation
14:28:43.1023,365.6,545.6,fixation
14:28:43.1028,365.4,544.6,fixation
14:28:43.1033,365.2,543.2,fixation
14:28:43.1038,364.9,542.4,fixation
14:28:43.1043,364.7,541.7,fixation
14:28:43.1048,364.6,541.7,fixation
14:28:43.1053,364.0,541.9,fixation
14:28:43.1058,363.6,541.8,fixation
14:28:43.1063,363.3,541.3,fixation
14:28:43.1068,363.4,541.2,fixation
14:28:43.1073,363.5,541.4,fixation
14:28:43.1078,363.7,541.0,fixation
14:28:43.1083,364.0,540.3,fixation
14:28:43.1088,364.3,539.7,fixation
14:28:43.1093,364.4,539.8,fixation
14:28:43.1098,364.2,540.1,fixation
14:28:43.1103,364.1,540.4,fixation
14:28:43.1108,364.0,540.5,fixation
14:28:43.1113,364.2,540.6,fixation
14:28:43.1118,364.5,540.5,fixation
14:28:43.1123,364.9,540.5,fixation
14:28:43.1128,364.6,540.6,fixation
14:28:43.1133,363.7,540.8,fixation
14:28:43.1138,362.8,541.0,fixation
14:28:43.1143,362.2,541.1,fixation
14:28:43.1148,362.6,539.7,fixation
14:28:43.1153,363.0,538.3,fixation
14:28:43.1158,363.2,536.9,fixation
14:28:43.1163,363.2,536.7,fixation
14:28:43.1168,363.1,536.6,fixation
14:28:43.1173,363.3,536.4,fixation
14:28:43.1178,363.5,536.2,fixation
14:28:43.1183,363.5,536.5,fixation
14:28:43.1188,363.4,536.8,fixation
14:28:43.1193,363.1,537.1,fixation
14:28:43.1198,362.9,536.7,fixation
14:28:43.1203,363.6,536.6,fixation
14:28:43.1208,364.4,536.7,fixation
14:28:43.1213,364.2,536.8,fixation
14:28:43.1218,363.1,536.8,fixation
14:28:43.1223,362.7,537.0,fixation
14:28:43.1228,363.4,537.4,fixation
14:28:43.1233,364.1,537.5,fixation
14:28:43.1238,364.2,537.4,fixation
14:28:43.1243,364.0,537.1,fixation
14:28:43.1248,363.7,536.9,fixation
14:28:43.1253,363.2,537.9,fixation
14:28:43.1258,362.8,539.0,fixation
14:28:43.1263,362.2,539.8,fixation
14:28:43.1268,361.9,539.2,fixation
14:28:43.1273,361.9,538.2,fixation
14:28:43.1278,362.1,537.4,fixation
14:28:43.1283,362.2,536.9,fixation
14:28:43.1288,362.2,536.9,fixation
14:28:43.1293,362.3,536.9,fixation
14:28:43.1298,362.3,537.2,fixation
14:28:43.1303,362.2,537.3,fixation
14:28:43.1308,362.1,537.2,fixation
14:28:43.1313,362.6,537.0,fixation
14:28:43.1318,363.3,536.8,fixation
14:28:43.1323,364.0,537.0,fixation
14:28:43.1328,364.2,536.5,fixation
14:28:43.1333,364.3,535.7,fixation
14:28:43.1338,364.3,535.2,fixation
14:28:43.1343,364.1,535.5,fixation
14:28:43.1348,363.9,536.1,fixation
14:28:43.1353,363.3,536.3,fixation
14:28:43.1358,362.9,536.0,fixation
14:28:43.1363,362.6,536.1,fixation
14:28:43.1368,363.1,536.4,fixation
14:28:43.1373,363.4,536.8,fixation
14:28:43.1378,363.5,536.9,fixation
14:28:43.1383,363.3,536.8,fixation
14:28:43.1388,363.0,537.3,fixation
14:28:43.1393,362.9,537.6,fixation
14:28:43.1398,362.8,538.1,fixation
14:28:43.1403,362.9,538.1,fixation
14:28:43.1408,363.0,538.6,fixation
14:28:43.1413,362.9,539.5,fixation
14:28:43.1418,362.9,540.8,fixation
14:28:43.1423,363.1,541.9,fixation
14:28:43.1428,363.4,542.4,fixation
14:28:43.1433,363.0,542.2,fixation
14:28:43.1438,362.7,542.6,fixation
14:28:43.1443,362.4,543.0,fixation
14:28:43.1448,362.3,543.5,fixation
14:28:43.1453,362.0,543.5,fixation
14:28:43.1458,361.6,543.6,fixation
14:28:43.1463,361.6,543.6,fixation
14:28:43.1468,361.5,543.7,fixation
14:28:43.1473,361.5,543.7,fixation
14:28:43.1478,361.6,543.7,fixation
14:28:43.1483,361.6,543.7,fixation
14:28:43.1488,361.3,543.6,fixation
14:28:43.1493,361.0,543.5,fixation
14:28:43.1498,360.9,543.1,fixation
14:28:43.1503,361.3,542.5,fixation
14:28:43.1508,361.6,542.2,fixation
14:28:43.1513,361.9,542.0,fixation
14:28:43.1518,363.0,542.1,fixation
14:28:43.1523,364.0,542.1,fixation
14:28:43.1528,364.4,542.1,fixation
14:28:43.1533,363.8,542.0,fixation
14:28:43.1538,363.8,540.4,fixation
14:28:43.1543,364.7,538.1,fixation
14:28:43.1548,365.5,535.9,fixation
14:28:43.1553,365.7,535.2,fixation
14:28:43.1558,365.5,535.4,fixation
14:28:43.1563,365.1,535.6,fixation
14:28:43.1568,364.7,535.7,fixation
14:28:43.1573,364.5,535.4,fixation
14:28:43.1578,364.4,535.2,fixation
14:28:43.1583,364.3,535.4,fixation
14:28:43.1588,364.1,536.1,fixation
14:28:43.1593,363.8,538.0,fixation
14:28:43.1598,363.6,539.6,fixation
14:28:43.1603,363.4,541.0,fixation
14:28:43.1608,362.9,541.1,fixation
14:28:43.1613,362.5,541.4,fixation
14:28:43.1618,362.2,541.5,fixation
14:28:43.1623,362.2,541.7,fixation
14:28:43.1628,362.2,541.4,fixation
14:28:43.1633,361.7,541.1,fixation
14:28:43.1638,361.1,540.7,fixation
14:28:43.1643,360.2,540.7,fixation
14:28:43.1648,359.9,540.6,fixation
14:28:43.1653,359.5,540.5,fixation
14:28:43.1658,359.1,540.3,fixation
14:28:43.1663,358.7,540.1,fixation
14:28:43.1668,358.9,540.5,fixation
14:28:43.1673,359.3,541.1,fixation
14:28:43.1678,359.7,541.8,fixation
14:28:43.1683,359.9,542.0,fixation
14:28:43.1688,360.3,542.1,fixation
14:28:43.1693,360.8,542.1,fixation
14:28:43.1698,360.9,542.1,fixation
14:28:43.1703,360.8,542.1,fixation
14:28:43.1708,360.5,542.6,fixation
14:28:43.1713,359.9,542.9,fixation
14:28:43.1718,359.2,543.2,fixation
14:28:43.1723,358.7,543.0,fixation
14:28:43.1728,359.0,543.1,fixation
14:28:43.1733,359.3,543.2,fixation
14:28:43.1738,359.7,543.0,fixation
14:28:43.1743,359.8,542.4,fixation
14:28:43.1748,360.0,541.9,fixation
14:28:43.1753,360.0,541.7,fixation
14:28:43.1758,359.6,541.7,fixation
14:28:43.1763,359.0,542.1,fixation
14:28:43.1768,359.0,542.6,fixation
14:28:43.1773,360.2,542.4,fixation
14:28:43.1778,361.5,542.1,fixation
14:28:43.1783,362.4,541.6,fixation
14:28:43.1788,361.8,541.1,fixation
14:28:43.1793,361.3,540.3,fixation
14:28:43.1798,360.8,539.6,fixation
14:28:43.1803,361.0,539.0,fixation
14:28:43.1808,361.2,538.3,fixation
14:28:43.1813,361.3,537.7,fixation
14:28:43.1818,361.1,537.6,fixation
14:28:43.1823,360.9,536.4,fixation
14:28:43.1828,360.7,535.1,fixation
14:28:43.1833,361.1,535.2,fixation
14:28:43.1838,361.5,536.5,fixation
14:28:43.1843,362.0,537.3,fixation
14:28:43.1848,362.0,536.7,fixation
14:28:43.1853,361.0,535.5,fixation
14:28:43.1858,360.0,535.1,fixation
14:28:43.1863,359.5,534.7,fixation
14:28:43.1868,359.9,534.8,fixation
14:28:43.1873,360.1,535.8,fixation
14:28:43.1878,360.0,536.9,fixation
14:28:43.1883,359.8,537.9,fixation
14:28:43.1888,359.9,538.0,fixation
14:28:43.1893,360.1,538.0,fixation
14:28:43.1898,361.1,538.3,fixation
14:28:43.1903,361.9,538.6,fixation
14:28:43.1908,362.5,538.8,fixation
14:28:43.1913,362.4,538.7,fixation
14:28:43.1918,362.3,538.6,fixation
14:28:43.1923,361.8,539.3,fixation
14:28:43.1928,361.3,540.1,fixation
14:28:43.1933,361.9,541.3,fixation
14:28:43.1938,362.9,541.7,fixation
14:28:43.1943,363.3,542.1,fixation
14:28:43.1948,362.6,541.7,fixation
14:28:43.1953,361.9,541.3,fixation
14:28:43.1958,362.0,541.0,fixation
14:28:43.1963,362.2,540.9,fixation
14:28:43.1968,362.5,540.9,fixation
14:28:43.1973,363.4,541.0,fixation
14:28:43.1978,364.6,542.0,fixation
14:28:43.1983,365.7,543.0,fixation
14:28:43.1988,366.2,543.8,fixation
14:28:43.1993,366.6,543.4,saccade
14:28:43.1998,367.0,543.2,saccade
14:28:43.2003,367.4,543.2,saccade
14:28:43.2008,367.6,543.3,saccade
14:28:43.2013,368.0,543.5,saccade
14:28:43.2018,368.5,543.7,saccade
14:28:43.2023,368.7,543.7,saccade
14:28:43.2028,370.3,543.8,saccade
14:28:43.2033,372.3,544.0,saccade
14:28:43.2038,375.2,544.4,saccade
14:28:43.2043,377.2,544.8,saccade
14:28:43.2048,379.6,544.3,saccade
14:28:43.2053,381.8,543.7,saccade
14:28:43.2058,385.0,545.1,saccade
14:28:43.2063,387.4,547.9,saccade
14:28:43.2068,389.0,551.3,saccade
14:28:43.2073,388.3,553.1,saccade
14:28:43.2078,387.4,553.9,saccade
14:28:43.2083,386.0,553.9,saccade
14:28:43.2088,385.2,553.6,saccade
14:28:43.2093,382.2,553.0,saccade
14:28:43.2098,379.4,552.4,saccade
14:28:43.2103,376.5,552.7,saccade
14:28:43.2108,375.2,553.3,saccade
14:28:43.2113,374.3,553.9,saccade
14:28:43.2118,375.5,553.2,saccade
14:28:43.2123,377.4,552.5,saccade
14:28:43.2128,379.7,550.5,saccade
14:28:43.2133,380.2,549.1,saccade
14:28:43.2138,378.5,543.8,saccade
14:28:43.2143,376.8,536.5,saccade
14:28:43.2148,373.1,528.9,saccade
14:28:43.2153,369.0,526.0,saccade
14:28:43.2158,364.5,526.4,saccade
14:28:43.2163,362.5,524.4,saccade
14:28:43.2168,363.1,521.5,saccade
14:28:43.2173,364.5,518.7,saccade
14:28:43.2178,366.1,519.4,saccade
14:28:43.2183,368.3,525.2,saccade
14:28:43.2188,368.9,537.0,saccade
14:28:43.2193,367.6,553.2,saccade
14:28:43.2198,365.8,564.6,saccade
14:28:43.2203,364.6,570.1,saccade
14:28:43.2208,364.4,570.7,saccade
14:28:43.2213,363.5,571.0,saccade
14:28:43.2218,362.6,570.3,saccade
14:28:43.2223,362.1,568.5,saccade
14:28:43.2228,362.3,566.9,saccade
14:28:43.2233,362.7,566.6,saccade
14:28:43.2238,363.4,569.5,saccade
14:28:43.2243,364.1,572.6,saccade
14:28:43.2248,364.3,576.3,saccade
14:28:43.2253,364.1,577.8,saccade
14:28:43.2258,364.0,578.9,saccade
14:28:43.2263,364.1,579.1,saccade
14:28:43.2268,364.3,578.3,saccade
14:28:43.2273,364.5,577.6,saccade
14:28:43.2278,364.3,576.8,saccade
14:28:43.2283,363.5,577.7,saccade
14:28:43.2288,362.3,579.8,saccade
14:28:43.2293,361.3,582.5,saccade
14:28:43.2298,360.2,584.1,saccade
14:28:43.2303,358.9,584.1,saccade
14:28:43.2308,358.3,581.0,saccade
14:28:43.2313,356.8,578.4,saccade
14:28:43.2318,355.6,576.0,saccade
14:28:43.2323,353.6,573.6,saccade
14:28:43.2328,353.0,570.8,saccade
14:28:43.2333,352.1,568.0,saccade
14:28:43.2338,349.9,566.9,saccade
14:28:43.2343,347.3,565.7,saccade
14:28:43.2348,344.0,562.5,saccade
14:28:43.2353,341.9,559.5,saccade
14:28:43.2358,339.7,556.2,saccade
14:28:43.2363,337.7,554.3,saccade
14:28:43.2368,335.4,553.5,saccade
14:28:43.2373,333.8,553.2,saccade
14:28:43.2378,332.2,549.4,saccade
14:28:43.2383,330.8,545.3,saccade
14:28:43.2388,328.6,541.5,saccade
14:28:43.2393,326.5,541.7,saccade
14:28:43.2398,323.8,541.7,saccade
14:28:43.2403,322.1,541.0,saccade
14:28:43.2408,321.2,540.4,saccade
14:28:43.2413,321.3,541.3,saccade
14:28:43.2418,320.0,547.9,saccade
14:28:43.2423,318.7,554.6,saccade
14:28:43.2428,316.5,563.5,saccade
14:28:43.2433,314.0,571.1,saccade
14:28:43.2438,310.5,582.9,saccade
14:28:43.2443,307.5,592.9,saccade
14:28:43.2448,303.6,600.2,saccade
14:28:43.2453,295.8,614.3,saccade
14:28:43.2458,288.4,626.8,saccade
14:28:43.2463,280.0,646.5,saccade
14:28:43.2468,273.3,663.2,saccade
14:28:43.2473,265.5,684.2,saccade
14:28:43.2478,258.0,763.7,saccade
14:28:43.2483,253.3,834.8,saccade
14:28:43.2488,236.2,880.7,saccade
14:28:43.2493,223.0,859.7,saccade
14:28:43.2498,209.8,838.6,saccade
14:28:43.2503,205.0,867.8,saccade
14:28:43.2508,200.2,897.0,saccade
14:28:43.2513,189.9,925.3,saccade
14:28:43.2518,160.1,947.3,saccade
14:28:43.2523,128.4,972.3,saccade
14:28:43.2528,99.4,1003.5,saccade
14:28:43.2533,93.7,1014.3,saccade
14:28:43.2538,87.4,1026.5,saccade
14:28:43.2543,81.8,1037.4,saccade
14:28:43.2548,75.9,1050.1,saccade
14:28:43.2553,69.1,1061.9,saccade
14:28:43.2558,61.5,1071.0,saccade
14:28:43.2563,49.4,1076.4,saccade
14:28:43.2568,32.2,1089.7,saccade
14:28:43.2573,15.0,1109.9,saccade
14:28:43.2578,-1.5,1131.0,saccade
14:28:43.2583,-13.6,1145.7,saccade
14:28:43.2588,-23.3,1152.3,saccade
14:28:43.2593,-58.1,1172.0,saccade
14:28:43.2598,-88.9,1186.6,saccade
14:28:43.2603,.,.,blink
14:28:43.2608,.,.,blink
14:28:43.2613,.,.,blink
14:28:43.2618,.,.,blink
14:28:43.2623,.,.,blink
14:28:43.2628,.,.,blink
14:28:43.2633,.,.,blink
14:28:43.2638,.,.,blink
14:28:43.2643,.,.,blink
14:28:43.2648,.,.,blink
14:28:43.2653,.,.,blink
14:28:43.2658,.,.,blink
14:28:43.2663,.,.,blink
14:28:43.2668,.,.,blink
14:28:43.2673,.,.,blink
14:28:43.2678,.,.,blink
14:28:43.2683,.,.,blink
14:28:43.2688,.,.,blink
14:28:43.2693,.,.,blink
14:28:43.2698,.,.,blink
14:28:43.2703,.,.,blink
14:28:43.2708,.,.,blink
14:28:43.2713,.,.,blink
14:28:43.2718,.,.,blink
14:28:43.2723,.,.,blink
14:28:43.2728,.,.,blink
14:28:43.2733,.,.,blink
14:28:43.2738,.,.,blink
14:28:43.2743,.,.,blink
14:28:43.2748,.,.,blink
14:28:43.2753,.,.,blink
14:28:43.2758,.,.,blink
14:28:43.2763,.,.,blink
14:28:43.2768,.,.,blink
14:28:43.2773,.,.,blink
14:28:43.2778,.,.,blink
14:28:43.2783,.,.,blink
14:28:43.2788,.,.,blink
14:28:43.2793,.,.,blink
14:28:43.2798,.,.,blink
14:28:43.2803,.,.,blink
14:28:43.2808,.,.,blink
14:28:43.2813,.,.,blink
14:28:43.2818,.,.,blink
14:28:43.2823,.,.,blink
14:28:43.2828,.,.,blink
14:28:43.2833,.,.,blink
14:28:43.2838,.,.,blink
14:28:43.2843,.,.,blink
14:28:43.2848,.,.,blink
14:28:43.2853,.,.,blink
14:28:43.2858,.,.,blink
14:28:43.2863,.,.,blink
14:28:43.2868,.,.,blink
14:28:43.2873,.,.,blink
14:28:43.2878,.,.,blink
14:28:43.2883,.,.,blink
14:28:43.2888,.,.,blink
14:28:43.2893,.,.,blink
14:28:43.2898,.,.,blink
14:28:43.2903,.,.,blink
14:28:43.2908,.,.,blink
14:28:43.2913,.,.,blink
14:28:43.2918,.,.,blink
14:28:43.2923,.,.,blink
14:28:43.2928,.,.,blink
14:28:43.2933,.,.,blink
14:28:43.2938,.,.,blink
14:28:43.2943,.,.,blink
14:28:43.2948,.,.,blink
14:28:43.2953,.,.,blink
14:28:43.2958,.,.,blink
14:28:43.2963,.,.,blink
14:28:43.2968,.,.,blink
14:28:43.2973,.,.,blink
14:28:43.2978,.,.,blink
14:28:43.2983,.,.,blink
14:28:43.2988,.,.,blink
14:28:43.2993,.,.,blink
14:28:43.2998,.,.,blink
14:28:43.3003,.,.,blink
14:28:43.3008,.,.,blink
14:28:43.3013,.,.,blink
14:28:43.3018,.,.,blink
14:28:43.3023,.,.,blink
14:28:43.3028,.,.,blink
14:28:43.3033,.,.,blink
14:28:43.3038,.,.,blink
14:28:43.3043,.,.,blink
14:28:43.3048,.,.,blink
14:28:43.3053,.,.,blink
14:28:43.3058,.,.,blink
14:28:43.3063,.,.,blink
14:28:43.3068,.,.,blink
14:28:43.3073,.,.,blink
14:28:43.3078,.,.,blink
14:28:43.3083,.,.,blink
14:28:43.3088,.,.,blink
14:28:43.3093,.,.,blink
14:28:43.3098,.,.,blink
14:28:43.3103,.,.,blink
14:28:43.3108,.,.,blink
14:28:43.3113,.,.,blink
14:28:43.3118,.,.,blink
14:28:43.3123,.,.,blink
14:28:43.3128,.,.,blink
14:28:43.3133,.,.,blink
14:28:43.3138,.,.,blink
14:28:43.3143,.,.,blink
14:28:43.3148,.,.,blink
14:28:43.3153,.,.,blink
14:28:43.3158,.,.,blink
14:28:43.3163,.,.,blink
14:28:43.3168,.,.,blink
14:28:43.3173,.,.,blink
14:28:43.3178,.,.,blink
14:28:43.3183,.,.,blink
14:28:43.3188,.,.,blink
14:28:43.3193,.,.,blink
14:28:43.3198,.,.,blink
14:28:43.3203,.,.,blink
14:28:43.3208,.,.,blink
14:28:43.3213,.,.,blink
14:28:43.3218,.,.,blink
14:28:43.3223,.,.,blink
14:28:43.3228,.,.,blink
14:28:43.3233,.,.,blink
14:28:43.3238,.,.,blink
14:28:43.3243,.,.,blink
14:28:43.3248,.,.,blink
14:28:43.3253,.,.,blink
14:28:43.3258,.,.,blink
14:28:43.3263,.,.,blink
14:28:43.3268,.,.,blink
14:28:43.3273,.,.,blink
14:28:43.3278,.,.,blink
14:28:43.3283,.,.,blink
14:28:43.3288,153.9,317.7,fixation
14:28:43.3293,153.8,321.0,fixation
14:28:43.3298,155.0,323.1,fixation
14:28:43.3303,156.2,325.0,fixation
14:28:43.3308,156.6,328.0,fixation
14:28:43.3313,155.6,330.4,fixation
14:28:43.3318,155.8,332.0,fixation
14:28:43.3323,156.6,332.9,fixation
14:28:43.3328,157.3,334.2,fixation
14:28:43.3333,156.8,337.1,fixation
14:28:43.3338,156.6,339.3,fixation
14:28:43.3343,157.3,341.2,fixation
14:28:43.3348,158.0,342.8,fixation
14:28:43.3353,158.6,344.3,fixation
14:28:43.3358,157.8,348.3,fixation
14:28:43.3363,157.2,351.1,fixation
14:28:43.3368,156.7,354.1,fixation
14:28:43.3373,156.7,354.6,fixation
14:28:43.3378,156.4,356.2,fixation
14:28:43.3383,156.6,358.0,fixation
14:28:43.3388,156.9,359.7,fixation
14:28:43.3393,157.3,360.2,fixation
14:28:43.3398,157.2,360.0,fixation
14:28:43.3403,157.1,359.9,fixation
14:28:43.3408,156.7,361.8,fixation
14:28:43.3413,156.3,364.2,fixation
14:28:43.3418,155.8,366.7,fixation
14:28:43.3423,155.3,367.7,fixation
14:28:43.3428,154.8,369.0,fixation
14:28:43.3433,154.2,370.6,fixation
14:28:43.3438,154.3,372.0,fixation
14:28:43.3443,153.8,376.4,fixation
14:28:43.3448,153.6,380.0,fixation
14:28:43.3453,153.2,383.1,fixation
14:28:43.3458,153.2,383.8,fixation
14:28:43.3463,153.6,385.2,fixation
14:28:43.3468,153.8,387.4,fixation
14:28:43.3473,154.2,388.4,fixation
14:28:43.3478,154.3,389.7,fixation
14:28:43.3483,154.0,392.1,fixation
14:28:43.3488,153.9,394.6,fixation
14:28:43.3493,153.6,396.7,fixation
14:28:43.3498,152.1,396.3,fixation
14:28:43.3503,150.9,396.0,fixation
14:28:43.3508,150.4,394.2,fixation
14:28:43.3513,151.4,392.7,fixation
14:28:43.3518,152.3,395.0,fixation
14:28:43.3523,152.5,398.8,fixation
14:28:43.3528,152.2,401.8,fixation
14:28:43.3533,151.8,400.5,fixation
14:28:43.3538,152.4,399.4,fixation
14:28:43.3543,153.5,399.3,fixation
14:28:43.3548,154.1,401.1,fixation
14:28:43.3553,154.0,402.7,fixation
14:28:43.3558,153.7,404.7,fixation
14:28:43.3563,153.8,405.1,fixation
14:28:43.3568,153.6,406.0,fixation
14:28:43.3573,153.1,406.6,fixation
14:28:43.3578,152.4,407.9,fixation
14:28:43.3583,151.9,408.7,fixation
14:28:43.3588,152.0,409.2,fixation
14:28:43.3593,152.9,408.7,fixation
14:28:43.3598,153.8,407.6,fixation
14:28:43.3603,155.0,406.9,fixation
14:28:43.3608,155.0,408.8,fixation
14:28:43.3613,154.2,411.3,fixation
14:28:43.3618,153.1,413.2,fixation
14:28:43.3623,153.2,412.7,fixation
14:28:43.3628,154.0,412.3,fixation
14:28:43.3633,154.5,411.6,fixation
14:28:43.3638,154.3,411.0,fixation
14:28:43.3643,154.3,413.0,fixation
14:28:43.3648,154.5,415.6,fixation
14:28:43.3653,154.8,417.6,fixation
14:28:43.3658,155.1,416.6,fixation
14:28:43.3663,155.3,415.6,fixation
14:28:43.3668,155.1,415.2,fixation
14:28:43.3673,154.9,414.4,fixation
14:28:43.3678,155.2,413.8,fixation
14:28:43.3683,156.1,413.4,fixation
14:28:43.3688,156.8,413.4,fixation
14:28:43.3693,157.4,411.8,fixation
14:28:43.3698,157.7,410.1,fixation
14:28:43.3703,157.9,409.3,fixation
14:28:43.3708,157.8,409.8,fixation
14:28:43.3713,157.7,410.9,fixation
14:28:43.3718,157.8,411.6,fixation
14:28:43.3723,157.3,412.5,fixation
14:28:43.3728,156.7,413.3,fixation
14:28:43.3733,156.5,414.5,fixation
14:28:43.3738,156.9,415.7,fixation
14:28:43.3743,157.2,416.5,fixation
14:28:43.3748,156.9,416.7,fixation
14:28:43.3753,156.0,416.8,fixation
14:28:43.3758,155.2,417.3,fixation
14:28:43.3763,154.1,418.9,fixation
14:28:43.3768,153.6,420.3,fixation
14:28:43.3773,153.4,421.1,fixation
14:28:43.3778,153.7,420.5,fixation
14:28:43.3783,153.9,419.9,fixation
14:28:43.3788,153.5,421.0,fixation
14:28:43.3793,153.1,422.5,fixation
14:28:43.3798,152.9,423.5,fixation
14:28:43.3803,152.9,422.7,fixation
14:28:43.3808,153.1,420.6,fixation
14:28:43.3813,153.2,419.0,fixation
14:28:43.3818,153.3,417.8,fixation
14:28:43.3823,153.3,417.9,fixation
14:28:43.3828,153.4,417.4,fixation
14:28:43.3833,153.3,415.9,fixation
14:28:43.3838,153.2,414.4,fixation
14:28:43.3843,152.6,414.5,fixation
14:28:43.3848,152.6,416.5,fixation
14:28:43.3853,152.4,418.5,fixation
14:28:43.3858,152.5,419.4,fixation
14:28:43.3863,152.4,419.5,fixation
14:28:43.3868,152.4,419.7,fixation
14:28:43.3873,151.8,419.7,fixation
14:28:43.3878,150.9,419.6,fixation
14:28:43.3883,150.1,419.3,fixation
14:28:43.3888,149.8,419.3,fixation
14:28:43.3893,149.6,420.7,fixation
14:28:43.3898,149.4,422.1,fixation
14:28:43.3903,149.6,421.5,fixation
14:28:43.3908,149.8,417.7,fixation
14:28:43.3913,150.0,414.0,fixation
14:28:43.3918,149.8,413.5,fixation
14:28:43.3923,149.7,414.7,fixation
14:28:43.3928,149.2,415.3,fixation
14:28:43.3933,148.7,414.7,fixation
14:28:43.3938,148.1,414.3,fixation
14:28:43.3943,147.7,414.5,fixation
14:28:43.3948,147.3,415.0,fixation
14:28:43.3953,146.9,415.2,fixation
14:28:43.3958,147.0,414.6,fixation
14:28:43.3963,147.1,413.8,fixation
14:28:43.3968,147.4,413.0,fixation
14:28:43.3973,147.5,413.0,fixation
14:28:43.3978,147.5,413.0,fixation
14:28:43.3983,147.6,412.6,fixation
14:28:43.3988,147.7,412.3,fixation
14:28:43.3993,147.7,412.1,fixation
14:28:43.3998,146.9,412.1,fixation
14:28:43.4003,145.8,412.5,fixation
14:28:43.4008,144.7,412.8,fixation
14:28:43.4013,144.5,413.5,fixation
14:28:43.4018,144.6,413.9,fixation
14:28:43.4023,144.7,414.5,fixation
14:28:43.4028,144.1,414.7,fixation
14:28:43.4033,143.5,414.6,fixation
14:28:43.4038,142.6,414.4,fixation
14:28:43.4043,142.3,415.0,fixation
14:28:43.4048,142.1,415.3,fixation
14:28:43.4053,141.8,415.3,fixation
14:28:43.4058,142.0,412.7,fixation
14:28:43.4063,141.5,410.3,fixation
14:28:43.4068,140.7,409.9,fixation
14:28:43.4073,139.6,411.1,fixation
14:28:43.4078,138.9,412.2,fixation
14:28:43.4083,139.0,410.9,fixation
14:28:43.4088,139.1,409.9,fixation
14:28:43.4093,138.7,409.0,fixation
14:28:43.4098,138.3,408.0,fixation
14:28:43.4103,137.9,407.0,fixation
14:28:43.4108,138.2,406.2,fixation
14:28:43.4113,138.6,406.4,fixation
14:28:43.4118,139.1,406.6,fixation
14:28:43.4123,139.6,406.3,fixation
14:28:43.4128,138.9,405.7,fixation
14:28:43.4133,138.0,405.1,fixation
14:28:43.4138,136.7,404.9,fixation
14:28:43.4143,136.3,404.5,fixation
14:28:43.4148,136.0,403.6,fixation
14:28:43.4153,136.1,402.8,fixation
14:28:43.4158,136.4,402.4,fixation
14:28:43.4163,136.5,402.5,fixation
14:28:43.4168,136.5,402.5,fixation
14:28:43.4173,136.2,402.5,fixation
14:28:43.4178,135.9,402.5,fixation
14:28:43.4183,135.6,402.5,fixation
14:28:43.4188,135.7,402.0,fixation
14:28:43.4193,135.9,401.2,fixation
14:28:43.4198,135.0,399.9,fixation
14:28:43.4203,134.3,399.1,fixation
14:28:43.4208,133.9,398.6,fixation
14:28:43.4213,134.6,398.6,fixation
14:28:43.4218,134.7,398.5,fixation
14:28:43.4223,134.5,398.5,fixation
14:28:43.4228,134.3,398.8,fixation
14:28:43.4233,133.4,399.0,fixation
14:28:43.4238,132.4,399.2,fixation
14:28:43.4243,131.7,399.4,fixation
14:28:43.4248,131.9,399.6,fixation
14:28:43.4253,132.4,399.8,fixation
14:28:43.4258,132.9,399.0,fixation
14:28:43.4263,133.0,398.3,fixation
14:28:43.4268,132.3,399.8,fixation
14:28:43.4273,131.4,401.9,fixation
14:28:43.4278,131.0,403.2,fixation
14:28:43.4283,131.2,402.4,fixation
14:28:43.4288,131.3,401.6,fixation
14:28:43.4293,131.1,401.9,fixation
14:28:43.4298,131.1,402.2,fixation
14:28:43.4303,131.3,402.6,fixation
14:28:43.4308,131.7,402.6,fixation
14:28:43.4313,131.8,402.7,fixation
14:28:43.4318,131.5,402.6,fixation
14:28:43.4323,130.2,402.4,fixation
14:28:43.4328,128.9,402.4,fixation
14:28:43.4333,127.8,402.4,fixation
14:28:43.4338,127.4,402.7,fixation
14:28:43.4343,127.1,403.0,fixation
14:28:43.4348,127.1,403.8,fixation
14:28:43.4353,127.1,404.4,fixation
14:28:43.4358,127.1,404.5,fixation
14:28:43.4363,127.4,404.3,fixation
14:28:43.4368,127.6,404.2,fixation
14:28:43.4373,126.7,404.2,fixation
14:28:43.4378,125.8,403.4,fixation
14:28:43.4383,125.5,402.6,fixation
14:28:43.4388,125.9,403.6,fixation
14:28:43.4393,126.0,405.2,fixation
14:28:43.4398,125.6,406.7,fixation
14:28:43.4403,125.6,406.5,fixation
14:28:43.4408,125.8,406.3,fixation
14:28:43.4413,125.1,406.0,fixation
14:28:43.4418,124.2,405.7,fixation
14:28:43.4423,123.8,405.2,fixation
14:28:43.4428,124.3,404.8,fixation
14:28:43.4433,124.6,404.4,fixation
14:28:43.4438,124.2,404.3,fixation
14:28:43.4443,123.8,403.9,fixation
14:28:43.4448,123.7,403.3,fixation
14:28:43.4453,123.9,402.7,fixation
14:28:43.4458,124.1,402.5,fixation
14:28:43.4463,124.2,402.6,fixation
14:28:43.4468,124.2,402.6,fixation
14:28:43.4473,124.5,401.6,fixation
14:28:43.4478,125.0,399.9,fixation
14:28:43.4483,125.3,398.1,fixation
14:28:43.4488,125.2,399.5,fixation
14:28:43.4493,124.7,401.5,fixation
14:28:43.4498,124.4,402.9,fixation
14:28:43.4503,124.7,402.3,fixation
14:28:43.4508,125.2,401.9,fixation
14:28:43.4513,125.5,402.1,fixation
14:28:43.4518,125.3,402.9,fixation
14:28:43.4523,125.1,403.7,fixation
14:28:43.4528,124.1,403.3,fixation
14:28:43.4533,123.3,402.3,fixation
14:28:43.4538,122.6,401.3,fixation
14:28:43.4543,123.0,401.5,fixation
14:28:43.4548,123.4,402.0,fixation
14:28:43.4553,123.8,402.5,fixation
14:28:43.4558,124.4,402.3,fixation
14:28:43.4563,124.8,401.8,fixation
14:28:43.4568,125.1,401.2,fixation
14:28:43.4573,125.2,401.0,fixation
14:28:43.4578,125.5,400.3,fixation
14:28:43.4583,125.8,399.6,fixation
14:28:43.4588,125.8,399.3,fixation
14:28:43.4593,125.6,399.3,fixation
14:28:43.4598,125.4,398.4,fixation
14:28:43.4603,125.4,397.5,fixation
14:28:43.4608,125.4,396.5,fixation
14:28:43.4613,125.4,396.4,fixation
14:28:43.4618,125.0,398.1,fixation
14:28:43.4623,124.8,399.8,fixation
14:28:43.4628,125.0,399.5,fixation
14:28:43.4633,125.5,397.6,fixation
14:28:43.4638,125.4,395.7,fixation
14:28:43.4643,124.8,395.9,fixation
14:28:43.4648,125.3,396.6,fixation
14:28:43.4653,126.3,397.3,fixation
14:28:43.4658,127.0,397.2,fixation
14:28:43.4663,126.9,396.6,fixation
14:28:43.4668,126.7,396.3,fixation
14:28:43.4673,126.2,396.7,fixation
14:28:43.4678,125.4,398.0,fixation
14:28:43.4683,124.6,399.1,fixation
14:28:43.4688,124.4,400.2,fixation
14:28:43.4693,124.5,400.3,fixation
14:28:43.4698,124.7,399.7,fixation
14:28:43.4703,124.9,398.9,fixation
14:28:43.4708,125.1,398.3,fixation
14:28:43.4713,124.0,398.3,fixation
14:28:43.4718,122.9,398.3,fixation
14:28:43.4723,122.0,397.2,fixation
14:28:43.4728,122.4,396.4,fixation
14:28:43.4733,122.6,396.4,fixation
14:28:43.4738,122.6,397.2,fixation
14:28:43.4743,121.5,397.9,fixation
14:28:43.4748,120.5,398.3,fixation
14:28:43.4753,119.9,398.9,fixation
14:28:43.4758,120.3,399.6,fixation
14:28:43.4763,120.8,399.5,fixation
14:28:43.4768,121.1,399.3,fixation
14:28:43.4773,121.2,399.1,fixation
14:28:43.4778,121.3,397.4,fixation
14:28:43.4783,121.1,395.8,fixation
14:28:43.4788,120.2,394.2,fixation
14:28:43.4793,119.1,394.2,fixation
14:28:43.4798,118.4,393.9,fixation
14:28:43.4803,118.0,393.2,fixation
14:28:43.4808,117.6,392.0,fixation
14:28:43.4813,117.2,391.2,fixation
14:28:43.4818,117.1,391.2,fixation
14:28:43.4823,116.6,391.7,fixation
14:28:43.4828,116.2,392.1,fixation
14:28:43.4833,115.5,391.8,fixation
14:28:43.4838,115.3,391.3,fixation
14:28:43.4843,115.1,391.0,fixation
14:28:43.4848,115.3,391.0,fixation
14:28:43.4853,115.2,391.3,fixation
14:28:43.4858,115.1,391.4,fixation
14:28:43.4863,114.3,390.6,fixation
14:28:43.4868,113.6,389.1,fixation
14:28:43.4873,113.0,387.7,fixation
14:28:43.4878,113.1,387.3,fixation
14:28:43.4883,112.9,388.0,fixation
14:28:43.4888,112.3,388.7,fixation
14:28:43.4893,111.6,389.2,fixation
14:28:43.4898,111.0,388.7,fixation
14:28:43.4903,110.8,388.2,fixation
14:28:43.4908,110.0,387.9,fixation
14:28:43.4913,109.2,388.2,fixation
14:28:43.4918,108.7,388.5,fixation
14:28:43.4923,108.8,388.2,fixation
14:28:43.4928,109.0,388.0,fixation
14:28:43.4933,109.0,387.8,fixation
14:28:43.4938,108.8,387.2,fixation
14:28:43.4943,108.3,386.6,fixation
14:28:43.4948,107.8,386.1,fixation
14:28:43.4953,107.6,385.9,fixation
14:28:43.4958,107.6,385.5,fixation
14:28:43.4963,107.6,384.8,fixation
14:28:43.4968,107.5,384.2,fixation
14:28:43.4973,107.6,383.7,fixation
14:28:43.4978,107.8,383.0,fixation
14:28:43.4983,108.0,382.3,fixation
14:28:43.4988,108.2,381.7,fixation
14:28:43.4993,108.2,381.5,fixation
14:28:43.4998,108.4,381.3,fixation
14:28:43.5003,108.7,380.6,fixation
14:28:43.5008,108.7,379.7,fixation
14:28:43.5013,108.6,378.7,fixation
14:28:43.5018,108.4,378.8,fixation
14:28:43.5023,108.6,379.5,fixation
14:28:43.5028,108.7,380.4,fixation
14:28:43.5033,108.5,381.1,fixation
14:28:43.5038,108.1,381.4,fixation
14:28:43.5043,107.7,381.4,fixation
14:28:43.5048,107.8,381.2,fixation
14:28:43.5053,108.1,381.0,fixation
14:28:43.5058,108.0,380.9,fixation
14:28:43.5063,107.5,380.6,fixation
14:28:43.5068,107.0,380.4,fixation
14:28:43.5073,107.0,380.4,fixation
14:28:43.5078,107.4,380.9,fixation
14:28:43.5083,107.5,382.2,fixation
14:28:43.5088,107.5,383.4,fixation
14:28:43.5093,106.1,384.7,saccade
14:28:43.5098,104.2,384.9,saccade
14:28:43.5103,102.4,384.8,saccade
14:28:43.5108,101.0,384.7,saccade
14:28:43.5113,100.6,384.9,saccade
14:28:43.5118,100.5,385.4,saccade
14:28:43.5123,101.2,386.1,saccade
14:28:43.5128,102.1,386.5,saccade
14:28:43.5133,103.0,386.9,saccade
14:28:43.5138,103.4,387.4,saccade
14:28:43.5143,103.9,387.3,saccade
14:28:43.5148,104.6,386.6,saccade
14:28:43.5153,104.9,385.6,saccade
14:28:43.5158,105.1,385.0,saccade
14:28:43.5163,105.8,385.0,saccade
14:28:43.5168,107.1,384.1,saccade
14:28:43.5173,108.4,383.2,saccade
14:28:43.5178,108.9,382.5,saccade
14:28:43.5183,.,.,blink
14:28:43.5188,.,.,blink
14:28:43.5193,.,.,blink
14:28:43.5198,.,.,blink
14:28:43.5203,.,.,blink
14:28:43.5208,.,.,blink
14:28:43.5213,.,.,blink
14:28:43.5218,.,.,blink
14:28:43.5223,.,.,blink
14:28:43.5228,.,.,blink
14:28:43.5233,.,.,blink
14:28:43.5238,.,.,blink
14:28:43.5243,.,.,blink
14:28:43.5248,.,.,blink
14:28:43.5253,.,.,blink
14:28:43.5258,.,.,blink
14:28:43.5263,.,.,blink
14:28:43.5268,.,.,blink
14:28:43.5273,.,.,blink
14:28:43.5278,.,.,blink
14:28:43.5283,.,.,blink
14:28:43.5288,.,.,blink
14:28:43.5293,.,.,blink
14:28:43.5298,.,.,blink
14:28:43.5303,.,.,blink
14:28:43.5308,.,.,blink
14:28:43.5313,.,.,blink
14:28:43.5318,.,.,blink
14:28:43.5323,.,.,blink
14:28:43.5328,.,.,blink
14:28:43.5333,.,.,blink
14:28:43.5338,.,.,blink
14:28:43.5343,.,.,blink
14:28:43.5348,.,.,blink
14:28:43.5353,.,.,blink
14:28:43.5358,.,.,blink
14:28:43.5363,.,.,blink
14:28:43.5368,.,.,blink
14:28:43.5373,.,.,blink
14:28:43.5378,.,.,blink
14:28:43.5383,.,.,blink
14:28:43.5388,.,.,blink
14:28:43.5393,.,.,blink
14:28:43.5398,.,.,blink
14:28:43.5403,.,.,blink
14:28:43.5408,.,.,blink
14:28:43.5413,.,.,blink
14:28:43.5418,.,.,blink
14:28:43.5423,.,.,blink
14:28:43.5428,.,.,blink
14:28:43.5433,.,.,blink
14:28:43.5438,.,.,blink
14:28:43.5443,.,.,blink
14:28:43.5448,100.1,378.3,fixation
14:28:43.5453,101.6,378.5,fixation
14:28:43.5458,102.5,378.6,fixation
14:28:43.5463,102.5,378.1,fixation
14:28:43.5468,102.2,376.8,fixation
14:28:43.5473,102.0,375.4,fixation
14:28:43.5478,102.2,374.6,fixation
14:28:43.5483,102.5,374.6,fixation
14:28:43.5488,103.0,374.7,fixation
14:28:43.5493,103.4,374.8,fixation
14:28:43.5498,102.8,375.3,fixation
14:28:43.5503,102.0,375.7,fixation
14:28:43.5508,101.4,376.2,fixation
14:28:43.5513,101.9,376.1,fixation
14:28:43.5518,103.0,375.6,fixation
14:28:43.5523,103.8,375.1,fixation
14:28:43.5528,104.2,375.0,fixation
14:28:43.5533,104.0,375.4,fixation
14:28:43.5538,104.0,375.9,fixation
14:28:43.5543,104.2,376.0,fixation
14:28:43.5548,104.2,376.1,fixation
14:28:43.5553,103.9,376.3,fixation
14:28:43.5558,103.6,376.5,fixation
14:28:43.5563,103.4,376.6,fixation
14:28:43.5568,103.3,376.5,fixation
14:28:43.5573,102.4,376.0,fixation
14:28:43.5578,101.7,375.4,fixation
14:28:43.5583,101.1,374.8,fixation
14:28:43.5588,101.1,374.5,fixation
14:28:43.5593,100.6,373.9,fixation
14:28:43.5598,100.1,373.2,fixation
14:28:43.5603,99.7,373.4,fixation
14:28:43.5608,99.7,374.2,fixation
14:28:43.5613,99.4,376.0,fixation
14:28:43.5618,99.1,376.9,fixation
14:28:43.5623,98.6,377.7,fixation
14:28:43.5628,98.3,377.6,fixation
14:28:43.5633,98.3,377.5,fixation
14:28:43.5638,99.2,377.7,fixation
14:28:43.5643,100.2,377.8,fixation
14:28:43.5648,100.5,377.6,fixation
14:28:43.5653,100.3,377.2,fixation
14:28:43.5658,99.6,377.8,fixation
14:28:43.5663,99.2,378.6,fixation
14:28:43.5668,99.3,379.2,fixation
14:28:43.5673,99.8,378.6,fixation
14:28:43.5678,100.1,378.1,fixation
14:28:43.5683,99.9,377.8,fixation
14:28:43.5688,99.8,377.6,fixation
14:28:43.5693,100.0,377.0,fixation
14:28:43.5698,100.2,376.2,fixation
14:28:43.5703,100.6,375.6,fixation
14:28:43.5708,100.9,375.3,fixation
14:28:43.5713,100.2,375.1,fixation
14:28:43.5718,99.2,375.0,fixation
14:28:43.5723,98.9,374.8,fixation
14:28:43.5728,99.6,374.8,fixation
14:28:43.5733,98.8,374.8,fixation
14:28:43.5738,97.3,375.0,fixation
14:28:43.5743,96.5,375.2,fixation
14:28:43.5748,97.9,374.3,fixation
14:28:43.5753,99.2,373.3,fixation
14:28:43.5758,99.9,372.4,fixation
14:28:43.5763,99.7,372.3,fixation
14:28:43.5768,99.5,372.2,fixation
14:28:43.5773,99.3,372.1,fixation
14:28:43.5778,99.0,371.9,fixation
14:28:43.5783,98.7,371.8,fixation
14:28:43.5788,98.5,372.2,fixation
14:28:43.5793,99.0,372.8,fixation
14:28:43.5798,99.6,373.2,fixation
14:28:43.5803,99.6,373.1,fixation
14:28:43.5808,99.3,372.9,fixation
14:28:43.5813,99.0,372.6,fixation
14:28:43.5818,99.5,369.9,fixation
14:28:43.5823,99.3,367.1,fixation
14:28:43.5828,98.7,365.6,fixation
14:28:43.5833,97.6,366.2,fixation
14:28:43.5838,97.6,367.0,fixation
14:28:43.5843,97.9,366.8,fixation
14:28:43.5848,98.3,366.7,fixation
14:28:43.5853,98.5,366.2,fixation
14:28:43.5858,98.5,365.8,fixation
14:28:43.5863,98.8,366.8,fixation
14:28:43.5868,99.2,368.2,fixation
14:28:43.5873,99.5,369.5,fixation
14:28:43.5878,99.5,369.5,fixation
14:28:43.5883,99.5,369.2,fixation
14:28:43.5888,100.1,369.0,fixation
14:28:43.5893,100.7,368.8,fixation
14:28:43.5898,100.6,368.6,fixation
14:28:43.5903,99.8,368.7,fixation
14:28:43.5908,99.2,369.0,fixation
14:28:43.5913,99.2,369.7,fixation
14:28:43.5918,99.3,370.1,fixation
14:28:43.5923,99.1,370.5,fixation
14:28:43.5928,99.1,370.2,fixation
14:28:43.5933,99.2,370.0,fixation
14:28:43.5938,99.4,370.0,fixation
14:28:43.5943,99.5,371.0,fixation
14:28:43.5948,99.7,371.9,fixation
14:28:43.5953,100.0,371.6,fixation
14:28:43.5958,100.1,371.1,fixation
14:28:43.5963,100.1,370.6,fixation
14:28:43.5968,100.1,370.9,fixation
14:28:43.5973,100.2,370.9,fixation
14:28:43.5978,100.1,370.5,fixation
14:28:43.5983,100.2,369.8,fixation
14:28:43.5988,100.6,369.2,fixation
14:28:43.5993,101.2,368.8,fixation
14:28:43.5998,102.0,368.7,fixation
14:28:43.6003,102.6,368.8,fixation
14:28:43.6008,103.2,369.1,fixation
14:28:43.6013,103.5,369.2,fixation
14:28:43.6018,103.5,369.2,fixation
14:28:43.6023,103.7,368.2,fixation
14:28:43.6028,103.9,367.2,fixation
14:28:43.6033,104.0,366.4,fixation
14:28:43.6038,104.1,367.0,fixation
14:28:43.6043,104.1,367.6,fixation
14:28:43.6048,104.2,367.6,fixation
14:28:43.6053,104.2,367.0,fixation
14:28:43.6058,104.2,366.7,fixation
14:28:43.6063,104.1,366.8,fixation
14:28:43.6068,104.0,366.8,fixation
14:28:43.6073,104.0,366.3,fixation
14:28:43.6078,104.1,365.8,fixation
14:28:43.6083,104.5,365.7,fixation
14:28:43.6088,104.8,365.8,fixation
14:28:43.6093,105.3,365.7,fixation
14:28:43.6098,105.4,365.3,fixation
14:28:43.6103,105.4,364.8,fixation
14:28:43.6108,105.5,364.5,fixation
14:28:43.6113,105.6,363.9,fixation
14:28:43.6118,105.8,364.1,fixation
14:28:43.6123,105.8,364.2,fixation
14:28:43.6128,105.6,365.0,fixation
14:28:43.6133,105.7,365.1,fixation
14:28:43.6138,105.8,364.9,fixation
14:28:43.6143,104.9,364.2,fixation
14:28:43.6148,103.8,363.5,fixation
14:28:43.6153,103.6,363.0,fixation
14:28:43.6158,104.6,362.8,fixation
14:28:43.6163,105.7,362.3,fixation
14:28:43.6168,105.9,361.9,fixation
14:28:43.6173,105.3,361.3,fixation
14:28:43.6178,104.7,360.9,fixation
14:28:43.6183,104.6,361.1,fixation
14:28:43.6188,105.4,362.0,fixation
14:28:43.6193,106.3,362.8,fixation
14:28:43.6198,106.8,362.5,fixation
14:28:43.6203,106.8,361.7,fixation
14:28:43.6208,106.8,360.9,fixation
14:28:43.6213,106.5,360.9,fixation
14:28:43.6218,105.9,360.6,fixation
14:28:43.6223,105.3,360.3,fixation
14:28:43.6228,104.8,360.0,fixation
14:28:43.6233,104.9,359.9,fixation
14:28:43.6238,105.3,359.8,fixation
14:28:43.6243,105.6,360.2,fixation
14:28:43.6248,105.8,360.5,fixation
14:28:43.6253,105.9,360.6,fixation
14:28:43.6258,105.0,360.1,fixation
14:28:43.6263,103.9,360.0,fixation
14:28:43.6268,103.6,360.2,fixation
14:28:43.6273,104.4,360.2,fixation
14:28:43.6278,105.0,359.9,fixation
14:28:43.6283,104.6,359.0,fixation
14:28:43.6288,104.0,358.6,fixation
14:28:43.6293,103.6,359.1,fixation
14:28:43.6298,103.5,359.9,fixation
14:28:43.6303,103.6,360.5,fixation
14:28:43.6308,103.7,360.2,fixation
14:28:43.6313,103.7,359.7,fixation
14:28:43.6318,103.7,359.4,fixation
14:28:43.6323,104.0,358.7,fixation
14:28:43.6328,104.3,358.2,fixation
14:28:43.6333,103.9,358.2,fixation
14:28:43.6338,103.4,358.7,fixation
14:28:43.6343,102.8,359.3,fixation
14:28:43.6348,102.5,359.4,fixation
14:28:43.6353,102.4,359.3,fixation
14:28:43.6358,102.2,359.1,fixation
14:28:43.6363,102.3,358.7,fixation
14:28:43.6368,102.5,358.1,fixation
14:28:43.6373,102.7,357.3,fixation
14:28:43.6378,103.0,356.9,fixation
14:28:43.6383,103.0,356.8,fixation
14:28:43.6388,102.8,357.0,fixation
14:28:43.6393,102.7,357.1,fixation
14:28:43.6398,102.6,357.2,fixation
14:28:43.6403,102.6,357.1,fixation
14:28:43.6408,101.9,356.8,fixation
14:28:43.6413,100.9,356.5,fixation
14:28:43.6418,99.9,356.2,fixation
14:28:43.6423,99.5,356.3,fixation
14:28:43.6428,99.5,356.5,fixation
14:28:43.6433,100.3,357.4,fixation
14:28:43.6438,101.0,358.2,fixation
14:28:43.6443,101.6,358.0,fixation
14:28:43.6448,101.3,356.9,fixation
14:28:43.6453,101.1,355.7,fixation
14:28:43.6458,101.0,355.5,fixation
14:28:43.6463,100.8,355.6,fixation
14:28:43.6468,100.0,355.6,fixation
14:28:43.6473,99.4,355.4,fixation
14:28:43.6478,98.9,355.3,fixation
14:28:43.6483,99.0,355.4,fixation
14:28:43.6488,99.2,355.1,fixation
14:28:43.6493,99.5,355.0,fixation
14:28:43.6498,101.2,355.2,fixation
14:28:43.6503,102.8,355.5,fixation
14:28:43.6508,103.8,355.6,fixation
14:28:43.6513,103.3,355.4,fixation
14:28:43.6518,102.6,355.6,fixation
14:28:43.6523,103.2,356.1,fixation
14:28:43.6528,103.9,356.7,fixation
14:28:43.6533,105.0,356.8,fixation
14:28:43.6538,105.5,356.7,fixation
14:28:43.6543,106.3,356.7,fixation
14:28:43.6548,107.1,355.5,fixation
14:28:43.6553,107.6,354.1,fixation
14:28:43.6558,107.8,353.0,fixation
14:28:43.6563,107.7,353.5,fixation
14:28:43.6568,107.9,353.7,fixation
14:28:43.6573,108.2,353.7,fixation
14:28:43.6578,108.5,353.4,fixation
14:28:43.6583,108.7,353.4,fixation
14:28:43.6588,108.7,353.2,fixation
14:28:43.6593,108.5,352.9,fixation
14:28:43.6598,108.3,353.0,fixation
14:28:43.6603,108.4,353.4,fixation
14:28:43.6608,108.9,353.5,fixation
14:28:43.6613,109.3,353.6,fixation
14:28:43.6618,109.2,353.7,fixation
14:28:43.6623,109.0,354.0,fixation
14:28:43.6628,109.1,354.5,fixation
14:28:43.6633,109.4,353.8,fixation
14:28:43.6638,109.5,353.0,fixation
14:28:43.6643,109.1,352.5,fixation
14:28:43.6648,108.2,352.9,fixation
14:28:43.6653,106.9,353.8,fixation
14:28:43.6658,106.1,354.5,fixation
14:28:43.6663,105.6,354.9,fixation
14:28:43.6668,105.6,355.7,fixation
14:28:43.6673,105.3,356.4,fixation
14:28:43.6678,104.6,357.0,fixation
14:28:43.6683,104.0,356.8,fixation
14:28:43.6688,103.8,356.8,fixation
14:28:43.6693,104.1,356.8,fixation
14:28:43.6698,104.2,357.5,fixation
14:28:43.6703,104.3,358.1,fixation
14:28:43.6708,102.7,358.1,fixation
14:28:43.6713,101.2,357.7,fixation
14:28:43.6718,100.9,357.6,fixation
14:28:43.6723,102.0,357.6,fixation
14:28:43.6728,103.8,356.6,fixation
14:28:43.6733,104.4,355.4,fixation
14:28:43.6738,105.1,355.6,fixation
14:28:43.6743,105.2,356.3,fixation
14:28:43.6748,105.3,356.9,fixation
14:28:43.6753,104.4,356.5,fixation
14:28:43.6758,103.4,356.2,fixation
14:28:43.6763,103.1,356.0,fixation
14:28:43.6768,103.8,356.0,fixation
14:28:43.6773,104.5,355.1,fixation
14:28:43.6778,104.4,354.1,fixation
14:28:43.6783,104.3,353.2,fixation
14:28:43.6788,104.1,353.1,fixation
14:28:43.6793,104.0,353.0,fixation
14:28:43.6798,104.0,353.1,fixation
14:28:43.6803,104.3,353.5,fixation
14:28:43.6808,104.5,353.9,fixation
14:28:43.6813,104.6,354.0,fixation
14:28:43.6818,104.5,353.7,fixation
14:28:43.6823,104.3,353.4,fixation
14:28:43.6828,104.6,353.3,fixation
14:28:43.6833,104.9,353.3,fixation
14:28:43.6838,105.1,353.4,fixation
14:28:43.6843,105.0,353.4,fixation
14:28:43.6848,105.5,353.4,fixation
14:28:43.6853,106.1,353.1,fixation
14:28:43.6858,106.2,352.8,fixation
14:28:43.6863,105.8,352.5,fixation
14:28:43.6868,105.4,352.5,fixation
14:28:43.6873,105.2,352.5,fixation
14:28:43.6878,105.0,352.5,fixation
14:28:43.6883,104.9,352.6,fixation
14:28:43.6888,105.0,352.7,fixation
14:28:43.6893,105.4,351.4,fixation
14:28:43.6898,105.5,350.0,fixation
14:28:43.6903,105.7,348.6,fixation
14:28:43.6908,105.7,348.6,fixation
14:28:43.6913,106.0,348.5,fixation
14:28:43.6918,106.3,348.5,fixation
14:28:43.6923,106.0,348.3,fixation
14:28:43.6928,104.6,348.0,fixation
14:28:43.6933,103.5,347.9,fixation
14:28:43.6938,102.9,347.9,fixation
14:28:43.6943,103.2,347.9,fixation
14:28:43.6948,103.7,347.8,fixation
14:28:43.6953,103.8,349.6,fixation
14:28:43.6958,103.5,351.6,fixation
14:28:43.6963,102.6,352.7,fixation
14:28:43.6968,102.0,351.8,fixation
14:28:43.6973,101.5,351.0,fixation
14:28:43.6978,101.0,350.9,fixation
14:28:43.6983,100.7,350.9,fixation
14:28:43.6988,100.5,351.1,fixation
14:28:43.6993,100.5,351.5,fixation
14:28:43.6998,100.5,351.6,fixation
14:28:43.7003,100.2,351.3,fixation
14:28:43.7008,99.9,351.1,fixation
14:28:43.7013,99.5,351.1,fixation
14:28:43.7018,99.2,351.1,fixation
14:28:43.7023,98.4,352.2,fixation
14:28:43.7028,97.6,353.1,fixation
14:28:43.7033,97.3,354.2,fixation
14:28:43.7038,97.4,354.0,fixation
14:28:43.7043,97.5,353.5,fixation
14:28:43.7048,97.3,352.9,fixation
14:28:43.7053,96.8,352.2,fixation
14:28:43.7058,96.4,351.9,fixation
14:28:43.7063,96.1,351.4,fixation
14:28:43.7068,96.3,350.3,fixation
14:28:43.7073,96.7,348.5,fixation
14:28:43.7078,96.9,346.9,fixation
14:28:43.7083,96.9,346.5,fixation
14:28:43.7088,96.9,347.1,fixation
14:28:43.7093,97.0,347.7,fixation
14:28:43.7098,97.3,347.8,fixation
14:28:43.7103,98.4,348.2,fixation
14:28:43.7108,99.4,348.5,fixation
14:28:43.7113,100.4,348.8,fixation
14:28:43.7118,100.4,348.8,fixation
14:28:43.7123,100.6,349.3,fixation
14:28:43.7128,100.8,349.8,fixation
14:28:43.7133,100.8,348.2,fixation
14:28:43.7138,100.6,346.1,fixation
14:28:43.7143,100.1,344.7,fixation
14:28:43.7148,99.5,345.2,fixation
14:28:43.7153,98.8,346.3,fixation
14:28:43.7158,98.5,347.1,fixation
14:28:43.7163,98.3,348.0,fixation
14:28:43.7168,98.5,347.5,fixation
14:28:43.7173,99.0,346.4,fixation
14:28:43.7178,99.4,345.3,fixation
14:28:43.7183,99.2,346.5,fixation
14:28:43.7188,98.8,347.8,fixation
14:28:43.7193,98.5,349.1,fixation
14:28:43.7198,98.7,348.9,fixation
14:28:43.7203,99.0,348.7,fixation
14:28:43.7208,98.9,348.5,fixation
14:28:43.7213,98.5,348.6,fixation
14:28:43.7218,97.9,349.6,fixation
14:28:43.7223,97.9,350.4,fixation
14:28:43.7228,98.1,351.1,fixation
14:28:43.7233,98.6,351.0,fixation
14:28:43.7238,99.0,351.0,fixation
14:28:43.7243,99.1,351.1,fixation
14:28:43.7248,98.7,352.9,fixation
14:28:43.7253,98.6,354.6,fixation
14:28:43.7258,98.9,355.2,fixation
14:28:43.7263,99.3,354.2,fixation
14:28:43.7268,99.6,353.2,fixation
14:28:43.7273,99.7,353.3,fixation
14:28:43.7278,99.9,353.9,fixation
14:28:43.7283,100.1,354.5,fixation
14:28:43.7288,101.1,355.2,fixation
14:28:43.7293,102.2,354.6,fixation
14:28:43.7298,103.5,354.0,fixation
14:28:43.7303,103.5,353.2,fixation
14:28:43.7308,103.4,353.3,fixation
14:28:43.7313,103.0,353.4,fixation
14:28:43.7318,103.0,353.4,fixation
14:28:43.7323,103.0,353.3,fixation
14:28:43.7328,102.8,352.8,fixation
14:28:43.7333,102.5,352.3,fixation
14:28:43.7338,102.2,351.8,fixation
14:28:43.7343,102.0,351.7,fixation
14:28:43.7348,101.9,352.4,fixation
14:28:43.7353,101.7,353.5,fixation
14:28:43.7358,101.3,355.1,fixation
14:28:43.7363,101.0,356.0,fixation
14:28:43.7368,100.9,355.7,fixation
14:28:43.7373,100.7,354.7,fixation
14:28:43.7378,100.4,355.1,fixation
14:28:43.7383,100.2,357.2,fixation
14:28:43.7388,100.2,359.3,fixation
14:28:43.7393,100.3,359.7,fixation
14:28:43.7398,100.4,359.5,fixation
14:28:43.7403,99.7,359.0,fixation
14:28:43.7408,98.9,358.5,fixation
14:28:43.7413,98.2,358.0,fixation
14:28:43.7418,98.0,357.7,fixation
14:28:43.7423,97.8,357.8,fixation
14:28:43.7428,98.6,358.2,fixation
14:28:43.7433,99.7,358.9,fixation
14:28:43.7438,100.7,359.8,fixation
14:28:43.7443,100.0,360.1,fixation
14:28:43.7448,99.2,360.2,fixation
14:28:43.7453,98.4,359.9,fixation
14:28:43.7458,98.3,359.9,fixation
14:28:43.7463,97.8,360.2,fixation
14:28:43.7468,97.2,360.9,fixation
14:28:43.7473,96.9,361.6,fixation
14:28:43.7478,97.3,361.5,fixation
14:28:43.7483,97.9,361.1,fixation
14:28:43.7488,98.4,361.0,fixation
14:28:43.7493,98.8,361.5,fixation
14:28:43.7498,99.0,362.5,fixation
14:28:43.7503,99.2,363.0,fixation
14:28:43.7508,99.6,363.3,fixation
14:28:43.7513,100.7,363.4,fixation
14:28:43.7518,101.6,363.6,fixation
14:28:43.7523,101.5,364.0,fixation
14:28:43.7528,100.8,364.0,fixation
14:28:43.7533,100.0,363.8,fixation
14:28:43.7538,99.9,363.2,fixation
14:28:43.7543,99.8,362.8,fixation
14:28:43.7548,99.7,362.6,fixation
14:28:43.7553,99.7,362.4,fixation
14:28:43.7558,99.9,362.2,fixation
14:28:43.7563,100.1,362.0,fixation
14:28:43.7568,100.3,361.9,fixation
14:28:43.7573,100.8,361.8,fixation
14:28:43.7578,101.3,361.9,fixation
14:28:43.7583,101.7,361.9,fixation
14:28:43.7588,101.5,361.7,fixation
14:28:43.7593,101.3,361.7,fixation
14:28:43.7598,101.2,361.8,fixation
14:28:43.7603,101.2,361.8,fixation
14:28:43.7608,100.9,361.6,fixation
14:28:43.7613,100.4,361.5,fixation
14:28:43.7618,99.8,361.7,fixation
14:28:43.7623,99.5,362.0,fixation
14:28:43.7628,99.5,361.5,fixation
14:28:43.7633,99.5,360.8,fixation
14:28:43.7638,99.5,360.1,fixation
14:28:43.7643,99.7,360.5,fixation
14:28:43.7648,99.9,360.7,fixation
14:28:43.7653,100.2,360.5,fixation
14:28:43.7658,100.2,360.3,fixation
14:28:43.7663,100.2,360.6,fixation
14:28:43.7668,100.2,361.3,fixation
14:28:43.7673,100.5,361.7,fixation
14:28:43.7678,100.9,361.6,fixation
14:28:43.7683,101.0,360.7,fixation
14:28:43.7688,100.9,359.8,fixation
14:28:43.7693,101.0,360.2,fixation
14:28:43.7698,101.2,361.4,fixation
14:28:43.7703,101.4,362.6,fixation
14:28:43.7708,101.2,362.6,fixation
14:28:43.7713,101.3,361.9,fixation
14:28:43.7718,101.4,361.3,fixation
14:28:43.7723,101.4,360.6,fixation
14:28:43.7728,101.9,360.4,fixation
14:28:43.7733,102.4,359.8,fixation
14:28:43.7738,102.9,359.1,fixation
14:28:43.7743,102.9,358.6,fixation
14:28:43.7748,102.5,359.8,fixation
14:28:43.7753,101.7,361.1,fixation
14:28:43.7758,101.2,361.0,fixation
14:28:43.7763,101.0,359.5,fixation
14:28:43.7768,101.1,358.8,fixation
14:28:43.7773,101.6,360.6,fixation
14:28:43.7778,102.1,362.3,fixation
14:28:43.7783,102.8,362.4,fixation
14:28:43.7788,102.8,361.0,fixation
14:28:43.7793,102.7,359.8,fixation
14:28:43.7798,102.9,359.6,fixation
14:28:43.7803,103.1,360.8,fixation
14:28:43.7808,103.3,361.7,fixation
14:28:43.7813,103.3,362.4,fixation
14:28:43.7818,103.4,362.2,fixation
14:28:43.7823,103.5,361.2,fixation
14:28:43.7828,103.5,360.3,fixation
14:28:43.7833,103.3,359.4,fixation
14:28:43.7838,102.7,359.7,fixation
14:28:43.7843,102.1,360.0,fixation
14:28:43.7848,102.3,359.2,fixation
14:28:43.7853,102.8,358.0,fixation
14:28:43.7858,103.7,357.0,fixation
14:28:43.7863,104.2,357.4,fixation
14:28:43.7868,104.4,357.6,fixation
14:28:43.7873,104.1,357.7,fixation
14:28:43.7878,103.7,357.2,fixation
14:28:43.7883,103.1,356.8,fixation
14:28:43.7888,102.5,356.6,fixation
14:28:43.7893,103.1,357.4,fixation
14:28:43.7898,104.0,358.3,fixation
14:28:43.7903,104.2,359.3,fixation
14:28:43.7908,103.5,359.5,fixation
14:28:43.7913,102.7,359.9,fixation
14:28:43.7918,102.6,360.3,fixation
14:28:43.7923,103.0,361.1,fixation
14:28:43.7928,103.7,361.7,fixation
14:28:43.7933,104.3,362.3,fixation
14:28:43.7938,103.9,361.8,fixation
14:28:43.7943,103.6,360.0,fixation
14:28:43.7948,103.5,358.3,fixation
14:28:43.7953,103.8,357.8,fixation
14:28:43.7958,103.9,358.6,fixation
14:28:43.7963,103.9,359.5,fixation
14:28:43.7968,103.9,359.9,fixation
14:28:43.7973,104.3,358.6,fixation
14:28:43.7978,104.6,357.2,fixation
14:28:43.7983,104.7,355.8,fixation
14:28:43.7988,104.0,356.0,fixation
14:28:43.7993,103.4,356.2,fixation
14:28:43.7998,103.3,356.3,fixation
14:28:43.8003,103.4,357.0,fixation
14:28:43.8008,103.5,357.6,fixation
14:28:43.8013,103.2,358.1,fixation
14:28:43.8018,103.1,358.0,fixation
14:28:43.8023,102.9,358.2,fixation
14:28:43.8028,102.5,358.3,fixation
14:28:43.8033,102.1,358.5,fixation
14:28:43.8038,101.7,358.6,fixation
14:28:43.8043,101.7,359.1,fixation
14:28:43.8048,101.8,359.5,fixation
14:28:43.8053,102.2,360.1,fixation
14:28:43.8058,102.6,359.7,fixation
14:28:43.8063,103.0,359.3,fixation
14:28:43.8068,103.1,359.0,fixation
14:28:43.8073,102.5,359.1,fixation
14:28:43.8078,101.6,359.2,fixation
14:28:43.8083,100.8,358.5,saccade
14:28:43.8088,101.3,357.8,saccade
14:28:43.8093,102.1,357.3,saccade
14:28:43.8098,102.6,357.3,saccade
14:28:43.8103,103.2,357.4,saccade
14:28:43.8108,103.7,357.8,saccade
14:28:43.8113,104.6,358.3,saccade
14:28:43.8118,105.2,358.7,saccade
14:28:43.8123,105.5,358.7,saccade
14:28:43.8128,106.3,359.0,saccade
14:28:43.8133,108.5,359.2,saccade
14:28:43.8138,110.8,359.4,saccade
14:28:43.8143,112.3,359.2,saccade
14:28:43.8148,113.4,359.4,saccade
14:28:43.8153,115.5,359.7,saccade
14:28:43.8158,118.4,361.5,saccade
14:28:43.8163,120.8,363.3,saccade
14:28:43.8168,122.9,364.9,saccade
14:28:43.8173,125.8,364.1,saccade
14:28:43.8178,129.0,363.3,saccade
14:28:43.8183,133.0,362.7,saccade
14:28:43.8188,136.6,363.4,saccade
14:28:43.8193,140.1,363.5,saccade
14:28:43.8198,143.2,363.5,saccade
14:28:43.8203,145.7,362.3,saccade
14:28:43.8208,149.1,361.9,saccade
14:28:43.8213,152.2,359.9,saccade
14:28:43.8218,155.6,359.1,saccade
14:28:43.8223,157.3,357.9,saccade
14:28:43.8228,159.1,358.3,saccade
14:28:43.8233,160.1,358.1,saccade
14:28:43.8238,161.3,357.9,saccade
14:28:43.8243,161.8,357.6,saccade
14:28:43.8248,162.3,357.8,saccade
14:28:43.8253,162.8,357.3,saccade
14:28:43.8258,163.1,356.5,saccade
14:28:43.8263,163.0,355.4,saccade
14:28:43.8268,162.1,354.8,saccade
14:28:43.8273,161.3,353.8,saccade
14:28:43.8278,160.2,353.0,saccade
14:28:43.8283,159.5,352.2,saccade
14:28:43.8288,157.2,351.9,fixation
14:28:43.8293,156.3,352.1,fixation
14:28:43.8298,155.5,353.3,fixation
14:28:43.8303,154.2,354.2,fixation
14:28:43.8308,152.8,354.9,fixation
14:28:43.8313,151.6,354.7,fixation
14:28:43.8318,150.2,354.6,fixation
14:28:43.8323,148.8,355.8,fixation
14:28:43.8328,147.4,356.9,fixation
14:28:43.8333,147.4,357.5,fixation
14:28:43.8338,147.9,356.5,fixation
14:28:43.8343,148.4,355.6,fixation
14:28:43.8348,148.9,356.3,fixation
14:28:43.8353,149.1,357.3,fixation
14:28:43.8358,148.9,358.8,fixation
14:28:43.8363,148.6,359.6,fixation
14:28:43.8368,149.4,360.4,fixation
14:28:43.8373,150.4,360.3,fixation
14:28:43.8378,150.9,359.8,fixation
14:28:43.8383,150.4,359.1,fixation
14:28:43.8388,149.9,358.1,fixation
14:28:43.8393,150.0,357.3,fixation
14:28:43.8398,150.0,356.6,fixation
14:28:43.8403,149.9,356.3,fixation
14:28:43.8408,150.6,355.2,fixation
14:28:43.8413,151.4,354.1,fixation
14:28:43.8418,152.1,353.2,fixation
14:28:43.8423,151.9,354.0,fixation
14:28:43.8428,151.4,354.6,fixation
14:28:43.8433,149.9,354.9,fixation
14:28:43.8438,148.5,354.4,fixation
14:28:43.8443,147.6,353.1,fixation
14:28:43.8448,146.7,352.2,fixation
14:28:43.8453,145.8,351.8,fixation
14:28:43.8458,144.6,352.2,fixation
14:28:43.8463,144.8,352.7,fixation
14:28:43.8468,145.2,352.4,fixation
14:28:43.8473,145.1,351.8,fixation
14:28:43.8478,144.7,351.1,fixation
14:28:43.8483,144.0,351.7,fixation
14:28:43.8488,144.3,352.6,fixation
14:28:43.8493,144.6,353.6,fixation
14:28:43.8498,145.7,354.2,fixation
14:28:43.8503,146.3,354.7,fixation
14:28:43.8508,146.8,355.0,fixation
14:28:43.8513,146.6,354.6,fixation
14:28:43.8518,147.5,354.0,fixation
14:28:43.8523,148.4,353.6,fixation
14:28:43.8528,149.8,353.9,fixation
14:28:43.8533,150.3,354.3,fixation
14:28:43.8538,151.0,354.5,fixation
14:28:43.8543,151.2,354.4,fixation
14:28:43.8548,152.3,354.8,fixation
14:28:43.8553,153.3,355.3,fixation
14:28:43.8558,154.3,355.9,fixation
14:28:43.8563,154.6,356.0,fixation
14:28:43.8568,155.6,354.9,fixation
14:28:43.8573,156.6,353.8,fixation
14:28:43.8578,157.1,353.0,fixation
14:28:43.8583,157.5,353.9,fixation
14:28:43.8588,157.8,355.7,fixation
14:28:43.8593,158.2,357.1,fixation
14:28:43.8598,158.2,357.9,fixation
14:28:43.8603,158.3,357.8,fixation
14:28:43.8608,158.3,357.8,fixation
14:28:43.8613,158.4,357.8,fixation
14:28:43.8618,158.0,357.7,fixation
14:28:43.8623,157.5,357.9,fixation
14:28:43.8628,157.1,358.1,fixation
14:28:43.8633,156.9,358.8,fixation
14:28:43.8638,156.8,359.5,fixation
14:28:43.8643,156.6,360.3,fixation
14:28:43.8648,156.6,360.3,fixation
14:28:43.8653,156.7,360.0,fixation
14:28:43.8658,156.8,359.6,fixation
14:28:43.8663,156.8,359.4,fixation
14:28:43.8668,156.8,359.0,fixation
14:28:43.8673,156.7,358.7,fixation
14:28:43.8678,156.6,358.5,fixation
14:28:43.8683,156.4,359.0,fixation
14:28:43.8688,156.4,359.6,fixation
14:28:43.8693,156.5,359.8,fixation
14:28:43.8698,156.8,359.5,fixation
14:28:43.8703,157.0,359.4,fixation
14:28:43.8708,156.9,359.5,fixation
14:28:43.8713,156.5,359.5,fixation
14:28:43.8718,155.2,359.3,fixation
14:28:43.8723,154.0,359.6,fixation
14:28:43.8728,153.4,359.8,fixation
14:28:43.8733,154.1,360.2,fixation
14:28:43.8738,154.7,360.6,fixation
14:28:43.8743,154.9,361.0,fixation
14:28:43.8748,154.9,361.1,fixation
14:28:43.8753,154.7,360.5,fixation
14:28:43.8758,154.7,360.0,fixation
14:28:43.8763,154.8,359.6,fixation
14:28:43.8768,155.1,359.4,fixation
14:28:43.8773,155.4,359.2,fixation
14:28:43.8778,155.5,359.3,fixation
14:28:43.8783,155.4,359.2,fixation
14:28:43.8788,155.2,358.7,fixation
14:28:43.8793,155.2,357.3,fixation
14:28:43.8798,155.3,356.2,fixation
14:28:43.8803,155.6,356.2,fixation
14:28:43.8808,155.7,357.2,fixation
14:28:43.8813,155.6,357.7,fixation
14:28:43.8818,155.0,357.4,fixation
14:28:43.8823,154.1,357.2,fixation
14:28:43.8828,153.5,357.4,fixation
14:28:43.8833,153.3,356.8,fixation
14:28:43.8838,153.4,356.1,fixation
14:28:43.8843,153.4,355.9,fixation
14:28:43.8848,153.5,356.8,fixation
14:28:43.8853,153.9,357.8,fixation
14:28:43.8858,154.5,357.8,fixation
14:28:43.8863,154.5,357.3,fixation
14:28:43.8868,154.4,356.8,fixation
14:28:43.8873,154.3,355.7,fixation
14:28:43.8878,153.9,354.6,fixation
14:28:43.8883,153.4,353.1,fixation
14:28:43.8888,152.6,352.6,fixation
14:28:43.8893,152.6,352.0,fixation
14:28:43.8898,152.5,351.4,fixation
14:28:43.8903,152.6,350.4,fixation
14:28:43.8908,153.2,349.7,fixation
14:28:43.8913,153.9,349.3,fixation
14:28:43.8918,154.7,349.4,fixation
14:28:43.8923,154.9,349.3,fixation
14:28:43.8928,154.9,349.1,fixation
14:28:43.8933,154.7,348.9,fixation
14:28:43.8938,154.9,348.9,fixation
14:28:43.8943,155.6,347.7,fixation
14:28:43.8948,155.4,346.2,fixation
14:28:43.8953,154.8,344.6,fixation
14:28:43.8958,153.9,344.7,fixation
14:28:43.8963,154.5,345.2,fixation
14:28:43.8968,155.0,345.9,fixation
14:28:43.8973,155.7,346.2,fixation
14:28:43.8978,155.9,345.3,fixation
14:28:43.8983,156.5,343.0,fixation
14:28:43.8988,157.4,340.8,fixation
14:28:43.8993,158.0,339.9,fixation
14:28:43.8998,158.5,340.3,fixation
14:28:43.9003,158.9,340.6,fixation
14:28:43.9008,159.1,340.4,fixation
14:28:43.9013,159.3,340.0,fixation
14:28:43.9018,159.7,339.7,fixation
14:28:43.9023,160.1,340.1,fixation
14:28:43.9028,160.3,340.8,fixation
14:28:43.9033,159.9,341.3,fixation
14:28:43.9038,159.3,341.2,fixation
14:28:43.9043,158.8,341.0,fixation
14:28:43.9048,158.2,341.2,fixation
14:28:43.9053,157.9,341.5,fixation
14:28:43.9058,157.9,341.3,fixation
14:28:43.9063,158.2,340.0,fixation
14:28:43.9068,158.6,338.6,fixation
14:28:43.9073,158.8,337.7,fixation
14:28:43.9078,158.9,337.4,fixation
14:28:43.9083,159.2,335.8,fixation
14:28:43.9088,159.4,334.3,fixation
14:28:43.9093,159.4,332.8,fixation
14:28:43.9098,159.1,333.1,fixation
14:28:43.9103,159.1,333.3,fixation
14:28:43.9108,159.7,333.3,fixation
14:28:43.9113,160.2,333.0,fixation
14:28:43.9118,160.9,330.4,fixation
14:28:43.9123,161.3,328.0,fixation
14:28:43.9128,161.9,325.8,fixation
14:28:43.9133,162.0,325.6,fixation
14:28:43.9138,162.3,325.3,fixation
14:28:43.9143,162.6,324.3,fixation
14:28:43.9148,162.4,323.5,fixation
14:28:43.9153,161.8,322.7,fixation
14:28:43.9158,161.2,322.0,fixation
14:28:43.9163,161.0,321.4,fixation
14:28:43.9168,161.0,320.9,fixation
14:28:43.9173,161.1,320.6,fixation
14:28:43.9178,161.4,320.0,fixation
14:28:43.9183,161.6,319.6,fixation
14:28:43.9188,161.5,319.6,fixation
14:28:43.9193,161.1,319.8,fixation
14:28:43.9198,160.9,318.7,fixation
14:28:43.9203,161.1,317.4,fixation
14:28:43.9208,161.4,316.1,fixation
14:28:43.9213,160.7,316.4,fixation
14:28:43.9218,159.9,316.7,fixation
14:28:43.9223,159.6,317.3,fixation
14:28:43.9228,159.9,317.8,fixation
14:28:43.9233,160.0,318.3,fixation
14:28:43.9238,159.7,317.3,fixation
14:28:43.9243,159.3,315.7,fixation
14:28:43.9248,159.1,314.2,fixation
14:28:43.9253,158.9,313.3,fixation
14:28:43.9258,159.1,312.4,fixation
14:28:43.9263,159.2,311.7,fixation
14:28:43.9268,159.5,311.6,fixation
14:28:43.9273,159.6,311.9,fixation
14:28:43.9278,159.6,311.8,fixation
14:28:43.9283,159.4,311.1,fixation
14:28:43.9288,159.3,310.5,fixation
14:28:43.9293,159.3,310.3,fixation
14:28:43.9298,160.4,309.3,fixation
14:28:43.9303,161.4,308.4,fixation
14:28:43.9308,162.1,307.4,fixation
14:28:43.9313,162.0,307.3,fixation
14:28:43.9318,162.1,306.7,fixation
14:28:43.9323,162.4,306.1,fixation
14:28:43.9328,162.8,305.6,fixation
14:28:43.9333,162.8,305.3,fixation
14:28:43.9338,162.6,304.6,fixation
14:28:43.9343,162.5,303.7,fixation
14:28:43.9348,162.7,303.1,fixation
14:28:43.9353,163.2,302.9,fixation
14:28:43.9358,163.6,303.0,fixation
14:28:43.9363,163.4,303.0,fixation
14:28:43.9368,162.6,302.8,fixation
14:28:43.9373,161.6,301.0,fixation
14:28:43.9378,160.7,299.3,fixation
14:28:43.9383,160.5,297.6,fixation
14:28:43.9388,160.5,297.5,fixation
14:28:43.9393,160.5,297.4,fixation
14:28:43.9398,160.4,296.9,fixation
14:28:43.9403,160.2,296.6,fixation
14:28:43.9408,160.7,296.3,fixation
14:28:43.9413,161.5,295.9,fixation
14:28:43.9418,162.3,295.4,fixation
14:28:43.9423,163.1,294.9,fixation
14:28:43.9428,163.8,295.1,fixation
14:28:43.9433,164.5,295.4,fixation
14:28:43.9438,163.9,295.1,fixation
14:28:43.9443,163.5,294.1,fixation
14:28:43.9448,163.1,292.8,fixation
14:28:43.9453,163.4,291.9,fixation
14:28:43.9458,164.2,291.4,fixation
14:28:43.9463,165.1,290.8,fixation
14:28:43.9468,165.8,290.2,fixation
14:28:43.9473,165.7,290.0,fixation
14:28:43.9478,165.1,290.0,fixation
14:28:43.9483,164.6,290.1,fixation
14:28:43.9488,164.6,288.6,fixation
14:28:43.9493,165.1,287.2,fixation
14:28:43.9498,165.3,285.8,fixation
14:28:43.9503,165.3,284.8,fixation
14:28:43.9508,165.1,283.8,fixation
14:28:43.9513,165.1,282.7,fixation
14:28:43.9518,165.2,282.5,fixation
14:28:43.9523,165.5,281.6,fixation
14:28:43.9528,165.4,280.1,fixation
14:28:43.9533,165.2,278.7,fixation
14:28:43.9538,164.9,277.7,fixation
14:28:43.9543,164.8,277.5,fixation
14:28:43.9548,164.3,276.9,fixation
14:28:43.9553,163.9,276.6,fixation
14:28:43.9558,163.5,276.2,fixation
14:28:43.9563,162.9,276.0,fixation
14:28:43.9568,162.2,276.3,fixation
14:28:43.9573,161.4,277.6,fixation
14:28:43.9578,161.3,279.1,fixation
14:28:43.9583,162.0,278.8,fixation
14:28:43.9588,162.9,277.4,fixation
14:28:43.9593,163.1,276.0,fixation
14:28:43.9598,162.4,276.2,fixation
14:28:43.9603,161.7,276.3,fixation
14:28:43.9608,162.0,273.5,fixation
14:28:43.9613,162.3,270.5,fixation
14:28:43.9618,163.1,267.8,fixation
14:28:43.9623,163.3,268.4,fixation
14:28:43.9628,163.5,269.4,fixation
14:28:43.9633,163.3,270.7,fixation
14:28:43.9638,163.2,271.9,fixation
14:28:43.9643,163.0,272.9,fixation
14:28:43.9648,162.8,273.7,fixation
14:28:43.9653,162.7,274.2,fixation
14:28:43.9658,162.7,274.6,fixation
14:28:43.9663,162.7,274.8,fixation
14:28:43.9668,163.0,273.4,fixation
14:28:43.9673,163.2,272.1,fixation
14:28:43.9678,163.4,271.2,fixation
14:28:43.9683,163.4,271.6,fixation
14:28:43.9688,163.5,271.9,fixation
14:28:43.9693,163.7,271.7,fixation
14:28:43.9698,163.5,272.8,fixation
14:28:43.9703,163.2,274.0,fixation
14:28:43.9708,163.0,275.5,fixation
14:28:43.9713,163.3,275.8,fixation
14:28:43.9718,163.7,275.1,fixation
14:28:43.9723,164.3,274.1,fixation
14:28:43.9728,164.8,272.8,fixation
14:28:43.9733,164.3,272.2,fixation
14:28:43.9738,163.6,271.5,fixation
14:28:43.9743,162.8,271.8,fixation
14:28:43.9748,162.5,273.5,fixation
14:28:43.9753,162.2,275.2,fixation
14:28:43.9758,162.0,275.8,fixation
14:28:43.9763,162.2,275.2,fixation
14:28:43.9768,162.6,274.0,fixation
14:28:43.9773,163.0,273.2,fixation
14:28:43.9778,163.4,272.8,fixation
14:28:43.9783,163.5,273.0,fixation
14:28:43.9788,163.5,273.1,fixation
14:28:43.9793,163.6,272.8,fixation
14:28:43.9798,163.7,272.2,fixation
14:28:43.9803,163.8,271.4,fixation
14:28:43.9808,163.5,270.9,fixation
14:28:43.9813,163.1,270.7,fixation
14:28:43.9818,162.6,270.8,fixation
14:28:43.9823,162.4,271.2,fixation
14:28:43.9828,162.3,271.6,fixation
14:28:43.9833,162.4,271.9,fixation
14:28:43.9838,162.5,271.4,fixation
14:28:43.9843,162.0,270.7,fixation
14:28:43.9848,161.4,270.0,fixation
14:28:43.9853,160.8,269.6,fixation
14:28:43.9858,161.1,267.3,fixation
14:28:43.9863,161.4,264.9,fixation
14:28:43.9868,161.6,262.8,fixation
14:28:43.9873,161.5,262.8,fixation
14:28:43.9878,161.8,263.0,fixation
14:28:43.9883,161.9,263.7,fixation
14:28:43.9888,161.9,265.1,fixation
14:28:43.9893,161.4,266.2,fixation
14:28:43.9898,161.2,265.9,fixation
14:28:43.9903,160.9,264.7,fixation
14:28:43.9908,160.7,263.6,fixation
14:28:43.9913,160.4,263.6,fixation
14:28:43.9918,160.9,263.0,fixation
14:28:43.9923,161.3,261.9,fixation
14:28:43.9928,161.9,260.0,fixation
14:28:43.9933,162.4,258.6,fixation
14:28:43.9938,162.8,258.7,fixation
14:28:43.9943,163.4,259.6,fixation
14:28:43.9948,164.1,260.7,fixation
14:28:43.9953,164.8,261.1,fixation
14:28:43.9958,165.2,261.4,fixation
14:28:43.9963,165.2,261.7,fixation
14:28:43.9968,165.1,261.9,fixation
14:28:43.9973,164.7,261.6,fixation
14:28:43.9978,164.2,261.2,fixation
14:28:43.9983,163.7,260.9,fixation
14:28:43.9988,163.9,260.2,fixation
14:28:43.9993,164.1,259.4,fixation
14:28:43.9998,164.4,258.2,fixation
14:28:44.0003,164.5,257.6,fixation
14:28:44.0008,164.6,256.9,fixation
14:28:44.0013,164.7,255.7,fixation
14:28:44.0018,164.6,254.7,fixation
14:28:44.0023,164.6,253.8,fixation
14:28:44.0028,164.3,254.4,fixation
14:28:44.0033,163.9,255.1,fixation
14:28:44.0038,163.4,255.8,fixation
14:28:44.0043,163.4,255.2,fixation
14:28:44.0048,163.6,254.7,fixation
14:28:44.0053,164.1,254.4,fixation
14:28:44.0058,164.1,254.7,fixation
14:28:44.0063,164.3,254.1,fixation
14:28:44.0068,164.5,253.4,fixation
14:28:44.0073,164.0,252.6,fixation
14:28:44.0078,163.4,252.1,fixation
14:28:44.0083,162.9,250.6,fixation
14:28:44.0088,163.1,249.3,fixation
14:28:44.0093,163.2,248.6,fixation
14:28:44.0098,162.9,248.5,fixation
14:28:44.0103,162.6,248.4,fixation
14:28:44.0108,162.6,248.4,fixation
14:28:44.0113,162.8,248.5,fixation
14:28:44.0118,163.0,248.4,fixation
14:28:44.0123,162.9,248.2,fixation
14:28:44.0128,162.9,247.2,fixation
14:28:44.0133,162.8,246.4,fixation
14:28:44.0138,162.8,245.7,fixation
14:28:44.0143,162.9,245.4,fixation
14:28:44.0148,163.0,244.8,fixation
14:28:44.0153,162.8,244.0,fixation
14:28:44.0158,162.4,243.3,fixation
14:28:44.0163,162.0,242.6,fixation
14:28:44.0168,162.8,242.1,fixation
14:28:44.0173,163.5,241.8,fixation
14:28:44.0178,163.2,241.6,fixation
14:28:44.0183,161.8,241.3,fixation
14:28:44.0188,160.4,240.8,fixation
14:28:44.0193,160.0,240.2,fixation
14:28:44.0198,160.2,239.7,fixation
14:28:44.0203,160.3,239.3,fixation
14:28:44.0208,160.4,239.3,fixation
14:28:44.0213,160.8,238.3,fixation
14:28:44.0218,161.2,237.3,fixation
14:28:44.0223,161.6,236.0,fixation
14:28:44.0228,161.7,235.8,fixation
14:28:44.0233,162.1,235.6,fixation
14:28:44.0238,162.4,236.0,fixation
14:28:44.0243,161.6,236.2,fixation
14:28:44.0248,160.8,235.8,fixation
14:28:44.0253,160.2,235.2,fixation
14:28:44.0258,161.1,234.5,fixation
14:28:44.0263,161.9,234.2,fixation
14:28:44.0268,162.3,234.0,fixation
14:28:44.0273,162.3,234.0,fixation
14:28:44.0278,162.4,233.6,fixation
14:28:44.0283,162.5,233.1,fixation
14:28:44.0288,162.7,232.8,fixation
14:28:44.0293,162.6,233.1,fixation
14:28:44.0298,162.6,233.5,fixation
14:28:44.0303,162.0,233.6,fixation
14:28:44.0308,161.4,233.5,fixation
14:28:44.0313,161.0,233.1,fixation
14:28:44.0318,161.4,233.1,fixation
14:28:44.0323,161.9,233.0,fixation
14:28:44.0328,162.3,233.3,fixation
14:28:44.0333,162.0,233.3,fixation
14:28:44.0338,161.4,233.1,fixation
14:28:44.0343,160.7,232.8,fixation
14:28:44.0348,160.6,232.5,fixation
14:28:44.0353,160.6,232.1,fixation
14:28:44.0358,160.7,231.5,fixation
14:28:44.0363,160.1,230.4,fixation
14:28:44.0368,159.4,229.5,fixation
14:28:44.0373,158.5,229.2,fixation
14:28:44.0378,158.3,229.6,fixation
14:28:44.0383,158.3,230.0,fixation
14:28:44.0388,158.6,230.8,fixation
14:28:44.0393,158.9,231.6,fixation
14:28:44.0398,159.0,232.4,fixation
14:28:44.0403,159.0,232.5,fixation
14:28:44.0408,158.9,232.5,fixation
14:28:44.0413,158.9,231.8,fixation
14:28:44.0418,158.6,231.3,fixation
14:28:44.0423,158.4,231.1,fixation
14:28:44.0428,158.7,231.6,fixation
14:28:44.0433,159.3,232.0,fixation
14:28:44.0438,159.7,232.0,fixation
14:28:44.0443,159.6,231.5,fixation
14:28:44.0448,160.1,231.2,fixation
14:28:44.0453,160.6,231.6,fixation
14:28:44.0458,160.6,232.2,fixation
14:28:44.0463,160.0,232.5,fixation
14:28:44.0468,159.5,232.2,fixation
14:28:44.0473,159.6,232.1,fixation
14:28:44.0478,159.9,231.2,fixation
14:28:44.0483,159.8,230.3,fixation
14:28:44.0488,159.4,230.1,fixation
14:28:44.0493,158.8,230.7,fixation
14:28:44.0498,158.5,231.4,fixation
14:28:44.0503,158.5,231.5,fixation
14:28:44.0508,158.6,231.8,fixation
14:28:44.0513,158.7,232.1,fixation
14:28:44.0518,158.9,232.4,fixation
14:28:44.0523,159.0,232.4,fixation
14:28:44.0528,159.0,232.6,fixation
14:28:44.0533,158.9,233.0,fixation
14:28:44.0538,158.5,233.5,fixation
14:28:44.0543,158.2,233.9,fixation
14:28:44.0548,157.9,234.0,fixation
14:28:44.0553,157.8,234.5,fixation
14:28:44.0558,157.7,234.9,fixation
14:28:44.0563,158.2,235.5,fixation
14:28:44.0568,158.9,235.7,fixation
14:28:44.0573,159.5,236.1,fixation
14:28:44.0578,158.6,236.1,fixation
14:28:44.0583,157.9,236.2,fixation
14:28:44.0588,157.2,236.2,fixation
14:28:44.0593,157.3,236.3,fixation
14:28:44.0598,157.3,236.3,fixation
14:28:44.0603,157.3,236.0,fixation
14:28:44.0608,157.4,235.7,fixation
14:28:44.0613,157.6,235.1,fixation
14:28:44.0618,157.5,234.6,fixation
14:28:44.0623,157.2,234.7,fixation
14:28:44.0628,156.8,235.1,fixation
14:28:44.0633,156.7,235.4,fixation
14:28:44.0638,156.8,235.2,fixation
14:28:44.0643,156.9,235.0,fixation
14:28:44.0648,157.1,235.0,fixation
14:28:44.0653,157.4,234.8,fixation
14:28:44.0658,157.8,234.8,fixation
14:28:44.0663,158.0,234.7,fixation
14:28:44.0668,157.9,234.8,fixation
14:28:44.0673,158.4,234.9,fixation
14:28:44.0678,159.0,235.0,fixation
14:28:44.0683,159.5,235.1,fixation
14:28:44.0688,159.5,235.2,fixation
14:28:44.0693,159.5,235.5,fixation
14:28:44.0698,159.1,235.6,fixation
14:28:44.0703,158.6,235.8,fixation
14:28:44.0708,157.8,235.9,fixation
14:28:44.0713,157.5,235.9,fixation
14:28:44.0718,158.0,235.9,fixation
14:28:44.0723,158.7,235.8,fixation
14:28:44.0728,158.8,235.6,fixation
14:28:44.0733,158.1,235.7,fixation
14:28:44.0738,157.4,235.9,fixation
14:28:44.0743,157.3,236.2,fixation
14:28:44.0748,157.3,236.2,fixation
14:28:44.0753,157.3,236.2,fixation
14:28:44.0758,157.5,236.2,fixation
14:28:44.0763,157.7,236.1,fixation
14:28:44.0768,157.8,235.8,fixation
14:28:44.0773,157.6,235.3,fixation
14:28:44.0778,157.4,234.8,fixation
14:28:44.0783,157.1,234.7,fixation
14:28:44.0788,157.0,235.1,fixation
14:28:44.0793,156.9,235.4,fixation
14:28:44.0798,156.8,235.5,fixation
14:28:44.0803,156.9,235.0,fixation
14:28:44.0808,157.0,234.5,fixation
14:28:44.0813,157.1,234.1,fixation
14:28:44.0818,157.0,233.8,fixation
14:28:44.0823,156.8,233.9,fixation
14:28:44.0828,156.6,234.3,fixation
14:28:44.0833,156.5,235.2,fixation
14:28:44.0838,157.0,235.7,fixation
14:28:44.0843,157.5,235.9,fixation
14:28:44.0848,157.9,236.7,fixation
14:28:44.0853,157.7,237.6,fixation
14:28:44.0858,157.9,238.1,fixation
14:28:44.0863,158.3,237.6,fixation
14:28:44.0868,158.4,237.2,fixation
14:28:44.0873,158.0,237.6,fixation
14:28:44.0878,157.7,238.0,fixation
14:28:44.0883,157.7,238.5,fixation
14:28:44.0888,157.6,238.8,fixation
14:28:44.0893,157.5,238.9,fixation
14:28:44.0898,157.6,238.6,fixation
14:28:44.0903,157.7,238.2,fixation
14:28:44.0908,157.7,238.0,fixation
14:28:44.0913,157.7,237.9,fixation
14:28:44.0918,157.8,237.8,fixation
14:28:44.0923,157.9,237.7,fixation
14:28:44.0928,158.0,237.7,fixation
14:28:44.0933,157.9,237.2,fixation
14:28:44.0938,157.9,236.7,fixation
14:28:44.0943,158.1,235.8,fixation
14:28:44.0948,158.4,235.3,fixation
14:28:44.0953,158.6,234.7,fixation
14:28:44.0958,158.7,234.6,fixation
14:28:44.0963,158.7,235.1,fixation
14:28:44.0968,158.6,235.6,fixation
14:28:44.0973,158.6,236.1,fixation
14:28:44.0978,158.6,235.8,fixation
14:28:44.0983,158.7,235.6,fixation
14:28:44.0988,158.3,235.5,fixation
14:28:44.0993,157.8,235.5,fixation
14:28:44.0998,157.4,235.6,fixation
14:28:44.1003,157.9,235.0,fixation
14:28:44.1008,158.2,234.2,fixation
14:28:44.1013,158.5,233.6,fixation
14:28:44.1018,158.3,233.8,fixation
14:28:44.1023,158.4,233.6,fixation
14:28:44.1028,158.4,233.3,fixation
14:28:44.1033,158.4,232.9,fixation
14:28:44.1038,158.5,232.8,fixation
14:28:44.1043,158.6,232.8,fixation
14:28:44.1048,159.3,232.9,fixation
14:28:44.1053,159.7,233.0,fixation
14:28:44.1058,159.8,233.0,fixation
14:28:44.1063,159.4,233.1,fixation
14:28:44.1068,158.8,233.6,fixation
14:28:44.1073,158.7,234.1,fixation
14:28:44.1078,158.2,234.4,fixation
14:28:44.1083,157.8,234.8,fixation
14:28:44.1088,157.5,235.4,fixation
14:28:44.1093,157.7,236.0,fixation
14:28:44.1098,158.0,235.9,fixation
14:28:44.1103,158.1,235.7,fixation
14:28:44.1108,158.6,235.5,fixation
14:28:44.1113,158.9,236.0,fixation
14:28:44.1118,159.3,236.5,fixation
14:28:44.1123,159.3,237.0,fixation
14:28:44.1128,159.1,236.9,fixation
14:28:44.1133,158.9,236.9,fixation
14:28:44.1138,158.5,236.9,fixation
14:28:44.1143,158.2,237.0,fixation
14:28:44.1148,157.9,237.1,fixation
14:28:44.1153,158.3,237.3,fixation
14:28:44.1158,158.8,237.5,fixation
14:28:44.1163,159.4,237.7,fixation
14:28:44.1168,159.6,237.9,fixation
14:28:44.1173,159.8,238.1,fixation
14:28:44.1178,159.7,238.4,fixation
14:28:44.1183,159.6,238.2,fixation
14:28:44.1188,159.7,237.8,fixation
14:28:44.1193,160.0,237.1,fixation
14:28:44.1198,160.2,236.6,fixation
14:28:44.1203,160.3,236.3,fixation
14:28:44.1208,160.2,236.4,fixation
14:28:44.1213,160.2,236.6,fixation
14:28:44.1218,160.1,236.7,fixation
14:28:44.1223,160.1,236.8,fixation
14:28:44.1228,159.1,236.5,fixation
14:28:44.1233,158.1,236.2,fixation
14:28:44.1238,157.8,236.0,fixation
14:28:44.1243,158.6,236.1,fixation
14:28:44.1248,159.4,236.5,fixation
14:28:44.1253,159.6,236.8,fixation
14:28:44.1258,159.9,237.2,fixation
14:28:44.1263,160.0,237.2,fixation
14:28:44.1268,160.0,237.2,fixation
14:28:44.1273,159.8,237.3,fixation
14:28:44.1278,159.4,237.5,fixation
14:28:44.1283,159.4,237.0,fixation
14:28:44.1288,159.5,236.2,fixation
14:28:44.1293,159.7,235.4,fixation
14:28:44.1298,159.6,235.2,fixation
14:28:44.1303,159.3,235.3,fixation
14:28:44.1308,159.1,235.6,fixation
14:28:44.1313,159.0,235.9,fixation
14:28:44.1318,159.0,236.0,fixation
14:28:44.1323,158.8,235.9,fixation
14:28:44.1328,158.5,235.9,fixation
14:28:44.1333,158.2,236.0,fixation
14:28:44.1338,157.9,236.2,fixation
14:28:44.1343,157.6,236.4,fixation
14:28:44.1348,157.5,236.6,fixation
14:28:44.1353,157.2,236.7,fixation
14:28:44.1358,157.1,236.7,fixation
14:28:44.1363,157.5,236.6,fixation
14:28:44.1368,158.2,236.5,fixation
14:28:44.1373,158.8,236.4,fixation
14:28:44.1378,158.8,236.3,fixation
14:28:44.1383,158.7,236.3,fixation
14:28:44.1388,158.6,236.4,fixation
14:28:44.1393,158.6,236.6,fixation
14:28:44.1398,158.6,237.0,fixation
14:28:44.1403,158.8,237.7,fixation
14:28:44.1408,159.0,238.2,fixation
14:28:44.1413,159.2,238.2,fixation
14:28:44.1418,159.2,237.8,fixation
14:28:44.1423,159.5,236.1,fixation
14:28:44.1428,159.8,234.6,fixation
14:28:44.1433,159.9,234.1,fixation
14:28:44.1438,159.7,235.1,fixation
14:28:44.1443,159.6,236.1,fixation
14:28:44.1448,159.5,236.3,fixation
14:28:44.1453,159.3,236.3,fixation
14:28:44.1458,159.0,236.4,fixation
14:28:44.1463,158.6,236.5,fixation
14:28:44.1468,158.4,236.6,fixation
14:28:44.1473,158.4,236.4,fixation
14:28:44.1478,157.9,235.7,fixation
14:28:44.1483,157.5,235.1,fixation
14:28:44.1488,157.1,234.8,fixation
14:28:44.1493,157.2,234.8,fixation
14:28:44.1498,157.5,234.5,fixation
14:28:44.1503,157.6,233.6,fixation
14:28:44.1508,157.8,232.6,fixation
14:28:44.1513,157.9,232.0,fixation
14:28:44.1518,158.0,232.0,fixation
14:28:44.1523,158.3,232.0,fixation
14:28:44.1528,158.8,231.7,fixation
14:28:44.1533,159.4,231.4,fixation
14:28:44.1538,160.3,231.1,fixation
14:28:44.1543,161.1,231.3,fixation
14:28:44.1548,161.7,231.4,fixation
14:28:44.1553,161.6,230.7,fixation
14:28:44.1558,161.4,230.0,fixation
14:28:44.1563,161.2,229.2,fixation
14:28:44.1568,161.1,228.9,fixation
14:28:44.1573,161.0,229.5,fixation
14:28:44.1578,161.0,230.3,fixation
14:28:44.1583,161.5,230.7,saccade
14:28:44.1588,161.6,230.7,saccade
14:28:44.1593,161.8,230.1,saccade
14:28:44.1598,162.3,229.3,saccade
14:28:44.1603,162.8,228.4,saccade
14:28:44.1608,162.4,228.3,saccade
14:28:44.1613,161.8,228.2,saccade
14:28:44.1618,161.2,228.0,saccade
14:28:44.1623,161.2,227.7,saccade
14:28:44.1628,161.3,227.2,saccade
14:28:44.1633,161.5,226.8,saccade
14:28:44.1638,161.1,226.5,saccade
14:28:44.1643,160.4,226.5,saccade
14:28:44.1648,158.5,226.2,saccade
14:28:44.1653,156.2,225.7,saccade
14:28:44.1658,153.7,225.1,saccade
14:28:44.1663,150.9,224.3,saccade
14:28:44.1668,148.8,223.8,saccade
14:28:44.1673,146.3,224.0,saccade
14:28:44.1678,143.4,224.1,saccade
14:28:44.1683,140.7,224.2,saccade
14:28:44.1688,137.5,224.3,saccade
14:28:44.1693,134.8,224.5,saccade
14:28:44.1698,131.5,225.3,saccade
14:28:44.1703,128.3,225.9,saccade
14:28:44.1708,125.4,226.6,saccade
14:28:44.1713,121.5,227.1,saccade
14:28:44.1718,118.5,227.5,saccade
14:28:44.1723,115.1,228.1,saccade
14:28:44.1728,113.2,228.5,saccade
14:28:44.1733,110.8,228.6,saccade
14:28:44.1738,108.9,228.4,saccade
14:28:44.1743,107.0,228.3,saccade
14:28:44.1748,105.1,228.1,saccade
14:28:44.1753,103.3,228.4,saccade
14:28:44.1758,101.8,228.7,saccade
14:28:44.1763,101.0,229.2,saccade
14:28:44.1768,100.5,229.2,saccade
14:28:44.1773,98.0,229.7,saccade
14:28:44.1778,95.5,230.1,saccade
14:28:44.1783,94.0,230.5,saccade
14:28:44.1788,94.1,231.0,saccade
14:28:44.1793,93.5,231.8,saccade
14:28:44.1798,92.7,232.4,saccade
14:28:44.1803,91.8,232.5,saccade
14:28:44.1808,91.7,232.4,saccade
14:28:44.1813,91.6,233.1,saccade
14:28:44.1818,91.6,234.0,saccade
14:28:44.1823,91.6,234.6,saccade
14:28:44.1828,91.2,233.9,fixation
14:28:44.1833,91.1,234.0,fixation
14:28:44.1838,90.9,235.0,fixation
14:28:44.1843,90.7,235.9,fixation
14:28:44.1848,90.6,236.7,fixation
14:28:44.1853,91.4,237.0,fixation
14:28:44.1858,92.2,237.2,fixation
14:28:44.1863,93.1,237.1,fixation
14:28:44.1868,93.5,236.9,fixation
14:28:44.1873,93.8,237.5,fixation
14:28:44.1878,94.4,238.4,fixation
14:28:44.1883,94.5,239.4,fixation
14:28:44.1888,94.8,239.3,fixation
14:28:44.1893,96.2,239.5,fixation
14:28:44.1898,97.5,240.0,fixation
14:28:44.1903,98.8,240.7,fixation
14:28:44.1908,98.7,241.4,fixation
14:28:44.1913,99.5,241.9,fixation
14:28:44.1918,100.5,241.6,fixation
14:28:44.1923,101.7,241.1,fixation
14:28:44.1928,102.3,240.0,fixation
14:28:44.1933,103.6,239.9,fixation
14:28:44.1938,105.2,239.8,fixation
14:28:44.1943,106.7,240.2,fixation
14:28:44.1948,107.5,239.7,fixation
14:28:44.1953,107.3,238.9,fixation
14:28:44.1958,106.9,238.4,fixation
14:28:44.1963,106.7,238.4,fixation
14:28:44.1968,107.0,238.7,fixation
14:28:44.1973,107.0,238.7,fixation
14:28:44.1978,106.6,238.7,fixation
14:28:44.1983,106.9,238.4,fixation
14:28:44.1988,107.6,238.2,fixation
14:28:44.1993,107.7,237.6,fixation
14:28:44.1998,106.3,237.1,fixation
14:28:44.2003,104.5,236.8,fixation
14:28:44.2008,103.2,237.1,fixation
14:28:44.2013,102.4,237.7,fixation
14:28:44.2018,102.1,238.0,fixation
14:28:44.2023,101.9,237.9,fixation
14:28:44.2028,101.3,237.7,fixation
14:28:44.2033,99.4,238.4,fixation
14:28:44.2038,97.7,239.2,fixation
14:28:44.2043,96.9,240.3,fixation
14:28:44.2048,97.5,240.5,fixation
14:28:44.2053,97.3,240.2,fixation
14:28:44.2058,96.6,239.9,fixation
14:28:44.2063,96.0,239.5,fixation
14:28:44.2068,96.1,239.3,fixation
14:28:44.2073,96.2,238.8,fixation
14:28:44.2078,96.3,238.4,fixation
14:28:44.2083,96.1,238.8,fixation
14:28:44.2088,95.9,239.3,fixation
14:28:44.2093,95.7,239.9,fixation
14:28:44.2098,95.6,239.7,fixation
14:28:44.2103,95.6,239.5,fixation
14:28:44.2108,95.7,239.4,fixation
14:28:44.2113,95.8,239.2,fixation
14:28:44.2118,95.9,238.8,fixation
14:28:44.2123,95.8,238.4,fixation
14:28:44.2128,95.7,238.2,fixation
14:28:44.2133,96.1,238.2,fixation
14:28:44.2138,96.9,238.2,fixation
14:28:44.2143,97.8,238.2,fixation
14:28:44.2148,98.2,238.1,fixation
14:28:44.2153,98.5,238.3,fixation
14:28:44.2158,98.8,238.5,fixation
14:28:44.2163,99.0,238.9,fixation
14:28:44.2168,98.8,239.2,fixation
14:28:44.2173,98.8,239.0,fixation
14:28:44.2178,98.9,238.0,fixation
14:28:44.2183,99.0,237.0,fixation
14:28:44.2188,99.2,236.9,fixation
14:28:44.2193,99.3,237.4,fixation
14:28:44.2198,99.5,238.0,fixation
14:28:44.2203,99.4,237.9,fixation
14:28:44.2208,99.2,237.9,fixation
14:28:44.2213,98.9,238.0,fixation
14:28:44.2218,99.3,238.3,fixation
14:28:44.2223,99.9,238.6,fixation
14:28:44.2228,100.5,238.7,fixation
14:28:44.2233,100.8,238.2,fixation
14:28:44.2238,101.2,237.0,fixation
14:28:44.2243,101.7,235.9,fixation
14:28:44.2248,101.9,235.3,fixation
14:28:44.2253,102.4,235.1,fixation
14:28:44.2258,102.7,234.9,fixation
14:28:44.2263,102.9,234.8,fixation
14:28:44.2268,102.8,234.9,fixation
14:28:44.2273,102.3,235.8,fixation
14:28:44.2278,102.0,236.7,fixation
14:28:44.2283,101.8,237.3,fixation
14:28:44.2288,101.9,236.9,fixation
14:28:44.2293,102.6,236.6,fixation
14:28:44.2298,103.2,236.3,fixation
14:28:44.2303,103.2,236.0,fixation
14:28:44.2308,102.7,235.8,fixation
14:28:44.2313,102.1,235.9,fixation
14:28:44.2318,102.4,236.2,fixation
14:28:44.2323,102.6,236.8,fixation
14:28:44.2328,102.7,237.7,fixation
14:28:44.2333,102.4,238.8,fixation
14:28:44.2338,102.3,239.1,fixation
14:28:44.2343,102.3,239.2,fixation
14:28:44.2348,102.5,239.2,fixation
14:28:44.2353,102.7,239.5,fixation
14:28:44.2358,103.0,239.3,fixation
14:28:44.2363,103.1,238.9,fixation
14:28:44.2368,103.2,239.3,fixation
14:28:44.2373,103.1,240.2,fixation
14:28:44.2378,102.7,241.1,fixation
14:28:44.2383,102.5,241.3,fixation
14:28:44.2388,103.0,241.5,fixation
14:28:44.2393,103.6,241.8,fixation
14:28:44.2398,104.2,242.1,fixation
14:28:44.2403,104.3,241.8,fixation
14:28:44.2408,104.4,241.3,fixation
14:28:44.2413,104.6,240.6,fixation
14:28:44.2418,104.9,240.4,fixation
14:28:44.2423,105.1,240.3,fixation
14:28:44.2428,104.9,240.3,fixation
14:28:44.2433,104.5,240.2,fixation
14:28:44.2438,103.3,240.2,fixation
14:28:44.2443,102.7,240.1,fixation
14:28:44.2448,102.0,240.0,fixation
14:28:44.2453,102.0,240.4,fixation
14:28:44.2458,101.9,240.9,fixation
14:28:44.2463,102.0,240.9,fixation
14:28:44.2468,102.1,240.4,fixation
14:28:44.2473,102.2,239.8,fixation
14:28:44.2478,102.3,239.0,fixation
14:28:44.2483,102.1,238.2,fixation
14:28:44.2488,102.1,237.4,fixation
14:28:44.2493,101.9,237.4,fixation
14:28:44.2498,102.0,237.3,fixation
14:28:44.2503,102.0,237.2,fixation
14:28:44.2508,102.0,237.2,fixation
14:28:44.2513,102.0,238.4,fixation
14:28:44.2518,102.0,239.5,fixation
14:28:44.2523,102.0,240.2,fixation
14:28:44.2528,102.0,239.9,fixation
14:28:44.2533,101.2,239.7,fixation
14:28:44.2538,100.4,240.1,fixation
14:28:44.2543,99.5,240.7,fixation
14:28:44.2548,99.4,241.1,fixation
14:28:44.2553,99.3,241.3,fixation
14:28:44.2558,99.4,241.3,fixation
14:28:44.2563,99.6,241.4,fixation
14:28:44.2568,99.7,242.2,fixation
14:28:44.2573,99.7,243.0,fixation
14:28:44.2578,99.7,243.8,fixation
14:28:44.2583,100.0,243.7,fixation
14:28:44.2588,100.5,243.9,fixation
14:28:44.2593,100.8,244.2,fixation
14:28:44.2598,100.1,244.3,fixation
14:28:44.2603,99.0,244.0,fixation
14:28:44.2608,98.3,243.0,fixation
14:28:44.2613,98.5,242.2,fixation
14:28:44.2618,98.5,242.6,fixation
14:28:44.2623,98.4,243.8,fixation
14:28:44.2628,98.4,244.9,fixation
14:28:44.2633,98.7,244.8,fixation
14:28:44.2638,98.9,244.7,fixation
14:28:44.2643,98.9,245.2,fixation
14:28:44.2648,98.6,245.8,fixation
14:28:44.2653,98.1,246.4,fixation
14:28:44.2658,97.6,246.1,fixation
14:28:44.2663,97.2,245.9,fixation
14:28:44.2668,96.9,246.4,fixation
14:28:44.2673,96.8,247.0,fixation
14:28:44.2678,96.5,247.6,fixation
14:28:44.2683,96.3,247.5,fixation
14:28:44.2688,96.2,247.8,fixation
14:28:44.2693,96.3,248.6,fixation
14:28:44.2698,95.1,249.5,fixation
14:28:44.2703,93.7,250.1,fixation
14:28:44.2708,93.5,249.6,fixation
14:28:44.2713,94.9,249.1,fixation
14:28:44.2718,96.2,248.8,fixation
14:28:44.2723,96.5,249.2,fixation
14:28:44.2728,95.6,249.4,fixation
14:28:44.2733,94.6,249.5,fixation
14:28:44.2738,94.2,249.6,fixation
14:28:44.2743,94.6,249.4,fixation
14:28:44.2748,94.5,249.1,fixation
14:28:44.2753,94.0,248.7,fixation
14:28:44.2758,93.4,248.6,fixation
14:28:44.2763,93.7,248.6,fixation
14:28:44.2768,94.0,248.9,fixation
14:28:44.2773,94.3,249.2,fixation
14:28:44.2778,94.3,249.4,fixation
14:28:44.2783,94.3,249.5,fixation
14:28:44.2788,94.2,249.5,fixation
14:28:44.2793,94.2,249.3,fixation
14:28:44.2798,94.5,248.9,fixation
14:28:44.2803,95.2,246.7,fixation
14:28:44.2808,95.5,244.8,fixation
14:28:44.2813,95.0,243.4,fixation
14:28:44.2818,93.7,244.2,fixation
14:28:44.2823,92.6,245.1,fixation
14:28:44.2828,92.7,245.4,fixation
14:28:44.2833,93.4,245.2,fixation
14:28:44.2838,93.7,245.7,fixation
14:28:44.2843,93.2,246.3,fixation
14:28:44.2848,92.9,246.7,fixation
14:28:44.2853,92.8,246.2,fixation
14:28:44.2858,93.0,245.7,fixation
14:28:44.2863,93.2,245.6,fixation
14:28:44.2868,93.4,245.7,fixation
14:28:44.2873,93.7,246.3,fixation
14:28:44.2878,93.7,246.7,fixation
14:28:44.2883,93.7,246.9,fixation
14:28:44.2888,93.6,246.8,fixation
14:28:44.2893,93.7,246.7,fixation
14:28:44.2898,93.4,246.6,fixation
14:28:44.2903,93.2,246.6,fixation
14:28:44.2908,92.8,246.6,fixation
14:28:44.2913,92.7,246.7,fixation
14:28:44.2918,93.2,247.0,fixation
14:28:44.2923,94.0,247.1,fixation
14:28:44.2928,94.8,247.3,fixation
14:28:44.2933,94.9,247.3,fixation
14:28:44.2938,94.6,247.2,fixation
14:28:44.2943,94.6,247.2,fixation
14:28:44.2948,95.0,247.2,fixation
14:28:44.2953,95.5,246.8,fixation
14:28:44.2958,95.7,246.4,fixation
14:28:44.2963,95.8,245.9,fixation
14:28:44.2968,95.8,245.8,fixation
14:28:44.2973,95.7,246.2,fixation
14:28:44.2978,95.3,246.9,fixation
14:28:44.2983,94.7,248.0,fixation
14:28:44.2988,94.2,248.7,fixation
14:28:44.2993,94.4,248.1,fixation
14:28:44.2998,94.9,247.2,fixation
14:28:44.3003,95.3,246.2,fixation
14:28:44.3008,95.4,246.3,fixation
14:28:44.3013,95.4,246.4,fixation
14:28:44.3018,95.3,246.4,fixation
14:28:44.3023,95.3,246.5,fixation
14:28:44.3028,95.1,246.6,fixation
14:28:44.3033,94.8,246.7,fixation
14:28:44.3038,94.2,246.6,fixation
14:28:44.3043,93.7,246.8,fixation
14:28:44.3048,93.4,247.0,fixation
14:28:44.3053,93.5,247.4,fixation
14:28:44.3058,94.0,247.5,fixation
14:28:44.3063,94.4,247.1,fixation
14:28:44.3068,94.7,246.5,fixation
14:28:44.3073,94.3,245.9,fixation
14:28:44.3078,93.8,245.8,fixation
14:28:44.3083,93.6,245.8,fixation
14:28:44.3088,94.0,246.0,fixation
14:28:44.3093,94.3,246.3,fixation
14:28:44.3098,94.1,247.0,fixation
14:28:44.3103,93.8,247.7,fixation
14:28:44.3108,93.7,247.2,fixation
14:28:44.3113,93.7,246.1,fixation
14:28:44.3118,93.5,245.1,fixation
14:28:44.3123,93.0,245.0,fixation
14:28:44.3128,92.5,245.0,fixation
14:28:44.3133,92.2,245.3,fixation
14:28:44.3138,92.2,245.2,fixation
14:28:44.3143,92.0,245.1,fixation
14:28:44.3148,92.0,244.6,fixation
14:28:44.3153,91.7,245.4,fixation
14:28:44.3158,91.7,246.2,fixation
14:28:44.3163,91.6,247.2,fixation
14:28:44.3168,91.3,247.6,fixation
14:28:44.3173,90.7,248.7,fixation
14:28:44.3178,90.5,249.6,fixation
14:28:44.3183,90.3,250.7,fixation
14:28:44.3188,89.9,251.0,fixation
14:28:44.3193,89.0,251.2,fixation
14:28:44.3198,89.3,251.4,fixation
14:28:44.3203,89.9,251.5,fixation
14:28:44.3208,90.5,251.2,fixation
14:28:44.3213,90.4,250.8,fixation
14:28:44.3218,90.3,250.5,fixation
14:28:44.3223,90.0,250.5,fixation
14:28:44.3228,89.6,250.5,fixation
14:28:44.3233,88.8,251.4,fixation
14:28:44.3238,88.2,252.3,fixation
14:28:44.3243,87.7,253.6,fixation
14:28:44.3248,87.6,254.1,fixation
14:28:44.3253,87.4,254.5,fixation
14:28:44.3258,87.5,254.6,fixation
14:28:44.3263,87.5,254.6,fixation
14:28:44.3268,87.3,254.5,fixation
14:28:44.3273,86.9,254.9,fixation
14:28:44.3278,86.5,255.2,fixation
14:28:44.3283,86.6,255.4,fixation
14:28:44.3288,86.8,255.2,fixation
14:28:44.3293,86.9,254.9,fixation
14:28:44.3298,86.9,254.7,fixation
14:28:44.3303,87.2,254.6,fixation
14:28:44.3308,87.2,255.1,fixation
14:28:44.3313,87.1,255.8,fixation
14:28:44.3318,86.8,256.4,fixation
14:28:44.3323,86.7,256.4,fixation
14:28:44.3328,86.7,256.5,fixation
14:28:44.3333,86.9,256.7,fixation
14:28:44.3338,87.2,257.3,fixation
14:28:44.3343,87.5,258.5,fixation
14:28:44.3348,87.7,259.4,fixation
14:28:44.3353,87.8,260.6,fixation
14:28:44.3358,88.5,261.3,fixation
14:28:44.3363,89.0,262.0,fixation
14:28:44.3368,89.2,261.7,fixation
14:28:44.3373,88.8,261.4,fixation
14:28:44.3378,88.4,261.2,fixation
14:28:44.3383,88.1,261.2,fixation
14:28:44.3388,87.4,260.9,fixation
14:28:44.3393,86.9,259.9,fixation
14:28:44.3398,86.6,259.1,fixation
14:28:44.3403,86.5,259.2,fixation
14:28:44.3408,86.3,259.4,fixation
14:28:44.3413,86.1,259.7,fixation
14:28:44.3418,86.1,259.8,fixation
14:28:44.3423,86.0,260.5,fixation
14:28:44.3428,86.4,260.5,fixation
14:28:44.3433,87.1,260.0,fixation
14:28:44.3438,87.8,259.6,fixation
14:28:44.3443,88.2,259.9,fixation
14:28:44.3448,87.8,261.3,fixation
14:28:44.3453,87.4,262.5,fixation
14:28:44.3458,87.4,263.3,fixation
14:28:44.3463,87.9,262.9,fixation
14:28:44.3468,88.4,262.3,fixation
14:28:44.3473,88.4,262.1,fixation
14:28:44.3478,88.4,262.7,fixation
14:28:44.3483,88.4,263.5,fixation
14:28:44.3488,88.4,263.9,fixation
14:28:44.3493,88.2,263.5,fixation
14:28:44.3498,88.1,263.1,fixation
14:28:44.3503,88.0,263.0,fixation
14:28:44.3508,87.9,263.1,fixation
14:28:44.3513,87.8,263.5,fixation
14:28:44.3518,87.8,264.0,fixation
14:28:44.3523,87.8,264.4,fixation
14:28:44.3528,87.9,264.5,fixation
14:28:44.3533,88.0,264.7,fixation
14:28:44.3538,88.1,265.2,fixation
14:28:44.3543,87.9,265.5,fixation
14:28:44.3548,87.7,265.3,fixation
14:28:44.3553,87.3,264.9,fixation
14:28:44.3558,87.0,264.8,fixation
14:28:44.3563,87.0,264.8,fixation
14:28:44.3568,87.5,264.8,fixation
14:28:44.3573,88.3,264.6,fixation
14:28:44.3578,88.7,264.7,fixation
14:28:44.3583,88.9,264.7,fixation
14:28:44.3588,89.0,265.6,fixation
14:28:44.3593,89.3,266.7,fixation
14:28:44.3598,89.8,268.0,fixation
14:28:44.3603,90.3,268.4,fixation
14:28:44.3608,90.7,268.0,fixation
14:28:44.3613,90.9,267.2,fixation
14:28:44.3618,90.6,266.6,fixation
14:28:44.3623,90.1,267.1,fixation
14:28:44.3628,89.6,267.6,fixation
14:28:44.3633,89.7,267.8,fixation
14:28:44.3638,90.4,267.6,fixation
14:28:44.3643,90.9,267.5,fixation
14:28:44.3648,91.3,268.3,fixation
14:28:44.3653,91.2,269.3,fixation
14:28:44.3658,90.8,269.9,fixation
14:28:44.3663,90.5,269.4,fixation
14:28:44.3668,90.2,269.1,fixation
14:28:44.3673,90.1,269.0,fixation
14:28:44.3678,89.8,268.9,fixation
14:28:44.3683,89.3,268.6,fixation
14:28:44.3688,88.9,268.5,fixation
14:28:44.3693,88.6,268.6,fixation
14:28:44.3698,88.6,268.7,fixation
14:28:44.3703,88.5,268.6,fixation
14:28:44.3708,88.4,268.3,fixation
14:28:44.3713,88.8,268.6,fixation
14:28:44.3718,89.4,269.1,fixation
14:28:44.3723,89.0,269.4,fixation
14:28:44.3728,88.0,269.4,fixation
14:28:44.3733,87.4,270.0,fixation
14:28:44.3738,87.9,270.8,fixation
14:28:44.3743,88.6,271.6,fixation
14:28:44.3748,89.2,271.8,fixation
14:28:44.3753,89.3,273.1,fixation
14:28:44.3758,89.1,274.3,fixation
14:28:44.3763,88.8,275.6,fixation
14:28:44.3768,88.6,276.3,fixation
14:28:44.3773,88.4,277.6,fixation
14:28:44.3778,88.0,278.9,fixation
14:28:44.3783,87.7,279.4,fixation
14:28:44.3788,87.3,280.0,fixation
14:28:44.3793,87.1,280.9,fixation
14:28:44.3798,86.8,281.7,fixation
14:28:44.3803,86.9,281.5,fixation
14:28:44.3808,86.9,281.0,fixation
14:28:44.3813,87.6,280.6,fixation
14:28:44.3818,88.2,280.5,fixation
14:28:44.3823,88.8,280.4,fixation
14:28:44.3828,88.7,280.3,fixation
14:28:44.3833,88.3,280.3,fixation
14:28:44.3838,87.9,280.2,fixation
14:28:44.3843,87.8,280.1,fixation
14:28:44.3848,88.3,280.1,fixation
14:28:44.3853,89.2,280.3,fixation
14:28:44.3858,89.6,281.5,fixation
14:28:44.3863,89.8,282.6,fixation
14:28:44.3868,89.6,283.5,fixation
14:28:44.3873,89.3,284.3,fixation
14:28:44.3878,89.2,285.2,fixation
14:28:44.3883,89.1,286.1,fixation
14:28:44.3888,88.9,286.3,fixation
14:28:44.3893,88.8,286.3,fixation
14:28:44.3898,88.7,286.2,fixation
14:28:44.3903,88.2,286.1,fixation
14:28:44.3908,87.5,286.3,fixation
14:28:44.3913,86.7,286.8,fixation
14:28:44.3918,86.2,287.7,fixation
14:28:44.3923,85.7,288.9,fixation
14:28:44.3928,85.4,289.8,fixation
14:28:44.3933,85.2,290.8,fixation
14:28:44.3938,84.9,291.0,fixation
14:28:44.3943,84.5,290.9,fixation
14:28:44.3948,84.1,290.4,fixation
14:28:44.3953,84.1,290.4,fixation
14:28:44.3958,84.3,290.6,fixation
14:28:44.3963,84.7,291.0,fixation
14:28:44.3968,85.0,291.1,fixation
14:28:44.3973,85.5,291.3,fixation
14:28:44.3978,85.8,291.4,fixation
14:28:44.3983,86.2,291.5,fixation
14:28:44.3988,86.5,291.5,fixation
14:28:44.3993,86.6,291.4,fixation
14:28:44.3998,86.6,291.9,fixation
14:28:44.4003,86.4,292.4,fixation
14:28:44.4008,85.7,294.5,fixation
14:28:44.4013,85.1,296.2,fixation
14:28:44.4018,85.1,298.3,fixation
14:28:44.4023,85.7,298.7,fixation
14:28:44.4028,86.3,298.6,fixation
14:28:44.4033,86.5,297.8,fixation
14:28:44.4038,86.6,296.8,fixation
14:28:44.4043,86.7,296.3,fixation
14:28:44.4048,86.5,296.6,fixation
14:28:44.4053,86.4,296.8,fixation
14:28:44.4058,86.6,297.1,fixation
14:28:44.4063,87.1,296.4,fixation
14:28:44.4068,87.3,295.7,fixation
14:28:44.4073,86.9,295.7,fixation
14:28:44.4078,86.7,296.3,fixation
14:28:44.4083,86.9,296.9,fixation
14:28:44.4088,87.0,297.5,fixation
14:28:44.4093,86.9,298.0,fixation
14:28:44.4098,86.8,299.3,fixation
14:28:44.4103,87.0,300.2,fixation
14:28:44.4108,87.1,301.3,fixation
14:28:44.4113,87.1,301.7,fixation
14:28:44.4118,87.1,301.7,fixation
14:28:44.4123,87.3,301.0,fixation
14:28:44.4128,87.3,300.4,fixation
14:28:44.4133,87.1,299.8,fixation
14:28:44.4138,87.0,299.6,fixation
14:28:44.4143,87.0,299.7,fixation
14:28:44.4148,86.7,299.8,fixation
14:28:44.4153,86.4,299.6,fixation
14:28:44.4158,86.4,300.0,fixation
14:28:44.4163,86.8,300.7,fixation
14:28:44.4168,87.7,301.6,fixation
14:28:44.4173,88.1,301.7,fixation
14:28:44.4178,88.6,301.6,fixation
14:28:44.4183,88.8,300.0,fixation
14:28:44.4188,89.0,298.5,fixation
14:28:44.4193,88.9,298.2,fixation
14:28:44.4198,88.5,299.1,fixation
14:28:44.4203,88.4,299.7,fixation
14:28:44.4208,88.5,299.3,fixation
14:28:44.4213,88.4,299.7,fixation
14:28:44.4218,88.3,300.4,fixation
14:28:44.4223,88.3,301.1,fixation
14:28:44.4228,88.3,302.5,fixation
14:28:44.4233,88.3,303.8,fixation
14:28:44.4238,88.1,305.3,fixation
14:28:44.4243,87.8,305.7,fixation
14:28:44.4248,87.6,306.2,fixation
14:28:44.4253,87.3,306.4,fixation
14:28:44.4258,87.1,306.6,fixation
14:28:44.4263,87.0,306.8,fixation
14:28:44.4268,86.8,307.1,fixation
14:28:44.4273,86.6,307.2,fixation
14:28:44.4278,86.9,307.3,fixation
14:28:44.4283,87.2,307.3,fixation
14:28:44.4288,87.7,306.7,fixation
14:28:44.4293,87.4,305.6,fixation
14:28:44.4298,87.1,304.5,fixation
14:28:44.4303,87.1,304.1,fixation
14:28:44.4308,87.5,304.1,fixation
14:28:44.4313,87.5,304.0,fixation
14:28:44.4318,86.9,303.9,fixation
14:28:44.4323,86.3,303.9,fixation
14:28:44.4328,86.1,303.9,fixation
14:28:44.4333,85.9,303.9,fixation
14:28:44.4338,85.6,303.9,fixation
14:28:44.4343,85.2,304.0,fixation
14:28:44.4348,85.0,304.0,fixation
14:28:44.4353,85.0,303.6,fixation
14:28:44.4358,85.1,303.2,fixation
14:28:44.4363,85.1,302.8,fixation
14:28:44.4368,85.1,302.8,fixation
14:28:44.4373,85.3,302.6,fixation
14:28:44.4378,85.3,302.3,fixation
14:28:44.4383,85.2,302.1,fixation
14:28:44.4388,85.6,302.4,fixation
14:28:44.4393,86.0,302.7,fixation
14:28:44.4398,86.1,303.1,fixation
14:28:44.4403,85.7,303.3,fixation
14:28:44.4408,85.7,304.3,fixation
14:28:44.4413,85.8,305.2,fixation
14:28:44.4418,86.0,305.9,fixation
14:28:44.4423,85.8,306.0,fixation
14:28:44.4428,85.5,306.3,fixation
14:28:44.4433,85.3,306.6,fixation
14:28:44.4438,85.6,307.1,fixation
14:28:44.4443,86.0,307.1,fixation
14:28:44.4448,86.4,307.1,fixation
14:28:44.4453,86.4,306.9,fixation
14:28:44.4458,86.4,306.8,fixation
14:28:44.4463,86.4,306.7,fixation
14:28:44.4468,86.7,306.4,fixation
14:28:44.4473,87.2,306.0,fixation
14:28:44.4478,87.6,305.8,fixation
14:28:44.4483,88.0,305.3,fixation
14:28:44.4488,88.2,304.5,fixation
14:28:44.4493,88.6,303.6,fixation
14:28:44.4498,88.8,303.1,fixation
14:28:44.4503,89.0,302.9,fixation
14:28:44.4508,89.1,302.8,fixation
14:28:44.4513,89.2,302.0,fixation
14:28:44.4518,88.5,301.1,fixation
14:28:44.4523,87.8,300.3,fixation
14:28:44.4528,87.0,300.1,fixation
14:28:44.4533,87.0,300.0,fixation
14:28:44.4538,87.8,300.1,fixation
14:28:44.4543,89.2,300.4,saccade
14:28:44.4548,90.1,299.6,saccade
14:28:44.4553,91.0,298.8,saccade
14:28:44.4558,92.7,298.2,saccade
14:28:44.4563,93.6,298.5,saccade
14:28:44.4568,94.7,297.9,saccade
14:28:44.4573,95.6,297.2,saccade
14:28:44.4578,96.6,295.8,saccade
14:28:44.4583,97.8,295.3,saccade
14:28:44.4588,98.5,294.6,saccade
14:28:44.4593,100.0,294.8,saccade
14:28:44.4598,101.5,295.1,saccade
14:28:44.4603,104.0,294.4,saccade
14:28:44.4608,105.6,293.4,saccade
14:28:44.4613,107.5,292.6,saccade
14:28:44.4618,108.6,292.7,saccade
14:28:44.4623,109.7,292.9,saccade
14:28:44.4628,111.0,293.0,saccade
14:28:44.4633,112.2,293.2,saccade
14:28:44.4638,113.5,292.7,saccade
14:28:44.4643,114.6,292.1,saccade
14:28:44.4648,115.8,291.5,saccade
14:28:44.4653,116.3,291.5,saccade
14:28:44.4658,116.1,291.4,saccade
14:28:44.4663,116.0,291.3,saccade
14:28:44.4668,115.8,291.3,fixation
14:28:44.4673,115.6,291.2,fixation
14:28:44.4678,115.4,290.0,fixation
14:28:44.4683,115.3,288.3,fixation
14:28:44.4688,115.2,286.2,fixation
14:28:44.4693,114.0,284.9,fixation
14:28:44.4698,112.4,284.0,fixation
14:28:44.4703,110.6,283.2,fixation
14:28:44.4708,109.0,282.6,fixation
14:28:44.4713,108.1,282.0,fixation
14:28:44.4718,107.4,281.8,fixation
14:28:44.4723,107.4,282.1,fixation
14:28:44.4728,107.2,282.5,fixation
14:28:44.4733,107.0,282.4,fixation
14:28:44.4738,106.0,281.7,fixation
14:28:44.4743,105.1,281.1,fixation
14:28:44.4748,104.0,281.2,fixation
14:28:44.4753,103.8,281.4,fixation
14:28:44.4758,104.2,280.8,fixation
14:28:44.4763,104.7,279.9,fixation
14:28:44.4768,105.1,279.1,fixation
14:28:44.4773,105.1,279.1,fixation
14:28:44.4778,104.7,278.9,fixation
14:28:44.4783,104.4,278.8,fixation
14:28:44.4788,104.1,278.5,fixation
14:28:44.4793,104.0,278.2,fixation
14:28:44.4798,104.1,279.0,fixation
14:28:44.4803,104.5,280.1,fixation
14:28:44.4808,105.1,280.5,fixation
14:28:44.4813,105.5,279.9,fixation
14:28:44.4818,105.7,279.2,fixation
14:28:44.4823,105.8,279.1,fixation
14:28:44.4828,105.9,279.1,fixation
14:28:44.4833,106.3,279.1,fixation
14:28:44.4838,106.7,279.1,fixation
14:28:44.4843,107.3,279.2,fixation
14:28:44.4848,108.0,279.0,fixation
14:28:44.4853,109.3,278.9,fixation
14:28:44.4858,110.3,278.9,fixation
14:28:44.4863,110.5,279.0,fixation
14:28:44.4868,110.0,279.1,fixation
14:28:44.4873,109.4,279.0,fixation
14:28:44.4878,109.1,278.9,fixation
14:28:44.4883,109.0,278.2,fixation
14:28:44.4888,109.1,277.6,fixation
14:28:44.4893,109.6,277.4,fixation
14:28:44.4898,110.7,278.1,fixation
14:28:44.4903,111.5,278.8,fixation
14:28:44.4908,112.2,279.0,fixation
14:28:44.4913,112.4,278.9,fixation
14:28:44.4918,112.5,278.8,fixation
14:28:44.4923,112.3,278.8,fixation
14:28:44.4928,112.3,278.3,fixation
14:28:44.4933,113.0,277.1,fixation
14:28:44.4938,113.9,276.0,fixation
14:28:44.4943,114.6,275.2,fixation
14:28:44.4948,114.4,275.0,fixation
14:28:44.4953,114.1,275.0,fixation
14:28:44.4958,113.7,274.9,fixation
14:28:44.4963,113.6,274.7,fixation
14:28:44.4968,113.9,274.4,fixation
14:28:44.4973,114.1,274.1,fixation
14:28:44.4978,113.7,274.1,fixation
14:28:44.4983,113.3,273.8,fixation
14:28:44.4988,113.1,273.4,fixation
14:28:44.4993,113.3,273.0,fixation
14:28:44.4998,113.4,273.1,fixation
14:28:44.5003,113.3,273.0,fixation
14:28:44.5008,113.2,272.6,fixation
14:28:44.5013,113.1,272.3,fixation
14:28:44.5018,113.5,272.0,fixation
14:28:44.5023,113.8,272.2,fixation
14:28:44.5028,113.8,272.3,fixation
14:28:44.5033,113.2,272.2,fixation
14:28:44.5038,112.6,271.8,fixation
14:28:44.5043,112.3,271.2,fixation
14:28:44.5048,112.6,270.0,fixation
14:28:44.5053,112.8,268.9,fixation
14:28:44.5058,113.1,268.2,fixation
14:28:44.5063,113.1,268.6,fixation
14:28:44.5068,113.0,268.9,fixation
14:28:44.5073,112.8,269.0,fixation
14:28:44.5078,112.4,268.6,fixation
14:28:44.5083,111.8,268.2,fixation
14:28:44.5088,111.2,267.9,fixation
14:28:44.5093,110.8,268.1,fixation
14:28:44.5098,110.6,268.5,fixation
14:28:44.5103,110.6,268.9,fixation
14:28:44.5108,110.4,269.4,fixation
14:28:44.5113,110.2,269.6,fixation
14:28:44.5118,110.0,269.8,fixation
14:28:44.5123,110.2,269.6,fixation
14:28:44.5128,110.7,268.9,fixation
14:28:44.5133,111.4,268.2,fixation
14:28:44.5138,112.1,268.1,fixation
14:28:44.5143,112.4,268.3,fixation
14:28:44.5148,112.4,268.5,fixation
14:28:44.5153,112.4,268.3,fixation
14:28:44.5158,112.1,267.9,fixation
14:28:44.5163,111.8,267.5,fixation
14:28:44.5168,111.2,267.9,fixation
14:28:44.5173,110.9,268.4,fixation
14:28:44.5178,110.7,268.5,fixation
14:28:44.5183,111.5,267.3,fixation
14:28:44.5188,112.3,266.2,fixation
14:28:44.5193,112.8,266.0,fixation
14:28:44.5198,112.7,266.3,fixation
14:28:44.5203,112.6,266.4,fixation
14:28:44.5208,112.5,266.1,fixation
14:28:44.5213,112.3,265.9,fixation
14:28:44.5218,112.0,265.9,fixation
14:28:44.5223,113.1,266.5,fixation
14:28:44.5228,114.1,267.0,fixation
14:28:44.5233,115.0,266.5,fixation
14:28:44.5238,115.1,265.5,fixation
14:28:44.5243,115.2,264.4,fixation
14:28:44.5248,115.6,264.5,fixation
14:28:44.5253,115.8,264.8,fixation
14:28:44.5258,115.7,266.2,fixation
14:28:44.5263,115.6,267.5,fixation
14:28:44.5268,115.3,267.5,fixation
14:28:44.5273,115.4,265.8,fixation
14:28:44.5278,116.3,263.9,fixation
14:28:44.5283,117.2,262.9,fixation
14:28:44.5288,117.8,262.4,fixation
14:28:44.5293,117.7,262.2,fixation
14:28:44.5298,117.7,262.2,fixation
14:28:44.5303,117.8,262.6,fixation
14:28:44.5308,117.5,263.2,fixation
14:28:44.5313,117.4,263.9,fixation
14:28:44.5318,117.4,264.4,fixation
14:28:44.5323,117.7,264.7,fixation
14:28:44.5328,117.9,264.9,fixation
14:28:44.5333,118.1,265.0,fixation
14:28:44.5338,117.9,264.9,fixation
14:28:44.5343,117.6,264.7,fixation
14:28:44.5348,117.5,264.3,fixation
14:28:44.5353,117.3,264.0,fixation
14:28:44.5358,117.2,263.8,fixation
14:28:44.5363,117.0,262.9,fixation
14:28:44.5368,117.0,262.1,fixation
14:28:44.5373,116.9,262.0,fixation
14:28:44.5378,117.1,262.9,fixation
14:28:44.5383,117.3,263.8,fixation
14:28:44.5388,117.7,264.0,fixation
14:28:44.5393,117.8,264.0,fixation
14:28:44.5398,117.5,264.2,fixation
14:28:44.5403,117.4,264.3,fixation
14:28:44.5408,117.6,264.6,fixation
14:28:44.5413,117.9,264.6,fixation
14:28:44.5418,117.8,263.8,fixation
14:28:44.5423,117.7,263.0,fixation
14:28:44.5428,117.5,262.3,fixation
14:28:44.5433,116.8,262.4,fixation
14:28:44.5438,116.0,262.6,fixation
14:28:44.5443,115.8,263.0,fixation
14:28:44.5448,116.2,263.6,fixation
14:28:44.5453,116.6,264.1,fixation
14:28:44.5458,116.6,264.2,fixation
14:28:44.5463,116.5,263.8,fixation
14:28:44.5468,116.4,263.3,fixation
14:28:44.5473,116.3,263.5,fixation
14:28:44.5478,116.5,264.3,fixation
14:28:44.5483,116.7,264.7,fixation
14:28:44.5488,116.3,264.1,fixation
14:28:44.5493,115.8,263.5,fixation
14:28:44.5498,115.1,264.0,fixation
14:28:44.5503,114.5,264.6,fixation
14:28:44.5508,114.0,265.3,fixation
14:28:44.5513,113.9,265.3,fixation
14:28:44.5518,114.2,265.4,fixation
14:28:44.5523,114.3,266.4,fixation
14:28:44.5528,114.6,267.4,fixation
14:28:44.5533,114.9,268.2,fixation
14:28:44.5538,115.4,268.2,fixation
14:28:44.5543,115.4,268.4,fixation
14:28:44.5548,115.4,268.6,fixation
14:28:44.5553,115.6,268.3,fixation
14:28:44.5558,115.9,267.5,fixation
14:28:44.5563,116.4,266.8,fixation
14:28:44.5568,116.5,267.1,fixation
14:28:44.5573,115.9,267.9,fixation
14:28:44.5578,115.1,269.0,fixation
14:28:44.5583,114.2,269.6,fixation
14:28:44.5588,114.0,269.3,fixation
14:28:44.5593,113.8,268.8,fixation
14:28:44.5598,113.8,268.3,fixation
14:28:44.5603,114.3,268.5,fixation
14:28:44.5608,115.0,268.6,fixation
14:28:44.5613,115.6,268.8,fixation
14:28:44.5618,115.6,268.8,fixation
14:28:44.5623,115.6,269.7,fixation
14:28:44.5628,115.5,270.7,fixation
14:28:44.5633,114.9,271.5,fixation
14:28:44.5638,114.5,271.6,fixation
14:28:44.5643,113.9,271.6,fixation
14:28:44.5648,113.8,271.6,fixation
14:28:44.5653,114.0,272.3,fixation
14:28:44.5658,114.3,273.1,fixation
14:28:44.5663,114.7,273.3,fixation
14:28:44.5668,114.8,272.8,fixation
14:28:44.5673,114.9,272.3,fixation
14:28:44.5678,115.0,272.2,fixation
14:28:44.5683,115.2,272.8,fixation
14:28:44.5688,115.4,273.7,fixation
14:28:44.5693,115.0,274.6,fixation
14:28:44.5698,114.4,275.2,fixation
14:28:44.5703,113.7,275.7,fixation
14:28:44.5708,113.4,276.1,fixation
14:28:44.5713,113.3,276.6,fixation
14:28:44.5718,113.0,276.7,fixation
14:28:44.5723,112.8,276.8,fixation
14:28:44.5728,112.9,277.2,fixation
14:28:44.5733,113.2,277.7,fixation
14:28:44.5738,113.5,278.3,fixation
14:28:44.5743,113.5,278.4,fixation
14:28:44.5748,113.5,278.3,fixation
14:28:44.5753,113.8,278.3,fixation
14:28:44.5758,114.1,278.4,fixation
14:28:44.5763,114.2,278.6,fixation
14:28:44.5768,113.7,279.6,fixation
14:28:44.5773,113.3,280.5,fixation
14:28:44.5778,113.8,281.1,fixation
14:28:44.5783,114.6,281.2,fixation
14:28:44.5788,114.8,281.3,fixation
14:28:44.5793,114.3,281.7,fixation
14:28:44.5798,113.9,281.6,fixation
14:28:44.5803,114.3,281.1,fixation
14:28:44.5808,114.7,280.6,fixation
14:28:44.5813,115.2,280.4,fixation
14:28:44.5818,115.3,281.4,fixation
14:28:44.5823,115.4,282.6,fixation
14:28:44.5828,115.1,283.7,fixation
14:28:44.5833,114.9,283.9,fixation
14:28:44.5838,114.8,283.6,fixation
14:28:44.5843,114.7,283.3,fixation
14:28:44.5848,114.1,284.0,fixation
14:28:44.5853,113.5,284.9,fixation
14:28:44.5858,113.1,285.9,fixation
14:28:44.5863,113.1,285.9,fixation
14:28:44.5868,112.9,285.8,fixation
14:28:44.5873,113.1,284.5,fixation
14:28:44.5878,113.6,283.3,fixation
14:28:44.5883,114.1,283.4,fixation
14:28:44.5888,114.2,284.8,fixation
14:28:44.5893,113.9,285.4,fixation
14:28:44.5898,114.2,284.8,fixation
14:28:44.5903,114.7,284.9,fixation
14:28:44.5908,115.1,285.7,fixation
14:28:44.5913,114.5,286.3,fixation
14:28:44.5918,113.6,286.0,fixation
14:28:44.5923,112.7,285.7,fixation
14:28:44.5928,112.5,285.3,fixation
14:28:44.5933,112.6,285.1,fixation
14:28:44.5938,112.8,284.6,fixation
14:28:44.5943,113.0,284.5,fixation
14:28:44.5948,113.0,284.9,fixation
14:28:44.5953,112.7,286.0,fixation
14:28:44.5958,112.6,287.4,fixation
14:28:44.5963,112.7,288.4,fixation
14:28:44.5968,112.9,288.1,fixation
14:28:44.5973,112.9,287.4,fixation
14:28:44.5978,112.9,286.7,fixation
14:28:44.5983,112.5,286.8,fixation
14:28:44.5988,112.0,287.0,fixation
14:28:44.5993,111.6,287.3,fixation
14:28:44.5998,111.6,287.8,fixation
14:28:44.6003,112.1,288.3,fixation
14:28:44.6008,112.1,290.3,fixation
14:28:44.6013,112.2,292.2,fixation
14:28:44.6018,112.0,293.5,fixation
14:28:44.6023,112.1,293.0,fixation
14:28:44.6028,113.0,292.6,fixation
14:28:44.6033,113.6,293.6,fixation
14:28:44.6038,113.4,294.4,fixation
14:28:44.6043,112.5,295.0,fixation
14:28:44.6048,112.0,294.6,fixation
14:28:44.6053,113.0,295.7,fixation
14:28:44.6058,114.0,296.7,fixation
14:28:44.6063,114.5,298.4,fixation
14:28:44.6068,114.0,299.8,fixation
14:28:44.6073,114.1,301.3,fixation
14:28:44.6078,114.5,302.5,fixation
14:28:44.6083,113.8,302.7,fixation
14:28:44.6088,112.6,302.9,fixation
14:28:44.6093,111.2,302.9,fixation
14:28:44.6098,110.9,303.1,fixation
14:28:44.6103,111.8,303.6,fixation
14:28:44.6108,112.9,304.0,fixation
14:28:44.6113,113.6,304.3,fixation
14:28:44.6118,113.2,304.4,fixation
14:28:44.6123,112.3,305.0,fixation
14:28:44.6128,111.6,306.4,fixation
14:28:44.6133,110.9,307.8,fixation
14:28:44.6138,111.6,308.7,fixation
14:28:44.6143,112.5,308.9,fixation
14:28:44.6148,113.2,308.9,fixation
14:28:44.6153,113.1,308.9,fixation
14:28:44.6158,112.8,309.9,fixation
14:28:44.6163,112.7,311.1,fixation
14:28:44.6168,112.3,313.2,fixation
14:28:44.6173,112.3,314.2,fixation
14:28:44.6178,112.4,314.4,fixation
14:28:44.6183,112.4,313.5,fixation
14:28:44.6188,112.3,313.1,fixation
14:28:44.6193,112.8,314.5,fixation
14:28:44.6198,113.4,316.0,fixation
14:28:44.6203,113.6,317.1,fixation
14:28:44.6208,113.1,317.5,fixation
14:28:44.6213,112.6,317.9,fixation
14:28:44.6218,112.1,318.4,fixation
14:28:44.6223,111.7,318.5,fixation
14:28:44.6228,111.3,319.0,fixation
14:28:44.6233,111.1,320.0,fixation
14:28:44.6238,110.7,321.0,fixation
14:28:44.6243,110.4,321.8,fixation
14:28:44.6248,110.6,322.2,fixation
14:28:44.6253,111.0,322.6,fixation
14:28:44.6258,111.3,323.1,fixation
14:28:44.6263,111.1,323.4,fixation
14:28:44.6268,110.8,323.9,fixation
14:28:44.6273,110.3,325.5,fixation
14:28:44.6278,110.1,327.0,fixation
14:28:44.6283,109.9,327.9,fixation
14:28:44.6288,110.7,327.7,fixation
14:28:44.6293,111.3,328.3,fixation
14:28:44.6298,111.8,329.5,fixation
14:28:44.6303,111.4,330.5,fixation
14:28:44.6308,111.1,330.6,fixation
14:28:44.6313,110.8,330.3,fixation
14:28:44.6318,110.6,330.1,fixation
14:28:44.6323,110.3,331.2,fixation
14:28:44.6328,109.9,333.5,fixation
14:28:44.6333,110.0,335.9,fixation
14:28:44.6338,110.2,337.0,fixation
14:28:44.6343,110.2,338.2,fixation
14:28:44.6348,109.7,339.2,fixation
14:28:44.6353,109.2,340.0,fixation
14:28:44.6358,109.0,339.8,fixation
14:28:44.6363,109.0,339.6,fixation
14:28:44.6368,108.9,339.5,fixation
14:28:44.6373,108.8,340.1,fixation
14:28:44.6378,108.7,340.7,fixation
14:28:44.6383,108.8,341.1,fixation
14:28:44.6388,108.4,340.9,fixation
14:28:44.6393,107.8,340.8,fixation
14:28:44.6398,107.4,340.9,fixation
14:28:44.6403,107.3,341.6,fixation
14:28:44.6408,107.2,342.8,fixation
14:28:44.6413,107.6,344.5,fixation
14:28:44.6418,108.0,345.7,fixation
14:28:44.6423,108.2,346.5,fixation
14:28:44.6428,107.3,346.7,fixation
14:28:44.6433,106.7,346.5,saccade
14:28:44.6438,107.2,348.0,saccade
14:28:44.6443,107.7,349.6,saccade
14:28:44.6448,107.5,350.9,saccade
14:28:44.6453,107.5,351.5,saccade
14:28:44.6458,107.3,353.0,saccade
14:28:44.6463,107.1,354.5,saccade
14:28:44.6468,106.8,355.5,saccade
14:28:44.6473,106.9,355.6,saccade
14:28:44.6478,106.8,356.6,saccade
14:28:44.6483,106.8,357.6,saccade
14:28:44.6488,106.8,358.6,saccade
14:28:44.6493,107.0,358.9,saccade
14:28:44.6498,106.9,359.2,saccade
14:28:44.6503,106.7,359.6,saccade
14:28:44.6508,106.5,359.8,saccade
14:28:44.6513,106.2,361.3,saccade
14:28:44.6518,105.8,363.1,saccade
14:28:44.6523,.,.,blink
14:28:44.6528,.,.,blink
14:28:44.6533,.,.,blink
14:28:44.6538,.,.,blink
14:28:44.6543,.,.,blink
14:28:44.6548,.,.,blink
14:28:44.6553,.,.,blink
14:28:44.6558,.,.,blink
14:28:44.6563,.,.,blink
14:28:44.6568,.,.,blink
14:28:44.6573,.,.,blink
14:28:44.6578,.,.,blink
14:28:44.6583,.,.,blink
14:28:44.6588,.,.,blink
14:28:44.6593,.,.,blink
14:28:44.6598,.,.,blink
14:28:44.6603,.,.,blink
14:28:44.6608,.,.,blink
14:28:44.6613,.,.,blink
14:28:44.6618,.,.,blink
14:28:44.6623,.,.,blink
14:28:44.6628,.,.,blink
14:28:44.6633,.,.,blink
14:28:44.6638,.,.,blink
14:28:44.6643,.,.,blink
14:28:44.6648,.,.,blink
14:28:44.6653,.,.,blink
14:28:44.6658,.,.,blink
14:28:44.6663,.,.,blink
14:28:44.6668,.,.,blink
14:28:44.6673,.,.,blink
14:28:44.6678,.,.,blink
14:28:44.6683,.,.,blink
14:28:44.6688,.,.,blink
14:28:44.6693,.,.,blink
14:28:44.6698,.,.,blink
14:28:44.6703,.,.,blink
14:28:44.6708,.,.,blink
14:28:44.6713,.,.,blink
14:28:44.6718,.,.,blink
14:28:44.6723,.,.,blink
14:28:44.6728,.,.,blink
14:28:44.6733,.,.,blink
14:28:44.6738,.,.,blink
14:28:44.6743,.,.,blink
14:28:44.6748,.,.,blink
14:28:44.6753,.,.,blink
14:28:44.6758,.,.,blink
14:28:44.6763,.,.,blink
14:28:44.6768,.,.,blink
14:28:44.6773,.,.,blink
14:28:44.6778,.,.,blink
14:28:44.6783,.,.,blink
14:28:44.6788,.,.,blink
14:28:44.6793,.,.,blink
14:28:44.6798,.,.,blink
14:28:44.6803,.,.,blink
14:28:44.6808,.,.,blink
14:28:44.6813,.,.,blink
14:28:44.6818,.,.,blink
14:28:44.6823,.,.,blink
14:28:44.6828,.,.,blink
14:28:44.6833,.,.,blink
14:28:44.6838,.,.,blink
14:28:44.6843,.,.,blink
14:28:44.6848,.,.,blink
14:28:44.6853,.,.,blink
14:28:44.6858,.,.,blink
14:28:44.6863,.,.,blink
14:28:44.6868,.,.,blink
14:28:44.6873,.,.,blink
14:28:44.6878,.,.,blink
14:28:44.6883,.,.,blink
14:28:44.6888,.,.,blink
14:28:44.6893,.,.,blink
14:28:44.6898,.,.,blink
14:28:44.6903,.,.,blink
14:28:44.6908,.,.,blink
14:28:44.6913,.,.,blink
14:28:44.6918,.,.,blink
14:28:44.6923,.,.,blink
14:28:44.6928,.,.,blink
14:28:44.6933,.,.,blink
14:28:44.6938,.,.,blink
14:28:44.6943,.,.,blink
14:28:44.6948,.,.,blink
14:28:44.6953,.,.,blink
14:28:44.6958,.,.,blink
14:28:44.6963,.,.,blink
14:28:44.6968,.,.,blink
14:28:44.6973,.,.,blink
14:28:44.6978,.,.,blink
14:28:44.6983,.,.,blink
14:28:44.6988,.,.,blink
14:28:44.6993,.,.,blink
14:28:44.6998,.,.,blink
14:28:44.7003,.,.,blink
14:28:44.7008,.,.,blink
14:28:44.7013,.,.,blink
14:28:44.7018,.,.,blink
14:28:44.7023,.,.,blink
14:28:44.7028,.,.,blink
14:28:44.7033,.,.,blink
14:28:44.7038,.,.,blink
14:28:44.7043,.,.,blink
14:28:44.7048,.,.,blink
14:28:44.7053,.,.,blink
14:28:44.7058,.,.,blink
14:28:44.7063,.,.,blink
14:28:44.7068,.,.,blink
14:28:44.7073,.,.,blink
14:28:44.7078,.,.,blink
14:28:44.7083,.,.,blink
14:28:44.7088,.,.,blink
14:28:44.7093,.,.,blink
14:28:44.7098,.,.,blink
14:28:44.7103,.,.,blink
14:28:44.7108,.,.,blink
14:28:44.7113,.,.,blink
14:28:44.7118,.,.,blink
14:28:44.7123,.,.,blink
14:28:44.7128,.,.,blink
14:28:44.7133,.,.,blink
14:28:44.7138,.,.,blink
14:28:44.7143,.,.,blink
14:28:44.7148,.,.,blink
14:28:44.7153,.,.,blink
14:28:44.7158,.,.,blink
14:28:44.7163,.,.,blink
14:28:44.7168,.,.,blink
14:28:44.7173,.,.,blink
14:28:44.7178,.,.,blink
14:28:44.7183,.,.,blink
14:28:44.7188,.,.,blink
14:28:44.7193,.,.,blink
14:28:44.7198,.,.,blink
14:28:44.7203,.,.,blink
14:28:44.7208,.,.,blink
14:28:44.7213,.,.,blink
14:28:44.7218,.,.,blink
14:28:44.7223,.,.,blink
14:28:44.7228,.,.,blink
14:28:44.7233,.,.,blink
14:28:44.7238,.,.,blink
14:28:44.7243,.,.,blink
14:28:44.7248,.,.,blink
14:28:44.7253,.,.,blink
14:28:44.7258,.,.,blink
14:28:44.7263,.,.,blink
14:28:44.7268,.,.,blink
14:28:44.7273,.,.,blink
14:28:44.7278,.,.,blink
14:28:44.7283,.,.,blink
14:28:44.7288,.,.,blink
14:28:44.7293,.,.,blink
14:28:44.7298,.,.,blink
14:28:44.7303,.,.,blink
14:28:44.7308,.,.,blink
14:28:44.7313,.,.,blink
14:28:44.7318,.,.,blink
14:28:44.7323,.,.,blink
14:28:44.7328,.,.,blink
14:28:44.7333,.,.,blink
14:28:44.7338,.,.,blink
14:28:44.7343,.,.,blink
14:28:44.7348,.,.,blink
14:28:44.7353,.,.,blink
14:28:44.7358,.,.,blink
14:28:44.7363,.,.,blink
14:28:44.7368,.,.,blink
14:28:44.7373,.,.,blink
14:28:44.7378,.,.,blink
14:28:44.7383,.,.,blink
14:28:44.7388,.,.,blink
14:28:44.7393,.,.,blink
14:28:44.7398,.,.,blink
14:28:44.7403,.,.,blink
14:28:44.7408,.,.,blink
14:28:44.7413,.,.,blink
14:28:44.7418,.,.,blink
14:28:44.7423,.,.,blink
14:28:44.7428,.,.,blink
14:28:44.7433,.,.,blink
14:28:44.7438,.,.,blink
14:28:44.7443,.,.,blink
14:28:44.7448,.,.,blink
14:28:44.7453,.,.,blink
14:28:44.7458,.,.,blink
14:28:44.7463,.,.,blink
14:28:44.7468,.,.,blink
14:28:44.7473,.,.,blink
14:28:44.7478,.,.,blink
14:28:44.7483,.,.,blink
14:28:44.7488,.,.,blink
14:28:44.7493,.,.,blink
14:28:44.7498,.,.,blink
14:28:44.7503,.,.,blink
14:28:44.7508,.,.,blink
14:28:44.7513,.,.,blink
14:28:44.7518,.,.,blink
14:28:44.7523,.,.,blink
14:28:44.7528,.,.,blink
14:28:44.7533,.,.,blink
14:28:44.7538,.,.,blink
14:28:44.7543,.,.,blink
14:28:44.7548,.,.,blink
14:28:44.7553,.,.,blink
14:28:44.7558,.,.,blink
14:28:44.7563,.,.,blink
14:28:44.7568,.,.,blink
14:28:44.7573,.,.,blink
14:28:44.7578,.,.,blink
14:28:44.7583,.,.,blink
14:28:44.7588,.,.,blink
14:28:44.7593,.,.,blink
14:28:44.7598,.,.,blink
14:28:44.7603,.,.,blink
14:28:44.7608,.,.,blink
14:28:44.7613,.,.,blink
14:28:44.7618,.,.,blink
14:28:44.7623,.,.,blink
14:28:44.7628,.,.,blink
14:28:44.7633,.,.,blink
14:28:44.7638,.,.,blink
14:28:44.7643,.,.,blink
14:28:44.7648,.,.,blink
14:28:44.7653,.,.,blink
14:28:44.7658,.,.,blink
14:28:44.7663,.,.,blink
14:28:44.7668,.,.,blink
14:28:44.7673,.,.,blink
14:28:44.7678,.,.,blink
14:28:44.7683,.,.,blink
14:28:44.7688,.,.,blink
14:28:44.7693,.,.,blink
14:28:44.7698,.,.,blink
14:28:44.7703,.,.,blink
14:28:44.7708,.,.,blink
14:28:44.7713,.,.,blink
14:28:44.7718,.,.,blink
14:28:44.7723,.,.,blink
14:28:44.7728,.,.,blink
14:28:44.7733,.,.,blink
14:28:44.7738,.,.,blink
14:28:44.7743,.,.,blink
14:28:44.7748,.,.,blink
14:28:44.7753,.,.,blink
14:28:44.7758,.,.,blink
14:28:44.7763,.,.,blink
14:28:44.7768,.,.,blink
14:28:44.7773,.,.,blink
14:28:44.7778,.,.,blink
14:28:44.7783,.,.,blink
14:28:44.7788,.,.,blink
14:28:44.7793,.,.,blink
14:28:44.7798,.,.,blink
14:28:44.7803,.,.,blink
14:28:44.7808,.,.,blink
14:28:44.7813,.,.,blink
14:28:44.7818,.,.,blink
14:28:44.7823,.,.,blink
14:28:44.7828,.,.,blink
14:28:44.7833,.,.,blink
14:28:44.7838,.,.,blink
14:28:44.7843,.,.,blink
14:28:44.7848,.,.,blink
14:28:44.7853,.,.,blink
14:28:44.7858,.,.,blink
14:28:44.7863,.,.,blink
14:28:44.7868,.,.,blink
14:28:44.7873,.,.,blink
14:28:44.7878,.,.,blink
14:28:44.7883,.,.,blink
14:28:44.7888,.,.,blink
14:28:44.7893,.,.,blink
14:28:44.7898,.,.,blink
14:28:44.7903,.,.,blink
14:28:44.7908,.,.,blink
14:28:44.7913,.,.,blink
14:28:44.7918,.,.,blink
14:28:44.7923,.,.,blink
14:28:44.7928,.,.,blink
14:28:44.7933,.,.,blink
14:28:44.7938,.,.,blink
14:28:44.7943,.,.,blink
14:28:44.7948,.,.,blink
14:28:44.7953,.,.,blink
14:28:44.7958,.,.,blink
14:28:44.7963,.,.,blink
14:28:44.7968,.,.,blink
14:28:44.7973,.,.,blink
14:28:44.7978,.,.,blink
14:28:44.7983,.,.,blink
14:28:44.7988,.,.,blink
14:28:44.7993,.,.,blink
14:28:44.7998,.,.,blink
14:28:44.8003,.,.,blink
14:28:44.8008,.,.,blink
14:28:44.8013,.,.,blink
14:28:44.8018,.,.,blink
14:28:44.8023,.,.,blink
14:28:44.8028,.,.,blink
14:28:44.8033,.,.,blink
14:28:44.8038,.,.,blink
14:28:44.8043,.,.,blink
14:28:44.8048,.,.,blink
14:28:44.8053,.,.,blink
14:28:44.8058,.,.,blink
14:28:44.8063,.,.,blink
14:28:44.8068,.,.,blink
14:28:44.8073,.,.,blink
14:28:44.8078,.,.,blink
14:28:44.8083,.,.,blink
14:28:44.8088,.,.,blink
14:28:44.8093,.,.,blink
14:28:44.8098,.,.,blink
14:28:44.8103,.,.,blink
14:28:44.8108,.,.,blink
14:28:44.8113,.,.,blink
14:28:44.8118,.,.,blink
14:28:44.8123,.,.,blink
14:28:44.8128,.,.,blink
14:28:44.8133,.,.,blink
14:28:44.8138,.,.,blink
14:28:44.8143,.,.,blink
14:28:44.8148,.,.,blink
14:28:44.8153,.,.,blink
14:28:44.8158,.,.,blink
14:28:44.8163,.,.,blink
14:28:44.8168,.,.,blink
14:28:44.8173,.,.,blink
14:28:44.8178,.,.,blink
14:28:44.8183,.,.,blink
14:28:44.8188,.,.,blink
14:28:44.8193,.,.,blink
14:28:44.8198,.,.,blink
14:28:44.8203,.,.,blink
14:28:44.8208,.,.,blink
14:28:44.8213,.,.,blink
14:28:44.8218,.,.,blink
14:28:44.8223,.,.,blink
14:28:44.8228,.,.,blink
14:28:44.8233,.,.,blink
14:28:44.8238,.,.,blink
14:28:44.8243,.,.,blink
14:28:44.8248,.,.,blink
14:28:44.8253,.,.,blink
14:28:44.8258,.,.,blink
14:28:44.8263,.,.,blink
14:28:44.8268,.,.,blink
14:28:44.8273,.,.,blink
14:28:44.8278,.,.,blink
14:28:44.8283,.,.,blink
14:28:44.8288,.,.,blink
14:28:44.8293,.,.,blink
14:28:44.8298,.,.,blink
14:28:44.8303,.,.,blink
14:28:44.8308,.,.,blink
14:28:44.8313,.,.,blink
14:28:44.8318,.,.,blink
14:28:44.8323,.,.,blink
14:28:44.8328,.,.,blink
14:28:44.8333,.,.,blink
14:28:44.8338,.,.,blink
14:28:44.8343,.,.,blink
14:28:44.8348,.,.,blink
14:28:44.8353,.,.,blink
14:28:44.8358,.,.,blink
14:28:44.8363,.,.,blink
14:28:44.8368,.,.,blink
14:28:44.8373,.,.,blink
14:28:44.8378,.,.,blink
14:28:44.8383,.,.,blink
14:28:44.8388,.,.,blink
14:28:44.8393,.,.,blink
14:28:44.8398,.,.,blink
14:28:44.8403,.,.,blink
14:28:44.8408,.,.,blink
14:28:44.8413,.,.,blink
14:28:44.8418,.,.,blink
14:28:44.8423,.,.,blink
14:28:44.8428,.,.,blink
14:28:44.8433,.,.,blink
14:28:44.8438,.,.,blink
14:28:44.8443,.,.,blink
14:28:44.8448,.,.,blink
14:28:44.8453,.,.,blink
14:28:44.8458,.,.,blink
14:28:44.8463,.,.,blink
14:28:44.8468,.,.,blink
14:28:44.8473,.,.,blink
14:28:44.8478,.,.,blink
14:28:44.8483,.,.,blink
14:28:44.8488,.,.,blink
14:28:44.8493,.,.,blink
14:28:44.8498,.,.,blink
14:28:44.8503,.,.,blink
14:28:44.8508,.,.,blink
14:28:44.8513,.,.,blink
14:28:44.8518,.,.,blink
14:28:44.8523,.,.,blink
14:28:44.8528,.,.,blink
14:28:44.8533,.,.,blink
14:28:44.8538,.,.,blink
14:28:44.8543,.,.,blink
14:28:44.8548,.,.,blink
14:28:44.8553,.,.,blink
14:28:44.8558,.,.,blink
14:28:44.8563,.,.,blink
14:28:44.8568,.,.,blink
14:28:44.8573,.,.,blink
14:28:44.8578,.,.,blink
14:28:44.8583,.,.,blink
14:28:44.8588,.,.,blink
14:28:44.8593,.,.,blink
14:28:44.8598,.,.,blink
14:28:44.8603,.,.,blink
14:28:44.8608,.,.,blink
14:28:44.8613,.,.,blink
14:28:44.8618,.,.,blink
14:28:44.8623,.,.,blink
14:28:44.8628,.,.,blink
14:28:44.8633,.,.,blink
14:28:44.8638,.,.,blink
14:28:44.8643,.,.,blink
14:28:44.8648,.,.,blink
14:28:44.8653,.,.,blink
14:28:44.8658,.,.,blink
14:28:44.8663,.,.,blink
14:28:44.8668,.,.,blink
14:28:44.8673,.,.,blink
14:28:44.8678,.,.,blink
14:28:44.8683,.,.,blink
14:28:44.8688,.,.,blink
14:28:44.8693,.,.,blink
14:28:44.8698,.,.,blink
14:28:44.8703,.,.,blink
14:28:44.8708,.,.,blink
14:28:44.8713,.,.,blink
14:28:44.8718,.,.,blink
14:28:44.8723,.,.,blink
14:28:44.8728,.,.,blink
14:28:44.8733,.,.,blink
14:28:44.8738,.,.,blink
14:28:44.8743,.,.,blink
14:28:44.8748,.,.,blink
14:28:44.8753,.,.,blink
14:28:44.8758,.,.,blink
14:28:44.8763,.,.,blink
14:28:44.8768,.,.,blink
14:28:44.8773,.,.,blink
14:28:44.8778,.,.,blink
14:28:44.8783,.,.,blink
14:28:44.8788,.,.,blink
14:28:44.8793,.,.,blink
14:28:44.8798,.,.,blink
14:28:44.8803,.,.,blink
14:28:44.8808,.,.,blink
14:28:44.8813,.,.,blink
14:28:44.8818,.,.,blink
14:28:44.8823,.,.,blink
14:28:44.8828,.,.,blink
14:28:44.8833,.,.,blink
14:28:44.8838,.,.,blink
14:28:44.8843,.,.,blink
14:28:44.8848,.,.,blink
14:28:44.8853,.,.,blink
14:28:44.8858,.,.,blink
14:28:44.8863,.,.,blink
14:28:44.8868,.,.,blink
14:28:44.8873,.,.,blink
14:28:44.8878,.,.,blink
14:28:44.8883,.,.,blink
14:28:44.8888,.,.,blink
14:28:44.8893,.,.,blink
14:28:44.8898,.,.,blink
14:28:44.8903,.,.,blink
14:28:44.8908,.,.,blink
14:28:44.8913,.,.,blink
14:28:44.8918,.,.,blink
14:28:44.8923,.,.,blink
14:28:44.8928,.,.,blink
14:28:44.8933,.,.,blink
14:28:44.8938,.,.,blink
14:28:44.8943,.,.,blink
14:28:44.8948,.,.,blink
14:28:44.8953,.,.,blink
14:28:44.8958,.,.,blink
14:28:44.8963,.,.,blink
14:28:44.8968,.,.,blink
14:28:44.8973,.,.,blink
14:28:44.8978,.,.,blink
14:28:44.8983,.,.,blink
14:28:44.8988,.,.,blink
14:28:44.8993,.,.,blink
14:28:44.8998,.,.,blink
14:28:44.9003,.,.,blink
14:28:44.9008,.,.,blink
14:28:44.9013,.,.,blink
14:28:44.9018,.,.,blink
14:28:44.9023,.,.,blink
14:28:44.9028,.,.,blink
14:28:44.9033,.,.,blink
14:28:44.9038,.,.,blink
14:28:44.9043,.,.,blink
14:28:44.9048,.,.,blink
14:28:44.9053,.,.,blink
14:28:44.9058,.,.,blink
14:28:44.9063,.,.,blink
14:28:44.9068,.,.,blink
14:28:44.9073,.,.,blink
14:28:44.9078,.,.,blink
14:28:44.9083,.,.,blink
14:28:44.9088,.,.,blink
14:28:44.9093,.,.,blink
14:28:44.9098,.,.,blink
14:28:44.9103,.,.,blink
14:28:44.9108,.,.,blink
14:28:44.9113,.,.,blink
14:28:44.9118,.,.,blink
14:28:44.9123,.,.,blink
14:28:44.9128,.,.,blink
14:28:44.9133,.,.,blink
14:28:44.9138,.,.,blink
14:28:44.9143,.,.,blink
14:28:44.9148,.,.,blink
14:28:44.9153,.,.,blink
14:28:44.9158,.,.,blink
14:28:44.9163,.,.,blink
14:28:44.9168,.,.,blink
14:28:44.9173,.,.,blink
14:28:44.9178,.,.,blink
14:28:44.9183,.,.,blink
14:28:44.9188,.,.,blink
14:28:44.9193,.,.,blink
14:28:44.9198,.,.,blink
14:28:44.9203,.,.,blink
14:28:44.9208,.,.,blink
14:28:44.9213,.,.,blink
14:28:44.9218,.,.,blink
14:28:44.9223,.,.,blink
14:28:44.9228,.,.,blink
14:28:44.9233,.,.,blink
14:28:44.9238,.,.,blink
14:28:44.9243,.,.,blink
14:28:44.9248,.,.,blink
14:28:44.9253,.,.,blink
14:28:44.9258,.,.,blink
14:28:44.9263,.,.,blink
14:28:44.9268,.,.,blink
14:28:44.9273,.,.,blink
14:28:44.9278,.,.,blink
14:28:44.9283,.,.,blink
14:28:44.9288,.,.,blink
14:28:44.9293,.,.,blink
14:28:44.9298,.,.,blink
14:28:44.9303,.,.,blink
14:28:44.9308,.,.,blink
14:28:44.9313,.,.,blink
14:28:44.9318,.,.,blink
14:28:44.9323,.,.,blink
14:28:44.9328,.,.,blink
14:28:44.9333,.,.,blink
14:28:44.9338,.,.,blink
14:28:44.9343,.,.,blink
14:28:44.9348,.,.,blink
14:28:44.9353,.,.,blink
14:28:44.9358,.,.,blink
14:28:44.9363,.,.,blink
14:28:44.9368,.,.,blink
14:28:44.9373,.,.,blink
14:28:44.9378,.,.,blink
14:28:44.9383,.,.,blink
14:28:44.9388,.,.,blink
14:28:44.9393,.,.,blink
14:28:44.9398,.,.,blink
14:28:44.9403,.,.,blink
14:28:44.9408,.,.,blink
14:28:44.9413,.,.,blink
14:28:44.9418,.,.,blink
14:28:44.9423,.,.,blink
14:28:44.9428,.,.,blink
14:28:44.9433,.,.,blink
14:28:44.9438,.,.,blink
14:28:44.9443,.,.,blink
14:28:44.9448,.,.,blink
14:28:44.9453,.,.,blink
14:28:44.9458,.,.,blink
14:28:44.9463,.,.,blink
14:28:44.9468,.,.,blink
14:28:44.9473,.,.,blink
14:28:44.9478,.,.,blink
14:28:44.9483,.,.,blink
14:28:44.9488,.,.,blink
14:28:44.9493,.,.,blink
14:28:44.9498,.,.,blink
14:28:44.9503,.,.,blink
14:28:44.9508,.,.,blink
14:28:44.9513,.,.,blink
14:28:44.9518,.,.,blink
14:28:44.9523,.,.,blink
14:28:44.9528,.,.,blink
14:28:44.9533,.,.,blink
14:28:44.9538,.,.,blink
14:28:44.9543,.,.,blink
14:28:44.9548,.,.,blink
14:28:44.9553,.,.,blink
14:28:44.9558,.,.,blink
14:28:44.9563,.,.,blink
14:28:44.9568,.,.,blink
14:28:44.9573,.,.,blink
14:28:44.9578,.,.,blink
14:28:44.9583,.,.,blink
14:28:44.9588,.,.,blink
14:28:44.9593,.,.,blink
14:28:44.9598,.,.,blink
14:28:44.9603,.,.,blink
14:28:44.9608,.,.,blink
14:28:44.9613,.,.,blink
14:28:44.9618,.,.,blink
14:28:44.9623,.,.,blink
14:28:44.9628,.,.,blink
14:28:44.9633,.,.,blink
14:28:44.9638,.,.,blink
14:28:44.9643,.,.,blink
14:28:44.9648,.,.,blink
14:28:44.9653,.,.,blink
14:28:44.9658,.,.,blink
14:28:44.9663,.,.,blink
14:28:44.9668,.,.,blink
14:28:44.9673,.,.,blink
14:28:44.9678,.,.,blink
14:28:44.9683,.,.,blink
14:28:44.9688,.,.,blink
14:28:44.9693,.,.,blink
14:28:44.9698,.,.,blink
14:28:44.9703,.,.,blink
14:28:44.9708,.,.,blink
14:28:44.9713,.,.,blink
14:28:44.9718,.,.,blink
14:28:44.9723,.,.,blink
14:28:44.9728,.,.,blink
14:28:44.9733,.,.,blink
14:28:44.9738,.,.,blink
14:28:44.9743,.,.,blink
14:28:44.9748,.,.,blink
14:28:44.9753,.,.,blink
14:28:44.9758,.,.,blink
14:28:44.9763,.,.,blink
14:28:44.9768,.,.,blink
14:28:44.9773,.,.,blink
14:28:44.9778,.,.,blink
14:28:44.9783,.,.,blink
14:28:44.9788,.,.,blink
14:28:44.9793,.,.,blink
14:28:44.9798,.,.,blink
14:28:44.9803,.,.,blink
14:28:44.9808,.,.,blink
14:28:44.9813,.,.,blink
14:28:44.9818,.,.,blink
14:28:44.9823,.,.,blink
14:28:44.9828,.,.,blink
14:28:44.9833,.,.,blink
14:28:44.9838,.,.,blink
14:28:44.9843,.,.,blink
14:28:44.9848,.,.,blink
14:28:44.9853,.,.,blink
14:28:44.9858,.,.,blink
14:28:44.9863,.,.,blink
14:28:44.9868,.,.,blink
14:28:44.9873,.,.,blink
14:28:44.9878,.,.,blink
14:28:44.9883,.,.,blink
14:28:44.9888,.,.,blink
14:28:44.9893,.,.,blink
14:28:44.9898,.,.,blink
14:28:44.9903,.,.,blink
14:28:44.9908,.,.,blink
14:28:44.9913,.,.,blink
14:28:44.9918,.,.,blink
14:28:44.9923,.,.,blink
14:28:44.9928,.,.,blink
14:28:44.9933,.,.,blink
14:28:44.9938,.,.,blink
14:28:44.9943,.,.,blink
14:28:44.9948,.,.,blink
14:28:44.9953,.,.,blink
14:28:44.9958,.,.,blink
14:28:44.9963,.,.,blink
14:28:44.9968,.,.,blink
14:28:44.9973,.,.,blink
14:28:44.9978,.,.,blink
14:28:44.9983,.,.,blink
14:28:44.9988,.,.,blink
14:28:44.9993,.,.,blink
14:28:44.9998,.,.,blink
14:28:45.0003,.,.,blink
14:28:45.0008,.,.,blink
14:28:45.0013,.,.,blink
14:28:45.0018,.,.,blink
14:28:45.0023,.,.,blink
14:28:45.0028,.,.,blink
14:28:45.0033,.,.,blink
14:28:45.0038,.,.,blink
14:28:45.0043,.,.,blink
14:28:45.0048,.,.,blink
14:28:45.0053,.,.,blink
14:28:45.0058,.,.,blink
14:28:45.0063,.,.,blink
14:28:45.0068,.,.,blink
14:28:45.0073,.,.,blink
14:28:45.0078,.,.,blink
14:28:45.0083,.,.,blink
14:28:45.0088,.,.,blink
14:28:45.0093,.,.,blink
14:28:45.0098,.,.,blink
14:28:45.0103,.,.,blink
14:28:45.0108,.,.,blink
14:28:45.0113,.,.,blink
14:28:45.0118,.,.,blink
14:28:45.0123,.,.,blink
14:28:45.0128,.,.,blink
14:28:45.0133,.,.,blink
14:28:45.0138,.,.,blink
14:28:45.0143,.,.,blink
14:28:45.0148,.,.,blink
14:28:45.0153,.,.,blink
14:28:45.0158,.,.,blink
14:28:45.0163,.,.,blink
14:28:45.0168,.,.,blink
14:28:45.0173,.,.,blink
14:28:45.0178,.,.,blink
14:28:45.0183,.,.,blink
14:28:45.0188,.,.,blink
14:28:45.0193,.,.,blink
14:28:45.0198,.,.,blink
14:28:45.0203,.,.,blink
14:28:45.0208,.,.,blink
14:28:45.0213,.,.,blink
14:28:45.0218,.,.,blink
14:28:45.0223,.,.,blink
14:28:45.0228,.,.,blink
14:28:45.0233,.,.,blink
14:28:45.0238,.,.,blink
14:28:45.0243,.,.,blink
14:28:45.0248,.,.,blink
14:28:45.0253,.,.,blink
14:28:45.0258,.,.,blink
14:28:45.0263,.,.,blink
14:28:45.0268,.,.,blink
14:28:45.0273,.,.,blink
14:28:45.0278,.,.,blink
14:28:45.0283,.,.,blink
14:28:45.0288,.,.,blink
14:28:45.0293,.,.,blink
14:28:45.0298,.,.,blink
14:28:45.0303,.,.,blink
14:28:45.0308,.,.,blink
14:28:45.0313,.,.,blink
14:28:45.0318,.,.,blink
14:28:45.0323,.,.,blink
14:28:45.0328,.,.,blink
14:28:45.0333,.,.,blink
14:28:45.0338,.,.,blink
14:28:45.0343,.,.,blink
14:28:45.0348,.,.,blink
14:28:45.0353,.,.,blink
14:28:45.0358,.,.,blink
14:28:45.0363,.,.,blink
14:28:45.0368,.,.,blink
14:28:45.0373,.,.,blink
14:28:45.0378,.,.,blink
14:28:45.0383,.,.,blink
14:28:45.0388,.,.,blink
14:28:45.0393,.,.,blink
14:28:45.0398,.,.,blink
14:28:45.0403,.,.,blink
14:28:45.0408,.,.,blink
14:28:45.0413,.,.,blink
14:28:45.0418,.,.,blink
14:28:45.0423,.,.,blink
14:28:45.0428,.,.,blink
14:28:45.0433,.,.,blink
14:28:45.0438,.,.,blink
14:28:45.0443,.,.,blink
14:28:45.0448,.,.,blink
14:28:45.0453,.,.,blink
14:28:45.0458,.,.,blink
14:28:45.0463,.,.,blink
14:28:45.0468,.,.,blink
14:28:45.0473,.,.,blink
14:28:45.0478,.,.,blink
14:28:45.0483,.,.,blink
14:28:45.0488,.,.,blink
14:28:45.0493,.,.,blink
14:28:45.0498,.,.,blink
14:28:45.0503,.,.,blink
14:28:45.0508,.,.,blink
14:28:45.0513,.,.,blink
14:28:45.0518,.,.,blink
14:28:45.0523,.,.,blink
14:28:45.0528,.,.,blink
14:28:45.0533,.,.,blink
14:28:45.0538,.,.,blink
14:28:45.0543,.,.,blink
14:28:45.0548,.,.,blink
14:28:45.0553,.,.,blink
14:28:45.0558,.,.,blink
14:28:45.0563,.,.,blink
14:28:45.0568,.,.,blink
14:28:45.0573,.,.,blink
14:28:45.0578,.,.,blink
14:28:45.0583,.,.,blink
14:28:45.0588,.,.,blink
14:28:45.0593,.,.,blink
14:28:45.0598,.,.,blink
14:28:45.0603,.,.,blink
14:28:45.0608,.,.,blink
14:28:45.0613,.,.,blink
14:28:45.0618,.,.,blink
14:28:45.0623,.,.,blink
14:28:45.0628,.,.,blink
14:28:45.0633,.,.,blink
14:28:45.0638,.,.,blink
14:28:45.0643,.,.,blink
14:28:45.0648,.,.,blink
14:28:45.0653,.,.,blink
14:28:45.0658,.,.,blink
14:28:45.0663,.,.,blink
14:28:45.0668,.,.,blink
14:28:45.0673,.,.,blink
14:28:45.0678,.,.,blink
14:28:45.0683,.,.,blink
14:28:45.0688,.,.,blink
14:28:45.0693,.,.,blink
14:28:45.0698,.,.,blink
14:28:45.0703,.,.,blink
14:28:45.0708,.,.,blink
14:28:45.0713,.,.,blink
14:28:45.0718,.,.,blink
14:28:45.0723,.,.,blink
14:28:45.0728,.,.,blink
14:28:45.0733,.,.,blink
14:28:45.0738,.,.,blink
14:28:45.0743,.,.,blink
14:28:45.0748,.,.,blink
14:28:45.0753,.,.,blink
14:28:45.0758,.,.,blink
14:28:45.0763,.,.,blink
14:28:45.0768,.,.,blink
14:28:45.0773,.,.,blink
14:28:45.0778,.,.,blink
14:28:45.0783,.,.,blink
14:28:45.0788,.,.,blink
14:28:45.0793,.,.,blink
14:28:45.0798,.,.,blink
14:28:45.0803,.,.,blink
14:28:45.0808,.,.,blink
14:28:45.0813,.,.,blink
14:28:45.0818,.,.,blink
14:28:45.0823,.,.,blink
14:28:45.0828,.,.,blink
14:28:45.0833,.,.,blink
14:28:45.0838,.,.,blink
14:28:45.0843,.,.,blink
14:28:45.0848,.,.,blink
14:28:45.0853,.,.,blink
14:28:45.0858,.,.,blink
14:28:45.0863,.,.,blink
14:28:45.0868,.,.,blink
14:28:45.0873,.,.,blink
14:28:45.0878,.,.,blink
14:28:45.0883,.,.,blink
14:28:45.0888,.,.,blink
14:28:45.0893,.,.,blink
14:28:45.0898,.,.,blink
14:28:45.0903,.,.,blink
14:28:45.0908,.,.,blink
14:28:45.0913,.,.,blink
14:28:45.0918,.,.,blink
14:28:45.0923,.,.,blink
14:28:45.0928,.,.,blink
14:28:45.0933,.,.,blink
14:28:45.0938,.,.,blink
14:28:45.0943,.,.,blink
14:28:45.0948,.,.,blink
14:28:45.0953,.,.,blink
14:28:45.0958,.,.,blink
14:28:45.0963,.,.,blink
14:28:45.0968,.,.,blink
14:28:45.0973,.,.,blink
14:28:45.0978,.,.,blink
14:28:45.0983,.,.,blink
14:28:45.0988,.,.,blink
14:28:45.0993,.,.,blink
14:28:45.0998,.,.,blink
14:28:45.1003,.,.,blink
14:28:45.1008,.,.,blink
14:28:45.1013,.,.,blink
14:28:45.1018,.,.,blink
14:28:45.1023,.,.,blink
14:28:45.1028,.,.,blink
14:28:45.1033,.,.,blink
14:28:45.1038,.,.,blink
14:28:45.1043,.,.,blink
14:28:45.1048,.,.,blink
14:28:45.1053,.,.,blink
14:28:45.1058,.,.,blink
14:28:45.1063,.,.,blink
14:28:45.1068,.,.,blink
14:28:45.1073,.,.,blink
14:28:45.1078,.,.,blink
14:28:45.1083,.,.,blink
14:28:45.1088,.,.,blink
14:28:45.1093,.,.,blink
14:28:45.1098,.,.,blink
14:28:45.1103,.,.,blink
14:28:45.1108,.,.,blink
14:28:45.1113,.,.,blink
14:28:45.1118,.,.,blink
14:28:45.1123,.,.,blink
14:28:45.1128,.,.,blink
14:28:45.1133,.,.,blink
14:28:45.1138,.,.,blink
14:28:45.1143,.,.,blink
14:28:45.1148,.,.,blink
14:28:45.1153,.,.,blink
14:28:45.1158,.,.,blink
14:28:45.1163,.,.,blink
14:28:45.1168,.,.,blink
14:28:45.1173,.,.,blink
14:28:45.1178,.,.,blink
14:28:45.1183,.,.,blink
14:28:45.1188,.,.,blink
14:28:45.1193,.,.,blink
14:28:45.1198,.,.,blink
14:28:45.1203,.,.,blink
14:28:45.1208,.,.,blink
14:28:45.1213,.,.,blink
14:28:45.1218,.,.,blink
14:28:45.1223,.,.,blink
14:28:45.1228,.,.,blink
14:28:45.1233,.,.,blink
14:28:45.1238,.,.,blink
14:28:45.1243,.,.,blink
14:28:45.1248,.,.,blink
14:28:45.1253,.,.,blink
14:28:45.1258,.,.,blink
14:28:45.1263,.,.,blink
14:28:45.1268,.,.,blink
14:28:45.1273,.,.,blink
14:28:45.1278,.,.,blink
14:28:45.1283,.,.,blink
14:28:45.1288,.,.,blink
14:28:45.1293,.,.,blink
14:28:45.1298,.,.,blink
14:28:45.1303,.,.,blink
14:28:45.1308,.,.,blink
14:28:45.1313,.,.,blink
14:28:45.1318,.,.,blink
14:28:45.1323,.,.,blink
14:28:45.1328,.,.,blink
14:28:45.1333,.,.,blink
14:28:45.1338,.,.,blink
14:28:45.1343,.,.,blink
14:28:45.1348,.,.,blink
14:28:45.1353,.,.,blink
14:28:45.1358,.,.,blink
14:28:45.1363,.,.,blink
14:28:45.1368,.,.,blink
14:28:45.1373,.,.,blink
14:28:45.1378,.,.,blink
14:28:45.1383,.,.,blink
14:28:45.1388,.,.,blink
14:28:45.1393,.,.,blink
14:28:45.1398,.,.,blink
14:28:45.1403,.,.,blink
14:28:45.1408,.,.,blink
14:28:45.1413,.,.,blink
14:28:45.1418,.,.,blink
14:28:45.1423,.,.,blink
14:28:45.1428,.,.,blink
14:28:45.1433,.,.,blink
14:28:45.1438,.,.,blink
14:28:45.1443,.,.,blink
14:28:45.1448,.,.,blink
14:28:45.1453,.,.,blink
14:28:45.1458,.,.,blink
14:28:45.1463,.,.,blink
14:28:45.1468,.,.,blink
14:28:45.1473,.,.,blink
14:28:45.1478,.,.,blink
14:28:45.1483,.,.,blink
14:28:45.1488,.,.,blink
14:28:45.1493,.,.,blink
14:28:45.1498,.,.,blink
14:28:45.1503,.,.,blink
14:28:45.1508,.,.,blink
14:28:45.1513,.,.,blink
14:28:45.1518,.,.,blink
14:28:45.1523,.,.,blink
14:28:45.1528,.,.,blink
14:28:45.1533,.,.,blink
14:28:45.1538,.,.,blink
14:28:45.1543,.,.,blink
14:28:45.1548,.,.,blink
14:28:45.1553,.,.,blink
14:28:45.1558,.,.,blink
14:28:45.1563,.,.,blink
14:28:45.1568,.,.,blink
14:28:45.1573,.,.,blink
14:28:45.1578,.,.,blink
14:28:45.1583,.,.,blink
14:28:45.1588,.,.,blink
14:28:45.1593,.,.,blink
14:28:45.1598,.,.,blink
14:28:45.1603,.,.,blink
14:28:45.1608,.,.,blink
14:28:45.1613,.,.,blink
14:28:45.1618,.,.,blink
14:28:45.1623,.,.,blink
14:28:45.1628,.,.,blink
14:28:45.1633,.,.,blink
14:28:45.1638,.,.,blink
14:28:45.1643,.,.,blink
14:28:45.1648,.,.,blink
14:28:45.1653,.,.,blink
14:28:45.1658,.,.,blink
14:28:45.1663,.,.,blink
14:28:45.1668,.,.,blink
14:28:45.1673,.,.,blink
14:28:45.1678,.,.,blink
14:28:45.1683,.,.,blink
14:28:45.1688,.,.,blink
14:28:45.1693,.,.,blink
14:28:45.1698,.,.,blink
14:28:45.1703,.,.,blink
14:28:45.1708,.,.,blink
14:28:45.1713,.,.,blink
14:28:45.1718,.,.,blink
14:28:45.1723,.,.,blink
14:28:45.1728,.,.,blink
14:28:45.1733,.,.,blink
14:28:45.1738,.,.,blink
14:28:45.1743,.,.,blink
14:28:45.1748,.,.,blink
14:28:45.1753,.,.,blink
14:28:45.1758,.,.,blink
14:28:45.1763,.,.,blink
14:28:45.1768,.,.,blink
14:28:45.1773,.,.,blink
14:28:45.1778,.,.,blink
14:28:45.1783,.,.,blink
14:28:45.1788,.,.,blink
14:28:45.1793,.,.,blink
14:28:45.1798,.,.,blink
14:28:45.1803,.,.,blink
14:28:45.1808,.,.,blink
14:28:45.1813,.,.,blink
14:28:45.1818,.,.,blink
14:28:45.1823,.,.,blink
14:28:45.1828,.,.,blink
14:28:45.1833,.,.,blink
14:28:45.1838,.,.,blink
14:28:45.1843,.,.,blink
14:28:45.1848,.,.,blink
14:28:45.1853,.,.,blink
14:28:45.1858,.,.,blink
14:28:45.1863,.,.,blink
14:28:45.1868,.,.,blink
14:28:45.1873,.,.,blink
14:28:45.1878,.,.,blink
14:28:45.1883,.,.,blink
14:28:45.1888,.,.,blink
14:28:45.1893,.,.,blink
14:28:45.1898,.,.,blink
14:28:45.1903,.,.,blink
14:28:45.1908,.,.,blink
14:28:45.1913,.,.,blink
14:28:45.1918,.,.,blink
14:28:45.1923,.,.,blink
14:28:45.1928,.,.,blink
14:28:45.1933,.,.,blink
14:28:45.1938,.,.,blink
14:28:45.1943,.,.,blink
14:28:45.1948,.,.,blink
14:28:45.1953,.,.,blink
14:28:45.1958,.,.,blink
14:28:45.1963,.,.,blink
14:28:45.1968,.,.,blink
14:28:45.1973,.,.,blink
14:28:45.1978,.,.,blink
14:28:45.1983,.,.,blink
14:28:45.1988,.,.,blink
14:28:45.1993,.,.,blink
14:28:45.1998,.,.,blink
14:28:45.2003,.,.,blink
14:28:45.2008,.,.,blink
14:28:45.2013,.,.,blink
14:28:45.2018,.,.,blink
14:28:45.2023,.,.,blink
14:28:45.2028,.,.,blink
14:28:45.2033,.,.,blink
14:28:45.2038,.,.,blink
14:28:45.2043,.,.,blink
14:28:45.2048,.,.,blink
14:28:45.2053,.,.,blink
14:28:45.2058,.,.,blink
14:28:45.2063,.,.,blink
14:28:45.2068,.,.,blink
14:28:45.2073,.,.,blink
14:28:45.2078,.,.,blink
14:28:45.2083,.,.,blink
14:28:45.2088,.,.,blink
14:28:45.2093,.,.,blink
14:28:45.2098,.,.,blink
14:28:45.2103,.,.,blink
14:28:45.2108,.,.,blink
14:28:45.2113,.,.,blink
14:28:45.2118,.,.,blink
14:28:45.2123,.,.,blink
14:28:45.2128,.,.,blink
14:28:45.2133,.,.,blink
14:28:45.2138,.,.,blink
14:28:45.2143,.,.,blink
14:28:45.2148,.,.,blink
14:28:45.2153,.,.,blink
14:28:45.2158,.,.,blink
14:28:45.2163,.,.,blink
14:28:45.2168,.,.,blink
14:28:45.2173,.,.,blink
14:28:45.2178,.,.,blink
14:28:45.2183,.,.,blink
14:28:45.2188,.,.,blink
14:28:45.2193,.,.,blink
14:28:45.2198,.,.,blink
14:28:45.2203,.,.,blink
14:28:45.2208,.,.,blink
14:28:45.2213,.,.,blink
14:28:45.2218,.,.,blink
14:28:45.2223,.,.,blink
14:28:45.2228,.,.,blink
14:28:45.2233,.,.,blink
14:28:45.2238,.,.,blink
14:28:45.2243,.,.,blink
14:28:45.2248,.,.,blink
14:28:45.2253,.,.,blink
14:28:45.2258,.,.,blink
14:28:45.2263,.,.,blink
14:28:45.2268,.,.,blink
14:28:45.2273,.,.,blink
14:28:45.2278,.,.,blink
14:28:45.2283,.,.,blink
14:28:45.2288,.,.,blink
14:28:45.2293,.,.,blink
14:28:45.2298,.,.,blink
14:28:45.2303,.,.,blink
14:28:45.2308,.,.,blink
14:28:45.2313,.,.,blink
14:28:45.2318,.,.,blink
14:28:45.2323,.,.,blink
14:28:45.2328,.,.,blink
14:28:45.2333,.,.,blink
14:28:45.2338,.,.,blink
14:28:45.2343,.,.,blink
14:28:45.2348,.,.,blink
14:28:45.2353,.,.,blink
14:28:45.2358,.,.,blink
14:28:45.2363,.,.,blink
14:28:45.2368,.,.,blink
14:28:45.2373,.,.,blink
14:28:45.2378,.,.,blink
14:28:45.2383,.,.,blink
14:28:45.2388,.,.,blink
14:28:45.2393,.,.,blink
14:28:45.2398,.,.,blink
14:28:45.2403,.,.,blink
14:28:45.2408,.,.,blink
14:28:45.2413,.,.,blink
14:28:45.2418,.,.,blink
14:28:45.2423,.,.,blink
14:28:45.2428,.,.,blink
14:28:45.2433,.,.,blink
14:28:45.2438,.,.,blink
14:28:45.2443,.,.,blink
14:28:45.2448,.,.,blink
14:28:45.2453,.,.,blink
14:28:45.2458,.,.,blink
14:28:45.2463,.,.,blink
14:28:45.2468,.,.,blink
14:28:45.2473,.,.,blink
14:28:45.2478,.,.,blink
14:28:45.2483,.,.,blink
14:28:45.2488,.,.,blink
14:28:45.2493,.,.,blink
14:28:45.2498,.,.,blink
14:28:45.2503,.,.,blink
14:28:45.2508,.,.,blink
14:28:45.2513,.,.,blink
14:28:45.2518,.,.,blink
14:28:45.2523,.,.,blink
14:28:45.2528,.,.,blink
14:28:45.2533,.,.,blink
14:28:45.2538,.,.,blink
14:28:45.2543,.,.,blink
14:28:45.2548,.,.,blink
14:28:45.2553,.,.,blink
14:28:45.2558,.,.,blink
14:28:45.2563,.,.,blink
14:28:45.2568,.,.,blink
14:28:45.2573,.,.,blink
14:28:45.2578,.,.,blink
14:28:45.2583,.,.,blink
14:28:45.2588,.,.,blink
14:28:45.2593,.,.,blink
14:28:45.2598,.,.,blink
14:28:45.2603,.,.,blink
14:28:45.2608,.,.,blink
14:28:45.2613,.,.,blink
14:28:45.2618,.,.,blink
14:28:45.2623,.,.,blink
14:28:45.2628,.,.,blink
14:28:45.2633,.,.,blink
14:28:45.2638,.,.,blink
14:28:45.2643,.,.,blink
14:28:45.2648,.,.,blink
14:28:45.2653,.,.,blink
14:28:45.2658,.,.,blink
14:28:45.2663,.,.,blink
14:28:45.2668,.,.,blink
14:28:45.2673,.,.,blink
14:28:45.2678,.,.,blink
14:28:45.2683,.,.,blink
14:28:45.2688,.,.,blink
14:28:45.2693,.,.,blink
14:28:45.2698,.,.,blink
14:28:45.2703,.,.,blink
14:28:45.2708,.,.,blink
14:28:45.2713,.,.,blink
14:28:45.2718,.,.,blink
14:28:45.2723,.,.,blink
14:28:45.2728,.,.,blink
14:28:45.2733,.,.,blink
14:28:45.2738,.,.,blink
14:28:45.2743,.,.,blink
14:28:45.2748,.,.,blink
14:28:45.2753,.,.,blink
14:28:45.2758,.,.,blink
14:28:45.2763,.,.,blink
14:28:45.2768,.,.,blink
14:28:45.2773,.,.,blink
14:28:45.2778,.,.,blink
14:28:45.2783,.,.,blink
14:28:45.2788,.,.,blink
14:28:45.2793,.,.,blink
14:28:45.2798,.,.,blink
14:28:45.2803,.,.,blink
14:28:45.2808,.,.,blink
14:28:45.2813,.,.,blink
14:28:45.2818,.,.,blink
14:28:45.2823,.,.,blink
14:28:45.2828,.,.,blink
14:28:45.2833,.,.,blink
14:28:45.2838,.,.,blink
14:28:45.2843,.,.,blink
14:28:45.2848,.,.,blink
14:28:45.2853,.,.,blink
14:28:45.2858,.,.,blink
14:28:45.2863,.,.,blink
14:28:45.2868,.,.,blink
14:28:45.2873,.,.,blink
14:28:45.2878,.,.,blink
14:28:45.2883,.,.,blink
14:28:45.2888,.,.,blink
14:28:45.2893,.,.,blink
14:28:45.2898,.,.,blink
14:28:45.2903,.,.,blink
14:28:45.2908,.,.,blink
14:28:45.2913,.,.,blink
14:28:45.2918,.,.,blink
14:28:45.2923,.,.,blink
14:28:45.2928,.,.,blink
14:28:45.2933,.,.,blink
14:28:45.2938,.,.,blink
14:28:45.2943,.,.,blink
14:28:45.2948,.,.,blink
14:28:45.2953,.,.,blink
14:28:45.2958,.,.,blink
14:28:45.2963,.,.,blink
14:28:45.2968,.,.,blink
14:28:45.2973,.,.,blink
14:28:45.2978,.,.,blink
14:28:45.2983,.,.,blink
14:28:45.2988,.,.,blink
14:28:45.2993,.,.,blink
14:28:45.2998,.,.,blink
14:28:45.3003,.,.,blink
14:28:45.3008,.,.,blink
14:28:45.3013,.,.,blink
14:28:45.3018,.,.,blink
14:28:45.3023,.,.,blink
14:28:45.3028,.,.,blink
14:28:45.3033,.,.,blink
14:28:45.3038,.,.,blink
14:28:45.3043,.,.,blink
14:28:45.3048,.,.,blink
14:28:45.3053,.,.,blink
14:28:45.3058,.,.,blink
14:28:45.3063,.,.,blink
14:28:45.3068,.,.,blink
14:28:45.3073,.,.,blink
14:28:45.3078,.,.,blink
14:28:45.3083,.,.,blink
14:28:45.3088,.,.,blink
14:28:45.3093,.,.,blink
14:28:45.3098,.,.,blink
14:28:45.3103,.,.,blink
14:28:45.3108,.,.,blink
14:28:45.3113,.,.,blink
14:28:45.3118,.,.,blink
14:28:45.3123,.,.,blink
14:28:45.3128,.,.,blink
14:28:45.3133,.,.,blink
14:28:45.3138,.,.,blink
14:28:45.3143,.,.,blink
14:28:45.3148,.,.,blink
14:28:45.3153,.,.,blink
14:28:45.3158,.,.,blink
14:28:45.3163,.,.,blink
14:28:45.3168,.,.,blink
14:28:45.3173,.,.,blink
14:28:45.3178,.,.,blink
14:28:45.3183,.,.,blink
14:28:45.3188,.,.,blink
14:28:45.3193,.,.,blink
14:28:45.3198,.,.,blink
14:28:45.3203,.,.,blink
14:28:45.3208,.,.,blink
14:28:45.3213,.,.,blink
14:28:45.3218,.,.,blink
14:28:45.3223,.,.,blink
14:28:45.3228,.,.,blink
14:28:45.3233,.,.,blink
14:28:45.3238,.,.,blink
14:28:45.3243,.,.,blink
14:28:45.3248,.,.,blink
14:28:45.3253,.,.,blink
14:28:45.3258,.,.,blink
14:28:45.3263,.,.,blink
14:28:45.3268,.,.,blink
14:28:45.3273,.,.,blink
14:28:45.3278,.,.,blink
14:28:45.3283,.,.,blink
14:28:45.3288,.,.,blink
14:28:45.3293,.,.,blink
14:28:45.3298,.,.,blink
14:28:45.3303,.,.,blink
14:28:45.3308,.,.,blink
14:28:45.3313,.,.,blink
14:28:45.3318,.,.,blink
14:28:45.3323,.,.,blink
14:28:45.3328,.,.,blink
14:28:45.3333,.,.,blink
14:28:45.3338,.,.,blink
14:28:45.3343,.,.,blink
14:28:45.3348,.,.,blink
14:28:45.3353,.,.,blink
14:28:45.3358,.,.,blink
14:28:45.3363,.,.,blink
14:28:45.3368,.,.,blink
14:28:45.3373,.,.,blink
14:28:45.3378,.,.,blink
14:28:45.3383,.,.,blink
14:28:45.3388,.,.,blink
14:28:45.3393,.,.,blink
14:28:45.3398,.,.,blink
14:28:45.3403,.,.,blink
14:28:45.3408,.,.,blink
14:28:45.3413,.,.,blink
14:28:45.3418,.,.,blink
14:28:45.3423,.,.,blink
14:28:45.3428,.,.,blink
14:28:45.3433,.,.,blink
14:28:45.3438,.,.,blink
14:28:45.3443,.,.,blink
14:28:45.3448,.,.,blink
14:28:45.3453,.,.,blink
14:28:45.3458,.,.,blink
14:28:45.3463,.,.,blink
14:28:45.3468,.,.,blink
14:28:45.3473,.,.,blink
14:28:45.3478,.,.,blink
14:28:45.3483,.,.,blink
14:28:45.3488,.,.,blink
14:28:45.3493,.,.,blink
14:28:45.3498,.,.,blink
14:28:45.3503,.,.,blink
14:28:45.3508,.,.,blink
14:28:45.3513,.,.,blink
14:28:45.3518,.,.,blink
14:28:45.3523,.,.,blink
14:28:45.3528,.,.,blink
14:28:45.3533,.,.,blink
14:28:45.3538,.,.,blink
14:28:45.3543,.,.,blink
14:28:45.3548,.,.,blink
14:28:45.3553,.,.,blink
14:28:45.3558,.,.,blink
14:28:45.3563,.,.,blink
14:28:45.3568,.,.,blink
14:28:45.3573,.,.,blink
14:28:45.3578,.,.,blink
14:28:45.3583,.,.,blink
14:28:45.3588,.,.,blink
14:28:45.3593,.,.,blink
14:28:45.3598,.,.,blink
14:28:45.3603,.,.,blink
14:28:45.3608,.,.,blink
14:28:45.3613,.,.,blink
14:28:45.3618,.,.,blink
14:28:45.3623,.,.,blink
14:28:45.3628,.,.,blink
14:28:45.3633,.,.,blink
14:28:45.3638,.,.,blink
14:28:45.3643,.,.,blink
14:28:45.3648,.,.,blink
14:28:45.3653,.,.,blink
14:28:45.3658,.,.,blink
14:28:45.3663,.,.,blink
14:28:45.3668,.,.,blink
14:28:45.3673,.,.,blink
14:28:45.3678,.,.,blink
14:28:45.3683,.,.,blink
14:28:45.3688,.,.,blink
14:28:45.3693,.,.,blink
14:28:45.3698,.,.,blink
14:28:45.3703,.,.,blink
14:28:45.3708,.,.,blink
14:28:45.3713,.,.,blink
14:28:45.3718,.,.,blink
14:28:45.3723,.,.,blink
14:28:45.3728,.,.,blink
14:28:45.3733,.,.,blink
14:28:45.3738,.,.,blink
14:28:45.3743,.,.,blink
14:28:45.3748,.,.,blink
14:28:45.3753,.,.,blink
14:28:45.3758,.,.,blink
14:28:45.3763,.,.,blink
14:28:45.3768,.,.,blink
14:28:45.3773,.,.,blink
14:28:45.3778,.,.,blink
14:28:45.3783,.,.,blink
14:28:45.3788,.,.,blink
14:28:45.3793,.,.,blink
14:28:45.3798,.,.,blink
14:28:45.3803,.,.,blink
14:28:45.3808,.,.,blink
14:28:45.3813,.,.,blink
14:28:45.3818,.,.,blink
14:28:45.3823,.,.,blink
14:28:45.3828,.,.,blink
14:28:45.3833,.,.,blink
14:28:45.3838,.,.,blink
14:28:45.3843,.,.,blink
14:28:45.3848,.,.,blink
14:28:45.3853,.,.,blink
14:28:45.3858,.,.,blink
14:28:45.3863,.,.,blink
14:28:45.3868,.,.,blink
14:28:45.3873,.,.,blink
14:28:45.3878,.,.,blink
14:28:45.3883,.,.,blink
14:28:45.3888,.,.,blink
14:28:45.3893,.,.,blink
14:28:45.3898,.,.,blink
14:28:45.3903,.,.,blink
14:28:45.3908,.,.,blink
14:28:45.3913,.,.,blink
14:28:45.3918,.,.,blink
14:28:45.3923,.,.,blink
14:28:45.3928,.,.,blink
14:28:45.3933,.,.,blink
14:28:45.3938,.,.,blink
14:28:45.3943,.,.,blink
14:28:45.3948,.,.,blink
14:28:45.3953,.,.,blink
14:28:45.3958,.,.,blink
14:28:45.3963,.,.,blink
14:28:45.3968,.,.,blink
14:28:45.3973,.,.,blink
14:28:45.3978,.,.,blink
14:28:45.3983,.,.,blink
14:28:45.3988,.,.,blink
14:28:45.3993,.,.,blink
14:28:45.3998,.,.,blink
14:28:45.4003,.,.,blink
14:28:45.4008,.,.,blink
14:28:45.4013,.,.,blink
14:28:45.4018,.,.,blink
14:28:45.4023,.,.,blink
14:28:45.4028,.,.,blink
14:28:45.4033,.,.,blink
14:28:45.4038,.,.,blink
14:28:45.4043,.,.,blink
14:28:45.4048,.,.,blink
14:28:45.4053,.,.,blink
14:28:45.4058,.,.,blink
14:28:45.4063,.,.,blink
14:28:45.4068,.,.,blink
14:28:45.4073,.,.,blink
14:28:45.4078,.,.,blink
14:28:45.4083,.,.,blink
14:28:45.4088,.,.,blink
14:28:45.4093,.,.,blink
14:28:45.4098,.,.,blink
14:28:45.4103,.,.,blink
14:28:45.4108,.,.,blink
14:28:45.4113,.,.,blink
14:28:45.4118,.,.,blink
14:28:45.4123,.,.,blink
14:28:45.4128,.,.,blink
14:28:45.4133,.,.,blink
14:28:45.4138,.,.,blink
14:28:45.4143,.,.,blink
14:28:45.4148,.,.,blink
14:28:45.4153,.,.,blink
14:28:45.4158,.,.,blink
14:28:45.4163,.,.,blink
14:28:45.4168,.,.,blink
14:28:45.4173,.,.,blink
14:28:45.4178,.,.,blink
14:28:45.4183,.,.,blink
14:28:45.4188,.,.,blink
14:28:45.4193,.,.,blink
14:28:45.4198,.,.,blink
14:28:45.4203,.,.,blink
14:28:45.4208,.,.,blink
14:28:45.4213,.,.,blink
14:28:45.4218,.,.,blink
14:28:45.4223,.,.,blink
14:28:45.4228,.,.,blink
14:28:45.4233,.,.,blink
14:28:45.4238,.,.,blink
14:28:45.4243,.,.,blink
14:28:45.4248,.,.,blink
14:28:45.4253,.,.,blink
14:28:45.4258,.,.,blink
14:28:45.4263,.,.,blink
14:28:45.4268,.,.,blink
14:28:45.4273,.,.,blink
14:28:45.4278,.,.,blink
14:28:45.4283,.,.,blink
14:28:45.4288,.,.,blink
14:28:45.4293,.,.,blink
14:28:45.4298,.,.,blink
14:28:45.4303,.,.,blink
14:28:45.4308,.,.,blink
14:28:45.4313,.,.,blink
14:28:45.4318,.,.,blink
14:28:45.4323,.,.,blink
14:28:45.4328,.,.,blink
14:28:45.4333,.,.,blink
14:28:45.4338,.,.,blink
14:28:45.4343,.,.,blink
14:28:45.4348,.,.,blink
14:28:45.4353,.,.,blink
14:28:45.4358,.,.,blink
14:28:45.4363,.,.,blink
14:28:45.4368,.,.,blink
14:28:45.4373,.,.,blink
14:28:45.4378,.,.,blink
14:28:45.4383,.,.,blink
14:28:45.4388,.,.,blink
14:28:45.4393,.,.,blink
14:28:45.4398,.,.,blink
14:28:45.4403,.,.,blink
14:28:45.4408,.,.,blink
14:28:45.4413,.,.,blink
14:28:45.4418,.,.,blink
14:28:45.4423,.,.,blink
14:28:45.4428,.,.,blink
14:28:45.4433,.,.,blink
14:28:45.4438,.,.,blink
14:28:45.4443,.,.,blink
14:28:45.4448,.,.,blink
14:28:45.4453,.,.,blink
14:28:45.4458,.,.,blink
14:28:45.4463,.,.,blink
14:28:45.4468,.,.,blink
14:28:45.4473,.,.,blink
14:28:45.4478,.,.,blink
14:28:45.4483,.,.,blink
14:28:45.4488,.,.,blink
14:28:45.4493,.,.,blink
14:28:45.4498,.,.,blink
14:28:45.4503,.,.,blink
14:28:45.4508,.,.,blink
14:28:45.4513,.,.,blink
14:28:45.4518,.,.,blink
14:28:45.4523,.,.,blink
14:28:45.4528,.,.,blink
14:28:45.4533,.,.,blink
14:28:45.4538,.,.,blink
14:28:45.4543,.,.,blink
14:28:45.4548,.,.,blink
14:28:45.4553,.,.,blink
14:28:45.4558,.,.,blink
14:28:45.4563,.,.,blink
14:28:45.4568,.,.,blink
14:28:45.4573,.,.,blink
14:28:45.4578,.,.,blink
14:28:45.4583,.,.,blink
14:28:45.4588,.,.,blink
14:28:45.4593,.,.,blink
14:28:45.4598,.,.,blink
14:28:45.4603,.,.,blink
14:28:45.4608,.,.,blink
14:28:45.4613,.,.,blink
14:28:45.4618,.,.,blink
14:28:45.4623,.,.,blink
14:28:45.4628,.,.,blink
14:28:45.4633,.,.,blink
14:28:45.4638,.,.,blink
14:28:45.4643,.,.,blink
14:28:45.4648,.,.,blink
14:28:45.4653,.,.,blink
14:28:45.4658,.,.,blink
14:28:45.4663,.,.,blink
14:28:45.4668,.,.,blink
14:28:45.4673,.,.,blink
14:28:45.4678,.,.,blink
14:28:45.4683,.,.,blink
14:28:45.4688,.,.,blink
14:28:45.4693,.,.,blink
14:28:45.4698,.,.,blink
14:28:45.4703,.,.,blink
14:28:45.4708,.,.,blink
14:28:45.4713,.,.,blink
14:28:45.4718,.,.,blink
14:28:45.4723,.,.,blink
14:28:45.4728,.,.,blink
14:28:45.4733,.,.,blink
14:28:45.4738,.,.,blink
14:28:45.4743,.,.,blink
14:28:45.4748,.,.,blink
14:28:45.4753,.,.,blink
14:28:45.4758,.,.,blink
14:28:45.4763,.,.,blink
14:28:45.4768,.,.,blink
14:28:45.4773,.,.,blink
14:28:45.4778,.,.,blink
14:28:45.4783,.,.,blink
14:28:45.4788,.,.,blink
14:28:45.4793,.,.,blink
14:28:45.4798,.,.,blink
14:28:45.4803,.,.,blink
14:28:45.4808,.,.,blink
14:28:45.4813,.,.,blink
14:28:45.4818,.,.,blink
14:28:45.4823,.,.,blink
14:28:45.4828,.,.,blink
14:28:45.4833,.,.,blink
14:28:45.4838,.,.,blink
14:28:45.4843,.,.,blink
14:28:45.4848,.,.,blink
14:28:45.4853,.,.,blink
14:28:45.4858,.,.,blink
14:28:45.4863,.,.,blink
14:28:45.4868,.,.,blink
14:28:45.4873,.,.,blink
14:28:45.4878,.,.,blink
14:28:45.4883,.,.,blink
14:28:45.4888,.,.,blink
14:28:45.4893,.,.,blink
14:28:45.4898,.,.,blink
14:28:45.4903,.,.,blink
14:28:45.4908,.,.,blink
14:28:45.4913,.,.,blink
14:28:45.4918,.,.,blink
14:28:45.4923,.,.,blink
14:28:45.4928,.,.,blink
14:28:45.4933,.,.,blink
14:28:45.4938,.,.,blink
14:28:45.4943,.,.,blink
14:28:45.4948,.,.,blink
14:28:45.4953,.,.,blink
14:28:45.4958,.,.,blink
14:28:45.4963,.,.,blink
14:28:45.4968,.,.,blink
14:28:45.4973,.,.,blink
14:28:45.4978,.,.,blink
14:28:45.4983,.,.,blink
14:28:45.4988,.,.,blink
14:28:45.4993,.,.,blink
14:28:45.4998,.,.,blink
14:28:45.5003,.,.,blink
14:28:45.5008,.,.,blink
14:28:45.5013,.,.,blink
14:28:45.5018,.,.,blink
14:28:45.5023,.,.,blink
14:28:45.5028,.,.,blink
14:28:45.5033,.,.,blink
14:28:45.5038,.,.,blink
14:28:45.5043,.,.,blink
14:28:45.5048,.,.,blink
14:28:45.5053,.,.,blink
14:28:45.5058,.,.,blink
14:28:45.5063,.,.,blink
14:28:45.5068,.,.,blink
14:28:45.5073,.,.,blink
14:28:45.5078,.,.,blink
14:28:45.5083,.,.,blink
14:28:45.5088,.,.,blink
14:28:45.5093,.,.,blink
14:28:45.5098,.,.,blink
14:28:45.5103,.,.,blink
14:28:45.5108,.,.,blink
14:28:45.5113,.,.,blink
14:28:45.5118,.,.,blink
14:28:45.5123,.,.,blink
14:28:45.5128,.,.,blink
14:28:45.5133,.,.,blink
14:28:45.5138,.,.,blink
14:28:45.5143,.,.,blink
14:28:45.5148,.,.,blink
14:28:45.5153,.,.,blink
14:28:45.5158,.,.,blink
14:28:45.5163,.,.,blink
14:28:45.5168,.,.,blink
14:28:45.5173,.,.,blink
14:28:45.5178,.,.,blink
14:28:45.5183,.,.,blink
14:28:45.5188,.,.,blink
14:28:45.5193,.,.,blink
14:28:45.5198,.,.,blink
14:28:45.5203,.,.,blink
14:28:45.5208,.,.,blink
14:28:45.5213,.,.,blink
14:28:45.5218,.,.,blink
14:28:45.5223,.,.,blink
14:28:45.5228,.,.,blink
14:28:45.5233,.,.,blink
14:28:45.5238,.,.,blink
14:28:45.5243,.,.,blink
14:28:45.5248,.,.,blink
14:28:45.5253,.,.,blink
14:28:45.5258,.,.,blink
14:28:45.5263,.,.,blink
14:28:45.5268,.,.,blink
14:28:45.5273,.,.,blink
14:28:45.5278,.,.,blink
14:28:45.5283,.,.,blink
14:28:45.5288,.,.,blink
14:28:45.5293,.,.,blink
14:28:45.5298,.,.,blink
14:28:45.5303,.,.,blink
14:28:45.5308,.,.,blink
14:28:45.5313,.,.,blink
14:28:45.5318,.,.,blink
14:28:45.5323,.,.,blink
14:28:45.5328,.,.,blink
14:28:45.5333,.,.,blink
14:28:45.5338,.,.,blink
14:28:45.5343,.,.,blink
14:28:45.5348,.,.,blink
14:28:45.5353,.,.,blink
14:28:45.5358,.,.,blink
14:28:45.5363,.,.,blink
14:28:45.5368,.,.,blink
14:28:45.5373,.,.,blink
14:28:45.5378,.,.,blink
14:28:45.5383,.,.,blink
14:28:45.5388,.,.,blink
14:28:45.5393,.,.,blink
14:28:45.5398,.,.,blink
14:28:45.5403,.,.,blink
14:28:45.5408,.,.,blink
14:28:45.5413,.,.,blink
14:28:45.5418,.,.,blink
14:28:45.5423,.,.,blink
14:28:45.5428,.,.,blink
14:28:45.5433,.,.,blink
14:28:45.5438,.,.,blink
14:28:45.5443,.,.,blink
14:28:45.5448,.,.,blink
14:28:45.5453,.,.,blink
14:28:45.5458,.,.,blink
14:28:45.5463,.,.,blink
14:28:45.5468,.,.,blink
14:28:45.5473,.,.,blink
14:28:45.5478,.,.,blink
14:28:45.5483,.,.,blink
14:28:45.5488,.,.,blink
14:28:45.5493,.,.,blink
14:28:45.5498,.,.,blink
14:28:45.5503,.,.,blink
14:28:45.5508,.,.,blink
14:28:45.5513,.,.,blink
14:28:45.5518,.,.,blink
14:28:45.5523,.,.,blink
14:28:45.5528,.,.,blink
14:28:45.5533,.,.,blink
14:28:45.5538,.,.,blink
14:28:45.5543,.,.,blink
14:28:45.5548,.,.,blink
14:28:45.5553,.,.,blink
14:28:45.5558,.,.,blink
14:28:45.5563,.,.,blink
14:28:45.5568,.,.,blink
14:28:45.5573,.,.,blink
14:28:45.5578,.,.,blink
14:28:45.5583,.,.,blink
14:28:45.5588,.,.,blink
14:28:45.5593,.,.,blink
14:28:45.5598,.,.,blink
14:28:45.5603,.,.,blink
14:28:45.5608,.,.,blink
14:28:45.5613,.,.,blink
14:28:45.5618,.,.,blink
