TimeStamp,X,Y,Event
12:41:45.9288,238.5,197.5,fixation
12:41:45.9293,240.9,196.8,saccade
12:41:45.9298,241.9,195.5,saccade
12:41:45.9303,241.5,194.1,saccade
12:41:45.9308,240.9,192.6,saccade
12:41:45.9313,240.3,192.4,saccade
12:41:45.9318,239.8,193.3,saccade
12:41:45.9323,239.2,194.5,saccade
12:41:45.9328,238.7,195.5,saccade
12:41:45.9333,238.7,195.4,saccade
12:41:45.9338,239.2,195.4,saccade
12:41:45.9343,239.9,195.4,saccade
12:41:45.9348,240.7,195.5,saccade
12:41:45.9353,242.0,196.1,saccade
12:41:45.9358,243.0,196.7,saccade
12:41:45.9363,246.2,197.4,saccade
12:41:45.9368,248.7,198.1,saccade
12:41:45.9373,250.9,199.4,saccade
12:41:45.9378,251.4,200.6,saccade
12:41:45.9383,254.2,201.2,saccade
12:41:45.9388,257.2,200.9,saccade
12:41:45.9393,260.1,200.6,saccade
12:41:45.9398,262.3,200.9,saccade
12:41:45.9403,266.1,201.6,saccade
12:41:45.9408,272.0,202.2,saccade
12:41:45.9413,277.0,202.3,saccade
12:41:45.9418,281.9,203.3,saccade
12:41:45.9423,285.9,204.2,saccade
12:41:45.9428,291.2,205.1,saccade
12:41:45.9433,296.0,205.2,saccade
12:41:45.9438,302.5,205.5,saccade
12:41:45.9443,308.5,205.8,saccade
12:41:45.9448,315.9,205.3,saccade
12:41:45.9453,320.8,204.8,saccade
12:41:45.9458,327.6,204.6,saccade
12:41:45.9463,333.9,205.8,saccade
12:41:45.9468,339.3,207.1,saccade
12:41:45.9473,343.4,208.1,saccade
12:41:45.9478,346.9,208.4,saccade
12:41:45.9483,352.9,207.7,saccade
12:41:45.9488,358.7,206.9,saccade
12:41:45.9493,362.8,207.1,saccade
12:41:45.9498,364.3,208.4,saccade
12:41:45.9503,364.0,209.8,saccade
12:41:45.9508,364.1,209.9,saccade
12:41:45.9513,364.1,209.9,saccade
12:41:45.9518,363.8,209.5,saccade
12:41:45.9523,363.5,208.8,saccade
12:41:45.9528,363.3,208.3,saccade
12:41:45.9533,361.8,208.2,saccade
12:41:45.9538,360.0,208.4,saccade
12:41:45.9543,356.6,208.6,saccade
12:41:45.9548,352.9,208.6,saccade
12:41:45.9553,349.4,208.2,saccade
12:41:45.9558,347.3,207.6,saccade
12:41:45.9563,345.8,207.1,saccade
12:41:45.9568,344.4,206.7,saccade
12:41:45.9573,342.1,206.3,saccade
12:41:45.9578,341.1,205.9,saccade
12:41:45.9583,339.7,205.5,saccade
12:41:45.9588,337.6,205.4,saccade
12:41:45.9593,335.4,205.6,saccade
12:41:45.9598,332.9,205.7,saccade
12:41:45.9603,332.4,205.6,saccade
12:41:45.9608,331.9,205.5,saccade
12:41:45.9613,331.5,205.8,saccade
12:41:45.9618,330.4,206.1,saccade
12:41:45.9623,329.4,206.0,saccade
12:41:45.9628,330.5,205.4,fixation
12:41:45.9633,331.3,205.4,fixation
12:41:45.9638,331.3,205.4,fixation
12:41:45.9643,331.8,204.7,fixation
12:41:45.9648,332.4,203.9,fixation
12:41:45.9653,333.7,202.8,fixation
12:41:45.9658,335.2,202.2,fixation
12:41:45.9663,336.4,201.6,fixation
12:41:45.9668,337.1,201.1,fixation
12:41:45.9673,336.9,201.0,fixation
12:41:45.9678,336.5,201.6,fixation
12:41:45.9683,336.0,203.2,fixation
12:41:45.9688,335.6,204.9,fixation
12:41:45.9693,335.6,205.0,fixation
12:41:45.9698,335.6,204.6,fixation
12:41:45.9703,335.5,204.1,fixation
12:41:45.9708,335.1,204.4,fixation
12:41:45.9713,335.2,204.1,fixation
12:41:45.9718,335.7,203.5,fixation
12:41:45.9723,336.2,202.9,fixation
12:41:45.9728,336.3,202.8,fixation
12:41:45.9733,336.4,203.0,fixation
12:41:45.9738,336.4,203.0,fixation
12:41:45.9743,336.1,202.9,fixation
12:41:45.9748,335.4,203.0,fixation
12:41:45.9753,334.1,203.2,fixation
12:41:45.9758,333.2,203.4,fixation
12:41:45.9763,332.6,202.4,fixation
12:41:45.9768,332.6,201.4,fixation
12:41:45.9773,333.8,200.8,fixation
12:41:45.9778,335.0,201.1,fixation
12:41:45.9783,336.6,201.3,fixation
12:41:45.9788,337.2,201.0,fixation
12:41:45.9793,337.5,201.7,fixation
12:41:45.9798,336.9,202.6,fixation
12:41:45.9803,336.0,203.5,fixation
12:41:45.9808,335.5,202.8,fixation
12:41:45.9813,335.6,202.0,fixation
12:41:45.9818,336.3,201.0,fixation
12:41:45.9823,336.9,200.6,fixation
12:41:45.9828,336.1,200.5,fixation
12:41:45.9833,334.6,200.7,fixation
12:41:45.9838,333.2,200.8,fixation
12:41:45.9843,333.3,200.6,fixation
12:41:45.9848,335.2,200.5,fixation
12:41:45.9853,336.9,201.4,fixation
12:41:45.9858,338.6,202.3,fixation
12:41:45.9863,338.4,203.0,fixation
12:41:45.9868,338.1,202.8,fixation
12:41:45.9873,337.7,203.1,fixation
12:41:45.9878,337.2,203.9,fixation
12:41:45.9883,337.0,204.6,fixation
12:41:45.9888,336.4,206.3,fixation
12:41:45.9893,336.0,207.6,fixation
12:41:45.9898,335.8,208.6,fixation
12:41:45.9903,335.4,208.2,fixation
12:41:45.9908,335.0,207.1,fixation
12:41:45.9913,334.7,205.3,fixation
12:41:45.9918,334.9,203.8,fixation
12:41:45.9923,334.8,202.8,fixation
12:41:45.9928,334.4,203.2,fixation
12:41:45.9933,334.1,203.4,fixation
12:41:45.9938,334.0,203.7,fixation
12:41:45.9943,334.1,203.5,fixation
12:41:45.9948,334.2,203.4,fixation
12:41:45.9953,334.8,203.8,fixation
12:41:45.9958,335.4,204.4,fixation
12:41:45.9963,335.7,205.1,fixation
12:41:45.9968,335.7,205.2,fixation
12:41:45.9973,335.8,204.6,fixation
12:41:45.9978,335.9,203.6,fixation
12:41:45.9983,336.0,202.6,fixation
12:41:45.9988,335.6,203.4,fixation
12:41:45.9993,335.4,204.5,fixation
12:41:45.9998,335.5,204.6,fixation
12:41:46.0003,335.7,203.1,fixation
12:41:46.0008,335.7,201.5,fixation
12:41:46.0013,335.5,201.5,fixation
12:41:46.0018,335.3,202.5,fixation
12:41:46.0023,335.2,203.6,fixation
12:41:46.0028,335.2,204.2,fixation
12:41:46.0033,334.8,204.3,fixation
12:41:46.0038,334.2,204.4,fixation
12:41:46.0043,333.8,204.1,fixation
12:41:46.0048,334.0,203.9,fixation
12:41:46.0053,334.3,203.7,fixation
12:41:46.0058,334.6,203.5,fixation
12:41:46.0063,334.7,203.2,fixation
12:41:46.0068,334.6,203.0,fixation
12:41:46.0073,334.4,203.0,fixation
12:41:46.0078,334.2,203.1,fixation
12:41:46.0083,334.3,203.2,fixation
12:41:46.0088,334.5,203.2,fixation
12:41:46.0093,334.8,203.0,fixation
12:41:46.0098,335.1,202.9,fixation
12:41:46.0103,335.4,202.7,fixation
12:41:46.0108,334.8,202.7,fixation
12:41:46.0113,334.2,202.5,fixation
12:41:46.0118,333.9,202.4,fixation
12:41:46.0123,334.4,202.3,fixation
12:41:46.0128,335.2,202.4,fixation
12:41:46.0133,335.7,202.2,fixation
12:41:46.0138,335.6,202.0,fixation
12:41:46.0143,335.1,201.6,fixation
12:41:46.0148,334.7,201.6,fixation
12:41:46.0153,334.9,201.8,fixation
12:41:46.0158,335.0,202.1,fixation
12:41:46.0163,334.9,202.1,fixation
12:41:46.0168,334.4,202.0,fixation
12:41:46.0173,334.0,201.9,fixation
12:41:46.0178,333.7,202.0,fixation
12:41:46.0183,333.8,202.3,fixation
12:41:46.0188,333.9,202.6,fixation
12:41:46.0193,333.5,202.9,fixation
12:41:46.0198,333.4,202.3,fixation
12:41:46.0203,334.3,201.7,fixation
12:41:46.0208,335.7,201.2,fixation
12:41:46.0213,336.8,201.9,fixation
12:41:46.0218,336.2,202.6,fixation
12:41:46.0223,335.8,202.2,fixation
12:41:46.0228,335.4,201.1,fixation
12:41:46.0233,335.2,201.1,fixation
12:41:46.0238,334.9,202.3,fixation
12:41:46.0243,335.1,202.2,fixation
12:41:46.0248,335.6,201.0,fixation
12:41:46.0253,335.6,200.3,fixation
12:41:46.0258,335.4,200.8,fixation
12:41:46.0263,335.0,201.3,fixation
12:41:46.0268,335.0,201.2,fixation
12:41:46.0273,334.9,201.1,fixation
12:41:46.0278,334.9,201.8,fixation
12:41:46.0283,335.8,202.0,fixation
12:41:46.0288,336.9,201.6,fixation
12:41:46.0293,338.0,200.6,fixation
12:41:46.0298,337.2,199.9,fixation
12:41:46.0303,336.3,199.8,fixation
12:41:46.0308,335.5,199.7,fixation
12:41:46.0313,335.2,200.0,fixation
12:41:46.0318,335.0,200.2,fixation
12:41:46.0323,335.5,200.5,fixation
12:41:46.0328,336.1,200.9,fixation
12:41:46.0333,336.5,201.4,fixation
12:41:46.0338,336.1,201.6,fixation
12:41:46.0343,336.0,201.3,fixation
12:41:46.0348,336.1,200.9,fixation
12:41:46.0353,336.3,200.3,fixation
12:41:46.0358,336.1,200.1,fixation
12:41:46.0363,335.9,199.8,fixation
12:41:46.0368,335.6,199.9,fixation
12:41:46.0373,335.4,199.9,fixation
12:41:46.0378,336.2,200.0,fixation
12:41:46.0383,337.0,200.8,fixation
12:41:46.0388,337.9,201.6,fixation
12:41:46.0393,337.6,202.7,fixation
12:41:46.0398,337.1,203.0,fixation
12:41:46.0403,336.7,203.3,fixation
12:41:46.0408,336.4,203.3,fixation
12:41:46.0413,336.5,203.4,fixation
12:41:46.0418,335.9,203.5,fixation
12:41:46.0423,335.3,203.1,fixation
12:41:46.0428,334.8,202.1,fixation
12:41:46.0433,335.1,201.2,fixation
12:41:46.0438,335.3,200.2,fixation
12:41:46.0443,335.6,198.6,fixation
12:41:46.0448,335.9,197.0,fixation
12:41:46.0453,336.5,196.2,fixation
12:41:46.0458,336.9,196.4,fixation
12:41:46.0463,337.3,198.1,fixation
12:41:46.0468,337.4,199.8,fixation
12:41:46.0473,337.5,201.2,fixation
12:41:46.0478,336.5,201.0,fixation
12:41:46.0483,335.1,200.7,fixation
12:41:46.0488,333.7,200.4,fixation
12:41:46.0493,333.3,200.3,fixation
12:41:46.0498,334.6,199.6,fixation
12:41:46.0503,335.9,199.2,fixation
12:41:46.0508,337.4,199.2,fixation
12:41:46.0513,337.7,199.2,fixation
12:41:46.0518,337.3,198.8,fixation
12:41:46.0523,336.6,198.5,fixation
12:41:46.0528,335.8,198.9,fixation
12:41:46.0533,335.5,199.3,fixation
12:41:46.0538,335.0,200.2,fixation
12:41:46.0543,334.5,201.1,fixation
12:41:46.0548,334.8,202.0,fixation
12:41:46.0553,335.9,200.7,fixation
12:41:46.0558,337.2,199.4,fixation
12:41:46.0563,338.0,198.4,fixation
12:41:46.0568,338.5,198.6,fixation
12:41:46.0573,338.5,198.3,fixation
12:41:46.0578,338.1,198.0,fixation
12:41:46.0583,337.7,197.6,fixation
12:41:46.0588,337.9,197.3,fixation
12:41:46.0593,338.3,196.8,fixation
12:41:46.0598,338.6,197.3,fixation
12:41:46.0603,338.6,198.2,fixation
12:41:46.0608,338.5,199.2,fixation
12:41:46.0613,338.7,199.3,fixation
12:41:46.0618,339.4,197.3,fixation
12:41:46.0623,339.3,195.2,fixation
12:41:46.0628,338.4,193.8,fixation
12:41:46.0633,337.0,194.7,fixation
12:41:46.0638,336.8,195.7,fixation
12:41:46.0643,337.3,196.8,fixation
12:41:46.0648,337.7,197.6,fixation
12:41:46.0653,337.7,198.1,fixation
12:41:46.0658,337.6,197.8,fixation
12:41:46.0663,337.7,198.0,fixation
12:41:46.0668,338.3,198.8,fixation
12:41:46.0673,338.7,199.6,fixation
12:41:46.0678,338.8,200.3,fixation
12:41:46.0683,338.4,200.5,fixation
12:41:46.0688,339.9,199.8,fixation
12:41:46.0693,341.6,198.8,fixation
12:41:46.0698,343.2,198.1,fixation
12:41:46.0703,342.7,198.3,fixation
12:41:46.0708,342.3,198.5,fixation
12:41:46.0713,342.0,198.1,fixation
12:41:46.0718,342.3,197.7,fixation
12:41:46.0723,342.1,198.5,fixation
12:41:46.0728,341.4,199.8,fixation
12:41:46.0733,340.9,200.4,fixation
12:41:46.0738,340.8,200.3,fixation
12:41:46.0743,341.0,200.1,fixation
12:41:46.0748,339.4,200.5,fixation
12:41:46.0753,337.8,200.3,fixation
12:41:46.0758,336.6,200.0,fixation
12:41:46.0763,337.0,199.7,fixation
12:41:46.0768,336.4,199.6,fixation
12:41:46.0773,335.7,199.6,fixation
12:41:46.0778,335.1,199.5,fixation
12:41:46.0783,335.7,199.2,fixation
12:41:46.0788,336.1,198.9,fixation
12:41:46.0793,336.6,197.9,fixation
12:41:46.0798,337.3,197.1,fixation
12:41:46.0803,338.0,196.4,fixation
12:41:46.0808,337.8,196.6,fixation
12:41:46.0813,337.2,196.7,fixation
12:41:46.0818,336.0,196.9,fixation
12:41:46.0823,334.9,196.8,fixation
12:41:46.0828,333.8,196.8,fixation
12:41:46.0833,333.4,196.4,fixation
12:41:46.0838,333.4,196.4,fixation
12:41:46.0843,333.4,196.3,fixation
12:41:46.0848,333.1,196.6,fixation
12:41:46.0853,332.9,196.2,fixation
12:41:46.0858,334.2,195.4,fixation
12:41:46.0863,335.7,195.0,fixation
12:41:46.0868,336.8,195.0,fixation
12:41:46.0873,335.8,195.6,fixation
12:41:46.0878,334.9,195.9,fixation
12:41:46.0883,335.4,196.1,fixation
12:41:46.0888,336.5,196.1,fixation
12:41:46.0893,337.1,196.1,fixation
12:41:46.0898,336.7,195.4,fixation
12:41:46.0903,336.3,194.7,fixation
12:41:46.0908,336.5,194.0,fixation
12:41:46.0913,336.3,194.0,fixation
12:41:46.0918,335.7,194.4,fixation
12:41:46.0923,334.8,194.8,fixation
12:41:46.0928,334.0,195.3,fixation
12:41:46.0933,334.5,194.4,fixation
12:41:46.0938,335.4,193.3,fixation
12:41:46.0943,336.0,194.0,fixation
12:41:46.0948,335.5,195.8,fixation
12:41:46.0953,334.8,197.1,fixation
12:41:46.0958,335.1,196.3,fixation
12:41:46.0963,335.6,195.3,fixation
12:41:46.0968,336.1,194.7,fixation
12:41:46.0973,336.3,194.1,fixation
12:41:46.0978,336.3,193.6,fixation
12:41:46.0983,336.2,193.1,fixation
12:41:46.0988,335.2,193.1,fixation
12:41:46.0993,334.1,193.8,fixation
12:41:46.0998,332.7,195.1,fixation
12:41:46.1003,332.0,196.3,fixation
12:41:46.1008,332.8,196.7,fixation
12:41:46.1013,334.4,196.1,fixation
12:41:46.1018,336.4,193.9,fixation
12:41:46.1023,337.0,192.0,fixation
12:41:46.1028,337.1,191.3,fixation
12:41:46.1033,336.4,192.1,fixation
12:41:46.1038,335.6,193.1,fixation
12:41:46.1043,335.1,193.2,fixation
12:41:46.1048,334.9,193.3,fixation
12:41:46.1053,334.8,193.3,fixation
12:41:46.1058,334.7,193.5,fixation
12:41:46.1063,334.8,193.8,fixation
12:41:46.1068,335.6,194.1,fixation
12:41:46.1073,337.8,194.2,fixation
12:41:46.1078,339.8,194.4,fixation
12:41:46.1083,340.5,194.7,fixation
12:41:46.1088,339.6,194.9,fixation
12:41:46.1093,338.2,194.8,fixation
12:41:46.1098,337.7,194.5,fixation
12:41:46.1103,337.2,194.0,fixation
12:41:46.1108,337.2,193.8,fixation
12:41:46.1113,337.1,193.8,fixation
12:41:46.1118,337.1,194.0,fixation
12:41:46.1123,337.3,193.1,fixation
12:41:46.1128,336.9,192.0,fixation
12:41:46.1133,336.4,191.1,fixation
12:41:46.1138,337.4,191.3,fixation
12:41:46.1143,339.1,191.3,fixation
12:41:46.1148,339.6,191.1,fixation
12:41:46.1153,338.3,190.8,fixation
12:41:46.1158,337.1,190.9,fixation
12:41:46.1163,337.1,191.2,fixation
12:41:46.1168,337.1,191.4,fixation
12:41:46.1173,337.1,191.3,fixation
12:41:46.1178,336.6,191.3,fixation
12:41:46.1183,336.3,191.4,fixation
12:41:46.1188,335.9,191.6,fixation
12:41:46.1193,335.8,192.4,fixation
12:41:46.1198,336.3,193.2,fixation
12:41:46.1203,337.2,192.4,fixation
12:41:46.1208,338.1,190.1,fixation
12:41:46.1213,337.9,187.9,fixation
12:41:46.1218,337.2,187.4,fixation
12:41:46.1223,336.8,187.9,fixation
12:41:46.1228,336.8,188.0,fixation
12:41:46.1233,336.6,188.2,fixation
12:41:46.1238,336.5,188.2,fixation
12:41:46.1243,336.3,188.4,fixation
12:41:46.1248,335.6,188.7,fixation
12:41:46.1253,335.0,188.7,fixation
12:41:46.1258,335.4,188.4,fixation
12:41:46.1263,336.5,188.1,fixation
12:41:46.1268,337.2,188.1,fixation
12:41:46.1273,337.0,187.5,fixation
12:41:46.1278,336.8,186.8,fixation
12:41:46.1283,337.0,186.0,fixation
12:41:46.1288,337.3,186.1,fixation
12:41:46.1293,337.6,186.2,fixation
12:41:46.1298,337.8,186.3,fixation
12:41:46.1303,337.6,186.7,fixation
12:41:46.1308,337.4,186.9,fixation
12:41:46.1313,336.8,186.8,fixation
12:41:46.1318,336.0,186.4,fixation
12:41:46.1323,335.4,185.8,fixation
12:41:46.1328,335.8,185.3,fixation
12:41:46.1333,337.4,184.6,fixation
12:41:46.1338,338.9,184.1,fixation
12:41:46.1343,339.8,184.0,fixation
12:41:46.1348,338.7,184.2,fixation
12:41:46.1353,337.7,184.2,fixation
12:41:46.1358,336.7,183.9,fixation
12:41:46.1363,337.8,182.9,fixation
12:41:46.1368,338.8,182.1,fixation
12:41:46.1373,339.3,181.9,fixation
12:41:46.1378,338.7,183.1,fixation
12:41:46.1383,338.0,184.4,fixation
12:41:46.1388,336.8,185.1,fixation
12:41:46.1393,336.1,184.0,fixation
12:41:46.1398,335.4,182.9,fixation
12:41:46.1403,335.8,181.2,fixation
12:41:46.1408,336.0,180.6,fixation
12:41:46.1413,336.0,180.1,fixation
12:41:46.1418,336.0,180.3,fixation
12:41:46.1423,336.0,180.8,fixation
12:41:46.1428,336.3,181.2,fixation
12:41:46.1433,336.7,180.9,fixation
12:41:46.1438,337.2,180.3,fixation
12:41:46.1443,337.4,179.5,fixation
12:41:46.1448,337.5,179.3,fixation
12:41:46.1453,337.5,178.8,fixation
12:41:46.1458,337.3,178.6,fixation
12:41:46.1463,336.6,179.1,fixation
12:41:46.1468,335.7,180.0,fixation
12:41:46.1473,335.0,181.0,fixation
12:41:46.1478,335.4,181.3,fixation
12:41:46.1483,335.9,181.4,fixation
12:41:46.1488,336.4,181.8,fixation
12:41:46.1493,336.3,182.2,fixation
12:41:46.1498,336.2,182.7,fixation
12:41:46.1503,335.8,182.8,fixation
12:41:46.1508,335.5,183.0,fixation
12:41:46.1513,335.4,183.2,fixation
12:41:46.1518,335.9,183.4,fixation
12:41:46.1523,336.3,183.6,fixation
12:41:46.1528,336.1,183.6,fixation
12:41:46.1533,335.7,183.5,fixation
12:41:46.1538,335.3,183.3,fixation
12:41:46.1543,335.1,183.2,saccade
12:41:46.1548,335.8,183.2,saccade
12:41:46.1553,336.4,183.1,saccade
12:41:46.1558,337.0,182.7,saccade
12:41:46.1563,338.4,182.5,saccade
12:41:46.1568,340.1,182.5,saccade
12:41:46.1573,341.8,182.8,saccade
12:41:46.1578,342.0,182.1,saccade
12:41:46.1583,343.0,181.3,saccade
12:41:46.1588,344.3,180.6,saccade
12:41:46.1593,345.4,180.8,saccade
12:41:46.1598,346.1,180.9,saccade
12:41:46.1603,346.7,181.2,saccade
12:41:46.1608,348.5,181.6,saccade
12:41:46.1613,350.9,181.3,saccade
12:41:46.1618,353.4,180.7,saccade
12:41:46.1623,356.3,180.1,saccade
12:41:46.1628,358.9,180.1,saccade
12:41:46.1633,361.1,180.2,saccade
12:41:46.1638,361.9,180.3,saccade
12:41:46.1643,364.9,179.1,saccade
12:41:46.1648,368.1,177.8,saccade
12:41:46.1653,373.0,176.0,saccade
12:41:46.1658,376.4,175.5,saccade
12:41:46.1663,380.4,175.7,saccade
12:41:46.1668,382.6,176.5,saccade
12:41:46.1673,383.4,177.3,saccade
12:41:46.1678,385.2,177.7,saccade
12:41:46.1683,386.9,178.1,saccade
12:41:46.1688,390.2,178.5,saccade
12:41:46.1693,392.5,178.8,saccade
12:41:46.1698,395.3,177.4,saccade
12:41:46.1703,396.7,175.8,saccade
12:41:46.1708,397.2,174.3,saccade
12:41:46.1713,397.2,174.4,saccade
12:41:46.1718,396.8,174.6,saccade
12:41:46.1723,396.4,174.7,saccade
12:41:46.1728,396.1,174.8,saccade
12:41:46.1733,396.2,174.4,saccade
12:41:46.1738,396.5,173.9,fixation
12:41:46.1743,396.2,174.3,fixation
12:41:46.1748,395.6,174.8,fixation
12:41:46.1753,394.9,175.1,fixation
12:41:46.1758,394.4,175.1,fixation
12:41:46.1763,394.2,175.1,fixation
12:41:46.1768,392.9,174.9,fixation
12:41:46.1773,391.7,174.7,fixation
12:41:46.1778,390.2,174.4,fixation
12:41:46.1783,389.6,175.2,fixation
12:41:46.1788,389.1,176.2,fixation
12:41:46.1793,388.0,177.2,fixation
12:41:46.1798,387.4,176.6,fixation
12:41:46.1803,387.3,175.2,fixation
12:41:46.1808,388.1,173.7,fixation
12:41:46.1813,388.5,173.4,fixation
12:41:46.1818,388.4,174.1,fixation
12:41:46.1823,388.5,174.6,fixation
12:41:46.1828,389.7,174.2,fixation
12:41:46.1833,390.9,174.0,fixation
12:41:46.1838,390.6,173.9,fixation
12:41:46.1843,389.3,174.0,fixation
12:41:46.1848,388.2,174.7,fixation
12:41:46.1853,388.8,175.5,fixation
12:41:46.1858,389.7,175.7,fixation
12:41:46.1863,390.3,174.8,fixation
12:41:46.1868,390.5,173.8,fixation
12:41:46.1873,390.5,173.5,fixation
12:41:46.1878,389.9,173.8,fixation
12:41:46.1883,388.8,174.2,fixation
12:41:46.1888,387.6,174.5,fixation
12:41:46.1893,387.1,174.7,fixation
12:41:46.1898,387.1,174.7,fixation
12:41:46.1903,387.6,174.4,fixation
12:41:46.1908,388.1,174.1,fixation
12:41:46.1913,387.9,174.6,fixation
12:41:46.1918,387.1,175.3,fixation
12:41:46.1923,386.3,176.1,fixation
12:41:46.1928,386.1,176.0,fixation
12:41:46.1933,386.1,175.9,fixation
12:41:46.1938,385.9,175.7,fixation
12:41:46.1943,385.5,175.6,fixation
12:41:46.1948,385.2,175.6,fixation
12:41:46.1953,385.0,175.9,fixation
12:41:46.1958,385.1,176.3,fixation
12:41:46.1963,384.3,176.6,fixation
12:41:46.1968,383.5,176.6,fixation
12:41:46.1973,382.9,176.6,fixation
12:41:46.1978,383.0,176.7,fixation
12:41:46.1983,383.9,176.0,fixation
12:41:46.1988,384.7,175.2,fixation
12:41:46.1993,385.4,174.7,fixation
12:41:46.1998,385.4,175.2,fixation
12:41:46.2003,385.3,176.6,fixation
12:41:46.2008,385.3,177.7,fixation
12:41:46.2013,385.8,178.5,fixation
12:41:46.2018,386.1,178.3,fixation
12:41:46.2023,385.9,178.1,fixation
12:41:46.2028,385.2,178.8,fixation
12:41:46.2033,385.3,179.6,fixation
12:41:46.2038,386.1,179.0,fixation
12:41:46.2043,386.7,177.6,fixation
12:41:46.2048,386.7,176.5,fixation
12:41:46.2053,387.1,176.9,fixation
12:41:46.2058,387.8,177.3,fixation
12:41:46.2063,388.7,177.5,fixation
12:41:46.2068,388.4,178.9,fixation
12:41:46.2073,388.0,180.3,fixation
12:41:46.2078,386.9,181.7,fixation
12:41:46.2083,386.1,181.8,fixation
12:41:46.2088,386.2,182.1,fixation
12:41:46.2093,386.8,182.7,fixation
12:41:46.2098,387.4,183.3,fixation
12:41:46.2103,387.4,183.7,fixation
12:41:46.2108,387.1,183.8,fixation
12:41:46.2113,386.8,183.9,fixation
12:41:46.2118,387.2,183.9,fixation
12:41:46.2123,388.0,184.0,fixation
12:41:46.2128,388.8,183.9,fixation
12:41:46.2133,389.6,182.5,fixation
12:41:46.2138,390.2,181.1,fixation
12:41:46.2143,390.3,180.1,fixation
12:41:46.2148,389.6,180.8,fixation
12:41:46.2153,389.0,181.7,fixation
12:41:46.2158,388.9,182.3,fixation
12:41:46.2163,388.8,183.0,fixation
12:41:46.2168,388.8,183.5,fixation
12:41:46.2173,388.7,183.8,fixation
12:41:46.2178,388.7,183.8,fixation
12:41:46.2183,388.8,184.0,fixation
12:41:46.2188,389.1,184.1,fixation
12:41:46.2193,389.4,184.3,fixation
12:41:46.2198,389.4,185.1,fixation
12:41:46.2203,389.8,186.0,fixation
12:41:46.2208,390.2,186.4,fixation
12:41:46.2213,390.7,185.9,fixation
12:41:46.2218,390.7,185.3,fixation
12:41:46.2223,390.7,184.7,fixation
12:41:46.2228,390.6,184.3,fixation
12:41:46.2233,390.9,184.0,fixation
12:41:46.2238,391.2,184.0,fixation
12:41:46.2243,391.6,183.7,fixation
12:41:46.2248,391.3,183.2,fixation
12:41:46.2253,389.6,183.2,fixation
12:41:46.2258,387.7,183.4,fixation
12:41:46.2263,387.7,183.9,fixation
12:41:46.2268,389.0,184.3,fixation
12:41:46.2273,390.2,185.0,fixation
12:41:46.2278,390.0,185.4,fixation
12:41:46.2283,389.9,185.6,fixation
12:41:46.2288,389.3,185.6,fixation
12:41:46.2293,388.8,185.6,fixation
12:41:46.2298,388.6,185.5,fixation
12:41:46.2303,389.0,185.3,fixation
12:41:46.2308,388.3,185.3,fixation
12:41:46.2313,387.3,185.4,fixation
12:41:46.2318,386.6,185.4,fixation
12:41:46.2323,386.9,185.0,fixation
12:41:46.2328,388.1,184.5,fixation
12:41:46.2333,388.9,184.2,fixation
12:41:46.2338,389.5,185.0,fixation
12:41:46.2343,388.7,185.8,fixation
12:41:46.2348,388.1,185.7,fixation
12:41:46.2353,388.0,184.8,fixation
12:41:46.2358,388.1,185.3,fixation
12:41:46.2363,388.0,186.7,fixation
12:41:46.2368,387.9,187.3,fixation
12:41:46.2373,388.2,186.4,fixation
12:41:46.2378,388.3,186.5,fixation
12:41:46.2383,388.3,187.4,fixation
12:41:46.2388,388.4,187.5,fixation
12:41:46.2393,388.1,186.7,fixation
12:41:46.2398,387.7,185.9,fixation
12:41:46.2403,387.5,185.5,fixation
12:41:46.2408,387.8,185.1,fixation
12:41:46.2413,387.6,184.8,fixation
12:41:46.2418,386.2,185.0,fixation
12:41:46.2423,384.9,185.0,fixation
12:41:46.2428,384.2,185.0,fixation
12:41:46.2433,384.5,184.8,fixation
12:41:46.2438,384.6,184.9,fixation
12:41:46.2443,384.7,185.4,fixation
12:41:46.2448,385.5,186.0,fixation
12:41:46.2453,386.8,184.7,fixation
12:41:46.2458,388.1,183.6,fixation
12:41:46.2463,388.4,182.8,fixation
12:41:46.2468,388.3,183.5,fixation
12:41:46.2473,388.1,184.4,fixation
12:41:46.2478,388.1,184.8,fixation
12:41:46.2483,386.9,185.0,fixation
12:41:46.2488,385.7,184.6,fixation
12:41:46.2493,385.3,184.2,fixation
12:41:46.2498,386.1,184.0,fixation
12:41:46.2503,386.7,184.3,fixation
12:41:46.2508,386.5,184.5,fixation
12:41:46.2513,386.3,184.7,fixation
12:41:46.2518,386.4,184.7,fixation
12:41:46.2523,386.7,184.6,fixation
12:41:46.2528,387.3,184.8,fixation
12:41:46.2533,387.8,185.0,fixation
12:41:46.2538,388.4,185.0,fixation
12:41:46.2543,388.5,184.7,fixation
12:41:46.2548,387.8,184.2,fixation
12:41:46.2553,386.9,184.1,fixation
12:41:46.2558,386.6,184.3,fixation
12:41:46.2563,387.2,184.8,fixation
12:41:46.2568,388.2,183.4,fixation
12:41:46.2573,388.5,181.7,fixation
12:41:46.2578,389.0,179.9,fixation
12:41:46.2583,388.6,181.7,fixation
12:41:46.2588,387.2,183.5,fixation
12:41:46.2593,385.7,185.1,fixation
12:41:46.2598,385.0,184.7,fixation
12:41:46.2603,385.3,184.4,fixation
12:41:46.2608,385.7,184.1,fixation
12:41:46.2613,385.8,183.6,fixation
12:41:46.2618,385.9,183.2,fixation
12:41:46.2623,385.4,184.9,fixation
12:41:46.2628,384.8,186.8,fixation
12:41:46.2633,384.2,188.8,fixation
12:41:46.2638,384.0,188.9,fixation
12:41:46.2643,383.9,188.9,fixation
12:41:46.2648,383.9,189.0,fixation
12:41:46.2653,383.9,189.1,fixation
12:41:46.2658,384.0,189.2,fixation
12:41:46.2663,384.2,189.3,fixation
12:41:46.2668,384.6,189.5,fixation
12:41:46.2673,385.0,189.6,fixation
12:41:46.2678,385.4,189.8,fixation
12:41:46.2683,385.5,188.7,fixation
12:41:46.2688,384.9,187.6,fixation
12:41:46.2693,384.1,186.0,fixation
12:41:46.2698,383.5,185.6,fixation
12:41:46.2703,384.2,184.7,fixation
12:41:46.2708,385.1,184.3,fixation
12:41:46.2713,386.9,185.0,fixation
12:41:46.2718,387.9,185.8,fixation
12:41:46.2723,387.7,186.6,fixation
12:41:46.2728,386.5,186.5,fixation
12:41:46.2733,385.1,187.2,fixation
12:41:46.2738,384.6,188.9,fixation
12:41:46.2743,383.8,190.3,fixation
12:41:46.2748,383.1,191.3,fixation
12:41:46.2753,382.9,190.8,fixation
12:41:46.2758,383.3,189.6,fixation
12:41:46.2763,384.3,188.3,fixation
12:41:46.2768,384.4,189.9,fixation
12:41:46.2773,384.2,192.3,fixation
12:41:46.2778,384.2,194.6,fixation
12:41:46.2783,384.8,194.4,fixation
12:41:46.2788,384.8,194.3,fixation
12:41:46.2793,384.5,194.4,fixation
12:41:46.2798,384.5,194.5,fixation
12:41:46.2803,384.9,194.5,fixation
12:41:46.2808,385.2,194.3,fixation
12:41:46.2813,385.1,194.5,fixation
12:41:46.2818,384.2,195.1,fixation
12:41:46.2823,383.2,195.7,fixation
12:41:46.2828,383.1,196.1,fixation
12:41:46.2833,383.8,196.5,fixation
12:41:46.2838,384.5,196.9,fixation
12:41:46.2843,384.4,196.7,fixation
12:41:46.2848,384.2,196.3,fixation
12:41:46.2853,384.0,196.2,fixation
12:41:46.2858,384.3,196.6,fixation
12:41:46.2863,384.9,196.2,fixation
12:41:46.2868,385.8,195.0,fixation
12:41:46.2873,386.0,193.7,fixation
12:41:46.2878,385.5,193.0,fixation
12:41:46.2883,384.1,192.9,fixation
12:41:46.2888,382.6,193.4,fixation
12:41:46.2893,382.5,194.2,fixation
12:41:46.2898,383.0,195.3,fixation
12:41:46.2903,383.6,195.8,fixation
12:41:46.2908,383.5,196.3,fixation
12:41:46.2913,382.8,196.3,fixation
12:41:46.2918,382.1,196.4,fixation
12:41:46.2923,382.2,196.3,fixation
12:41:46.2928,382.9,196.3,fixation
12:41:46.2933,383.0,198.0,fixation
12:41:46.2938,382.5,199.7,fixation
12:41:46.2943,382.5,200.3,fixation
12:41:46.2948,382.8,199.2,fixation
12:41:46.2953,383.0,198.5,fixation
12:41:46.2958,383.2,198.8,fixation
12:41:46.2963,383.4,199.1,fixation
12:41:46.2968,384.9,197.9,fixation
12:41:46.2973,386.0,196.6,fixation
12:41:46.2978,386.9,196.5,fixation
12:41:46.2983,386.6,197.6,fixation
12:41:46.2988,385.9,198.7,fixation
12:41:46.2993,385.5,198.7,fixation
12:41:46.2998,385.1,198.2,fixation
12:41:46.3003,384.2,197.6,fixation
12:41:46.3008,383.3,196.9,fixation
12:41:46.3013,382.4,196.7,fixation
12:41:46.3018,382.6,197.4,fixation
12:41:46.3023,382.9,198.3,fixation
12:41:46.3028,383.1,199.1,fixation
12:41:46.3033,383.0,199.1,fixation
12:41:46.3038,383.1,199.1,fixation
12:41:46.3043,383.3,199.0,fixation
12:41:46.3048,383.2,199.0,fixation
12:41:46.3053,382.9,199.1,fixation
12:41:46.3058,382.9,199.4,fixation
12:41:46.3063,383.0,200.5,fixation
12:41:46.3068,383.1,201.4,fixation
12:41:46.3073,383.2,201.6,fixation
12:41:46.3078,383.5,201.0,fixation
12:41:46.3083,383.8,200.3,fixation
12:41:46.3088,383.9,200.2,fixation
12:41:46.3093,383.9,200.1,fixation
12:41:46.3098,383.9,200.0,fixation
12:41:46.3103,383.8,200.1,fixation
12:41:46.3108,383.9,200.2,fixation
12:41:46.3113,384.1,200.1,fixation
12:41:46.3118,383.7,200.0,fixation
12:41:46.3123,382.5,200.1,fixation
12:41:46.3128,381.3,200.2,fixation
12:41:46.3133,381.0,200.4,fixation
12:41:46.3138,381.4,200.5,fixation
12:41:46.3143,382.5,199.3,fixation
12:41:46.3148,383.4,198.1,fixation
12:41:46.3153,384.0,197.9,fixation
12:41:46.3158,383.8,199.1,fixation
12:41:46.3163,383.8,201.2,fixation
12:41:46.3168,384.0,202.1,fixation
12:41:46.3173,384.2,203.2,fixation
12:41:46.3178,384.2,203.3,fixation
12:41:46.3183,383.5,203.6,fixation
12:41:46.3188,382.6,204.4,fixation
12:41:46.3193,381.7,205.1,fixation
12:41:46.3198,382.0,205.7,fixation
12:41:46.3203,382.4,205.8,fixation
12:41:46.3208,382.8,205.6,fixation
12:41:46.3213,382.2,205.3,fixation
12:41:46.3218,381.7,205.0,fixation
12:41:46.3223,381.3,205.0,fixation
12:41:46.3228,380.9,205.0,fixation
12:41:46.3233,379.9,205.5,fixation
12:41:46.3238,378.8,205.9,fixation
12:41:46.3243,378.8,206.3,fixation
12:41:46.3248,379.3,206.2,fixation
12:41:46.3253,379.8,206.2,fixation
12:41:46.3258,380.8,206.3,fixation
12:41:46.3263,382.0,206.0,fixation
12:41:46.3268,383.2,205.8,fixation
12:41:46.3273,381.8,205.6,fixation
12:41:46.3278,380.0,206.0,fixation
12:41:46.3283,378.2,206.3,fixation
12:41:46.3288,378.1,206.4,fixation
12:41:46.3293,378.2,206.2,fixation
12:41:46.3298,379.0,206.0,fixation
12:41:46.3303,379.8,205.9,fixation
12:41:46.3308,380.3,205.9,fixation
12:41:46.3313,380.0,205.9,fixation
12:41:46.3318,379.6,206.0,fixation
12:41:46.3323,379.7,205.2,fixation
12:41:46.3328,379.9,204.4,fixation
12:41:46.3333,379.7,203.7,fixation
12:41:46.3338,379.2,204.2,fixation
12:41:46.3343,378.7,205.3,fixation
12:41:46.3348,378.7,206.4,fixation
12:41:46.3353,378.7,206.7,fixation
12:41:46.3358,378.5,206.4,fixation
12:41:46.3363,378.2,206.1,fixation
12:41:46.3368,378.7,206.1,fixation
12:41:46.3373,379.5,206.2,fixation
12:41:46.3378,380.1,206.5,fixation
12:41:46.3383,379.9,206.8,fixation
12:41:46.3388,379.6,207.1,fixation
12:41:46.3393,379.4,207.1,fixation
12:41:46.3398,379.3,206.7,fixation
12:41:46.3403,379.6,206.0,fixation
12:41:46.3408,381.0,205.0,fixation
12:41:46.3413,382.3,204.1,fixation
12:41:46.3418,383.0,203.7,fixation
12:41:46.3423,382.8,203.6,fixation
12:41:46.3428,382.6,203.7,fixation
12:41:46.3433,382.5,203.8,fixation
12:41:46.3438,381.7,204.5,fixation
12:41:46.3443,381.0,205.3,fixation
12:41:46.3448,380.6,206.1,fixation
12:41:46.3453,380.4,205.4,fixation
12:41:46.3458,380.0,204.6,fixation
12:41:46.3463,379.1,204.4,fixation
12:41:46.3468,378.5,205.2,fixation
12:41:46.3473,377.6,205.9,fixation
12:41:46.3478,377.3,206.1,fixation
12:41:46.3483,377.2,206.0,fixation
12:41:46.3488,377.1,206.3,fixation
12:41:46.3493,377.5,206.6,fixation
12:41:46.3498,378.0,206.1,fixation
12:41:46.3503,379.7,205.3,fixation
12:41:46.3508,381.1,204.3,fixation
12:41:46.3513,382.3,204.2,fixation
12:41:46.3518,380.8,204.1,fixation
12:41:46.3523,379.8,202.7,fixation
12:41:46.3528,378.9,201.3,fixation
12:41:46.3533,379.4,199.8,fixation
12:41:46.3538,379.7,199.0,fixation
12:41:46.3543,380.8,198.3,fixation
12:41:46.3548,381.9,197.5,fixation
12:41:46.3553,382.0,197.3,fixation
12:41:46.3558,381.3,196.6,fixation
12:41:46.3563,381.2,196.3,fixation
12:41:46.3568,382.0,196.1,fixation
12:41:46.3573,382.7,196.3,fixation
12:41:46.3578,383.0,196.1,fixation
12:41:46.3583,383.4,195.0,fixation
12:41:46.3588,383.7,193.7,fixation
12:41:46.3593,383.8,192.3,fixation
12:41:46.3598,383.9,191.1,fixation
12:41:46.3603,384.2,190.1,fixation
12:41:46.3608,384.0,190.7,fixation
12:41:46.3613,383.6,191.9,fixation
12:41:46.3618,383.4,192.7,fixation
12:41:46.3623,384.2,191.7,fixation
12:41:46.3628,385.0,190.8,fixation
12:41:46.3633,385.8,189.9,fixation
12:41:46.3638,386.0,189.4,fixation
12:41:46.3643,385.0,188.9,fixation
12:41:46.3648,383.8,189.7,fixation
12:41:46.3653,383.0,190.4,fixation
12:41:46.3658,383.4,191.0,fixation
12:41:46.3663,384.0,190.8,fixation
12:41:46.3668,384.1,190.7,fixation
12:41:46.3673,384.3,190.6,fixation
12:41:46.3678,384.4,190.7,fixation
12:41:46.3683,384.4,190.8,fixation
12:41:46.3688,383.9,190.9,fixation
12:41:46.3693,383.4,190.7,fixation
12:41:46.3698,382.9,190.6,fixation
12:41:46.3703,382.4,191.3,fixation
12:41:46.3708,381.9,192.1,fixation
12:41:46.3713,381.8,192.8,fixation
12:41:46.3718,381.8,192.7,fixation
12:41:46.3723,381.7,192.5,fixation
12:41:46.3728,382.3,192.6,fixation
12:41:46.3733,383.3,193.3,fixation
12:41:46.3738,384.6,194.1,fixation
12:41:46.3743,385.0,195.3,saccade
12:41:46.3748,385.1,194.8,saccade
12:41:46.3753,385.2,194.2,saccade
12:41:46.3758,385.2,193.8,saccade
12:41:46.3763,386.0,193.7,saccade
12:41:46.3768,386.8,193.6,saccade
12:41:46.3773,386.9,193.4,saccade
12:41:46.3778,386.2,193.5,saccade
12:41:46.3783,385.5,195.0,saccade
12:41:46.3788,385.5,196.6,saccade
12:41:46.3793,384.2,198.8,saccade
12:41:46.3798,382.7,199.7,saccade
12:41:46.3803,381.0,200.9,saccade
12:41:46.3808,380.0,201.3,saccade
12:41:46.3813,379.0,199.7,saccade
12:41:46.3818,379.3,192.8,saccade
12:41:46.3823,381.1,182.0,saccade
12:41:46.3828,384.0,170.1,saccade
12:41:46.3833,387.4,158.2,saccade
12:41:46.3838,389.7,150.5,saccade
12:41:46.3843,392.9,142.6,saccade
12:41:46.3848,395.2,137.6,saccade
12:41:46.3853,398.0,130.5,saccade
12:41:46.3858,398.9,125.3,saccade
12:41:46.3863,399.4,120.6,saccade
12:41:46.3868,399.4,117.5,saccade
12:41:46.3873,400.5,113.1,saccade
12:41:46.3878,401.7,109.3,saccade
12:41:46.3883,403.2,104.7,saccade
12:41:46.3888,404.2,101.3,saccade
12:41:46.3893,405.0,98.6,saccade
12:41:46.3898,405.4,97.4,saccade
12:41:46.3903,405.3,97.4,saccade
12:41:46.3908,404.8,98.8,saccade
12:41:46.3913,404.2,100.1,saccade
12:41:46.3918,403.1,102.8,saccade
12:41:46.3923,403.0,104.3,saccade
12:41:46.3928,402.9,106.0,saccade
12:41:46.3933,402.3,107.3,saccade
12:41:46.3938,401.2,108.4,saccade
12:41:46.3943,399.2,108.4,saccade
12:41:46.3948,397.4,107.3,saccade
12:41:46.3953,396.1,106.1,saccade
12:41:46.3958,395.8,105.8,saccade
12:41:46.3963,394.0,107.4,saccade
12:41:46.3968,391.1,111.2,saccade
12:41:46.3973,386.0,121.8,saccade
12:41:46.3978,380.0,139.9,saccade
12:41:46.3983,372.9,161.8,saccade
12:41:46.3988,365.9,182.3,saccade
12:41:46.3993,359.1,198.5,saccade
12:41:46.3998,354.1,208.9,saccade
12:41:46.4003,351.1,215.4,saccade
12:41:46.4008,349.9,222.1,saccade
12:41:46.4013,347.1,236.5,saccade
12:41:46.4018,342.7,255.1,saccade
12:41:46.4023,338.2,275.2,saccade
12:41:46.4028,332.9,302.1,saccade
12:41:46.4033,326.6,323.6,saccade
12:41:46.4038,320.6,345.0,saccade
12:41:46.4043,313.2,374.7,saccade
12:41:46.4048,308.0,406.2,saccade
12:41:46.4053,302.2,439.2,saccade
12:41:46.4058,297.2,456.1,saccade
12:41:46.4063,291.5,472.1,saccade
12:41:46.4068,286.8,491.9,saccade
12:41:46.4073,279.4,503.4,saccade
12:41:46.4078,268.9,543.1,saccade
12:41:46.4083,259.2,586.2,saccade
12:41:46.4088,252.3,653.5,saccade
12:41:46.4093,234.5,711.0,saccade
12:41:46.4098,214.6,764.3,saccade
12:41:46.4103,190.8,802.5,saccade
12:41:46.4108,182.3,821.9,saccade
12:41:46.4113,.,.,blink
12:41:46.4118,.,.,blink
12:41:46.4123,.,.,blink
12:41:46.4128,.,.,blink
12:41:46.4133,.,.,blink
12:41:46.4138,.,.,blink
12:41:46.4143,.,.,blink
12:41:46.4148,.,.,blink
12:41:46.4153,.,.,blink
12:41:46.4158,.,.,blink
12:41:46.4163,.,.,blink
12:41:46.4168,.,.,blink
12:41:46.4173,.,.,blink
12:41:46.4178,.,.,blink
12:41:46.4183,.,.,blink
12:41:46.4188,.,.,blink
12:41:46.4193,.,.,blink
12:41:46.4198,.,.,blink
12:41:46.4203,.,.,blink
12:41:46.4208,.,.,blink
12:41:46.4213,.,.,blink
12:41:46.4218,.,.,blink
12:41:46.4223,.,.,blink
12:41:46.4228,.,.,blink
12:41:46.4233,.,.,blink
12:41:46.4238,.,.,blink
12:41:46.4243,.,.,blink
12:41:46.4248,.,.,blink
12:41:46.4253,.,.,blink
12:41:46.4258,.,.,blink
12:41:46.4263,.,.,blink
12:41:46.4268,.,.,blink
12:41:46.4273,.,.,blink
12:41:46.4278,.,.,blink
12:41:46.4283,.,.,blink
12:41:46.4288,.,.,blink
12:41:46.4293,.,.,blink
12:41:46.4298,.,.,blink
12:41:46.4303,.,.,blink
12:41:46.4308,.,.,blink
12:41:46.4313,.,.,blink
12:41:46.4318,.,.,blink
12:41:46.4323,.,.,blink
12:41:46.4328,.,.,blink
12:41:46.4333,.,.,blink
12:41:46.4338,.,.,blink
12:41:46.4343,.,.,blink
12:41:46.4348,.,.,blink
12:41:46.4353,.,.,blink
12:41:46.4358,.,.,blink
12:41:46.4363,.,.,blink
12:41:46.4368,.,.,blink
12:41:46.4373,.,.,blink
12:41:46.4378,.,.,blink
12:41:46.4383,.,.,blink
12:41:46.4388,.,.,blink
12:41:46.4393,.,.,blink
12:41:46.4398,.,.,blink
12:41:46.4403,.,.,blink
12:41:46.4408,.,.,blink
12:41:46.4413,.,.,blink
12:41:46.4418,.,.,blink
12:41:46.4423,.,.,blink
12:41:46.4428,.,.,blink
12:41:46.4433,.,.,blink
12:41:46.4438,.,.,blink
12:41:46.4443,.,.,blink
12:41:46.4448,.,.,blink
12:41:46.4453,.,.,blink
12:41:46.4458,.,.,blink
12:41:46.4463,.,.,blink
12:41:46.4468,.,.,blink
12:41:46.4473,.,.,blink
12:41:46.4478,.,.,blink
12:41:46.4483,.,.,blink
12:41:46.4488,.,.,blink
12:41:46.4493,.,.,blink
12:41:46.4498,.,.,blink
12:41:46.4503,.,.,blink
12:41:46.4508,.,.,blink
12:41:46.4513,.,.,blink
12:41:46.4518,.,.,blink
12:41:46.4523,.,.,blink
12:41:46.4528,.,.,blink
12:41:46.4533,.,.,blink
12:41:46.4538,.,.,blink
12:41:46.4543,.,.,blink
12:41:46.4548,.,.,blink
12:41:46.4553,.,.,blink
12:41:46.4558,.,.,blink
12:41:46.4563,.,.,blink
12:41:46.4568,.,.,blink
12:41:46.4573,.,.,blink
12:41:46.4578,.,.,blink
12:41:46.4583,.,.,blink
12:41:46.4588,.,.,blink
12:41:46.4593,.,.,blink
12:41:46.4598,.,.,blink
12:41:46.4603,.,.,blink
12:41:46.4608,.,.,blink
12:41:46.4613,.,.,blink
12:41:46.4618,.,.,blink
12:41:46.4623,.,.,blink
12:41:46.4628,.,.,blink
12:41:46.4633,.,.,blink
12:41:46.4638,.,.,blink
12:41:46.4643,.,.,blink
12:41:46.4648,.,.,blink
12:41:46.4653,.,.,blink
12:41:46.4658,.,.,blink
12:41:46.4663,.,.,blink
12:41:46.4668,.,.,blink
12:41:46.4673,.,.,blink
12:41:46.4678,.,.,blink
12:41:46.4683,.,.,blink
12:41:46.4688,.,.,blink
12:41:46.4693,.,.,blink
12:41:46.4698,.,.,blink
12:41:46.4703,.,.,blink
12:41:46.4708,.,.,blink
12:41:46.4713,.,.,blink
12:41:46.4718,.,.,blink
12:41:46.4723,.,.,blink
12:41:46.4728,.,.,blink
12:41:46.4733,.,.,blink
12:41:46.4738,.,.,blink
12:41:46.4743,.,.,blink
12:41:46.4748,.,.,blink
12:41:46.4753,.,.,blink
12:41:46.4758,.,.,blink
12:41:46.4763,.,.,blink
12:41:46.4768,.,.,blink
12:41:46.4773,.,.,blink
12:41:46.4778,.,.,blink
12:41:46.4783,.,.,blink
12:41:46.4788,.,.,blink
12:41:46.4793,.,.,blink
12:41:46.4798,.,.,blink
12:41:46.4803,.,.,blink
12:41:46.4808,.,.,blink
12:41:46.4813,.,.,blink
12:41:46.4818,.,.,blink
12:41:46.4823,.,.,blink
12:41:46.4828,.,.,blink
12:41:46.4833,.,.,blink
12:41:46.4838,.,.,blink
12:41:46.4843,.,.,blink
12:41:46.4848,.,.,blink
12:41:46.4853,.,.,blink
12:41:46.4858,.,.,blink
12:41:46.4863,.,.,blink
12:41:46.4868,.,.,blink
12:41:46.4873,.,.,blink
12:41:46.4878,.,.,blink
12:41:46.4883,.,.,blink
12:41:46.4888,.,.,blink
12:41:46.4893,.,.,blink
12:41:46.4898,.,.,blink
12:41:46.4903,.,.,blink
12:41:46.4908,.,.,blink
12:41:46.4913,.,.,blink
12:41:46.4918,.,.,blink
12:41:46.4923,.,.,blink
12:41:46.4928,.,.,blink
12:41:46.4933,.,.,blink
12:41:46.4938,.,.,blink
12:41:46.4943,.,.,blink
12:41:46.4948,.,.,blink
12:41:46.4953,.,.,blink
12:41:46.4958,.,.,blink
12:41:46.4963,.,.,blink
12:41:46.4968,.,.,blink
12:41:46.4973,.,.,blink
12:41:46.4978,.,.,blink
12:41:46.4983,.,.,blink
12:41:46.4988,.,.,blink
12:41:46.4993,.,.,blink
12:41:46.4998,385.8,215.9,fixation
12:41:46.5003,385.7,217.1,fixation
12:41:46.5008,385.8,218.5,fixation
12:41:46.5013,386.3,217.9,fixation
12:41:46.5018,386.3,215.9,fixation
12:41:46.5023,385.6,215.4,fixation
12:41:46.5028,384.4,217.1,fixation
12:41:46.5033,384.0,218.8,fixation
12:41:46.5038,384.1,218.7,fixation
12:41:46.5043,384.4,218.2,fixation
12:41:46.5048,384.8,217.6,fixation
12:41:46.5053,385.3,216.2,fixation
12:41:46.5058,385.9,214.8,fixation
12:41:46.5063,386.7,212.9,fixation
12:41:46.5068,386.9,212.3,fixation
12:41:46.5073,387.1,211.4,fixation
12:41:46.5078,388.1,211.2,fixation
12:41:46.5083,389.0,211.1,fixation
12:41:46.5088,389.3,211.7,fixation
12:41:46.5093,388.4,213.0,fixation
12:41:46.5098,387.5,214.6,fixation
12:41:46.5103,386.3,215.7,fixation
12:41:46.5108,385.4,215.8,fixation
12:41:46.5113,385.2,215.4,fixation
12:41:46.5118,385.9,215.3,fixation
12:41:46.5123,386.7,215.4,fixation
12:41:46.5128,386.9,215.6,fixation
12:41:46.5133,386.7,215.8,fixation
12:41:46.5138,386.4,216.0,fixation
12:41:46.5143,386.9,215.8,fixation
12:41:46.5148,387.7,215.6,fixation
12:41:46.5153,387.7,215.4,fixation
12:41:46.5158,386.9,215.4,fixation
12:41:46.5163,386.5,215.0,fixation
12:41:46.5168,386.9,214.3,fixation
12:41:46.5173,387.3,213.9,fixation
12:41:46.5178,387.4,214.1,fixation
12:41:46.5183,387.3,214.6,fixation
12:41:46.5188,386.9,215.2,fixation
12:41:46.5193,386.3,215.6,fixation
12:41:46.5198,385.3,215.8,fixation
12:41:46.5203,384.6,215.5,fixation
12:41:46.5208,384.3,215.1,fixation
12:41:46.5213,384.5,215.0,fixation
12:41:46.5218,385.1,213.1,fixation
12:41:46.5223,385.7,211.1,fixation
12:41:46.5228,386.0,210.5,fixation
12:41:46.5233,385.8,211.7,fixation
12:41:46.5238,386.0,211.9,fixation
12:41:46.5243,386.2,210.7,fixation
12:41:46.5248,385.9,210.1,fixation
12:41:46.5253,385.3,210.7,fixation
12:41:46.5258,385.0,211.2,fixation
12:41:46.5263,385.0,211.5,fixation
12:41:46.5268,385.1,212.2,fixation
12:41:46.5273,384.9,213.8,fixation
12:41:46.5278,384.5,216.1,fixation
12:41:46.5283,383.9,218.1,fixation
12:41:46.5288,384.1,217.4,fixation
12:41:46.5293,384.5,215.7,fixation
12:41:46.5298,384.6,214.7,fixation
