TimeStamp,X,Y,Event
11:37:51.4904,742.2,286.8,fixation
11:37:51.4909,742.2,286.2,fixation
11:37:51.4914,741.8,286.9,fixation
11:37:51.4919,740.9,287.7,fixation
11:37:51.4924,740.1,288.3,fixation
11:37:51.4929,740.0,288.1,fixation
11:37:51.4934,740.7,287.9,fixation
11:37:51.4939,741.6,286.0,fixation
11:37:51.4944,742.0,284.4,fixation
11:37:51.4949,742.3,282.7,fixation
11:37:51.4954,742.6,282.6,fixation
11:37:51.4959,741.8,282.3,fixation
11:37:51.4964,740.8,282.6,fixation
11:37:51.4969,740.6,283.7,fixation
11:37:51.4974,741.5,284.8,fixation
11:37:51.4979,742.2,285.9,fixation
11:37:51.4984,742.1,286.4,fixation
11:37:51.4989,742.2,286.8,fixation
11:37:51.4994,742.5,286.3,fixation
11:37:51.4999,742.9,285.8,fixation
11:37:51.5004,743.1,284.0,fixation
11:37:51.5009,743.4,282.4,fixation
11:37:51.5014,743.5,283.1,fixation
11:37:51.5019,743.6,285.1,fixation
11:37:51.5024,744.2,286.6,fixation
11:37:51.5029,744.8,285.8,fixation
11:37:51.5034,745.4,284.7,fixation
11:37:51.5039,745.4,284.0,fixation
11:37:51.5044,744.7,283.6,fixation
11:37:51.5049,743.8,284.3,fixation
11:37:51.5054,742.8,284.9,fixation
11:37:51.5059,742.5,285.6,fixation
11:37:51.5064,742.8,285.7,fixation
11:37:51.5069,743.5,284.2,fixation
11:37:51.5074,743.9,282.6,fixation
11:37:51.5079,743.3,281.8,fixation
11:37:51.5084,742.5,282.7,fixation
11:37:51.5089,741.1,283.3,fixation
11:37:51.5094,740.2,283.0,fixation
11:37:51.5099,739.4,282.7,fixation
11:37:51.5104,739.3,282.7,fixation
11:37:51.5109,739.3,282.9,fixation
11:37:51.5114,739.5,283.1,fixation
11:37:51.5119,739.6,283.4,fixation
11:37:51.5124,739.6,283.4,fixation
11:37:51.5129,739.5,283.7,fixation
11:37:51.5134,740.0,284.0,fixation
11:37:51.5139,740.6,284.6,fixation
11:37:51.5144,739.7,284.7,fixation
11:37:51.5149,738.6,284.0,fixation
11:37:51.5154,737.7,283.0,fixation
11:37:51.5159,738.2,282.2,fixation
11:37:51.5164,738.4,282.4,fixation
11:37:51.5169,738.4,282.6,fixation
11:37:51.5174,738.4,282.4,fixation
11:37:51.5179,738.8,282.1,fixation
11:37:51.5184,739.2,281.8,fixation
11:37:51.5189,741.1,282.6,fixation
11:37:51.5194,742.6,283.6,fixation
11:37:51.5199,743.6,284.7,fixation
11:37:51.5204,741.8,282.2,fixation
11:37:51.5209,739.9,279.6,fixation
11:37:51.5214,738.4,278.4,fixation
11:37:51.5219,738.2,279.8,fixation
11:37:51.5224,738.0,281.2,fixation
11:37:51.5229,737.0,281.2,fixation
11:37:51.5234,736.1,281.3,fixation
11:37:51.5239,735.3,281.5,fixation
11:37:51.5244,735.4,282.0,fixation
11:37:51.5249,736.5,282.3,fixation
11:37:51.5254,737.6,282.4,fixation
11:37:51.5259,738.7,282.4,fixation
11:37:51.5264,738.6,282.7,fixation
11:37:51.5269,738.4,282.9,fixation
11:37:51.5274,738.3,282.8,fixation
11:37:51.5279,738.2,282.2,fixation
11:37:51.5284,737.9,281.4,fixation
11:37:51.5289,737.6,281.0,fixation
11:37:51.5294,737.3,280.8,fixation
11:37:51.5299,738.0,279.0,fixation
11:37:51.5304,739.4,277.2,fixation
11:37:51.5309,740.7,277.5,fixation
11:37:51.5314,740.0,279.5,fixation
11:37:51.5319,738.3,281.5,fixation
11:37:51.5324,736.7,281.4,fixation
11:37:51.5329,736.0,281.0,fixation
11:37:51.5334,735.8,280.6,fixation
11:37:51.5339,735.4,279.8,fixation
11:37:51.5344,735.2,279.2,fixation
11:37:51.5349,735.4,278.8,fixation
11:37:51.5354,736.0,278.9,fixation
11:37:51.5359,737.1,279.1,fixation
11:37:51.5364,737.8,279.3,fixation
11:37:51.5369,738.3,279.9,fixation
11:37:51.5374,738.3,281.2,fixation
11:37:51.5379,738.5,282.6,fixation
11:37:51.5384,738.8,283.5,fixation
11:37:51.5389,739.1,282.5,fixation
11:37:51.5394,739.8,281.3,fixation
11:37:51.5399,740.4,279.6,fixation
11:37:51.5404,739.0,278.9,fixation
11:37:51.5409,737.1,279.2,fixation
11:37:51.5414,734.9,280.1,fixation
11:37:51.5419,734.6,280.2,fixation
11:37:51.5424,734.4,278.9,fixation
11:37:51.5429,734.4,276.7,fixation
11:37:51.5434,734.6,275.3,fixation
11:37:51.5439,734.9,276.3,fixation
11:37:51.5444,735.2,278.4,fixation
11:37:51.5449,734.9,279.3,fixation
11:37:51.5454,734.7,278.1,fixation
11:37:51.5459,734.8,279.5,fixation
11:37:51.5464,735.1,282.0,fixation
11:37:51.5469,735.1,284.1,fixation
11:37:51.5474,734.7,283.6,fixation
11:37:51.5479,734.9,283.1,fixation
11:37:51.5484,735.5,282.8,fixation
11:37:51.5489,735.5,281.9,fixation
11:37:51.5494,735.0,281.1,fixation
11:37:51.5499,734.5,280.7,fixation
11:37:51.5504,734.6,279.5,fixation
11:37:51.5509,734.9,278.2,fixation
11:37:51.5514,735.2,276.9,fixation
11:37:51.5519,735.6,276.7,fixation
11:37:51.5524,735.9,276.5,fixation
11:37:51.5529,736.1,277.9,fixation
11:37:51.5534,736.1,279.4,fixation
11:37:51.5539,736.0,281.1,fixation
11:37:51.5544,735.7,281.3,fixation
11:37:51.5549,735.3,281.3,fixation
11:37:51.5554,734.8,281.9,fixation
11:37:51.5559,735.5,282.8,fixation
11:37:51.5564,736.3,281.0,fixation
11:37:51.5569,737.2,278.5,fixation
11:37:51.5574,737.3,275.9,fixation
11:37:51.5579,737.2,275.5,fixation
11:37:51.5584,737.4,275.1,fixation
11:37:51.5589,737.7,276.4,fixation
11:37:51.5594,738.7,278.1,fixation
11:37:51.5599,739.4,278.9,fixation
11:37:51.5604,740.1,278.1,fixation
11:37:51.5609,739.9,277.1,fixation
11:37:51.5614,739.7,276.9,fixation
11:37:51.5619,739.7,277.7,fixation
11:37:51.5624,740.1,279.6,fixation
11:37:51.5629,740.2,281.5,fixation
11:37:51.5634,740.3,281.3,fixation
11:37:51.5639,740.1,280.9,fixation
11:37:51.5644,740.1,280.9,fixation
11:37:51.5649,740.5,281.8,fixation
11:37:51.5654,741.3,282.3,fixation
11:37:51.5659,742.2,282.6,fixation
11:37:51.5664,742.6,282.8,fixation
11:37:51.5669,742.6,280.9,fixation
11:37:51.5674,742.7,277.6,fixation
11:37:51.5679,743.1,274.3,fixation
11:37:51.5684,743.3,273.8,fixation
11:37:51.5689,743.6,276.2,fixation
11:37:51.5694,743.8,278.7,fixation
11:37:51.5699,744.2,279.0,fixation
11:37:51.5704,744.4,277.7,fixation
11:37:51.5709,744.5,276.3,fixation
11:37:51.5714,744.6,277.7,fixation
11:37:51.5719,744.7,279.4,fixation
11:37:51.5724,744.9,281.1,fixation
11:37:51.5729,744.9,280.3,fixation
11:37:51.5734,744.8,279.2,fixation
11:37:51.5739,745.1,278.4,fixation
11:37:51.5744,745.6,278.9,fixation
11:37:51.5749,746.2,279.4,fixation
11:37:51.5754,745.8,278.0,fixation
11:37:51.5759,745.0,276.5,fixation
11:37:51.5764,743.9,276.7,fixation
11:37:51.5769,743.2,278.2,fixation
11:37:51.5774,742.4,279.7,fixation
11:37:51.5779,741.9,279.4,fixation
11:37:51.5784,741.8,279.4,fixation
11:37:51.5789,739.2,276.7,fixation
11:37:51.5794,736.6,274.0,fixation
11:37:51.5799,734.7,271.2,fixation
11:37:51.5804,737.5,271.4,fixation
11:37:51.5809,740.3,273.4,fixation
11:37:51.5814,741.7,275.3,fixation
11:37:51.5819,740.8,277.7,fixation
11:37:51.5824,740.2,278.0,fixation
11:37:51.5829,740.2,278.4,fixation
11:37:51.5834,739.7,279.0,fixation
11:37:51.5839,739.0,279.9,fixation
11:37:51.5844,737.9,279.2,fixation
11:37:51.5849,737.6,277.5,fixation
11:37:51.5854,737.4,275.8,fixation
11:37:51.5859,737.1,277.0,fixation
11:37:51.5864,735.6,278.0,fixation
11:37:51.5869,734.2,278.3,fixation
11:37:51.5874,733.2,276.8,fixation
11:37:51.5879,734.3,276.1,fixation
11:37:51.5884,735.4,276.8,fixation
11:37:51.5889,736.8,278.2,fixation
11:37:51.5894,737.3,279.0,fixation
11:37:51.5899,737.7,279.5,fixation
11:37:51.5904,737.8,280.1,fixation
11:37:51.5909,737.8,280.6,fixation
11:37:51.5914,737.8,280.7,fixation
11:37:51.5919,739.3,280.5,fixation
11:37:51.5924,740.8,279.9,fixation
11:37:51.5929,742.5,277.8,fixation
11:37:51.5934,743.1,276.0,fixation
11:37:51.5939,743.5,275.6,fixation
11:37:51.5944,743.2,278.2,fixation
11:37:51.5949,742.6,280.8,fixation
11:37:51.5954,742.2,282.8,fixation
11:37:51.5959,742.9,283.4,fixation
11:37:51.5964,743.4,281.6,fixation
11:37:51.5969,743.7,279.3,fixation
11:37:51.5974,743.3,276.7,fixation
11:37:51.5979,743.0,276.4,fixation
11:37:51.5984,743.0,275.9,fixation
11:37:51.5989,743.1,275.6,fixation
11:37:51.5994,743.2,275.5,fixation
11:37:51.5999,743.2,275.6,fixation
11:37:51.6004,743.4,276.9,fixation
11:37:51.6009,743.9,278.1,fixation
11:37:51.6014,744.5,279.1,fixation
11:37:51.6019,744.1,279.0,fixation
11:37:51.6024,743.4,278.9,fixation
11:37:51.6029,742.6,278.9,fixation
11:37:51.6034,742.4,278.6,fixation
11:37:51.6039,742.3,278.2,fixation
11:37:51.6044,741.9,277.7,fixation
11:37:51.6049,741.1,277.7,fixation
11:37:51.6054,740.2,278.9,fixation
11:37:51.6059,740.1,280.1,fixation
11:37:51.6064,740.5,280.5,fixation
11:37:51.6069,740.8,280.1,fixation
11:37:51.6074,740.6,280.2,fixation
11:37:51.6079,740.3,280.8,fixation
11:37:51.6084,740.0,281.7,fixation
11:37:51.6089,739.6,282.0,fixation
11:37:51.6094,739.1,281.1,fixation
11:37:51.6099,738.9,278.9,fixation
11:37:51.6104,738.7,276.7,fixation
11:37:51.6109,737.6,275.9,fixation
11:37:51.6114,736.4,276.5,fixation
11:37:51.6119,736.6,277.3,fixation
11:37:51.6124,738.1,277.8,fixation
11:37:51.6129,738.4,278.1,fixation
11:37:51.6134,737.3,278.2,fixation
11:37:51.6139,736.0,278.4,fixation
11:37:51.6144,735.9,278.6,fixation
11:37:51.6149,736.1,277.6,fixation
11:37:51.6154,736.7,276.5,fixation
11:37:51.6159,737.4,276.5,fixation
11:37:51.6164,738.2,277.5,fixation
11:37:51.6169,738.6,278.3,fixation
11:37:51.6174,739.4,278.2,fixation
11:37:51.6179,739.8,278.2,fixation
11:37:51.6184,739.8,278.4,fixation
11:37:51.6189,739.3,278.2,fixation
11:37:51.6194,738.9,277.7,fixation
11:37:51.6199,739.5,277.3,fixation
11:37:51.6204,739.7,278.5,fixation
11:37:51.6209,739.8,279.9,fixation
11:37:51.6214,740.7,280.0,fixation
11:37:51.6219,741.9,278.7,fixation
11:37:51.6224,741.5,277.1,fixation
11:37:51.6229,739.8,276.6,fixation
11:37:51.6234,739.3,276.3,fixation
11:37:51.6239,741.7,276.4,fixation
11:37:51.6244,744.1,276.7,fixation
11:37:51.6249,745.0,276.5,fixation
11:37:51.6254,744.1,275.9,fixation
11:37:51.6259,743.4,275.2,fixation
11:37:51.6264,743.3,273.1,fixation
11:37:51.6269,742.3,271.3,fixation
11:37:51.6274,741.0,271.2,fixation
11:37:51.6279,739.6,272.7,fixation
11:37:51.6284,740.2,274.4,fixation
11:37:51.6289,741.3,274.4,fixation
11:37:51.6294,742.3,274.4,fixation
11:37:51.6299,742.5,275.5,fixation
11:37:51.6304,742.5,276.5,fixation
11:37:51.6309,742.6,277.5,fixation
11:37:51.6314,742.8,277.6,fixation
11:37:51.6319,743.0,277.7,fixation
11:37:51.6324,743.4,275.8,fixation
11:37:51.6329,743.5,273.8,fixation
11:37:51.6334,743.2,271.8,fixation
11:37:51.6339,742.4,271.8,fixation
11:37:51.6344,741.3,272.6,fixation
11:37:51.6349,740.3,273.3,fixation
11:37:51.6354,739.6,273.9,fixation
11:37:51.6359,738.8,274.7,fixation
11:37:51.6364,738.4,275.6,fixation
11:37:51.6369,737.9,276.6,fixation
11:37:51.6374,737.6,276.6,fixation
11:37:51.6379,736.8,276.6,fixation
11:37:51.6384,736.1,276.7,fixation
11:37:51.6389,735.8,276.9,fixation
11:37:51.6394,735.9,277.1,fixation
11:37:51.6399,735.4,276.9,fixation
11:37:51.6404,734.9,276.6,fixation
11:37:51.6409,734.9,276.8,fixation
11:37:51.6414,735.5,277.3,fixation
11:37:51.6419,736.1,277.8,fixation
11:37:51.6424,736.2,277.3,fixation
11:37:51.6429,736.2,276.2,fixation
11:37:51.6434,736.2,275.0,fixation
11:37:51.6439,735.3,274.2,fixation
11:37:51.6444,734.4,274.0,fixation
11:37:51.6449,733.9,273.8,fixation
11:37:51.6454,734.7,273.8,fixation
11:37:51.6459,735.3,276.4,fixation
11:37:51.6464,735.5,279.1,fixation
11:37:51.6469,735.3,280.6,fixation
11:37:51.6474,735.5,277.0,fixation
11:37:51.6479,735.7,273.4,fixation
11:37:51.6484,735.9,272.0,fixation
11:37:51.6489,737.8,274.9,fixation
11:37:51.6494,739.5,277.8,fixation
11:37:51.6499,741.3,278.0,fixation
11:37:51.6504,741.9,275.5,fixation
11:37:51.6509,743.1,273.0,fixation
11:37:51.6514,744.1,272.0,fixation
11:37:51.6519,742.5,271.7,fixation
11:37:51.6524,740.7,271.6,fixation
11:37:51.6529,738.6,271.7,fixation
11:37:51.6534,738.5,272.4,fixation
11:37:51.6539,739.3,273.0,fixation
11:37:51.6544,740.8,274.4,fixation
11:37:51.6549,742.4,275.2,fixation
11:37:51.6554,743.0,275.1,fixation
11:37:51.6559,743.1,274.2,fixation
11:37:51.6564,743.1,274.0,fixation
11:37:51.6569,743.2,274.7,fixation
11:37:51.6574,743.3,275.0,fixation
11:37:51.6579,743.4,273.2,fixation
11:37:51.6584,743.5,272.1,fixation
11:37:51.6589,745.1,271.3,fixation
11:37:51.6594,746.8,270.9,fixation
11:37:51.6599,747.8,269.7,fixation
11:37:51.6604,747.1,268.4,fixation
11:37:51.6609,746.1,269.6,fixation
11:37:51.6614,744.6,270.8,fixation
11:37:51.6619,743.1,272.1,fixation
11:37:51.6624,741.9,272.7,fixation
11:37:51.6629,742.3,273.4,fixation
11:37:51.6634,742.8,273.5,fixation
11:37:51.6639,743.4,273.0,fixation
11:37:51.6644,743.5,272.3,fixation
11:37:51.6649,743.5,272.4,fixation
11:37:51.6654,743.5,272.8,fixation
11:37:51.6659,741.9,273.2,fixation
11:37:51.6664,740.4,273.1,fixation
11:37:51.6669,740.5,272.8,fixation
11:37:51.6674,742.9,272.7,fixation
11:37:51.6679,745.4,272.8,fixation
11:37:51.6684,746.1,272.8,fixation
11:37:51.6689,744.5,273.0,fixation
11:37:51.6694,742.8,273.2,fixation
11:37:51.6699,741.4,274.0,fixation
11:37:51.6704,741.4,274.6,fixation
11:37:51.6709,741.3,275.4,fixation
11:37:51.6714,740.5,275.7,fixation
11:37:51.6719,739.6,276.0,fixation
11:37:51.6724,739.7,275.9,fixation
11:37:51.6729,740.5,275.6,fixation
11:37:51.6734,741.4,275.1,fixation
11:37:51.6739,741.6,275.0,fixation
11:37:51.6744,741.3,275.1,fixation
11:37:51.6749,740.6,275.1,fixation
11:37:51.6754,740.0,274.6,fixation
11:37:51.6759,739.0,274.0,fixation
11:37:51.6764,738.1,273.7,fixation
11:37:51.6769,738.4,273.7,fixation
11:37:51.6774,739.5,273.8,fixation
11:37:51.6779,740.6,273.6,fixation
11:37:51.6784,740.7,273.2,fixation
11:37:51.6789,740.8,272.7,fixation
11:37:51.6794,740.2,272.5,fixation
11:37:51.6799,738.1,270.1,fixation
11:37:51.6804,736.0,267.6,fixation
11:37:51.6809,735.5,265.2,fixation
11:37:51.6814,737.0,268.1,fixation
11:37:51.6819,738.5,271.2,fixation
11:37:51.6824,739.8,274.2,fixation
11:37:51.6829,740.6,274.4,fixation
11:37:51.6834,741.5,274.3,fixation
11:37:51.6839,740.3,273.9,fixation
11:37:51.6844,739.3,274.2,fixation
11:37:51.6849,737.0,275.5,saccade
11:37:51.6854,735.8,276.0,saccade
11:37:51.6859,734.5,276.5,saccade
11:37:51.6864,733.5,275.9,saccade
11:37:51.6869,732.5,275.0,saccade
11:37:51.6874,731.5,274.1,saccade
11:37:51.6879,731.0,274.4,saccade
11:37:51.6884,730.4,274.7,saccade
11:37:51.6889,728.0,275.0,saccade
11:37:51.6894,726.0,275.2,saccade
11:37:51.6899,724.1,275.1,saccade
11:37:51.6904,724.1,274.9,saccade
11:37:51.6909,723.2,274.6,saccade
11:37:51.6914,720.5,274.5,saccade
11:37:51.6919,717.7,275.3,saccade
11:37:51.6924,716.2,276.2,saccade
11:37:51.6929,716.5,277.3,saccade
11:37:51.6934,716.1,280.2,fixation
11:37:51.6939,715.7,282.1,fixation
11:37:51.6944,715.5,282.7,fixation
11:37:51.6949,714.7,283.3,fixation
11:37:51.6954,714.3,283.2,fixation
11:37:51.6959,714.2,283.0,fixation
11:37:51.6964,714.6,282.9,fixation
11:37:51.6969,715.2,282.5,fixation
11:37:51.6974,715.6,281.9,fixation
11:37:51.6979,715.8,279.8,fixation
11:37:51.6984,715.2,277.9,fixation
11:37:51.6989,714.6,276.6,fixation
11:37:51.6994,716.7,277.1,fixation
11:37:51.6999,718.7,277.6,fixation
11:37:51.7004,720.3,277.8,fixation
11:37:51.7009,719.3,278.0,fixation
11:37:51.7014,718.7,278.5,fixation
11:37:51.7019,718.5,279.5,fixation
11:37:51.7024,718.4,280.2,fixation
11:37:51.7029,718.7,280.6,fixation
11:37:51.7034,719.1,280.6,fixation
11:37:51.7039,719.4,280.7,fixation
11:37:51.7044,719.3,281.1,fixation
11:37:51.7049,719.2,281.8,fixation
11:37:51.7054,718.0,282.3,fixation
11:37:51.7059,716.9,282.6,fixation
11:37:51.7064,717.5,282.8,fixation
11:37:51.7069,719.3,282.9,fixation
11:37:51.7074,721.5,283.0,fixation
11:37:51.7079,721.7,282.7,fixation
11:37:51.7084,721.8,282.5,fixation
11:37:51.7089,720.2,281.8,fixation
11:37:51.7094,718.8,281.3,fixation
11:37:51.7099,717.6,281.0,fixation
11:37:51.7104,717.1,281.1,fixation
11:37:51.7109,716.7,281.3,fixation
11:37:51.7114,716.1,281.5,fixation
11:37:51.7119,716.2,281.8,fixation
11:37:51.7124,716.5,278.3,fixation
11:37:51.7129,716.1,274.7,fixation
11:37:51.7134,715.4,273.3,fixation
11:37:51.7139,715.5,275.5,fixation
11:37:51.7144,717.7,277.9,fixation
11:37:51.7149,720.0,279.0,fixation
11:37:51.7154,721.3,279.9,fixation
11:37:51.7159,721.5,280.6,fixation
11:37:51.7164,721.8,280.6,fixation
11:37:51.7169,721.9,281.0,fixation
11:37:51.7174,721.5,281.5,fixation
11:37:51.7179,721.2,281.7,fixation
11:37:51.7184,721.7,281.4,fixation
11:37:51.7189,722.8,281.1,fixation
11:37:51.7194,723.7,282.6,fixation
11:37:51.7199,722.9,284.2,fixation
11:37:51.7204,722.1,283.5,fixation
11:37:51.7209,721.4,281.2,fixation
11:37:51.7214,721.7,279.8,fixation
11:37:51.7219,721.3,280.7,fixation
11:37:51.7224,720.9,281.8,fixation
11:37:51.7229,720.6,282.0,fixation
11:37:51.7234,720.6,281.9,fixation
11:37:51.7239,720.6,281.9,fixation
11:37:51.7244,721.1,281.8,fixation
11:37:51.7249,721.6,282.0,fixation
11:37:51.7254,722.1,281.1,fixation
11:37:51.7259,722.2,280.3,fixation
11:37:51.7264,722.4,279.8,fixation
11:37:51.7269,722.5,279.9,fixation
11:37:51.7274,722.7,280.4,fixation
11:37:51.7279,723.2,281.1,fixation
11:37:51.7284,723.8,281.9,fixation
11:37:51.7289,724.5,282.4,fixation
11:37:51.7294,724.3,282.6,fixation
11:37:51.7299,724.0,282.7,fixation
11:37:51.7304,723.5,282.7,fixation
11:37:51.7309,722.9,282.7,fixation
11:37:51.7314,722.4,282.7,fixation
11:37:51.7319,722.9,282.1,fixation
11:37:51.7324,723.7,281.6,fixation
11:37:51.7329,724.5,279.7,fixation
11:37:51.7334,724.4,278.4,fixation
11:37:51.7339,724.3,278.2,fixation
11:37:51.7344,724.2,279.7,fixation
11:37:51.7349,724.2,281.3,fixation
11:37:51.7354,724.0,281.8,fixation
11:37:51.7359,724.7,281.2,fixation
11:37:51.7364,726.4,280.6,fixation
11:37:51.7369,728.0,281.7,fixation
11:37:51.7374,728.8,283.7,fixation
11:37:51.7379,728.7,285.6,fixation
11:37:51.7384,728.8,284.8,fixation
11:37:51.7389,728.8,283.8,fixation
11:37:51.7394,728.8,282.9,fixation
11:37:51.7399,728.7,283.1,fixation
11:37:51.7404,728.8,282.9,fixation
11:37:51.7409,728.9,282.0,fixation
11:37:51.7414,729.0,281.1,fixation
11:37:51.7419,728.8,281.9,fixation
11:37:51.7424,728.6,283.1,fixation
11:37:51.7429,728.7,284.3,fixation
11:37:51.7434,728.6,286.3,fixation
11:37:51.7439,727.6,288.2,fixation
11:37:51.7444,726.5,288.5,fixation
11:37:51.7449,725.7,286.8,fixation
11:37:51.7454,726.0,285.2,fixation
11:37:51.7459,726.2,285.0,fixation
11:37:51.7464,726.3,284.7,fixation
11:37:51.7469,726.2,283.6,fixation
11:37:51.7474,725.9,282.5,fixation
11:37:51.7479,725.5,281.8,fixation
11:37:51.7484,725.1,282.0,fixation
11:37:51.7489,724.8,282.2,fixation
11:37:51.7494,725.1,282.2,fixation
11:37:51.7499,726.2,282.4,fixation
11:37:51.7504,727.3,282.8,fixation
11:37:51.7509,727.1,283.1,fixation
11:37:51.7514,725.7,283.0,fixation
11:37:51.7519,724.3,282.7,fixation
11:37:51.7524,723.9,282.6,fixation
11:37:51.7529,724.1,281.4,fixation
11:37:51.7534,724.3,280.2,fixation
11:37:51.7539,724.7,279.5,fixation
11:37:51.7544,725.4,280.1,fixation
11:37:51.7549,726.1,280.2,fixation
11:37:51.7554,726.5,279.8,fixation
11:37:51.7559,727.0,279.2,fixation
11:37:51.7564,727.4,279.0,fixation
11:37:51.7569,727.3,279.6,fixation
11:37:51.7574,727.0,280.4,fixation
11:37:51.7579,726.7,281.2,fixation
11:37:51.7584,726.5,281.2,fixation
11:37:51.7589,726.2,281.2,fixation
11:37:51.7594,725.9,281.8,fixation
11:37:51.7599,725.2,282.3,fixation
11:37:51.7604,724.2,283.0,fixation
11:37:51.7609,723.2,283.0,fixation
11:37:51.7614,722.9,281.6,fixation
11:37:51.7619,722.2,280.1,fixation
11:37:51.7624,721.5,278.6,fixation
11:37:51.7629,722.3,280.8,fixation
11:37:51.7634,723.8,282.9,fixation
11:37:51.7639,724.7,284.5,fixation
11:37:51.7644,724.1,283.9,fixation
11:37:51.7649,723.5,283.3,fixation
11:37:51.7654,724.6,283.9,fixation
11:37:51.7659,725.8,284.6,fixation
11:37:51.7664,725.8,283.6,fixation
11:37:51.7669,724.6,281.9,fixation
11:37:51.7674,723.4,280.2,fixation
11:37:51.7679,723.1,280.3,fixation
11:37:51.7684,722.7,280.4,fixation
11:37:51.7689,722.7,281.2,fixation
11:37:51.7694,723.2,282.1,fixation
11:37:51.7699,724.7,282.9,fixation
11:37:51.7704,725.9,282.7,fixation
11:37:51.7709,726.8,281.7,fixation
11:37:51.7714,726.7,280.8,fixation
11:37:51.7719,725.8,280.4,fixation
11:37:51.7724,725.1,280.6,fixation
11:37:51.7729,724.5,280.7,fixation
11:37:51.7734,724.0,280.6,fixation
11:37:51.7739,723.3,280.7,fixation
11:37:51.7744,722.5,280.8,fixation
11:37:51.7749,722.3,280.7,fixation
11:37:51.7754,722.1,280.4,fixation
11:37:51.7759,723.0,281.0,fixation
11:37:51.7764,723.6,281.7,fixation
11:37:51.7769,724.3,282.5,fixation
11:37:51.7774,724.4,280.2,fixation
11:37:51.7779,724.8,277.9,fixation
11:37:51.7784,724.2,276.9,fixation
11:37:51.7789,723.3,278.3,fixation
11:37:51.7794,722.3,280.2,fixation
11:37:51.7799,722.2,280.6,fixation
11:37:51.7804,722.2,280.9,fixation
11:37:51.7809,722.7,281.4,fixation
11:37:51.7814,723.4,282.1,fixation
11:37:51.7819,724.1,281.8,fixation
11:37:51.7824,724.3,280.1,fixation
11:37:51.7829,724.5,278.3,fixation
11:37:51.7834,724.8,277.6,fixation
11:37:51.7839,725.9,278.6,fixation
11:37:51.7844,726.7,280.2,fixation
11:37:51.7849,727.7,282.1,fixation
11:37:51.7854,728.0,283.0,fixation
11:37:51.7859,727.6,283.1,fixation
11:37:51.7864,726.6,283.7,fixation
11:37:51.7869,725.3,284.4,fixation
11:37:51.7874,724.4,283.6,fixation
11:37:51.7879,723.7,281.9,fixation
11:37:51.7884,723.3,282.0,fixation
11:37:51.7889,723.3,283.8,fixation
11:37:51.7894,723.3,284.5,fixation
11:37:51.7899,724.2,283.5,fixation
11:37:51.7904,725.1,282.5,fixation
11:37:51.7909,725.9,283.0,fixation
11:37:51.7914,725.3,283.7,fixation
11:37:51.7919,724.8,284.4,fixation
11:37:51.7924,724.2,284.6,fixation
11:37:51.7929,724.0,283.7,fixation
11:37:51.7934,723.9,282.6,fixation
11:37:51.7939,723.8,281.4,fixation
11:37:51.7944,723.7,281.1,fixation
11:37:51.7949,723.4,281.5,fixation
11:37:51.7954,723.5,281.8,fixation
11:37:51.7959,723.8,282.3,fixation
11:37:51.7964,724.5,282.3,fixation
11:37:51.7969,724.7,282.6,fixation
11:37:51.7974,723.8,281.6,fixation
11:37:51.7979,722.6,280.1,fixation
11:37:51.7984,722.2,278.8,fixation
11:37:51.7989,723.1,279.0,fixation
11:37:51.7994,723.5,279.4,fixation
11:37:51.7999,723.0,279.8,fixation
11:37:51.8004,722.4,281.0,fixation
11:37:51.8009,722.0,282.0,fixation
11:37:51.8014,721.5,283.0,fixation
11:37:51.8019,721.2,283.0,fixation
11:37:51.8024,722.2,283.0,fixation
11:37:51.8029,723.4,282.9,fixation
11:37:51.8034,724.1,282.1,fixation
11:37:51.8039,723.6,281.4,fixation
11:37:51.8044,723.1,278.7,fixation
11:37:51.8049,723.1,275.8,fixation
11:37:51.8054,723.3,273.0,fixation
11:37:51.8059,723.0,274.9,fixation
11:37:51.8064,722.7,277.6,fixation
11:37:51.8069,722.4,279.8,fixation
11:37:51.8074,722.7,278.9,fixation
11:37:51.8079,723.4,278.0,fixation
11:37:51.8084,724.2,278.5,fixation
11:37:51.8089,724.8,279.6,fixation
11:37:51.8094,725.1,280.8,fixation
11:37:51.8099,725.2,279.7,fixation
11:37:51.8104,724.1,278.3,fixation
11:37:51.8109,722.6,278.7,fixation
11:37:51.8114,721.4,280.0,fixation
11:37:51.8119,722.0,281.4,fixation
11:37:51.8124,723.0,281.0,fixation
11:37:51.8129,724.2,280.9,fixation
11:37:51.8134,724.5,280.5,fixation
11:37:51.8139,724.9,280.0,fixation
11:37:51.8144,725.0,280.1,fixation
11:37:51.8149,725.0,279.7,fixation
11:37:51.8154,725.4,278.8,fixation
11:37:51.8159,726.0,277.6,fixation
11:37:51.8164,725.8,277.1,fixation
11:37:51.8169,725.1,276.8,fixation
11:37:51.8174,724.8,276.6,fixation
11:37:51.8179,725.3,277.2,fixation
11:37:51.8184,725.8,278.6,fixation
11:37:51.8189,726.0,280.1,fixation
11:37:51.8194,726.0,280.7,fixation
11:37:51.8199,726.0,280.6,fixation
11:37:51.8204,725.3,280.4,fixation
11:37:51.8209,724.8,280.8,fixation
11:37:51.8214,724.3,281.2,fixation
11:37:51.8219,724.7,281.4,fixation
11:37:51.8224,724.9,281.2,fixation
11:37:51.8229,725.3,280.3,fixation
11:37:51.8234,725.5,279.7,fixation
11:37:51.8239,725.8,278.9,fixation
11:37:51.8244,726.8,278.8,fixation
11:37:51.8249,727.9,279.3,fixation
11:37:51.8254,728.9,279.8,fixation
11:37:51.8259,727.4,280.1,fixation
11:37:51.8264,726.0,279.7,fixation
11:37:51.8269,724.8,279.6,fixation
11:37:51.8274,725.6,280.8,fixation
11:37:51.8279,726.4,282.0,fixation
11:37:51.8284,727.1,282.7,fixation
11:37:51.8289,726.6,282.1,fixation
11:37:51.8294,726.1,281.3,fixation
11:37:51.8299,725.6,281.1,fixation
11:37:51.8304,725.8,281.0,fixation
11:37:51.8309,725.8,281.4,fixation
11:37:51.8314,725.8,281.7,fixation
11:37:51.8319,726.9,281.9,fixation
11:37:51.8324,727.9,281.9,fixation
11:37:51.8329,728.8,281.8,fixation
11:37:51.8334,729.2,281.6,fixation
11:37:51.8339,730.0,281.4,fixation
11:37:51.8344,730.6,281.4,fixation
11:37:51.8349,730.2,281.6,fixation
11:37:51.8354,729.6,282.3,fixation
11:37:51.8359,729.1,282.7,fixation
11:37:51.8364,729.4,282.3,fixation
11:37:51.8369,729.7,281.6,fixation
11:37:51.8374,731.5,280.8,fixation
11:37:51.8379,733.1,280.7,fixation
11:37:51.8384,734.9,282.3,fixation
11:37:51.8389,735.3,284.0,fixation
11:37:51.8394,734.0,285.5,fixation
11:37:51.8399,732.4,285.1,fixation
11:37:51.8404,729.7,284.4,fixation
11:37:51.8409,728.8,283.5,fixation
11:37:51.8414,728.0,281.9,fixation
11:37:51.8419,727.7,281.3,fixation
11:37:51.8424,726.9,280.8,fixation
11:37:51.8429,726.1,281.2,fixation
11:37:51.8434,726.3,281.0,fixation
11:37:51.8439,727.3,281.7,fixation
11:37:51.8444,728.5,283.5,fixation
11:37:51.8449,729.1,285.2,fixation
11:37:51.8454,729.5,286.0,fixation
11:37:51.8459,729.7,285.2,fixation
11:37:51.8464,729.8,284.5,fixation
11:37:51.8469,730.4,283.3,fixation
11:37:51.8474,730.2,282.7,fixation
11:37:51.8479,729.3,282.0,fixation
11:37:51.8484,728.2,282.3,fixation
11:37:51.8489,727.9,282.9,fixation
11:37:51.8494,729.5,283.5,fixation
11:37:51.8499,730.8,284.1,fixation
11:37:51.8504,730.5,284.3,fixation
11:37:51.8509,728.9,284.4,fixation
11:37:51.8514,726.6,284.4,fixation
11:37:51.8519,725.8,284.8,fixation
11:37:51.8524,726.6,285.1,fixation
11:37:51.8529,728.1,285.0,fixation
11:37:51.8534,729.5,284.7,fixation
11:37:51.8539,729.3,285.4,fixation
11:37:51.8544,729.3,286.3,fixation
11:37:51.8549,729.6,287.4,fixation
11:37:51.8554,730.0,287.5,fixation
11:37:51.8559,728.3,287.0,fixation
11:37:51.8564,726.5,286.3,fixation
11:37:51.8569,725.9,285.3,fixation
11:37:51.8574,727.2,284.9,fixation
11:37:51.8579,728.4,285.5,fixation
11:37:51.8584,728.3,286.3,fixation
11:37:51.8589,727.9,287.1,fixation
11:37:51.8594,727.6,287.2,fixation
11:37:51.8599,726.7,287.9,fixation
11:37:51.8604,726.2,288.5,fixation
11:37:51.8609,726.9,289.4,fixation
11:37:51.8614,728.1,289.6,fixation
11:37:51.8619,728.2,289.8,fixation
11:37:51.8624,727.1,289.8,fixation
11:37:51.8629,726.0,289.0,fixation
11:37:51.8634,726.2,287.8,fixation
11:37:51.8639,725.4,286.5,fixation
11:37:51.8644,724.6,286.2,fixation
11:37:51.8649,724.6,286.5,fixation
11:37:51.8654,725.8,286.8,fixation
11:37:51.8659,726.9,286.9,fixation
11:37:51.8664,727.0,286.8,fixation
11:37:51.8669,726.9,286.5,fixation
11:37:51.8674,726.8,286.0,fixation
11:37:51.8679,727.1,285.8,fixation
11:37:51.8684,727.3,285.9,fixation
11:37:51.8689,727.6,284.0,fixation
11:37:51.8694,727.9,281.9,fixation
11:37:51.8699,728.1,279.7,fixation
11:37:51.8704,727.9,281.1,fixation
11:37:51.8709,727.5,282.5,fixation
11:37:51.8714,726.1,282.8,fixation
11:37:51.8719,724.9,281.8,fixation
11:37:51.8724,724.8,283.5,fixation
11:37:51.8729,725.7,286.2,fixation
11:37:51.8734,726.2,287.9,fixation
11:37:51.8739,725.8,286.6,fixation
11:37:51.8744,725.4,284.9,fixation
11:37:51.8749,725.6,284.4,fixation
11:37:51.8754,725.8,284.0,fixation
11:37:51.8759,725.8,283.8,fixation
11:37:51.8764,725.9,284.0,fixation
11:37:51.8769,726.0,284.0,fixation
11:37:51.8774,726.1,283.7,fixation
11:37:51.8779,726.1,283.0,fixation
11:37:51.8784,726.0,283.4,fixation
11:37:51.8789,725.8,284.3,fixation
11:37:51.8794,725.5,285.3,fixation
11:37:51.8799,725.8,285.1,fixation
11:37:51.8804,726.2,284.8,fixation
11:37:51.8809,726.8,284.5,fixation
11:37:51.8814,727.0,284.3,fixation
11:37:51.8819,727.3,283.3,fixation
11:37:51.8824,727.6,282.3,fixation
11:37:51.8829,727.8,280.9,fixation
11:37:51.8834,727.0,280.1,fixation
11:37:51.8839,726.0,278.5,fixation
11:37:51.8844,724.7,277.7,fixation
11:37:51.8849,724.5,277.1,fixation
11:37:51.8854,723.8,277.2,fixation
11:37:51.8859,723.5,277.9,fixation
11:37:51.8864,723.4,280.7,fixation
11:37:51.8869,724.1,283.6,fixation
11:37:51.8874,724.4,285.9,fixation
11:37:51.8879,724.7,286.0,fixation
11:37:51.8884,724.7,285.4,fixation
11:37:51.8889,724.6,284.8,fixation
11:37:51.8894,724.3,284.4,fixation
11:37:51.8899,724.2,284.6,fixation
11:37:51.8904,724.1,284.8,fixation
11:37:51.8909,724.1,285.8,fixation
11:37:51.8914,723.8,286.7,fixation
11:37:51.8919,723.6,288.1,fixation
11:37:51.8924,723.6,288.6,fixation
11:37:51.8929,724.5,289.1,fixation
11:37:51.8934,725.3,289.1,fixation
11:37:51.8939,725.9,289.2,fixation
11:37:51.8944,726.5,288.7,fixation
11:37:51.8949,727.1,288.2,fixation
11:37:51.8954,727.8,287.6,fixation
11:37:51.8959,727.0,287.6,fixation
11:37:51.8964,726.1,288.2,fixation
11:37:51.8969,725.1,288.8,fixation
11:37:51.8974,725.0,289.7,fixation
11:37:51.8979,725.0,290.1,fixation
11:37:51.8984,725.0,290.5,fixation
11:37:51.8989,724.9,290.3,fixation
11:37:51.8994,724.7,289.9,fixation
11:37:51.8999,724.6,288.7,fixation
11:37:51.9004,724.6,288.3,fixation
11:37:51.9009,724.9,288.2,fixation
11:37:51.9014,725.0,288.8,fixation
11:37:51.9019,724.9,289.4,fixation
11:37:51.9024,724.7,290.0,fixation
11:37:51.9029,724.5,290.7,fixation
11:37:51.9034,724.4,291.2,fixation
11:37:51.9039,724.4,291.4,fixation
11:37:51.9044,724.5,291.4,fixation
11:37:51.9049,724.4,291.3,fixation
11:37:51.9054,724.1,291.1,fixation
11:37:51.9059,723.9,290.9,fixation
11:37:51.9064,724.8,291.5,fixation
11:37:51.9069,725.9,293.2,fixation
11:37:51.9074,727.1,295.0,fixation
11:37:51.9079,727.4,295.4,fixation
11:37:51.9084,727.5,294.0,fixation
11:37:51.9089,727.6,292.6,fixation
11:37:51.9094,727.5,292.2,fixation
11:37:51.9099,727.4,292.5,fixation
11:37:51.9104,727.6,292.8,fixation
11:37:51.9109,727.9,292.8,fixation
11:37:51.9114,728.2,293.1,fixation
11:37:51.9119,727.1,293.6,fixation
11:37:51.9124,725.9,294.1,fixation
11:37:51.9129,725.1,294.0,fixation
11:37:51.9134,725.9,293.8,fixation
11:37:51.9139,726.8,293.7,fixation
11:37:51.9144,727.4,294.1,fixation
11:37:51.9149,727.5,294.4,fixation
11:37:51.9154,727.5,294.6,fixation
11:37:51.9159,726.8,294.7,fixation
11:37:51.9164,726.1,294.7,fixation
11:37:51.9169,726.1,295.6,fixation
11:37:51.9174,727.0,297.4,fixation
11:37:51.9179,727.0,299.1,fixation
11:37:51.9184,726.4,299.8,fixation
11:37:51.9189,726.9,299.6,fixation
11:37:51.9194,729.1,300.3,fixation
11:37:51.9199,731.3,301.0,fixation
11:37:51.9204,731.8,301.8,fixation
11:37:51.9209,731.5,301.8,fixation
11:37:51.9214,731.6,301.9,fixation
11:37:51.9219,732.0,301.2,fixation
11:37:51.9224,732.1,300.5,fixation
11:37:51.9229,732.0,298.7,saccade
11:37:51.9234,732.2,297.6,saccade
11:37:51.9239,732.2,296.4,saccade
11:37:51.9244,731.6,296.8,saccade
11:37:51.9249,731.0,297.7,saccade
11:37:51.9254,730.3,299.8,saccade
11:37:51.9259,730.1,302.2,saccade
11:37:51.9264,729.6,304.2,saccade
11:37:51.9269,729.3,305.0,saccade
11:37:51.9274,729.0,305.0,saccade
11:37:51.9279,727.7,305.3,saccade
11:37:51.9284,726.2,305.6,saccade
11:37:51.9289,723.9,306.3,saccade
11:37:51.9294,722.9,306.9,saccade
11:37:51.9299,723.3,311.3,saccade
11:37:51.9304,724.8,316.3,saccade
11:37:51.9309,726.0,324.9,saccade
11:37:51.9314,725.5,332.7,saccade
11:37:51.9319,725.1,339.1,saccade
11:37:51.9324,725.0,341.4,saccade
11:37:51.9329,727.2,350.6,saccade
11:37:51.9334,728.8,366.2,saccade
11:37:51.9339,731.8,400.4,saccade
11:37:51.9344,735.9,427.8,saccade
11:37:51.9349,739.1,467.7,saccade
11:37:51.9354,742.4,489.1,saccade
11:37:51.9359,747.2,555.1,saccade
11:37:51.9364,749.8,662.1,saccade
11:37:51.9369,734.9,767.2,saccade
11:37:51.9374,711.6,839.4,saccade
11:37:51.9379,.,.,blink
11:37:51.9384,.,.,blink
11:37:51.9389,.,.,blink
11:37:51.9394,.,.,blink
11:37:51.9399,.,.,blink
11:37:51.9404,.,.,blink
11:37:51.9409,.,.,blink
11:37:51.9414,.,.,blink
11:37:51.9419,.,.,blink
11:37:51.9424,.,.,blink
11:37:51.9429,.,.,blink
11:37:51.9434,.,.,blink
11:37:51.9439,.,.,blink
11:37:51.9444,.,.,blink
11:37:51.9449,.,.,blink
11:37:51.9454,.,.,blink
11:37:51.9459,.,.,blink
11:37:51.9464,.,.,blink
11:37:51.9469,.,.,blink
11:37:51.9474,.,.,blink
11:37:51.9479,.,.,blink
11:37:51.9484,.,.,blink
11:37:51.9489,.,.,blink
11:37:51.9494,.,.,blink
11:37:51.9499,.,.,blink
11:37:51.9504,.,.,blink
11:37:51.9509,.,.,blink
11:37:51.9514,.,.,blink
11:37:51.9519,.,.,blink
11:37:51.9524,.,.,blink
11:37:51.9529,.,.,blink
11:37:51.9534,.,.,blink
11:37:51.9539,.,.,blink
11:37:51.9544,.,.,blink
11:37:51.9549,.,.,blink
11:37:51.9554,.,.,blink
11:37:51.9559,.,.,blink
11:37:51.9564,.,.,blink
11:37:51.9569,.,.,blink
11:37:51.9574,.,.,blink
11:37:51.9579,.,.,blink
11:37:51.9584,.,.,blink
11:37:51.9589,.,.,blink
11:37:51.9594,.,.,blink
11:37:51.9599,.,.,blink
11:37:51.9604,.,.,blink
11:37:51.9609,.,.,blink
11:37:51.9614,.,.,blink
11:37:51.9619,.,.,blink
11:37:51.9624,.,.,blink
11:37:51.9629,.,.,blink
11:37:51.9634,.,.,blink
11:37:51.9639,.,.,blink
11:37:51.9644,.,.,blink
11:37:51.9649,.,.,blink
11:37:51.9654,.,.,blink
11:37:51.9659,.,.,blink
11:37:51.9664,.,.,blink
11:37:51.9669,.,.,blink
11:37:51.9674,.,.,blink
11:37:51.9679,.,.,blink
11:37:51.9684,.,.,blink
11:37:51.9689,.,.,blink
11:37:51.9694,.,.,blink
11:37:51.9699,.,.,blink
11:37:51.9704,.,.,blink
11:37:51.9709,.,.,blink
11:37:51.9714,.,.,blink
11:37:51.9719,.,.,blink
11:37:51.9724,.,.,blink
11:37:51.9729,.,.,blink
11:37:51.9734,.,.,blink
11:37:51.9739,.,.,blink
11:37:51.9744,.,.,blink
11:37:51.9749,.,.,blink
11:37:51.9754,.,.,blink
11:37:51.9759,.,.,blink
11:37:51.9764,.,.,blink
11:37:51.9769,.,.,blink
11:37:51.9774,.,.,blink
11:37:51.9779,.,.,blink
11:37:51.9784,.,.,blink
11:37:51.9789,.,.,blink
11:37:51.9794,.,.,blink
11:37:51.9799,.,.,blink
11:37:51.9804,.,.,blink
11:37:51.9809,.,.,blink
11:37:51.9814,.,.,blink
11:37:51.9819,.,.,blink
11:37:51.9824,.,.,blink
11:37:51.9829,.,.,blink
11:37:51.9834,.,.,blink
11:37:51.9839,.,.,blink
11:37:51.9844,.,.,blink
11:37:51.9849,.,.,blink
11:37:51.9854,.,.,blink
11:37:51.9859,.,.,blink
11:37:51.9864,.,.,blink
11:37:51.9869,.,.,blink
11:37:51.9874,.,.,blink
11:37:51.9879,.,.,blink
11:37:51.9884,.,.,blink
11:37:51.9889,.,.,blink
11:37:51.9894,.,.,blink
11:37:51.9899,.,.,blink
11:37:51.9904,.,.,blink
11:37:51.9909,.,.,blink
11:37:51.9914,.,.,blink
11:37:51.9919,.,.,blink
11:37:51.9924,.,.,blink
11:37:51.9929,.,.,blink
11:37:51.9934,.,.,blink
11:37:51.9939,.,.,blink
11:37:51.9944,.,.,blink
11:37:51.9949,.,.,blink
11:37:51.9954,.,.,blink
11:37:51.9959,.,.,blink
11:37:51.9964,.,.,blink
11:37:51.9969,.,.,blink
11:37:51.9974,.,.,blink
11:37:51.9979,.,.,blink
11:37:51.9984,.,.,blink
11:37:51.9989,.,.,blink
11:37:51.9994,.,.,blink
11:37:51.9999,.,.,blink
11:37:52.0004,.,.,blink
11:37:52.0009,.,.,blink
11:37:52.0014,.,.,blink
11:37:52.0019,.,.,blink
11:37:52.0024,.,.,blink
11:37:52.0029,.,.,blink
11:37:52.0034,.,.,blink
11:37:52.0039,.,.,blink
11:37:52.0044,.,.,blink
11:37:52.0049,.,.,blink
11:37:52.0054,.,.,blink
11:37:52.0059,.,.,blink
11:37:52.0064,.,.,blink
11:37:52.0069,.,.,blink
11:37:52.0074,.,.,blink
11:37:52.0079,.,.,blink
11:37:52.0084,.,.,blink
11:37:52.0089,.,.,blink
11:37:52.0094,.,.,blink
11:37:52.0099,.,.,blink
11:37:52.0104,.,.,blink
11:37:52.0109,.,.,blink
11:37:52.0114,.,.,blink
11:37:52.0119,.,.,blink
11:37:52.0124,.,.,blink
11:37:52.0129,.,.,blink
11:37:52.0134,.,.,blink
11:37:52.0139,.,.,blink
11:37:52.0144,.,.,blink
11:37:52.0149,.,.,blink
11:37:52.0154,.,.,blink
11:37:52.0159,.,.,blink
11:37:52.0164,.,.,blink
11:37:52.0169,.,.,blink
11:37:52.0174,.,.,blink
11:37:52.0179,.,.,blink
11:37:52.0184,.,.,blink
11:37:52.0189,.,.,blink
11:37:52.0194,.,.,blink
11:37:52.0199,.,.,blink
11:37:52.0204,.,.,blink
11:37:52.0209,.,.,blink
11:37:52.0214,.,.,blink
11:37:52.0219,.,.,blink
11:37:52.0224,.,.,blink
11:37:52.0229,.,.,blink
11:37:52.0234,.,.,blink
11:37:52.0239,.,.,blink
11:37:52.0244,.,.,blink
11:37:52.0249,.,.,blink
11:37:52.0254,.,.,blink
11:37:52.0259,.,.,blink
11:37:52.0264,.,.,blink
11:37:52.0269,.,.,blink
11:37:52.0274,.,.,blink
11:37:52.0279,.,.,blink
11:37:52.0284,.,.,blink
11:37:52.0289,.,.,blink
11:37:52.0294,.,.,blink
11:37:52.0299,.,.,blink
11:37:52.0304,.,.,blink
11:37:52.0309,.,.,blink
11:37:52.0314,.,.,blink
11:37:52.0319,.,.,blink
11:37:52.0324,.,.,blink
11:37:52.0329,.,.,blink
11:37:52.0334,.,.,blink
11:37:52.0339,.,.,blink
11:37:52.0344,.,.,blink
11:37:52.0349,.,.,blink
11:37:52.0354,.,.,blink
11:37:52.0359,.,.,blink
11:37:52.0364,.,.,blink
11:37:52.0369,.,.,blink
11:37:52.0374,734.2,277.0,fixation
11:37:52.0379,734.2,279.5,fixation
11:37:52.0384,734.3,281.7,fixation
11:37:52.0389,734.5,283.4,fixation
11:37:52.0394,734.6,284.3,fixation
11:37:52.0399,734.6,284.9,fixation
11:37:52.0404,733.2,285.1,fixation
11:37:52.0409,731.6,284.7,fixation
11:37:52.0414,732.0,284.5,fixation
11:37:52.0419,734.2,282.3,fixation
11:37:52.0424,736.1,280.2,fixation
11:37:52.0429,736.0,278.3,fixation
11:37:52.0434,736.0,278.7,fixation
11:37:52.0439,736.3,278.6,fixation
11:37:52.0444,735.4,277.7,fixation
11:37:52.0449,734.4,276.5,fixation
11:37:52.0454,734.1,275.9,fixation
11:37:52.0459,736.3,275.7,fixation
11:37:52.0464,738.4,275.9,fixation
11:37:52.0469,739.8,276.6,fixation
11:37:52.0474,739.8,277.2,fixation
11:37:52.0479,738.9,278.1,fixation
11:37:52.0484,738.0,278.8,fixation
11:37:52.0489,737.1,279.4,fixation
11:37:52.0494,737.1,280.7,fixation
11:37:52.0499,737.8,282.3,fixation
11:37:52.0504,738.8,284.0,fixation
11:37:52.0509,739.9,284.7,fixation
11:37:52.0514,740.0,284.7,fixation
11:37:52.0519,739.9,285.1,fixation
11:37:52.0524,739.6,286.9,fixation
11:37:52.0529,738.6,288.7,fixation
11:37:52.0534,737.7,287.4,fixation
11:37:52.0539,737.6,284.6,fixation
11:37:52.0544,738.6,281.9,fixation
11:37:52.0549,739.0,281.7,fixation
11:37:52.0554,738.6,281.8,fixation
11:37:52.0559,738.6,282.2,fixation
11:37:52.0564,738.8,283.0,fixation
11:37:52.0569,739.1,283.8,fixation
11:37:52.0574,738.2,284.3,fixation
11:37:52.0579,737.4,284.0,fixation
11:37:52.0584,736.3,282.5,fixation
11:37:52.0589,736.1,281.1,fixation
11:37:52.0594,738.0,281.9,fixation
11:37:52.0599,740.0,284.1,fixation
11:37:52.0604,742.0,286.3,fixation
11:37:52.0609,741.7,286.7,fixation
11:37:52.0614,741.1,286.6,fixation
11:37:52.0619,740.0,287.0,fixation
11:37:52.0624,739.1,287.3,fixation
11:37:52.0629,738.6,288.0,fixation
11:37:52.0634,738.8,288.3,fixation
11:37:52.0639,738.9,288.6,fixation
11:37:52.0644,739.2,288.0,fixation
11:37:52.0649,739.1,287.3,fixation
11:37:52.0654,738.9,286.6,fixation
11:37:52.0659,738.5,288.4,fixation
11:37:52.0664,738.3,290.2,fixation
11:37:52.0669,737.8,290.3,fixation
11:37:52.0674,737.6,288.6,fixation
11:37:52.0679,737.1,287.3,fixation
11:37:52.0684,736.9,287.5,fixation
11:37:52.0689,737.7,287.7,fixation
11:37:52.0694,738.4,287.9,fixation
11:37:52.0699,739.0,288.6,fixation
11:37:52.0704,738.7,290.5,fixation
11:37:52.0709,738.8,292.2,fixation
11:37:52.0714,739.0,292.9,fixation
11:37:52.0719,739.1,291.5,fixation
11:37:52.0724,739.4,290.2,fixation
11:37:52.0729,739.5,289.7,fixation
11:37:52.0734,739.6,289.9,fixation
11:37:52.0739,739.4,290.0,fixation
11:37:52.0744,739.0,291.4,fixation
11:37:52.0749,738.6,292.8,fixation
11:37:52.0754,738.4,292.7,fixation
11:37:52.0759,738.1,291.2,fixation
11:37:52.0764,737.8,290.4,fixation
11:37:52.0769,737.3,291.1,fixation
11:37:52.0774,736.9,292.0,fixation
11:37:52.0779,736.5,292.2,fixation
11:37:52.0784,736.2,292.5,fixation
11:37:52.0789,736.2,292.5,fixation
11:37:52.0794,736.1,292.2,fixation
11:37:52.0799,735.7,291.7,fixation
11:37:52.0804,734.8,289.3,fixation
11:37:52.0809,734.4,287.2,fixation
11:37:52.0814,734.5,285.3,fixation
11:37:52.0819,735.0,285.7,fixation
11:37:52.0824,735.4,286.3,fixation
11:37:52.0829,735.5,287.8,fixation
11:37:52.0834,735.5,289.2,fixation
11:37:52.0839,735.4,290.4,fixation
11:37:52.0844,735.2,289.4,fixation
11:37:52.0849,735.2,288.0,fixation
11:37:52.0854,735.2,286.1,fixation
11:37:52.0859,735.6,285.6,fixation
11:37:52.0864,736.2,286.7,fixation
11:37:52.0869,736.8,288.5,fixation
11:37:52.0874,735.2,288.5,fixation
11:37:52.0879,734.0,286.9,fixation
11:37:52.0884,732.9,285.4,fixation
11:37:52.0889,732.5,285.2,fixation
11:37:52.0894,731.4,284.8,fixation
11:37:52.0899,730.5,282.8,fixation
11:37:52.0904,730.9,281.2,fixation
11:37:52.0909,731.4,281.4,fixation
11:37:52.0914,731.8,283.1,fixation
11:37:52.0919,732.1,285.1,fixation
11:37:52.0924,732.2,285.9,fixation
11:37:52.0929,731.0,286.7,fixation
