TimeStamp,X,Y,Event
11:32:56.7626,460.6,288.9,fixation
11:32:56.7631,460.5,289.5,fixation
11:32:56.7636,461.6,290.3,fixation
11:32:56.7641,461.8,290.7,fixation
11:32:56.7646,460.7,292.0,fixation
11:32:56.7651,459.5,293.2,fixation
11:32:56.7656,458.0,294.2,fixation
11:32:56.7661,456.6,293.9,fixation
11:32:56.7666,456.6,293.7,fixation
11:32:56.7671,458.0,293.6,fixation
11:32:56.7676,459.4,293.7,fixation
11:32:56.7681,459.3,293.6,fixation
11:32:56.7686,459.0,293.3,fixation
11:32:56.7691,458.3,293.0,fixation
11:32:56.7696,457.4,293.3,fixation
11:32:56.7701,456.6,293.8,fixation
11:32:56.7706,457.1,292.9,fixation
11:32:56.7711,457.9,291.5,fixation
11:32:56.7716,458.9,290.3,fixation
11:32:56.7721,459.4,290.7,fixation
11:32:56.7726,460.4,291.5,fixation
11:32:56.7731,461.0,292.1,fixation
11:32:56.7736,461.4,292.6,fixation
11:32:56.7741,460.1,292.6,fixation
11:32:56.7746,457.7,292.5,fixation
11:32:56.7751,455.3,292.3,fixation
11:32:56.7756,454.2,293.6,fixation
11:32:56.7761,454.7,294.7,fixation
11:32:56.7766,455.3,295.8,fixation
11:32:56.7771,456.8,295.6,fixation
11:32:56.7776,457.8,294.8,fixation
11:32:56.7781,458.6,293.9,fixation
11:32:56.7786,457.5,293.1,fixation
11:32:56.7791,456.7,293.4,fixation
11:32:56.7796,456.0,293.7,fixation
11:32:56.7801,456.4,293.5,fixation
11:32:56.7806,457.0,293.0,fixation
11:32:56.7811,457.5,292.9,fixation
11:32:56.7816,458.4,293.4,fixation
11:32:56.7821,458.5,294.2,fixation
11:32:56.7826,458.5,294.7,fixation
11:32:56.7831,457.8,294.2,fixation
11:32:56.7836,456.7,293.6,fixation
11:32:56.7841,455.6,292.8,fixation
11:32:56.7846,456.1,292.6,fixation
11:32:56.7851,457.2,292.7,fixation
11:32:56.7856,457.8,292.9,fixation
11:32:56.7861,457.3,293.2,fixation
11:32:56.7866,457.5,295.6,fixation
11:32:56.7871,458.2,298.1,fixation
11:32:56.7876,458.3,300.4,fixation
11:32:56.7881,457.8,299.8,fixation
11:32:56.7886,457.4,299.1,fixation
11:32:56.7891,457.6,298.5,fixation
11:32:56.7896,458.1,299.0,fixation
11:32:56.7901,458.5,299.9,fixation
11:32:56.7906,458.9,300.7,fixation
11:32:56.7911,459.0,299.5,fixation
11:32:56.7916,459.5,298.1,fixation
11:32:56.7921,460.4,296.7,fixation
11:32:56.7926,461.1,297.1,fixation
11:32:56.7931,461.3,297.1,fixation
11:32:56.7936,461.0,297.1,fixation
11:32:56.7941,460.7,296.8,fixation
11:32:56.7946,460.9,296.4,fixation
11:32:56.7951,461.3,295.3,fixation
11:32:56.7956,461.8,294.6,fixation
11:32:56.7961,461.9,294.0,fixation
11:32:56.7966,462.0,294.1,fixation
11:32:56.7971,462.8,295.2,fixation
11:32:56.7976,463.6,296.3,fixation
11:32:56.7981,464.2,297.2,fixation
11:32:56.7986,464.0,297.0,fixation
11:32:56.7991,465.6,298.1,fixation
11:32:56.7996,467.4,299.1,fixation
11:32:56.8001,468.4,299.9,fixation
11:32:56.8006,467.5,300.7,fixation
11:32:56.8011,466.5,301.8,fixation
11:32:56.8016,466.2,303.1,fixation
11:32:56.8021,466.1,303.4,fixation
11:32:56.8026,465.9,303.3,fixation
11:32:56.8031,464.7,303.1,fixation
11:32:56.8036,463.5,302.9,fixation
11:32:56.8041,462.4,302.8,fixation
11:32:56.8046,462.5,302.2,fixation
11:32:56.8051,463.4,301.6,fixation
11:32:56.8056,464.3,301.2,fixation
11:32:56.8061,465.3,301.2,fixation
11:32:56.8066,466.0,301.2,fixation
11:32:56.8071,466.7,301.0,fixation
11:32:56.8076,466.5,300.5,fixation
11:32:56.8081,465.5,300.0,fixation
11:32:56.8086,464.3,299.7,fixation
11:32:56.8091,463.2,299.3,fixation
11:32:56.8096,462.2,298.6,fixation
11:32:56.8101,461.3,298.6,fixation
11:32:56.8106,462.8,299.2,fixation
11:32:56.8111,464.4,300.1,fixation
11:32:56.8116,464.8,299.2,fixation
11:32:56.8121,462.1,295.9,fixation
11:32:56.8126,459.0,292.7,fixation
11:32:56.8131,457.3,291.0,fixation
11:32:56.8136,456.9,291.8,fixation
11:32:56.8141,456.8,293.1,fixation
11:32:56.8146,457.3,293.8,fixation
11:32:56.8151,457.9,293.9,fixation
11:32:56.8156,458.1,293.8,fixation
11:32:56.8161,457.4,294.0,fixation
11:32:56.8166,456.5,294.5,fixation
11:32:56.8171,455.9,294.9,fixation
11:32:56.8176,456.9,295.2,fixation
11:32:56.8181,458.2,295.3,fixation
11:32:56.8186,458.4,295.0,fixation
11:32:56.8191,457.3,294.3,fixation
11:32:56.8196,457.4,293.7,fixation
11:32:56.8201,458.7,293.7,fixation
11:32:56.8206,459.4,294.1,fixation
11:32:56.8211,458.9,294.1,fixation
11:32:56.8216,458.5,293.9,fixation
11:32:56.8221,458.5,294.2,fixation
11:32:56.8226,458.5,295.6,fixation
11:32:56.8231,458.6,297.1,fixation
11:32:56.8236,458.6,297.5,fixation
11:32:56.8241,458.5,297.2,fixation
11:32:56.8246,458.4,296.1,fixation
11:32:56.8251,458.2,295.1,fixation
11:32:56.8256,458.2,295.2,fixation
11:32:56.8261,458.4,296.5,fixation
11:32:56.8266,458.8,297.1,fixation
11:32:56.8271,459.1,296.4,fixation
11:32:56.8276,459.7,294.0,fixation
11:32:56.8281,460.3,292.2,fixation
11:32:56.8286,461.7,293.4,fixation
11:32:56.8291,462.8,295.8,fixation
11:32:56.8296,463.5,295.5,fixation
11:32:56.8301,463.3,292.7,fixation
11:32:56.8306,462.9,290.9,fixation
11:32:56.8311,462.6,291.9,fixation
11:32:56.8316,462.4,292.8,fixation
11:32:56.8321,461.8,292.4,fixation
11:32:56.8326,461.4,292.0,fixation
11:32:56.8331,460.9,292.7,fixation
11:32:56.8336,460.6,293.8,fixation
11:32:56.8341,460.3,294.9,fixation
11:32:56.8346,461.6,295.2,fixation
11:32:56.8351,463.1,295.5,fixation
11:32:56.8356,463.6,295.1,fixation
11:32:56.8361,462.5,293.9,fixation
11:32:56.8366,461.3,292.7,fixation
11:32:56.8371,461.7,292.3,fixation
11:32:56.8376,462.0,292.5,fixation
11:32:56.8381,461.7,292.8,fixation
11:32:56.8386,461.0,293.2,fixation
11:32:56.8391,461.7,293.7,fixation
11:32:56.8396,463.1,294.1,fixation
11:32:56.8401,464.6,292.6,fixation
11:32:56.8406,464.6,291.1,fixation
11:32:56.8411,464.3,291.9,fixation
11:32:56.8416,464.0,294.4,fixation
11:32:56.8421,463.7,297.0,fixation
11:32:56.8426,463.6,297.4,fixation
11:32:56.8431,463.9,297.9,fixation
11:32:56.8436,464.5,298.6,fixation
11:32:56.8441,465.1,299.2,fixation
11:32:56.8446,465.0,299.0,fixation
11:32:56.8451,464.7,298.3,fixation
11:32:56.8456,464.4,297.7,fixation
11:32:56.8461,462.9,297.4,fixation
11:32:56.8466,461.5,297.5,fixation
11:32:56.8471,461.0,297.5,fixation
11:32:56.8476,462.0,297.6,fixation
11:32:56.8481,463.3,297.6,fixation
11:32:56.8486,463.6,297.6,fixation
11:32:56.8491,463.8,297.4,fixation
11:32:56.8496,462.7,297.2,fixation
11:32:56.8501,461.7,296.9,fixation
11:32:56.8506,461.1,298.1,fixation
11:32:56.8511,461.5,299.5,fixation
11:32:56.8516,461.2,298.5,fixation
11:32:56.8521,460.6,296.2,fixation
11:32:56.8526,460.2,295.2,fixation
11:32:56.8531,460.4,295.7,fixation
11:32:56.8536,461.0,296.3,fixation
11:32:56.8541,461.4,295.6,fixation
11:32:56.8546,461.7,296.2,fixation
11:32:56.8551,461.7,297.4,fixation
11:32:56.8556,460.4,298.5,fixation
11:32:56.8561,459.2,299.0,fixation
11:32:56.8566,457.5,298.9,fixation
11:32:56.8571,457.0,299.3,fixation
11:32:56.8576,456.3,299.6,fixation
11:32:56.8581,456.0,299.9,fixation
11:32:56.8586,457.0,299.9,fixation
11:32:56.8591,459.3,300.0,fixation
11:32:56.8596,461.6,300.1,fixation
11:32:56.8601,462.1,300.3,fixation
11:32:56.8606,460.8,300.3,fixation
11:32:56.8611,459.5,300.6,fixation
11:32:56.8616,458.7,300.8,fixation
11:32:56.8621,458.5,301.8,fixation
11:32:56.8626,459.9,302.8,fixation
11:32:56.8631,461.5,302.2,fixation
11:32:56.8636,463.1,301.1,fixation
11:32:56.8641,463.3,299.9,fixation
11:32:56.8646,462.8,300.2,fixation
11:32:56.8651,461.5,300.5,fixation
11:32:56.8656,460.2,301.0,fixation
11:32:56.8661,459.5,301.6,fixation
11:32:56.8666,458.8,301.4,fixation
11:32:56.8671,458.3,300.5,fixation
11:32:56.8676,457.7,299.9,fixation
11:32:56.8681,457.4,299.8,fixation
11:32:56.8686,457.1,300.3,fixation
11:32:56.8691,457.2,300.4,fixation
11:32:56.8696,458.8,299.5,fixation
11:32:56.8701,460.3,298.5,fixation
11:32:56.8706,460.9,297.5,fixation
11:32:56.8711,460.0,297.4,fixation
11:32:56.8716,459.6,297.3,fixation
11:32:56.8721,459.7,297.4,fixation
11:32:56.8726,458.7,297.2,fixation
11:32:56.8731,457.2,296.7,fixation
11:32:56.8736,455.8,295.1,fixation
11:32:56.8741,457.1,294.0,fixation
11:32:56.8746,458.6,293.6,fixation
11:32:56.8751,460.2,295.1,fixation
11:32:56.8756,460.3,296.6,fixation
11:32:56.8761,460.5,298.3,fixation
11:32:56.8766,460.7,299.5,fixation
11:32:56.8771,460.8,300.8,fixation
11:32:56.8776,461.5,299.0,fixation
11:32:56.8781,462.0,296.6,fixation
11:32:56.8786,461.5,294.2,fixation
11:32:56.8791,460.2,297.5,fixation
11:32:56.8796,458.9,300.9,fixation
11:32:56.8801,458.6,304.5,fixation
11:32:56.8806,459.3,304.7,fixation
11:32:56.8811,459.9,304.0,fixation
11:32:56.8816,460.4,303.0,fixation
11:32:56.8821,459.7,301.3,fixation
11:32:56.8826,459.3,299.2,fixation
11:32:56.8831,459.7,297.0,fixation
11:32:56.8836,460.7,296.1,fixation
11:32:56.8841,462.2,297.1,fixation
11:32:56.8846,462.8,298.0,fixation
11:32:56.8851,462.9,299.7,fixation
11:32:56.8856,462.4,300.8,fixation
11:32:56.8861,462.0,300.2,fixation
11:32:56.8866,462.0,298.6,fixation
11:32:56.8871,462.0,296.6,fixation
11:32:56.8876,462.1,296.2,fixation
11:32:56.8881,462.2,296.8,fixation
11:32:56.8886,462.3,297.7,fixation
11:32:56.8891,462.2,298.6,fixation
11:32:56.8896,462.1,298.7,fixation
11:32:56.8901,462.0,298.9,fixation
11:32:56.8906,463.7,299.1,fixation
11:32:56.8911,465.6,297.9,fixation
11:32:56.8916,465.6,296.5,fixation
11:32:56.8921,463.8,296.3,fixation
11:32:56.8926,462.2,297.4,fixation
11:32:56.8931,462.9,297.8,fixation
11:32:56.8936,463.5,296.9,fixation
11:32:56.8941,463.7,296.3,fixation
11:32:56.8946,463.4,296.5,fixation
11:32:56.8951,463.3,296.5,fixation
11:32:56.8956,463.3,296.3,fixation
11:32:56.8961,463.3,296.1,fixation
11:32:56.8966,463.6,295.9,fixation
11:32:56.8971,463.9,295.8,fixation
11:32:56.8976,464.3,295.8,fixation
11:32:56.8981,465.4,295.9,fixation
11:32:56.8986,466.4,295.8,fixation
11:32:56.8991,466.7,295.5,fixation
11:32:56.8996,466.1,295.4,fixation
11:32:56.9001,465.6,295.7,fixation
11:32:56.9006,465.9,296.8,fixation
11:32:56.9011,465.9,297.7,fixation
11:32:56.9016,465.9,297.2,fixation
11:32:56.9021,466.0,295.4,fixation
11:32:56.9026,466.1,293.4,fixation
11:32:56.9031,465.8,292.8,fixation
11:32:56.9036,465.5,293.0,fixation
11:32:56.9041,465.3,293.2,fixation
11:32:56.9046,465.6,293.4,fixation
11:32:56.9051,466.3,294.1,fixation
11:32:56.9056,466.7,295.8,fixation
11:32:56.9061,466.9,297.5,fixation
11:32:56.9066,466.8,298.3,fixation
11:32:56.9071,467.0,298.2,fixation
11:32:56.9076,467.1,298.0,fixation
11:32:56.9081,467.2,296.7,fixation
11:32:56.9086,466.6,293.8,fixation
11:32:56.9091,466.0,291.1,fixation
11:32:56.9096,465.4,290.8,fixation
11:32:56.9101,465.5,292.2,fixation
11:32:56.9106,465.2,293.6,fixation
11:32:56.9111,465.0,293.5,fixation
11:32:56.9116,465.1,293.2,fixation
11:32:56.9121,465.7,292.6,fixation
11:32:56.9126,466.6,293.0,fixation
11:32:56.9131,467.0,294.3,fixation
11:32:56.9136,467.1,296.0,fixation
11:32:56.9141,465.8,295.9,fixation
11:32:56.9146,464.7,294.9,fixation
11:32:56.9151,463.7,294.0,fixation
11:32:56.9156,463.7,292.3,fixation
11:32:56.9161,463.7,290.5,fixation
11:32:56.9166,464.3,289.6,fixation
11:32:56.9171,464.3,290.3,fixation
11:32:56.9176,464.3,291.4,fixation
11:32:56.9181,463.6,291.6,fixation
11:32:56.9186,463.8,290.5,fixation
11:32:56.9191,463.9,289.5,fixation
11:32:56.9196,464.6,288.8,fixation
11:32:56.9201,465.1,289.4,fixation
11:32:56.9206,465.1,287.9,fixation
11:32:56.9211,464.6,285.9,fixation
11:32:56.9216,464.1,283.9,fixation
11:32:56.9221,464.6,284.0,fixation
11:32:56.9226,465.2,284.4,fixation
11:32:56.9231,464.8,286.7,fixation
11:32:56.9236,464.0,288.7,fixation
11:32:56.9241,463.4,290.6,fixation
11:32:56.9246,463.7,289.8,fixation
11:32:56.9251,462.6,288.1,fixation
11:32:56.9256,461.4,286.4,fixation
11:32:56.9261,460.2,284.8,fixation
11:32:56.9266,460.2,284.2,fixation
11:32:56.9271,460.3,285.2,fixation
11:32:56.9276,460.2,288.5,fixation
11:32:56.9281,460.5,291.9,fixation
11:32:56.9286,461.0,293.7,fixation
11:32:56.9291,461.7,293.8,fixation
11:32:56.9296,462.1,294.0,fixation
11:32:56.9301,462.3,293.9,fixation
11:32:56.9306,462.5,294.0,fixation
11:32:56.9311,462.7,294.0,fixation
11:32:56.9316,462.6,293.7,fixation
11:32:56.9321,462.4,293.1,fixation
11:32:56.9326,462.3,292.5,fixation
11:32:56.9331,462.4,293.3,fixation
11:32:56.9336,462.8,294.5,fixation
11:32:56.9341,462.9,295.6,fixation
11:32:56.9346,462.6,294.4,fixation
11:32:56.9351,462.0,293.2,fixation
11:32:56.9356,461.6,291.9,fixation
11:32:56.9361,461.2,291.5,fixation
11:32:56.9366,461.0,291.1,fixation
11:32:56.9371,461.1,290.9,fixation
11:32:56.9376,461.8,290.8,fixation
11:32:56.9381,462.9,292.3,fixation
11:32:56.9386,463.9,293.7,fixation
11:32:56.9391,464.5,294.7,fixation
11:32:56.9396,463.2,294.2,fixation
11:32:56.9401,460.6,294.4,fixation
11:32:56.9406,458.0,295.0,fixation
11:32:56.9411,458.9,296.0,fixation
11:32:56.9416,460.7,296.3,fixation
11:32:56.9421,462.5,296.6,fixation
11:32:56.9426,460.8,294.1,fixation
11:32:56.9431,459.1,291.5,fixation
11:32:56.9436,457.4,288.8,fixation
11:32:56.9441,457.3,288.6,fixation
11:32:56.9446,458.0,288.7,fixation
11:32:56.9451,458.8,289.2,fixation
11:32:56.9456,459.6,289.8,fixation
11:32:56.9461,460.6,291.2,fixation
11:32:56.9466,461.5,293.7,fixation
11:32:56.9471,462.4,296.0,fixation
11:32:56.9476,463.2,296.1,fixation
11:32:56.9481,464.0,295.0,fixation
11:32:56.9486,463.9,294.0,fixation
11:32:56.9491,462.9,294.5,fixation
11:32:56.9496,461.9,294.8,fixation
11:32:56.9501,461.9,294.8,fixation
11:32:56.9506,460.8,294.5,fixation
11:32:56.9511,459.7,293.4,fixation
11:32:56.9516,459.4,292.6,fixation
11:32:56.9521,460.1,291.9,fixation
11:32:56.9526,459.7,291.2,fixation
11:32:56.9531,458.6,290.5,fixation
11:32:56.9536,458.3,289.8,fixation
11:32:56.9541,459.1,289.8,fixation
11:32:56.9546,459.9,289.7,fixation
11:32:56.9551,460.4,288.8,fixation
11:32:56.9556,461.4,287.4,fixation
11:32:56.9561,462.4,286.0,fixation
11:32:56.9566,462.5,285.8,fixation
11:32:56.9571,461.7,286.8,fixation
11:32:56.9576,460.5,288.4,fixation
11:32:56.9581,459.5,289.7,fixation
11:32:56.9586,458.4,290.6,fixation
11:32:56.9591,458.5,287.7,fixation
11:32:56.9596,459.3,284.5,fixation
11:32:56.9601,460.5,284.6,fixation
11:32:56.9606,460.1,287.8,fixation
11:32:56.9611,459.1,291.4,fixation
11:32:56.9616,459.2,292.1,fixation
11:32:56.9621,460.1,292.7,fixation
11:32:56.9626,460.6,292.9,fixation
11:32:56.9631,459.6,292.4,fixation
11:32:56.9636,459.0,291.9,fixation
11:32:56.9641,459.1,292.1,fixation
11:32:56.9646,460.0,292.7,fixation
11:32:56.9651,460.2,293.2,fixation
11:32:56.9656,459.9,293.1,fixation
11:32:56.9661,459.7,292.6,fixation
11:32:56.9666,459.9,292.9,fixation
11:32:56.9671,460.2,293.2,fixation
11:32:56.9676,460.6,293.0,fixation
11:32:56.9681,459.8,291.9,fixation
11:32:56.9686,459.0,290.8,fixation
11:32:56.9691,458.2,289.8,fixation
11:32:56.9696,458.3,288.8,fixation
11:32:56.9701,458.5,288.3,fixation
11:32:56.9706,458.4,288.7,fixation
11:32:56.9711,458.5,289.4,fixation
11:32:56.9716,458.6,289.6,fixation
11:32:56.9721,459.2,289.9,fixation
11:32:56.9726,459.8,289.6,fixation
11:32:56.9731,460.3,289.3,fixation
11:32:56.9736,460.7,288.6,fixation
11:32:56.9741,461.3,288.4,fixation
11:32:56.9746,461.8,288.9,fixation
11:32:56.9751,461.9,289.6,fixation
11:32:56.9756,461.8,291.4,fixation
11:32:56.9761,459.8,292.4,fixation
11:32:56.9766,457.8,293.5,fixation
11:32:56.9771,457.8,293.5,fixation
11:32:56.9776,459.5,291.5,fixation
11:32:56.9781,460.9,289.5,fixation
11:32:56.9786,460.1,289.3,fixation
11:32:56.9791,459.5,291.1,fixation
11:32:56.9796,460.2,293.0,fixation
11:32:56.9801,461.3,293.2,fixation
11:32:56.9806,462.0,291.7,fixation
11:32:56.9811,461.4,290.0,fixation
11:32:56.9816,460.9,288.2,fixation
11:32:56.9821,460.6,287.6,fixation
11:32:56.9826,460.6,287.2,fixation
11:32:56.9831,460.5,287.6,fixation
11:32:56.9836,459.4,288.7,fixation
11:32:56.9841,458.3,290.0,fixation
11:32:56.9846,458.6,290.5,fixation
11:32:56.9851,460.3,290.8,fixation
11:32:56.9856,461.9,291.3,fixation
11:32:56.9861,462.3,291.4,fixation
11:32:56.9866,462.1,291.0,fixation
11:32:56.9871,461.9,289.8,fixation
11:32:56.9876,461.8,289.0,fixation
11:32:56.9881,461.8,288.3,fixation
11:32:56.9886,461.5,288.2,fixation
11:32:56.9891,461.3,287.6,fixation
11:32:56.9896,461.7,287.2,fixation
11:32:56.9901,463.3,287.3,fixation
11:32:56.9906,464.8,288.7,fixation
11:32:56.9911,465.6,290.0,fixation
11:32:56.9916,465.4,290.3,fixation
11:32:56.9921,465.3,289.9,fixation
11:32:56.9926,465.0,290.5,fixation
11:32:56.9931,464.8,291.2,fixation
11:32:56.9936,464.6,291.9,fixation
11:32:56.9941,464.3,292.1,fixation
11:32:56.9946,463.9,292.6,fixation
11:32:56.9951,463.6,292.7,fixation
11:32:56.9956,463.6,292.0,fixation
11:32:56.9961,462.9,290.1,fixation
11:32:56.9966,462.4,288.7,fixation
11:32:56.9971,461.8,287.6,fixation
11:32:56.9976,462.6,288.0,fixation
11:32:56.9981,463.1,288.5,fixation
11:32:56.9986,463.7,288.9,fixation
11:32:56.9991,463.9,289.1,fixation
11:32:56.9996,463.9,288.8,fixation
11:32:57.0001,463.8,288.7,fixation
11:32:57.0006,463.5,288.1,fixation
11:32:57.0011,462.6,287.5,fixation
11:32:57.0016,461.6,287.0,fixation
11:32:57.0021,460.8,287.6,fixation
11:32:57.0026,461.3,289.3,fixation
11:32:57.0031,461.8,291.2,fixation
11:32:57.0036,462.0,292.2,fixation
11:32:57.0041,461.2,291.6,fixation
11:32:57.0046,460.4,290.9,fixation
11:32:57.0051,459.5,290.2,fixation
11:32:57.0056,459.2,290.7,fixation
11:32:57.0061,459.7,291.2,fixation
11:32:57.0066,461.0,289.5,fixation
11:32:57.0071,462.3,287.3,fixation
11:32:57.0076,462.5,285.8,fixation
11:32:57.0081,462.0,287.3,fixation
11:32:57.0086,461.4,289.1,fixation
11:32:57.0091,461.2,290.3,fixation
11:32:57.0096,461.4,290.9,fixation
11:32:57.0101,461.8,291.3,fixation
11:32:57.0106,460.7,291.3,fixation
11:32:57.0111,459.2,291.3,fixation
11:32:57.0116,457.6,291.0,fixation
11:32:57.0121,456.8,290.8,fixation
11:32:57.0126,456.2,290.7,fixation
11:32:57.0131,457.4,290.9,fixation
11:32:57.0136,459.1,291.2,fixation
11:32:57.0141,459.7,291.3,fixation
11:32:57.0146,458.6,290.4,fixation
11:32:57.0151,457.8,289.4,fixation
11:32:57.0156,458.1,288.5,fixation
11:32:57.0161,458.4,288.5,fixation
11:32:57.0166,458.3,289.7,fixation
11:32:57.0171,458.9,291.1,fixation
11:32:57.0176,459.5,292.9,fixation
11:32:57.0181,458.3,293.2,fixation
11:32:57.0186,456.5,292.3,fixation
11:32:57.0191,454.7,291.1,fixation
11:32:57.0196,456.0,290.1,fixation
11:32:57.0201,457.5,289.7,fixation
11:32:57.0206,459.0,289.4,fixation
11:32:57.0211,458.1,288.9,fixation
11:32:57.0216,456.8,291.1,fixation
11:32:57.0221,455.1,293.3,fixation
11:32:57.0226,454.6,295.9,fixation
11:32:57.0231,456.0,296.1,fixation
11:32:57.0236,458.1,296.2,fixation
11:32:57.0241,460.3,295.9,fixation
11:32:57.0246,459.5,294.9,fixation
11:32:57.0251,458.3,293.6,fixation
11:32:57.0256,457.1,292.6,fixation
11:32:57.0261,456.9,292.4,fixation
11:32:57.0266,456.3,293.7,fixation
11:32:57.0271,455.2,294.8,fixation
11:32:57.0276,454.5,294.4,fixation
11:32:57.0281,456.3,293.0,fixation
11:32:57.0286,458.5,291.8,fixation
11:32:57.0291,458.8,292.0,fixation
11:32:57.0296,457.1,292.2,fixation
11:32:57.0301,455.0,292.1,fixation
11:32:57.0306,453.7,292.0,fixation
11:32:57.0311,452.5,291.9,fixation
11:32:57.0316,451.5,291.9,fixation
11:32:57.0321,451.4,292.0,fixation
11:32:57.0326,451.3,292.2,fixation
11:32:57.0331,451.3,292.6,fixation
11:32:57.0336,450.8,292.9,fixation
11:32:57.0341,450.1,291.4,fixation
11:32:57.0346,449.3,289.7,fixation
11:32:57.0351,450.7,288.2,fixation
11:32:57.0356,452.3,288.4,fixation
11:32:57.0361,453.6,288.8,fixation
11:32:57.0366,453.3,290.6,fixation
11:32:57.0371,452.5,292.1,fixation
11:32:57.0376,452.0,293.6,fixation
11:32:57.0381,453.0,292.8,fixation
11:32:57.0386,454.4,292.1,fixation
11:32:57.0391,455.8,290.9,fixation
11:32:57.0396,454.0,290.2,fixation
11:32:57.0401,451.6,289.5,fixation
11:32:57.0406,449.1,289.2,fixation
11:32:57.0411,448.7,289.6,fixation
11:32:57.0416,449.1,290.8,fixation
11:32:57.0421,450.4,291.7,fixation
11:32:57.0426,451.4,291.9,fixation
11:32:57.0431,452.3,291.5,fixation
11:32:57.0436,452.4,292.6,fixation
11:32:57.0441,452.5,294.0,fixation
11:32:57.0446,452.8,294.4,fixation
11:32:57.0451,453.2,292.5,fixation
11:32:57.0456,453.7,290.6,fixation
11:32:57.0461,454.0,289.7,fixation
11:32:57.0466,454.1,289.8,fixation
11:32:57.0471,454.1,289.9,fixation
11:32:57.0476,454.1,289.7,fixation
11:32:57.0481,454.1,289.4,fixation
11:32:57.0486,453.9,289.3,fixation
11:32:57.0491,453.8,289.6,fixation
11:32:57.0496,453.7,290.5,fixation
11:32:57.0501,454.3,291.9,fixation
11:32:57.0506,455.0,292.3,fixation
11:32:57.0511,454.9,291.3,fixation
11:32:57.0516,454.0,289.6,fixation
11:32:57.0521,453.1,287.8,fixation
11:32:57.0526,453.0,286.9,fixation
11:32:57.0531,453.0,288.2,fixation
11:32:57.0536,453.1,290.4,fixation
11:32:57.0541,453.0,292.5,fixation
11:32:57.0546,452.7,292.3,fixation
11:32:57.0551,451.8,291.2,fixation
11:32:57.0556,450.9,290.4,fixation
11:32:57.0561,450.6,289.7,fixation
11:32:57.0566,450.5,289.9,fixation
11:32:57.0571,450.3,290.7,fixation
11:32:57.0576,450.1,291.4,fixation
11:32:57.0581,450.1,291.7,fixation
11:32:57.0586,450.3,291.3,fixation
11:32:57.0591,450.5,291.1,fixation
11:32:57.0596,450.5,291.3,fixation
11:32:57.0601,450.4,291.6,fixation
11:32:57.0606,451.6,291.9,fixation
11:32:57.0611,452.8,292.3,fixation
11:32:57.0616,454.8,292.8,fixation
11:32:57.0621,455.7,293.4,fixation
11:32:57.0626,456.0,293.4,fixation
11:32:57.0631,455.5,293.3,fixation
11:32:57.0636,454.7,293.1,fixation
11:32:57.0641,454.3,293.5,fixation
11:32:57.0646,455.1,294.3,fixation
11:32:57.0651,456.2,295.0,fixation
11:32:57.0656,457.3,295.1,fixation
11:32:57.0661,457.0,294.6,fixation
11:32:57.0666,455.4,293.6,fixation
11:32:57.0671,453.9,292.6,fixation
11:32:57.0676,452.7,291.6,fixation
11:32:57.0681,452.9,291.0,fixation
11:32:57.0686,453.0,290.7,fixation
11:32:57.0691,453.1,290.1,fixation
11:32:57.0696,453.2,289.2,fixation
11:32:57.0701,453.4,288.2,fixation
11:32:57.0706,453.4,287.8,fixation
11:32:57.0711,453.9,287.7,fixation
11:32:57.0716,454.3,287.7,fixation
11:32:57.0721,455.0,287.9,fixation
11:32:57.0726,455.3,288.2,fixation
11:32:57.0731,455.6,288.3,fixation
11:32:57.0736,454.2,287.9,fixation
11:32:57.0741,452.9,287.1,fixation
11:32:57.0746,452.0,286.3,fixation
11:32:57.0751,452.4,285.8,fixation
11:32:57.0756,452.8,285.7,fixation
11:32:57.0761,453.2,285.7,fixation
11:32:57.0766,453.4,285.1,fixation
11:32:57.0771,453.6,284.6,fixation
11:32:57.0776,453.5,285.0,fixation
11:32:57.0781,453.3,285.4,fixation
11:32:57.0786,453.0,285.8,fixation
11:32:57.0791,452.6,285.2,fixation
11:32:57.0796,452.7,285.1,fixation
11:32:57.0801,453.3,285.1,fixation
11:32:57.0806,453.7,284.4,fixation
11:32:57.0811,453.4,283.7,fixation
11:32:57.0816,452.7,283.9,fixation
11:32:57.0821,452.3,285.2,fixation
11:32:57.0826,452.4,288.6,fixation
11:32:57.0831,452.8,291.1,fixation
11:32:57.0836,453.3,293.9,fixation
11:32:57.0841,453.4,295.8,fixation
11:32:57.0846,452.9,297.7,fixation
11:32:57.0851,452.4,298.7,fixation
11:32:57.0856,452.1,298.2,fixation
11:32:57.0861,452.1,297.5,fixation
11:32:57.0866,452.8,296.1,fixation
11:32:57.0871,453.5,294.2,fixation
11:32:57.0876,453.5,292.6,fixation
11:32:57.0881,452.8,291.9,fixation
11:32:57.0886,451.9,293.3,fixation
11:32:57.0891,452.0,294.7,fixation
11:32:57.0896,452.1,297.0,fixation
11:32:57.0901,453.4,297.9,fixation
11:32:57.0906,454.6,298.8,fixation
11:32:57.0911,455.9,296.7,fixation
11:32:57.0916,456.1,294.6,fixation
11:32:57.0921,455.9,292.4,fixation
11:32:57.0926,455.6,292.4,fixation
11:32:57.0931,455.2,292.7,fixation
11:32:57.0936,455.3,293.7,fixation
11:32:57.0941,455.4,294.3,fixation
11:32:57.0946,455.9,294.6,fixation
11:32:57.0951,456.6,294.1,fixation
11:32:57.0956,457.3,293.9,fixation
11:32:57.0961,458.2,295.1,fixation
11:32:57.0966,458.8,296.3,fixation
11:32:57.0971,459.3,297.7,fixation
11:32:57.0976,457.2,297.9,fixation
11:32:57.0981,455.2,297.9,fixation
11:32:57.0986,453.3,298.1,fixation
11:32:57.0991,453.4,299.3,fixation
11:32:57.0996,454.2,300.9,fixation
11:32:57.1001,455.0,302.1,fixation
11:32:57.1006,455.5,302.6,fixation
11:32:57.1011,455.4,302.7,fixation
11:32:57.1016,455.9,303.0,fixation
11:32:57.1021,456.2,303.6,fixation
11:32:57.1026,456.5,304.1,fixation
11:32:57.1031,456.2,303.6,fixation
11:32:57.1036,456.0,302.8,fixation
11:32:57.1041,453.8,302.2,saccade
11:32:57.1046,452.8,302.8,saccade
11:32:57.1051,452.6,304.5,saccade
11:32:57.1056,451.9,306.1,saccade
11:32:57.1061,450.9,306.4,saccade
11:32:57.1066,449.9,305.7,saccade
11:32:57.1071,450.2,305.5,saccade
11:32:57.1076,450.5,307.0,saccade
11:32:57.1081,450.9,308.1,saccade
11:32:57.1086,450.6,311.3,saccade
11:32:57.1091,451.6,314.6,saccade
11:32:57.1096,452.6,317.8,saccade
11:32:57.1101,453.3,319.0,saccade
11:32:57.1106,452.2,319.5,saccade
11:32:57.1111,450.8,323.9,saccade
11:32:57.1116,449.2,329.5,saccade
11:32:57.1121,447.6,334.8,saccade
11:32:57.1126,446.3,337.6,saccade
11:32:57.1131,445.8,340.3,saccade
11:32:57.1136,445.7,345.5,saccade
11:32:57.1141,444.8,358.3,saccade
11:32:57.1146,444.8,369.8,saccade
11:32:57.1151,445.0,415.5,saccade
11:32:57.1156,460.1,523.9,saccade
11:32:57.1161,473.2,634.7,saccade
11:32:57.1166,474.5,727.0,saccade
11:32:57.1171,459.6,769.8,saccade
11:32:57.1176,441.5,841.6,saccade
11:32:57.1181,411.4,902.8,saccade
11:32:57.1186,379.6,955.5,saccade
11:32:57.1191,.,.,blink
11:32:57.1196,.,.,blink
11:32:57.1201,.,.,blink
11:32:57.1206,.,.,blink
11:32:57.1211,.,.,blink
11:32:57.1216,.,.,blink
11:32:57.1221,.,.,blink
11:32:57.1226,.,.,blink
11:32:57.1231,.,.,blink
11:32:57.1236,.,.,blink
11:32:57.1241,.,.,blink
11:32:57.1246,.,.,blink
11:32:57.1251,.,.,blink
11:32:57.1256,.,.,blink
11:32:57.1261,.,.,blink
11:32:57.1266,.,.,blink
11:32:57.1271,.,.,blink
11:32:57.1276,.,.,blink
11:32:57.1281,.,.,blink
11:32:57.1286,.,.,blink
11:32:57.1291,.,.,blink
11:32:57.1296,.,.,blink
11:32:57.1301,.,.,blink
11:32:57.1306,.,.,blink
11:32:57.1311,.,.,blink
11:32:57.1316,.,.,blink
11:32:57.1321,.,.,blink
11:32:57.1326,.,.,blink
11:32:57.1331,.,.,blink
11:32:57.1336,.,.,blink
11:32:57.1341,.,.,blink
11:32:57.1346,.,.,blink
11:32:57.1351,.,.,blink
11:32:57.1356,.,.,blink
11:32:57.1361,.,.,blink
11:32:57.1366,.,.,blink
11:32:57.1371,.,.,blink
11:32:57.1376,.,.,blink
11:32:57.1381,.,.,blink
11:32:57.1386,.,.,blink
11:32:57.1391,.,.,blink
11:32:57.1396,.,.,blink
11:32:57.1401,.,.,blink
11:32:57.1406,.,.,blink
11:32:57.1411,.,.,blink
11:32:57.1416,.,.,blink
11:32:57.1421,.,.,blink
11:32:57.1426,.,.,blink
11:32:57.1431,.,.,blink
11:32:57.1436,.,.,blink
11:32:57.1441,.,.,blink
11:32:57.1446,.,.,blink
11:32:57.1451,.,.,blink
11:32:57.1456,.,.,blink
11:32:57.1461,.,.,blink
11:32:57.1466,.,.,blink
11:32:57.1471,.,.,blink
11:32:57.1476,.,.,blink
11:32:57.1481,.,.,blink
11:32:57.1486,.,.,blink
11:32:57.1491,.,.,blink
11:32:57.1496,.,.,blink
11:32:57.1501,.,.,blink
11:32:57.1506,.,.,blink
11:32:57.1511,.,.,blink
11:32:57.1516,.,.,blink
11:32:57.1521,.,.,blink
11:32:57.1526,.,.,blink
11:32:57.1531,.,.,blink
11:32:57.1536,.,.,blink
11:32:57.1541,.,.,blink
11:32:57.1546,.,.,blink
11:32:57.1551,.,.,blink
11:32:57.1556,.,.,blink
11:32:57.1561,.,.,blink
11:32:57.1566,.,.,blink
11:32:57.1571,.,.,blink
11:32:57.1576,.,.,blink
11:32:57.1581,.,.,blink
11:32:57.1586,.,.,blink
11:32:57.1591,.,.,blink
11:32:57.1596,.,.,blink
11:32:57.1601,.,.,blink
11:32:57.1606,.,.,blink
11:32:57.1611,.,.,blink
11:32:57.1616,.,.,blink
11:32:57.1621,.,.,blink
11:32:57.1626,.,.,blink
11:32:57.1631,.,.,blink
11:32:57.1636,.,.,blink
11:32:57.1641,.,.,blink
11:32:57.1646,.,.,blink
11:32:57.1651,.,.,blink
11:32:57.1656,.,.,blink
11:32:57.1661,.,.,blink
11:32:57.1666,.,.,blink
11:32:57.1671,.,.,blink
11:32:57.1676,.,.,blink
11:32:57.1681,.,.,blink
11:32:57.1686,.,.,blink
11:32:57.1691,.,.,blink
11:32:57.1696,.,.,blink
11:32:57.1701,.,.,blink
11:32:57.1706,.,.,blink
11:32:57.1711,.,.,blink
11:32:57.1716,.,.,blink
11:32:57.1721,.,.,blink
11:32:57.1726,.,.,blink
11:32:57.1731,.,.,blink
11:32:57.1736,.,.,blink
11:32:57.1741,.,.,blink
11:32:57.1746,.,.,blink
11:32:57.1751,.,.,blink
11:32:57.1756,.,.,blink
11:32:57.1761,.,.,blink
11:32:57.1766,.,.,blink
11:32:57.1771,.,.,blink
11:32:57.1776,.,.,blink
11:32:57.1781,.,.,blink
11:32:57.1786,.,.,blink
11:32:57.1791,.,.,blink
11:32:57.1796,.,.,blink
11:32:57.1801,.,.,blink
11:32:57.1806,.,.,blink
11:32:57.1811,.,.,blink
11:32:57.1816,.,.,blink
11:32:57.1821,.,.,blink
11:32:57.1826,.,.,blink
11:32:57.1831,.,.,blink
11:32:57.1836,.,.,blink
11:32:57.1841,.,.,blink
11:32:57.1846,.,.,blink
11:32:57.1851,.,.,blink
11:32:57.1856,.,.,blink
11:32:57.1861,.,.,blink
11:32:57.1866,.,.,blink
11:32:57.1871,.,.,blink
11:32:57.1876,.,.,blink
11:32:57.1881,.,.,blink
11:32:57.1886,.,.,blink
11:32:57.1891,.,.,blink
11:32:57.1896,.,.,blink
11:32:57.1901,.,.,blink
11:32:57.1906,.,.,blink
11:32:57.1911,.,.,blink
11:32:57.1916,.,.,blink
11:32:57.1921,.,.,blink
11:32:57.1926,.,.,blink
11:32:57.1931,.,.,blink
11:32:57.1936,.,.,blink
11:32:57.1941,.,.,blink
11:32:57.1946,.,.,blink
11:32:57.1951,.,.,blink
11:32:57.1956,.,.,blink
11:32:57.1961,.,.,blink
11:32:57.1966,.,.,blink
11:32:57.1971,.,.,blink
11:32:57.1976,.,.,blink
11:32:57.1981,.,.,blink
11:32:57.1986,.,.,blink
11:32:57.1991,.,.,blink
11:32:57.1996,.,.,blink
11:32:57.2001,.,.,blink
11:32:57.2006,.,.,blink
11:32:57.2011,.,.,blink
11:32:57.2016,.,.,blink
11:32:57.2021,.,.,blink
11:32:57.2026,.,.,blink
11:32:57.2031,.,.,blink
11:32:57.2036,.,.,blink
11:32:57.2041,.,.,blink
11:32:57.2046,.,.,blink
11:32:57.2051,.,.,blink
11:32:57.2056,.,.,blink
11:32:57.2061,.,.,blink
11:32:57.2066,.,.,blink
11:32:57.2071,.,.,blink
11:32:57.2076,.,.,blink
11:32:57.2081,.,.,blink
11:32:57.2086,.,.,blink
11:32:57.2091,.,.,blink
11:32:57.2096,.,.,blink
11:32:57.2101,.,.,blink
11:32:57.2106,.,.,blink
11:32:57.2111,.,.,blink
11:32:57.2116,.,.,blink
11:32:57.2121,.,.,blink
11:32:57.2126,.,.,blink
11:32:57.2131,.,.,blink
11:32:57.2136,.,.,blink
11:32:57.2141,.,.,blink
11:32:57.2146,.,.,blink
11:32:57.2151,.,.,blink
11:32:57.2156,.,.,blink
11:32:57.2161,.,.,blink
11:32:57.2166,.,.,blink
11:32:57.2171,.,.,blink
11:32:57.2176,.,.,blink
11:32:57.2181,.,.,blink
11:32:57.2186,.,.,blink
11:32:57.2191,.,.,blink
11:32:57.2196,.,.,blink
11:32:57.2201,.,.,blink
11:32:57.2206,.,.,blink
11:32:57.2211,.,.,blink
11:32:57.2216,.,.,blink
11:32:57.2221,.,.,blink
11:32:57.2226,.,.,blink
11:32:57.2231,.,.,blink
11:32:57.2236,.,.,blink
11:32:57.2241,.,.,blink
11:32:57.2246,.,.,blink
11:32:57.2251,.,.,blink
11:32:57.2256,.,.,blink
11:32:57.2261,.,.,blink
11:32:57.2266,.,.,blink
11:32:57.2271,.,.,blink
11:32:57.2276,.,.,blink
11:32:57.2281,.,.,blink
11:32:57.2286,.,.,blink
11:32:57.2291,.,.,blink
11:32:57.2296,.,.,blink
11:32:57.2301,.,.,blink
11:32:57.2306,.,.,blink
11:32:57.2311,.,.,blink
11:32:57.2316,.,.,blink
11:32:57.2321,.,.,blink
11:32:57.2326,.,.,blink
11:32:57.2331,.,.,blink
11:32:57.2336,.,.,blink
11:32:57.2341,.,.,blink
11:32:57.2346,.,.,blink
11:32:57.2351,.,.,blink
11:32:57.2356,.,.,blink
11:32:57.2361,.,.,blink
11:32:57.2366,.,.,blink
11:32:57.2371,.,.,blink
11:32:57.2376,.,.,blink
11:32:57.2381,.,.,blink
11:32:57.2386,.,.,blink
11:32:57.2391,.,.,blink
11:32:57.2396,.,.,blink
11:32:57.2401,.,.,blink
11:32:57.2406,.,.,blink
11:32:57.2411,.,.,blink
11:32:57.2416,.,.,blink
11:32:57.2421,.,.,blink
11:32:57.2426,.,.,blink
11:32:57.2431,.,.,blink
11:32:57.2436,.,.,blink
11:32:57.2441,.,.,blink
11:32:57.2446,.,.,blink
11:32:57.2451,.,.,blink
11:32:57.2456,.,.,blink
11:32:57.2461,.,.,blink
11:32:57.2466,.,.,blink
11:32:57.2471,.,.,blink
11:32:57.2476,.,.,blink
11:32:57.2481,.,.,blink
11:32:57.2486,.,.,blink
11:32:57.2491,.,.,blink
11:32:57.2496,.,.,blink
11:32:57.2501,.,.,blink
11:32:57.2506,522.1,211.8,fixation
11:32:57.2511,521.6,209.0,fixation
11:32:57.2516,520.5,212.2,fixation
11:32:57.2521,519.2,215.4,fixation
11:32:57.2526,518.6,218.5,fixation
11:32:57.2531,518.7,218.5,fixation
11:32:57.2536,519.2,218.5,fixation
11:32:57.2541,521.4,216.6,fixation
11:32:57.2546,523.3,214.7,fixation
11:32:57.2551,522.1,213.4,fixation
11:32:57.2556,519.2,214.1,fixation
11:32:57.2561,517.1,214.3,fixation
11:32:57.2566,518.5,213.9,fixation
11:32:57.2571,521.7,213.6,fixation
11:32:57.2576,524.1,213.7,fixation
11:32:57.2581,525.3,213.7,fixation
11:32:57.2586,524.2,215.6,fixation
11:32:57.2591,522.7,217.6,fixation
11:32:57.2596,521.7,219.0,fixation
11:32:57.2601,521.4,217.8,fixation
11:32:57.2606,522.5,215.9,fixation
11:32:57.2611,523.6,212.9,fixation
11:32:57.2616,524.8,210.6,fixation
11:32:57.2621,525.2,209.5,fixation
11:32:57.2626,525.3,210.2,fixation
11:32:57.2631,524.5,211.0,fixation
11:32:57.2636,523.6,211.2,fixation
11:32:57.2641,521.9,210.8,fixation
11:32:57.2646,521.2,210.1,fixation
11:32:57.2651,520.4,209.4,fixation
11:32:57.2656,520.3,209.2,fixation
11:32:57.2661,520.2,209.4,fixation
11:32:57.2666,519.2,209.4,fixation
11:32:57.2671,518.3,209.5,fixation
11:32:57.2676,518.7,209.7,fixation
11:32:57.2681,519.9,210.4,fixation
11:32:57.2686,521.0,212.6,fixation
11:32:57.2691,520.1,214.6,fixation
11:32:57.2696,519.4,215.1,fixation
11:32:57.2701,517.3,214.0,fixation
11:32:57.2706,516.0,212.7,fixation
11:32:57.2711,514.7,212.4,fixation
11:32:57.2716,514.9,212.0,fixation
11:32:57.2721,515.1,211.9,fixation
11:32:57.2726,515.7,211.8,fixation
11:32:57.2731,516.3,212.1,fixation
11:32:57.2736,516.0,212.4,fixation
11:32:57.2741,515.2,212.6,fixation
11:32:57.2746,514.8,212.6,fixation
11:32:57.2751,515.8,212.2,fixation
11:32:57.2756,516.8,211.4,fixation
11:32:57.2761,517.2,210.1,fixation
11:32:57.2766,517.0,209.1,fixation
11:32:57.2771,517.4,208.7,fixation
11:32:57.2776,518.0,208.9,fixation
11:32:57.2781,518.5,208.7,fixation
11:32:57.2786,518.4,208.2,fixation
11:32:57.2791,517.6,208.0,fixation
11:32:57.2796,516.7,208.1,fixation
11:32:57.2801,516.0,207.2,fixation
11:32:57.2806,516.0,206.1,fixation
11:32:57.2811,516.9,207.7,fixation
11:32:57.2816,517.9,210.3,fixation
11:32:57.2821,518.9,212.6,fixation
11:32:57.2826,518.4,211.0,fixation
11:32:57.2831,517.8,209.0,fixation
11:32:57.2836,517.1,207.4,fixation
11:32:57.2841,516.9,208.8,fixation
11:32:57.2846,517.0,210.7,fixation
11:32:57.2851,517.4,212.7,fixation
11:32:57.2856,518.3,210.7,fixation
11:32:57.2861,518.6,208.5,fixation
11:32:57.2866,518.4,208.7,fixation
11:32:57.2871,517.4,211.1,fixation
11:32:57.2876,516.8,211.4,fixation
11:32:57.2881,517.4,209.4,fixation
11:32:57.2886,519.3,208.6,fixation
11:32:57.2891,521.6,209.5,fixation
11:32:57.2896,523.0,210.4,fixation
11:32:57.2901,522.5,211.2,fixation
11:32:57.2906,521.6,212.3,fixation
11:32:57.2911,521.0,211.3,fixation
11:32:57.2916,521.5,209.2,fixation
11:32:57.2921,521.9,208.2,fixation
11:32:57.2926,521.9,210.1,fixation
11:32:57.2931,521.1,212.0,fixation
11:32:57.2936,520.5,210.1,fixation
11:32:57.2941,519.5,207.4,fixation
11:32:57.2946,519.2,206.7,fixation
11:32:57.2951,518.6,208.8,fixation
11:32:57.2956,518.2,210.8,fixation
11:32:57.2961,518.0,210.8,fixation
11:32:57.2966,518.3,210.8,fixation
11:32:57.2971,518.8,210.9,fixation
11:32:57.2976,519.4,209.8,fixation
11:32:57.2981,519.9,208.6,fixation
11:32:57.2986,520.7,207.5,fixation
11:32:57.2991,521.5,207.5,fixation
11:32:57.2996,521.8,207.5,fixation
11:32:57.3001,521.2,208.8,fixation
11:32:57.3006,520.9,210.3,fixation
11:32:57.3011,520.7,211.9,fixation
11:32:57.3016,521.3,212.9,fixation
11:32:57.3021,521.7,213.7,fixation
11:32:57.3026,521.5,212.1,fixation
11:32:57.3031,521.0,209.9,fixation
11:32:57.3036,521.5,208.0,fixation
11:32:57.3041,522.4,208.5,fixation
11:32:57.3046,523.1,208.6,fixation
11:32:57.3051,521.6,208.5,fixation
11:32:57.3056,520.0,209.5,fixation
11:32:57.3061,519.2,212.7,fixation
11:32:57.3066,519.6,215.9,fixation
11:32:57.3071,520.1,216.4,fixation
11:32:57.3076,518.7,214.8,fixation
11:32:57.3081,517.3,212.7,fixation
11:32:57.3086,515.8,211.8,fixation
11:32:57.3091,515.7,211.5,fixation
11:32:57.3096,515.5,211.8,fixation
11:32:57.3101,515.2,212.3,fixation
11:32:57.3106,516.6,212.7,fixation
11:32:57.3111,518.0,213.2,fixation
11:32:57.3116,519.5,213.6,fixation
11:32:57.3121,519.5,213.6,fixation
11:32:57.3126,519.4,213.6,fixation
11:32:57.3131,519.6,213.6,fixation
11:32:57.3136,520.0,213.6,fixation
11:32:57.3141,520.4,213.6,fixation
11:32:57.3146,520.0,213.6,fixation
11:32:57.3151,519.0,213.6,fixation
11:32:57.3156,517.9,213.4,fixation
11:32:57.3161,517.5,213.1,fixation
11:32:57.3166,518.7,212.8,fixation
11:32:57.3171,519.9,212.8,fixation
11:32:57.3176,521.2,213.1,fixation
11:32:57.3181,521.1,213.0,fixation
11:32:57.3186,521.1,212.8,fixation
11:32:57.3191,521.3,213.0,fixation
11:32:57.3196,522.0,213.6,fixation
11:32:57.3201,522.6,214.2,fixation
11:32:57.3206,522.8,213.2,fixation
11:32:57.3211,522.7,212.2,fixation
11:32:57.3216,522.6,211.4,fixation
11:32:57.3221,522.4,212.9,fixation
11:32:57.3226,521.8,214.3,fixation
11:32:57.3231,521.3,215.5,fixation
11:32:57.3236,520.9,215.5,fixation
11:32:57.3241,520.9,215.4,fixation
11:32:57.3246,520.9,215.5,fixation
11:32:57.3251,519.6,215.5,fixation
11:32:57.3256,518.3,215.6,fixation
11:32:57.3261,517.4,214.3,fixation
11:32:57.3266,518.2,213.0,fixation
11:32:57.3271,519.2,211.7,fixation
11:32:57.3276,520.0,212.9,fixation
11:32:57.3281,520.6,213.9,fixation
11:32:57.3286,520.9,214.7,fixation
11:32:57.3291,520.9,214.5,fixation
11:32:57.3296,520.4,214.6,fixation
11:32:57.3301,519.8,214.9,fixation
11:32:57.3306,519.4,215.0,fixation
11:32:57.3311,519.6,214.9,fixation
11:32:57.3316,519.7,215.2,fixation
11:32:57.3321,519.7,215.7,fixation
11:32:57.3326,519.6,216.5,fixation
11:32:57.3331,519.8,216.8,fixation
11:32:57.3336,520.0,217.5,fixation
11:32:57.3341,520.2,217.9,fixation
11:32:57.3346,520.2,216.4,fixation
11:32:57.3351,520.0,214.4,fixation
11:32:57.3356,519.7,212.3,fixation
11:32:57.3361,519.4,212.1,fixation
11:32:57.3366,519.2,212.4,fixation
11:32:57.3371,519.2,212.7,fixation
11:32:57.3376,519.2,212.8,fixation
11:32:57.3381,519.1,211.8,fixation
11:32:57.3386,518.4,210.7,fixation
11:32:57.3391,517.9,210.6,fixation
11:32:57.3396,517.4,212.6,fixation
11:32:57.3401,517.3,214.6,fixation
11:32:57.3406,517.1,214.8,fixation
11:32:57.3411,516.9,213.9,fixation
11:32:57.3416,516.1,213.8,fixation
11:32:57.3421,515.0,214.2,fixation
11:32:57.3426,514.1,214.5,fixation
11:32:57.3431,512.9,214.4,fixation
11:32:57.3436,512.1,215.0,fixation
11:32:57.3441,512.4,218.1,fixation
11:32:57.3446,513.5,220.8,fixation
11:32:57.3451,514.9,220.6,fixation
11:32:57.3456,515.5,217.9,fixation
11:32:57.3461,516.2,214.4,fixation
11:32:57.3466,516.6,214.0,fixation
11:32:57.3471,517.0,213.8,fixation
11:32:57.3476,517.6,214.3,fixation
11:32:57.3481,518.3,214.7,fixation
11:32:57.3486,518.8,214.7,fixation
11:32:57.3491,519.6,214.7,fixation
11:32:57.3496,520.3,214.6,fixation
11:32:57.3501,520.9,215.7,fixation
11:32:57.3506,520.3,216.9,fixation
11:32:57.3511,520.0,216.2,fixation
11:32:57.3516,519.7,214.3,fixation
11:32:57.3521,519.9,212.9,fixation
11:32:57.3526,519.8,213.3,fixation
11:32:57.3531,518.5,213.6,fixation
11:32:57.3536,517.1,214.3,fixation
11:32:57.3541,516.5,215.1,fixation
11:32:57.3546,517.2,215.9,fixation
11:32:57.3551,518.5,216.1,fixation
11:32:57.3556,519.3,216.5,fixation
11:32:57.3561,519.6,216.7,fixation
11:32:57.3566,519.1,216.7,fixation
11:32:57.3571,518.3,217.3,fixation
11:32:57.3576,517.8,218.5,fixation
11:32:57.3581,517.7,219.8,fixation
11:32:57.3586,517.9,219.5,fixation
11:32:57.3591,518.1,219.0,fixation
11:32:57.3596,518.1,218.5,fixation
11:32:57.3601,517.6,218.9,fixation
11:32:57.3606,517.2,219.1,fixation
11:32:57.3611,516.8,219.2,fixation
11:32:57.3616,516.2,221.2,fixation
11:32:57.3621,515.7,223.1,fixation
11:32:57.3626,515.2,224.6,fixation
11:32:57.3631,514.2,223.6,fixation
11:32:57.3636,512.4,222.4,fixation
11:32:57.3641,510.7,221.9,fixation
11:32:57.3646,511.3,221.9,fixation
11:32:57.3651,512.8,221.3,fixation
11:32:57.3656,514.3,220.5,fixation
11:32:57.3661,514.1,219.6,fixation
11:32:57.3666,513.8,219.4,fixation
11:32:57.3671,513.9,219.1,fixation
11:32:57.3676,514.5,218.3,fixation
11:32:57.3681,515.5,217.5,fixation
11:32:57.3686,516.1,216.4,fixation
11:32:57.3691,516.7,215.4,fixation
11:32:57.3696,516.6,214.8,fixation
11:32:57.3701,516.5,214.8,fixation
11:32:57.3706,516.4,215.1,fixation
11:32:57.3711,516.8,215.4,fixation
11:32:57.3716,517.1,217.0,fixation
11:32:57.3721,517.7,218.7,fixation
11:32:57.3726,519.3,220.7,fixation
11:32:57.3731,520.9,221.4,fixation
11:32:57.3736,522.3,222.1,fixation
11:32:57.3741,522.4,221.2,fixation
11:32:57.3746,520.5,220.0,fixation
