TimeStamp,X,Y,Event
12:28:09.7480,381.6,295.2,fixation
12:28:9.7485,381.6,297.6,fixation
12:28:9.749,381.2,299.8,fixation
12:28:9.74950,380.9,301.2,fixation
12:28:9.75,380.9,301.1,fixation
12:28:9.7505,381.0,300.7,fixation
12:28:9.75100,381.5,300.6,fixation
12:28:9.7515,381.9,300.7,fixation
12:28:9.752,382.4,300.6,fixation
12:28:9.75250,382.6,297.2,fixation
12:28:9.753,383.0,293.8,fixation
12:28:9.7535,383.1,293.4,fixation
12:28:9.75400,382.9,296.0,fixation
12:28:9.7545,382.6,298.8,fixation
12:28:9.755,382.4,298.9,fixation
12:28:9.75550,382.3,298.6,fixation
12:28:9.756,382.1,298.1,fixation
12:28:9.7565,381.6,297.7,fixation
12:28:9.75700,381.4,297.6,fixation
12:28:9.7575,381.6,297.4,fixation
12:28:9.75800,382.1,297.1,fixation
12:28:9.7585,382.3,297.0,fixation
12:28:9.759,382.2,297.7,fixation
12:28:9.75950,381.8,298.5,fixation
12:28:9.76,381.4,300.0,fixation
12:28:9.7605,380.8,300.7,fixation
12:28:9.76100,380.6,300.1,fixation
12:28:9.7615,380.9,298.8,fixation
12:28:9.762,381.9,297.4,fixation
12:28:9.76250,382.8,296.9,fixation
12:28:9.763,383.5,295.2,fixation
12:28:9.7635,384.0,293.5,fixation
12:28:9.76400,384.5,292.4,fixation
12:28:9.7645,384.6,293.5,fixation
12:28:9.765,384.6,294.6,fixation
12:28:9.76550,384.4,295.7,fixation
12:28:9.766,384.3,295.9,fixation
12:28:9.7665,384.3,296.0,fixation
12:28:9.76700,383.7,296.0,fixation
12:28:9.7675,383.9,295.1,fixation
12:28:9.768,384.0,294.2,fixation
12:28:9.76850,383.6,293.1,fixation
12:28:9.769,382.7,292.7,fixation
12:28:9.7695,382.0,293.0,fixation
12:28:9.77000,382.1,294.8,fixation
12:28:9.7705,382.0,297.4,fixation
12:28:9.771,381.8,299.4,fixation
12:28:9.77150,382.5,300.0,fixation
12:28:9.772,383.5,298.6,fixation
12:28:9.7725,384.3,297.1,fixation
12:28:9.77300,384.2,296.9,fixation
12:28:9.7735,383.9,298.0,fixation
12:28:9.77400,381.9,297.6,fixation
12:28:9.7745,380.1,296.3,fixation
12:28:9.775,378.6,295.0,fixation
12:28:9.77550,379.2,294.1,fixation
12:28:9.776,381.3,293.3,fixation
12:28:9.7765,383.1,293.9,fixation
12:28:9.77700,383.5,295.5,fixation
12:28:9.7775,382.4,296.8,fixation
12:28:9.778,382.7,296.7,fixation
12:28:9.77850,383.8,296.9,fixation
12:28:9.779,383.9,297.3,fixation
12:28:9.7795,382.9,297.9,fixation
12:28:9.78000,381.9,297.7,fixation
12:28:9.7805,382.2,297.5,fixation
12:28:9.781,382.6,297.0,fixation
12:28:9.78150,382.9,297.0,fixation
12:28:9.782,383.0,297.1,fixation
12:28:9.7825,382.7,297.1,fixation
12:28:9.78300,382.2,297.1,fixation
12:28:9.7835,380.7,296.9,fixation
12:28:9.784,379.6,296.5,fixation
12:28:9.78450,379.9,296.2,fixation
12:28:9.785,381.1,295.7,fixation
12:28:9.7855,381.8,295.6,fixation
12:28:9.78600,380.6,295.5,fixation
12:28:9.7865,379.4,295.8,fixation
12:28:9.787,379.7,296.5,fixation
12:28:9.78750,380.9,297.1,fixation
12:28:9.788,381.3,297.0,fixation
12:28:9.7885,380.3,296.3,fixation
12:28:9.78900,379.5,295.6,fixation
12:28:9.7895,379.7,295.5,fixation
12:28:9.79000,379.7,295.2,fixation
12:28:9.7905,379.5,294.5,fixation
12:28:9.791,379.1,293.6,fixation
12:28:9.79150,379.2,292.2,fixation
12:28:9.792,379.0,291.1,fixation
12:28:9.7925,378.5,291.7,fixation
12:28:9.79300,378.1,292.5,fixation
12:28:9.7935,378.1,293.4,fixation
12:28:9.794,378.2,293.0,fixation
12:28:9.79450,378.2,293.8,fixation
12:28:9.795,378.0,294.5,fixation
12:28:9.7955,378.9,295.0,fixation
12:28:9.79600,379.9,295.0,fixation
12:28:9.7965,380.9,295.2,fixation
12:28:9.797,380.9,295.5,fixation
12:28:9.79750,380.8,296.0,fixation
12:28:9.798,380.8,296.3,fixation
12:28:9.7985,380.6,296.1,fixation
12:28:9.79900,380.6,295.1,fixation
12:28:9.7995,380.6,293.0,fixation
12:28:9.8,380.8,291.5,fixation
12:28:9.80050,380.9,290.8,fixation
12:28:9.801,380.8,291.3,fixation
12:28:9.8015,380.7,292.1,fixation
12:28:9.80200,381.7,293.7,fixation
12:28:9.8025,383.0,295.1,fixation
12:28:9.803,384.0,296.3,fixation
12:28:9.80350,383.5,296.2,fixation
12:28:9.804,382.9,296.5,fixation
12:28:9.8045,382.7,296.7,fixation
12:28:9.80500,383.0,297.3,fixation
12:28:9.8055,383.2,297.6,fixation
12:28:9.80600,383.3,297.4,fixation
12:28:9.8065,383.3,296.7,fixation
12:28:9.807,383.2,296.0,fixation
12:28:9.80750,383.1,295.9,fixation
12:28:9.808,382.8,296.3,fixation
12:28:9.8085,382.3,296.6,fixation
12:28:9.80900,381.4,295.7,fixation
12:28:9.8095,380.7,295.0,fixation
12:28:9.81,380.2,294.8,fixation
12:28:9.81050,380.0,296.6,fixation
12:28:9.811,381.2,297.8,fixation
12:28:9.8115,382.8,296.3,fixation
12:28:9.81200,384.3,294.0,fixation
12:28:9.8125,384.5,291.6,fixation
12:28:9.813,383.6,291.5,fixation
12:28:9.81350,382.8,290.8,fixation
12:28:9.814,381.4,290.2,fixation
12:28:9.8145,380.7,290.5,fixation
12:28:9.81500,380.5,291.3,fixation
12:28:9.8155,380.8,292.2,fixation
12:28:9.816,381.4,292.1,fixation
12:28:9.81650,381.6,291.9,fixation
12:28:9.817,380.9,291.9,fixation
12:28:9.8175,380.0,293.0,fixation
12:28:9.81800,379.1,294.0,fixation
12:28:9.8185,379.1,294.0,fixation
12:28:9.819,379.1,293.1,fixation
12:28:9.81950,380.6,292.2,fixation
12:28:9.82,382.0,291.7,fixation
12:28:9.82050,383.5,290.1,fixation
12:28:9.821,383.7,288.5,fixation
12:28:9.8215,383.7,288.3,fixation
12:28:9.82200,384.5,289.5,fixation
12:28:9.8225,385.1,292.6,fixation
12:28:9.823,385.7,294.8,fixation
12:28:9.82350,385.0,296.3,fixation
12:28:9.824,384.3,296.1,fixation
12:28:9.8245,383.5,295.9,fixation
12:28:9.82500,383.5,296.1,fixation
12:28:9.8255,383.9,296.1,fixation
12:28:9.826,384.3,296.2,fixation
12:28:9.82650,384.6,295.9,fixation
12:28:9.827,384.5,295.7,fixation
12:28:9.8275,384.3,295.5,fixation
12:28:9.82800,384.4,293.8,fixation
12:28:9.8285,384.8,292.9,fixation
12:28:9.829,385.3,291.7,fixation
12:28:9.82950,385.4,291.8,fixation
12:28:9.83,385.4,291.2,fixation
12:28:9.8305,385.5,290.8,fixation
12:28:9.83100,385.4,291.5,fixation
12:28:9.8315,384.6,292.4,fixation
12:28:9.832,383.6,293.8,fixation
12:28:9.83250,382.4,294.4,fixation
12:28:9.833,382.3,292.9,fixation
12:28:9.8335,382.0,290.9,fixation
12:28:9.83400,381.8,289.8,fixation
12:28:9.8345,381.4,290.4,fixation
12:28:9.835,381.3,291.1,fixation
12:28:9.83550,380.8,291.1,fixation
12:28:9.836,379.8,291.4,fixation
12:28:9.83650,378.8,291.6,fixation
12:28:9.837,379.1,291.8,fixation
12:28:9.8375,379.7,291.9,fixation
12:28:9.83800,380.3,292.1,fixation
12:28:9.8385,380.4,292.1,fixation
12:28:9.839,381.4,292.0,fixation
12:28:9.83950,382.8,291.8,fixation
12:28:9.84,383.9,291.5,fixation
12:28:9.8405,384.4,291.5,fixation
12:28:9.84100,384.4,291.7,fixation
12:28:9.8415,384.2,292.3,fixation
12:28:9.842,384.2,292.6,fixation
12:28:9.84250,384.1,293.4,fixation
12:28:9.843,384.3,294.0,fixation
12:28:9.8435,384.1,294.7,fixation
12:28:9.84400,384.3,292.6,fixation
12:28:9.8445,384.4,290.5,fixation
12:28:9.845,384.6,289.9,fixation
12:28:9.84550,384.8,291.4,fixation
12:28:9.846,386.7,293.1,fixation
12:28:9.8465,388.6,293.1,fixation
12:28:9.84700,389.9,294.4,fixation
12:28:9.8475,389.2,295.6,fixation
12:28:9.848,388.6,296.0,fixation
12:28:9.84850,387.9,295.1,fixation
12:28:9.849,387.4,294.2,fixation
12:28:9.8495,386.7,294.9,fixation
12:28:9.85000,386.4,295.6,fixation
12:28:9.8505,386.4,295.1,fixation
12:28:9.851,386.5,293.7,fixation
12:28:9.85150,386.6,292.3,fixation
12:28:9.852,386.9,291.9,fixation
12:28:9.85250,387.1,292.0,fixation
12:28:9.853,386.4,292.2,fixation
12:28:9.8535,385.3,292.5,fixation
12:28:9.85400,384.2,292.1,fixation
12:28:9.8545,384.0,291.8,fixation
12:28:9.855,384.3,291.6,fixation
12:28:9.85550,385.3,291.7,fixation
12:28:9.856,386.3,291.5,fixation
12:28:9.8565,386.9,291.4,fixation
12:28:9.85700,386.6,292.2,fixation
12:28:9.8575,384.7,293.0,fixation
12:28:9.858,383.0,293.1,fixation
12:28:9.85850,381.6,292.4,fixation
12:28:9.859,382.6,292.9,fixation
12:28:9.8595,383.6,294.2,fixation
12:28:9.86000,384.2,293.2,fixation
12:28:9.8605,384.0,291.0,fixation
12:28:9.861,384.0,288.8,fixation
12:28:9.86150,384.3,289.1,fixation
12:28:9.862,384.4,289.0,fixation
12:28:9.8625,384.5,288.6,fixation
12:28:9.86300,385.3,288.1,fixation
12:28:9.8635,386.1,288.5,fixation
12:28:9.864,386.8,288.5,fixation
12:28:9.86450,386.6,288.0,fixation
12:28:9.865,386.6,287.0,fixation
12:28:9.8655,386.9,288.1,fixation
12:28:9.86600,387.3,289.7,fixation
12:28:9.8665,387.1,290.8,fixation
12:28:9.867,386.6,290.2,fixation
12:28:9.86750,386.3,289.8,fixation
12:28:9.868,386.5,289.9,fixation
12:28:9.86850,386.6,289.9,fixation
12:28:9.869,386.4,289.8,fixation
12:28:9.8695,386.3,290.0,fixation
12:28:9.87000,387.4,290.5,fixation
12:28:9.8705,388.6,290.8,fixation
12:28:9.871,389.9,290.9,fixation
12:28:9.87150,390.1,290.6,fixation
12:28:9.872,390.6,290.6,fixation
12:28:9.8725,391.0,290.9,fixation
12:28:9.87300,390.8,291.2,fixation
12:28:9.8735,389.8,291.0,fixation
12:28:9.874,388.8,290.6,fixation
12:28:9.87450,387.4,290.1,fixation
12:28:9.875,386.5,290.0,fixation
12:28:9.8755,385.7,289.2,fixation
12:28:9.87600,385.8,288.5,fixation
12:28:9.8765,385.8,290.8,fixation
12:28:9.877,385.9,293.6,fixation
12:28:9.87750,386.0,296.5,fixation
12:28:9.878,384.6,295.4,fixation
12:28:9.8785,383.0,294.4,fixation
12:28:9.87900,381.4,293.0,fixation
12:28:9.8795,381.3,292.6,fixation
12:28:9.88,381.6,292.1,fixation
12:28:9.88050,381.7,291.9,fixation
12:28:9.881,381.9,291.1,fixation
12:28:9.8815,381.9,290.5,fixation
12:28:9.88200,383.4,291.5,fixation
12:28:9.8825,384.7,293.0,fixation
12:28:9.88300,385.9,294.6,fixation
12:28:9.8835,386.2,292.9,fixation
12:28:9.884,386.2,290.9,fixation
12:28:9.88450,386.2,289.0,fixation
12:28:9.885,386.0,288.9,fixation
12:28:9.8855,386.4,289.4,fixation
12:28:9.88600,386.5,289.9,fixation
12:28:9.8865,386.8,289.7,fixation
12:28:9.887,386.6,289.3,fixation
12:28:9.88750,386.6,288.8,fixation
12:28:9.888,386.6,288.9,fixation
12:28:9.8885,386.8,288.9,fixation
12:28:9.88900,387.0,288.7,fixation
12:28:9.8895,386.9,288.5,fixation
12:28:9.89,387.2,288.4,fixation
12:28:9.89050,387.3,289.5,fixation
12:28:9.891,387.4,290.7,fixation
12:28:9.8915,387.2,291.5,fixation
12:28:9.89200,387.3,291.6,fixation
12:28:9.8925,387.4,291.6,fixation
12:28:9.893,387.6,291.7,fixation
12:28:9.89350,387.6,290.7,fixation
12:28:9.894,387.7,289.7,fixation
12:28:9.8945,387.8,288.8,fixation
12:28:9.89500,388.0,288.7,fixation
12:28:9.8955,388.3,289.5,fixation
12:28:9.896,389.0,290.5,fixation
12:28:9.89650,389.7,290.6,fixation
12:28:9.897,389.6,289.1,fixation
12:28:9.8975,388.7,287.6,fixation
12:28:9.89800,388.3,286.8,fixation
12:28:9.8985,388.6,286.8,fixation
12:28:9.89900,389.0,287.8,fixation
12:28:9.8995,389.1,288.5,fixation
12:28:9.9,389.3,289.3,fixation
12:28:9.90050,388.1,289.6,fixation
12:28:9.901,386.9,290.7,fixation
12:28:9.9015,385.9,291.8,fixation
12:28:9.90200,386.2,292.9,fixation
12:28:9.9025,386.0,293.4,fixation
12:28:9.903,385.5,294.0,fixation
12:28:9.90350,385.4,293.8,fixation
12:28:9.904,385.6,293.7,fixation
12:28:9.9045,385.3,293.5,fixation
12:28:9.90500,384.8,293.7,fixation
12:28:9.9055,384.2,293.8,fixation
12:28:9.906,384.5,294.0,fixation
12:28:9.90650,384.9,294.0,fixation
12:28:9.907,385.2,293.7,fixation
12:28:9.9075,385.2,293.0,fixation
12:28:9.90800,385.6,291.7,fixation
12:28:9.9085,386.1,290.8,fixation
12:28:9.909,386.5,290.3,fixation
12:28:9.90950,386.5,290.4,fixation
12:28:9.91,386.5,290.5,fixation
12:28:9.9105,385.9,289.5,fixation
12:28:9.91100,385.4,288.5,fixation
12:28:9.9115,385.1,289.0,fixation
12:28:9.912,385.4,290.4,fixation
12:28:9.91250,385.7,292.0,fixation
12:28:9.913,385.9,292.3,fixation
12:28:9.9135,386.0,292.2,fixation
12:28:9.91400,385.9,292.0,fixation
12:28:9.9145,385.4,292.4,fixation
12:28:9.91500,385.6,293.2,fixation
12:28:9.9155,386.1,293.7,fixation
12:28:9.916,386.7,293.5,fixation
12:28:9.91650,387.4,293.3,fixation
12:28:9.917,388.0,292.1,fixation
12:28:9.9175,388.6,290.7,fixation
12:28:9.91800,388.6,289.3,fixation
12:28:9.9185,388.6,289.7,fixation
12:28:9.919,388.8,290.6,fixation
12:28:9.91950,389.1,291.5,fixation
12:28:9.92,389.5,292.0,fixation
12:28:9.9205,390.9,292.1,fixation
12:28:9.92100,392.2,291.6,fixation
12:28:9.9215,393.5,291.1,fixation
12:28:9.922,393.7,290.8,fixation
12:28:9.92250,393.4,291.0,fixation
12:28:9.923,392.7,291.5,fixation
12:28:9.9235,391.7,291.9,fixation
12:28:9.92400,391.3,291.2,fixation
12:28:9.9245,390.9,290.1,fixation
12:28:9.925,390.8,288.3,fixation
12:28:9.92550,390.8,287.4,fixation
12:28:9.926,390.9,288.0,fixation
12:28:9.9265,390.8,289.9,fixation
12:28:9.92700,390.1,291.7,fixation
12:28:9.9275,389.7,291.1,fixation
12:28:9.928,389.2,290.0,fixation
12:28:9.92850,389.2,288.6,fixation
12:28:9.929,389.1,288.4,fixation
12:28:9.9295,388.9,288.9,fixation
12:28:9.93000,389.4,290.4,fixation
12:28:9.9305,390.0,291.9,fixation
12:28:9.93100,390.9,292.2,fixation
12:28:9.9315,391.2,291.9,fixation
12:28:9.932,391.5,291.3,fixation
12:28:9.93250,391.4,291.0,fixation
12:28:9.933,391.4,291.2,fixation
12:28:9.9335,390.6,291.7,fixation
12:28:9.93400,389.8,292.2,fixation
12:28:9.9345,388.8,292.3,fixation
12:28:9.935,388.5,291.5,fixation
12:28:9.93550,388.7,291.2,fixation
12:28:9.936,389.7,291.0,fixation
12:28:9.9365,390.5,290.7,fixation
12:28:9.93700,390.9,289.7,fixation
12:28:9.9375,391.1,290.4,fixation
12:28:9.938,391.2,292.1,fixation
12:28:9.93850,391.4,293.7,fixation
12:28:9.939,391.3,292.8,fixation
12:28:9.9395,391.3,290.7,fixation
12:28:9.94000,391.2,288.7,fixation
12:28:9.9405,391.0,288.0,fixation
12:28:9.941,390.7,288.6,fixation
12:28:9.94150,390.2,289.1,fixation
12:28:9.942,389.7,289.3,fixation
12:28:9.9425,389.2,289.4,fixation
12:28:9.94300,389.3,290.6,fixation
12:28:9.9435,389.6,292.1,fixation
12:28:9.944,389.8,293.5,fixation
12:28:9.94450,389.0,293.9,fixation
12:28:9.945,388.0,293.8,fixation
12:28:9.94550,387.1,293.6,fixation
12:28:9.946,387.3,292.3,fixation
12:28:9.9465,387.5,291.1,fixation
12:28:9.94700,389.0,289.9,fixation
12:28:9.9475,390.2,289.7,fixation
12:28:9.948,390.7,289.5,fixation
12:28:9.94850,389.8,290.8,fixation
12:28:9.949,389.2,292.6,fixation
12:28:9.9495,389.7,294.5,fixation
12:28:9.95000,390.3,295.1,fixation
12:28:9.9505,390.2,295.3,fixation
12:28:9.951,389.7,295.0,fixation
12:28:9.95150,389.1,294.2,fixation
12:28:9.952,389.3,293.5,fixation
12:28:9.9525,389.7,293.3,fixation
12:28:9.95300,390.2,293.4,fixation
12:28:9.9535,390.5,293.5,fixation
12:28:9.954,390.8,293.5,fixation
12:28:9.95450,390.6,293.5,fixation
12:28:9.955,389.9,293.5,fixation
12:28:9.9555,389.0,292.5,fixation
12:28:9.95600,387.7,291.4,fixation
12:28:9.9565,386.7,291.8,fixation
12:28:9.957,386.3,294.6,fixation
12:28:9.95750,387.6,297.5,fixation
12:28:9.958,389.3,297.9,fixation
12:28:9.9585,390.5,296.3,fixation
12:28:9.95900,390.7,294.6,fixation
12:28:9.9595,390.8,293.8,fixation
12:28:9.96,390.7,293.7,fixation
12:28:9.96050,391.1,293.7,fixation
12:28:9.961,391.4,293.9,fixation
12:28:9.96150,391.7,294.1,fixation
12:28:9.962,392.6,294.3,fixation
12:28:9.9625,393.6,293.7,fixation
12:28:9.96300,394.4,293.1,fixation
12:28:9.9635,394.1,293.8,fixation
12:28:9.964,393.8,295.2,fixation
12:28:9.96450,393.7,296.1,fixation
12:28:9.965,393.8,295.7,fixation
12:28:9.9655,394.0,294.9,fixation
12:28:9.96600,394.0,294.1,fixation
12:28:9.9665,394.1,293.0,fixation
12:28:9.967,394.2,292.5,fixation
12:28:9.96750,394.3,292.7,fixation
12:28:9.968,394.3,293.4,fixation
12:28:9.9685,394.2,295.1,fixation
12:28:9.96900,393.9,296.4,fixation
12:28:9.9695,393.4,296.7,fixation
12:28:9.97,393.6,295.7,fixation
12:28:9.97050,393.5,294.8,fixation
12:28:9.971,393.7,294.6,fixation
12:28:9.9715,393.3,294.7,fixation
12:28:9.97200,393.5,294.4,fixation
12:28:9.9725,394.0,294.1,fixation
12:28:9.973,394.4,294.8,fixation
12:28:9.97350,394.6,295.8,fixation
12:28:9.974,393.2,296.7,fixation
12:28:9.9745,391.8,296.8,fixation
12:28:9.97500,391.0,297.0,fixation
12:28:9.9755,391.7,297.2,fixation
12:28:9.976,392.3,297.1,fixation
12:28:9.97650,392.3,295.9,fixation
12:28:9.977,392.6,294.8,fixation
12:28:9.97750,392.8,293.8,fixation
12:28:9.978,392.9,294.8,fixation
12:28:9.9785,393.8,295.8,fixation
12:28:9.97900,394.9,296.8,fixation
12:28:9.9795,396.0,295.6,fixation
12:28:9.98,395.4,294.7,fixation
12:28:9.98050,395.0,294.2,fixation
12:28:9.981,394.5,295.0,fixation
12:28:9.9815,394.7,295.3,fixation
12:28:9.98200,395.0,295.3,fixation
12:28:9.9825,395.2,295.7,fixation
12:28:9.983,395.5,296.3,fixation
12:28:9.98350,395.6,297.0,fixation
12:28:9.984,395.5,297.2,fixation
12:28:9.9845,394.5,297.1,fixation
12:28:9.98500,393.6,297.2,fixation
12:28:9.9855,393.5,297.4,fixation
12:28:9.986,394.8,297.9,fixation
12:28:9.98650,396.2,298.0,fixation
12:28:9.987,397.1,297.4,fixation
12:28:9.9875,396.8,296.6,fixation
12:28:9.98800,396.5,295.9,fixation
12:28:9.9885,396.2,295.5,fixation
12:28:9.989,396.3,295.0,fixation
12:28:9.98950,396.5,294.5,fixation
12:28:9.99,396.7,294.6,fixation
12:28:9.9905,396.8,294.9,fixation
12:28:9.99100,396.5,295.1,fixation
12:28:9.9915,395.4,294.7,fixation
12:28:9.992,394.4,294.5,fixation
12:28:9.99250,394.2,294.4,fixation
12:28:9.993,394.8,295.0,fixation
12:28:9.99350,396.0,295.3,fixation
12:28:9.994,396.7,295.3,fixation
12:28:9.9945,397.1,295.0,fixation
12:28:9.99500,397.0,294.7,fixation
12:28:9.9955,397.0,294.5,fixation
12:28:9.996,397.1,294.3,fixation
12:28:9.99650,397.2,295.2,fixation
12:28:9.997,398.5,296.1,fixation
12:28:9.9975,399.8,296.9,fixation
12:28:9.99800,401.1,296.8,fixation
12:28:9.9985,401.2,296.9,fixation
12:28:9.999,400.2,296.9,fixation
12:28:9.99950,398.3,296.4,fixation
12:28:10.,396.3,295.8,fixation
12:28:10.0005,396.2,295.0,fixation
12:28:10.0010,396.9,294.7,fixation
12:28:10.0015,397.4,297.0,fixation
12:28:10.002,397.3,299.6,fixation
12:28:10.0025,397.5,299.9,fixation
12:28:10.003,398.0,297.9,fixation
12:28:10.0035,398.0,295.8,fixation
12:28:10.0040,397.1,295.6,fixation
12:28:10.0045,396.4,294.3,fixation
12:28:10.005,396.3,293.0,fixation
12:28:10.0055,396.6,292.3,fixation
12:28:10.006,396.6,293.7,fixation
12:28:10.0065,396.7,295.4,fixation
12:28:10.0070,396.8,296.4,fixation
12:28:10.0075,396.7,296.4,fixation
12:28:10.0080,396.4,295.9,fixation
12:28:10.0085,396.2,295.7,fixation
12:28:10.009,396.2,295.6,fixation
12:28:10.0095,396.0,295.5,fixation
12:28:10.01,395.8,295.6,fixation
12:28:10.0105,395.6,296.0,fixation
12:28:10.0110,396.5,296.4,fixation
12:28:10.0115,397.4,296.7,fixation
12:28:10.012,398.5,297.0,fixation
12:28:10.0125,398.7,297.3,fixation
12:28:10.013,398.6,298.4,fixation
12:28:10.0135,398.4,299.1,fixation
12:28:10.0140,398.6,300.1,fixation
12:28:10.0145,399.0,300.5,fixation
12:28:10.015,399.5,301.0,fixation
12:28:10.0155,400.1,300.6,fixation
12:28:10.016,400.7,300.0,fixation
12:28:10.0165,400.4,297.7,fixation
12:28:10.0170,399.5,295.9,fixation
12:28:10.0175,398.3,296.4,fixation
12:28:10.018,398.1,298.6,fixation
12:28:10.0185,397.9,298.8,fixation
12:28:10.019,397.9,296.9,fixation
12:28:10.0195,397.8,296.0,fixation
12:28:10.0200,397.6,297.0,fixation
12:28:10.0205,397.3,298.3,fixation
12:28:10.021,397.1,298.6,fixation
12:28:10.0215,397.1,299.7,fixation
12:28:10.022,397.2,300.5,fixation
12:28:10.0225,397.2,301.5,fixation
12:28:10.0230,397.3,302.2,fixation
12:28:10.0235,397.4,302.9,fixation
12:28:10.0240,397.8,301.9,fixation
12:28:10.0245,398.0,300.6,fixation
12:28:10.025,398.2,299.4,fixation
12:28:10.0255,398.2,299.6,fixation
12:28:10.026,398.2,299.8,fixation
12:28:10.0265,398.4,298.9,fixation
12:28:10.0270,398.7,297.1,fixation
12:28:10.0275,399.2,295.4,fixation
12:28:10.028,399.3,295.2,fixation
12:28:10.0285,399.7,296.2,fixation
12:28:10.029,399.7,297.6,fixation
12:28:10.0295,399.7,298.7,fixation
12:28:10.0300,399.3,299.3,fixation
12:28:10.0305,399.1,299.4,fixation
12:28:10.031,398.9,299.3,fixation
12:28:10.0315,398.6,299.2,fixation
12:28:10.032,398.6,299.2,fixation
12:28:10.0325,399.0,299.0,fixation
12:28:10.0330,400.0,298.9,fixation
12:28:10.0335,400.8,298.8,fixation
12:28:10.034,401.8,298.2,fixation
12:28:10.0345,402.2,297.0,fixation
12:28:10.035,402.4,295.8,fixation
12:28:10.0355,400.7,296.3,fixation
12:28:10.0360,398.9,298.1,fixation
12:28:10.0365,397.6,300.1,fixation
12:28:10.037,398.1,300.9,fixation
12:28:10.0375,398.6,300.6,fixation
12:28:10.038,398.7,299.7,fixation
12:28:10.0385,398.8,297.2,fixation
12:28:10.0390,399.0,295.1,fixation
12:28:10.0395,399.5,293.8,fixation
12:28:10.0400,399.8,294.3,fixation
12:28:10.0405,400.0,295.4,fixation
12:28:10.041,399.8,296.6,fixation
12:28:10.0415,399.7,298.2,fixation
12:28:10.042,399.7,299.3,fixation
12:28:10.0425,399.6,299.9,fixation
12:28:10.0430,399.4,300.7,fixation
12:28:10.0435,399.2,301.5,fixation
12:28:10.044,399.0,302.4,fixation
12:28:10.0445,399.3,300.1,fixation
12:28:10.045,399.4,297.9,fixation
12:28:10.0455,399.6,296.0,fixation
12:28:10.0460,399.3,296.4,fixation
12:28:10.0465,399.0,296.9,fixation
12:28:10.047,398.9,296.5,fixation
12:28:10.0475,399.4,296.0,fixation
12:28:10.048,400.3,295.4,fixation
12:28:10.0485,401.2,295.6,fixation
12:28:10.0490,401.4,295.9,fixation
12:28:10.0495,401.1,296.1,fixation
12:28:10.05,400.8,295.2,fixation
12:28:10.0505,400.5,294.2,fixation
12:28:10.051,400.0,295.6,fixation
12:28:10.0515,399.5,297.9,fixation
12:28:10.0520,399.6,298.7,fixation
12:28:10.0525,400.0,297.2,fixation
12:28:10.053,400.5,295.7,fixation
12:28:10.0535,400.4,295.7,fixation
12:28:10.054,400.3,296.0,fixation
12:28:10.0545,400.2,296.3,fixation
12:28:10.0550,400.2,296.6,fixation
12:28:10.0555,400.2,297.2,fixation
12:28:10.0560,400.2,297.8,fixation
12:28:10.0565,400.2,298.0,fixation
12:28:10.057,399.6,297.2,fixation
12:28:10.0575,399.1,296.3,fixation
12:28:10.058,399.6,296.0,fixation
12:28:10.0585,400.7,295.9,fixation
12:28:10.0590,401.5,295.9,fixation
12:28:10.0595,401.1,296.0,fixation
12:28:10.06,400.7,296.3,fixation
12:28:10.0605,400.7,296.0,fixation
12:28:10.061,401.1,295.7,fixation
12:28:10.0615,401.4,295.6,fixation
12:28:10.0620,401.9,296.0,fixation
12:28:10.0625,402.0,296.2,fixation
12:28:10.063,402.1,296.2,fixation
12:28:10.0635,402.0,295.1,fixation
12:28:10.064,401.2,294.1,fixation
12:28:10.0645,400.3,295.2,fixation
12:28:10.0650,399.5,297.4,fixation
12:28:10.0655,399.2,299.9,fixation
12:28:10.066,399.4,300.2,fixation
12:28:10.0665,399.7,301.0,fixation
12:28:10.067,400.2,301.5,fixation
12:28:10.0675,399.7,300.7,fixation
12:28:10.0680,399.0,299.3,fixation
12:28:10.0685,399.0,298.2,fixation
12:28:10.069,399.7,298.6,fixation
12:28:10.0695,400.3,299.2,fixation
12:28:10.07,400.5,299.4,fixation
12:28:10.0705,400.7,299.0,fixation
12:28:10.071,401.0,298.4,fixation
12:28:10.0715,401.0,298.1,fixation
12:28:10.0720,399.7,298.3,fixation
12:28:10.0725,398.7,296.4,fixation
12:28:10.073,398.0,294.3,fixation
12:28:10.0735,398.5,293.6,fixation
12:28:10.074,399.6,295.2,fixation
12:28:10.0745,400.4,296.8,fixation
12:28:10.0750,401.1,297.3,fixation
12:28:10.0755,401.1,297.6,fixation
12:28:10.076,400.3,297.2,fixation
12:28:10.0765,399.6,296.6,fixation
12:28:10.077,399.1,294.9,fixation
12:28:10.0775,399.3,294.1,fixation
12:28:10.0780,400.1,293.4,fixation
12:28:10.0785,400.8,293.7,fixation
12:28:10.079,400.7,295.9,fixation
12:28:10.0795,399.8,297.9,fixation
12:28:10.08,399.0,299.9,fixation
12:28:10.0805,398.9,299.7,fixation
12:28:10.0810,399.4,299.2,fixation
12:28:10.0815,399.9,298.7,fixation
12:28:10.082,400.3,298.4,fixation
12:28:10.0825,400.3,299.0,fixation
12:28:10.083,400.1,299.7,fixation
12:28:10.0835,399.7,300.1,fixation
12:28:10.0840,399.1,300.1,fixation
12:28:10.0845,397.5,299.7,fixation
12:28:10.085,396.0,299.8,fixation
12:28:10.0855,395.1,300.3,fixation
12:28:10.086,395.4,300.9,fixation
12:28:10.0865,396.5,301.7,fixation
12:28:10.087,397.6,302.3,fixation
12:28:10.0875,398.7,301.9,fixation
12:28:10.0880,399.2,301.0,fixation
12:28:10.0885,399.5,300.2,fixation
12:28:10.089,399.8,300.4,fixation
12:28:10.0895,399.9,298.5,fixation
12:28:10.09,400.2,296.5,fixation
12:28:10.0905,400.2,296.9,fixation
12:28:10.0910,399.2,299.3,fixation
12:28:10.0915,398.0,302.3,fixation
12:28:10.092,397.1,302.8,fixation
12:28:10.0925,396.6,303.1,fixation
12:28:10.093,396.3,302.5,fixation
12:28:10.0935,396.0,302.1,fixation
12:28:10.0940,396.1,301.8,fixation
12:28:10.0945,396.0,301.9,fixation
12:28:10.095,396.0,300.0,fixation
12:28:10.0955,396.6,298.1,fixation
12:28:10.096,397.1,297.9,fixation
12:28:10.0965,397.4,299.4,fixation
12:28:10.0970,397.8,301.0,fixation
12:28:10.0975,398.2,301.7,fixation
12:28:10.098,398.4,302.6,fixation
12:28:10.0985,397.8,303.2,fixation
12:28:10.099,396.0,302.3,fixation
12:28:10.0995,394.4,301.5,fixation
12:28:10.1000,392.7,300.9,fixation
12:28:10.1005,392.3,300.6,fixation
12:28:10.101,392.4,300.8,fixation
12:28:10.1015,392.8,301.0,fixation
12:28:10.102,393.3,301.6,fixation
12:28:10.1025,393.5,301.7,fixation
12:28:10.103,393.5,302.2,fixation
12:28:10.1035,393.0,302.7,fixation
12:28:10.1040,392.6,302.4,fixation
12:28:10.1045,393.1,301.0,fixation
12:28:10.105,394.1,299.5,fixation
12:28:10.1055,395.3,298.7,fixation
12:28:10.106,395.5,298.6,fixation
12:28:10.1065,396.2,298.6,fixation
12:28:10.1070,396.5,298.7,fixation
12:28:10.1075,395.8,299.0,fixation
12:28:10.108,394.4,299.2,fixation
12:28:10.1085,393.0,298.9,fixation
12:28:10.109,394.6,297.9,fixation
12:28:10.1095,396.5,296.2,fixation
12:28:10.1100,398.1,294.9,fixation
12:28:10.1105,398.1,296.1,fixation
12:28:10.111,397.8,298.1,fixation
12:28:10.1115,397.9,299.0,fixation
12:28:10.112,397.7,297.8,fixation
12:28:10.1125,397.1,297.6,fixation
12:28:10.1130,396.2,298.5,fixation
12:28:10.1135,395.5,298.8,fixation
12:28:10.114,394.8,298.2,fixation
12:28:10.1145,394.4,297.6,fixation
12:28:10.115,394.1,297.6,fixation
12:28:10.1155,394.4,297.4,fixation
12:28:10.1160,393.7,297.6,fixation
12:28:10.1165,393.0,297.8,fixation
12:28:10.117,392.3,298.1,fixation
12:28:10.1175,392.5,298.1,fixation
12:28:10.118,393.6,298.4,fixation
12:28:10.1185,394.7,298.8,fixation
12:28:10.119,395.8,299.2,fixation
12:28:10.1195,395.9,299.0,fixation
12:28:10.1200,394.4,298.9,fixation
12:28:10.1205,392.9,299.1,fixation
12:28:10.121,391.8,299.4,fixation
12:28:10.1215,392.6,299.5,fixation
12:28:10.122,393.3,299.5,fixation
12:28:10.1225,393.5,299.5,fixation
12:28:10.1230,393.5,299.3,fixation
12:28:10.1235,393.6,299.1,fixation
12:28:10.124,393.7,299.2,fixation
12:28:10.1245,393.6,299.8,fixation
12:28:10.125,393.5,300.4,fixation
12:28:10.1255,393.9,300.9,fixation
12:28:10.1260,394.3,301.1,fixation
12:28:10.1265,394.6,301.1,fixation
12:28:10.127,394.4,301.1,fixation
12:28:10.1275,394.2,301.2,fixation
12:28:10.128,394.3,300.8,fixation
12:28:10.1285,394.6,300.1,fixation
12:28:10.1290,394.6,299.4,fixation
12:28:10.1295,394.4,299.5,fixation
12:28:10.13,394.0,299.8,fixation
12:28:10.1305,393.9,300.0,fixation
12:28:10.131,394.8,300.2,fixation
12:28:10.1315,395.7,300.7,fixation
12:28:10.1320,396.5,301.6,fixation
12:28:10.1325,396.3,302.4,fixation
12:28:10.1330,395.7,302.2,fixation
12:28:10.1335,395.2,300.9,fixation
12:28:10.134,394.8,299.6,fixation
12:28:10.1345,394.4,298.9,fixation
12:28:10.135,394.0,298.4,fixation
12:28:10.1355,394.2,298.1,fixation
12:28:10.1360,394.8,297.8,fixation
12:28:10.1365,395.4,297.9,fixation
12:28:10.137,395.3,298.4,fixation
12:28:10.1375,395.2,299.0,fixation
12:28:10.138,394.9,299.5,fixation
12:28:10.1385,394.7,299.6,fixation
12:28:10.1390,394.4,299.7,fixation
12:28:10.1395,394.1,299.6,fixation
12:28:10.14,393.8,299.4,fixation
12:28:10.1405,393.5,298.9,fixation
12:28:10.141,393.2,298.3,fixation
12:28:10.1415,393.0,297.1,fixation
12:28:10.1420,392.8,296.1,fixation
12:28:10.1425,393.4,296.1,fixation
12:28:10.143,394.0,296.7,fixation
12:28:10.1435,395.4,296.7,fixation
12:28:10.144,396.0,296.2,fixation
12:28:10.1445,396.6,295.3,fixation
12:28:10.1450,396.2,295.0,fixation
12:28:10.1455,396.0,295.5,fixation
12:28:10.146,395.8,296.6,fixation
12:28:10.1465,395.6,297.9,fixation
12:28:10.147,395.3,298.5,fixation
12:28:10.1475,394.9,299.3,fixation
12:28:10.1480,394.8,300.6,fixation
12:28:10.1485,394.4,301.9,fixation
12:28:10.1490,394.2,299.8,fixation
12:28:10.1495,393.8,297.0,fixation
12:28:10.15,394.1,293.8,fixation
12:28:10.1505,394.1,292.6,fixation
12:28:10.151,394.6,291.5,fixation
12:28:10.1515,395.4,291.2,fixation
12:28:10.1520,396.8,291.7,fixation
12:28:10.1525,397.1,295.4,fixation
12:28:10.153,396.8,298.8,fixation
12:28:10.1535,396.0,301.1,fixation
12:28:10.154,396.0,300.4,fixation
12:28:10.1545,396.3,299.7,fixation
12:28:10.1550,396.6,298.8,fixation
12:28:10.1555,396.8,297.5,fixation
12:28:10.156,397.3,296.1,fixation
12:28:10.1565,397.9,296.0,fixation
12:28:10.157,398.5,295.8,fixation
12:28:10.1575,398.3,295.6,fixation
12:28:10.1580,397.7,297.4,fixation
12:28:10.1585,397.1,299.3,fixation
12:28:10.159,397.0,301.2,fixation
12:28:10.1595,395.6,299.6,fixation
12:28:10.16,394.2,298.0,fixation
12:28:10.1605,393.1,296.1,fixation
12:28:10.1610,393.7,296.0,fixation
12:28:10.1615,394.6,296.1,fixation
12:28:10.162,395.0,296.7,fixation
12:28:10.1625,395.1,297.2,fixation
12:28:10.163,396.0,296.9,fixation
12:28:10.1635,397.2,295.6,fixation
12:28:10.1640,397.4,294.3,fixation
12:28:10.1645,396.4,294.2,fixation
12:28:10.1650,396.4,294.8,fixation
12:28:10.1655,397.7,295.4,fixation
12:28:10.166,399.1,295.4,fixation
12:28:10.1665,399.5,296.3,fixation
12:28:10.167,399.4,297.9,fixation
12:28:10.1675,399.2,299.6,fixation
12:28:10.1680,399.2,299.0,fixation
12:28:10.1685,399.2,297.5,fixation
12:28:10.169,399.2,296.2,fixation
12:28:10.1695,399.0,296.3,fixation
12:28:10.17,398.4,297.5,fixation
12:28:10.1705,397.8,298.5,fixation
12:28:10.1710,397.5,298.5,fixation
12:28:10.1715,397.5,298.4,fixation
12:28:10.172,397.5,298.3,fixation
12:28:10.1725,397.7,299.9,fixation
12:28:10.173,398.3,300.5,fixation
12:28:10.1735,398.9,301.1,fixation
12:28:10.1740,399.3,300.9,fixation
12:28:10.1745,398.2,300.5,fixation
12:28:10.175,397.0,299.6,fixation
12:28:10.1755,396.4,298.7,fixation
12:28:10.176,397.5,300.5,fixation
12:28:10.1765,398.6,302.6,fixation
12:28:10.1770,398.9,303.9,fixation
12:28:10.1775,398.9,301.0,fixation
12:28:10.178,398.8,298.0,fixation
12:28:10.1785,398.5,295.9,fixation
12:28:10.179,398.1,296.3,fixation
12:28:10.1795,398.6,298.0,fixation
12:28:10.1800,399.5,299.5,fixation
12:28:10.1805,401.2,298.7,fixation
12:28:10.1810,401.9,296.6,fixation
12:28:10.1815,402.3,295.0,fixation
12:28:10.182,402.0,296.1,fixation
12:28:10.1825,401.6,297.8,fixation
12:28:10.183,401.5,299.5,fixation
12:28:10.1835,401.5,301.4,fixation
12:28:10.1840,401.6,302.7,fixation
12:28:10.1845,401.3,302.0,fixation
12:28:10.185,400.6,299.2,fixation
12:28:10.1855,399.0,296.4,fixation
12:28:10.186,397.7,295.8,fixation
12:28:10.1865,396.7,296.6,fixation
12:28:10.1870,397.6,299.5,fixation
12:28:10.1875,398.6,301.8,fixation
12:28:10.188,399.5,304.9,fixation
12:28:10.1885,399.5,306.0,fixation
12:28:10.189,398.8,304.6,fixation
12:28:10.1895,398.2,302.1,fixation
12:28:10.1900,398.6,299.4,fixation
12:28:10.1905,399.3,299.3,fixation
12:28:10.191,399.9,300.9,fixation
12:28:10.1915,399.3,302.7,fixation
12:28:10.192,398.8,303.8,fixation
12:28:10.1925,397.6,303.8,fixation
12:28:10.1930,396.4,303.7,fixation
12:28:10.1935,395.9,302.0,fixation
12:28:10.194,396.2,299.8,fixation
12:28:10.1945,396.3,297.4,saccade
12:28:10.195,395.8,296.5,saccade
12:28:10.1955,395.7,295.4,saccade
12:28:10.196,395.7,294.3,saccade
12:28:10.1965,394.8,297.1,saccade
12:28:10.1970,393.3,300.2,saccade
12:28:10.1975,390.8,302.7,saccade
12:28:10.198,389.4,301.6,saccade
12:28:10.1985,388.8,300.6,saccade
12:28:10.199,389.0,300.1,saccade
12:28:10.1995,387.3,297.9,saccade
12:28:10.2000,385.5,295.6,saccade
12:28:10.2005,382.0,293.3,saccade
12:28:10.201,380.4,293.2,saccade
12:28:10.2015,379.6,293.2,saccade
12:28:10.202,380.5,293.4,saccade
12:28:10.2025,381.3,293.5,saccade
12:28:10.2030,380.9,293.7,saccade
12:28:10.2035,380.6,293.8,saccade
12:28:10.204,380.2,293.6,saccade
12:28:10.2045,380.2,293.3,saccade
12:28:10.205,380.2,293.1,saccade
12:28:10.2055,380.0,292.9,saccade
12:28:10.2060,380.0,292.3,saccade
12:28:10.2065,381.1,289.7,saccade
12:28:10.207,382.4,287.4,saccade
12:28:10.2075,383.5,287.5,saccade
12:28:10.208,383.4,289.5,saccade
12:28:10.2085,383.4,291.2,saccade
12:28:10.2090,383.4,289.0,fixation
12:28:10.2095,385.0,287.8,fixation
12:28:10.21,386.6,288.1,fixation
12:28:10.2105,389.0,289.4,fixation
12:28:10.211,389.9,290.5,fixation
12:28:10.2115,391.0,290.6,fixation
12:28:10.212,391.2,289.4,fixation
12:28:10.2125,391.4,288.0,fixation
12:28:10.2130,391.6,286.5,fixation
12:28:10.2135,391.7,286.3,fixation
12:28:10.214,391.5,286.5,fixation
12:28:10.2145,390.8,287.6,fixation
12:28:10.215,390.4,288.3,fixation
12:28:10.2155,390.4,288.5,fixation
12:28:10.2160,389.7,289.4,fixation
12:28:10.2165,388.7,290.6,fixation
12:28:10.217,387.7,291.5,fixation
12:28:10.2175,386.0,291.1,fixation
12:28:10.218,384.1,291.9,fixation
12:28:10.2185,382.9,293.2,fixation
12:28:10.2190,383.3,294.5,fixation
12:28:10.2195,382.3,294.3,fixation
12:28:10.22,380.6,293.9,fixation
12:28:10.2205,380.4,293.9,fixation
12:28:10.221,381.8,294.3,fixation
12:28:10.2215,383.2,295.2,fixation
12:28:10.2220,383.1,295.7,fixation
12:28:10.2225,382.4,296.0,fixation
12:28:10.223,381.8,295.6,fixation
12:28:10.2235,381.2,295.3,fixation
12:28:10.224,381.2,295.0,fixation
12:28:10.2245,381.3,295.0,fixation
12:28:10.2250,381.5,295.0,fixation
12:28:10.2255,381.9,294.9,fixation
12:28:10.226,381.8,294.8,fixation
12:28:10.2265,381.7,295.7,fixation
12:28:10.227,381.4,297.1,fixation
12:28:10.2275,381.6,298.2,fixation
12:28:10.228,382.0,297.9,fixation
12:28:10.2285,382.6,296.6,fixation
12:28:10.2290,382.8,295.0,fixation
12:28:10.2295,382.8,293.8,fixation
12:28:10.23,382.5,293.0,fixation
12:28:10.2305,382.8,292.5,fixation
12:28:10.231,383.7,292.0,fixation
12:28:10.2315,384.7,292.1,fixation
12:28:10.2320,385.5,292.5,fixation
12:28:10.2325,386.2,291.6,fixation
12:28:10.233,386.7,290.5,fixation
12:28:10.2335,386.0,290.2,fixation
12:28:10.234,384.2,291.1,fixation
12:28:10.2345,382.5,291.5,fixation
12:28:10.2350,382.1,291.3,fixation
12:28:10.2355,382.5,291.2,fixation
12:28:10.236,382.8,291.7,fixation
12:28:10.2365,383.5,292.0,fixation
12:28:10.237,384.1,292.5,fixation
12:28:10.2375,384.6,293.4,fixation
12:28:10.2380,383.5,294.2,fixation
12:28:10.2385,382.4,294.2,fixation
12:28:10.239,381.6,293.7,fixation
12:28:10.2395,381.8,293.2,fixation
12:28:10.24,382.0,293.3,fixation
12:28:10.2405,383.1,293.6,fixation
12:28:10.2410,384.0,293.9,fixation
12:28:10.2415,385.1,292.5,fixation
12:28:10.242,385.3,291.7,fixation
12:28:10.2425,385.7,290.7,fixation
12:28:10.243,385.5,291.1,fixation
12:28:10.2435,385.4,290.8,fixation
12:28:10.244,385.3,293.8,fixation
12:28:10.2445,385.5,297.0,fixation
12:28:10.2450,385.5,298.0,fixation
12:28:10.2455,385.6,295.9,fixation
12:28:10.246,385.7,293.5,fixation
12:28:10.2465,385.9,293.3,fixation
12:28:10.247,386.0,293.1,fixation
12:28:10.2475,386.0,293.6,fixation
12:28:10.2480,385.5,294.0,fixation
12:28:10.2485,384.9,294.8,fixation
12:28:10.249,384.5,295.1,fixation
12:28:10.2495,384.6,295.2,fixation
12:28:10.25,384.6,294.9,fixation
12:28:10.2505,384.9,291.4,fixation
12:28:10.2510,385.2,288.1,fixation
12:28:10.2515,384.5,287.1,fixation
12:28:10.252,383.4,289.3,fixation
12:28:10.2525,382.3,291.6,fixation
12:28:10.253,382.1,291.9,fixation
12:28:10.2535,382.9,292.3,fixation
12:28:10.2540,384.0,292.7,fixation
12:28:10.2545,385.2,293.1,fixation
12:28:10.255,385.6,293.3,fixation
12:28:10.2555,385.9,293.0,fixation
12:28:10.256,386.0,293.7,fixation
12:28:10.2565,385.5,294.3,fixation
12:28:10.2570,384.7,294.9,fixation
12:28:10.2575,383.9,294.7,fixation
12:28:10.2580,383.9,294.7,fixation
12:28:10.2585,383.9,295.6,fixation
12:28:10.259,384.0,296.6,fixation
12:28:10.2595,383.8,297.6,fixation
12:28:10.26,384.0,297.7,fixation
12:28:10.2605,384.0,297.1,fixation
12:28:10.2610,384.1,295.8,fixation
12:28:10.2615,384.0,295.2,fixation
12:28:10.262,384.0,295.1,fixation
12:28:10.2625,384.7,295.7,fixation
12:28:10.263,385.2,296.6,fixation
12:28:10.2635,385.8,297.6,fixation
12:28:10.2640,385.5,297.8,fixation
12:28:10.2645,385.1,296.8,fixation
12:28:10.265,384.7,294.3,fixation
12:28:10.2655,385.5,292.8,fixation
12:28:10.266,386.5,291.3,fixation
12:28:10.2665,386.6,291.3,fixation
12:28:10.2670,385.8,291.5,fixation
12:28:10.2675,384.7,291.7,fixation
12:28:10.268,384.3,292.1,fixation
12:28:10.2685,386.2,292.6,fixation
12:28:10.269,388.4,292.9,fixation
12:28:10.2695,389.4,293.2,fixation
12:28:10.2700,388.4,293.2,fixation
12:28:10.2705,387.2,294.4,fixation
12:28:10.271,387.7,295.3,fixation
12:28:10.2715,388.2,296.1,fixation
12:28:10.272,388.9,295.8,fixation
12:28:10.2725,388.3,296.3,fixation
12:28:10.2730,387.2,297.0,fixation
12:28:10.2735,385.6,297.7,fixation
12:28:10.2740,384.9,295.2,fixation
12:28:10.2745,384.4,292.6,fixation
12:28:10.275,384.5,289.8,fixation
12:28:10.2755,385.1,289.5,fixation
12:28:10.276,385.7,290.2,fixation
12:28:10.2765,386.1,292.9,fixation
12:28:10.2770,385.8,295.5,fixation
12:28:10.2775,385.7,295.2,fixation
12:28:10.278,385.6,293.2,fixation
12:28:10.2785,384.5,291.1,fixation
12:28:10.279,383.5,290.8,fixation
12:28:10.2795,382.6,290.7,fixation
12:28:10.2800,382.9,290.7,fixation
12:28:10.2805,383.0,290.8,fixation
12:28:10.281,382.9,290.8,fixation
12:28:10.2815,382.1,291.8,fixation
12:28:10.282,381.3,292.7,fixation
12:28:10.2825,381.1,292.4,fixation
12:28:10.2830,381.2,291.1,fixation
12:28:10.2835,381.2,290.5,fixation
12:28:10.284,381.0,291.1,fixation
12:28:10.2845,381.1,291.7,fixation
12:28:10.285,381.4,291.8,fixation
12:28:10.2855,381.7,291.8,fixation
12:28:10.2860,381.6,291.6,fixation
12:28:10.2865,381.4,291.1,fixation
12:28:10.287,381.7,290.6,fixation
12:28:10.2875,382.1,290.3,fixation
12:28:10.288,382.6,289.4,fixation
12:28:10.2885,382.8,288.5,fixation
12:28:10.2890,382.9,288.2,fixation
12:28:10.2895,383.4,288.9,fixation
12:28:10.2900,384.3,289.6,fixation
12:28:10.2905,385.3,290.3,fixation
12:28:10.291,385.7,290.5,fixation
12:28:10.2915,385.6,290.5,fixation
12:28:10.292,385.5,289.8,fixation
12:28:10.2925,385.9,289.5,fixation
12:28:10.2930,386.4,289.8,fixation
12:28:10.2935,386.8,290.0,fixation
12:28:10.294,387.1,290.1,fixation
12:28:10.2945,387.3,290.2,fixation
12:28:10.295,387.5,292.0,fixation
12:28:10.2955,387.5,293.8,fixation
12:28:10.2960,386.5,295.1,fixation
12:28:10.2965,385.6,294.8,fixation
12:28:10.297,384.7,294.4,fixation
12:28:10.2975,384.8,294.0,fixation
12:28:10.298,384.9,293.7,fixation
12:28:10.2985,385.7,292.0,fixation
12:28:10.2990,386.2,290.5,fixation
12:28:10.2995,386.7,288.6,fixation
12:28:10.3,386.9,288.3,fixation
12:28:10.3005,387.5,288.9,fixation
12:28:10.301,388.1,289.6,fixation
12:28:10.3015,388.2,290.3,fixation
12:28:10.3020,388.0,290.7,fixation
12:28:10.3025,387.7,291.1,fixation
12:28:10.303,386.4,291.7,fixation
12:28:10.3035,385.2,291.9,fixation
12:28:10.304,384.3,291.2,fixation
12:28:10.3045,384.8,290.3,fixation
12:28:10.3050,385.1,290.6,fixation
12:28:10.3055,385.0,291.9,fixation
12:28:10.3060,384.6,293.0,fixation
12:28:10.3065,384.3,292.9,fixation
12:28:10.307,384.5,292.9,fixation
12:28:10.3075,384.5,292.8,fixation
12:28:10.308,383.9,293.2,fixation
12:28:10.3085,383.3,293.5,fixation
12:28:10.3090,382.0,292.9,fixation
12:28:10.3095,381.3,291.7,fixation
12:28:10.31,381.7,290.6,fixation
12:28:10.3105,382.7,291.5,fixation
12:28:10.311,383.6,292.4,fixation
12:28:10.3115,383.2,293.1,fixation
12:28:10.3120,382.6,291.9,fixation
12:28:10.3125,381.9,290.8,fixation
12:28:10.313,381.6,291.2,fixation
12:28:10.3135,381.4,292.4,fixation
12:28:10.314,381.4,294.3,fixation
12:28:10.3145,381.6,295.6,fixation
12:28:10.3150,381.8,296.9,fixation
12:28:10.3155,382.0,297.5,fixation
12:28:10.316,382.5,293.8,fixation
12:28:10.3165,383.2,290.2,fixation
12:28:10.317,383.8,287.5,fixation
12:28:10.3175,383.9,288.4,fixation
12:28:10.3180,383.8,289.3,fixation
12:28:10.3185,383.7,289.4,fixation
12:28:10.319,384.7,290.2,fixation
12:28:10.3195,385.5,291.5,fixation
12:28:10.32,386.2,292.7,fixation
12:28:10.3205,385.6,293.3,fixation
12:28:10.321,385.0,293.5,fixation
12:28:10.3215,384.5,294.8,fixation
12:28:10.3220,384.7,296.1,fixation
12:28:10.3225,386.8,297.3,fixation
12:28:10.323,388.9,297.4,fixation
12:28:10.3235,390.3,296.0,fixation
12:28:10.324,389.8,293.9,fixation
12:28:10.3245,388.2,291.7,fixation
12:28:10.3250,386.9,290.8,fixation
12:28:10.3255,385.8,290.7,fixation
12:28:10.326,386.5,290.8,fixation
12:28:10.3265,386.8,291.5,fixation
12:28:10.327,387.0,292.8,fixation
12:28:10.3275,386.5,294.2,fixation
12:28:10.3280,386.8,294.3,fixation
12:28:10.3285,387.2,293.8,fixation
12:28:10.329,387.1,293.5,fixation
12:28:10.3295,385.3,293.9,fixation
12:28:10.33,383.8,294.3,fixation
12:28:10.3305,382.9,293.0,fixation
12:28:10.3310,383.2,291.6,fixation
12:28:10.3315,382.4,290.1,fixation
12:28:10.332,381.6,289.8,fixation
12:28:10.3325,380.9,289.6,fixation
12:28:10.333,381.1,289.5,fixation
12:28:10.3335,381.2,289.6,fixation
12:28:10.3340,381.3,289.6,fixation
12:28:10.3345,381.4,289.5,fixation
12:28:10.335,381.6,289.3,fixation
12:28:10.3355,381.8,288.6,fixation
12:28:10.336,381.0,287.8,fixation
12:28:10.3365,380.2,287.8,fixation
12:28:10.337,379.5,289.1,fixation
12:28:10.3375,379.5,290.5,fixation
12:28:10.3380,379.6,290.2,fixation
12:28:10.3385,379.7,289.3,fixation
12:28:10.339,380.8,288.5,fixation
12:28:10.3395,382.0,288.2,fixation
12:28:10.34,383.3,287.8,fixation
12:28:10.3405,383.3,287.5,fixation
12:28:10.3410,382.7,287.5,fixation
12:28:10.3415,382.2,287.7,fixation
12:28:10.342,381.7,289.4,fixation
12:28:10.3425,381.5,291.0,fixation
12:28:10.343,381.4,291.8,fixation
12:28:10.3435,382.1,291.0,fixation
12:28:10.3440,382.8,290.3,fixation
12:28:10.3445,383.1,291.0,fixation
12:28:10.345,382.8,291.4,fixation
12:28:10.3455,382.3,291.4,fixation
12:28:10.346,382.3,290.6,fixation
12:28:10.3465,382.3,290.2,fixation
12:28:10.3470,382.9,290.0,fixation
12:28:10.3475,383.6,289.9,fixation
12:28:10.348,383.9,289.5,fixation
12:28:10.3485,383.5,288.7,fixation
12:28:10.349,383.2,288.0,fixation
12:28:10.3495,383.3,288.0,fixation
12:28:10.3500,383.5,288.7,fixation
12:28:10.3505,383.7,289.3,fixation
12:28:10.351,383.8,289.3,fixation
12:28:10.3515,383.6,289.0,fixation
12:28:10.352,383.2,289.5,fixation
12:28:10.3525,383.2,290.3,fixation
12:28:10.353,383.2,290.8,fixation
12:28:10.3535,383.5,290.1,fixation
12:28:10.3540,383.8,289.5,fixation
12:28:10.3545,383.9,289.4,fixation
12:28:10.355,384.0,289.6,fixation
12:28:10.3555,384.3,288.5,fixation
12:28:10.356,384.8,287.2,fixation
12:28:10.3565,385.1,287.3,fixation
12:28:10.3570,385.7,288.7,fixation
12:28:10.3575,385.8,289.8,fixation
12:28:10.358,385.9,289.4,fixation
12:28:10.3585,384.6,290.5,fixation
12:28:10.359,383.5,291.9,fixation
12:28:10.3595,383.5,293.5,fixation
12:28:10.3600,385.7,293.8,fixation
12:28:10.3605,387.9,294.1,fixation
12:28:10.361,388.5,293.6,fixation
12:28:10.3615,387.9,292.5,fixation
12:28:10.362,386.1,291.1,fixation
12:28:10.3625,385.0,290.7,fixation
12:28:10.3630,383.9,290.6,fixation
12:28:10.3635,385.1,289.3,fixation
12:28:10.364,386.2,287.8,fixation
12:28:10.3645,385.4,288.0,fixation
12:28:10.365,383.5,289.7,fixation
12:28:10.3655,382.6,291.4,fixation
12:28:10.3660,383.7,291.8,fixation
12:28:10.3665,384.5,292.1,fixation
12:28:10.367,384.5,291.2,fixation
12:28:10.3675,384.8,290.0,fixation
12:28:10.368,385.0,290.0,fixation
12:28:10.3685,385.1,291.2,fixation
12:28:10.369,384.7,292.3,fixation
12:28:10.3695,385.0,292.6,fixation
12:28:10.3700,385.4,292.9,fixation
12:28:10.3705,385.8,291.5,fixation
12:28:10.371,385.6,290.5,fixation
12:28:10.3715,385.4,290.1,fixation
12:28:10.372,384.9,291.3,fixation
12:28:10.3725,384.6,292.0,fixation
12:28:10.3730,384.5,292.2,fixation
12:28:10.3735,384.4,292.4,fixation
12:28:10.374,385.3,292.7,fixation
12:28:10.3745,386.2,292.8,fixation
12:28:10.375,386.5,292.6,fixation
12:28:10.3755,385.6,292.1,fixation
12:28:10.3760,384.8,291.9,fixation
12:28:10.3765,384.6,291.9,fixation
12:28:10.377,384.7,292.1,fixation
12:28:10.3775,384.9,292.2,fixation
12:28:10.378,385.1,292.3,fixation
12:28:10.3785,384.8,292.2,fixation
12:28:10.3790,384.3,292.3,fixation
12:28:10.3795,383.9,292.4,fixation
12:28:10.38,384.0,292.5,fixation
12:28:10.3805,383.7,291.5,fixation
12:28:10.381,383.4,290.8,fixation
12:28:10.3815,384.1,290.3,fixation
12:28:10.3820,385.2,291.2,fixation
12:28:10.3825,385.1,291.9,fixation
12:28:10.3830,384.0,292.6,fixation
12:28:10.3835,382.9,292.7,fixation
12:28:10.384,383.0,292.8,fixation
12:28:10.3845,383.4,292.9,fixation
12:28:10.385,384.0,292.6,fixation
12:28:10.3855,384.6,291.8,fixation
12:28:10.3860,384.5,290.9,fixation
12:28:10.3865,383.3,292.1,fixation
12:28:10.387,382.1,293.8,fixation
12:28:10.3875,381.4,293.7,fixation
12:28:10.388,381.8,292.4,fixation
12:28:10.3885,382.7,291.1,fixation
12:28:10.3890,383.3,291.6,fixation
12:28:10.3895,383.8,291.7,fixation
12:28:10.39,383.4,292.4,fixation
12:28:10.3905,383.1,292.8,fixation
12:28:10.391,383.0,293.0,fixation
12:28:10.3915,383.3,291.4,fixation
12:28:10.3920,383.5,290.2,fixation
12:28:10.3925,384.3,289.3,fixation
12:28:10.393,385.0,289.2,fixation
12:28:10.3935,384.8,289.0,fixation
12:28:10.394,383.6,288.7,fixation
12:28:10.3945,382.4,288.6,fixation
12:28:10.3950,383.1,288.5,fixation
12:28:10.3955,384.1,288.9,fixation
12:28:10.396,385.0,289.3,fixation
12:28:10.3965,385.0,289.5,fixation
12:28:10.397,384.8,289.4,fixation
12:28:10.3975,385.0,289.4,fixation
12:28:10.3980,385.4,289.9,fixation
12:28:10.3985,386.0,290.6,fixation
12:28:10.3990,385.3,291.2,fixation
12:28:10.3995,384.4,291.8,fixation
12:28:10.4,383.5,292.0,fixation
12:28:10.4005,383.0,292.0,fixation
12:28:10.401,382.2,291.8,fixation
12:28:10.4015,381.5,291.6,fixation
12:28:10.4020,381.3,291.1,fixation
12:28:10.4025,380.5,290.6,fixation
12:28:10.403,379.8,290.0,fixation
12:28:10.4035,379.9,289.9,fixation
12:28:10.404,380.9,289.4,fixation
12:28:10.4045,382.0,289.0,fixation
12:28:10.4050,382.1,288.5,fixation
12:28:10.4055,382.0,288.2,fixation
12:28:10.406,381.8,287.8,fixation
12:28:10.4065,381.4,289.3,fixation
12:28:10.407,380.7,291.2,fixation
12:28:10.4075,380.0,293.2,fixation
12:28:10.4080,379.7,293.3,fixation
12:28:10.4085,379.8,293.2,fixation
12:28:10.409,380.4,290.5,fixation
12:28:10.4095,381.3,287.8,fixation
12:28:10.41,382.2,285.2,fixation
12:28:10.4105,382.3,285.0,fixation
12:28:10.4110,381.8,287.1,fixation
12:28:10.4115,381.1,289.3,fixation
12:28:10.412,380.8,289.5,fixation
12:28:10.4125,381.1,287.4,fixation
12:28:10.413,381.4,286.3,fixation
12:28:10.4135,381.5,288.8,saccade
12:28:10.4140,380.4,289.5,saccade
12:28:10.4145,379.3,290.2,saccade
12:28:10.4150,378.3,290.7,saccade
12:28:10.4155,378.2,290.8,saccade
12:28:10.416,378.4,289.5,saccade
12:28:10.4165,378.6,288.2,saccade
12:28:10.417,378.6,287.1,saccade
12:28:10.4175,378.3,287.7,saccade
12:28:10.4180,378.6,289.0,saccade
12:28:10.4185,379.7,290.1,saccade
12:28:10.419,381.0,291.2,saccade
12:28:10.4195,381.9,291.2,saccade
12:28:10.42,384.1,291.1,saccade
12:28:10.4205,386.0,290.3,saccade
12:28:10.4210,389.1,290.0,saccade
12:28:10.4215,390.7,289.7,saccade
12:28:10.422,393.1,289.9,saccade
12:28:10.4225,395.8,289.8,saccade
12:28:10.423,399.6,289.7,saccade
12:28:10.4235,403.9,290.3,saccade
12:28:10.4240,410.5,291.0,saccade
12:28:10.4245,417.6,291.5,saccade
12:28:10.425,423.6,291.3,saccade
12:28:10.4255,429.2,291.3,saccade
12:28:10.426,433.5,291.5,saccade
12:28:10.4265,439.8,292.0,saccade
12:28:10.4270,444.1,292.4,saccade
12:28:10.4275,448.0,292.4,saccade
12:28:10.428,450.8,292.4,saccade
12:28:10.4285,454.3,292.9,saccade
12:28:10.429,458.6,293.6,saccade
12:28:10.4295,462.0,293.7,saccade
12:28:10.4300,463.5,292.7,saccade
12:28:10.4305,464.7,291.6,saccade
12:28:10.4310,466.7,290.5,saccade
12:28:10.4315,469.6,289.8,saccade
12:28:10.432,471.8,289.1,saccade
12:28:10.4325,473.9,287.2,saccade
12:28:10.433,474.9,285.5,saccade
12:28:10.4335,476.6,284.1,saccade
12:28:10.4340,478.1,284.0,saccade
12:28:10.4345,479.7,283.7,saccade
12:28:10.435,480.4,283.4,saccade
12:28:10.4355,480.6,282.2,saccade
12:28:10.436,479.3,281.0,saccade
12:28:10.4365,478.1,279.9,saccade
12:28:10.4370,476.6,279.8,saccade
12:28:10.4375,476.6,278.4,saccade
12:28:10.438,474.7,276.3,saccade
12:28:10.4385,472.9,274.3,saccade
12:28:10.439,469.8,274.3,saccade
12:28:10.4395,468.6,276.0,saccade
12:28:10.4400,467.2,278.3,saccade
12:28:10.4405,466.8,279.7,saccade
12:28:10.441,466.3,279.9,saccade
12:28:10.4415,465.8,279.5,saccade
12:28:10.442,463.7,279.5,saccade
12:28:10.4425,461.8,279.8,saccade
12:28:10.4430,459.7,280.3,saccade
12:28:10.4435,459.1,282.3,saccade
12:28:10.444,458.3,283.5,saccade
12:28:10.4445,457.8,284.4,saccade
12:28:10.445,456.2,284.2,saccade
12:28:10.4455,454.6,284.7,saccade
12:28:10.446,452.3,288.0,fixation
12:28:10.4465,451.9,289.5,fixation
12:28:10.4470,451.6,290.0,fixation
12:28:10.4475,451.4,289.1,fixation
12:28:10.448,451.1,288.6,fixation
12:28:10.4485,451.7,288.9,fixation
12:28:10.449,452.9,289.2,fixation
12:28:10.4495,454.2,289.2,fixation
12:28:10.4500,454.7,288.6,fixation
12:28:10.4505,454.9,287.0,fixation
12:28:10.451,455.8,285.7,fixation
12:28:10.4515,457.1,285.0,fixation
12:28:10.452,458.3,285.3,fixation
12:28:10.4525,458.7,285.6,fixation
12:28:10.4530,458.7,285.5,fixation
12:28:10.4535,458.7,285.6,fixation
12:28:10.454,458.8,286.0,fixation
12:28:10.4545,459.0,286.4,fixation
12:28:10.455,460.2,286.7,fixation
12:28:10.4555,461.4,286.4,fixation
12:28:10.4560,462.7,286.0,fixation
12:28:10.4565,463.0,285.4,fixation
12:28:10.457,463.1,284.8,fixation
12:28:10.4575,462.7,283.8,fixation
12:28:10.458,462.2,283.0,fixation
12:28:10.4585,461.5,282.3,fixation
12:28:10.4590,461.0,282.1,fixation
12:28:10.4595,460.3,282.9,fixation
12:28:10.46,460.1,284.0,fixation
12:28:10.4605,460.0,285.4,fixation
12:28:10.461,459.7,285.6,fixation
12:28:10.4615,459.4,285.8,fixation
12:28:10.462,459.4,285.7,fixation
12:28:10.4625,460.0,285.5,fixation
12:28:10.4630,460.6,287.9,fixation
12:28:10.4635,461.0,290.3,fixation
12:28:10.464,461.2,292.7,fixation
12:28:10.4645,461.4,292.6,fixation
12:28:10.465,461.6,292.5,fixation
12:28:10.4655,461.9,290.9,fixation
12:28:10.4660,461.8,289.2,fixation
12:28:10.4665,461.5,287.4,fixation
12:28:10.467,460.2,286.6,fixation
12:28:10.4675,459.2,285.9,fixation
12:28:10.468,458.5,285.4,fixation
12:28:10.4685,459.9,285.5,fixation
12:28:10.4690,461.3,286.7,fixation
12:28:10.4695,462.7,287.9,fixation
12:28:10.47,462.8,289.0,fixation
12:28:10.4705,462.5,289.0,fixation
12:28:10.471,461.7,287.7,fixation
12:28:10.4715,461.3,286.4,fixation
12:28:10.4720,461.9,284.7,fixation
12:28:10.4725,462.8,284.4,fixation
12:28:10.473,461.6,285.4,fixation
12:28:10.4735,459.8,286.9,fixation
12:28:10.474,458.0,288.3,fixation
12:28:10.4745,458.0,288.1,fixation
12:28:10.4750,458.9,287.6,fixation
12:28:10.4755,460.0,286.8,fixation
12:28:10.476,459.7,286.3,fixation
12:28:10.4765,457.9,285.4,fixation
12:28:10.477,456.1,284.8,fixation
12:28:10.4775,456.8,284.4,fixation
12:28:10.478,458.0,284.4,fixation
12:28:10.4785,458.7,285.0,fixation
12:28:10.4790,458.2,285.5,fixation
12:28:10.4795,457.5,288.8,fixation
12:28:10.48,457.4,291.6,fixation
12:28:10.4805,457.4,292.1,fixation
12:28:10.481,457.7,289.6,fixation
12:28:10.4815,458.1,286.4,fixation
12:28:10.4820,457.9,285.5,fixation
12:28:10.4825,457.6,284.9,fixation
12:28:10.483,457.3,284.8,fixation
12:28:10.4835,457.3,284.5,fixation
12:28:10.484,457.1,284.3,fixation
12:28:10.4845,456.7,285.0,fixation
12:28:10.4850,456.2,285.9,fixation
12:28:10.4855,455.8,286.7,fixation
12:28:10.486,455.6,286.4,fixation
12:28:10.4865,455.8,286.0,fixation
12:28:10.487,456.1,285.6,fixation
12:28:10.4875,456.6,283.7,fixation
12:28:10.4880,456.8,281.8,fixation
12:28:10.4885,457.4,282.0,fixation
12:28:10.489,457.7,284.2,fixation
12:28:10.4895,458.2,285.6,fixation
12:28:10.49,458.2,284.9,fixation
12:28:10.4905,458.4,284.2,fixation
12:28:10.4910,458.8,283.3,fixation
12:28:10.4915,459.3,282.5,fixation
12:28:10.492,459.3,282.5,fixation
12:28:10.4925,459.0,283.3,fixation
12:28:10.493,458.7,283.8,fixation
12:28:10.4935,458.7,283.0,fixation
12:28:10.494,458.3,282.2,fixation
12:28:10.4945,457.7,283.5,fixation
12:28:10.4950,457.0,284.9,fixation
12:28:10.4955,456.9,285.9,fixation
12:28:10.496,457.0,285.3,fixation
12:28:10.4965,457.1,285.5,fixation
12:28:10.497,457.6,286.0,fixation
12:28:10.4975,458.1,285.9,fixation
12:28:10.4980,458.6,285.3,fixation
12:28:10.4985,458.6,284.5,fixation
12:28:10.499,458.6,284.5,fixation
12:28:10.4995,458.5,284.8,fixation
12:28:10.5,458.3,286.3,fixation
12:28:10.5005,458.1,287.5,fixation
12:28:10.5010,457.8,288.4,fixation
12:28:10.5015,457.7,288.0,fixation
12:28:10.502,457.8,287.4,fixation
12:28:10.5025,458.9,287.2,fixation
12:28:10.503,459.6,287.2,fixation
12:28:10.5035,459.8,287.1,fixation
12:28:10.5040,459.3,286.8,fixation
12:28:10.5045,458.8,286.7,fixation
12:28:10.505,458.7,286.9,fixation
12:28:10.5055,458.8,285.1,fixation
12:28:10.506,458.5,283.2,fixation
12:28:10.5065,457.9,283.7,fixation
12:28:10.5070,457.2,286.1,fixation
12:28:10.5075,456.8,288.4,fixation
12:28:10.5080,456.5,287.1,fixation
12:28:10.5085,456.2,285.8,fixation
12:28:10.509,456.1,284.5,fixation
12:28:10.5095,456.1,284.3,fixation
12:28:10.51,457.1,284.2,fixation
12:28:10.5105,458.2,284.4,fixation
12:28:10.5110,458.5,285.0,fixation
12:28:10.5115,457.8,284.8,fixation
12:28:10.512,457.2,284.1,fixation
12:28:10.5125,457.3,283.2,fixation
12:28:10.513,457.0,283.6,fixation
12:28:10.5135,456.5,284.2,fixation
12:28:10.5140,455.9,284.9,fixation
12:28:10.5145,455.5,285.2,fixation
12:28:10.515,456.1,284.3,fixation
12:28:10.5155,458.0,281.2,fixation
12:28:10.516,459.9,278.1,fixation
12:28:10.5165,459.8,278.9,fixation
12:28:10.5170,458.4,281.6,fixation
12:28:10.5175,458.0,284.4,fixation
12:28:10.518,458.7,285.0,fixation
12:28:10.5185,459.3,285.6,fixation
12:28:10.519,459.0,284.2,fixation
12:28:10.5195,458.8,282.3,fixation
12:28:10.5200,458.7,281.5,fixation
12:28:10.5205,458.3,282.7,fixation
12:28:10.521,457.8,283.6,fixation
12:28:10.5215,457.6,283.2,fixation
12:28:10.522,458.5,283.0,fixation
12:28:10.5225,459.5,283.1,fixation
12:28:10.5230,458.9,283.4,fixation
12:28:10.5235,457.4,284.0,fixation
12:28:10.5240,455.8,284.5,fixation
12:28:10.5245,457.7,285.2,fixation
12:28:10.525,459.6,285.3,fixation
12:28:10.5255,461.5,285.6,fixation
12:28:10.526,460.7,285.7,fixation
12:28:10.5265,459.9,284.7,fixation
12:28:10.5270,459.1,283.5,fixation
12:28:10.5275,458.7,285.4,fixation
12:28:10.528,458.1,288.4,fixation
12:28:10.5285,458.0,288.5,fixation
12:28:10.529,458.4,285.4,fixation
12:28:10.5295,458.1,282.4,fixation
12:28:10.5300,457.2,282.6,fixation
12:28:10.5305,456.7,282.8,fixation
12:28:10.531,457.8,283.8,fixation
12:28:10.5315,459.0,284.6,fixation
12:28:10.532,459.7,286.0,fixation
12:28:10.5325,459.6,286.7,fixation
12:28:10.5330,459.8,285.4,fixation
12:28:10.5335,459.6,283.5,fixation
12:28:10.534,459.4,282.6,fixation
12:28:10.5345,460.4,283.3,fixation
12:28:10.535,461.8,284.0,fixation
12:28:10.5355,463.2,283.8,fixation
12:28:10.5360,463.1,284.2,fixation
12:28:10.5365,462.5,284.5,fixation
12:28:10.537,462.1,284.7,fixation
12:28:10.5375,461.7,284.9,fixation
12:28:10.538,461.7,285.1,fixation
12:28:10.5385,461.4,285.7,fixation
12:28:10.5390,461.0,286.1,fixation
12:28:10.5395,460.7,286.2,fixation
12:28:10.5400,460.8,285.5,fixation
12:28:10.5405,461.0,284.5,fixation
12:28:10.541,461.1,283.9,fixation
12:28:10.5415,461.2,283.6,fixation
12:28:10.542,461.2,283.8,fixation
12:28:10.5425,461.2,284.0,fixation
12:28:10.5430,462.6,284.3,fixation
12:28:10.5435,464.0,284.3,fixation
12:28:10.544,465.4,283.5,fixation
12:28:10.5445,464.8,282.6,fixation
12:28:10.545,464.0,282.3,fixation
12:28:10.5455,463.1,282.9,fixation
12:28:10.5460,463.0,283.8,fixation
12:28:10.5465,462.8,285.1,fixation
12:28:10.547,462.1,286.4,fixation
12:28:10.5475,461.5,286.9,fixation
12:28:10.548,461.8,286.1,fixation
12:28:10.5485,462.5,285.3,fixation
12:28:10.5490,463.2,285.1,fixation
12:28:10.5495,463.8,285.3,fixation
12:28:10.55,464.3,285.3,fixation
12:28:10.5505,464.2,285.1,fixation
12:28:10.551,463.7,284.3,fixation
12:28:10.5515,463.6,283.8,fixation
12:28:10.5520,464.0,283.6,fixation
12:28:10.5525,464.5,283.6,fixation
12:28:10.553,464.6,283.5,fixation
12:28:10.5535,464.7,283.9,fixation
12:28:10.554,463.0,284.3,fixation
12:28:10.5545,460.7,283.5,fixation
12:28:10.5550,458.4,282.3,fixation
12:28:10.5555,458.0,281.9,fixation
12:28:10.5560,458.6,283.1,fixation
12:28:10.5565,459.1,284.4,fixation
12:28:10.557,460.0,284.2,fixation
12:28:10.5575,460.5,283.5,fixation
12:28:10.558,460.1,282.3,fixation
12:28:10.5585,459.1,281.7,fixation
12:28:10.5590,458.0,281.0,fixation
12:28:10.5595,458.0,279.6,fixation
12:28:10.56,459.1,278.3,fixation
12:28:10.5605,460.6,278.1,fixation
12:28:10.561,462.0,278.9,fixation
12:28:10.5615,461.8,279.7,fixation
12:28:10.5620,461.3,280.1,fixation
12:28:10.5625,460.7,281.1,fixation
12:28:10.563,460.7,282.6,fixation
12:28:10.5635,460.9,283.2,fixation
12:28:10.564,461.3,283.2,fixation
12:28:10.5645,460.6,282.6,fixation
12:28:10.5650,459.7,282.1,fixation
12:28:10.5655,458.7,281.8,fixation
12:28:10.566,458.5,281.7,fixation
12:28:10.5665,458.3,282.4,fixation
12:28:10.567,458.1,282.5,fixation
12:28:10.5675,458.1,282.3,fixation
12:28:10.5680,458.9,281.7,fixation
12:28:10.5685,459.7,281.6,fixation
12:28:10.569,460.5,281.6,fixation
12:28:10.5695,460.5,281.5,fixation
12:28:10.57,460.5,281.3,fixation
12:28:10.5705,461.2,281.2,fixation
12:28:10.571,462.0,280.4,fixation
12:28:10.5715,462.9,279.3,fixation
12:28:10.5720,463.0,278.1,fixation
12:28:10.5725,463.0,278.8,fixation
12:28:10.573,463.0,279.9,fixation
12:28:10.5735,463.2,281.3,fixation
12:28:10.574,463.7,281.7,fixation
12:28:10.5745,464.2,281.4,fixation
12:28:10.5750,464.5,280.9,fixation
12:28:10.5755,464.5,280.4,fixation
12:28:10.576,464.5,280.8,fixation
12:28:10.5765,464.4,281.9,fixation
12:28:10.577,464.3,282.8,fixation
12:28:10.5775,464.4,283.8,fixation
12:28:10.5780,464.6,284.1,fixation
12:28:10.5785,464.8,284.4,fixation
12:28:10.579,464.9,284.4,fixation
12:28:10.5795,465.0,284.4,fixation
12:28:10.58,464.9,283.9,fixation
12:28:10.5805,464.8,283.6,fixation
12:28:10.5810,464.6,283.5,fixation
12:28:10.5815,464.4,284.6,fixation
12:28:10.582,464.0,285.4,fixation
12:28:10.5825,463.9,284.0,fixation
12:28:10.583,463.9,282.0,fixation
12:28:10.5835,464.4,281.6,fixation
12:28:10.5840,464.6,283.2,fixation
12:28:10.5845,464.4,283.2,fixation
12:28:10.585,462.7,281.7,fixation
12:28:10.5855,460.9,280.1,fixation
12:28:10.586,459.9,280.4,fixation
12:28:10.5865,460.4,280.6,fixation
12:28:10.587,461.2,280.3,fixation
12:28:10.5875,461.8,279.8,fixation
12:28:10.5880,462.2,281.3,fixation
12:28:10.5885,462.4,283.3,fixation
12:28:10.589,461.9,284.9,fixation
12:28:10.5895,461.4,284.6,fixation
12:28:10.59,460.8,285.2,fixation
12:28:10.5905,460.6,286.2,fixation
12:28:10.5910,460.5,285.6,fixation
12:28:10.5915,460.5,284.8,fixation
12:28:10.592,460.2,283.9,fixation
12:28:10.5925,459.8,283.2,fixation
12:28:10.593,459.5,281.9,fixation
12:28:10.5935,460.6,281.2,fixation
12:28:10.5940,461.4,281.8,fixation
12:28:10.5945,462.9,282.4,fixation
12:28:10.595,463.5,282.4,fixation
12:28:10.5955,462.1,282.3,fixation
12:28:10.596,460.1,282.1,fixation
12:28:10.5965,458.2,282.0,fixation
12:28:10.5970,458.3,281.5,fixation
12:28:10.5975,458.4,280.9,fixation
12:28:10.598,459.2,280.3,fixation
12:28:10.5985,459.8,280.5,fixation
12:28:10.599,460.3,280.8,fixation
12:28:10.5995,460.1,281.3,fixation
12:28:10.6000,460.0,281.5,fixation
12:28:10.6005,460.3,279.5,fixation
12:28:10.601,460.5,277.4,fixation
12:28:10.6015,460.9,278.1,fixation
12:28:10.602,460.6,280.9,fixation
12:28:10.6025,460.0,283.4,fixation
12:28:10.603,459.8,282.6,fixation
12:28:10.6035,460.1,281.9,fixation
12:28:10.6040,460.8,280.4,fixation
12:28:10.6045,461.3,279.3,fixation
12:28:10.605,461.5,278.9,fixation
12:28:10.6055,461.2,280.2,fixation
12:28:10.606,460.0,281.5,fixation
12:28:10.6065,458.9,282.2,fixation
12:28:10.6070,458.9,282.2,fixation
12:28:10.6075,459.6,282.1,fixation
12:28:10.608,460.3,282.0,fixation
12:28:10.6085,460.3,282.0,fixation
12:28:10.609,460.6,281.5,fixation
12:28:10.6095,460.9,281.4,fixation
12:28:10.6100,461.3,281.9,fixation
12:28:10.6105,461.3,282.9,fixation
12:28:10.611,461.4,282.1,fixation
12:28:10.6115,461.1,280.8,fixation
12:28:10.612,460.9,279.2,fixation
12:28:10.6125,460.7,278.8,fixation
12:28:10.6130,460.5,278.2,fixation
12:28:10.6135,460.4,277.7,fixation
12:28:10.614,460.9,277.2,fixation
12:28:10.6145,462.7,277.0,fixation
12:28:10.615,464.5,277.9,fixation
12:28:10.6155,465.6,278.7,fixation
12:28:10.6160,465.7,279.8,fixation
12:28:10.6165,465.3,280.0,fixation
12:28:10.617,464.2,280.0,fixation
12:28:10.6175,462.7,278.8,fixation
12:28:10.618,461.4,277.8,fixation
12:28:10.6185,460.4,277.4,fixation
12:28:10.619,461.0,278.7,fixation
12:28:10.6195,462.0,280.0,fixation
12:28:10.6200,462.8,280.7,fixation
12:28:10.6205,462.8,280.5,fixation
12:28:10.621,462.9,280.4,fixation
12:28:10.6215,463.0,280.6,fixation
12:28:10.622,463.1,280.9,fixation
12:28:10.6225,462.9,282.0,fixation
12:28:10.6230,462.8,283.0,fixation
12:28:10.6235,462.6,283.7,fixation
12:28:10.624,462.7,282.0,fixation
12:28:10.6245,463.5,280.3,fixation
12:28:10.625,464.3,279.0,fixation
12:28:10.6255,464.2,279.3,fixation
12:28:10.6260,463.4,279.9,fixation
12:28:10.6265,462.3,280.3,fixation
12:28:10.627,461.5,280.1,fixation
12:28:10.6275,460.8,279.6,fixation
12:28:10.628,460.6,279.2,fixation
12:28:10.6285,460.9,279.2,fixation
12:28:10.6290,461.5,279.0,fixation
12:28:10.6295,463.1,278.8,fixation
12:28:10.63,464.4,279.5,fixation
12:28:10.6305,465.1,280.8,fixation
12:28:10.631,464.6,282.1,fixation
12:28:10.6315,464.3,280.9,fixation
12:28:10.6320,462.6,279.3,fixation
12:28:10.6325,460.9,278.3,fixation
12:28:10.6330,459.1,278.7,fixation
12:28:10.6335,459.3,279.1,fixation
12:28:10.634,460.3,278.4,fixation
12:28:10.6345,461.3,278.0,fixation
12:28:10.635,462.1,278.5,fixation
12:28:10.6355,462.0,280.1,fixation
12:28:10.6360,461.9,281.6,fixation
12:28:10.6365,461.8,282.3,fixation
12:28:10.637,461.5,282.8,fixation
12:28:10.6375,458.8,283.3,fixation
12:28:10.638,456.2,283.7,fixation
12:28:10.6385,455.2,283.8,fixation
12:28:10.6390,456.6,284.0,fixation
12:28:10.6395,458.1,284.2,fixation
12:28:10.64,458.3,284.2,fixation
12:28:10.6405,458.7,284.2,fixation
12:28:10.641,459.3,284.3,fixation
12:28:10.6415,460.0,284.4,fixation
12:28:10.6420,460.7,283.3,fixation
12:28:10.6425,460.7,281.4,fixation
12:28:10.643,460.6,279.6,fixation
12:28:10.6435,460.2,278.9,fixation
12:28:10.644,460.4,278.9,fixation
12:28:10.6445,460.4,280.5,fixation
12:28:10.6450,460.8,282.2,fixation
12:28:10.6455,461.2,282.1,fixation
12:28:10.646,461.8,280.2,fixation
12:28:10.6465,461.9,278.4,fixation
12:28:10.647,461.5,280.0,fixation
12:28:10.6475,460.9,281.7,fixation
12:28:10.6480,460.5,282.9,fixation
12:28:10.6485,460.4,282.1,fixation
12:28:10.6490,460.0,280.8,fixation
12:28:10.6495,459.9,279.9,fixation
12:28:10.65,459.8,280.2,fixation
12:28:10.6505,459.4,280.9,fixation
12:28:10.651,458.4,281.8,fixation
12:28:10.6515,457.2,281.9,fixation
12:28:10.6520,456.9,280.0,fixation
12:28:10.6525,456.5,278.0,fixation
12:28:10.653,456.4,276.0,fixation
12:28:10.6535,455.7,278.2,fixation
12:28:10.654,455.0,280.3,fixation
12:28:10.6545,454.5,282.0,fixation
12:28:10.6550,455.5,281.6,fixation
12:28:10.6555,456.8,281.2,fixation
12:28:10.656,458.2,280.3,fixation
12:28:10.6565,458.4,279.4,fixation
12:28:10.657,458.3,278.3,fixation
12:28:10.6575,457.9,278.5,fixation
12:28:10.6580,457.5,278.7,fixation
12:28:10.6585,457.4,278.2,fixation
12:28:10.659,457.3,277.6,fixation
12:28:10.6595,457.5,276.9,fixation
12:28:10.66,457.5,277.2,fixation
12:28:10.6605,457.4,277.7,fixation
12:28:10.6610,457.2,278.0,fixation
12:28:10.6615,457.5,278.0,fixation
12:28:10.662,458.0,277.6,fixation
12:28:10.6625,457.6,277.4,fixation
12:28:10.663,456.5,277.3,fixation
12:28:10.6635,455.3,277.2,fixation
12:28:10.6640,455.1,277.2,fixation
12:28:10.6645,455.7,277.0,fixation
12:28:10.6650,456.4,276.6,fixation
12:28:10.6655,456.1,277.6,fixation
12:28:10.666,454.9,279.4,fixation
12:28:10.6665,454.7,281.3,fixation
12:28:10.667,455.6,281.2,fixation
12:28:10.6675,456.7,280.7,fixation
12:28:10.6680,456.9,279.8,fixation
12:28:10.6685,457.1,279.2,fixation
12:28:10.669,457.1,278.6,fixation
12:28:10.6695,457.1,278.4,fixation
12:28:10.67,455.9,278.5,fixation
12:28:10.6705,454.7,278.2,fixation
12:28:10.6710,454.7,277.9,fixation
12:28:10.6715,455.4,277.6,fixation
12:28:10.672,455.6,277.8,fixation
12:28:10.6725,454.4,278.0,fixation
12:28:10.673,453.7,278.1,fixation
12:28:10.6735,454.7,277.6,fixation
12:28:10.6740,456.3,277.0,fixation
12:28:10.6745,457.8,276.4,fixation
12:28:10.675,457.7,276.3,fixation
12:28:10.6755,456.5,276.1,saccade
12:28:10.676,456.2,277.2,saccade
12:28:10.6765,456.2,278.3,saccade
12:28:10.6770,456.1,279.4,saccade
12:28:10.6775,456.1,279.4,saccade
12:28:10.678,456.0,279.7,saccade
12:28:10.6785,454.9,279.9,saccade
12:28:10.679,453.7,280.1,saccade
12:28:10.6795,453.6,281.8,saccade
12:28:10.6800,454.7,282.9,saccade
12:28:10.6805,455.0,283.3,saccade
12:28:10.6810,454.3,282.0,saccade
12:28:10.6815,455.1,281.7,saccade
12:28:10.682,456.6,282.5,saccade
12:28:10.6825,458.1,283.2,saccade
12:28:10.683,460.0,281.5,saccade
12:28:10.6835,463.4,279.4,saccade
12:28:10.6840,466.5,280.5,saccade
12:28:10.6845,468.7,283.8,saccade
12:28:10.685,471.6,286.2,saccade
12:28:10.6855,475.6,285.5,saccade
12:28:10.686,479.6,284.6,saccade
12:28:10.6865,483.5,284.4,saccade
12:28:10.6870,487.2,283.8,saccade
12:28:10.6875,490.0,283.1,saccade
12:28:10.688,493.7,282.3,saccade
12:28:10.6885,499.8,279.5,saccade
12:28:10.689,507.1,277.1,saccade
12:28:10.6895,512.5,274.8,saccade
12:28:10.6900,514.9,274.9,saccade
12:28:10.6905,519.6,275.0,saccade
12:28:10.691,523.8,273.4,saccade
12:28:10.6915,529.2,271.9,saccade
12:28:10.692,531.1,270.4,saccade
12:28:10.6925,534.4,270.8,saccade
12:28:10.6930,537.3,271.2,saccade
12:28:10.6935,540.2,271.4,saccade
12:28:10.694,541.3,271.9,saccade
12:28:10.6945,541.7,272.4,saccade
12:28:10.695,542.2,272.0,saccade
12:28:10.6955,542.5,270.6,saccade
12:28:10.696,542.7,269.1,saccade
12:28:10.6965,542.5,268.4,saccade
12:28:10.6970,542.0,267.3,saccade
12:28:10.6975,539.6,266.8,saccade
12:28:10.698,537.5,266.3,saccade
12:28:10.6985,533.7,266.6,saccade
12:28:10.699,531.7,266.9,saccade
12:28:10.6995,529.7,267.6,saccade
12:28:10.7000,527.3,268.4,saccade
12:28:10.7005,524.0,268.9,saccade
12:28:10.701,520.2,269.2,saccade
12:28:10.7015,518.7,269.5,saccade
12:28:10.702,516.7,269.1,saccade
12:28:10.7025,515.3,268.6,saccade
12:28:10.7030,513.3,268.0,saccade
12:28:10.7035,512.3,268.0,saccade
12:28:10.704,509.3,268.1,saccade
12:28:10.7045,506.7,268.6,saccade
12:28:10.705,504.7,268.8,saccade
12:28:10.7055,504.8,268.5,saccade
12:28:10.7060,504.8,268.0,saccade
12:28:10.7065,504.6,268.3,saccade
12:28:10.707,504.3,269.4,saccade
12:28:10.7075,504.3,270.7,saccade
12:28:10.708,504.8,271.3,saccade
12:28:10.7085,505.5,271.6,saccade
12:28:10.7090,506.9,270.5,fixation
12:28:10.7095,506.9,269.9,fixation
12:28:10.71,506.7,269.9,fixation
12:28:10.7105,506.6,271.5,fixation
12:28:10.711,508.2,273.2,fixation
12:28:10.7115,510.1,275.7,fixation
12:28:10.712,512.0,276.5,fixation
12:28:10.7125,512.3,277.4,fixation
12:28:10.7130,512.6,277.6,fixation
12:28:10.7135,513.6,275.1,fixation
12:28:10.714,514.6,272.3,fixation
12:28:10.7145,515.3,269.8,fixation
12:28:10.715,515.0,270.2,fixation
12:28:10.7155,514.7,271.3,fixation
12:28:10.7160,514.5,273.0,fixation
12:28:10.7165,514.5,274.4,fixation
12:28:10.717,514.7,276.0,fixation
12:28:10.7175,514.8,276.8,fixation
12:28:10.718,515.0,276.6,fixation
12:28:10.7185,516.3,275.5,fixation
12:28:10.7190,517.6,274.0,fixation
12:28:10.7195,519.0,273.3,fixation
12:28:10.72,519.2,272.7,fixation
12:28:10.7205,519.7,273.1,fixation
12:28:10.721,520.2,273.8,fixation
12:28:10.7215,520.8,274.3,fixation
12:28:10.7220,520.8,273.8,fixation
12:28:10.7225,520.0,273.4,fixation
12:28:10.723,518.7,273.1,fixation
12:28:10.7235,517.8,273.0,fixation
12:28:10.724,517.3,273.3,fixation
12:28:10.7245,516.7,273.6,fixation
12:28:10.7250,516.5,272.8,fixation
12:28:10.7255,516.2,271.2,fixation
12:28:10.726,516.3,269.4,fixation
12:28:10.7265,516.2,269.2,fixation
12:28:10.727,517.1,269.1,fixation
12:28:10.7275,518.0,269.0,fixation
12:28:10.728,518.9,269.0,fixation
12:28:10.7285,518.8,270.2,fixation
12:28:10.7290,518.5,271.5,fixation
12:28:10.7295,518.2,272.9,fixation
12:28:10.73,517.8,274.5,fixation
12:28:10.7305,517.4,276.2,fixation
12:28:10.731,517.3,276.0,fixation
12:28:10.7315,516.3,273.7,fixation
12:28:10.7320,515.4,271.3,fixation
12:28:10.7325,514.4,271.3,fixation
12:28:10.733,514.4,271.7,fixation
12:28:10.7335,514.4,271.7,fixation
12:28:10.734,514.3,271.4,fixation
12:28:10.7345,514.1,271.1,fixation
12:28:10.7350,514.0,271.0,fixation
12:28:10.7355,514.0,270.9,fixation
12:28:10.736,514.5,272.2,fixation
12:28:10.7365,515.0,273.7,fixation
12:28:10.737,515.4,273.2,fixation
12:28:10.7375,515.3,270.4,fixation
12:28:10.7380,515.1,267.5,fixation
12:28:10.7385,515.0,267.1,fixation
12:28:10.739,515.0,268.0,fixation
12:28:10.7395,515.0,269.0,fixation
12:28:10.74,515.0,269.5,fixation
12:28:10.7405,515.3,271.2,fixation
12:28:10.7410,515.5,272.9,fixation
12:28:10.7415,515.9,274.2,fixation
12:28:10.742,516.0,273.7,fixation
12:28:10.7425,516.1,272.5,fixation
12:28:10.743,516.2,271.1,fixation
12:28:10.7435,515.8,269.9,fixation
12:28:10.744,515.4,269.2,fixation
12:28:10.7445,515.1,269.1,fixation
12:28:10.7450,515.2,269.1,fixation
12:28:10.7455,515.5,269.1,fixation
12:28:10.746,515.7,269.4,fixation
12:28:10.7465,516.0,269.7,fixation
12:28:10.747,516.0,269.9,fixation
12:28:10.7475,515.9,270.1,fixation
12:28:10.7480,515.8,270.6,fixation
12:28:10.7485,515.7,271.0,fixation
12:28:10.749,515.5,272.0,fixation
12:28:10.7495,515.3,272.6,fixation
12:28:10.75,515.1,273.3,fixation
12:28:10.7505,514.9,273.4,fixation
12:28:10.7510,514.6,273.9,fixation
12:28:10.7515,514.3,274.5,fixation
12:28:10.752,514.2,274.9,fixation
12:28:10.7525,514.0,274.9,fixation
12:28:10.753,513.7,274.9,fixation
12:28:10.7535,513.5,274.7,fixation
12:28:10.7540,513.9,273.5,fixation
12:28:10.7545,514.8,272.3,fixation
12:28:10.755,515.5,271.1,fixation
12:28:10.7555,515.9,270.9,fixation
12:28:10.756,515.7,272.1,fixation
12:28:10.7565,515.6,273.4,fixation
12:28:10.7570,515.4,274.2,fixation
12:28:10.7575,516.0,272.7,fixation
12:28:10.7580,516.5,271.2,fixation
12:28:10.7585,516.7,270.9,fixation
12:28:10.759,515.4,271.5,fixation
12:28:10.7595,514.2,272.3,fixation
12:28:10.76,513.3,272.5,fixation
12:28:10.7605,513.6,272.7,fixation
12:28:10.7610,513.8,273.6,fixation
12:28:10.7615,513.9,274.5,fixation
12:28:10.762,514.2,275.0,fixation
12:28:10.7625,514.7,274.3,fixation
12:28:10.763,515.3,273.6,fixation
12:28:10.7635,514.7,273.0,fixation
12:28:10.7640,513.8,272.7,fixation
12:28:10.7645,513.2,272.8,fixation
12:28:10.765,513.5,274.8,fixation
12:28:10.7655,513.9,276.5,fixation
12:28:10.766,514.1,277.6,fixation
12:28:10.7665,514.3,276.1,fixation
12:28:10.7670,514.4,275.1,fixation
12:28:10.7675,514.3,274.3,fixation
12:28:10.768,514.2,273.7,fixation
12:28:10.7685,514.3,272.8,fixation
12:28:10.769,514.5,271.9,fixation
12:28:10.7695,514.6,271.8,fixation
12:28:10.7700,514.5,270.9,fixation
12:28:10.7705,514.4,270.0,fixation
12:28:10.771,514.5,269.3,fixation
12:28:10.7715,515.3,269.6,fixation
12:28:10.772,515.7,270.1,fixation
12:28:10.7725,516.1,270.4,fixation
12:28:10.7730,515.7,270.8,fixation
12:28:10.7735,515.1,271.4,fixation
12:28:10.7740,514.8,271.7,fixation
12:28:10.7745,514.5,271.7,fixation
12:28:10.775,514.6,273.4,fixation
12:28:10.7755,514.3,275.3,fixation
12:28:10.776,514.6,277.3,fixation
12:28:10.7765,515.2,276.9,fixation
12:28:10.7770,514.8,275.5,fixation
12:28:10.7775,513.9,274.1,fixation
12:28:10.778,514.1,274.7,fixation
12:28:10.7785,515.1,276.2,fixation
12:28:10.779,516.2,275.4,fixation
12:28:10.7795,515.9,273.1,fixation
12:28:10.7800,515.5,270.8,fixation
12:28:10.7805,514.5,272.7,fixation
12:28:10.781,513.7,274.6,fixation
12:28:10.7815,513.5,276.6,fixation
12:28:10.782,514.3,276.2,fixation
12:28:10.7825,515.1,275.4,fixation
12:28:10.7830,515.1,274.5,fixation
12:28:10.7835,514.9,274.5,fixation
12:28:10.784,514.7,275.4,fixation
12:28:10.7845,514.2,276.2,fixation
12:28:10.785,513.8,276.5,fixation
12:28:10.7855,514.7,276.5,fixation
12:28:10.7860,515.9,277.2,fixation
12:28:10.7865,516.1,277.9,fixation
12:28:10.787,515.2,277.3,fixation
12:28:10.7875,514.5,275.5,fixation
12:28:10.788,514.9,273.6,fixation
12:28:10.7885,515.2,272.9,fixation
12:28:10.7890,515.5,272.7,fixation
12:28:10.7895,515.5,272.8,fixation
12:28:10.7900,515.4,272.9,fixation
12:28:10.7905,515.2,272.9,fixation
12:28:10.791,514.9,272.9,fixation
12:28:10.7915,514.7,273.7,fixation
12:28:10.792,514.7,274.5,fixation
12:28:10.7925,514.6,275.2,fixation
12:28:10.7930,515.4,275.3,fixation
12:28:10.7935,516.1,275.3,fixation
12:28:10.794,516.0,275.5,fixation
12:28:10.7945,515.2,275.6,fixation
12:28:10.795,514.3,275.8,fixation
12:28:10.7955,514.2,275.9,fixation
12:28:10.7960,513.8,275.8,fixation
12:28:10.7965,513.5,275.4,fixation
12:28:10.797,513.2,275.0,fixation
12:28:10.7975,513.4,274.4,fixation
12:28:10.798,513.5,273.5,fixation
12:28:10.7985,513.7,272.7,fixation
12:28:10.7990,513.3,272.3,fixation
12:28:10.7995,512.7,273.0,fixation
12:28:10.8,512.6,274.3,fixation
12:28:10.8005,513.1,275.7,fixation
12:28:10.801,514.3,274.8,fixation
12:28:10.8015,515.0,273.3,fixation
12:28:10.8020,515.1,273.1,fixation
12:28:10.8025,514.6,274.4,fixation
12:28:10.803,514.2,275.8,fixation
12:28:10.8035,514.7,275.7,fixation
12:28:10.804,515.1,275.6,fixation
12:28:10.8045,515.6,275.3,fixation
12:28:10.8050,515.5,274.8,fixation
12:28:10.8055,515.5,274.0,fixation
12:28:10.8060,515.5,274.0,fixation
12:28:10.8065,515.6,274.8,fixation
12:28:10.807,515.8,275.8,fixation
12:28:10.8075,515.8,276.6,fixation
12:28:10.808,515.7,276.8,fixation
12:28:10.8085,515.5,277.1,fixation
12:28:10.8090,515.5,276.9,fixation
12:28:10.8095,515.7,276.8,fixation
12:28:10.81,515.9,276.7,fixation
12:28:10.8105,515.1,276.7,fixation
12:28:10.811,514.1,276.8,fixation
12:28:10.8115,513.3,276.9,fixation
12:28:10.8120,513.3,277.0,fixation
12:28:10.8125,513.2,276.9,fixation
12:28:10.813,513.4,274.6,fixation
12:28:10.8135,513.8,272.4,fixation
12:28:10.814,514.1,272.1,fixation
12:28:10.8145,514.0,274.0,fixation
12:28:10.8150,513.7,275.9,fixation
12:28:10.8155,514.4,275.7,fixation
12:28:10.816,515.2,275.5,fixation
12:28:10.8165,516.0,275.4,fixation
12:28:10.817,515.9,275.6,fixation
12:28:10.8175,515.9,275.8,fixation
12:28:10.8180,515.1,276.0,fixation
12:28:10.8185,514.3,275.8,fixation
12:28:10.819,513.2,273.6,fixation
12:28:10.8195,512.8,271.5,fixation
12:28:10.82,512.5,270.0,fixation
12:28:10.8205,512.8,270.4,fixation
12:28:10.821,513.3,270.7,fixation
12:28:10.8215,513.7,271.5,fixation
12:28:10.8220,513.9,272.6,fixation
12:28:10.8225,514.4,273.6,fixation
12:28:10.823,515.1,273.7,fixation
12:28:10.8235,515.5,275.2,fixation
12:28:10.824,514.9,276.8,fixation
12:28:10.8245,513.8,277.9,fixation
12:28:10.8250,513.0,277.1,fixation
12:28:10.8255,515.6,276.4,fixation
12:28:10.826,518.3,277.4,fixation
12:28:10.8265,519.5,278.7,fixation
12:28:10.827,516.8,277.2,fixation
12:28:10.8275,514.2,274.4,fixation
12:28:10.8280,513.0,272.7,fixation
12:28:10.8285,513.5,273.8,fixation
12:28:10.829,514.1,274.8,fixation
12:28:10.8295,514.8,275.1,fixation
12:28:10.83,515.0,275.2,fixation
12:28:10.8305,515.4,275.4,fixation
12:28:10.8310,515.8,275.3,fixation
12:28:10.8315,516.2,275.3,fixation
12:28:10.832,516.1,276.9,fixation
12:28:10.8325,515.9,278.5,fixation
12:28:10.833,515.9,277.9,fixation
12:28:10.8335,516.2,275.7,fixation
12:28:10.8340,516.4,275.0,fixation
12:28:10.8345,516.4,276.4,fixation
12:28:10.835,515.3,277.7,fixation
12:28:10.8355,514.3,277.4,fixation
12:28:10.836,514.1,277.1,fixation
12:28:10.8365,515.1,277.2,fixation
12:28:10.837,516.0,277.8,fixation
12:28:10.8375,515.4,278.5,fixation
12:28:10.8380,514.6,276.1,fixation
12:28:10.8385,514.5,273.5,fixation
12:28:10.839,515.3,273.7,fixation
12:28:10.8395,516.1,276.5,fixation
12:28:10.84,516.4,278.6,fixation
12:28:10.8405,516.5,278.7,fixation
12:28:10.8410,516.0,278.7,fixation
12:28:10.8415,515.6,278.8,fixation
12:28:10.842,515.2,278.2,fixation
12:28:10.8425,515.4,277.6,fixation
12:28:10.843,515.4,277.7,fixation
12:28:10.8435,515.5,277.6,fixation
12:28:10.8440,515.5,277.1,fixation
12:28:10.8445,515.5,275.4,fixation
12:28:10.845,516.2,273.9,fixation
12:28:10.8455,517.1,272.9,fixation
12:28:10.846,517.7,273.5,fixation
12:28:10.8465,517.8,274.1,fixation
12:28:10.8470,518.3,273.3,fixation
12:28:10.8475,518.8,272.2,fixation
12:28:10.848,519.1,271.0,fixation
12:28:10.8485,519.1,271.0,fixation
12:28:10.849,518.8,272.7,fixation
12:28:10.8495,518.4,274.5,fixation
12:28:10.8500,516.9,276.8,fixation
12:28:10.8505,515.6,277.3,fixation
12:28:10.851,514.5,277.7,fixation
12:28:10.8515,514.7,277.2,fixation
12:28:10.852,515.3,276.2,fixation
12:28:10.8525,516.5,275.1,fixation
12:28:10.853,517.4,275.1,fixation
12:28:10.8535,518.0,275.4,fixation
12:28:10.8540,518.3,275.9,fixation
12:28:10.8545,518.7,275.8,fixation
12:28:10.855,518.3,276.0,fixation
12:28:10.8555,517.4,276.3,fixation
12:28:10.856,516.5,276.5,fixation
12:28:10.8565,516.6,276.4,fixation
12:28:10.8570,516.8,275.9,fixation
12:28:10.8575,516.4,275.1,fixation
12:28:10.858,516.0,274.2,fixation
12:28:10.8585,515.6,273.2,fixation
12:28:10.859,516.5,272.5,fixation
12:28:10.8595,517.3,272.6,fixation
12:28:10.8600,518.0,273.6,fixation
12:28:10.8605,517.9,275.3,fixation
12:28:10.861,518.0,275.4,fixation
12:28:10.8615,518.1,275.0,fixation
12:28:10.862,518.1,275.2,fixation
12:28:10.8625,517.4,276.5,fixation
12:28:10.8630,516.7,278.1,fixation
12:28:10.8635,516.4,278.8,fixation
12:28:10.864,516.6,279.9,fixation
12:28:10.8645,516.8,280.7,fixation
12:28:10.865,516.5,280.2,fixation
12:28:10.8655,516.4,278.8,fixation
12:28:10.8660,516.2,277.5,fixation
12:28:10.8665,516.2,277.0,fixation
12:28:10.867,516.1,277.0,fixation
12:28:10.8675,516.2,277.0,fixation
12:28:10.868,516.3,277.1,fixation
12:28:10.8685,516.5,277.3,fixation
12:28:10.869,516.5,277.4,fixation
12:28:10.8695,516.6,276.5,fixation
12:28:10.8700,517.0,275.3,fixation
12:28:10.8705,517.6,274.2,fixation
12:28:10.871,518.5,274.6,fixation
12:28:10.8715,519.1,274.8,fixation
12:28:10.872,518.9,274.7,fixation
12:28:10.8725,518.0,275.7,fixation
12:28:10.8730,517.1,276.8,fixation
12:28:10.8735,516.9,276.7,fixation
12:28:10.874,516.6,275.4,fixation
12:28:10.8745,516.2,275.3,fixation
12:28:10.875,515.9,276.4,fixation
12:28:10.8755,515.5,276.9,fixation
12:28:10.8760,515.3,276.2,fixation
12:28:10.8765,515.0,276.3,fixation
12:28:10.877,514.9,277.4,fixation
12:28:10.8775,514.8,278.6,fixation
12:28:10.878,514.8,279.1,fixation
12:28:10.8785,514.8,278.8,fixation
12:28:10.8790,514.8,278.6,fixation
12:28:10.8795,514.7,279.2,fixation
12:28:10.88,514.6,280.1,fixation
12:28:10.8805,514.7,281.0,fixation
12:28:10.881,514.8,280.7,fixation
12:28:10.8815,515.0,280.5,fixation
12:28:10.8820,514.3,280.2,fixation
12:28:10.8825,512.8,280.6,fixation
12:28:10.8830,511.2,281.1,fixation
12:28:10.8835,511.1,280.4,fixation
12:28:10.884,511.9,279.2,fixation
12:28:10.8845,513.3,278.0,fixation
12:28:10.885,513.9,276.9,fixation
12:28:10.8855,514.2,275.6,fixation
12:28:10.8860,513.9,274.2,fixation
12:28:10.8865,513.4,275.0,fixation
12:28:10.887,513.2,276.8,fixation
12:28:10.8875,513.0,278.6,fixation
12:28:10.888,512.8,278.9,fixation
12:28:10.8885,512.8,278.3,fixation
12:28:10.8890,513.1,278.0,fixation
12:28:10.8895,513.7,278.4,fixation
12:28:10.89,514.4,278.9,fixation
12:28:10.8905,514.8,278.5,fixation
12:28:10.891,515.0,278.0,fixation
12:28:10.8915,515.6,278.2,fixation
12:28:10.8920,516.1,279.0,fixation
12:28:10.8925,516.6,279.2,fixation
12:28:10.893,516.7,278.7,fixation
12:28:10.8935,516.8,278.4,fixation
12:28:10.894,515.7,278.8,fixation
12:28:10.8945,514.6,279.1,fixation
12:28:10.8950,513.9,278.9,fixation
12:28:10.8955,514.6,278.6,fixation
12:28:10.896,515.3,278.2,fixation
12:28:10.8965,515.5,278.1,fixation
12:28:10.897,514.9,278.2,fixation
12:28:10.8975,514.3,278.4,fixation
12:28:10.8980,513.8,278.3,fixation
12:28:10.8985,514.0,278.0,fixation
12:28:10.8990,514.1,278.6,fixation
12:28:10.8995,515.1,279.6,fixation
12:28:10.9,516.4,278.8,fixation
12:28:10.9005,516.6,277.1,fixation
12:28:10.901,515.4,276.7,fixation
12:28:10.9015,515.3,279.3,fixation
12:28:10.9020,516.5,281.9,fixation
12:28:10.9025,517.0,283.1,fixation
12:28:10.903,516.2,282.4,fixation
12:28:10.9035,515.6,281.9,fixation
12:28:10.904,515.8,281.3,fixation
12:28:10.9045,516.0,281.2,fixation
12:28:10.9050,516.0,281.0,fixation
12:28:10.9055,516.1,280.8,fixation
12:28:10.906,516.1,280.7,fixation
12:28:10.9065,516.0,280.7,fixation
12:28:10.907,515.9,280.7,fixation
12:28:10.9075,515.8,280.3,fixation
12:28:10.9080,515.8,279.5,fixation
12:28:10.9085,515.4,278.6,fixation
12:28:10.909,515.1,278.3,fixation
12:28:10.9095,515.2,278.6,fixation
12:28:10.91,515.6,279.2,fixation
12:28:10.9105,516.2,279.2,fixation
12:28:10.9110,516.1,279.0,fixation
12:28:10.9115,516.0,278.6,fixation
12:28:10.912,515.8,278.9,fixation
12:28:10.9125,515.2,279.2,fixation
12:28:10.913,514.8,279.4,fixation
12:28:10.9135,514.6,279.5,fixation
12:28:10.9140,515.7,279.0,fixation
12:28:10.9145,516.6,278.5,fixation
12:28:10.9150,517.5,278.0,fixation
12:28:10.9155,517.4,277.9,fixation
12:28:10.916,517.1,277.9,fixation
12:28:10.9165,516.8,277.1,fixation
12:28:10.917,516.5,276.2,fixation
12:28:10.9175,516.2,276.8,fixation
12:28:10.9180,515.9,278.8,fixation
12:28:10.9185,516.3,280.8,fixation
12:28:10.919,516.7,281.8,fixation
12:28:10.9195,517.2,282.2,fixation
12:28:10.92,517.5,278.9,fixation
12:28:10.9205,517.8,275.0,fixation
12:28:10.9210,517.6,274.8,fixation
12:28:10.9215,517.3,278.1,fixation
12:28:10.922,517.3,281.4,fixation
12:28:10.9225,517.8,281.1,fixation
12:28:10.923,518.2,279.6,fixation
12:28:10.9235,518.3,278.5,fixation
12:28:10.9240,518.5,277.7,fixation
12:28:10.9245,518.6,278.0,fixation
12:28:10.925,518.4,278.1,fixation
12:28:10.9255,518.0,277.7,fixation
12:28:10.926,517.7,277.7,fixation
12:28:10.9265,517.8,279.2,fixation
12:28:10.9270,517.8,280.9,fixation
12:28:10.9275,517.7,282.6,fixation
12:28:10.928,517.6,282.8,fixation
12:28:10.9285,517.6,283.3,fixation
12:28:10.929,517.7,283.8,fixation
12:28:10.9295,517.9,283.1,fixation
12:28:10.9300,517.9,282.0,fixation
12:28:10.9305,517.8,282.4,fixation
12:28:10.9310,517.2,284.0,fixation
12:28:10.9315,517.0,283.4,fixation
12:28:10.932,517.1,281.1,fixation
12:28:10.9325,517.8,278.2,fixation
12:28:10.933,518.2,277.6,fixation
12:28:10.9335,518.3,278.5,fixation
12:28:10.9340,517.6,279.8,fixation
12:28:10.9345,517.0,280.8,fixation
12:28:10.935,516.8,280.1,fixation
12:28:10.9355,517.0,280.3,fixation
12:28:10.936,518.0,280.9,fixation
12:28:10.9365,518.9,281.9,fixation
12:28:10.9370,519.7,282.6,fixation
12:28:10.9375,519.8,283.2,fixation
12:28:10.938,519.7,283.1,fixation
12:28:10.9385,519.7,282.6,fixation
12:28:10.939,519.6,282.1,fixation
12:28:10.9395,518.6,280.9,fixation
12:28:10.9400,517.7,279.7,fixation
12:28:10.9405,516.8,279.7,fixation
12:28:10.941,516.6,280.8,fixation
12:28:10.9415,516.4,281.6,fixation
12:28:10.942,516.2,281.3,fixation
12:28:10.9425,515.7,282.0,fixation
12:28:10.9430,514.9,283.0,fixation
12:28:10.9435,514.2,283.6,fixation
12:28:10.944,515.2,283.2,fixation
12:28:10.9445,516.6,282.8,fixation
12:28:10.945,518.1,281.8,fixation
12:28:10.9455,518.4,281.0,fixation
12:28:10.946,518.0,280.4,fixation
12:28:10.9465,517.2,280.6,fixation
12:28:10.9470,516.0,280.7,fixation
12:28:10.9475,515.5,280.5,fixation
12:28:10.948,515.2,280.0,fixation
12:28:10.9485,515.5,279.7,fixation
12:28:10.949,516.0,280.1,fixation
12:28:10.9495,516.3,280.8,fixation
12:28:10.9500,516.6,281.5,fixation
12:28:10.9505,516.9,282.1,fixation
12:28:10.951,517.8,282.7,fixation
12:28:10.9515,518.4,283.3,fixation
12:28:10.952,518.7,283.5,fixation
12:28:10.9525,518.4,283.6,fixation
12:28:10.9530,518.3,283.7,fixation
12:28:10.9535,518.3,283.8,fixation
12:28:10.954,518.5,282.5,fixation
12:28:10.9545,517.7,281.2,fixation
12:28:10.955,516.7,280.2,fixation
12:28:10.9555,515.6,280.6,fixation
12:28:10.9560,515.6,281.9,fixation
12:28:10.9565,515.6,282.6,fixation
12:28:10.957,515.6,282.9,fixation
12:28:10.9575,517.0,281.1,fixation
12:28:10.958,518.5,279.6,fixation
12:28:10.9585,519.7,280.0,fixation
12:28:10.9590,519.3,281.6,fixation
12:28:10.9595,517.9,283.2,fixation
12:28:10.96,516.8,283.0,fixation
12:28:10.9605,515.7,282.9,fixation
12:28:10.961,515.7,281.6,fixation
12:28:10.9615,515.5,280.4,fixation
12:28:10.962,515.3,279.2,fixation
12:28:10.9625,516.3,279.4,fixation
12:28:10.9630,517.8,281.2,fixation
12:28:10.9635,519.2,283.0,fixation
12:28:10.964,519.2,283.6,fixation
12:28:10.9645,518.5,282.4,fixation
12:28:10.965,518.7,281.2,fixation
12:28:10.9655,519.2,281.3,fixation
12:28:10.9660,518.9,282.9,fixation
12:28:10.9665,517.8,284.5,fixation
12:28:10.967,516.8,286.0,fixation
12:28:10.9675,516.8,286.1,fixation
12:28:10.968,516.8,286.1,fixation
12:28:10.9685,516.9,284.6,fixation
12:28:10.9690,516.4,283.4,fixation
12:28:10.9695,515.9,282.2,fixation
12:28:10.97,515.5,282.5,fixation
12:28:10.9705,515.8,282.7,fixation
12:28:10.971,516.2,283.2,fixation
12:28:10.9715,516.3,283.8,fixation
12:28:10.9720,516.6,283.7,fixation
12:28:10.9725,516.7,283.3,fixation
12:28:10.973,516.8,282.6,fixation
12:28:10.9735,516.8,282.1,fixation
12:28:10.974,516.7,282.6,fixation
12:28:10.9745,515.7,283.4,fixation
12:28:10.9750,514.6,285.3,fixation
12:28:10.9755,513.9,285.8,fixation
12:28:10.976,514.5,285.9,fixation
12:28:10.9765,515.5,283.6,fixation
12:28:10.977,516.0,282.5,fixation
12:28:10.9775,515.8,282.0,fixation
12:28:10.978,515.3,283.0,fixation
12:28:10.9785,515.8,283.6,fixation
12:28:10.9790,516.6,284.2,fixation
12:28:10.9795,517.9,284.5,fixation
12:28:10.98,518.0,285.5,fixation
12:28:10.9805,518.1,286.6,fixation
12:28:10.981,518.2,286.3,fixation
12:28:10.9815,518.6,285.0,fixation
12:28:10.9820,518.9,282.8,fixation
12:28:10.9825,518.9,282.0,fixation
12:28:10.983,518.9,281.3,fixation
12:28:10.9835,519.1,281.3,fixation
12:28:10.984,519.3,282.3,fixation
12:28:10.9845,520.0,283.4,fixation
12:28:10.9850,520.6,284.5,fixation
12:28:10.9855,520.9,284.5,fixation
12:28:10.986,520.1,284.3,fixation
12:28:10.9865,519.0,284.6,fixation
12:28:10.987,518.2,284.9,fixation
12:28:10.9875,518.3,285.0,fixation
12:28:10.9880,519.0,283.3,fixation
12:28:10.9885,519.7,281.8,fixation
12:28:10.989,519.8,280.2,fixation
12:28:10.9895,519.7,279.8,fixation
12:28:10.99,519.3,279.8,fixation
12:28:10.9905,518.8,280.6,fixation
12:28:10.9910,518.5,281.7,fixation
12:28:10.9915,518.4,282.6,fixation
12:28:10.992,518.4,283.2,fixation
12:28:10.9925,518.3,284.3,fixation
12:28:10.993,518.2,285.3,fixation
12:28:10.9935,517.6,284.7,saccade
12:28:10.994,518.0,284.0,saccade
12:28:10.9945,519.6,285.5,saccade
12:28:10.9950,521.3,287.0,saccade
12:28:10.9955,522.0,288.1,saccade
12:28:10.996,521.5,287.4,saccade
12:28:10.9965,519.7,285.9,saccade
12:28:10.997,518.2,284.9,saccade
12:28:10.9975,517.0,284.4,saccade
12:28:10.9980,517.1,284.7,saccade
12:28:10.9985,516.6,284.9,saccade
12:28:10.999,516.1,284.4,saccade
12:28:10.9995,515.5,283.7,saccade
12:28:11.,515.5,283.1,saccade
12:28:11.0005,513.6,283.3,saccade
12:28:11.0010,511.4,283.6,saccade
12:28:11.0015,507.7,283.9,saccade
12:28:11.002,504.2,283.8,saccade
12:28:11.0025,501.1,284.0,saccade
12:28:11.003,498.5,284.1,saccade
12:28:11.0035,494.7,283.9,saccade
12:28:11.0040,489.5,282.8,saccade
12:28:11.0045,484.9,281.2,saccade
12:28:11.005,482.2,278.9,saccade
12:28:11.0055,478.1,277.2,saccade
12:28:11.006,473.7,277.2,saccade
12:28:11.0065,468.3,278.0,saccade
12:28:11.0070,464.5,276.8,saccade
12:28:11.0075,459.7,275.3,saccade
12:28:11.0080,456.7,273.6,saccade
12:28:11.0085,452.1,274.0,saccade
12:28:11.009,449.0,273.7,saccade
12:28:11.0095,445.0,272.7,saccade
12:28:11.01,443.9,271.9,saccade
12:28:11.0105,442.4,271.2,saccade
12:28:11.0110,440.6,271.2,saccade
12:28:11.0115,438.2,269.6,saccade
12:28:11.012,435.9,267.9,saccade
12:28:11.0125,434.7,267.5,saccade
12:28:11.013,435.3,268.3,saccade
12:28:11.0135,437.2,269.3,saccade
12:28:11.0140,439.1,270.0,saccade
12:28:11.0145,439.9,270.7,saccade
12:28:11.015,440.1,271.4,saccade
12:28:11.0155,440.6,271.2,saccade
12:28:11.016,441.0,271.2,saccade
12:28:11.0165,441.3,273.6,saccade
12:28:11.0170,442.8,276.1,saccade
12:28:11.0175,445.8,278.6,saccade
12:28:11.018,450.1,279.7,fixation
12:28:11.0185,450.9,280.6,fixation
12:28:11.019,451.8,281.9,fixation
12:28:11.0195,454.2,282.9,fixation
12:28:11.0200,455.3,283.9,fixation
12:28:11.0205,456.5,282.5,fixation
12:28:11.021,456.3,280.3,fixation
12:28:11.0215,456.3,278.1,fixation
12:28:11.022,456.1,277.8,fixation
12:28:11.0225,455.9,277.7,fixation
12:28:11.0230,455.7,277.7,fixation
12:28:11.0235,455.8,277.6,fixation
12:28:11.0240,455.8,279.1,fixation
12:28:11.0245,455.2,280.5,fixation
12:28:11.025,454.6,281.9,fixation
12:28:11.0255,454.1,280.6,fixation
12:28:11.026,454.1,278.4,fixation
12:28:11.0265,454.9,276.3,fixation
12:28:11.0270,455.7,275.6,fixation
12:28:11.0275,455.6,275.7,fixation
12:28:11.028,454.0,275.8,fixation
12:28:11.0285,452.3,276.7,fixation
12:28:11.029,451.6,277.6,fixation
12:28:11.0295,451.7,278.4,fixation
12:28:11.0300,452.8,278.5,fixation
12:28:11.0305,453.8,278.4,fixation
12:28:11.031,454.9,278.2,fixation
12:28:11.0315,454.4,277.3,fixation
12:28:11.032,453.5,276.5,fixation
12:28:11.0325,452.7,275.4,fixation
12:28:11.0330,452.4,274.9,fixation
12:28:11.0335,451.4,274.4,fixation
12:28:11.034,450.3,274.6,fixation
12:28:11.0345,449.1,275.2,fixation
12:28:11.035,449.0,276.0,fixation
12:28:11.0355,449.4,277.1,fixation
12:28:11.0360,449.8,278.1,fixation
12:28:11.0365,449.6,278.8,fixation
12:28:11.037,449.3,277.1,fixation
12:28:11.0375,449.0,275.0,fixation
12:28:11.038,449.2,274.2,fixation
12:28:11.0385,449.0,275.7,fixation
12:28:11.0390,449.4,277.4,fixation
12:28:11.0395,449.9,277.9,fixation
12:28:11.0400,449.2,278.0,fixation
12:28:11.0405,447.9,278.0,fixation
12:28:11.041,447.2,277.7,fixation
12:28:11.0415,447.8,277.6,fixation
12:28:11.042,447.9,277.9,fixation
12:28:11.0425,447.5,277.7,fixation
12:28:11.0430,447.0,277.6,fixation
12:28:11.0435,447.1,277.0,fixation
12:28:11.044,447.1,277.2,fixation
12:28:11.0445,447.8,278.7,fixation
12:28:11.045,448.7,280.0,fixation
12:28:11.0455,449.7,279.8,fixation
12:28:11.0460,450.0,278.4,fixation
12:28:11.0465,450.1,278.7,fixation
12:28:11.047,449.5,280.3,fixation
12:28:11.0475,448.7,281.8,fixation
12:28:11.048,448.2,281.8,fixation
12:28:11.0485,448.2,281.8,fixation
12:28:11.0490,448.9,281.7,fixation
12:28:11.0495,450.0,281.6,fixation
12:28:11.05,451.2,281.6,fixation
12:28:11.0505,451.9,280.6,fixation
12:28:11.051,451.3,279.5,fixation
12:28:11.0515,450.3,278.4,fixation
12:28:11.0520,448.4,278.8,fixation
12:28:11.0525,447.2,279.4,fixation
12:28:11.053,446.6,280.4,fixation
12:28:11.0535,446.8,280.8,fixation
12:28:11.054,446.1,280.7,fixation
12:28:11.0545,445.3,279.0,fixation
12:28:11.0550,445.5,277.4,fixation
12:28:11.0555,446.6,276.3,fixation
12:28:11.0560,447.3,276.6,fixation
12:28:11.0565,447.0,277.3,fixation
12:28:11.057,446.7,277.6,fixation
12:28:11.0575,446.9,277.3,fixation
12:28:11.058,447.1,276.7,fixation
12:28:11.0585,447.1,277.4,fixation
12:28:11.0590,447.1,278.2,fixation
12:28:11.0595,447.1,278.9,fixation
12:28:11.06,446.9,278.6,fixation
12:28:11.0605,446.7,278.6,fixation
12:28:11.061,447.0,278.5,fixation
12:28:11.0615,447.5,278.5,fixation
12:28:11.0620,447.6,278.7,fixation
12:28:11.0625,446.8,278.8,fixation
12:28:11.063,444.8,278.9,fixation
12:28:11.0635,443.3,278.7,fixation
12:28:11.064,442.1,278.0,fixation
12:28:11.0645,442.1,277.2,fixation
12:28:11.0650,443.1,276.3,fixation
12:28:11.0655,444.0,276.2,fixation
12:28:11.066,444.9,276.2,fixation
12:28:11.0665,444.9,276.2,fixation
12:28:11.067,444.8,276.4,fixation
12:28:11.0675,444.1,276.5,fixation
12:28:11.0680,443.3,276.5,fixation
12:28:11.0685,442.4,277.3,fixation
12:28:11.069,442.5,278.6,fixation
12:28:11.0695,442.8,280.1,fixation
12:28:11.07,443.4,281.0,fixation
12:28:11.0705,443.7,281.8,fixation
12:28:11.071,443.8,282.4,fixation
12:28:11.0715,443.7,282.8,fixation
12:28:11.0720,444.0,282.7,fixation
12:28:11.0725,444.4,282.6,fixation
12:28:11.073,444.9,282.4,fixation
12:28:11.0735,445.1,282.3,fixation
12:28:11.074,445.4,282.3,fixation
12:28:11.0745,445.7,282.1,fixation
12:28:11.0750,445.3,281.6,fixation
12:28:11.0755,444.8,280.9,fixation
12:28:11.076,444.2,280.4,fixation
12:28:11.0765,444.1,280.3,fixation
12:28:11.077,444.1,279.9,fixation
12:28:11.0775,443.8,279.3,fixation
12:28:11.0780,443.1,277.9,fixation
12:28:11.0785,442.4,277.3,fixation
12:28:11.079,442.2,276.9,fixation
12:28:11.0795,442.2,277.5,fixation
12:28:11.08,442.3,278.1,fixation
12:28:11.0805,443.1,278.9,fixation
12:28:11.0810,444.2,279.6,fixation
12:28:11.0815,445.3,280.5,fixation
12:28:11.082,446.0,281.0,fixation
12:28:11.0825,446.8,281.3,fixation
12:28:11.083,447.7,281.0,fixation
12:28:11.0835,448.3,280.2,fixation
12:28:11.0840,448.3,280.7,fixation
12:28:11.0845,448.2,281.5,fixation
12:28:11.085,447.2,281.0,fixation
12:28:11.0855,446.1,279.7,fixation
12:28:11.086,445.7,278.9,fixation
12:28:11.0865,446.2,280.2,fixation
12:28:11.087,448.4,281.2,fixation
12:28:11.0875,450.0,281.4,fixation
12:28:11.0880,450.7,281.1,fixation
12:28:11.0885,449.2,280.7,fixation
12:28:11.089,447.7,280.8,fixation
12:28:11.0895,447.6,281.1,fixation
12:28:11.09,448.1,281.5,fixation
12:28:11.0905,448.7,280.7,fixation
12:28:11.0910,449.2,280.2,fixation
12:28:11.0915,449.7,279.7,fixation
12:28:11.092,450.0,280.1,fixation
12:28:11.0925,449.8,281.6,fixation
12:28:11.093,449.2,283.0,fixation
12:28:11.0935,448.4,284.1,fixation
12:28:11.0940,448.0,282.8,fixation
12:28:11.0945,447.9,281.5,fixation
12:28:11.095,447.8,280.5,fixation
12:28:11.0955,447.5,280.6,fixation
12:28:11.096,447.2,280.5,fixation
12:28:11.0965,447.1,280.5,fixation
12:28:11.0970,447.0,280.2,fixation
12:28:11.0975,446.6,279.8,fixation
12:28:11.098,445.9,279.8,fixation
12:28:11.0985,443.9,279.9,fixation
12:28:11.099,442.3,280.1,fixation
12:28:11.0995,441.1,279.8,fixation
12:28:11.1000,441.0,279.8,fixation
12:28:11.1005,440.9,279.6,fixation
12:28:11.101,441.6,279.5,fixation
12:28:11.1015,442.4,279.3,fixation
12:28:11.102,443.4,279.2,fixation
12:28:11.1025,443.5,279.0,fixation
12:28:11.103,443.4,278.9,fixation
12:28:11.1035,443.1,278.4,fixation
12:28:11.1040,442.5,277.7,fixation
12:28:11.1045,442.8,277.1,fixation
12:28:11.105,443.4,275.9,fixation
12:28:11.1055,444.0,274.8,fixation
12:28:11.106,443.8,273.0,fixation
12:28:11.1065,443.5,272.3,fixation
12:28:11.1070,443.0,274.1,fixation
12:28:11.1075,442.9,276.8,fixation
12:28:11.108,442.7,279.4,fixation
12:28:11.1085,442.8,279.4,fixation
12:28:11.109,442.7,279.2,fixation
12:28:11.1095,442.7,278.6,fixation
12:28:11.1100,442.5,277.8,fixation
12:28:11.1105,442.2,277.1,fixation
12:28:11.111,442.3,276.7,fixation
12:28:11.1115,443.2,277.1,fixation
12:28:11.112,444.2,277.8,fixation
12:28:11.1125,444.9,278.0,fixation
12:28:11.1130,445.0,277.9,fixation
12:28:11.1135,444.7,278.1,fixation
12:28:11.114,444.1,278.9,fixation
12:28:11.1145,444.0,278.1,fixation
12:28:11.115,444.0,276.5,fixation
12:28:11.1155,443.9,276.2,fixation
12:28:11.1160,443.6,277.4,fixation
12:28:11.1165,444.4,278.4,fixation
12:28:11.117,445.4,277.7,fixation
12:28:11.1175,446.2,277.0,fixation
12:28:11.118,445.7,276.7,fixation
12:28:11.1185,445.2,276.8,fixation
12:28:11.119,445.0,276.8,fixation
12:28:11.1195,444.7,276.9,fixation
12:28:11.1200,444.1,277.0,fixation
12:28:11.1205,443.4,277.5,fixation
12:28:11.121,442.7,277.9,fixation
12:28:11.1215,442.5,277.9,fixation
12:28:11.122,442.7,277.4,fixation
12:28:11.1225,444.1,277.5,fixation
12:28:11.1230,445.5,278.2,fixation
12:28:11.1235,446.5,278.6,fixation
12:28:11.124,445.9,278.2,fixation
12:28:11.1245,445.1,277.2,fixation
12:28:11.125,444.3,276.4,fixation
12:28:11.1255,444.3,276.1,fixation
12:28:11.1260,444.0,276.3,fixation
12:28:11.1265,443.8,276.5,fixation
12:28:11.127,443.6,276.8,fixation
12:28:11.1275,443.5,277.5,fixation
12:28:11.128,444.3,278.1,fixation
12:28:11.1285,445.1,278.5,fixation
12:28:11.1290,445.9,278.4,fixation
12:28:11.1295,445.5,278.1,fixation
12:28:11.13,444.9,278.4,fixation
12:28:11.1305,444.3,279.3,fixation
12:28:11.131,444.1,280.6,fixation
12:28:11.1315,444.0,280.7,fixation
12:28:11.1320,443.6,280.0,fixation
12:28:11.1325,443.4,278.9,fixation
12:28:11.1330,443.2,278.1,fixation
12:28:11.1335,442.8,277.7,fixation
12:28:11.134,442.4,277.4,fixation
12:28:11.1345,441.9,277.8,fixation
12:28:11.135,441.8,278.9,fixation
12:28:11.1355,441.7,280.0,fixation
12:28:11.1360,440.2,280.7,fixation
12:28:11.1365,438.8,280.9,fixation
12:28:11.137,438.9,279.7,fixation
12:28:11.1375,440.2,278.4,fixation
12:28:11.138,441.4,277.3,fixation
12:28:11.1385,441.5,277.6,fixation
12:28:11.1390,441.6,278.1,fixation
12:28:11.1395,441.7,279.2,fixation
12:28:11.14,441.1,281.0,fixation
12:28:11.1405,440.4,282.6,fixation
12:28:11.141,439.9,282.2,fixation
12:28:11.1415,439.9,279.7,fixation
12:28:11.1420,440.4,277.2,fixation
12:28:11.1425,440.9,276.1,fixation
12:28:11.143,441.0,277.3,fixation
12:28:11.1435,440.9,278.5,fixation
12:28:11.144,440.5,280.2,fixation
12:28:11.1445,440.3,280.5,fixation
12:28:11.1450,440.8,280.9,fixation
12:28:11.1455,441.6,280.8,fixation
12:28:11.146,442.5,280.8,fixation
12:28:11.1465,442.3,281.2,fixation
12:28:11.147,441.8,281.6,fixation
12:28:11.1475,441.1,282.1,fixation
12:28:11.1480,439.5,282.4,fixation
12:28:11.1485,438.1,282.6,fixation
12:28:11.1490,437.0,282.8,fixation
12:28:11.1495,437.2,282.9,fixation
12:28:11.15,438.2,283.0,fixation
12:28:11.1505,439.1,282.8,fixation
12:28:11.151,439.2,283.0,fixation
12:28:11.1515,438.6,283.1,fixation
12:28:11.1520,439.1,281.6,fixation
12:28:11.1525,440.4,280.2,fixation
12:28:11.153,441.9,278.7,fixation
12:28:11.1535,442.6,279.0,fixation
12:28:11.154,442.9,279.9,fixation
12:28:11.1545,443.1,280.8,fixation
12:28:11.1550,442.0,280.5,fixation
12:28:11.1555,441.2,278.7,fixation
12:28:11.156,440.7,276.9,fixation
12:28:11.1565,441.4,277.4,fixation
12:28:11.157,442.0,278.1,fixation
12:28:11.1575,442.2,278.5,fixation
12:28:11.1580,442.1,277.8,fixation
12:28:11.1585,441.9,279.1,fixation
12:28:11.159,441.7,280.7,fixation
12:28:11.1595,441.9,282.3,fixation
12:28:11.16,442.2,283.9,fixation
12:28:11.1605,442.5,285.9,fixation
12:28:11.1610,442.6,288.0,fixation
12:28:11.1615,443.6,284.4,fixation
12:28:11.162,444.5,280.3,fixation
12:28:11.1625,444.6,276.4,fixation
12:28:11.163,443.3,279.4,fixation
12:28:11.1635,442.1,282.5,fixation
12:28:11.1640,441.8,285.0,fixation
12:28:11.1645,441.8,284.5,fixation
12:28:11.1650,441.7,283.9,fixation
12:28:11.1655,441.6,284.4,fixation
12:28:11.166,441.8,285.0,fixation
12:28:11.1665,442.1,284.2,fixation
12:28:11.167,442.8,283.1,fixation
12:28:11.1675,443.3,281.9,fixation
12:28:11.1680,443.5,281.6,fixation
12:28:11.1685,443.2,281.4,fixation
12:28:11.169,442.9,281.3,fixation
12:28:11.1695,442.6,280.6,fixation
12:28:11.17,442.4,279.8,fixation
12:28:11.1705,443.1,279.9,fixation
12:28:11.1710,443.9,280.8,fixation
12:28:11.1715,444.8,281.2,fixation
12:28:11.172,444.6,280.1,fixation
12:28:11.1725,444.2,278.9,fixation
12:28:11.173,443.5,278.3,fixation
12:28:11.1735,443.0,278.3,fixation
12:28:11.1740,442.8,279.3,fixation
12:28:11.1745,442.9,281.0,fixation
12:28:11.175,442.8,282.7,fixation
12:28:11.1755,442.8,282.8,fixation
12:28:11.176,442.6,282.1,fixation
12:28:11.1765,441.8,281.2,fixation
12:28:11.1770,441.0,281.7,fixation
12:28:11.1775,440.3,282.2,fixation
12:28:11.178,440.1,283.0,fixation
12:28:11.1785,439.9,283.4,fixation
12:28:11.179,439.9,282.9,fixation
12:28:11.1795,440.1,282.2,fixation
12:28:11.1800,440.4,281.1,fixation
12:28:11.1805,440.5,281.4,fixation
12:28:11.1810,440.5,282.4,fixation
12:28:11.1815,440.4,283.7,fixation
12:28:11.182,440.4,285.4,fixation
12:28:11.1825,440.6,286.5,fixation
12:28:11.183,440.2,286.0,fixation
12:28:11.1835,439.6,284.5,fixation
12:28:11.1840,439.1,282.6,fixation
12:28:11.1845,439.1,282.2,fixation
12:28:11.185,439.1,281.9,fixation
12:28:11.1855,439.1,281.8,fixation
12:28:11.186,439.3,280.3,fixation
12:28:11.1865,439.5,278.8,fixation
12:28:11.1870,439.9,277.5,fixation
12:28:11.1875,439.9,278.4,fixation
12:28:11.188,439.6,280.0,fixation
12:28:11.1885,439.3,281.5,fixation
12:28:11.189,439.8,282.4,fixation
12:28:11.1895,440.4,282.0,fixation
12:28:11.1900,440.9,281.6,fixation
12:28:11.1905,440.7,282.1,fixation
12:28:11.191,440.5,283.0,fixation
12:28:11.1915,439.0,283.4,fixation
12:28:11.192,437.6,283.1,fixation
12:28:11.1925,436.7,282.9,fixation
12:28:11.1930,437.3,281.7,fixation
12:28:11.1935,437.9,280.4,fixation
12:28:11.194,438.0,278.8,fixation
12:28:11.1945,437.9,278.5,fixation
12:28:11.195,437.6,280.1,fixation
12:28:11.1955,438.1,282.5,fixation
12:28:11.196,438.7,284.9,fixation
12:28:11.1965,439.6,284.4,fixation
12:28:11.1970,439.9,283.3,fixation
12:28:11.1975,440.0,282.5,fixation
12:28:11.198,439.8,282.7,fixation
12:28:11.1985,439.3,282.8,fixation
12:28:11.199,438.9,282.1,fixation
12:28:11.1995,438.9,281.0,fixation
12:28:11.2000,439.2,280.0,fixation
12:28:11.2005,439.8,280.1,fixation
12:28:11.201,440.1,280.7,fixation
12:28:11.2015,439.5,281.2,fixation
12:28:11.202,438.8,280.9,fixation
12:28:11.2025,438.5,280.0,fixation
12:28:11.2030,438.9,279.3,fixation
12:28:11.2035,439.2,278.7,fixation
12:28:11.204,438.9,278.8,fixation
12:28:11.2045,438.7,279.0,fixation
12:28:11.205,438.7,279.1,fixation
12:28:11.2055,438.2,279.7,fixation
12:28:11.2060,437.7,280.3,fixation
12:28:11.2065,437.8,282.0,fixation
12:28:11.207,438.0,283.1,fixation
12:28:11.2075,438.3,282.9,fixation
12:28:11.208,438.0,281.5,fixation
12:28:11.2085,438.6,280.7,fixation
12:28:11.2090,439.1,281.1,fixation
12:28:11.2095,439.5,281.4,fixation
12:28:11.21,439.1,281.3,fixation
12:28:11.2105,438.6,281.5,fixation
12:28:11.211,439.2,282.4,fixation
12:28:11.2115,440.1,284.0,fixation
12:28:11.212,441.2,285.4,fixation
12:28:11.2125,441.1,286.1,fixation
12:28:11.2130,441.9,285.9,fixation
12:28:11.2135,443.5,284.8,fixation
12:28:11.214,445.2,283.8,fixation
12:28:11.2145,445.7,283.3,fixation
12:28:11.215,444.9,283.8,fixation
12:28:11.2155,444.3,283.5,fixation
12:28:11.2160,444.3,282.6,fixation
12:28:11.2165,443.9,281.4,fixation
12:28:11.217,443.3,281.1,fixation
12:28:11.2175,442.3,281.3,fixation
12:28:11.218,442.0,281.7,fixation
12:28:11.2185,441.7,282.3,fixation
12:28:11.2190,441.3,282.6,fixation
12:28:11.2195,440.9,282.0,fixation
12:28:11.22,440.6,281.1,fixation
12:28:11.2205,440.7,280.0,fixation
12:28:11.221,440.7,279.9,fixation
12:28:11.2215,440.7,280.0,fixation
12:28:11.2220,441.6,280.0,fixation
12:28:11.2225,442.6,280.0,fixation
12:28:11.223,443.5,279.8,fixation
12:28:11.2235,443.5,279.6,fixation
12:28:11.224,443.5,279.4,fixation
12:28:11.2245,443.0,281.2,fixation
12:28:11.2250,442.6,282.1,fixation
12:28:11.2255,442.2,282.0,fixation
12:28:11.226,442.4,279.5,fixation
12:28:11.2265,442.4,278.0,fixation
12:28:11.227,442.3,277.5,fixation
12:28:11.2275,442.0,277.5,fixation
12:28:11.228,441.6,277.7,fixation
12:28:11.2285,441.4,278.2,fixation
12:28:11.2290,441.2,278.5,fixation
12:28:11.2295,441.2,278.4,fixation
12:28:11.23,439.9,277.9,fixation
12:28:11.2305,438.4,278.7,fixation
12:28:11.231,436.9,279.8,fixation
12:28:11.2315,436.8,281.0,fixation
12:28:11.2320,436.8,281.1,fixation
12:28:11.2325,436.6,281.1,fixation
12:28:11.233,436.4,281.2,fixation
12:28:11.2335,435.6,281.2,fixation
12:28:11.234,435.0,280.6,fixation
12:28:11.2345,435.2,279.9,fixation
12:28:11.2350,435.9,279.3,fixation
12:28:11.2355,436.6,279.5,fixation
12:28:11.236,436.6,280.9,fixation
12:28:11.2365,436.4,282.2,fixation
12:28:11.237,436.1,283.4,fixation
12:28:11.2375,435.8,283.4,fixation
12:28:11.2380,436.1,282.8,fixation
12:28:11.2385,436.5,281.7,fixation
12:28:11.239,437.1,280.2,fixation
12:28:11.2395,437.4,279.3,fixation
12:28:11.24,437.4,278.9,fixation
12:28:11.2405,437.3,279.1,fixation
12:28:11.2410,437.1,279.6,fixation
12:28:11.2415,436.9,281.1,fixation
12:28:11.242,436.8,282.4,fixation
12:28:11.2425,436.9,284.0,fixation
12:28:11.243,437.3,284.7,fixation
12:28:11.2435,437.9,283.9,fixation
12:28:11.244,438.3,282.4,fixation
12:28:11.2445,438.8,281.0,fixation
12:28:11.2450,440.2,281.0,fixation
12:28:11.2455,441.4,281.0,fixation
12:28:11.246,440.9,281.0,fixation
12:28:11.2465,439.3,281.1,fixation
12:28:11.247,439.1,281.0,fixation
12:28:11.2475,440.8,280.9,fixation
12:28:11.2480,442.1,281.5,fixation
12:28:11.2485,442.0,282.2,fixation
12:28:11.249,441.6,283.6,fixation
12:28:11.2495,441.8,284.9,fixation
12:28:11.25,442.1,286.2,fixation
12:28:11.2505,442.2,286.5,fixation
12:28:11.2510,442.1,285.8,fixation
12:28:11.2515,442.3,284.9,fixation
12:28:11.252,442.7,284.2,fixation
12:28:11.2525,443.1,283.9,fixation
12:28:11.253,442.7,283.8,fixation
12:28:11.2535,442.3,283.8,fixation
12:28:11.2540,441.6,283.8,fixation
12:28:11.2545,441.3,284.1,fixation
12:28:11.255,441.8,284.5,fixation
12:28:11.2555,443.1,285.0,fixation
12:28:11.256,444.3,285.3,fixation
12:28:11.2565,443.5,284.6,fixation
12:28:11.2570,442.3,284.0,fixation
12:28:11.2575,441.8,283.5,fixation
12:28:11.2580,442.5,283.1,fixation
12:28:11.2585,442.1,282.5,fixation
12:28:11.259,440.9,282.6,fixation
12:28:11.2595,439.6,283.5,fixation
12:28:11.26,440.0,282.9,fixation
12:28:11.2605,440.4,281.5,fixation
12:28:11.2610,440.9,280.1,fixation
12:28:11.2615,441.3,280.1,fixation
12:28:11.262,441.4,281.8,fixation
12:28:11.2625,440.0,283.3,fixation
12:28:11.263,438.4,283.5,fixation
12:28:11.2635,437.1,282.0,fixation
12:28:11.2640,437.4,280.7,fixation
12:28:11.2645,437.6,281.0,fixation
12:28:11.265,437.6,281.9,fixation
12:28:11.2655,437.4,282.8,fixation
12:28:11.266,437.2,283.5,fixation
12:28:11.2665,436.3,285.7,fixation
12:28:11.2670,435.6,288.8,fixation
12:28:11.2675,435.7,292.0,fixation
12:28:11.268,436.5,291.4,fixation
12:28:11.2685,437.4,288.9,fixation
12:28:11.269,437.5,284.8,fixation
12:28:11.2695,437.5,282.1,fixation
12:28:11.2700,437.6,280.8,fixation
12:28:11.2705,437.8,281.2,fixation
12:28:11.271,437.6,282.2,fixation
12:28:11.2715,437.3,283.0,fixation
12:28:11.272,437.4,283.5,fixation
12:28:11.2725,437.8,283.3,fixation
12:28:11.2730,438.1,283.0,fixation
12:28:11.2735,438.1,282.7,fixation
12:28:11.2740,438.5,282.2,fixation
12:28:11.2745,438.8,281.6,fixation
12:28:11.275,439.0,281.6,fixation
12:28:11.2755,439.1,282.2,fixation
12:28:11.276,439.2,282.9,fixation
12:28:11.2765,439.7,283.3,fixation
12:28:11.2770,440.0,284.0,fixation
12:28:11.2775,439.7,284.8,fixation
12:28:11.278,439.3,286.5,fixation
12:28:11.2785,439.2,288.1,fixation
12:28:11.279,440.0,289.3,fixation
12:28:11.2795,440.9,288.4,fixation
12:28:11.2800,441.5,287.5,fixation
12:28:11.2805,441.7,286.6,fixation
12:28:11.281,441.8,286.6,fixation
12:28:11.2815,441.7,286.7,fixation
12:28:11.282,441.6,286.0,fixation
12:28:11.2825,441.7,284.9,fixation
12:28:11.2830,442.2,283.8,fixation
12:28:11.2835,442.6,283.6,fixation
12:28:11.284,442.5,284.1,fixation
12:28:11.2845,442.3,284.8,fixation
12:28:11.285,442.4,285.3,fixation
12:28:11.2855,442.6,285.8,fixation
12:28:11.2860,443.1,286.4,fixation
12:28:11.2865,443.5,286.7,fixation
12:28:11.287,443.6,286.5,fixation
12:28:11.2875,443.7,285.6,fixation
12:28:11.288,443.7,285.7,fixation
12:28:11.2885,444.0,286.0,fixation
12:28:11.2890,444.3,286.6,fixation
12:28:11.2895,444.4,286.5,fixation
12:28:11.2900,444.5,286.3,fixation
12:28:11.2905,444.3,286.4,fixation
12:28:11.291,444.1,286.6,fixation
12:28:11.2915,443.7,287.5,fixation
12:28:11.292,443.9,287.8,fixation
12:28:11.2925,444.0,287.9,fixation
12:28:11.2930,444.3,284.8,fixation
12:28:11.2935,444.3,281.9,fixation
12:28:11.294,443.8,280.5,fixation
12:28:11.2945,443.0,281.7,fixation
12:28:11.295,442.2,283.1,fixation
12:28:11.2955,441.9,283.3,fixation
12:28:11.2960,441.7,283.4,fixation
12:28:11.2965,441.8,283.6,fixation
12:28:11.297,442.0,283.7,fixation
12:28:11.2975,441.9,285.7,fixation
12:28:11.298,441.7,287.5,fixation
12:28:11.2985,441.5,289.3,fixation
12:28:11.2990,441.5,288.9,fixation
12:28:11.2995,440.8,288.3,fixation
12:28:11.3,440.4,286.8,fixation
12:28:11.3005,440.0,285.8,fixation
12:28:11.301,440.2,285.0,fixation
12:28:11.3015,440.5,285.8,fixation
12:28:11.3020,440.8,286.7,fixation
12:28:11.3025,441.2,287.7,fixation
12:28:11.303,441.3,287.5,fixation
12:28:11.3035,440.2,286.8,fixation
12:28:11.304,438.9,286.2,fixation
12:28:11.3045,437.5,286.5,fixation
12:28:11.3050,437.5,287.1,fixation
12:28:11.3055,437.9,287.9,fixation
12:28:11.3060,438.3,288.1,fixation
12:28:11.3065,439.1,286.7,fixation
12:28:11.307,439.4,285.1,fixation
12:28:11.3075,439.7,283.5,fixation
12:28:11.308,439.2,283.7,fixation
12:28:11.3085,438.8,284.2,fixation
12:28:11.3090,438.5,287.1,fixation
12:28:11.3095,438.4,289.7,fixation
12:28:11.31,437.9,290.9,fixation
12:28:11.3105,437.4,287.5,fixation
12:28:11.311,436.9,284.2,fixation
12:28:11.3115,437.4,283.2,fixation
12:28:11.3120,437.8,284.8,fixation
12:28:11.3125,438.0,286.8,fixation
12:28:11.313,437.7,287.5,fixation
12:28:11.3135,437.5,287.8,fixation
12:28:11.314,437.3,288.9,fixation
12:28:11.3145,437.9,290.0,fixation
12:28:11.3150,438.5,291.1,fixation
12:28:11.3155,439.3,290.1,fixation
12:28:11.316,439.4,288.5,fixation
12:28:11.3165,439.6,286.9,fixation
12:28:11.317,439.6,286.3,fixation
12:28:11.3175,439.6,286.1,fixation
12:28:11.3180,439.6,285.8,fixation
12:28:11.3185,439.6,285.6,fixation
12:28:11.319,439.8,285.4,fixation
12:28:11.3195,439.9,285.1,fixation
12:28:11.32,439.9,285.4,fixation
12:28:11.3205,440.7,286.6,fixation
12:28:11.321,441.3,289.2,fixation
12:28:11.3215,441.9,291.3,fixation
12:28:11.3220,441.7,289.9,fixation
12:28:11.3225,441.7,286.7,fixation
12:28:11.323,441.8,283.5,fixation
12:28:11.3235,441.8,283.8,fixation
12:28:11.324,441.6,285.0,fixation
12:28:11.3245,441.4,285.8,fixation
12:28:11.3250,441.2,286.0,fixation
12:28:11.3255,440.9,285.6,fixation
12:28:11.326,440.6,286.2,fixation
12:28:11.3265,442.0,287.4,fixation
12:28:11.327,443.4,288.6,fixation
12:28:11.3275,445.0,289.2,fixation
12:28:11.3280,445.0,289.1,fixation
12:28:11.3285,444.3,289.0,fixation
12:28:11.329,443.6,287.6,fixation
12:28:11.3295,442.9,286.3,fixation
12:28:11.33,442.7,287.1,fixation
12:28:11.3305,442.6,289.1,fixation
12:28:11.3310,442.6,289.9,fixation
12:28:11.3315,442.9,288.7,fixation
12:28:11.332,442.9,288.0,fixation
12:28:11.3325,442.7,288.4,fixation
12:28:11.333,442.3,288.7,fixation
12:28:11.3335,442.4,288.4,fixation
12:28:11.3340,444.0,288.5,fixation
12:28:11.3345,445.6,288.5,fixation
12:28:11.335,445.7,289.2,fixation
12:28:11.3355,444.4,289.8,fixation
12:28:11.336,443.0,290.0,fixation
12:28:11.3365,443.0,289.2,fixation
12:28:11.337,443.0,288.3,fixation
12:28:11.3375,443.4,287.8,fixation
12:28:11.3380,443.8,287.6,fixation
12:28:11.3385,444.0,288.9,fixation
12:28:11.339,443.8,290.4,fixation
12:28:11.3395,443.8,291.5,fixation
12:28:11.34,443.8,291.0,fixation
12:28:11.3405,443.8,290.6,fixation
12:28:11.3410,444.1,290.3,fixation
12:28:11.3415,444.5,290.1,fixation
12:28:11.342,444.6,289.9,fixation
12:28:11.3425,444.4,288.6,fixation
12:28:11.343,445.1,287.2,fixation
12:28:11.3435,446.2,285.9,fixation
12:28:11.3440,447.0,286.5,fixation
12:28:11.3445,445.2,287.5,fixation
12:28:11.345,443.5,288.6,fixation
12:28:11.3455,441.7,289.1,fixation
12:28:11.346,441.9,289.0,fixation
12:28:11.3465,442.0,290.5,fixation
12:28:11.3470,442.5,292.0,fixation
12:28:11.3475,443.0,292.7,fixation
12:28:11.348,442.7,290.9,fixation
12:28:11.3485,442.0,289.0,fixation
12:28:11.349,441.4,288.0,fixation
12:28:11.3495,442.0,288.0,fixation
12:28:11.3500,443.0,289.5,fixation
12:28:11.3505,443.7,290.9,fixation
12:28:11.351,444.1,292.3,fixation
12:28:11.3515,444.0,292.3,fixation
12:28:11.352,443.8,292.4,fixation
12:28:11.3525,443.0,292.4,fixation
12:28:11.353,442.4,291.4,fixation
12:28:11.3535,441.7,290.4,fixation
12:28:11.3540,443.0,289.5,fixation
12:28:11.3545,444.1,290.7,fixation
12:28:11.355,444.9,291.9,fixation
12:28:11.3555,444.3,293.7,fixation
12:28:11.356,444.0,294.8,fixation
12:28:11.3565,444.0,296.0,fixation
12:28:11.3570,444.4,293.9,fixation
12:28:11.3575,444.7,291.2,fixation
12:28:11.358,445.1,288.6,fixation
12:28:11.3585,445.2,288.7,fixation
12:28:11.359,445.3,289.1,fixation
12:28:11.3595,443.6,289.6,fixation
12:28:11.3600,441.8,289.5,fixation
12:28:11.3605,440.0,289.2,fixation
12:28:11.361,439.8,289.7,fixation
12:28:11.3615,439.7,290.7,fixation
12:28:11.362,439.8,291.7,fixation
12:28:11.3625,440.4,291.8,fixation
12:28:11.3630,440.7,292.4,fixation
12:28:11.3635,441.7,293.1,fixation
12:28:11.364,442.4,293.4,fixation
12:28:11.3645,443.1,293.1,fixation
12:28:11.365,443.1,292.6,fixation
12:28:11.3655,442.9,292.5,fixation
12:28:11.3660,442.8,292.5,fixation
12:28:11.3665,443.0,291.5,fixation
12:28:11.367,443.7,290.6,fixation
12:28:11.3675,444.4,289.4,fixation
12:28:11.368,444.6,289.0,fixation
12:28:11.3685,444.2,289.7,fixation
12:28:11.369,443.7,291.4,fixation
12:28:11.3695,443.4,293.1,fixation
12:28:11.3700,443.4,293.9,fixation
12:28:11.3705,443.5,295.4,fixation
12:28:11.371,444.0,296.8,fixation
12:28:11.3715,444.6,295.5,fixation
12:28:11.372,445.6,292.6,fixation
12:28:11.3725,446.0,290.1,fixation
12:28:11.3730,446.2,290.7,fixation
12:28:11.3735,446.1,291.3,fixation
12:28:11.374,446.4,291.4,fixation
12:28:11.3745,446.7,291.2,fixation
12:28:11.375,446.8,291.2,fixation
12:28:11.3755,445.9,291.4,fixation
12:28:11.3760,445.1,291.7,fixation
12:28:11.3765,444.9,292.2,fixation
12:28:11.377,445.4,293.1,fixation
12:28:11.3775,445.8,293.8,fixation
12:28:11.378,445.6,294.0,fixation
12:28:11.3785,445.3,295.1,fixation
12:28:11.3790,444.4,296.4,fixation
12:28:11.3795,443.7,295.1,fixation
12:28:11.38,443.1,292.7,fixation
12:28:11.3805,443.1,290.6,fixation
12:28:11.381,443.0,290.8,fixation
12:28:11.3815,443.0,290.8,fixation
12:28:11.3820,442.8,292.6,fixation
12:28:11.3825,444.3,294.7,fixation
12:28:11.3830,446.0,295.6,fixation
12:28:11.3835,447.7,294.2,fixation
12:28:11.384,447.6,292.1,fixation
12:28:11.3845,447.7,291.4,fixation
12:28:11.385,448.1,290.8,fixation
12:28:11.3855,448.1,292.7,fixation
12:28:11.3860,447.3,294.4,fixation
12:28:11.3865,446.9,293.2,fixation
12:28:11.387,446.8,290.3,fixation
12:28:11.3875,447.1,290.3,fixation
12:28:11.388,447.1,293.1,fixation
12:28:11.3885,446.8,296.0,fixation
12:28:11.3890,446.7,295.9,fixation
12:28:11.3895,446.5,296.3,fixation
12:28:11.39,446.3,296.9,fixation
12:28:11.3905,446.4,298.1,fixation
12:28:11.391,446.4,299.0,fixation
12:28:11.3915,446.2,299.8,fixation
12:28:11.3920,446.1,300.0,fixation
12:28:11.3925,446.2,300.3,fixation
12:28:11.393,445.9,298.6,fixation
12:28:11.3935,445.3,295.8,fixation
12:28:11.394,444.7,292.9,fixation
12:28:11.3945,446.0,293.2,fixation
12:28:11.3950,447.2,296.4,fixation
12:28:11.3955,448.5,299.7,fixation
12:28:11.396,446.8,299.5,fixation
12:28:11.3965,445.5,296.9,fixation
12:28:11.397,444.2,294.4,fixation
12:28:11.3975,444.2,295.1,fixation
12:28:11.3980,444.1,296.4,fixation
12:28:11.3985,444.6,297.8,fixation
12:28:11.3990,444.6,297.4,fixation
12:28:11.3995,444.1,296.9,fixation
12:28:11.4,442.8,296.4,fixation
12:28:11.4005,443.5,294.7,fixation
12:28:11.401,444.7,293.0,fixation
12:28:11.4015,444.6,290.9,fixation
12:28:11.4020,443.1,290.0,fixation
12:28:11.4025,442.9,289.2,fixation
12:28:11.403,444.0,289.5,fixation
12:28:11.4035,445.2,290.2,fixation
12:28:11.404,445.3,291.5,fixation
12:28:11.4045,445.0,292.8,fixation
12:28:11.4050,444.2,294.6,fixation
12:28:11.4055,443.2,295.7,fixation
12:28:11.406,442.7,296.3,fixation
12:28:11.4065,442.6,295.1,fixation
12:28:11.407,443.2,293.8,fixation
12:28:11.4075,444.5,292.3,fixation
12:28:11.4080,445.4,291.9,fixation
12:28:11.4085,446.1,290.9,fixation
12:28:11.409,445.7,290.3,fixation
12:28:11.4095,445.0,290.5,fixation
12:28:11.41,444.3,291.9,fixation
12:28:11.4105,444.0,293.9,fixation
12:28:11.4110,444.0,295.0,fixation
12:28:11.4115,443.4,295.6,fixation
12:28:11.412,442.8,295.6,fixation
12:28:11.4125,443.3,295.4,fixation
12:28:11.413,444.3,295.1,fixation
12:28:11.4135,445.1,296.8,fixation
12:28:11.4140,444.9,298.8,fixation
12:28:11.4145,444.4,300.5,fixation
12:28:11.4150,443.9,300.1,fixation
12:28:11.4155,442.8,298.7,fixation
12:28:11.416,441.9,297.4,fixation
12:28:11.4165,441.3,295.6,fixation
12:28:11.417,440.3,294.7,fixation
12:28:11.4175,439.1,295.0,fixation
12:28:11.4180,439.2,296.2,fixation
12:28:11.4185,440.4,297.4,fixation
12:28:11.419,441.5,297.5,fixation
12:28:11.4195,441.3,297.5,fixation
12:28:11.42,441.2,298.0,fixation
12:28:11.4205,441.4,298.4,fixation
12:28:11.4210,441.8,297.7,fixation
12:28:11.4215,442.1,296.9,fixation
12:28:11.422,441.9,296.0,fixation
12:28:11.4225,441.3,296.3,fixation
12:28:11.423,440.7,296.3,fixation
12:28:11.4235,440.7,296.3,fixation
12:28:11.4240,440.6,296.3,fixation
12:28:11.4245,440.8,296.3,fixation
12:28:11.425,440.9,297.6,fixation
12:28:11.4255,440.4,298.8,fixation
12:28:11.426,439.9,298.7,fixation
12:28:11.4265,439.6,297.8,fixation
12:28:11.4270,439.8,297.4,fixation
12:28:11.4275,439.6,298.2,fixation
12:28:11.428,439.3,298.6,fixation
12:28:11.4285,439.2,298.4,fixation
12:28:11.429,439.2,298.3,fixation
12:28:11.4295,439.1,298.1,fixation
12:28:11.4300,439.0,298.1,fixation
12:28:11.4305,439.0,298.1,fixation
12:28:11.4310,438.6,298.3,fixation
12:28:11.4315,438.2,298.5,fixation
12:28:11.432,438.3,296.9,fixation
12:28:11.4325,439.0,295.3,fixation
12:28:11.433,440.3,293.7,fixation
12:28:11.4335,441.6,293.9,fixation
12:28:11.4340,442.5,294.6,fixation
12:28:11.4345,442.8,295.4,fixation
12:28:11.435,442.5,296.6,fixation
12:28:11.4355,442.3,296.8,fixation
12:28:11.436,441.9,297.1,fixation
12:28:11.4365,441.6,297.5,fixation
12:28:11.4370,441.2,298.2,fixation
12:28:11.4375,441.0,299.2,fixation
12:28:11.438,441.7,299.6,fixation
12:28:11.4385,442.5,299.8,fixation
12:28:11.439,443.4,299.6,fixation
12:28:11.4395,442.3,299.3,fixation
12:28:11.4400,441.1,299.1,fixation
12:28:11.4405,440.2,298.3,fixation
12:28:11.441,440.5,297.0,fixation
12:28:11.4415,440.9,295.5,fixation
12:28:11.442,441.2,294.4,fixation
12:28:11.4425,441.9,293.8,fixation
12:28:11.4430,442.5,293.5,fixation
12:28:11.4435,444.3,294.9,fixation
12:28:11.444,446.0,296.3,fixation
12:28:11.4445,447.6,298.1,fixation
12:28:11.445,447.7,298.5,fixation
12:28:11.4455,447.6,298.4,fixation
12:28:11.446,446.4,296.5,fixation
12:28:11.4465,445.1,294.5,fixation
12:28:11.4470,443.8,293.5,fixation
12:28:11.4475,444.0,294.4,fixation
12:28:11.448,444.5,295.0,fixation
12:28:11.4485,445.1,295.2,fixation
12:28:11.449,445.9,295.1,fixation
12:28:11.4495,446.6,295.1,fixation
12:28:11.4500,447.0,296.8,fixation
12:28:11.4505,446.4,298.3,fixation
12:28:11.451,445.8,299.6,fixation
12:28:11.4515,445.5,298.7,fixation
12:28:11.452,445.3,298.0,fixation
12:28:11.4525,445.6,297.4,fixation
12:28:11.4530,445.9,297.5,fixation
12:28:11.4535,446.2,297.6,fixation
12:28:11.454,446.1,297.9,fixation
12:28:11.4545,445.9,298.1,fixation
12:28:11.455,445.8,297.1,fixation
12:28:11.4555,445.8,296.0,fixation
12:28:11.4560,445.9,295.1,fixation
12:28:11.4565,446.0,295.4,fixation
12:28:11.457,446.0,296.1,fixation
12:28:11.4575,445.9,297.1,fixation
12:28:11.458,445.5,298.2,fixation
12:28:11.4585,445.0,299.3,fixation
12:28:11.4590,444.6,300.0,fixation
12:28:11.4595,444.7,298.6,fixation
12:28:11.46,445.1,296.8,fixation
12:28:11.4605,445.8,296.3,fixation
12:28:11.461,446.2,297.6,fixation
12:28:11.4615,446.3,299.1,fixation
12:28:11.462,445.9,299.3,fixation
12:28:11.4625,445.6,299.2,fixation
12:28:11.4630,444.8,298.9,fixation
12:28:11.4635,444.0,298.5,fixation
12:28:11.464,444.8,298.4,fixation
12:28:11.4645,446.3,298.5,fixation
12:28:11.465,448.1,298.6,fixation
12:28:11.4655,448.3,298.8,fixation
12:28:11.4660,447.4,297.7,fixation
12:28:11.4665,446.4,296.2,fixation
12:28:11.467,444.9,294.7,fixation
12:28:11.4675,444.5,294.4,fixation
12:28:11.468,443.7,294.3,fixation
12:28:11.4685,443.3,294.2,fixation
12:28:11.4690,442.9,293.3,fixation
12:28:11.4695,442.8,292.3,fixation
12:28:11.47,442.8,291.4,fixation
12:28:11.4705,442.9,292.3,fixation
12:28:11.471,443.0,293.4,fixation
12:28:11.4715,443.2,295.2,fixation
12:28:11.4720,443.3,296.1,fixation
12:28:11.4725,443.4,296.9,fixation
12:28:11.473,443.9,298.6,fixation
12:28:11.4735,444.3,300.1,fixation
12:28:11.474,445.1,299.5,fixation
12:28:11.4745,445.0,297.5,fixation
12:28:11.4750,445.0,296.2,fixation
12:28:11.4755,445.1,296.2,fixation
12:28:11.476,445.5,295.6,fixation
12:28:11.4765,445.5,294.8,fixation
12:28:11.477,445.0,294.9,fixation
12:28:11.4775,444.4,295.7,fixation
12:28:11.478,443.6,296.0,fixation
12:28:11.4785,443.2,296.1,fixation
12:28:11.4790,442.8,295.8,fixation
12:28:11.4795,443.0,295.6,fixation
12:28:11.48,443.0,296.4,fixation
12:28:11.4805,443.0,297.5,fixation
12:28:11.481,442.8,299.4,fixation
12:28:11.4815,442.7,300.1,fixation
12:28:11.4820,442.7,301.4,fixation
12:28:11.4825,442.9,301.9,fixation
12:28:11.483,442.9,302.5,fixation
12:28:11.4835,442.5,302.8,fixation
12:28:11.484,441.9,303.0,fixation
12:28:11.4845,441.4,302.7,fixation
12:28:11.4850,441.1,301.9,fixation
12:28:11.4855,441.0,301.3,fixation
12:28:11.486,441.2,301.1,fixation
12:28:11.4865,440.7,300.9,fixation
12:28:11.487,440.1,300.4,fixation
12:28:11.4875,439.7,299.3,fixation
12:28:11.4880,440.5,298.5,fixation
12:28:11.4885,441.4,298.0,fixation
12:28:11.489,442.0,297.9,fixation
12:28:11.4895,441.6,297.7,fixation
12:28:11.49,441.2,297.9,fixation
12:28:11.4905,441.3,298.4,fixation
12:28:11.4910,441.5,299.1,fixation
12:28:11.4915,441.8,299.2,fixation
12:28:11.492,441.8,298.9,fixation
12:28:11.4925,441.8,298.4,fixation
12:28:11.493,441.6,298.1,fixation
12:28:11.4935,441.2,298.2,fixation
12:28:11.494,439.8,298.1,fixation
12:28:11.4945,438.9,297.6,fixation
12:28:11.4950,438.5,296.2,fixation
12:28:11.4955,439.1,295.2,fixation
12:28:11.496,439.5,295.8,fixation
12:28:11.4965,439.6,296.7,fixation
12:28:11.497,440.2,296.9,fixation
12:28:11.4975,441.0,295.0,fixation
12:28:11.4980,441.6,293.6,fixation
12:28:11.4985,441.5,295.0,fixation
12:28:11.499,440.5,297.2,fixation
12:28:11.4995,439.5,298.9,fixation
12:28:11.5,439.1,298.4,fixation
12:28:11.5005,439.5,298.1,fixation
12:28:11.5010,439.7,298.3,fixation
12:28:11.5015,439.6,297.7,fixation
12:28:11.502,440.4,297.0,fixation
12:28:11.5025,440.8,297.8,fixation
12:28:11.503,440.8,299.3,fixation
12:28:11.5035,439.8,300.5,fixation
12:28:11.5040,439.4,300.3,fixation
12:28:11.5045,439.2,300.6,fixation
12:28:11.505,439.1,301.1,fixation
12:28:11.5055,439.2,300.6,fixation
12:28:11.506,439.1,297.2,fixation
12:28:11.5065,439.3,293.8,fixation
12:28:11.5070,439.5,291.7,fixation
12:28:11.5075,439.8,291.9,fixation
12:28:11.5080,440.0,292.1,fixation
12:28:11.5085,439.8,293.7,fixation
12:28:11.509,439.7,295.3,fixation
12:28:11.5095,440.0,298.5,fixation
12:28:11.51,440.5,300.1,fixation
12:28:11.5105,440.3,302.0,fixation
12:28:11.5110,439.8,302.2,fixation
12:28:11.5115,439.3,302.3,fixation
12:28:11.512,439.6,301.0,fixation
12:28:11.5125,439.9,300.0,fixation
12:28:11.513,440.2,299.4,fixation
12:28:11.5135,440.1,299.7,fixation
12:28:11.5140,439.9,300.9,fixation
12:28:11.5145,439.7,301.8,fixation
12:28:11.515,440.0,300.6,fixation
12:28:11.5155,440.1,298.1,fixation
12:28:11.516,440.3,295.7,fixation
12:28:11.5165,440.4,295.6,fixation
12:28:11.5170,440.9,296.9,fixation
12:28:11.5175,441.2,298.1,fixation
12:28:11.518,440.6,299.1,fixation
12:28:11.5185,439.9,298.2,fixation
12:28:11.519,440.3,297.4,fixation
12:28:11.5195,442.2,296.0,fixation
12:28:11.5200,444.4,295.5,fixation
12:28:11.5205,445.5,295.0,fixation
12:28:11.521,445.5,295.1,fixation
12:28:11.5215,445.0,295.8,fixation
12:28:11.522,444.0,296.9,fixation
12:28:11.5225,443.1,297.9,fixation
12:28:11.5230,442.6,297.5,fixation
12:28:11.5235,443.2,296.8,fixation
12:28:11.5240,443.5,296.1,fixation
12:28:11.5245,443.4,296.1,fixation
12:28:11.525,443.3,296.9,fixation
12:28:11.5255,443.4,297.7,fixation
12:28:11.526,442.0,297.6,fixation
12:28:11.5265,440.4,296.7,fixation
12:28:11.5270,439.8,297.9,fixation
12:28:11.5275,441.0,300.0,fixation
12:28:11.528,442.5,301.5,fixation
12:28:11.5285,443.2,300.9,fixation
12:28:11.529,443.5,300.3,fixation
12:28:11.5295,443.6,300.1,fixation
12:28:11.5300,444.5,299.8,fixation
12:28:11.5305,445.4,300.3,fixation
12:28:11.531,445.2,300.9,fixation
12:28:11.5315,443.9,301.5,fixation
12:28:11.532,442.9,301.4,fixation
12:28:11.5325,443.3,301.1,fixation
12:28:11.5330,444.5,300.5,fixation
12:28:11.5335,445.6,300.0,fixation
12:28:11.534,446.5,299.8,fixation
12:28:11.5345,446.6,299.5,fixation
12:28:11.535,446.4,299.1,fixation
12:28:11.5355,446.2,298.7,fixation
12:28:11.5360,446.0,298.7,fixation
12:28:11.5365,446.4,300.9,fixation
12:28:11.537,446.8,303.1,fixation
12:28:11.5375,446.8,302.9,fixation
12:28:11.538,446.7,300.3,fixation
12:28:11.5385,446.7,297.4,fixation
12:28:11.5390,446.2,296.9,fixation
12:28:11.5395,445.4,296.6,fixation
12:28:11.5400,444.6,296.8,fixation
12:28:11.5405,444.5,297.0,fixation
12:28:11.541,444.2,298.8,fixation
12:28:11.5415,443.9,300.5,fixation
12:28:11.542,443.7,302.0,fixation
12:28:11.5425,444.5,301.9,saccade
12:28:11.5430,444.8,302.3,saccade
12:28:11.5435,444.7,302.7,saccade
12:28:11.544,444.5,303.1,saccade
12:28:11.5445,443.8,302.9,saccade
12:28:11.545,443.2,302.8,saccade
12:28:11.5455,442.6,302.6,saccade
12:28:11.5460,442.3,302.0,saccade
12:28:11.5465,442.0,301.3,saccade
12:28:11.547,441.9,301.6,saccade
12:28:11.5475,442.9,302.2,saccade
12:28:11.548,444.2,302.6,saccade
12:28:11.5485,445.3,301.9,saccade
12:28:11.5490,446.5,301.4,saccade
12:28:11.5495,448.9,301.5,saccade
12:28:11.55,452.1,301.9,saccade
12:28:11.5505,456.6,302.3,saccade
12:28:11.551,460.1,302.0,saccade
12:28:11.5515,463.5,301.8,saccade
12:28:11.5520,467.5,301.7,saccade
12:28:11.5525,473.3,302.0,saccade
12:28:11.553,479.5,302.3,saccade
12:28:11.5535,487.0,302.2,saccade
12:28:11.554,496.2,302.0,saccade
12:28:11.5545,505.2,301.9,saccade
12:28:11.5550,514.0,302.4,saccade
12:28:11.5555,520.3,300.4,saccade
12:28:11.5560,527.6,298.3,saccade
12:28:11.5565,532.9,296.1,saccade
12:28:11.557,541.4,297.5,saccade
12:28:11.5575,548.1,298.9,saccade
12:28:11.558,555.7,300.2,saccade
12:28:11.5585,560.5,298.6,saccade
12:28:11.5590,566.0,297.0,saccade
12:28:11.5595,570.2,294.2,saccade
12:28:11.56,572.9,293.1,saccade
12:28:11.5605,575.5,293.1,saccade
12:28:11.561,576.3,294.1,saccade
12:28:11.5615,577.2,292.9,saccade
12:28:11.5620,577.4,291.2,saccade
12:28:11.5625,577.7,289.6,saccade
12:28:11.563,577.2,289.7,saccade
12:28:11.5635,576.4,289.1,saccade
12:28:11.564,575.0,288.4,saccade
12:28:11.5645,574.3,288.1,saccade
12:28:11.5650,573.3,288.1,saccade
12:28:11.5655,570.0,287.9,saccade
12:28:11.566,567.1,287.6,saccade
12:28:11.5665,564.5,287.7,saccade
12:28:11.567,562.8,288.0,saccade
12:28:11.5675,559.5,288.2,saccade
12:28:11.5680,556.3,288.5,saccade
12:28:11.5685,552.3,288.9,saccade
12:28:11.569,549.3,289.4,saccade
12:28:11.5695,546.2,289.7,saccade
12:28:11.57,544.2,290.0,saccade
12:28:11.5705,542.4,290.1,saccade
12:28:11.571,540.7,290.0,saccade
12:28:11.5715,540.4,290.1,saccade
12:28:11.5720,540.3,291.9,saccade
12:28:11.5725,540.3,293.4,saccade
12:28:11.573,539.8,294.5,saccade
12:28:11.5735,538.9,294.1,saccade
12:28:11.574,537.9,294.2,saccade
12:28:11.5745,538.4,294.9,saccade
12:28:11.5750,539.0,295.2,saccade
12:28:11.5755,539.7,295.0,saccade
12:28:11.576,540.1,295.6,fixation
12:28:11.5765,540.5,297.3,fixation
12:28:11.577,540.9,298.7,fixation
12:28:11.5775,541.0,298.1,fixation
12:28:11.5780,541.2,296.5,fixation
12:28:11.5785,541.3,295.0,fixation
12:28:11.579,541.6,296.1,fixation
12:28:11.5795,542.2,297.3,fixation
12:28:11.58,542.8,298.1,fixation
12:28:11.5805,543.2,297.5,fixation
12:28:11.5810,544.4,296.9,fixation
12:28:11.5815,545.9,297.2,fixation
12:28:11.582,547.4,297.6,fixation
12:28:11.5825,546.5,298.0,fixation
12:28:11.583,545.3,297.4,fixation
12:28:11.5835,544.2,296.6,fixation
12:28:11.5840,544.5,295.9,fixation
12:28:11.5845,544.7,295.6,fixation
12:28:11.585,545.6,295.6,fixation
12:28:11.5855,546.3,295.4,fixation
12:28:11.586,548.3,295.3,fixation
12:28:11.5865,549.6,295.8,fixation
12:28:11.587,550.7,296.5,fixation
12:28:11.5875,550.4,297.1,fixation
12:28:11.5880,549.8,297.0,fixation
12:28:11.5885,549.4,296.9,fixation
12:28:11.589,549.9,295.6,fixation
12:28:11.5895,550.6,294.3,fixation
12:28:11.59,550.3,293.1,fixation
12:28:11.5905,549.4,293.1,fixation
12:28:11.5910,548.8,293.3,fixation
12:28:11.5915,549.3,293.6,fixation
12:28:11.592,549.5,294.2,fixation
12:28:11.5925,549.5,294.9,fixation
12:28:11.593,549.6,295.6,fixation
12:28:11.5935,549.7,296.2,fixation
12:28:11.5940,549.8,296.2,fixation
12:28:11.5945,550.0,296.0,fixation
12:28:11.595,550.1,295.8,fixation
12:28:11.5955,550.2,296.0,fixation
12:28:11.596,550.2,296.2,fixation
12:28:11.5965,550.2,296.3,fixation
12:28:11.5970,551.2,296.2,fixation
12:28:11.5975,552.2,296.3,fixation
12:28:11.598,553.5,296.6,fixation
12:28:11.5985,554.1,296.6,fixation
12:28:11.599,554.7,296.4,fixation
12:28:11.5995,554.8,297.3,fixation
12:28:11.6000,554.1,298.5,fixation
12:28:11.6005,553.1,299.7,fixation
12:28:11.601,552.5,299.6,fixation
12:28:11.6015,552.2,299.4,fixation
12:28:11.602,552.2,299.2,fixation
12:28:11.6025,551.8,298.8,fixation
12:28:11.603,551.4,298.4,fixation
12:28:11.6035,550.9,298.4,fixation
12:28:11.6040,551.8,298.2,fixation
12:28:11.6045,552.8,298.0,fixation
12:28:11.605,553.6,297.8,fixation
12:28:11.6055,553.2,298.0,fixation
12:28:11.606,552.8,298.1,fixation
12:28:11.6065,552.3,298.0,fixation
12:28:11.6070,551.2,298.0,fixation
12:28:11.6075,550.3,298.3,fixation
12:28:11.608,549.4,298.5,fixation
12:28:11.6085,548.9,298.6,fixation
12:28:11.609,548.3,298.2,fixation
12:28:11.6095,548.1,296.3,fixation
12:28:11.6100,548.2,294.5,fixation
12:28:11.6105,548.4,292.9,fixation
12:28:11.611,548.3,294.2,fixation
12:28:11.6115,548.3,295.4,fixation
12:28:11.612,548.3,296.7,fixation
12:28:11.6125,548.6,296.7,fixation
12:28:11.6130,548.8,296.7,fixation
12:28:11.6135,549.1,297.9,fixation
12:28:11.614,549.2,299.1,fixation
12:28:11.6145,549.3,300.1,fixation
12:28:11.615,549.1,299.9,fixation
12:28:11.6155,549.0,297.4,fixation
12:28:11.6160,548.9,294.9,fixation
12:28:11.6165,548.7,293.2,fixation
12:28:11.617,548.4,294.4,fixation
12:28:11.6175,548.1,295.7,fixation
12:28:11.618,548.2,296.4,fixation
12:28:11.6185,548.5,296.6,fixation
12:28:11.619,548.9,296.2,fixation
12:28:11.6195,549.2,295.4,fixation
12:28:11.6200,549.5,293.7,fixation
12:28:11.6205,549.9,292.3,fixation
12:28:11.621,550.1,292.5,fixation
12:28:11.6215,550.1,293.7,fixation
12:28:11.622,549.9,295.0,fixation
12:28:11.6225,549.4,296.0,fixation
12:28:11.6230,549.0,296.7,fixation
12:28:11.6235,548.9,297.4,fixation
12:28:11.624,549.5,297.2,fixation
12:28:11.6245,550.0,297.5,fixation
12:28:11.625,550.4,298.1,fixation
12:28:11.6255,550.4,299.0,fixation
12:28:11.6260,550.1,299.7,fixation
12:28:11.6265,549.7,300.0,fixation
12:28:11.627,549.9,299.1,fixation
12:28:11.6275,550.6,298.1,fixation
12:28:11.628,551.6,298.6,fixation
12:28:11.6285,552.4,300.3,fixation
12:28:11.6290,553.6,302.0,fixation
12:28:11.6295,554.2,302.3,fixation
12:28:11.63,554.1,301.9,fixation
12:28:11.6305,553.1,301.5,fixation
12:28:11.631,552.4,300.5,fixation
12:28:11.6315,551.8,299.9,fixation
12:28:11.6320,551.7,299.1,fixation
12:28:11.6325,552.1,298.8,fixation
12:28:11.6330,552.2,299.1,fixation
12:28:11.6335,552.1,300.3,fixation
12:28:11.634,551.6,301.4,fixation
12:28:11.6345,551.5,300.7,fixation
12:28:11.635,551.5,299.5,fixation
12:28:11.6355,551.4,298.2,fixation
12:28:11.6360,550.9,299.0,fixation
12:28:11.6365,550.7,300.0,fixation
12:28:11.637,550.5,301.2,fixation
12:28:11.6375,550.4,301.7,fixation
12:28:11.638,550.3,302.3,fixation
12:28:11.6385,550.1,303.1,fixation
12:28:11.6390,550.6,303.6,fixation
12:28:11.6395,551.2,303.0,fixation
12:28:11.64,550.9,301.5,fixation
12:28:11.6405,550.2,299.0,fixation
12:28:11.641,549.4,297.5,fixation
12:28:11.6415,549.4,296.4,fixation
12:28:11.6420,551.6,298.1,fixation
12:28:11.6425,553.9,299.9,fixation
12:28:11.643,555.5,300.8,fixation
12:28:11.6435,554.7,300.0,fixation
12:28:11.644,553.6,299.1,fixation
12:28:11.6445,552.8,299.1,fixation
12:28:11.6450,552.3,300.4,fixation
12:28:11.6455,552.3,301.7,fixation
12:28:11.646,551.9,301.6,fixation
12:28:11.6465,551.2,300.1,fixation
12:28:11.647,551.1,298.6,fixation
12:28:11.6475,552.0,298.7,fixation
12:28:11.6480,552.7,299.1,fixation
12:28:11.6485,552.9,299.8,fixation
12:28:11.6490,552.7,300.1,fixation
12:28:11.6495,551.4,299.9,fixation
12:28:11.65,550.1,300.1,fixation
12:28:11.6505,549.1,301.1,fixation
12:28:11.651,549.4,302.3,fixation
12:28:11.6515,550.1,302.4,fixation
12:28:11.6520,550.5,302.0,fixation
12:28:11.6525,550.6,301.8,fixation
12:28:11.653,550.5,302.1,fixation
12:28:11.6535,550.5,302.2,fixation
12:28:11.654,550.4,302.2,fixation
12:28:11.6545,550.6,300.3,fixation
12:28:11.6550,551.1,298.3,fixation
12:28:11.6555,551.5,298.5,fixation
12:28:11.656,552.7,300.8,fixation
12:28:11.6565,553.6,302.9,fixation
12:28:11.657,552.7,302.6,fixation
12:28:11.6575,550.8,302.1,fixation
12:28:11.6580,549.1,300.6,fixation
12:28:11.6585,549.3,299.0,fixation
12:28:11.659,549.6,297.7,fixation
12:28:11.6595,550.0,297.1,fixation
12:28:11.66,550.4,296.9,fixation
12:28:11.6605,550.6,298.4,fixation
12:28:11.6610,550.3,300.3,fixation
12:28:11.6615,550.0,302.1,fixation
12:28:11.662,549.9,301.9,fixation
12:28:11.6625,550.7,301.6,fixation
12:28:11.663,551.6,301.4,fixation
12:28:11.6635,552.1,301.4,fixation
12:28:11.6640,551.7,301.5,fixation
12:28:11.6645,551.0,301.5,fixation
12:28:11.6650,550.2,301.3,fixation
12:28:11.6655,549.5,301.2,fixation
12:28:11.666,550.1,301.2,fixation
12:28:11.6665,551.7,301.6,fixation
12:28:11.667,553.4,302.0,fixation
12:28:11.6675,554.4,301.6,fixation
12:28:11.6680,554.8,300.9,fixation
12:28:11.6685,553.8,300.2,fixation
12:28:11.669,552.4,300.9,fixation
12:28:11.6695,551.1,301.3,fixation
12:28:11.67,551.0,301.5,fixation
12:28:11.6705,550.7,300.2,fixation
12:28:11.6710,550.4,299.2,fixation
12:28:11.6715,549.9,299.6,fixation
12:28:11.672,549.8,300.8,fixation
12:28:11.6725,549.7,301.9,fixation
12:28:11.673,550.0,302.4,fixation
12:28:11.6735,550.2,302.9,fixation
12:28:11.6740,549.9,303.4,fixation
12:28:11.6745,549.4,303.5,fixation
12:28:11.675,549.2,303.5,fixation
12:28:11.6755,550.2,303.4,fixation
12:28:11.676,551.3,303.3,fixation
12:28:11.6765,552.3,301.2,fixation
12:28:11.6770,552.6,299.1,fixation
12:28:11.6775,552.7,298.8,fixation
12:28:11.678,552.1,300.9,fixation
12:28:11.6785,551.7,303.1,fixation
12:28:11.679,551.4,303.6,fixation
12:28:11.6795,551.1,303.6,fixation
12:28:11.6800,550.6,302.5,fixation
12:28:11.6805,550.9,301.3,fixation
12:28:11.6810,551.5,301.8,fixation
12:28:11.6815,551.4,303.4,fixation
12:28:11.682,550.3,304.9,fixation
12:28:11.6825,549.4,304.6,fixation
12:28:11.683,549.0,304.2,fixation
12:28:11.6835,548.9,303.6,fixation
12:28:11.6840,549.1,303.1,fixation
12:28:11.6845,549.4,302.8,fixation
12:28:11.685,549.7,302.7,fixation
12:28:11.6855,549.8,302.7,fixation
12:28:11.686,550.0,302.5,fixation
12:28:11.6865,550.2,302.4,fixation
12:28:11.6870,550.2,302.5,fixation
12:28:11.6875,550.2,303.2,fixation
12:28:11.688,550.7,303.9,fixation
12:28:11.6885,551.5,302.6,fixation
12:28:11.689,552.2,301.1,fixation
12:28:11.6895,552.7,300.0,fixation
12:28:11.6900,552.9,300.4,fixation
12:28:11.6905,552.9,300.7,fixation
12:28:11.691,552.1,301.1,fixation
12:28:11.6915,551.4,301.7,fixation
12:28:11.692,550.9,302.2,fixation
12:28:11.6925,550.5,302.1,fixation
12:28:11.6930,549.9,301.1,fixation
12:28:11.6935,549.4,300.3,fixation
12:28:11.694,549.1,299.6,fixation
12:28:11.6945,549.1,299.6,fixation
12:28:11.695,549.1,301.1,fixation
12:28:11.6955,549.6,302.7,fixation
12:28:11.696,550.2,304.3,fixation
12:28:11.6965,550.7,302.9,fixation
12:28:11.6970,550.9,301.6,fixation
12:28:11.6975,551.4,300.8,fixation
12:28:11.698,551.7,301.4,fixation
12:28:11.6985,551.5,301.4,fixation
12:28:11.699,550.9,301.3,fixation
12:28:11.6995,550.3,301.1,fixation
12:28:11.7000,550.1,301.5,fixation
12:28:11.7005,549.9,301.5,fixation
12:28:11.701,549.8,301.2,fixation
12:28:11.7015,549.8,300.6,fixation
12:28:11.702,550.0,300.1,fixation
12:28:11.7025,550.3,300.7,fixation
12:28:11.7030,551.3,301.6,fixation
12:28:11.7035,552.0,302.6,fixation
12:28:11.704,552.0,302.6,fixation
12:28:11.7045,551.2,302.5,fixation
12:28:11.705,550.6,300.9,fixation
12:28:11.7055,550.8,299.4,fixation
12:28:11.7060,552.0,298.0,fixation
12:28:11.7065,553.0,298.5,fixation
12:28:11.707,553.2,298.8,fixation
12:28:11.7075,552.5,299.1,fixation
12:28:11.708,551.6,299.9,fixation
12:28:11.7085,551.3,301.4,fixation
12:28:11.7090,551.1,302.8,fixation
12:28:11.7095,550.6,303.2,fixation
12:28:11.71,550.2,302.9,fixation
12:28:11.7105,549.6,302.4,fixation
12:28:11.711,549.5,301.8,fixation
12:28:11.7115,549.4,301.4,fixation
12:28:11.712,550.0,300.9,fixation
12:28:11.7125,550.8,300.4,fixation
12:28:11.7130,550.7,300.0,fixation
12:28:11.7135,549.9,300.0,fixation
12:28:11.714,549.2,300.0,fixation
12:28:11.7145,549.7,299.1,fixation
12:28:11.715,550.3,298.0,fixation
12:28:11.7155,550.4,299.1,fixation
12:28:11.7160,550.7,301.7,fixation
12:28:11.7165,551.1,303.9,fixation
12:28:11.717,551.7,304.1,fixation
12:28:11.7175,551.6,304.0,fixation
12:28:11.718,551.4,304.6,fixation
12:28:11.7185,551.2,305.1,fixation
12:28:11.7190,551.2,305.2,fixation
12:28:11.7195,551.4,304.6,fixation
12:28:11.72,551.6,302.5,fixation
12:28:11.7205,551.7,300.4,fixation
12:28:11.721,551.4,300.3,fixation
12:28:11.7215,551.1,302.0,fixation
12:28:11.7220,550.8,303.7,fixation
12:28:11.7225,550.9,302.7,fixation
12:28:11.723,550.0,301.6,fixation
12:28:11.7235,549.1,300.8,fixation
12:28:11.724,548.0,300.9,fixation
12:28:11.7245,547.8,300.7,fixation
12:28:11.7250,548.0,300.0,fixation
12:28:11.7255,548.3,299.5,fixation
12:28:11.726,548.6,299.5,fixation
12:28:11.7265,548.6,300.0,fixation
12:28:11.727,548.4,300.6,fixation
12:28:11.7275,547.9,303.9,fixation
12:28:11.728,547.5,306.7,fixation
12:28:11.7285,547.3,309.4,fixation
12:28:11.7290,547.8,306.3,fixation
12:28:11.7295,548.2,303.2,fixation
12:28:11.73,548.5,299.2,fixation
12:28:11.7305,548.4,298.2,fixation
12:28:11.731,548.3,299.1,fixation
12:28:11.7315,548.3,301.1,fixation
12:28:11.7320,548.2,303.1,fixation
12:28:11.7325,548.2,303.2,fixation
12:28:11.733,547.7,303.1,fixation
12:28:11.7335,547.3,303.1,fixation
12:28:11.734,547.7,303.0,fixation
12:28:11.7345,549.1,303.9,fixation
12:28:11.7350,550.2,304.7,fixation
12:28:11.7355,550.5,305.5,fixation
12:28:11.736,550.7,305.3,fixation
12:28:11.7365,551.3,304.2,fixation
12:28:11.737,551.9,303.3,fixation
12:28:11.7375,551.8,301.7,fixation
12:28:11.7380,551.6,300.8,fixation
12:28:11.7385,551.4,300.0,fixation
12:28:11.739,551.0,300.5,fixation
12:28:11.7395,550.7,301.1,fixation
12:28:11.74,550.3,301.7,fixation
12:28:11.7405,551.2,302.5,fixation
12:28:11.7410,552.2,303.1,fixation
12:28:11.7415,553.5,303.8,fixation
12:28:11.742,554.1,303.5,fixation
12:28:11.7425,555.0,301.7,fixation
12:28:11.743,554.1,299.8,fixation
12:28:11.7435,552.6,300.0,fixation
12:28:11.744,550.7,302.2,fixation
12:28:11.7445,550.3,304.4,fixation
12:28:11.7450,550.5,303.7,fixation
12:28:11.7455,551.2,303.3,fixation
12:28:11.746,552.2,302.9,fixation
12:28:11.7465,552.8,303.1,fixation
12:28:11.747,552.4,303.1,fixation
12:28:11.7475,552.0,303.1,fixation
12:28:11.7480,551.6,303.2,fixation
12:28:11.7485,551.8,303.3,fixation
12:28:11.749,551.8,303.8,fixation
12:28:11.7495,551.7,304.1,fixation
12:28:11.75,551.7,304.1,fixation
12:28:11.7505,552.1,303.7,fixation
12:28:11.7510,552.6,303.3,fixation
12:28:11.7515,553.2,303.1,fixation
12:28:11.752,553.3,302.8,fixation
12:28:11.7525,552.2,302.8,fixation
12:28:11.753,551.2,301.7,fixation
12:28:11.7535,550.2,300.6,fixation
12:28:11.7540,550.5,298.8,fixation
12:28:11.7545,551.2,298.2,fixation
12:28:11.755,551.9,297.9,fixation
12:28:11.7555,552.5,298.4,fixation
12:28:11.756,552.1,300.2,fixation
12:28:11.7565,551.8,301.7,fixation
12:28:11.7570,551.5,303.0,fixation
12:28:11.7575,551.7,301.1,fixation
12:28:11.7580,551.9,299.3,fixation
12:28:11.7585,551.9,299.4,fixation
12:28:11.759,551.5,301.4,fixation
12:28:11.7595,551.7,302.3,fixation
12:28:11.76,552.5,301.2,fixation
12:28:11.7605,553.3,301.6,fixation
12:28:11.7610,552.7,303.2,fixation
12:28:11.7615,551.6,305.0,fixation
12:28:11.762,551.4,306.1,fixation
12:28:11.7625,552.0,307.1,fixation
12:28:11.763,552.9,305.7,fixation
12:28:11.7635,553.2,303.4,fixation
12:28:11.7640,553.3,303.4,fixation
12:28:11.7645,553.8,305.8,fixation
12:28:11.765,554.6,305.7,fixation
12:28:11.7655,555.7,303.3,fixation
12:28:11.766,555.3,300.8,fixation
12:28:11.7665,554.6,301.1,fixation
12:28:11.7670,553.8,301.7,fixation
12:28:11.7675,553.5,302.4,fixation
12:28:11.768,553.1,302.7,fixation
12:28:11.7685,553.0,300.6,fixation
12:28:11.769,554.0,298.6,fixation
12:28:11.7695,554.8,298.2,fixation
12:28:11.7700,555.2,299.6,fixation
12:28:11.7705,553.9,300.9,fixation
12:28:11.771,552.7,301.7,fixation
12:28:11.7715,552.0,302.8,fixation
12:28:11.772,551.9,304.6,fixation
12:28:11.7725,552.0,305.4,fixation
12:28:11.7730,551.9,305.7,fixation
12:28:11.7735,551.9,304.9,fixation
12:28:11.7740,551.9,303.7,fixation
12:28:11.7745,551.9,302.8,fixation
12:28:11.775,551.8,302.2,fixation
12:28:11.7755,551.8,301.9,fixation
12:28:11.776,550.6,300.4,fixation
12:28:11.7765,549.3,299.0,fixation
12:28:11.7770,549.8,299.0,fixation
12:28:11.7775,551.5,300.3,fixation
12:28:11.778,553.4,301.5,fixation
12:28:11.7785,553.5,301.3,fixation
12:28:11.779,553.4,301.3,fixation
12:28:11.7795,553.0,301.7,fixation
12:28:11.7800,552.7,302.3,fixation
12:28:11.7805,552.2,302.9,fixation
12:28:11.781,551.8,303.2,fixation
12:28:11.7815,551.3,303.3,fixation
12:28:11.782,551.3,303.2,fixation
12:28:11.7825,551.3,302.9,fixation
12:28:11.7830,551.3,302.6,fixation
12:28:11.7835,552.1,302.3,fixation
12:28:11.784,553.1,300.9,fixation
12:28:11.7845,554.5,299.6,fixation
12:28:11.785,554.6,300.5,fixation
12:28:11.7855,554.7,302.7,fixation
12:28:11.7860,554.5,302.1,fixation
12:28:11.7865,554.5,299.2,fixation
12:28:11.787,554.2,299.5,fixation
12:28:11.7875,553.2,302.6,fixation
12:28:11.788,552.5,305.5,fixation
12:28:11.7885,552.2,305.3,fixation
12:28:11.7890,552.1,305.0,fixation
12:28:11.7895,552.1,304.9,fixation
12:28:11.7900,552.2,305.0,fixation
12:28:11.7905,552.6,305.3,fixation
12:28:11.791,553.1,305.5,fixation
12:28:11.7915,553.5,305.7,fixation
12:28:11.792,553.7,305.4,fixation
12:28:11.7925,553.8,304.9,fixation
12:28:11.7930,553.7,304.3,fixation
12:28:11.7935,553.5,304.1,fixation
12:28:11.794,553.5,302.3,fixation
12:28:11.7945,552.9,300.5,fixation
12:28:11.795,552.1,298.9,fixation
12:28:11.7955,550.9,299.3,fixation
12:28:11.7960,550.5,300.1,fixation
12:28:11.7965,551.0,301.1,fixation
12:28:11.797,551.8,301.9,fixation
12:28:11.7975,552.6,302.2,fixation
12:28:11.798,552.8,302.0,fixation
12:28:11.7985,552.8,303.5,fixation
12:28:11.7990,552.9,305.2,fixation
12:28:11.7995,552.1,306.7,fixation
12:28:11.8,551.0,306.6,fixation
12:28:11.8005,550.0,306.1,fixation
12:28:11.801,550.5,305.5,fixation
12:28:11.8015,551.4,304.1,fixation
12:28:11.8020,552.3,303.6,fixation
12:28:11.8025,552.3,303.3,fixation
12:28:11.803,552.4,303.1,fixation
12:28:11.8035,552.6,302.2,fixation
12:28:11.804,552.7,301.0,fixation
12:28:11.8045,552.6,300.5,fixation
12:28:11.8050,552.5,300.0,fixation
12:28:11.8055,552.7,302.4,fixation
12:28:11.8060,552.9,304.9,fixation
12:28:11.8065,552.4,306.9,fixation
12:28:11.807,552.0,305.6,fixation
12:28:11.8075,551.6,303.7,fixation
12:28:11.808,551.5,302.3,fixation
12:28:11.8085,550.9,302.4,fixation
12:28:11.8090,550.1,303.2,fixation
12:28:11.8095,549.7,304.2,fixation
12:28:11.81,549.7,305.4,fixation
12:28:11.8105,550.1,306.0,fixation
12:28:11.811,550.5,306.1,fixation
12:28:11.8115,551.3,305.4,fixation
12:28:11.8120,551.6,304.5,fixation
12:28:11.8125,551.5,303.9,fixation
12:28:11.813,550.9,304.6,fixation
12:28:11.8135,550.6,305.9,fixation
12:28:11.814,550.8,307.0,fixation
12:28:11.8145,551.1,306.9,fixation
12:28:11.8150,551.0,306.4,fixation
12:28:11.8155,550.7,306.1,fixation
12:28:11.816,550.4,305.8,fixation
12:28:11.8165,550.4,305.6,fixation
12:28:11.817,550.1,305.3,fixation
12:28:11.8175,549.8,305.0,fixation
12:28:11.8180,549.4,304.7,fixation
12:28:11.8185,549.4,304.4,fixation
12:28:11.819,549.6,304.0,fixation
12:28:11.8195,549.7,303.7,fixation
12:28:11.82,549.9,303.5,fixation
12:28:11.8205,550.0,304.2,fixation
12:28:11.821,550.2,304.1,fixation
12:28:11.8215,550.4,304.0,fixation
12:28:11.8220,552.1,302.8,fixation
12:28:11.8225,553.5,302.5,fixation
12:28:11.823,554.7,303.1,fixation
12:28:11.8235,554.6,304.1,fixation
12:28:11.824,554.5,305.0,fixation
12:28:11.8245,554.3,306.7,fixation
12:28:11.8250,554.4,308.5,fixation
12:28:11.8255,554.6,310.9,fixation
12:28:11.826,553.8,311.5,fixation
12:28:11.8265,552.6,311.7,fixation
12:28:11.827,551.7,311.0,fixation
12:28:11.8275,552.0,309.3,fixation
12:28:11.8280,551.4,308.0,fixation
12:28:11.8285,550.8,307.1,fixation
12:28:11.829,550.1,307.1,fixation
12:28:11.8295,550.8,306.8,fixation
12:28:11.83,551.5,306.5,fixation
12:28:11.8305,552.0,306.2,fixation
12:28:11.8310,551.8,306.2,fixation
12:28:11.8315,551.4,306.3,fixation
12:28:11.832,551.2,306.4,fixation
12:28:11.8325,550.9,304.2,fixation
12:28:11.833,550.8,301.9,fixation
12:28:11.8335,550.9,299.9,fixation
12:28:11.8340,550.9,300.8,fixation
12:28:11.8345,550.8,301.9,fixation
12:28:11.835,551.6,302.7,fixation
12:28:11.8355,552.4,303.4,fixation
12:28:11.836,553.3,303.9,fixation
12:28:11.8365,553.2,304.2,fixation
12:28:11.837,553.2,304.2,fixation
12:28:11.8375,553.3,305.3,fixation
12:28:11.8380,553.5,306.4,fixation
12:28:11.8385,553.6,307.6,fixation
12:28:11.839,553.6,307.7,fixation
12:28:11.8395,553.1,307.7,fixation
12:28:11.84,552.7,307.7,fixation
12:28:11.8405,552.4,307.7,fixation
12:28:11.8410,552.7,307.8,fixation
12:28:11.8415,552.9,307.8,fixation
12:28:11.842,553.3,307.0,fixation
12:28:11.8425,553.7,306.0,fixation
12:28:11.843,553.8,305.0,fixation
12:28:11.8435,553.5,304.9,fixation
12:28:11.8440,553.1,304.8,fixation
12:28:11.8445,553.1,304.8,fixation
12:28:11.845,553.1,304.7,fixation
12:28:11.8455,552.5,305.6,fixation
12:28:11.846,552.0,306.6,fixation
12:28:11.8465,551.5,307.6,fixation
12:28:11.8470,552.0,307.7,fixation
12:28:11.8475,553.2,307.9,fixation
12:28:11.848,554.2,307.7,fixation
12:28:11.8485,555.1,307.1,fixation
12:28:11.849,555.1,306.5,fixation
12:28:11.8495,555.0,306.2,fixation
12:28:11.8500,554.7,306.5,fixation
12:28:11.8505,554.5,306.6,fixation
12:28:11.851,554.4,306.7,fixation
12:28:11.8515,554.8,306.4,fixation
12:28:11.852,555.2,306.3,fixation
12:28:11.8525,554.1,306.0,fixation
12:28:11.853,552.9,303.7,fixation
12:28:11.8535,551.7,301.6,fixation
12:28:11.8540,551.8,299.8,fixation
12:28:11.8545,551.6,300.0,fixation
12:28:11.855,551.5,300.5,fixation
12:28:11.8555,551.6,301.2,fixation
12:28:11.856,551.9,302.0,fixation
12:28:11.8565,552.3,302.6,fixation
12:28:11.8570,552.7,303.9,fixation
12:28:11.8575,553.0,305.1,fixation
12:28:11.858,553.1,306.2,fixation
12:28:11.8585,553.0,306.2,fixation
12:28:11.859,552.7,305.8,fixation
12:28:11.8595,552.3,305.4,fixation
12:28:11.8600,552.2,305.0,fixation
12:28:11.8605,552.0,304.8,fixation
12:28:11.861,551.6,304.7,fixation
12:28:11.8615,551.3,304.7,fixation
12:28:11.862,551.2,304.8,fixation
12:28:11.8625,551.1,306.0,fixation
12:28:11.8630,551.0,307.2,fixation
12:28:11.8635,551.0,308.3,fixation
12:28:11.864,551.2,308.1,fixation
12:28:11.8645,551.2,308.0,fixation
12:28:11.865,550.9,307.1,fixation
12:28:11.8655,550.3,306.5,fixation
12:28:11.8660,549.6,306.3,fixation
12:28:11.8665,550.1,307.3,fixation
12:28:11.867,551.0,307.4,fixation
12:28:11.8675,552.4,306.8,fixation
12:28:11.868,552.9,306.1,fixation
12:28:11.8685,553.3,306.1,fixation
12:28:11.869,554.1,306.4,fixation
12:28:11.8695,554.8,307.0,fixation
12:28:11.8700,554.2,307.6,fixation
12:28:11.8705,552.8,308.1,fixation
12:28:11.871,551.5,306.8,fixation
12:28:11.8715,551.9,305.2,fixation
12:28:11.872,552.2,304.2,fixation
12:28:11.8725,551.5,305.3,fixation
12:28:11.8730,550.7,306.3,fixation
12:28:11.8735,549.6,307.8,fixation
12:28:11.874,549.4,308.6,fixation
12:28:11.8745,549.4,307.9,fixation
12:28:11.875,549.5,306.3,fixation
12:28:11.8755,549.6,304.6,fixation
12:28:11.8760,549.8,305.3,fixation
12:28:11.8765,550.2,305.9,fixation
12:28:11.877,550.8,306.3,fixation
12:28:11.8775,551.1,306.1,fixation
12:28:11.878,551.1,306.0,fixation
12:28:11.8785,550.8,306.1,fixation
12:28:11.8790,550.3,306.2,fixation
12:28:11.8795,550.1,307.5,fixation
12:28:11.88,550.0,308.6,fixation
12:28:11.8805,550.2,309.6,fixation
12:28:11.881,551.1,309.4,fixation
12:28:11.8815,552.3,309.2,fixation
12:28:11.8820,553.9,305.9,fixation
12:28:11.8825,554.3,302.6,fixation
12:28:11.8830,555.2,300.1,fixation
12:28:11.8835,555.6,301.5,fixation
12:28:11.884,555.2,303.0,fixation
12:28:11.8845,554.1,301.5,fixation
12:28:11.885,553.3,299.3,fixation
12:28:11.8855,553.2,297.5,fixation
12:28:11.8860,552.8,298.4,fixation
12:28:11.8865,551.5,301.6,fixation
12:28:11.887,550.2,304.8,fixation
12:28:11.8875,549.7,307.4,fixation
12:28:11.888,549.9,307.7,fixation
12:28:11.8885,550.2,307.1,fixation
12:28:11.8890,550.7,306.5,fixation
12:28:11.8895,551.5,304.6,fixation
12:28:11.89,552.2,303.3,fixation
12:28:11.8905,552.6,302.1,fixation
12:28:11.891,552.4,303.5,fixation
12:28:11.8915,551.5,304.9,fixation
12:28:11.8920,550.6,306.3,fixation
12:28:11.8925,550.0,305.9,fixation
12:28:11.893,550.1,305.4,fixation
12:28:11.8935,550.2,304.9,fixation
12:28:11.894,550.2,305.1,fixation
12:28:11.8945,550.7,305.4,fixation
12:28:11.8950,551.2,305.4,fixation
12:28:11.8955,551.6,304.7,fixation
12:28:11.896,551.5,304.0,fixation
12:28:11.8965,551.5,304.2,fixation
12:28:11.897,551.3,304.7,fixation
12:28:11.8975,550.9,305.3,fixation
12:28:11.8980,550.4,305.5,fixation
12:28:11.8985,549.7,305.4,fixation
12:28:11.8990,549.3,304.5,fixation
12:28:11.8995,549.6,303.6,fixation
12:28:11.9,550.4,302.2,fixation
12:28:11.9005,551.1,301.8,fixation
12:28:11.901,551.2,301.1,fixation
12:28:11.9015,551.3,300.8,fixation
12:28:11.9020,551.3,300.9,fixation
12:28:11.9025,551.2,301.6,fixation
12:28:11.903,551.8,302.9,fixation
12:28:11.9035,552.5,303.9,fixation
12:28:11.904,553.3,304.6,fixation
12:28:11.9045,553.7,304.6,fixation
12:28:11.9050,553.9,304.4,fixation
12:28:11.9055,554.1,304.8,fixation
12:28:11.906,554.1,305.3,fixation
12:28:11.9065,554.1,305.4,fixation
12:28:11.907,554.1,305.7,fixation
12:28:11.9075,554.2,306.1,fixation
12:28:11.9080,554.3,306.5,fixation
12:28:11.9085,553.1,306.1,fixation
12:28:11.909,551.9,305.7,fixation
12:28:11.9095,550.7,304.6,fixation
12:28:11.91,551.4,303.6,fixation
12:28:11.9105,551.8,302.7,fixation
12:28:11.9110,552.1,302.8,fixation
12:28:11.9115,551.8,303.6,fixation
12:28:11.912,551.4,304.4,fixation
12:28:11.9125,550.9,305.3,fixation
12:28:11.913,550.4,305.4,fixation
12:28:11.9135,549.7,305.5,fixation
12:28:11.9140,549.3,305.2,fixation
12:28:11.9145,550.4,305.2,fixation
12:28:11.9150,551.7,305.3,fixation
12:28:11.9155,553.0,304.8,fixation
12:28:11.916,552.7,304.0,fixation
12:28:11.9165,552.3,304.6,fixation
12:28:11.917,552.0,305.9,fixation
12:28:11.9175,551.8,307.2,fixation
12:28:11.9180,551.8,307.2,fixation
12:28:11.9185,551.7,307.2,fixation
12:28:11.919,551.6,307.3,fixation
12:28:11.9195,551.6,307.0,fixation
12:28:11.92,551.5,306.7,fixation
12:28:11.9205,551.0,305.7,fixation
12:28:11.9210,550.4,305.2,fixation
12:28:11.9215,549.9,304.6,fixation
12:28:11.922,550.2,304.9,fixation
12:28:11.9225,550.5,305.0,fixation
12:28:11.923,550.7,305.1,fixation
12:28:11.9235,550.8,305.9,fixation
12:28:11.9240,550.7,306.7,fixation
12:28:11.9245,550.5,307.0,fixation
12:28:11.925,550.0,306.8,fixation
12:28:11.9255,549.6,306.6,fixation
12:28:11.926,549.4,306.8,fixation
12:28:11.9265,549.5,306.5,fixation
12:28:11.9270,549.9,304.6,fixation
12:28:11.9275,548.4,302.7,fixation
12:28:11.928,546.7,302.4,fixation
12:28:11.9285,545.8,303.7,fixation
12:28:11.929,546.3,304.6,fixation
12:28:11.9295,547.0,303.7,fixation
12:28:11.9300,547.8,302.8,fixation
12:28:11.9305,549.0,302.4,fixation
12:28:11.9310,550.1,302.8,fixation
12:28:11.9315,550.1,303.9,fixation
12:28:11.932,550.3,304.8,fixation
12:28:11.9325,550.5,305.4,fixation
12:28:11.933,550.8,305.3,fixation
12:28:11.9335,551.0,305.1,fixation
12:28:11.9340,551.2,305.3,fixation
12:28:11.9345,551.5,305.4,fixation
12:28:11.935,551.6,305.6,fixation
12:28:11.9355,551.6,305.7,fixation
12:28:11.936,550.8,305.7,fixation
12:28:11.9365,550.1,305.6,fixation
12:28:11.9370,548.7,305.7,fixation
12:28:11.9375,548.1,305.8,fixation
12:28:11.938,547.3,305.6,fixation
12:28:11.9385,547.3,303.1,fixation
12:28:11.939,548.3,300.7,fixation
12:28:11.9395,549.4,299.2,fixation
12:28:11.9400,550.5,299.8,fixation
12:28:11.9405,550.5,300.3,fixation
12:28:11.941,550.6,300.3,fixation
12:28:11.9415,550.6,302.4,fixation
12:28:11.942,550.8,304.5,fixation
12:28:11.9425,550.9,305.6,fixation
12:28:11.9430,550.8,304.6,fixation
12:28:11.9435,550.8,303.6,fixation
12:28:11.944,551.8,304.6,fixation
12:28:11.9445,552.7,305.4,fixation
12:28:11.945,552.7,305.0,fixation
12:28:11.9455,552.0,303.7,fixation
12:28:11.946,551.2,302.0,fixation
12:28:11.9465,551.5,301.7,fixation
12:28:11.9470,551.5,302.9,fixation
12:28:11.9475,551.4,305.0,fixation
12:28:11.948,551.1,307.1,fixation
12:28:11.9485,550.9,307.5,fixation
12:28:11.949,550.6,307.2,fixation
12:28:11.9495,550.3,307.0,fixation
12:28:11.9500,550.0,306.5,fixation
12:28:11.9505,550.0,306.1,fixation
12:28:11.951,550.8,305.7,fixation
12:28:11.9515,551.6,305.6,fixation
12:28:11.952,552.5,305.5,fixation
12:28:11.9525,552.5,305.5,fixation
12:28:11.9530,552.7,304.5,fixation
12:28:11.9535,552.8,303.5,fixation
12:28:11.954,551.6,304.9,fixation
12:28:11.9545,550.3,307.4,fixation
12:28:11.955,548.9,309.8,fixation
12:28:11.9555,548.7,309.8,fixation
12:28:11.9560,548.6,309.5,fixation
12:28:11.9565,548.7,307.6,fixation
12:28:11.957,548.8,305.7,fixation
12:28:11.9575,549.1,304.1,fixation
12:28:11.958,549.3,304.6,fixation
12:28:11.9585,549.5,305.0,fixation
12:28:11.9590,549.4,305.9,fixation
12:28:11.9595,549.2,306.7,fixation
12:28:11.96,549.4,307.0,fixation
12:28:11.9605,549.9,307.0,fixation
12:28:11.961,550.3,306.2,fixation
12:28:11.9615,550.5,305.8,fixation
12:28:11.962,550.3,305.8,fixation
12:28:11.9625,550.2,306.0,fixation
12:28:11.9630,550.8,306.3,fixation
12:28:11.9635,551.5,306.2,fixation
12:28:11.964,552.1,306.8,fixation
12:28:11.9645,551.9,308.4,fixation
12:28:11.965,551.9,310.0,fixation
12:28:11.9655,552.0,310.8,fixation
12:28:11.9660,552.3,310.6,fixation
12:28:11.9665,552.4,310.3,fixation
12:28:11.967,552.6,309.9,fixation
12:28:11.9675,552.8,308.4,fixation
12:28:11.968,552.9,306.3,fixation
12:28:11.9685,552.8,304.2,fixation
12:28:11.9690,552.6,303.8,fixation
12:28:11.9695,552.2,304.6,fixation
12:28:11.97,551.8,306.8,fixation
12:28:11.9705,551.4,308.6,fixation
12:28:11.971,551.9,309.9,fixation
12:28:11.9715,552.6,309.7,fixation
12:28:11.9720,552.3,309.6,fixation
12:28:11.9725,552.1,307.3,fixation
12:28:11.973,552.4,305.0,fixation
12:28:11.9735,553.5,302.8,fixation
12:28:11.974,553.9,303.0,fixation
12:28:11.9745,553.6,303.3,fixation
12:28:11.9750,552.9,305.1,fixation
12:28:11.9755,552.3,306.8,fixation
12:28:11.976,551.6,308.5,fixation
12:28:11.9765,551.4,308.8,fixation
12:28:11.977,551.2,308.9,fixation
12:28:11.9775,550.6,308.7,fixation
12:28:11.978,550.1,308.3,fixation
12:28:11.9785,550.1,308.0,fixation
12:28:11.9790,550.7,307.8,fixation
12:28:11.9795,551.4,307.7,fixation
12:28:11.98,551.4,307.2,fixation
12:28:11.9805,551.9,306.8,fixation
12:28:11.981,552.4,306.5,fixation
12:28:11.9815,552.7,306.6,fixation
12:28:11.9820,552.3,306.6,fixation
12:28:11.9825,551.8,307.3,fixation
12:28:11.983,551.4,307.8,fixation
12:28:11.9835,551.2,308.4,fixation
12:28:11.984,550.9,308.2,fixation
12:28:11.9845,550.8,307.1,fixation
12:28:11.9850,550.7,306.1,fixation
12:28:11.9855,550.9,305.1,fixation
12:28:11.986,550.9,304.9,fixation
12:28:11.9865,551.0,304.7,fixation
12:28:11.987,551.1,304.9,fixation
12:28:11.9875,551.0,305.4,fixation
12:28:11.9880,550.8,306.0,fixation
12:28:11.9885,550.7,306.5,fixation
12:28:11.989,551.2,307.1,fixation
12:28:11.9895,551.7,307.6,fixation
12:28:11.99,552.2,307.8,fixation
12:28:11.9905,552.1,307.7,fixation
12:28:11.9910,552.4,307.3,fixation
12:28:11.9915,552.8,306.4,fixation
12:28:11.992,553.2,305.3,fixation
12:28:11.9925,553.3,304.8,fixation
12:28:11.993,553.0,305.1,fixation
12:28:11.9935,552.4,307.2,fixation
12:28:11.994,551.6,309.2,fixation
12:28:11.9945,551.2,309.2,fixation
12:28:11.9950,550.9,307.7,fixation
12:28:11.9955,550.7,306.3,fixation
12:28:11.996,551.2,304.9,fixation
12:28:11.9965,551.8,303.4,fixation
12:28:11.997,552.5,302.1,fixation
12:28:11.9975,552.3,302.2,fixation
12:28:11.9980,552.5,302.3,fixation
12:28:11.9985,552.7,303.2,fixation
12:28:11.999,552.9,303.5,fixation
12:28:11.9995,552.9,303.8,fixation
12:28:12.,552.6,304.4,fixation
12:28:12.0005,552.2,305.4,fixation
12:28:12.0010,552.0,306.2,fixation
12:28:12.0015,552.4,304.6,fixation
12:28:12.002,552.8,303.3,fixation
12:28:12.0025,552.7,303.4,fixation
12:28:12.003,553.0,304.8,fixation
12:28:12.0035,553.1,307.4,fixation
12:28:12.0040,553.2,308.6,fixation
12:28:12.0045,552.3,310.1,fixation
12:28:12.005,551.7,310.3,fixation
12:28:12.0055,551.2,310.5,fixation
12:28:12.006,551.3,310.4,fixation
12:28:12.0065,551.6,308.5,fixation
12:28:12.0070,551.9,306.6,fixation
12:28:12.0075,552.2,304.9,fixation
12:28:12.0080,552.4,305.4,fixation
12:28:12.0085,552.6,305.8,fixation
12:28:12.009,552.6,306.6,fixation
12:28:12.0095,552.5,307.1,fixation
12:28:12.01,552.8,306.3,fixation
12:28:12.0105,554.0,305.3,fixation
12:28:12.0110,555.1,304.7,fixation
12:28:12.0115,555.9,306.0,fixation
12:28:12.012,555.6,308.0,fixation
12:28:12.0125,555.3,309.5,fixation
12:28:12.013,555.0,309.6,fixation
12:28:12.0135,554.9,308.6,fixation
12:28:12.0140,554.9,305.8,fixation
12:28:12.0145,554.8,304.1,fixation
12:28:12.015,554.2,302.4,fixation
12:28:12.0155,553.4,302.7,fixation
12:28:12.016,552.8,303.4,fixation
12:28:12.0165,552.5,305.9,fixation
12:28:12.0170,552.2,308.2,fixation
12:28:12.0175,552.0,310.2,fixation
12:28:12.018,551.7,310.3,fixation
12:28:12.0185,551.4,310.5,fixation
12:28:12.019,550.9,310.4,fixation
12:28:12.0195,550.7,310.1,fixation
12:28:12.0200,551.1,307.2,fixation
12:28:12.0205,551.9,304.5,fixation
12:28:12.021,552.8,302.3,fixation
12:28:12.0215,553.3,302.9,fixation
12:28:12.022,553.0,303.5,fixation
12:28:12.0225,552.5,303.8,fixation
12:28:12.0230,552.1,303.9,fixation
12:28:12.0235,552.1,304.2,fixation
12:28:12.0240,552.3,304.4,fixation
12:28:12.0245,552.4,304.7,fixation
12:28:12.025,552.4,304.8,fixation
12:28:12.0255,551.8,305.0,fixation
12:28:12.026,551.3,304.0,fixation
12:28:12.0265,551.5,303.1,fixation
12:28:12.0270,552.3,301.1,fixation
12:28:12.0275,553.1,300.0,fixation
12:28:12.028,552.7,300.7,fixation
12:28:12.0285,552.1,302.8,fixation
12:28:12.029,551.9,305.2,fixation
12:28:12.0295,552.6,306.3,fixation
12:28:12.0300,553.3,307.1,fixation
12:28:12.0305,553.7,307.0,fixation
12:28:12.031,553.8,306.4,fixation
12:28:12.0315,553.8,307.4,fixation
12:28:12.032,553.8,308.9,fixation
12:28:12.0325,553.6,310.0,fixation
12:28:12.0330,553.3,309.5,fixation
12:28:12.0335,553.2,308.9,fixation
12:28:12.034,553.2,308.9,fixation
12:28:12.0345,553.2,309.1,fixation
12:28:12.035,553.0,309.2,fixation
12:28:12.0355,552.9,309.1,fixation
12:28:12.0360,553.1,309.0,fixation
12:28:12.0365,553.2,309.4,fixation
12:28:12.037,553.8,309.9,fixation
12:28:12.0375,554.4,310.3,fixation
12:28:12.038,555.0,310.4,fixation
12:28:12.0385,555.0,310.4,fixation
12:28:12.0390,554.0,310.3,fixation
12:28:12.0395,553.0,310.0,fixation
12:28:12.0400,552.1,309.4,fixation
12:28:12.0405,553.6,309.0,fixation
12:28:12.041,555.1,310.4,fixation
12:28:12.0415,556.6,312.0,fixation
12:28:12.042,555.3,312.8,fixation
12:28:12.0425,554.1,311.3,fixation
12:28:12.0430,552.8,309.7,fixation
12:28:12.0435,553.7,309.2,fixation
12:28:12.044,554.4,309.3,fixation
12:28:12.0445,554.9,309.4,fixation
12:28:12.045,554.0,309.4,fixation
12:28:12.0455,553.1,309.5,fixation
12:28:12.0460,553.0,309.6,fixation
12:28:12.0465,553.2,310.8,fixation
12:28:12.047,553.5,312.0,fixation
12:28:12.0475,553.3,311.3,fixation
12:28:12.048,553.5,309.4,fixation
12:28:12.0485,553.5,308.6,fixation
12:28:12.0490,553.1,309.8,fixation
12:28:12.0495,552.7,311.1,fixation
12:28:12.05,552.5,311.5,fixation
12:28:12.0505,552.5,311.3,fixation
12:28:12.051,551.5,310.3,fixation
12:28:12.0515,550.6,309.0,fixation
12:28:12.0520,550.7,309.6,fixation
12:28:12.0525,551.7,310.8,fixation
12:28:12.053,553.0,310.3,fixation
12:28:12.0535,553.5,308.5,fixation
12:28:12.054,553.7,308.2,fixation
12:28:12.0545,553.6,309.6,fixation
12:28:12.0550,553.5,310.0,fixation
12:28:12.0555,553.3,309.3,fixation
12:28:12.0560,553.1,308.6,fixation
12:28:12.0565,552.9,308.9,fixation
12:28:12.057,552.9,308.9,fixation
12:28:12.0575,552.8,308.8,fixation
12:28:12.058,553.2,308.7,fixation
12:28:12.0585,553.5,309.5,fixation
12:28:12.0590,554.5,310.3,fixation
12:28:12.0595,555.1,311.2,fixation
12:28:12.06,555.9,311.3,fixation
12:28:12.0605,555.8,311.4,fixation
12:28:12.061,555.5,312.6,fixation
12:28:12.0615,555.0,313.7,fixation
12:28:12.0620,554.7,313.9,fixation
12:28:12.0625,553.2,309.4,fixation
12:28:12.063,551.7,305.5,fixation
12:28:12.0635,550.4,303.0,fixation
12:28:12.064,550.8,304.3,fixation
12:28:12.0645,551.2,305.1,fixation
12:28:12.0650,551.5,305.4,fixation
12:28:12.0655,551.5,306.1,fixation
12:28:12.066,551.6,306.7,fixation
12:28:12.0665,552.3,307.4,fixation
12:28:12.067,553.1,307.5,fixation
12:28:12.0675,553.8,307.6,fixation
12:28:12.0680,553.8,307.7,fixation
12:28:12.0685,553.7,306.7,fixation
12:28:12.069,553.5,305.7,fixation
12:28:12.0695,553.3,305.0,fixation
12:28:12.07,553.2,305.3,fixation
12:28:12.0705,553.1,305.5,fixation
12:28:12.071,553.4,305.5,fixation
12:28:12.0715,553.7,305.5,fixation
12:28:12.0720,553.1,306.2,fixation
12:28:12.0725,552.2,306.9,fixation
12:28:12.073,551.4,305.5,fixation
12:28:12.0735,552.4,303.5,fixation
12:28:12.074,553.2,303.9,fixation
12:28:12.0745,553.8,306.4,fixation
12:28:12.0750,553.9,306.9,fixation
12:28:12.0755,554.3,304.4,fixation
12:28:12.076,554.3,301.9,fixation
12:28:12.0765,554.1,301.3,fixation
12:28:12.077,553.8,301.2,fixation
12:28:12.0775,554.2,304.0,fixation
12:28:12.0780,554.6,306.8,fixation
12:28:12.0785,555.5,307.9,fixation
12:28:12.079,555.9,306.2,fixation
12:28:12.0795,555.1,304.3,fixation
12:28:12.08,553.9,304.2,fixation
12:28:12.0805,552.8,305.3,fixation
12:28:12.0810,552.8,306.6,fixation
12:28:12.0815,551.9,306.8,fixation
12:28:12.082,550.9,305.7,fixation
12:28:12.0825,550.6,305.2,fixation
12:28:12.083,551.3,305.8,fixation
12:28:12.0835,552.0,306.5,fixation
12:28:12.0840,552.0,305.8,fixation
12:28:12.0845,552.5,305.0,fixation
12:28:12.085,552.8,306.2,fixation
12:28:12.0855,553.2,308.1,fixation
12:28:12.086,553.3,310.0,fixation
12:28:12.0865,553.8,309.4,fixation
12:28:12.087,554.1,308.6,fixation
12:28:12.0875,554.1,307.6,fixation
12:28:12.0880,553.8,306.9,fixation
12:28:12.0885,553.6,306.5,fixation
12:28:12.089,554.4,306.0,fixation
12:28:12.0895,555.2,305.7,fixation
12:28:12.09,556.0,306.6,fixation
12:28:12.0905,555.9,308.1,fixation
12:28:12.0910,555.7,310.9,fixation
12:28:12.0915,555.5,312.5,fixation
12:28:12.092,553.8,311.8,fixation
12:28:12.0925,552.2,310.2,fixation
12:28:12.093,550.9,308.9,fixation
12:28:12.0935,551.4,309.5,fixation
12:28:12.0940,552.1,309.8,fixation
12:28:12.0945,552.6,308.1,fixation
12:28:12.095,552.9,306.4,fixation
12:28:12.0955,552.6,306.1,fixation
12:28:12.096,551.9,307.3,fixation
12:28:12.0965,551.6,308.7,fixation
12:28:12.0970,551.8,308.9,fixation
12:28:12.0975,551.6,309.1,fixation
12:28:12.098,551.1,309.0,fixation
12:28:12.0985,551.2,308.6,fixation
12:28:12.099,552.1,308.4,fixation
12:28:12.0995,553.0,308.3,fixation
12:28:12.1000,553.3,308.0,fixation
12:28:12.1005,553.4,307.7,fixation
12:28:12.101,553.4,308.5,fixation
12:28:12.1015,553.4,309.5,fixation
12:28:12.102,553.3,310.4,fixation
12:28:12.1025,553.2,310.2,fixation
12:28:12.103,552.7,309.6,fixation
12:28:12.1035,552.2,308.8,fixation
12:28:12.1040,551.9,307.6,fixation
12:28:12.1045,551.7,306.9,fixation
12:28:12.105,551.3,307.1,fixation
12:28:12.1055,550.9,307.6,fixation
12:28:12.106,551.2,307.9,fixation
12:28:12.1065,551.9,307.7,fixation
12:28:12.1070,552.6,307.8,fixation
12:28:12.1075,553.1,308.1,fixation
12:28:12.108,553.3,308.3,fixation
12:28:12.1085,553.1,307.6,fixation
12:28:12.109,552.5,306.8,fixation
12:28:12.1095,551.8,306.2,fixation
12:28:12.1100,551.6,306.4,fixation
12:28:12.1105,551.3,306.5,fixation
12:28:12.111,551.2,306.5,fixation
12:28:12.1115,551.3,305.3,fixation
12:28:12.112,551.7,304.1,fixation
12:28:12.1125,552.1,303.4,fixation
12:28:12.1130,552.0,304.5,fixation
12:28:12.1135,551.8,305.4,fixation
12:28:12.114,552.0,305.9,fixation
12:28:12.1145,552.5,306.0,fixation
12:28:12.115,552.9,306.6,fixation
12:28:12.1155,553.3,307.7,fixation
12:28:12.1160,553.8,308.6,fixation
12:28:12.1165,554.0,309.1,fixation
12:28:12.117,553.7,308.8,fixation
12:28:12.1175,553.3,308.2,fixation
12:28:12.118,553.2,307.6,fixation
12:28:12.1185,553.1,307.6,fixation
12:28:12.119,553.0,307.7,fixation
12:28:12.1195,552.8,307.8,fixation
12:28:12.1200,552.8,307.2,fixation
12:28:12.1205,553.8,306.6,fixation
12:28:12.121,554.6,307.4,fixation
12:28:12.1215,555.4,308.6,fixation
12:28:12.122,555.4,308.7,fixation
12:28:12.1225,555.4,307.2,fixation
12:28:12.1230,554.6,305.6,fixation
12:28:12.1235,554.2,305.0,fixation
12:28:12.124,553.7,304.9,fixation
12:28:12.1245,554.0,304.5,fixation
12:28:12.125,553.9,304.1,fixation
12:28:12.1255,554.1,303.9,fixation
12:28:12.1260,554.2,304.1,fixation
12:28:12.1265,554.2,304.3,fixation
12:28:12.127,554.0,303.9,fixation
12:28:12.1275,554.2,303.6,fixation
12:28:12.128,554.4,304.1,fixation
12:28:12.1285,554.6,304.5,fixation
12:28:12.1290,554.6,305.1,fixation
12:28:12.1295,554.7,305.0,fixation
12:28:12.13,554.4,305.6,fixation
12:28:12.1305,554.2,306.1,fixation
12:28:12.131,553.9,306.7,fixation
12:28:12.1315,553.6,306.9,fixation
12:28:12.1320,553.3,305.7,fixation
12:28:12.1325,553.0,304.4,fixation
12:28:12.1330,553.2,302.8,fixation
12:28:12.1335,554.0,302.6,fixation
12:28:12.134,554.8,302.9,fixation
12:28:12.1345,555.0,304.0,fixation
12:28:12.135,554.1,305.0,fixation
12:28:12.1355,553.1,306.0,fixation
12:28:12.1360,552.7,306.9,fixation
12:28:12.1365,552.9,307.8,fixation
12:28:12.137,553.7,307.8,fixation
12:28:12.1375,555.0,306.9,fixation
12:28:12.138,555.9,305.9,fixation
12:28:12.1385,556.4,305.6,fixation
12:28:12.1390,555.4,305.4,fixation
12:28:12.1395,554.4,305.1,fixation
12:28:12.14,553.9,304.8,fixation
12:28:12.1405,554.3,305.0,fixation
12:28:12.141,554.1,305.8,fixation
12:28:12.1415,553.4,307.0,fixation
12:28:12.1420,552.7,309.1,fixation
12:28:12.1425,552.6,310.6,fixation
12:28:12.143,553.6,311.7,fixation
12:28:12.1435,554.8,311.7,fixation
12:28:12.144,555.6,311.2,fixation
12:28:12.1445,555.6,310.9,fixation
12:28:12.1450,555.5,310.7,fixation
12:28:12.1455,555.4,311.0,fixation
12:28:12.146,554.3,309.7,fixation
12:28:12.1465,553.5,308.6,fixation
12:28:12.147,553.3,308.0,fixation
12:28:12.1475,553.8,308.9,fixation
12:28:12.1480,553.8,309.0,fixation
12:28:12.1485,553.5,308.6,fixation
12:28:12.1490,553.5,308.1,fixation
12:28:12.1495,553.8,307.7,fixation
12:28:12.15,554.2,307.4,fixation
12:28:12.1505,554.3,308.6,fixation
12:28:12.151,554.2,310.1,fixation
12:28:12.1515,554.2,311.0,fixation
12:28:12.1520,555.2,310.5,fixation
12:28:12.1525,556.3,310.0,fixation
12:28:12.153,555.8,309.4,fixation
12:28:12.1535,554.2,309.0,fixation
12:28:12.154,552.7,308.6,fixation
12:28:12.1545,552.1,309.6,fixation
12:28:12.1550,552.0,310.4,fixation
12:28:12.1555,552.7,310.8,fixation
12:28:12.156,553.6,310.3,fixation
12:28:12.1565,553.9,309.9,fixation
12:28:12.157,553.6,308.6,fixation
12:28:12.1575,553.5,307.4,fixation
12:28:12.1580,554.0,305.8,fixation
12:28:12.1585,554.5,305.4,fixation
12:28:12.159,555.8,305.6,fixation
12:28:12.1595,557.1,305.6,fixation
12:28:12.16,557.9,305.6,fixation
12:28:12.1605,557.6,304.9,fixation
12:28:12.1610,557.2,304.8,fixation
12:28:12.1615,556.9,304.9,fixation
12:28:12.162,555.9,306.0,fixation
12:28:12.1625,554.1,307.1,fixation
12:28:12.163,552.6,307.2,fixation
12:28:12.1635,552.0,306.0,fixation
12:28:12.1640,552.6,304.6,fixation
12:28:12.1645,553.4,303.9,fixation
12:28:12.1650,553.8,304.2,fixation
12:28:12.1655,554.0,305.3,fixation
12:28:12.166,553.9,306.5,fixation
12:28:12.1665,553.3,306.9,fixation
12:28:12.167,552.7,306.6,fixation
12:28:12.1675,552.3,306.6,fixation
12:28:12.1680,552.4,306.9,fixation
12:28:12.1685,552.6,307.1,fixation
12:28:12.169,552.4,306.7,fixation
12:28:12.1695,552.1,306.4,fixation
12:28:12.17,551.8,306.4,fixation
12:28:12.1705,551.6,306.5,fixation
12:28:12.1710,551.3,306.5,fixation
12:28:12.1715,551.0,307.9,fixation
12:28:12.172,552.1,309.3,fixation
12:28:12.1725,553.2,310.6,fixation
12:28:12.173,554.5,310.4,fixation
12:28:12.1735,554.4,309.5,fixation
12:28:12.1740,554.0,308.7,fixation
12:28:12.1745,553.8,307.6,fixation
12:28:12.175,553.6,307.4,fixation
12:28:12.1755,553.1,307.1,fixation
12:28:12.176,552.0,307.5,fixation
12:28:12.1765,551.0,307.9,fixation
12:28:12.1770,551.1,307.6,fixation
12:28:12.1775,552.4,304.8,fixation
12:28:12.178,553.8,302.1,fixation
12:28:12.1785,554.3,302.4,fixation
12:28:12.179,554.1,304.8,fixation
12:28:12.1795,553.9,307.2,fixation
12:28:12.1800,554.2,307.2,fixation
12:28:12.1805,554.4,307.2,fixation
12:28:12.1810,554.8,307.3,fixation
12:28:12.1815,555.1,306.9,fixation
12:28:12.182,554.5,306.1,fixation
12:28:12.1825,553.6,304.4,fixation
12:28:12.183,552.8,303.1,fixation
12:28:12.1835,552.6,303.8,fixation
12:28:12.1840,551.7,305.4,fixation
12:28:12.1845,551.0,305.2,fixation
12:28:12.185,551.0,303.4,fixation
12:28:12.1855,551.5,303.1,fixation
12:28:12.186,551.5,304.6,fixation
12:28:12.1865,551.1,306.2,fixation
12:28:12.1870,551.7,306.4,fixation
12:28:12.1875,552.5,306.5,fixation
12:28:12.188,553.2,306.5,fixation
12:28:12.1885,552.5,305.7,fixation
12:28:12.189,551.9,304.9,fixation
12:28:12.1895,551.3,304.7,fixation
12:28:12.1900,551.3,305.2,fixation
12:28:12.1905,551.3,305.6,fixation
12:28:12.191,551.2,305.6,fixation
12:28:12.1915,551.2,306.3,fixation
12:28:12.192,551.1,308.0,fixation
12:28:12.1925,550.8,309.8,fixation
12:28:12.1930,550.3,310.2,fixation
12:28:12.1935,549.8,309.7,fixation
12:28:12.194,549.6,309.0,fixation
12:28:12.1945,550.3,309.0,fixation
12:28:12.195,551.2,307.5,fixation
12:28:12.1955,552.1,306.1,fixation
12:28:12.196,552.1,304.5,fixation
12:28:12.1965,552.0,304.3,fixation
12:28:12.1970,551.7,305.3,fixation
12:28:12.1975,551.4,306.4,fixation
12:28:12.198,551.1,307.4,fixation
12:28:12.1985,550.7,307.4,fixation
12:28:12.199,550.4,307.2,fixation
12:28:12.1995,550.2,306.9,fixation
12:28:12.2000,550.4,307.0,fixation
12:28:12.2005,552.2,307.7,fixation
12:28:12.201,553.9,308.5,fixation
12:28:12.2015,555.2,308.8,fixation
12:28:12.202,554.5,308.6,fixation
12:28:12.2025,553.8,306.3,fixation
12:28:12.2030,553.4,304.7,fixation
12:28:12.2035,553.2,303.7,fixation
12:28:12.204,552.7,304.8,fixation
12:28:12.2045,552.4,305.9,fixation
12:28:12.205,551.9,306.1,fixation
12:28:12.2055,551.6,306.3,fixation
12:28:12.2060,551.5,306.0,fixation
12:28:12.2065,551.2,306.0,fixation
12:28:12.207,550.7,306.1,fixation
12:28:12.2075,550.4,305.8,fixation
12:28:12.208,550.9,305.2,fixation
12:28:12.2085,551.4,304.6,fixation
12:28:12.2090,551.4,304.1,fixation
12:28:12.2095,551.2,303.9,fixation
12:28:12.21,551.1,304.0,fixation
12:28:12.2105,551.3,304.5,fixation
12:28:12.211,551.5,304.6,fixation
12:28:12.2115,551.6,304.5,fixation
12:28:12.212,552.7,304.7,fixation
12:28:12.2125,553.8,305.3,fixation
12:28:12.2130,554.9,305.9,fixation
12:28:12.2135,553.9,305.5,fixation
12:28:12.214,552.6,305.1,fixation
12:28:12.2145,551.2,304.9,fixation
12:28:12.215,551.7,305.0,fixation
12:28:12.2155,552.6,305.1,fixation
12:28:12.2160,553.4,305.1,fixation
12:28:12.2165,553.4,305.2,fixation
12:28:12.217,553.5,306.2,fixation
12:28:12.2175,553.9,307.2,fixation
12:28:12.218,554.2,308.2,fixation
12:28:12.2185,554.7,308.3,fixation
12:28:12.2190,555.0,309.4,fixation
12:28:12.2195,555.2,310.4,fixation
12:28:12.22,555.2,311.6,fixation
12:28:12.2205,554.0,311.8,fixation
12:28:12.221,552.7,311.9,fixation
12:28:12.2215,551.5,311.7,fixation
12:28:12.2220,551.9,309.3,fixation
12:28:12.2225,552.3,307.0,fixation
12:28:12.223,552.8,304.6,fixation
12:28:12.2235,553.4,304.4,fixation
12:28:12.224,554.0,304.4,fixation
12:28:12.2245,555.0,304.6,fixation
12:28:12.2250,555.5,304.6,fixation
12:28:12.2255,555.7,304.4,fixation
12:28:12.226,555.2,305.2,fixation
12:28:12.2265,554.6,306.1,fixation
12:28:12.227,554.3,307.7,fixation
12:28:12.2275,554.6,308.5,fixation
12:28:12.228,555.1,309.2,fixation
12:28:12.2285,555.5,309.3,fixation
12:28:12.2290,555.1,309.2,fixation
12:28:12.2295,554.5,307.9,fixation
12:28:12.23,554.0,306.6,fixation
12:28:12.2305,553.9,305.4,fixation
12:28:12.231,553.9,305.5,fixation
12:28:12.2315,553.5,305.7,fixation
12:28:12.2320,553.1,305.6,fixation
12:28:12.2325,552.7,305.5,fixation
12:28:12.233,552.7,305.7,fixation
12:28:12.2335,553.9,306.3,fixation
12:28:12.234,554.7,306.9,fixation
12:28:12.2345,555.4,306.7,fixation
12:28:12.2350,554.0,305.4,fixation
12:28:12.2355,552.9,304.2,fixation
12:28:12.236,551.6,303.0,fixation
12:28:12.2365,551.1,302.6,fixation
12:28:12.237,550.3,302.6,fixation
12:28:12.2375,550.0,303.4,fixation
12:28:12.2380,550.1,304.1,fixation
12:28:12.2385,550.5,304.5,fixation
12:28:12.239,550.8,305.8,fixation
12:28:12.2395,551.6,307.3,fixation
12:28:12.24,552.7,307.7,fixation
12:28:12.2405,553.9,306.6,fixation
12:28:12.2410,554.1,306.9,fixation
12:28:12.2415,554.1,308.3,fixation
12:28:12.242,554.1,309.7,fixation
12:28:12.2425,554.1,308.9,fixation
12:28:12.243,554.1,308.2,fixation
12:28:12.2435,554.2,306.9,fixation
12:28:12.244,554.2,306.4,fixation
12:28:12.2445,554.4,305.6,fixation
12:28:12.2450,554.5,305.4,fixation
12:28:12.2455,554.0,305.5,fixation
12:28:12.246,553.3,306.3,fixation
12:28:12.2465,553.0,306.8,fixation
12:28:12.247,553.5,306.8,fixation
12:28:12.2475,553.6,306.3,fixation
12:28:12.2480,553.4,306.2,fixation
12:28:12.2485,553.3,306.2,fixation
12:28:12.249,553.6,306.3,fixation
12:28:12.2495,553.0,306.3,fixation
12:28:12.25,552.2,306.3,fixation
12:28:12.2505,551.9,306.2,fixation
12:28:12.2510,552.3,306.6,fixation
12:28:12.2515,552.5,306.9,fixation
12:28:12.252,552.3,307.3,fixation
12:28:12.2525,552.2,307.3,fixation
12:28:12.253,552.2,307.3,fixation
12:28:12.2535,552.0,307.3,fixation
12:28:12.2540,552.1,305.1,fixation
12:28:12.2545,552.8,302.9,fixation
12:28:12.255,553.6,301.6,fixation
12:28:12.2555,554.1,302.6,fixation
12:28:12.256,554.0,303.7,fixation
12:28:12.2565,554.0,303.9,fixation
12:28:12.2570,553.9,304.1,fixation
12:28:12.2575,553.9,304.1,fixation
12:28:12.2580,553.3,304.4,fixation
12:28:12.2585,552.7,304.8,fixation
12:28:12.259,552.0,305.1,fixation
12:28:12.2595,551.7,305.2,fixation
12:28:12.26,552.6,305.3,fixation
12:28:12.2605,553.5,306.5,fixation
12:28:12.2610,554.6,307.6,fixation
12:28:12.2615,555.0,306.6,fixation
12:28:12.262,554.9,304.5,fixation
12:28:12.2625,554.8,302.0,fixation
12:28:12.263,554.4,301.6,fixation
12:28:12.2635,554.3,302.4,fixation
12:28:12.2640,554.1,303.3,fixation
12:28:12.2645,554.1,303.9,fixation
12:28:12.265,554.2,303.4,fixation
12:28:12.2655,554.4,303.4,fixation
12:28:12.266,554.2,303.7,fixation
12:28:12.2665,554.0,304.0,fixation
12:28:12.2670,553.9,304.2,fixation
12:28:12.2675,553.7,304.9,fixation
12:28:12.268,553.5,305.6,fixation
12:28:12.2685,553.5,306.4,fixation
12:28:12.269,553.6,306.5,fixation
12:28:12.2695,553.3,306.6,fixation
12:28:12.2700,552.6,306.8,fixation
12:28:12.2705,551.9,306.9,fixation
12:28:12.271,552.4,307.0,fixation
12:28:12.2715,553.0,306.9,fixation
12:28:12.272,553.7,305.3,fixation
12:28:12.2725,553.8,303.7,fixation
12:28:12.2730,553.8,302.7,fixation
12:28:12.2735,553.9,303.2,fixation
12:28:12.2740,554.2,303.7,fixation
12:28:12.2745,554.3,304.1,fixation
12:28:12.275,554.5,304.5,fixation
12:28:12.2755,554.4,304.8,fixation
12:28:12.276,554.6,304.6,fixation
12:28:12.2765,554.8,305.2,fixation
12:28:12.2770,554.9,306.0,fixation
12:28:12.2775,554.6,308.0,fixation
12:28:12.278,554.9,309.2,fixation
12:28:12.2785,555.4,309.2,fixation
12:28:12.279,556.3,307.9,fixation
12:28:12.2795,557.0,305.8,fixation
12:28:12.2800,557.6,305.0,fixation
12:28:12.2805,557.7,305.5,fixation
12:28:12.281,557.3,306.4,fixation
12:28:12.2815,556.0,306.7,fixation
12:28:12.282,555.2,304.3,fixation
12:28:12.2825,554.7,302.5,fixation
12:28:12.2830,555.1,301.2,fixation
12:28:12.2835,554.7,301.3,fixation
12:28:12.284,554.1,300.7,fixation
12:28:12.2845,554.3,300.0,fixation
12:28:12.285,554.9,302.1,fixation
12:28:12.2855,555.2,305.7,fixation
12:28:12.2860,554.7,309.3,fixation
12:28:12.2865,553.5,308.7,fixation
12:28:12.287,552.6,307.2,fixation
12:28:12.2875,551.9,305.8,fixation
12:28:12.288,552.0,305.8,fixation
12:28:12.2885,552.9,305.7,fixation
12:28:12.2890,553.4,305.5,fixation
12:28:12.2895,553.6,304.0,fixation
12:28:12.2900,553.2,302.5,fixation
12:28:12.2905,553.3,302.8,fixation
12:28:12.291,554.1,304.5,fixation
12:28:12.2915,555.0,305.4,fixation
12:28:12.292,555.5,304.6,fixation
12:28:12.2925,554.8,303.8,fixation
12:28:12.2930,554.0,303.7,fixation
12:28:12.2935,552.4,303.5,fixation
12:28:12.294,551.7,303.5,fixation
12:28:12.2945,551.5,302.9,fixation
12:28:12.295,552.4,302.4,fixation
12:28:12.2955,553.5,301.6,fixation
12:28:12.2960,554.2,301.4,fixation
12:28:12.2965,554.5,300.9,fixation
12:28:12.297,554.3,300.7,fixation
12:28:12.2975,553.6,301.5,fixation
12:28:12.298,552.8,302.4,fixation
12:28:12.2985,552.6,303.9,fixation
12:28:12.2990,552.8,304.5,fixation
12:28:12.2995,554.0,305.5,fixation
12:28:12.3,554.9,305.6,fixation
12:28:12.3005,554.9,305.5,fixation
12:28:12.301,554.0,305.7,fixation
12:28:12.3015,553.0,306.6,fixation
12:28:12.3020,552.8,307.5,fixation
12:28:12.3025,552.9,305.6,fixation
12:28:12.303,553.1,303.3,fixation
12:28:12.3035,553.3,301.3,fixation
12:28:12.304,554.1,301.9,fixation
12:28:12.3045,554.8,303.3,fixation
12:28:12.3050,555.2,304.5,fixation
12:28:12.3055,554.4,305.4,fixation
12:28:12.3060,553.1,305.4,fixation
12:28:12.3065,552.2,305.6,fixation
12:28:12.307,551.6,305.7,fixation
12:28:12.3075,552.0,306.0,fixation
12:28:12.308,552.6,306.4,fixation
12:28:12.3085,553.3,307.0,fixation
12:28:12.3090,553.0,307.6,fixation
12:28:12.3095,552.6,308.0,fixation
12:28:12.31,552.5,307.4,fixation
12:28:12.3105,553.0,307.0,fixation
12:28:12.311,552.2,306.5,fixation
12:28:12.3115,551.4,304.9,fixation
12:28:12.3120,552.0,303.1,fixation
12:28:12.3125,553.5,301.9,fixation
12:28:12.313,554.7,303.1,fixation
12:28:12.3135,555.0,304.8,fixation
12:28:12.314,555.4,306.3,fixation
12:28:12.3145,555.5,307.3,fixation
12:28:12.3150,555.1,308.2,fixation
12:28:12.3155,554.7,308.6,fixation
12:28:12.316,554.7,309.0,fixation
12:28:12.3165,554.8,309.1,fixation
12:28:12.317,554.0,308.6,fixation
12:28:12.3175,553.3,307.8,fixation
12:28:12.3180,552.3,307.0,fixation
12:28:12.3185,552.2,306.7,fixation
12:28:12.319,553.0,306.6,fixation
12:28:12.3195,554.0,306.5,fixation
12:28:12.32,555.1,305.8,fixation
12:28:12.3205,555.1,305.0,fixation
12:28:12.321,555.2,304.3,fixation
12:28:12.3215,555.4,304.4,fixation
12:28:12.3220,555.7,304.5,fixation
12:28:12.3225,556.1,304.3,fixation
12:28:12.323,556.3,304.0,fixation
12:28:12.3235,556.4,303.4,fixation
12:28:12.324,556.4,303.0,fixation
12:28:12.3245,556.3,302.6,fixation
12:28:12.3250,556.2,302.4,fixation
12:28:12.3255,556.1,302.4,fixation
12:28:12.326,555.4,302.5,fixation
12:28:12.3265,554.8,302.6,fixation
12:28:12.327,553.9,302.9,fixation
12:28:12.3275,553.7,303.5,fixation
12:28:12.3280,553.5,304.2,fixation
12:28:12.3285,553.4,304.8,fixation
12:28:12.329,553.3,305.7,fixation
12:28:12.3295,553.2,306.4,fixation
12:28:12.33,553.1,306.9,fixation
12:28:12.3305,552.8,306.8,fixation
12:28:12.3310,552.6,306.7,fixation
12:28:12.3315,553.6,306.8,fixation
12:28:12.332,554.8,307.0,fixation
12:28:12.3325,556.0,307.9,fixation
12:28:12.333,555.6,308.6,fixation
12:28:12.3335,555.4,307.6,fixation
12:28:12.3340,555.1,306.2,fixation
12:28:12.3345,555.2,304.8,fixation
12:28:12.335,555.1,302.1,fixation
12:28:12.3355,555.4,299.1,fixation
12:28:12.336,555.8,296.3,fixation
12:28:12.3365,556.1,296.9,fixation
12:28:12.337,555.6,299.3,fixation
12:28:12.3375,554.7,301.4,fixation
12:28:12.3380,553.9,303.0,fixation
12:28:12.3385,553.5,302.8,fixation
12:28:12.339,553.5,302.6,fixation
12:28:12.3395,553.7,303.7,fixation
12:28:12.34,553.8,304.5,fixation
12:28:12.3405,553.9,305.4,fixation
12:28:12.3410,553.9,305.5,fixation
12:28:12.3415,554.1,306.0,fixation
12:28:12.342,554.3,306.9,fixation
12:28:12.3425,554.2,307.4,fixation
12:28:12.343,554.1,306.5,fixation
12:28:12.3435,554.0,305.2,fixation
12:28:12.3440,552.7,303.8,fixation
12:28:12.3445,551.1,304.1,fixation
12:28:12.345,549.5,304.5,fixation
12:28:12.3455,550.0,304.2,fixation
12:28:12.346,550.5,303.4,fixation
12:28:12.3465,550.9,302.3,fixation
12:28:12.3470,550.6,302.1,fixation
12:28:12.3475,550.4,301.8,fixation
12:28:12.348,550.8,301.8,fixation
12:28:12.3485,551.8,301.4,fixation
12:28:12.349,553.3,300.9,fixation
12:28:12.3495,554.5,300.5,fixation
12:28:12.3500,554.8,302.3,fixation
12:28:12.3505,553.7,304.1,fixation
12:28:12.351,552.8,305.1,fixation
12:28:12.3515,551.9,303.8,fixation
12:28:12.352,551.7,302.3,fixation
12:28:12.3525,551.3,301.7,fixation
12:28:12.353,551.1,301.7,fixation
12:28:12.3535,551.1,301.7,fixation
12:28:12.3540,552.0,301.6,fixation
12:28:12.3545,553.1,301.4,fixation
12:28:12.355,554.1,301.2,fixation
12:28:12.3555,554.0,300.9,fixation
12:28:12.356,553.6,300.8,fixation
12:28:12.3565,552.8,301.2,fixation
12:28:12.3570,552.5,301.5,fixation
12:28:12.3575,552.1,303.1,fixation
12:28:12.358,552.3,304.4,fixation
12:28:12.3585,553.5,305.4,fixation
12:28:12.359,554.6,304.6,fixation
12:28:12.3595,555.4,303.8,fixation
12:28:12.3600,555.0,303.3,fixation
12:28:12.3605,554.5,302.7,fixation
12:28:12.361,553.9,302.1,fixation
12:28:12.3615,553.6,301.6,fixation
12:28:12.362,553.1,301.4,fixation
12:28:12.3625,552.9,301.1,fixation
12:28:12.3630,552.6,300.9,fixation
12:28:12.3635,553.6,300.8,fixation
12:28:12.364,554.6,300.7,fixation
12:28:12.3645,554.9,300.7,fixation
12:28:12.365,554.1,300.8,fixation
12:28:12.3655,553.5,300.9,fixation
12:28:12.3660,553.8,301.0,fixation
12:28:12.3665,554.7,301.1,fixation
12:28:12.367,555.5,301.5,fixation
12:28:12.3675,556.1,301.6,fixation
12:28:12.368,555.8,301.3,fixation
12:28:12.3685,555.5,300.8,fixation
12:28:12.369,555.3,300.6,fixation
12:28:12.3695,555.3,300.4,fixation
12:28:12.3700,554.6,300.1,fixation
12:28:12.3705,554.2,299.5,fixation
12:28:12.371,554.3,299.1,fixation
12:28:12.3715,556.0,300.6,fixation
12:28:12.372,557.3,302.4,fixation
12:28:12.3725,557.8,303.8,fixation
12:28:12.3730,557.2,303.5,fixation
12:28:12.3735,556.5,303.3,fixation
12:28:12.374,556.0,303.4,fixation
12:28:12.3745,555.9,303.4,fixation
12:28:12.375,556.3,303.1,fixation
12:28:12.3755,556.7,302.8,fixation
12:28:12.3760,556.3,302.6,fixation
12:28:12.3765,555.4,303.5,fixation
12:28:12.377,554.5,304.4,fixation
12:28:12.3775,554.5,305.5,fixation
12:28:12.378,554.6,305.5,fixation
12:28:12.3785,556.3,304.3,fixation
12:28:12.3790,557.9,303.2,fixation
12:28:12.3795,558.9,302.0,fixation
12:28:12.38,558.1,302.1,fixation
12:28:12.3805,556.6,301.2,fixation
12:28:12.381,556.0,299.9,fixation
12:28:12.3815,555.5,298.5,fixation
12:28:12.3820,556.1,299.4,fixation
12:28:12.3825,556.6,300.9,fixation
12:28:12.3830,557.0,301.8,fixation
12:28:12.3835,556.8,301.2,fixation
12:28:12.384,556.5,300.9,fixation
12:28:12.3845,556.0,301.7,fixation
12:28:12.385,555.8,302.5,fixation
12:28:12.3855,554.8,302.9,fixation
12:28:12.3860,553.9,302.9,fixation
12:28:12.3865,553.1,303.0,fixation
12:28:12.387,553.4,303.0,fixation
12:28:12.3875,553.6,303.0,fixation
12:28:12.388,554.3,302.8,fixation
12:28:12.3885,554.8,303.0,fixation
12:28:12.3890,555.0,303.2,fixation
12:28:12.3895,554.5,303.5,fixation
12:28:12.39,555.6,303.9,fixation
12:28:12.3905,556.8,304.4,fixation
12:28:12.391,557.2,304.0,fixation
12:28:12.3915,556.3,302.4,fixation
12:28:12.3920,555.4,300.9,fixation
12:28:12.3925,555.1,300.8,fixation
12:28:12.393,554.9,301.8,fixation
12:28:12.3935,554.4,302.4,fixation
12:28:12.394,554.0,302.0,fixation
12:28:12.3945,554.0,301.2,fixation
12:28:12.3950,554.3,300.8,fixation
12:28:12.3955,554.4,301.1,fixation
12:28:12.396,554.2,301.9,fixation
12:28:12.3965,553.9,302.7,fixation
12:28:12.397,554.0,302.1,fixation
12:28:12.3975,555.3,301.5,fixation
12:28:12.3980,556.4,301.6,fixation
12:28:12.3985,557.5,303.3,fixation
12:28:12.3990,557.4,305.0,fixation
12:28:12.3995,557.0,305.5,fixation
12:28:12.4,555.5,305.2,fixation
12:28:12.4005,554.0,305.0,fixation
12:28:12.401,553.0,305.2,fixation
12:28:12.4015,553.9,305.0,fixation
12:28:12.4020,554.9,303.6,fixation
12:28:12.4025,556.0,302.4,fixation
12:28:12.403,556.1,301.4,fixation
12:28:12.4035,555.9,302.5,fixation
12:28:12.404,555.5,303.7,fixation
12:28:12.4045,555.0,305.1,fixation
12:28:12.4050,554.4,305.4,fixation
12:28:12.4055,553.9,305.5,fixation
12:28:12.406,553.1,305.0,fixation
12:28:12.4065,552.5,304.8,fixation
12:28:12.407,552.8,305.2,fixation
12:28:12.4075,553.7,305.8,fixation
12:28:12.4080,554.4,305.1,fixation
12:28:12.4085,554.1,304.0,fixation
12:28:12.409,553.7,302.7,fixation
12:28:12.4095,553.0,302.4,fixation
12:28:12.41,552.6,302.1,fixation
12:28:12.4105,552.4,301.2,fixation
12:28:12.4110,552.9,300.2,fixation
12:28:12.4115,553.6,298.8,fixation
12:28:12.412,554.4,297.7,fixation
12:28:12.4125,554.4,296.7,fixation
12:28:12.413,554.0,296.3,fixation
12:28:12.4135,553.2,297.7,fixation
12:28:12.4140,553.7,299.7,fixation
12:28:12.4145,554.6,301.7,fixation
12:28:12.4150,556.4,301.7,fixation
12:28:12.4155,557.4,301.0,fixation
12:28:12.416,557.1,300.3,fixation
12:28:12.4165,556.0,300.8,fixation
12:28:12.417,554.9,301.4,fixation
12:28:12.4175,555.4,302.1,fixation
12:28:12.4180,556.0,301.9,fixation
12:28:12.4185,556.5,301.8,fixation
12:28:12.419,556.0,301.6,fixation
12:28:12.4195,555.4,302.6,fixation
12:28:12.42,554.9,303.6,fixation
12:28:12.4205,555.1,302.8,fixation
12:28:12.4210,554.9,301.2,fixation
12:28:12.4215,554.7,300.3,fixation
12:28:12.422,554.4,300.9,fixation
12:28:12.4225,554.6,301.9,fixation
12:28:12.423,555.1,302.2,fixation
12:28:12.4235,555.6,301.5,fixation
12:28:12.4240,555.9,300.5,fixation
12:28:12.4245,555.8,300.6,fixation
12:28:12.425,555.7,301.6,fixation
12:28:12.4255,555.6,302.4,fixation
12:28:12.426,555.4,302.2,fixation
12:28:12.4265,555.1,302.1,fixation
12:28:12.4270,554.7,302.3,fixation
12:28:12.4275,554.5,302.3,fixation
12:28:12.428,554.5,301.4,fixation
12:28:12.4285,554.3,300.4,fixation
12:28:12.429,554.2,299.5,fixation
12:28:12.4295,554.4,299.1,fixation
12:28:12.4300,554.9,298.7,fixation
12:28:12.4305,555.3,298.6,fixation
12:28:12.4310,555.4,299.0,fixation
12:28:12.4315,555.4,299.5,fixation
12:28:12.432,555.5,299.7,fixation
12:28:12.4325,555.3,299.8,fixation
12:28:12.433,555.0,299.9,fixation
12:28:12.4335,554.6,300.5,fixation
12:28:12.4340,554.3,301.0,fixation
12:28:12.4345,554.1,301.3,fixation
12:28:12.435,554.1,300.8,fixation
12:28:12.4355,554.3,300.1,fixation
12:28:12.436,554.5,299.7,fixation
12:28:12.4365,554.6,299.7,fixation
12:28:12.4370,554.5,299.9,fixation
12:28:12.4375,554.3,300.1,fixation
12:28:12.438,554.2,300.2,fixation
12:28:12.4385,554.2,299.4,fixation
12:28:12.439,554.5,298.7,fixation
12:28:12.4395,554.8,298.3,fixation
12:28:12.4400,555.1,298.9,fixation
12:28:12.4405,554.6,300.4,fixation
12:28:12.441,554.0,301.7,fixation
12:28:12.4415,553.3,303.5,fixation
12:28:12.442,553.8,304.4,fixation
12:28:12.4425,555.0,301.7,fixation
12:28:12.4430,556.3,298.2,fixation
12:28:12.4435,556.1,296.9,fixation
12:28:12.444,554.6,299.2,fixation
12:28:12.4445,553.1,301.4,fixation
12:28:12.445,552.6,301.0,fixation
12:28:12.4455,552.9,300.2,fixation
12:28:12.446,553.2,299.6,fixation
12:28:12.4465,553.2,299.5,fixation
12:28:12.4470,553.2,299.4,fixation
12:28:12.4475,553.5,299.2,fixation
12:28:12.448,553.9,298.8,fixation
12:28:12.4485,553.8,298.8,fixation
12:28:12.449,553.5,299.0,fixation
12:28:12.4495,554.3,299.3,fixation
12:28:12.4500,555.3,300.0,fixation
12:28:12.4505,556.1,300.4,fixation
12:28:12.451,555.8,300.7,fixation
12:28:12.4515,555.6,300.7,fixation
12:28:12.452,555.7,300.7,fixation
12:28:12.4525,555.8,300.0,fixation
12:28:12.4530,556.2,298.6,fixation
12:28:12.4535,556.5,297.0,fixation
12:28:12.454,556.7,296.1,fixation
12:28:12.4545,556.2,299.0,fixation
12:28:12.455,555.8,302.0,fixation
12:28:12.4555,555.4,303.6,fixation
12:28:12.4560,555.3,302.2,fixation
12:28:12.4565,554.9,300.7,fixation
12:28:12.457,554.4,300.7,fixation
12:28:12.4575,554.3,300.7,fixation
12:28:12.458,554.6,299.5,fixation
12:28:12.4585,554.1,298.3,fixation
12:28:12.4590,553.3,298.2,fixation
12:28:12.4595,552.6,299.3,fixation
12:28:12.46,552.7,300.4,fixation
12:28:12.4605,553.9,300.4,fixation
12:28:12.461,554.8,301.2,fixation
12:28:12.4615,555.4,302.0,fixation
12:28:12.462,555.1,302.3,fixation
12:28:12.4625,555.0,302.0,fixation
12:28:12.4630,555.4,301.6,fixation
12:28:12.4635,555.9,301.6,fixation
12:28:12.464,556.2,302.4,fixation
12:28:12.4645,555.0,303.2,fixation
12:28:12.465,553.4,303.9,fixation
12:28:12.4655,551.7,303.9,fixation
12:28:12.4660,551.5,303.9,fixation
12:28:12.4665,552.2,302.6,fixation
12:28:12.467,553.3,301.3,fixation
12:28:12.4675,554.4,300.1,fixation
12:28:12.468,554.4,300.8,fixation
12:28:12.4685,554.0,301.5,fixation
12:28:12.4690,553.6,301.8,fixation
12:28:12.4695,553.4,300.8,fixation
12:28:12.47,553.1,299.9,fixation
12:28:12.4705,552.9,299.4,fixation
12:28:12.471,553.5,299.4,fixation
12:28:12.4715,554.3,299.4,fixation
12:28:12.4720,554.7,299.4,fixation
12:28:12.4725,554.3,299.4,fixation
12:28:12.473,554.5,299.0,fixation
12:28:12.4735,555.2,298.6,fixation
12:28:12.474,555.7,299.5,fixation
12:28:12.4745,555.2,300.9,fixation
12:28:12.4750,554.7,301.5,fixation
12:28:12.4755,554.6,300.1,fixation
12:28:12.476,555.0,298.7,fixation
12:28:12.4765,555.2,298.1,fixation
12:28:12.477,555.7,298.1,fixation
12:28:12.4775,556.2,298.2,fixation
12:28:12.478,556.6,298.8,fixation
12:28:12.4785,557.0,300.9,fixation
12:28:12.4790,557.4,303.0,fixation
12:28:12.4795,558.0,303.9,fixation
12:28:12.48,557.9,303.3,fixation
12:28:12.4805,557.3,301.9,fixation
12:28:12.481,556.5,301.2,fixation
12:28:12.4815,555.8,300.6,fixation
12:28:12.4820,556.0,300.7,fixation
12:28:12.4825,556.4,301.7,fixation
12:28:12.483,556.7,302.7,fixation
12:28:12.4835,557.0,303.2,fixation
12:28:12.484,557.3,302.7,fixation
12:28:12.4845,556.6,302.0,fixation
12:28:12.4850,555.9,300.5,fixation
12:28:12.4855,555.3,299.1,fixation
12:28:12.486,555.5,298.7,fixation
12:28:12.4865,555.6,299.5,fixation
12:28:12.487,555.6,299.9,fixation
12:28:12.4875,555.1,299.0,fixation
12:28:12.4880,554.2,298.2,fixation
12:28:12.4885,553.7,297.6,fixation
12:28:12.489,554.0,296.9,fixation
12:28:12.4895,554.8,296.2,fixation
12:28:12.49,555.1,295.7,fixation
12:28:12.4905,555.3,296.3,fixation
12:28:12.4910,556.0,299.0,fixation
12:28:12.4915,556.7,301.0,fixation
12:28:12.492,557.0,302.5,fixation
12:28:12.4925,556.2,301.3,fixation
12:28:12.493,555.1,300.3,fixation
12:28:12.4935,554.4,299.6,fixation
12:28:12.494,555.0,299.0,fixation
12:28:12.4945,556.1,297.4,fixation
12:28:12.4950,557.1,295.9,fixation
12:28:12.4955,557.1,295.7,fixation
12:28:12.496,557.0,296.6,fixation
12:28:12.4965,556.7,297.0,fixation
12:28:12.497,556.4,296.2,fixation
12:28:12.4975,556.1,296.2,fixation
12:28:12.4980,556.4,297.3,fixation
12:28:12.4985,556.8,298.9,fixation
12:28:12.499,557.5,299.8,fixation
12:28:12.4995,557.6,300.0,fixation
12:28:12.5,557.3,299.7,fixation
12:28:12.5005,556.6,298.4,fixation
12:28:12.5010,556.0,297.2,fixation
12:28:12.5015,555.6,297.3,fixation
12:28:12.502,555.4,298.9,fixation
12:28:12.5025,555.1,300.5,fixation
12:28:12.503,555.0,301.4,fixation
12:28:12.5035,555.0,301.5,fixation
12:28:12.5040,554.8,300.5,fixation
12:28:12.5045,554.7,299.1,fixation
12:28:12.505,554.9,297.3,fixation
12:28:12.5055,556.2,296.5,fixation
12:28:12.506,557.4,295.7,fixation
12:28:12.5065,558.1,295.4,fixation
12:28:12.5070,557.4,294.9,fixation
12:28:12.5075,556.7,294.7,fixation
12:28:12.5080,556.5,294.6,fixation
12:28:12.5085,556.9,294.7,fixation
12:28:12.509,557.4,294.8,fixation
12:28:12.5095,558.3,295.1,fixation
12:28:12.51,559.0,295.8,fixation
12:28:12.5105,559.4,296.3,fixation
12:28:12.5110,559.3,296.5,fixation
12:28:12.5115,559.1,296.4,fixation
12:28:12.512,558.7,296.4,fixation
12:28:12.5125,558.3,296.4,fixation
12:28:12.513,558.1,296.3,fixation
12:28:12.5135,558.1,296.3,fixation
12:28:12.5140,558.9,296.4,fixation
12:28:12.5145,559.3,296.4,fixation
12:28:12.515,559.6,296.4,fixation
12:28:12.5155,559.0,296.8,fixation
12:28:12.516,558.7,297.4,fixation
12:28:12.5165,558.6,298.0,fixation
12:28:12.5170,558.9,298.0,fixation
12:28:12.5175,559.1,297.8,fixation
12:28:12.518,558.7,297.5,fixation
12:28:12.5185,557.9,297.7,fixation
12:28:12.519,557.1,298.1,fixation
12:28:12.5195,557.0,298.7,fixation
12:28:12.5200,556.0,299.1,fixation
12:28:12.5205,555.6,299.4,fixation
12:28:12.521,555.8,299.5,fixation
12:28:12.5215,557.0,298.9,fixation
12:28:12.522,557.0,298.3,fixation
12:28:12.5225,556.3,297.6,fixation
12:28:12.5230,555.8,296.4,fixation
12:28:12.5235,555.9,295.2,fixation
12:28:12.5240,556.5,294.2,fixation
12:28:12.5245,557.2,294.7,fixation
12:28:12.525,557.5,296.0,fixation
12:28:12.5255,557.1,296.6,fixation
12:28:12.526,556.3,296.5,fixation
12:28:12.5265,555.9,295.8,fixation
12:28:12.5270,556.6,296.6,fixation
12:28:12.5275,557.3,298.7,fixation
12:28:12.528,557.5,300.7,fixation
12:28:12.5285,557.0,300.9,fixation
12:28:12.529,556.7,300.4,fixation
12:28:12.5295,556.6,299.6,fixation
12:28:12.5300,556.4,299.1,fixation
12:28:12.5305,556.6,298.5,fixation
12:28:12.531,558.1,298.2,fixation
12:28:12.5315,559.6,298.0,fixation
12:28:12.532,559.1,297.8,fixation
12:28:12.5325,557.6,297.8,fixation
12:28:12.5330,556.8,299.3,fixation
12:28:12.5335,557.3,300.7,fixation
12:28:12.534,557.9,302.0,fixation
12:28:12.5345,558.2,299.8,fixation
12:28:12.535,558.3,297.1,fixation
12:28:12.5355,558.4,294.4,fixation
12:28:12.5360,558.2,295.3,fixation
12:28:12.5365,558.1,296.4,fixation
12:28:12.537,557.5,297.6,fixation
12:28:12.5375,556.7,297.4,fixation
12:28:12.538,555.8,297.3,fixation
12:28:12.5385,555.9,298.1,fixation
12:28:12.5390,557.5,298.6,fixation
12:28:12.5395,559.2,298.7,fixation
12:28:12.5400,558.9,298.0,fixation
12:28:12.5405,557.5,297.5,fixation
12:28:12.541,556.1,297.2,fixation
12:28:12.5415,556.5,297.6,fixation
12:28:12.542,556.9,297.6,fixation
12:28:12.5425,557.2,297.9,fixation
12:28:12.5430,557.1,297.7,fixation
12:28:12.5435,556.7,297.9,fixation
12:28:12.544,556.6,298.0,fixation
12:28:12.5445,556.5,298.0,fixation
12:28:12.545,556.3,298.1,fixation
12:28:12.5455,555.5,298.2,fixation
12:28:12.5460,554.9,297.4,fixation
12:28:12.5465,555.2,296.6,fixation
12:28:12.547,556.1,295.8,fixation
12:28:12.5475,557.4,296.4,fixation
12:28:12.548,558.0,296.9,fixation
12:28:12.5485,556.6,296.0,fixation
12:28:12.5490,554.5,295.2,fixation
12:28:12.5495,552.4,294.4,fixation
12:28:12.55,552.3,294.7,fixation
12:28:12.5505,553.6,294.9,fixation
12:28:12.551,554.8,296.2,fixation
12:28:12.5515,555.3,297.7,fixation
12:28:12.5520,554.5,299.2,fixation
12:28:12.5525,553.9,299.6,fixation
12:28:12.553,554.1,299.7,fixation
12:28:12.5535,554.3,299.0,fixation
12:28:12.554,554.4,298.6,fixation
12:28:12.5545,554.5,298.3,fixation
12:28:12.5550,554.4,298.7,fixation
12:28:12.5555,554.6,298.7,fixation
12:28:12.5560,554.9,299.4,fixation
12:28:12.5565,555.2,300.0,fixation
12:28:12.557,554.8,299.7,fixation
12:28:12.5575,554.5,298.6,fixation
12:28:12.558,554.3,297.5,fixation
12:28:12.5585,555.0,297.0,fixation
12:28:12.5590,555.6,296.8,fixation
12:28:12.5595,556.2,296.6,fixation
12:28:12.56,556.5,295.4,fixation
12:28:12.5605,556.3,294.2,fixation
12:28:12.561,555.9,293.6,fixation
12:28:12.5615,555.4,294.8,fixation
12:28:12.5620,555.0,296.3,fixation
12:28:12.5625,554.7,297.4,fixation
12:28:12.563,554.2,298.6,fixation
12:28:12.5635,553.8,299.6,fixation
12:28:12.564,554.2,298.9,fixation
12:28:12.5645,554.9,297.4,fixation
12:28:12.5650,554.3,295.8,fixation
12:28:12.5655,553.0,295.7,fixation
12:28:12.566,552.5,296.1,fixation
12:28:12.5665,553.9,297.8,saccade
12:28:12.567,553.9,298.2,saccade
12:28:12.5675,553.9,298.6,saccade
12:28:12.5680,553.9,298.6,saccade
12:28:12.5685,554.1,298.6,saccade
12:28:12.569,554.3,298.3,saccade
12:28:12.5695,554.7,297.1,saccade
12:28:12.57,554.9,295.9,saccade
12:28:12.5705,555.0,295.2,saccade
12:28:12.571,554.9,295.8,saccade
12:28:12.5715,554.9,296.7,saccade
12:28:12.5720,554.9,297.4,saccade
12:28:12.5725,554.9,297.8,saccade
12:28:12.573,555.5,297.9,saccade
12:28:12.5735,557.9,298.6,saccade
12:28:12.574,560.7,299.4,saccade
12:28:12.5745,565.3,299.7,saccade
12:28:12.5750,568.3,299.4,saccade
12:28:12.5755,573.8,299.0,saccade
12:28:12.576,578.4,299.0,saccade
12:28:12.5765,585.3,299.2,saccade
12:28:12.577,590.4,299.3,saccade
12:28:12.5775,594.7,299.1,saccade
12:28:12.5780,599.1,298.8,saccade
12:28:12.5785,603.9,298.6,saccade
12:28:12.579,609.5,298.8,saccade
12:28:12.5795,614.1,298.8,saccade
12:28:12.58,620.2,298.4,saccade
12:28:12.5805,626.6,297.1,saccade
12:28:12.5810,633.6,295.9,saccade
12:28:12.5815,639.2,294.3,saccade
12:28:12.582,645.7,293.1,saccade
12:28:12.5825,651.3,291.9,saccade
12:28:12.583,657.3,291.4,saccade
12:28:12.5835,661.2,290.9,saccade
12:28:12.5840,665.5,289.7,saccade
12:28:12.5845,669.4,288.5,saccade
12:28:12.585,672.8,287.5,saccade
12:28:12.5855,674.4,287.1,saccade
12:28:12.586,675.2,286.7,saccade
12:28:12.5865,676.5,286.8,saccade
12:28:12.587,677.7,287.0,saccade
12:28:12.5875,677.3,286.5,saccade
12:28:12.5880,676.4,286.1,saccade
12:28:12.5885,673.9,285.6,saccade
12:28:12.589,671.6,287.9,saccade
12:28:12.5895,669.3,290.2,saccade
12:28:12.59,666.3,292.3,saccade
12:28:12.5905,662.4,292.7,saccade
12:28:12.5910,658.4,293.3,saccade
12:28:12.5915,655.0,294.7,saccade
12:28:12.592,653.0,295.8,saccade
12:28:12.5925,648.2,295.9,saccade
12:28:12.593,644.2,295.3,saccade
12:28:12.5935,639.6,295.5,saccade
12:28:12.5940,635.8,296.3,saccade
12:28:12.5945,633.0,296.9,saccade
12:28:12.595,631.0,295.4,saccade
12:28:12.5955,628.0,294.0,saccade
12:28:12.596,625.2,292.9,saccade
12:28:12.5965,621.4,293.3,saccade
12:28:12.5970,620.5,292.8,saccade
12:28:12.5975,619.3,292.0,saccade
12:28:12.598,619.0,290.8,saccade
12:28:12.5985,618.4,290.0,saccade
12:28:12.599,618.3,289.2,saccade
12:28:12.5995,618.2,290.6,saccade
12:28:12.6000,618.6,292.5,saccade
12:28:12.6005,619.2,293.3,saccade
12:28:12.601,620.0,292.0,saccade
12:28:12.6015,620.6,290.5,saccade
12:28:12.602,621.4,288.8,saccade
12:28:12.6025,622.0,286.7,saccade
12:28:12.603,625.5,285.0,fixation
12:28:12.6035,628.4,285.9,fixation
12:28:12.6040,631.7,286.6,fixation
12:28:12.6045,632.8,286.9,fixation
12:28:12.605,633.8,286.8,fixation
12:28:12.6055,634.1,287.4,fixation
12:28:12.606,634.6,288.0,fixation
12:28:12.6065,635.1,288.7,fixation
12:28:12.6070,636.3,288.8,fixation
12:28:12.6075,637.4,288.9,fixation
12:28:12.608,638.3,290.2,fixation
12:28:12.6085,639.4,291.4,fixation
12:28:12.609,640.7,292.1,fixation
12:28:12.6095,642.1,291.3,fixation
12:28:12.6100,642.1,290.6,fixation
12:28:12.6105,642.0,290.5,fixation
12:28:12.611,642.0,289.8,fixation
12:28:12.6115,642.0,289.8,fixation
12:28:12.612,642.0,290.5,fixation
12:28:12.6125,641.8,292.1,fixation
12:28:12.6130,641.6,293.0,fixation
12:28:12.6135,641.4,293.1,fixation
12:28:12.614,641.2,293.3,fixation
12:28:12.6145,642.0,293.3,fixation
12:28:12.615,642.8,293.3,fixation
12:28:12.6155,642.9,293.3,fixation
12:28:12.6160,642.4,293.2,fixation
12:28:12.6165,641.6,292.4,fixation
12:28:12.617,641.1,292.0,fixation
12:28:12.6175,640.6,291.6,fixation
12:28:12.618,640.7,291.7,fixation
12:28:12.6185,641.3,292.1,fixation
12:28:12.619,641.8,292.6,fixation
12:28:12.6195,641.7,293.2,fixation
12:28:12.6200,641.6,293.3,fixation
12:28:12.6205,641.1,291.9,fixation
12:28:12.621,640.6,291.2,fixation
12:28:12.6215,640.0,291.2,fixation
12:28:12.622,639.8,292.6,fixation
12:28:12.6225,639.8,292.6,fixation
12:28:12.6230,640.0,291.6,fixation
12:28:12.6235,640.3,290.5,fixation
12:28:12.624,640.3,290.4,fixation
12:28:12.6245,640.6,291.0,fixation
12:28:12.625,640.9,291.6,fixation
12:28:12.6255,641.3,292.1,fixation
12:28:12.6260,641.2,292.4,fixation
12:28:12.6265,641.6,292.8,fixation
12:28:12.627,641.9,292.8,fixation
12:28:12.6275,642.2,292.7,fixation
12:28:12.628,641.5,292.6,fixation
12:28:12.6285,640.9,292.5,fixation
12:28:12.6290,640.2,292.5,fixation
12:28:12.6295,640.0,292.5,fixation
12:28:12.63,639.8,292.5,fixation
12:28:12.6305,639.0,291.5,fixation
12:28:12.631,638.2,290.5,fixation
12:28:12.6315,637.8,289.3,fixation
12:28:12.6320,638.1,289.1,fixation
12:28:12.6325,638.3,288.9,fixation
12:28:12.6330,638.3,288.8,fixation
12:28:12.6335,638.6,288.8,fixation
12:28:12.634,638.8,288.8,fixation
12:28:12.6345,638.9,288.8,fixation
12:28:12.635,638.4,289.9,fixation
12:28:12.6355,637.9,291.1,fixation
12:28:12.6360,637.5,293.4,fixation
12:28:12.6365,637.5,294.5,fixation
12:28:12.637,637.6,295.3,fixation
12:28:12.6375,637.9,294.7,fixation
12:28:12.638,638.1,294.0,fixation
12:28:12.6385,638.2,293.5,fixation
12:28:12.6390,638.3,293.0,fixation
12:28:12.6395,638.4,292.0,fixation
12:28:12.64,638.5,291.2,fixation
12:28:12.6405,639.7,292.1,fixation
12:28:12.641,640.8,293.6,fixation
12:28:12.6415,641.1,294.3,fixation
12:28:12.6420,640.1,293.4,fixation
12:28:12.6425,638.8,292.6,fixation
12:28:12.643,638.4,292.8,fixation
12:28:12.6435,638.0,293.0,fixation
12:28:12.644,638.1,292.4,fixation
12:28:12.6445,639.1,291.6,fixation
12:28:12.6450,640.0,291.7,fixation
12:28:12.6455,640.0,292.6,fixation
12:28:12.646,639.1,292.6,fixation
12:28:12.6465,638.5,291.7,fixation
12:28:12.647,638.8,290.7,fixation
12:28:12.6475,638.9,290.5,fixation
12:28:12.6480,640.2,290.9,fixation
12:28:12.6485,641.4,291.8,fixation
12:28:12.6490,642.3,292.7,fixation
12:28:12.6495,640.6,292.4,fixation
12:28:12.65,639.0,291.8,fixation
12:28:12.6505,638.7,291.2,fixation
12:28:12.651,639.8,290.8,fixation
12:28:12.6515,640.6,290.0,fixation
12:28:12.6520,640.4,289.1,fixation
12:28:12.6525,640.1,290.5,fixation
12:28:12.653,640.1,291.9,fixation
12:28:12.6535,639.6,293.5,fixation
12:28:12.654,638.9,293.2,fixation
12:28:12.6545,638.2,293.3,fixation
12:28:12.6550,638.5,293.2,fixation
12:28:12.6555,638.9,293.0,fixation
12:28:12.656,639.4,292.7,fixation
12:28:12.6565,639.4,292.5,fixation
12:28:12.657,639.4,292.1,fixation
12:28:12.6575,639.0,291.8,fixation
12:28:12.6580,638.7,291.2,fixation
12:28:12.6585,638.3,290.8,fixation
12:28:12.659,638.4,290.5,fixation
12:28:12.6595,638.5,290.9,fixation
12:28:12.66,638.7,291.1,fixation
12:28:12.6605,638.8,291.5,fixation
12:28:12.6610,638.9,291.7,fixation
12:28:12.6615,639.0,291.7,fixation
12:28:12.662,638.7,291.5,fixation
12:28:12.6625,638.2,292.2,fixation
12:28:12.663,637.7,293.2,fixation
12:28:12.6635,637.6,294.2,fixation
12:28:12.6640,637.5,294.3,fixation
12:28:12.6645,637.4,294.4,fixation
12:28:12.6650,637.3,293.9,fixation
12:28:12.6655,637.8,293.4,fixation
12:28:12.666,638.2,293.0,fixation
12:28:12.6665,638.6,293.3,fixation
12:28:12.667,638.6,293.6,fixation
12:28:12.6675,638.5,293.8,fixation
12:28:12.6680,638.4,294.1,fixation
12:28:12.6685,638.1,291.7,fixation
12:28:12.669,637.7,289.2,fixation
12:28:12.6695,637.2,287.2,fixation
12:28:12.67,636.8,288.4,fixation
12:28:12.6705,636.2,290.1,fixation
12:28:12.6710,635.9,291.3,fixation
12:28:12.6715,636.1,291.9,fixation
12:28:12.672,637.2,292.3,fixation
12:28:12.6725,638.1,292.9,fixation
12:28:12.673,638.8,293.8,fixation
12:28:12.6735,638.7,294.3,fixation
12:28:12.6740,638.1,294.8,fixation
12:28:12.6745,637.5,294.5,fixation
12:28:12.675,636.9,294.2,fixation
12:28:12.6755,636.9,293.8,fixation
12:28:12.676,636.9,292.6,fixation
12:28:12.6765,636.9,291.5,fixation
12:28:12.6770,637.7,290.2,fixation
12:28:12.6775,638.4,289.8,fixation
12:28:12.678,638.7,289.3,fixation
12:28:12.6785,638.2,289.1,fixation
12:28:12.679,637.4,290.6,fixation
12:28:12.6795,637.9,292.2,fixation
12:28:12.6800,638.4,293.9,fixation
12:28:12.6805,639.2,294.1,fixation
12:28:12.6810,639.4,294.3,fixation
12:28:12.6815,639.8,293.1,fixation
12:28:12.682,639.8,291.6,fixation
12:28:12.6825,638.8,290.1,fixation
12:28:12.683,637.5,291.5,fixation
12:28:12.6835,636.2,292.9,fixation
12:28:12.6840,635.0,294.0,fixation
12:28:12.6845,634.0,293.4,fixation
12:28:12.685,634.0,292.8,fixation
12:28:12.6855,635.6,292.9,fixation
12:28:12.686,637.2,293.4,fixation
12:28:12.6865,637.6,293.9,fixation
12:28:12.6870,637.1,294.5,fixation
12:28:12.6875,636.2,295.0,fixation
12:28:12.688,635.4,293.9,fixation
12:28:12.6885,635.1,292.5,fixation
12:28:12.689,635.2,290.8,fixation
12:28:12.6895,635.3,290.3,fixation
12:28:12.6900,636.3,289.9,fixation
12:28:12.6905,637.3,289.9,fixation
12:28:12.691,637.5,290.4,fixation
12:28:12.6915,636.7,290.8,fixation
12:28:12.692,635.9,291.0,fixation
12:28:12.6925,635.6,291.0,fixation
12:28:12.6930,634.9,291.1,fixation
12:28:12.6935,634.2,291.1,fixation
12:28:12.694,635.5,291.8,fixation
12:28:12.6945,637.2,292.5,fixation
12:28:12.695,637.8,293.0,fixation
12:28:12.6955,636.7,292.8,fixation
12:28:12.696,636.1,292.9,fixation
12:28:12.6965,636.5,293.3,fixation
12:28:12.6970,636.9,294.1,fixation
12:28:12.6975,636.9,294.1,fixation
12:28:12.698,636.2,293.6,fixation
12:28:12.6985,635.6,292.2,fixation
12:28:12.699,635.4,291.1,fixation
12:28:12.6995,636.0,290.6,fixation
12:28:12.7000,636.4,291.1,fixation
12:28:12.7005,635.7,292.5,fixation
12:28:12.701,635.2,293.7,fixation
12:28:12.7015,634.6,294.2,fixation
12:28:12.702,634.6,293.9,fixation
12:28:12.7025,634.6,293.7,fixation
12:28:12.7030,634.6,293.7,fixation
12:28:12.7035,634.4,293.5,fixation
12:28:12.704,634.1,293.3,fixation
12:28:12.7045,634.4,293.2,fixation
12:28:12.705,635.0,293.3,fixation
12:28:12.7055,636.3,293.3,fixation
12:28:12.7060,637.1,293.0,fixation
12:28:12.7065,638.0,292.3,fixation
12:28:12.707,638.1,291.7,fixation
12:28:12.7075,638.0,291.4,fixation
12:28:12.708,638.2,291.5,fixation
12:28:12.7085,638.5,291.7,fixation
12:28:12.7090,638.1,291.8,fixation
12:28:12.7095,637.4,291.9,fixation
12:28:12.71,636.6,292.2,fixation
12:28:12.7105,636.6,292.6,fixation
12:28:12.711,636.3,293.2,fixation
12:28:12.7115,636.0,293.8,fixation
12:28:12.712,636.1,293.9,fixation
12:28:12.7125,636.3,293.8,fixation
12:28:12.7130,636.6,293.8,fixation
12:28:12.7135,636.5,294.3,fixation
12:28:12.714,636.1,294.3,fixation
12:28:12.7145,635.7,293.9,fixation
12:28:12.715,635.3,293.2,fixation
12:28:12.7155,636.1,293.3,fixation
12:28:12.7160,636.7,295.0,fixation
12:28:12.7165,637.4,296.7,fixation
12:28:12.717,637.3,297.2,fixation
12:28:12.7175,637.6,295.8,fixation
12:28:12.718,637.9,294.4,fixation
12:28:12.7185,637.9,293.7,fixation
12:28:12.7190,637.4,293.7,fixation
12:28:12.7195,636.2,293.6,fixation
12:28:12.72,635.1,293.6,fixation
12:28:12.7205,634.4,293.7,fixation
12:28:12.721,634.5,294.7,fixation
12:28:12.7215,634.3,295.9,fixation
12:28:12.7220,633.9,297.3,fixation
12:28:12.7225,633.0,297.5,fixation
12:28:12.723,632.8,297.4,fixation
12:28:12.7235,632.9,296.3,fixation
12:28:12.724,633.4,295.2,fixation
12:28:12.7245,633.7,293.8,fixation
12:28:12.7250,634.6,293.2,fixation
12:28:12.7255,635.7,291.5,fixation
12:28:12.726,636.7,290.5,fixation
12:28:12.7265,637.1,291.4,fixation
12:28:12.727,637.4,293.3,fixation
12:28:12.7275,637.3,296.6,fixation
12:28:12.728,636.8,297.9,fixation
12:28:12.7285,637.5,298.7,fixation
12:28:12.7290,638.9,295.9,fixation
12:28:12.7295,639.2,293.2,fixation
12:28:12.73,638.5,291.2,fixation
12:28:12.7305,637.3,293.0,fixation
12:28:12.731,636.7,294.9,fixation
12:28:12.7315,636.2,296.5,fixation
12:28:12.7320,636.3,296.1,fixation
12:28:12.7325,637.0,295.6,fixation
12:28:12.733,637.8,295.2,fixation
12:28:12.7335,638.2,294.9,fixation
12:28:12.734,638.4,294.8,fixation
12:28:12.7345,638.5,294.1,fixation
12:28:12.7350,637.9,293.4,fixation
12:28:12.7355,637.2,293.1,fixation
12:28:12.736,636.2,294.8,fixation
12:28:12.7365,635.6,296.5,fixation
12:28:12.737,635.1,297.0,fixation
12:28:12.7375,635.0,295.3,fixation
12:28:12.7380,635.9,293.6,fixation
12:28:12.7385,636.6,294.2,fixation
12:28:12.739,635.7,295.6,fixation
12:28:12.7395,634.3,296.6,fixation
12:28:12.74,633.3,294.2,fixation
12:28:12.7405,633.8,291.7,fixation
12:28:12.7410,634.1,290.5,fixation
12:28:12.7415,634.8,291.3,fixation
12:28:12.742,635.4,292.2,fixation
12:28:12.7425,636.1,293.1,fixation
12:28:12.743,636.1,294.2,fixation
12:28:12.7435,636.1,295.5,fixation
12:28:12.744,635.0,296.2,fixation
12:28:12.7445,633.5,296.6,fixation
12:28:12.7450,632.1,295.5,fixation
12:28:12.7455,631.9,294.2,fixation
12:28:12.746,632.3,292.5,fixation
12:28:12.7465,632.4,292.1,fixation
12:28:12.747,632.4,292.7,fixation
12:28:12.7475,632.5,293.7,fixation
12:28:12.7480,633.0,293.7,fixation
12:28:12.7485,634.0,292.7,fixation
12:28:12.749,634.7,292.4,fixation
12:28:12.7495,635.2,293.3,fixation
12:28:12.75,636.8,292.7,fixation
12:28:12.7505,638.5,291.3,fixation
12:28:12.7510,638.6,289.7,fixation
12:28:12.7515,636.8,289.3,fixation
12:28:12.752,635.0,288.9,fixation
12:28:12.7525,635.5,291.3,fixation
12:28:12.753,636.4,293.8,fixation
12:28:12.7535,637.4,295.9,fixation
12:28:12.7540,637.0,295.6,fixation
12:28:12.7545,636.7,294.9,fixation
12:28:12.755,636.3,294.7,fixation
12:28:12.7555,636.3,294.6,fixation
12:28:12.756,636.0,294.8,fixation
12:28:12.7565,635.5,295.1,fixation
12:28:12.7570,635.6,294.4,fixation
12:28:12.7575,635.8,293.6,fixation
12:28:12.7580,636.3,292.7,fixation
12:28:12.7585,635.9,291.2,fixation
12:28:12.759,635.5,289.6,fixation
12:28:12.7595,634.8,289.7,fixation
12:28:12.76,634.0,291.2,fixation
12:28:12.7605,633.2,292.6,fixation
12:28:12.7610,632.8,291.8,fixation
12:28:12.7615,632.8,291.2,fixation
12:28:12.762,632.7,292.0,fixation
12:28:12.7625,632.8,293.5,fixation
12:28:12.763,633.8,294.9,fixation
12:28:12.7635,634.9,294.9,fixation
12:28:12.7640,635.5,295.5,fixation
12:28:12.7645,635.1,296.3,fixation
12:28:12.765,634.5,296.8,fixation
12:28:12.7655,634.3,296.3,fixation
12:28:12.766,634.1,295.7,fixation
12:28:12.7665,634.2,295.5,fixation
12:28:12.7670,633.5,295.6,fixation
12:28:12.7675,632.7,295.7,fixation
12:28:12.768,633.6,295.8,fixation
12:28:12.7685,635.3,295.4,fixation
12:28:12.769,637.0,294.7,fixation
12:28:12.7695,637.1,294.5,fixation
12:28:12.7700,636.1,294.6,fixation
12:28:12.7705,635.1,295.1,fixation
12:28:12.771,634.1,294.8,fixation
12:28:12.7715,633.4,294.4,fixation
12:28:12.772,632.7,294.1,fixation
12:28:12.7725,632.4,294.0,fixation
12:28:12.7730,633.5,295.4,fixation
12:28:12.7735,634.5,296.2,fixation
12:28:12.7740,634.9,296.4,fixation
12:28:12.7745,634.6,295.5,fixation
12:28:12.775,635.0,295.3,fixation
12:28:12.7755,635.7,295.5,fixation
12:28:12.776,636.3,295.5,fixation
12:28:12.7765,636.1,295.2,fixation
12:28:12.7770,636.0,295.0,fixation
12:28:12.7775,635.9,295.1,fixation
12:28:12.778,635.8,295.7,fixation
12:28:12.7785,635.5,296.6,fixation
12:28:12.779,635.2,298.1,fixation
12:28:12.7795,635.9,299.1,fixation
12:28:12.7800,636.7,299.3,fixation
12:28:12.7805,636.4,297.2,fixation
12:28:12.781,635.3,295.1,fixation
12:28:12.7815,634.3,293.5,fixation
12:28:12.782,634.4,294.0,fixation
12:28:12.7825,634.5,294.4,fixation
12:28:12.7830,634.6,294.2,fixation
12:28:12.7835,634.9,293.8,fixation
12:28:12.784,635.1,294.2,fixation
12:28:12.7845,635.3,295.2,fixation
12:28:12.785,634.7,297.6,fixation
12:28:12.7855,634.2,299.2,fixation
12:28:12.7860,634.3,298.3,fixation
12:28:12.7865,634.9,296.0,fixation
12:28:12.787,635.4,293.8,fixation
12:28:12.7875,635.1,294.2,fixation
12:28:12.788,634.7,295.7,fixation
12:28:12.7885,634.3,296.9,fixation
12:28:12.7890,634.1,297.3,fixation
12:28:12.7895,634.1,296.8,fixation
12:28:12.7900,634.1,296.2,fixation
12:28:12.7905,634.1,296.0,fixation
12:28:12.791,634.1,296.1,fixation
12:28:12.7915,634.6,296.8,fixation
12:28:12.792,635.1,298.1,fixation
12:28:12.7925,634.8,299.2,fixation
12:28:12.7930,634.2,297.7,fixation
12:28:12.7935,634.1,295.5,fixation
12:28:12.794,634.4,294.4,fixation
12:28:12.7945,634.4,295.4,fixation
12:28:12.795,634.1,295.1,fixation
12:28:12.7955,634.2,293.9,fixation
12:28:12.7960,634.3,293.5,fixation
12:28:12.7965,634.8,294.4,fixation
12:28:12.797,635.3,295.5,fixation
12:28:12.7975,635.8,295.8,fixation
12:28:12.798,635.6,296.2,fixation
12:28:12.7985,635.4,296.0,fixation
12:28:12.7990,635.3,295.5,fixation
12:28:12.7995,635.3,294.9,fixation
12:28:12.8,635.3,295.0,fixation
12:28:12.8005,633.8,295.9,fixation
12:28:12.801,632.4,296.8,fixation
12:28:12.8015,631.2,296.5,fixation
12:28:12.8020,633.1,295.7,fixation
12:28:12.8025,635.1,294.7,fixation
12:28:12.803,637.1,294.3,fixation
12:28:12.8035,637.4,294.3,fixation
12:28:12.804,637.7,294.6,fixation
12:28:12.8045,636.8,294.9,fixation
12:28:12.8050,635.5,295.0,fixation
12:28:12.8055,634.1,295.4,fixation
12:28:12.8060,633.8,296.3,fixation
12:28:12.8065,633.7,297.2,fixation
12:28:12.807,633.9,297.7,fixation
12:28:12.8075,634.0,297.7,fixation
12:28:12.808,634.0,296.5,fixation
12:28:12.8085,632.8,295.2,fixation
12:28:12.8090,631.8,294.0,fixation
12:28:12.8095,631.1,294.0,fixation
12:28:12.81,631.5,294.0,fixation
12:28:12.8105,631.9,293.9,fixation
12:28:12.811,632.8,293.9,fixation
12:28:12.8115,633.5,293.8,fixation
12:28:12.8120,633.9,293.5,fixation
12:28:12.8125,633.7,293.3,fixation
12:28:12.813,633.7,292.5,fixation
12:28:12.8135,634.0,291.3,fixation
12:28:12.814,634.7,290.1,fixation
12:28:12.8145,635.3,289.1,fixation
12:28:12.8150,635.6,288.6,fixation
12:28:12.8155,635.2,290.5,fixation
12:28:12.816,634.7,292.9,fixation
12:28:12.8165,634.7,295.3,fixation
12:28:12.817,635.0,295.3,fixation
12:28:12.8175,635.5,294.4,fixation
12:28:12.8180,635.6,293.5,fixation
12:28:12.8185,635.7,292.7,fixation
12:28:12.819,635.3,293.2,fixation
12:28:12.8195,634.6,293.9,fixation
12:28:12.82,634.0,294.5,fixation
12:28:12.8205,633.9,293.1,fixation
12:28:12.821,633.8,291.5,fixation
12:28:12.8215,633.7,290.0,fixation
12:28:12.8220,634.0,290.4,fixation
12:28:12.8225,634.4,291.1,fixation
12:28:12.823,634.6,293.1,fixation
12:28:12.8235,634.3,294.4,fixation
12:28:12.824,634.1,295.0,fixation
12:28:12.8245,634.1,293.8,fixation
12:28:12.8250,634.1,293.1,fixation
12:28:12.8255,634.1,292.9,fixation
12:28:12.826,633.7,293.8,fixation
12:28:12.8265,633.2,294.4,fixation
12:28:12.827,632.8,294.8,fixation
12:28:12.8275,633.2,294.1,fixation
12:28:12.8280,633.6,293.4,fixation
12:28:12.8285,634.0,292.3,fixation
12:28:12.829,633.7,291.6,fixation
12:28:12.8295,633.6,290.9,fixation
12:28:12.83,633.0,290.6,fixation
12:28:12.8305,632.4,290.6,fixation
12:28:12.8310,633.1,291.1,fixation
12:28:12.8315,633.9,293.4,fixation
12:28:12.832,634.2,295.6,fixation
12:28:12.8325,633.5,297.3,fixation
12:28:12.833,633.0,297.5,fixation
12:28:12.8335,633.3,297.7,fixation
12:28:12.8340,633.9,295.8,fixation
12:28:12.8345,634.4,293.7,fixation
12:28:12.835,634.3,291.8,fixation
12:28:12.8355,634.0,292.0,fixation
12:28:12.836,633.9,293.2,fixation
12:28:12.8365,634.4,294.2,fixation
12:28:12.837,634.6,295.1,fixation
12:28:12.8375,633.3,293.2,fixation
12:28:12.8380,631.8,291.3,fixation
12:28:12.8385,632.2,290.9,fixation
12:28:12.839,634.1,292.5,fixation
12:28:12.8395,635.9,294.4,fixation
12:28:12.84,635.7,294.9,fixation
12:28:12.8405,634.4,295.5,fixation
12:28:12.8410,632.9,296.1,fixation
12:28:12.8415,631.5,296.5,fixation
12:28:12.842,631.9,296.7,fixation
12:28:12.8425,633.6,296.5,fixation
12:28:12.843,634.9,296.3,fixation
12:28:12.8435,635.3,296.4,fixation
12:28:12.8440,635.1,296.4,fixation
12:28:12.8445,635.1,295.7,fixation
12:28:12.845,633.9,294.7,fixation
12:28:12.8455,632.7,293.6,fixation
12:28:12.846,633.2,293.3,fixation
12:28:12.8465,634.8,293.2,fixation
12:28:12.8470,636.3,293.5,fixation
12:28:12.8475,636.2,294.0,fixation
12:28:12.848,636.0,295.0,fixation
12:28:12.8485,635.8,295.7,fixation
12:28:12.849,635.1,296.1,fixation
12:28:12.8495,634.5,295.9,fixation
12:28:12.8500,633.9,295.7,fixation
12:28:12.8505,634.4,295.5,fixation
12:28:12.851,634.9,295.3,fixation
12:28:12.8515,635.4,295.2,fixation
12:28:12.852,634.7,295.1,fixation
12:28:12.8525,633.9,295.4,fixation
12:28:12.853,633.1,296.1,fixation
12:28:12.8535,633.1,296.8,fixation
12:28:12.8540,633.4,296.7,fixation
12:28:12.8545,633.7,296.5,fixation
12:28:12.855,633.8,296.7,fixation
12:28:12.8555,633.8,297.3,fixation
12:28:12.856,633.8,297.6,fixation
12:28:12.8565,634.3,297.5,fixation
12:28:12.8570,635.6,297.4,fixation
12:28:12.8575,638.4,295.2,saccade
12:28:12.858,639.1,293.4,saccade
12:28:12.8585,639.7,292.2,saccade
12:28:12.859,639.7,291.1,saccade
12:28:12.8595,638.6,291.7,saccade
12:28:12.8600,636.3,293.7,saccade
12:28:12.8605,634.3,295.2,saccade
12:28:12.861,633.4,295.5,saccade
12:28:12.8615,632.9,295.6,saccade
12:28:12.862,632.1,296.2,saccade
12:28:12.8625,631.1,296.4,saccade
12:28:12.8630,629.2,296.0,saccade
12:28:12.8635,626.7,295.6,saccade
12:28:12.864,624.5,294.2,saccade
12:28:12.8645,622.2,293.0,saccade
12:28:12.865,619.7,292.0,saccade
12:28:12.8655,616.3,293.7,saccade
12:28:12.8660,614.1,295.3,saccade
12:28:12.8665,611.8,295.3,saccade
12:28:12.867,610.2,293.9,saccade
12:28:12.8675,608.4,291.8,saccade
12:28:12.868,606.8,290.4,saccade
12:28:12.8685,605.0,289.3,saccade
12:28:12.869,601.9,288.8,saccade
12:28:12.8695,599.5,287.4,saccade
12:28:12.8700,597.2,285.7,saccade
12:28:12.8705,596.5,284.0,saccade
12:28:12.871,595.7,283.9,saccade
12:28:12.8715,593.8,283.9,saccade
12:28:12.872,592.8,284.7,saccade
12:28:12.8725,591.6,288.3,saccade
12:28:12.8730,591.4,291.8,saccade
12:28:12.8735,591.2,292.9,saccade
12:28:12.874,591.0,291.4,saccade
12:28:12.8745,590.9,289.4,saccade
12:28:12.875,590.2,288.5,saccade
12:28:12.8755,589.5,287.6,saccade
12:28:12.8760,589.4,287.2,saccade
12:28:12.8765,589.9,287.2,saccade
12:28:12.877,592.6,287.4,saccade
12:28:12.8775,594.7,287.7,saccade
12:28:12.878,596.6,290.0,saccade
12:28:12.8785,596.7,292.1,saccade
12:28:12.8790,597.1,294.4,saccade
12:28:12.8795,598.7,294.8,saccade
12:28:12.88,602.9,294.3,fixation
12:28:12.8805,604.9,293.8,fixation
12:28:12.881,606.9,293.7,fixation
12:28:12.8815,607.0,293.7,fixation
12:28:12.8820,607.2,293.7,fixation
12:28:12.8825,607.4,293.9,fixation
12:28:12.8830,607.4,294.1,fixation
12:28:12.8835,607.5,293.6,fixation
12:28:12.884,609.0,292.9,fixation
12:28:12.8845,610.4,292.2,fixation
12:28:12.885,612.0,292.2,fixation
12:28:12.8855,612.1,292.0,fixation
12:28:12.8860,612.3,291.6,fixation
12:28:12.8865,612.3,291.3,fixation
12:28:12.887,611.9,292.8,fixation
12:28:12.8875,611.4,294.6,fixation
12:28:12.888,611.0,294.3,fixation
12:28:12.8885,611.1,292.2,fixation
12:28:12.8890,610.9,291.2,fixation
12:28:12.8895,610.4,292.2,fixation
12:28:12.89,610.1,292.9,fixation
12:28:12.8905,610.3,292.3,fixation
12:28:12.891,610.7,290.8,fixation
12:28:12.8915,611.0,289.7,fixation
12:28:12.8920,610.8,288.8,fixation
12:28:12.8925,609.0,288.7,fixation
12:28:12.893,607.2,288.7,fixation
12:28:12.8935,606.4,288.8,fixation
12:28:12.894,607.1,289.1,fixation
12:28:12.8945,607.1,289.0,fixation
12:28:12.8950,606.7,288.8,fixation
12:28:12.8955,606.3,288.7,fixation
12:28:12.896,605.9,289.1,fixation
12:28:12.8965,604.3,289.3,fixation
12:28:12.897,602.8,289.7,fixation
12:28:12.8975,602.4,290.5,fixation
12:28:12.8980,602.6,291.0,fixation
12:28:12.8985,602.8,291.2,fixation
12:28:12.8990,602.4,291.8,fixation
12:28:12.8995,602.1,292.8,fixation
12:28:12.9,602.0,293.8,fixation
12:28:12.9005,601.8,294.3,fixation
12:28:12.901,601.6,294.7,fixation
12:28:12.9015,601.2,296.0,fixation
12:28:12.9020,601.1,296.9,fixation
12:28:12.9025,602.1,297.7,fixation
12:28:12.903,603.7,297.4,fixation
12:28:12.9035,605.4,296.7,fixation
12:28:12.904,605.2,296.1,fixation
12:28:12.9045,604.5,295.7,fixation
12:28:12.9050,603.7,295.2,fixation
12:28:12.9055,603.6,294.7,fixation
12:28:12.906,603.6,294.4,fixation
12:28:12.9065,603.6,294.6,fixation
12:28:12.907,603.8,293.0,fixation
12:28:12.9075,604.0,291.3,fixation
12:28:12.9080,603.9,290.3,fixation
12:28:12.9085,603.7,291.5,fixation
12:28:12.909,603.4,293.8,fixation
12:28:12.9095,603.5,295.3,fixation
12:28:12.91,603.7,295.7,fixation
12:28:12.9105,603.9,294.9,fixation
12:28:12.9110,604.0,294.0,fixation
12:28:12.9115,603.3,293.4,fixation
12:28:12.912,602.6,292.8,fixation
12:28:12.9125,603.0,292.3,fixation
12:28:12.913,604.1,292.1,fixation
12:28:12.9135,605.1,292.1,fixation
12:28:12.9140,605.5,292.3,fixation
12:28:12.9145,606.2,292.5,fixation
12:28:12.9150,606.8,293.3,fixation
12:28:12.9155,606.6,294.0,fixation
12:28:12.916,606.5,295.1,fixation
12:28:12.9165,606.5,295.7,fixation
12:28:12.917,605.8,295.8,fixation
12:28:12.9175,604.8,295.4,fixation
12:28:12.9180,604.5,295.0,fixation
12:28:12.9185,605.2,294.9,fixation
12:28:12.919,605.8,294.7,fixation
12:28:12.9195,605.7,294.5,fixation
12:28:12.92,605.6,295.1,fixation
12:28:12.9205,604.3,296.0,fixation
12:28:12.9210,603.1,296.9,fixation
12:28:12.9215,602.2,297.0,fixation
12:28:12.922,602.3,296.9,fixation
12:28:12.9225,602.4,296.8,fixation
12:28:12.923,602.4,296.7,fixation
12:28:12.9235,603.0,296.3,fixation
12:28:12.9240,604.1,295.6,fixation
12:28:12.9245,605.4,293.4,fixation
12:28:12.925,606.4,291.5,fixation
12:28:12.9255,606.7,290.6,fixation
12:28:12.926,606.9,291.8,fixation
12:28:12.9265,606.5,293.6,fixation
12:28:12.9270,606.3,294.7,fixation
12:28:12.9275,606.0,295.3,fixation
12:28:12.928,605.3,295.4,fixation
12:28:12.9285,604.6,295.3,fixation
12:28:12.929,604.5,295.2,fixation
12:28:12.9295,605.1,295.9,fixation
12:28:12.9300,605.5,297.6,fixation
12:28:12.9305,605.3,299.2,fixation
12:28:12.9310,605.7,298.6,fixation
12:28:12.9315,606.4,296.1,fixation
12:28:12.932,607.0,293.7,fixation
12:28:12.9325,607.1,293.2,fixation
12:28:12.933,607.2,293.9,fixation
12:28:12.9335,607.2,294.4,fixation
12:28:12.9340,606.7,293.9,fixation
12:28:12.9345,606.0,293.6,fixation
12:28:12.935,605.0,293.9,fixation
12:28:12.9355,604.6,294.7,fixation
12:28:12.936,604.2,295.1,fixation
12:28:12.9365,604.2,295.1,fixation
12:28:12.9370,603.9,293.3,fixation
12:28:12.9375,603.8,291.3,fixation
12:28:12.938,603.6,289.4,fixation
12:28:12.9385,603.7,289.4,fixation
12:28:12.939,603.6,289.8,fixation
12:28:12.9395,603.4,290.3,fixation
12:28:12.9400,603.0,290.5,fixation
12:28:12.9405,602.6,290.5,fixation
12:28:12.941,602.8,291.7,fixation
12:28:12.9415,603.8,293.0,fixation
12:28:12.942,605.1,293.2,fixation
12:28:12.9425,606.0,292.7,fixation
12:28:12.9430,605.4,292.1,fixation
12:28:12.9435,604.4,293.0,fixation
12:28:12.944,603.5,293.7,fixation
12:28:12.9445,602.3,294.4,fixation
12:28:12.945,601.4,292.9,fixation
12:28:12.9455,601.6,291.2,fixation
12:28:12.946,602.9,290.7,fixation
12:28:12.9465,603.9,292.0,fixation
12:28:12.9470,604.4,294.8,fixation
12:28:12.9475,605.1,296.4,fixation
12:28:12.948,605.9,297.5,fixation
12:28:12.9485,604.9,296.7,fixation
12:28:12.949,603.9,296.2,fixation
12:28:12.9495,602.8,296.1,fixation
12:28:12.9500,603.1,295.4,fixation
12:28:12.9505,603.6,294.3,fixation
12:28:12.951,604.1,293.3,fixation
12:28:12.9515,604.2,293.5,fixation
12:28:12.952,604.1,293.3,fixation
12:28:12.9525,604.4,293.0,fixation
12:28:12.9530,604.5,292.7,fixation
12:28:12.9535,604.5,293.1,fixation
12:28:12.954,604.4,293.3,fixation
12:28:12.9545,604.5,293.5,fixation
12:28:12.955,604.3,293.6,fixation
12:28:12.9555,603.7,293.9,fixation
12:28:12.9560,603.0,294.0,fixation
12:28:12.9565,602.3,293.8,fixation
12:28:12.957,601.7,291.9,fixation
12:28:12.9575,601.2,290.0,fixation
12:28:12.958,601.1,288.5,fixation
12:28:12.9585,601.0,289.0,fixation
12:28:12.9590,600.8,289.0,fixation
12:28:12.9595,600.6,288.7,fixation
12:28:12.96,601.7,291.6,fixation
12:28:12.9605,602.8,294.9,fixation
12:28:12.961,603.8,298.9,fixation
12:28:12.9615,603.6,299.5,fixation
12:28:12.962,603.7,298.9,fixation
12:28:12.9625,604.4,296.3,fixation
12:28:12.9630,605.6,293.7,fixation
12:28:12.9635,606.2,292.9,fixation
12:28:12.964,606.1,294.3,fixation
12:28:12.9645,605.1,295.6,fixation
12:28:12.965,604.6,297.4,fixation
12:28:12.9655,604.5,298.5,fixation
12:28:12.9660,605.1,297.8,fixation
12:28:12.9665,605.4,296.2,fixation
12:28:12.967,605.5,294.7,fixation
12:28:12.9675,605.3,294.9,fixation
12:28:12.968,605.1,294.8,fixation
12:28:12.9685,604.5,294.5,fixation
12:28:12.9690,604.1,294.2,fixation
12:28:12.9695,603.8,293.6,fixation
12:28:12.97,604.1,292.7,fixation
12:28:12.9705,604.2,291.8,fixation
12:28:12.971,603.0,291.5,fixation
12:28:12.9715,601.9,291.1,fixation
12:28:12.9720,601.7,290.4,fixation
12:28:12.9725,602.7,289.7,fixation
12:28:12.973,603.5,289.5,fixation
12:28:12.9735,603.3,289.7,fixation
12:28:12.974,603.0,290.7,fixation
12:28:12.9745,602.9,291.6,fixation
12:28:12.9750,603.5,292.4,fixation
12:28:12.9755,604.0,293.5,fixation
12:28:12.976,604.1,294.6,fixation
12:28:12.9765,603.6,295.3,fixation
12:28:12.977,604.1,295.2,fixation
12:28:12.9775,605.0,295.1,fixation
12:28:12.978,604.8,293.9,fixation
12:28:12.9785,603.7,292.5,fixation
12:28:12.9790,603.0,291.7,fixation
12:28:12.9795,603.1,293.7,fixation
12:28:12.98,603.1,295.7,fixation
12:28:12.9805,602.2,294.0,fixation
12:28:12.981,601.7,290.9,fixation
12:28:12.9815,601.1,290.0,fixation
12:28:12.9820,601.3,292.1,fixation
12:28:12.9825,601.8,292.2,fixation
12:28:12.983,602.6,290.9,fixation
12:28:12.9835,603.1,289.5,fixation
12:28:12.984,603.0,290.0,fixation
12:28:12.9845,602.6,289.9,fixation
12:28:12.9850,602.0,289.9,fixation
12:28:12.9855,602.0,287.9,fixation
12:28:12.986,602.3,286.0,fixation
12:28:12.9865,602.2,287.2,fixation
12:28:12.987,602.2,290.4,fixation
12:28:12.9875,602.4,291.8,fixation
12:28:12.9880,603.0,290.1,fixation
12:28:12.9885,603.3,288.0,fixation
12:28:12.989,603.5,287.6,fixation
12:28:12.9895,603.5,287.8,fixation
12:28:12.99,603.2,288.4,fixation
12:28:12.9905,603.0,289.0,fixation
12:28:12.9910,602.3,289.8,fixation
12:28:12.9915,601.3,290.7,fixation
12:28:12.992,600.4,291.7,fixation
12:28:12.9925,599.8,291.9,fixation
12:28:12.993,599.9,291.9,fixation
12:28:12.9935,600.0,291.7,fixation
12:28:12.994,600.6,291.8,fixation
12:28:12.9945,601.3,292.0,fixation
12:28:12.9950,601.9,292.5,fixation
12:28:12.9955,602.1,292.8,fixation
12:28:12.996,602.0,293.0,fixation
12:28:12.9965,601.9,293.2,fixation
12:28:12.997,601.6,293.3,fixation
12:28:12.9975,601.2,293.1,fixation
12:28:12.9980,600.9,292.8,fixation
12:28:12.9985,600.8,292.6,fixation
12:28:12.999,600.8,292.7,fixation
12:28:12.9995,600.7,293.1,fixation
12:28:13.,601.4,293.5,fixation
12:28:13.0005,602.1,293.9,fixation
12:28:13.0010,602.4,293.9,fixation
12:28:13.0015,602.0,293.5,fixation
12:28:13.002,600.7,293.7,fixation
12:28:13.0025,599.8,294.5,fixation
12:28:13.003,600.3,295.6,fixation
12:28:13.0035,602.1,293.6,fixation
12:28:13.0040,603.4,291.9,fixation
12:28:13.0045,603.2,290.8,fixation
12:28:13.005,602.7,292.4,fixation
12:28:13.0055,602.7,293.1,fixation
12:28:13.006,602.7,292.9,fixation
12:28:13.0065,602.8,291.6,fixation
12:28:13.0070,602.8,290.4,fixation
12:28:13.0075,602.8,289.5,fixation
12:28:13.0080,602.7,289.8,fixation
12:28:13.0085,602.6,290.0,fixation
12:28:13.009,602.7,290.0,fixation
12:28:13.0095,603.1,290.3,fixation
12:28:13.01,603.7,290.7,fixation
12:28:13.0105,604.1,290.0,fixation
12:28:13.0110,604.0,288.6,fixation
12:28:13.0115,603.9,286.6,fixation
12:28:13.012,603.7,285.7,fixation
12:28:13.0125,603.3,285.9,fixation
12:28:13.013,602.8,286.7,fixation
12:28:13.0135,602.2,287.9,fixation
12:28:13.0140,602.1,288.6,fixation
12:28:13.0145,603.1,289.5,fixation
12:28:13.015,604.4,290.3,fixation
12:28:13.0155,605.5,290.7,fixation
12:28:13.016,605.5,290.8,fixation
12:28:13.0165,605.4,290.3,fixation
12:28:13.0170,605.6,289.9,fixation
12:28:13.0175,605.4,289.6,fixation
12:28:13.018,605.2,289.5,fixation
12:28:13.0185,605.1,289.4,fixation
12:28:13.019,604.9,289.5,fixation
12:28:13.0195,604.7,289.7,fixation
12:28:13.0200,604.5,289.7,fixation
12:28:13.0205,604.6,289.4,fixation
12:28:13.021,604.9,288.9,fixation
12:28:13.0215,605.1,288.6,fixation
12:28:13.022,604.2,288.6,fixation
12:28:13.0225,603.1,289.7,fixation
12:28:13.0230,601.9,290.7,fixation
12:28:13.0235,602.3,291.3,fixation
12:28:13.0240,602.7,291.9,fixation
12:28:13.0245,603.2,292.7,fixation
12:28:13.025,603.8,293.4,fixation
12:28:13.0255,604.5,293.2,fixation
12:28:13.026,605.0,293.4,fixation
12:28:13.0265,604.5,293.7,fixation
12:28:13.0270,603.9,294.5,fixation
12:28:13.0275,602.7,294.8,fixation
12:28:13.028,601.9,295.0,fixation
12:28:13.0285,601.0,294.6,fixation
12:28:13.029,600.9,294.0,fixation
12:28:13.0295,600.8,293.6,fixation
12:28:13.0300,600.9,292.9,fixation
12:28:13.0305,601.3,292.5,fixation
12:28:13.031,601.8,292.0,fixation
12:28:13.0315,602.8,291.8,fixation
12:28:13.032,603.6,290.8,fixation
12:28:13.0325,604.2,290.5,fixation
12:28:13.0330,604.3,290.3,fixation
12:28:13.0335,604.8,290.9,fixation
12:28:13.034,605.4,290.8,fixation
12:28:13.0345,605.0,290.4,fixation
12:28:13.035,604.2,290.0,fixation
12:28:13.0355,603.3,291.2,fixation
12:28:13.0360,603.3,292.5,fixation
12:28:13.0365,603.4,294.3,fixation
12:28:13.037,603.6,295.0,fixation
12:28:13.0375,603.2,295.7,fixation
12:28:13.038,602.8,295.3,fixation
12:28:13.0385,602.4,294.5,fixation
12:28:13.0390,602.7,293.7,fixation
12:28:13.0395,603.2,293.9,fixation
12:28:13.0400,603.9,294.1,fixation
12:28:13.0405,604.7,294.3,fixation
12:28:13.041,605.3,293.8,fixation
12:28:13.0415,604.4,292.6,fixation
12:28:13.042,602.7,291.5,fixation
12:28:13.0425,601.0,290.8,fixation
12:28:13.0430,601.3,290.9,fixation
12:28:13.0435,601.7,291.8,fixation
12:28:13.044,602.0,292.8,fixation
12:28:13.0445,601.7,293.1,fixation
12:28:13.045,601.9,292.2,fixation
12:28:13.0455,602.5,291.3,fixation
12:28:13.0460,603.3,290.8,fixation
12:28:13.0465,603.7,290.8,fixation
12:28:13.047,603.8,290.8,fixation
12:28:13.0475,603.2,290.7,fixation
12:28:13.048,602.4,290.6,fixation
12:28:13.0485,601.7,289.4,fixation
12:28:13.0490,601.8,288.3,fixation
12:28:13.0495,602.9,287.6,fixation
12:28:13.05,603.9,288.3,fixation
12:28:13.0505,604.4,289.9,fixation
12:28:13.051,604.4,291.1,fixation
12:28:13.0515,603.9,294.2,fixation
12:28:13.0520,603.3,296.4,fixation
12:28:13.0525,602.4,295.9,fixation
12:28:13.053,602.1,293.1,fixation
12:28:13.0535,601.9,290.3,fixation
12:28:13.054,602.2,290.4,fixation
12:28:13.0545,603.0,290.6,fixation
12:28:13.0550,603.8,291.2,fixation
12:28:13.0555,604.3,292.5,fixation
12:28:13.0560,604.1,293.7,fixation
12:28:13.0565,603.9,293.9,fixation
12:28:13.057,604.0,293.3,fixation
12:28:13.0575,604.0,293.8,fixation
12:28:13.058,604.0,294.4,fixation
12:28:13.0585,603.5,294.5,fixation
12:28:13.0590,603.1,293.4,fixation
12:28:13.0595,602.6,293.0,fixation
12:28:13.06,602.4,293.8,fixation
12:28:13.0605,602.1,294.6,fixation
12:28:13.061,602.0,295.4,fixation
12:28:13.0615,602.1,295.5,fixation
12:28:13.0620,602.8,295.4,fixation
12:28:13.0625,603.5,295.3,fixation
12:28:13.063,604.0,295.3,fixation
12:28:13.0635,603.8,295.4,fixation
12:28:13.064,603.5,295.7,fixation
12:28:13.0645,603.4,295.5,fixation
12:28:13.0650,603.3,295.1,fixation
12:28:13.0655,603.6,293.8,fixation
12:28:13.066,604.0,292.9,fixation
12:28:13.0665,604.2,292.1,fixation
12:28:13.067,604.2,292.1,fixation
12:28:13.0675,604.1,292.5,fixation
12:28:13.0680,604.0,292.9,fixation
12:28:13.0685,604.0,293.3,fixation
12:28:13.069,603.9,293.2,fixation
12:28:13.0695,603.9,293.6,fixation
12:28:13.07,602.9,294.1,fixation
12:28:13.0705,601.9,294.1,fixation
12:28:13.071,602.4,293.5,fixation
12:28:13.0715,603.7,293.4,fixation
12:28:13.0720,605.0,293.7,fixation
12:28:13.0725,604.4,294.3,fixation
12:28:13.073,603.9,294.3,fixation
12:28:13.0735,603.7,293.9,fixation
12:28:13.074,604.0,293.8,fixation
12:28:13.0745,604.3,293.7,fixation
12:28:13.0750,604.3,293.5,fixation
12:28:13.0755,605.5,293.1,fixation
12:28:13.076,606.8,292.7,fixation
12:28:13.0765,606.1,292.8,fixation
12:28:13.077,604.1,292.9,fixation
12:28:13.0775,601.9,293.0,fixation
12:28:13.0780,601.7,292.6,fixation
12:28:13.0785,601.4,291.9,fixation
12:28:13.079,602.4,291.1,fixation
12:28:13.0795,603.4,291.7,fixation
12:28:13.08,604.4,292.7,fixation
12:28:13.0805,604.4,293.6,fixation
12:28:13.0810,604.2,292.0,fixation
12:28:13.0815,604.0,290.2,fixation
12:28:13.082,603.6,290.4,fixation
12:28:13.0825,603.4,292.3,fixation
12:28:13.083,603.5,294.2,fixation
12:28:13.0835,603.8,293.8,fixation
12:28:13.0840,603.5,292.8,fixation
12:28:13.0845,603.1,291.1,fixation
12:28:13.085,603.4,289.8,fixation
12:28:13.0855,604.8,291.4,fixation
12:28:13.086,605.8,293.7,fixation
12:28:13.0865,606.0,296.1,fixation
12:28:13.087,605.8,296.2,fixation
12:28:13.0875,605.8,295.9,fixation
12:28:13.0880,605.9,294.8,fixation
12:28:13.0885,605.9,293.7,fixation
12:28:13.089,605.1,292.9,fixation
12:28:13.0895,604.2,293.0,fixation
12:28:13.09,603.7,293.0,fixation
12:28:13.0905,604.0,293.0,fixation
12:28:13.0910,604.4,293.1,fixation
12:28:13.0915,605.3,294.1,fixation
12:28:13.092,606.2,295.2,fixation
12:28:13.0925,607.2,296.2,fixation
12:28:13.093,607.6,295.2,fixation
12:28:13.0935,608.0,294.2,fixation
12:28:13.0940,607.3,292.4,fixation
12:28:13.0945,606.4,291.7,fixation
12:28:13.095,606.6,291.7,fixation
12:28:13.0955,607.8,292.5,fixation
12:28:13.096,609.1,292.7,fixation
12:28:13.0965,608.9,293.4,fixation
12:28:13.0970,608.1,294.9,fixation
12:28:13.0975,607.3,297.0,fixation
12:28:13.098,606.5,298.1,fixation
12:28:13.0985,606.8,298.5,fixation
12:28:13.099,607.1,298.9,fixation
12:28:13.0995,607.1,298.6,fixation
12:28:13.1000,606.7,297.7,fixation
12:28:13.1005,607.5,296.2,fixation
12:28:13.101,608.7,295.2,fixation
12:28:13.1015,609.9,294.7,fixation
12:28:13.102,607.9,294.6,fixation
12:28:13.1025,605.9,294.4,fixation
12:28:13.103,605.1,294.8,fixation
12:28:13.1035,606.1,295.3,fixation
12:28:13.1040,607.1,297.1,fixation
12:28:13.1045,607.6,297.8,fixation
12:28:13.105,608.2,298.0,fixation
12:28:13.1055,608.9,297.1,fixation
12:28:13.106,609.4,296.6,fixation
12:28:13.1065,609.7,296.8,fixation
12:28:13.1070,609.7,297.0,fixation
12:28:13.1075,609.3,294.8,fixation
12:28:13.108,608.7,292.4,fixation
12:28:13.1085,608.4,290.2,fixation
12:28:13.109,608.2,290.3,fixation
12:28:13.1095,608.1,290.5,fixation
12:28:13.1100,609.0,291.9,fixation
12:28:13.1105,609.9,292.8,fixation
12:28:13.111,610.8,293.6,fixation
12:28:13.1115,610.6,293.4,fixation
12:28:13.112,610.4,293.7,fixation
12:28:13.1125,610.7,293.9,fixation
12:28:13.1130,611.2,293.6,fixation
12:28:13.1135,611.6,293.5,fixation
12:28:13.114,611.7,292.7,fixation
12:28:13.1145,611.0,292.0,fixation
12:28:13.115,610.3,291.8,fixation
12:28:13.1155,609.6,293.9,fixation
12:28:13.1160,609.8,296.0,fixation
12:28:13.1165,609.7,298.3,fixation
12:28:13.117,609.3,299.1,fixation
12:28:13.1175,609.0,298.4,fixation
12:28:13.118,608.9,296.8,fixation
12:28:13.1185,609.2,294.2,fixation
12:28:13.119,609.3,293.1,fixation
12:28:13.1195,609.5,292.2,fixation
12:28:13.1200,609.5,292.3,fixation
12:28:13.1205,609.5,292.5,fixation
12:28:13.121,609.6,292.6,fixation
12:28:13.1215,609.7,292.8,fixation
12:28:13.122,609.2,294.3,fixation
12:28:13.1225,608.4,295.6,fixation
12:28:13.1230,607.6,296.9,fixation
12:28:13.1235,608.7,297.5,fixation
12:28:13.124,609.9,297.9,fixation
12:28:13.1245,611.3,298.2,fixation
12:28:13.125,611.5,298.1,fixation
12:28:13.1255,610.5,298.2,fixation
12:28:13.1260,609.3,299.1,fixation
12:28:13.1265,608.1,299.7,fixation
12:28:13.127,608.0,299.1,fixation
12:28:13.1275,607.9,297.7,fixation
12:28:13.128,608.0,296.3,fixation
12:28:13.1285,607.7,296.2,fixation
12:28:13.1290,607.6,296.3,fixation
12:28:13.1295,608.2,294.5,fixation
12:28:13.13,609.7,292.5,fixation
12:28:13.1305,611.1,290.9,fixation
12:28:13.131,611.6,291.6,fixation
12:28:13.1315,611.3,292.0,fixation
12:28:13.1320,610.7,292.1,fixation
12:28:13.1325,610.2,291.5,fixation
12:28:13.1330,609.4,290.8,fixation
12:28:13.1335,609.0,290.1,fixation
12:28:13.134,608.9,290.3,fixation
12:28:13.1345,609.7,290.8,fixation
12:28:13.135,610.2,292.7,fixation
12:28:13.1355,610.4,294.2,fixation
12:28:13.1360,610.5,295.9,fixation
12:28:13.1365,610.6,296.4,fixation
12:28:13.137,610.6,296.9,fixation
12:28:13.1375,610.1,297.2,fixation
12:28:13.138,609.8,297.2,fixation
12:28:13.1385,610.0,297.5,fixation
12:28:13.1390,610.8,297.9,fixation
12:28:13.1395,611.4,297.7,fixation
12:28:13.14,611.5,297.2,fixation
12:28:13.1405,611.1,297.1,fixation
12:28:13.141,610.9,297.9,fixation
12:28:13.1415,610.6,298.0,fixation
12:28:13.1420,610.4,297.4,fixation
12:28:13.1425,610.1,297.1,fixation
12:28:13.143,611.1,297.5,fixation
12:28:13.1435,612.1,297.9,fixation
12:28:13.144,613.0,298.3,fixation
12:28:13.1445,612.9,298.4,fixation
12:28:13.1450,613.0,298.3,fixation
12:28:13.1455,613.2,298.0,fixation
12:28:13.146,613.6,297.4,fixation
12:28:13.1465,613.9,296.5,fixation
12:28:13.147,613.9,295.7,fixation
12:28:13.1475,613.4,296.4,fixation
12:28:13.1480,612.8,297.7,fixation
12:28:13.1485,612.4,298.6,fixation
12:28:13.1490,612.5,297.4,fixation
12:28:13.1495,611.1,296.1,fixation
12:28:13.15,609.7,295.5,fixation
12:28:13.1505,608.2,295.7,fixation
12:28:13.151,609.7,296.1,fixation
12:28:13.1515,611.2,296.2,fixation
12:28:13.1520,612.6,297.1,fixation
12:28:13.1525,612.6,297.8,fixation
12:28:13.153,612.7,297.3,fixation
12:28:13.1535,613.0,295.1,fixation
12:28:13.154,612.3,293.0,fixation
12:28:13.1545,611.3,292.2,fixation
12:28:13.1550,610.4,292.5,fixation
12:28:13.1555,610.7,293.5,fixation
12:28:13.156,610.7,294.3,fixation
12:28:13.1565,610.6,294.9,fixation
12:28:13.157,610.7,294.7,fixation
12:28:13.1575,611.3,295.1,fixation
12:28:13.1580,612.0,295.8,fixation
12:28:13.1585,612.6,294.8,fixation
12:28:13.159,612.5,293.2,fixation
12:28:13.1595,612.2,292.5,fixation
12:28:13.16,611.7,294.3,fixation
12:28:13.1605,612.3,296.0,fixation
12:28:13.1610,613.2,295.8,fixation
12:28:13.1615,614.3,294.7,fixation
12:28:13.162,614.6,293.6,fixation
12:28:13.1625,614.1,293.6,fixation
12:28:13.163,613.4,294.0,fixation
12:28:13.1635,612.7,294.4,fixation
12:28:13.1640,612.9,294.7,fixation
12:28:13.1645,613.8,293.8,fixation
12:28:13.1650,614.8,293.0,fixation
12:28:13.1655,615.5,293.8,fixation
12:28:13.166,615.5,295.4,fixation
12:28:13.1665,615.3,297.0,fixation
12:28:13.167,615.0,297.1,fixation
12:28:13.1675,614.4,297.0,fixation
12:28:13.1680,613.8,296.8,fixation
12:28:13.1685,613.9,294.1,fixation
12:28:13.169,614.4,291.5,fixation
12:28:13.1695,614.9,288.9,fixation
12:28:13.17,614.9,289.7,fixation
12:28:13.1705,614.7,290.7,fixation
12:28:13.1710,614.8,292.9,fixation
12:28:13.1715,614.9,294.2,fixation
12:28:13.172,614.9,295.5,fixation
12:28:13.1725,614.5,295.5,fixation
12:28:13.173,614.1,295.8,fixation
12:28:13.1735,615.1,296.0,fixation
12:28:13.1740,616.5,294.7,fixation
12:28:13.1745,617.2,293.2,fixation
12:28:13.175,616.5,293.1,fixation
12:28:13.1755,615.8,294.6,fixation
12:28:13.176,615.6,296.2,fixation
12:28:13.1765,615.5,296.4,fixation
12:28:13.1770,615.2,296.2,fixation
12:28:13.1775,615.1,295.9,fixation
12:28:13.178,614.9,295.5,fixation
12:28:13.1785,615.1,294.4,fixation
12:28:13.179,615.3,293.2,fixation
12:28:13.1795,614.6,292.2,fixation
12:28:13.1800,613.7,292.5,fixation
12:28:13.1805,612.8,293.3,fixation
12:28:13.1810,612.6,294.7,fixation
12:28:13.1815,612.5,295.8,fixation
12:28:13.182,612.4,296.2,fixation
12:28:13.1825,613.1,295.8,fixation
12:28:13.183,613.8,295.0,fixation
12:28:13.1835,613.9,294.1,fixation
12:28:13.1840,613.5,293.1,fixation
12:28:13.1845,613.0,293.1,fixation
12:28:13.185,613.2,293.4,fixation
12:28:13.1855,613.5,293.8,fixation
12:28:13.186,614.1,293.9,fixation
12:28:13.1865,614.8,294.0,fixation
12:28:13.1870,615.3,294.3,fixation
12:28:13.1875,615.8,294.5,fixation
12:28:13.188,616.1,294.6,fixation
12:28:13.1885,616.4,294.4,fixation
12:28:13.189,616.4,293.6,fixation
12:28:13.1895,616.8,293.3,fixation
12:28:13.1900,617.0,293.3,fixation
12:28:13.1905,617.3,293.3,fixation
12:28:13.191,617.3,293.2,fixation
12:28:13.1915,617.3,292.7,fixation
12:28:13.192,617.2,291.8,fixation
12:28:13.1925,617.0,290.8,fixation
12:28:13.1930,616.3,290.7,fixation
12:28:13.1935,616.1,291.6,fixation
12:28:13.194,615.8,295.3,fixation
12:28:13.1945,614.9,298.1,fixation
12:28:13.195,613.8,299.4,fixation
12:28:13.1955,612.9,297.8,fixation
12:28:13.196,613.1,295.9,fixation
12:28:13.1965,613.1,295.8,fixation
12:28:13.1970,613.2,295.8,fixation
12:28:13.1975,613.1,296.6,fixation
12:28:13.198,613.1,298.2,fixation
12:28:13.1985,613.0,299.7,fixation
12:28:13.199,612.7,300.3,fixation
12:28:13.1995,612.4,300.7,fixation
12:28:13.2000,612.1,300.7,fixation
12:28:13.2005,612.1,300.9,fixation
12:28:13.201,612.1,300.2,fixation
12:28:13.2015,612.0,299.9,fixation
12:28:13.202,611.9,299.3,fixation
12:28:13.2025,611.7,298.1,fixation
12:28:13.2030,611.6,296.3,fixation
12:28:13.2035,611.6,295.1,fixation
12:28:13.204,612.0,293.9,fixation
12:28:13.2045,612.3,293.3,fixation
12:28:13.205,612.4,293.9,fixation
12:28:13.2055,612.6,295.6,fixation
12:28:13.2060,612.4,297.2,fixation
12:28:13.2065,612.4,297.8,fixation
12:28:13.207,612.2,298.1,fixation
12:28:13.2075,612.7,298.4,fixation
12:28:13.208,613.2,297.9,fixation
12:28:13.2085,613.2,297.2,fixation
12:28:13.2090,612.8,296.4,fixation
12:28:13.2095,612.5,293.4,saccade
12:28:13.21,612.6,290.7,saccade
12:28:13.2105,612.5,289.9,saccade
12:28:13.211,612.3,291.7,saccade
12:28:13.2115,612.1,293.4,saccade
12:28:13.212,611.7,294.0,saccade
12:28:13.2125,611.2,294.8,saccade
12:28:13.2130,611.2,295.6,saccade
12:28:13.2135,612.3,295.2,saccade
12:28:13.214,613.4,294.1,saccade
12:28:13.2145,614.5,293.6,saccade
12:28:13.215,615.1,293.4,saccade
12:28:13.2155,615.7,293.8,saccade
12:28:13.2160,615.7,294.7,saccade
12:28:13.2165,619.6,296.6,saccade
12:28:13.217,623.6,298.6,saccade
12:28:13.2175,627.6,299.5,saccade
12:28:13.218,627.5,299.4,saccade
12:28:13.2185,629.7,299.0,saccade
12:28:13.2190,633.0,298.5,saccade
12:28:13.2195,639.6,298.8,saccade
12:28:13.22,645.3,299.5,saccade
12:28:13.2205,650.5,298.9,saccade
12:28:13.221,653.8,297.7,saccade
12:28:13.2215,658.3,297.0,saccade
12:28:13.2220,664.3,297.7,saccade
12:28:13.2225,671.0,296.6,saccade
12:28:13.223,679.1,295.1,saccade
12:28:13.2235,687.7,293.3,saccade
12:28:13.224,696.2,293.3,saccade
12:28:13.2245,701.3,292.9,saccade
12:28:13.2250,705.6,292.9,saccade
12:28:13.2255,710.8,293.2,saccade
12:28:13.226,716.5,293.9,saccade
12:28:13.2265,721.8,294.5,saccade
12:28:13.227,725.2,295.0,saccade
12:28:13.2275,727.6,295.4,saccade
12:28:13.228,729.9,295.0,saccade
12:28:13.2285,731.4,292.0,saccade
12:28:13.2290,732.8,289.0,saccade
12:28:13.2295,733.1,288.5,saccade
12:28:13.23,733.1,290.4,saccade
12:28:13.2305,732.2,292.3,saccade
12:28:13.231,731.5,292.4,saccade
12:28:13.2315,730.8,292.2,saccade
12:28:13.2320,729.7,292.0,saccade
12:28:13.2325,726.0,291.2,saccade
12:28:13.233,721.1,290.5,saccade
12:28:13.2335,715.4,290.9,saccade
12:28:13.234,711.3,292.2,saccade
12:28:13.2345,706.7,293.9,saccade
12:28:13.2350,702.7,294.5,saccade
12:28:13.2355,696.6,293.4,saccade
12:28:13.236,692.2,292.0,saccade
12:28:13.2365,686.2,292.1,saccade
12:28:13.237,681.9,293.5,saccade
12:28:13.2375,676.3,295.3,saccade
12:28:13.2380,672.5,295.7,saccade
12:28:13.2385,670.1,296.2,saccade
12:28:13.239,668.2,296.9,saccade
12:28:13.2395,665.0,297.6,saccade
12:28:13.24,661.7,298.2,saccade
12:28:13.2405,658.5,298.2,saccade
12:28:13.2410,657.7,299.1,saccade
12:28:13.2415,658.4,299.9,saccade
12:28:13.242,659.9,299.6,saccade
12:28:13.2425,661.4,298.2,saccade
12:28:13.243,662.7,296.5,saccade
12:28:13.2435,664.7,295.2,saccade
12:28:13.244,667.6,293.6,saccade
12:28:13.2445,669.8,292.8,saccade
12:28:13.2450,673.2,292.7,saccade
12:28:13.2455,676.4,291.4,saccade
12:28:13.246,680.6,289.6,saccade
12:28:13.2465,682.8,289.1,saccade
12:28:13.247,684.2,290.4,saccade
12:28:13.2475,685.3,291.5,saccade
12:28:13.2480,687.0,291.2,saccade
12:28:13.2485,688.7,290.8,saccade
12:28:13.249,689.3,290.6,saccade
12:28:13.2495,690.4,290.6,saccade
12:28:13.25,691.3,291.0,saccade
12:28:13.2505,691.5,291.3,saccade
12:28:13.2510,690.7,291.4,saccade
12:28:13.2515,689.9,291.1,saccade
12:28:13.252,690.8,293.3,saccade
12:28:13.2525,691.7,295.7,saccade
12:28:13.253,691.9,297.1,fixation
12:28:13.2535,691.8,296.4,fixation
12:28:13.2540,692.4,296.1,fixation
12:28:13.2545,693.2,296.1,fixation
12:28:13.255,692.9,297.1,fixation
12:28:13.2555,692.2,298.2,fixation
12:28:13.256,691.4,299.6,fixation
12:28:13.2565,691.4,300.3,fixation
12:28:13.2570,691.4,300.9,fixation
12:28:13.2575,690.9,300.6,fixation
12:28:13.2580,689.8,300.0,fixation
12:28:13.2585,688.8,299.4,fixation
12:28:13.259,688.1,299.5,fixation
12:28:13.2595,687.7,299.7,fixation
12:28:13.26,687.4,299.4,fixation
12:28:13.2605,687.2,298.3,fixation
12:28:13.2610,687.2,296.8,fixation
12:28:13.2615,687.4,293.6,fixation
12:28:13.262,687.8,290.9,fixation
12:28:13.2625,687.7,291.2,fixation
12:28:13.263,687.4,293.6,fixation
12:28:13.2635,687.1,295.4,fixation
12:28:13.2640,687.7,294.8,fixation
12:28:13.2645,688.1,295.9,fixation
12:28:13.265,687.9,297.6,fixation
12:28:13.2655,687.4,296.8,fixation
12:28:13.266,687.3,293.5,fixation
12:28:13.2665,687.8,290.1,fixation
12:28:13.2670,688.0,290.5,fixation
12:28:13.2675,687.9,291.6,fixation
12:28:13.268,686.5,293.6,fixation
12:28:13.2685,685.2,294.4,fixation
12:28:13.269,683.8,295.6,fixation
12:28:13.2695,683.7,296.1,fixation
12:28:13.2700,683.5,296.7,fixation
12:28:13.2705,683.4,296.8,fixation
12:28:13.271,683.7,295.1,fixation
12:28:13.2715,683.0,293.3,fixation
12:28:13.272,682.0,293.2,fixation
12:28:13.2725,680.7,294.9,fixation
12:28:13.2730,681.7,297.8,fixation
12:28:13.2735,682.9,298.9,fixation
12:28:13.2740,683.7,298.4,fixation
12:28:13.2745,682.6,297.3,fixation
12:28:13.275,681.4,296.5,fixation
12:28:13.2755,681.3,297.5,fixation
12:28:13.276,682.2,297.5,fixation
12:28:13.2765,683.8,297.2,fixation
12:28:13.2770,684.5,297.8,fixation
12:28:13.2775,685.1,298.8,fixation
12:28:13.278,685.1,299.1,fixation
12:28:13.2785,685.0,297.8,fixation
12:28:13.279,684.9,296.3,fixation
12:28:13.2795,685.5,295.4,fixation
12:28:13.2800,686.4,294.5,fixation
12:28:13.2805,686.2,293.7,fixation
12:28:13.281,684.5,292.7,fixation
12:28:13.2815,682.8,292.0,fixation
12:28:13.282,681.3,291.7,fixation
12:28:13.2825,680.5,291.7,fixation
12:28:13.2830,680.3,291.7,fixation
12:28:13.2835,680.9,291.4,fixation
12:28:13.284,681.4,291.1,fixation
12:28:13.2845,681.4,291.1,fixation
12:28:13.285,681.4,291.2,fixation
12:28:13.2855,681.3,291.4,fixation
12:28:13.2860,681.0,292.0,fixation
12:28:13.2865,680.8,292.5,fixation
12:28:13.287,681.0,293.2,fixation
12:28:13.2875,682.1,293.6,fixation
12:28:13.288,683.3,294.1,fixation
12:28:13.2885,683.9,294.2,fixation
12:28:13.2890,683.3,294.2,fixation
12:28:13.2895,682.5,294.2,fixation
12:28:13.2900,681.8,294.5,fixation
12:28:13.2905,681.4,294.8,fixation
12:28:13.291,681.0,295.7,fixation
12:28:13.2915,680.9,297.7,fixation
12:28:13.292,680.9,299.6,fixation
12:28:13.2925,679.8,300.8,fixation
12:28:13.2930,679.0,299.3,fixation
12:28:13.2935,678.3,297.7,fixation
12:28:13.294,678.7,295.6,fixation
12:28:13.2945,679.2,294.6,fixation
12:28:13.295,680.1,293.7,fixation
12:28:13.2955,680.8,294.9,fixation
12:28:13.2960,681.1,296.4,fixation
12:28:13.2965,680.7,297.5,fixation
12:28:13.297,680.4,297.3,fixation
12:28:13.2975,680.2,297.0,fixation
12:28:13.298,680.9,295.5,fixation
12:28:13.2985,682.1,294.0,fixation
12:28:13.2990,683.1,292.4,fixation
12:28:13.2995,683.3,292.4,fixation
12:28:13.3,683.2,291.8,fixation
12:28:13.3005,683.0,291.3,fixation
12:28:13.301,682.8,290.4,fixation
12:28:13.3015,683.5,290.1,fixation
12:28:13.3020,684.2,292.3,fixation
12:28:13.3025,685.4,294.4,fixation
12:28:13.303,685.5,296.0,fixation
12:28:13.3035,685.1,294.9,fixation
12:28:13.304,684.1,294.4,fixation
12:28:13.3045,682.7,294.1,fixation
12:28:13.3050,682.1,293.7,fixation
12:28:13.3055,681.7,293.5,fixation
12:28:13.3060,681.5,293.4,fixation
12:28:13.3065,681.4,293.6,fixation
12:28:13.307,681.4,293.9,fixation
12:28:13.3075,681.4,294.3,fixation
12:28:13.308,681.0,296.4,fixation
12:28:13.3085,680.6,298.8,fixation
12:28:13.3090,681.3,300.9,fixation
12:28:13.3095,682.5,301.1,fixation
12:28:13.31,682.6,300.5,fixation
12:28:13.3105,681.6,299.8,fixation
12:28:13.311,680.8,297.8,fixation
12:28:13.3115,681.4,296.2,fixation
12:28:13.3120,681.8,295.9,fixation
12:28:13.3125,681.3,296.9,fixation
12:28:13.313,680.7,298.0,fixation
12:28:13.3135,681.4,297.5,fixation
12:28:13.314,682.7,297.0,fixation
12:28:13.3145,683.4,296.7,fixation
12:28:13.3150,683.0,296.3,fixation
12:28:13.3155,683.1,295.8,fixation
12:28:13.316,683.7,294.6,fixation
12:28:13.3165,684.3,294.0,fixation
12:28:13.317,684.4,294.7,fixation
12:28:13.3175,684.4,295.9,fixation
12:28:13.3180,684.2,296.5,fixation
12:28:13.3185,684.1,295.8,fixation
12:28:13.319,683.9,295.2,fixation
12:28:13.3195,683.4,294.4,fixation
12:28:13.32,682.9,293.6,fixation
12:28:13.3205,682.6,293.2,fixation
12:28:13.321,683.1,294.2,fixation
12:28:13.3215,683.4,296.1,fixation
12:28:13.3220,683.6,297.5,fixation
12:28:13.3225,683.5,298.3,fixation
12:28:13.323,683.0,298.1,fixation
12:28:13.3235,682.3,296.6,fixation
12:28:13.324,681.5,295.2,fixation
12:28:13.3245,681.2,293.7,fixation
12:28:13.3250,681.3,293.3,fixation
12:28:13.3255,681.5,292.6,fixation
12:28:13.326,681.6,291.8,fixation
12:28:13.3265,681.5,291.1,fixation
12:28:13.327,681.3,290.8,fixation
12:28:13.3275,681.0,292.9,fixation
12:28:13.3280,680.7,295.3,fixation
12:28:13.3285,680.5,297.8,fixation
12:28:13.329,680.5,298.7,fixation
12:28:13.3295,679.4,299.3,fixation
12:28:13.33,678.2,299.2,fixation
12:28:13.3305,677.9,299.0,fixation
12:28:13.3310,678.7,299.4,fixation
12:28:13.3315,680.2,300.5,fixation
12:28:13.332,681.2,298.9,fixation
12:28:13.3325,682.2,296.7,fixation
12:28:13.333,681.9,294.2,fixation
12:28:13.3335,681.4,294.0,fixation
12:28:13.3340,680.4,295.7,fixation
12:28:13.3345,679.9,297.6,fixation
12:28:13.335,680.0,299.1,fixation
12:28:13.3355,680.5,298.7,fixation
12:28:13.336,681.1,298.3,fixation
12:28:13.3365,681.1,297.7,fixation
12:28:13.337,681.2,297.1,fixation
12:28:13.3375,681.2,297.3,fixation
12:28:13.3380,681.2,297.5,fixation
12:28:13.3385,681.2,297.5,fixation
12:28:13.339,680.9,296.8,fixation
12:28:13.3395,680.7,296.6,fixation
12:28:13.34,680.7,296.9,fixation
12:28:13.3405,680.9,298.0,fixation
12:28:13.3410,682.2,298.9,fixation
12:28:13.3415,683.4,299.3,fixation
12:28:13.342,684.7,298.9,fixation
12:28:13.3425,684.8,298.4,fixation
12:28:13.343,684.8,300.5,fixation
12:28:13.3435,684.6,302.5,fixation
12:28:13.3440,684.5,304.4,fixation
12:28:13.3445,683.5,303.5,fixation
12:28:13.345,682.5,301.4,fixation
12:28:13.3455,681.3,299.5,fixation
12:28:13.346,681.1,297.3,fixation
12:28:13.3465,680.8,296.3,fixation
12:28:13.3470,680.7,295.3,fixation
12:28:13.3475,680.6,295.2,fixation
12:28:13.348,681.2,295.7,fixation
12:28:13.3485,681.8,296.8,fixation
12:28:13.349,682.2,297.5,fixation
12:28:13.3495,682.1,297.4,fixation
12:28:13.3500,682.0,297.5,fixation
12:28:13.3505,681.9,298.4,fixation
12:28:13.351,681.6,299.6,fixation
12:28:13.3515,681.6,299.1,fixation
12:28:13.352,681.8,298.1,fixation
12:28:13.3525,682.2,297.0,fixation
12:28:13.353,682.2,296.5,fixation
12:28:13.3535,682.0,296.1,fixation
12:28:13.3540,681.0,296.0,fixation
12:28:13.3545,680.1,295.8,fixation
12:28:13.355,679.7,295.1,fixation
12:28:13.3555,679.9,294.4,fixation
12:28:13.356,679.8,295.1,fixation
12:28:13.3565,679.6,296.3,fixation
12:28:13.3570,679.1,297.4,fixation
12:28:13.3575,678.8,298.0,fixation
12:28:13.358,678.6,298.6,fixation
12:28:13.3585,679.1,299.1,fixation
12:28:13.359,679.7,298.8,fixation
12:28:13.3595,680.6,298.5,fixation
12:28:13.3600,681.0,297.6,fixation
12:28:13.3605,681.4,296.6,fixation
12:28:13.361,681.5,295.6,fixation
12:28:13.3615,681.5,295.2,fixation
12:28:13.362,681.6,293.8,fixation
12:28:13.3625,681.7,292.3,fixation
12:28:13.3630,681.6,291.4,fixation
12:28:13.3635,681.6,292.7,fixation
12:28:13.364,681.6,294.2,fixation
12:28:13.3645,681.7,295.5,fixation
12:28:13.365,681.0,297.0,fixation
12:28:13.3655,680.4,298.2,fixation
12:28:13.3660,679.7,298.9,fixation
12:28:13.3665,679.7,298.7,fixation
12:28:13.367,679.6,298.6,fixation
12:28:13.3675,679.5,298.6,fixation
12:28:13.368,679.5,298.7,fixation
12:28:13.3685,679.7,298.7,fixation
12:28:13.369,679.6,299.0,fixation
12:28:13.3695,679.3,299.5,fixation
12:28:13.3700,678.8,300.1,fixation
12:28:13.3705,678.7,300.3,fixation
12:28:13.371,678.6,300.3,fixation
12:28:13.3715,679.6,300.2,fixation
12:28:13.372,680.6,300.1,fixation
12:28:13.3725,681.6,300.1,fixation
12:28:13.3730,680.0,300.3,fixation
12:28:13.3735,678.3,300.5,fixation
12:28:13.374,678.3,300.5,fixation
12:28:13.3745,680.1,300.4,fixation
12:28:13.375,681.8,300.5,fixation
12:28:13.3755,680.7,300.7,fixation
12:28:13.3760,679.5,301.0,fixation
12:28:13.3765,678.1,300.5,fixation
12:28:13.377,677.8,300.3,fixation
12:28:13.3775,679.4,300.1,fixation
12:28:13.378,681.3,300.3,fixation
12:28:13.3785,683.5,299.3,fixation
12:28:13.3790,683.8,298.3,fixation
12:28:13.3795,683.6,297.2,fixation
12:28:13.38,683.1,297.3,fixation
12:28:13.3805,682.6,297.4,fixation
12:28:13.381,681.6,297.4,fixation
12:28:13.3815,680.7,297.3,fixation
12:28:13.3820,680.5,297.6,fixation
12:28:13.3825,681.1,298.0,fixation
12:28:13.3830,681.5,298.5,fixation
12:28:13.3835,680.9,299.2,fixation
12:28:13.384,679.6,300.0,fixation
12:28:13.3845,678.3,302.2,fixation
12:28:13.385,677.6,303.7,fixation
12:28:13.3855,678.2,302.5,fixation
12:28:13.3860,678.8,299.9,fixation
12:28:13.3865,679.0,297.3,fixation
12:28:13.387,678.8,297.6,fixation
12:28:13.3875,679.6,297.6,fixation
12:28:13.388,680.6,297.5,fixation
12:28:13.3885,681.0,299.1,fixation
12:28:13.3890,680.5,300.4,fixation
12:28:13.3895,680.0,301.7,fixation
12:28:13.39,680.1,301.6,fixation
12:28:13.3905,679.6,301.9,fixation
12:28:13.391,678.9,302.6,fixation
12:28:13.3915,678.3,302.9,fixation
12:28:13.3920,677.5,302.5,fixation
12:28:13.3925,676.6,301.9,fixation
12:28:13.393,675.7,301.2,fixation
12:28:13.3935,675.5,301.4,fixation
12:28:13.394,675.4,301.6,fixation
12:28:13.3945,676.5,302.0,fixation
12:28:13.3950,677.9,303.1,fixation
12:28:13.3955,679.4,304.1,fixation
12:28:13.396,679.1,305.0,fixation
12:28:13.3965,678.7,304.4,fixation
12:28:13.397,678.3,303.3,fixation
12:28:13.3975,678.6,301.0,fixation
12:28:13.3980,678.9,299.2,fixation
12:28:13.3985,679.1,298.2,fixation
12:28:13.3990,679.0,298.5,fixation
12:28:13.3995,679.5,299.6,fixation
12:28:13.4,680.0,301.0,fixation
12:28:13.4005,679.7,302.3,fixation
12:28:13.401,678.7,301.6,fixation
12:28:13.4015,677.8,300.3,fixation
12:28:13.4020,677.9,299.4,fixation
12:28:13.4025,678.6,300.1,fixation
12:28:13.403,678.9,300.9,fixation
12:28:13.4035,678.9,301.2,fixation
12:28:13.404,678.5,301.2,fixation
12:28:13.4045,678.4,301.4,fixation
12:28:13.4050,678.7,301.5,fixation
12:28:13.4055,678.9,301.8,fixation
12:28:13.406,679.2,301.9,fixation
12:28:13.4065,679.5,301.5,fixation
12:28:13.407,679.9,301.3,fixation
12:28:13.4075,679.4,301.0,fixation
12:28:13.4080,678.5,300.7,fixation
12:28:13.4085,677.8,300.1,fixation
12:28:13.409,677.9,300.1,fixation
12:28:13.4095,678.0,300.6,fixation
12:28:13.41,678.3,301.5,fixation
12:28:13.4105,678.7,302.0,fixation
12:28:13.4110,678.6,301.4,fixation
12:28:13.4115,678.3,300.4,fixation
12:28:13.412,678.2,299.3,fixation
12:28:13.4125,678.5,299.3,fixation
12:28:13.413,679.0,299.3,fixation
12:28:13.4135,679.4,299.0,fixation
12:28:13.4140,679.8,298.7,fixation
12:28:13.4145,680.0,298.4,fixation
12:28:13.4150,679.6,298.4,fixation
12:28:13.4155,679.0,298.4,fixation
12:28:13.416,678.3,298.4,fixation
12:28:13.4165,678.7,298.5,fixation
12:28:13.417,679.3,298.5,fixation
12:28:13.4175,680.3,298.8,fixation
12:28:13.4180,680.7,299.0,fixation
12:28:13.4185,681.1,299.4,fixation
12:28:13.419,681.2,299.8,fixation
12:28:13.4195,681.0,300.2,fixation
12:28:13.42,680.7,301.7,fixation
12:28:13.4205,680.5,303.0,fixation
12:28:13.4210,680.6,303.3,fixation
12:28:13.4215,681.2,302.7,fixation
12:28:13.422,682.1,302.2,fixation
12:28:13.4225,682.8,302.8,fixation
12:28:13.423,683.4,302.8,fixation
12:28:13.4235,683.7,301.8,fixation
12:28:13.4240,683.2,299.8,fixation
12:28:13.4245,682.3,297.7,fixation
12:28:13.425,681.0,297.2,fixation
12:28:13.4255,680.6,298.1,fixation
12:28:13.426,680.4,298.2,fixation
12:28:13.4265,680.8,297.9,fixation
12:28:13.4270,681.2,297.2,fixation
12:28:13.4275,681.3,298.7,fixation
12:28:13.428,681.0,301.3,fixation
12:28:13.4285,679.7,304.0,fixation
12:28:13.429,678.3,305.0,fixation
12:28:13.4295,677.0,304.4,fixation
12:28:13.4300,677.0,303.8,fixation
12:28:13.4305,677.7,302.3,fixation
12:28:13.4310,678.3,300.8,fixation
12:28:13.4315,678.8,298.5,fixation
12:28:13.432,679.6,297.2,fixation
12:28:13.4325,680.9,296.9,fixation
12:28:13.433,682.2,297.6,fixation
12:28:13.4335,682.0,298.2,fixation
12:28:13.4340,681.3,298.6,fixation
12:28:13.4345,679.8,299.4,fixation
12:28:13.435,679.0,300.3,fixation
12:28:13.4355,678.1,299.8,fixation
12:28:13.436,678.0,298.8,fixation
12:28:13.4365,678.9,298.2,fixation
12:28:13.4370,679.9,299.1,fixation
12:28:13.4375,680.7,300.2,fixation
12:28:13.438,680.5,300.7,fixation
12:28:13.4385,680.2,300.9,fixation
12:28:13.439,680.2,300.8,fixation
12:28:13.4395,679.4,300.5,fixation
12:28:13.4400,678.7,300.2,fixation
12:28:13.4405,678.0,300.0,fixation
12:28:13.441,678.7,299.9,fixation
12:28:13.4415,679.3,299.7,fixation
12:28:13.442,680.2,299.7,fixation
12:28:13.4425,680.6,299.8,fixation
12:28:13.4430,680.3,299.9,fixation
12:28:13.4435,679.5,299.0,fixation
12:28:13.444,678.7,298.0,fixation
12:28:13.4445,679.0,297.1,fixation
12:28:13.445,679.6,297.3,fixation
12:28:13.4455,680.3,297.3,fixation
12:28:13.446,679.9,297.1,fixation
12:28:13.4465,679.2,296.9,fixation
12:28:13.4470,678.9,298.1,fixation
12:28:13.4475,679.1,299.5,fixation
12:28:13.448,679.3,301.4,fixation
12:28:13.4485,679.2,301.9,fixation
12:28:13.449,679.3,301.9,fixation
12:28:13.4495,678.7,301.1,fixation
12:28:13.4500,678.0,299.7,fixation
12:28:13.4505,678.2,298.6,fixation
12:28:13.451,679.0,298.3,fixation
12:28:13.4515,679.8,298.7,fixation
12:28:13.452,679.7,299.1,fixation
12:28:13.4525,679.6,299.3,fixation
12:28:13.4530,679.6,299.3,fixation
12:28:13.4535,678.5,298.9,fixation
12:28:13.454,677.4,298.3,fixation
12:28:13.4545,676.7,297.8,fixation
12:28:13.455,676.9,297.9,fixation
12:28:13.4555,677.1,298.3,fixation
12:28:13.4560,678.2,298.7,fixation
12:28:13.4565,679.6,298.6,fixation
12:28:13.457,681.0,298.4,fixation
12:28:13.4575,681.2,297.9,fixation
12:28:13.458,681.5,297.1,fixation
12:28:13.4585,681.7,296.4,fixation
12:28:13.4590,681.5,296.1,fixation
12:28:13.4595,681.2,296.2,fixation
12:28:13.46,680.5,298.0,fixation
12:28:13.4605,679.2,299.7,fixation
12:28:13.461,677.6,300.1,fixation
12:28:13.4615,676.3,299.2,fixation
12:28:13.462,675.7,298.7,fixation
12:28:13.4625,675.5,299.5,fixation
12:28:13.4630,676.2,299.9,fixation
12:28:13.4635,676.9,299.3,fixation
12:28:13.464,678.2,299.2,fixation
12:28:13.4645,678.7,299.5,fixation
12:28:13.465,679.4,300.9,fixation
12:28:13.4655,679.6,301.8,fixation
12:28:13.4660,679.5,302.3,fixation
12:28:13.4665,678.9,302.4,fixation
12:28:13.467,678.2,302.4,fixation
12:28:13.4675,678.0,302.5,fixation
12:28:13.468,678.2,301.7,fixation
12:28:13.4685,678.4,300.9,fixation
12:28:13.4690,678.3,300.4,fixation
12:28:13.4695,678.0,300.9,fixation
12:28:13.47,677.9,301.4,fixation
12:28:13.4705,678.0,301.7,fixation
12:28:13.471,678.1,301.8,fixation
12:28:13.4715,678.2,301.9,fixation
12:28:13.4720,678.2,302.1,fixation
12:28:13.4725,678.2,302.2,fixation
12:28:13.473,679.4,303.2,fixation
12:28:13.4735,680.6,304.1,fixation
12:28:13.474,681.9,303.5,fixation
12:28:13.4745,682.0,301.9,fixation
12:28:13.4750,682.0,301.1,fixation
12:28:13.4755,681.8,301.9,fixation
12:28:13.476,681.6,302.7,fixation
12:28:13.4765,681.3,302.8,fixation
12:28:13.477,680.0,303.9,fixation
12:28:13.4775,678.8,304.9,fixation
12:28:13.478,677.3,303.6,fixation
12:28:13.4785,676.9,301.1,fixation
12:28:13.4790,677.3,298.3,fixation
12:28:13.4795,679.1,297.7,fixation
12:28:13.48,680.8,298.8,fixation
12:28:13.4805,681.9,300.2,fixation
12:28:13.481,682.1,301.6,fixation
12:28:13.4815,681.6,300.8,fixation
12:28:13.4820,680.8,299.9,fixation
12:28:13.4825,679.9,298.9,fixation
12:28:13.483,679.6,298.9,fixation
12:28:13.4835,679.4,298.9,fixation
12:28:13.484,679.3,298.8,fixation
12:28:13.4845,679.2,299.0,fixation
12:28:13.4850,678.6,299.3,fixation
12:28:13.4855,677.9,299.6,fixation
12:28:13.486,677.5,297.9,fixation
12:28:13.4865,677.4,296.0,fixation
12:28:13.487,677.1,296.4,fixation
12:28:13.4875,676.0,298.7,fixation
12:28:13.4880,675.4,299.8,fixation
12:28:13.4885,675.2,298.5,fixation
12:28:13.489,675.4,299.6,fixation
12:28:13.4895,675.7,302.0,fixation
12:28:13.49,676.0,304.4,fixation
12:28:13.4905,676.7,304.4,fixation
12:28:13.4910,677.1,303.9,fixation
12:28:13.4915,677.6,303.4,fixation
12:28:13.492,677.9,303.1,fixation
12:28:13.4925,678.1,303.3,fixation
12:28:13.493,678.2,303.5,fixation
12:28:13.4935,678.2,305.0,fixation
12:28:13.494,678.1,306.5,fixation
12:28:13.4945,677.1,307.4,fixation
12:28:13.4950,676.2,306.7,fixation
12:28:13.4955,677.0,306.2,fixation
12:28:13.496,678.8,305.8,fixation
12:28:13.4965,680.6,305.1,fixation
12:28:13.497,680.4,304.4,fixation
12:28:13.4975,680.1,304.2,fixation
12:28:13.4980,679.8,304.3,fixation
12:28:13.4985,679.2,304.1,fixation
12:28:13.499,678.7,303.0,fixation
12:28:13.4995,678.7,300.2,fixation
12:28:13.5,680.4,297.8,fixation
12:28:13.5005,681.9,296.3,fixation
12:28:13.5010,682.9,296.7,fixation
12:28:13.5015,681.9,296.3,fixation
12:28:13.502,680.3,295.8,fixation
12:28:13.5025,678.5,295.8,fixation
12:28:13.503,679.9,297.2,fixation
12:28:13.5035,682.0,298.2,fixation
12:28:13.5040,683.7,298.3,fixation
12:28:13.5045,683.0,297.7,fixation
12:28:13.505,681.6,297.1,fixation
12:28:13.5055,680.6,296.8,fixation
12:28:13.506,680.3,296.3,fixation
12:28:13.5065,680.8,296.2,fixation
12:28:13.5070,681.3,297.2,fixation
12:28:13.5075,681.4,298.3,fixation
12:28:13.5080,681.1,299.6,fixation
12:28:13.5085,681.0,299.8,fixation
12:28:13.509,681.1,299.7,fixation
12:28:13.5095,681.5,299.5,fixation
12:28:13.51,681.7,299.5,fixation
12:28:13.5105,682.0,299.7,fixation
12:28:13.5110,682.3,299.9,fixation
12:28:13.5115,682.7,300.0,fixation
12:28:13.512,682.4,300.0,fixation
12:28:13.5125,681.7,300.4,fixation
12:28:13.513,680.9,300.7,fixation
12:28:13.5135,680.7,300.5,fixation
12:28:13.5140,680.9,298.8,fixation
12:28:13.5145,681.6,295.9,fixation
12:28:13.515,682.5,293.6,fixation
12:28:13.5155,682.7,294.8,fixation
12:28:13.516,682.5,297.8,fixation
12:28:13.5165,682.1,301.6,fixation
12:28:13.5170,682.5,302.9,fixation
12:28:13.5175,684.0,301.6,saccade
12:28:13.518,684.1,301.3,saccade
12:28:13.5185,684.0,302.1,saccade
12:28:13.519,684.0,302.9,saccade
12:28:13.5195,684.0,303.4,saccade
12:28:13.5200,684.1,304.8,saccade
12:28:13.5205,684.1,305.5,saccade
12:28:13.521,683.8,305.8,saccade
12:28:13.5215,682.9,305.3,saccade
12:28:13.522,681.2,305.3,saccade
12:28:13.5225,680.0,305.1,saccade
12:28:13.5230,678.1,304.6,saccade
12:28:13.5235,676.5,304.1,saccade
12:28:13.5240,674.6,303.8,saccade
12:28:13.5245,673.0,302.8,saccade
12:28:13.525,671.9,301.3,saccade
12:28:13.5255,669.2,299.8,saccade
12:28:13.526,666.5,300.0,saccade
12:28:13.5265,663.1,300.6,saccade
12:28:13.5270,661.2,301.2,saccade
12:28:13.5275,659.5,300.4,saccade
12:28:13.528,657.6,299.6,saccade
12:28:13.5285,655.7,298.9,saccade
12:28:13.529,654.3,299.3,saccade
12:28:13.5295,653.3,299.7,saccade
12:28:13.5300,651.6,298.9,saccade
12:28:13.5305,650.2,296.7,saccade
12:28:13.531,647.1,294.3,saccade
12:28:13.5315,645.1,292.9,saccade
12:28:13.532,643.1,292.4,saccade
12:28:13.5325,642.7,292.1,saccade
12:28:13.5330,642.3,292.6,saccade
12:28:13.5335,642.9,293.9,saccade
12:28:13.534,644.1,295.3,saccade
12:28:13.5345,645.3,295.6,saccade
12:28:13.535,645.5,293.6,saccade
12:28:13.5355,645.4,291.6,saccade
12:28:13.5360,643.3,292.3,fixation
12:28:13.5365,644.1,293.6,fixation
12:28:13.537,645.6,293.6,fixation
12:28:13.5375,647.3,293.2,fixation
12:28:13.538,647.2,292.7,fixation
12:28:13.5385,647.5,292.4,fixation
12:28:13.5390,648.0,292.7,fixation
12:28:13.5395,648.3,295.5,fixation
12:28:13.5400,648.4,298.1,fixation
12:28:13.5405,648.7,301.7,fixation
12:28:13.541,649.8,302.3,fixation
12:28:13.5415,651.3,303.0,fixation
12:28:13.542,652.4,303.5,fixation
12:28:13.5425,651.7,304.4,fixation
12:28:13.5430,650.5,303.3,fixation
12:28:13.5435,649.7,301.4,fixation
12:28:13.544,650.3,301.1,fixation
12:28:13.5445,651.2,302.6,fixation
12:28:13.545,651.9,304.3,fixation
12:28:13.5455,652.5,304.5,fixation
12:28:13.5460,652.4,304.6,fixation
12:28:13.5465,652.5,303.1,fixation
12:28:13.547,652.6,301.5,fixation
12:28:13.5475,652.2,301.3,fixation
12:28:13.548,651.6,302.6,fixation
12:28:13.5485,651.0,303.5,fixation
12:28:13.5490,651.4,302.5,fixation
12:28:13.5495,651.8,301.5,fixation
12:28:13.55,651.5,299.9,fixation
12:28:13.5505,651.0,298.8,fixation
12:28:13.551,650.4,298.5,fixation
12:28:13.5515,650.7,299.6,fixation
12:28:13.5520,651.0,301.0,fixation
12:28:13.5525,651.3,301.8,fixation
12:28:13.553,651.3,302.3,fixation
12:28:13.5535,651.3,302.6,fixation
12:28:13.554,651.5,302.2,fixation
12:28:13.5545,651.8,301.7,fixation
12:28:13.5550,652.1,300.9,fixation
12:28:13.5555,652.2,300.6,fixation
12:28:13.5560,652.0,300.5,fixation
12:28:13.5565,651.8,300.7,fixation
12:28:13.557,652.3,300.7,fixation
12:28:13.5575,652.9,300.5,fixation
12:28:13.558,653.4,300.1,fixation
12:28:13.5585,653.2,300.1,fixation
12:28:13.5590,653.0,301.0,fixation
12:28:13.5595,653.0,301.8,fixation
12:28:13.56,652.1,301.8,fixation
12:28:13.5605,651.3,301.0,fixation
12:28:13.561,650.3,301.1,fixation
12:28:13.5615,649.1,302.5,fixation
12:28:13.5620,648.0,303.5,fixation
12:28:13.5625,647.1,303.4,fixation
12:28:13.563,647.8,304.4,fixation
12:28:13.5635,648.6,305.7,fixation
12:28:13.564,648.8,304.9,fixation
12:28:13.5645,648.7,302.7,fixation
12:28:13.5650,648.5,300.4,fixation
12:28:13.5655,648.7,299.9,fixation
12:28:13.566,648.9,297.7,fixation
12:28:13.5665,649.1,295.8,fixation
12:28:13.567,649.0,295.2,fixation
12:28:13.5675,648.7,296.4,fixation
12:28:13.5680,648.5,297.3,fixation
12:28:13.5685,648.5,297.3,fixation
12:28:13.569,648.4,297.2,fixation
12:28:13.5695,648.3,297.4,fixation
12:28:13.57,648.1,298.5,fixation
12:28:13.5705,648.1,299.7,fixation
12:28:13.571,648.6,300.9,fixation
12:28:13.5715,649.2,301.1,fixation
12:28:13.5720,649.3,301.3,fixation
12:28:13.5725,649.2,302.0,fixation
12:28:13.573,649.1,302.7,fixation
12:28:13.5735,649.6,303.3,fixation
12:28:13.574,649.7,303.2,fixation
12:28:13.5745,650.0,302.8,fixation
12:28:13.5750,650.9,302.5,fixation
12:28:13.5755,651.5,301.9,fixation
12:28:13.576,652.0,301.7,fixation
12:28:13.5765,652.1,301.5,fixation
12:28:13.577,652.1,301.6,fixation
12:28:13.5775,651.9,303.5,fixation
12:28:13.5780,653.1,305.4,fixation
12:28:13.5785,654.7,307.7,fixation
12:28:13.579,654.9,308.2,fixation
12:28:13.5795,653.3,307.9,fixation
12:28:13.58,651.9,306.5,fixation
12:28:13.5805,652.2,305.3,fixation
12:28:13.5810,652.2,304.7,fixation
12:28:13.5815,652.0,302.2,fixation
12:28:13.582,651.9,299.8,fixation
12:28:13.5825,652.0,297.9,fixation
12:28:13.583,652.2,298.3,fixation
12:28:13.5835,652.3,298.6,fixation
12:28:13.5840,653.2,298.6,fixation
12:28:13.5845,654.1,298.9,fixation
12:28:13.585,654.7,298.9,fixation
12:28:13.5855,654.2,298.6,fixation
12:28:13.586,653.0,298.4,fixation
12:28:13.5865,652.1,299.6,fixation
12:28:13.587,651.6,300.9,fixation
12:28:13.5875,650.1,303.0,fixation
12:28:13.5880,648.6,303.7,fixation
12:28:13.5885,647.6,304.5,fixation
12:28:13.589,648.2,304.5,fixation
12:28:13.5895,648.8,304.5,fixation
12:28:13.59,648.8,304.4,fixation
12:28:13.5905,648.6,304.3,fixation
12:28:13.5910,648.3,304.6,fixation
12:28:13.5915,647.4,306.1,fixation
12:28:13.592,646.7,307.1,fixation
12:28:13.5925,646.3,307.4,fixation
12:28:13.593,646.6,306.4,fixation
12:28:13.5935,647.1,303.2,fixation
12:28:13.5940,648.2,300.5,fixation
12:28:13.5945,648.9,297.8,fixation
12:28:13.595,649.2,299.3,fixation
12:28:13.5955,648.9,300.8,fixation
12:28:13.596,648.8,302.3,fixation
12:28:13.5965,648.8,302.3,fixation
12:28:13.5970,648.8,301.8,fixation
12:28:13.5975,648.8,300.8,fixation
12:28:13.598,648.9,300.2,fixation
12:28:13.5985,648.8,300.6,fixation
12:28:13.599,649.2,301.5,fixation
12:28:13.5995,649.5,301.9,fixation
12:28:13.6000,649.9,302.4,fixation
12:28:13.6005,651.5,303.4,fixation
12:28:13.601,653.3,304.4,fixation
12:28:13.6015,653.5,304.8,fixation
12:28:13.602,652.3,301.4,fixation
12:28:13.6025,651.0,297.9,fixation
12:28:13.603,651.2,296.0,fixation
12:28:13.6035,651.1,297.5,fixation
12:28:13.6040,650.1,298.8,fixation
12:28:13.6045,649.2,298.7,fixation
12:28:13.605,648.3,298.8,fixation
12:28:13.6055,648.3,299.2,fixation
12:28:13.606,647.8,300.7,fixation
12:28:13.6065,647.0,302.5,fixation
12:28:13.6070,646.3,304.2,fixation
12:28:13.6075,646.3,304.7,fixation
12:28:13.608,646.9,304.5,fixation
12:28:13.6085,647.2,304.4,fixation
12:28:13.609,647.3,304.4,fixation
12:28:13.6095,647.5,302.9,fixation
12:28:13.6100,647.7,301.1,fixation
12:28:13.6105,647.8,299.2,fixation
12:28:13.611,647.9,298.7,fixation
12:28:13.6115,647.9,298.2,fixation
12:28:13.612,647.9,298.6,fixation
12:28:13.6125,648.4,299.1,fixation
12:28:13.6130,648.9,299.5,fixation
12:28:13.6135,649.3,300.0,fixation
12:28:13.614,649.4,300.7,fixation
12:28:13.6145,649.5,301.2,fixation
12:28:13.615,650.1,301.0,fixation
12:28:13.6155,650.6,300.8,fixation
12:28:13.6160,650.1,300.7,fixation
12:28:13.6165,649.3,300.6,fixation
12:28:13.617,648.8,300.3,fixation
12:28:13.6175,649.1,299.9,fixation
12:28:13.618,649.6,299.6,fixation
12:28:13.6185,649.7,300.4,fixation
12:28:13.619,649.8,301.2,fixation
12:28:13.6195,650.7,301.2,fixation
12:28:13.6200,651.9,299.6,fixation
12:28:13.6205,651.9,298.0,fixation
12:28:13.621,650.9,297.6,fixation
12:28:13.6215,649.4,301.6,fixation
12:28:13.622,649.0,305.6,fixation
12:28:13.6225,647.5,308.2,fixation
12:28:13.6230,646.5,305.8,fixation
12:28:13.6235,647.3,303.5,fixation
12:28:13.624,649.2,302.4,fixation
12:28:13.6245,650.4,302.4,fixation
12:28:13.625,649.2,302.2,fixation
12:28:13.6255,648.1,301.9,fixation
12:28:13.6260,648.1,301.7,fixation
12:28:13.6265,648.7,301.3,fixation
12:28:13.627,648.0,300.6,fixation
12:28:13.6275,646.9,298.9,fixation
12:28:13.628,645.9,296.6,fixation
12:28:13.6285,646.8,294.9,fixation
12:28:13.6290,648.0,294.6,fixation
12:28:13.6295,648.9,297.3,fixation
12:28:13.63,649.1,299.7,fixation
12:28:13.6305,648.9,301.8,fixation
12:28:13.631,649.0,302.0,fixation
12:28:13.6315,649.0,301.8,fixation
12:28:13.6320,649.1,301.1,fixation
12:28:13.6325,649.1,300.5,fixation
12:28:13.6330,649.2,300.2,fixation
12:28:13.6335,649.2,300.1,fixation
12:28:13.634,649.4,300.0,fixation
12:28:13.6345,649.7,299.8,fixation
12:28:13.635,650.1,299.8,fixation
12:28:13.6355,651.1,299.3,fixation
12:28:13.6360,652.0,299.0,fixation
12:28:13.6365,652.5,299.8,fixation
12:28:13.637,651.9,300.1,fixation
12:28:13.6375,650.0,300.7,fixation
12:28:13.638,648.2,300.1,fixation
12:28:13.6385,646.6,300.5,fixation
12:28:13.6390,646.1,300.9,fixation
12:28:13.6395,646.5,301.5,fixation
12:28:13.64,648.2,301.4,fixation
12:28:13.6405,650.0,300.4,fixation
12:28:13.641,651.0,298.0,fixation
12:28:13.6415,650.6,296.3,fixation
12:28:13.6420,649.7,297.3,fixation
12:28:13.6425,649.0,299.4,fixation
12:28:13.643,648.7,301.2,fixation
12:28:13.6435,648.8,300.9,fixation
12:28:13.644,648.9,301.1,fixation
12:28:13.6445,648.9,301.6,fixation
12:28:13.6450,647.7,302.1,fixation
12:28:13.6455,646.6,302.2,fixation
12:28:13.646,646.3,302.1,fixation
12:28:13.6465,647.2,301.9,fixation
12:28:13.647,648.3,302.8,fixation
12:28:13.6475,648.6,303.9,fixation
12:28:13.6480,648.8,305.0,fixation
12:28:13.6485,648.7,305.0,fixation
12:28:13.6490,649.3,305.3,fixation
12:28:13.6495,650.6,305.7,fixation
12:28:13.65,651.9,305.8,fixation
12:28:13.6505,652.6,305.3,fixation
12:28:13.651,652.6,304.7,fixation
12:28:13.6515,651.5,304.2,fixation
12:28:13.6520,650.5,303.0,fixation
12:28:13.6525,649.4,301.8,fixation
12:28:13.653,649.2,301.3,fixation
12:28:13.6535,648.8,301.9,fixation
12:28:13.654,648.9,301.2,fixation
12:28:13.6545,649.5,300.1,fixation
12:28:13.6550,650.3,299.0,fixation
12:28:13.6555,650.7,299.0,fixation
12:28:13.656,649.3,299.3,fixation
12:28:13.6565,648.2,299.6,fixation
12:28:13.657,647.0,299.7,fixation
12:28:13.6575,647.2,299.5,fixation
12:28:13.6580,647.0,299.5,fixation
12:28:13.6585,646.8,299.8,fixation
12:28:13.659,647.4,300.0,fixation
12:28:13.6595,648.1,300.0,fixation
12:28:13.66,646.6,299.8,fixation
12:28:13.6605,644.3,299.7,fixation
12:28:13.6610,643.1,298.9,fixation
12:28:13.6615,644.4,298.2,fixation
12:28:13.662,645.5,298.6,fixation
12:28:13.6625,646.0,299.7,fixation
12:28:13.663,646.7,300.7,fixation
12:28:13.6635,647.6,300.6,fixation
12:28:13.6640,648.0,300.4,fixation
12:28:13.6645,648.1,300.4,fixation
12:28:13.6650,648.5,300.7,fixation
12:28:13.6655,648.9,301.0,fixation
12:28:13.666,650.0,301.3,fixation
12:28:13.6665,650.7,302.0,fixation
12:28:13.667,651.7,302.8,fixation
12:28:13.6675,652.1,303.6,fixation
12:28:13.6680,652.1,304.6,fixation
12:28:13.6685,651.6,305.7,fixation
12:28:13.669,651.1,306.7,fixation
12:28:13.6695,649.6,306.7,fixation
12:28:13.67,648.2,306.7,fixation
12:28:13.6705,646.5,306.6,fixation
12:28:13.6710,646.2,306.5,fixation
12:28:13.6715,645.7,306.3,fixation
12:28:13.672,645.6,306.2,fixation
12:28:13.6725,645.8,306.3,fixation
12:28:13.673,646.3,305.8,fixation
12:28:13.6735,647.3,304.6,fixation
12:28:13.6740,648.0,302.5,fixation
12:28:13.6745,648.1,301.1,fixation
12:28:13.675,647.8,299.9,fixation
12:28:13.6755,647.6,299.5,fixation
12:28:13.676,648.1,299.3,fixation
12:28:13.6765,648.5,299.4,fixation
12:28:13.6770,648.4,301.5,fixation
12:28:13.6775,648.2,303.7,fixation
12:28:13.678,648.0,305.8,fixation
12:28:13.6785,647.8,306.3,fixation
12:28:13.679,647.5,306.7,fixation
12:28:13.6795,647.6,307.1,fixation
12:28:13.6800,648.3,305.6,fixation
12:28:13.6805,648.9,304.1,fixation
12:28:13.6810,649.1,302.9,fixation
12:28:13.6815,649.2,303.3,fixation
12:28:13.682,649.3,305.5,fixation
12:28:13.6825,649.2,307.5,fixation
12:28:13.683,649.2,306.9,fixation
12:28:13.6835,648.8,304.4,fixation
12:28:13.6840,648.8,301.9,fixation
12:28:13.6845,648.5,302.2,fixation
12:28:13.685,648.6,302.6,fixation
12:28:13.6855,647.6,302.9,fixation
12:28:13.686,646.8,302.3,fixation
12:28:13.6865,645.6,301.9,fixation
12:28:13.6870,645.0,302.1,fixation
12:28:13.6875,644.1,304.5,fixation
12:28:13.688,643.7,306.9,fixation
12:28:13.6885,644.6,308.7,fixation
12:28:13.689,646.0,308.8,fixation
12:28:13.6895,647.5,308.5,fixation
12:28:13.6900,646.9,307.8,fixation
12:28:13.6905,646.2,306.3,fixation
12:28:13.691,646.7,305.2,fixation
12:28:13.6915,648.1,304.3,fixation
12:28:13.692,649.5,304.0,fixation
12:28:13.6925,649.4,304.1,fixation
12:28:13.6930,649.2,304.9,fixation
12:28:13.6935,649.0,305.7,fixation
12:28:13.694,648.9,305.8,fixation
12:28:13.6945,649.0,304.6,fixation
12:28:13.695,649.0,303.5,fixation
12:28:13.6955,648.8,304.7,fixation
12:28:13.696,648.6,306.8,fixation
12:28:13.6965,648.3,308.5,fixation
12:28:13.6970,648.0,308.1,fixation
12:28:13.6975,647.7,307.8,fixation
12:28:13.698,648.0,308.3,fixation
12:28:13.6985,648.5,308.8,fixation
12:28:13.699,649.1,308.2,fixation
12:28:13.6995,648.0,307.0,fixation
12:28:13.7000,646.7,306.4,fixation
12:28:13.7005,645.4,306.9,fixation
12:28:13.701,645.4,306.8,fixation
12:28:13.7015,645.6,306.0,fixation
12:28:13.702,645.7,305.1,fixation
12:28:13.7025,646.0,305.2,fixation
12:28:13.7030,646.4,305.3,fixation
12:28:13.7035,647.3,305.7,fixation
12:28:13.704,647.9,305.9,fixation
12:28:13.7045,648.7,305.8,fixation
12:28:13.705,648.8,305.3,fixation
12:28:13.7055,648.1,304.8,fixation
12:28:13.7060,647.3,304.6,fixation
12:28:13.7065,646.5,304.5,fixation
12:28:13.707,646.6,304.4,fixation
12:28:13.7075,646.9,303.7,fixation
12:28:13.708,647.2,303.0,fixation
12:28:13.7085,647.9,302.4,fixation
12:28:13.7090,648.3,302.1,fixation
12:28:13.7095,648.2,301.8,fixation
12:28:13.71,647.7,301.2,fixation
12:28:13.7105,647.0,301.0,fixation
12:28:13.711,646.6,301.4,fixation
12:28:13.7115,647.4,303.3,fixation
12:28:13.712,648.5,305.3,fixation
12:28:13.7125,649.3,305.4,fixation
12:28:13.7130,648.2,304.4,fixation
12:28:13.7135,647.2,303.4,fixation
12:28:13.714,646.5,303.6,fixation
12:28:13.7145,646.5,303.5,fixation
12:28:13.715,646.4,303.7,fixation
12:28:13.7155,646.3,303.9,fixation
12:28:13.7160,646.3,303.4,fixation
12:28:13.7165,646.2,302.7,fixation
12:28:13.717,646.1,303.5,fixation
12:28:13.7175,645.7,305.6,fixation
12:28:13.718,645.5,307.7,fixation
12:28:13.7185,645.5,308.3,fixation
12:28:13.7190,645.3,308.3,fixation
12:28:13.7195,644.8,306.8,fixation
12:28:13.72,643.6,304.9,fixation
12:28:13.7205,642.1,303.0,fixation
12:28:13.721,640.7,302.6,fixation
12:28:13.7215,640.5,302.5,fixation
12:28:13.7220,642.2,302.5,fixation
12:28:13.7225,643.9,302.8,fixation
12:28:13.723,644.3,303.3,fixation
12:28:13.7235,643.9,303.7,fixation
12:28:13.724,643.7,304.4,fixation
12:28:13.7245,644.6,304.6,fixation
12:28:13.7250,645.2,304.2,fixation
12:28:13.7255,645.6,303.0,fixation
12:28:13.726,645.5,302.0,fixation
12:28:13.7265,645.7,301.6,fixation
12:28:13.727,645.9,301.0,fixation
12:28:13.7275,645.9,300.7,fixation
12:28:13.728,645.8,301.1,fixation
12:28:13.7285,645.8,301.8,fixation
12:28:13.7290,646.2,302.5,fixation
12:28:13.7295,646.7,302.6,fixation
12:28:13.73,647.2,303.0,fixation
12:28:13.7305,646.8,303.3,fixation
12:28:13.731,646.4,302.8,fixation
12:28:13.7315,646.1,301.8,fixation
12:28:13.7320,646.1,300.9,fixation
12:28:13.7325,645.6,300.9,fixation
12:28:13.733,644.9,303.1,fixation
12:28:13.7335,644.4,305.2,fixation
12:28:13.734,644.3,304.9,fixation
12:28:13.7345,644.4,302.6,fixation
12:28:13.7350,644.4,301.5,fixation
12:28:13.7355,644.1,302.7,fixation
12:28:13.736,643.7,304.2,fixation
12:28:13.7365,643.4,304.6,fixation
12:28:13.737,643.4,304.8,fixation
12:28:13.7375,643.8,304.8,fixation
12:28:13.7380,645.0,304.3,fixation
12:28:13.7385,646.2,303.7,fixation
12:28:13.739,647.2,302.2,fixation
12:28:13.7395,647.4,300.8,fixation
12:28:13.74,646.0,299.5,fixation
12:28:13.7405,644.6,299.2,fixation
12:28:13.7410,643.2,299.4,fixation
12:28:13.7415,643.3,299.8,fixation
12:28:13.742,643.2,300.4,fixation
12:28:13.7425,643.9,300.7,fixation
12:28:13.743,644.5,302.2,fixation
12:28:13.7435,645.1,303.5,fixation
12:28:13.744,645.2,304.3,fixation
12:28:13.7445,645.6,304.1,fixation
12:28:13.7450,646.1,303.4,fixation
12:28:13.7455,645.4,302.5,fixation
12:28:13.746,643.5,301.4,fixation
12:28:13.7465,641.4,303.0,fixation
12:28:13.747,640.7,305.0,fixation
12:28:13.7475,640.8,307.0,fixation
12:28:13.7480,641.1,306.9,fixation
12:28:13.7485,642.0,305.0,fixation
12:28:13.749,642.5,303.1,fixation
12:28:13.7495,642.8,301.1,fixation
12:28:13.75,642.5,300.9,fixation
12:28:13.7505,642.6,301.1,fixation
12:28:13.7510,643.0,301.6,fixation
12:28:13.7515,643.4,302.5,fixation
12:28:13.752,643.6,303.3,fixation
12:28:13.7525,643.8,303.7,fixation
12:28:13.753,643.2,303.8,fixation
12:28:13.7535,642.8,304.0,fixation
12:28:13.7540,642.7,304.3,fixation
12:28:13.7545,643.4,304.7,fixation
12:28:13.755,643.8,306.2,fixation
12:28:13.7555,643.6,307.6,fixation
12:28:13.756,643.2,308.2,fixation
12:28:13.7565,643.0,306.8,fixation
12:28:13.7570,643.1,305.3,fixation
12:28:13.7575,643.1,304.9,fixation
12:28:13.7580,643.9,305.2,fixation
12:28:13.7585,644.7,305.6,fixation
12:28:13.759,645.5,305.6,fixation
12:28:13.7595,645.7,305.8,fixation
12:28:13.76,645.8,306.1,fixation
12:28:13.7605,646.0,306.3,fixation
12:28:13.7610,645.5,306.3,fixation
12:28:13.7615,645.2,306.6,fixation
12:28:13.762,645.1,307.0,fixation
12:28:13.7625,645.7,305.2,fixation
12:28:13.763,646.0,303.0,fixation
12:28:13.7635,646.2,300.6,fixation
12:28:13.7640,646.8,300.5,fixation
12:28:13.7645,647.5,301.1,fixation
12:28:13.765,648.4,301.7,fixation
12:28:13.7655,648.7,302.3,fixation
12:28:13.766,648.3,302.8,fixation
12:28:13.7665,647.5,304.1,fixation
12:28:13.7670,645.8,305.3,fixation
12:28:13.7675,644.8,305.1,fixation
12:28:13.768,643.8,304.2,fixation
12:28:13.7685,644.6,303.4,fixation
12:28:13.769,645.6,303.6,fixation
12:28:13.7695,646.3,303.9,fixation
12:28:13.7700,645.5,303.6,fixation
12:28:13.7705,644.8,302.8,fixation
12:28:13.771,644.1,302.9,fixation
12:28:13.7715,644.0,303.6,fixation
12:28:13.772,644.2,304.3,fixation
12:28:13.7725,644.5,304.0,fixation
12:28:13.7730,645.2,303.7,fixation
12:28:13.7735,645.4,303.6,fixation
12:28:13.7740,645.7,303.9,fixation
12:28:13.7745,645.6,304.3,fixation
12:28:13.775,644.6,305.6,fixation
12:28:13.7755,643.5,307.6,fixation
12:28:13.776,642.3,309.7,fixation
12:28:13.7765,640.7,310.5,fixation
12:28:13.7770,639.3,310.0,fixation
12:28:13.7775,639.0,307.9,fixation
12:28:13.778,639.9,306.0,fixation
12:28:13.7785,640.8,304.3,fixation
12:28:13.779,640.7,304.4,fixation
12:28:13.7795,640.6,304.4,fixation
12:28:13.7800,640.8,304.7,fixation
12:28:13.7805,641.7,305.3,fixation
12:28:13.781,642.8,305.6,fixation
12:28:13.7815,643.6,305.6,fixation
12:28:13.782,643.6,305.3,fixation
12:28:13.7825,642.9,305.2,fixation
12:28:13.7830,642.1,305.2,fixation
12:28:13.7835,641.9,305.4,fixation
12:28:13.784,643.2,305.9,fixation
12:28:13.7845,644.6,306.6,fixation
12:28:13.785,645.3,307.1,fixation
12:28:13.7855,645.2,307.5,fixation
12:28:13.7860,645.2,307.6,fixation
12:28:13.7865,645.0,306.8,fixation
12:28:13.787,644.7,305.2,fixation
12:28:13.7875,644.5,303.7,fixation
12:28:13.788,644.7,303.2,fixation
12:28:13.7885,645.4,304.4,fixation
12:28:13.7890,645.9,305.7,fixation
12:28:13.7895,646.4,305.6,fixation
12:28:13.7900,645.6,304.2,fixation
12:28:13.7905,644.8,304.5,fixation
12:28:13.791,644.2,307.4,fixation
12:28:13.7915,644.5,310.7,fixation
12:28:13.792,644.9,312.2,fixation
12:28:13.7925,645.4,310.7,fixation
12:28:13.7930,645.6,308.7,fixation
12:28:13.7935,645.6,306.8,fixation
12:28:13.794,645.3,306.7,fixation
12:28:13.7945,645.2,306.7,fixation
12:28:13.795,645.5,306.9,fixation
12:28:13.7955,645.9,307.1,fixation
12:28:13.7960,646.1,307.1,fixation
12:28:13.7965,646.2,306.9,fixation
12:28:13.797,646.1,307.6,fixation
12:28:13.7975,646.0,308.6,fixation
12:28:13.798,645.9,309.4,fixation
12:28:13.7985,645.9,309.2,fixation
12:28:13.7990,646.0,309.0,fixation
12:28:13.7995,646.5,306.9,fixation
12:28:13.8,647.1,304.8,fixation
12:28:13.8005,646.7,302.7,fixation
12:28:13.801,645.8,302.9,fixation
12:28:13.8015,644.6,303.1,fixation
12:28:13.8020,644.3,303.2,fixation
12:28:13.8025,644.1,303.7,fixation
12:28:13.803,644.0,304.1,fixation
12:28:13.8035,644.1,303.8,fixation
12:28:13.804,644.7,303.2,fixation
12:28:13.8045,645.4,302.6,fixation
12:28:13.8050,645.6,302.5,fixation
12:28:13.8055,645.1,302.5,fixation
12:28:13.8060,644.5,302.5,fixation
12:28:13.8065,644.4,303.2,fixation
12:28:13.807,645.1,303.9,fixation
12:28:13.8075,645.7,304.3,fixation
12:28:13.808,646.3,304.0,fixation
12:28:13.8085,646.0,304.2,fixation
12:28:13.8090,645.2,304.8,fixation
12:28:13.8095,644.7,305.9,fixation
12:28:13.81,644.4,306.4,fixation
12:28:13.8105,644.5,306.6,fixation
12:28:13.811,644.7,306.0,fixation
12:28:13.8115,645.1,304.3,fixation
12:28:13.8120,645.4,303.0,fixation
12:28:13.8125,645.9,302.0,fixation
12:28:13.813,646.2,302.1,fixation
12:28:13.8135,646.4,302.4,fixation
12:28:13.814,646.1,302.5,fixation
12:28:13.8145,645.8,302.3,fixation
12:28:13.8150,644.9,301.8,fixation
12:28:13.8155,644.2,301.4,fixation
12:28:13.816,643.4,301.7,fixation
12:28:13.8165,643.7,302.1,fixation
12:28:13.817,645.1,302.1,fixation
12:28:13.8175,646.5,301.6,fixation
12:28:13.8180,646.3,302.0,fixation
12:28:13.8185,645.0,302.7,fixation
12:28:13.819,644.3,303.5,fixation
12:28:13.8195,645.2,303.5,fixation
12:28:13.82,646.5,303.2,fixation
12:28:13.8205,647.3,302.9,fixation
12:28:13.821,647.7,304.2,fixation
12:28:13.8215,647.7,305.9,fixation
12:28:13.8220,647.5,307.7,fixation
12:28:13.8225,646.9,307.8,fixation
12:28:13.823,646.8,307.9,fixation
12:28:13.8235,646.7,308.0,fixation
12:28:13.824,646.5,307.6,fixation
12:28:13.8245,646.2,306.8,fixation
12:28:13.8250,645.9,306.0,fixation
12:28:13.8255,645.4,305.5,fixation
12:28:13.826,644.7,305.6,fixation
12:28:13.8265,644.3,306.0,fixation
12:28:13.827,645.0,306.4,fixation
12:28:13.8275,645.9,305.2,fixation
12:28:13.8280,646.5,303.8,fixation
12:28:13.8285,646.5,303.7,fixation
12:28:13.829,646.3,305.1,fixation
12:28:13.8295,646.2,306.1,fixation
12:28:13.83,646.2,305.7,fixation
12:28:13.8305,645.0,306.1,fixation
12:28:13.8310,643.6,307.5,fixation
12:28:13.8315,642.0,309.3,fixation
12:28:13.832,641.8,309.3,fixation
12:28:13.8325,642.0,308.5,fixation
12:28:13.833,643.0,307.1,fixation
12:28:13.8335,644.5,306.9,fixation
12:28:13.8340,645.6,306.8,fixation
12:28:13.8345,645.5,306.7,fixation
12:28:13.835,644.8,306.4,fixation
12:28:13.8355,644.1,306.1,fixation
12:28:13.836,644.3,305.2,fixation
12:28:13.8365,644.8,304.4,fixation
12:28:13.837,645.1,305.2,fixation
12:28:13.8375,644.7,306.6,fixation
12:28:13.8380,644.0,308.1,fixation
12:28:13.8385,643.5,307.3,fixation
12:28:13.839,643.7,305.8,fixation
12:28:13.8395,643.9,304.3,fixation
12:28:13.84,644.0,303.6,fixation
12:28:13.8405,644.2,303.2,fixation
12:28:13.8410,643.8,302.7,fixation
12:28:13.8415,643.3,302.5,fixation
12:28:13.842,642.8,303.4,fixation
12:28:13.8425,642.8,304.2,fixation
12:28:13.843,642.8,304.3,fixation
12:28:13.8435,642.7,303.6,fixation
12:28:13.8440,642.6,302.4,fixation
12:28:13.8445,642.7,301.5,fixation
12:28:13.845,642.7,301.8,fixation
12:28:13.8455,643.8,302.7,fixation
12:28:13.846,644.8,303.8,fixation
12:28:13.8465,645.8,304.0,fixation
12:28:13.8470,645.8,304.0,fixation
12:28:13.8475,645.9,304.0,fixation
12:28:13.848,645.8,306.6,fixation
12:28:13.8485,645.7,309.2,fixation
12:28:13.849,645.4,309.3,fixation
12:28:13.8495,645.3,306.8,fixation
12:28:13.8500,645.2,305.2,fixation
12:28:13.8505,645.2,306.2,fixation
12:28:13.851,645.2,307.3,fixation
12:28:13.8515,645.0,309.2,fixation
12:28:13.852,644.7,311.0,fixation
12:28:13.8525,644.4,312.0,fixation
12:28:13.853,644.6,310.6,fixation
12:28:13.8535,645.0,309.2,fixation
12:28:13.8540,645.3,309.2,fixation
12:28:13.8545,645.2,309.9,fixation
12:28:13.855,645.4,309.2,fixation
12:28:13.8555,645.7,306.3,fixation
12:28:13.856,645.9,303.7,fixation
12:28:13.8565,647.0,302.8,fixation
12:28:13.8570,648.2,303.7,fixation
12:28:13.8575,649.4,304.4,fixation
12:28:13.858,650.1,304.7,fixation
12:28:13.8585,650.6,305.0,fixation
12:28:13.859,650.9,305.1,fixation
12:28:13.8595,650.3,304.8,fixation
12:28:13.8600,649.4,304.4,fixation
12:28:13.8605,648.4,304.1,fixation
12:28:13.861,647.7,304.2,fixation
12:28:13.8615,647.5,304.5,fixation
12:28:13.862,647.4,304.7,fixation
12:28:13.8625,647.2,305.2,fixation
12:28:13.8630,646.8,305.9,fixation
12:28:13.8635,647.1,306.7,fixation
12:28:13.864,647.9,307.3,fixation
12:28:13.8645,648.6,308.1,fixation
12:28:13.865,648.9,308.6,fixation
12:28:13.8655,648.6,306.7,fixation
12:28:13.8660,647.5,304.1,fixation
12:28:13.8665,646.4,303.7,fixation
12:28:13.867,645.3,305.0,fixation
12:28:13.8675,644.8,306.5,fixation
12:28:13.868,644.5,305.8,fixation
12:28:13.8685,643.8,306.2,fixation
12:28:13.869,643.5,306.4,fixation
12:28:13.8695,643.2,306.5,fixation
12:28:13.8700,643.0,306.2,fixation
12:28:13.8705,642.7,306.0,fixation
12:28:13.871,643.0,307.3,fixation
12:28:13.8715,643.5,308.9,fixation
12:28:13.872,644.4,307.9,fixation
12:28:13.8725,644.8,305.3,fixation
12:28:13.8730,645.2,302.9,fixation
12:28:13.8735,645.0,303.1,fixation
12:28:13.874,644.5,303.2,fixation
12:28:13.8745,643.9,303.5,fixation
12:28:13.875,643.2,305.5,fixation
12:28:13.8755,642.8,307.5,fixation
12:28:13.8760,642.7,307.3,fixation
12:28:13.8765,643.1,305.5,fixation
12:28:13.877,643.4,303.9,fixation
12:28:13.8775,643.3,304.5,fixation
12:28:13.878,643.2,305.3,fixation
12:28:13.8785,643.9,305.5,fixation
12:28:13.8790,644.6,305.5,fixation
12:28:13.8795,645.9,305.4,fixation
12:28:13.88,646.6,306.3,fixation
12:28:13.8805,647.3,306.6,fixation
12:28:13.881,647.5,306.4,fixation
12:28:13.8815,647.4,305.5,fixation
12:28:13.8820,647.2,306.0,fixation
12:28:13.8825,646.9,306.9,fixation
12:28:13.8830,646.4,307.5,fixation
12:28:13.8835,646.3,306.8,fixation
12:28:13.884,646.7,306.0,fixation
12:28:13.8845,647.2,305.4,fixation
12:28:13.885,647.2,304.8,fixation
12:28:13.8855,646.9,304.3,fixation
12:28:13.8860,646.7,303.8,fixation
12:28:13.8865,646.9,302.9,fixation
12:28:13.887,646.2,302.1,fixation
12:28:13.8875,645.6,300.8,fixation
12:28:13.888,645.0,300.3,fixation
12:28:13.8885,645.1,300.4,fixation
12:28:13.8890,645.2,301.0,fixation
12:28:13.8895,645.5,301.6,fixation
12:28:13.89,645.9,302.0,fixation
12:28:13.8905,646.1,302.8,fixation
12:28:13.891,646.1,303.5,fixation
12:28:13.8915,645.7,304.0,fixation
12:28:13.8920,645.0,304.1,fixation
12:28:13.8925,643.7,304.8,fixation
12:28:13.893,642.8,305.4,fixation
12:28:13.8935,641.9,306.0,fixation
12:28:13.894,641.4,306.0,fixation
12:28:13.8945,641.0,306.0,fixation
12:28:13.8950,641.2,306.0,fixation
12:28:13.8955,641.4,305.9,fixation
12:28:13.896,641.7,305.7,fixation
12:28:13.8965,642.4,305.4,fixation
12:28:13.897,643.5,305.2,fixation
12:28:13.8975,644.6,305.1,fixation
12:28:13.8980,645.1,305.3,fixation
12:28:13.8985,645.0,305.6,fixation
12:28:13.8990,644.7,306.5,fixation
12:28:13.8995,645.0,307.3,fixation
12:28:13.9,645.5,307.7,fixation
12:28:13.9005,646.3,307.3,fixation
12:28:13.901,646.4,306.8,fixation
12:28:13.9015,646.5,306.5,fixation
12:28:13.9020,646.6,306.8,fixation
12:28:13.9025,647.3,307.1,fixation
12:28:13.903,647.9,307.1,fixation
12:28:13.9035,648.4,306.4,fixation
12:28:13.904,648.3,305.7,fixation
12:28:13.9045,647.5,305.2,fixation
12:28:13.9050,646.7,305.0,fixation
12:28:13.9055,646.1,305.2,fixation
12:28:13.906,646.3,305.8,fixation
12:28:13.9065,646.9,306.7,fixation
12:28:13.907,647.5,307.3,fixation
12:28:13.9075,648.1,308.7,fixation
12:28:13.9080,648.2,309.9,fixation
12:28:13.9085,648.1,309.2,fixation
12:28:13.909,647.6,306.7,fixation
12:28:13.9095,647.2,304.1,fixation
12:28:13.91,646.9,303.3,fixation
12:28:13.9105,646.9,302.3,fixation
12:28:13.9110,646.3,301.2,fixation
12:28:13.9115,645.7,300.4,fixation
12:28:13.912,644.5,300.9,fixation
12:28:13.9125,643.8,301.4,fixation
12:28:13.913,643.9,301.6,fixation
12:28:13.9135,644.5,301.9,fixation
12:28:13.9140,645.1,302.2,fixation
12:28:13.9145,645.1,302.4,fixation
12:28:13.9150,645.0,302.4,fixation
12:28:13.9155,644.5,302.3,fixation
12:28:13.916,643.6,302.2,fixation
12:28:13.9165,642.5,304.3,fixation
12:28:13.917,642.8,306.5,fixation
12:28:13.9175,643.5,308.7,fixation
12:28:13.9180,644.3,309.0,fixation
12:28:13.9185,643.4,309.2,fixation
12:28:13.919,642.3,309.0,fixation
12:28:13.9195,641.2,308.8,fixation
12:28:13.92,641.1,308.6,fixation
12:28:13.9205,641.2,308.8,fixation
12:28:13.9210,641.8,309.1,fixation
12:28:13.9215,642.3,309.5,fixation
12:28:13.922,642.8,308.8,fixation
12:28:13.9225,642.0,307.7,fixation
12:28:13.923,641.3,306.4,fixation
12:28:13.9235,640.6,306.2,fixation
12:28:13.9240,640.9,306.7,fixation
12:28:13.9245,641.7,306.9,fixation
12:28:13.925,642.4,307.4,fixation
12:28:13.9255,642.8,307.2,fixation
12:28:13.926,642.6,307.4,fixation
12:28:13.9265,642.4,307.6,fixation
12:28:13.9270,643.1,308.0,fixation
12:28:13.9275,643.9,307.8,fixation
12:28:13.928,644.0,307.3,fixation
12:28:13.9285,643.4,307.3,fixation
12:28:13.929,642.4,307.6,fixation
12:28:13.9295,641.9,306.4,fixation
12:28:13.9300,641.5,304.7,fixation
12:28:13.9305,641.9,302.8,fixation
12:28:13.9310,643.6,302.6,fixation
12:28:13.9315,645.2,303.0,saccade
12:28:13.932,644.1,303.4,saccade
12:28:13.9325,643.7,304.1,saccade
12:28:13.933,644.4,304.6,saccade
12:28:13.9335,645.1,305.0,saccade
12:28:13.9340,645.2,303.7,saccade
12:28:13.9345,645.5,301.4,saccade
12:28:13.935,645.9,299.2,saccade
12:28:13.9355,646.2,298.5,saccade
12:28:13.936,646.2,299.3,saccade
12:28:13.9365,646.2,299.7,saccade
12:28:13.9370,646.3,299.6,saccade
12:28:13.9375,646.4,301.2,saccade
12:28:13.938,646.7,303.0,saccade
12:28:13.9385,648.6,304.9,saccade
12:28:13.939,652.2,305.9,saccade
12:28:13.9395,655.4,307.1,saccade
12:28:13.9400,659.3,308.2,saccade
12:28:13.9405,662.5,308.2,saccade
12:28:13.941,667.1,308.3,saccade
12:28:13.9415,670.1,308.7,saccade
12:28:13.942,674.6,309.0,saccade
12:28:13.9425,678.7,308.6,saccade
12:28:13.9430,684.3,308.1,saccade
12:28:13.9435,689.8,307.5,saccade
12:28:13.944,695.7,307.4,saccade
12:28:13.9445,700.9,306.5,saccade
12:28:13.945,705.1,305.2,saccade
12:28:13.9455,709.8,304.0,saccade
12:28:13.946,715.7,303.6,saccade
12:28:13.9465,722.1,303.7,saccade
12:28:13.9470,727.1,303.8,saccade
12:28:13.9475,732.4,303.7,saccade
12:28:13.948,735.8,302.9,saccade
12:28:13.9485,739.5,300.1,saccade
12:28:13.949,742.1,297.5,saccade
12:28:13.9495,745.5,295.7,saccade
12:28:13.9500,748.9,296.1,saccade
12:28:13.9505,750.6,296.8,saccade
12:28:13.951,752.5,297.2,saccade
12:28:13.9515,753.5,297.4,saccade
12:28:13.952,753.2,298.0,saccade
12:28:13.9525,751.8,298.4,saccade
12:28:13.9530,750.2,298.8,saccade
12:28:13.9535,749.4,299.1,saccade
12:28:13.954,748.8,299.6,saccade
12:28:13.9545,746.8,300.4,saccade
12:28:13.955,745.1,300.6,saccade
12:28:13.9555,741.9,300.7,saccade
12:28:13.9560,737.9,300.6,saccade
12:28:13.9565,733.8,302.4,saccade
12:28:13.957,730.0,304.1,saccade
12:28:13.9575,726.7,305.9,saccade
12:28:13.958,723.3,305.6,saccade
12:28:13.9585,720.4,305.2,saccade
12:28:13.9590,719.0,304.8,saccade
12:28:13.9595,716.2,304.9,saccade
12:28:13.96,713.2,305.1,saccade
12:28:13.9605,710.8,305.2,saccade
12:28:13.961,710.1,305.5,saccade
12:28:13.9615,710.0,305.8,saccade
12:28:13.962,709.2,306.0,saccade
12:28:13.9625,707.7,305.5,saccade
12:28:13.9630,706.0,304.8,saccade
12:28:13.9635,705.2,303.9,saccade
12:28:13.964,705.0,303.2,saccade
12:28:13.9645,704.9,302.8,saccade
12:28:13.965,706.5,301.5,fixation
12:28:13.9655,709.1,300.9,fixation
12:28:13.9660,711.2,300.6,fixation
12:28:13.9665,712.9,300.4,fixation
12:28:13.967,713.2,300.2,fixation
12:28:13.9675,715.3,300.5,fixation
12:28:13.968,717.4,301.2,fixation
12:28:13.9685,719.5,301.7,fixation
12:28:13.9690,720.3,301.9,fixation
12:28:13.9695,720.6,301.7,fixation
12:28:13.97,720.8,302.1,fixation
12:28:13.9705,719.9,302.7,fixation
12:28:13.971,719.2,303.2,fixation
12:28:13.9715,718.6,303.0,fixation
12:28:13.9720,718.6,302.9,fixation
12:28:13.9725,719.3,302.8,fixation
12:28:13.973,719.8,304.2,fixation
12:28:13.9735,719.7,306.2,fixation
12:28:13.974,718.9,308.2,fixation
12:28:13.9745,718.7,308.7,fixation
12:28:13.9750,718.9,308.7,fixation
12:28:13.9755,719.2,308.5,fixation
12:28:13.976,719.5,308.2,fixation
12:28:13.9765,720.1,306.7,fixation
12:28:13.977,720.7,305.3,fixation
12:28:13.9775,721.0,303.4,fixation
12:28:13.978,721.2,302.6,fixation
12:28:13.9785,722.1,301.9,fixation
12:28:13.9790,723.0,301.9,fixation
12:28:13.9795,724.0,303.3,fixation
12:28:13.98,724.0,304.4,fixation
12:28:13.9805,723.9,305.2,fixation
12:28:13.981,723.8,304.6,fixation
12:28:13.9815,723.7,304.2,fixation
12:28:13.9820,723.9,304.3,fixation
12:28:13.9825,724.1,304.5,fixation
12:28:13.983,724.3,304.1,fixation
12:28:13.9835,724.1,303.4,fixation
12:28:13.984,723.9,302.3,fixation
12:28:13.9845,724.2,301.2,fixation
12:28:13.9850,724.7,299.4,fixation
12:28:13.9855,724.3,298.1,fixation
12:28:13.986,723.1,299.0,fixation
12:28:13.9865,721.7,300.8,fixation
12:28:13.987,721.2,303.0,fixation
12:28:13.9875,721.0,303.3,fixation
12:28:13.9880,721.0,303.7,fixation
12:28:13.9885,721.3,303.5,fixation
12:28:13.989,721.4,303.2,fixation
12:28:13.9895,721.3,302.7,fixation
12:28:13.99,721.6,301.6,fixation
12:28:13.9905,721.9,300.8,fixation
12:28:13.9910,722.1,300.2,fixation
12:28:13.9915,721.8,300.3,fixation
12:28:13.992,721.7,301.2,fixation
12:28:13.9925,721.6,302.6,fixation
12:28:13.993,721.7,303.9,fixation
12:28:13.9935,722.6,304.3,fixation
12:28:13.994,723.5,304.6,fixation
12:28:13.9945,723.5,304.9,fixation
12:28:13.9950,722.8,303.6,fixation
12:28:13.9955,721.9,302.0,fixation
12:28:13.996,721.6,300.6,fixation
12:28:13.9965,721.2,300.9,fixation
12:28:13.997,720.9,301.4,fixation
12:28:13.9975,720.9,301.8,fixation
12:28:13.9980,721.0,302.0,fixation
12:28:13.9985,721.2,302.0,fixation
12:28:13.999,721.6,301.9,fixation
12:28:13.9995,721.8,301.9,fixation
12:28:14.,721.8,301.8,fixation
12:28:14.0005,721.6,301.8,fixation
12:28:14.0010,721.6,301.9,fixation
12:28:14.0015,721.7,304.1,fixation
12:28:14.002,721.9,306.3,fixation
12:28:14.0025,720.9,306.9,fixation
12:28:14.003,720.3,305.5,fixation
12:28:14.0035,719.7,305.9,fixation
12:28:14.0040,719.9,307.7,fixation
12:28:14.0045,719.8,309.1,fixation
12:28:14.005,719.7,308.7,fixation
12:28:14.0055,719.7,308.4,fixation
12:28:14.006,719.7,308.9,fixation
12:28:14.0065,719.7,309.4,fixation
12:28:14.0070,719.9,308.2,fixation
12:28:14.0075,720.2,306.5,fixation
12:28:14.0080,720.5,304.7,fixation
12:28:14.0085,720.6,304.6,fixation
12:28:14.009,720.7,304.6,fixation
12:28:14.0095,720.3,304.8,fixation
12:28:14.01,719.8,305.2,fixation
12:28:14.0105,719.5,305.6,fixation
12:28:14.0110,719.7,305.7,fixation
12:28:14.0115,719.9,305.5,fixation
12:28:14.012,720.0,305.2,fixation
12:28:14.0125,720.1,304.9,fixation
12:28:14.013,720.9,304.4,fixation
12:28:14.0135,721.6,304.4,fixation
12:28:14.0140,722.2,304.9,fixation
12:28:14.0145,722.1,305.6,fixation
12:28:14.015,722.3,306.4,fixation
12:28:14.0155,722.8,306.6,fixation
12:28:14.016,723.4,306.1,fixation
12:28:14.0165,722.2,305.7,fixation
12:28:14.0170,720.7,305.2,fixation
12:28:14.0175,719.2,305.7,fixation
12:28:14.018,719.8,306.1,fixation
12:28:14.0185,720.6,304.1,fixation
12:28:14.019,721.0,301.5,fixation
12:28:14.0195,721.1,298.9,fixation
12:28:14.0200,721.0,298.8,fixation
12:28:14.0205,720.9,298.9,fixation
12:28:14.021,720.5,299.5,fixation
12:28:14.0215,720.4,300.6,fixation
12:28:14.022,721.6,301.6,fixation
12:28:14.0225,722.9,302.2,fixation
12:28:14.0230,723.2,302.6,fixation
12:28:14.0235,722.6,303.0,fixation
12:28:14.0240,722.1,303.1,fixation
12:28:14.0245,722.4,302.4,fixation
12:28:14.025,722.4,302.1,fixation
12:28:14.0255,722.0,302.1,fixation
12:28:14.026,721.6,300.9,fixation
12:28:14.0265,721.3,299.3,fixation
12:28:14.0270,721.6,298.7,fixation
12:28:14.0275,722.1,299.6,fixation
12:28:14.028,722.6,300.9,fixation
12:28:14.0285,722.8,301.4,fixation
12:28:14.029,722.6,301.9,fixation
12:28:14.0295,722.3,300.9,fixation
12:28:14.0300,722.1,299.7,fixation
12:28:14.0305,722.0,299.3,fixation
12:28:14.031,721.9,300.2,fixation
12:28:14.0315,721.7,301.0,fixation
12:28:14.032,721.5,301.1,fixation
12:28:14.0325,722.1,301.4,fixation
12:28:14.0330,722.9,301.8,fixation
12:28:14.0335,723.4,302.0,fixation
12:28:14.034,722.4,301.9,fixation
12:28:14.0345,721.3,301.8,fixation
12:28:14.035,721.0,301.8,fixation
12:28:14.0355,721.4,302.6,fixation
12:28:14.0360,721.3,303.5,fixation
12:28:14.0365,721.0,304.4,fixation
12:28:14.037,720.7,304.6,fixation
12:28:14.0375,720.7,304.6,fixation
12:28:14.038,720.6,304.7,fixation
12:28:14.0385,720.6,304.9,fixation
12:28:14.0390,720.5,305.1,fixation
12:28:14.0395,720.5,305.1,fixation
12:28:14.0400,720.2,305.0,fixation
12:28:14.0405,720.0,303.6,fixation
12:28:14.041,719.7,302.2,fixation
12:28:14.0415,720.4,300.5,fixation
12:28:14.042,721.3,300.1,fixation
12:28:14.0425,721.9,301.6,fixation
12:28:14.0430,721.8,303.6,fixation
12:28:14.0435,721.8,305.3,fixation
12:28:14.044,721.8,305.0,fixation
12:28:14.0445,721.7,305.0,fixation
12:28:14.045,722.3,305.2,fixation
12:28:14.0455,723.6,305.7,fixation
12:28:14.0460,724.9,305.9,fixation
12:28:14.0465,724.3,305.6,fixation
12:28:14.047,723.0,304.2,fixation
12:28:14.0475,722.9,302.8,fixation
12:28:14.048,724.2,301.9,fixation
12:28:14.0485,725.3,301.4,fixation
12:28:14.0490,724.1,300.9,fixation
12:28:14.0495,722.9,301.2,fixation
12:28:14.05,721.7,303.3,fixation
12:28:14.0505,721.6,305.5,fixation
12:28:14.051,721.2,306.7,fixation
12:28:14.0515,720.5,306.6,fixation
12:28:14.0520,719.8,306.1,fixation
12:28:14.0525,719.7,303.5,fixation
12:28:14.053,719.3,301.0,fixation
12:28:14.0535,719.0,298.8,fixation
12:28:14.054,719.9,299.8,fixation
12:28:14.0545,721.2,300.9,fixation
12:28:14.0550,721.3,302.2,fixation
12:28:14.0555,720.2,302.6,fixation
12:28:14.0560,720.4,302.8,fixation
12:28:14.0565,721.6,304.4,fixation
12:28:14.057,722.8,305.9,fixation
12:28:14.0575,722.7,307.1,fixation
12:28:14.058,721.9,306.8,fixation
12:28:14.0585,720.7,306.7,fixation
12:28:14.0590,718.9,306.6,fixation
12:28:14.0595,718.0,306.1,fixation
12:28:14.06,717.4,305.7,fixation
12:28:14.0605,719.4,306.4,fixation
12:28:14.061,721.4,307.3,fixation
12:28:14.0615,722.5,308.0,fixation
12:28:14.0620,721.6,308.2,fixation
12:28:14.0625,720.5,308.3,fixation
12:28:14.063,720.3,308.1,fixation
12:28:14.0635,720.2,307.3,fixation
12:28:14.064,719.8,306.2,fixation
12:28:14.0645,719.5,304.4,fixation
12:28:14.0650,719.2,302.8,fixation
12:28:14.0655,719.5,302.6,fixation
12:28:14.066,720.2,303.7,fixation
12:28:14.0665,720.8,304.6,fixation
12:28:14.067,720.7,304.4,fixation
12:28:14.0675,719.9,304.4,fixation
12:28:14.0680,719.0,304.6,fixation
12:28:14.0685,720.2,304.8,fixation
12:28:14.069,721.6,304.8,fixation
12:28:14.0695,722.6,303.5,fixation
12:28:14.07,722.8,302.3,fixation
12:28:14.0705,722.7,301.2,fixation
12:28:14.071,722.8,301.6,fixation
12:28:14.0715,722.3,303.2,fixation
12:28:14.0720,722.0,304.5,fixation
12:28:14.0725,722.1,305.7,fixation
12:28:14.073,722.2,304.8,fixation
12:28:14.0735,721.0,303.9,fixation
12:28:14.074,719.8,302.9,fixation
12:28:14.0745,718.6,302.4,fixation
12:28:14.0750,718.7,301.4,fixation
12:28:14.0755,718.9,300.4,fixation
12:28:14.076,718.8,302.1,fixation
12:28:14.0765,718.8,304.2,fixation
12:28:14.077,719.0,305.4,fixation
12:28:14.0775,719.1,303.8,fixation
12:28:14.0780,719.0,302.2,fixation
12:28:14.0785,719.5,300.7,fixation
12:28:14.079,720.3,300.3,fixation
12:28:14.0795,720.9,300.0,fixation
12:28:14.08,720.5,302.4,fixation
12:28:14.0805,720.3,304.7,fixation
12:28:14.0810,720.4,305.8,fixation
12:28:14.0815,720.9,304.2,fixation
12:28:14.082,721.5,301.0,fixation
12:28:14.0825,722.0,298.8,fixation
12:28:14.083,722.2,297.6,fixation
12:28:14.0835,721.5,298.1,fixation
12:28:14.0840,720.7,299.4,fixation
12:28:14.0845,720.9,300.0,fixation
12:28:14.085,721.8,300.4,fixation
12:28:14.0855,721.7,299.8,fixation
12:28:14.086,720.6,299.6,fixation
12:28:14.0865,719.6,299.6,fixation
12:28:14.087,719.9,302.0,fixation
12:28:14.0875,720.2,304.3,fixation
12:28:14.0880,720.5,306.6,fixation
12:28:14.0885,720.8,307.4,fixation
12:28:14.089,721.7,308.3,fixation
12:28:14.0895,722.5,309.0,fixation
12:28:14.09,723.1,308.7,fixation
12:28:14.0905,723.0,307.9,fixation
12:28:14.0910,722.9,306.9,fixation
12:28:14.0915,722.7,305.9,fixation
12:28:14.092,722.5,305.5,fixation
12:28:14.0925,722.2,304.8,fixation
12:28:14.093,722.2,303.6,fixation
12:28:14.0935,722.1,302.4,fixation
12:28:14.0940,721.9,302.0,fixation
12:28:14.0945,721.8,302.1,fixation
12:28:14.095,721.6,302.1,fixation
12:28:14.0955,721.4,301.9,fixation
12:28:14.096,721.5,301.6,fixation
12:28:14.0965,721.7,301.5,fixation
12:28:14.0970,721.9,301.4,fixation
12:28:14.0975,721.7,301.1,fixation
12:28:14.098,720.7,300.8,fixation
12:28:14.0985,719.9,300.4,fixation
12:28:14.099,720.0,300.3,fixation
12:28:14.0995,720.9,300.0,fixation
12:28:14.1000,721.5,298.6,fixation
12:28:14.1005,720.9,297.4,fixation
12:28:14.101,719.7,297.7,fixation
12:28:14.1015,718.8,299.1,fixation
12:28:14.102,718.8,299.0,fixation
12:28:14.1025,719.2,297.5,fixation
12:28:14.103,719.3,298.0,fixation
12:28:14.1035,718.7,300.2,fixation
12:28:14.1040,717.8,301.9,fixation
12:28:14.1045,717.1,301.6,fixation
12:28:14.105,716.7,301.1,fixation
12:28:14.1055,716.6,301.0,fixation
12:28:14.106,716.5,301.6,fixation
12:28:14.1065,716.4,302.3,fixation
12:28:14.1070,716.9,303.0,fixation
12:28:14.1075,717.4,303.0,fixation
12:28:14.108,718.0,302.2,fixation
12:28:14.1085,718.8,301.4,fixation
12:28:14.109,719.5,301.2,fixation
12:28:14.1095,719.3,302.1,fixation
12:28:14.1100,718.1,304.6,fixation
12:28:14.1105,717.3,306.6,fixation
12:28:14.111,717.3,307.6,fixation
12:28:14.1115,717.4,306.2,fixation
12:28:14.112,717.4,303.9,fixation
12:28:14.1125,717.4,302.2,fixation
12:28:14.1130,718.5,301.5,fixation
12:28:14.1135,719.7,302.2,fixation
12:28:14.114,721.0,303.0,fixation
12:28:14.1145,721.0,303.4,fixation
12:28:14.115,720.8,303.1,fixation
12:28:14.1155,720.5,302.8,fixation
12:28:14.1160,720.6,301.3,fixation
12:28:14.1165,720.0,299.1,fixation
12:28:14.117,719.5,296.9,fixation
12:28:14.1175,718.7,297.7,fixation
12:28:14.118,718.1,301.0,fixation
12:28:14.1185,717.5,304.3,fixation
12:28:14.119,717.3,305.5,fixation
12:28:14.1195,717.5,305.2,fixation
12:28:14.1200,718.0,303.9,fixation
12:28:14.1205,718.3,302.8,fixation
12:28:14.121,717.2,301.8,fixation
12:28:14.1215,715.9,301.1,fixation
12:28:14.122,714.8,300.3,fixation
12:28:14.1225,714.9,300.4,fixation
12:28:14.1230,716.2,301.1,fixation
12:28:14.1235,717.3,301.7,fixation
12:28:14.124,718.3,301.3,fixation
12:28:14.1245,718.3,300.4,fixation
12:28:14.125,718.4,299.8,fixation
12:28:14.1255,718.5,299.2,fixation
12:28:14.1260,718.8,299.4,fixation
12:28:14.1265,719.0,299.9,fixation
12:28:14.127,718.9,300.6,fixation
12:28:14.1275,718.4,301.3,fixation
12:28:14.128,717.6,301.4,fixation
12:28:14.1285,717.2,301.2,fixation
12:28:14.1290,717.2,301.1,fixation
12:28:14.1295,717.6,301.5,fixation
12:28:14.13,716.8,300.4,fixation
12:28:14.1305,715.8,299.4,fixation
12:28:14.131,715.3,298.8,fixation
12:28:14.1315,715.9,299.0,fixation
12:28:14.1320,716.5,298.9,fixation
12:28:14.1325,716.4,299.3,fixation
12:28:14.1330,716.2,300.1,fixation
12:28:14.1335,716.1,300.7,fixation
12:28:14.134,716.1,300.5,fixation
12:28:14.1345,716.2,300.2,fixation
12:28:14.135,716.6,300.2,fixation
12:28:14.1355,717.1,299.9,fixation
12:28:14.1360,717.8,299.6,fixation
12:28:14.1365,718.0,299.6,fixation
12:28:14.137,718.1,300.0,fixation
12:28:14.1375,717.9,301.8,fixation
12:28:14.138,717.5,303.5,fixation
12:28:14.1385,717.2,303.1,fixation
12:28:14.1390,717.7,301.4,fixation
12:28:14.1395,718.6,299.6,fixation
12:28:14.14,718.9,299.4,fixation
12:28:14.1405,718.6,299.1,fixation
12:28:14.141,718.0,298.7,fixation
12:28:14.1415,717.7,297.8,fixation
12:28:14.1420,717.1,297.8,fixation
12:28:14.1425,716.7,298.6,fixation
12:28:14.143,716.2,300.1,fixation
12:28:14.1435,715.8,300.9,fixation
12:28:14.144,715.3,301.0,fixation
12:28:14.1445,715.1,300.9,fixation
12:28:14.1450,715.0,300.6,fixation
12:28:14.1455,715.0,300.3,fixation
12:28:14.146,715.2,299.7,fixation
12:28:14.1465,715.6,299.4,fixation
12:28:14.147,716.2,299.2,fixation
12:28:14.1475,716.6,300.3,fixation
12:28:14.1480,716.6,301.2,fixation
12:28:14.1485,715.3,300.8,fixation
12:28:14.1490,714.1,299.7,fixation
12:28:14.1495,713.3,298.8,fixation
12:28:14.15,715.0,299.1,fixation
12:28:14.1505,716.6,299.2,fixation
12:28:14.151,717.9,300.3,fixation
12:28:14.1515,717.7,302.0,fixation
12:28:14.1520,717.5,303.8,fixation
12:28:14.1525,717.5,302.6,fixation
12:28:14.153,717.4,300.6,fixation
12:28:14.1535,716.8,300.0,fixation
12:28:14.154,715.6,301.3,fixation
12:28:14.1545,714.7,302.6,fixation
12:28:14.1550,714.3,302.3,fixation
12:28:14.1555,714.5,302.1,fixation
12:28:14.156,714.7,302.1,fixation
12:28:14.1565,714.9,302.2,fixation
12:28:14.157,715.1,302.4,fixation
12:28:14.1575,715.4,302.1,fixation
12:28:14.1580,715.8,301.9,fixation
12:28:14.1585,716.0,302.0,fixation
12:28:14.159,716.2,302.3,fixation
12:28:14.1595,716.1,303.1,fixation
12:28:14.16,715.4,303.4,fixation
12:28:14.1605,714.6,303.7,fixation
12:28:14.1610,715.2,303.3,fixation
12:28:14.1615,716.4,303.1,fixation
12:28:14.162,717.8,302.8,fixation
12:28:14.1625,717.9,302.7,fixation
12:28:14.163,717.6,301.4,fixation
12:28:14.1635,717.3,300.4,fixation
12:28:14.1640,717.0,299.6,fixation
12:28:14.1645,716.2,300.3,fixation
12:28:14.1650,715.1,301.1,fixation
12:28:14.1655,714.8,301.8,fixation
12:28:14.166,715.6,302.5,fixation
12:28:14.1665,716.0,302.8,fixation
12:28:14.167,715.5,302.0,fixation
12:28:14.1675,714.9,301.0,fixation
12:28:14.1680,714.6,301.2,fixation
12:28:14.1685,714.6,302.4,fixation
12:28:14.169,714.8,302.5,fixation
12:28:14.1695,715.5,301.3,fixation
12:28:14.17,716.0,300.5,fixation
12:28:14.1705,716.4,300.8,fixation
12:28:14.1710,715.9,301.0,fixation
12:28:14.1715,715.5,301.0,fixation
12:28:14.172,715.0,301.2,fixation
12:28:14.1725,715.1,301.5,fixation
12:28:14.173,715.2,301.3,fixation
12:28:14.1735,714.9,300.4,fixation
12:28:14.1740,714.6,299.2,fixation
12:28:14.1745,714.3,299.0,fixation
12:28:14.175,714.3,299.7,fixation
12:28:14.1755,714.4,300.4,fixation
12:28:14.176,713.7,300.9,fixation
12:28:14.1765,713.3,301.1,fixation
12:28:14.1770,712.9,301.4,fixation
12:28:14.1775,712.9,302.2,fixation
12:28:14.178,713.1,302.9,fixation
12:28:14.1785,713.6,303.6,fixation
12:28:14.179,714.4,301.6,fixation
12:28:14.1795,714.9,299.8,fixation
12:28:14.1800,715.2,297.7,fixation
12:28:14.1805,715.3,297.4,fixation
12:28:14.1810,715.0,297.1,fixation
12:28:14.1815,714.7,297.0,fixation
12:28:14.182,715.0,297.5,fixation
12:28:14.1825,715.6,298.4,fixation
12:28:14.183,716.1,300.7,fixation
12:28:14.1835,715.9,302.6,fixation
12:28:14.1840,715.8,304.0,fixation
12:28:14.1845,715.8,303.9,fixation
12:28:14.185,714.9,303.8,fixation
12:28:14.1855,713.8,303.5,fixation
12:28:14.186,712.7,303.1,fixation
12:28:14.1865,713.4,302.5,fixation
12:28:14.1870,714.5,302.0,fixation
12:28:14.1875,715.5,302.3,fixation
12:28:14.188,715.7,302.8,fixation
12:28:14.1885,714.9,301.6,fixation
12:28:14.189,714.2,299.7,fixation
12:28:14.1895,713.5,297.9,fixation
12:28:14.1900,713.6,298.1,fixation
12:28:14.1905,714.6,299.3,fixation
12:28:14.191,715.7,300.5,fixation
12:28:14.1915,716.6,302.4,fixation
12:28:14.192,716.2,303.5,fixation
12:28:14.1925,715.4,304.4,fixation
12:28:14.1930,714.6,304.5,fixation
12:28:14.1935,714.2,304.8,fixation
12:28:14.194,713.3,305.2,fixation
12:28:14.1945,711.9,303.1,fixation
12:28:14.195,710.7,300.5,fixation
12:28:14.1955,711.6,299.8,fixation
12:28:14.196,713.0,301.7,fixation
12:28:14.1965,713.3,303.4,fixation
12:28:14.1970,712.4,302.6,fixation
12:28:14.1975,712.1,301.8,fixation
12:28:14.198,712.9,301.0,fixation
12:28:14.1985,713.5,300.8,fixation
12:28:14.199,712.8,300.1,fixation
12:28:14.1995,712.0,299.7,fixation
12:28:14.2000,711.8,299.5,fixation
12:28:14.2005,712.3,300.0,fixation
12:28:14.201,712.5,300.1,fixation
12:28:14.2015,711.2,300.1,fixation
12:28:14.202,709.8,300.4,fixation
12:28:14.2025,709.1,300.9,fixation
12:28:14.2030,709.3,301.1,fixation
12:28:14.2035,709.6,300.8,fixation
12:28:14.204,710.0,300.6,fixation
12:28:14.2045,710.7,300.8,fixation
12:28:14.205,711.5,301.1,fixation
12:28:14.2055,711.9,301.3,fixation
12:28:14.2060,711.6,301.5,fixation
12:28:14.2065,711.2,301.7,fixation
12:28:14.207,710.2,302.0,fixation
12:28:14.2075,709.1,302.5,fixation
12:28:14.208,708.0,303.0,fixation
12:28:14.2085,709.2,301.9,saccade
12:28:14.2090,710.2,301.2,saccade
12:28:14.2095,710.2,302.0,saccade
12:28:14.21,710.1,302.8,saccade
12:28:14.2105,710.4,303.5,saccade
12:28:14.211,711.2,301.1,saccade
12:28:14.2115,712.1,298.8,saccade
12:28:14.212,712.5,296.6,saccade
12:28:14.2125,712.6,296.8,saccade
12:28:14.2130,713.2,297.2,saccade
12:28:14.2135,714.5,297.6,saccade
12:28:14.214,715.9,298.0,saccade
12:28:14.2145,717.9,298.0,saccade
12:28:14.215,719.3,297.8,saccade
12:28:14.2155,722.6,298.2,saccade
12:28:14.2160,724.7,297.8,saccade
12:28:14.2165,727.8,297.3,saccade
12:28:14.217,728.9,296.4,saccade
12:28:14.2175,732.3,296.6,saccade
12:28:14.218,736.3,296.9,saccade
12:28:14.2185,741.5,296.5,saccade
12:28:14.2190,746.4,296.3,saccade
12:28:14.2195,750.1,296.1,saccade
12:28:14.22,753.6,295.1,saccade
12:28:14.2205,756.0,292.5,saccade
12:28:14.221,758.5,289.8,saccade
12:28:14.2215,761.7,286.6,saccade
12:28:14.2220,764.4,284.3,saccade
12:28:14.2225,767.1,282.2,saccade
12:28:14.223,769.4,282.4,saccade
12:28:14.2235,771.6,283.2,saccade
12:28:14.224,773.4,283.9,saccade
12:28:14.2245,774.1,284.5,saccade
12:28:14.2250,776.6,284.3,saccade
12:28:14.2255,778.9,284.1,saccade
12:28:14.226,779.0,283.9,saccade
12:28:14.2265,777.0,283.9,saccade
12:28:14.227,774.5,283.7,saccade
12:28:14.2275,773.6,283.2,saccade
12:28:14.228,772.5,283.0,saccade
12:28:14.2285,771.5,283.0,saccade
12:28:14.2290,769.7,283.4,saccade
12:28:14.2295,767.6,283.5,saccade
12:28:14.23,764.8,284.8,saccade
12:28:14.2305,762.2,286.2,saccade
12:28:14.231,759.8,287.5,saccade
12:28:14.2315,758.0,287.5,saccade
12:28:14.2320,755.7,287.5,saccade
12:28:14.2325,753.2,288.9,saccade
12:28:14.233,750.5,290.3,saccade
12:28:14.2335,748.8,292.0,saccade
12:28:14.234,747.5,292.2,saccade
12:28:14.2345,745.4,292.5,saccade
12:28:14.2350,744.2,292.7,saccade
12:28:14.2355,742.8,293.8,saccade
12:28:14.236,742.8,294.9,saccade
12:28:14.2365,742.7,296.6,saccade
12:28:14.237,742.7,297.4,saccade
12:28:14.2375,742.8,297.7,saccade
12:28:14.2380,743.0,297.0,saccade
12:28:14.2385,743.1,296.2,saccade
12:28:14.239,745.3,295.7,fixation
12:28:14.2395,746.9,295.1,fixation
12:28:14.24,747.7,294.5,fixation
12:28:14.2405,747.6,295.1,fixation
12:28:14.2410,748.3,296.0,fixation
12:28:14.2415,749.1,296.1,fixation
12:28:14.242,750.6,294.5,fixation
12:28:14.2425,751.1,292.0,fixation
12:28:14.243,751.7,289.6,fixation
12:28:14.2435,751.7,287.9,fixation
12:28:14.244,751.9,286.9,fixation
12:28:14.2445,751.9,287.1,fixation
12:28:14.2450,751.8,287.6,fixation
12:28:14.2455,751.5,289.9,fixation
12:28:14.246,751.2,291.9,fixation
12:28:14.2465,752.4,293.7,fixation
12:28:14.247,754.0,293.1,fixation
12:28:14.2475,755.6,292.0,fixation
12:28:14.2480,755.3,290.6,fixation
12:28:14.2485,754.8,289.1,fixation
12:28:14.249,754.4,288.4,fixation
12:28:14.2495,754.4,288.4,fixation
12:28:14.25,754.4,289.2,fixation
12:28:14.2505,754.4,289.7,fixation
12:28:14.2510,754.5,289.3,fixation
12:28:14.2515,754.8,288.9,fixation
12:28:14.252,755.1,288.0,fixation
12:28:14.2525,755.5,287.0,fixation
12:28:14.253,754.4,286.1,fixation
12:28:14.2535,753.1,285.8,fixation
12:28:14.2540,752.0,286.0,fixation
12:28:14.2545,752.1,286.6,fixation
12:28:14.255,751.9,287.5,fixation
12:28:14.2555,751.5,288.2,fixation
12:28:14.256,751.6,288.7,fixation
12:28:14.2565,752.0,288.7,fixation
12:28:14.2570,752.4,287.8,fixation
12:28:14.2575,752.1,286.8,fixation
12:28:14.2580,751.9,285.9,fixation
12:28:14.2585,751.9,285.8,fixation
12:28:14.259,752.3,285.5,fixation
12:28:14.2595,752.3,285.1,fixation
12:28:14.26,751.9,287.5,fixation
12:28:14.2605,751.5,290.0,fixation
12:28:14.2610,751.5,291.1,fixation
12:28:14.2615,751.8,289.8,fixation
12:28:14.262,752.3,288.4,fixation
12:28:14.2625,752.7,288.3,fixation
12:28:14.263,752.9,288.7,fixation
12:28:14.2635,752.8,289.8,fixation
12:28:14.2640,752.7,290.9,fixation
12:28:14.2645,752.6,291.5,fixation
12:28:14.265,752.1,291.4,fixation
12:28:14.2655,752.0,291.3,fixation
12:28:14.266,752.3,291.5,fixation
12:28:14.2665,753.2,291.1,fixation
12:28:14.2670,752.6,290.7,fixation
12:28:14.2675,751.6,289.9,fixation
12:28:14.268,750.6,289.8,fixation
12:28:14.2685,750.8,289.3,fixation
12:28:14.269,750.9,289.1,fixation
12:28:14.2695,750.8,289.7,fixation
12:28:14.2700,750.6,289.8,fixation
12:28:14.2705,750.7,289.9,fixation
12:28:14.271,751.0,289.1,fixation
12:28:14.2715,751.2,289.1,fixation
12:28:14.272,751.4,289.4,fixation
12:28:14.2725,751.3,289.7,fixation
12:28:14.2730,750.7,289.5,fixation
12:28:14.2735,750.3,288.9,fixation
12:28:14.2740,749.9,288.3,fixation
12:28:14.2745,748.8,288.2,fixation
12:28:14.275,747.5,287.8,fixation
12:28:14.2755,746.7,287.1,fixation
12:28:14.276,747.6,286.0,fixation
12:28:14.2765,748.4,285.3,fixation
12:28:14.2770,748.9,284.8,fixation
12:28:14.2775,749.2,285.5,fixation
12:28:14.278,749.2,286.5,fixation
12:28:14.2785,749.0,287.6,fixation
12:28:14.279,748.8,287.9,fixation
12:28:14.2795,749.1,287.8,fixation
12:28:14.2800,749.8,287.5,fixation
12:28:14.2805,750.5,287.0,fixation
12:28:14.281,750.9,286.7,fixation
12:28:14.2815,750.9,286.4,fixation
12:28:14.282,750.9,286.2,fixation
12:28:14.2825,750.1,286.0,fixation
12:28:14.2830,749.2,287.5,fixation
12:28:14.2835,749.2,290.2,fixation
12:28:14.284,751.3,293.1,fixation
12:28:14.2845,753.7,292.4,fixation
12:28:14.285,754.6,290.4,fixation
12:28:14.2855,753.7,287.7,fixation
12:28:14.2860,752.0,286.8,fixation
12:28:14.2865,750.7,286.8,fixation
12:28:14.287,750.2,287.5,fixation
12:28:14.2875,750.5,288.4,fixation
12:28:14.288,750.8,288.6,fixation
12:28:14.2885,751.8,289.0,fixation
12:28:14.2890,752.9,289.4,fixation
12:28:14.2895,754.1,289.8,fixation
12:28:14.2900,753.5,289.5,fixation
12:28:14.2905,751.9,288.3,fixation
12:28:14.291,750.3,287.0,fixation
12:28:14.2915,749.3,286.2,fixation
12:28:14.292,749.8,286.0,fixation
12:28:14.2925,750.3,285.9,fixation
12:28:14.2930,750.0,287.5,fixation
12:28:14.2935,749.1,291.0,fixation
12:28:14.294,748.6,294.6,fixation
12:28:14.2945,749.2,294.8,fixation
12:28:14.295,750.1,292.9,fixation
12:28:14.2955,750.7,291.0,fixation
12:28:14.2960,750.8,290.3,fixation
12:28:14.2965,751.1,289.8,fixation
12:28:14.297,751.3,288.9,fixation
12:28:14.2975,751.0,288.4,fixation
12:28:14.298,750.5,288.9,fixation
12:28:14.2985,750.0,290.0,fixation
12:28:14.2990,750.0,291.1,fixation
12:28:14.2995,750.5,290.9,fixation
12:28:14.3,750.8,290.6,fixation
12:28:14.3005,751.1,290.2,fixation
12:28:14.301,751.0,290.2,fixation
12:28:14.3015,750.6,290.1,fixation
12:28:14.3020,749.9,290.1,fixation
12:28:14.3025,749.3,290.1,fixation
12:28:14.303,749.8,290.0,fixation
12:28:14.3035,750.6,289.7,fixation
12:28:14.304,750.7,288.7,fixation
12:28:14.3045,749.6,287.8,fixation
12:28:14.3050,748.5,287.0,fixation
12:28:14.3055,748.2,286.9,fixation
12:28:14.3060,748.3,286.9,fixation
12:28:14.3065,748.3,286.9,fixation
12:28:14.307,748.2,286.9,fixation
12:28:14.3075,747.9,288.3,fixation
12:28:14.308,747.7,289.6,fixation
12:28:14.3085,748.6,290.2,fixation
12:28:14.3090,749.8,289.5,fixation
12:28:14.3095,750.9,288.9,fixation
12:28:14.31,749.5,288.9,fixation
12:28:14.3105,748.1,289.0,fixation
12:28:14.311,747.8,289.3,fixation
12:28:14.3115,748.6,290.8,fixation
12:28:14.3120,749.2,292.3,fixation
12:28:14.3125,748.8,293.3,fixation
12:28:14.313,748.5,292.8,fixation
12:28:14.3135,748.4,292.5,fixation
12:28:14.314,748.4,292.1,fixation
12:28:14.3145,748.4,291.3,fixation
12:28:14.3150,748.4,290.3,fixation
12:28:14.3155,748.1,289.4,fixation
12:28:14.316,747.7,289.7,fixation
12:28:14.3165,747.0,289.8,fixation
12:28:14.317,746.6,290.0,fixation
12:28:14.3175,747.9,289.9,fixation
12:28:14.3180,749.5,289.9,fixation
12:28:14.3185,750.8,289.1,fixation
12:28:14.319,750.5,288.3,fixation
12:28:14.3195,750.2,289.5,fixation
12:28:14.32,750.4,291.5,fixation
12:28:14.3205,750.8,292.8,fixation
12:28:14.321,751.0,291.4,fixation
12:28:14.3215,751.0,289.9,fixation
12:28:14.3220,750.9,288.8,fixation
12:28:14.3225,750.8,288.4,fixation
12:28:14.323,750.2,287.4,fixation
12:28:14.3235,749.6,285.7,fixation
12:28:14.324,748.7,284.1,fixation
12:28:14.3245,748.0,283.4,fixation
12:28:14.3250,747.0,285.9,fixation
12:28:14.3255,746.3,288.3,fixation
12:28:14.326,746.7,290.3,fixation
12:28:14.3265,747.8,289.8,fixation
12:28:14.327,749.0,288.6,fixation
12:28:14.3275,749.5,287.7,fixation
12:28:14.3280,749.1,287.7,fixation
12:28:14.3285,749.1,288.3,fixation
12:28:14.329,749.6,289.0,fixation
12:28:14.3295,750.4,289.4,fixation
12:28:14.33,750.7,290.3,fixation
12:28:14.3305,750.0,291.1,fixation
12:28:14.3310,748.5,289.1,fixation
12:28:14.3315,747.0,286.8,fixation
12:28:14.332,747.2,284.6,fixation
12:28:14.3325,748.0,285.8,fixation
12:28:14.333,748.7,286.9,fixation
12:28:14.3335,748.2,288.1,fixation
12:28:14.3340,747.8,288.2,fixation
12:28:14.3345,747.2,288.4,fixation
12:28:14.335,746.9,288.4,fixation
12:28:14.3355,746.9,291.5,fixation
12:28:14.336,747.2,294.5,fixation
12:28:14.3365,747.7,294.8,fixation
12:28:14.337,747.9,291.9,fixation
12:28:14.3375,747.9,289.4,fixation
12:28:14.3380,747.7,289.6,fixation
12:28:14.3385,747.7,289.7,fixation
12:28:14.339,747.8,289.3,fixation
12:28:14.3395,748.2,289.1,fixation
12:28:14.34,748.4,288.9,fixation
12:28:14.3405,748.0,290.0,fixation
12:28:14.3410,747.4,291.2,fixation
12:28:14.3415,745.7,292.4,fixation
12:28:14.342,744.7,292.3,fixation
12:28:14.3425,744.4,290.3,fixation
12:28:14.343,745.1,288.4,fixation
12:28:14.3435,747.2,286.2,fixation
12:28:14.3440,748.6,286.0,fixation
12:28:14.3445,749.9,287.0,fixation
12:28:14.345,749.8,288.3,fixation
12:28:14.3455,748.9,289.1,fixation
12:28:14.346,748.5,288.6,fixation
12:28:14.3465,748.3,288.0,fixation
12:28:14.3470,748.7,287.9,fixation
12:28:14.3475,748.0,286.7,fixation
12:28:14.348,747.1,285.6,fixation
12:28:14.3485,746.3,285.3,fixation
12:28:14.349,746.6,286.2,fixation
12:28:14.3495,746.6,287.1,fixation
12:28:14.3500,746.5,287.2,fixation
12:28:14.3505,746.4,287.5,fixation
12:28:14.351,746.5,288.1,fixation
12:28:14.3515,746.5,288.6,fixation
12:28:14.352,746.3,288.9,fixation
12:28:14.3525,746.1,288.3,fixation
12:28:14.353,746.1,287.0,fixation
12:28:14.3535,745.6,285.7,fixation
12:28:14.3540,745.5,285.9,fixation
12:28:14.3545,745.4,286.6,fixation
12:28:14.355,746.0,287.2,fixation
12:28:14.3555,746.3,286.6,fixation
12:28:14.356,746.6,286.0,fixation
12:28:14.3565,747.4,287.1,fixation
12:28:14.3570,748.1,288.6,fixation
12:28:14.3575,748.8,288.3,fixation
12:28:14.358,748.8,286.4,fixation
12:28:14.3585,748.8,284.4,fixation
12:28:14.359,748.2,286.9,fixation
12:28:14.3595,747.5,289.3,fixation
12:28:14.3600,746.2,291.5,fixation
12:28:14.3605,745.6,290.8,fixation
12:28:14.361,745.3,288.9,fixation
12:28:14.3615,745.8,287.2,fixation
12:28:14.362,746.3,286.3,fixation
12:28:14.3625,746.3,286.7,fixation
12:28:14.3630,747.2,287.2,fixation
12:28:14.3635,748.1,288.0,fixation
12:28:14.364,748.2,288.8,fixation
12:28:14.3645,747.4,289.5,fixation
12:28:14.365,746.7,289.4,fixation
12:28:14.3655,746.7,289.3,fixation
12:28:14.3660,746.7,289.0,fixation
12:28:14.3665,747.0,288.9,fixation
12:28:14.367,747.3,288.7,fixation
12:28:14.3675,747.8,287.6,fixation
12:28:14.368,747.8,286.0,fixation
12:28:14.3685,747.6,284.3,fixation
12:28:14.369,747.1,283.6,fixation
12:28:14.3695,746.5,282.6,fixation
12:28:14.3700,746.2,281.7,fixation
12:28:14.3705,747.2,281.3,fixation
12:28:14.371,748.0,281.9,fixation
12:28:14.3715,748.6,282.9,fixation
12:28:14.372,748.1,284.3,fixation
12:28:14.3725,748.0,285.7,fixation
12:28:14.3730,748.1,286.7,fixation
12:28:14.3735,748.2,287.2,fixation
12:28:14.374,747.3,286.4,fixation
12:28:14.3745,746.3,285.7,fixation
12:28:14.375,746.1,284.5,fixation
12:28:14.3755,746.7,284.1,fixation
12:28:14.3760,748.2,285.8,fixation
12:28:14.3765,749.0,287.9,fixation
12:28:14.377,749.8,290.1,fixation
12:28:14.3775,749.4,290.2,fixation
12:28:14.378,748.7,290.1,fixation
12:28:14.3785,748.0,290.1,fixation
12:28:14.3790,747.9,288.6,fixation
12:28:14.3795,748.2,287.1,fixation
12:28:14.38,748.5,286.0,fixation
12:28:14.3805,747.8,286.4,fixation
12:28:14.381,747.0,286.7,fixation
12:28:14.3815,746.3,286.7,fixation
12:28:14.3820,746.5,286.9,fixation
12:28:14.3825,747.9,287.6,fixation
12:28:14.3830,749.2,288.7,fixation
12:28:14.3835,750.4,289.5,fixation
12:28:14.384,750.3,289.4,fixation
12:28:14.3845,749.6,288.8,fixation
12:28:14.385,749.0,288.2,fixation
12:28:14.3855,748.3,288.7,fixation
12:28:14.3860,748.2,289.2,fixation
12:28:14.3865,748.0,289.6,fixation
12:28:14.387,747.9,289.4,fixation
12:28:14.3875,747.7,289.4,fixation
12:28:14.388,747.6,289.4,fixation
12:28:14.3885,747.9,286.9,fixation
12:28:14.3890,748.2,284.4,fixation
12:28:14.3895,748.4,282.3,fixation
12:28:14.39,748.5,282.8,fixation
12:28:14.3905,748.5,284.8,fixation
12:28:14.391,748.6,286.3,fixation
12:28:14.3915,748.4,287.6,fixation
12:28:14.3920,748.3,287.3,fixation
12:28:14.3925,748.0,288.3,fixation
12:28:14.393,747.7,289.6,fixation
12:28:14.3935,747.6,291.2,fixation
12:28:14.394,748.0,291.5,fixation
12:28:14.3945,748.3,291.5,fixation
12:28:14.3950,748.7,291.4,fixation
12:28:14.3955,748.7,291.2,fixation
12:28:14.396,748.7,291.0,fixation
12:28:14.3965,748.8,290.5,fixation
12:28:14.397,748.1,289.8,fixation
12:28:14.3975,747.4,289.2,fixation
12:28:14.3980,746.6,288.9,fixation
12:28:14.3985,746.8,287.4,fixation
12:28:14.3990,747.1,286.0,fixation
12:28:14.3995,746.9,287.4,fixation
12:28:14.4,746.4,290.5,fixation
12:28:14.4005,746.4,293.6,fixation
12:28:14.401,747.1,293.9,fixation
12:28:14.4015,747.8,293.5,fixation
12:28:14.4020,748.0,291.3,fixation
12:28:14.4025,747.7,289.2,fixation
12:28:14.403,747.3,287.9,fixation
12:28:14.4035,746.4,288.9,fixation
12:28:14.404,746.2,289.5,fixation
12:28:14.4045,746.7,289.6,fixation
12:28:14.4050,747.4,289.1,fixation
12:28:14.4055,748.0,289.1,fixation
12:28:14.406,747.9,289.1,fixation
12:28:14.4065,747.9,289.1,fixation
12:28:14.407,747.0,287.4,fixation
12:28:14.4075,746.0,285.7,fixation
12:28:14.4080,745.5,284.4,fixation
12:28:14.4085,746.0,284.9,fixation
12:28:14.409,746.3,285.4,fixation
12:28:14.4095,746.2,285.5,fixation
12:28:14.41,746.1,287.1,fixation
12:28:14.4105,745.8,288.8,fixation
12:28:14.4110,745.4,290.5,fixation
12:28:14.4115,745.1,290.5,fixation
12:28:14.412,745.0,290.6,fixation
12:28:14.4125,744.9,290.6,fixation
12:28:14.413,745.3,289.3,fixation
12:28:14.4135,745.8,288.0,fixation
12:28:14.4140,746.2,287.0,fixation
12:28:14.4145,746.2,287.8,fixation
12:28:14.4150,746.1,288.5,fixation
12:28:14.4155,746.1,289.0,fixation
12:28:14.416,746.1,289.2,fixation
12:28:14.4165,745.7,290.5,fixation
12:28:14.417,743.7,291.8,fixation
12:28:14.4175,742.0,292.1,fixation
12:28:14.4180,742.1,291.2,fixation
12:28:14.4185,744.1,290.3,fixation
12:28:14.419,745.8,291.0,fixation
12:28:14.4195,745.8,291.6,fixation
12:28:14.42,745.4,293.1,fixation
12:28:14.4205,745.2,294.1,fixation
12:28:14.4210,745.2,295.1,fixation
12:28:14.4215,745.9,293.4,fixation
12:28:14.422,746.6,291.4,fixation
12:28:14.4225,747.3,289.1,fixation
12:28:14.423,747.2,288.9,fixation
12:28:14.4235,747.0,289.6,fixation
12:28:14.4240,746.8,290.5,fixation
12:28:14.4245,746.7,291.0,fixation
12:28:14.425,746.9,290.2,fixation
12:28:14.4255,747.5,289.4,fixation
12:28:14.426,748.1,289.1,fixation
12:28:14.4265,748.0,289.2,fixation
12:28:14.4270,746.8,288.3,fixation
12:28:14.4275,745.7,287.6,fixation
12:28:14.428,745.1,287.2,fixation
12:28:14.4285,746.5,287.7,fixation
12:28:14.429,747.9,288.0,fixation
12:28:14.4295,749.2,288.1,fixation
12:28:14.4300,749.1,287.2,fixation
12:28:14.4305,747.2,286.4,fixation
12:28:14.4310,745.3,286.5,fixation
12:28:14.4315,745.0,287.4,fixation
12:28:14.432,746.5,288.1,fixation
12:28:14.4325,747.8,287.8,fixation
12:28:14.433,747.5,287.3,fixation
12:28:14.4335,747.1,287.2,fixation
12:28:14.4340,747.0,287.2,fixation
12:28:14.4345,747.2,287.7,fixation
12:28:14.435,747.6,288.4,fixation
12:28:14.4355,748.0,289.3,fixation
12:28:14.436,748.1,290.6,fixation
12:28:14.4365,748.1,291.6,fixation
12:28:14.4370,746.7,291.6,fixation
12:28:14.4375,745.3,291.0,fixation
12:28:14.438,745.2,289.1,fixation
12:28:14.4385,746.5,287.8,fixation
12:28:14.439,747.7,286.9,fixation
12:28:14.4395,747.6,287.7,fixation
12:28:14.4400,747.5,288.6,fixation
12:28:14.4405,747.4,289.1,fixation
12:28:14.441,747.3,289.2,fixation
12:28:14.4415,747.5,287.9,fixation
12:28:14.442,747.9,286.5,fixation
12:28:14.4425,748.1,286.3,fixation
12:28:14.4430,747.8,287.5,fixation
12:28:14.4435,747.2,288.6,fixation
12:28:14.444,746.5,289.8,fixation
12:28:14.4445,744.8,292.7,saccade
12:28:14.445,744.5,293.1,saccade
12:28:14.4455,744.9,292.6,saccade
12:28:14.446,745.3,291.7,saccade
12:28:14.4465,745.8,290.5,saccade
12:28:14.4470,746.1,289.9,saccade
12:28:14.4475,746.6,289.3,saccade
12:28:14.448,747.8,289.3,saccade
12:28:14.4485,748.9,289.5,saccade
12:28:14.449,750.2,289.9,saccade
12:28:14.4495,750.8,290.0,saccade
12:28:14.4500,751.6,290.0,saccade
12:28:14.4505,752.4,289.7,saccade
12:28:14.451,755.0,289.6,saccade
12:28:14.4515,757.3,290.7,saccade
12:28:14.452,759.9,291.9,saccade
12:28:14.4525,760.7,293.0,saccade
12:28:14.4530,763.7,292.9,saccade
12:28:14.4535,767.3,292.7,saccade
12:28:14.454,770.6,292.8,saccade
12:28:14.4545,773.7,293.0,saccade
12:28:14.455,776.8,292.8,saccade
12:28:14.4555,781.2,292.6,saccade
12:28:14.4560,784.2,292.4,saccade
12:28:14.4565,787.2,292.3,saccade
12:28:14.457,789.8,292.2,saccade
12:28:14.4575,792.8,292.0,saccade
12:28:14.458,794.8,293.4,saccade
12:28:14.4585,796.6,294.8,saccade
12:28:14.4590,797.6,294.5,saccade
12:28:14.4595,798.9,292.8,saccade
12:28:14.46,799.2,291.2,saccade
12:28:14.4605,799.7,291.6,saccade
12:28:14.461,800.1,292.0,saccade
12:28:14.4615,800.5,292.1,saccade
12:28:14.462,800.5,291.7,saccade
12:28:14.4625,800.2,291.5,saccade
12:28:14.4630,799.7,291.6,saccade
12:28:14.4635,799.3,290.0,saccade
12:28:14.464,797.0,288.4,saccade
12:28:14.4645,794.6,288.1,saccade
12:28:14.465,791.9,289.4,saccade
12:28:14.4655,791.2,290.8,saccade
12:28:14.4660,790.2,291.0,saccade
12:28:14.4665,788.6,291.2,saccade
12:28:14.467,786.6,291.4,saccade
12:28:14.4675,784.9,291.9,saccade
12:28:14.468,783.1,292.2,saccade
12:28:14.4685,781.9,292.4,saccade
12:28:14.4690,780.7,292.3,saccade
12:28:14.4695,779.9,292.1,saccade
12:28:14.47,779.0,292.1,saccade
12:28:14.4705,777.9,291.7,saccade
12:28:14.471,777.2,291.3,saccade
12:28:14.4715,776.5,292.8,saccade
12:28:14.4720,776.0,294.6,saccade
12:28:14.4725,775.6,295.3,saccade
12:28:14.473,774.9,292.4,fixation
12:28:14.4735,774.9,292.1,fixation
12:28:14.474,774.9,291.9,fixation
12:28:14.4745,774.9,291.9,fixation
12:28:14.4750,774.9,291.8,fixation
12:28:14.4755,775.3,291.3,fixation
12:28:14.476,775.7,291.0,fixation
12:28:14.4765,776.1,290.7,fixation
12:28:14.477,776.4,290.7,fixation
12:28:14.4775,777.9,290.6,fixation
12:28:14.478,779.8,290.7,fixation
12:28:14.4785,781.3,291.0,fixation
12:28:14.4790,781.6,292.0,fixation
12:28:14.4795,781.5,293.2,fixation
12:28:14.48,781.4,294.1,fixation
12:28:14.4805,781.3,292.9,fixation
12:28:14.481,781.3,290.5,fixation
12:28:14.4815,781.3,288.2,fixation
12:28:14.4820,781.7,288.1,fixation
12:28:14.4825,782.1,288.6,fixation
12:28:14.483,783.2,289.1,fixation
12:28:14.4835,784.1,289.0,fixation
12:28:14.484,785.5,289.3,fixation
12:28:14.4845,786.2,289.6,fixation
12:28:14.4850,786.1,289.7,fixation
12:28:14.4855,785.1,289.9,fixation
12:28:14.486,783.8,291.7,fixation
12:28:14.4865,783.5,293.5,fixation
12:28:14.487,783.8,293.2,fixation
12:28:14.4875,784.6,291.7,fixation
12:28:14.4880,785.2,290.3,fixation
12:28:14.4885,784.6,290.9,fixation
12:28:14.489,783.5,291.2,fixation
12:28:14.4895,783.5,291.4,fixation
12:28:14.49,784.6,290.2,fixation
12:28:14.4905,785.5,288.9,fixation
12:28:14.4910,784.8,288.4,fixation
12:28:14.4915,783.9,290.1,fixation
12:28:14.492,783.4,291.5,fixation
12:28:14.4925,783.8,291.9,fixation
12:28:14.493,784.1,291.5,fixation
12:28:14.4935,784.1,291.1,fixation
12:28:14.494,783.4,290.9,fixation
12:28:14.4945,783.0,290.7,fixation
12:28:14.4950,783.9,290.6,fixation
12:28:14.4955,785.1,290.1,fixation
12:28:14.496,785.2,289.5,fixation
12:28:14.4965,784.0,289.9,fixation
12:28:14.497,783.0,290.9,fixation
12:28:14.4975,783.0,292.0,fixation
12:28:14.4980,782.8,292.2,fixation
12:28:14.4985,782.8,292.5,fixation
12:28:14.499,782.9,292.8,fixation
12:28:14.4995,783.3,292.9,fixation
12:28:14.5,783.2,292.6,fixation
12:28:14.5005,782.4,291.2,fixation
12:28:14.5010,782.1,289.7,fixation
12:28:14.5015,782.4,288.4,fixation
12:28:14.502,783.2,288.6,fixation
12:28:14.5025,783.5,289.3,fixation
12:28:14.503,783.3,290.2,fixation
12:28:14.5035,783.1,291.9,fixation
12:28:14.5040,783.0,293.6,fixation
12:28:14.5045,782.9,294.1,fixation
12:28:14.505,782.3,293.2,fixation
12:28:14.5055,781.7,292.3,fixation
12:28:14.506,781.1,292.4,fixation
12:28:14.5065,781.9,292.5,fixation
12:28:14.5070,782.6,293.8,fixation
12:28:14.5075,783.2,295.2,fixation
12:28:14.5080,784.0,296.8,fixation
12:28:14.5085,785.0,297.2,fixation
12:28:14.509,785.4,297.6,fixation
12:28:14.5095,785.1,295.8,fixation
12:28:14.51,784.8,294.0,fixation
12:28:14.5105,784.7,292.2,fixation
12:28:14.5110,784.4,292.3,fixation
12:28:14.5115,784.0,291.9,fixation
12:28:14.512,784.0,291.4,fixation
12:28:14.5125,784.9,290.3,fixation
12:28:14.513,785.8,289.7,fixation
12:28:14.5135,786.4,290.0,fixation
12:28:14.5140,786.1,291.7,fixation
12:28:14.5145,785.6,294.6,fixation
12:28:14.515,785.3,296.7,fixation
12:28:14.5155,785.1,297.3,fixation
12:28:14.516,785.0,296.9,fixation
12:28:14.5165,784.6,296.5,fixation
12:28:14.5170,784.3,294.9,fixation
12:28:14.5175,784.0,293.3,fixation
12:28:14.518,784.2,291.6,fixation
12:28:14.5185,784.1,292.9,fixation
12:28:14.519,784.0,294.9,fixation
12:28:14.5195,783.9,296.9,fixation
12:28:14.5200,783.9,295.5,fixation
12:28:14.5205,783.9,293.5,fixation
12:28:14.521,784.0,291.8,fixation
12:28:14.5215,784.1,292.1,fixation
12:28:14.522,784.1,293.0,fixation
12:28:14.5225,783.9,293.5,fixation
12:28:14.5230,783.5,293.8,fixation
12:28:14.5235,783.3,293.4,fixation
12:28:14.5240,783.4,293.0,fixation
12:28:14.5245,783.9,292.8,fixation
12:28:14.525,784.4,293.7,fixation
12:28:14.5255,784.5,294.9,fixation
12:28:14.526,784.5,295.4,fixation
12:28:14.5265,783.8,294.7,fixation
12:28:14.5270,783.1,294.0,fixation
12:28:14.5275,783.1,293.9,fixation
12:28:14.528,783.9,293.9,fixation
12:28:14.5285,784.8,293.0,fixation
12:28:14.529,785.0,292.2,fixation
12:28:14.5295,785.3,291.4,fixation
12:28:14.5300,785.4,291.6,fixation
12:28:14.5305,785.6,292.2,fixation
12:28:14.531,785.4,294.2,fixation
12:28:14.5315,785.2,296.0,fixation
12:28:14.532,785.3,294.9,fixation
12:28:14.5325,785.5,292.4,fixation
12:28:14.5330,785.5,289.3,fixation
12:28:14.5335,785.3,289.3,fixation
12:28:14.534,785.0,289.7,fixation
12:28:14.5345,784.9,290.7,fixation
12:28:14.535,784.5,291.4,fixation
12:28:14.5355,784.2,291.2,fixation
12:28:14.5360,783.9,290.8,fixation
12:28:14.5365,783.9,290.3,fixation
12:28:14.537,783.8,290.3,fixation
12:28:14.5375,783.8,291.9,fixation
12:28:14.538,783.7,293.3,fixation
12:28:14.5385,783.9,293.4,fixation
12:28:14.5390,784.4,292.0,fixation
12:28:14.5395,784.9,290.9,fixation
12:28:14.5400,785.0,291.5,fixation
12:28:14.5405,784.4,292.4,fixation
12:28:14.541,783.8,293.0,fixation
12:28:14.5415,784.3,293.4,fixation
12:28:14.542,785.3,291.5,fixation
12:28:14.5425,786.3,289.6,fixation
12:28:14.5430,786.1,289.8,fixation
12:28:14.5435,785.8,291.8,fixation
12:28:14.544,785.5,293.5,fixation
12:28:14.5445,785.4,293.2,fixation
12:28:14.545,785.4,292.9,fixation
12:28:14.5455,785.2,293.0,fixation
12:28:14.5460,785.0,293.2,fixation
12:28:14.5465,784.7,293.6,fixation
12:28:14.547,785.2,294.0,fixation
12:28:14.5475,785.8,294.1,fixation
12:28:14.548,786.3,294.1,fixation
12:28:14.5485,786.1,294.1,fixation
12:28:14.5490,785.8,294.2,fixation
12:28:14.5495,785.2,294.2,fixation
12:28:14.55,784.7,295.0,fixation
12:28:14.5505,784.8,295.6,fixation
12:28:14.551,785.3,296.0,fixation
12:28:14.5515,785.9,294.6,fixation
12:28:14.5520,785.9,293.4,fixation
12:28:14.5525,786.0,292.0,fixation
12:28:14.553,785.9,291.8,fixation
12:28:14.5535,787.0,291.7,fixation
12:28:14.554,788.1,292.2,fixation
12:28:14.5545,788.7,292.8,fixation
12:28:14.5550,787.8,293.5,fixation
12:28:14.5555,786.7,293.9,fixation
12:28:14.5560,786.0,294.2,fixation
12:28:14.5565,786.7,294.6,fixation
12:28:14.557,787.7,295.5,fixation
12:28:14.5575,787.5,296.1,fixation
12:28:14.558,786.4,296.7,fixation
12:28:14.5585,785.5,296.6,fixation
12:28:14.5590,785.6,295.6,fixation
12:28:14.5595,785.5,294.5,fixation
12:28:14.56,785.2,293.5,fixation
12:28:14.5605,785.4,293.4,fixation
12:28:14.561,785.7,293.4,fixation
12:28:14.5615,785.7,292.7,fixation
12:28:14.5620,785.3,292.0,fixation
12:28:14.5625,784.9,292.9,fixation
12:28:14.563,784.9,294.4,fixation
12:28:14.5635,784.8,296.1,fixation
12:28:14.564,784.9,296.2,fixation
12:28:14.5645,784.8,296.3,fixation
12:28:14.5650,785.1,296.0,fixation
12:28:14.5655,785.2,295.7,fixation
12:28:14.566,785.3,295.4,fixation
12:28:14.5665,786.0,295.8,fixation
12:28:14.567,786.7,296.2,fixation
12:28:14.5675,787.1,296.1,fixation
12:28:14.5680,786.8,295.8,fixation
12:28:14.5685,786.4,295.5,fixation
12:28:14.569,786.5,294.8,fixation
12:28:14.5695,786.7,293.8,fixation
12:28:14.57,787.1,292.8,fixation
12:28:14.5705,787.4,292.6,fixation
12:28:14.571,787.1,292.6,fixation
12:28:14.5715,786.8,291.8,fixation
12:28:14.5720,786.8,291.1,fixation
12:28:14.5725,787.3,290.4,fixation
12:28:14.573,786.8,290.4,fixation
12:28:14.5735,786.2,290.5,fixation
12:28:14.574,785.6,290.6,fixation
12:28:14.5745,785.9,290.7,fixation
12:28:14.5750,786.1,290.4,fixation
12:28:14.5755,786.3,290.2,fixation
12:28:14.576,786.2,291.2,fixation
12:28:14.5765,786.6,292.5,fixation
12:28:14.577,787.0,293.7,fixation
12:28:14.5775,786.4,293.4,fixation
12:28:14.5780,785.2,293.1,fixation
12:28:14.5785,785.1,292.7,fixation
12:28:14.579,786.2,292.2,fixation
12:28:14.5795,787.3,291.8,fixation
12:28:14.58,787.3,291.5,fixation
12:28:14.5805,787.7,292.8,fixation
12:28:14.5810,788.0,294.1,fixation
12:28:14.5815,788.2,295.4,fixation
12:28:14.582,788.0,294.1,fixation
12:28:14.5825,787.7,292.8,fixation
12:28:14.583,787.7,291.2,fixation
12:28:14.5835,786.6,290.8,fixation
12:28:14.5840,785.4,290.4,fixation
12:28:14.5845,785.9,291.0,fixation
12:28:14.585,787.7,291.7,fixation
12:28:14.5855,788.0,292.4,fixation
12:28:14.586,786.5,292.4,fixation
12:28:14.5865,784.9,292.4,fixation
12:28:14.587,784.8,292.3,fixation
12:28:14.5875,784.4,292.7,fixation
12:28:14.5880,784.0,293.4,fixation
12:28:14.5885,783.7,294.0,fixation
12:28:14.589,783.8,294.2,fixation
12:28:14.5895,783.8,293.5,fixation
12:28:14.59,785.0,292.7,fixation
12:28:14.5905,786.3,291.6,fixation
12:28:14.5910,787.6,290.8,fixation
12:28:14.5915,787.7,290.1,fixation
12:28:14.592,788.4,289.9,fixation
12:28:14.5925,789.5,290.2,fixation
12:28:14.593,790.7,290.4,fixation
12:28:14.5935,791.0,290.5,fixation
12:28:14.5940,790.7,291.0,fixation
12:28:14.5945,790.1,291.9,fixation
12:28:14.595,789.4,293.0,fixation
12:28:14.5955,788.1,293.7,fixation
12:28:14.596,786.3,295.5,fixation
12:28:14.5965,784.8,297.1,fixation
12:28:14.5970,784.5,297.2,fixation
12:28:14.5975,785.3,295.8,fixation
12:28:14.598,786.1,294.2,fixation
12:28:14.5985,786.3,294.0,fixation
12:28:14.599,786.0,295.3,fixation
12:28:14.5995,785.8,296.7,fixation
12:28:14.6000,785.8,298.2,fixation
12:28:14.6005,786.0,298.2,fixation
12:28:14.601,786.4,298.2,fixation
12:28:14.6015,786.9,297.8,fixation
12:28:14.602,787.5,297.1,fixation
12:28:14.6025,787.6,296.4,fixation
12:28:14.603,787.5,296.2,fixation
12:28:14.6035,787.2,295.6,fixation
12:28:14.6040,787.1,294.7,fixation
12:28:14.6045,787.0,294.0,fixation
12:28:14.605,786.9,294.0,fixation
12:28:14.6055,786.8,293.9,fixation
12:28:14.606,786.1,293.8,fixation
12:28:14.6065,785.3,294.4,fixation
12:28:14.6070,784.6,295.0,fixation
12:28:14.6075,784.9,295.7,fixation
12:28:14.608,785.9,294.4,fixation
12:28:14.6085,787.4,291.8,fixation
12:28:14.609,788.7,289.2,fixation
12:28:14.6095,789.2,288.1,fixation
12:28:14.6100,787.9,288.8,fixation
12:28:14.6105,786.1,289.5,fixation
12:28:14.611,784.5,288.6,fixation
12:28:14.6115,784.3,287.4,fixation
12:28:14.612,784.5,287.4,fixation
12:28:14.6125,784.5,288.6,fixation
12:28:14.6130,784.3,289.9,fixation
12:28:14.6135,785.6,289.9,fixation
12:28:14.614,786.8,290.0,fixation
12:28:14.6145,787.9,290.2,fixation
12:28:14.615,787.7,290.3,fixation
12:28:14.6155,787.2,290.3,fixation
12:28:14.6160,786.8,290.2,fixation
12:28:14.6165,786.5,290.2,fixation
12:28:14.617,786.3,289.9,fixation
12:28:14.6175,786.0,289.7,fixation
12:28:14.618,785.5,290.1,fixation
12:28:14.6185,785.3,290.4,fixation
12:28:14.619,784.9,290.5,fixation
12:28:14.6195,785.0,288.9,fixation
12:28:14.6200,785.1,287.5,fixation
12:28:14.6205,785.4,286.5,fixation
12:28:14.621,786.2,286.7,fixation
12:28:14.6215,786.7,287.0,fixation
12:28:14.622,787.4,287.3,fixation
12:28:14.6225,787.1,289.3,fixation
12:28:14.6230,786.5,291.3,fixation
12:28:14.6235,786.0,293.3,fixation
12:28:14.624,785.7,293.5,fixation
12:28:14.6245,785.6,293.6,fixation
12:28:14.625,786.2,293.5,fixation
12:28:14.6255,786.7,293.5,fixation
12:28:14.6260,787.2,293.1,fixation
12:28:14.6265,787.2,292.9,fixation
12:28:14.627,788.1,292.6,fixation
12:28:14.6275,789.0,292.5,fixation
12:28:14.628,788.8,292.6,fixation
12:28:14.6285,787.7,292.8,fixation
12:28:14.6290,786.8,292.8,fixation
12:28:14.6295,787.2,292.6,fixation
12:28:14.63,787.6,292.4,fixation
12:28:14.6305,787.7,293.3,fixation
12:28:14.631,788.4,294.3,fixation
12:28:14.6315,789.5,295.1,fixation
12:28:14.6320,790.8,294.8,fixation
12:28:14.6325,791.3,293.7,fixation
12:28:14.6330,791.3,292.6,fixation
12:28:14.6335,791.3,292.8,fixation
12:28:14.634,791.3,293.9,fixation
12:28:14.6345,790.0,295.0,fixation
12:28:14.635,788.7,294.5,fixation
12:28:14.6355,787.2,294.2,fixation
12:28:14.6360,786.8,293.9,fixation
12:28:14.6365,786.5,293.7,fixation
12:28:14.637,786.8,293.4,fixation
12:28:14.6375,787.2,293.2,fixation
12:28:14.638,787.5,293.3,fixation
12:28:14.6385,787.3,293.2,fixation
12:28:14.6390,786.8,294.0,fixation
12:28:14.6395,786.4,294.8,fixation
12:28:14.64,786.2,295.5,fixation
12:28:14.6405,786.4,295.1,fixation
12:28:14.641,786.6,295.5,fixation
12:28:14.6415,786.7,296.1,fixation
12:28:14.6420,786.9,295.2,fixation
12:28:14.6425,787.1,293.9,fixation
12:28:14.643,787.2,292.5,fixation
12:28:14.6435,788.0,293.5,fixation
12:28:14.644,788.9,294.2,fixation
12:28:14.6445,788.8,294.8,fixation
12:28:14.6450,787.8,294.7,fixation
12:28:14.6455,787.7,294.0,fixation
12:28:14.646,788.5,293.3,fixation
12:28:14.6465,789.2,292.6,fixation
12:28:14.647,788.5,292.3,fixation
12:28:14.6475,788.0,292.1,fixation
12:28:14.6480,787.5,293.1,fixation
12:28:14.6485,787.5,294.2,fixation
12:28:14.6490,787.4,295.1,fixation
12:28:14.6495,788.1,294.9,fixation
12:28:14.65,788.8,293.9,fixation
12:28:14.6505,789.4,292.8,fixation
12:28:14.651,789.4,291.8,fixation
12:28:14.6515,789.3,291.2,fixation
12:28:14.6520,788.4,290.7,fixation
12:28:14.6525,787.5,290.2,fixation
12:28:14.653,786.4,290.9,fixation
12:28:14.6535,786.3,291.5,fixation
12:28:14.654,786.3,292.2,fixation
12:28:14.6545,786.5,291.9,fixation
12:28:14.6550,787.4,292.4,fixation
12:28:14.6555,788.3,292.9,fixation
12:28:14.656,788.9,293.7,fixation
12:28:14.6565,788.6,294.0,fixation
12:28:14.657,788.2,294.4,fixation
12:28:14.6575,788.1,294.9,fixation
12:28:14.6580,788.3,295.5,fixation
12:28:14.6585,788.6,295.1,fixation
12:28:14.659,788.6,293.2,fixation
12:28:14.6595,788.6,291.2,fixation
12:28:14.66,788.7,290.5,fixation
12:28:14.6605,788.9,290.9,fixation
12:28:14.6610,789.5,290.6,fixation
12:28:14.6615,789.8,289.8,fixation
12:28:14.662,789.7,290.2,fixation
12:28:14.6625,789.2,291.5,fixation
12:28:14.663,789.1,292.7,fixation
12:28:14.6635,789.6,292.6,fixation
12:28:14.6640,790.2,292.5,fixation
12:28:14.6645,789.7,292.1,fixation
12:28:14.6650,788.9,291.7,fixation
12:28:14.6655,788.1,291.6,fixation
12:28:14.666,788.0,291.9,fixation
12:28:14.6665,787.9,293.0,fixation
12:28:14.667,787.9,294.1,fixation
12:28:14.6675,788.5,295.1,fixation
12:28:14.6680,789.2,295.1,fixation
12:28:14.6685,790.0,294.3,fixation
12:28:14.669,789.9,293.6,fixation
12:28:14.6695,789.3,293.0,fixation
12:28:14.67,788.6,293.1,fixation
12:28:14.6705,788.1,293.2,fixation
12:28:14.6710,788.2,293.7,fixation
12:28:14.6715,787.6,294.1,fixation
12:28:14.672,787.1,293.8,fixation
12:28:14.6725,786.3,292.9,fixation
12:28:14.673,786.0,292.1,fixation
12:28:14.6735,786.2,292.2,fixation
12:28:14.6740,787.1,292.9,fixation
12:28:14.6745,788.0,293.9,fixation
12:28:14.675,789.0,294.9,fixation
12:28:14.6755,790.1,295.8,fixation
12:28:14.676,791.2,296.3,fixation
12:28:14.6765,790.5,295.9,fixation
12:28:14.6770,789.4,294.8,fixation
12:28:14.6775,788.4,293.4,fixation
12:28:14.678,788.6,292.9,fixation
12:28:14.6785,788.2,292.1,fixation
12:28:14.679,787.8,291.5,fixation
12:28:14.6795,788.5,291.6,fixation
12:28:14.6800,789.6,292.4,fixation
12:28:14.6805,790.8,293.4,fixation
12:28:14.6810,791.0,293.7,fixation
12:28:14.6815,791.2,293.9,fixation
12:28:14.682,791.2,295.4,fixation
12:28:14.6825,791.1,296.9,fixation
12:28:14.683,791.2,297.2,fixation
12:28:14.6835,791.0,296.0,fixation
12:28:14.6840,790.8,294.7,fixation
12:28:14.6845,790.6,294.7,fixation
12:28:14.685,790.2,294.6,fixation
12:28:14.6855,789.3,294.6,fixation
12:28:14.686,788.2,294.6,fixation
12:28:14.6865,787.6,294.6,fixation
12:28:14.6870,787.5,294.6,fixation
12:28:14.6875,787.7,293.2,fixation
12:28:14.688,788.0,291.7,fixation
12:28:14.6885,787.9,290.9,fixation
12:28:14.689,787.7,291.5,fixation
12:28:14.6895,788.3,292.1,fixation
12:28:14.6900,788.9,293.0,fixation
12:28:14.6905,789.5,293.9,fixation
12:28:14.691,789.3,293.8,fixation
12:28:14.6915,789.6,292.8,fixation
12:28:14.692,789.8,291.8,fixation
12:28:14.6925,789.8,291.8,fixation
12:28:14.6930,789.7,291.7,fixation
12:28:14.6935,789.6,292.8,fixation
12:28:14.694,789.5,293.7,fixation
12:28:14.6945,790.5,294.4,fixation
12:28:14.695,791.6,293.9,fixation
12:28:14.6955,791.6,293.6,fixation
12:28:14.696,790.1,293.5,fixation
12:28:14.6965,788.7,293.1,fixation
12:28:14.6970,789.3,292.8,fixation
12:28:14.6975,790.2,292.6,fixation
12:28:14.698,791.2,292.6,fixation
12:28:14.6985,791.5,292.7,fixation
12:28:14.699,791.5,292.0,fixation
12:28:14.6995,791.2,291.2,fixation
12:28:14.7000,790.8,290.5,fixation
12:28:14.7005,790.7,290.7,fixation
12:28:14.701,790.6,291.0,fixation
12:28:14.7015,790.3,291.5,fixation
12:28:14.702,790.0,291.9,fixation
12:28:14.7025,789.8,292.9,fixation
12:28:14.7030,789.7,294.3,fixation
12:28:14.7035,789.7,295.7,fixation
12:28:14.704,789.7,296.0,fixation
12:28:14.7045,789.8,295.4,fixation
12:28:14.705,788.6,293.7,fixation
12:28:14.7055,787.3,292.3,fixation
12:28:14.7060,787.2,291.3,fixation
12:28:14.7065,788.4,290.4,fixation
12:28:14.707,788.6,289.6,fixation
12:28:14.7075,787.7,288.7,fixation
12:28:14.708,787.5,288.7,fixation
12:28:14.7085,788.8,288.5,fixation
12:28:14.7090,790.1,288.4,fixation
12:28:14.7095,789.8,289.6,fixation
12:28:14.71,789.0,291.0,fixation
12:28:14.7105,788.3,292.4,fixation
12:28:14.711,788.2,292.7,fixation
12:28:14.7115,788.2,292.9,fixation
12:28:14.712,788.1,293.0,fixation
12:28:14.7125,788.3,293.0,fixation
12:28:14.7130,788.4,291.4,fixation
12:28:14.7135,788.6,289.8,fixation
12:28:14.714,788.6,288.8,fixation
12:28:14.7145,788.6,290.2,fixation
12:28:14.715,789.0,291.7,fixation
12:28:14.7155,789.1,292.5,fixation
12:28:14.7160,789.3,292.8,fixation
12:28:14.7165,789.8,293.4,fixation
12:28:14.717,790.5,293.9,fixation
12:28:14.7175,791.1,294.3,fixation
12:28:14.718,791.0,294.4,fixation
12:28:14.7185,791.0,293.2,fixation
12:28:14.7190,790.9,291.9,fixation
12:28:14.7195,790.9,290.5,fixation
12:28:14.72,790.9,290.4,fixation
12:28:14.7205,791.6,290.4,fixation
12:28:14.721,792.4,289.9,fixation
12:28:14.7215,793.2,289.4,fixation
12:28:14.7220,791.9,288.7,fixation
12:28:14.7225,790.5,288.8,fixation
12:28:14.723,789.4,288.9,fixation
12:28:14.7235,790.1,289.4,fixation
12:28:14.724,791.0,290.0,fixation
12:28:14.7245,791.5,292.1,fixation
12:28:14.7250,791.9,293.9,fixation
12:28:14.7255,791.6,294.9,fixation
12:28:14.726,790.9,293.7,fixation
12:28:14.7265,789.8,292.6,fixation
12:28:14.727,789.0,292.0,fixation
12:28:14.7275,789.1,291.9,fixation
12:28:14.728,789.4,291.7,fixation
12:28:14.7285,789.7,291.3,fixation
12:28:14.7290,789.6,290.8,fixation
12:28:14.7295,789.9,289.3,fixation
12:28:14.73,790.3,288.0,fixation
12:28:14.7305,790.7,287.8,fixation
12:28:14.731,790.6,288.7,fixation
12:28:14.7315,790.3,290.6,fixation
12:28:14.7320,790.2,293.2,fixation
12:28:14.7325,790.3,295.8,fixation
12:28:14.733,790.7,297.4,fixation
12:28:14.7335,790.8,297.3,fixation
12:28:14.734,791.2,296.9,fixation
12:28:14.7345,791.5,296.3,fixation
12:28:14.7350,790.8,295.5,fixation
12:28:14.7355,789.7,293.4,fixation
12:28:14.736,788.5,291.6,fixation
12:28:14.7365,788.6,289.7,fixation
12:28:14.737,789.0,289.5,fixation
12:28:14.7375,789.1,288.9,fixation
12:28:14.7380,789.1,288.6,fixation
12:28:14.7385,789.2,290.5,fixation
12:28:14.739,789.6,292.6,fixation
12:28:14.7395,789.9,294.6,fixation
12:28:14.74,790.1,294.4,fixation
12:28:14.7405,790.3,294.2,fixation
12:28:14.7410,790.6,293.9,fixation
12:28:14.7415,790.7,293.6,fixation
12:28:14.742,790.6,293.3,fixation
12:28:14.7425,790.4,293.1,fixation
12:28:14.743,790.1,293.3,fixation
12:28:14.7435,790.2,293.5,fixation
12:28:14.744,789.7,293.7,fixation
12:28:14.7445,789.4,293.3,fixation
12:28:14.7450,788.9,293.0,fixation
12:28:14.7455,788.6,293.1,fixation
12:28:14.746,788.2,293.3,fixation
12:28:14.7465,788.8,293.6,fixation
12:28:14.747,789.7,293.9,fixation
12:28:14.7475,790.7,294.1,fixation
12:28:14.7480,790.0,294.1,fixation
12:28:14.7485,789.3,294.0,fixation
12:28:14.749,789.3,293.9,fixation
12:28:14.7495,789.8,294.1,fixation
12:28:14.75,790.3,294.4,fixation
12:28:14.7505,790.3,294.5,fixation
12:28:14.7510,790.0,294.8,fixation
12:28:14.7515,789.5,295.2,fixation
12:28:14.752,789.2,294.4,fixation
12:28:14.7525,790.2,293.2,fixation
12:28:14.753,791.4,292.1,fixation
12:28:14.7535,791.9,292.1,fixation
12:28:14.7540,791.2,292.2,fixation
12:28:14.7545,790.5,292.6,fixation
12:28:14.755,790.4,293.3,fixation
12:28:14.7555,790.3,293.9,fixation
12:28:14.756,789.5,294.3,fixation
12:28:14.7565,788.8,294.2,fixation
12:28:14.7570,788.4,294.2,fixation
12:28:14.7575,789.0,294.1,fixation
12:28:14.7580,789.9,293.2,fixation
12:28:14.7585,790.4,292.6,fixation
12:28:14.759,790.6,292.2,fixation
12:28:14.7595,790.4,293.0,fixation
12:28:14.76,790.3,293.6,fixation
12:28:14.7605,790.1,294.1,fixation
12:28:14.7610,790.1,294.2,fixation
12:28:14.7615,790.4,293.9,fixation
12:28:14.762,790.7,293.7,fixation
12:28:14.7625,791.1,293.5,fixation
12:28:14.763,791.1,293.6,fixation
12:28:14.7635,790.7,293.7,fixation
12:28:14.7640,790.3,292.9,fixation
12:28:14.7645,790.2,292.2,fixation
12:28:14.765,790.6,290.8,fixation
12:28:14.7655,790.9,290.3,fixation
12:28:14.766,791.0,290.5,fixation
12:28:14.7665,790.4,292.3,fixation
12:28:14.7670,789.9,294.2,fixation
12:28:14.7675,789.9,295.3,fixation
12:28:14.768,790.5,295.4,fixation
12:28:14.7685,791.0,295.1,fixation
12:28:14.769,791.0,294.0,fixation
12:28:14.7695,790.9,292.7,fixation
12:28:14.7700,791.1,291.8,fixation
12:28:14.7705,791.2,291.4,fixation
12:28:14.771,790.9,291.3,fixation
12:28:14.7715,790.7,291.1,fixation
12:28:14.772,790.4,291.5,fixation
12:28:14.7725,790.5,291.9,fixation
12:28:14.7730,791.2,290.8,fixation
12:28:14.7735,792.3,289.3,fixation
12:28:14.7740,793.4,288.3,fixation
12:28:14.7745,793.5,289.5,fixation
12:28:14.775,793.1,290.3,fixation
12:28:14.7755,792.8,290.7,fixation
12:28:14.776,792.7,291.3,fixation
12:28:14.7765,792.7,292.1,fixation
12:28:14.7770,792.3,293.0,fixation
12:28:14.7775,791.9,292.6,fixation
12:28:14.778,791.7,292.3,fixation
12:28:14.7785,792.3,292.1,fixation
12:28:14.779,792.7,292.3,fixation
12:28:14.7795,792.8,292.6,fixation
12:28:14.7800,792.6,292.8,fixation
12:28:14.7805,792.3,292.8,fixation
12:28:14.781,792.3,293.4,fixation
12:28:14.7815,792.4,294.5,fixation
12:28:14.782,792.5,295.6,fixation
12:28:14.7825,792.6,294.6,fixation
12:28:14.7830,792.6,293.8,fixation
12:28:14.7835,792.9,293.0,fixation
12:28:14.784,793.1,293.9,fixation
12:28:14.7845,793.2,294.4,fixation
12:28:14.785,793.1,294.6,fixation
12:28:14.7855,793.0,294.8,fixation
12:28:14.7860,792.9,294.2,fixation
12:28:14.7865,792.2,293.5,fixation
12:28:14.787,791.5,293.2,fixation
12:28:14.7875,790.8,293.2,fixation
12:28:14.788,791.0,293.1,fixation
12:28:14.7885,791.2,292.8,fixation
12:28:14.7890,792.4,293.0,fixation
12:28:14.7895,793.6,293.6,fixation
12:28:14.7900,794.8,294.0,fixation
12:28:14.7905,794.2,293.8,fixation
12:28:14.791,793.1,293.7,fixation
12:28:14.7915,792.1,293.6,fixation
12:28:14.792,791.8,293.5,fixation
12:28:14.7925,791.8,293.6,fixation
12:28:14.7930,791.8,293.7,fixation
12:28:14.7935,792.0,293.9,fixation
12:28:14.794,792.4,294.0,fixation
12:28:14.7945,792.8,294.0,fixation
12:28:14.795,793.0,294.2,fixation
12:28:14.7955,793.0,294.3,fixation
12:28:14.7960,793.2,293.0,fixation
12:28:14.7965,793.1,291.5,fixation
12:28:14.797,792.7,290.2,fixation
12:28:14.7975,792.1,290.3,fixation
12:28:14.798,792.2,290.5,fixation
12:28:14.7985,793.2,291.0,fixation
12:28:14.7990,794.0,292.8,fixation
12:28:14.7995,793.8,294.6,fixation
12:28:14.8,793.1,294.8,fixation
12:28:14.8005,792.6,293.4,fixation
12:28:14.801,792.8,292.0,fixation
12:28:14.8015,792.5,291.7,fixation
12:28:14.8020,792.1,291.3,fixation
12:28:14.8025,791.8,290.9,fixation
12:28:14.803,791.8,291.0,fixation
12:28:14.8035,791.7,291.5,fixation
12:28:14.804,791.6,292.0,fixation
12:28:14.8045,791.7,292.2,saccade
12:28:14.8050,791.8,293.5,saccade
12:28:14.8055,792.2,295.3,saccade
12:28:14.8060,792.3,297.0,saccade
12:28:14.8065,791.4,295.4,saccade
12:28:14.807,790.4,293.3,saccade
12:28:14.8075,789.0,292.4,saccade
12:28:14.808,788.2,293.5,saccade
12:28:14.8085,787.5,294.3,saccade
12:28:14.8090,787.5,294.0,saccade
12:28:14.8095,788.1,293.6,saccade
12:28:14.81,791.3,292.7,saccade
12:28:14.8105,794.3,291.8,saccade
12:28:14.811,797.1,290.9,saccade
12:28:14.8115,797.4,290.8,saccade
12:28:14.8120,797.7,291.4,saccade
12:28:14.8125,800.9,292.1,saccade
12:28:14.813,803.8,293.4,saccade
12:28:14.8135,807.3,294.2,saccade
12:28:14.814,810.0,294.9,saccade
12:28:14.8145,814.1,294.8,saccade
12:28:14.8150,821.0,294.7,saccade
12:28:14.8155,826.0,296.1,saccade
12:28:14.816,831.1,297.4,saccade
12:28:14.8165,834.2,297.8,saccade
12:28:14.817,839.7,296.3,saccade
12:28:14.8175,844.4,294.9,saccade
12:28:14.8180,850.1,294.6,saccade
12:28:14.8185,854.1,294.7,saccade
12:28:14.819,859.9,294.7,saccade
12:28:14.8195,863.4,294.2,saccade
12:28:14.82,867.0,293.2,saccade
12:28:14.8205,869.0,293.0,saccade
12:28:14.821,872.3,293.1,saccade
12:28:14.8215,874.7,293.8,saccade
12:28:14.8220,876.6,292.7,saccade
12:28:14.8225,876.7,291.7,saccade
12:28:14.823,876.6,290.7,saccade
12:28:14.8235,876.2,290.7,saccade
12:28:14.824,875.7,290.8,saccade
12:28:14.8245,872.5,290.9,saccade
12:28:14.8250,869.3,291.2,saccade
12:28:14.8255,864.4,291.6,saccade
12:28:14.826,861.9,291.9,saccade
12:28:14.8265,858.3,291.9,saccade
12:28:14.827,856.4,291.4,saccade
12:28:14.8275,851.9,290.5,saccade
12:28:14.8280,848.5,289.0,saccade
12:28:14.8285,844.9,288.1,saccade
12:28:14.829,843.3,289.3,saccade
12:28:14.8295,841.9,291.0,saccade
12:28:14.83,838.7,292.9,saccade
12:28:14.8305,836.7,293.0,saccade
12:28:14.8310,833.6,293.2,saccade
12:28:14.8315,831.8,293.3,saccade
12:28:14.832,829.9,293.6,saccade
12:28:14.8325,829.3,293.8,saccade
12:28:14.833,829.5,293.9,saccade
12:28:14.8335,829.9,293.7,saccade
12:28:14.8340,830.3,293.2,saccade
12:28:14.8345,830.4,292.6,saccade
12:28:14.835,830.6,292.4,saccade
12:28:14.8355,830.9,291.1,saccade
12:28:14.836,832.4,288.4,fixation
12:28:14.8365,832.9,288.2,fixation
12:28:14.837,832.9,287.9,fixation
12:28:14.8375,833.3,287.8,fixation
12:28:14.8380,834.8,286.7,fixation
12:28:14.8385,836.3,285.6,fixation
12:28:14.839,837.9,285.6,fixation
12:28:14.8395,838.7,286.7,fixation
12:28:14.84,839.8,287.5,fixation
12:28:14.8405,840.5,286.9,fixation
12:28:14.8410,841.1,286.4,fixation
12:28:14.8415,841.3,287.1,fixation
12:28:14.842,841.5,288.3,fixation
12:28:14.8425,841.3,289.5,fixation
12:28:14.843,841.3,289.7,fixation
12:28:14.8435,841.7,289.9,fixation
12:28:14.8440,842.3,290.0,fixation
12:28:14.8445,842.9,289.3,fixation
12:28:14.845,842.9,288.5,fixation
12:28:14.8455,842.8,289.1,fixation
12:28:14.846,842.9,290.4,fixation
12:28:14.8465,843.4,290.7,fixation
12:28:14.8470,844.0,289.6,fixation
12:28:14.8475,844.8,289.2,fixation
12:28:14.848,845.0,290.1,fixation
12:28:14.8485,844.4,291.1,fixation
12:28:14.849,843.6,291.6,fixation
12:28:14.8495,843.3,291.7,fixation
12:28:14.8500,843.8,291.8,fixation
12:28:14.8505,844.4,291.8,fixation
12:28:14.851,844.5,291.7,fixation
12:28:14.8515,846.1,291.5,fixation
12:28:14.852,847.4,290.9,fixation
12:28:14.8525,848.4,290.4,fixation
12:28:14.853,847.8,289.8,fixation
12:28:14.8535,847.4,290.5,fixation
12:28:14.8540,847.3,291.3,fixation
12:28:14.8545,847.8,290.8,fixation
12:28:14.855,848.4,289.7,fixation
12:28:14.8555,848.5,288.7,fixation
12:28:14.856,847.6,288.9,fixation
12:28:14.8565,846.4,289.9,fixation
12:28:14.8570,845.5,291.1,fixation
12:28:14.8575,845.1,292.1,fixation
12:28:14.858,845.3,289.5,fixation
12:28:14.8585,845.4,286.7,fixation
12:28:14.859,845.0,286.8,fixation
12:28:14.8595,844.4,289.7,fixation
12:28:14.8600,843.9,292.6,fixation
12:28:14.8605,843.8,292.7,fixation
12:28:14.861,843.7,292.7,fixation
12:28:14.8615,843.6,292.8,fixation
12:28:14.862,843.1,292.8,fixation
12:28:14.8625,842.5,292.8,fixation
12:28:14.8630,842.2,292.7,fixation
12:28:14.8635,842.9,292.4,fixation
12:28:14.864,843.6,292.1,fixation
12:28:14.8645,843.5,293.0,fixation
12:28:14.865,842.1,294.3,fixation
12:28:14.8655,840.8,295.7,fixation
12:28:14.8660,840.8,295.3,fixation
12:28:14.8665,841.9,293.9,fixation
12:28:14.867,842.8,292.8,fixation
12:28:14.8675,842.9,292.1,fixation
12:28:14.868,842.9,292.4,fixation
12:28:14.8685,842.9,292.6,fixation
12:28:14.869,842.9,292.9,fixation
12:28:14.8695,842.9,293.1,fixation
12:28:14.8700,842.9,292.1,fixation
12:28:14.8705,843.0,291.0,fixation
12:28:14.871,843.1,289.9,fixation
12:28:14.8715,843.1,289.9,fixation
12:28:14.872,843.1,290.0,fixation
12:28:14.8725,843.0,290.0,fixation
12:28:14.8730,843.2,290.1,fixation
12:28:14.8735,843.4,290.7,fixation
12:28:14.874,843.4,291.9,fixation
12:28:14.8745,843.0,293.0,fixation
12:28:14.875,842.3,293.9,fixation
12:28:14.8755,841.9,294.3,fixation
12:28:14.8760,841.9,294.6,fixation
12:28:14.8765,842.2,293.2,fixation
12:28:14.877,842.4,291.7,fixation
12:28:14.8775,842.4,290.5,fixation
12:28:14.878,842.3,290.8,fixation
12:28:14.8785,842.2,290.3,fixation
12:28:14.8790,842.2,289.5,fixation
12:28:14.8795,842.2,288.7,fixation
12:28:14.88,842.4,289.7,fixation
12:28:14.8805,842.8,290.5,fixation
12:28:14.881,842.9,291.4,fixation
12:28:14.8815,842.8,292.8,fixation
12:28:14.8820,842.6,294.1,fixation
12:28:14.8825,842.5,295.0,fixation
12:28:14.8830,842.6,294.4,fixation
12:28:14.8835,842.6,293.4,fixation
12:28:14.884,843.7,291.9,fixation
12:28:14.8845,844.8,289.8,fixation
12:28:14.885,845.1,288.6,fixation
12:28:14.8855,844.2,289.0,fixation
12:28:14.8860,843.2,290.1,fixation
12:28:14.8865,843.4,291.4,fixation
12:28:14.887,844.1,291.8,fixation
12:28:14.8875,844.8,291.1,fixation
12:28:14.888,845.3,290.3,fixation
12:28:14.8885,845.3,288.8,fixation
12:28:14.8890,845.3,287.8,fixation
12:28:14.8895,845.1,286.7,fixation
12:28:14.89,844.8,286.3,fixation
12:28:14.8905,843.8,286.5,fixation
12:28:14.891,843.0,287.1,fixation
12:28:14.8915,843.2,288.1,fixation
12:28:14.8920,844.2,288.8,fixation
12:28:14.8925,845.1,289.0,fixation
12:28:14.893,845.0,288.7,fixation
12:28:14.8935,844.7,290.2,fixation
12:28:14.894,844.4,291.4,fixation
12:28:14.8945,844.3,292.7,fixation
12:28:14.8950,844.1,292.7,fixation
12:28:14.8955,843.7,293.9,fixation
12:28:14.896,843.5,295.0,fixation
12:28:14.8965,843.8,295.3,fixation
12:28:14.897,844.3,294.8,fixation
12:28:14.8975,844.2,294.3,fixation
12:28:14.8980,843.9,293.5,fixation
12:28:14.8985,844.1,293.1,fixation
12:28:14.8990,844.9,292.8,fixation
12:28:14.8995,845.7,293.2,fixation
12:28:14.9,846.3,293.5,fixation
12:28:14.9005,846.7,293.6,fixation
12:28:14.901,845.0,293.1,fixation
12:28:14.9015,842.9,292.9,fixation
12:28:14.9020,841.3,292.8,fixation
12:28:14.9025,841.9,292.6,fixation
12:28:14.903,842.9,292.0,fixation
12:28:14.9035,843.4,291.3,fixation
12:28:14.904,844.0,292.3,fixation
12:28:14.9045,844.4,293.9,fixation
12:28:14.9050,844.8,294.7,fixation
12:28:14.9055,844.1,294.0,fixation
12:28:14.906,843.2,293.4,fixation
12:28:14.9065,842.8,293.6,fixation
12:28:14.907,843.6,292.2,fixation
12:28:14.9075,845.0,290.8,fixation
12:28:14.9080,846.0,289.7,fixation
12:28:14.9085,846.9,290.0,fixation
12:28:14.909,847.3,290.2,fixation
12:28:14.9095,847.4,290.2,fixation
12:28:14.91,846.8,290.1,fixation
12:28:14.9105,845.8,289.5,fixation
12:28:14.9110,844.7,288.3,fixation
12:28:14.9115,844.2,287.0,fixation
12:28:14.912,843.5,286.2,fixation
12:28:14.9125,842.8,286.1,fixation
12:28:14.913,842.6,286.5,fixation
12:28:14.9135,842.9,287.5,fixation
12:28:14.9140,843.1,290.7,fixation
12:28:14.9145,843.5,293.3,fixation
12:28:14.9150,843.9,295.4,fixation
12:28:14.9155,844.4,294.1,fixation
12:28:14.916,844.2,293.0,fixation
12:28:14.9165,843.9,291.9,fixation
12:28:14.917,844.0,291.0,fixation
12:28:14.9175,844.1,289.9,fixation
12:28:14.9180,844.3,288.9,fixation
12:28:14.9185,844.4,289.0,fixation
12:28:14.919,844.6,289.3,fixation
12:28:14.9195,845.1,289.6,fixation
12:28:14.92,845.5,289.6,fixation
12:28:14.9205,846.0,289.5,fixation
12:28:14.9210,846.2,288.4,fixation
12:28:14.9215,846.4,287.6,fixation
12:28:14.922,846.6,286.9,fixation
12:28:14.9225,846.5,288.8,fixation
12:28:14.923,846.3,290.6,fixation
12:28:14.9235,846.4,292.4,fixation
12:28:14.9240,846.5,292.3,fixation
12:28:14.9245,846.7,292.2,fixation
12:28:14.925,846.7,291.8,fixation
12:28:14.9255,846.8,291.4,fixation
12:28:14.926,846.9,291.0,fixation
12:28:14.9265,847.1,291.1,fixation
12:28:14.9270,847.5,291.3,fixation
12:28:14.9275,847.7,291.3,fixation
12:28:14.928,848.3,290.9,fixation
12:28:14.9285,848.7,290.3,fixation
12:28:14.929,848.2,289.9,fixation
12:28:14.9295,847.0,290.6,fixation
12:28:14.9300,845.2,291.6,fixation
12:28:14.9305,844.2,292.7,fixation
12:28:14.9310,844.2,293.0,fixation
12:28:14.9315,844.8,293.2,fixation
12:28:14.932,845.4,293.2,fixation
12:28:14.9325,844.9,293.1,fixation
12:28:14.933,844.2,293.4,fixation
12:28:14.9335,843.4,294.3,fixation
12:28:14.9340,843.5,295.3,fixation
12:28:14.9345,843.6,295.4,fixation
12:28:14.935,843.8,294.6,fixation
12:28:14.9355,844.2,291.9,fixation
12:28:14.936,844.6,289.7,fixation
12:28:14.9365,844.9,287.8,fixation
12:28:14.9370,845.1,287.8,fixation
12:28:14.9375,845.3,287.7,fixation
12:28:14.938,845.4,287.7,fixation
12:28:14.9385,845.4,287.9,fixation
12:28:14.939,845.2,288.5,fixation
12:28:14.9395,844.9,289.7,fixation
12:28:14.9400,845.0,290.2,fixation
12:28:14.9405,845.3,290.4,fixation
12:28:14.941,845.5,291.1,fixation
12:28:14.9415,845.4,292.2,fixation
12:28:14.942,845.4,291.9,fixation
12:28:14.9425,845.1,290.5,fixation
12:28:14.9430,844.5,289.1,fixation
12:28:14.9435,843.8,289.2,fixation
12:28:14.944,843.4,289.5,fixation
12:28:14.9445,843.7,289.9,fixation
12:28:14.945,843.9,290.2,fixation
12:28:14.9455,843.7,290.4,fixation
12:28:14.946,843.2,291.6,fixation
12:28:14.9465,842.7,292.9,fixation
12:28:14.9470,842.6,294.2,fixation
12:28:14.9475,842.8,294.2,fixation
12:28:14.948,843.4,293.1,fixation
12:28:14.9485,843.8,291.8,fixation
12:28:14.949,844.0,290.5,fixation
12:28:14.9495,844.2,290.9,fixation
12:28:14.9500,844.2,292.5,fixation
12:28:14.9505,844.3,294.1,fixation
12:28:14.951,844.1,294.6,fixation
12:28:14.9515,844.1,293.5,fixation
12:28:14.952,843.8,292.5,fixation
12:28:14.9525,843.6,293.5,fixation
12:28:14.9530,843.4,295.0,fixation
12:28:14.9535,843.4,296.5,fixation
12:28:14.954,844.3,295.6,fixation
12:28:14.9545,845.2,294.7,fixation
12:28:14.955,845.8,293.7,fixation
12:28:14.9555,845.6,293.4,fixation
12:28:14.9560,845.5,293.3,fixation
12:28:14.9565,845.5,293.4,fixation
12:28:14.957,845.2,293.8,fixation
12:28:14.9575,844.9,294.1,fixation
12:28:14.958,844.8,292.8,fixation
12:28:14.9585,844.9,291.2,fixation
12:28:14.9590,844.7,290.7,fixation
12:28:14.9595,844.7,291.7,fixation
12:28:14.96,845.0,292.3,fixation
12:28:14.9605,845.6,291.6,fixation
12:28:14.961,845.9,290.9,fixation
12:28:14.9615,845.8,292.1,fixation
12:28:14.962,845.3,293.7,fixation
12:28:14.9625,845.0,294.7,fixation
12:28:14.9630,844.9,294.1,fixation
12:28:14.9635,845.1,294.6,fixation
12:28:14.964,845.9,295.7,fixation
12:28:14.9645,846.6,296.8,fixation
12:28:14.965,847.1,295.9,fixation
12:28:14.9655,847.1,293.3,fixation
12:28:14.9660,847.0,290.7,fixation
12:28:14.9665,847.2,288.8,fixation
12:28:14.967,847.3,288.5,fixation
12:28:14.9675,846.7,289.0,fixation
12:28:14.968,845.9,290.4,fixation
12:28:14.9685,845.2,291.8,fixation
12:28:14.9690,845.4,292.5,fixation
12:28:14.9695,845.6,293.0,fixation
12:28:14.97,845.6,293.4,fixation
12:28:14.9705,845.1,294.1,fixation
12:28:14.971,844.7,294.6,fixation
12:28:14.9715,844.5,295.1,fixation
12:28:14.9720,844.4,293.5,fixation
12:28:14.9725,844.4,291.6,fixation
12:28:14.973,844.9,289.9,fixation
12:28:14.9735,845.4,290.0,fixation
12:28:14.974,846.1,290.2,fixation
12:28:14.9745,846.3,290.2,fixation
12:28:14.9750,846.4,290.2,fixation
12:28:14.9755,846.0,291.5,fixation
12:28:14.976,845.6,292.9,fixation
12:28:14.9765,845.2,293.6,fixation
12:28:14.977,844.9,293.0,fixation
12:28:14.9775,844.2,292.4,fixation
12:28:14.978,843.5,290.8,fixation
12:28:14.9785,843.2,289.2,fixation
12:28:14.9790,843.6,288.2,fixation
12:28:14.9795,843.8,290.4,fixation
12:28:14.98,844.0,292.6,fixation
12:28:14.9805,843.7,293.3,fixation
12:28:14.981,843.3,292.6,fixation
12:28:14.9815,842.9,291.5,fixation
12:28:14.9820,842.7,291.2,fixation
12:28:14.9825,842.7,290.9,fixation
12:28:14.983,842.7,291.1,fixation
12:28:14.9835,843.7,291.2,fixation
12:28:14.984,845.5,291.3,fixation
12:28:14.9845,846.9,293.2,fixation
12:28:14.9850,847.1,295.0,fixation
12:28:14.9855,846.3,297.7,fixation
12:28:14.986,845.6,298.6,fixation
12:28:14.9865,845.5,298.0,fixation
12:28:14.987,845.5,296.5,fixation
12:28:14.9875,844.5,295.0,fixation
12:28:14.9880,843.4,293.7,fixation
12:28:14.9885,842.4,293.2,fixation
12:28:14.989,842.4,293.4,fixation
12:28:14.9895,842.4,295.1,fixation
12:28:14.99,842.6,294.2,fixation
12:28:14.9905,842.9,292.6,fixation
12:28:14.9910,843.3,291.2,fixation
12:28:14.9915,843.5,291.5,fixation
12:28:14.992,843.6,291.3,fixation
12:28:14.9925,843.6,290.1,fixation
12:28:14.993,843.7,288.9,fixation
12:28:14.9935,843.7,287.6,fixation
12:28:14.994,842.9,287.2,fixation
12:28:14.9945,842.1,286.8,fixation
12:28:14.9950,842.2,287.0,fixation
12:28:14.9955,843.1,287.1,fixation
12:28:14.996,843.9,287.1,fixation
12:28:14.9965,843.4,289.7,fixation
12:28:14.997,843.0,292.4,fixation
12:28:14.9975,842.8,293.7,fixation
12:28:14.9980,842.9,292.4,fixation
12:28:14.9985,842.7,292.7,fixation
12:28:14.999,842.7,294.4,fixation
12:28:14.9995,843.1,294.1,fixation
12:28:15.,843.7,292.1,fixation
12:28:15.0005,844.1,290.5,fixation
12:28:15.0010,844.1,290.9,fixation
12:28:15.0015,843.8,291.2,fixation
12:28:15.002,843.5,290.8,fixation
12:28:15.0025,843.5,290.8,fixation
12:28:15.003,843.7,291.0,fixation
12:28:15.0035,844.2,290.2,fixation
12:28:15.0040,844.3,289.3,fixation
12:28:15.0045,843.6,288.4,fixation
12:28:15.005,842.7,289.4,fixation
12:28:15.0055,840.8,290.4,fixation
12:28:15.006,839.8,291.4,fixation
12:28:15.0065,840.2,291.8,fixation
12:28:15.0070,841.5,292.5,fixation
12:28:15.0075,842.5,292.9,fixation
12:28:15.0080,842.0,293.2,fixation
12:28:15.0085,841.5,293.1,fixation
12:28:15.009,841.5,293.1,fixation
12:28:15.0095,841.6,293.4,fixation
12:28:15.01,841.8,293.6,fixation
12:28:15.0105,841.7,294.0,fixation
12:28:15.0110,841.7,294.5,fixation
12:28:15.0115,842.2,295.1,fixation
12:28:15.012,842.9,295.6,fixation
12:28:15.0125,843.2,295.8,fixation
12:28:15.013,842.9,295.8,fixation
12:28:15.0135,842.8,295.5,fixation
12:28:15.0140,843.4,296.1,fixation
12:28:15.0145,843.9,297.0,fixation
12:28:15.015,844.3,297.7,fixation
12:28:15.0155,844.4,297.3,fixation
12:28:15.016,844.3,297.2,fixation
12:28:15.0165,843.9,297.2,fixation
12:28:15.0170,843.5,296.7,fixation
12:28:15.0175,843.1,296.1,fixation
12:28:15.018,842.8,295.9,fixation
12:28:15.0185,842.6,296.3,fixation
12:28:15.019,842.4,295.9,fixation
12:28:15.0195,842.3,295.2,fixation
12:28:15.0200,842.4,293.6,fixation
12:28:15.0205,842.5,292.7,fixation
12:28:15.021,842.6,291.9,fixation
12:28:15.0215,842.6,292.5,fixation
12:28:15.022,842.5,292.6,fixation
12:28:15.0225,842.5,292.7,fixation
12:28:15.0230,842.6,292.3,fixation
12:28:15.0235,843.0,292.5,fixation
12:28:15.0240,843.4,292.7,fixation
12:28:15.0245,843.5,292.7,fixation
12:28:15.025,843.2,292.7,fixation
12:28:15.0255,842.8,293.1,fixation
12:28:15.026,842.6,293.5,fixation
12:28:15.0265,843.0,293.9,fixation
12:28:15.0270,843.3,295.1,fixation
12:28:15.0275,843.8,296.1,fixation
12:28:15.028,843.8,296.7,fixation
12:28:15.0285,844.0,295.4,fixation
12:28:15.029,844.2,294.1,fixation
12:28:15.0295,844.3,293.1,fixation
12:28:15.0300,844.3,294.4,fixation
12:28:15.0305,844.3,296.0,fixation
12:28:15.031,844.2,296.6,fixation
12:28:15.0315,844.1,293.7,fixation
12:28:15.032,843.9,290.9,fixation
12:28:15.0325,845.0,289.3,fixation
12:28:15.0330,846.0,290.6,fixation
12:28:15.0335,846.2,291.9,fixation
12:28:15.034,844.8,293.4,fixation
12:28:15.0345,843.6,293.9,fixation
12:28:15.035,842.6,294.2,fixation
12:28:15.0355,842.0,293.9,fixation
12:28:15.0360,842.5,293.7,fixation
12:28:15.0365,844.3,293.7,fixation
12:28:15.037,846.0,293.3,fixation
12:28:15.0375,845.7,292.5,fixation
12:28:15.038,843.4,292.1,fixation
12:28:15.0385,841.1,292.1,fixation
12:28:15.0390,839.7,292.4,fixation
12:28:15.0395,839.7,292.3,fixation
12:28:15.0400,839.7,292.3,fixation
12:28:15.0405,839.7,292.7,fixation
12:28:15.041,839.4,293.1,fixation
12:28:15.0415,839.1,293.5,fixation
12:28:15.042,839.3,293.9,fixation
12:28:15.0425,839.7,294.8,fixation
12:28:15.0430,841.3,295.1,fixation
12:28:15.0435,842.3,295.2,fixation
12:28:15.044,843.3,294.8,fixation
12:28:15.0445,843.2,294.9,fixation
12:28:15.045,843.0,294.8,fixation
12:28:15.0455,842.8,294.9,fixation
12:28:15.0460,842.7,295.0,fixation
12:28:15.0465,842.8,295.4,fixation
12:28:15.047,843.1,295.6,fixation
12:28:15.0475,843.4,293.8,fixation
12:28:15.048,843.6,291.9,fixation
12:28:15.0485,843.4,289.9,fixation
12:28:15.0490,843.2,289.9,fixation
12:28:15.0495,843.0,290.5,fixation
12:28:15.05,842.8,291.7,fixation
12:28:15.0505,842.7,292.9,fixation
12:28:15.051,842.8,293.5,fixation
12:28:15.0515,842.8,293.5,fixation
12:28:15.0520,843.0,291.9,fixation
12:28:15.0525,842.7,291.7,fixation
12:28:15.053,841.6,291.1,fixation
12:28:15.0535,840.3,291.8,fixation
12:28:15.054,840.3,291.3,fixation
12:28:15.0545,841.6,291.2,fixation
12:28:15.0550,842.8,292.1,fixation
12:28:15.0555,843.2,293.1,fixation
12:28:15.0560,843.2,293.9,fixation
12:28:15.0565,843.2,294.1,fixation
12:28:15.057,843.3,293.7,fixation
12:28:15.0575,843.1,293.3,fixation
12:28:15.058,842.8,294.4,fixation
12:28:15.0585,842.5,295.9,fixation
12:28:15.0590,842.7,297.4,fixation
12:28:15.0595,842.8,297.4,fixation
12:28:15.06,842.9,296.8,fixation
12:28:15.0605,842.9,296.2,fixation
12:28:15.061,842.9,295.5,fixation
12:28:15.0615,842.7,295.5,fixation
12:28:15.0620,842.4,295.7,fixation
12:28:15.0625,842.7,296.0,fixation
12:28:15.063,843.2,297.2,fixation
12:28:15.0635,843.8,297.6,fixation
12:28:15.064,844.2,297.2,fixation
12:28:15.0645,844.6,296.1,fixation
12:28:15.0650,845.0,295.6,fixation
12:28:15.0655,844.6,295.7,fixation
12:28:15.066,843.8,295.7,fixation
12:28:15.0665,843.1,295.8,fixation
12:28:15.067,843.1,295.8,fixation
12:28:15.0675,843.4,295.8,fixation
12:28:15.0680,843.8,295.8,fixation
12:28:15.0685,843.7,295.8,fixation
12:28:15.069,843.7,296.6,fixation
12:28:15.0695,843.7,297.6,fixation
12:28:15.07,843.7,298.6,fixation
12:28:15.0705,843.5,298.8,fixation
12:28:15.071,843.1,298.8,fixation
12:28:15.0715,843.1,297.8,fixation
12:28:15.0720,843.2,296.6,fixation
12:28:15.0725,843.5,295.4,fixation
12:28:15.073,844.1,295.2,fixation
12:28:15.0735,844.8,294.8,fixation
12:28:15.074,845.6,294.3,fixation
12:28:15.0745,845.6,295.0,fixation
12:28:15.0750,844.6,296.2,fixation
12:28:15.0755,843.4,297.7,fixation
12:28:15.076,842.5,298.0,fixation
12:28:15.0765,842.7,297.0,fixation
12:28:15.077,843.2,295.7,fixation
12:28:15.0775,843.4,296.0,fixation
12:28:15.0780,843.1,297.7,fixation
12:28:15.0785,841.9,298.5,fixation
12:28:15.079,840.9,297.7,fixation
12:28:15.0795,840.5,296.9,fixation
12:28:15.08,840.9,297.0,fixation
12:28:15.0805,841.1,297.0,fixation
12:28:15.0810,841.0,296.7,fixation
12:28:15.0815,840.6,296.6,fixation
12:28:15.082,840.4,296.6,fixation
12:28:15.0825,840.2,296.8,fixation
12:28:15.083,840.2,297.1,fixation
12:28:15.0835,840.2,297.3,fixation
12:28:15.0840,840.2,297.4,fixation
12:28:15.0845,840.3,296.4,fixation
12:28:15.085,841.7,295.6,fixation
12:28:15.0855,843.1,295.2,fixation
12:28:15.086,844.0,295.6,fixation
12:28:15.0865,843.2,296.0,fixation
12:28:15.087,842.4,296.3,fixation
12:28:15.0875,842.0,296.5,fixation
12:28:15.0880,842.0,296.3,fixation
12:28:15.0885,841.4,296.0,fixation
12:28:15.089,840.7,296.0,fixation
12:28:15.0895,840.0,296.4,fixation
12:28:15.09,840.2,294.9,fixation
12:28:15.0905,840.3,293.3,fixation
12:28:15.0910,841.2,291.0,fixation
12:28:15.0915,841.9,290.4,fixation
12:28:15.092,842.3,291.0,fixation
12:28:15.0925,841.9,292.4,fixation
12:28:15.093,841.8,294.6,fixation
12:28:15.0935,842.0,295.7,fixation
12:28:15.0940,842.2,296.7,fixation
12:28:15.0945,841.2,297.1,fixation
12:28:15.095,840.2,297.6,fixation
12:28:15.0955,839.6,297.7,fixation
12:28:15.096,840.2,297.3,fixation
12:28:15.0965,840.8,296.9,fixation
12:28:15.0970,840.8,296.2,fixation
12:28:15.0975,840.6,295.8,fixation
12:28:15.098,840.2,295.3,fixation
12:28:15.0985,839.9,296.2,fixation
12:28:15.099,839.3,297.2,fixation
12:28:15.0995,838.7,297.9,fixation
12:28:15.1000,838.4,296.9,fixation
12:28:15.1005,839.4,296.6,fixation
12:28:15.101,840.7,296.5,fixation
12:28:15.1015,842.0,297.4,fixation
12:28:15.102,841.3,297.6,fixation
12:28:15.1025,840.4,297.1,fixation
12:28:15.103,839.5,296.5,fixation
12:28:15.1035,839.5,296.0,fixation
12:28:15.1040,840.0,295.9,fixation
12:28:15.1045,841.2,296.2,fixation
12:28:15.105,842.4,296.6,fixation
12:28:15.1055,843.1,297.5,fixation
12:28:15.106,843.0,298.3,fixation
12:28:15.1065,841.9,298.8,fixation
12:28:15.1070,841.0,298.1,fixation
12:28:15.1075,840.2,297.3,fixation
12:28:15.108,840.5,296.6,fixation
12:28:15.1085,840.7,296.7,fixation
12:28:15.109,841.1,296.6,fixation
12:28:15.1095,841.3,296.5,fixation
12:28:15.1100,840.9,296.2,fixation
12:28:15.1105,840.4,296.0,fixation
12:28:15.111,840.0,297.8,fixation
12:28:15.1115,840.3,299.9,fixation
12:28:15.112,840.6,302.1,fixation
12:28:15.1125,840.9,302.3,fixation
12:28:15.1130,841.2,302.3,fixation
12:28:15.1135,841.3,302.1,fixation
12:28:15.114,841.4,301.7,fixation
12:28:15.1145,841.5,301.4,fixation
12:28:15.115,841.8,299.3,fixation
12:28:15.1155,842.0,297.5,fixation
12:28:15.1160,842.2,295.8,fixation
12:28:15.1165,842.5,296.2,fixation
12:28:15.117,842.7,296.5,fixation
12:28:15.1175,842.4,296.7,fixation
12:28:15.118,841.9,297.1,fixation
12:28:15.1185,841.4,297.5,fixation
12:28:15.119,841.5,297.8,fixation
12:28:15.1195,841.7,297.9,fixation
12:28:15.1200,841.8,297.9,fixation
12:28:15.1205,842.5,297.9,fixation
12:28:15.121,843.2,296.8,fixation
12:28:15.1215,843.3,295.8,fixation
12:28:15.122,842.7,295.9,fixation
12:28:15.1225,842.1,297.0,fixation
12:28:15.1230,842.5,298.2,fixation
12:28:15.1235,842.8,298.3,fixation
12:28:15.124,842.9,298.3,fixation
12:28:15.1245,842.6,298.3,fixation
12:28:15.125,842.4,298.2,fixation
12:28:15.1255,841.3,297.7,saccade
12:28:15.1260,840.8,297.5,saccade
12:28:15.1265,841.1,297.3,saccade
12:28:15.127,841.4,297.3,saccade
12:28:15.1275,841.5,298.2,saccade
12:28:15.128,840.6,299.2,saccade
12:28:15.1285,839.8,300.2,saccade
12:28:15.1290,839.2,300.1,saccade
12:28:15.1295,839.3,300.1,saccade
12:28:15.13,837.5,299.0,saccade
12:28:15.1305,835.5,298.0,saccade
12:28:15.131,832.3,296.9,saccade
12:28:15.1315,831.1,296.9,saccade
12:28:15.1320,829.8,296.7,saccade
12:28:15.1325,828.6,296.3,saccade
12:28:15.1330,826.9,295.7,saccade
12:28:15.1335,823.3,295.2,saccade
12:28:15.134,820.7,296.4,saccade
12:28:15.1345,818.6,297.9,saccade
12:28:15.135,818.0,297.8,saccade
12:28:15.1355,815.6,296.3,saccade
12:28:15.1360,812.8,294.8,saccade
12:28:15.1365,810.4,294.8,saccade
12:28:15.137,809.8,294.3,saccade
12:28:15.1375,809.6,293.1,saccade
12:28:15.138,809.3,292.4,saccade
12:28:15.1385,809.0,292.8,saccade
12:28:15.1390,808.7,294.0,saccade
12:28:15.1395,809.2,294.8,saccade
12:28:15.14,809.7,295.1,saccade
12:28:15.1405,810.3,294.4,saccade
12:28:15.141,810.6,293.6,saccade
12:28:15.1415,810.9,293.5,saccade
12:28:15.1420,811.6,294.3,saccade
12:28:15.1425,812.2,295.0,saccade
12:28:15.143,812.6,296.6,saccade
12:28:15.1435,814.8,298.7,saccade
12:28:15.144,816.7,301.3,saccade
12:28:15.1445,818.7,302.2,saccade
12:28:15.1450,818.8,302.7,saccade
12:28:15.1455,819.3,303.1,saccade
12:28:15.146,822.2,304.7,fixation
12:28:15.1465,824.3,305.5,fixation
12:28:15.147,826.4,305.9,fixation
12:28:15.1475,827.0,306.3,fixation
12:28:15.1480,827.7,306.6,fixation
12:28:15.1485,828.4,307.4,fixation
12:28:15.1490,828.4,307.6,fixation
12:28:15.1495,827.6,307.6,fixation
12:28:15.15,826.6,307.0,fixation
12:28:15.1505,825.5,306.8,fixation
12:28:15.151,825.2,306.5,fixation
12:28:15.1515,825.2,305.8,fixation
12:28:15.1520,825.4,304.3,fixation
12:28:15.1525,825.6,302.4,fixation
12:28:15.153,825.1,301.2,fixation
12:28:15.1535,824.6,300.8,fixation
12:28:15.154,824.0,300.6,fixation
12:28:15.1545,823.6,298.2,fixation
12:28:15.1550,822.6,295.7,fixation
12:28:15.1555,821.3,295.8,fixation
12:28:15.156,821.5,298.1,fixation
12:28:15.1565,822.3,301.5,fixation
12:28:15.157,823.3,302.5,fixation
12:28:15.1575,823.7,299.4,fixation
12:28:15.1580,824.1,295.2,fixation
12:28:15.1585,824.5,293.1,fixation
12:28:15.159,824.3,295.8,fixation
12:28:15.1595,824.2,298.6,fixation
12:28:15.16,823.0,299.4,fixation
12:28:15.1605,821.7,299.6,fixation
12:28:15.1610,820.6,299.7,fixation
12:28:15.1615,820.8,299.0,fixation
12:28:15.162,820.9,298.2,fixation
12:28:15.1625,820.6,296.7,fixation
12:28:15.163,820.2,296.0,fixation
12:28:15.1635,819.9,296.9,fixation
12:28:15.1640,819.5,298.5,fixation
12:28:15.1645,819.1,300.1,fixation
12:28:15.1650,818.7,300.2,fixation
12:28:15.1655,818.6,300.2,fixation
12:28:15.166,819.0,300.7,fixation
12:28:15.1665,819.5,301.0,fixation
12:28:15.167,819.6,301.3,fixation
12:28:15.1675,819.3,301.1,fixation
12:28:15.1680,819.4,300.1,fixation
12:28:15.1685,819.8,299.1,fixation
12:28:15.169,820.2,297.7,fixation
12:28:15.1695,820.4,297.4,fixation
12:28:15.17,820.6,298.3,fixation
12:28:15.1705,820.7,299.5,fixation
12:28:15.1710,820.6,300.7,fixation
12:28:15.1715,820.4,301.3,fixation
12:28:15.172,819.7,301.9,fixation
12:28:15.1725,819.3,301.0,fixation
12:28:15.173,819.1,299.7,fixation
12:28:15.1735,819.3,298.3,fixation
12:28:15.1740,819.3,298.3,fixation
12:28:15.1745,819.1,298.3,fixation
12:28:15.175,819.4,298.2,fixation
12:28:15.1755,820.3,298.1,fixation
12:28:15.176,821.1,297.8,fixation
12:28:15.1765,821.8,297.5,fixation
12:28:15.1770,822.2,298.5,fixation
12:28:15.1775,822.6,300.6,fixation
12:28:15.178,822.7,302.7,fixation
12:28:15.1785,822.1,302.6,fixation
12:28:15.179,821.4,301.5,fixation
12:28:15.1795,820.3,300.4,fixation
12:28:15.1800,819.9,300.7,fixation
12:28:15.1805,819.2,301.0,fixation
12:28:15.1810,818.8,302.0,fixation
12:28:15.1815,819.5,302.6,fixation
12:28:15.182,820.4,303.1,fixation
12:28:15.1825,821.4,302.7,fixation
12:28:15.183,821.5,301.7,fixation
12:28:15.1835,820.5,300.5,fixation
12:28:15.1840,819.6,299.3,fixation
12:28:15.1845,820.0,298.7,fixation
12:28:15.185,821.4,299.1,fixation
12:28:15.1855,822.0,299.6,fixation
12:28:15.186,821.2,300.3,fixation
12:28:15.1865,820.6,300.3,fixation
12:28:15.1870,820.9,300.6,fixation
12:28:15.1875,821.2,301.1,fixation
12:28:15.188,821.5,301.9,fixation
12:28:15.1885,821.6,302.3,fixation
12:28:15.189,821.7,302.4,fixation
12:28:15.1895,821.6,302.4,fixation
12:28:15.1900,821.6,302.1,fixation
12:28:15.1905,821.6,301.7,fixation
12:28:15.191,821.7,301.1,fixation
12:28:15.1915,821.7,301.0,fixation
12:28:15.192,821.4,301.7,fixation
12:28:15.1925,821.0,302.7,fixation
12:28:15.1930,821.2,303.7,fixation
12:28:15.1935,821.9,303.8,fixation
12:28:15.194,822.7,303.8,fixation
12:28:15.1945,822.5,301.9,fixation
12:28:15.195,822.0,299.9,fixation
12:28:15.1955,822.1,298.0,fixation
12:28:15.196,822.6,298.6,fixation
12:28:15.1965,822.9,299.5,fixation
12:28:15.1970,822.4,302.0,fixation
12:28:15.1975,821.2,304.1,fixation
12:28:15.198,820.2,305.3,fixation
12:28:15.1985,819.5,304.9,fixation
12:28:15.199,819.6,304.5,fixation
12:28:15.1995,819.7,304.3,fixation
12:28:15.2000,820.0,302.6,fixation
12:28:15.2005,820.4,301.0,fixation
12:28:15.201,821.3,298.7,fixation
12:28:15.2015,822.0,298.0,fixation
12:28:15.202,822.0,298.3,fixation
12:28:15.2025,821.4,299.2,fixation
12:28:15.2030,820.9,300.9,fixation
12:28:15.2035,821.1,301.4,fixation
12:28:15.204,821.4,301.9,fixation
12:28:15.2045,821.6,301.7,fixation
12:28:15.205,822.3,301.3,fixation
12:28:15.2055,822.7,300.9,fixation
12:28:15.2060,822.9,300.5,fixation
12:28:15.2065,822.4,300.4,fixation
12:28:15.207,822.0,300.2,fixation
12:28:15.2075,821.7,299.9,fixation
12:28:15.208,821.5,300.7,fixation
12:28:15.2085,821.1,301.6,fixation
12:28:15.2090,820.4,302.6,fixation
12:28:15.2095,819.9,302.8,fixation
12:28:15.21,819.6,302.7,fixation
12:28:15.2105,820.5,301.5,fixation
12:28:15.211,821.4,300.3,fixation
12:28:15.2115,821.8,299.4,fixation
12:28:15.212,821.3,299.8,fixation
12:28:15.2125,821.1,300.4,fixation
12:28:15.2130,821.1,301.0,fixation
12:28:15.2135,821.3,301.1,fixation
12:28:15.214,821.3,299.0,fixation
12:28:15.2145,821.3,296.9,fixation
12:28:15.215,821.1,296.4,fixation
12:28:15.2155,820.6,297.9,fixation
12:28:15.2160,820.3,299.3,fixation
12:28:15.2165,820.3,298.9,fixation
12:28:15.217,820.3,298.6,fixation
12:28:15.2175,820.3,298.3,fixation
12:28:15.218,820.6,297.3,fixation
12:28:15.2185,820.8,296.4,fixation
12:28:15.2190,820.9,298.1,fixation
12:28:15.2195,820.8,300.8,fixation
12:28:15.22,820.5,303.1,fixation
12:28:15.2205,820.5,300.9,fixation
12:28:15.221,819.9,298.7,fixation
12:28:15.2215,819.2,298.6,fixation
12:28:15.2220,818.4,300.4,fixation
12:28:15.2225,818.4,300.2,fixation
12:28:15.223,818.6,298.1,fixation
12:28:15.2235,818.8,296.5,fixation
12:28:15.224,819.3,297.0,fixation
12:28:15.2245,819.8,296.9,fixation
12:28:15.2250,820.4,296.3,fixation
12:28:15.2255,820.1,295.6,fixation
12:28:15.226,819.4,295.5,fixation
12:28:15.2265,818.6,297.6,fixation
12:28:15.227,818.4,300.0,fixation
12:28:15.2275,819.1,302.4,fixation
12:28:15.228,819.9,302.6,fixation
12:28:15.2285,820.4,302.6,fixation
12:28:15.2290,820.3,302.6,fixation
12:28:15.2295,820.2,302.6,fixation
12:28:15.23,820.1,302.5,fixation
12:28:15.2305,819.9,301.8,fixation
12:28:15.231,820.0,301.0,fixation
12:28:15.2315,820.1,300.0,fixation
12:28:15.2320,820.3,299.7,fixation
12:28:15.2325,820.1,299.8,fixation
12:28:15.233,819.8,300.2,fixation
12:28:15.2335,820.5,300.6,fixation
12:28:15.234,821.3,300.5,fixation
12:28:15.2345,822.1,300.4,fixation
12:28:15.2350,821.7,302.0,fixation
12:28:15.2355,821.2,303.6,fixation
12:28:15.236,820.8,305.1,fixation
12:28:15.2365,821.0,302.3,fixation
12:28:15.237,821.3,299.4,fixation
12:28:15.2375,821.9,296.8,fixation
12:28:15.2380,822.2,296.9,fixation
12:28:15.2385,822.7,297.1,fixation
12:28:15.239,822.8,298.2,fixation
12:28:15.2395,821.7,299.2,fixation
12:28:15.24,820.0,300.6,fixation
12:28:15.2405,818.3,301.0,fixation
12:28:15.2410,818.3,300.6,fixation
12:28:15.2415,818.9,299.7,fixation
12:28:15.242,819.5,298.9,fixation
12:28:15.2425,819.5,299.0,fixation
12:28:15.243,820.2,299.3,fixation
12:28:15.2435,820.8,299.9,fixation
12:28:15.244,820.8,300.3,fixation
12:28:15.2445,819.1,300.6,fixation
12:28:15.2450,817.3,300.6,fixation
12:28:15.2455,816.2,300.8,fixation
12:28:15.246,816.4,301.2,fixation
12:28:15.2465,816.9,301.6,fixation
12:28:15.247,817.4,301.7,fixation
12:28:15.2475,817.9,302.2,fixation
12:28:15.2480,819.1,302.7,fixation
12:28:15.2485,820.3,303.3,fixation
12:28:15.249,820.3,303.5,fixation
12:28:15.2495,819.4,304.0,fixation
12:28:15.25,818.5,304.3,fixation
12:28:15.2505,818.6,303.5,fixation
12:28:15.2510,818.5,302.4,fixation
12:28:15.2515,818.4,301.7,fixation
12:28:15.252,818.3,302.4,fixation
12:28:15.2525,818.7,302.6,fixation
12:28:15.253,819.0,302.7,fixation
12:28:15.2535,818.9,302.4,fixation
12:28:15.2540,817.7,303.0,fixation
12:28:15.2545,816.5,303.4,fixation
12:28:15.255,815.9,302.9,fixation
12:28:15.2555,817.2,302.0,fixation
12:28:15.256,819.0,301.4,fixation
12:28:15.2565,820.4,301.8,fixation
12:28:15.2570,820.3,302.2,fixation
12:28:15.2575,819.8,301.8,fixation
12:28:15.2580,819.3,301.7,fixation
12:28:15.2585,819.4,302.0,fixation
12:28:15.259,820.2,302.9,fixation
12:28:15.2595,821.2,302.0,fixation
12:28:15.26,821.6,300.6,fixation
12:28:15.2605,821.0,299.8,fixation
12:28:15.2610,820.2,300.3,fixation
12:28:15.2615,820.1,300.8,fixation
12:28:15.262,820.8,300.7,fixation
12:28:15.2625,821.6,300.7,fixation
12:28:15.263,822.2,300.7,fixation
12:28:15.2635,822.1,301.1,fixation
12:28:15.2640,821.9,301.4,fixation
12:28:15.2645,822.4,301.6,fixation
12:28:15.265,822.9,301.3,fixation
12:28:15.2655,823.4,301.1,fixation
12:28:15.266,823.1,301.1,fixation
12:28:15.2665,822.7,301.1,fixation
12:28:15.2670,822.3,301.0,fixation
12:28:15.2675,822.3,300.7,fixation
12:28:15.268,822.3,300.4,fixation
12:28:15.2685,822.5,300.3,fixation
12:28:15.269,822.6,300.3,fixation
12:28:15.2695,823.1,300.4,fixation
12:28:15.2700,823.4,300.3,fixation
12:28:15.2705,822.8,299.8,fixation
12:28:15.271,821.8,299.3,fixation
12:28:15.2715,820.6,299.5,fixation
12:28:15.272,820.1,300.2,fixation
12:28:15.2725,819.7,301.1,fixation
12:28:15.2730,819.6,301.5,fixation
12:28:15.2735,819.8,302.3,fixation
12:28:15.2740,820.0,302.8,fixation
12:28:15.2745,820.0,304.1,fixation
12:28:15.275,819.9,304.8,fixation
12:28:15.2755,819.9,305.3,fixation
12:28:15.276,819.8,304.5,fixation
12:28:15.2765,819.8,303.9,fixation
12:28:15.2770,820.5,303.6,fixation
12:28:15.2775,821.4,302.2,fixation
12:28:15.278,822.5,300.8,fixation
12:28:15.2785,822.7,300.2,fixation
12:28:15.279,823.0,301.1,fixation
12:28:15.2795,823.1,301.9,fixation
12:28:15.2800,822.3,302.0,fixation
12:28:15.2805,821.3,302.2,fixation
12:28:15.281,821.2,302.3,fixation
12:28:15.2815,822.2,302.2,fixation
12:28:15.282,823.2,302.1,fixation
12:28:15.2825,823.0,302.0,fixation
12:28:15.2830,822.6,301.9,fixation
12:28:15.2835,822.1,301.8,fixation
12:28:15.284,822.1,301.7,fixation
12:28:15.2845,822.4,301.3,fixation
12:28:15.285,822.6,300.7,fixation
12:28:15.2855,822.4,300.2,fixation
12:28:15.2860,822.1,300.5,fixation
12:28:15.2865,822.0,301.4,fixation
12:28:15.287,822.4,302.4,fixation
12:28:15.2875,822.9,302.8,fixation
12:28:15.288,823.1,303.3,fixation
12:28:15.2885,823.4,304.2,fixation
12:28:15.2890,823.8,305.1,fixation
12:28:15.2895,824.4,305.4,fixation
12:28:15.2900,824.0,304.2,fixation
12:28:15.2905,823.3,303.1,fixation
12:28:15.291,822.8,300.2,fixation
12:28:15.2915,822.9,298.2,fixation
12:28:15.292,822.9,296.6,fixation
12:28:15.2925,822.8,297.2,fixation
12:28:15.2930,822.7,297.4,fixation
12:28:15.2935,822.4,297.3,fixation
12:28:15.294,821.8,298.1,fixation
12:28:15.2945,821.1,300.3,fixation
12:28:15.295,820.6,302.5,fixation
12:28:15.2955,820.7,302.6,fixation
12:28:15.2960,820.8,301.9,fixation
12:28:15.2965,820.8,301.0,fixation
12:28:15.297,821.0,300.8,fixation
12:28:15.2975,821.3,300.7,fixation
12:28:15.298,822.4,302.0,fixation
12:28:15.2985,823.4,303.4,fixation
12:28:15.2990,824.0,305.0,fixation
12:28:15.2995,823.7,305.4,fixation
12:28:15.3,823.5,305.4,fixation
12:28:15.3005,823.3,304.9,fixation
12:28:15.301,822.7,304.4,fixation
12:28:15.3015,822.2,304.1,fixation
12:28:15.3020,821.6,304.0,fixation
12:28:15.3025,821.5,304.4,fixation
12:28:15.303,821.5,304.9,fixation
12:28:15.3035,821.7,305.5,fixation
12:28:15.304,822.0,305.7,fixation
12:28:15.3045,821.7,305.9,fixation
12:28:15.3050,820.8,305.5,fixation
12:28:15.3055,819.9,305.3,fixation
12:28:15.3060,820.7,305.2,fixation
12:28:15.3065,821.9,305.7,fixation
12:28:15.307,823.2,305.4,fixation
12:28:15.3075,823.6,304.8,fixation
12:28:15.308,824.0,303.9,fixation
12:28:15.3085,823.0,303.4,fixation
12:28:15.3090,821.6,302.8,fixation
12:28:15.3095,820.1,302.5,fixation
12:28:15.31,820.1,302.5,fixation
12:28:15.3105,820.4,303.9,fixation
12:28:15.311,820.8,305.3,fixation
12:28:15.3115,821.2,306.6,fixation
12:28:15.3120,821.2,306.5,fixation
12:28:15.3125,821.2,306.3,fixation
12:28:15.313,821.3,305.2,fixation
12:28:15.3135,821.4,304.3,fixation
12:28:15.314,821.5,303.7,fixation
12:28:15.3145,821.6,303.9,fixation
12:28:15.3150,821.6,304.0,fixation
12:28:15.3155,822.1,304.0,fixation
12:28:15.316,823.1,304.0,fixation
12:28:15.3165,824.0,303.9,fixation
12:28:15.317,824.4,303.8,fixation
12:28:15.3175,824.0,303.9,fixation
12:28:15.3180,823.3,304.2,fixation
12:28:15.3185,822.5,304.4,fixation
12:28:15.319,821.6,304.4,fixation
12:28:15.3195,821.0,305.0,fixation
12:28:15.32,820.7,305.7,fixation
12:28:15.3205,821.1,306.0,fixation
12:28:15.321,821.4,305.7,fixation
12:28:15.3215,821.7,305.3,fixation
12:28:15.3220,821.5,305.2,fixation
12:28:15.3225,821.3,304.9,fixation
12:28:15.323,821.1,304.7,fixation
12:28:15.3235,820.6,304.7,fixation
12:28:15.324,820.1,304.8,fixation
12:28:15.3245,820.2,304.4,fixation
12:28:15.3250,821.0,303.9,fixation
12:28:15.3255,822.0,303.4,fixation
12:28:15.326,822.4,303.3,fixation
12:28:15.3265,822.2,303.1,fixation
12:28:15.327,822.0,302.7,fixation
12:28:15.3275,821.7,302.4,fixation
12:28:15.3280,821.4,302.0,fixation
12:28:15.3285,820.7,301.3,fixation
12:28:15.329,820.3,300.6,fixation
12:28:15.3295,820.3,301.7,fixation
12:28:15.33,820.5,303.5,fixation
12:28:15.3305,820.2,305.4,fixation
12:28:15.3310,820.1,305.5,fixation
12:28:15.3315,819.9,305.7,fixation
12:28:15.332,820.3,305.0,fixation
12:28:15.3325,820.9,303.9,fixation
12:28:15.333,821.6,302.5,fixation
12:28:15.3335,821.8,301.4,fixation
12:28:15.3340,821.9,301.3,fixation
12:28:15.3345,821.8,301.4,fixation
12:28:15.335,821.7,301.9,fixation
12:28:15.3355,821.5,304.4,fixation
12:28:15.336,821.3,306.9,fixation
12:28:15.3365,821.2,307.8,fixation
12:28:15.337,821.5,306.2,fixation
12:28:15.3375,822.5,304.6,fixation
12:28:15.3380,823.4,304.6,fixation
12:28:15.3385,824.1,304.0,fixation
12:28:15.339,824.1,303.3,fixation
12:28:15.3395,823.0,303.0,fixation
12:28:15.34,821.8,303.8,fixation
12:28:15.3405,821.3,304.0,fixation
12:28:15.3410,822.0,304.0,fixation
12:28:15.3415,822.7,303.9,fixation
12:28:15.342,822.7,303.5,fixation
12:28:15.3425,822.5,302.1,fixation
12:28:15.343,822.3,300.6,fixation
12:28:15.3435,821.9,301.4,fixation
12:28:15.3440,821.6,303.0,fixation
12:28:15.3445,821.2,304.7,fixation
12:28:15.345,821.0,304.8,fixation
12:28:15.3455,821.9,304.9,fixation
12:28:15.346,822.5,305.0,fixation
12:28:15.3465,823.2,305.1,fixation
12:28:15.3470,822.9,305.7,fixation
12:28:15.3475,822.9,306.4,fixation
12:28:15.348,822.9,306.0,fixation
12:28:15.3485,823.1,305.0,fixation
12:28:15.349,823.3,304.5,fixation
12:28:15.3495,823.5,305.2,fixation
12:28:15.3500,823.9,304.4,fixation
12:28:15.3505,824.2,303.3,fixation
12:28:15.351,824.4,302.4,fixation
12:28:15.3515,824.4,303.6,fixation
12:28:15.352,824.4,304.5,fixation
12:28:15.3525,824.3,305.2,fixation
12:28:15.353,823.3,305.1,fixation
12:28:15.3535,822.3,305.4,fixation
12:28:15.3540,822.5,305.8,fixation
12:28:15.3545,823.8,305.3,fixation
12:28:15.355,825.0,304.6,fixation
12:28:15.3555,825.0,303.9,fixation
12:28:15.356,824.9,303.2,fixation
12:28:15.3565,824.9,302.8,fixation
12:28:15.3570,824.1,302.3,fixation
12:28:15.3575,823.2,302.5,fixation
12:28:15.358,822.8,302.7,fixation
12:28:15.3585,823.3,302.9,fixation
12:28:15.359,823.7,303.3,fixation
12:28:15.3595,823.6,303.5,fixation
12:28:15.3600,823.5,303.7,fixation
12:28:15.3605,823.3,303.7,fixation
12:28:15.361,822.8,303.7,fixation
12:28:15.3615,822.5,304.4,fixation
12:28:15.362,822.8,304.8,fixation
12:28:15.3625,823.3,305.3,fixation
12:28:15.3630,823.5,305.0,fixation
12:28:15.3635,823.3,304.9,fixation
12:28:15.364,822.5,304.6,fixation
12:28:15.3645,821.7,303.5,fixation
12:28:15.365,821.6,302.5,fixation
12:28:15.3655,822.5,301.9,fixation
12:28:15.3660,823.3,302.0,fixation
12:28:15.3665,823.2,302.1,fixation
12:28:15.367,823.1,302.3,fixation
12:28:15.3675,823.0,302.6,fixation
12:28:15.368,823.1,303.2,fixation
12:28:15.3685,822.9,303.8,fixation
12:28:15.369,822.6,304.3,fixation
12:28:15.3695,822.4,304.7,fixation
12:28:15.3700,823.2,305.0,fixation
12:28:15.3705,824.0,304.8,fixation
12:28:15.371,824.7,304.0,fixation
12:28:15.3715,825.0,303.1,fixation
12:28:15.372,825.1,302.9,fixation
12:28:15.3725,825.2,303.3,fixation
12:28:15.3730,825.2,303.8,fixation
12:28:15.3735,825.2,303.5,fixation
12:28:15.374,825.2,303.1,fixation
12:28:15.3745,825.0,303.2,fixation
12:28:15.375,824.7,303.8,fixation
12:28:15.3755,824.4,304.3,fixation
12:28:15.3760,824.3,304.8,fixation
12:28:15.3765,824.4,305.4,fixation
12:28:15.377,824.6,305.8,fixation
12:28:15.3775,825.1,305.6,fixation
12:28:15.378,825.2,305.5,fixation
12:28:15.3785,825.3,305.8,fixation
12:28:15.3790,824.6,306.1,fixation
12:28:15.3795,823.3,305.9,fixation
12:28:15.38,822.1,305.2,fixation
12:28:15.3805,821.3,304.5,fixation
12:28:15.381,821.2,304.2,fixation
12:28:15.3815,821.2,304.3,fixation
12:28:15.3820,821.4,304.3,fixation
12:28:15.3825,822.5,304.5,fixation
12:28:15.3830,823.5,304.7,fixation
12:28:15.3835,823.2,304.9,fixation
12:28:15.384,822.0,304.9,fixation
12:28:15.3845,820.6,305.4,fixation
12:28:15.385,820.4,306.0,fixation
12:28:15.3855,820.7,306.4,fixation
12:28:15.3860,821.2,306.3,fixation
12:28:15.3865,822.0,306.1,fixation
12:28:15.387,822.8,306.2,fixation
12:28:15.3875,823.4,306.2,fixation
12:28:15.388,823.8,305.1,fixation
12:28:15.3885,823.7,303.2,fixation
12:28:15.3890,823.5,301.4,fixation
12:28:15.3895,823.5,301.3,fixation
12:28:15.39,823.5,302.7,fixation
12:28:15.3905,823.5,304.2,fixation
12:28:15.391,822.2,304.9,fixation
12:28:15.3915,820.7,306.3,fixation
12:28:15.3920,819.1,307.7,fixation
12:28:15.3925,818.9,308.4,fixation
12:28:15.393,819.4,307.9,fixation
12:28:15.3935,820.1,307.5,fixation
12:28:15.394,821.1,305.5,fixation
12:28:15.3945,821.6,303.4,fixation
12:28:15.3950,822.0,301.6,fixation
12:28:15.3955,822.3,301.9,fixation
12:28:15.396,822.4,302.5,fixation
12:28:15.3965,822.3,302.5,fixation
12:28:15.397,821.0,302.5,fixation
12:28:15.3975,820.1,304.0,fixation
12:28:15.3980,820.0,306.0,fixation
12:28:15.3985,821.1,307.0,fixation
12:28:15.3990,821.7,305.6,fixation
12:28:15.3995,821.8,304.2,fixation
12:28:15.4,821.6,303.9,fixation
12:28:15.4005,821.4,304.0,fixation
12:28:15.401,821.3,304.5,fixation
12:28:15.4015,820.5,305.3,fixation
12:28:15.4020,819.8,306.0,fixation
12:28:15.4025,819.8,306.9,fixation
12:28:15.403,820.5,307.3,fixation
12:28:15.4035,821.4,307.0,fixation
12:28:15.404,821.2,306.3,fixation
12:28:15.4045,821.0,304.1,fixation
12:28:15.4050,820.9,302.7,fixation
12:28:15.4055,821.1,302.9,fixation
12:28:15.406,821.2,304.5,fixation
12:28:15.4065,821.0,306.1,fixation
12:28:15.407,820.7,305.8,fixation
12:28:15.4075,820.4,305.5,fixation
12:28:15.4080,820.2,305.1,fixation
12:28:15.4085,820.0,305.2,fixation
12:28:15.409,820.2,305.3,fixation
12:28:15.4095,820.4,305.1,fixation
12:28:15.41,821.0,304.0,fixation
12:28:15.4105,821.4,302.9,fixation
12:28:15.4110,821.2,303.9,fixation
12:28:15.4115,820.7,305.7,fixation
12:28:15.412,820.7,307.3,fixation
12:28:15.4125,821.4,306.8,fixation
12:28:15.413,822.2,305.7,fixation
12:28:15.4135,822.4,304.9,fixation
12:28:15.4140,822.3,304.3,fixation
12:28:15.4145,822.3,304.2,fixation
12:28:15.4150,822.1,305.5,fixation
12:28:15.4155,822.0,306.8,fixation
12:28:15.416,821.9,307.1,fixation
12:28:15.4165,821.8,305.6,fixation
12:28:15.417,821.7,304.1,fixation
12:28:15.4175,821.6,303.7,fixation
12:28:15.4180,821.6,303.7,fixation
12:28:15.4185,821.4,303.8,fixation
12:28:15.419,821.3,303.9,fixation
12:28:15.4195,821.3,304.1,fixation
12:28:15.42,821.6,304.3,fixation
12:28:15.4205,821.9,304.8,fixation
12:28:15.4210,821.9,305.4,fixation
12:28:15.4215,822.2,305.7,fixation
12:28:15.422,822.4,305.4,fixation
12:28:15.4225,822.3,303.6,fixation
12:28:15.423,822.2,302.6,fixation
12:28:15.4235,821.9,302.3,fixation
12:28:15.4240,822.0,303.7,fixation
12:28:15.4245,821.9,304.6,fixation
12:28:15.425,821.9,305.0,fixation
12:28:15.4255,822.2,304.8,fixation
12:28:15.426,822.5,304.7,fixation
12:28:15.4265,822.8,304.6,fixation
12:28:15.4270,824.0,304.7,fixation
12:28:15.4275,825.1,304.8,fixation
12:28:15.428,825.5,304.3,fixation
12:28:15.4285,824.6,303.2,fixation
12:28:15.429,823.6,302.1,fixation
12:28:15.4295,824.1,301.9,fixation
12:28:15.4300,824.7,302.4,fixation
12:28:15.4305,824.2,302.8,fixation
12:28:15.4310,823.1,303.1,fixation
12:28:15.4315,822.0,303.1,fixation
12:28:15.432,822.0,303.6,fixation
12:28:15.4325,822.0,303.9,fixation
12:28:15.433,822.4,303.3,fixation
12:28:15.4335,823.1,302.3,fixation
12:28:15.4340,823.8,301.1,fixation
12:28:15.4345,823.9,300.9,fixation
12:28:15.435,823.4,302.0,fixation
12:28:15.4355,822.9,303.4,fixation
12:28:15.436,821.9,304.8,fixation
12:28:15.4365,821.3,304.5,fixation
12:28:15.4370,820.6,303.9,fixation
12:28:15.4375,820.6,303.3,fixation
12:28:15.438,820.4,304.5,fixation
12:28:15.4385,820.0,306.0,fixation
12:28:15.439,819.6,307.7,fixation
12:28:15.4395,820.2,307.8,fixation
12:28:15.4400,820.9,306.5,fixation
12:28:15.4405,821.5,304.6,fixation
12:28:15.441,821.5,302.8,fixation
12:28:15.4415,821.4,302.5,fixation
12:28:15.442,821.7,301.7,fixation
12:28:15.4425,821.9,300.9,fixation
12:28:15.4430,822.0,300.1,fixation
12:28:15.4435,821.8,300.5,fixation
12:28:15.444,821.4,302.9,fixation
12:28:15.4445,821.5,305.3,fixation
12:28:15.445,821.6,305.2,fixation
12:28:15.4455,822.0,302.9,fixation
12:28:15.446,822.0,300.5,fixation
12:28:15.4465,822.4,301.0,fixation
12:28:15.4470,822.8,302.7,fixation
12:28:15.4475,823.0,304.5,fixation
12:28:15.448,822.6,305.5,fixation
12:28:15.4485,822.2,305.6,fixation
12:28:15.449,822.2,305.7,fixation
12:28:15.4495,822.4,306.1,fixation
12:28:15.4500,822.8,306.5,fixation
12:28:15.4505,823.0,305.8,fixation
12:28:15.451,823.2,302.7,fixation
12:28:15.4515,823.1,299.7,fixation
12:28:15.452,822.7,299.1,fixation
12:28:15.4525,822.0,300.4,fixation
12:28:15.4530,820.8,301.8,fixation
12:28:15.4535,820.0,301.6,fixation
12:28:15.454,819.4,301.3,fixation
12:28:15.4545,819.7,300.6,fixation
12:28:15.455,820.5,300.0,fixation
12:28:15.4555,821.4,300.8,fixation
12:28:15.4560,822.1,301.7,fixation
12:28:15.4565,822.2,302.7,fixation
12:28:15.457,821.7,302.6,fixation
12:28:15.4575,821.2,303.0,fixation
12:28:15.458,821.1,303.4,fixation
12:28:15.4585,821.4,302.9,fixation
12:28:15.4590,822.1,302.0,fixation
12:28:15.4595,822.6,301.6,fixation
12:28:15.46,822.9,302.2,fixation
12:28:15.4605,822.9,302.0,fixation
12:28:15.461,822.9,301.6,fixation
12:28:15.4615,822.5,301.4,fixation
12:28:15.462,822.0,301.9,fixation
12:28:15.4625,822.0,302.1,fixation
12:28:15.4630,822.5,301.5,fixation
12:28:15.4635,822.1,301.0,fixation
12:28:15.464,821.3,300.7,fixation
12:28:15.4645,820.5,301.3,fixation
12:28:15.465,820.8,301.9,fixation
12:28:15.4655,821.2,300.6,fixation
12:28:15.4660,821.6,299.0,fixation
12:28:15.4665,822.7,297.8,fixation
12:28:15.467,823.7,298.5,fixation
12:28:15.4675,824.6,301.0,fixation
12:28:15.468,824.6,303.1,fixation
12:28:15.4685,824.6,304.8,fixation
12:28:15.4690,824.2,304.7,fixation
12:28:15.4695,822.7,304.6,fixation
12:28:15.47,821.2,304.6,fixation
12:28:15.4705,821.1,304.7,fixation
12:28:15.471,821.8,304.9,fixation
12:28:15.4715,822.5,304.9,fixation
12:28:15.4720,822.8,302.9,fixation
12:28:15.4725,823.0,301.0,fixation
12:28:15.473,823.4,299.4,fixation
12:28:15.4735,823.9,299.4,fixation
12:28:15.474,824.4,299.4,fixation
12:28:15.4745,824.0,299.3,fixation
12:28:15.4750,823.4,299.5,fixation
12:28:15.4755,822.7,301.1,fixation
12:28:15.476,822.6,303.6,fixation
12:28:15.4765,822.5,306.1,fixation
12:28:15.477,821.8,307.0,fixation
12:28:15.4775,821.2,306.5,fixation
12:28:15.478,821.1,306.0,fixation
12:28:15.4785,821.7,305.7,fixation
12:28:15.4790,822.2,305.7,fixation
12:28:15.4795,822.3,305.9,fixation
12:28:15.48,823.2,306.5,fixation
12:28:15.4805,824.0,307.1,fixation
12:28:15.481,824.5,307.2,fixation
12:28:15.4815,824.2,306.7,fixation
12:28:15.4820,823.5,306.1,fixation
12:28:15.4825,823.2,305.8,fixation
12:28:15.483,822.8,305.6,fixation
12:28:15.4835,823.6,305.3,fixation
12:28:15.484,824.3,305.2,fixation
12:28:15.4845,825.1,303.8,fixation
12:28:15.4850,825.2,302.4,fixation
12:28:15.4855,825.3,301.0,fixation
12:28:15.486,825.2,301.0,fixation
12:28:15.4865,825.1,301.4,fixation
12:28:15.487,825.8,301.9,fixation
12:28:15.4875,826.5,302.3,fixation
12:28:15.4880,825.5,301.8,fixation
12:28:15.4885,823.5,301.4,fixation
12:28:15.489,822.6,302.5,fixation
12:28:15.4895,823.5,304.1,fixation
12:28:15.49,824.5,305.3,fixation
12:28:15.4905,824.5,304.9,fixation
12:28:15.4910,824.5,304.5,fixation
12:28:15.4915,824.5,304.0,fixation
12:28:15.492,824.4,302.5,fixation
12:28:15.4925,824.2,301.0,fixation
12:28:15.493,823.8,301.9,fixation
12:28:15.4935,823.3,303.7,fixation
12:28:15.494,823.1,305.6,fixation
12:28:15.4945,823.0,306.0,fixation
12:28:15.4950,822.2,306.4,fixation
12:28:15.4955,821.5,304.9,fixation
12:28:15.496,820.9,303.0,fixation
12:28:15.4965,822.3,301.8,fixation
12:28:15.497,823.5,302.6,fixation
12:28:15.4975,825.0,303.4,fixation
12:28:15.4980,825.2,303.6,fixation
12:28:15.4985,824.4,303.7,fixation
12:28:15.499,823.3,304.2,fixation
12:28:15.4995,822.4,304.9,fixation
12:28:15.5,822.6,305.6,fixation
12:28:15.5005,822.8,306.2,fixation
12:28:15.5010,823.1,306.4,fixation
12:28:15.5015,823.3,306.7,fixation
12:28:15.502,823.5,306.2,fixation
12:28:15.5025,823.6,306.0,fixation
12:28:15.503,823.7,305.8,fixation
12:28:15.5035,823.8,304.6,fixation
12:28:15.5040,824.4,303.3,fixation
12:28:15.5045,824.9,302.0,fixation
12:28:15.505,825.5,302.7,fixation
12:28:15.5055,825.6,303.5,fixation
12:28:15.506,824.3,304.2,fixation
12:28:15.5065,822.9,304.3,fixation
12:28:15.5070,822.3,302.7,fixation
12:28:15.5075,823.2,301.0,fixation
12:28:15.5080,823.9,300.4,fixation
12:28:15.5085,823.7,302.2,fixation
12:28:15.509,823.5,304.8,fixation
12:28:15.5095,823.3,306.4,fixation
12:28:15.51,823.4,307.4,fixation
12:28:15.5105,823.6,307.5,fixation
12:28:15.5110,824.0,306.5,fixation
12:28:15.5115,824.2,305.4,fixation
12:28:15.512,823.9,304.2,fixation
12:28:15.5125,823.6,304.1,fixation
12:28:15.513,823.3,304.4,fixation
12:28:15.5135,823.4,304.9,fixation
12:28:15.5140,823.2,305.4,fixation
12:28:15.5145,822.6,305.4,fixation
12:28:15.515,822.0,305.2,fixation
12:28:15.5155,821.7,305.8,fixation
12:28:15.516,822.6,306.2,fixation
12:28:15.5165,823.5,306.6,fixation
12:28:15.5170,823.3,306.2,fixation
12:28:15.5175,822.1,306.1,fixation
12:28:15.518,821.2,305.9,fixation
12:28:15.5185,821.3,305.7,fixation
12:28:15.519,821.1,305.6,fixation
12:28:15.5195,820.7,305.7,fixation
12:28:15.5200,820.5,305.7,fixation
12:28:15.5205,820.5,305.6,fixation
12:28:15.521,820.9,305.5,fixation
12:28:15.5215,821.2,305.5,fixation
12:28:15.522,821.6,305.6,fixation
12:28:15.5225,821.5,305.7,fixation
12:28:15.5230,821.4,305.8,fixation
12:28:15.5235,821.4,305.8,fixation
12:28:15.5240,821.4,305.4,fixation
12:28:15.5245,821.4,304.5,fixation
12:28:15.525,821.4,303.6,fixation
12:28:15.5255,821.4,302.7,fixation
12:28:15.526,821.5,302.3,fixation
12:28:15.5265,821.5,302.1,fixation
12:28:15.5270,821.3,302.8,fixation
12:28:15.5275,821.3,303.3,fixation
12:28:15.528,821.3,303.7,fixation
12:28:15.5285,821.5,303.3,fixation
12:28:15.529,821.5,303.4,fixation
12:28:15.5295,822.2,303.6,saccade
12:28:15.5300,822.8,303.1,saccade
12:28:15.5305,824.1,302.2,saccade
12:28:15.531,824.7,301.9,saccade
12:28:15.5315,824.0,302.0,saccade
12:28:15.532,822.6,303.3,saccade
12:28:15.5325,821.7,303.9,saccade
12:28:15.5330,822.3,304.2,saccade
12:28:15.5335,822.9,303.8,saccade
12:28:15.534,822.8,303.9,saccade
12:28:15.5345,822.5,303.3,saccade
12:28:15.535,821.5,302.5,saccade
12:28:15.5355,820.4,301.6,saccade
12:28:15.5360,819.1,302.1,saccade
12:28:15.5365,818.3,302.8,saccade
12:28:15.537,816.4,303.4,saccade
12:28:15.5375,814.6,302.8,saccade
12:28:15.538,810.8,301.7,saccade
12:28:15.5385,806.2,300.3,saccade
12:28:15.5390,801.4,297.8,saccade
12:28:15.5395,798.6,296.5,saccade
12:28:15.5400,796.0,295.7,saccade
12:28:15.5405,791.9,295.6,saccade
12:28:15.541,787.8,295.0,saccade
12:28:15.5415,782.0,294.1,saccade
12:28:15.542,777.6,293.6,saccade
12:28:15.5425,773.3,292.8,saccade
12:28:15.5430,769.7,291.0,saccade
12:28:15.5435,766.7,289.0,saccade
12:28:15.544,764.0,285.8,saccade
12:28:15.5445,763.4,283.9,saccade
12:28:15.545,760.9,282.5,saccade
12:28:15.5455,758.2,283.1,saccade
12:28:15.5460,755.8,283.7,saccade
12:28:15.5465,755.3,284.1,saccade
12:28:15.547,753.7,283.7,saccade
12:28:15.5475,752.1,283.8,saccade
12:28:15.548,751.9,284.2,saccade
12:28:15.5485,753.2,283.9,saccade
12:28:15.5490,754.5,283.1,saccade
12:28:15.5495,754.4,283.0,saccade
12:28:15.55,754.3,283.6,saccade
12:28:15.5505,754.6,284.3,saccade
12:28:15.551,756.2,284.3,fixation
12:28:15.5515,756.4,285.3,fixation
12:28:15.5520,757.5,286.3,fixation
12:28:15.5525,758.7,286.4,fixation
12:28:15.553,760.3,284.6,fixation
12:28:15.5535,760.9,282.8,fixation
12:28:15.554,761.1,284.1,fixation
12:28:15.5545,761.2,286.4,fixation
12:28:15.5550,761.7,288.4,fixation
12:28:15.5555,762.5,288.1,fixation
12:28:15.5560,763.1,289.2,fixation
12:28:15.5565,763.2,290.6,fixation
12:28:15.557,763.6,291.9,fixation
12:28:15.5575,764.1,291.9,fixation
12:28:15.558,765.0,291.8,fixation
12:28:15.5585,765.5,291.7,fixation
12:28:15.5590,765.1,292.2,fixation
12:28:15.5595,764.7,293.3,fixation
12:28:15.56,764.3,294.3,fixation
12:28:15.5605,764.6,295.3,fixation
12:28:15.561,764.5,295.9,fixation
12:28:15.5615,763.3,296.6,fixation
12:28:15.5620,762.1,296.7,fixation
12:28:15.5625,760.9,296.8,fixation
12:28:15.563,761.0,295.8,fixation
12:28:15.5635,761.6,294.7,fixation
12:28:15.564,762.2,293.6,fixation
12:28:15.5645,762.7,293.6,fixation
12:28:15.5650,762.3,293.5,fixation
12:28:15.5655,761.6,293.5,fixation
12:28:15.566,760.9,293.4,fixation
12:28:15.5665,760.7,291.8,fixation
12:28:15.567,760.8,290.2,fixation
12:28:15.5675,760.6,291.1,fixation
12:28:15.5680,760.2,293.6,fixation
12:28:15.5685,761.0,294.8,fixation
12:28:15.569,762.1,293.0,fixation
12:28:15.5695,763.1,291.2,fixation
12:28:15.57,762.6,290.7,fixation
12:28:15.5705,762.2,289.6,fixation
12:28:15.571,762.0,288.4,fixation
12:28:15.5715,760.2,287.3,fixation
12:28:15.5720,758.2,287.2,fixation
12:28:15.5725,756.7,287.1,fixation
12:28:15.573,757.0,287.0,fixation
12:28:15.5735,759.0,288.1,fixation
12:28:15.574,760.6,289.6,fixation
12:28:15.5745,761.2,291.1,fixation
12:28:15.5750,760.1,291.6,fixation
12:28:15.5755,757.9,291.6,fixation
12:28:15.576,756.2,291.2,fixation
12:28:15.5765,754.5,290.7,fixation
12:28:15.577,755.4,290.3,fixation
12:28:15.5775,757.1,288.2,fixation
12:28:15.5780,758.3,285.9,fixation
12:28:15.5785,758.0,283.7,fixation
12:28:15.579,757.2,285.1,fixation
12:28:15.5795,756.8,286.6,fixation
12:28:15.58,757.1,289.9,fixation
12:28:15.5805,757.9,291.6,fixation
12:28:15.5810,757.7,292.4,fixation
12:28:15.5815,756.7,291.4,fixation
12:28:15.582,756.3,290.5,fixation
12:28:15.5825,756.4,290.5,fixation
12:28:15.583,756.6,290.5,fixation
12:28:15.5835,756.1,290.5,fixation
12:28:15.5840,756.0,290.6,fixation
12:28:15.5845,755.8,290.6,fixation
12:28:15.585,755.6,290.6,fixation
12:28:15.5855,755.1,290.6,fixation
12:28:15.586,754.5,290.9,fixation
12:28:15.5865,753.8,291.5,fixation
12:28:15.587,754.0,292.0,fixation
12:28:15.5875,754.4,292.8,fixation
12:28:15.5880,755.6,293.2,fixation
12:28:15.5885,756.1,293.5,fixation
12:28:15.589,756.4,292.9,fixation
12:28:15.5895,756.4,291.7,fixation
12:28:15.59,756.4,290.0,fixation
12:28:15.5905,756.2,288.8,fixation
12:28:15.5910,755.8,288.3,fixation
12:28:15.5915,755.4,288.5,fixation
12:28:15.592,755.4,288.9,fixation
12:28:15.5925,756.3,289.3,fixation
12:28:15.593,757.3,290.1,fixation
12:28:15.5935,758.2,290.4,fixation
12:28:15.5940,758.0,290.7,fixation
12:28:15.5945,757.8,290.6,fixation
12:28:15.595,757.6,290.6,fixation
12:28:15.5955,757.4,290.9,fixation
12:28:15.596,757.1,291.5,fixation
12:28:15.5965,756.8,291.9,fixation
12:28:15.5970,756.5,292.1,fixation
12:28:15.5975,757.2,291.9,fixation
12:28:15.598,757.8,291.4,fixation
12:28:15.5985,757.9,291.1,fixation
12:28:15.599,757.1,291.1,fixation
12:28:15.5995,756.8,291.5,fixation
12:28:15.6000,757.2,290.9,fixation
12:28:15.6005,757.7,290.1,fixation
12:28:15.601,758.1,290.4,fixation
12:28:15.6015,758.2,291.7,fixation
12:28:15.602,757.5,292.1,fixation
12:28:15.6025,756.8,290.2,fixation
12:28:15.603,756.2,288.3,fixation
12:28:15.6035,756.6,287.9,fixation
12:28:15.6040,756.7,289.3,fixation
12:28:15.6045,757.1,290.8,fixation
12:28:15.605,757.5,292.0,fixation
12:28:15.6055,757.4,292.5,fixation
12:28:15.606,757.1,292.8,fixation
12:28:15.6065,757.0,292.4,fixation
12:28:15.6070,757.6,292.3,fixation
12:28:15.6075,758.1,292.4,fixation
12:28:15.608,758.0,292.5,fixation
12:28:15.6085,757.8,292.4,fixation
12:28:15.609,757.6,292.6,fixation
12:28:15.6095,758.2,292.9,fixation
12:28:15.6100,758.9,292.8,fixation
12:28:15.6105,758.8,292.3,fixation
12:28:15.611,757.9,291.8,fixation
12:28:15.6115,757.0,291.9,fixation
12:28:15.612,757.1,292.1,fixation
12:28:15.6125,757.3,292.2,fixation
12:28:15.6130,757.6,291.4,fixation
12:28:15.6135,757.9,290.6,fixation
12:28:15.614,757.5,291.0,fixation
12:28:15.6145,756.8,292.2,fixation
12:28:15.615,756.1,293.3,fixation
12:28:15.6155,756.3,292.4,fixation
12:28:15.6160,757.0,291.8,fixation
12:28:15.6165,758.5,291.6,fixation
12:28:15.617,759.6,292.1,fixation
12:28:15.6175,760.4,292.4,fixation
12:28:15.618,759.5,292.1,fixation
12:28:15.6185,758.6,291.8,fixation
12:28:15.619,757.7,292.5,fixation
12:28:15.6195,756.7,293.4,fixation
12:28:15.6200,755.8,293.6,fixation
12:28:15.6205,755.2,292.9,fixation
12:28:15.621,755.6,291.3,fixation
12:28:15.6215,755.4,290.2,fixation
12:28:15.622,754.9,289.2,fixation
12:28:15.6225,754.4,289.1,fixation
12:28:15.6230,754.7,289.0,fixation
12:28:15.6235,755.2,289.1,fixation
12:28:15.624,755.8,289.5,fixation
12:28:15.6245,756.2,289.7,fixation
12:28:15.625,756.2,289.9,fixation
12:28:15.6255,756.0,290.8,fixation
12:28:15.6260,755.5,291.9,fixation
12:28:15.6265,755.3,291.5,fixation
12:28:15.627,755.4,290.2,fixation
12:28:15.6275,755.8,288.6,fixation
12:28:15.628,755.7,288.4,fixation
12:28:15.6285,754.7,290.4,fixation
12:28:15.6290,753.9,292.7,fixation
12:28:15.6295,753.6,294.0,fixation
12:28:15.63,754.2,292.7,fixation
12:28:15.6305,754.6,291.9,fixation
12:28:15.631,754.7,292.4,fixation
12:28:15.6315,754.6,293.2,fixation
12:28:15.6320,754.7,292.1,fixation
12:28:15.6325,754.8,290.6,fixation
12:28:15.6330,754.8,290.9,fixation
12:28:15.6335,754.8,292.6,fixation
12:28:15.634,755.1,294.4,fixation
12:28:15.6345,755.6,294.4,fixation
12:28:15.635,755.6,294.2,fixation
12:28:15.6355,755.4,294.0,fixation
12:28:15.6360,755.2,293.9,fixation
12:28:15.6365,754.7,294.0,fixation
12:28:15.637,754.3,293.7,fixation
12:28:15.6375,754.3,292.8,fixation
12:28:15.638,754.9,291.9,fixation
12:28:15.6385,755.2,292.6,fixation
12:28:15.6390,754.9,293.6,fixation
12:28:15.6395,755.8,294.7,fixation
12:28:15.64,756.9,294.7,fixation
12:28:15.6405,757.7,294.8,fixation
12:28:15.641,757.5,292.5,fixation
12:28:15.6415,757.4,290.0,fixation
12:28:15.6420,757.5,287.6,fixation
12:28:15.6425,756.9,287.8,fixation
12:28:15.643,756.1,288.2,fixation
12:28:15.6435,755.9,287.7,fixation
12:28:15.644,756.3,287.3,fixation
12:28:15.6445,756.1,286.8,fixation
12:28:15.6450,755.5,287.0,fixation
12:28:15.6455,754.9,287.3,fixation
12:28:15.646,755.0,287.5,fixation
12:28:15.6465,754.8,287.5,fixation
12:28:15.647,754.5,287.3,fixation
12:28:15.6475,754.6,288.5,fixation
12:28:15.6480,754.8,290.1,fixation
12:28:15.6485,755.1,292.0,fixation
12:28:15.6490,754.9,292.6,fixation
12:28:15.6495,754.8,292.9,fixation
12:28:15.65,754.5,292.9,fixation
12:28:15.6505,754.4,291.5,fixation
12:28:15.651,754.4,290.2,fixation
12:28:15.6515,754.5,288.8,fixation
12:28:15.6520,753.9,288.8,fixation
12:28:15.6525,753.4,288.8,fixation
12:28:15.653,753.1,288.4,fixation
12:28:15.6535,754.0,287.7,fixation
12:28:15.654,755.0,287.0,fixation
12:28:15.6545,756.0,286.0,fixation
12:28:15.6550,756.7,285.4,fixation
12:28:15.6555,757.1,284.4,fixation
12:28:15.656,757.4,284.0,fixation
12:28:15.6565,757.4,284.9,fixation
12:28:15.657,756.6,287.2,fixation
12:28:15.6575,755.7,289.6,fixation
12:28:15.6580,755.1,288.8,fixation
12:28:15.6585,755.3,286.9,fixation
12:28:15.659,755.3,284.9,fixation
12:28:15.6595,755.2,284.9,fixation
12:28:15.66,755.1,285.8,fixation
12:28:15.6605,755.2,287.0,fixation
12:28:15.6610,755.3,288.8,fixation
12:28:15.6615,754.4,289.8,fixation
12:28:15.662,753.0,290.6,fixation
12:28:15.6625,751.7,291.0,fixation
12:28:15.663,752.0,291.7,fixation
12:28:15.6635,752.7,292.6,fixation
12:28:15.6640,753.6,293.2,fixation
12:28:15.6645,753.6,291.5,fixation
12:28:15.6650,753.7,289.7,fixation
12:28:15.6655,753.7,287.9,fixation
12:28:15.666,753.7,287.9,fixation
12:28:15.6665,753.9,287.9,fixation
12:28:15.667,754.1,287.9,fixation
12:28:15.6675,754.3,287.4,fixation
12:28:15.6680,753.8,286.4,fixation
12:28:15.6685,753.4,285.4,fixation
12:28:15.669,752.8,286.7,fixation
12:28:15.6695,753.8,288.4,fixation
12:28:15.67,754.4,289.8,fixation
12:28:15.6705,755.2,289.4,fixation
12:28:15.6710,754.8,289.2,fixation
12:28:15.6715,754.7,289.5,fixation
12:28:15.672,754.7,289.8,fixation
12:28:15.6725,754.4,289.9,fixation
12:28:15.673,754.3,289.9,fixation
12:28:15.6735,754.1,290.8,fixation
12:28:15.6740,754.0,291.7,fixation
12:28:15.6745,753.9,291.7,fixation
12:28:15.675,753.6,291.0,fixation
12:28:15.6755,753.2,290.5,fixation
12:28:15.676,752.8,290.9,fixation
12:28:15.6765,753.0,291.0,fixation
12:28:15.6770,753.7,291.0,fixation
12:28:15.6775,754.3,291.1,fixation
12:28:15.678,754.8,291.1,fixation
12:28:15.6785,755.1,289.8,fixation
12:28:15.679,755.2,288.5,fixation
12:28:15.6795,755.1,287.3,fixation
12:28:15.6800,754.5,286.8,fixation
12:28:15.6805,754.0,286.4,fixation
12:28:15.6810,753.3,287.6,fixation
12:28:15.6815,753.5,289.3,fixation
12:28:15.682,753.7,291.0,fixation
12:28:15.6825,754.0,291.0,fixation
12:28:15.683,754.0,290.3,fixation
12:28:15.6835,754.0,289.4,fixation
12:28:15.6840,753.5,288.3,fixation
12:28:15.6845,753.0,287.8,fixation
12:28:15.685,752.2,287.3,fixation
12:28:15.6855,752.0,287.9,fixation
12:28:15.686,752.0,288.8,fixation
12:28:15.6865,752.2,290.1,fixation
12:28:15.6870,752.4,290.4,fixation
12:28:15.6875,751.7,290.2,fixation
12:28:15.688,751.1,288.6,fixation
12:28:15.6885,750.8,287.1,fixation
12:28:15.689,751.2,285.3,fixation
12:28:15.6895,751.1,284.4,fixation
12:28:15.6900,750.9,283.6,fixation
12:28:15.6905,751.0,285.3,fixation
12:28:15.691,751.7,286.9,fixation
12:28:15.6915,752.1,288.4,fixation
12:28:15.692,751.9,288.4,fixation
12:28:15.6925,751.9,287.1,fixation
12:28:15.6930,752.2,285.8,fixation
12:28:15.6935,752.2,286.2,fixation
12:28:15.694,752.6,288.0,fixation
12:28:15.6945,753.0,289.9,fixation
12:28:15.695,753.5,290.0,fixation
12:28:15.6955,753.5,290.2,fixation
12:28:15.696,753.4,290.4,fixation
12:28:15.6965,753.5,289.9,fixation
12:28:15.6970,752.9,289.2,fixation
12:28:15.6975,752.4,288.5,fixation
12:28:15.698,752.8,286.8,fixation
12:28:15.6985,754.4,285.2,fixation
12:28:15.699,755.8,284.5,fixation
12:28:15.6995,755.9,285.5,fixation
12:28:15.7000,755.4,286.5,fixation
12:28:15.7005,754.6,286.4,fixation
12:28:15.701,754.1,286.8,fixation
12:28:15.7015,753.6,287.2,fixation
12:28:15.702,753.1,287.8,fixation
12:28:15.7025,752.7,288.2,fixation
12:28:15.7030,752.4,288.6,fixation
12:28:15.7035,752.2,288.6,fixation
12:28:15.704,752.1,288.6,fixation
12:28:15.7045,752.1,288.9,fixation
12:28:15.705,752.1,289.2,fixation
12:28:15.7055,752.3,288.9,fixation
12:28:15.7060,752.9,288.2,fixation
12:28:15.7065,753.6,287.3,fixation
12:28:15.707,754.3,287.0,fixation
12:28:15.7075,755.2,287.0,fixation
12:28:15.708,756.0,287.6,fixation
12:28:15.7085,755.7,287.9,fixation
12:28:15.7090,754.5,287.9,fixation
12:28:15.7095,752.8,288.9,fixation
12:28:15.71,752.5,290.1,fixation
12:28:15.7105,752.5,290.8,fixation
12:28:15.711,752.9,289.6,fixation
12:28:15.7115,753.2,288.3,fixation
12:28:15.712,753.4,287.5,fixation
12:28:15.7125,753.2,288.1,fixation
12:28:15.7130,753.0,288.8,fixation
12:28:15.7135,753.3,290.0,fixation
12:28:15.714,754.4,290.4,fixation
12:28:15.7145,755.5,290.7,fixation
12:28:15.715,755.9,290.5,fixation
12:28:15.7155,755.7,290.4,fixation
12:28:15.7160,755.7,289.7,fixation
12:28:15.7165,755.8,288.9,fixation
12:28:15.717,755.4,288.1,fixation
12:28:15.7175,754.8,289.0,fixation
12:28:15.718,753.9,289.9,fixation
12:28:15.7185,753.8,288.0,fixation
12:28:15.7190,753.8,285.2,fixation
12:28:15.7195,753.9,284.5,fixation
12:28:15.72,753.2,287.3,fixation
12:28:15.7205,752.4,290.4,fixation
12:28:15.721,752.0,291.4,fixation
12:28:15.7215,752.9,291.4,fixation
12:28:15.7220,754.0,291.1,fixation
12:28:15.7225,755.1,290.8,fixation
12:28:15.723,755.2,290.9,fixation
12:28:15.7235,755.1,291.1,fixation
12:28:15.724,755.3,291.2,fixation
12:28:15.7245,755.5,291.2,fixation
12:28:15.7250,754.3,291.1,fixation
12:28:15.7255,752.8,291.0,fixation
12:28:15.726,751.7,290.2,fixation
12:28:15.7265,752.6,289.5,fixation
12:28:15.727,753.5,288.9,fixation
12:28:15.7275,754.0,288.9,fixation
12:28:15.728,754.0,288.9,fixation
12:28:15.7285,754.0,288.8,fixation
12:28:15.7290,754.5,289.5,fixation
12:28:15.7295,754.9,290.0,fixation
12:28:15.73,755.5,290.6,fixation
12:28:15.7305,755.8,290.2,fixation
12:28:15.731,755.9,290.0,fixation
12:28:15.7315,756.0,289.1,fixation
12:28:15.7320,756.0,288.3,fixation
12:28:15.7325,755.7,287.6,fixation
12:28:15.733,755.3,287.7,fixation
12:28:15.7335,754.9,287.8,fixation
12:28:15.734,754.7,289.1,fixation
12:28:15.7345,754.4,290.5,fixation
12:28:15.7350,754.2,291.9,fixation
12:28:15.7355,754.2,290.9,fixation
12:28:15.736,754.3,289.7,fixation
12:28:15.7365,754.3,288.6,fixation
12:28:15.737,754.1,289.3,fixation
12:28:15.7375,754.2,291.0,fixation
12:28:15.7380,754.4,292.8,fixation
12:28:15.7385,754.7,294.0,fixation
12:28:15.739,754.7,294.0,fixation
12:28:15.7395,754.5,294.1,fixation
12:28:15.74,754.2,294.1,fixation
12:28:15.7405,754.0,293.7,fixation
12:28:15.7410,753.9,292.8,fixation
12:28:15.7415,754.8,291.9,fixation
12:28:15.742,755.7,291.6,fixation
12:28:15.7425,756.4,291.8,fixation
12:28:15.743,756.0,291.9,fixation
12:28:15.7435,755.7,291.9,fixation
12:28:15.744,755.5,291.7,fixation
12:28:15.7445,755.1,291.8,fixation
12:28:15.7450,754.8,290.7,fixation
12:28:15.7455,754.8,289.8,fixation
12:28:15.746,755.4,289.4,fixation
12:28:15.7465,755.9,290.7,fixation
12:28:15.747,756.1,291.6,fixation
12:28:15.7475,755.8,292.0,fixation
12:28:15.7480,755.3,291.9,fixation
12:28:15.7485,755.2,291.4,fixation
12:28:15.749,755.3,290.9,fixation
12:28:15.7495,755.6,290.4,fixation
12:28:15.75,754.4,290.4,fixation
12:28:15.7505,753.2,290.9,fixation
12:28:15.7510,752.3,291.3,fixation
12:28:15.7515,752.6,291.8,fixation
12:28:15.752,752.6,292.2,fixation
12:28:15.7525,752.3,292.9,fixation
12:28:15.753,752.7,293.6,fixation
12:28:15.7535,753.5,293.8,fixation
12:28:15.7540,754.4,293.3,fixation
12:28:15.7545,754.7,291.3,fixation
12:28:15.755,755.0,289.6,fixation
12:28:15.7555,755.2,288.2,fixation
12:28:15.756,755.3,288.2,fixation
12:28:15.7565,755.3,287.9,fixation
12:28:15.7570,755.3,287.5,fixation
12:28:15.7575,755.0,288.6,fixation
12:28:15.7580,754.7,290.4,fixation
12:28:15.7585,754.3,292.4,fixation
12:28:15.759,754.5,293.6,fixation
12:28:15.7595,754.8,294.5,fixation
12:28:15.76,755.2,293.7,fixation
12:28:15.7605,755.9,292.6,fixation
12:28:15.7610,756.7,291.5,fixation
12:28:15.7615,757.5,291.7,fixation
12:28:15.762,757.6,291.5,fixation
12:28:15.7625,757.3,291.2,fixation
12:28:15.763,756.6,291.1,fixation
12:28:15.7635,756.0,290.8,fixation
12:28:15.7640,755.8,290.6,fixation
12:28:15.7645,756.1,290.6,fixation
12:28:15.765,756.2,291.0,fixation
12:28:15.7655,756.2,291.5,fixation
12:28:15.766,755.9,292.1,fixation
12:28:15.7665,755.7,291.9,fixation
12:28:15.7670,754.6,291.1,fixation
12:28:15.7675,753.5,290.3,fixation
12:28:15.768,752.4,289.9,fixation
12:28:15.7685,752.5,290.6,fixation
12:28:15.769,752.5,291.3,fixation
12:28:15.7695,752.3,292.0,fixation
12:28:15.7700,752.5,292.0,fixation
12:28:15.7705,753.2,291.7,fixation
12:28:15.771,754.1,291.3,fixation
12:28:15.7715,754.7,290.6,fixation
12:28:15.772,755.2,290.2,fixation
12:28:15.7725,755.4,290.0,fixation
12:28:15.7730,755.5,290.1,fixation
12:28:15.7735,755.6,290.1,fixation
12:28:15.7740,755.9,290.6,fixation
12:28:15.7745,756.6,291.1,fixation
12:28:15.775,757.2,291.6,fixation
12:28:15.7755,757.4,291.2,fixation
12:28:15.776,756.9,290.8,fixation
12:28:15.7765,756.4,290.5,fixation
12:28:15.7770,755.8,290.7,fixation
12:28:15.7775,755.3,291.7,fixation
12:28:15.778,755.3,292.7,fixation
12:28:15.7785,755.8,292.8,fixation
12:28:15.779,756.8,291.5,fixation
12:28:15.7795,757.6,290.2,fixation
12:28:15.7800,758.4,288.6,fixation
12:28:15.7805,757.7,287.7,fixation
12:28:15.781,756.5,288.8,fixation
12:28:15.7815,755.1,291.1,fixation
12:28:15.782,754.7,293.4,fixation
12:28:15.7825,754.7,293.7,fixation
12:28:15.7830,755.0,293.6,fixation
12:28:15.7835,755.5,291.6,fixation
12:28:15.784,755.7,289.7,fixation
12:28:15.7845,755.6,289.4,fixation
12:28:15.785,755.3,291.4,fixation
12:28:15.7855,755.0,293.3,fixation
12:28:15.7860,755.0,293.3,fixation
12:28:15.7865,754.7,292.2,fixation
12:28:15.787,754.4,290.8,fixation
12:28:15.7875,753.8,289.9,fixation
12:28:15.788,753.5,289.5,fixation
12:28:15.7885,753.4,289.5,fixation
12:28:15.7890,753.7,289.2,fixation
12:28:15.7895,753.9,289.0,fixation
12:28:15.7900,753.9,288.8,fixation
12:28:15.7905,753.5,288.8,fixation
12:28:15.791,753.2,288.8,fixation
12:28:15.7915,753.0,288.8,fixation
12:28:15.792,754.3,289.0,fixation
12:28:15.7925,755.5,289.2,fixation
12:28:15.7930,756.8,288.6,fixation
12:28:15.7935,757.0,287.9,fixation
12:28:15.794,756.0,287.2,fixation
12:28:15.7945,754.7,288.5,fixation
12:28:15.795,753.9,289.8,fixation
12:28:15.7955,755.1,291.7,fixation
12:28:15.7960,756.4,292.3,fixation
12:28:15.7965,756.5,292.8,fixation
12:28:15.797,755.5,292.8,fixation
12:28:15.7975,754.4,292.9,fixation
12:28:15.798,754.0,292.9,fixation
12:28:15.7985,754.3,292.8,fixation
12:28:15.7990,754.5,292.6,fixation
12:28:15.7995,754.7,292.3,fixation
12:28:15.8,754.6,291.8,fixation
12:28:15.8005,754.8,291.0,fixation
12:28:15.801,754.9,290.3,fixation
12:28:15.8015,755.1,289.3,fixation
12:28:15.8020,755.2,288.2,fixation
12:28:15.8025,755.4,287.1,fixation
12:28:15.803,755.5,288.7,fixation
12:28:15.8035,755.5,290.9,fixation
12:28:15.804,754.7,293.9,fixation
12:28:15.8045,754.1,294.8,fixation
12:28:15.8050,753.5,295.2,fixation
12:28:15.8055,753.8,294.4,fixation
12:28:15.8060,754.3,291.8,fixation
12:28:15.8065,754.7,289.5,fixation
12:28:15.807,754.6,289.1,fixation
12:28:15.8075,754.4,290.5,fixation
12:28:15.808,754.2,292.2,fixation
12:28:15.8085,755.3,292.7,fixation
12:28:15.8090,757.0,293.2,fixation
12:28:15.8095,758.5,293.7,fixation
12:28:15.81,758.3,293.9,fixation
12:28:15.8105,757.2,294.1,fixation
12:28:15.811,756.2,293.8,fixation
12:28:15.8115,755.8,292.8,fixation
12:28:15.8120,755.8,291.8,fixation
12:28:15.8125,755.4,292.0,fixation
12:28:15.813,755.0,293.4,fixation
12:28:15.8135,754.6,295.2,fixation
12:28:15.814,754.0,295.9,fixation
12:28:15.8145,753.3,296.0,fixation
12:28:15.8150,754.1,295.7,fixation
12:28:15.8155,755.7,295.5,fixation
12:28:15.816,757.2,295.6,fixation
12:28:15.8165,757.2,295.6,fixation
12:28:15.817,757.4,294.0,fixation
12:28:15.8175,757.6,292.3,fixation
12:28:15.8180,758.3,291.4,fixation
12:28:15.8185,758.9,291.9,fixation
12:28:15.819,758.1,292.4,fixation
12:28:15.8195,756.7,292.3,fixation
12:28:15.82,754.8,293.4,fixation
12:28:15.8205,754.2,294.4,fixation
12:28:15.821,754.4,295.3,fixation
12:28:15.8215,755.1,295.5,fixation
12:28:15.8220,755.9,295.0,fixation
12:28:15.8225,756.0,294.3,fixation
12:28:15.823,756.1,293.7,fixation
12:28:15.8235,756.1,293.9,fixation
12:28:15.824,756.0,294.0,fixation
12:28:15.8245,755.9,293.8,fixation
12:28:15.8250,755.9,293.4,fixation
12:28:15.8255,756.0,292.6,fixation
12:28:15.826,756.1,292.0,fixation
12:28:15.8265,756.0,293.5,fixation
12:28:15.827,755.8,295.5,fixation
12:28:15.8275,755.7,297.8,fixation
12:28:15.8280,755.5,298.3,fixation
12:28:15.8285,755.4,298.8,fixation
12:28:15.829,755.2,299.1,fixation
12:28:15.8295,755.3,299.2,fixation
12:28:15.83,755.1,299.6,fixation
12:28:15.8305,755.0,299.9,fixation
12:28:15.8310,755.0,298.2,fixation
12:28:15.8315,754.9,296.2,fixation
12:28:15.832,754.4,294.4,fixation
12:28:15.8325,754.0,294.3,fixation
12:28:15.833,753.8,294.0,fixation
12:28:15.8335,753.8,293.8,fixation
12:28:15.8340,753.7,294.2,fixation
12:28:15.8345,753.6,294.3,fixation
12:28:15.835,754.0,294.3,fixation
12:28:15.8355,754.7,294.2,fixation
12:28:15.836,755.5,294.3,fixation
12:28:15.8365,755.9,295.5,fixation
12:28:15.837,756.0,296.6,fixation
12:28:15.8375,756.1,297.9,fixation
12:28:15.8380,756.3,298.1,fixation
12:28:15.8385,756.5,298.4,fixation
12:28:15.839,756.6,297.8,fixation
12:28:15.8395,756.6,296.5,fixation
12:28:15.84,756.7,294.9,fixation
12:28:15.8405,756.7,294.5,fixation
12:28:15.8410,756.8,295.1,fixation
12:28:15.8415,756.8,296.1,fixation
12:28:15.842,756.8,295.3,fixation
12:28:15.8425,756.6,294.0,fixation
12:28:15.843,756.4,292.4,fixation
12:28:15.8435,756.5,291.8,fixation
12:28:15.8440,757.3,291.2,fixation
12:28:15.8445,757.9,293.3,fixation
12:28:15.845,758.2,295.7,fixation
12:28:15.8455,757.8,296.6,fixation
12:28:15.846,757.4,295.1,fixation
12:28:15.8465,756.9,293.6,fixation
12:28:15.8470,756.6,293.2,fixation
12:28:15.8475,755.4,292.4,fixation
12:28:15.848,754.4,291.6,fixation
12:28:15.8485,754.9,290.5,fixation
12:28:15.849,756.2,289.9,fixation
12:28:15.8495,757.3,289.5,fixation
12:28:15.8500,757.1,290.2,fixation
12:28:15.8505,756.7,291.4,fixation
12:28:15.851,757.1,292.4,fixation
12:28:15.8515,758.0,292.9,fixation
12:28:15.852,759.0,293.0,fixation
12:28:15.8525,757.7,293.5,fixation
12:28:15.853,756.1,294.1,fixation
12:28:15.8535,754.5,294.5,fixation
12:28:15.8540,754.6,294.7,fixation
12:28:15.8545,754.9,294.4,fixation
12:28:15.855,755.4,294.0,fixation
12:28:15.8555,756.1,293.5,fixation
12:28:15.856,756.5,293.6,fixation
12:28:15.8565,756.1,293.7,fixation
12:28:15.8570,755.5,293.8,fixation
12:28:15.8575,755.4,293.8,fixation
12:28:15.858,755.9,294.3,fixation
12:28:15.8585,756.7,295.4,fixation
12:28:15.859,757.6,296.0,fixation
12:28:15.8595,758.5,296.0,fixation
12:28:15.8600,758.2,295.6,fixation
12:28:15.8605,757.4,294.2,fixation
12:28:15.861,756.9,292.8,fixation
12:28:15.8615,757.4,292.5,fixation
12:28:15.862,757.8,293.2,fixation
12:28:15.8625,758.0,293.6,fixation
12:28:15.8630,757.9,293.1,fixation
12:28:15.8635,757.7,292.7,fixation
12:28:15.864,757.2,292.5,fixation
12:28:15.8645,756.6,293.8,fixation
12:28:15.865,755.9,295.2,fixation
12:28:15.8655,755.0,295.9,fixation
12:28:15.8660,754.2,295.1,fixation
12:28:15.8665,753.4,294.2,fixation
12:28:15.867,753.2,294.1,fixation
12:28:15.8675,753.2,293.9,fixation
12:28:15.868,753.8,293.8,fixation
12:28:15.8685,754.4,293.7,fixation
12:28:15.869,755.8,293.7,fixation
12:28:15.8695,756.5,294.6,fixation
12:28:15.8700,757.0,295.6,fixation
12:28:15.8705,756.3,297.1,fixation
12:28:15.871,755.5,297.8,fixation
12:28:15.8715,754.9,298.1,fixation
12:28:15.872,755.5,297.7,fixation
12:28:15.8725,756.4,297.3,fixation
12:28:15.8730,757.0,297.0,fixation
12:28:15.8735,756.9,296.8,fixation
12:28:15.874,756.7,296.7,fixation
12:28:15.8745,756.7,296.5,fixation
12:28:15.875,756.5,296.4,fixation
12:28:15.8755,756.3,296.0,fixation
12:28:15.8760,757.0,295.7,fixation
12:28:15.8765,757.9,295.6,fixation
12:28:15.877,758.2,294.6,fixation
12:28:15.8775,757.6,293.6,fixation
12:28:15.878,756.7,292.5,fixation
12:28:15.8785,756.3,292.5,fixation
12:28:15.8790,756.4,292.5,fixation
12:28:15.8795,756.8,292.9,fixation
12:28:15.88,756.9,293.3,fixation
12:28:15.8805,756.7,293.7,fixation
12:28:15.881,756.5,293.6,fixation
12:28:15.8815,756.6,293.6,fixation
12:28:15.8820,756.8,293.5,fixation
12:28:15.8825,757.0,293.3,fixation
12:28:15.8830,756.7,293.1,fixation
12:28:15.8835,756.0,292.9,fixation
12:28:15.884,755.4,292.9,fixation
12:28:15.8845,755.9,292.7,fixation
12:28:15.885,756.8,292.5,fixation
12:28:15.8855,757.5,292.3,fixation
12:28:15.8860,757.1,291.9,fixation
12:28:15.8865,756.8,291.4,fixation
12:28:15.887,756.7,291.0,fixation
12:28:15.8875,756.9,291.6,fixation
12:28:15.888,757.0,292.2,fixation
12:28:15.8885,756.9,293.1,fixation
12:28:15.8890,756.7,293.5,fixation
12:28:15.8895,757.1,293.6,fixation
12:28:15.89,757.8,293.5,fixation
12:28:15.8905,756.1,293.1,saccade
12:28:15.891,754.7,293.2,saccade
12:28:15.8915,755.3,293.6,saccade
12:28:15.8920,757.1,294.1,saccade
12:28:15.8925,759.0,294.5,saccade
12:28:15.893,759.3,294.6,saccade
12:28:15.8935,758.5,294.6,saccade
12:28:15.894,757.5,294.7,saccade
12:28:15.8945,756.5,294.8,saccade
12:28:15.8950,755.4,294.8,saccade
12:28:15.8955,752.2,294.5,saccade
12:28:15.896,749.5,294.2,saccade
12:28:15.8965,747.5,294.2,saccade
12:28:15.897,747.7,295.0,saccade
12:28:15.8975,747.2,295.9,saccade
12:28:15.8980,745.9,296.4,saccade
12:28:15.8985,742.3,296.4,saccade
12:28:15.8990,738.2,296.4,saccade
12:28:15.8995,734.5,296.1,saccade
12:28:15.9,733.2,295.3,saccade
12:28:15.9005,731.9,294.7,saccade
12:28:15.901,730.3,294.3,saccade
12:28:15.9015,728.2,294.5,saccade
12:28:15.9020,727.1,294.1,saccade
12:28:15.9025,724.4,291.7,saccade
12:28:15.903,722.3,289.1,saccade
12:28:15.9035,720.6,286.9,saccade
12:28:15.904,718.8,286.6,saccade
12:28:15.9045,716.8,286.6,saccade
12:28:15.9050,714.9,286.6,saccade
12:28:15.9055,714.9,286.6,saccade
12:28:15.906,714.1,286.6,saccade
12:28:15.9065,713.2,287.7,saccade
12:28:15.907,712.8,288.9,saccade
12:28:15.9075,713.2,290.7,saccade
12:28:15.9080,712.3,291.2,saccade
12:28:15.9085,710.9,290.8,saccade
12:28:15.909,709.7,289.3,saccade
12:28:15.9095,711.5,287.9,saccade
12:28:15.91,713.1,287.4,saccade
12:28:15.9105,714.5,287.7,saccade
12:28:15.9110,714.2,288.2,saccade
12:28:15.9115,714.0,289.5,saccade
12:28:15.912,716.8,291.9,fixation
12:28:15.9125,718.9,292.0,fixation
12:28:15.913,719.8,291.9,fixation
12:28:15.9135,720.3,291.7,fixation
12:28:15.9140,720.5,291.7,fixation
12:28:15.9145,721.2,291.7,fixation
12:28:15.9150,722.4,291.9,fixation
12:28:15.9155,723.6,292.0,fixation
12:28:15.916,724.5,291.9,fixation
12:28:15.9165,724.9,291.7,fixation
12:28:15.917,725.1,291.5,fixation
12:28:15.9175,725.2,293.0,fixation
12:28:15.9180,726.0,294.7,fixation
12:28:15.9185,726.6,296.9,fixation
12:28:15.919,727.3,297.5,fixation
12:28:15.9195,727.0,298.0,fixation
12:28:15.92,726.8,298.0,fixation
12:28:15.9205,726.5,298.8,fixation
12:28:15.9210,726.4,299.7,fixation
12:28:15.9215,726.5,298.7,fixation
12:28:15.922,726.5,296.8,fixation
12:28:15.9225,726.2,294.9,fixation
12:28:15.923,725.4,294.1,fixation
12:28:15.9235,724.7,293.3,fixation
12:28:15.9240,724.1,292.6,fixation
12:28:15.9245,723.6,293.0,fixation
12:28:15.925,723.2,293.1,fixation
12:28:15.9255,723.0,293.0,fixation
12:28:15.926,722.8,293.4,fixation
12:28:15.9265,722.5,294.0,fixation
12:28:15.9270,722.1,295.3,fixation
12:28:15.9275,721.8,296.2,fixation
12:28:15.928,720.8,297.0,fixation
12:28:15.9285,719.9,297.3,fixation
12:28:15.929,719.6,297.4,fixation
12:28:15.9295,720.3,295.8,fixation
12:28:15.9300,721.0,294.0,fixation
12:28:15.9305,721.0,292.2,fixation
12:28:15.9310,720.8,292.3,fixation
12:28:15.9315,720.5,294.5,fixation
12:28:15.932,720.5,296.6,fixation
12:28:15.9325,720.7,296.4,fixation
12:28:15.933,720.5,294.0,fixation
12:28:15.9335,720.2,291.7,fixation
12:28:15.9340,720.0,293.1,fixation
12:28:15.9345,720.8,294.6,fixation
12:28:15.935,721.6,295.7,fixation
12:28:15.9355,721.7,293.4,fixation
12:28:15.936,721.2,291.0,fixation
12:28:15.9365,720.9,289.0,fixation
12:28:15.9370,721.1,288.9,fixation
12:28:15.9375,720.5,289.2,fixation
12:28:15.938,719.6,290.1,fixation
12:28:15.9385,718.8,290.6,fixation
12:28:15.939,718.8,290.6,fixation
12:28:15.9395,719.5,290.1,fixation
12:28:15.9400,720.1,290.9,fixation
12:28:15.9405,721.4,293.2,fixation
12:28:15.941,721.9,295.4,fixation
12:28:15.9415,722.2,297.4,fixation
12:28:15.942,721.7,298.0,fixation
12:28:15.9425,721.5,298.5,fixation
12:28:15.9430,721.5,298.0,fixation
12:28:15.9435,721.8,295.5,fixation
12:28:15.944,722.0,293.0,fixation
12:28:15.9445,722.3,290.7,fixation
12:28:15.945,722.3,290.2,fixation
12:28:15.9455,722.2,289.7,fixation
12:28:15.946,721.7,290.6,fixation
12:28:15.9465,721.2,291.4,fixation
12:28:15.9470,720.7,292.2,fixation
12:28:15.9475,720.6,291.8,fixation
12:28:15.948,721.0,292.9,fixation
12:28:15.9485,721.6,294.2,fixation
12:28:15.949,721.9,296.0,fixation
12:28:15.9495,721.7,296.5,fixation
12:28:15.9500,721.5,296.9,fixation
12:28:15.9505,721.4,296.7,fixation
12:28:15.951,721.1,296.7,fixation
12:28:15.9515,720.9,296.6,fixation
12:28:15.952,720.8,296.5,fixation
12:28:15.9525,720.8,296.4,fixation
12:28:15.9530,721.0,295.9,fixation
12:28:15.9535,721.1,295.5,fixation
12:28:15.954,721.1,296.1,fixation
12:28:15.9545,720.9,297.3,fixation
12:28:15.955,720.7,299.1,fixation
12:28:15.9555,720.7,299.7,fixation
12:28:15.9560,720.3,298.2,fixation
12:28:15.9565,720.0,296.1,fixation
12:28:15.957,721.7,294.0,fixation
12:28:15.9575,724.0,291.7,fixation
12:28:15.958,726.4,289.6,fixation
12:28:15.9585,726.7,287.8,fixation
12:28:15.9590,725.1,288.3,fixation
12:28:15.9595,723.4,288.6,fixation
12:28:15.96,721.9,288.6,fixation
12:28:15.9605,722.0,288.8,fixation
12:28:15.961,721.9,290.9,fixation
12:28:15.9615,721.3,293.0,fixation
12:28:15.962,720.8,293.5,fixation
12:28:15.9625,720.6,292.4,fixation
12:28:15.9630,720.9,291.7,fixation
12:28:15.9635,721.0,293.1,fixation
12:28:15.964,720.9,294.4,fixation
12:28:15.9645,720.7,295.3,fixation
12:28:15.965,721.5,295.5,fixation
12:28:15.9655,722.4,295.6,fixation
12:28:15.9660,723.6,296.1,fixation
12:28:15.9665,723.9,296.6,fixation
12:28:15.967,724.3,295.9,fixation
12:28:15.9675,724.5,294.7,fixation
12:28:15.968,724.1,293.5,fixation
12:28:15.9685,723.4,293.6,fixation
12:28:15.9690,722.6,294.0,fixation
12:28:15.9695,722.4,294.3,fixation
12:28:15.97,721.7,294.1,fixation
12:28:15.9705,720.8,295.8,fixation
12:28:15.971,719.6,297.6,fixation
12:28:15.9715,719.3,298.1,fixation
12:28:15.9720,720.6,296.9,fixation
12:28:15.9725,722.3,295.8,fixation
12:28:15.973,723.9,295.9,fixation
12:28:15.9735,723.7,295.2,fixation
12:28:15.974,722.2,294.2,fixation
12:28:15.9745,720.9,292.3,fixation
12:28:15.9750,719.9,291.5,fixation
12:28:15.9755,719.8,290.9,fixation
12:28:15.976,719.8,291.0,fixation
12:28:15.9765,720.3,290.9,fixation
12:28:15.977,720.5,292.3,fixation
12:28:15.9775,720.7,293.9,fixation
12:28:15.978,720.8,295.4,fixation
12:28:15.9785,721.2,295.4,fixation
12:28:15.9790,721.4,295.1,fixation
12:28:15.9795,721.2,294.7,fixation
12:28:15.98,720.7,294.1,fixation
12:28:15.9805,720.2,293.6,fixation
12:28:15.981,719.4,293.3,fixation
12:28:15.9815,719.0,291.5,fixation
12:28:15.9820,719.0,289.9,fixation
12:28:15.9825,719.4,288.8,fixation
12:28:15.983,720.1,289.8,fixation
12:28:15.9835,720.4,291.9,fixation
12:28:15.984,720.6,293.6,fixation
12:28:15.9845,720.1,294.7,fixation
12:28:15.9850,719.8,294.8,fixation
12:28:15.9855,720.1,294.9,fixation
12:28:15.986,720.5,294.4,fixation
12:28:15.9865,721.0,293.3,fixation
12:28:15.987,721.2,292.1,fixation
12:28:15.9875,721.5,291.3,fixation
12:28:15.9880,721.7,291.1,fixation
12:28:15.9885,720.4,292.4,fixation
12:28:15.989,718.8,294.1,fixation
12:28:15.9895,718.9,295.8,fixation
12:28:15.99,720.5,296.2,fixation
12:28:15.9905,722.4,295.9,fixation
12:28:15.9910,722.6,295.4,fixation
12:28:15.9915,722.8,294.7,fixation
12:28:15.992,722.9,294.4,fixation
12:28:15.9925,722.5,294.4,fixation
12:28:15.993,721.9,294.4,fixation
12:28:15.9935,721.4,294.5,fixation
12:28:15.994,721.5,294.6,fixation
12:28:15.9945,721.5,294.1,fixation
12:28:15.9950,721.6,293.2,fixation
12:28:15.9955,721.6,291.7,fixation
12:28:15.996,721.7,290.6,fixation
12:28:15.9965,721.8,290.0,fixation
12:28:15.997,721.7,291.3,fixation
12:28:15.9975,721.6,292.7,fixation
12:28:15.9980,720.8,294.4,fixation
12:28:15.9985,720.1,294.7,fixation
12:28:15.999,720.3,293.5,fixation
12:28:15.9995,721.2,292.0,fixation
12:28:16.,722.1,290.2,fixation
12:28:16.0005,722.2,290.1,fixation
12:28:16.0009,722.3,291.0,fixation
12:28:16.0014,722.8,292.1,fixation
12:28:16.0019,723.1,293.5,fixation
12:28:16.0023,723.0,293.7,fixation
12:28:16.0028,722.4,293.9,fixation
12:28:16.0033,721.9,293.3,fixation
12:28:16.0038,721.9,292.9,fixation
12:28:16.0042,721.2,292.6,fixation
12:28:16.0047,720.5,292.7,fixation
12:28:16.0052,720.0,292.6,fixation
12:28:16.0056,720.2,292.5,fixation
12:28:16.0061,720.3,292.6,fixation
12:28:16.0066,720.5,292.7,fixation
12:28:16.0070,720.9,293.5,fixation
12:28:16.0075,721.6,294.3,fixation
12:28:16.008,722.0,295.2,fixation
12:28:16.0084,722.2,295.5,fixation
12:28:16.0089,722.2,295.5,fixation
12:28:16.0094,722.2,294.9,fixation
12:28:16.0099,722.4,292.6,fixation
12:28:16.0103,722.7,290.3,fixation
12:28:16.0108,721.6,289.9,fixation
12:28:16.0113,720.3,291.5,fixation
12:28:16.0117,719.1,293.3,fixation
12:28:16.0122,719.1,295.2,fixation
12:28:16.0127,719.1,296.9,fixation
12:28:16.0131,719.0,296.6,fixation
12:28:16.0136,719.1,294.9,fixation
12:28:16.0141,718.7,295.0,fixation
12:28:16.0145,718.4,296.9,fixation
12:28:16.015,719.3,298.4,fixation
12:28:16.0155,720.6,297.8,fixation
12:28:16.016,722.6,297.0,fixation
12:28:16.0164,723.3,297.1,fixation
12:28:16.0169,723.8,298.0,fixation
12:28:16.0174,722.9,299.1,fixation
12:28:16.0178,722.2,299.3,fixation
12:28:16.0183,721.5,298.5,fixation
12:28:16.0188,721.8,297.2,fixation
12:28:16.0192,722.0,295.3,fixation
12:28:16.0197,722.3,293.7,fixation
12:28:16.0202,722.6,293.1,fixation
12:28:16.0206,722.8,293.6,fixation
12:28:16.0211,722.6,294.3,fixation
12:28:16.0216,722.2,294.9,fixation
12:28:16.0221,722.0,295.1,fixation
12:28:16.0225,720.5,294.7,fixation
12:28:16.023,719.1,294.1,fixation
12:28:16.0235,718.4,294.6,fixation
12:28:16.0239,719.2,295.5,fixation
12:28:16.0244,720.0,296.3,fixation
12:28:16.0249,720.0,296.3,fixation
12:28:16.0253,720.1,296.3,fixation
12:28:16.0258,720.4,295.7,fixation
12:28:16.0263,720.7,295.0,fixation
12:28:16.0267,720.9,294.3,fixation
12:28:16.0272,721.1,294.5,fixation
12:28:16.0277,721.4,294.8,fixation
12:28:16.0282,721.9,295.0,fixation
12:28:16.0286,722.2,295.0,fixation
12:28:16.0291,722.5,294.8,fixation
12:28:16.0296,722.6,294.7,fixation
12:28:16.0300,722.4,294.7,fixation
12:28:16.0305,722.0,295.4,fixation
12:28:16.031,721.6,296.0,fixation
12:28:16.0314,721.5,296.6,fixation
12:28:16.0319,720.8,298.0,fixation
12:28:16.0324,720.1,300.2,fixation
12:28:16.0328,719.6,303.2,fixation
12:28:16.0333,719.6,304.6,fixation
12:28:16.0338,719.5,304.6,fixation
12:28:16.0342,719.3,303.0,fixation
12:28:16.0346,719.0,301.2,fixation
12:28:16.0351,719.8,300.3,fixation
12:28:16.0356,720.6,300.1,fixation
12:28:16.0360,721.2,300.0,fixation
12:28:16.0365,720.8,302.3,fixation
12:28:16.037,720.4,304.8,fixation
12:28:16.0374,720.1,307.5,fixation
12:28:16.0379,719.8,308.7,fixation
12:28:16.0384,719.4,309.9,fixation
12:28:16.0388,720.3,310.8,fixation
12:28:16.0392,721.4,310.6,fixation
12:28:16.0397,721.3,310.0,fixation
12:28:16.0402,719.3,309.2,fixation
12:28:16.0406,717.2,308.4,fixation
12:28:16.0411,716.6,307.9,fixation
12:28:16.0416,718.0,307.5,fixation
12:28:16.0420,719.5,307.1,fixation
12:28:16.0425,720.6,307.4,fixation
12:28:16.043,720.5,307.7,fixation
12:28:16.0434,720.5,308.0,fixation
12:28:16.0438,720.5,307.6,fixation
12:28:16.0443,720.7,306.0,fixation
12:28:16.0448,720.6,304.4,fixation
12:28:16.0452,720.4,303.0,fixation
12:28:16.0457,720.2,304.7,fixation
12:28:16.0462,721.0,306.4,fixation
12:28:16.0466,721.9,308.1,fixation
12:28:16.0471,722.7,307.3,saccade
12:28:16.0476,722.5,307.2,saccade
12:28:16.0480,722.1,307.1,saccade
12:28:16.0484,720.8,306.9,saccade
12:28:16.0489,719.7,307.3,saccade
12:28:16.0494,719.1,308.0,saccade
12:28:16.0498,719.4,309.2,saccade
12:28:16.0503,720.3,309.9,saccade
12:28:16.0508,720.9,310.4,saccade
12:28:16.0512,721.3,310.5,saccade
12:28:16.0517,722.9,310.3,saccade
12:28:16.0522,724.4,310.2,saccade
12:28:16.0526,726.0,310.0,saccade
12:28:16.0531,727.4,309.8,saccade
12:28:16.0536,728.7,309.9,saccade
12:28:16.0541,731.4,310.2,saccade
12:28:16.0545,734.4,310.6,saccade
12:28:16.055,738.5,310.6,saccade
12:28:16.0555,742.8,310.7,saccade
12:28:16.0559,747.4,311.2,saccade
12:28:16.0564,752.4,311.6,saccade
12:28:16.0569,757.9,311.9,saccade
12:28:16.0573,763.8,313.6,saccade
12:28:16.0578,769.3,315.5,saccade
12:28:16.0583,775.8,315.7,saccade
12:28:16.0587,782.3,314.1,saccade
12:28:16.0592,788.0,312.8,saccade
12:28:16.0597,793.8,313.0,saccade
12:28:16.0602,799.7,313.2,saccade
12:28:16.0606,806.5,314.5,saccade
12:28:16.0611,813.6,315.8,saccade
12:28:16.0616,820.4,316.5,saccade
12:28:16.0620,827.6,315.3,saccade
12:28:16.0625,834.1,314.0,saccade
12:28:16.063,838.9,313.3,saccade
12:28:16.0634,843.8,312.9,saccade
12:28:16.0639,845.7,312.5,saccade
12:28:16.0644,848.8,312.6,saccade
12:28:16.0648,850.3,312.8,saccade
12:28:16.0653,851.8,312.8,saccade
12:28:16.0658,851.9,310.1,saccade
12:28:16.0663,852.0,307.6,saccade
12:28:16.0667,852.0,307.6,saccade
12:28:16.0672,850.7,310.1,saccade
12:28:16.0677,847.4,310.5,saccade
12:28:16.0681,842.1,308.4,saccade
12:28:16.0686,836.8,305.3,saccade
12:28:16.0691,830.9,304.4,saccade
12:28:16.0695,825.9,303.6,saccade
12:28:16.07,820.1,303.4,saccade
12:28:16.0705,814.6,303.0,saccade
12:28:16.0709,808.8,301.6,saccade
12:28:16.0714,803.3,300.8,saccade
12:28:16.0719,798.9,300.0,saccade
12:28:16.0724,794.3,299.5,saccade
12:28:16.0728,790.8,298.8,saccade
12:28:16.0733,786.7,298.3,saccade
12:28:16.0738,783.8,298.4,saccade
12:28:16.0742,780.9,298.5,saccade
12:28:16.0747,779.7,299.0,saccade
12:28:16.0752,779.0,299.5,saccade
12:28:16.0756,779.0,299.9,saccade
12:28:16.0761,779.0,300.6,saccade
12:28:16.0766,779.2,301.1,saccade
12:28:16.0770,781.0,301.5,saccade
12:28:16.0775,784.4,297.4,saccade
12:28:16.078,790.6,292.8,saccade
12:28:16.0785,798.5,286.9,saccade
12:28:16.0789,807.1,283.9,saccade
12:28:16.0794,814.7,281.0,saccade
12:28:16.0799,821.8,279.6,saccade
12:28:16.0803,827.6,281.4,saccade
12:28:16.0808,834.0,283.7,saccade
12:28:16.0813,841.2,284.4,saccade
12:28:16.0817,849.1,282.9,saccade
12:28:16.0822,857.6,281.4,saccade
12:28:16.0827,863.5,282.3,saccade
12:28:16.0831,871.9,283.1,saccade
12:28:16.0836,880.6,282.4,saccade
12:28:16.0841,889.6,280.8,saccade
12:28:16.0846,897.9,283.4,saccade
12:28:16.0850,904.0,289.5,saccade
12:28:16.0855,911.6,295.5,saccade
12:28:16.086,917.7,297.1,saccade
12:28:16.0864,924.5,296.8,saccade
12:28:16.0869,931.6,296.1,saccade
12:28:16.0874,938.0,295.3,saccade
12:28:16.0878,945.2,292.2,saccade
12:28:16.0883,951.6,289.6,saccade
12:28:16.0888,959.2,287.0,saccade
12:28:16.0892,964.8,286.8,saccade
12:28:16.0897,968.3,286.5,saccade
12:28:16.0902,970.5,286.4,saccade
12:28:16.0907,972.2,286.7,saccade
12:28:16.0911,975.0,287.0,saccade
12:28:16.0916,976.5,287.4,saccade
12:28:16.0921,978.2,287.6,saccade
12:28:16.0925,979.3,288.5,saccade
12:28:16.093,980.3,290.1,saccade
12:28:16.0935,980.7,292.0,saccade
12:28:16.0939,979.7,293.2,saccade
12:28:16.0944,978.3,293.3,saccade
12:28:16.0949,975.4,292.6,saccade
12:28:16.0953,972.6,290.4,saccade
12:28:16.0958,970.1,288.4,saccade
12:28:16.0963,969.0,286.3,saccade
12:28:16.0967,966.2,285.9,saccade
12:28:16.0971,960.8,285.8,saccade
12:28:16.0976,954.0,288.7,saccade
12:28:16.0981,947.2,297.6,saccade
12:28:16.0985,942.8,306.4,saccade
12:28:16.099,939.0,314.7,saccade
12:28:16.0995,935.2,319.0,saccade
12:28:16.0999,931.7,323.2,saccade
12:28:16.1004,927.7,327.2,saccade
12:28:16.1009,925.9,333.2,saccade
12:28:16.1013,921.9,339.6,saccade
12:28:16.1017,919.4,346.1,saccade
12:28:16.1022,917.2,348.3,saccade
12:28:16.1027,915.2,350.3,saccade
12:28:16.1031,912.3,362.9,saccade
12:28:16.1036,907.9,375.6,saccade
12:28:16.1041,903.9,391.6,saccade
12:28:16.1045,900.7,400.0,saccade
12:28:16.105,900.4,409.9,saccade
12:28:16.1055,900.4,416.5,saccade
12:28:16.1059,899.4,426.6,saccade
12:28:16.1063,896.0,440.9,saccade
12:28:16.1068,893.7,455.2,saccade
12:28:16.1073,896.0,461.0,saccade
12:28:16.1077,899.0,466.1,saccade
12:28:16.1082,888.4,491.2,saccade
12:28:16.1087,874.7,516.4,saccade
12:28:16.1091,869.1,539.2,saccade
12:28:16.1096,878.9,540.3,saccade
12:28:16.1101,889.4,541.4,saccade
12:28:16.1105,890.9,549.1,saccade
12:28:16.1109,885.5,601.6,saccade
12:28:16.1114,880.3,653.7,saccade
12:28:16.1119,877.4,678.6,saccade
12:28:16.1123,879.0,660.3,saccade
12:28:16.1128,873.4,657.2,saccade
12:28:16.1133,866.2,674.8,saccade
12:28:16.1137,860.1,692.3,saccade
12:28:16.1142,861.1,700.1,saccade
12:28:16.1147,861.5,706.8,saccade
12:28:16.1151,861.0,717.4,saccade
12:28:16.1156,860.5,724.7,saccade
12:28:16.1161,857.4,732.9,saccade
12:28:16.1166,851.7,740.5,saccade
12:28:16.1170,845.9,746.3,saccade
12:28:16.1175,848.8,750.5,saccade
12:28:16.118,854.1,751.3,saccade
12:28:16.1184,854.3,762.2,saccade
12:28:16.1189,849.3,772.5,saccade
12:28:16.1194,844.2,782.9,saccade
12:28:16.1198,.,.,blink
12:28:16.1203,.,.,blink
12:28:16.1208,.,.,blink
12:28:16.1212,.,.,blink
12:28:16.1217,.,.,blink
12:28:16.1222,.,.,blink
12:28:16.1227,.,.,blink
12:28:16.1231,.,.,blink
12:28:16.1236,.,.,blink
12:28:16.1241,.,.,blink
12:28:16.1245,.,.,blink
12:28:16.125,.,.,blink
12:28:16.1255,.,.,blink
12:28:16.1259,.,.,blink
12:28:16.1264,.,.,blink
12:28:16.1269,.,.,blink
12:28:16.1273,.,.,blink
12:28:16.1278,.,.,blink
12:28:16.1283,.,.,blink
12:28:16.1288,.,.,blink
12:28:16.1292,.,.,blink
12:28:16.1297,.,.,blink
12:28:16.1302,.,.,blink
12:28:16.1306,.,.,blink
12:28:16.1311,.,.,blink
12:28:16.1316,.,.,blink
12:28:16.1320,.,.,blink
12:28:16.1325,.,.,blink
12:28:16.133,.,.,blink
12:28:16.1334,.,.,blink
12:28:16.1339,.,.,blink
12:28:16.1344,.,.,blink
12:28:16.1349,.,.,blink
12:28:16.1353,.,.,blink
12:28:16.1358,.,.,blink
12:28:16.1363,.,.,blink
12:28:16.1367,.,.,blink
12:28:16.1372,.,.,blink
12:28:16.1377,.,.,blink
12:28:16.1381,.,.,blink
12:28:16.1386,.,.,blink
12:28:16.1391,.,.,blink
12:28:16.1395,.,.,blink
12:28:16.14,.,.,blink
12:28:16.1405,.,.,blink
12:28:16.141,.,.,blink
12:28:16.1414,.,.,blink
12:28:16.1419,.,.,blink
12:28:16.1424,.,.,blink
12:28:16.1428,.,.,blink
12:28:16.1433,.,.,blink
12:28:16.1438,.,.,blink
12:28:16.1442,.,.,blink
12:28:16.1447,.,.,blink
12:28:16.1452,.,.,blink
12:28:16.1456,.,.,blink
12:28:16.1461,.,.,blink
12:28:16.1466,.,.,blink
12:28:16.1471,.,.,blink
12:28:16.1475,.,.,blink
12:28:16.148,.,.,blink
12:28:16.1485,.,.,blink
12:28:16.1489,.,.,blink
12:28:16.1494,.,.,blink
12:28:16.1499,.,.,blink
12:28:16.1503,.,.,blink
12:28:16.1508,.,.,blink
12:28:16.1513,.,.,blink
12:28:16.1517,.,.,blink
12:28:16.1522,.,.,blink
12:28:16.1527,.,.,blink
12:28:16.1532,.,.,blink
12:28:16.1536,.,.,blink
12:28:16.1541,.,.,blink
12:28:16.1546,.,.,blink
12:28:16.1550,.,.,blink
12:28:16.1555,.,.,blink
12:28:16.156,.,.,blink
12:28:16.1564,.,.,blink
12:28:16.1569,.,.,blink
12:28:16.1574,.,.,blink
12:28:16.1578,.,.,blink
12:28:16.1583,.,.,blink
12:28:16.1588,.,.,blink
12:28:16.1592,.,.,blink
12:28:16.1596,.,.,blink
12:28:16.1601,.,.,blink
12:28:16.1606,.,.,blink
12:28:16.1610,.,.,blink
12:28:16.1615,.,.,blink
12:28:16.162,.,.,blink
12:28:16.1624,.,.,blink
12:28:16.1629,.,.,blink
12:28:16.1634,.,.,blink
12:28:16.1638,.,.,blink
12:28:16.1642,.,.,blink
12:28:16.1647,.,.,blink
12:28:16.1652,.,.,blink
12:28:16.1656,.,.,blink
12:28:16.1661,.,.,blink
12:28:16.1666,.,.,blink
12:28:16.1670,.,.,blink
12:28:16.1675,.,.,blink
12:28:16.168,.,.,blink
12:28:16.1684,.,.,blink
12:28:16.1688,.,.,blink
12:28:16.1693,.,.,blink
12:28:16.1698,.,.,blink
12:28:16.1702,.,.,blink
12:28:16.1707,.,.,blink
12:28:16.1712,.,.,blink
12:28:16.1716,.,.,blink
12:28:16.1721,.,.,blink
12:28:16.1726,.,.,blink
12:28:16.1730,.,.,blink
12:28:16.1734,.,.,blink
12:28:16.1739,.,.,blink
12:28:16.1744,.,.,blink
12:28:16.1748,.,.,blink
12:28:16.1753,.,.,blink
12:28:16.1758,.,.,blink
12:28:16.1762,.,.,blink
12:28:16.1767,.,.,blink
12:28:16.1772,.,.,blink
12:28:16.1776,.,.,blink
12:28:16.1781,.,.,blink
12:28:16.1786,.,.,blink
12:28:16.1791,.,.,blink
12:28:16.1795,.,.,blink
12:28:16.18,.,.,blink
12:28:16.1805,.,.,blink
12:28:16.1809,872.3,332.9,fixation
12:28:16.1814,870.9,332.9,fixation
12:28:16.1819,869.3,333.4,fixation
12:28:16.1823,868.9,333.2,fixation
12:28:16.1828,868.5,333.0,fixation
12:28:16.1833,868.2,333.3,fixation
12:28:16.1837,867.9,335.3,fixation
12:28:16.1842,866.1,337.2,fixation
12:28:16.1847,864.3,338.1,fixation
12:28:16.1852,862.7,338.1,fixation
12:28:16.1856,861.7,338.3,fixation
12:28:16.1861,860.0,338.4,fixation
12:28:16.1866,858.2,337.9,fixation
12:28:16.1870,857.7,336.9,fixation
12:28:16.1875,857.9,335.8,fixation
12:28:16.188,858.3,336.0,fixation
12:28:16.1884,858.2,337.0,fixation
12:28:16.1889,857.9,338.0,fixation
12:28:16.1894,858.0,338.3,fixation
12:28:16.1898,859.5,338.2,fixation
12:28:16.1903,860.9,338.3,fixation
12:28:16.1908,862.0,338.5,fixation
12:28:16.1913,862.0,338.9,fixation
12:28:16.1917,862.3,339.2,fixation
12:28:16.1922,862.7,338.1,fixation
12:28:16.1927,862.9,336.9,fixation
12:28:16.1931,862.8,335.6,fixation
12:28:16.1936,862.6,335.5,fixation
12:28:16.1941,862.5,335.4,fixation
12:28:16.1945,862.3,335.5,fixation
12:28:16.195,863.9,335.2,fixation
12:28:16.1955,865.6,334.8,fixation
12:28:16.1959,866.6,334.8,fixation
12:28:16.1964,865.9,335.0,fixation
12:28:16.1969,864.4,335.4,fixation
12:28:16.1974,863.7,335.3,fixation
12:28:16.1978,863.2,335.0,fixation
12:28:16.1983,863.7,334.7,fixation
12:28:16.1988,864.5,335.2,fixation
12:28:16.1992,865.1,335.9,fixation
12:28:16.1997,865.7,335.9,fixation
12:28:16.2002,866.0,335.3,fixation
12:28:16.2006,865.9,334.4,fixation
12:28:16.2011,864.4,334.1,fixation
12:28:16.2016,862.8,333.9,fixation
12:28:16.2020,861.8,334.2,fixation
12:28:16.2025,862.0,334.3,fixation
12:28:16.203,861.9,334.4,fixation
12:28:16.2035,861.8,334.0,fixation
12:28:16.2039,861.7,333.7,fixation
12:28:16.2044,862.1,332.7,fixation
12:28:16.2049,862.1,332.3,fixation
12:28:16.2053,861.8,331.9,fixation
12:28:16.2058,861.5,332.3,fixation
12:28:16.2063,861.5,332.8,fixation
12:28:16.2067,862.2,333.3,fixation
12:28:16.2072,862.9,333.9,fixation
12:28:16.2077,863.1,334.3,fixation
12:28:16.2081,862.9,334.8,fixation
12:28:16.2086,862.7,335.3,fixation
12:28:16.2091,862.1,334.9,fixation
12:28:16.2096,861.7,334.5,fixation
12:28:16.2100,862.7,333.7,fixation
12:28:16.2105,863.9,333.4,fixation
12:28:16.211,865.1,333.3,fixation
12:28:16.2114,864.8,333.7,fixation
12:28:16.2119,864.7,333.4,fixation
12:28:16.2124,864.8,332.9,fixation
12:28:16.2128,864.6,331.3,fixation
12:28:16.2133,864.2,330.3,fixation
12:28:16.2138,864.5,331.3,fixation
12:28:16.2142,865.3,332.9,fixation
12:28:16.2147,865.2,334.5,fixation
12:28:16.2152,864.4,334.3,fixation
12:28:16.2157,863.5,334.5,fixation
12:28:16.2161,863.4,334.7,fixation
12:28:16.2166,863.4,334.8,fixation
12:28:16.2171,863.7,334.9,fixation
12:28:16.2175,864.1,335.4,fixation
12:28:16.218,864.3,335.9,fixation
12:28:16.2185,863.0,335.8,fixation
12:28:16.2189,861.5,334.8,fixation
12:28:16.2194,860.1,332.9,fixation
12:28:16.2199,860.2,331.4,fixation
12:28:16.2203,860.3,330.8,fixation
12:28:16.2208,860.8,331.3,fixation
12:28:16.2213,861.3,332.3,fixation
12:28:16.2217,861.5,333.0,fixation
12:28:16.2221,861.4,333.2,fixation
12:28:16.2226,861.4,332.6,fixation
12:28:16.2231,861.6,332.1,fixation
12:28:16.2235,862.5,331.9,fixation
12:28:16.224,863.3,332.1,fixation
12:28:16.2245,864.0,332.9,fixation
12:28:16.2249,863.8,333.4,fixation
12:28:16.2254,863.7,334.0,fixation
12:28:16.2259,863.6,333.6,fixation
12:28:16.2263,863.7,333.1,fixation
12:28:16.2267,863.9,332.6,fixation
12:28:16.2272,864.3,332.6,fixation
12:28:16.2277,865.0,332.5,fixation
12:28:16.2281,865.5,332.9,fixation
12:28:16.2286,864.8,333.4,fixation
12:28:16.2291,863.8,333.2,fixation
12:28:16.2295,863.0,332.6,fixation
12:28:16.23,863.1,333.0,fixation
12:28:16.2305,862.9,334.0,fixation
12:28:16.2309,862.6,334.7,fixation
12:28:16.2313,862.3,334.2,fixation
12:28:16.2318,862.4,331.8,fixation
12:28:16.2323,862.7,329.8,fixation
12:28:16.2327,861.8,328.2,fixation
12:28:16.2332,860.7,328.4,fixation
12:28:16.2337,860.2,328.6,fixation
12:28:16.2341,860.9,328.7,fixation
12:28:16.2346,861.6,330.4,fixation
12:28:16.2351,862.7,331.9,fixation
12:28:16.2355,863.7,333.3,fixation
12:28:16.2359,863.9,333.1,fixation
12:28:16.2364,863.0,332.8,fixation
12:28:16.2369,862.8,332.5,fixation
12:28:16.2373,863.6,331.9,fixation
12:28:16.2378,863.1,331.6,fixation
12:28:16.2383,862.0,331.4,fixation
12:28:16.2387,862.0,331.6,fixation
12:28:16.2392,863.1,331.8,fixation
12:28:16.2397,864.0,332.0,fixation
12:28:16.2401,863.4,333.0,fixation
12:28:16.2406,862.7,334.0,fixation
12:28:16.2411,862.2,334.7,fixation
12:28:16.2416,861.8,334.2,fixation
12:28:16.2420,861.4,333.9,fixation
12:28:16.2425,861.9,333.8,fixation
12:28:16.243,862.7,332.9,fixation
12:28:16.2434,863.6,331.7,fixation
12:28:16.2439,863.9,331.2,fixation
12:28:16.2444,864.1,331.9,fixation
12:28:16.2448,863.9,332.9,fixation
12:28:16.2453,863.8,333.2,fixation
12:28:16.2458,863.7,333.5,fixation
12:28:16.2462,864.1,333.7,fixation
12:28:16.2467,864.4,333.6,fixation
12:28:16.2472,864.3,333.5,fixation
12:28:16.2477,864.0,333.3,fixation
12:28:16.2481,865.2,333.3,fixation
12:28:16.2486,866.9,333.3,fixation
12:28:16.2491,867.8,332.1,fixation
12:28:16.2495,867.4,330.9,fixation
12:28:16.25,867.0,329.8,fixation
12:28:16.2505,866.8,330.0,fixation
12:28:16.2509,865.9,330.0,fixation
12:28:16.2514,864.7,331.9,fixation
12:28:16.2519,863.9,334.0,fixation
12:28:16.2523,863.5,335.6,fixation
12:28:16.2528,863.4,335.0,fixation
12:28:16.2533,863.4,334.4,fixation
12:28:16.2538,863.5,333.6,fixation
12:28:16.2542,863.7,331.9,fixation
12:28:16.2547,863.7,330.1,fixation
12:28:16.2552,863.7,328.1,fixation
12:28:16.2556,864.0,327.5,fixation
12:28:16.2561,864.7,327.8,fixation
12:28:16.2566,865.3,328.8,fixation
12:28:16.2570,865.5,329.4,fixation
12:28:16.2575,865.5,330.5,fixation
12:28:16.258,865.3,331.6,fixation
12:28:16.2584,865.0,333.2,fixation
12:28:16.2589,864.4,333.7,fixation
12:28:16.2594,864.1,334.1,fixation
12:28:16.2599,864.1,334.0,fixation
12:28:16.2603,864.5,333.5,fixation
12:28:16.2608,864.9,331.2,fixation
12:28:16.2613,864.9,328.9,fixation
12:28:16.2617,864.7,327.7,fixation
12:28:16.2622,864.4,328.3,fixation
12:28:16.2627,864.6,329.0,fixation
12:28:16.2631,865.0,328.7,fixation
12:28:16.2636,865.2,328.1,fixation
12:28:16.2641,865.1,327.5,fixation
12:28:16.2645,865.1,327.0,fixation
12:28:16.265,865.3,328.7,fixation
12:28:16.2655,865.6,330.4,fixation
12:28:16.266,866.0,332.0,fixation
12:28:16.2664,866.7,331.8,fixation
12:28:16.2669,867.4,331.6,fixation
12:28:16.2674,867.7,330.9,fixation
12:28:16.2678,867.7,330.4,fixation
12:28:16.2683,866.8,329.2,fixation
12:28:16.2688,865.8,328.5,fixation
12:28:16.2692,865.0,329.2,fixation
12:28:16.2697,865.2,330.6,fixation
12:28:16.2702,865.3,331.9,fixation
12:28:16.2706,865.4,331.8,fixation
12:28:16.2711,866.0,331.1,fixation
12:28:16.2716,866.7,330.6,fixation
12:28:16.2721,867.1,330.2,fixation
12:28:16.2725,866.6,330.4,fixation
12:28:16.273,865.7,330.4,fixation
12:28:16.2735,865.0,330.7,fixation
12:28:16.2739,864.1,330.9,fixation
12:28:16.2744,863.8,330.9,fixation
12:28:16.2749,864.5,330.6,fixation
12:28:16.2753,865.6,330.3,fixation
12:28:16.2758,866.6,330.3,fixation
12:28:16.2763,866.6,330.5,fixation
12:28:16.2767,866.7,330.6,fixation
12:28:16.2772,865.9,330.7,fixation
12:28:16.2777,865.3,331.3,fixation
12:28:16.2782,864.8,331.8,fixation
12:28:16.2786,865.1,332.4,fixation
12:28:16.2791,864.5,331.2,fixation
12:28:16.2796,863.7,330.1,fixation
12:28:16.2800,863.4,329.0,fixation
12:28:16.2805,863.7,329.0,fixation
12:28:16.281,863.5,328.8,fixation
12:28:16.2814,863.1,328.6,fixation
12:28:16.2819,862.8,328.2,fixation
12:28:16.2824,863.4,328.0,fixation
12:28:16.2828,863.8,328.0,fixation
12:28:16.2833,864.3,328.1,fixation
12:28:16.2838,864.4,328.3,fixation
12:28:16.2842,864.3,329.9,fixation
12:28:16.2846,864.1,331.5,fixation
12:28:16.2851,863.2,333.1,fixation
12:28:16.2856,862.8,333.3,fixation
12:28:16.2860,862.3,333.5,fixation
12:28:16.2865,862.7,332.7,fixation
12:28:16.287,862.5,331.6,fixation
12:28:16.2874,862.4,330.6,fixation
12:28:16.2879,862.2,330.6,fixation
12:28:16.2884,862.1,330.5,fixation
12:28:16.2888,862.9,329.2,fixation
12:28:16.2892,864.3,327.9,fixation
12:28:16.2897,865.9,327.8,fixation
12:28:16.2902,866.6,328.9,fixation
12:28:16.2906,866.9,329.8,fixation
12:28:16.2911,867.1,329.7,fixation
12:28:16.2916,866.6,329.3,fixation
12:28:16.2920,866.4,328.9,fixation
12:28:16.2925,866.5,329.7,fixation
12:28:16.293,866.8,330.9,fixation
12:28:16.2934,866.3,331.0,fixation
12:28:16.2938,864.6,330.0,fixation
12:28:16.2943,863.3,328.9,fixation
12:28:16.2948,862.2,329.0,fixation
12:28:16.2952,862.1,329.0,fixation
12:28:16.2957,862.5,329.0,fixation
12:28:16.2962,862.9,329.8,fixation
12:28:16.2966,863.4,330.7,fixation
12:28:16.2971,863.4,329.9,fixation
12:28:16.2976,863.4,328.6,fixation
12:28:16.2980,863.3,327.6,fixation
12:28:16.2984,862.4,328.2,fixation
12:28:16.2989,861.6,328.3,fixation
12:28:16.2994,861.6,327.7,fixation
12:28:16.2998,862.4,326.8,fixation
12:28:16.3003,863.4,325.7,fixation
12:28:16.3008,863.5,325.0,fixation
12:28:16.3012,863.5,324.7,fixation
12:28:16.3017,863.3,324.7,fixation
12:28:16.3022,863.1,324.6,fixation
12:28:16.3026,863.0,324.6,fixation
12:28:16.3031,863.1,324.1,fixation
12:28:16.3036,863.1,323.6,fixation
12:28:16.3041,863.0,324.9,fixation
12:28:16.3045,863.2,326.5,fixation
12:28:16.305,863.4,328.1,fixation
12:28:16.3055,862.8,327.9,fixation
12:28:16.3059,861.8,328.0,fixation
12:28:16.3064,860.9,327.7,fixation
12:28:16.3069,861.2,327.1,fixation
12:28:16.3073,862.3,326.7,fixation
12:28:16.3078,863.2,326.9,fixation
12:28:16.3083,863.7,327.8,fixation
12:28:16.3087,863.1,328.5,fixation
12:28:16.3092,862.7,328.8,fixation
12:28:16.3097,862.6,328.7,fixation
12:28:16.3102,862.7,327.4,fixation
12:28:16.3106,862.6,326.2,fixation
12:28:16.3111,862.6,325.2,fixation
12:28:16.3116,862.6,324.7,fixation
12:28:16.3120,862.7,324.2,fixation
12:28:16.3125,862.9,323.6,fixation
12:28:16.313,863.1,323.3,fixation
12:28:16.3134,863.6,323.2,fixation
12:28:16.3139,864.3,322.9,fixation
12:28:16.3144,865.1,322.7,fixation
12:28:16.3148,864.2,322.8,fixation
12:28:16.3153,862.9,323.4,fixation
12:28:16.3158,862.8,324.2,fixation
12:28:16.3163,863.9,324.9,fixation
12:28:16.3167,865.0,325.2,fixation
12:28:16.3172,864.9,325.4,fixation
12:28:16.3177,864.7,325.4,fixation
12:28:16.3181,864.6,325.5,fixation
12:28:16.3186,864.5,326.0,fixation
12:28:16.3191,864.6,326.2,fixation
12:28:16.3195,864.8,326.4,fixation
12:28:16.32,865.2,326.6,fixation
12:28:16.3205,865.4,326.9,fixation
12:28:16.3209,865.6,326.8,fixation
12:28:16.3214,864.9,326.3,fixation
12:28:16.3219,864.2,325.5,fixation
12:28:16.3224,863.6,324.8,fixation
12:28:16.3228,863.5,324.1,fixation
12:28:16.3233,863.5,323.4,fixation
12:28:16.3238,863.4,323.1,fixation
12:28:16.3242,863.2,324.1,fixation
12:28:16.3247,863.0,325.5,fixation
12:28:16.3252,863.3,326.6,fixation
12:28:16.3256,863.7,325.9,fixation
12:28:16.3261,863.7,324.7,fixation
12:28:16.3266,863.4,322.9,fixation
12:28:16.3270,863.0,321.4,fixation
12:28:16.3275,863.0,321.0,fixation
12:28:16.328,863.0,321.6,fixation
12:28:16.3285,863.4,322.1,fixation
12:28:16.3289,863.9,322.1,fixation
12:28:16.3294,864.4,322.2,fixation
12:28:16.3299,864.4,322.6,fixation
12:28:16.3303,864.7,323.0,fixation
12:28:16.3308,865.1,324.3,fixation
12:28:16.3313,865.4,325.4,fixation
12:28:16.3317,865.6,326.2,fixation
12:28:16.3322,865.4,326.5,fixation
12:28:16.3327,863.8,326.8,fixation
12:28:16.3331,862.4,324.9,fixation
12:28:16.3336,861.1,322.7,fixation
12:28:16.3341,861.2,320.5,fixation
12:28:16.3346,861.1,320.6,fixation
12:28:16.3350,861.1,320.7,fixation
12:28:16.3355,861.6,321.1,fixation
12:28:16.336,862.1,321.7,fixation
12:28:16.3364,862.5,322.3,fixation
12:28:16.3369,863.3,322.6,fixation
12:28:16.3374,864.1,322.5,fixation
12:28:16.3378,863.9,322.2,fixation
12:28:16.3383,862.2,321.5,fixation
12:28:16.3388,860.6,319.6,fixation
12:28:16.3392,860.5,317.9,fixation
12:28:16.3397,861.1,318.4,fixation
12:28:16.3402,861.6,320.6,fixation
12:28:16.3407,861.5,322.3,fixation
12:28:16.3411,861.5,321.8,fixation
12:28:16.3416,861.8,320.9,fixation
12:28:16.3421,862.4,320.4,fixation
12:28:16.3425,862.9,321.3,fixation
12:28:16.343,863.2,322.3,fixation
12:28:16.3435,862.9,323.7,fixation
12:28:16.3439,862.2,324.0,fixation
12:28:16.3444,861.5,324.3,fixation
12:28:16.3449,861.2,324.2,fixation
12:28:16.3453,861.4,324.0,fixation
12:28:16.3458,861.8,324.3,fixation
12:28:16.3463,862.3,324.5,fixation
12:28:16.3467,862.6,324.7,fixation
12:28:16.3471,862.6,324.4,fixation
12:28:16.3476,862.5,324.4,fixation
12:28:16.3481,861.9,323.7,fixation
12:28:16.3485,861.5,323.0,fixation
12:28:16.349,861.1,322.3,fixation
12:28:16.3495,861.0,322.4,fixation
12:28:16.3499,861.2,322.4,fixation
12:28:16.3504,861.8,322.8,fixation
12:28:16.3509,862.4,323.2,fixation
12:28:16.3513,863.1,323.2,fixation
12:28:16.3517,863.3,322.5,fixation
12:28:16.3522,863.6,321.9,fixation
12:28:16.3527,863.5,322.9,fixation
12:28:16.3531,863.6,324.0,fixation
12:28:16.3536,863.2,324.1,fixation
12:28:16.3541,862.0,323.1,fixation
12:28:16.3545,860.9,322.0,fixation
12:28:16.355,860.1,321.9,fixation
12:28:16.3555,860.1,322.7,fixation
12:28:16.3559,861.0,323.1,fixation
12:28:16.3563,861.9,323.6,fixation
12:28:16.3568,863.0,322.3,fixation
12:28:16.3573,863.2,321.5,fixation
12:28:16.3577,863.5,320.6,fixation
12:28:16.3582,863.3,320.4,fixation
12:28:16.3587,861.9,320.3,fixation
12:28:16.3591,860.4,320.5,fixation
12:28:16.3596,859.6,320.9,fixation
12:28:16.3601,859.7,321.6,fixation
12:28:16.3605,859.8,322.7,fixation
12:28:16.3609,859.6,324.4,fixation
12:28:16.3614,859.6,325.8,fixation
12:28:16.3619,859.6,326.3,fixation
12:28:16.3623,860.4,323.9,saccade
12:28:16.3628,861.5,325.1,saccade
12:28:16.3633,862.5,327.1,saccade
12:28:16.3637,862.8,326.6,saccade
12:28:16.3642,862.4,324.1,saccade
12:28:16.3647,862.0,321.1,saccade
12:28:16.3651,861.8,320.6,saccade
12:28:16.3656,861.4,320.0,saccade
12:28:16.3661,860.1,318.9,saccade
12:28:16.3666,858.7,317.9,saccade
12:28:16.3670,857.9,317.0,saccade
12:28:16.3675,857.6,317.0,saccade
12:28:16.368,857.4,316.0,saccade
12:28:16.3684,857.3,315.0,saccade
12:28:16.3689,855.1,312.9,saccade
12:28:16.3694,852.8,310.5,saccade
12:28:16.3698,850.5,308.3,saccade
12:28:16.3703,848.4,307.2,saccade
12:28:16.3708,845.9,305.4,saccade
12:28:16.3712,841.6,303.1,saccade
12:28:16.3717,839.2,300.8,saccade
12:28:16.3722,836.1,300.7,saccade
12:28:16.3727,834.1,301.2,saccade
12:28:16.3731,830.5,301.7,saccade
12:28:16.3736,827.4,301.8,saccade
12:28:16.3741,824.9,301.7,saccade
12:28:16.3745,824.2,301.6,saccade
12:28:16.375,824.3,302.3,saccade
12:28:16.3755,824.4,303.0,saccade
12:28:16.3759,824.0,302.9,saccade
12:28:16.3764,823.1,302.2,saccade
12:28:16.3769,822.3,301.3,saccade
12:28:16.3773,822.4,301.0,saccade
12:28:16.3778,823.4,300.6,saccade
12:28:16.3783,824.5,300.4,saccade
12:28:16.3788,825.6,299.2,saccade
12:28:16.3792,826.1,297.9,saccade
12:28:16.3797,827.7,298.1,saccade
12:28:16.3802,829.7,299.5,saccade
12:28:16.3806,831.5,301.0,saccade
12:28:16.3811,832.2,301.1,saccade
12:28:16.3816,832.3,301.1,saccade
12:28:16.3820,834.5,300.8,saccade
12:28:16.3825,836.7,300.5,saccade
12:28:16.383,838.9,300.3,saccade
12:28:16.3834,838.8,300.2,saccade
12:28:16.3839,838.4,302.1,saccade
12:28:16.3844,839.9,304.1,saccade
12:28:16.3849,841.6,306.9,saccade
12:28:16.3853,843.2,307.7,saccade
12:28:16.3858,842.9,308.3,saccade
12:28:16.3863,843.3,308.1,saccade
12:28:16.3867,844.0,307.4,saccade
12:28:16.3872,843.3,306.2,fixation
12:28:16.3877,842.6,307.0,fixation
12:28:16.3881,842.6,307.9,fixation
12:28:16.3886,842.6,308.7,fixation
12:28:16.3891,842.6,308.8,fixation
12:28:16.3895,842.5,309.1,fixation
12:28:16.39,842.1,309.5,fixation
12:28:16.3905,840.9,309.8,fixation
12:28:16.391,839.2,310.1,fixation
12:28:16.3914,837.8,310.3,fixation
12:28:16.3919,837.1,310.7,fixation
12:28:16.3924,837.3,311.2,fixation
12:28:16.3928,837.5,311.6,fixation
12:28:16.3933,836.3,311.9,fixation
12:28:16.3938,835.1,311.7,fixation
12:28:16.3942,834.2,311.5,fixation
12:28:16.3947,834.6,312.0,fixation
12:28:16.3952,835.0,312.5,fixation
12:28:16.3956,835.3,312.8,fixation
12:28:16.3961,834.2,312.2,fixation
12:28:16.3966,832.8,311.4,fixation
12:28:16.3971,831.6,309.5,fixation
12:28:16.3975,831.7,307.8,fixation
12:28:16.398,831.8,306.2,fixation
12:28:16.3985,831.9,306.0,fixation
12:28:16.3989,832.0,306.4,fixation
12:28:16.3994,832.2,307.0,fixation
12:28:16.3999,832.3,306.8,fixation
12:28:16.4003,833.3,304.7,fixation
12:28:16.4008,834.2,302.6,fixation
12:28:16.4013,834.7,303.3,fixation
12:28:16.4017,834.3,305.3,fixation
12:28:16.4022,834.1,307.2,fixation
12:28:16.4027,834.2,307.1,fixation
12:28:16.4032,834.7,305.1,fixation
12:28:16.4036,835.0,303.2,fixation
12:28:16.4041,834.6,301.3,fixation
12:28:16.4046,833.8,301.0,fixation
12:28:16.4050,833.3,300.3,fixation
12:28:16.4055,834.0,299.7,fixation
12:28:16.406,834.6,300.2,fixation
12:28:16.4064,835.8,301.1,fixation
12:28:16.4069,836.5,302.4,fixation
12:28:16.4074,836.8,303.1,fixation
12:28:16.4078,836.2,303.8,fixation
12:28:16.4083,836.1,304.1,fixation
12:28:16.4088,836.5,304.6,fixation
12:28:16.4092,837.1,305.1,fixation
12:28:16.4096,837.4,303.9,fixation
12:28:16.4101,837.7,302.2,fixation
12:28:16.4106,838.4,300.7,fixation
12:28:16.4110,839.0,301.3,fixation
12:28:16.4115,838.5,302.8,fixation
12:28:16.412,837.0,304.2,fixation
12:28:16.4124,835.5,305.4,fixation
12:28:16.4129,836.2,305.5,fixation
12:28:16.4134,837.5,304.7,fixation
12:28:16.4138,838.7,304.0,fixation
12:28:16.4142,838.7,303.2,fixation
12:28:16.4147,838.1,303.5,fixation
12:28:16.4152,837.5,304.0,fixation
12:28:16.4156,837.5,304.5,fixation
12:28:16.4161,837.9,305.1,fixation
12:28:16.4166,838.2,305.7,fixation
12:28:16.4170,838.0,306.2,fixation
12:28:16.4175,838.0,306.5,fixation
12:28:16.418,838.1,306.1,fixation
12:28:16.4184,838.5,305.7,fixation
12:28:16.4188,838.7,306.2,fixation
12:28:16.4193,838.9,307.0,fixation
12:28:16.4198,837.8,307.4,fixation
12:28:16.4202,836.7,307.0,fixation
12:28:16.4207,835.8,307.2,fixation
12:28:16.4212,835.7,307.8,fixation
12:28:16.4216,835.5,307.3,fixation
12:28:16.4221,835.0,306.2,fixation
12:28:16.4226,835.6,305.1,fixation
12:28:16.4230,836.2,305.6,fixation
12:28:16.4234,836.7,306.1,fixation
12:28:16.4239,836.4,305.4,fixation
12:28:16.4244,836.1,303.5,fixation
12:28:16.4248,835.8,301.9,fixation
12:28:16.4253,835.6,301.4,fixation
12:28:16.4258,835.9,301.6,fixation
12:28:16.4262,836.3,301.7,fixation
12:28:16.4267,836.5,302.1,fixation
12:28:16.4272,836.5,302.3,fixation
12:28:16.4276,836.5,302.1,fixation
12:28:16.4281,836.5,301.6,fixation
12:28:16.4286,837.0,301.3,fixation
12:28:16.4291,838.0,300.8,fixation
12:28:16.4295,838.9,300.4,fixation
12:28:16.43,839.0,299.8,fixation
12:28:16.4305,838.6,299.4,fixation
12:28:16.4309,839.2,299.1,fixation
12:28:16.4314,840.2,298.6,fixation
12:28:16.4319,840.5,298.4,fixation
12:28:16.4323,839.5,300.3,fixation
12:28:16.4328,838.1,302.4,fixation
12:28:16.4333,837.6,303.6,fixation
12:28:16.4337,837.7,302.7,fixation
12:28:16.4342,838.3,301.1,fixation
12:28:16.4347,838.1,300.6,fixation
12:28:16.4352,837.3,300.3,fixation
12:28:16.4356,836.5,300.6,fixation
12:28:16.4361,836.5,300.8,fixation
12:28:16.4366,836.4,301.0,fixation
12:28:16.4370,835.9,301.2,fixation
12:28:16.4375,835.4,302.0,fixation
12:28:16.438,835.6,301.7,fixation
12:28:16.4384,836.2,301.4,fixation
12:28:16.4389,836.6,302.5,fixation
12:28:16.4394,836.5,304.5,fixation
12:28:16.4398,836.7,304.8,fixation
12:28:16.4403,837.2,302.6,fixation
12:28:16.4408,837.4,300.5,fixation
12:28:16.4413,837.1,300.2,fixation
12:28:16.4417,836.8,301.3,fixation
12:28:16.4422,836.6,302.3,fixation
12:28:16.4427,836.7,302.8,fixation
12:28:16.4431,836.5,302.5,fixation
12:28:16.4436,836.0,301.6,fixation
12:28:16.4441,835.6,300.9,fixation
12:28:16.4445,835.3,301.2,fixation
12:28:16.445,835.1,302.9,fixation
12:28:16.4455,835.7,304.6,fixation
12:28:16.4459,836.4,305.4,fixation
12:28:16.4464,837.2,304.7,fixation
12:28:16.4469,837.4,304.0,fixation
12:28:16.4474,837.6,303.3,fixation
12:28:16.4478,837.7,303.6,fixation
12:28:16.4483,837.7,304.1,fixation
12:28:16.4488,837.7,305.0,fixation
12:28:16.4492,837.6,305.8,fixation
12:28:16.4497,837.5,306.3,fixation
12:28:16.4502,837.4,306.4,fixation
12:28:16.4506,837.3,306.5,fixation
12:28:16.4511,835.7,306.8,fixation
12:28:16.4516,834.3,305.0,fixation
12:28:16.4520,833.1,303.0,fixation
12:28:16.4525,833.4,302.1,fixation
12:28:16.453,834.1,303.3,fixation
12:28:16.4535,834.9,303.7,fixation
12:28:16.4539,835.7,302.8,fixation
12:28:16.4544,835.8,302.0,fixation
12:28:16.4549,835.9,301.6,fixation
12:28:16.4553,836.0,301.4,fixation
12:28:16.4558,835.7,301.4,fixation
12:28:16.4563,834.7,301.7,fixation
12:28:16.4567,833.7,302.4,fixation
12:28:16.4572,832.6,303.5,fixation
12:28:16.4577,832.2,304.5,fixation
12:28:16.4581,833.7,304.0,fixation
12:28:16.4586,835.3,303.0,fixation
12:28:16.4591,836.7,302.0,fixation
12:28:16.4596,836.1,301.0,fixation
12:28:16.4600,835.7,300.1,fixation
12:28:16.4605,835.6,299.4,fixation
12:28:16.461,835.7,300.1,fixation
12:28:16.4614,835.9,300.7,fixation
12:28:16.4619,836.0,301.0,fixation
12:28:16.4624,836.3,300.8,fixation
12:28:16.4628,836.8,299.6,fixation
12:28:16.4633,836.2,298.3,fixation
12:28:16.4638,835.3,296.9,fixation
12:28:16.4642,834.6,296.7,fixation
12:28:16.4647,835.0,297.1,fixation
12:28:16.4652,836.0,298.7,fixation
12:28:16.4657,836.8,300.4,fixation
12:28:16.4661,837.3,301.0,fixation
12:28:16.4666,836.7,300.5,fixation
12:28:16.4671,836.1,300.4,fixation
12:28:16.4675,835.6,300.7,fixation
12:28:16.468,835.7,301.4,fixation
12:28:16.4685,835.6,301.7,fixation
12:28:16.4689,835.3,302.1,fixation
12:28:16.4694,835.3,301.7,fixation
12:28:16.4699,835.4,301.5,fixation
12:28:16.4703,835.5,301.3,fixation
12:28:16.4708,835.4,301.6,fixation
12:28:16.4713,835.2,300.9,fixation
12:28:16.4717,835.2,300.2,fixation
12:28:16.4721,836.1,299.7,fixation
12:28:16.4726,837.1,300.2,fixation
12:28:16.4731,838.0,301.4,fixation
12:28:16.4735,838.0,302.1,fixation
12:28:16.474,838.0,302.6,fixation
12:28:16.4745,838.1,302.4,fixation
12:28:16.4749,838.2,302.3,fixation
12:28:16.4754,837.9,301.8,fixation
12:28:16.4759,837.7,301.4,fixation
12:28:16.4763,838.1,302.6,fixation
12:28:16.4767,838.7,304.2,fixation
12:28:16.4772,838.7,305.1,fixation
12:28:16.4777,838.0,304.6,fixation
12:28:16.4781,837.6,304.1,fixation
12:28:16.4786,838.1,303.9,fixation
12:28:16.4791,838.3,303.1,fixation
12:28:16.4795,838.0,302.5,fixation
12:28:16.48,837.5,302.4,fixation
12:28:16.4805,837.2,302.7,fixation
12:28:16.4809,837.2,302.9,fixation
12:28:16.4813,837.1,302.8,fixation
12:28:16.4818,837.1,302.7,fixation
12:28:16.4823,837.0,302.6,fixation
12:28:16.4827,837.0,302.2,fixation
12:28:16.4832,837.0,301.8,fixation
12:28:16.4837,837.4,302.1,fixation
12:28:16.4841,837.9,302.6,fixation
12:28:16.4846,838.5,303.5,fixation
12:28:16.4851,838.5,303.9,fixation
12:28:16.4855,837.4,304.1,fixation
12:28:16.4859,836.2,303.5,fixation
12:28:16.4864,834.8,302.9,fixation
12:28:16.4869,834.7,302.8,fixation
12:28:16.4873,835.6,302.9,fixation
12:28:16.4878,836.6,303.1,fixation
12:28:16.4883,837.6,303.1,fixation
12:28:16.4887,837.7,303.1,fixation
12:28:16.4892,837.8,303.3,fixation
12:28:16.4897,837.8,303.5,fixation
12:28:16.4901,837.5,303.7,fixation
12:28:16.4906,837.1,304.6,fixation
12:28:16.4911,836.6,305.6,fixation
12:28:16.4916,836.1,306.7,fixation
12:28:16.4920,835.9,306.4,fixation
12:28:16.4925,836.0,304.4,fixation
12:28:16.493,836.3,302.3,fixation
12:28:16.4934,836.6,300.7,fixation
12:28:16.4939,836.8,300.7,fixation
12:28:16.4944,836.9,300.7,fixation
12:28:16.4948,837.1,300.7,fixation
12:28:16.4953,837.0,302.7,fixation
12:28:16.4958,837.2,304.7,fixation
12:28:16.4962,837.2,306.7,fixation
12:28:16.4967,837.4,306.8,fixation
12:28:16.4972,837.1,307.0,fixation
12:28:16.4977,836.8,307.2,fixation
12:28:16.4981,836.5,305.9,fixation
12:28:16.4986,836.3,304.6,fixation
12:28:16.4991,836.2,304.3,fixation
12:28:16.4995,836.1,305.3,fixation
12:28:16.5,836.1,305.3,fixation
12:28:16.5005,836.2,304.1,fixation
12:28:16.5009,836.3,303.1,fixation
12:28:16.5014,836.2,303.4,fixation
12:28:16.5019,836.1,303.9,fixation
12:28:16.5023,835.9,305.5,fixation
12:28:16.5028,835.9,306.9,fixation
12:28:16.5033,835.9,307.6,fixation
12:28:16.5038,835.8,306.2,fixation
12:28:16.5042,835.7,304.8,fixation
12:28:16.5047,836.0,303.9,fixation
12:28:16.5052,836.4,304.0,fixation
12:28:16.5056,836.7,304.2,fixation
12:28:16.5061,836.3,305.2,fixation
12:28:16.5066,835.9,306.3,fixation
12:28:16.5070,836.9,306.4,fixation
12:28:16.5075,838.3,304.8,fixation
12:28:16.508,839.6,303.3,fixation
12:28:16.5084,839.3,303.5,fixation
12:28:16.5089,839.0,304.2,fixation
12:28:16.5094,838.9,305.3,fixation
12:28:16.5099,839.0,305.6,fixation
12:28:16.5103,839.8,305.9,fixation
12:28:16.5108,840.0,305.9,fixation
12:28:16.5113,839.8,305.9,fixation
12:28:16.5117,839.0,305.7,fixation
12:28:16.5122,838.6,305.4,fixation
12:28:16.5127,839.1,304.9,fixation
12:28:16.5131,839.5,304.3,fixation
12:28:16.5136,839.8,303.7,fixation
12:28:16.5141,839.7,303.2,fixation
12:28:16.5145,839.3,301.9,fixation
12:28:16.515,838.6,300.7,fixation
12:28:16.5155,837.8,300.2,fixation
12:28:16.516,837.9,301.2,fixation
12:28:16.5164,838.2,303.2,fixation
12:28:16.5169,838.3,304.7,fixation
12:28:16.5174,837.9,305.7,fixation
12:28:16.5178,837.4,305.7,fixation
12:28:16.5183,837.0,305.8,fixation
12:28:16.5188,837.1,306.9,fixation
12:28:16.5192,837.5,308.0,fixation
12:28:16.5197,837.8,309.2,fixation
12:28:16.5202,837.7,309.4,fixation
12:28:16.5206,837.6,309.1,fixation
12:28:16.5211,837.3,308.7,fixation
12:28:16.5216,836.9,308.4,fixation
12:28:16.5221,836.3,306.7,fixation
12:28:16.5225,835.7,305.0,fixation
12:28:16.523,834.8,304.1,fixation
12:28:16.5235,834.1,304.8,fixation
12:28:16.5239,834.9,305.4,fixation
12:28:16.5244,835.8,305.3,fixation
12:28:16.5249,836.6,306.0,fixation
12:28:16.5253,836.4,306.8,fixation
12:28:16.5258,836.7,307.8,fixation
12:28:16.5263,837.1,307.6,fixation
12:28:16.5267,837.5,306.9,fixation
12:28:16.5272,837.5,306.2,fixation
12:28:16.5277,837.5,306.1,fixation
12:28:16.5282,837.7,306.5,fixation
12:28:16.5286,838.0,306.1,fixation
12:28:16.5291,838.1,305.6,fixation
12:28:16.5296,837.7,305.4,fixation
12:28:16.5300,837.3,306.6,fixation
12:28:16.5305,836.9,307.8,fixation
12:28:16.531,836.7,308.7,fixation
12:28:16.5314,837.2,308.8,fixation
12:28:16.5319,837.9,308.8,fixation
12:28:16.5324,838.5,308.5,fixation
12:28:16.5328,837.2,308.1,fixation
12:28:16.5333,835.9,307.4,fixation
12:28:16.5338,836.4,307.1,fixation
12:28:16.5342,838.3,306.9,fixation
12:28:16.5346,839.4,306.8,fixation
12:28:16.5351,838.6,306.6,fixation
12:28:16.5356,837.7,306.5,fixation
12:28:16.5360,837.7,305.4,fixation
12:28:16.5365,837.6,304.2,fixation
12:28:16.537,837.5,304.9,fixation
12:28:16.5374,836.8,306.8,fixation
12:28:16.5379,836.2,308.5,fixation
12:28:16.5384,835.6,308.3,fixation
12:28:16.5388,835.5,308.6,fixation
12:28:16.5392,835.2,309.0,fixation
12:28:16.5397,835.2,306.2,fixation
12:28:16.5402,835.3,302.8,fixation
12:28:16.5406,836.5,301.3,fixation
12:28:16.5411,837.5,303.3,fixation
12:28:16.5416,838.4,305.2,fixation
12:28:16.5420,838.5,304.8,fixation
12:28:16.5425,838.5,304.4,fixation
12:28:16.543,838.6,304.0,fixation
12:28:16.5434,838.8,303.5,fixation
12:28:16.5438,839.0,303.1,fixation
12:28:16.5443,839.2,302.2,fixation
12:28:16.5448,839.4,301.4,fixation
12:28:16.5452,839.5,300.6,fixation
12:28:16.5457,839.4,301.1,fixation
12:28:16.5462,839.2,302.7,fixation
12:28:16.5466,838.9,304.1,fixation
12:28:16.5471,838.6,304.8,fixation
12:28:16.5476,838.1,304.5,fixation
12:28:16.5480,837.7,304.3,fixation
12:28:16.5484,837.0,304.3,fixation
12:28:16.5489,836.5,304.7,fixation
12:28:16.5494,836.4,305.0,fixation
12:28:16.5498,836.5,304.9,fixation
12:28:16.5503,837.0,304.7,fixation
12:28:16.5508,837.7,304.5,fixation
12:28:16.5512,838.4,305.3,fixation
12:28:16.5517,837.8,306.1,fixation
12:28:16.5522,836.5,306.8,fixation
12:28:16.5526,835.2,306.9,fixation
12:28:16.5531,835.1,307.0,fixation
12:28:16.5536,835.1,307.1,fixation
12:28:16.5541,836.5,305.8,fixation
12:28:16.5545,837.7,304.4,fixation
12:28:16.555,838.8,303.2,fixation
12:28:16.5555,837.7,303.4,fixation
12:28:16.5559,836.9,303.6,fixation
12:28:16.5564,835.9,303.8,fixation
12:28:16.5569,835.6,304.0,fixation
12:28:16.5573,835.4,304.2,fixation
12:28:16.5578,835.8,304.2,fixation
12:28:16.5583,836.2,304.2,fixation
12:28:16.5587,836.4,305.1,fixation
12:28:16.5592,836.4,306.1,fixation
12:28:16.5597,836.4,307.1,fixation
12:28:16.5602,836.8,307.0,fixation
12:28:16.5606,837.2,306.8,fixation
12:28:16.5611,837.4,306.6,fixation
12:28:16.5616,837.4,306.2,fixation
12:28:16.5620,837.5,305.9,fixation
12:28:16.5625,837.7,305.5,fixation
12:28:16.563,837.9,305.5,fixation
12:28:16.5634,838.4,304.9,fixation
12:28:16.5639,838.8,304.4,fixation
12:28:16.5644,838.6,305.2,fixation
12:28:16.5648,837.3,306.5,fixation
12:28:16.5653,836.3,307.9,fixation
12:28:16.5658,836.4,307.4,fixation
12:28:16.5663,837.1,307.0,fixation
12:28:16.5667,836.4,306.8,fixation
12:28:16.5672,835.3,306.9,fixation
12:28:16.5677,835.0,307.0,fixation
12:28:16.5681,835.9,306.9,fixation
12:28:16.5686,836.7,306.7,fixation
12:28:16.5691,836.8,306.5,fixation
12:28:16.5695,835.8,306.5,fixation
12:28:16.57,834.7,306.7,fixation
12:28:16.5705,833.9,306.9,fixation
12:28:16.5709,834.3,307.2,fixation
12:28:16.5714,835.3,307.3,fixation
12:28:16.5719,836.0,307.6,fixation
12:28:16.5724,836.4,307.9,fixation
12:28:16.5728,835.7,308.2,fixation
12:28:16.5733,834.9,308.3,fixation
12:28:16.5738,835.2,308.4,fixation
12:28:16.5742,836.2,307.9,fixation
12:28:16.5747,836.7,307.3,fixation
12:28:16.5752,835.7,306.8,fixation
12:28:16.5756,834.9,304.3,fixation
12:28:16.5761,836.0,301.9,fixation
12:28:16.5766,837.7,299.6,fixation
12:28:16.5770,837.6,302.2,fixation
12:28:16.5775,836.1,304.7,fixation
12:28:16.578,834.6,307.0,fixation
12:28:16.5785,835.2,307.0,fixation
12:28:16.5789,835.9,307.0,fixation
12:28:16.5794,836.6,306.8,fixation
12:28:16.5799,835.1,306.9,fixation
12:28:16.5803,834.0,307.1,fixation
12:28:16.5808,833.1,307.1,fixation
12:28:16.5813,833.6,306.9,fixation
12:28:16.5817,834.0,306.7,fixation
12:28:16.5822,834.1,307.7,fixation
12:28:16.5827,834.2,308.7,fixation
12:28:16.5831,834.7,310.7,fixation
12:28:16.5836,834.9,311.8,fixation
12:28:16.5841,835.2,311.3,fixation
12:28:16.5846,835.0,309.8,fixation
12:28:16.5850,835.1,307.6,fixation
12:28:16.5855,836.1,307.0,saccade
12:28:16.586,836.5,307.8,saccade
12:28:16.5864,837.6,308.8,saccade
12:28:16.5869,838.7,308.9,saccade
12:28:16.5874,839.8,309.1,saccade
12:28:16.5878,839.9,307.1,saccade
12:28:16.5883,838.7,305.1,saccade
12:28:16.5888,837.1,302.8,saccade
12:28:16.5892,835.2,302.4,saccade
12:28:16.5897,834.4,303.8,saccade
12:28:16.5902,834.1,305.5,saccade
12:28:16.5907,833.9,307.4,saccade
12:28:16.5911,833.8,307.6,saccade
12:28:16.5916,833.7,307.9,saccade
12:28:16.5921,833.4,311.3,saccade
12:28:16.5925,833.1,314.7,saccade
12:28:16.593,832.6,320.3,saccade
12:28:16.5935,832.1,323.3,saccade
12:28:16.5939,831.5,326.8,saccade
12:28:16.5944,830.8,331.8,saccade
12:28:16.5949,830.2,339.1,saccade
12:28:16.5953,829.7,345.9,saccade
12:28:16.5958,828.4,352.5,saccade
12:28:16.5963,827.1,360.1,saccade
12:28:16.5967,824.0,369.3,saccade
12:28:16.5971,819.5,379.1,saccade
12:28:16.5976,814.9,389.6,saccade
12:28:16.5981,809.3,399.8,saccade
12:28:16.5985,802.5,411.0,saccade
12:28:16.599,793.4,422.1,saccade
12:28:16.5995,782.4,435.3,saccade
12:28:16.5999,774.3,449.5,saccade
12:28:16.6004,764.9,461.6,saccade
12:28:16.6009,759.8,475.5,saccade
12:28:16.6013,752.9,488.9,saccade
12:28:16.6017,749.4,506.5,saccade
12:28:16.6022,742.6,526.2,saccade
12:28:16.6027,735.9,546.3,saccade
12:28:16.6031,727.6,564.9,saccade
12:28:16.6036,719.4,582.6,saccade
12:28:16.6041,712.0,599.5,saccade
12:28:16.6045,706.3,618.9,saccade
12:28:16.605,703.3,635.9,saccade
12:28:16.6055,702.2,650.8,saccade
12:28:16.6059,697.9,662.0,saccade
12:28:16.6063,694.2,675.7,saccade
12:28:16.6068,689.1,688.6,saccade
12:28:16.6073,687.4,702.3,saccade
12:28:16.6077,685.7,711.9,saccade
12:28:16.6082,685.5,720.8,saccade
12:28:16.6087,685.7,730.3,saccade
12:28:16.6091,686.0,740.3,saccade
12:28:16.6096,686.3,751.1,saccade
12:28:16.6101,683.5,760.4,saccade
12:28:16.6105,679.1,770.7,saccade
12:28:16.6109,674.2,779.8,saccade
12:28:16.6114,670.6,785.9,saccade
12:28:16.6119,668.4,791.4,saccade
12:28:16.6123,666.3,795.1,saccade
12:28:16.6128,663.9,801.0,saccade
12:28:16.6133,661.3,806.3,saccade
12:28:16.6137,658.1,812.7,saccade
12:28:16.6142,656.9,817.6,saccade
12:28:16.6147,654.3,819.9,saccade
12:28:16.6151,652.7,821.9,saccade
12:28:16.6156,651.4,822.5,saccade
12:28:16.6161,651.8,825.7,saccade
12:28:16.6166,651.2,828.5,saccade
12:28:16.6170,650.4,834.6,saccade
12:28:16.6175,650.6,840.4,saccade
12:28:16.618,652.1,848.9,saccade
12:28:16.6184,654.1,854.2,saccade
12:28:16.6189,654.9,858.1,saccade
12:28:16.6194,655.6,859.2,saccade
12:28:16.6198,656.8,861.5,saccade
12:28:16.6203,658.9,865.4,saccade
12:28:16.6208,661.0,869.4,saccade
12:28:16.6212,663.0,872.1,saccade
12:28:16.6217,664.3,875.5,saccade
12:28:16.6222,665.7,878.8,saccade
12:28:16.6227,666.2,883.7,saccade
12:28:16.6231,667.5,885.8,saccade
12:28:16.6236,668.8,887.9,saccade
12:28:16.6241,669.9,888.6,saccade
12:28:16.6245,669.5,889.2,saccade
12:28:16.625,669.0,889.9,saccade
12:28:16.6255,668.8,888.0,saccade
12:28:16.6259,668.6,884.0,saccade
12:28:16.6264,668.4,877.9,saccade
12:28:16.6269,668.0,873.0,saccade
12:28:16.6273,667.8,869.0,saccade
12:28:16.6278,667.9,866.4,saccade
12:28:16.6283,667.9,863.0,saccade
12:28:16.6288,667.6,858.2,saccade
12:28:16.6292,667.2,852.3,saccade
12:28:16.6297,667.1,848.3,saccade
12:28:16.6302,667.2,843.6,saccade
12:28:16.6306,667.3,838.9,saccade
12:28:16.6311,667.4,834.2,saccade
12:28:16.6316,667.3,830.9,saccade
12:28:16.6320,666.6,828.9,saccade
12:28:16.6325,665.7,827.0,saccade
12:28:16.633,665.4,826.6,saccade
12:28:16.6334,665.8,825.5,saccade
12:28:16.6339,666.2,824.2,saccade
12:28:16.6344,665.9,823.7,saccade
12:28:16.6349,666.0,825.4,saccade
12:28:16.6353,666.1,827.0,saccade
12:28:16.6358,665.8,827.7,saccade
12:28:16.6363,665.3,827.5,saccade
12:28:16.6367,664.6,827.7,saccade
12:28:16.6372,664.5,828.8,saccade
12:28:16.6377,662.7,831.6,saccade
12:28:16.6381,660.9,834.0,saccade
12:28:16.6386,659.3,839.0,saccade
12:28:16.6391,658.3,842.3,saccade
12:28:16.6395,657.3,845.6,saccade
12:28:16.64,657.4,848.9,saccade
12:28:16.6405,658.6,852.2,saccade
12:28:16.641,658.0,855.5,saccade
12:28:16.6414,656.6,856.5,saccade
12:28:16.6419,655.4,859.6,saccade
12:28:16.6424,655.7,864.2,saccade
12:28:16.6428,655.2,867.6,saccade
12:28:16.6433,654.4,869.2,saccade
12:28:16.6438,653.8,869.7,saccade
12:28:16.6442,653.5,872.6,saccade
12:28:16.6447,653.6,875.3,saccade
12:28:16.6452,653.5,877.8,saccade
12:28:16.6456,653.3,878.2,saccade
12:28:16.6461,652.7,878.6,saccade
12:28:16.6466,652.5,878.3,saccade
12:28:16.6471,652.4,877.6,saccade
12:28:16.6475,652.7,876.9,saccade
12:28:16.648,652.4,876.9,saccade
12:28:16.6485,652.2,876.1,fixation
12:28:16.6489,652.6,875.7,fixation
12:28:16.6494,653.2,875.5,fixation
12:28:16.6499,653.3,874.7,fixation
12:28:16.6503,652.6,874.2,fixation
12:28:16.6508,651.8,874.1,fixation
12:28:16.6513,651.9,874.7,fixation
12:28:16.6517,653.3,875.2,fixation
12:28:16.6522,654.7,875.2,fixation
12:28:16.6527,654.6,874.9,fixation
12:28:16.6532,653.7,874.4,fixation
12:28:16.6536,652.9,873.9,fixation
12:28:16.6541,652.7,872.1,fixation
12:28:16.6546,652.4,870.4,fixation
12:28:16.6550,652.2,868.9,fixation
12:28:16.6555,653.3,870.0,fixation
12:28:16.656,654.0,871.0,fixation
12:28:16.6564,654.7,871.6,fixation
12:28:16.6569,654.0,871.1,fixation
12:28:16.6574,653.9,870.7,fixation
12:28:16.6578,654.1,869.3,fixation
12:28:16.6583,654.4,868.2,fixation
12:28:16.6588,654.1,867.3,fixation
12:28:16.6592,653.7,868.1,fixation
12:28:16.6596,653.4,868.7,fixation
12:28:16.6601,653.7,868.7,fixation
12:28:16.6606,653.7,868.2,fixation
12:28:16.6610,653.6,868.5,fixation
12:28:16.6615,653.5,870.0,fixation
12:28:16.662,653.5,871.4,fixation
12:28:16.6624,653.8,873.1,fixation
12:28:16.6629,654.1,874.4,fixation
12:28:16.6634,654.3,874.2,fixation
12:28:16.6638,654.3,872.8,fixation
12:28:16.6642,653.7,871.2,fixation
12:28:16.6647,653.2,870.8,fixation
12:28:16.6652,652.8,870.5,fixation
12:28:16.6656,653.0,870.3,fixation
12:28:16.6661,652.5,869.2,fixation
12:28:16.6666,651.9,868.6,fixation
12:28:16.6670,652.2,868.0,fixation
12:28:16.6675,653.1,868.6,fixation
12:28:16.668,654.0,868.9,fixation
12:28:16.6684,654.0,869.2,fixation
12:28:16.6688,654.0,869.3,fixation
12:28:16.6693,654.1,869.2,fixation
12:28:16.6698,654.8,869.3,fixation
12:28:16.6702,655.6,870.1,fixation
12:28:16.6707,656.3,871.0,fixation
12:28:16.6712,656.4,871.8,fixation
12:28:16.6716,656.4,871.7,fixation
12:28:16.6721,656.4,871.1,fixation
12:28:16.6726,656.4,870.4,fixation
12:28:16.6730,655.8,869.8,fixation
12:28:16.6734,655.4,870.0,fixation
12:28:16.6739,655.0,870.2,fixation
12:28:16.6744,654.8,869.5,fixation
12:28:16.6748,654.1,868.6,fixation
12:28:16.6753,653.4,868.0,fixation
12:28:16.6758,653.0,868.6,fixation
12:28:16.6762,652.7,869.2,fixation
12:28:16.6767,652.3,869.4,fixation
12:28:16.6772,651.9,868.9,fixation
12:28:16.6776,651.7,868.2,fixation
12:28:16.6781,651.8,867.3,fixation
12:28:16.6786,651.9,866.3,fixation
12:28:16.6791,652.0,865.0,fixation
12:28:16.6795,650.8,863.5,fixation
12:28:16.68,649.6,862.3,fixation
12:28:16.6805,648.6,862.2,fixation
12:28:16.6809,648.2,863.4,fixation
12:28:16.6814,648.0,866.2,fixation
12:28:16.6819,647.0,868.5,fixation
12:28:16.6823,646.3,870.4,fixation
12:28:16.6828,645.6,870.6,fixation
12:28:16.6833,645.5,870.2,fixation
12:28:16.6837,645.7,869.5,fixation
12:28:16.6842,646.2,868.6,fixation
12:28:16.6847,646.8,868.4,fixation
12:28:16.6852,647.5,868.3,fixation
12:28:16.6856,647.9,868.4,fixation
12:28:16.6861,649.2,869.3,fixation
12:28:16.6866,650.1,870.1,fixation
12:28:16.6870,650.1,870.7,fixation
12:28:16.6875,649.2,871.0,fixation
12:28:16.688,648.7,871.4,fixation
12:28:16.6884,648.8,871.8,fixation
12:28:16.6889,648.9,871.7,fixation
12:28:16.6894,649.3,871.7,fixation
12:28:16.6898,650.0,871.8,fixation
12:28:16.6903,650.5,872.1,fixation
12:28:16.6908,650.3,872.4,fixation
12:28:16.6913,649.9,872.7,fixation
12:28:16.6917,649.7,872.8,fixation
12:28:16.6922,649.9,872.8,fixation
12:28:16.6927,650.3,872.5,fixation
12:28:16.6931,650.9,872.0,fixation
12:28:16.6936,651.3,871.6,fixation
12:28:16.6941,651.2,870.9,fixation
12:28:16.6945,650.8,868.7,fixation
12:28:16.695,650.5,866.0,fixation
12:28:16.6955,650.2,863.7,fixation
12:28:16.6959,650.2,863.9,fixation
12:28:16.6964,650.1,863.9,fixation
12:28:16.6969,650.4,863.9,fixation
12:28:16.6974,650.9,864.2,fixation
12:28:16.6978,651.1,865.3,fixation
12:28:16.6983,651.2,865.5,fixation
12:28:16.6988,650.9,864.5,fixation
12:28:16.6992,651.4,865.9,fixation
12:28:16.6997,652.0,868.4,fixation
12:28:16.7002,653.0,871.5,fixation
12:28:16.7006,653.4,872.2,fixation
12:28:16.7011,653.7,872.6,fixation
12:28:16.7016,653.5,871.9,fixation
12:28:16.7020,653.2,871.0,fixation
12:28:16.7025,652.9,870.2,fixation
12:28:16.703,651.9,869.6,fixation
12:28:16.7035,651.0,868.8,fixation
12:28:16.7039,650.1,868.1,fixation
12:28:16.7044,649.8,867.5,fixation
12:28:16.7049,649.6,867.4,fixation
12:28:16.7053,649.8,867.2,fixation
12:28:16.7058,650.2,868.6,fixation
12:28:16.7063,649.4,870.1,fixation
12:28:16.7067,648.4,872.4,fixation
12:28:16.7072,647.8,873.1,fixation
12:28:16.7077,648.3,873.2,fixation
12:28:16.7081,648.3,872.5,fixation
12:28:16.7086,647.4,871.7,fixation
12:28:16.7091,646.6,872.2,fixation
12:28:16.7096,646.2,872.7,fixation
12:28:16.7100,646.3,873.4,fixation
12:28:16.7105,646.4,871.8,fixation
12:28:16.711,646.5,870.2,fixation
12:28:16.7114,646.4,868.5,fixation
12:28:16.7119,646.8,869.3,fixation
12:28:16.7124,647.2,870.8,fixation
12:28:16.7128,647.6,872.4,fixation
12:28:16.7133,647.7,873.2,fixation
12:28:16.7138,647.6,872.1,fixation
12:28:16.7142,648.0,871.2,fixation
12:28:16.7147,648.3,870.7,fixation
12:28:16.7152,648.5,871.4,fixation
12:28:16.7157,648.2,871.8,fixation
12:28:16.7161,649.4,871.5,fixation
12:28:16.7166,650.7,871.6,fixation
12:28:16.7171,650.7,871.5,fixation
12:28:16.7175,649.3,870.3,fixation
12:28:16.718,647.6,868.8,fixation
12:28:16.7185,647.3,869.1,fixation
12:28:16.7189,647.1,870.7,fixation
12:28:16.7194,647.3,872.2,fixation
12:28:16.7199,648.4,872.1,fixation
12:28:16.7203,649.6,872.2,fixation
12:28:16.7208,649.7,872.0,fixation
12:28:16.7213,648.6,871.3,fixation
12:28:16.7217,648.4,870.6,fixation
12:28:16.7221,649.7,870.3,fixation
12:28:16.7226,651.3,871.3,fixation
12:28:16.7231,652.7,872.5,fixation
12:28:16.7235,653.7,873.6,fixation
12:28:16.724,654.3,873.8,fixation
12:28:16.7245,654.2,873.8,fixation
12:28:16.7249,652.7,873.6,fixation
12:28:16.7254,651.2,873.4,fixation
12:28:16.7259,649.6,873.2,fixation
12:28:16.7263,649.5,873.1,fixation
12:28:16.7267,649.3,872.8,fixation
12:28:16.7272,649.1,872.1,fixation
12:28:16.7277,648.8,871.5,fixation
12:28:16.7281,649.4,871.0,fixation
12:28:16.7286,650.2,870.9,fixation
12:28:16.7291,649.9,870.6,fixation
12:28:16.7295,649.0,870.4,fixation
12:28:16.73,647.9,869.8,fixation
12:28:16.7305,647.8,869.4,fixation
12:28:16.7309,648.2,870.7,fixation
12:28:16.7313,648.4,872.4,fixation
12:28:16.7318,648.1,873.5,fixation
12:28:16.7323,646.8,872.9,fixation
12:28:16.7327,646.0,872.4,fixation
12:28:16.7332,646.1,872.3,fixation
12:28:16.7337,646.5,871.2,fixation
12:28:16.7341,646.9,870.0,fixation
12:28:16.7346,646.7,871.0,fixation
12:28:16.7351,646.6,873.3,fixation
12:28:16.7355,646.5,875.0,fixation
12:28:16.7359,647.0,874.6,fixation
12:28:16.7364,647.4,874.3,fixation
12:28:16.7369,647.8,874.5,fixation
12:28:16.7373,647.5,874.7,fixation
12:28:16.7378,647.3,874.6,fixation
12:28:16.7383,647.4,873.6,fixation
12:28:16.7387,647.7,872.5,fixation
12:28:16.7392,648.0,871.5,fixation
12:28:16.7397,648.1,872.4,fixation
12:28:16.7401,648.2,873.6,fixation
12:28:16.7406,648.3,874.9,fixation
12:28:16.7411,648.5,875.0,fixation
12:28:16.7416,649.7,874.9,fixation
12:28:16.7420,650.7,874.4,fixation
12:28:16.7425,650.0,873.6,fixation
12:28:16.743,648.1,871.8,fixation
12:28:16.7434,646.2,870.3,fixation
12:28:16.7439,646.0,870.1,fixation
12:28:16.7444,646.8,871.7,fixation
12:28:16.7448,648.0,873.3,fixation
12:28:16.7453,649.2,872.4,fixation
12:28:16.7458,650.0,871.2,fixation
12:28:16.7462,650.8,871.4,fixation
12:28:16.7467,651.3,872.8,fixation
12:28:16.7472,651.3,874.7,fixation
12:28:16.7477,651.0,875.1,fixation
12:28:16.7481,650.5,874.3,fixation
12:28:16.7486,650.2,873.2,fixation
12:28:16.7491,650.0,872.1,fixation
12:28:16.7495,649.6,872.0,fixation
12:28:16.75,649.1,871.6,fixation
12:28:16.7505,648.5,871.0,fixation
12:28:16.7509,647.3,870.6,fixation
12:28:16.7514,646.1,870.4,fixation
12:28:16.7519,644.9,870.4,fixation
12:28:16.7523,644.8,870.0,fixation
12:28:16.7528,644.6,869.1,fixation
12:28:16.7533,644.6,868.5,fixation
12:28:16.7538,644.6,868.4,fixation
12:28:16.7542,644.4,868.7,fixation
12:28:16.7547,644.0,868.8,fixation
12:28:16.7552,644.8,869.0,fixation
12:28:16.7556,645.9,869.7,fixation
12:28:16.7561,647.0,870.4,fixation
12:28:16.7566,646.1,869.3,fixation
12:28:16.7570,644.9,867.8,fixation
12:28:16.7575,643.7,866.7,fixation
12:28:16.758,643.4,868.1,fixation
12:28:16.7584,644.3,869.7,fixation
12:28:16.7589,645.4,870.3,fixation
12:28:16.7594,646.3,869.8,fixation
12:28:16.7599,646.1,869.2,fixation
12:28:16.7603,645.9,869.3,fixation
12:28:16.7608,645.6,869.4,fixation
12:28:16.7613,645.4,869.6,fixation
12:28:16.7617,645.6,870.7,fixation
12:28:16.7622,645.7,871.9,fixation
12:28:16.7627,645.7,872.2,fixation
12:28:16.7631,645.4,870.8,fixation
12:28:16.7636,645.7,869.5,fixation
12:28:16.7641,646.0,869.4,fixation
12:28:16.7645,645.0,869.7,fixation
12:28:16.765,644.2,871.1,fixation
12:28:16.7655,643.6,872.2,fixation
12:28:16.766,643.8,872.7,fixation
12:28:16.7664,644.1,872.5,fixation
12:28:16.7669,644.6,872.2,fixation
12:28:16.7674,645.2,872.7,fixation
12:28:16.7678,645.2,872.9,fixation
12:28:16.7683,644.6,873.0,fixation
12:28:16.7688,644.0,873.1,fixation
12:28:16.7692,644.0,873.0,fixation
12:28:16.7697,644.2,873.0,fixation
12:28:16.7702,644.3,873.3,fixation
12:28:16.7706,644.4,873.5,fixation
12:28:16.7711,643.8,873.7,fixation
12:28:16.7716,643.0,873.7,fixation
12:28:16.7721,642.2,873.6,fixation
12:28:16.7725,641.8,872.9,fixation
12:28:16.773,641.7,871.7,fixation
12:28:16.7735,642.5,870.6,fixation
12:28:16.7739,643.6,871.0,fixation
12:28:16.7744,644.7,871.8,fixation
12:28:16.7749,644.8,873.6,fixation
12:28:16.7753,644.3,874.6,fixation
12:28:16.7758,643.8,875.4,fixation
12:28:16.7763,643.5,874.4,fixation
12:28:16.7767,643.3,871.9,fixation
12:28:16.7772,643.2,869.8,fixation
12:28:16.7777,643.2,868.7,fixation
12:28:16.7782,643.5,869.2,fixation
12:28:16.7786,643.7,869.7,fixation
12:28:16.7791,642.6,869.6,fixation
12:28:16.7796,641.4,869.5,fixation
12:28:16.7800,639.6,869.2,fixation
12:28:16.7805,639.2,869.1,fixation
12:28:16.781,638.9,869.1,fixation
12:28:16.7814,639.1,868.9,fixation
12:28:16.7819,641.0,868.8,fixation
12:28:16.7824,642.7,868.7,fixation
12:28:16.7828,643.9,867.4,fixation
12:28:16.7833,643.6,866.0,fixation
12:28:16.7838,643.4,865.0,fixation
12:28:16.7842,643.8,865.8,fixation
12:28:16.7846,644.2,866.6,fixation
12:28:16.7851,645.2,867.2,fixation
12:28:16.7856,646.0,867.7,fixation
12:28:16.7860,646.5,868.3,fixation
12:28:16.7865,646.1,868.8,fixation
12:28:16.787,645.9,870.4,fixation
12:28:16.7874,645.8,871.5,fixation
12:28:16.7879,646.0,872.4,fixation
12:28:16.7884,645.9,871.8,fixation
12:28:16.7888,645.5,871.5,fixation
12:28:16.7892,645.1,871.3,fixation
12:28:16.7897,644.8,871.3,fixation
12:28:16.7902,644.6,871.3,fixation
12:28:16.7906,644.6,872.1,fixation
12:28:16.7911,644.8,872.8,fixation
12:28:16.7916,645.1,873.4,fixation
12:28:16.7920,644.5,872.7,fixation
12:28:16.7925,644.0,871.9,fixation
12:28:16.793,643.6,871.1,fixation
12:28:16.7934,643.9,873.0,fixation
12:28:16.7938,644.1,874.8,fixation
12:28:16.7943,643.9,876.2,fixation
12:28:16.7948,643.7,875.8,fixation
12:28:16.7952,642.8,874.4,fixation
12:28:16.7957,642.0,873.5,fixation
12:28:16.7962,642.0,872.8,fixation
12:28:16.7966,642.8,874.8,fixation
12:28:16.7971,643.8,876.5,fixation
12:28:16.7976,643.9,878.0,fixation
12:28:16.7980,643.8,877.5,fixation
12:28:16.7984,643.6,876.1,fixation
12:28:16.7989,643.6,874.9,fixation
12:28:16.7994,643.4,873.7,fixation
12:28:16.7998,643.4,875.5,fixation
12:28:16.8003,643.3,877.3,fixation
12:28:16.8008,643.1,879.0,fixation
12:28:16.8012,642.8,878.8,fixation
12:28:16.8017,642.3,878.6,fixation
12:28:16.8022,642.0,878.1,fixation
12:28:16.8026,641.9,877.6,fixation
12:28:16.8031,641.8,876.0,fixation
12:28:16.8036,642.0,875.0,fixation
12:28:16.8041,642.1,875.1,fixation
12:28:16.8045,642.2,876.4,fixation
12:28:16.805,642.3,877.8,fixation
12:28:16.8055,641.5,877.9,fixation
12:28:16.8059,640.7,875.2,fixation
12:28:16.8064,640.1,872.4,fixation
12:28:16.8069,640.5,872.9,fixation
12:28:16.8073,640.8,876.2,fixation
12:28:16.8078,641.3,878.4,fixation
12:28:16.8083,641.5,877.6,fixation
12:28:16.8087,641.9,876.8,fixation
12:28:16.8092,642.2,876.5,fixation
12:28:16.8097,642.4,875.8,fixation
12:28:16.8102,643.4,875.1,fixation
12:28:16.8106,644.3,873.6,fixation
12:28:16.8111,645.2,872.3,fixation
12:28:16.8116,645.0,872.3,fixation
12:28:16.8120,644.1,874.7,saccade
12:28:16.8125,643.3,873.9,saccade
12:28:16.813,642.7,873.2,saccade
12:28:16.8134,643.0,873.3,saccade
12:28:16.8139,643.2,873.7,saccade
12:28:16.8144,643.3,874.1,saccade
12:28:16.8148,643.5,874.8,saccade
12:28:16.8153,644.0,875.5,saccade
12:28:16.8158,644.5,876.2,saccade
12:28:16.8163,644.4,876.2,saccade
12:28:16.8167,643.7,876.3,saccade
12:28:16.8172,642.5,876.0,saccade
12:28:16.8177,640.6,876.2,saccade
12:28:16.8181,639.0,876.5,saccade
12:28:16.8186,636.8,876.8,saccade
12:28:16.8191,634.1,876.5,saccade
12:28:16.8195,631.1,876.5,saccade
12:28:16.82,628.4,877.0,saccade
12:28:16.8205,625.0,876.6,saccade
12:28:16.8209,621.7,875.8,saccade
12:28:16.8214,617.4,875.0,saccade
12:28:16.8219,614.7,874.3,saccade
12:28:16.8224,610.2,872.9,saccade
12:28:16.8228,604.8,871.5,saccade
12:28:16.8233,598.0,870.8,saccade
12:28:16.8238,592.0,870.8,saccade
12:28:16.8242,586.2,869.8,saccade
12:28:16.8247,579.3,867.6,saccade
12:28:16.8252,571.7,865.3,saccade
12:28:16.8256,564.3,864.0,saccade
12:28:16.8261,559.2,864.0,saccade
12:28:16.8266,554.1,864.1,saccade
12:28:16.8270,549.5,864.1,saccade
12:28:16.8275,543.0,861.3,saccade
12:28:16.828,536.9,857.7,saccade
12:28:16.8285,530.9,853.5,saccade
12:28:16.8289,526.7,852.1,saccade
12:28:16.8294,523.2,851.6,saccade
12:28:16.8299,521.4,852.0,saccade
12:28:16.8303,520.5,852.3,saccade
12:28:16.8308,520.1,852.3,saccade
12:28:16.8313,517.6,851.5,saccade
12:28:16.8317,515.0,850.8,saccade
12:28:16.8322,512.8,850.6,saccade
12:28:16.8327,512.8,851.8,saccade
12:28:16.8331,512.9,853.8,saccade
12:28:16.8336,513.9,855.5,saccade
12:28:16.8341,517.8,856.3,saccade
12:28:16.8346,521.6,856.3,saccade
12:28:16.8350,525.4,856.5,saccade
12:28:16.8355,526.4,856.7,saccade
12:28:16.836,528.0,855.5,saccade
12:28:16.8364,529.1,854.1,saccade
12:28:16.8369,531.7,855.2,saccade
12:28:16.8374,534.5,857.7,saccade
12:28:16.8378,537.9,858.2,saccade
12:28:16.8383,539.5,856.3,saccade
12:28:16.8388,540.6,855.7,saccade
12:28:16.8392,540.8,856.9,saccade
12:28:16.8397,540.9,857.2,saccade
12:28:16.8402,541.1,856.4,saccade
12:28:16.8407,541.4,855.5,saccade
12:28:16.8411,541.8,855.4,saccade
12:28:16.8416,542.2,855.7,saccade
12:28:16.8421,542.1,856.0,saccade
12:28:16.8425,541.9,856.4,fixation
12:28:16.843,542.3,856.1,fixation
12:28:16.8435,542.4,856.0,fixation
12:28:16.8439,542.3,856.7,fixation
12:28:16.8444,542.2,858.5,fixation
12:28:16.8449,542.2,860.0,fixation
12:28:16.8453,541.8,860.7,fixation
12:28:16.8458,541.2,860.2,fixation
12:28:16.8463,540.4,859.4,fixation
12:28:16.8467,539.9,859.2,fixation
12:28:16.8471,539.2,859.2,fixation
12:28:16.8476,538.8,859.5,fixation
12:28:16.8481,539.4,861.4,fixation
12:28:16.8485,540.1,863.0,fixation
12:28:16.849,541.0,864.5,fixation
12:28:16.8495,541.0,864.2,fixation
12:28:16.8499,540.2,863.9,fixation
12:28:16.8504,539.0,863.1,fixation
12:28:16.8509,536.7,860.7,fixation
12:28:16.8513,535.2,858.3,fixation
12:28:16.8517,534.1,859.0,fixation
12:28:16.8522,534.0,861.3,fixation
12:28:16.8527,534.2,862.4,fixation
12:28:16.8531,534.2,861.3,fixation
12:28:16.8536,533.5,860.1,fixation
12:28:16.8541,532.7,860.1,fixation
12:28:16.8545,531.9,859.7,fixation
12:28:16.855,531.9,859.3,fixation
12:28:16.8555,531.9,859.3,fixation
12:28:16.8559,532.0,859.2,fixation
12:28:16.8563,532.0,858.9,fixation
12:28:16.8568,532.0,858.4,fixation
12:28:16.8573,531.6,857.0,fixation
12:28:16.8577,530.9,855.3,fixation
12:28:16.8582,529.9,853.9,fixation
12:28:16.8587,529.4,853.6,fixation
12:28:16.8591,529.3,854.1,fixation
12:28:16.8596,529.4,854.6,fixation
12:28:16.8601,529.7,854.9,fixation
12:28:16.8605,530.0,855.0,fixation
12:28:16.8609,529.4,855.1,fixation
12:28:16.8614,528.5,855.1,fixation
12:28:16.8619,527.4,855.0,fixation
12:28:16.8623,527.2,855.0,fixation
12:28:16.8628,527.3,855.1,fixation
12:28:16.8633,527.5,854.6,fixation
12:28:16.8637,527.6,853.6,fixation
12:28:16.8642,527.3,852.0,fixation
12:28:16.8647,527.7,851.2,fixation
12:28:16.8651,528.7,853.2,fixation
12:28:16.8656,529.9,855.7,fixation
12:28:16.8661,529.7,858.1,fixation
12:28:16.8666,528.9,857.2,fixation
12:28:16.8670,528.2,856.3,fixation
12:28:16.8675,528.2,855.7,fixation
12:28:16.868,527.9,855.9,fixation
12:28:16.8684,527.5,856.2,fixation
12:28:16.8689,527.2,857.2,fixation
12:28:16.8694,527.1,858.0,fixation
12:28:16.8698,527.0,858.4,fixation
12:28:16.8703,526.9,857.5,fixation
12:28:16.8708,527.0,856.6,fixation
12:28:16.8712,527.2,856.8,fixation
12:28:16.8717,527.5,857.5,fixation
12:28:16.8722,526.7,857.8,fixation
12:28:16.8727,525.8,857.4,fixation
12:28:16.8731,526.0,857.0,fixation
12:28:16.8736,527.4,857.0,fixation
12:28:16.8741,528.8,858.3,fixation
12:28:16.8745,529.1,859.5,fixation
12:28:16.875,529.3,859.6,fixation
12:28:16.8755,529.5,858.0,fixation
12:28:16.8759,529.5,856.2,fixation
12:28:16.8764,529.6,855.6,fixation
12:28:16.8769,529.7,856.3,fixation
12:28:16.8773,530.0,857.4,fixation
12:28:16.8778,530.4,859.1,fixation
12:28:16.8783,530.7,859.8,fixation
12:28:16.8788,529.9,859.6,fixation
12:28:16.8792,529.0,858.0,fixation
12:28:16.8797,528.0,856.5,fixation
12:28:16.8802,527.3,857.2,fixation
12:28:16.8806,526.6,858.5,fixation
12:28:16.8811,525.8,859.8,fixation
12:28:16.8816,525.7,859.7,fixation
12:28:16.8820,526.1,859.5,fixation
12:28:16.8825,527.0,858.6,fixation
12:28:16.883,528.8,857.9,fixation
12:28:16.8834,530.1,856.3,fixation
12:28:16.8839,530.5,855.5,fixation
12:28:16.8844,530.0,856.0,fixation
12:28:16.8849,529.5,857.5,fixation
12:28:16.8853,528.5,859.6,fixation
12:28:16.8858,527.5,860.3,fixation
12:28:16.8863,527.0,860.1,fixation
12:28:16.8867,527.6,859.2,fixation
12:28:16.8872,528.3,858.4,fixation
12:28:16.8877,528.5,858.5,fixation
12:28:16.8881,528.5,858.5,fixation
12:28:16.8886,528.5,858.3,fixation
12:28:16.8891,528.5,859.3,fixation
12:28:16.8895,528.6,860.7,fixation
12:28:16.89,528.8,862.2,fixation
12:28:16.8905,528.9,860.9,fixation
12:28:16.891,528.8,859.2,fixation
12:28:16.8914,528.3,857.4,fixation
12:28:16.8919,526.7,857.0,fixation
12:28:16.8924,525.3,856.7,fixation
12:28:16.8928,526.3,856.7,fixation
12:28:16.8933,528.3,857.0,fixation
12:28:16.8938,529.8,856.6,fixation
12:28:16.8942,529.1,856.1,fixation
12:28:16.8947,528.3,855.9,fixation
12:28:16.8952,528.1,856.4,fixation
12:28:16.8956,528.2,857.1,fixation
12:28:16.8961,528.7,858.6,fixation
12:28:16.8966,528.9,860.1,fixation
12:28:16.8971,528.9,861.5,fixation
12:28:16.8975,528.6,861.5,fixation
12:28:16.898,528.5,861.4,fixation
12:28:16.8985,528.7,861.3,fixation
12:28:16.8989,529.3,862.2,fixation
12:28:16.8994,530.0,863.1,fixation
12:28:16.8999,530.4,863.0,fixation
12:28:16.9003,529.5,860.0,fixation
12:28:16.9008,528.5,857.0,fixation
12:28:16.9013,528.2,856.8,fixation
12:28:16.9017,530.0,858.8,fixation
12:28:16.9022,531.7,859.6,fixation
12:28:16.9027,532.4,858.4,fixation
12:28:16.9032,531.6,857.1,fixation
12:28:16.9036,530.4,857.1,fixation
12:28:16.9041,529.3,857.1,fixation
12:28:16.9046,528.7,857.2,fixation
12:28:16.9050,528.6,857.4,fixation
12:28:16.9055,528.2,857.6,fixation
12:28:16.906,527.6,857.7,fixation
12:28:16.9064,527.9,857.6,fixation
12:28:16.9069,528.9,857.4,fixation
12:28:16.9074,529.9,857.8,fixation
12:28:16.9078,529.8,858.4,fixation
12:28:16.9083,529.5,858.8,fixation
12:28:16.9088,529.0,858.7,fixation
12:28:16.9092,528.8,858.6,fixation
12:28:16.9096,529.5,858.6,fixation
12:28:16.9101,530.3,859.2,fixation
12:28:16.9106,531.2,859.8,fixation
12:28:16.9110,531.2,859.6,fixation
12:28:16.9115,531.0,858.8,fixation
12:28:16.912,530.7,857.9,fixation
12:28:16.9124,530.4,857.6,fixation
12:28:16.9129,530.2,856.9,fixation
12:28:16.9134,530.2,856.5,fixation
12:28:16.9138,530.2,856.4,fixation
12:28:16.9142,530.3,857.6,fixation
12:28:16.9147,529.2,858.7,fixation
12:28:16.9152,527.9,858.9,fixation
12:28:16.9156,526.8,858.1,fixation
12:28:16.9161,526.8,856.7,fixation
12:28:16.9166,526.8,855.9,fixation
12:28:16.9170,526.7,854.9,fixation
12:28:16.9175,526.4,854.5,fixation
12:28:16.918,526.3,856.1,fixation
12:28:16.9184,528.2,857.9,fixation
12:28:16.9188,530.3,859.8,fixation
12:28:16.9193,529.6,858.5,fixation
12:28:16.9198,526.9,857.2,fixation
12:28:16.9202,524.2,854.7,fixation
12:28:16.9207,524.3,853.5,fixation
12:28:16.9212,524.8,852.7,fixation
12:28:16.9216,525.2,853.5,fixation
12:28:16.9221,525.6,854.8,fixation
12:28:16.9226,525.4,855.8,fixation
12:28:16.9230,525.3,856.4,fixation
12:28:16.9234,525.4,857.0,fixation
12:28:16.9239,525.7,857.9,fixation
12:28:16.9244,525.7,858.4,fixation
12:28:16.9248,525.3,858.4,fixation
12:28:16.9253,524.9,858.8,fixation
12:28:16.9258,524.5,859.5,fixation
12:28:16.9262,524.4,860.2,fixation
12:28:16.9267,525.0,860.2,fixation
12:28:16.9272,525.8,860.2,fixation
12:28:16.9276,527.8,859.5,fixation
12:28:16.9281,528.9,859.0,fixation
12:28:16.9286,529.8,858.4,fixation
12:28:16.9291,529.5,857.9,fixation
12:28:16.9295,529.2,856.0,fixation
12:28:16.93,529.2,854.0,fixation
12:28:16.9305,529.1,852.6,fixation
12:28:16.9309,529.0,852.6,fixation
12:28:16.9314,528.8,852.9,fixation
12:28:16.9319,529.0,853.4,fixation
12:28:16.9323,529.2,855.8,fixation
12:28:16.9328,529.6,857.9,fixation
12:28:16.9333,529.8,860.3,fixation
12:28:16.9337,530.0,860.9,fixation
12:28:16.9342,530.6,861.5,fixation
12:28:16.9347,531.2,862.1,fixation
12:28:16.9352,529.8,862.7,fixation
12:28:16.9356,527.7,861.2,fixation
12:28:16.9361,525.8,859.2,fixation
12:28:16.9366,525.9,859.0,fixation
12:28:16.9370,526.2,860.8,fixation
12:28:16.9375,526.1,862.3,fixation
12:28:16.938,525.9,860.0,fixation
12:28:16.9384,525.6,857.6,fixation
12:28:16.9389,525.5,855.2,fixation
12:28:16.9394,525.7,854.9,fixation
12:28:16.9398,525.8,854.6,fixation
12:28:16.9403,525.4,854.4,fixation
12:28:16.9408,525.0,854.3,fixation
12:28:16.9413,525.6,855.1,fixation
12:28:16.9417,526.8,855.9,fixation
12:28:16.9422,528.2,856.7,fixation
12:28:16.9427,528.5,856.7,fixation
12:28:16.9431,528.4,856.5,fixation
12:28:16.9436,528.1,856.4,fixation
12:28:16.9441,527.7,855.8,fixation
12:28:16.9445,528.0,855.2,fixation
12:28:16.945,528.4,856.8,fixation
12:28:16.9455,528.9,859.0,fixation
12:28:16.9459,529.0,861.2,fixation
12:28:16.9464,528.6,860.2,fixation
12:28:16.9469,527.1,858.9,fixation
12:28:16.9474,525.6,857.6,fixation
12:28:16.9478,524.4,857.2,fixation
12:28:16.9483,524.1,857.5,fixation
12:28:16.9488,523.9,857.8,fixation
12:28:16.9492,524.0,858.1,fixation
12:28:16.9497,524.1,856.9,fixation
12:28:16.9502,525.1,855.7,fixation
12:28:16.9506,526.3,856.6,fixation
12:28:16.9511,526.8,858.8,fixation
12:28:16.9516,526.1,860.9,fixation
12:28:16.9520,526.3,861.0,fixation
12:28:16.9525,527.5,860.6,fixation
12:28:16.953,528.7,860.3,fixation
12:28:16.9535,528.6,859.9,fixation
12:28:16.9539,527.8,859.5,fixation
12:28:16.9544,527.0,859.1,fixation
12:28:16.9549,526.6,858.5,fixation
12:28:16.9553,526.5,858.4,fixation
12:28:16.9558,526.0,858.2,fixation
12:28:16.9563,525.8,859.2,fixation
12:28:16.9567,525.5,860.1,fixation
12:28:16.9572,525.8,861.0,fixation
12:28:16.9577,525.8,861.0,fixation
12:28:16.9581,525.9,860.9,fixation
12:28:16.9586,525.9,860.4,fixation
12:28:16.9591,525.7,859.8,fixation
12:28:16.9596,525.6,859.2,fixation
12:28:16.9600,525.4,859.2,fixation
12:28:16.9605,525.2,859.2,fixation
12:28:16.961,524.8,859.3,fixation
12:28:16.9614,524.5,859.0,fixation
12:28:16.9619,524.7,856.9,fixation
12:28:16.9624,525.1,854.8,fixation
12:28:16.9628,525.7,853.1,fixation
12:28:16.9633,525.5,853.5,fixation
12:28:16.9638,524.8,853.9,fixation
12:28:16.9642,523.9,854.3,fixation
12:28:16.9647,524.7,856.9,fixation
12:28:16.9652,526.1,859.5,fixation
12:28:16.9657,527.1,861.8,fixation
12:28:16.9661,526.8,861.3,fixation
12:28:16.9666,526.6,860.9,fixation
12:28:16.9671,526.6,860.7,fixation
12:28:16.9675,526.1,861.0,fixation
12:28:16.968,525.7,861.5,fixation
12:28:16.9685,526.2,861.9,fixation
12:28:16.9689,527.2,862.2,fixation
12:28:16.9694,527.6,862.3,fixation
12:28:16.9699,527.0,862.4,fixation
12:28:16.9703,526.4,862.2,fixation
12:28:16.9708,526.2,861.9,fixation
12:28:16.9713,526.3,861.6,fixation
12:28:16.9717,526.3,861.4,fixation
12:28:16.9721,526.3,861.4,fixation
12:28:16.9726,526.0,861.3,fixation
12:28:16.9731,525.7,861.4,fixation
12:28:16.9735,525.4,861.4,fixation
12:28:16.974,525.0,860.4,fixation
12:28:16.9745,524.5,858.4,fixation
12:28:16.9749,526.1,857.0,fixation
12:28:16.9754,527.9,856.7,fixation
12:28:16.9759,528.7,856.0,fixation
12:28:16.9763,527.6,854.5,fixation
12:28:16.9767,525.2,854.2,fixation
12:28:16.9772,523.8,855.4,fixation
12:28:16.9777,523.1,855.9,fixation
12:28:16.9781,524.2,855.2,fixation
12:28:16.9786,525.6,855.0,fixation
12:28:16.9791,526.3,855.5,fixation
12:28:16.9795,526.6,856.0,fixation
12:28:16.98,526.5,856.9,fixation
12:28:16.9805,526.5,857.9,fixation
12:28:16.9809,527.2,860.6,fixation
12:28:16.9813,527.9,862.3,fixation
12:28:16.9818,528.6,864.2,fixation
12:28:16.9823,529.2,864.5,fixation
12:28:16.9827,529.7,863.8,fixation
12:28:16.9832,529.4,862.9,fixation
12:28:16.9837,528.6,862.0,fixation
12:28:16.9841,527.8,862.0,fixation
12:28:16.9846,527.9,862.0,fixation
12:28:16.9851,527.9,861.9,fixation
12:28:16.9855,527.8,861.3,fixation
12:28:16.9859,527.6,860.6,fixation
12:28:16.9864,528.3,859.8,fixation
12:28:16.9869,529.1,859.6,fixation
12:28:16.9873,529.9,860.1,fixation
12:28:16.9878,529.7,860.8,fixation
12:28:16.9883,529.3,861.4,fixation
12:28:16.9887,528.9,861.4,fixation
12:28:16.9892,528.2,861.2,fixation
12:28:16.9897,527.3,860.9,fixation
12:28:16.9901,526.7,860.2,fixation
12:28:16.9906,526.7,859.4,fixation
12:28:16.9911,527.3,858.7,fixation
12:28:16.9916,527.7,858.4,fixation
12:28:16.9920,528.0,858.2,fixation
12:28:16.9925,528.1,858.0,fixation
12:28:16.993,527.3,857.8,fixation
12:28:16.9934,526.5,857.4,fixation
12:28:16.9939,525.4,856.9,fixation
12:28:16.9944,525.0,856.6,fixation
12:28:16.9948,524.6,856.6,fixation
12:28:16.9953,525.4,857.9,fixation
12:28:16.9958,527.3,859.6,fixation
12:28:16.9962,529.3,861.2,fixation
12:28:16.9967,529.1,861.0,fixation
12:28:16.9972,527.8,860.5,fixation
12:28:16.9977,526.6,860.1,fixation
12:28:16.9981,526.5,860.9,fixation
12:28:16.9986,526.4,862.1,fixation
12:28:16.9991,526.3,863.3,fixation
12:28:16.9995,525.7,863.2,fixation
12:28:17.,525.2,862.7,fixation
12:28:17.0005,524.7,862.1,fixation
12:28:17.0009,524.7,860.7,fixation
12:28:17.0014,524.7,859.0,fixation
12:28:17.0019,523.0,857.4,fixation
12:28:17.0023,521.4,857.4,fixation
12:28:17.0028,520.0,855.8,fixation
12:28:17.0033,520.4,854.2,fixation
12:28:17.0038,520.8,852.6,fixation
12:28:17.0042,521.8,853.7,fixation
12:28:17.0047,522.9,855.0,fixation
12:28:17.0052,523.9,856.2,fixation
12:28:17.0056,524.1,856.4,fixation
12:28:17.0061,524.7,856.3,fixation
12:28:17.0066,525.4,856.1,fixation
12:28:17.0070,525.4,856.0,fixation
12:28:17.0075,524.8,856.1,fixation
12:28:17.008,524.3,856.1,fixation
12:28:17.0084,524.2,856.1,fixation
12:28:17.0089,524.5,856.1,fixation
12:28:17.0094,524.5,858.2,fixation
12:28:17.0099,524.3,860.3,fixation
12:28:17.0103,524.6,862.1,fixation
12:28:17.0108,525.1,861.7,fixation
12:28:17.0113,525.5,861.3,fixation
12:28:17.0117,525.2,861.2,fixation
12:28:17.0122,525.0,861.3,fixation
12:28:17.0127,525.0,861.1,fixation
12:28:17.0131,525.0,860.9,fixation
12:28:17.0136,525.0,860.8,fixation
12:28:17.0141,524.9,860.9,fixation
12:28:17.0145,524.7,861.0,fixation
12:28:17.015,524.2,860.8,fixation
12:28:17.0155,523.8,860.4,fixation
12:28:17.016,523.6,860.1,fixation
12:28:17.0164,523.6,860.0,fixation
12:28:17.0169,523.7,860.5,fixation
12:28:17.0174,523.2,861.1,fixation
12:28:17.0178,522.7,862.2,fixation
12:28:17.0183,522.1,862.7,fixation
12:28:17.0188,522.1,862.4,fixation
12:28:17.0192,522.2,861.1,fixation
12:28:17.0197,521.8,859.7,fixation
12:28:17.0202,521.3,859.1,fixation
12:28:17.0206,521.0,858.4,fixation
12:28:17.0211,521.1,857.5,fixation
12:28:17.0216,521.2,856.6,fixation
12:28:17.0221,521.2,856.7,fixation
12:28:17.0225,522.1,857.0,fixation
12:28:17.023,523.1,857.3,fixation
12:28:17.0235,524.5,857.3,fixation
12:28:17.0239,524.8,855.8,fixation
12:28:17.0244,524.6,854.1,fixation
12:28:17.0249,524.0,852.4,fixation
12:28:17.0253,523.3,852.7,fixation
12:28:17.0258,523.1,853.2,fixation
12:28:17.0263,524.0,853.8,fixation
12:28:17.0267,525.3,855.5,fixation
12:28:17.0272,526.7,857.2,fixation
12:28:17.0277,527.0,858.4,fixation
12:28:17.0282,527.0,858.0,fixation
12:28:17.0286,527.0,858.5,fixation
12:28:17.0291,526.3,859.4,fixation
12:28:17.0296,525.6,859.8,fixation
12:28:17.0300,525.0,859.2,fixation
12:28:17.0305,525.2,859.1,fixation
12:28:17.031,524.1,859.6,fixation
12:28:17.0314,522.8,860.1,fixation
12:28:17.0319,522.1,861.8,fixation
12:28:17.0324,523.0,863.5,fixation
12:28:17.0328,524.4,864.0,fixation
12:28:17.0333,525.0,861.4,fixation
12:28:17.0338,525.1,858.9,fixation
12:28:17.0342,524.8,860.2,fixation
12:28:17.0346,525.7,862.8,fixation
12:28:17.0351,527.0,865.4,fixation
12:28:17.0356,528.2,864.8,fixation
12:28:17.0360,528.2,864.2,fixation
12:28:17.0365,527.0,863.5,fixation
12:28:17.037,525.9,863.5,fixation
12:28:17.0374,524.6,863.0,fixation
12:28:17.0379,523.8,862.0,fixation
12:28:17.0384,522.9,861.4,fixation
12:28:17.0388,522.6,861.5,fixation
12:28:17.0392,522.7,862.1,fixation
12:28:17.0397,523.0,861.7,fixation
12:28:17.0402,523.4,860.9,fixation
12:28:17.0406,522.7,860.2,fixation
12:28:17.0411,521.6,860.2,fixation
12:28:17.0416,520.8,860.7,fixation
12:28:17.0420,521.0,861.2,fixation
12:28:17.0425,521.3,861.5,fixation
12:28:17.043,521.4,861.7,fixation
12:28:17.0434,521.5,861.3,fixation
12:28:17.0438,521.1,860.6,fixation
12:28:17.0443,520.4,859.8,fixation
12:28:17.0448,519.7,859.3,fixation
12:28:17.0452,519.6,859.9,saccade
12:28:17.0457,519.9,860.4,saccade
12:28:17.0462,520.1,860.9,saccade
12:28:17.0466,519.9,861.3,saccade
12:28:17.0471,519.4,861.8,saccade
12:28:17.0476,519.0,862.0,saccade
12:28:17.0480,518.7,862.1,saccade
12:28:17.0484,518.6,862.1,saccade
12:28:17.0489,518.3,860.8,saccade
12:28:17.0494,518.1,859.4,saccade
12:28:17.0498,518.0,857.6,saccade
12:28:17.0503,518.1,857.2,saccade
12:28:17.0508,520.2,857.0,saccade
12:28:17.0512,522.8,857.4,saccade
12:28:17.0517,525.1,854.7,saccade
12:28:17.0522,526.3,851.5,saccade
12:28:17.0526,527.1,848.0,saccade
12:28:17.0531,529.6,847.1,saccade
12:28:17.0536,533.4,846.4,saccade
12:28:17.0541,537.3,845.5,saccade
12:28:17.0545,539.2,839.4,saccade
12:28:17.055,539.0,831.4,saccade
12:28:17.0555,538.7,820.8,saccade
12:28:17.0559,541.3,814.2,saccade
12:28:17.0564,544.8,806.1,saccade
12:28:17.0569,549.1,797.7,saccade
12:28:17.0573,553.1,787.3,saccade
12:28:17.0578,556.1,779.3,saccade
12:28:17.0583,558.7,768.3,saccade
12:28:17.0587,559.5,758.9,saccade
12:28:17.0592,561.2,747.3,saccade
12:28:17.0597,563.2,735.4,saccade
12:28:17.0602,565.2,724.7,saccade
12:28:17.0606,566.2,713.2,saccade
12:28:17.0611,567.6,704.9,saccade
12:28:17.0616,570.6,693.4,saccade
12:28:17.0620,573.7,678.9,saccade
12:28:17.0625,577.1,667.1,saccade
12:28:17.063,578.6,654.2,saccade
12:28:17.0634,580.8,646.9,saccade
12:28:17.0639,581.8,635.4,saccade
12:28:17.0644,582.7,625.6,saccade
12:28:17.0648,581.3,613.0,saccade
12:28:17.0653,577.7,603.7,saccade
12:28:17.0658,574.1,594.5,saccade
12:28:17.0663,572.7,585.6,saccade
12:28:17.0667,573.4,578.2,saccade
12:28:17.0672,572.7,572.1,saccade
12:28:17.0677,571.6,568.3,saccade
12:28:17.0681,570.8,561.0,saccade
12:28:17.0686,571.1,555.3,saccade
12:28:17.0691,571.3,551.2,saccade
12:28:17.0695,571.3,547.8,saccade
12:28:17.07,571.8,540.6,saccade
12:28:17.0705,572.4,532.3,saccade
12:28:17.0709,573.2,525.6,saccade
12:28:17.0714,573.9,521.8,saccade
12:28:17.0719,575.7,518.7,saccade
12:28:17.0724,578.0,515.5,saccade
12:28:17.0728,581.0,508.2,saccade
12:28:17.0733,583.0,498.3,saccade
12:28:17.0738,584.9,489.6,saccade
12:28:17.0742,588.0,480.2,saccade
12:28:17.0747,591.7,473.1,saccade
12:28:17.0752,594.9,462.0,saccade
12:28:17.0756,595.8,457.0,saccade
12:28:17.0761,597.0,451.4,saccade
12:28:17.0766,598.4,449.2,saccade
12:28:17.0770,600.0,446.0,saccade
12:28:17.0775,601.1,441.1,saccade
12:28:17.078,602.3,433.0,saccade
12:28:17.0785,603.6,425.8,saccade
12:28:17.0789,604.8,420.3,saccade
12:28:17.0794,605.9,417.6,saccade
12:28:17.0799,606.7,412.0,saccade
12:28:17.0803,607.1,406.8,saccade
12:28:17.0808,606.4,398.5,saccade
12:28:17.0813,605.5,393.5,saccade
12:28:17.0817,604.7,387.7,saccade
12:28:17.0822,605.0,384.9,saccade
12:28:17.0827,605.5,380.0,saccade
12:28:17.0831,605.8,376.5,saccade
12:28:17.0836,605.9,373.0,saccade
12:28:17.0841,605.9,370.5,saccade
12:28:17.0846,606.1,366.6,saccade
12:28:17.0850,606.6,363.2,saccade
12:28:17.0855,607.2,358.9,saccade
12:28:17.086,607.9,356.0,saccade
12:28:17.0864,608.6,353.8,saccade
12:28:17.0869,609.7,353.8,saccade
12:28:17.0874,610.4,353.9,saccade
12:28:17.0878,610.9,354.3,saccade
12:28:17.0883,610.8,354.8,saccade
12:28:17.0888,609.5,356.0,saccade
12:28:17.0892,608.1,357.2,saccade
12:28:17.0897,607.3,358.3,saccade
12:28:17.0902,607.9,358.9,saccade
12:28:17.0907,608.6,359.1,saccade
12:28:17.0911,608.2,359.4,saccade
12:28:17.0916,607.7,359.6,saccade
12:28:17.0921,607.0,361.6,saccade
12:28:17.0925,606.0,363.7,saccade
12:28:17.093,605.0,365.7,saccade
12:28:17.0935,603.2,366.0,saccade
12:28:17.0939,602.1,368.2,saccade
12:28:17.0944,600.7,370.3,saccade
12:28:17.0949,599.7,372.4,saccade
12:28:17.0953,597.1,372.9,saccade
12:28:17.0958,594.7,373.8,saccade
12:28:17.0963,593.4,374.8,saccade
12:28:17.0967,594.5,375.4,saccade
12:28:17.0971,595.6,375.3,saccade
12:28:17.0976,596.1,375.5,saccade
12:28:17.0981,595.2,375.7,saccade
12:28:17.0985,594.4,374.1,saccade
12:28:17.099,593.8,372.1,saccade
12:28:17.0995,593.9,370.6,saccade
12:28:17.0999,594.5,370.1,fixation
12:28:17.1004,595.0,369.3,fixation
12:28:17.1009,595.4,368.4,fixation
12:28:17.1013,595.6,368.3,fixation
12:28:17.1017,596.1,364.6,fixation
12:28:17.1022,595.9,360.9,fixation
12:28:17.1027,595.7,357.9,fixation
12:28:17.1031,595.3,358.5,fixation
12:28:17.1036,595.4,359.1,fixation
12:28:17.1041,595.8,358.1,fixation
12:28:17.1045,596.2,356.7,fixation
12:28:17.105,596.6,354.4,fixation
12:28:17.1055,596.8,353.3,fixation
12:28:17.1059,596.7,352.3,fixation
12:28:17.1063,596.7,352.1,fixation
12:28:17.1068,596.6,351.8,fixation
12:28:17.1073,596.7,351.6,fixation
12:28:17.1077,596.7,351.7,fixation
12:28:17.1082,596.9,351.8,fixation
12:28:17.1087,597.5,351.8,fixation
12:28:17.1091,597.8,353.5,fixation
12:28:17.1096,597.9,355.1,fixation
12:28:17.1101,598.1,354.8,fixation
12:28:17.1105,598.3,352.9,fixation
12:28:17.1109,598.6,351.3,fixation
12:28:17.1114,597.5,351.5,fixation
12:28:17.1119,596.5,352.0,fixation
12:28:17.1123,595.3,352.4,fixation
12:28:17.1128,594.9,354.3,fixation
12:28:17.1133,596.0,355.9,fixation
12:28:17.1137,597.3,358.5,fixation
12:28:17.1142,598.6,359.7,fixation
12:28:17.1147,598.4,360.8,fixation
12:28:17.1151,598.2,360.8,fixation
12:28:17.1156,598.2,360.9,fixation
12:28:17.1161,598.2,361.4,fixation
12:28:17.1166,596.7,361.7,fixation
12:28:17.1170,595.3,361.2,fixation
12:28:17.1175,595.6,360.4,fixation
12:28:17.118,597.4,359.4,fixation
12:28:17.1184,599.5,359.2,fixation
12:28:17.1189,600.2,359.0,fixation
12:28:17.1194,600.9,358.9,fixation
12:28:17.1198,600.4,359.7,fixation
12:28:17.1203,599.0,360.6,fixation
12:28:17.1208,597.8,361.1,fixation
12:28:17.1212,597.4,360.6,fixation
12:28:17.1217,597.4,358.9,fixation
12:28:17.1222,597.2,357.6,fixation
12:28:17.1227,596.7,358.7,fixation
12:28:17.1231,595.9,361.0,fixation
12:28:17.1236,595.0,361.7,fixation
12:28:17.1241,594.2,360.0,fixation
12:28:17.1245,593.6,358.5,fixation
12:28:17.125,593.0,358.9,fixation
12:28:17.1255,592.6,359.6,fixation
12:28:17.1259,592.3,360.6,fixation
12:28:17.1264,591.8,361.3,fixation
12:28:17.1269,591.4,361.8,fixation
12:28:17.1273,591.2,362.0,fixation
12:28:17.1278,591.1,362.0,fixation
12:28:17.1283,591.1,361.9,fixation
12:28:17.1288,590.9,361.4,fixation
12:28:17.1292,590.8,361.2,fixation
12:28:17.1297,590.5,363.1,fixation
12:28:17.1302,590.2,365.2,fixation
12:28:17.1306,590.4,367.3,fixation
12:28:17.1311,591.1,367.3,fixation
12:28:17.1316,591.8,367.3,fixation
12:28:17.1320,591.9,366.6,fixation
12:28:17.1325,591.7,366.0,fixation
12:28:17.133,591.0,366.2,fixation
12:28:17.1334,589.7,367.1,fixation
12:28:17.1339,588.5,367.2,fixation
12:28:17.1344,589.1,366.4,fixation
12:28:17.1349,590.2,365.8,fixation
12:28:17.1353,591.6,366.2,fixation
12:28:17.1358,591.8,366.6,fixation
12:28:17.1363,592.0,367.1,fixation
12:28:17.1367,591.6,367.7,fixation
12:28:17.1372,591.2,368.3,fixation
12:28:17.1377,590.9,368.6,fixation
12:28:17.1381,590.9,368.6,fixation
12:28:17.1386,591.0,367.5,fixation
12:28:17.1391,591.0,366.3,fixation
12:28:17.1395,591.1,365.2,fixation
12:28:17.14,591.8,365.0,fixation
12:28:17.1405,592.8,364.8,fixation
12:28:17.141,593.8,364.3,fixation
12:28:17.1414,592.9,363.9,fixation
12:28:17.1419,591.5,363.4,fixation
12:28:17.1424,590.1,363.2,fixation
12:28:17.1428,591.5,364.1,fixation
12:28:17.1433,593.0,365.0,fixation
12:28:17.1438,594.5,365.2,fixation
12:28:17.1442,594.2,364.7,fixation
12:28:17.1447,593.8,364.5,fixation
12:28:17.1452,593.6,364.6,fixation
12:28:17.1456,593.7,364.1,fixation
12:28:17.1461,593.9,363.4,fixation
12:28:17.1466,594.8,363.1,fixation
12:28:17.1471,595.5,363.8,fixation
12:28:17.1475,595.4,364.5,fixation
12:28:17.148,594.6,362.6,fixation
12:28:17.1485,593.4,360.0,fixation
12:28:17.1489,592.7,360.1,fixation
12:28:17.1494,592.8,362.6,fixation
12:28:17.1499,593.4,365.2,fixation
12:28:17.1503,594.2,365.2,fixation
12:28:17.1508,593.9,365.3,fixation
12:28:17.1513,592.3,365.3,fixation
12:28:17.1517,591.0,364.1,fixation
12:28:17.1522,591.0,363.0,fixation
12:28:17.1527,591.9,362.1,fixation
12:28:17.1532,592.6,362.3,fixation
12:28:17.1536,592.1,360.9,fixation
12:28:17.1541,590.3,359.2,fixation
12:28:17.1546,588.4,360.3,fixation
12:28:17.1550,588.3,363.0,fixation
12:28:17.1555,589.9,365.5,fixation
12:28:17.156,591.0,365.3,fixation
12:28:17.1564,590.2,365.0,fixation
12:28:17.1569,589.5,364.4,fixation
12:28:17.1574,589.9,364.1,fixation
12:28:17.1578,590.2,364.0,fixation
12:28:17.1583,590.6,364.4,fixation
12:28:17.1588,590.9,363.9,fixation
12:28:17.1592,591.7,363.2,fixation
12:28:17.1596,592.0,364.4,fixation
12:28:17.1601,591.4,366.2,fixation
12:28:17.1606,590.0,366.1,fixation
12:28:17.1610,588.8,364.0,fixation
12:28:17.1615,590.0,362.0,fixation
12:28:17.162,591.6,362.0,fixation
12:28:17.1624,592.1,361.8,fixation
12:28:17.1629,591.0,361.5,fixation
12:28:17.1634,590.2,361.0,fixation
12:28:17.1638,591.1,360.8,fixation
12:28:17.1642,591.9,360.3,fixation
12:28:17.1647,592.9,360.1,fixation
12:28:17.1652,593.4,360.9,fixation
12:28:17.1656,593.8,361.9,fixation
12:28:17.1661,593.7,362.1,fixation
12:28:17.1666,593.7,361.3,fixation
12:28:17.1670,593.7,360.1,fixation
12:28:17.1675,593.8,359.8,fixation
12:28:17.168,593.7,359.2,fixation
12:28:17.1684,593.6,358.9,fixation
12:28:17.1688,592.6,358.3,fixation
12:28:17.1693,591.8,358.0,fixation
12:28:17.1698,591.1,358.6,fixation
12:28:17.1702,591.9,360.2,fixation
12:28:17.1707,592.7,361.9,fixation
12:28:17.1712,593.5,362.6,fixation
12:28:17.1716,592.8,362.3,fixation
12:28:17.1721,591.9,361.8,fixation
12:28:17.1726,590.7,361.4,fixation
12:28:17.1730,590.0,362.6,fixation
12:28:17.1734,589.3,364.1,fixation
12:28:17.1739,589.3,363.8,fixation
12:28:17.1744,589.9,361.8,fixation
12:28:17.1748,589.6,359.5,fixation
12:28:17.1753,588.7,359.2,fixation
12:28:17.1758,587.8,359.1,fixation
12:28:17.1762,587.0,358.8,fixation
12:28:17.1767,586.3,358.2,fixation
12:28:17.1772,585.8,358.6,fixation
12:28:17.1776,586.7,359.6,fixation
12:28:17.1781,587.6,360.7,fixation
12:28:17.1786,588.3,360.8,fixation
12:28:17.1791,587.0,360.6,fixation
12:28:17.1795,585.6,360.1,fixation
12:28:17.18,584.7,360.4,fixation
12:28:17.1805,586.0,361.1,fixation
12:28:17.1809,587.3,362.1,fixation
12:28:17.1814,588.1,362.7,fixation
12:28:17.1819,587.0,363.1,fixation
12:28:17.1823,585.7,364.3,fixation
12:28:17.1828,585.1,365.3,fixation
12:28:17.1833,585.9,365.3,fixation
12:28:17.1837,586.6,364.3,fixation
12:28:17.1842,586.8,363.3,fixation
12:28:17.1847,587.4,362.7,fixation
12:28:17.1852,588.1,362.0,fixation
12:28:17.1856,589.1,361.3,fixation
12:28:17.1861,589.5,360.2,fixation
12:28:17.1866,590.0,359.4,fixation
12:28:17.1870,590.0,358.5,fixation
12:28:17.1875,590.0,358.8,fixation
12:28:17.188,590.3,358.7,fixation
12:28:17.1884,590.6,358.2,fixation
12:28:17.1889,590.6,357.7,fixation
12:28:17.1894,590.1,357.2,fixation
12:28:17.1898,589.5,357.1,fixation
12:28:17.1903,589.1,357.1,fixation
12:28:17.1908,588.7,358.1,fixation
12:28:17.1913,587.5,359.1,fixation
12:28:17.1917,586.4,360.2,fixation
12:28:17.1922,585.6,360.3,fixation
12:28:17.1927,585.9,360.3,fixation
12:28:17.1931,586.2,360.2,fixation
12:28:17.1936,586.5,357.5,fixation
12:28:17.1941,586.5,354.9,fixation
12:28:17.1945,586.4,353.1,fixation
12:28:17.195,586.2,354.8,fixation
12:28:17.1955,585.7,355.9,fixation
12:28:17.1959,584.9,356.4,fixation
12:28:17.1964,584.8,356.0,fixation
12:28:17.1969,585.7,357.1,fixation
12:28:17.1974,586.9,358.2,fixation
12:28:17.1978,586.9,358.7,fixation
12:28:17.1983,586.2,358.0,fixation
12:28:17.1988,585.5,356.9,fixation
12:28:17.1992,585.4,355.6,fixation
12:28:17.1997,585.6,354.6,fixation
12:28:17.2002,585.7,356.6,fixation
12:28:17.2006,585.8,359.0,fixation
12:28:17.2011,585.9,360.3,fixation
12:28:17.2016,586.1,359.1,fixation
12:28:17.2020,586.4,358.8,fixation
12:28:17.2025,586.6,359.7,fixation
12:28:17.203,586.7,361.0,fixation
12:28:17.2035,586.7,361.4,fixation
12:28:17.2039,586.9,360.1,fixation
12:28:17.2044,587.5,358.3,fixation
12:28:17.2049,588.0,356.5,fixation
12:28:17.2053,588.3,356.4,fixation
12:28:17.2058,588.0,356.6,fixation
12:28:17.2063,587.7,358.9,fixation
12:28:17.2067,587.5,361.1,fixation
12:28:17.2072,587.4,361.1,fixation
12:28:17.2077,587.4,359.0,fixation
12:28:17.2081,587.1,358.7,fixation
12:28:17.2086,586.7,360.4,fixation
12:28:17.2091,586.3,361.8,fixation
12:28:17.2096,586.3,361.7,fixation
12:28:17.2100,585.8,361.6,fixation
12:28:17.2105,585.2,361.5,fixation
12:28:17.211,585.8,361.4,fixation
12:28:17.2114,587.0,361.3,fixation
12:28:17.2119,587.3,361.3,fixation
12:28:17.2124,586.5,361.2,fixation
12:28:17.2128,585.7,361.1,fixation
12:28:17.2133,585.4,361.9,fixation
12:28:17.2138,585.0,362.7,fixation
12:28:17.2142,585.4,363.5,fixation
12:28:17.2147,585.9,362.1,fixation
12:28:17.2152,586.6,360.6,fixation
12:28:17.2157,586.4,359.0,fixation
12:28:17.2161,586.4,357.8,fixation
12:28:17.2166,586.1,356.8,fixation
12:28:17.2171,585.9,357.4,fixation
12:28:17.2175,586.0,360.0,fixation
12:28:17.218,586.0,362.8,fixation
12:28:17.2185,585.9,364.0,fixation
12:28:17.2189,586.5,363.7,fixation
12:28:17.2194,587.1,363.2,fixation
12:28:17.2199,586.4,362.6,fixation
12:28:17.2203,585.2,361.2,fixation
12:28:17.2208,583.0,359.8,fixation
12:28:17.2213,581.7,358.5,fixation
12:28:17.2217,580.3,358.1,fixation
12:28:17.2221,579.6,357.5,fixation
12:28:17.2226,579.4,356.9,fixation
12:28:17.2231,581.8,358.3,fixation
12:28:17.2235,584.5,359.8,fixation
12:28:17.224,585.3,361.3,fixation
12:28:17.2245,583.5,361.4,fixation
12:28:17.2249,581.6,361.4,fixation
12:28:17.2254,581.7,361.3,fixation
12:28:17.2259,583.1,361.1,fixation
12:28:17.2263,584.3,363.3,fixation
12:28:17.2267,585.4,365.7,fixation
12:28:17.2272,585.4,366.3,fixation
12:28:17.2277,585.2,363.9,fixation
12:28:17.2281,584.7,361.4,fixation
12:28:17.2286,583.8,361.7,fixation
12:28:17.2291,584.1,362.8,fixation
12:28:17.2295,585.9,362.1,fixation
12:28:17.23,587.9,360.4,fixation
12:28:17.2305,588.9,360.0,fixation
12:28:17.2309,588.8,361.5,fixation
12:28:17.2313,587.4,362.2,fixation
12:28:17.2318,586.2,360.8,fixation
12:28:17.2323,586.1,359.4,fixation
12:28:17.2327,587.9,359.2,fixation
12:28:17.2332,589.7,359.7,fixation
12:28:17.2337,589.8,360.1,fixation
12:28:17.2341,589.1,360.2,fixation
12:28:17.2346,588.8,360.4,fixation
12:28:17.2351,589.2,361.0,fixation
12:28:17.2355,589.6,361.3,fixation
12:28:17.2359,589.6,361.4,fixation
12:28:17.2364,589.7,361.0,fixation
12:28:17.2369,589.3,359.7,fixation
12:28:17.2373,588.9,359.0,fixation
12:28:17.2378,588.4,358.3,fixation
12:28:17.2383,588.3,357.5,fixation
12:28:17.2387,588.2,356.1,fixation
12:28:17.2392,588.3,356.5,fixation
12:28:17.2397,588.5,358.3,fixation
12:28:17.2401,588.8,357.9,fixation
12:28:17.2406,589.2,355.7,fixation
12:28:17.2411,589.6,354.2,fixation
12:28:17.2416,589.7,356.4,fixation
12:28:17.2420,589.6,358.6,fixation
12:28:17.2425,588.4,360.4,fixation
12:28:17.243,587.3,360.6,fixation
12:28:17.2434,586.3,360.6,fixation
12:28:17.2439,586.9,360.2,fixation
12:28:17.2444,587.5,359.5,fixation
12:28:17.2448,587.7,359.0,fixation
12:28:17.2453,587.5,358.8,fixation
12:28:17.2458,587.4,359.0,fixation
12:28:17.2462,587.8,357.7,fixation
12:28:17.2467,588.3,356.3,fixation
12:28:17.2472,588.5,356.7,fixation
12:28:17.2477,588.3,358.4,fixation
12:28:17.2481,587.6,361.3,fixation
12:28:17.2486,587.0,362.6,fixation
12:28:17.2491,586.6,363.8,fixation
12:28:17.2495,585.3,364.0,fixation
12:28:17.25,584.0,364.2,fixation
12:28:17.2505,582.9,361.8,fixation
12:28:17.2509,584.0,359.5,fixation
12:28:17.2514,585.1,357.3,fixation
12:28:17.2519,585.2,361.0,fixation
12:28:17.2523,584.4,364.5,fixation
12:28:17.2528,583.8,366.6,fixation
12:28:17.2533,584.3,361.3,saccade
12:28:17.2538,584.3,360.3,saccade
12:28:17.2542,584.0,361.6,saccade
12:28:17.2547,583.6,362.8,saccade
12:28:17.2552,583.4,363.6,saccade
12:28:17.2556,583.3,363.7,saccade
12:28:17.2561,583.3,363.7,saccade
12:28:17.2566,583.2,363.8,saccade
12:28:17.2570,583.1,364.2,saccade
12:28:17.2575,583.4,364.7,saccade
12:28:17.258,584.0,365.1,saccade
12:28:17.2584,584.7,364.4,saccade
12:28:17.2589,585.2,363.0,saccade
12:28:17.2594,586.3,361.5,saccade
12:28:17.2599,587.3,360.8,saccade
12:28:17.2603,589.4,360.5,saccade
12:28:17.2608,590.6,359.8,saccade
12:28:17.2613,592.5,359.1,saccade
12:28:17.2617,593.3,358.7,saccade
12:28:17.2622,595.7,357.5,saccade
12:28:17.2627,599.7,356.3,saccade
12:28:17.2631,606.7,354.4,saccade
12:28:17.2636,612.7,353.4,saccade
12:28:17.2641,620.3,352.2,saccade
12:28:17.2645,627.1,347.6,saccade
12:28:17.265,634.7,343.1,saccade
12:28:17.2655,639.5,337.5,saccade
12:28:17.266,645.4,336.6,saccade
12:28:17.2664,652.9,335.8,saccade
12:28:17.2669,660.2,332.4,saccade
12:28:17.2674,668.2,328.9,saccade
12:28:17.2678,674.1,325.2,saccade
12:28:17.2683,681.0,322.7,saccade
12:28:17.2688,684.4,320.1,saccade
12:28:17.2692,688.4,317.3,saccade
12:28:17.2697,691.7,317.1,saccade
12:28:17.2702,696.0,314.1,saccade
12:28:17.2706,699.4,311.5,saccade
12:28:17.2711,702.1,309.0,saccade
12:28:17.2716,704.2,306.6,saccade
12:28:17.2721,705.6,304.0,saccade
12:28:17.2725,706.5,301.1,saccade
12:28:17.273,707.6,300.6,saccade
12:28:17.2735,708.9,299.1,saccade
12:28:17.2739,710.1,297.8,saccade
12:28:17.2744,711.5,296.3,saccade
12:28:17.2749,712.7,295.4,saccade
12:28:17.2753,712.5,294.5,saccade
12:28:17.2758,711.1,294.2,saccade
12:28:17.2763,709.9,294.3,saccade
12:28:17.2767,710.1,294.5,saccade
12:28:17.2772,710.1,295.0,saccade
12:28:17.2777,709.3,296.7,saccade
12:28:17.2782,706.6,299.8,fixation
12:28:17.2786,705.9,300.0,fixation
12:28:17.2791,705.5,299.7,fixation
12:28:17.2796,705.6,299.2,fixation
12:28:17.2800,705.7,300.7,fixation
12:28:17.2805,706.0,303.0,fixation
12:28:17.281,706.7,305.4,fixation
12:28:17.2814,707.9,306.3,fixation
12:28:17.2819,709.1,307.5,fixation
12:28:17.2824,710.0,308.7,fixation
12:28:17.2828,710.6,309.3,fixation
12:28:17.2833,711.6,309.8,fixation
12:28:17.2838,713.2,312.4,fixation
12:28:17.2842,714.6,314.1,fixation
12:28:17.2846,715.0,315.6,fixation
12:28:17.2851,714.9,315.2,fixation
12:28:17.2856,714.6,315.8,fixation
12:28:17.2860,714.8,316.3,fixation
12:28:17.2865,715.1,316.5,fixation
12:28:17.287,715.5,316.4,fixation
12:28:17.2874,715.5,316.1,fixation
12:28:17.2879,715.5,316.0,fixation
12:28:17.2884,715.5,315.4,fixation
12:28:17.2888,715.5,314.9,fixation
12:28:17.2892,715.3,314.5,fixation
12:28:17.2897,715.0,314.7,fixation
12:28:17.2902,714.6,314.4,fixation
12:28:17.2906,714.2,314.2,fixation
12:28:17.2911,713.9,314.0,fixation
12:28:17.2916,713.4,311.8,fixation
12:28:17.2920,712.3,309.3,fixation
12:28:17.2925,711.2,307.1,fixation
12:28:17.293,710.2,307.3,fixation
12:28:17.2934,710.1,307.7,fixation
12:28:17.2938,710.0,307.7,fixation
12:28:17.2943,710.5,307.4,fixation
12:28:17.2948,710.9,306.8,fixation
12:28:17.2952,711.4,306.0,fixation
12:28:17.2957,711.5,305.3,fixation
12:28:17.2962,711.5,304.8,fixation
12:28:17.2966,711.4,304.6,fixation
12:28:17.2971,711.4,304.6,fixation
12:28:17.2976,711.3,303.5,fixation
12:28:17.2980,711.3,302.4,fixation
12:28:17.2984,711.4,301.4,fixation
12:28:17.2989,711.6,301.5,fixation
12:28:17.2994,713.6,301.8,fixation
12:28:17.2998,715.3,303.3,fixation
12:28:17.3003,717.2,303.8,fixation
12:28:17.3008,717.6,304.3,fixation
12:28:17.3012,717.7,305.9,fixation
12:28:17.3017,717.6,308.4,fixation
12:28:17.3022,717.5,308.9,fixation
12:28:17.3026,717.8,306.9,fixation
12:28:17.3031,718.1,304.6,fixation
12:28:17.3036,718.3,304.6,fixation
12:28:17.3041,718.5,304.6,fixation
12:28:17.3045,717.1,304.8,fixation
12:28:17.305,715.3,305.9,fixation
12:28:17.3055,713.9,307.0,fixation
12:28:17.3059,714.5,308.2,fixation
12:28:17.3064,716.1,308.2,fixation
12:28:17.3069,717.3,308.1,fixation
12:28:17.3073,718.4,308.0,fixation
12:28:17.3078,718.6,307.3,fixation
12:28:17.3083,718.9,306.6,fixation
12:28:17.3087,719.4,306.2,fixation
12:28:17.3092,719.8,306.3,fixation
12:28:17.3097,719.3,306.2,fixation
12:28:17.3102,718.3,305.9,fixation
12:28:17.3106,719.2,305.7,fixation
12:28:17.3111,721.0,305.9,fixation
12:28:17.3116,720.1,306.2,fixation
12:28:17.3120,717.3,307.5,fixation
12:28:17.3125,714.3,308.6,fixation
12:28:17.313,714.1,307.5,fixation
12:28:17.3134,714.3,305.5,fixation
12:28:17.3139,714.7,304.4,fixation
12:28:17.3144,714.9,305.3,fixation
12:28:17.3148,714.9,305.6,fixation
12:28:17.3153,714.9,304.7,fixation
12:28:17.3158,714.8,303.8,fixation
12:28:17.3163,714.6,303.5,fixation
12:28:17.3167,714.4,304.7,fixation
12:28:17.3172,714.3,306.0,fixation
12:28:17.3177,714.1,307.7,fixation
12:28:17.3181,714.0,308.4,fixation
12:28:17.3186,713.1,310.0,fixation
12:28:17.3191,712.7,311.1,fixation
12:28:17.3195,712.2,310.6,fixation
12:28:17.32,712.5,309.3,fixation
12:28:17.3205,712.6,307.9,fixation
12:28:17.3209,712.8,307.8,fixation
12:28:17.3214,713.3,307.4,fixation
12:28:17.3219,713.8,307.1,fixation
12:28:17.3224,714.2,306.5,fixation
12:28:17.3228,714.4,306.1,fixation
12:28:17.3233,714.3,306.1,fixation
12:28:17.3238,714.3,306.7,fixation
12:28:17.3242,714.2,307.7,fixation
12:28:17.3247,713.5,308.4,fixation
12:28:17.3252,712.7,309.0,fixation
12:28:17.3256,712.2,309.2,fixation
12:28:17.3261,712.4,309.2,fixation
12:28:17.3266,712.8,307.2,fixation
12:28:17.3270,713.5,305.2,fixation
12:28:17.3275,714.3,304.5,fixation
12:28:17.328,714.8,306.7,fixation
12:28:17.3285,714.5,308.6,fixation
12:28:17.3289,714.0,309.3,fixation
12:28:17.3294,714.3,308.9,fixation
12:28:17.3299,714.9,308.6,fixation
12:28:17.3303,715.4,308.6,fixation
12:28:17.3308,715.8,309.9,fixation
12:28:17.3313,716.3,311.2,fixation
12:28:17.3317,716.9,312.9,fixation
12:28:17.3322,717.3,313.2,fixation
12:28:17.3327,717.5,313.0,fixation
12:28:17.3331,717.6,312.5,fixation
12:28:17.3336,717.7,312.0,fixation
12:28:17.3341,718.5,310.8,fixation
12:28:17.3346,719.3,309.6,fixation
12:28:17.3350,719.1,308.3,fixation
12:28:17.3355,718.3,308.4,fixation
12:28:17.336,717.1,308.4,fixation
12:28:17.3364,716.4,308.4,fixation
12:28:17.3369,715.7,308.3,fixation
12:28:17.3374,715.4,308.9,fixation
12:28:17.3378,715.1,310.2,fixation
12:28:17.3383,714.6,311.5,fixation
12:28:17.3388,715.0,311.7,fixation
12:28:17.3392,715.8,310.8,fixation
12:28:17.3397,716.0,309.7,fixation
12:28:17.3402,715.3,308.9,fixation
12:28:17.3407,715.1,308.6,fixation
12:28:17.3411,715.7,308.5,fixation
12:28:17.3416,715.4,308.6,fixation
12:28:17.3421,714.5,308.8,fixation
12:28:17.3425,713.8,308.9,fixation
12:28:17.343,714.1,309.5,fixation
12:28:17.3435,714.3,310.0,fixation
12:28:17.3439,714.4,310.4,fixation
12:28:17.3444,714.7,310.1,fixation
12:28:17.3449,715.0,309.7,fixation
12:28:17.3453,715.2,309.2,fixation
12:28:17.3458,714.6,308.9,fixation
12:28:17.3463,714.2,308.7,fixation
12:28:17.3467,714.5,308.7,fixation
12:28:17.3471,714.8,309.6,fixation
12:28:17.3476,715.1,310.0,fixation
12:28:17.3481,714.6,310.5,fixation
12:28:17.3485,714.4,310.1,fixation
12:28:17.349,714.4,310.2,fixation
12:28:17.3495,714.1,310.2,fixation
12:28:17.3499,714.0,308.7,fixation
12:28:17.3504,714.4,307.2,fixation
12:28:17.3509,715.0,307.4,fixation
12:28:17.3513,715.1,309.1,fixation
12:28:17.3517,714.6,310.6,fixation
12:28:17.3522,714.2,310.1,fixation
12:28:17.3527,714.2,308.9,fixation
12:28:17.3531,714.4,307.9,fixation
12:28:17.3536,714.6,306.8,fixation
12:28:17.3541,713.6,305.7,fixation
12:28:17.3545,712.6,304.5,fixation
12:28:17.355,713.0,305.6,fixation
12:28:17.3555,714.6,307.3,fixation
12:28:17.3559,716.2,309.0,fixation
12:28:17.3563,715.7,308.4,fixation
12:28:17.3568,715.0,307.5,fixation
12:28:17.3573,714.6,306.6,fixation
12:28:17.3577,714.5,306.1,fixation
12:28:17.3582,714.5,306.0,fixation
12:28:17.3587,714.1,306.7,fixation
12:28:17.3591,714.2,307.4,fixation
12:28:17.3596,714.1,307.9,fixation
12:28:17.3601,714.4,307.6,fixation
12:28:17.3605,714.6,307.2,fixation
12:28:17.3609,714.8,307.0,fixation
12:28:17.3614,715.2,307.0,fixation
12:28:17.3619,715.8,306.3,fixation
12:28:17.3623,714.8,305.7,fixation
12:28:17.3628,713.3,307.1,fixation
12:28:17.3633,711.7,309.1,fixation
12:28:17.3637,711.6,310.8,fixation
12:28:17.3642,713.1,309.9,fixation
12:28:17.3647,714.5,308.9,fixation
12:28:17.3651,715.1,308.0,fixation
12:28:17.3656,714.3,307.6,fixation
12:28:17.3661,713.7,307.2,fixation
12:28:17.3666,713.9,307.5,fixation
12:28:17.3670,714.2,307.9,fixation
12:28:17.3675,714.3,308.4,fixation
12:28:17.368,714.1,308.6,fixation
12:28:17.3684,714.0,308.7,fixation
12:28:17.3689,713.9,308.9,fixation
12:28:17.3694,714.1,309.0,fixation
12:28:17.3698,712.6,308.4,fixation
12:28:17.3703,711.1,307.5,fixation
12:28:17.3708,710.0,306.5,fixation
12:28:17.3712,710.6,306.4,fixation
12:28:17.3717,711.6,306.7,fixation
12:28:17.3722,712.9,306.9,fixation
12:28:17.3727,714.1,305.2,fixation
12:28:17.3731,714.7,303.4,fixation
12:28:17.3736,715.1,302.7,fixation
12:28:17.3741,715.2,303.9,fixation
12:28:17.3745,715.5,305.2,fixation
12:28:17.375,715.5,305.7,fixation
12:28:17.3755,714.2,306.9,fixation
12:28:17.3759,712.7,308.6,fixation
12:28:17.3764,712.3,309.9,fixation
12:28:17.3769,713.4,308.5,fixation
12:28:17.3773,714.5,306.6,fixation
12:28:17.3778,715.2,306.1,fixation
12:28:17.3783,715.6,307.4,fixation
12:28:17.3788,716.0,308.7,fixation
12:28:17.3792,715.8,309.2,fixation
12:28:17.3797,715.0,309.7,fixation
12:28:17.3802,714.2,310.1,fixation
12:28:17.3806,713.4,309.7,fixation
12:28:17.3811,713.5,307.7,fixation
12:28:17.3816,713.6,305.9,fixation
12:28:17.3820,714.4,306.5,fixation
12:28:17.3825,715.1,308.7,fixation
12:28:17.383,715.9,310.5,fixation
12:28:17.3834,715.9,309.9,fixation
12:28:17.3839,716.0,308.8,fixation
12:28:17.3844,716.0,308.4,fixation
12:28:17.3849,716.7,308.6,fixation
12:28:17.3853,717.3,309.6,fixation
12:28:17.3858,718.6,310.4,fixation
12:28:17.3863,719.4,310.9,fixation
12:28:17.3867,718.3,311.3,fixation
12:28:17.3872,716.1,311.4,fixation
12:28:17.3877,713.8,311.5,fixation
12:28:17.3881,714.3,311.4,fixation
12:28:17.3886,715.3,311.1,fixation
12:28:17.3891,716.2,309.9,fixation
12:28:17.3895,716.1,308.7,fixation
12:28:17.39,716.1,307.5,fixation
12:28:17.3905,715.9,307.3,fixation
12:28:17.391,715.6,306.8,fixation
12:28:17.3914,715.2,306.6,fixation
12:28:17.3919,714.8,307.4,fixation
12:28:17.3924,714.6,308.4,fixation
12:28:17.3928,714.3,309.4,fixation
12:28:17.3933,714.1,309.4,fixation
12:28:17.3938,713.8,310.1,fixation
12:28:17.3942,713.7,311.1,fixation
12:28:17.3947,713.4,312.1,fixation
12:28:17.3952,713.2,312.4,fixation
12:28:17.3956,713.2,311.8,fixation
12:28:17.3961,713.3,311.1,fixation
12:28:17.3966,713.3,310.6,fixation
12:28:17.3971,713.3,309.3,fixation
12:28:17.3975,714.5,308.0,fixation
12:28:17.398,715.9,305.8,fixation
12:28:17.3985,716.7,304.9,fixation
12:28:17.3989,716.1,306.2,fixation
12:28:17.3994,715.3,308.5,fixation
12:28:17.3999,715.4,311.2,fixation
12:28:17.4003,716.0,311.8,fixation
12:28:17.4008,715.9,308.9,fixation
12:28:17.4013,715.2,305.4,fixation
12:28:17.4017,714.4,303.9,fixation
12:28:17.4022,713.5,305.8,fixation
12:28:17.4027,712.7,307.3,fixation
12:28:17.4032,713.0,306.7,fixation
12:28:17.4036,714.1,306.0,fixation
12:28:17.4041,715.0,305.9,fixation
12:28:17.4046,714.8,306.3,fixation
12:28:17.4050,714.6,306.9,fixation
12:28:17.4055,714.0,307.2,fixation
12:28:17.406,713.5,307.3,fixation
12:28:17.4064,712.5,307.6,fixation
12:28:17.4069,711.9,307.8,fixation
12:28:17.4074,711.5,307.7,fixation
12:28:17.4078,711.7,307.1,fixation
12:28:17.4083,712.3,306.6,fixation
12:28:17.4088,713.1,307.6,fixation
12:28:17.4092,714.1,309.0,fixation
12:28:17.4096,715.2,310.3,fixation
12:28:17.4101,716.0,310.7,fixation
12:28:17.4106,716.2,311.2,fixation
12:28:17.4110,716.1,311.1,fixation
12:28:17.4115,716.2,310.0,fixation
12:28:17.412,716.6,308.7,fixation
12:28:17.4124,717.0,306.4,fixation
12:28:17.4129,717.1,304.6,fixation
12:28:17.4134,715.4,304.5,fixation
12:28:17.4138,713.6,305.9,fixation
12:28:17.4142,711.9,307.5,fixation
12:28:17.4147,712.0,307.6,fixation
12:28:17.4152,712.1,306.1,fixation
12:28:17.4156,712.1,304.4,fixation
12:28:17.4161,712.1,303.8,fixation
12:28:17.4166,713.6,305.0,fixation
12:28:17.4170,715.2,306.7,fixation
12:28:17.4175,716.9,307.4,fixation
12:28:17.418,716.6,307.2,fixation
12:28:17.4184,716.4,306.9,fixation
12:28:17.4188,716.3,306.5,fixation
12:28:17.4193,716.3,306.8,fixation
12:28:17.4198,716.1,307.9,fixation
12:28:17.4202,715.9,308.8,fixation
12:28:17.4207,714.3,309.5,fixation
12:28:17.4212,712.8,308.8,fixation
12:28:17.4216,711.5,308.2,fixation
12:28:17.4221,711.9,307.7,fixation
12:28:17.4226,712.7,307.3,fixation
12:28:17.4230,713.3,307.2,fixation
12:28:17.4234,714.1,307.2,fixation
12:28:17.4239,714.8,307.3,fixation
12:28:17.4244,715.5,307.3,fixation
12:28:17.4248,715.7,307.3,fixation
12:28:17.4253,715.5,307.2,fixation
12:28:17.4258,715.4,307.4,fixation
12:28:17.4262,715.3,307.8,fixation
12:28:17.4267,714.9,309.0,fixation
12:28:17.4272,714.2,310.1,fixation
12:28:17.4276,713.4,311.6,fixation
12:28:17.4281,713.9,312.2,fixation
12:28:17.4286,714.6,312.7,fixation
12:28:17.4291,715.3,312.6,fixation
12:28:17.4295,714.2,312.6,fixation
12:28:17.43,713.2,311.2,fixation
12:28:17.4305,712.4,309.8,fixation
12:28:17.4309,712.4,308.9,fixation
12:28:17.4314,713.3,309.5,fixation
12:28:17.4319,714.5,310.2,fixation
12:28:17.4323,715.8,310.4,fixation
12:28:17.4328,714.9,310.5,fixation
12:28:17.4333,713.6,310.5,fixation
12:28:17.4337,712.2,309.9,fixation
12:28:17.4342,712.3,309.4,fixation
12:28:17.4347,712.7,309.1,fixation
12:28:17.4352,713.2,309.2,fixation
12:28:17.4356,713.4,309.2,fixation
12:28:17.4361,713.0,309.1,fixation
12:28:17.4366,712.9,308.9,fixation
12:28:17.4370,712.8,308.8,fixation
12:28:17.4375,712.9,308.6,fixation
12:28:17.438,712.8,309.4,fixation
12:28:17.4384,713.1,310.3,fixation
12:28:17.4389,713.2,312.3,fixation
12:28:17.4394,713.5,313.5,fixation
12:28:17.4398,713.3,314.0,fixation
12:28:17.4403,713.3,312.7,fixation
12:28:17.4408,713.2,312.5,fixation
12:28:17.4413,713.2,313.0,fixation
12:28:17.4417,713.2,314.4,fixation
12:28:17.4422,712.6,314.6,fixation
12:28:17.4427,712.2,313.3,fixation
12:28:17.4431,712.3,311.8,fixation
12:28:17.4436,713.0,309.9,fixation
12:28:17.4441,713.4,309.6,fixation
12:28:17.4445,712.8,309.3,fixation
12:28:17.445,712.2,309.5,fixation
12:28:17.4455,711.6,309.9,fixation
12:28:17.4459,712.2,310.2,fixation
12:28:17.4464,712.8,310.5,fixation
12:28:17.4469,713.4,310.4,fixation
12:28:17.4474,713.6,310.2,fixation
12:28:17.4478,713.7,310.1,fixation
12:28:17.4483,713.9,310.1,fixation
12:28:17.4488,713.9,308.7,fixation
12:28:17.4492,713.9,307.4,fixation
12:28:17.4497,714.0,306.4,fixation
12:28:17.4502,714.1,306.3,fixation
12:28:17.4506,714.4,306.4,fixation
12:28:17.4511,714.7,306.1,fixation
12:28:17.4516,714.4,306.9,fixation
12:28:17.4520,713.4,307.7,fixation
12:28:17.4525,712.5,307.3,fixation
12:28:17.453,712.0,306.2,fixation
12:28:17.4535,712.3,305.5,fixation
12:28:17.4539,712.6,306.2,fixation
12:28:17.4544,712.6,307.0,fixation
12:28:17.4549,712.5,306.8,fixation
12:28:17.4553,712.8,306.1,fixation
12:28:17.4558,713.5,305.4,fixation
12:28:17.4563,714.2,305.4,fixation
12:28:17.4567,714.4,305.4,fixation
12:28:17.4572,714.3,305.4,fixation
12:28:17.4577,714.0,305.4,fixation
12:28:17.4581,713.6,305.5,fixation
12:28:17.4586,713.3,305.4,fixation
12:28:17.4591,713.2,304.2,fixation
12:28:17.4596,713.4,303.0,fixation
12:28:17.4600,713.6,302.2,fixation
12:28:17.4605,713.9,302.9,fixation
12:28:17.461,713.5,306.4,fixation
12:28:17.4614,712.7,309.5,fixation
12:28:17.4619,711.9,311.0,fixation
12:28:17.4624,712.3,309.7,fixation
12:28:17.4628,713.2,309.7,fixation
12:28:17.4633,714.3,312.1,saccade
12:28:17.4638,714.7,312.0,saccade
12:28:17.4642,715.0,311.9,saccade
12:28:17.4647,714.7,311.8,saccade
12:28:17.4652,714.3,311.8,saccade
12:28:17.4657,714.1,311.7,saccade
12:28:17.4661,714.4,311.8,saccade
12:28:17.4666,715.1,310.3,saccade
12:28:17.4671,716.0,308.8,saccade
12:28:17.4675,717.5,306.8,saccade
12:28:17.468,718.6,306.2,saccade
12:28:17.4685,720.0,306.2,saccade
12:28:17.4689,720.3,307.2,saccade
12:28:17.4694,720.5,308.3,saccade
12:28:17.4699,720.7,309.0,saccade
12:28:17.4703,722.7,309.3,saccade
12:28:17.4708,724.6,309.9,saccade
12:28:17.4713,727.6,310.8,saccade
12:28:17.4717,731.3,312.1,saccade
12:28:17.4721,736.9,313.1,saccade
12:28:17.4726,742.4,313.7,saccade
12:28:17.4731,748.2,314.7,saccade
12:28:17.4735,752.2,315.5,saccade
12:28:17.474,755.8,315.0,saccade
12:28:17.4745,758.1,312.1,saccade
12:28:17.4749,764.0,309.2,saccade
12:28:17.4754,769.3,307.6,saccade
12:28:17.4759,777.4,308.9,saccade
12:28:17.4763,783.0,309.6,saccade
12:28:17.4767,790.2,309.7,saccade
12:28:17.4772,793.5,307.4,saccade
12:28:17.4777,798.1,305.6,saccade
12:28:17.4781,800.4,304.2,saccade
12:28:17.4786,804.2,303.9,saccade
12:28:17.4791,805.9,303.7,saccade
12:28:17.4795,807.7,303.8,saccade
12:28:17.48,807.7,303.4,saccade
12:28:17.4805,807.6,303.0,saccade
12:28:17.4809,808.3,302.2,saccade
12:28:17.4813,809.2,301.7,saccade
12:28:17.4818,808.1,300.9,saccade
12:28:17.4823,805.9,300.4,saccade
12:28:17.4827,803.2,298.4,saccade
12:28:17.4832,801.1,296.9,saccade
12:28:17.4837,797.9,295.3,saccade
12:28:17.4841,795.2,295.6,saccade
12:28:17.4846,791.6,295.7,saccade
12:28:17.4851,789.1,295.9,saccade
12:28:17.4855,783.5,295.5,saccade
12:28:17.4859,779.7,295.2,saccade
12:28:17.4864,775.9,296.9,saccade
12:28:17.4869,775.1,298.8,saccade
12:28:17.4873,772.0,299.3,saccade
12:28:17.4878,768.0,297.8,saccade
12:28:17.4883,763.1,297.8,saccade
12:28:17.4887,760.5,299.2,saccade
12:28:17.4892,759.0,300.3,saccade
12:28:17.4897,758.5,299.7,saccade
12:28:17.4901,757.9,299.2,saccade
12:28:17.4906,757.0,299.1,saccade
12:28:17.4911,756.2,299.0,saccade
12:28:17.4916,756.2,298.7,saccade
12:28:17.4920,756.4,299.3,saccade
12:28:17.4925,756.4,300.8,saccade
12:28:17.493,756.5,302.0,saccade
12:28:17.4934,757.2,302.4,saccade
12:28:17.4939,758.1,302.3,saccade
12:28:17.4944,758.9,302.8,saccade
12:28:17.4948,759.0,303.3,saccade
12:28:17.4953,762.8,303.8,fixation
12:28:17.4958,764.6,304.6,fixation
12:28:17.4962,764.5,305.5,fixation
12:28:17.4967,764.6,304.6,fixation
12:28:17.4972,764.6,303.0,fixation
12:28:17.4977,766.6,301.5,fixation
12:28:17.4981,768.4,301.5,fixation
12:28:17.4986,770.3,301.6,fixation
12:28:17.4991,770.6,301.7,fixation
12:28:17.4995,771.0,302.0,fixation
12:28:17.5,771.4,302.1,fixation
12:28:17.5005,772.9,302.2,fixation
12:28:17.5009,775.1,302.2,fixation
12:28:17.5014,777.6,300.2,fixation
12:28:17.5019,777.1,298.2,fixation
12:28:17.5023,775.9,295.7,fixation
12:28:17.5028,774.5,295.3,fixation
12:28:17.5033,776.3,295.5,fixation
12:28:17.5038,778.1,296.6,fixation
12:28:17.5042,779.5,297.5,fixation
12:28:17.5047,778.8,297.9,fixation
12:28:17.5052,778.1,298.1,fixation
12:28:17.5056,778.0,298.5,fixation
12:28:17.5061,777.5,299.3,fixation
12:28:17.5066,777.2,299.9,fixation
12:28:17.5070,776.8,300.6,fixation
12:28:17.5075,776.9,300.9,fixation
12:28:17.508,776.9,300.9,fixation
12:28:17.5084,775.8,301.2,fixation
12:28:17.5089,774.8,301.6,fixation
12:28:17.5094,773.8,302.3,fixation
12:28:17.5099,773.9,302.8,fixation
12:28:17.5103,774.0,302.4,fixation
12:28:17.5108,773.9,299.6,fixation
12:28:17.5113,773.9,296.8,fixation
12:28:17.5117,773.2,297.7,fixation
12:28:17.5122,772.0,300.7,fixation
12:28:17.5127,770.9,303.2,fixation
12:28:17.5131,770.5,302.5,fixation
12:28:17.5136,770.5,301.8,fixation
12:28:17.5141,770.4,301.5,fixation
12:28:17.5145,770.6,301.3,fixation
12:28:17.515,771.1,301.8,fixation
12:28:17.5155,771.6,303.2,fixation
12:28:17.516,771.5,304.6,fixation
12:28:17.5164,771.2,305.3,fixation
12:28:17.5169,771.0,305.8,fixation
12:28:17.5174,771.1,306.4,fixation
12:28:17.5178,771.9,307.0,fixation
12:28:17.5183,772.6,307.1,fixation
12:28:17.5188,771.7,306.6,fixation
12:28:17.5192,770.0,305.4,fixation
12:28:17.5197,768.4,303.5,fixation
12:28:17.5202,769.0,302.2,fixation
12:28:17.5206,769.8,301.5,fixation
12:28:17.5211,770.5,300.9,fixation
12:28:17.5216,771.0,300.4,fixation
12:28:17.5221,771.0,301.1,fixation
12:28:17.5225,771.0,302.2,fixation
12:28:17.523,770.8,303.3,fixation
12:28:17.5235,770.8,302.1,fixation
12:28:17.5239,771.0,301.1,fixation
12:28:17.5244,769.2,301.0,fixation
12:28:17.5249,767.2,301.9,fixation
12:28:17.5253,765.9,302.5,fixation
12:28:17.5258,766.3,302.2,fixation
12:28:17.5263,766.7,301.7,fixation
12:28:17.5267,766.5,301.6,fixation
12:28:17.5272,767.5,301.8,fixation
12:28:17.5277,768.6,302.2,fixation
12:28:17.5282,769.6,302.6,fixation
12:28:17.5286,769.2,302.8,fixation
12:28:17.5291,768.9,302.9,fixation
12:28:17.5296,769.0,303.0,fixation
12:28:17.5300,769.6,302.8,fixation
12:28:17.5305,769.4,302.6,fixation
12:28:17.531,768.8,302.7,fixation
12:28:17.5314,767.9,303.2,fixation
12:28:17.5319,767.6,303.6,fixation
12:28:17.5324,767.3,303.3,fixation
12:28:17.5328,769.2,302.8,fixation
12:28:17.5333,771.3,302.3,fixation
12:28:17.5338,773.3,302.0,fixation
12:28:17.5342,773.3,301.6,fixation
12:28:17.5346,773.2,302.4,fixation
12:28:17.5351,772.6,303.6,fixation
12:28:17.5356,771.7,304.7,fixation
12:28:17.5360,771.0,304.5,fixation
12:28:17.5365,771.0,303.6,fixation
12:28:17.537,771.4,302.8,fixation
12:28:17.5374,771.6,302.5,fixation
12:28:17.5379,772.0,302.8,fixation
