TimeStamp,Delta_TP9,Delta_AF7,Delta_AF8,Delta_TP10,Theta_TP9,Theta_AF7,Theta_AF8,Theta_TP10,Alpha_TP9,Alpha_AF7,Alpha_AF8,Alpha_TP10,Beta_TP9,Beta_AF7,Beta_AF8,Beta_TP10,Gamma_TP9,Gamma_AF7,Gamma_AF8,Gamma_TP10,RAW_TP9,RAW_AF7,RAW_AF8,RAW_TP10,AUX_RIGHT,Accelerometer_X,Accelerometer_Y,Accelerometer_Z,Gyro_X,Gyro_Y,Gyro_Z,HeadBandOn,HSI_TP9,HSI_AF7,HSI_AF8,HSI_TP10,Battery,Elements
10:33:47.741,0.0,0.0,0.0,0.0,0.0,0.0,0.0,0.0,0.0,0.0,0.0,0.0,0.0,0.0,0.0,0.0,0.0,0.0,0.0,0.0,778.46155,774.83514,802.23444,842.1245,823.9927,-0.40679931640625,0.1512451171875,0.88922119140625,3.0206298828125,-4.314117431640625,0.88226318359375,0.0,4.0,4.0,4.0,4.0,100.0,event
10:33:47.742,0.0,0.0,0.0,0.0,0.0,0.0,0.0,0.0,0.0,0.0,0.0,0.0,0.0,0.0,0.0,0.0,0.0,0.0,0.0,0.0,807.8755,776.4469,795.78754,864.68866,745.0183,-0.40679931640625,0.1512451171875,0.88922119140625,3.0206298828125,-4.314117431640625,0.88226318359375,0.0,4.0,4.0,4.0,4.0,100.0,event
10:33:47.743,0.0,0.0,0.0,0.0,0.0,0.0,0.0,0.0,0.0,0.0,0.0,0.0,0.0,0.0,0.0,0.0,0.0,0.0,0.0,0.0,843.3333,774.83514,796.5934,873.95605,742.1978,-0.40679931640625,0.1512451171875,0.88922119140625,3.0206298828125,-4.314117431640625,0.88226318359375,0.0,4.0,4.0,4.0,4.0,100.0,event
10:33:47.744,0.0,0.0,0.0,0.0,0.0,0.0,0.0,0.0,0.0,0.0,0.0,0.0,0.0,0.0,0.0,0.0,0.0,0.0,0.0,0.0,848.5714,774.83514,798.20514,830.4396,873.5531,-0.40679931640625,0.1512451171875,0.88922119140625,3.0206298828125,-4.314117431640625,0.88226318359375,0.0,4.0,4.0,4.0,4.0,100.0,event
10:33:47.745,0.0,0.0,0.0,0.0,0.0,0.0,0.0,0.0,0.0,0.0,0.0,0.0,0.0,0.0,0.0,0.0,0.0,0.0,0.0,0.0,806.6667,772.01465,799.011,784.10254,844.5421,-0.40679931640625,0.1512451171875,0.88922119140625,3.0206298828125,-4.314117431640625,0.88226318359375,0.0,4.0,4.0,4.0,4.0,100.0,event
10:33:47.746,0.0,0.0,0.0,0.0,0.0,0.0,0.0,0.0,0.0,0.0,0.0,0.0,0.0,0.0,0.0,0.0,0.0,0.0,0.0,0.0,772.8205,770.0,799.81683,799.41394,791.3553,-0.40679931640625,0.1512451171875,0.88922119140625,3.0206298828125,-4.314117431640625,0.88226318359375,0.0,4.0,4.0,4.0,4.0,100.0,event
10:33:47.746,0.0,0.0,0.0,0.0,0.0,0.0,0.0,0.0,0.0,0.0,0.0,0.0,0.0,0.0,0.0,0.0,0.0,0.0,0.0,0.0,784.90845,769.59705,796.5934,808.2784,801.02563,-0.40679931640625,0.1512451171875,0.88922119140625,3.0206298828125,-4.314117431640625,0.88226318359375,0.0,4.0,4.0,4.0,4.0,100.0,event
10:33:47.747,0.0,0.0,0.0,0.0,0.0,0.0,0.0,0.0,0.0,0.0,0.0,0.0,0.0,0.0,0.0,0.0,0.0,0.0,0.0,0.0,829.6337,767.5824,787.326,819.5604,963.00366,-0.40679931640625,0.1512451171875,0.88922119140625,3.0206298828125,-4.314117431640625,0.88226318359375,0.0,4.0,4.0,4.0,4.0,100.0,event
10:33:47.748,0.0,0.0,0.0,0.0,0.0,0.0,0.0,0.0,0.0,0.0,0.0,0.0,0.0,0.0,0.0,0.0,0.0,0.0,0.0,0.0,855.0183,767.5824,786.1172,851.39197,960.989,-0.40679931640625,0.1512451171875,0.88922119140625,3.0206298828125,-4.314117431640625,0.88226318359375,0.0,4.0,4.0,4.0,4.0,100.0,event
10:33:47.748,0.0,0.0,0.0,0.0,0.0,0.0,0.0,0.0,0.0,0.0,0.0,0.0,0.0,0.0,0.0,0.0,0.0,0.0,0.0,0.0,808.68134,768.7912,798.20514,838.9011,697.8755,-0.40679931640625,0.1512451171875,0.88922119140625,3.0206298828125,-4.314117431640625,0.88226318359375,0.0,4.0,4.0,4.0,4.0,100.0,event
10:33:47.749,0.0,0.0,0.0,0.0,0.0,0.0,0.0,0.0,0.0,0.0,0.0,0.0,0.0,0.0,0.0,0.0,0.0,0.0,0.0,0.0,768.7912,770.80585,801.02563,829.2308,789.7436,-0.40679931640625,0.1512451171875,0.88922119140625,3.0206298828125,-4.314117431640625,0.88226318359375,0.0,4.0,4.0,4.0,4.0,100.0,event
10:33:47.750,0.0,0.0,0.0,0.0,0.0,0.0,0.0,0.0,0.0,0.0,0.0,0.0,0.0,0.0,0.0,0.0,0.0,0.0,0.0,0.0,786.52014,775.2381,798.60803,847.76556,898.93774,-0.40679931640625,0.1512451171875,0.88922119140625,3.0206298828125,-4.314117431640625,0.88226318359375,0.0,4.0,4.0,4.0,4.0,100.0,event
10:33:47.779,0.0,0.0,0.0,0.0,0.0,0.0,0.0,0.0,0.0,0.0,0.0,0.0,0.0,0.0,0.0,0.0,0.0,0.0,0.0,0.0,826.4103,775.2381,799.011,847.76556,716.4103,-0.40679931640625,0.1512451171875,0.88922119140625,3.0206298828125,-4.314117431640625,0.88226318359375,0.0,4.0,4.0,4.0,4.0,100.0,event
10:33:47.780,0.0,0.0,0.0,0.0,0.0,0.0,0.0,0.0,0.0,0.0,0.0,0.0,0.0,0.0,0.0,0.0,0.0,0.0,0.0,0.0,863.0769,776.4469,800.2198,841.31866,697.47253,-0.40679931640625,0.1512451171875,0.88922119140625,3.0206298828125,-4.314117431640625,0.88226318359375,0.0,4.0,4.0,4.0,4.0,100.0,event
10:33:47.781,0.0,0.0,0.0,0.0,0.0,0.0,0.0,0.0,0.0,0.0,0.0,0.0,0.0,0.0,0.0,0.0,0.0,0.0,0.0,0.0,824.7985,778.46155,801.02563,812.71063,742.1978,-0.40679931640625,0.1512451171875,0.88922119140625,3.0206298828125,-4.314117431640625,0.88226318359375,0.0,4.0,4.0,4.0,4.0,100.0,event
10:33:47.782,0.0,0.0,0.0,0.0,0.0,0.0,0.0,0.0,0.0,0.0,0.0,0.0,0.0,0.0,0.0,0.0,0.0,0.0,0.0,0.0,768.3883,780.4762,799.81683,784.5055,807.47253,-0.40679931640625,0.1512451171875,0.88922119140625,3.0206298828125,-4.314117431640625,0.88226318359375,0.0,4.0,4.0,4.0,4.0,100.0,event
10:33:47.783,0.0,0.0,0.0,0.0,0.0,0.0,0.0,0.0,0.0,0.0,0.0,0.0,0.0,0.0,0.0,0.0,0.0,0.0,0.0,0.0,776.4469,781.28204,798.20514,796.1905,744.21246,-0.40679931640625,0.1512451171875,0.88922119140625,3.0206298828125,-4.314117431640625,0.88226318359375,0.0,4.0,4.0,4.0,4.0,100.0,event
10:33:47.784,0.0,0.0,0.0,0.0,0.0,0.0,0.0,0.0,0.0,0.0,0.0,0.0,0.0,0.0,0.0,0.0,0.0,0.0,0.0,0.0,821.978,778.86444,799.41394,816.337,703.1135,-0.40679931640625,0.1512451171875,0.88922119140625,3.0206298828125,-4.314117431640625,0.88226318359375,0.0,4.0,4.0,4.0,4.0,100.0,event
10:33:47.785,0.0,0.0,0.0,0.0,0.0,0.0,0.0,0.0,0.0,0.0,0.0,0.0,0.0,0.0,0.0,0.0,0.0,0.0,0.0,0.0,846.55676,774.83514,796.5934,852.6007,872.74725,-0.40679931640625,0.1512451171875,0.88922119140625,3.0206298828125,-4.314117431640625,0.88226318359375,0.0,4.0,4.0,4.0,4.0,100.0,event
10:33:47.789,0.0,0.0,0.0,0.0,0.0,0.0,0.0,0.0,0.0,0.0,0.0,0.0,0.0,0.0,0.0,0.0,0.0,0.0,0.0,0.0,809.89014,770.80585,798.20514,829.2308,1097.1794,-0.40679931640625,0.1512451171875,0.88922119140625,3.0206298828125,-4.314117431640625,0.88226318359375,0.0,4.0,4.0,4.0,4.0,100.0,event
10:33:47.790,0.0,0.0,0.0,0.0,0.0,0.0,0.0,0.0,0.0,0.0,0.0,0.0,0.0,0.0,0.0,0.0,0.0,0.0,0.0,0.0,771.6117,774.43225,796.1905,809.0842,910.2198,-0.40679931640625,0.1512451171875,0.88922119140625,3.0206298828125,-4.314117431640625,0.88226318359375,0.0,4.0,4.0,4.0,4.0,100.0,event
10:33:47.791,0.0,0.0,0.0,0.0,0.0,0.0,0.0,0.0,0.0,0.0,0.0,0.0,0.0,0.0,0.0,0.0,0.0,0.0,0.0,0.0,786.1172,778.46155,796.5934,814.3223,639.0476,-0.40679931640625,0.1512451171875,0.88922119140625,3.0206298828125,-4.314117431640625,0.88226318359375,0.0,4.0,4.0,4.0,4.0,100.0,event
10:33:47.792,0.0,0.0,0.0,0.0,0.0,0.0,0.0,0.0,0.0,0.0,0.0,0.0,0.0,0.0,0.0,0.0,0.0,0.0,0.0,0.0,824.3956,773.6264,802.6374,638.6447,731.31866,-0.40679931640625,0.1512451171875,0.88922119140625,3.0206298828125,-4.314117431640625,0.88226318359375,0.0,4.0,4.0,4.0,4.0,100.0,event
10:33:47.794,0.0,0.0,0.0,0.0,0.0,0.0,0.0,0.0,0.0,0.0,0.0,0.0,0.0,0.0,0.0,0.0,0.0,0.0,0.0,0.0,857.8388,770.40295,801.4286,554.43225,804.65204,-0.40679931640625,0.1512451171875,0.88922119140625,3.0206298828125,-4.314117431640625,0.88226318359375,0.0,4.0,4.0,4.0,4.0,100.0,event
10:33:47.817,0.0,0.0,0.0,0.0,0.0,0.0,0.0,0.0,0.0,0.0,0.0,0.0,0.0,0.0,0.0,0.0,0.0,0.0,0.0,0.0,835.2747,771.6117,803.8461,572.5641,739.3773,-0.40576171875,0.1556396484375,0.893310546875,2.086029052734375,-3.96270751953125,1.846771240234375,0.0,4.0,4.0,4.0,4.0,100.0,event
10:33:47.818,0.0,0.0,0.0,0.0,0.0,0.0,0.0,0.0,0.0,0.0,0.0,0.0,0.0,0.0,0.0,0.0,0.0,0.0,0.0,0.0,784.5055,774.0293,805.4579,590.696,687.8022,-0.40576171875,0.1556396484375,0.893310546875,2.086029052734375,-3.96270751953125,1.846771240234375,0.0,4.0,4.0,4.0,4.0,100.0,event
10:33:47.823,0.0,0.0,0.0,0.0,0.0,0.0,0.0,0.0,0.0,0.0,0.0,0.0,0.0,0.0,0.0,0.0,0.0,0.0,0.0,0.0,778.46155,774.43225,794.9817,629.7802,772.4176,-0.40576171875,0.1556396484375,0.893310546875,2.086029052734375,-3.96270751953125,1.846771240234375,0.0,4.0,4.0,4.0,4.0,100.0,event
10:33:47.824,0.0,0.0,0.0,0.0,0.0,0.0,0.0,0.0,0.0,0.0,0.0,0.0,0.0,0.0,0.0,0.0,0.0,0.0,0.0,0.0,821.1722,774.43225,790.54944,662.8205,751.4652,-0.40576171875,0.1556396484375,0.893310546875,2.086029052734375,-3.96270751953125,1.846771240234375,0.0,4.0,4.0,4.0,4.0,100.0,event
10:33:47.824,0.0,0.0,0.0,0.0,0.0,0.0,0.0,0.0,0.0,0.0,0.0,0.0,0.0,0.0,0.0,0.0,0.0,0.0,0.0,0.0,854.21246,772.8205,795.78754,637.8388,737.76556,-0.40576171875,0.1556396484375,0.893310546875,2.086029052734375,-3.96270751953125,1.846771240234375,0.0,4.0,4.0,4.0,4.0,100.0,event
10:33:47.825,0.0,0.0,0.0,0.0,0.0,0.0,0.0,0.0,0.0,0.0,0.0,0.0,0.0,0.0,0.0,0.0,0.0,0.0,0.0,0.0,787.72894,771.2088,804.65204,599.15753,1052.0513,-0.40576171875,0.1556396484375,0.893310546875,2.086029052734375,-3.96270751953125,1.846771240234375,0.0,4.0,4.0,4.0,4.0,100.0,event
10:33:47.825,0.0,0.0,0.0,0.0,0.0,0.0,0.0,0.0,0.0,0.0,0.0,0.0,0.0,0.0,0.0,0.0,0.0,0.0,0.0,0.0,837.28937,770.40295,800.6227,597.9487,872.3443,-0.40576171875,0.1556396484375,0.893310546875,2.086029052734375,-3.96270751953125,1.846771240234375,0.0,4.0,4.0,4.0,4.0,100.0,event
10:33:47.826,0.0,0.0,0.0,0.0,0.0,0.0,0.0,0.0,0.0,0.0,0.0,0.0,0.0,0.0,0.0,0.0,0.0,0.0,0.0,0.0,769.59705,774.83514,799.011,615.2747,1112.0879,-0.40576171875,0.1556396484375,0.893310546875,2.086029052734375,-3.96270751953125,1.846771240234375,0.0,4.0,4.0,4.0,4.0,100.0,event
10:33:47.827,0.0,0.0,0.0,0.0,0.0,0.0,0.0,0.0,0.0,0.0,0.0,0.0,0.0,0.0,0.0,0.0,0.0,0.0,0.0,0.0,813.5165,771.6117,793.7729,696.26373,789.7436,-0.40576171875,0.1556396484375,0.893310546875,2.086029052734375,-3.96270751953125,1.846771240234375,0.0,4.0,4.0,4.0,4.0,100.0,event
10:33:47.827,0.0,0.0,0.0,0.0,0.0,0.0,0.0,0.0,0.0,0.0,0.0,0.0,0.0,0.0,0.0,0.0,0.0,0.0,0.0,0.0,856.63007,774.0293,789.34064,816.337,718.4249,-0.40576171875,0.1556396484375,0.893310546875,2.086029052734375,-3.96270751953125,1.846771240234375,0.0,4.0,4.0,4.0,4.0,100.0,event
10:33:47.828,0.0,0.0,0.0,0.0,0.0,0.0,0.0,0.0,0.0,0.0,0.0,0.0,0.0,0.0,0.0,0.0,0.0,0.0,0.0,0.0,847.76556,779.2674,789.7436,787.326,826.8132,-0.40576171875,0.1556396484375,0.893310546875,2.086029052734375,-3.96270751953125,1.846771240234375,0.0,4.0,4.0,4.0,4.0,100.0,event
10:33:47.828,0.0,0.0,0.0,0.0,0.0,0.0,0.0,0.0,0.0,0.0,0.0,0.0,0.0,0.0,0.0,0.0,0.0,0.0,0.0,0.0,799.81683,780.07324,792.5641,734.5421,734.94507,-0.40576171875,0.1556396484375,0.893310546875,2.086029052734375,-3.96270751953125,1.846771240234375,0.0,4.0,4.0,4.0,4.0,100.0,event
10:33:47.872,0.0,0.0,0.0,0.0,0.0,0.0,0.0,0.0,0.0,0.0,0.0,0.0,0.0,0.0,0.0,0.0,0.0,0.0,0.0,0.0,778.0586,778.0586,792.5641,756.7033,716.8132,-0.4119873046875,0.156982421875,0.8892822265625,1.996307373046875,-4.17205810546875,1.353302001953125,0.0,4.0,4.0,4.0,4.0,100.0,event
10:33:47.873,0.0,0.0,0.0,0.0,0.0,0.0,0.0,0.0,0.0,0.0,0.0,0.0,0.0,0.0,0.0,0.0,0.0,0.0,0.0,0.0,810.696,771.2088,798.60803,793.7729,759.92676,-0.4119873046875,0.156982421875,0.8892822265625,1.996307373046875,-4.17205810546875,1.353302001953125,0.0,4.0,4.0,4.0,4.0,100.0,event
10:33:47.875,0.0,0.0,0.0,0.0,0.0,0.0,0.0,0.0,0.0,0.0,0.0,0.0,0.0,0.0,0.0,0.0,0.0,0.0,0.0,0.0,853.4066,771.6117,804.65204,815.9341,812.71063,-0.4119873046875,0.156982421875,0.8892822265625,1.996307373046875,-4.17205810546875,1.353302001953125,0.0,4.0,4.0,4.0,4.0,100.0,event
10:33:47.876,0.0,0.0,0.0,0.0,0.0,0.0,0.0,0.0,0.0,0.0,0.0,0.0,0.0,0.0,0.0,0.0,0.0,0.0,0.0,0.0,845.34796,775.2381,805.4579,826.0073,818.3516,-0.4119873046875,0.156982421875,0.8892822265625,1.996307373046875,-4.17205810546875,1.353302001953125,0.0,4.0,4.0,4.0,4.0,100.0,event
10:33:47.877,0.0,0.0,0.0,0.0,0.0,0.0,0.0,0.0,0.0,0.0,0.0,0.0,0.0,0.0,0.0,0.0,0.0,0.0,0.0,0.0,788.5348,776.4469,799.011,807.47253,799.011,-0.4119873046875,0.156982421875,0.8892822265625,1.996307373046875,-4.17205810546875,1.353302001953125,0.0,4.0,4.0,4.0,4.0,100.0,event
10:33:47.879,0.0,0.0,0.0,0.0,0.0,0.0,0.0,0.0,0.0,0.0,0.0,0.0,0.0,0.0,0.0,0.0,0.0,0.0,0.0,0.0,757.50916,775.2381,796.1905,800.2198,881.6117,-0.4119873046875,0.156982421875,0.8892822265625,1.996307373046875,-4.17205810546875,1.353302001953125,0.0,4.0,4.0,4.0,4.0,100.0,event
10:33:47.880,0.0,0.0,0.0,0.0,0.0,0.0,0.0,0.0,0.0,0.0,0.0,0.0,0.0,0.0,0.0,0.0,0.0,0.0,0.0,0.0,782.8938,773.22345,793.36993,859.45056,964.61536,-0.4119873046875,0.156982421875,0.8892822265625,1.996307373046875,-4.17205810546875,1.353302001953125,0.0,4.0,4.0,4.0,4.0,100.0,event
10:33:47.881,0.0,0.0,0.0,0.0,0.0,0.0,0.0,0.0,0.0,0.0,0.0,0.0,0.0,0.0,0.0,0.0,0.0,0.0,0.0,0.0,838.49817,772.8205,782.0879,887.6557,844.5421,-0.4119873046875,0.156982421875,0.8892822265625,1.996307373046875,-4.17205810546875,1.353302001953125,0.0,4.0,4.0,4.0,4.0,100.0,event
10:33:47.883,0.0,0.0,0.0,0.0,0.0,0.0,0.0,0.0,0.0,0.0,0.0,0.0,0.0,0.0,0.0,0.0,0.0,0.0,0.0,0.0,846.9597,776.04395,788.93774,884.43225,741.39197,-0.4119873046875,0.156982421875,0.8892822265625,1.996307373046875,-4.17205810546875,1.353302001953125,0.0,4.0,4.0,4.0,4.0,100.0,event
10:33:47.883,0.0,0.0,0.0,0.0,0.0,0.0,0.0,0.0,0.0,0.0,0.0,0.0,0.0,0.0,0.0,0.0,0.0,0.0,0.0,0.0,781.685,775.64105,794.9817,888.46155,887.6557,-0.4119873046875,0.156982421875,0.8892822265625,1.996307373046875,-4.17205810546875,1.353302001953125,0.0,4.0,4.0,4.0,4.0,100.0,event
10:33:47.884,0.0,0.0,0.0,0.0,0.0,0.0,0.0,0.0,0.0,0.0,0.0,0.0,0.0,0.0,0.0,0.0,0.0,0.0,0.0,0.0,747.8388,775.64105,788.5348,915.05493,1025.8608,-0.4119873046875,0.156982421875,0.8892822265625,1.996307373046875,-4.17205810546875,1.353302001953125,0.0,4.0,4.0,4.0,4.0,100.0,event
10:33:47.884,0.0,0.0,0.0,0.0,0.0,0.0,0.0,0.0,0.0,0.0,0.0,0.0,0.0,0.0,0.0,0.0,0.0,0.0,0.0,0.0,775.2381,776.04395,798.60803,935.2015,818.3516,-0.4119873046875,0.156982421875,0.8892822265625,1.996307373046875,-4.17205810546875,1.353302001953125,0.0,4.0,4.0,4.0,4.0,100.0,event
10:33:47.920,0.0,0.0,0.0,0.0,0.0,0.0,0.0,0.0,0.0,0.0,0.0,0.0,0.0,0.0,0.0,0.0,0.0,0.0,0.0,0.0,795.38464,772.4176,806.26373,904.9817,719.6337,-0.40972900390625,0.15728759765625,0.89031982421875,2.2430419921875,-3.87298583984375,0.64300537109375,0.0,4.0,4.0,4.0,4.0,100.0,event
10:33:47.921,0.0,0.0,0.0,0.0,0.0,0.0,0.0,0.0,0.0,0.0,0.0,0.0,0.0,0.0,0.0,0.0,0.0,0.0,0.0,0.0,793.7729,774.83514,799.41394,885.64105,823.5897,-0.40972900390625,0.15728759765625,0.89031982421875,2.2430419921875,-3.87298583984375,0.64300537109375,0.0,4.0,4.0,4.0,4.0,100.0,event
10:33:47.921,0.0,0.0,0.0,0.0,0.0,0.0,0.0,0.0,0.0,0.0,0.0,0.0,0.0,0.0,0.0,0.0,0.0,0.0,0.0,0.0,749.0476,774.43225,801.02563,870.7326,782.8938,-0.40972900390625,0.15728759765625,0.89031982421875,2.2430419921875,-3.87298583984375,0.64300537109375,0.0,4.0,4.0,4.0,4.0,100.0,event
10:33:47.922,0.0,0.0,0.0,0.0,0.0,0.0,0.0,0.0,0.0,0.0,0.0,0.0,0.0,0.0,0.0,0.0,0.0,0.0,0.0,0.0,713.9927,771.2088,802.6374,864.2857,704.3223,-0.40972900390625,0.15728759765625,0.89031982421875,2.2430419921875,-3.87298583984375,0.64300537109375,0.0,4.0,4.0,4.0,4.0,100.0,event
10:33:47.926,0.0,0.0,0.0,0.0,0.0,0.0,0.0,0.0,0.0,0.0,0.0,0.0,0.0,0.0,0.0,0.0,0.0,0.0,0.0,0.0,728.49817,776.8498,797.8022,869.92676,718.4249,-0.40972900390625,0.15728759765625,0.89031982421875,2.2430419921875,-3.87298583984375,0.64300537109375,0.0,4.0,4.0,4.0,4.0,100.0,event
10:33:47.927,0.0,0.0,0.0,0.0,0.0,0.0,0.0,0.0,0.0,0.0,0.0,0.0,0.0,0.0,0.0,0.0,0.0,0.0,0.0,0.0,772.8205,771.2088,799.011,911.4286,872.3443,-0.40972900390625,0.15728759765625,0.89031982421875,2.2430419921875,-3.87298583984375,0.64300537109375,0.0,4.0,4.0,4.0,4.0,100.0,event
10:33:47.927,0.0,0.0,0.0,0.0,0.0,0.0,0.0,0.0,0.0,0.0,0.0,0.0,0.0,0.0,0.0,0.0,0.0,0.0,0.0,0.0,760.32965,777.6557,800.6227,894.90845,825.6044,-0.40972900390625,0.15728759765625,0.89031982421875,2.2430419921875,-3.87298583984375,0.64300537109375,0.0,4.0,4.0,4.0,4.0,100.0,event
10:33:47.928,0.0,0.0,0.0,0.0,0.0,0.0,0.0,0.0,0.0,0.0,0.0,0.0,0.0,0.0,0.0,0.0,0.0,0.0,0.0,0.0,726.4835,770.80585,796.99634,909.81683,770.80585,-0.40972900390625,0.15728759765625,0.89031982421875,2.2430419921875,-3.87298583984375,0.64300537109375,0.0,4.0,4.0,4.0,4.0,100.0,event
10:33:47.929,0.0,0.0,0.0,0.0,0.0,0.0,0.0,0.0,0.0,0.0,0.0,0.0,0.0,0.0,0.0,0.0,0.0,0.0,0.0,0.0,670.07324,768.3883,797.8022,906.99634,647.9121,-0.40972900390625,0.15728759765625,0.89031982421875,2.2430419921875,-3.87298583984375,0.64300537109375,0.0,4.0,4.0,4.0,4.0,100.0,event
10:33:47.929,0.0,0.0,0.0,0.0,0.0,0.0,0.0,0.0,0.0,0.0,0.0,0.0,0.0,0.0,0.0,0.0,0.0,0.0,0.0,0.0,669.2674,769.59705,795.78754,905.38464,921.9048,-0.40972900390625,0.15728759765625,0.89031982421875,2.2430419921875,-3.87298583984375,0.64300537109375,0.0,4.0,4.0,4.0,4.0,100.0,event
10:33:47.930,0.0,0.0,0.0,0.0,0.0,0.0,0.0,0.0,0.0,0.0,0.0,0.0,0.0,0.0,0.0,0.0,0.0,0.0,0.0,0.0,706.7399,772.8205,788.1319,883.6264,985.56775,-0.40972900390625,0.15728759765625,0.89031982421875,2.2430419921875,-3.87298583984375,0.64300537109375,0.0,4.0,4.0,4.0,4.0,100.0,event
10:33:47.931,0.0,0.0,0.0,0.0,0.0,0.0,0.0,0.0,0.0,0.0,0.0,0.0,0.0,0.0,0.0,0.0,0.0,0.0,0.0,0.0,708.7546,770.0,785.7143,846.1539,756.30035,-0.40972900390625,0.15728759765625,0.89031982421875,2.2430419921875,-3.87298583984375,0.64300537109375,0.0,4.0,4.0,4.0,4.0,100.0,event
10:33:47.970,0.0,0.0,0.0,0.0,0.0,0.0,0.0,0.0,0.0,0.0,0.0,0.0,0.0,0.0,0.0,0.0,0.0,0.0,0.0,0.0,654.7619,769.59705,790.14655,801.02563,801.4286,-0.40704345703125,0.15594482421875,0.89471435546875,2.190704345703125,-4.59075927734375,-0.04486083984375,0.0,4.0,4.0,4.0,4.0,100.0,event
10:33:47.971,0.0,0.0,0.0,0.0,0.0,0.0,0.0,0.0,0.0,0.0,0.0,0.0,0.0,0.0,0.0,0.0,0.0,0.0,0.0,0.0,589.89014,769.19415,790.14655,753.47986,904.57874,-0.40704345703125,0.15594482421875,0.89471435546875,2.190704345703125,-4.59075927734375,-0.04486083984375,0.0,4.0,4.0,4.0,4.0,100.0,event
10:33:47.972,0.0,0.0,0.0,0.0,0.0,0.0,0.0,0.0,0.0,0.0,0.0,0.0,0.0,0.0,0.0,0.0,0.0,0.0,0.0,0.0,570.14655,769.59705,786.1172,720.0366,746.2271,-0.40704345703125,0.15594482421875,0.89471435546875,2.190704345703125,-4.59075927734375,-0.04486083984375,0.0,4.0,4.0,4.0,4.0,100.0,event
10:33:47.973,0.0,0.0,0.0,0.0,0.0,0.0,0.0,0.0,0.0,0.0,0.0,0.0,0.0,0.0,0.0,0.0,0.0,0.0,0.0,0.0,610.4396,769.59705,782.8938,726.08057,675.31134,-0.40704345703125,0.15594482421875,0.89471435546875,2.190704345703125,-4.59075927734375,-0.04486083984375,0.0,4.0,4.0,4.0,4.0,100.0,event
10:33:47.973,0.0,0.0,0.0,0.0,0.0,0.0,0.0,0.0,0.0,0.0,0.0,0.0,0.0,0.0,0.0,0.0,0.0,0.0,0.0,0.0,641.4652,770.40295,784.10254,723.663,779.2674,-0.40704345703125,0.15594482421875,0.89471435546875,2.190704345703125,-4.59075927734375,-0.04486083984375,0.0,4.0,4.0,4.0,4.0,100.0,event
10:33:47.974,0.0,0.0,0.0,0.0,0.0,0.0,0.0,0.0,0.0,0.0,0.0,0.0,0.0,0.0,0.0,0.0,0.0,0.0,0.0,0.0,611.2454,771.6117,787.72894,701.50183,824.7985,-0.40704345703125,0.15594482421875,0.89471435546875,2.190704345703125,-4.59075927734375,-0.04486083984375,0.0,4.0,4.0,4.0,4.0,100.0,event
10:33:47.975,0.0,0.0,0.0,0.0,0.0,0.0,0.0,0.0,0.0,0.0,0.0,0.0,0.0,0.0,0.0,0.0,0.0,0.0,0.0,0.0,571.75824,771.6117,790.9524,664.0293,890.07324,-0.40704345703125,0.15594482421875,0.89471435546875,2.190704345703125,-4.59075927734375,-0.04486083984375,0.0,4.0,4.0,4.0,4.0,100.0,event
10:33:47.976,0.0,0.0,0.0,0.0,0.0,0.0,0.0,0.0,0.0,0.0,0.0,0.0,0.0,0.0,0.0,0.0,0.0,0.0,0.0,0.0,584.2491,771.6117,800.2198,651.13556,878.3883,-0.40704345703125,0.15594482421875,0.89471435546875,2.190704345703125,-4.59075927734375,-0.04486083984375,0.0,4.0,4.0,4.0,4.0,100.0,event
10:33:47.977,0.0,0.0,0.0,0.0,0.0,0.0,0.0,0.0,0.0,0.0,0.0,0.0,0.0,0.0,0.0,0.0,0.0,0.0,0.0,0.0,624.94507,771.2088,813.5165,683.7729,822.381,-0.40704345703125,0.15594482421875,0.89471435546875,2.190704345703125,-4.59075927734375,-0.04486083984375,0.0,4.0,4.0,4.0,4.0,100.0,event
10:33:47.978,0.0,0.0,0.0,0.0,0.0,0.0,0.0,0.0,0.0,0.0,0.0,0.0,0.0,0.0,0.0,0.0,0.0,0.0,0.0,0.0,660.0,770.80585,808.2784,702.71063,1082.674,-0.40704345703125,0.15594482421875,0.89471435546875,2.190704345703125,-4.59075927734375,-0.04486083984375,0.0,4.0,4.0,4.0,4.0,100.0,event
10:33:47.979,0.0,0.0,0.0,0.0,0.0,0.0,0.0,0.0,0.0,0.0,0.0,0.0,0.0,0.0,0.0,0.0,0.0,0.0,0.0,0.0,669.67035,771.2088,797.8022,678.93774,891.28204,-0.40704345703125,0.15594482421875,0.89471435546875,2.190704345703125,-4.59075927734375,-0.04486083984375,0.0,4.0,4.0,4.0,4.0,100.0,event
10:33:47.980,0.0,0.0,0.0,0.0,0.0,0.0,0.0,0.0,0.0,0.0,0.0,0.0,0.0,0.0,0.0,0.0,0.0,0.0,0.0,0.0,650.32965,772.8205,792.96704,654.7619,618.49817,-0.40704345703125,0.15594482421875,0.89471435546875,2.190704345703125,-4.59075927734375,-0.04486083984375,0.0,4.0,4.0,4.0,4.0,100.0,event
10:33:48.018,0.0,0.0,0.0,0.0,0.0,0.0,0.0,0.0,0.0,0.0,0.0,0.0,0.0,0.0,0.0,0.0,0.0,0.0,0.0,0.0,660.80585,772.4176,789.7436,689.81683,709.15753,-0.40704345703125,0.15594482421875,0.89471435546875,2.190704345703125,-4.59075927734375,-0.04486083984375,0.0,4.0,4.0,4.0,4.0,100.0,event
10:33:48.019,0.0,0.0,0.0,0.0,0.0,0.0,0.0,0.0,0.0,0.0,0.0,0.0,0.0,0.0,0.0,0.0,0.0,0.0,0.0,0.0,723.663,772.4176,794.17584,753.0769,731.31866,-0.40704345703125,0.15594482421875,0.89471435546875,2.190704345703125,-4.59075927734375,-0.04486083984375,0.0,4.0,4.0,4.0,4.0,100.0,event
10:33:48.019,0.0,0.0,0.0,0.0,0.0,0.0,0.0,0.0,0.0,0.0,0.0,0.0,0.0,0.0,0.0,0.0,0.0,0.0,0.0,0.0,791.75824,775.64105,793.36993,791.75824,756.7033,-0.40704345703125,0.15594482421875,0.89471435546875,2.190704345703125,-4.59075927734375,-0.04486083984375,0.0,4.0,4.0,4.0,4.0,100.0,event
10:33:48.020,0.0,0.0,0.0,0.0,0.0,0.0,0.0,0.0,0.0,0.0,0.0,0.0,0.0,0.0,0.0,0.0,0.0,0.0,0.0,0.0,791.75824,774.83514,784.90845,807.8755,774.0293,-0.40704345703125,0.15594482421875,0.89471435546875,2.190704345703125,-4.59075927734375,-0.04486083984375,0.0,4.0,4.0,4.0,4.0,100.0,event
10:33:48.020,0.0,0.0,0.0,0.0,0.0,0.0,0.0,0.0,0.0,0.0,0.0,0.0,0.0,0.0,0.0,0.0,0.0,0.0,0.0,0.0,747.03296,773.22345,789.34064,838.0952,886.8498,-0.40704345703125,0.15594482421875,0.89471435546875,2.190704345703125,-4.59075927734375,-0.04486083984375,0.0,4.0,4.0,4.0,4.0,100.0,event
10:33:48.021,0.0,0.0,0.0,0.0,0.0,0.0,0.0,0.0,0.0,0.0,0.0,0.0,0.0,0.0,0.0,0.0,0.0,0.0,0.0,0.0,741.39197,771.6117,792.5641,847.76556,859.85345,-0.40704345703125,0.15594482421875,0.89471435546875,2.190704345703125,-4.59075927734375,-0.04486083984375,0.0,4.0,4.0,4.0,4.0,100.0,event
10:33:48.024,0.0,0.0,0.0,0.0,0.0,0.0,0.0,0.0,0.0,0.0,0.0,0.0,0.0,0.0,0.0,0.0,0.0,0.0,0.0,0.0,853.00366,773.6264,786.1172,897.72894,792.5641,-0.40704345703125,0.15594482421875,0.89471435546875,2.190704345703125,-4.59075927734375,-0.04486083984375,0.0,4.0,4.0,4.0,4.0,100.0,event
10:33:48.024,0.0,0.0,0.0,0.0,0.0,0.0,0.0,0.0,0.0,0.0,0.0,0.0,0.0,0.0,0.0,0.0,0.0,0.0,0.0,0.0,795.78754,772.01465,789.34064,864.68866,761.13556,-0.40704345703125,0.15594482421875,0.89471435546875,2.190704345703125,-4.59075927734375,-0.04486083984375,0.0,4.0,4.0,4.0,4.0,100.0,event
10:33:48.025,0.0,0.0,0.0,0.0,0.0,0.0,0.0,0.0,0.0,0.0,0.0,0.0,0.0,0.0,0.0,0.0,0.0,0.0,0.0,0.0,852.1978,774.0293,787.326,887.25275,942.4542,-0.40704345703125,0.15594482421875,0.89471435546875,2.190704345703125,-4.59075927734375,-0.04486083984375,0.0,4.0,4.0,4.0,4.0,100.0,event
10:33:48.025,0.0,0.0,0.0,0.0,0.0,0.0,0.0,0.0,0.0,0.0,0.0,0.0,0.0,0.0,0.0,0.0,0.0,0.0,0.0,0.0,808.2784,777.25275,790.9524,850.18317,912.23444,-0.40704345703125,0.15594482421875,0.89471435546875,2.190704345703125,-4.59075927734375,-0.04486083984375,0.0,4.0,4.0,4.0,4.0,100.0,event
10:33:48.026,0.0,0.0,0.0,0.0,0.0,0.0,0.0,0.0,0.0,0.0,0.0,0.0,0.0,0.0,0.0,0.0,0.0,0.0,0.0,0.0,794.17584,778.0586,792.1612,838.0952,646.7033,-0.40704345703125,0.15594482421875,0.89471435546875,2.190704345703125,-4.59075927734375,-0.04486083984375,0.0,4.0,4.0,4.0,4.0,100.0,event
10:33:48.026,0.0,0.0,0.0,0.0,0.0,0.0,0.0,0.0,0.0,0.0,0.0,0.0,0.0,0.0,0.0,0.0,0.0,0.0,0.0,0.0,834.0659,773.22345,790.54944,834.87177,620.9158,-0.40704345703125,0.15594482421875,0.89471435546875,2.190704345703125,-4.59075927734375,-0.04486083984375,0.0,4.0,4.0,4.0,4.0,100.0,event
10:33:48.050,0.0,0.0,0.0,0.0,0.0,0.0,0.0,0.0,0.0,0.0,0.0,0.0,0.0,0.0,0.0,0.0,0.0,0.0,0.0,0.0,882.8205,774.43225,792.5641,845.7509,708.7546,-0.4024658203125,0.15606689453125,0.8883056640625,1.906585693359375,-4.029998779296875,-0.844879150390625,0.0,4.0,4.0,4.0,4.0,100.0,event
10:33:48.051,0.0,0.0,0.0,0.0,0.0,0.0,0.0,0.0,0.0,0.0,0.0,0.0,0.0,0.0,0.0,0.0,0.0,0.0,0.0,0.0,896.9231,778.0586,792.1612,853.4066,695.8608,-0.4024658203125,0.15606689453125,0.8883056640625,1.906585693359375,-4.029998779296875,-0.844879150390625,0.0,4.0,4.0,4.0,4.0,100.0,event
10:33:48.051,0.0,0.0,0.0,0.0,0.0,0.0,0.0,0.0,0.0,0.0,0.0,0.0,0.0,0.0,0.0,0.0,0.0,0.0,0.0,0.0,850.18317,776.04395,790.54944,821.978,693.0403,-0.4024658203125,0.15606689453125,0.8883056640625,1.906585693359375,-4.029998779296875,-0.844879150390625,0.0,4.0,4.0,4.0,4.0,100.0,event
10:33:48.051,0.0,0.0,0.0,0.0,0.0,0.0,0.0,0.0,0.0,0.0,0.0,0.0,0.0,0.0,0.0,0.0,0.0,0.0,0.0,0.0,808.68134,773.6264,787.326,813.91943,707.1429,-0.4024658203125,0.15606689453125,0.8883056640625,1.906585693359375,-4.029998779296875,-0.844879150390625,0.0,4.0,4.0,4.0,4.0,100.0,event
10:33:48.051,0.0,0.0,0.0,0.0,0.0,0.0,0.0,0.0,0.0,0.0,0.0,0.0,0.0,0.0,0.0,0.0,0.0,0.0,0.0,0.0,830.4396,774.43225,786.1172,838.0952,754.2857,-0.4024658203125,0.15606689453125,0.8883056640625,1.906585693359375,-4.029998779296875,-0.844879150390625,0.0,4.0,4.0,4.0,4.0,100.0,event
10:33:48.052,0.0,0.0,0.0,0.0,0.0,0.0,0.0,0.0,0.0,0.0,0.0,0.0,0.0,0.0,0.0,0.0,0.0,0.0,0.0,0.0,835.6777,775.2381,788.93774,802.23444,903.36993,-0.4024658203125,0.15606689453125,0.8883056640625,1.906585693359375,-4.029998779296875,-0.844879150390625,0.0,4.0,4.0,4.0,4.0,100.0,event
10:33:48.052,0.0,0.0,0.0,0.0,0.0,0.0,0.0,0.0,0.0,0.0,0.0,0.0,0.0,0.0,0.0,0.0,0.0,0.0,0.0,0.0,792.1612,780.07324,787.72894,813.91943,1010.9524,-0.4024658203125,0.15606689453125,0.8883056640625,1.906585693359375,-4.029998779296875,-0.844879150390625,0.0,4.0,4.0,4.0,4.0,100.0,event
10:33:48.052,0.0,0.0,0.0,0.0,0.0,0.0,0.0,0.0,0.0,0.0,0.0,0.0,0.0,0.0,0.0,0.0,0.0,0.0,0.0,0.0,879.59705,774.0293,787.72894,855.0183,830.0366,-0.4024658203125,0.15606689453125,0.8883056640625,1.906585693359375,-4.029998779296875,-0.844879150390625,0.0,4.0,4.0,4.0,4.0,100.0,event
10:33:48.052,0.0,0.0,0.0,0.0,0.0,0.0,0.0,0.0,0.0,0.0,0.0,0.0,0.0,0.0,0.0,0.0,0.0,0.0,0.0,0.0,894.5055,774.0293,789.34064,842.52747,892.49084,-0.4024658203125,0.15606689453125,0.8883056640625,1.906585693359375,-4.029998779296875,-0.844879150390625,0.0,4.0,4.0,4.0,4.0,100.0,event
10:33:48.053,0.0,0.0,0.0,0.0,0.0,0.0,0.0,0.0,0.0,0.0,0.0,0.0,0.0,0.0,0.0,0.0,0.0,0.0,0.0,0.0,816.7399,780.07324,785.31134,851.79486,885.64105,-0.4024658203125,0.15606689453125,0.8883056640625,1.906585693359375,-4.029998779296875,-0.844879150390625,0.0,4.0,4.0,4.0,4.0,100.0,event
10:33:48.053,0.0,0.0,0.0,0.0,0.0,0.0,0.0,0.0,0.0,0.0,0.0,0.0,0.0,0.0,0.0,0.0,0.0,0.0,0.0,0.0,861.8681,776.8498,782.49084,867.9121,693.0403,-0.4024658203125,0.15606689453125,0.8883056640625,1.906585693359375,-4.029998779296875,-0.844879150390625,0.0,4.0,4.0,4.0,4.0,100.0,event
10:33:48.053,0.0,0.0,0.0,0.0,0.0,0.0,0.0,0.0,0.0,0.0,0.0,0.0,0.0,0.0,0.0,0.0,0.0,0.0,0.0,0.0,884.83514,780.07324,783.69965,880.80585,796.1905,-0.4024658203125,0.15606689453125,0.8883056640625,1.906585693359375,-4.029998779296875,-0.844879150390625,0.0,4.0,4.0,4.0,4.0,100.0,event
10:33:48.119,0.0,0.0,0.0,0.0,0.0,0.0,0.0,0.0,0.0,0.0,0.0,0.0,0.0,0.0,0.0,0.0,0.0,0.0,0.0,0.0,843.73627,780.87915,789.7436,871.13556,780.07324,-0.405517578125,0.15045166015625,0.892822265625,1.79443359375,-2.99072265625,-1.114044189453125,0.0,4.0,4.0,4.0,4.0,100.0,event
10:33:48.120,0.0,0.0,0.0,0.0,0.0,0.0,0.0,0.0,0.0,0.0,0.0,0.0,0.0,0.0,0.0,0.0,0.0,0.0,0.0,0.0,795.38464,775.2381,790.54944,849.7802,659.59705,-0.405517578125,0.15045166015625,0.892822265625,1.79443359375,-2.99072265625,-1.114044189453125,0.0,4.0,4.0,4.0,4.0,100.0,event
10:33:48.121,0.0,0.0,0.0,0.0,0.0,0.0,0.0,0.0,0.0,0.0,0.0,0.0,0.0,0.0,0.0,0.0,0.0,0.0,0.0,0.0,807.0696,775.2381,789.34064,820.7692,674.90845,-0.405517578125,0.15045166015625,0.892822265625,1.79443359375,-2.99072265625,-1.114044189453125,0.0,4.0,4.0,4.0,4.0,100.0,event
10:33:48.121,0.0,0.0,0.0,0.0,0.0,0.0,0.0,0.0,0.0,0.0,0.0,0.0,0.0,0.0,0.0,0.0,0.0,0.0,0.0,0.0,850.989,774.83514,790.9524,820.3663,780.4762,-0.405517578125,0.15045166015625,0.892822265625,1.79443359375,-2.99072265625,-1.114044189453125,0.0,4.0,4.0,4.0,4.0,100.0,event
10:33:48.122,0.0,0.0,0.0,0.0,0.0,0.0,0.0,0.0,0.0,0.0,0.0,0.0,0.0,0.0,0.0,0.0,0.0,0.0,0.0,0.0,874.35895,776.04395,797.8022,831.6484,811.9048,-0.405517578125,0.15045166015625,0.892822265625,1.79443359375,-2.99072265625,-1.114044189453125,0.0,4.0,4.0,4.0,4.0,100.0,event
10:33:48.122,0.0,0.0,0.0,0.0,0.0,0.0,0.0,0.0,0.0,0.0,0.0,0.0,0.0,0.0,0.0,0.0,0.0,0.0,0.0,0.0,823.5897,780.07324,796.1905,788.93774,825.6044,-0.405517578125,0.15045166015625,0.892822265625,1.79443359375,-2.99072265625,-1.114044189453125,0.0,4.0,4.0,4.0,4.0,100.0,event
10:33:48.123,0.0,0.0,0.0,0.0,0.0,0.0,0.0,0.0,0.0,0.0,0.0,0.0,0.0,0.0,0.0,0.0,0.0,0.0,0.0,0.0,765.16486,781.28204,786.9231,749.45056,836.08057,-0.405517578125,0.15045166015625,0.892822265625,1.79443359375,-2.99072265625,-1.114044189453125,0.0,4.0,4.0,4.0,4.0,100.0,event
10:33:48.124,0.0,0.0,0.0,0.0,0.0,0.0,0.0,0.0,0.0,0.0,0.0,0.0,0.0,0.0,0.0,0.0,0.0,0.0,0.0,0.0,762.74725,776.8498,792.5641,771.6117,958.5714,-0.405517578125,0.15045166015625,0.892822265625,1.79443359375,-2.99072265625,-1.114044189453125,0.0,4.0,4.0,4.0,4.0,100.0,event
10:33:48.127,0.0,0.0,0.0,0.0,0.0,0.0,0.0,0.0,0.0,0.0,0.0,0.0,0.0,0.0,0.0,0.0,0.0,0.0,0.0,0.0,794.9817,771.6117,796.1905,809.0842,971.4652,-0.405517578125,0.15045166015625,0.892822265625,1.79443359375,-2.99072265625,-1.114044189453125,0.0,4.0,4.0,4.0,4.0,100.0,event
10:33:48.128,0.0,0.0,0.0,0.0,0.0,0.0,0.0,0.0,0.0,0.0,0.0,0.0,0.0,0.0,0.0,0.0,0.0,0.0,0.0,0.0,823.9927,773.6264,802.23444,823.9927,798.20514,-0.405517578125,0.15045166015625,0.892822265625,1.79443359375,-2.99072265625,-1.114044189453125,0.0,4.0,4.0,4.0,4.0,100.0,event
10:33:48.128,0.0,0.0,0.0,0.0,0.0,0.0,0.0,0.0,0.0,0.0,0.0,0.0,0.0,0.0,0.0,0.0,0.0,0.0,0.0,0.0,794.17584,778.86444,805.4579,796.5934,833.663,-0.405517578125,0.15045166015625,0.892822265625,1.79443359375,-2.99072265625,-1.114044189453125,0.0,4.0,4.0,4.0,4.0,100.0,event
10:33:48.129,0.0,0.0,0.0,0.0,0.0,0.0,0.0,0.0,0.0,0.0,0.0,0.0,0.0,0.0,0.0,0.0,0.0,0.0,0.0,0.0,737.3626,783.69965,799.011,756.7033,902.5641,-0.405517578125,0.15045166015625,0.892822265625,1.79443359375,-2.99072265625,-1.114044189453125,0.0,4.0,4.0,4.0,4.0,100.0,event
10:33:48.170,0.0,0.0,0.0,0.0,0.0,0.0,0.0,0.0,0.0,0.0,0.0,0.0,0.0,0.0,0.0,0.0,0.0,0.0,0.0,0.0,744.61536,783.69965,791.75824,757.1062,717.619,-0.40167236328125,0.15155029296875,0.888916015625,1.742095947265625,-2.998199462890625,0.022430419921875,0.0,4.0,4.0,4.0,4.0,100.0,event
10:33:48.171,0.0,0.0,0.0,0.0,0.0,0.0,0.0,0.0,0.0,0.0,0.0,0.0,0.0,0.0,0.0,0.0,0.0,0.0,0.0,0.0,795.78754,780.07324,789.7436,752.27106,646.7033,-0.40167236328125,0.15155029296875,0.888916015625,1.742095947265625,-2.998199462890625,0.022430419921875,0.0,4.0,4.0,4.0,4.0,100.0,event
10:33:48.171,0.0,0.0,0.0,0.0,0.0,0.0,0.0,0.0,0.0,0.0,0.0,0.0,0.0,0.0,0.0,0.0,0.0,0.0,0.0,0.0,844.5421,779.2674,791.75824,770.0,768.7912,-0.40167236328125,0.15155029296875,0.888916015625,1.742095947265625,-2.998199462890625,0.022430419921875,0.0,4.0,4.0,4.0,4.0,100.0,event
10:33:48.172,0.0,0.0,0.0,0.0,0.0,0.0,0.0,0.0,0.0,0.0,0.0,0.0,0.0,0.0,0.0,0.0,0.0,0.0,0.0,0.0,828.022,779.2674,787.326,793.36993,846.55676,-0.40167236328125,0.15155029296875,0.888916015625,1.742095947265625,-2.998199462890625,0.022430419921875,0.0,4.0,4.0,4.0,4.0,100.0,event
10:33:48.173,0.0,0.0,0.0,0.0,0.0,0.0,0.0,0.0,0.0,0.0,0.0,0.0,0.0,0.0,0.0,0.0,0.0,0.0,0.0,0.0,771.2088,775.2381,796.99634,795.38464,738.97437,-0.40167236328125,0.15155029296875,0.888916015625,1.742095947265625,-2.998199462890625,0.022430419921875,0.0,4.0,4.0,4.0,4.0,100.0,event
10:33:48.173,0.0,0.0,0.0,0.0,0.0,0.0,0.0,0.0,0.0,0.0,0.0,0.0,0.0,0.0,0.0,0.0,0.0,0.0,0.0,0.0,764.35895,773.6264,803.8461,832.8571,776.4469,-0.40167236328125,0.15155029296875,0.888916015625,1.742095947265625,-2.998199462890625,0.022430419921875,0.0,4.0,4.0,4.0,4.0,100.0,event
10:33:48.174,0.0,0.0,0.0,0.0,0.0,0.0,0.0,0.0,0.0,0.0,0.0,0.0,0.0,0.0,0.0,0.0,0.0,0.0,0.0,0.0,817.1429,776.8498,781.685,859.85345,928.7546,-0.40167236328125,0.15155029296875,0.888916015625,1.742095947265625,-2.998199462890625,0.022430419921875,0.0,4.0,4.0,4.0,4.0,100.0,event
10:33:48.175,0.0,0.0,0.0,0.0,0.0,0.0,0.0,0.0,0.0,0.0,0.0,0.0,0.0,0.0,0.0,0.0,0.0,0.0,0.0,0.0,871.13556,775.2381,774.83514,851.79486,877.98535,-0.40167236328125,0.15155029296875,0.888916015625,1.742095947265625,-2.998199462890625,0.022430419921875,0.0,4.0,4.0,4.0,4.0,100.0,event
10:33:48.175,0.0,0.0,0.0,0.0,0.0,0.0,0.0,0.0,0.0,0.0,0.0,0.0,0.0,0.0,0.0,0.0,0.0,0.0,0.0,0.0,860.2564,776.04395,792.1612,832.4542,792.96704,-0.40167236328125,0.15155029296875,0.888916015625,1.742095947265625,-2.998199462890625,0.022430419921875,0.0,4.0,4.0,4.0,4.0,100.0,event
10:33:48.176,0.0,0.0,0.0,0.0,0.0,0.0,0.0,0.0,0.0,0.0,0.0,0.0,0.0,0.0,0.0,0.0,0.0,0.0,0.0,0.0,816.7399,778.86444,800.2198,796.99634,714.7985,-0.40167236328125,0.15155029296875,0.888916015625,1.742095947265625,-2.998199462890625,0.022430419921875,0.0,4.0,4.0,4.0,4.0,100.0,event
10:33:48.177,0.0,0.0,0.0,0.0,0.0,0.0,0.0,0.0,0.0,0.0,0.0,0.0,0.0,0.0,0.0,0.0,0.0,0.0,0.0,0.0,840.10986,773.6264,788.1319,813.91943,1087.1062,-0.40167236328125,0.15155029296875,0.888916015625,1.742095947265625,-2.998199462890625,0.022430419921875,0.0,4.0,4.0,4.0,4.0,100.0,event
10:33:48.177,0.0,0.0,0.0,0.0,0.0,0.0,0.0,0.0,0.0,0.0,0.0,0.0,0.0,0.0,0.0,0.0,0.0,0.0,0.0,0.0,799.81683,772.4176,799.81683,791.3553,834.87177,-0.40167236328125,0.15155029296875,0.888916015625,1.742095947265625,-2.998199462890625,0.022430419921875,0.0,4.0,4.0,4.0,4.0,100.0,event
10:33:48.221,0.0,0.0,0.0,0.0,0.0,0.0,0.0,0.0,0.0,0.0,0.0,0.0,0.0,0.0,0.0,0.0,0.0,0.0,0.0,0.0,911.02563,778.86444,766.3736,837.28937,908.60803,-0.40130615234375,0.14849853515625,0.884765625,1.786956787109375,-3.237457275390625,0.16448974609375,0.0,4.0,4.0,4.0,4.0,100.0,event
10:33:48.222,0.0,0.0,0.0,0.0,0.0,0.0,0.0,0.0,0.0,0.0,0.0,0.0,0.0,0.0,0.0,0.0,0.0,0.0,0.0,0.0,915.05493,775.2381,770.0,868.71796,801.4286,-0.40130615234375,0.14849853515625,0.884765625,1.786956787109375,-3.237457275390625,0.16448974609375,0.0,4.0,4.0,4.0,4.0,100.0,event
10:33:48.223,0.0,0.0,0.0,0.0,0.0,0.0,0.0,0.0,0.0,0.0,0.0,0.0,0.0,0.0,0.0,0.0,0.0,0.0,0.0,0.0,857.03296,772.01465,794.9817,863.47986,894.5055,-0.40130615234375,0.14849853515625,0.884765625,1.786956787109375,-3.237457275390625,0.16448974609375,0.0,4.0,4.0,4.0,4.0,100.0,event
10:33:48.223,0.0,0.0,0.0,0.0,0.0,0.0,0.0,0.0,0.0,0.0,0.0,0.0,0.0,0.0,0.0,0.0,0.0,0.0,0.0,0.0,834.0659,780.07324,793.36993,905.38464,791.75824,-0.40130615234375,0.14849853515625,0.884765625,1.786956787109375,-3.237457275390625,0.16448974609375,0.0,4.0,4.0,4.0,4.0,100.0,event
10:33:48.224,0.0,0.0,0.0,0.0,0.0,0.0,0.0,0.0,0.0,0.0,0.0,0.0,0.0,0.0,0.0,0.0,0.0,0.0,0.0,0.0,867.50916,782.8938,778.46155,947.28937,637.8388,-0.40130615234375,0.14849853515625,0.884765625,1.786956787109375,-3.237457275390625,0.16448974609375,0.0,4.0,4.0,4.0,4.0,100.0,event
10:33:48.225,0.0,0.0,0.0,0.0,0.0,0.0,0.0,0.0,0.0,0.0,0.0,0.0,0.0,0.0,0.0,0.0,0.0,0.0,0.0,0.0,894.90845,772.8205,794.57874,848.1685,693.8461,-0.40130615234375,0.14849853515625,0.884765625,1.786956787109375,-3.237457275390625,0.16448974609375,0.0,4.0,4.0,4.0,4.0,100.0,event
10:33:48.225,0.0,0.0,0.0,0.0,0.0,0.0,0.0,0.0,0.0,0.0,0.0,0.0,0.0,0.0,0.0,0.0,0.0,0.0,0.0,0.0,880.80585,772.4176,813.5165,752.674,938.022,-0.40130615234375,0.14849853515625,0.884765625,1.786956787109375,-3.237457275390625,0.16448974609375,0.0,4.0,4.0,4.0,4.0,100.0,event
10:33:48.226,0.0,0.0,0.0,0.0,0.0,0.0,0.0,0.0,0.0,0.0,0.0,0.0,0.0,0.0,0.0,0.0,0.0,0.0,0.0,0.0,840.9158,776.8498,809.4872,635.82416,925.5311,-0.40130615234375,0.14849853515625,0.884765625,1.786956787109375,-3.237457275390625,0.16448974609375,0.0,4.0,4.0,4.0,4.0,100.0,event
10:33:48.227,0.0,0.0,0.0,0.0,0.0,0.0,0.0,0.0,0.0,0.0,0.0,0.0,0.0,0.0,0.0,0.0,0.0,0.0,0.0,0.0,823.5897,779.2674,798.60803,477.0696,647.1062,-0.40130615234375,0.14849853515625,0.884765625,1.786956787109375,-3.237457275390625,0.16448974609375,0.0,4.0,4.0,4.0,4.0,100.0,event
10:33:48.227,0.0,0.0,0.0,0.0,0.0,0.0,0.0,0.0,0.0,0.0,0.0,0.0,0.0,0.0,0.0,0.0,0.0,0.0,0.0,0.0,838.49817,783.69965,779.2674,359.81686,670.87915,-0.40130615234375,0.14849853515625,0.884765625,1.786956787109375,-3.237457275390625,0.16448974609375,0.0,4.0,4.0,4.0,4.0,100.0,event
10:33:48.231,0.0,0.0,0.0,0.0,0.0,0.0,0.0,0.0,0.0,0.0,0.0,0.0,0.0,0.0,0.0,0.0,0.0,0.0,0.0,0.0,881.2088,782.0879,761.53845,357.39926,804.2491,-0.40130615234375,0.14849853515625,0.884765625,1.786956787109375,-3.237457275390625,0.16448974609375,0.0,4.0,4.0,4.0,4.0,100.0,event
10:33:48.232,0.0,0.0,0.0,0.0,0.0,0.0,0.0,0.0,0.0,0.0,0.0,0.0,0.0,0.0,0.0,0.0,0.0,0.0,0.0,0.0,895.7143,781.28204,779.2674,392.45422,768.7912,-0.40130615234375,0.14849853515625,0.884765625,1.786956787109375,-3.237457275390625,0.16448974609375,0.0,4.0,4.0,4.0,4.0,100.0,event
10:33:48.274,0.0,0.0,0.0,0.0,0.0,0.0,0.0,0.0,0.0,0.0,0.0,0.0,0.0,0.0,0.0,0.0,0.0,0.0,0.0,0.0,843.3333,781.685,793.7729,405.348,704.7253,-0.40130615234375,0.14849853515625,0.884765625,1.786956787109375,-3.237457275390625,0.16448974609375,0.0,4.0,4.0,4.0,4.0,100.0,event
10:33:48.275,0.0,0.0,0.0,0.0,0.0,0.0,0.0,0.0,0.0,0.0,0.0,0.0,0.0,0.0,0.0,0.0,0.0,0.0,0.0,0.0,809.89014,779.67035,778.86444,418.64468,719.6337,-0.40130615234375,0.14849853515625,0.884765625,1.786956787109375,-3.237457275390625,0.16448974609375,0.0,4.0,4.0,4.0,4.0,100.0,event
10:33:48.276,0.0,0.0,0.0,0.0,0.0,0.0,0.0,0.0,0.0,0.0,0.0,0.0,0.0,0.0,0.0,0.0,0.0,0.0,0.0,0.0,837.6923,778.0586,768.7912,453.69965,748.6447,-0.40130615234375,0.14849853515625,0.884765625,1.786956787109375,-3.237457275390625,0.16448974609375,0.0,4.0,4.0,4.0,4.0,100.0,event
10:33:48.278,0.0,0.0,0.0,0.0,0.0,0.0,0.0,0.0,0.0,0.0,0.0,0.0,0.0,0.0,0.0,0.0,0.0,0.0,0.0,0.0,875.9707,774.43225,778.86444,487.94873,756.7033,-0.40130615234375,0.14849853515625,0.884765625,1.786956787109375,-3.237457275390625,0.16448974609375,0.0,4.0,4.0,4.0,4.0,100.0,event
10:33:48.279,0.0,0.0,0.0,0.0,0.0,0.0,0.0,0.0,0.0,0.0,0.0,0.0,0.0,0.0,0.0,0.0,0.0,0.0,0.0,0.0,895.31134,775.64105,791.75824,496.8132,840.9158,-0.40130615234375,0.14849853515625,0.884765625,1.786956787109375,-3.237457275390625,0.16448974609375,0.0,4.0,4.0,4.0,4.0,100.0,event
10:33:48.280,0.0,0.0,0.0,0.0,0.0,0.0,0.0,0.0,0.0,0.0,0.0,0.0,0.0,0.0,0.0,0.0,0.0,0.0,0.0,0.0,854.61536,778.0586,793.7729,500.03662,948.49817,-0.40130615234375,0.14849853515625,0.884765625,1.786956787109375,-3.237457275390625,0.16448974609375,0.0,4.0,4.0,4.0,4.0,100.0,event
10:33:48.281,0.0,0.0,0.0,0.0,0.0,0.0,0.0,0.0,0.0,0.0,0.0,0.0,0.0,0.0,0.0,0.0,0.0,0.0,0.0,0.0,809.89014,777.25275,783.69965,515.7509,1164.4689,-0.40130615234375,0.14849853515625,0.884765625,1.786956787109375,-3.237457275390625,0.16448974609375,0.0,4.0,4.0,4.0,4.0,100.0,event
10:33:48.282,0.0,0.0,0.0,0.0,0.0,0.0,0.0,0.0,0.0,0.0,0.0,0.0,0.0,0.0,0.0,0.0,0.0,0.0,0.0,0.0,833.663,776.4469,779.2674,530.2564,990.40295,-0.40130615234375,0.14849853515625,0.884765625,1.786956787109375,-3.237457275390625,0.16448974609375,0.0,4.0,4.0,4.0,4.0,100.0,event
10:33:48.283,0.0,0.0,0.0,0.0,0.0,0.0,0.0,0.0,0.0,0.0,0.0,0.0,0.0,0.0,0.0,0.0,0.0,0.0,0.0,0.0,877.5824,773.22345,783.69965,578.60803,733.3333,-0.40130615234375,0.14849853515625,0.884765625,1.786956787109375,-3.237457275390625,0.16448974609375,0.0,4.0,4.0,4.0,4.0,100.0,event
10:33:48.284,0.0,0.0,0.0,0.0,0.0,0.0,0.0,0.0,0.0,0.0,0.0,0.0,0.0,0.0,0.0,0.0,0.0,0.0,0.0,0.0,901.75824,774.83514,782.49084,643.47986,817.1429,-0.40130615234375,0.14849853515625,0.884765625,1.786956787109375,-3.237457275390625,0.16448974609375,0.0,4.0,4.0,4.0,4.0,100.0,event
10:33:48.284,0.0,0.0,0.0,0.0,0.0,0.0,0.0,0.0,0.0,0.0,0.0,0.0,0.0,0.0,0.0,0.0,0.0,0.0,0.0,0.0,866.7033,774.0293,784.90845,637.03296,796.99634,-0.40130615234375,0.14849853515625,0.884765625,1.786956787109375,-3.237457275390625,0.16448974609375,0.0,4.0,4.0,4.0,4.0,100.0,event
10:33:48.285,0.0,0.0,0.0,0.0,0.0,0.0,0.0,0.0,0.0,0.0,0.0,0.0,0.0,0.0,0.0,0.0,0.0,0.0,0.0,0.0,811.0989,769.59705,781.685,635.82416,691.02563,-0.40130615234375,0.14849853515625,0.884765625,1.786956787109375,-3.237457275390625,0.16448974609375,0.0,4.0,4.0,4.0,4.0,100.0,event
10:33:48.320,0.0,0.0,0.0,0.0,0.0,0.0,0.0,0.0,0.0,0.0,0.0,0.0,0.0,0.0,0.0,0.0,0.0,0.0,0.0,0.0,823.1868,770.40295,769.59705,776.8498,701.0989,-0.411865234375,0.15386962890625,0.89862060546875,2.6019287109375,-3.521575927734375,0.35888671875,0.0,4.0,4.0,4.0,4.0,100.0,event
10:33:48.321,0.0,0.0,0.0,0.0,0.0,0.0,0.0,0.0,0.0,0.0,0.0,0.0,0.0,0.0,0.0,0.0,0.0,0.0,0.0,0.0,866.30035,770.40295,782.0879,761.13556,797.3993,-0.411865234375,0.15386962890625,0.89862060546875,2.6019287109375,-3.521575927734375,0.35888671875,0.0,4.0,4.0,4.0,4.0,100.0,event
10:33:48.322,0.0,0.0,0.0,0.0,0.0,0.0,0.0,0.0,0.0,0.0,0.0,0.0,0.0,0.0,0.0,0.0,0.0,0.0,0.0,0.0,894.90845,771.6117,790.14655,725.6777,790.9524,-0.411865234375,0.15386962890625,0.89862060546875,2.6019287109375,-3.521575927734375,0.35888671875,0.0,4.0,4.0,4.0,4.0,100.0,event
10:33:48.322,0.0,0.0,0.0,0.0,0.0,0.0,0.0,0.0,0.0,0.0,0.0,0.0,0.0,0.0,0.0,0.0,0.0,0.0,0.0,0.0,864.2857,775.64105,788.1319,767.1795,765.9707,-0.411865234375,0.15386962890625,0.89862060546875,2.6019287109375,-3.521575927734375,0.35888671875,0.0,4.0,4.0,4.0,4.0,100.0,event
10:33:48.323,0.0,0.0,0.0,0.0,0.0,0.0,0.0,0.0,0.0,0.0,0.0,0.0,0.0,0.0,0.0,0.0,0.0,0.0,0.0,0.0,807.47253,772.01465,788.1319,775.64105,771.2088,-0.411865234375,0.15386962890625,0.89862060546875,2.6019287109375,-3.521575927734375,0.35888671875,0.0,4.0,4.0,4.0,4.0,100.0,event
10:33:48.324,0.0,0.0,0.0,0.0,0.0,0.0,0.0,0.0,0.0,0.0,0.0,0.0,0.0,0.0,0.0,0.0,0.0,0.0,0.0,0.0,802.6374,770.80585,789.34064,867.9121,850.989,-0.411865234375,0.15386962890625,0.89862060546875,2.6019287109375,-3.521575927734375,0.35888671875,0.0,4.0,4.0,4.0,4.0,100.0,event
10:33:48.324,0.0,0.0,0.0,0.0,0.0,0.0,0.0,0.0,0.0,0.0,0.0,0.0,0.0,0.0,0.0,0.0,0.0,0.0,0.0,0.0,839.707,776.04395,789.7436,892.0879,893.2967,-0.411865234375,0.15386962890625,0.89862060546875,2.6019287109375,-3.521575927734375,0.35888671875,0.0,4.0,4.0,4.0,4.0,100.0,event
10:33:48.325,0.0,0.0,0.0,0.0,0.0,0.0,0.0,0.0,0.0,0.0,0.0,0.0,0.0,0.0,0.0,0.0,0.0,0.0,0.0,0.0,879.59705,778.86444,782.49084,826.4103,858.6447,-0.411865234375,0.15386962890625,0.89862060546875,2.6019287109375,-3.521575927734375,0.35888671875,0.0,4.0,4.0,4.0,4.0,100.0,event
10:33:48.326,0.0,0.0,0.0,0.0,0.0,0.0,0.0,0.0,0.0,0.0,0.0,0.0,0.0,0.0,0.0,0.0,0.0,0.0,0.0,0.0,869.5238,779.67035,784.10254,796.1905,812.3077,-0.411865234375,0.15386962890625,0.89862060546875,2.6019287109375,-3.521575927734375,0.35888671875,0.0,4.0,4.0,4.0,4.0,100.0,event
10:33:48.326,0.0,0.0,0.0,0.0,0.0,0.0,0.0,0.0,0.0,0.0,0.0,0.0,0.0,0.0,0.0,0.0,0.0,0.0,0.0,0.0,815.12823,779.67035,787.326,804.65204,944.0659,-0.411865234375,0.15386962890625,0.89862060546875,2.6019287109375,-3.521575927734375,0.35888671875,0.0,4.0,4.0,4.0,4.0,100.0,event
10:33:48.327,0.0,0.0,0.0,0.0,0.0,0.0,0.0,0.0,0.0,0.0,0.0,0.0,0.0,0.0,0.0,0.0,0.0,0.0,0.0,0.0,800.6227,780.4762,788.93774,817.5458,945.6777,-0.411865234375,0.15386962890625,0.89862060546875,2.6019287109375,-3.521575927734375,0.35888671875,0.0,4.0,4.0,4.0,4.0,100.0,event
10:33:48.328,0.0,0.0,0.0,0.0,0.0,0.0,0.0,0.0,0.0,0.0,0.0,0.0,0.0,0.0,0.0,0.0,0.0,0.0,0.0,0.0,846.9597,774.0293,796.5934,821.978,704.3223,-0.411865234375,0.15386962890625,0.89862060546875,2.6019287109375,-3.521575927734375,0.35888671875,0.0,4.0,4.0,4.0,4.0,100.0,event
10:33:48.372,0.0,0.0,0.0,0.0,0.0,0.0,0.0,0.0,0.0,0.0,0.0,0.0,0.0,0.0,0.0,0.0,0.0,0.0,0.0,0.0,894.90845,772.4176,801.8315,842.1245,755.89746,-0.410400390625,0.1439208984375,0.8880615234375,1.86920166015625,-3.1402587890625,-0.9271240234375,0.0,4.0,4.0,4.0,4.0,100.0,event
10:33:48.373,0.0,0.0,0.0,0.0,0.0,0.0,0.0,0.0,0.0,0.0,0.0,0.0,0.0,0.0,0.0,0.0,0.0,0.0,0.0,0.0,882.8205,776.8498,797.3993,847.3626,855.0183,-0.410400390625,0.1439208984375,0.8880615234375,1.86920166015625,-3.1402587890625,-0.9271240234375,0.0,4.0,4.0,4.0,4.0,100.0,event
10:33:48.374,0.0,0.0,0.0,0.0,0.0,0.0,0.0,0.0,0.0,0.0,0.0,0.0,0.0,0.0,0.0,0.0,0.0,0.0,0.0,0.0,830.84247,778.86444,805.4579,831.6484,733.3333,-0.410400390625,0.1439208984375,0.8880615234375,1.86920166015625,-3.1402587890625,-0.9271240234375,0.0,4.0,4.0,4.0,4.0,100.0,event
10:33:48.375,0.0,0.0,0.0,0.0,0.0,0.0,0.0,0.0,0.0,0.0,0.0,0.0,0.0,0.0,0.0,0.0,0.0,0.0,0.0,0.0,810.293,781.685,813.5165,823.1868,624.94507,-0.410400390625,0.1439208984375,0.8880615234375,1.86920166015625,-3.1402587890625,-0.9271240234375,0.0,4.0,4.0,4.0,4.0,100.0,event
10:33:48.375,0.0,0.0,0.0,0.0,0.0,0.0,0.0,0.0,0.0,0.0,0.0,0.0,0.0,0.0,0.0,0.0,0.0,0.0,0.0,0.0,841.31866,780.87915,803.44324,806.26373,715.2015,-0.410400390625,0.1439208984375,0.8880615234375,1.86920166015625,-3.1402587890625,-0.9271240234375,0.0,4.0,4.0,4.0,4.0,100.0,event
10:33:48.376,0.0,0.0,0.0,0.0,0.0,0.0,0.0,0.0,0.0,0.0,0.0,0.0,0.0,0.0,0.0,0.0,0.0,0.0,0.0,0.0,880.80585,778.46155,794.17584,797.8022,859.45056,-0.410400390625,0.1439208984375,0.8880615234375,1.86920166015625,-3.1402587890625,-0.9271240234375,0.0,4.0,4.0,4.0,4.0,100.0,event
10:33:48.377,0.0,0.0,0.0,0.0,0.0,0.0,0.0,0.0,0.0,0.0,0.0,0.0,0.0,0.0,0.0,0.0,0.0,0.0,0.0,0.0,873.95605,776.8498,790.9524,807.8755,873.95605,-0.410400390625,0.1439208984375,0.8880615234375,1.86920166015625,-3.1402587890625,-0.9271240234375,0.0,4.0,4.0,4.0,4.0,100.0,event
10:33:48.377,0.0,0.0,0.0,0.0,0.0,0.0,0.0,0.0,0.0,0.0,0.0,0.0,0.0,0.0,0.0,0.0,0.0,0.0,0.0,0.0,831.6484,778.0586,786.52014,804.2491,717.2161,-0.410400390625,0.1439208984375,0.8880615234375,1.86920166015625,-3.1402587890625,-0.9271240234375,0.0,4.0,4.0,4.0,4.0,100.0,event
10:33:48.378,0.0,0.0,0.0,0.0,0.0,0.0,0.0,0.0,0.0,0.0,0.0,0.0,0.0,0.0,0.0,0.0,0.0,0.0,0.0,0.0,807.47253,777.25275,781.685,795.38464,724.4689,-0.410400390625,0.1439208984375,0.8880615234375,1.86920166015625,-3.1402587890625,-0.9271240234375,0.0,4.0,4.0,4.0,4.0,100.0,event
10:33:48.379,0.0,0.0,0.0,0.0,0.0,0.0,0.0,0.0,0.0,0.0,0.0,0.0,0.0,0.0,0.0,0.0,0.0,0.0,0.0,0.0,836.8865,779.2674,790.54944,811.9048,994.83514,-0.410400390625,0.1439208984375,0.8880615234375,1.86920166015625,-3.1402587890625,-0.9271240234375,0.0,4.0,4.0,4.0,4.0,100.0,event
10:33:48.380,0.0,0.0,0.0,0.0,0.0,0.0,0.0,0.0,0.0,0.0,0.0,0.0,0.0,0.0,0.0,0.0,0.0,0.0,0.0,0.0,881.6117,784.10254,794.17584,817.5458,908.60803,-0.410400390625,0.1439208984375,0.8880615234375,1.86920166015625,-3.1402587890625,-0.9271240234375,0.0,4.0,4.0,4.0,4.0,100.0,event
10:33:48.381,0.0,0.0,0.0,0.0,0.0,0.0,0.0,0.0,0.0,0.0,0.0,0.0,0.0,0.0,0.0,0.0,0.0,0.0,0.0,0.0,878.3883,782.8938,799.81683,822.381,713.1868,-0.410400390625,0.1439208984375,0.8880615234375,1.86920166015625,-3.1402587890625,-0.9271240234375,0.0,4.0,4.0,4.0,4.0,100.0,event
10:33:48.403,0.0,0.0,0.0,0.0,0.0,0.0,0.0,0.0,0.0,0.0,0.0,0.0,0.0,0.0,0.0,0.0,0.0,0.0,0.0,0.0,821.1722,778.86444,807.47253,838.0952,775.64105,-0.4068603515625,0.1458740234375,0.890380859375,1.8243408203125,-3.51409912109375,-0.082244873046875,0.0,4.0,4.0,4.0,4.0,100.0,event
10:33:48.404,0.0,0.0,0.0,0.0,0.0,0.0,0.0,0.0,0.0,0.0,0.0,0.0,0.0,0.0,0.0,0.0,0.0,0.0,0.0,0.0,823.9927,778.0586,794.9817,870.7326,703.5165,-0.4068603515625,0.1458740234375,0.890380859375,1.8243408203125,-3.51409912109375,-0.082244873046875,0.0,4.0,4.0,4.0,4.0,100.0,event
10:33:48.404,0.0,0.0,0.0,0.0,0.0,0.0,0.0,0.0,0.0,0.0,0.0,0.0,0.0,0.0,0.0,0.0,0.0,0.0,0.0,0.0,785.7143,776.8498,804.65204,845.7509,783.2967,-0.4068603515625,0.1458740234375,0.890380859375,1.8243408203125,-3.51409912109375,-0.082244873046875,0.0,4.0,4.0,4.0,4.0,100.0,event
10:33:48.405,0.0,0.0,0.0,0.0,0.0,0.0,0.0,0.0,0.0,0.0,0.0,0.0,0.0,0.0,0.0,0.0,0.0,0.0,0.0,0.0,877.1795,778.86444,786.9231,906.1905,708.7546,-0.4068603515625,0.1458740234375,0.890380859375,1.8243408203125,-3.51409912109375,-0.082244873046875,0.0,4.0,4.0,4.0,4.0,100.0,event
10:33:48.406,0.0,0.0,0.0,0.0,0.0,0.0,0.0,0.0,0.0,0.0,0.0,0.0,0.0,0.0,0.0,0.0,0.0,0.0,0.0,0.0,873.1502,779.2674,795.78754,877.5824,843.73627,-0.4068603515625,0.1458740234375,0.890380859375,1.8243408203125,-3.51409912109375,-0.082244873046875,0.0,4.0,4.0,4.0,4.0,100.0,event
10:33:48.406,0.0,0.0,0.0,0.0,0.0,0.0,0.0,0.0,0.0,0.0,0.0,0.0,0.0,0.0,0.0,0.0,0.0,0.0,0.0,0.0,820.3663,780.07324,801.4286,770.80585,940.0366,-0.4068603515625,0.1458740234375,0.890380859375,1.8243408203125,-3.51409912109375,-0.082244873046875,0.0,4.0,4.0,4.0,4.0,100.0,event
10:33:48.407,0.0,0.0,0.0,0.0,0.0,0.0,0.0,0.0,0.0,0.0,0.0,0.0,0.0,0.0,0.0,0.0,0.0,0.0,0.0,0.0,788.1319,777.25275,796.1905,720.84247,833.663,-0.4068603515625,0.1458740234375,0.890380859375,1.8243408203125,-3.51409912109375,-0.082244873046875,0.0,4.0,4.0,4.0,4.0,100.0,event
10:33:48.408,0.0,0.0,0.0,0.0,0.0,0.0,0.0,0.0,0.0,0.0,0.0,0.0,0.0,0.0,0.0,0.0,0.0,0.0,0.0,0.0,810.293,775.64105,802.23444,746.2271,761.53845,-0.4068603515625,0.1458740234375,0.890380859375,1.8243408203125,-3.51409912109375,-0.082244873046875,0.0,4.0,4.0,4.0,4.0,100.0,event
10:33:48.408,0.0,0.0,0.0,0.0,0.0,0.0,0.0,0.0,0.0,0.0,0.0,0.0,0.0,0.0,0.0,0.0,0.0,0.0,0.0,0.0,843.3333,776.04395,802.6374,775.2381,936.0073,-0.4068603515625,0.1458740234375,0.890380859375,1.8243408203125,-3.51409912109375,-0.082244873046875,0.0,4.0,4.0,4.0,4.0,100.0,event
10:33:48.409,0.0,0.0,0.0,0.0,0.0,0.0,0.0,0.0,0.0,0.0,0.0,0.0,0.0,0.0,0.0,0.0,0.0,0.0,0.0,0.0,861.8681,777.25275,795.38464,799.41394,950.10986,-0.4068603515625,0.1458740234375,0.890380859375,1.8243408203125,-3.51409912109375,-0.082244873046875,0.0,4.0,4.0,4.0,4.0,100.0,event
10:33:48.410,0.0,0.0,0.0,0.0,0.0,0.0,0.0,0.0,0.0,0.0,0.0,0.0,0.0,0.0,0.0,0.0,0.0,0.0,0.0,0.0,832.4542,775.2381,792.5641,805.05493,690.2198,-0.4068603515625,0.1458740234375,0.890380859375,1.8243408203125,-3.51409912109375,-0.082244873046875,0.0,4.0,4.0,4.0,4.0,100.0,event
10:33:48.410,0.0,0.0,0.0,0.0,0.0,0.0,0.0,0.0,0.0,0.0,0.0,0.0,0.0,0.0,0.0,0.0,0.0,0.0,0.0,0.0,785.31134,779.2674,800.6227,799.011,646.30035,-0.4068603515625,0.1458740234375,0.890380859375,1.8243408203125,-3.51409912109375,-0.082244873046875,0.0,4.0,4.0,4.0,4.0,100.0,event
10:33:48.455,0.0,0.0,0.0,0.0,0.0,0.0,0.0,0.0,0.0,0.0,0.0,0.0,0.0,0.0,0.0,0.0,0.0,0.0,0.0,0.0,784.10254,780.87915,807.0696,800.6227,693.0403,-0.40802001953125,0.1402587890625,0.88555908203125,1.74957275390625,-3.349609375,0.82244873046875,0.0,4.0,4.0,4.0,4.0,100.0,event
10:33:48.456,0.0,0.0,0.0,0.0,0.0,0.0,0.0,0.0,0.0,0.0,0.0,0.0,0.0,0.0,0.0,0.0,0.0,0.0,0.0,0.0,828.4249,781.685,807.0696,806.6667,752.27106,-0.40802001953125,0.1402587890625,0.88555908203125,1.74957275390625,-3.349609375,0.82244873046875,0.0,4.0,4.0,4.0,4.0,100.0,event
10:33:48.459,0.0,0.0,0.0,0.0,0.0,0.0,0.0,0.0,0.0,0.0,0.0,0.0,0.0,0.0,0.0,0.0,0.0,0.0,0.0,0.0,865.4945,783.2967,799.81683,820.3663,735.34796,-0.40802001953125,0.1402587890625,0.88555908203125,1.74957275390625,-3.349609375,0.82244873046875,0.0,4.0,4.0,4.0,4.0,100.0,event
10:33:48.460,0.0,0.0,0.0,0.0,0.0,0.0,0.0,0.0,0.0,0.0,0.0,0.0,0.0,0.0,0.0,0.0,0.0,0.0,0.0,0.0,834.87177,782.8938,793.7729,828.8278,696.6667,-0.40802001953125,0.1402587890625,0.88555908203125,1.74957275390625,-3.349609375,0.82244873046875,0.0,4.0,4.0,4.0,4.0,100.0,event
10:33:48.461,0.0,0.0,0.0,0.0,0.0,0.0,0.0,0.0,0.0,0.0,0.0,0.0,0.0,0.0,0.0,0.0,0.0,0.0,0.0,0.0,788.5348,785.31134,793.36993,834.4689,838.9011,-0.40802001953125,0.1402587890625,0.88555908203125,1.74957275390625,-3.349609375,0.82244873046875,0.0,4.0,4.0,4.0,4.0,100.0,event
10:33:48.461,0.0,0.0,0.0,0.0,0.0,0.0,0.0,0.0,0.0,0.0,0.0,0.0,0.0,0.0,0.0,0.0,0.0,0.0,0.0,0.0,794.17584,782.49084,792.1612,842.52747,940.0366,-0.40802001953125,0.1402587890625,0.88555908203125,1.74957275390625,-3.349609375,0.82244873046875,0.0,4.0,4.0,4.0,4.0,100.0,event
10:33:48.462,0.0,0.0,0.0,0.0,0.0,0.0,0.0,0.0,0.0,0.0,0.0,0.0,0.0,0.0,0.0,0.0,0.0,0.0,0.0,0.0,832.0513,779.2674,799.011,846.1539,855.0183,-0.40802001953125,0.1402587890625,0.88555908203125,1.74957275390625,-3.349609375,0.82244873046875,0.0,4.0,4.0,4.0,4.0,100.0,event
10:33:48.462,0.0,0.0,0.0,0.0,0.0,0.0,0.0,0.0,0.0,0.0,0.0,0.0,0.0,0.0,0.0,0.0,0.0,0.0,0.0,0.0,854.21246,777.6557,798.60803,839.707,944.4689,-0.40802001953125,0.1402587890625,0.88555908203125,1.74957275390625,-3.349609375,0.82244873046875,0.0,4.0,4.0,4.0,4.0,100.0,event
10:33:48.463,0.0,0.0,0.0,0.0,0.0,0.0,0.0,0.0,0.0,0.0,0.0,0.0,0.0,0.0,0.0,0.0,0.0,0.0,0.0,0.0,823.9927,776.8498,801.4286,828.8278,1109.2675,-0.40802001953125,0.1402587890625,0.88555908203125,1.74957275390625,-3.349609375,0.82244873046875,0.0,4.0,4.0,4.0,4.0,100.0,event
10:33:48.464,0.0,0.0,0.0,0.0,0.0,0.0,0.0,0.0,0.0,0.0,0.0,0.0,0.0,0.0,0.0,0.0,0.0,0.0,0.0,0.0,784.90845,775.64105,803.44324,803.44324,773.22345,-0.40802001953125,0.1402587890625,0.88555908203125,1.74957275390625,-3.349609375,0.82244873046875,0.0,4.0,4.0,4.0,4.0,100.0,event
10:33:48.464,0.0,0.0,0.0,0.0,0.0,0.0,0.0,0.0,0.0,0.0,0.0,0.0,0.0,0.0,0.0,0.0,0.0,0.0,0.0,0.0,790.14655,775.2381,796.99634,800.6227,643.0769,-0.40802001953125,0.1402587890625,0.88555908203125,1.74957275390625,-3.349609375,0.82244873046875,0.0,4.0,4.0,4.0,4.0,100.0,event
10:33:48.465,0.0,0.0,0.0,0.0,0.0,0.0,0.0,0.0,0.0,0.0,0.0,0.0,0.0,0.0,0.0,0.0,0.0,0.0,0.0,0.0,831.2454,777.6557,792.5641,811.0989,741.79486,-0.40802001953125,0.1402587890625,0.88555908203125,1.74957275390625,-3.349609375,0.82244873046875,0.0,4.0,4.0,4.0,4.0,100.0,event
10:33:48.506,0.0,0.0,0.0,0.0,0.0,0.0,0.0,0.0,0.0,0.0,0.0,0.0,0.0,0.0,0.0,0.0,0.0,0.0,0.0,0.0,869.5238,778.86444,788.93774,799.81683,723.2601,-0.40802001953125,0.1402587890625,0.88555908203125,1.74957275390625,-3.349609375,0.82244873046875,0.0,4.0,4.0,4.0,4.0,100.0,event
10:33:48.507,0.0,0.0,0.0,0.0,0.0,0.0,0.0,0.0,0.0,0.0,0.0,0.0,0.0,0.0,0.0,0.0,0.0,0.0,0.0,0.0,853.4066,780.87915,790.14655,791.75824,720.84247,-0.40802001953125,0.1402587890625,0.88555908203125,1.74957275390625,-3.349609375,0.82244873046875,0.0,4.0,4.0,4.0,4.0,100.0,event
10:33:48.508,0.0,0.0,0.0,0.0,0.0,0.0,0.0,0.0,0.0,0.0,0.0,0.0,0.0,0.0,0.0,0.0,0.0,0.0,0.0,0.0,804.2491,777.25275,794.9817,782.8938,766.3736,-0.40802001953125,0.1402587890625,0.88555908203125,1.74957275390625,-3.349609375,0.82244873046875,0.0,4.0,4.0,4.0,4.0,100.0,event
10:33:48.509,0.0,0.0,0.0,0.0,0.0,0.0,0.0,0.0,0.0,0.0,0.0,0.0,0.0,0.0,0.0,0.0,0.0,0.0,0.0,0.0,790.9524,776.04395,803.8461,770.0,748.6447,-0.40802001953125,0.1402587890625,0.88555908203125,1.74957275390625,-3.349609375,0.82244873046875,0.0,4.0,4.0,4.0,4.0,100.0,event
10:33:48.510,0.0,0.0,0.0,0.0,0.0,0.0,0.0,0.0,0.0,0.0,0.0,0.0,0.0,0.0,0.0,0.0,0.0,0.0,0.0,0.0,834.4689,779.67035,808.2784,780.07324,757.50916,-0.40802001953125,0.1402587890625,0.88555908203125,1.74957275390625,-3.349609375,0.82244873046875,0.0,4.0,4.0,4.0,4.0,100.0,event
10:33:48.511,0.0,0.0,0.0,0.0,0.0,0.0,0.0,0.0,0.0,0.0,0.0,0.0,0.0,0.0,0.0,0.0,0.0,0.0,0.0,0.0,866.30035,778.0586,800.6227,801.8315,877.5824,-0.40802001953125,0.1402587890625,0.88555908203125,1.74957275390625,-3.349609375,0.82244873046875,0.0,4.0,4.0,4.0,4.0,100.0,event
10:33:48.513,0.0,0.0,0.0,0.0,0.0,0.0,0.0,0.0,0.0,0.0,0.0,0.0,0.0,0.0,0.0,0.0,0.0,0.0,0.0,0.0,838.0952,784.10254,805.05493,797.3993,923.91943,-0.40802001953125,0.1402587890625,0.88555908203125,1.74957275390625,-3.349609375,0.82244873046875,0.0,4.0,4.0,4.0,4.0,100.0,event
10:33:48.514,0.0,0.0,0.0,0.0,0.0,0.0,0.0,0.0,0.0,0.0,0.0,0.0,0.0,0.0,0.0,0.0,0.0,0.0,0.0,0.0,782.0879,786.1172,803.44324,759.5238,1064.5421,-0.40802001953125,0.1402587890625,0.88555908203125,1.74957275390625,-3.349609375,0.82244873046875,0.0,4.0,4.0,4.0,4.0,100.0,event
10:33:48.515,0.0,0.0,0.0,0.0,0.0,0.0,0.0,0.0,0.0,0.0,0.0,0.0,0.0,0.0,0.0,0.0,0.0,0.0,0.0,0.0,776.4469,784.5055,782.8938,754.2857,1099.597,-0.40802001953125,0.1402587890625,0.88555908203125,1.74957275390625,-3.349609375,0.82244873046875,0.0,4.0,4.0,4.0,4.0,100.0,event
10:33:48.516,0.0,0.0,0.0,0.0,0.0,0.0,0.0,0.0,0.0,0.0,0.0,0.0,0.0,0.0,0.0,0.0,0.0,0.0,0.0,0.0,828.8278,780.87915,786.1172,767.1795,749.0476,-0.40802001953125,0.1402587890625,0.88555908203125,1.74957275390625,-3.349609375,0.82244873046875,0.0,4.0,4.0,4.0,4.0,100.0,event
10:33:48.517,0.0,0.0,0.0,0.0,0.0,0.0,0.0,0.0,0.0,0.0,0.0,0.0,0.0,0.0,0.0,0.0,0.0,0.0,0.0,0.0,864.2857,775.2381,811.50183,772.8205,693.44324,-0.40802001953125,0.1402587890625,0.88555908203125,1.74957275390625,-3.349609375,0.82244873046875,0.0,4.0,4.0,4.0,4.0,100.0,event
10:33:48.518,0.0,0.0,0.0,0.0,0.0,0.0,0.0,0.0,0.0,0.0,0.0,0.0,0.0,0.0,0.0,0.0,0.0,0.0,0.0,0.0,844.1392,775.2381,800.2198,778.0586,835.6777,-0.40802001953125,0.1402587890625,0.88555908203125,1.74957275390625,-3.349609375,0.82244873046875,0.0,4.0,4.0,4.0,4.0,100.0,event
10:33:48.554,0.0,0.0,0.0,0.0,0.0,0.0,0.0,0.0,0.0,0.0,0.0,0.0,0.0,0.0,0.0,0.0,0.0,0.0,0.0,0.0,788.5348,776.8498,792.96704,761.53845,709.5604,-0.412353515625,0.1419677734375,0.89306640625,1.951446533203125,-3.09539794921875,0.515899658203125,0.0,4.0,4.0,4.0,4.0,100.0,event
10:33:48.555,0.0,0.0,0.0,0.0,0.0,0.0,0.0,0.0,0.0,0.0,0.0,0.0,0.0,0.0,0.0,0.0,0.0,0.0,0.0,0.0,794.57874,772.4176,799.81683,742.1978,703.1135,-0.412353515625,0.1419677734375,0.89306640625,1.951446533203125,-3.09539794921875,0.515899658203125,0.0,4.0,4.0,4.0,4.0,100.0,event
10:33:48.555,0.0,0.0,0.0,0.0,0.0,0.0,0.0,0.0,0.0,0.0,0.0,0.0,0.0,0.0,0.0,0.0,0.0,0.0,0.0,0.0,767.98535,777.25275,805.8608,739.3773,604.3956,-0.412353515625,0.1419677734375,0.89306640625,1.951446533203125,-3.09539794921875,0.515899658203125,0.0,4.0,4.0,4.0,4.0,100.0,event
10:33:48.556,0.0,0.0,0.0,0.0,0.0,0.0,0.0,0.0,0.0,0.0,0.0,0.0,0.0,0.0,0.0,0.0,0.0,0.0,0.0,0.0,839.707,771.6117,794.57874,758.71796,778.0586,-0.412353515625,0.1419677734375,0.89306640625,1.951446533203125,-3.09539794921875,0.515899658203125,0.0,4.0,4.0,4.0,4.0,100.0,event
10:33:48.559,0.0,0.0,0.0,0.0,0.0,0.0,0.0,0.0,0.0,0.0,0.0,0.0,0.0,0.0,0.0,0.0,0.0,0.0,0.0,0.0,855.0183,775.2381,796.99634,769.19415,729.707,-0.412353515625,0.1419677734375,0.89306640625,1.951446533203125,-3.09539794921875,0.515899658203125,0.0,4.0,4.0,4.0,4.0,100.0,event
10:33:48.560,0.0,0.0,0.0,0.0,0.0,0.0,0.0,0.0,0.0,0.0,0.0,0.0,0.0,0.0,0.0,0.0,0.0,0.0,0.0,0.0,806.6667,775.2381,797.3993,766.77655,755.4945,-0.412353515625,0.1419677734375,0.89306640625,1.951446533203125,-3.09539794921875,0.515899658203125,0.0,4.0,4.0,4.0,4.0,100.0,event
10:33:48.561,0.0,0.0,0.0,0.0,0.0,0.0,0.0,0.0,0.0,0.0,0.0,0.0,0.0,0.0,0.0,0.0,0.0,0.0,0.0,0.0,775.64105,774.43225,793.36993,766.77655,791.3553,-0.412353515625,0.1419677734375,0.89306640625,1.951446533203125,-3.09539794921875,0.515899658203125,0.0,4.0,4.0,4.0,4.0,100.0,event
10:33:48.562,0.0,0.0,0.0,0.0,0.0,0.0,0.0,0.0,0.0,0.0,0.0,0.0,0.0,0.0,0.0,0.0,0.0,0.0,0.0,0.0,802.23444,774.0293,793.36993,778.86444,982.3443,-0.412353515625,0.1419677734375,0.89306640625,1.951446533203125,-3.09539794921875,0.515899658203125,0.0,4.0,4.0,4.0,4.0,100.0,event
10:33:48.562,0.0,0.0,0.0,0.0,0.0,0.0,0.0,0.0,0.0,0.0,0.0,0.0,0.0,0.0,0.0,0.0,0.0,0.0,0.0,0.0,859.85345,778.46155,798.20514,802.6374,862.674,-0.412353515625,0.1419677734375,0.89306640625,1.951446533203125,-3.09539794921875,0.515899658203125,0.0,4.0,4.0,4.0,4.0,100.0,event
10:33:48.563,0.0,0.0,0.0,0.0,0.0,0.0,0.0,0.0,0.0,0.0,0.0,0.0,0.0,0.0,0.0,0.0,0.0,0.0,0.0,0.0,867.1062,779.67035,798.60803,799.81683,685.38464,-0.412353515625,0.1419677734375,0.89306640625,1.951446533203125,-3.09539794921875,0.515899658203125,0.0,4.0,4.0,4.0,4.0,100.0,event
10:33:48.563,0.0,0.0,0.0,0.0,0.0,0.0,0.0,0.0,0.0,0.0,0.0,0.0,0.0,0.0,0.0,0.0,0.0,0.0,0.0,0.0,806.26373,780.4762,802.6374,778.86444,759.92676,-0.412353515625,0.1419677734375,0.89306640625,1.951446533203125,-3.09539794921875,0.515899658203125,0.0,4.0,4.0,4.0,4.0,100.0,event
10:33:48.564,0.0,0.0,0.0,0.0,0.0,0.0,0.0,0.0,0.0,0.0,0.0,0.0,0.0,0.0,0.0,0.0,0.0,0.0,0.0,0.0,775.64105,780.4762,803.44324,779.2674,717.619,-0.412353515625,0.1419677734375,0.89306640625,1.951446533203125,-3.09539794921875,0.515899658203125,0.0,4.0,4.0,4.0,4.0,100.0,event
10:33:48.606,0.0,0.0,0.0,0.0,0.0,0.0,0.0,0.0,0.0,0.0,0.0,0.0,0.0,0.0,0.0,0.0,0.0,0.0,0.0,0.0,807.47253,780.07324,797.8022,790.14655,634.61536,-0.40570068359375,0.151611328125,0.89007568359375,2.5421142578125,-3.401947021484375,0.829925537109375,0.0,4.0,4.0,4.0,4.0,100.0,event
10:33:48.607,0.0,0.0,0.0,0.0,0.0,0.0,0.0,0.0,0.0,0.0,0.0,0.0,0.0,0.0,0.0,0.0,0.0,0.0,0.0,0.0,855.42126,778.46155,801.8315,806.26373,733.3333,-0.40570068359375,0.151611328125,0.89007568359375,2.5421142578125,-3.401947021484375,0.829925537109375,0.0,4.0,4.0,4.0,4.0,100.0,event
10:33:48.608,0.0,0.0,0.0,0.0,0.0,0.0,0.0,0.0,0.0,0.0,0.0,0.0,0.0,0.0,0.0,0.0,0.0,0.0,0.0,0.0,827.2161,784.10254,793.7729,784.5055,850.989,-0.40570068359375,0.151611328125,0.89007568359375,2.5421142578125,-3.401947021484375,0.829925537109375,0.0,4.0,4.0,4.0,4.0,100.0,event
10:33:48.608,0.0,0.0,0.0,0.0,0.0,0.0,0.0,0.0,0.0,0.0,0.0,0.0,0.0,0.0,0.0,0.0,0.0,0.0,0.0,0.0,870.7326,780.4762,800.2198,812.3077,885.2381,-0.40570068359375,0.151611328125,0.89007568359375,2.5421142578125,-3.401947021484375,0.829925537109375,0.0,4.0,4.0,4.0,4.0,100.0,event
10:33:48.609,0.0,0.0,0.0,0.0,0.0,0.0,0.0,0.0,0.0,0.0,0.0,0.0,0.0,0.0,0.0,0.0,0.0,0.0,0.0,0.0,786.52014,782.49084,791.3553,869.92676,740.18317,-0.40570068359375,0.151611328125,0.89007568359375,2.5421142578125,-3.401947021484375,0.829925537109375,0.0,4.0,4.0,4.0,4.0,100.0,event
10:33:48.610,0.0,0.0,0.0,0.0,0.0,0.0,0.0,0.0,0.0,0.0,0.0,0.0,0.0,0.0,0.0,0.0,0.0,0.0,0.0,0.0,791.75824,782.49084,801.8315,988.7912,782.49084,-0.40570068359375,0.151611328125,0.89007568359375,2.5421142578125,-3.401947021484375,0.829925537109375,0.0,4.0,4.0,4.0,4.0,100.0,event
10:33:48.611,0.0,0.0,0.0,0.0,0.0,0.0,0.0,0.0,0.0,0.0,0.0,0.0,0.0,0.0,0.0,0.0,0.0,0.0,0.0,0.0,824.3956,783.2967,810.293,922.71063,1038.3517,-0.40570068359375,0.151611328125,0.89007568359375,2.5421142578125,-3.401947021484375,0.829925537109375,0.0,4.0,4.0,4.0,4.0,100.0,event
10:33:48.611,0.0,0.0,0.0,0.0,0.0,0.0,0.0,0.0,0.0,0.0,0.0,0.0,0.0,0.0,0.0,0.0,0.0,0.0,0.0,0.0,849.7802,784.10254,799.81683,836.08057,1018.60803,-0.40570068359375,0.151611328125,0.89007568359375,2.5421142578125,-3.401947021484375,0.829925537109375,0.0,4.0,4.0,4.0,4.0,100.0,event
10:33:48.612,0.0,0.0,0.0,0.0,0.0,0.0,0.0,0.0,0.0,0.0,0.0,0.0,0.0,0.0,0.0,0.0,0.0,0.0,0.0,0.0,811.0989,781.28204,799.81683,865.4945,706.7399,-0.40570068359375,0.151611328125,0.89007568359375,2.5421142578125,-3.401947021484375,0.829925537109375,0.0,4.0,4.0,4.0,4.0,100.0,event
10:33:48.613,0.0,0.0,0.0,0.0,0.0,0.0,0.0,0.0,0.0,0.0,0.0,0.0,0.0,0.0,0.0,0.0,0.0,0.0,0.0,0.0,765.56775,776.04395,806.26373,909.81683,690.2198,-0.40570068359375,0.151611328125,0.89007568359375,2.5421142578125,-3.401947021484375,0.829925537109375,0.0,4.0,4.0,4.0,4.0,100.0,event
10:33:48.613,0.0,0.0,0.0,0.0,0.0,0.0,0.0,0.0,0.0,0.0,0.0,0.0,0.0,0.0,0.0,0.0,0.0,0.0,0.0,0.0,786.1172,780.4762,801.02563,917.47253,835.2747,-0.40570068359375,0.151611328125,0.89007568359375,2.5421142578125,-3.401947021484375,0.829925537109375,0.0,4.0,4.0,4.0,4.0,100.0,event
10:33:48.614,0.0,0.0,0.0,0.0,0.0,0.0,0.0,0.0,0.0,0.0,0.0,0.0,0.0,0.0,0.0,0.0,0.0,0.0,0.0,0.0,830.0366,784.5055,799.81683,924.3223,887.6557,-0.40570068359375,0.151611328125,0.89007568359375,2.5421142578125,-3.401947021484375,0.829925537109375,0.0,4.0,4.0,4.0,4.0,100.0,event
10:33:48.654,0.0,0.0,0.0,0.0,0.0,0.0,0.0,0.0,0.0,0.0,0.0,0.0,0.0,0.0,0.0,0.0,0.0,0.0,0.0,0.0,865.09155,783.69965,802.6374,909.011,800.6227,-0.4095458984375,0.15399169921875,0.89263916015625,1.682281494140625,-3.686065673828125,1.233673095703125,0.0,4.0,4.0,4.0,4.0,100.0,event
10:33:48.655,0.0,0.0,0.0,0.0,0.0,0.0,0.0,0.0,0.0,0.0,0.0,0.0,0.0,0.0,0.0,0.0,0.0,0.0,0.0,0.0,834.4689,782.49084,803.8461,870.32965,851.39197,-0.4095458984375,0.15399169921875,0.89263916015625,1.682281494140625,-3.686065673828125,1.233673095703125,0.0,4.0,4.0,4.0,4.0,100.0,event
10:33:48.656,0.0,0.0,0.0,0.0,0.0,0.0,0.0,0.0,0.0,0.0,0.0,0.0,0.0,0.0,0.0,0.0,0.0,0.0,0.0,0.0,776.4469,781.28204,803.0403,836.08057,917.47253,-0.4095458984375,0.15399169921875,0.89263916015625,1.682281494140625,-3.686065673828125,1.233673095703125,0.0,4.0,4.0,4.0,4.0,100.0,event
10:33:48.656,0.0,0.0,0.0,0.0,0.0,0.0,0.0,0.0,0.0,0.0,0.0,0.0,0.0,0.0,0.0,0.0,0.0,0.0,0.0,0.0,780.87915,780.07324,800.6227,844.1392,744.21246,-0.4095458984375,0.15399169921875,0.89263916015625,1.682281494140625,-3.686065673828125,1.233673095703125,0.0,4.0,4.0,4.0,4.0,100.0,event
10:33:48.657,0.0,0.0,0.0,0.0,0.0,0.0,0.0,0.0,0.0,0.0,0.0,0.0,0.0,0.0,0.0,0.0,0.0,0.0,0.0,0.0,820.7692,778.46155,799.81683,919.4872,693.8461,-0.4095458984375,0.15399169921875,0.89263916015625,1.682281494140625,-3.686065673828125,1.233673095703125,0.0,4.0,4.0,4.0,4.0,100.0,event
10:33:48.658,0.0,0.0,0.0,0.0,0.0,0.0,0.0,0.0,0.0,0.0,0.0,0.0,0.0,0.0,0.0,0.0,0.0,0.0,0.0,0.0,850.18317,779.67035,796.99634,1053.2601,911.02563,-0.4095458984375,0.15399169921875,0.89263916015625,1.682281494140625,-3.686065673828125,1.233673095703125,0.0,4.0,4.0,4.0,4.0,100.0,event
10:33:48.661,0.0,0.0,0.0,0.0,0.0,0.0,0.0,0.0,0.0,0.0,0.0,0.0,0.0,0.0,0.0,0.0,0.0,0.0,0.0,0.0,826.8132,781.685,791.75824,1143.9194,1031.0989,-0.4095458984375,0.15399169921875,0.89263916015625,1.682281494140625,-3.686065673828125,1.233673095703125,0.0,4.0,4.0,4.0,4.0,100.0,event
10:33:48.662,0.0,0.0,0.0,0.0,0.0,0.0,0.0,0.0,0.0,0.0,0.0,0.0,0.0,0.0,0.0,0.0,0.0,0.0,0.0,0.0,780.07324,780.07324,792.5641,1185.8242,845.7509,-0.4095458984375,0.15399169921875,0.89263916015625,1.682281494140625,-3.686065673828125,1.233673095703125,0.0,4.0,4.0,4.0,4.0,100.0,event
10:33:48.663,0.0,0.0,0.0,0.0,0.0,0.0,0.0,0.0,0.0,0.0,0.0,0.0,0.0,0.0,0.0,0.0,0.0,0.0,0.0,0.0,778.0586,778.86444,797.3993,1217.2528,703.1135,-0.4095458984375,0.15399169921875,0.89263916015625,1.682281494140625,-3.686065673828125,1.233673095703125,0.0,4.0,4.0,4.0,4.0,100.0,event
10:33:48.663,0.0,0.0,0.0,0.0,0.0,0.0,0.0,0.0,0.0,0.0,0.0,0.0,0.0,0.0,0.0,0.0,0.0,0.0,0.0,0.0,805.05493,775.2381,795.38464,1220.8792,815.5311,-0.4095458984375,0.15399169921875,0.89263916015625,1.682281494140625,-3.686065673828125,1.233673095703125,0.0,4.0,4.0,4.0,4.0,100.0,event
10:33:48.664,0.0,0.0,0.0,0.0,0.0,0.0,0.0,0.0,0.0,0.0,0.0,0.0,0.0,0.0,0.0,0.0,0.0,0.0,0.0,0.0,838.9011,773.22345,794.17584,1218.4615,1012.96704,-0.4095458984375,0.15399169921875,0.89263916015625,1.682281494140625,-3.686065673828125,1.233673095703125,0.0,4.0,4.0,4.0,4.0,100.0,event
10:33:48.664,0.0,0.0,0.0,0.0,0.0,0.0,0.0,0.0,0.0,0.0,0.0,0.0,0.0,0.0,0.0,0.0,0.0,0.0,0.0,0.0,833.2601,776.04395,790.9524,1191.8682,823.5897,-0.4095458984375,0.15399169921875,0.89263916015625,1.682281494140625,-3.686065673828125,1.233673095703125,0.0,4.0,4.0,4.0,4.0,100.0,event
10:33:48.706,0.0,0.0,0.0,0.0,0.0,0.0,0.0,0.0,0.0,0.0,0.0,0.0,0.0,0.0,0.0,0.0,0.0,0.0,0.0,0.0,781.28204,778.0586,790.9524,1176.9597,677.326,-0.41156005859375,0.15142822265625,0.8912353515625,1.547698974609375,-4.0972900390625,1.263580322265625,0.0,4.0,4.0,4.0,4.0,100.0,event
10:33:48.707,0.0,0.0,0.0,0.0,0.0,0.0,0.0,0.0,0.0,0.0,0.0,0.0,0.0,0.0,0.0,0.0,0.0,0.0,0.0,0.0,766.77655,778.46155,801.4286,1168.0952,815.12823,-0.41156005859375,0.15142822265625,0.8912353515625,1.547698974609375,-4.0972900390625,1.263580322265625,0.0,4.0,4.0,4.0,4.0,100.0,event
10:33:48.708,0.0,0.0,0.0,0.0,0.0,0.0,0.0,0.0,0.0,0.0,0.0,0.0,0.0,0.0,0.0,0.0,0.0,0.0,0.0,0.0,803.44324,778.0586,805.4579,1078.6447,900.14655,-0.41156005859375,0.15142822265625,0.8912353515625,1.547698974609375,-4.0972900390625,1.263580322265625,0.0,4.0,4.0,4.0,4.0,100.0,event
10:33:48.710,0.0,0.0,0.0,0.0,0.0,0.0,0.0,0.0,0.0,0.0,0.0,0.0,0.0,0.0,0.0,0.0,0.0,0.0,0.0,0.0,843.3333,782.49084,800.6227,1010.54944,765.56775,-0.41156005859375,0.15142822265625,0.8912353515625,1.547698974609375,-4.0972900390625,1.263580322265625,0.0,4.0,4.0,4.0,4.0,100.0,event
10:33:48.711,0.0,0.0,0.0,0.0,0.0,0.0,0.0,0.0,0.0,0.0,0.0,0.0,0.0,0.0,0.0,0.0,0.0,0.0,0.0,0.0,838.0952,786.52014,797.3993,1002.49084,737.76556,-0.41156005859375,0.15142822265625,0.8912353515625,1.547698974609375,-4.0972900390625,1.263580322265625,0.0,4.0,4.0,4.0,4.0,100.0,event
10:33:48.713,0.0,0.0,0.0,0.0,0.0,0.0,0.0,0.0,0.0,0.0,0.0,0.0,0.0,0.0,0.0,0.0,0.0,0.0,0.0,0.0,779.67035,788.1319,799.41394,982.74725,981.53845,-0.41156005859375,0.15142822265625,0.8912353515625,1.547698974609375,-4.0972900390625,1.263580322265625,0.0,4.0,4.0,4.0,4.0,100.0,event
10:33:48.714,0.0,0.0,0.0,0.0,0.0,0.0,0.0,0.0,0.0,0.0,0.0,0.0,0.0,0.0,0.0,0.0,0.0,0.0,0.0,0.0,747.4359,784.10254,801.4286,971.06226,1010.9524,-0.41156005859375,0.15142822265625,0.8912353515625,1.547698974609375,-4.0972900390625,1.263580322265625,0.0,4.0,4.0,4.0,4.0,100.0,event
10:33:48.715,0.0,0.0,0.0,0.0,0.0,0.0,0.0,0.0,0.0,0.0,0.0,0.0,0.0,0.0,0.0,0.0,0.0,0.0,0.0,0.0,786.9231,780.87915,797.3993,940.84247,777.6557,-0.41156005859375,0.15142822265625,0.8912353515625,1.547698974609375,-4.0972900390625,1.263580322265625,0.0,4.0,4.0,4.0,4.0,100.0,event
10:33:48.716,0.0,0.0,0.0,0.0,0.0,0.0,0.0,0.0,0.0,0.0,0.0,0.0,0.0,0.0,0.0,0.0,0.0,0.0,0.0,0.0,842.9304,781.685,800.2198,977.50916,796.5934,-0.41156005859375,0.15142822265625,0.8912353515625,1.547698974609375,-4.0972900390625,1.263580322265625,0.0,4.0,4.0,4.0,4.0,100.0,event
10:33:48.717,0.0,0.0,0.0,0.0,0.0,0.0,0.0,0.0,0.0,0.0,0.0,0.0,0.0,0.0,0.0,0.0,0.0,0.0,0.0,0.0,837.6923,780.4762,804.2491,946.4835,983.1502,-0.41156005859375,0.15142822265625,0.8912353515625,1.547698974609375,-4.0972900390625,1.263580322265625,0.0,4.0,4.0,4.0,4.0,100.0,event
10:33:48.718,0.0,0.0,0.0,0.0,0.0,0.0,0.0,0.0,0.0,0.0,0.0,0.0,0.0,0.0,0.0,0.0,0.0,0.0,0.0,0.0,784.10254,777.6557,799.011,639.85345,820.3663,-0.41156005859375,0.15142822265625,0.8912353515625,1.547698974609375,-4.0972900390625,1.263580322265625,0.0,4.0,4.0,4.0,4.0,100.0,event
10:33:48.718,0.0,0.0,0.0,0.0,0.0,0.0,0.0,0.0,0.0,0.0,0.0,0.0,0.0,0.0,0.0,0.0,0.0,0.0,0.0,0.0,770.40295,774.43225,790.54944,508.9011,606.8132,-0.41156005859375,0.15142822265625,0.8912353515625,1.547698974609375,-4.0972900390625,1.263580322265625,0.0,4.0,4.0,4.0,4.0,100.0,event
10:33:48.719,0.0,0.0,0.0,0.0,0.0,0.0,0.0,0.0,0.0,0.0,0.0,0.0,0.0,0.0,0.0,0.0,0.0,0.0,0.0,0.0,809.4872,775.64105,792.5641,571.75824,644.68866,-0.41156005859375,0.15142822265625,0.8912353515625,1.547698974609375,-4.0972900390625,1.263580322265625,0.0,4.0,4.0,4.0,4.0,100.0,event
10:33:48.720,0.0,0.0,0.0,0.0,0.0,0.0,0.0,0.0,0.0,0.0,0.0,0.0,0.0,0.0,0.0,0.0,0.0,0.0,0.0,0.0,836.4835,774.43225,799.81683,584.2491,723.2601,-0.41156005859375,0.15142822265625,0.8912353515625,1.547698974609375,-4.0972900390625,1.263580322265625,0.0,4.0,4.0,4.0,4.0,100.0,event
10:33:48.721,0.0,0.0,0.0,0.0,0.0,0.0,0.0,0.0,0.0,0.0,0.0,0.0,0.0,0.0,0.0,0.0,0.0,0.0,0.0,0.0,830.4396,773.22345,798.20514,580.2198,730.10986,-0.41156005859375,0.15142822265625,0.8912353515625,1.547698974609375,-4.0972900390625,1.263580322265625,0.0,4.0,4.0,4.0,4.0,100.0,event
10:33:48.722,0.0,0.0,0.0,0.0,0.0,0.0,0.0,0.0,0.0,0.0,0.0,0.0,0.0,0.0,0.0,0.0,0.0,0.0,0.0,0.0,786.1172,776.4469,801.8315,586.26373,700.696,-0.41156005859375,0.15142822265625,0.8912353515625,1.547698974609375,-4.0972900390625,1.263580322265625,0.0,4.0,4.0,4.0,4.0,100.0,event
10:33:48.723,0.0,0.0,0.0,0.0,0.0,0.0,0.0,0.0,0.0,0.0,0.0,0.0,0.0,0.0,0.0,0.0,0.0,0.0,0.0,0.0,749.0476,773.6264,799.81683,596.337,726.08057,-0.41156005859375,0.15142822265625,0.8912353515625,1.547698974609375,-4.0972900390625,1.263580322265625,0.0,4.0,4.0,4.0,4.0,100.0,event
10:33:48.723,0.0,0.0,0.0,0.0,0.0,0.0,0.0,0.0,0.0,0.0,0.0,0.0,0.0,0.0,0.0,0.0,0.0,0.0,0.0,0.0,771.6117,772.8205,789.34064,611.6484,838.49817,-0.41156005859375,0.15142822265625,0.8912353515625,1.547698974609375,-4.0972900390625,1.263580322265625,0.0,4.0,4.0,4.0,4.0,100.0,event
10:33:48.724,0.0,0.0,0.0,0.0,0.0,0.0,0.0,0.0,0.0,0.0,0.0,0.0,0.0,0.0,0.0,0.0,0.0,0.0,0.0,0.0,822.7839,772.4176,792.1612,638.24176,870.7326,-0.41156005859375,0.15142822265625,0.8912353515625,1.547698974609375,-4.0972900390625,1.263580322265625,0.0,4.0,4.0,4.0,4.0,100.0,event
10:33:48.725,0.0,0.0,0.0,0.0,0.0,0.0,0.0,0.0,0.0,0.0,0.0,0.0,0.0,0.0,0.0,0.0,0.0,0.0,0.0,0.0,845.7509,770.80585,796.99634,649.92676,767.98535,-0.41156005859375,0.15142822265625,0.8912353515625,1.547698974609375,-4.0972900390625,1.263580322265625,0.0,4.0,4.0,4.0,4.0,100.0,event
10:33:48.730,0.0,0.0,0.0,0.0,0.0,0.0,0.0,0.0,0.0,0.0,0.0,0.0,0.0,0.0,0.0,0.0,0.0,0.0,0.0,0.0,809.0842,771.2088,794.9817,667.25275,765.56775,-0.41156005859375,0.15142822265625,0.8912353515625,1.547698974609375,-4.0972900390625,1.263580322265625,0.0,4.0,4.0,4.0,4.0,100.0,event
10:33:48.731,0.0,0.0,0.0,0.0,0.0,0.0,0.0,0.0,0.0,0.0,0.0,0.0,0.0,0.0,0.0,0.0,0.0,0.0,0.0,0.0,765.9707,773.6264,792.96704,689.011,979.92676,-0.41156005859375,0.15142822265625,0.8912353515625,1.547698974609375,-4.0972900390625,1.263580322265625,0.0,4.0,4.0,4.0,4.0,100.0,event
10:33:48.733,0.0,0.0,0.0,0.0,0.0,0.0,0.0,0.0,0.0,0.0,0.0,0.0,0.0,0.0,0.0,0.0,0.0,0.0,0.0,0.0,792.1612,773.6264,790.14655,684.17584,837.6923,-0.41156005859375,0.15142822265625,0.8912353515625,1.547698974609375,-4.0972900390625,1.263580322265625,0.0,4.0,4.0,4.0,4.0,100.0,event
10:33:48.734,0.0,0.0,0.0,0.0,0.0,0.0,0.0,0.0,0.0,0.0,0.0,0.0,0.0,0.0,0.0,0.0,0.0,0.0,0.0,0.0,847.76556,774.0293,787.72894,792.96704,697.8755,-0.41156005859375,0.15142822265625,0.8912353515625,1.547698974609375,-4.0972900390625,1.263580322265625,0.0,4.0,4.0,4.0,4.0,100.0,event
10:33:48.771,0.0,0.0,0.0,0.0,0.0,0.0,0.0,0.0,0.0,0.0,0.0,0.0,0.0,0.0,0.0,0.0,0.0,0.0,0.0,0.0,870.32965,777.6557,782.8938,869.5238,804.2491,-0.41168212890625,0.14727783203125,0.88934326171875,1.92901611328125,-4.32159423828125,-0.179443359375,0.0,4.0,4.0,4.0,4.0,100.0,event
10:33:48.772,0.0,0.0,0.0,0.0,0.0,0.0,0.0,0.0,0.0,0.0,0.0,0.0,0.0,0.0,0.0,0.0,0.0,0.0,0.0,0.0,836.8865,779.2674,786.52014,848.1685,747.03296,-0.41168212890625,0.14727783203125,0.88934326171875,1.92901611328125,-4.32159423828125,-0.179443359375,0.0,4.0,4.0,4.0,4.0,100.0,event
10:33:48.773,0.0,0.0,0.0,0.0,0.0,0.0,0.0,0.0,0.0,0.0,0.0,0.0,0.0,0.0,0.0,0.0,0.0,0.0,0.0,0.0,794.9817,780.4762,799.81683,850.58606,665.64105,-0.41168212890625,0.14727783203125,0.88934326171875,1.92901611328125,-4.32159423828125,-0.179443359375,0.0,4.0,4.0,4.0,4.0,100.0,event
10:33:48.774,0.0,0.0,0.0,0.0,0.0,0.0,0.0,0.0,0.0,0.0,0.0,0.0,0.0,0.0,0.0,0.0,0.0,0.0,0.0,0.0,802.6374,775.64105,806.26373,841.31866,670.87915,-0.41168212890625,0.14727783203125,0.88934326171875,1.92901611328125,-4.32159423828125,-0.179443359375,0.0,4.0,4.0,4.0,4.0,100.0,event
10:33:48.775,0.0,0.0,0.0,0.0,0.0,0.0,0.0,0.0,0.0,0.0,0.0,0.0,0.0,0.0,0.0,0.0,0.0,0.0,0.0,0.0,840.9158,774.43225,799.41394,846.1539,718.4249,-0.41168212890625,0.14727783203125,0.88934326171875,1.92901611328125,-4.32159423828125,-0.179443359375,0.0,4.0,4.0,4.0,4.0,100.0,event
10:33:48.775,0.0,0.0,0.0,0.0,0.0,0.0,0.0,0.0,0.0,0.0,0.0,0.0,0.0,0.0,0.0,0.0,0.0,0.0,0.0,0.0,863.8828,779.67035,798.20514,838.0952,817.1429,-0.41168212890625,0.14727783203125,0.88934326171875,1.92901611328125,-4.32159423828125,-0.179443359375,0.0,4.0,4.0,4.0,4.0,100.0,event
10:33:48.776,0.0,0.0,0.0,0.0,0.0,0.0,0.0,0.0,0.0,0.0,0.0,0.0,0.0,0.0,0.0,0.0,0.0,0.0,0.0,0.0,824.7985,779.2674,807.47253,810.293,849.3773,-0.41168212890625,0.14727783203125,0.88934326171875,1.92901611328125,-4.32159423828125,-0.179443359375,0.0,4.0,4.0,4.0,4.0,100.0,event
10:33:48.776,0.0,0.0,0.0,0.0,0.0,0.0,0.0,0.0,0.0,0.0,0.0,0.0,0.0,0.0,0.0,0.0,0.0,0.0,0.0,0.0,771.2088,776.8498,801.4286,816.7399,727.28937,-0.41168212890625,0.14727783203125,0.88934326171875,1.92901611328125,-4.32159423828125,-0.179443359375,0.0,4.0,4.0,4.0,4.0,100.0,event
10:33:48.777,0.0,0.0,0.0,0.0,0.0,0.0,0.0,0.0,0.0,0.0,0.0,0.0,0.0,0.0,0.0,0.0,0.0,0.0,0.0,0.0,774.83514,777.6557,790.14655,832.8571,949.304,-0.41168212890625,0.14727783203125,0.88934326171875,1.92901611328125,-4.32159423828125,-0.179443359375,0.0,4.0,4.0,4.0,4.0,100.0,event
10:33:48.778,0.0,0.0,0.0,0.0,0.0,0.0,0.0,0.0,0.0,0.0,0.0,0.0,0.0,0.0,0.0,0.0,0.0,0.0,0.0,0.0,822.381,779.2674,790.14655,832.0513,1055.6776,-0.41168212890625,0.14727783203125,0.88934326171875,1.92901611328125,-4.32159423828125,-0.179443359375,0.0,4.0,4.0,4.0,4.0,100.0,event
10:33:48.778,0.0,0.0,0.0,0.0,0.0,0.0,0.0,0.0,0.0,0.0,0.0,0.0,0.0,0.0,0.0,0.0,0.0,0.0,0.0,0.0,858.6447,775.64105,795.38464,845.7509,803.8461,-0.41168212890625,0.14727783203125,0.88934326171875,1.92901611328125,-4.32159423828125,-0.179443359375,0.0,4.0,4.0,4.0,4.0,100.0,event
10:33:48.779,0.0,0.0,0.0,0.0,0.0,0.0,0.0,0.0,0.0,0.0,0.0,0.0,0.0,0.0,0.0,0.0,0.0,0.0,0.0,0.0,836.08057,775.2381,796.1905,836.4835,777.6557,-0.41168212890625,0.14727783203125,0.88934326171875,1.92901611328125,-4.32159423828125,-0.179443359375,0.0,4.0,4.0,4.0,4.0,100.0,event
10:33:48.827,0.0,0.0,0.0,0.0,0.0,0.0,0.0,0.0,0.0,0.0,0.0,0.0,0.0,0.0,0.0,0.0,0.0,0.0,0.0,0.0,812.3077,776.4469,790.14655,811.9048,804.65204,-0.40423583984375,0.14959716796875,0.8929443359375,2.385101318359375,-4.3365478515625,-0.261688232421875,0.0,4.0,4.0,4.0,4.0,100.0,event
10:33:48.828,0.0,0.0,0.0,0.0,0.0,0.0,0.0,0.0,0.0,0.0,0.0,0.0,0.0,0.0,0.0,0.0,0.0,0.0,0.0,0.0,808.68134,777.25275,785.31134,801.8315,711.978,-0.40423583984375,0.14959716796875,0.8929443359375,2.385101318359375,-4.3365478515625,-0.261688232421875,0.0,4.0,4.0,4.0,4.0,100.0,event
10:33:48.830,0.0,0.0,0.0,0.0,0.0,0.0,0.0,0.0,0.0,0.0,0.0,0.0,0.0,0.0,0.0,0.0,0.0,0.0,0.0,0.0,809.89014,776.4469,792.5641,763.1502,666.04395,-0.40423583984375,0.14959716796875,0.8929443359375,2.385101318359375,-4.3365478515625,-0.261688232421875,0.0,4.0,4.0,4.0,4.0,100.0,event
10:33:48.831,0.0,0.0,0.0,0.0,0.0,0.0,0.0,0.0,0.0,0.0,0.0,0.0,0.0,0.0,0.0,0.0,0.0,0.0,0.0,0.0,839.304,777.25275,798.60803,755.89746,724.87177,-0.40423583984375,0.14959716796875,0.8929443359375,2.385101318359375,-4.3365478515625,-0.261688232421875,0.0,4.0,4.0,4.0,4.0,100.0,event
10:33:48.833,0.0,0.0,0.0,0.0,0.0,0.0,0.0,0.0,0.0,0.0,0.0,0.0,0.0,0.0,0.0,0.0,0.0,0.0,0.0,0.0,817.1429,775.64105,796.5934,785.31134,730.10986,-0.40423583984375,0.14959716796875,0.8929443359375,2.385101318359375,-4.3365478515625,-0.261688232421875,0.0,4.0,4.0,4.0,4.0,100.0,event
10:33:48.835,0.0,0.0,0.0,0.0,0.0,0.0,0.0,0.0,0.0,0.0,0.0,0.0,0.0,0.0,0.0,0.0,0.0,0.0,0.0,0.0,748.6447,775.64105,786.9231,788.5348,768.7912,-0.40423583984375,0.14959716796875,0.8929443359375,2.385101318359375,-4.3365478515625,-0.261688232421875,0.0,4.0,4.0,4.0,4.0,100.0,event
10:33:48.835,0.0,0.0,0.0,0.0,0.0,0.0,0.0,0.0,0.0,0.0,0.0,0.0,0.0,0.0,0.0,0.0,0.0,0.0,0.0,0.0,745.0183,778.0586,786.1172,803.0403,800.2198,-0.40423583984375,0.14959716796875,0.8929443359375,2.385101318359375,-4.3365478515625,-0.261688232421875,0.0,4.0,4.0,4.0,4.0,100.0,event
10:33:48.836,0.0,0.0,0.0,0.0,0.0,0.0,0.0,0.0,0.0,0.0,0.0,0.0,0.0,0.0,0.0,0.0,0.0,0.0,0.0,0.0,784.10254,776.8498,797.3993,810.293,838.49817,-0.40423583984375,0.14959716796875,0.8929443359375,2.385101318359375,-4.3365478515625,-0.261688232421875,0.0,4.0,4.0,4.0,4.0,100.0,event
10:33:48.837,0.0,0.0,0.0,0.0,0.0,0.0,0.0,0.0,0.0,0.0,0.0,0.0,0.0,0.0,0.0,0.0,0.0,0.0,0.0,0.0,787.326,782.49084,806.26373,808.68134,852.6007,-0.40423583984375,0.14959716796875,0.8929443359375,2.385101318359375,-4.3365478515625,-0.261688232421875,0.0,4.0,4.0,4.0,4.0,100.0,event
10:33:48.837,0.0,0.0,0.0,0.0,0.0,0.0,0.0,0.0,0.0,0.0,0.0,0.0,0.0,0.0,0.0,0.0,0.0,0.0,0.0,0.0,798.60803,779.2674,805.4579,803.0403,1054.0659,-0.40423583984375,0.14959716796875,0.8929443359375,2.385101318359375,-4.3365478515625,-0.261688232421875,0.0,4.0,4.0,4.0,4.0,100.0,event
10:33:48.841,0.0,0.0,0.0,0.0,0.0,0.0,0.0,0.0,0.0,0.0,0.0,0.0,0.0,0.0,0.0,0.0,0.0,0.0,0.0,0.0,751.4652,776.8498,802.23444,802.6374,649.5238,-0.40423583984375,0.14959716796875,0.8929443359375,2.385101318359375,-4.3365478515625,-0.261688232421875,0.0,4.0,4.0,4.0,4.0,100.0,event
10:33:48.842,0.0,0.0,0.0,0.0,0.0,0.0,0.0,0.0,0.0,0.0,0.0,0.0,0.0,0.0,0.0,0.0,0.0,0.0,0.0,0.0,734.94507,776.4469,799.011,801.4286,833.663,-0.40423583984375,0.14959716796875,0.8929443359375,2.385101318359375,-4.3365478515625,-0.261688232421875,0.0,4.0,4.0,4.0,4.0,100.0,event
10:33:48.864,0.0,0.0,0.0,0.0,0.0,0.0,0.0,0.0,0.0,0.0,0.0,0.0,0.0,0.0,0.0,0.0,0.0,0.0,0.0,0.0,774.0293,780.87915,793.36993,797.3993,811.50183,-0.39813232421875,0.14764404296875,0.8922119140625,1.622467041015625,-3.895416259765625,0.657958984375,0.0,4.0,4.0,4.0,4.0,100.0,event
10:33:48.865,0.0,0.0,0.0,0.0,0.0,0.0,0.0,0.0,0.0,0.0,0.0,0.0,0.0,0.0,0.0,0.0,0.0,0.0,0.0,0.0,832.4542,782.8938,791.75824,794.57874,634.61536,-0.39813232421875,0.14764404296875,0.8922119140625,1.622467041015625,-3.895416259765625,0.657958984375,0.0,4.0,4.0,4.0,4.0,100.0,event
10:33:48.866,0.0,0.0,0.0,0.0,0.0,0.0,0.0,0.0,0.0,0.0,0.0,0.0,0.0,0.0,0.0,0.0,0.0,0.0,0.0,0.0,836.08057,781.28204,784.5055,794.57874,713.9927,-0.39813232421875,0.14764404296875,0.8922119140625,1.622467041015625,-3.895416259765625,0.657958984375,0.0,4.0,4.0,4.0,4.0,100.0,event
10:33:48.866,0.0,0.0,0.0,0.0,0.0,0.0,0.0,0.0,0.0,0.0,0.0,0.0,0.0,0.0,0.0,0.0,0.0,0.0,0.0,0.0,779.67035,780.87915,787.326,788.5348,809.4872,-0.39813232421875,0.14764404296875,0.8922119140625,1.622467041015625,-3.895416259765625,0.657958984375,0.0,4.0,4.0,4.0,4.0,100.0,event
10:33:48.867,0.0,0.0,0.0,0.0,0.0,0.0,0.0,0.0,0.0,0.0,0.0,0.0,0.0,0.0,0.0,0.0,0.0,0.0,0.0,0.0,754.2857,781.685,794.57874,804.65204,748.24176,-0.39813232421875,0.14764404296875,0.8922119140625,1.622467041015625,-3.895416259765625,0.657958984375,0.0,4.0,4.0,4.0,4.0,100.0,event
10:33:48.868,0.0,0.0,0.0,0.0,0.0,0.0,0.0,0.0,0.0,0.0,0.0,0.0,0.0,0.0,0.0,0.0,0.0,0.0,0.0,0.0,786.9231,779.67035,786.1172,831.2454,813.1135,-0.39813232421875,0.14764404296875,0.8922119140625,1.622467041015625,-3.895416259765625,0.657958984375,0.0,4.0,4.0,4.0,4.0,100.0,event
10:33:48.868,0.0,0.0,0.0,0.0,0.0,0.0,0.0,0.0,0.0,0.0,0.0,0.0,0.0,0.0,0.0,0.0,0.0,0.0,0.0,0.0,834.4689,776.04395,785.7143,832.4542,878.7912,-0.39813232421875,0.14764404296875,0.8922119140625,1.622467041015625,-3.895416259765625,0.657958984375,0.0,4.0,4.0,4.0,4.0,100.0,event
10:33:48.869,0.0,0.0,0.0,0.0,0.0,0.0,0.0,0.0,0.0,0.0,0.0,0.0,0.0,0.0,0.0,0.0,0.0,0.0,0.0,0.0,841.31866,775.64105,793.36993,830.0366,1026.2638,-0.39813232421875,0.14764404296875,0.8922119140625,1.622467041015625,-3.895416259765625,0.657958984375,0.0,4.0,4.0,4.0,4.0,100.0,event
10:33:48.870,0.0,0.0,0.0,0.0,0.0,0.0,0.0,0.0,0.0,0.0,0.0,0.0,0.0,0.0,0.0,0.0,0.0,0.0,0.0,0.0,791.3553,778.0586,797.3993,817.9487,1009.7436,-0.39813232421875,0.14764404296875,0.8922119140625,1.622467041015625,-3.895416259765625,0.657958984375,0.0,4.0,4.0,4.0,4.0,100.0,event
10:33:48.870,0.0,0.0,0.0,0.0,0.0,0.0,0.0,0.0,0.0,0.0,0.0,0.0,0.0,0.0,0.0,0.0,0.0,0.0,0.0,0.0,761.13556,780.07324,794.17584,805.8608,745.42126,-0.39813232421875,0.14764404296875,0.8922119140625,1.622467041015625,-3.895416259765625,0.657958984375,0.0,4.0,4.0,4.0,4.0,100.0,event
10:33:48.871,0.0,0.0,0.0,0.0,0.0,0.0,0.0,0.0,0.0,0.0,0.0,0.0,0.0,0.0,0.0,0.0,0.0,0.0,0.0,0.0,792.96704,781.28204,790.14655,809.89014,732.52747,-0.39813232421875,0.14764404296875,0.8922119140625,1.622467041015625,-3.895416259765625,0.657958984375,0.0,4.0,4.0,4.0,4.0,100.0,event
10:33:48.872,0.0,0.0,0.0,0.0,0.0,0.0,0.0,0.0,0.0,0.0,0.0,0.0,0.0,0.0,0.0,0.0,0.0,0.0,0.0,0.0,837.6923,782.0879,791.75824,808.2784,776.4469,-0.39813232421875,0.14764404296875,0.8922119140625,1.622467041015625,-3.895416259765625,0.657958984375,0.0,4.0,4.0,4.0,4.0,100.0,event
10:33:48.895,0.0,0.0,0.0,0.0,0.0,0.0,0.0,0.0,0.0,0.0,0.0,0.0,0.0,0.0,0.0,0.0,0.0,0.0,0.0,0.0,843.3333,782.0879,792.1612,780.87915,733.73627,-0.39813232421875,0.14764404296875,0.8922119140625,1.622467041015625,-3.895416259765625,0.657958984375,0.0,4.0,4.0,4.0,4.0,100.0,event
10:33:48.896,0.0,0.0,0.0,0.0,0.0,0.0,0.0,0.0,0.0,0.0,0.0,0.0,0.0,0.0,0.0,0.0,0.0,0.0,0.0,0.0,804.2491,782.0879,796.99634,765.16486,657.98535,-0.39813232421875,0.14764404296875,0.8922119140625,1.622467041015625,-3.895416259765625,0.657958984375,0.0,4.0,4.0,4.0,4.0,100.0,event
10:33:48.897,0.0,0.0,0.0,0.0,0.0,0.0,0.0,0.0,0.0,0.0,0.0,0.0,0.0,0.0,0.0,0.0,0.0,0.0,0.0,0.0,766.3736,780.4762,796.1905,770.80585,728.9011,-0.39813232421875,0.14764404296875,0.8922119140625,1.622467041015625,-3.895416259765625,0.657958984375,0.0,4.0,4.0,4.0,4.0,100.0,event
10:33:48.898,0.0,0.0,0.0,0.0,0.0,0.0,0.0,0.0,0.0,0.0,0.0,0.0,0.0,0.0,0.0,0.0,0.0,0.0,0.0,0.0,784.5055,781.28204,783.2967,784.90845,813.5165,-0.39813232421875,0.14764404296875,0.8922119140625,1.622467041015625,-3.895416259765625,0.657958984375,0.0,4.0,4.0,4.0,4.0,100.0,event
10:33:48.898,0.0,0.0,0.0,0.0,0.0,0.0,0.0,0.0,0.0,0.0,0.0,0.0,0.0,0.0,0.0,0.0,0.0,0.0,0.0,0.0,841.31866,780.4762,778.86444,817.1429,685.38464,-0.39813232421875,0.14764404296875,0.8922119140625,1.622467041015625,-3.895416259765625,0.657958984375,0.0,4.0,4.0,4.0,4.0,100.0,event
10:33:48.899,0.0,0.0,0.0,0.0,0.0,0.0,0.0,0.0,0.0,0.0,0.0,0.0,0.0,0.0,0.0,0.0,0.0,0.0,0.0,0.0,866.30035,782.49084,783.2967,825.6044,694.2491,-0.39813232421875,0.14764404296875,0.8922119140625,1.622467041015625,-3.895416259765625,0.657958984375,0.0,4.0,4.0,4.0,4.0,100.0,event
10:33:48.900,0.0,0.0,0.0,0.0,0.0,0.0,0.0,0.0,0.0,0.0,0.0,0.0,0.0,0.0,0.0,0.0,0.0,0.0,0.0,0.0,820.7692,783.2967,790.54944,809.4872,927.9487,-0.39813232421875,0.14764404296875,0.8922119140625,1.622467041015625,-3.895416259765625,0.657958984375,0.0,4.0,4.0,4.0,4.0,100.0,event
10:33:48.900,0.0,0.0,0.0,0.0,0.0,0.0,0.0,0.0,0.0,0.0,0.0,0.0,0.0,0.0,0.0,0.0,0.0,0.0,0.0,0.0,763.5531,783.2967,796.1905,800.6227,1097.1794,-0.39813232421875,0.14764404296875,0.8922119140625,1.622467041015625,-3.895416259765625,0.657958984375,0.0,4.0,4.0,4.0,4.0,100.0,event
10:33:48.901,0.0,0.0,0.0,0.0,0.0,0.0,0.0,0.0,0.0,0.0,0.0,0.0,0.0,0.0,0.0,0.0,0.0,0.0,0.0,0.0,775.2381,780.87915,796.5934,796.99634,848.1685,-0.39813232421875,0.14764404296875,0.8922119140625,1.622467041015625,-3.895416259765625,0.657958984375,0.0,4.0,4.0,4.0,4.0,100.0,event
10:33:48.902,0.0,0.0,0.0,0.0,0.0,0.0,0.0,0.0,0.0,0.0,0.0,0.0,0.0,0.0,0.0,0.0,0.0,0.0,0.0,0.0,824.7985,776.4469,798.60803,806.6667,679.7436,-0.39813232421875,0.14764404296875,0.8922119140625,1.622467041015625,-3.895416259765625,0.657958984375,0.0,4.0,4.0,4.0,4.0,100.0,event
10:33:48.902,0.0,0.0,0.0,0.0,0.0,0.0,0.0,0.0,0.0,0.0,0.0,0.0,0.0,0.0,0.0,0.0,0.0,0.0,0.0,0.0,857.03296,779.2674,795.38464,823.5897,788.93774,-0.39813232421875,0.14764404296875,0.8922119140625,1.622467041015625,-3.895416259765625,0.657958984375,0.0,4.0,4.0,4.0,4.0,100.0,event
10:33:48.903,0.0,0.0,0.0,0.0,0.0,0.0,0.0,0.0,0.0,0.0,0.0,0.0,0.0,0.0,0.0,0.0,0.0,0.0,0.0,0.0,832.0513,787.72894,794.57874,821.978,793.7729,-0.39813232421875,0.14764404296875,0.8922119140625,1.622467041015625,-3.895416259765625,0.657958984375,0.0,4.0,4.0,4.0,4.0,100.0,event
10:33:48.992,0.0,0.0,0.0,0.0,0.0,0.0,0.0,0.0,0.0,0.0,0.0,0.0,0.0,0.0,0.0,0.0,0.0,0.0,0.0,0.0,783.69965,787.326,800.2198,811.50183,676.9231,-0.40643310546875,0.14471435546875,0.8916015625,2.0037841796875,-3.36456298828125,0.216827392578125,0.0,4.0,4.0,4.0,4.0,100.0,event
10:33:48.993,0.0,0.0,0.0,0.0,0.0,0.0,0.0,0.0,0.0,0.0,0.0,0.0,0.0,0.0,0.0,0.0,0.0,0.0,0.0,0.0,784.5055,783.69965,784.5055,797.8022,655.16486,-0.40643310546875,0.14471435546875,0.8916015625,2.0037841796875,-3.36456298828125,0.216827392578125,0.0,4.0,4.0,4.0,4.0,100.0,event
10:33:48.994,0.0,0.0,0.0,0.0,0.0,0.0,0.0,0.0,0.0,0.0,0.0,0.0,0.0,0.0,0.0,0.0,0.0,0.0,0.0,0.0,820.3663,786.1172,783.2967,805.8608,700.293,-0.40643310546875,0.14471435546875,0.8916015625,2.0037841796875,-3.36456298828125,0.216827392578125,0.0,4.0,4.0,4.0,4.0,100.0,event
10:33:48.995,0.0,0.0,0.0,0.0,0.0,0.0,0.0,0.0,0.0,0.0,0.0,0.0,0.0,0.0,0.0,0.0,0.0,0.0,0.0,0.0,852.6007,783.69965,801.4286,802.6374,745.82416,-0.40643310546875,0.14471435546875,0.8916015625,2.0037841796875,-3.36456298828125,0.216827392578125,0.0,4.0,4.0,4.0,4.0,100.0,event
10:33:48.996,0.0,0.0,0.0,0.0,0.0,0.0,0.0,0.0,0.0,0.0,0.0,0.0,0.0,0.0,0.0,0.0,0.0,0.0,0.0,0.0,826.0073,777.6557,806.6667,772.4176,747.4359,-0.40643310546875,0.14471435546875,0.8916015625,2.0037841796875,-3.36456298828125,0.216827392578125,0.0,4.0,4.0,4.0,4.0,100.0,event
10:33:48.996,0.0,0.0,0.0,0.0,0.0,0.0,0.0,0.0,0.0,0.0,0.0,0.0,0.0,0.0,0.0,0.0,0.0,0.0,0.0,0.0,768.3883,776.04395,805.05493,771.2088,721.2454,-0.40643310546875,0.14471435546875,0.8916015625,2.0037841796875,-3.36456298828125,0.216827392578125,0.0,4.0,4.0,4.0,4.0,100.0,event
10:33:48.997,0.0,0.0,0.0,0.0,0.0,0.0,0.0,0.0,0.0,0.0,0.0,0.0,0.0,0.0,0.0,0.0,0.0,0.0,0.0,0.0,765.56775,772.4176,797.3993,785.7143,972.674,-0.40643310546875,0.14471435546875,0.8916015625,2.0037841796875,-3.36456298828125,0.216827392578125,0.0,4.0,4.0,4.0,4.0,100.0,event
10:33:48.998,0.0,0.0,0.0,0.0,0.0,0.0,0.0,0.0,0.0,0.0,0.0,0.0,0.0,0.0,0.0,0.0,0.0,0.0,0.0,0.0,821.1722,772.8205,785.31134,777.6557,1013.7729,-0.40643310546875,0.14471435546875,0.8916015625,2.0037841796875,-3.36456298828125,0.216827392578125,0.0,4.0,4.0,4.0,4.0,100.0,event
10:33:48.998,0.0,0.0,0.0,0.0,0.0,0.0,0.0,0.0,0.0,0.0,0.0,0.0,0.0,0.0,0.0,0.0,0.0,0.0,0.0,0.0,857.03296,777.6557,781.28204,766.3736,722.8571,-0.40643310546875,0.14471435546875,0.8916015625,2.0037841796875,-3.36456298828125,0.216827392578125,0.0,4.0,4.0,4.0,4.0,100.0,event
10:33:48.999,0.0,0.0,0.0,0.0,0.0,0.0,0.0,0.0,0.0,0.0,0.0,0.0,0.0,0.0,0.0,0.0,0.0,0.0,0.0,0.0,822.7839,777.6557,788.93774,759.5238,728.49817,-0.40643310546875,0.14471435546875,0.8916015625,2.0037841796875,-3.36456298828125,0.216827392578125,0.0,4.0,4.0,4.0,4.0,100.0,event
10:33:48.999,0.0,0.0,0.0,0.0,0.0,0.0,0.0,0.0,0.0,0.0,0.0,0.0,0.0,0.0,0.0,0.0,0.0,0.0,0.0,0.0,772.01465,776.8498,795.38464,777.6557,850.989,-0.40643310546875,0.14471435546875,0.8916015625,2.0037841796875,-3.36456298828125,0.216827392578125,0.0,4.0,4.0,4.0,4.0,100.0,event
10:33:49.000,0.0,0.0,0.0,0.0,0.0,0.0,0.0,0.0,0.0,0.0,0.0,0.0,0.0,0.0,0.0,0.0,0.0,0.0,0.0,0.0,818.3516,780.07324,785.31134,790.14655,653.95605,-0.40576171875,0.14971923828125,0.8944091796875,2.190704345703125,-3.170166015625,0.1495361328125,0.0,4.0,4.0,4.0,4.0,100.0,event
10:33:49.000,0.0,0.0,0.0,0.0,0.0,0.0,0.0,0.0,0.0,0.0,0.0,0.0,0.0,0.0,0.0,0.0,0.0,0.0,0.0,0.0,774.43225,780.4762,789.7436,790.9524,712.381,-0.40643310546875,0.14471435546875,0.8916015625,2.0037841796875,-3.36456298828125,0.216827392578125,0.0,4.0,4.0,4.0,4.0,100.0,event
10:33:49.001,0.0,0.0,0.0,0.0,0.0,0.0,0.0,0.0,0.0,0.0,0.0,0.0,0.0,0.0,0.0,0.0,0.0,0.0,0.0,0.0,852.6007,776.4469,791.3553,797.3993,756.30035,-0.40576171875,0.14971923828125,0.8944091796875,2.190704345703125,-3.170166015625,0.1495361328125,0.0,4.0,4.0,4.0,4.0,100.0,event
10:33:49.002,0.0,0.0,0.0,0.0,0.0,0.0,0.0,0.0,0.0,0.0,0.0,0.0,0.0,0.0,0.0,0.0,0.0,0.0,0.0,0.0,830.0366,776.4469,797.8022,774.0293,785.7143,-0.40576171875,0.14971923828125,0.8944091796875,2.190704345703125,-3.170166015625,0.1495361328125,0.0,4.0,4.0,4.0,4.0,100.0,event
10:33:49.002,0.0,0.0,0.0,0.0,0.0,0.0,0.0,0.0,0.0,0.0,0.0,0.0,0.0,0.0,0.0,0.0,0.0,0.0,0.0,0.0,776.4469,777.6557,802.23444,738.1685,726.08057,-0.40576171875,0.14971923828125,0.8944091796875,2.190704345703125,-3.170166015625,0.1495361328125,0.0,4.0,4.0,4.0,4.0,100.0,event
10:33:49.003,0.0,0.0,0.0,0.0,0.0,0.0,0.0,0.0,0.0,0.0,0.0,0.0,0.0,0.0,0.0,0.0,0.0,0.0,0.0,0.0,758.71796,777.25275,801.8315,711.978,651.13556,-0.40576171875,0.14971923828125,0.8944091796875,2.190704345703125,-3.170166015625,0.1495361328125,0.0,4.0,4.0,4.0,4.0,100.0,event
10:33:49.003,0.0,0.0,0.0,0.0,0.0,0.0,0.0,0.0,0.0,0.0,0.0,0.0,0.0,0.0,0.0,0.0,0.0,0.0,0.0,0.0,788.1319,776.4469,795.78754,717.2161,826.4103,-0.40576171875,0.14971923828125,0.8944091796875,2.190704345703125,-3.170166015625,0.1495361328125,0.0,4.0,4.0,4.0,4.0,100.0,event
10:33:49.004,0.0,0.0,0.0,0.0,0.0,0.0,0.0,0.0,0.0,0.0,0.0,0.0,0.0,0.0,0.0,0.0,0.0,0.0,0.0,0.0,829.6337,775.64105,790.54944,744.21246,1019.41394,-0.40576171875,0.14971923828125,0.8944091796875,2.190704345703125,-3.170166015625,0.1495361328125,0.0,4.0,4.0,4.0,4.0,100.0,event
10:33:49.004,0.0,0.0,0.0,0.0,0.0,0.0,0.0,0.0,0.0,0.0,0.0,0.0,0.0,0.0,0.0,0.0,0.0,0.0,0.0,0.0,834.0659,777.25275,792.1612,771.6117,846.9597,-0.40576171875,0.14971923828125,0.8944091796875,2.190704345703125,-3.170166015625,0.1495361328125,0.0,4.0,4.0,4.0,4.0,100.0,event
10:33:49.004,0.0,0.0,0.0,0.0,0.0,0.0,0.0,0.0,0.0,0.0,0.0,0.0,0.0,0.0,0.0,0.0,0.0,0.0,0.0,0.0,784.10254,779.67035,792.5641,770.40295,732.52747,-0.40576171875,0.14971923828125,0.8944091796875,2.190704345703125,-3.170166015625,0.1495361328125,0.0,4.0,4.0,4.0,4.0,100.0,event
10:33:49.005,0.0,0.0,0.0,0.0,0.0,0.0,0.0,0.0,0.0,0.0,0.0,0.0,0.0,0.0,0.0,0.0,0.0,0.0,0.0,0.0,761.13556,780.87915,786.1172,765.9707,755.09155,-0.40576171875,0.14971923828125,0.8944091796875,2.190704345703125,-3.170166015625,0.1495361328125,0.0,4.0,4.0,4.0,4.0,100.0,event
10:33:49.006,0.0,0.0,0.0,0.0,0.0,0.0,0.0,0.0,0.0,0.0,0.0,0.0,0.0,0.0,0.0,0.0,0.0,0.0,0.0,0.0,794.57874,779.67035,784.10254,778.86444,740.58606,-0.40576171875,0.14971923828125,0.8944091796875,2.190704345703125,-3.170166015625,0.1495361328125,0.0,4.0,4.0,4.0,4.0,100.0,event
10:33:49.006,0.0,0.0,0.0,0.0,0.0,0.0,0.0,0.0,0.0,0.0,0.0,0.0,0.0,0.0,0.0,0.0,0.0,0.0,0.0,0.0,844.94507,776.8498,787.72894,800.6227,738.5714,-0.40576171875,0.14971923828125,0.8944091796875,2.190704345703125,-3.170166015625,0.1495361328125,0.0,4.0,4.0,4.0,4.0,100.0,event
10:33:49.042,0.0,0.0,0.0,0.0,0.0,0.0,0.0,0.0,0.0,0.0,0.0,0.0,0.0,0.0,0.0,0.0,0.0,0.0,0.0,0.0,847.76556,770.40295,787.72894,815.5311,751.4652,-0.41119384765625,0.14398193359375,0.88922119140625,2.10845947265625,-3.566436767578125,0.777587890625,0.0,4.0,4.0,4.0,4.0,100.0,event
10:33:49.043,0.0,0.0,0.0,0.0,0.0,0.0,0.0,0.0,0.0,0.0,0.0,0.0,0.0,0.0,0.0,0.0,0.0,0.0,0.0,0.0,782.49084,774.83514,793.7729,784.10254,874.35895,-0.41119384765625,0.14398193359375,0.88922119140625,2.10845947265625,-3.566436767578125,0.777587890625,0.0,4.0,4.0,4.0,4.0,100.0,event
10:33:49.047,0.0,0.0,0.0,0.0,0.0,0.0,0.0,0.0,0.0,0.0,0.0,0.0,0.0,0.0,0.0,0.0,0.0,0.0,0.0,0.0,742.6007,783.2967,796.1905,720.84247,977.50916,-0.41119384765625,0.14398193359375,0.88922119140625,2.10845947265625,-3.566436767578125,0.777587890625,0.0,4.0,4.0,4.0,4.0,100.0,event
10:33:49.047,0.0,0.0,0.0,0.0,0.0,0.0,0.0,0.0,0.0,0.0,0.0,0.0,0.0,0.0,0.0,0.0,0.0,0.0,0.0,0.0,775.64105,776.4469,790.54944,704.3223,756.30035,-0.41119384765625,0.14398193359375,0.88922119140625,2.10845947265625,-3.566436767578125,0.777587890625,0.0,4.0,4.0,4.0,4.0,100.0,event
10:33:49.048,0.0,0.0,0.0,0.0,0.0,0.0,0.0,0.0,0.0,0.0,0.0,0.0,0.0,0.0,0.0,0.0,0.0,0.0,0.0,0.0,829.2308,772.4176,783.2967,751.06226,734.1392,-0.41119384765625,0.14398193359375,0.88922119140625,2.10845947265625,-3.566436767578125,0.777587890625,0.0,4.0,4.0,4.0,4.0,100.0,event
10:33:49.048,0.0,0.0,0.0,0.0,0.0,0.0,0.0,0.0,0.0,0.0,0.0,0.0,0.0,0.0,0.0,0.0,0.0,0.0,0.0,0.0,842.1245,775.64105,785.7143,773.22345,1000.07324,-0.41119384765625,0.14398193359375,0.88922119140625,2.10845947265625,-3.566436767578125,0.777587890625,0.0,4.0,4.0,4.0,4.0,100.0,event
10:33:49.049,0.0,0.0,0.0,0.0,0.0,0.0,0.0,0.0,0.0,0.0,0.0,0.0,0.0,0.0,0.0,0.0,0.0,0.0,0.0,0.0,793.36993,774.83514,800.2198,767.98535,947.28937,-0.41119384765625,0.14398193359375,0.88922119140625,2.10845947265625,-3.566436767578125,0.777587890625,0.0,4.0,4.0,4.0,4.0,100.0,event
10:33:49.050,0.0,0.0,0.0,0.0,0.0,0.0,0.0,0.0,0.0,0.0,0.0,0.0,0.0,0.0,0.0,0.0,0.0,0.0,0.0,0.0,757.9121,771.6117,799.011,757.50916,779.67035,-0.41119384765625,0.14398193359375,0.88922119140625,2.10845947265625,-3.566436767578125,0.777587890625,0.0,4.0,4.0,4.0,4.0,100.0,event
10:33:49.050,0.0,0.0,0.0,0.0,0.0,0.0,0.0,0.0,0.0,0.0,0.0,0.0,0.0,0.0,0.0,0.0,0.0,0.0,0.0,0.0,786.52014,770.0,792.96704,765.56775,757.50916,-0.41119384765625,0.14398193359375,0.88922119140625,2.10845947265625,-3.566436767578125,0.777587890625,0.0,4.0,4.0,4.0,4.0,100.0,event
10:33:49.051,0.0,0.0,0.0,0.0,0.0,0.0,0.0,0.0,0.0,0.0,0.0,0.0,0.0,0.0,0.0,0.0,0.0,0.0,0.0,0.0,824.7985,769.59705,796.5934,787.326,944.0659,-0.41119384765625,0.14398193359375,0.88922119140625,2.10845947265625,-3.566436767578125,0.777587890625,0.0,4.0,4.0,4.0,4.0,100.0,event
10:33:49.051,0.0,0.0,0.0,0.0,0.0,0.0,0.0,0.0,0.0,0.0,0.0,0.0,0.0,0.0,0.0,0.0,0.0,0.0,0.0,0.0,849.3773,774.43225,796.5934,780.87915,918.68134,-0.41119384765625,0.14398193359375,0.88922119140625,2.10845947265625,-3.566436767578125,0.777587890625,0.0,4.0,4.0,4.0,4.0,100.0,event
10:33:49.052,0.0,0.0,0.0,0.0,0.0,0.0,0.0,0.0,0.0,0.0,0.0,0.0,0.0,0.0,0.0,0.0,0.0,0.0,0.0,0.0,815.9341,778.46155,792.96704,763.5531,713.9927,-0.41119384765625,0.14398193359375,0.88922119140625,2.10845947265625,-3.566436767578125,0.777587890625,0.0,4.0,4.0,4.0,4.0,100.0,event
10:33:49.089,0.0,0.0,0.0,0.0,0.0,0.0,0.0,0.0,0.0,0.0,0.0,0.0,0.0,0.0,0.0,0.0,0.0,0.0,0.0,0.0,764.35895,778.0586,789.7436,757.9121,776.04395,-0.411865234375,0.14739990234375,0.8912353515625,1.861724853515625,-3.2598876953125,0.43365478515625,0.0,4.0,4.0,4.0,4.0,100.0,event
10:33:49.090,0.0,0.0,0.0,0.0,0.0,0.0,0.0,0.0,0.0,0.0,0.0,0.0,0.0,0.0,0.0,0.0,0.0,0.0,0.0,0.0,830.84247,772.4176,775.64105,807.0696,807.8755,-0.411865234375,0.14739990234375,0.8912353515625,1.861724853515625,-3.2598876953125,0.43365478515625,0.0,4.0,4.0,4.0,4.0,100.0,event
10:33:49.090,0.0,0.0,0.0,0.0,0.0,0.0,0.0,0.0,0.0,0.0,0.0,0.0,0.0,0.0,0.0,0.0,0.0,0.0,0.0,0.0,780.07324,775.2381,780.4762,772.8205,892.0879,-0.411865234375,0.14739990234375,0.8912353515625,1.861724853515625,-3.2598876953125,0.43365478515625,0.0,4.0,4.0,4.0,4.0,100.0,event
10:33:49.091,0.0,0.0,0.0,0.0,0.0,0.0,0.0,0.0,0.0,0.0,0.0,0.0,0.0,0.0,0.0,0.0,0.0,0.0,0.0,0.0,858.24176,773.6264,788.5348,821.5751,726.8865,-0.411865234375,0.14739990234375,0.8912353515625,1.861724853515625,-3.2598876953125,0.43365478515625,0.0,4.0,4.0,4.0,4.0,100.0,event
10:33:49.092,0.0,0.0,0.0,0.0,0.0,0.0,0.0,0.0,0.0,0.0,0.0,0.0,0.0,0.0,0.0,0.0,0.0,0.0,0.0,0.0,818.7546,774.0293,806.6667,805.05493,772.4176,-0.411865234375,0.14739990234375,0.8912353515625,1.861724853515625,-3.2598876953125,0.43365478515625,0.0,4.0,4.0,4.0,4.0,100.0,event
10:33:49.092,0.0,0.0,0.0,0.0,0.0,0.0,0.0,0.0,0.0,0.0,0.0,0.0,0.0,0.0,0.0,0.0,0.0,0.0,0.0,0.0,768.3883,776.04395,807.47253,782.8938,840.5128,-0.411865234375,0.14739990234375,0.8912353515625,1.861724853515625,-3.2598876953125,0.43365478515625,0.0,4.0,4.0,4.0,4.0,100.0,event
10:33:49.093,0.0,0.0,0.0,0.0,0.0,0.0,0.0,0.0,0.0,0.0,0.0,0.0,0.0,0.0,0.0,0.0,0.0,0.0,0.0,0.0,774.83514,778.46155,800.6227,792.1612,792.5641,-0.411865234375,0.14739990234375,0.8912353515625,1.861724853515625,-3.2598876953125,0.43365478515625,0.0,4.0,4.0,4.0,4.0,100.0,event
10:33:49.094,0.0,0.0,0.0,0.0,0.0,0.0,0.0,0.0,0.0,0.0,0.0,0.0,0.0,0.0,0.0,0.0,0.0,0.0,0.0,0.0,817.9487,774.43225,789.34064,828.4249,734.94507,-0.411865234375,0.14739990234375,0.8912353515625,1.861724853515625,-3.2598876953125,0.43365478515625,0.0,4.0,4.0,4.0,4.0,100.0,event
10:33:49.094,0.0,0.0,0.0,0.0,0.0,0.0,0.0,0.0,0.0,0.0,0.0,0.0,0.0,0.0,0.0,0.0,0.0,0.0,0.0,0.0,849.7802,775.2381,790.54944,844.1392,858.6447,-0.411865234375,0.14739990234375,0.8912353515625,1.861724853515625,-3.2598876953125,0.43365478515625,0.0,4.0,4.0,4.0,4.0,100.0,event
10:33:49.095,0.0,0.0,0.0,0.0,0.0,0.0,0.0,0.0,0.0,0.0,0.0,0.0,0.0,0.0,0.0,0.0,0.0,0.0,0.0,0.0,818.7546,781.28204,801.02563,849.3773,1100.8059,-0.411865234375,0.14739990234375,0.8912353515625,1.861724853515625,-3.2598876953125,0.43365478515625,0.0,4.0,4.0,4.0,4.0,100.0,event
10:33:49.096,0.0,0.0,0.0,0.0,0.0,0.0,0.0,0.0,0.0,0.0,0.0,0.0,0.0,0.0,0.0,0.0,0.0,0.0,0.0,0.0,779.67035,778.46155,797.3993,851.39197,882.01465,-0.411865234375,0.14739990234375,0.8912353515625,1.861724853515625,-3.2598876953125,0.43365478515625,0.0,4.0,4.0,4.0,4.0,100.0,event
10:33:49.096,0.0,0.0,0.0,0.0,0.0,0.0,0.0,0.0,0.0,0.0,0.0,0.0,0.0,0.0,0.0,0.0,0.0,0.0,0.0,0.0,789.7436,777.25275,785.31134,869.12085,668.46155,-0.411865234375,0.14739990234375,0.8912353515625,1.861724853515625,-3.2598876953125,0.43365478515625,0.0,4.0,4.0,4.0,4.0,100.0,event
10:33:49.141,0.0,0.0,0.0,0.0,0.0,0.0,0.0,0.0,0.0,0.0,0.0,0.0,0.0,0.0,0.0,0.0,0.0,0.0,0.0,0.0,829.2308,778.46155,778.86444,877.98535,772.01465,-0.411865234375,0.14739990234375,0.8912353515625,1.861724853515625,-3.2598876953125,0.43365478515625,0.0,4.0,4.0,4.0,4.0,100.0,event
10:33:49.143,0.0,0.0,0.0,0.0,0.0,0.0,0.0,0.0,0.0,0.0,0.0,0.0,0.0,0.0,0.0,0.0,0.0,0.0,0.0,0.0,855.82416,774.83514,786.1172,854.61536,759.92676,-0.411865234375,0.14739990234375,0.8912353515625,1.861724853515625,-3.2598876953125,0.43365478515625,0.0,4.0,4.0,4.0,4.0,100.0,event
10:33:49.144,0.0,0.0,0.0,0.0,0.0,0.0,0.0,0.0,0.0,0.0,0.0,0.0,0.0,0.0,0.0,0.0,0.0,0.0,0.0,0.0,828.022,772.4176,792.96704,865.89746,778.0586,-0.411865234375,0.14739990234375,0.8912353515625,1.861724853515625,-3.2598876953125,0.43365478515625,0.0,4.0,4.0,4.0,4.0,100.0,event
10:33:49.145,0.0,0.0,0.0,0.0,0.0,0.0,0.0,0.0,0.0,0.0,0.0,0.0,0.0,0.0,0.0,0.0,0.0,0.0,0.0,0.0,778.86444,772.8205,794.17584,877.98535,770.80585,-0.411865234375,0.14739990234375,0.8912353515625,1.861724853515625,-3.2598876953125,0.43365478515625,0.0,4.0,4.0,4.0,4.0,100.0,event
10:33:49.149,0.0,0.0,0.0,0.0,0.0,0.0,0.0,0.0,0.0,0.0,0.0,0.0,0.0,0.0,0.0,0.0,0.0,0.0,0.0,0.0,765.16486,771.2088,790.54944,885.2381,821.978,-0.411865234375,0.14739990234375,0.8912353515625,1.861724853515625,-3.2598876953125,0.43365478515625,0.0,4.0,4.0,4.0,4.0,100.0,event
10:33:49.150,0.0,0.0,0.0,0.0,0.0,0.0,0.0,0.0,0.0,0.0,0.0,0.0,0.0,0.0,0.0,0.0,0.0,0.0,0.0,0.0,801.4286,767.98535,782.49084,896.1172,927.9487,-0.411865234375,0.14739990234375,0.8912353515625,1.861724853515625,-3.2598876953125,0.43365478515625,0.0,4.0,4.0,4.0,4.0,100.0,event
10:33:49.151,0.0,0.0,0.0,0.0,0.0,0.0,0.0,0.0,0.0,0.0,0.0,0.0,0.0,0.0,0.0,0.0,0.0,0.0,0.0,0.0,846.55676,771.6117,794.17584,890.07324,893.69965,-0.411865234375,0.14739990234375,0.8912353515625,1.861724853515625,-3.2598876953125,0.43365478515625,0.0,4.0,4.0,4.0,4.0,100.0,event
10:33:49.152,0.0,0.0,0.0,0.0,0.0,0.0,0.0,0.0,0.0,0.0,0.0,0.0,0.0,0.0,0.0,0.0,0.0,0.0,0.0,0.0,833.2601,779.2674,800.6227,875.16486,849.3773,-0.411865234375,0.14739990234375,0.8912353515625,1.861724853515625,-3.2598876953125,0.43365478515625,0.0,4.0,4.0,4.0,4.0,100.0,event
10:33:49.152,0.0,0.0,0.0,0.0,0.0,0.0,0.0,0.0,0.0,0.0,0.0,0.0,0.0,0.0,0.0,0.0,0.0,0.0,0.0,0.0,777.6557,781.28204,797.8022,858.24176,904.57874,-0.411865234375,0.14739990234375,0.8912353515625,1.861724853515625,-3.2598876953125,0.43365478515625,0.0,4.0,4.0,4.0,4.0,100.0,event
10:33:49.153,0.0,0.0,0.0,0.0,0.0,0.0,0.0,0.0,0.0,0.0,0.0,0.0,0.0,0.0,0.0,0.0,0.0,0.0,0.0,0.0,757.50916,777.25275,792.5641,874.35895,879.59705,-0.411865234375,0.14739990234375,0.8912353515625,1.861724853515625,-3.2598876953125,0.43365478515625,0.0,4.0,4.0,4.0,4.0,100.0,event
10:33:49.154,0.0,0.0,0.0,0.0,0.0,0.0,0.0,0.0,0.0,0.0,0.0,0.0,0.0,0.0,0.0,0.0,0.0,0.0,0.0,0.0,793.36993,775.64105,782.49084,892.49084,648.71796,-0.411865234375,0.14739990234375,0.8912353515625,1.861724853515625,-3.2598876953125,0.43365478515625,0.0,4.0,4.0,4.0,4.0,100.0,event
10:33:49.154,0.0,0.0,0.0,0.0,0.0,0.0,0.0,0.0,0.0,0.0,0.0,0.0,0.0,0.0,0.0,0.0,0.0,0.0,0.0,0.0,846.1539,780.07324,777.6557,939.2308,653.95605,-0.411865234375,0.14739990234375,0.8912353515625,1.861724853515625,-3.2598876953125,0.43365478515625,0.0,4.0,4.0,4.0,4.0,100.0,event
10:33:49.189,0.0,0.0,0.0,0.0,0.0,0.0,0.0,0.0,0.0,0.0,0.0,0.0,0.0,0.0,0.0,0.0,0.0,0.0,0.0,0.0,848.1685,778.46155,778.46155,969.0476,776.8498,-0.4102783203125,0.149169921875,0.89422607421875,2.07855224609375,-4.127197265625,0.441131591796875,0.0,4.0,4.0,4.0,4.0,100.0,event
10:33:49.190,0.0,0.0,0.0,0.0,0.0,0.0,0.0,0.0,0.0,0.0,0.0,0.0,0.0,0.0,0.0,0.0,0.0,0.0,0.0,0.0,789.34064,774.43225,791.75824,1010.14655,728.0952,-0.4102783203125,0.149169921875,0.89422607421875,2.07855224609375,-4.127197265625,0.441131591796875,0.0,4.0,4.0,4.0,4.0,100.0,event
10:33:49.191,0.0,0.0,0.0,0.0,0.0,0.0,0.0,0.0,0.0,0.0,0.0,0.0,0.0,0.0,0.0,0.0,0.0,0.0,0.0,0.0,784.10254,777.6557,796.1905,1282.1245,740.989,-0.4102783203125,0.149169921875,0.89422607421875,2.07855224609375,-4.127197265625,0.441131591796875,0.0,4.0,4.0,4.0,4.0,100.0,event
10:33:49.191,0.0,0.0,0.0,0.0,0.0,0.0,0.0,0.0,0.0,0.0,0.0,0.0,0.0,0.0,0.0,0.0,0.0,0.0,0.0,0.0,759.12085,775.2381,799.81683,1156.0073,698.68134,-0.4102783203125,0.149169921875,0.89422607421875,2.07855224609375,-4.127197265625,0.441131591796875,0.0,4.0,4.0,4.0,4.0,100.0,event
10:33:49.192,0.0,0.0,0.0,0.0,0.0,0.0,0.0,0.0,0.0,0.0,0.0,0.0,0.0,0.0,0.0,0.0,0.0,0.0,0.0,0.0,827.619,777.25275,797.8022,1304.2858,784.10254,-0.4102783203125,0.149169921875,0.89422607421875,2.07855224609375,-4.127197265625,0.441131591796875,0.0,4.0,4.0,4.0,4.0,100.0,event
10:33:49.193,0.0,0.0,0.0,0.0,0.0,0.0,0.0,0.0,0.0,0.0,0.0,0.0,0.0,0.0,0.0,0.0,0.0,0.0,0.0,0.0,832.8571,777.25275,799.011,1174.5421,868.71796,-0.4102783203125,0.149169921875,0.89422607421875,2.07855224609375,-4.127197265625,0.441131591796875,0.0,4.0,4.0,4.0,4.0,100.0,event
10:33:49.194,0.0,0.0,0.0,0.0,0.0,0.0,0.0,0.0,0.0,0.0,0.0,0.0,0.0,0.0,0.0,0.0,0.0,0.0,0.0,0.0,782.8938,779.2674,794.9817,1270.8425,823.1868,-0.4102783203125,0.149169921875,0.89422607421875,2.07855224609375,-4.127197265625,0.441131591796875,0.0,4.0,4.0,4.0,4.0,100.0,event
10:33:49.194,0.0,0.0,0.0,0.0,0.0,0.0,0.0,0.0,0.0,0.0,0.0,0.0,0.0,0.0,0.0,0.0,0.0,0.0,0.0,0.0,755.09155,774.83514,788.5348,1405.4213,899.7436,-0.4102783203125,0.149169921875,0.89422607421875,2.07855224609375,-4.127197265625,0.441131591796875,0.0,4.0,4.0,4.0,4.0,100.0,event
10:33:49.195,0.0,0.0,0.0,0.0,0.0,0.0,0.0,0.0,0.0,0.0,0.0,0.0,0.0,0.0,0.0,0.0,0.0,0.0,0.0,0.0,781.685,773.6264,786.52014,1413.0769,1110.4762,-0.4102783203125,0.149169921875,0.89422607421875,2.07855224609375,-4.127197265625,0.441131591796875,0.0,4.0,4.0,4.0,4.0,100.0,event
10:33:49.196,0.0,0.0,0.0,0.0,0.0,0.0,0.0,0.0,0.0,0.0,0.0,0.0,0.0,0.0,0.0,0.0,0.0,0.0,0.0,0.0,840.9158,778.46155,783.69965,1417.9121,938.022,-0.4102783203125,0.149169921875,0.89422607421875,2.07855224609375,-4.127197265625,0.441131591796875,0.0,4.0,4.0,4.0,4.0,100.0,event
10:33:49.196,0.0,0.0,0.0,0.0,0.0,0.0,0.0,0.0,0.0,0.0,0.0,0.0,0.0,0.0,0.0,0.0,0.0,0.0,0.0,0.0,853.8095,777.6557,786.52014,1350.6227,755.09155,-0.4102783203125,0.149169921875,0.89422607421875,2.07855224609375,-4.127197265625,0.441131591796875,0.0,4.0,4.0,4.0,4.0,100.0,event
10:33:49.197,0.0,0.0,0.0,0.0,0.0,0.0,0.0,0.0,0.0,0.0,0.0,0.0,0.0,0.0,0.0,0.0,0.0,0.0,0.0,0.0,799.41394,777.6557,790.14655,1273.663,792.1612,-0.4102783203125,0.149169921875,0.89422607421875,2.07855224609375,-4.127197265625,0.441131591796875,0.0,4.0,4.0,4.0,4.0,100.0,event
10:33:49.242,0.0,0.0,0.0,0.0,0.0,0.0,0.0,0.0,0.0,0.0,0.0,0.0,0.0,0.0,0.0,0.0,0.0,0.0,0.0,0.0,768.7912,780.4762,788.5348,1304.6886,740.58606,-0.403076171875,0.14447021484375,0.8896484375,2.1234130859375,-3.7384033203125,0.11962890625,0.0,4.0,4.0,4.0,4.0,100.0,event
10:33:49.243,0.0,0.0,0.0,0.0,0.0,0.0,0.0,0.0,0.0,0.0,0.0,0.0,0.0,0.0,0.0,0.0,0.0,0.0,0.0,0.0,787.326,778.0586,791.3553,1339.7435,659.19415,-0.403076171875,0.14447021484375,0.8896484375,2.1234130859375,-3.7384033203125,0.11962890625,0.0,4.0,4.0,4.0,4.0,100.0,event
10:33:49.244,0.0,0.0,0.0,0.0,0.0,0.0,0.0,0.0,0.0,0.0,0.0,0.0,0.0,0.0,0.0,0.0,0.0,0.0,0.0,0.0,832.4542,777.6557,800.6227,1292.1978,700.696,-0.403076171875,0.14447021484375,0.8896484375,2.1234130859375,-3.7384033203125,0.11962890625,0.0,4.0,4.0,4.0,4.0,100.0,event
10:33:49.246,0.0,0.0,0.0,0.0,0.0,0.0,0.0,0.0,0.0,0.0,0.0,0.0,0.0,0.0,0.0,0.0,0.0,0.0,0.0,0.0,853.8095,780.87915,804.65204,1256.337,840.5128,-0.403076171875,0.14447021484375,0.8896484375,2.1234130859375,-3.7384033203125,0.11962890625,0.0,4.0,4.0,4.0,4.0,100.0,event
10:33:49.247,0.0,0.0,0.0,0.0,0.0,0.0,0.0,0.0,0.0,0.0,0.0,0.0,0.0,0.0,0.0,0.0,0.0,0.0,0.0,0.0,808.68134,778.86444,801.4286,1249.0842,863.47986,-0.403076171875,0.14447021484375,0.8896484375,2.1234130859375,-3.7384033203125,0.11962890625,0.0,4.0,4.0,4.0,4.0,100.0,event
10:33:49.248,0.0,0.0,0.0,0.0,0.0,0.0,0.0,0.0,0.0,0.0,0.0,0.0,0.0,0.0,0.0,0.0,0.0,0.0,0.0,0.0,765.9707,778.46155,797.3993,1293.8096,832.0513,-0.403076171875,0.14447021484375,0.8896484375,2.1234130859375,-3.7384033203125,0.11962890625,0.0,4.0,4.0,4.0,4.0,100.0,event
10:33:49.251,0.0,0.0,0.0,0.0,0.0,0.0,0.0,0.0,0.0,0.0,0.0,0.0,0.0,0.0,0.0,0.0,0.0,0.0,0.0,0.0,777.6557,777.6557,790.9524,1376.8132,765.9707,-0.403076171875,0.14447021484375,0.8896484375,2.1234130859375,-3.7384033203125,0.11962890625,0.0,4.0,4.0,4.0,4.0,100.0,event
10:33:49.252,0.0,0.0,0.0,0.0,0.0,0.0,0.0,0.0,0.0,0.0,0.0,0.0,0.0,0.0,0.0,0.0,0.0,0.0,0.0,0.0,819.9634,778.86444,794.9817,1403.8096,964.21246,-0.403076171875,0.14447021484375,0.8896484375,2.1234130859375,-3.7384033203125,0.11962890625,0.0,4.0,4.0,4.0,4.0,100.0,event
10:33:49.252,0.0,0.0,0.0,0.0,0.0,0.0,0.0,0.0,0.0,0.0,0.0,0.0,0.0,0.0,0.0,0.0,0.0,0.0,0.0,0.0,848.97437,779.2674,796.99634,1332.0879,1046.4103,-0.403076171875,0.14447021484375,0.8896484375,2.1234130859375,-3.7384033203125,0.11962890625,0.0,4.0,4.0,4.0,4.0,100.0,event
10:33:49.253,0.0,0.0,0.0,0.0,0.0,0.0,0.0,0.0,0.0,0.0,0.0,0.0,0.0,0.0,0.0,0.0,0.0,0.0,0.0,0.0,820.7692,774.83514,796.5934,1191.8682,770.0,-0.403076171875,0.14447021484375,0.8896484375,2.1234130859375,-3.7384033203125,0.11962890625,0.0,4.0,4.0,4.0,4.0,100.0,event
10:33:49.254,0.0,0.0,0.0,0.0,0.0,0.0,0.0,0.0,0.0,0.0,0.0,0.0,0.0,0.0,0.0,0.0,0.0,0.0,0.0,0.0,776.04395,772.4176,796.5934,1119.7435,714.3956,-0.403076171875,0.14447021484375,0.8896484375,2.1234130859375,-3.7384033203125,0.11962890625,0.0,4.0,4.0,4.0,4.0,100.0,event
10:33:49.254,0.0,0.0,0.0,0.0,0.0,0.0,0.0,0.0,0.0,0.0,0.0,0.0,0.0,0.0,0.0,0.0,0.0,0.0,0.0,0.0,778.46155,772.01465,792.96704,1158.4249,829.6337,-0.403076171875,0.14447021484375,0.8896484375,2.1234130859375,-3.7384033203125,0.11962890625,0.0,4.0,4.0,4.0,4.0,100.0,event
10:33:49.281,0.0,0.0,0.0,0.0,0.0,0.0,0.0,0.0,0.0,0.0,0.0,0.0,0.0,0.0,0.0,0.0,0.0,0.0,0.0,0.0,827.619,774.83514,788.93774,1207.5824,801.4286,-0.40594482421875,0.14776611328125,0.89703369140625,2.19818115234375,-4.20196533203125,-0.022430419921875,0.0,4.0,4.0,4.0,4.0,100.0,event
10:33:49.282,0.0,0.0,0.0,0.0,0.0,0.0,0.0,0.0,0.0,0.0,0.0,0.0,0.0,0.0,0.0,0.0,0.0,0.0,0.0,0.0,857.4359,776.8498,784.90845,1171.3187,785.7143,-0.40594482421875,0.14776611328125,0.89703369140625,2.19818115234375,-4.20196533203125,-0.022430419921875,0.0,4.0,4.0,4.0,4.0,100.0,event
10:33:49.283,0.0,0.0,0.0,0.0,0.0,0.0,0.0,0.0,0.0,0.0,0.0,0.0,0.0,0.0,0.0,0.0,0.0,0.0,0.0,0.0,828.8278,779.2674,787.326,1110.8792,824.7985,-0.40594482421875,0.14776611328125,0.89703369140625,2.19818115234375,-4.20196533203125,-0.022430419921875,0.0,4.0,4.0,4.0,4.0,100.0,event
10:33:49.284,0.0,0.0,0.0,0.0,0.0,0.0,0.0,0.0,0.0,0.0,0.0,0.0,0.0,0.0,0.0,0.0,0.0,0.0,0.0,0.0,782.0879,777.6557,793.36993,1119.7435,794.57874,-0.40594482421875,0.14776611328125,0.89703369140625,2.19818115234375,-4.20196533203125,-0.022430419921875,0.0,4.0,4.0,4.0,4.0,100.0,event
10:33:49.285,0.0,0.0,0.0,0.0,0.0,0.0,0.0,0.0,0.0,0.0,0.0,0.0,0.0,0.0,0.0,0.0,0.0,0.0,0.0,0.0,772.4176,773.6264,795.78754,1120.5494,750.2564,-0.40594482421875,0.14776611328125,0.89703369140625,2.19818115234375,-4.20196533203125,-0.022430419921875,0.0,4.0,4.0,4.0,4.0,100.0,event
10:33:49.286,0.0,0.0,0.0,0.0,0.0,0.0,0.0,0.0,0.0,0.0,0.0,0.0,0.0,0.0,0.0,0.0,0.0,0.0,0.0,0.0,819.9634,773.6264,783.69965,1093.956,803.44324,-0.40594482421875,0.14776611328125,0.89703369140625,2.19818115234375,-4.20196533203125,-0.022430419921875,0.0,4.0,4.0,4.0,4.0,100.0,event
10:33:49.289,0.0,0.0,0.0,0.0,0.0,0.0,0.0,0.0,0.0,0.0,0.0,0.0,0.0,0.0,0.0,0.0,0.0,0.0,0.0,0.0,868.71796,777.6557,780.07324,1071.7949,922.71063,-0.40594482421875,0.14776611328125,0.89703369140625,2.19818115234375,-4.20196533203125,-0.022430419921875,0.0,4.0,4.0,4.0,4.0,100.0,event
10:33:49.290,0.0,0.0,0.0,0.0,0.0,0.0,0.0,0.0,0.0,0.0,0.0,0.0,0.0,0.0,0.0,0.0,0.0,0.0,0.0,0.0,835.6777,782.8938,805.8608,1062.5275,1118.5348,-0.40594482421875,0.14776611328125,0.89703369140625,2.19818115234375,-4.20196533203125,-0.022430419921875,0.0,4.0,4.0,4.0,4.0,100.0,event
10:33:49.290,0.0,0.0,0.0,0.0,0.0,0.0,0.0,0.0,0.0,0.0,0.0,0.0,0.0,0.0,0.0,0.0,0.0,0.0,0.0,0.0,770.0,778.0586,814.7253,1010.9524,913.0403,-0.40594482421875,0.14776611328125,0.89703369140625,2.19818115234375,-4.20196533203125,-0.022430419921875,0.0,4.0,4.0,4.0,4.0,100.0,event
10:33:49.291,0.0,0.0,0.0,0.0,0.0,0.0,0.0,0.0,0.0,0.0,0.0,0.0,0.0,0.0,0.0,0.0,0.0,0.0,0.0,0.0,755.4945,772.4176,802.6374,994.43225,744.61536,-0.40594482421875,0.14776611328125,0.89703369140625,2.19818115234375,-4.20196533203125,-0.022430419921875,0.0,4.0,4.0,4.0,4.0,100.0,event
10:33:49.292,0.0,0.0,0.0,0.0,0.0,0.0,0.0,0.0,0.0,0.0,0.0,0.0,0.0,0.0,0.0,0.0,0.0,0.0,0.0,0.0,796.1905,773.6264,797.3993,1021.8315,755.89746,-0.40594482421875,0.14776611328125,0.89703369140625,2.19818115234375,-4.20196533203125,-0.022430419921875,0.0,4.0,4.0,4.0,4.0,100.0,event
10:33:49.292,0.0,0.0,0.0,0.0,0.0,0.0,0.0,0.0,0.0,0.0,0.0,0.0,0.0,0.0,0.0,0.0,0.0,0.0,0.0,0.0,834.4689,772.01465,796.5934,986.3736,757.1062,-0.40594482421875,0.14776611328125,0.89703369140625,2.19818115234375,-4.20196533203125,-0.022430419921875,0.0,4.0,4.0,4.0,4.0,100.0,event
10:33:49.339,0.0,0.0,0.0,0.0,0.0,0.0,0.0,0.0,0.0,0.0,0.0,0.0,0.0,0.0,0.0,0.0,0.0,0.0,0.0,0.0,818.3516,774.83514,798.60803,946.08057,877.98535,-0.402587890625,0.1441650390625,0.88970947265625,2.28790283203125,-3.895416259765625,0.179443359375,0.0,4.0,4.0,4.0,4.0,100.0,event
10:33:49.341,0.0,0.0,0.0,0.0,0.0,0.0,0.0,0.0,0.0,0.0,0.0,0.0,0.0,0.0,0.0,0.0,0.0,0.0,0.0,0.0,768.7912,781.685,797.3993,928.3516,816.7399,-0.402587890625,0.1441650390625,0.88970947265625,2.28790283203125,-3.895416259765625,0.179443359375,0.0,4.0,4.0,4.0,4.0,100.0,event
10:33:49.343,0.0,0.0,0.0,0.0,0.0,0.0,0.0,0.0,0.0,0.0,0.0,0.0,0.0,0.0,0.0,0.0,0.0,0.0,0.0,0.0,747.4359,779.2674,794.57874,906.1905,795.38464,-0.402587890625,0.1441650390625,0.88970947265625,2.28790283203125,-3.895416259765625,0.179443359375,0.0,4.0,4.0,4.0,4.0,100.0,event
10:33:49.345,0.0,0.0,0.0,0.0,0.0,0.0,0.0,0.0,0.0,0.0,0.0,0.0,0.0,0.0,0.0,0.0,0.0,0.0,0.0,0.0,782.0879,777.6557,792.5641,897.72894,828.022,-0.402587890625,0.1441650390625,0.88970947265625,2.28790283203125,-3.895416259765625,0.179443359375,0.0,4.0,4.0,4.0,4.0,100.0,event
10:33:49.347,0.0,0.0,0.0,0.0,0.0,0.0,0.0,0.0,0.0,0.0,0.0,0.0,0.0,0.0,0.0,0.0,0.0,0.0,0.0,0.0,828.022,777.6557,790.54944,938.022,805.05493,-0.402587890625,0.1441650390625,0.88970947265625,2.28790283203125,-3.895416259765625,0.179443359375,0.0,4.0,4.0,4.0,4.0,100.0,event
10:33:49.348,0.0,0.0,0.0,0.0,0.0,0.0,0.0,0.0,0.0,0.0,0.0,0.0,0.0,0.0,0.0,0.0,0.0,0.0,0.0,0.0,821.978,778.86444,789.34064,943.663,868.315,-0.402587890625,0.1441650390625,0.88970947265625,2.28790283203125,-3.895416259765625,0.179443359375,0.0,4.0,4.0,4.0,4.0,100.0,event
10:33:49.349,0.0,0.0,0.0,0.0,0.0,0.0,0.0,0.0,0.0,0.0,0.0,0.0,0.0,0.0,0.0,0.0,0.0,0.0,0.0,0.0,772.8205,780.4762,787.326,801.02563,1039.9634,-0.402587890625,0.1441650390625,0.88970947265625,2.28790283203125,-3.895416259765625,0.179443359375,0.0,4.0,4.0,4.0,4.0,100.0,event
10:33:49.351,0.0,0.0,0.0,0.0,0.0,0.0,0.0,0.0,0.0,0.0,0.0,0.0,0.0,0.0,0.0,0.0,0.0,0.0,0.0,0.0,753.0769,778.86444,784.5055,608.4249,954.94507,-0.402587890625,0.1441650390625,0.88970947265625,2.28790283203125,-3.895416259765625,0.179443359375,0.0,4.0,4.0,4.0,4.0,100.0,event
10:33:49.356,0.0,0.0,0.0,0.0,0.0,0.0,0.0,0.0,0.0,0.0,0.0,0.0,0.0,0.0,0.0,0.0,0.0,0.0,0.0,0.0,793.7729,775.64105,783.69965,531.8681,672.0879,-0.402587890625,0.1441650390625,0.88970947265625,2.28790283203125,-3.895416259765625,0.179443359375,0.0,4.0,4.0,4.0,4.0,100.0,event
10:33:49.358,0.0,0.0,0.0,0.0,0.0,0.0,0.0,0.0,0.0,0.0,0.0,0.0,0.0,0.0,0.0,0.0,0.0,0.0,0.0,0.0,836.4835,775.64105,796.5934,527.8388,730.9158,-0.402587890625,0.1441650390625,0.88970947265625,2.28790283203125,-3.895416259765625,0.179443359375,0.0,4.0,4.0,4.0,4.0,100.0,event
10:33:49.359,0.0,0.0,0.0,0.0,0.0,0.0,0.0,0.0,0.0,0.0,0.0,0.0,0.0,0.0,0.0,0.0,0.0,0.0,0.0,0.0,833.2601,778.86444,801.8315,523.4066,778.46155,-0.402587890625,0.1441650390625,0.88970947265625,2.28790283203125,-3.895416259765625,0.179443359375,0.0,4.0,4.0,4.0,4.0,100.0,event
10:33:49.361,0.0,0.0,0.0,0.0,0.0,0.0,0.0,0.0,0.0,0.0,0.0,0.0,0.0,0.0,0.0,0.0,0.0,0.0,0.0,0.0,787.72894,780.4762,797.8022,543.1502,720.4396,-0.402587890625,0.1441650390625,0.88970947265625,2.28790283203125,-3.895416259765625,0.179443359375,0.0,4.0,4.0,4.0,4.0,100.0,event
10:33:49.398,0.0,0.0,0.0,0.0,0.0,0.0,0.0,0.0,0.0,0.0,0.0,0.0,0.0,0.0,0.0,0.0,0.0,0.0,0.0,0.0,753.0769,778.46155,797.3993,572.1612,647.1062,-0.402587890625,0.1441650390625,0.88970947265625,2.28790283203125,-3.895416259765625,0.179443359375,0.0,4.0,4.0,4.0,4.0,100.0,event
10:33:49.399,0.0,0.0,0.0,0.0,0.0,0.0,0.0,0.0,0.0,0.0,0.0,0.0,0.0,0.0,0.0,0.0,0.0,0.0,0.0,0.0,774.43225,777.6557,793.36993,604.7985,652.74725,-0.402587890625,0.1441650390625,0.88970947265625,2.28790283203125,-3.895416259765625,0.179443359375,0.0,4.0,4.0,4.0,4.0,100.0,event
10:33:49.400,0.0,0.0,0.0,0.0,0.0,0.0,0.0,0.0,0.0,0.0,0.0,0.0,0.0,0.0,0.0,0.0,0.0,0.0,0.0,0.0,819.9634,779.67035,792.96704,703.91943,707.5458,-0.402587890625,0.1441650390625,0.88970947265625,2.28790283203125,-3.895416259765625,0.179443359375,0.0,4.0,4.0,4.0,4.0,100.0,event
10:33:49.401,0.0,0.0,0.0,0.0,0.0,0.0,0.0,0.0,0.0,0.0,0.0,0.0,0.0,0.0,0.0,0.0,0.0,0.0,0.0,0.0,782.0879,775.2381,797.8022,770.80585,759.12085,-0.402587890625,0.1441650390625,0.88970947265625,2.28790283203125,-3.895416259765625,0.179443359375,0.0,4.0,4.0,4.0,4.0,100.0,event
10:33:49.401,0.0,0.0,0.0,0.0,0.0,0.0,0.0,0.0,0.0,0.0,0.0,0.0,0.0,0.0,0.0,0.0,0.0,0.0,0.0,0.0,826.8132,779.2674,798.60803,765.56775,757.9121,-0.402587890625,0.1441650390625,0.88970947265625,2.28790283203125,-3.895416259765625,0.179443359375,0.0,4.0,4.0,4.0,4.0,100.0,event
10:33:49.402,0.0,0.0,0.0,0.0,0.0,0.0,0.0,0.0,0.0,0.0,0.0,0.0,0.0,0.0,0.0,0.0,0.0,0.0,0.0,0.0,755.89746,776.04395,796.1905,842.52747,774.83514,-0.402587890625,0.1441650390625,0.88970947265625,2.28790283203125,-3.895416259765625,0.179443359375,0.0,4.0,4.0,4.0,4.0,100.0,event
10:33:49.403,0.0,0.0,0.0,0.0,0.0,0.0,0.0,0.0,0.0,0.0,0.0,0.0,0.0,0.0,0.0,0.0,0.0,0.0,0.0,0.0,818.7546,776.04395,794.57874,1067.7656,906.99634,-0.402587890625,0.1441650390625,0.88970947265625,2.28790283203125,-3.895416259765625,0.179443359375,0.0,4.0,4.0,4.0,4.0,100.0,event
10:33:49.403,0.0,0.0,0.0,0.0,0.0,0.0,0.0,0.0,0.0,0.0,0.0,0.0,0.0,0.0,0.0,0.0,0.0,0.0,0.0,0.0,770.80585,775.64105,793.36993,955.7509,1061.7216,-0.402587890625,0.1441650390625,0.88970947265625,2.28790283203125,-3.895416259765625,0.179443359375,0.0,4.0,4.0,4.0,4.0,100.0,event
10:33:49.404,0.0,0.0,0.0,0.0,0.0,0.0,0.0,0.0,0.0,0.0,0.0,0.0,0.0,0.0,0.0,0.0,0.0,0.0,0.0,0.0,842.9304,778.46155,799.011,1030.2931,701.9048,-0.402587890625,0.1441650390625,0.88970947265625,2.28790283203125,-3.895416259765625,0.179443359375,0.0,4.0,4.0,4.0,4.0,100.0,event
10:33:49.405,0.0,0.0,0.0,0.0,0.0,0.0,0.0,0.0,0.0,0.0,0.0,0.0,0.0,0.0,0.0,0.0,0.0,0.0,0.0,0.0,787.72894,775.64105,795.78754,906.99634,732.52747,-0.402587890625,0.1441650390625,0.88970947265625,2.28790283203125,-3.895416259765625,0.179443359375,0.0,4.0,4.0,4.0,4.0,100.0,event
10:33:49.405,0.0,0.0,0.0,0.0,0.0,0.0,0.0,0.0,0.0,0.0,0.0,0.0,0.0,0.0,0.0,0.0,0.0,0.0,0.0,0.0,747.03296,773.22345,789.7436,872.74725,718.8278,-0.402587890625,0.1441650390625,0.88970947265625,2.28790283203125,-3.895416259765625,0.179443359375,0.0,4.0,4.0,4.0,4.0,100.0,event
10:33:49.406,0.0,0.0,0.0,0.0,0.0,0.0,0.0,0.0,0.0,0.0,0.0,0.0,0.0,0.0,0.0,0.0,0.0,0.0,0.0,0.0,772.4176,777.25275,792.5641,948.9011,685.78754,-0.402587890625,0.1441650390625,0.88970947265625,2.28790283203125,-3.895416259765625,0.179443359375,0.0,4.0,4.0,4.0,4.0,100.0,event
10:33:49.428,0.0,0.0,0.0,0.0,0.0,0.0,0.0,0.0,0.0,0.0,0.0,0.0,0.0,0.0,0.0,0.0,0.0,0.0,0.0,0.0,812.71063,777.6557,803.0403,1028.6813,713.9927,-0.41204833984375,0.14862060546875,0.89654541015625,2.16827392578125,-2.848663330078125,0.22430419921875,0.0,4.0,4.0,4.0,4.0,100.0,event
10:33:49.432,0.0,0.0,0.0,0.0,0.0,0.0,0.0,0.0,0.0,0.0,0.0,0.0,0.0,0.0,0.0,0.0,0.0,0.0,0.0,0.0,832.0513,776.04395,803.0403,997.25275,812.3077,-0.41204833984375,0.14862060546875,0.89654541015625,2.16827392578125,-2.848663330078125,0.22430419921875,0.0,4.0,4.0,4.0,4.0,100.0,event
10:33:49.433,0.0,0.0,0.0,0.0,0.0,0.0,0.0,0.0,0.0,0.0,0.0,0.0,0.0,0.0,0.0,0.0,0.0,0.0,0.0,0.0,808.2784,780.4762,795.78754,954.1392,753.0769,-0.41204833984375,0.14862060546875,0.89654541015625,2.16827392578125,-2.848663330078125,0.22430419921875,0.0,4.0,4.0,4.0,4.0,100.0,event
10:33:49.435,0.0,0.0,0.0,0.0,0.0,0.0,0.0,0.0,0.0,0.0,0.0,0.0,0.0,0.0,0.0,0.0,0.0,0.0,0.0,0.0,771.2088,778.86444,797.3993,853.00366,624.94507,-0.41204833984375,0.14862060546875,0.89654541015625,2.16827392578125,-2.848663330078125,0.22430419921875,0.0,4.0,4.0,4.0,4.0,100.0,event
10:33:49.436,0.0,0.0,0.0,0.0,0.0,0.0,0.0,0.0,0.0,0.0,0.0,0.0,0.0,0.0,0.0,0.0,0.0,0.0,0.0,0.0,773.22345,775.64105,801.8315,722.0513,670.87915,-0.41204833984375,0.14862060546875,0.89654541015625,2.16827392578125,-2.848663330078125,0.22430419921875,0.0,4.0,4.0,4.0,4.0,100.0,event
10:33:49.438,0.0,0.0,0.0,0.0,0.0,0.0,0.0,0.0,0.0,0.0,0.0,0.0,0.0,0.0,0.0,0.0,0.0,0.0,0.0,0.0,803.8461,777.25275,801.8315,682.1612,894.10254,-0.41204833984375,0.14862060546875,0.89654541015625,2.16827392578125,-2.848663330078125,0.22430419921875,0.0,4.0,4.0,4.0,4.0,100.0,event
10:33:49.439,0.0,0.0,0.0,0.0,0.0,0.0,0.0,0.0,0.0,0.0,0.0,0.0,0.0,0.0,0.0,0.0,0.0,0.0,0.0,0.0,832.0513,776.04395,797.3993,694.65204,904.9817,-0.41204833984375,0.14862060546875,0.89654541015625,2.16827392578125,-2.848663330078125,0.22430419921875,0.0,4.0,4.0,4.0,4.0,100.0,event
10:33:49.440,0.0,0.0,0.0,0.0,0.0,0.0,0.0,0.0,0.0,0.0,0.0,0.0,0.0,0.0,0.0,0.0,0.0,0.0,0.0,0.0,811.9048,776.04395,796.5934,699.0842,880.80585,-0.41204833984375,0.14862060546875,0.89654541015625,2.16827392578125,-2.848663330078125,0.22430419921875,0.0,4.0,4.0,4.0,4.0,100.0,event
10:33:49.441,0.0,0.0,0.0,0.0,0.0,0.0,0.0,0.0,0.0,0.0,0.0,0.0,0.0,0.0,0.0,0.0,0.0,0.0,0.0,0.0,757.9121,775.2381,790.9524,683.36993,834.4689,-0.41204833984375,0.14862060546875,0.89654541015625,2.16827392578125,-2.848663330078125,0.22430419921875,0.0,4.0,4.0,4.0,4.0,100.0,event
10:33:49.442,0.0,0.0,0.0,0.0,0.0,0.0,0.0,0.0,0.0,0.0,0.0,0.0,0.0,0.0,0.0,0.0,0.0,0.0,0.0,0.0,757.1062,772.01465,788.1319,690.6227,926.7399,-0.41204833984375,0.14862060546875,0.89654541015625,2.16827392578125,-2.848663330078125,0.22430419921875,0.0,4.0,4.0,4.0,4.0,100.0,event
10:33:49.446,0.0,0.0,0.0,0.0,0.0,0.0,0.0,0.0,0.0,0.0,0.0,0.0,0.0,0.0,0.0,0.0,0.0,0.0,0.0,0.0,808.68134,772.8205,790.9524,706.337,976.7033,-0.41204833984375,0.14862060546875,0.89654541015625,2.16827392578125,-2.848663330078125,0.22430419921875,0.0,4.0,4.0,4.0,4.0,100.0,event
10:33:49.447,0.0,0.0,0.0,0.0,0.0,0.0,0.0,0.0,0.0,0.0,0.0,0.0,0.0,0.0,0.0,0.0,0.0,0.0,0.0,0.0,848.97437,776.04395,793.36993,732.52747,756.30035,-0.41204833984375,0.14862060546875,0.89654541015625,2.16827392578125,-2.848663330078125,0.22430419921875,0.0,4.0,4.0,4.0,4.0,100.0,event
10:33:49.469,0.0,0.0,0.0,0.0,0.0,0.0,0.0,0.0,0.0,0.0,0.0,0.0,0.0,0.0,0.0,0.0,0.0,0.0,0.0,0.0,830.84247,776.04395,796.99634,756.30035,754.2857,-0.409423828125,0.1461181640625,0.89111328125,2.340240478515625,-1.891632080078125,0.1495361328125,0.0,4.0,4.0,4.0,4.0,100.0,event
10:33:49.471,0.0,0.0,0.0,0.0,0.0,0.0,0.0,0.0,0.0,0.0,0.0,0.0,0.0,0.0,0.0,0.0,0.0,0.0,0.0,0.0,779.67035,772.01465,801.8315,759.12085,803.8461,-0.409423828125,0.1461181640625,0.89111328125,2.340240478515625,-1.891632080078125,0.1495361328125,0.0,4.0,4.0,4.0,4.0,100.0,event
10:33:49.471,0.0,0.0,0.0,0.0,0.0,0.0,0.0,0.0,0.0,0.0,0.0,0.0,0.0,0.0,0.0,0.0,0.0,0.0,0.0,0.0,763.5531,767.98535,803.0403,761.9414,678.93774,-0.409423828125,0.1461181640625,0.89111328125,2.340240478515625,-1.891632080078125,0.1495361328125,0.0,4.0,4.0,4.0,4.0,100.0,event
10:33:49.472,0.0,0.0,0.0,0.0,0.0,0.0,0.0,0.0,0.0,0.0,0.0,0.0,0.0,0.0,0.0,0.0,0.0,0.0,0.0,0.0,803.44324,769.19415,798.60803,811.0989,621.31866,-0.409423828125,0.1461181640625,0.89111328125,2.340240478515625,-1.891632080078125,0.1495361328125,0.0,4.0,4.0,4.0,4.0,100.0,event
10:33:49.472,0.0,0.0,0.0,0.0,0.0,0.0,0.0,0.0,0.0,0.0,0.0,0.0,0.0,0.0,0.0,0.0,0.0,0.0,0.0,0.0,852.6007,774.43225,793.36993,832.4542,773.22345,-0.409423828125,0.1461181640625,0.89111328125,2.340240478515625,-1.891632080078125,0.1495361328125,0.0,4.0,4.0,4.0,4.0,100.0,event
10:33:49.473,0.0,0.0,0.0,0.0,0.0,0.0,0.0,0.0,0.0,0.0,0.0,0.0,0.0,0.0,0.0,0.0,0.0,0.0,0.0,0.0,824.3956,776.04395,787.326,797.8022,935.2015,-0.409423828125,0.1461181640625,0.89111328125,2.340240478515625,-1.891632080078125,0.1495361328125,0.0,4.0,4.0,4.0,4.0,100.0,event
10:33:49.474,0.0,0.0,0.0,0.0,0.0,0.0,0.0,0.0,0.0,0.0,0.0,0.0,0.0,0.0,0.0,0.0,0.0,0.0,0.0,0.0,760.32965,775.64105,795.78754,832.4542,689.011,-0.409423828125,0.1461181640625,0.89111328125,2.340240478515625,-1.891632080078125,0.1495361328125,0.0,4.0,4.0,4.0,4.0,100.0,event
10:33:49.474,0.0,0.0,0.0,0.0,0.0,0.0,0.0,0.0,0.0,0.0,0.0,0.0,0.0,0.0,0.0,0.0,0.0,0.0,0.0,0.0,763.1502,774.0293,788.5348,803.0403,862.27106,-0.409423828125,0.1461181640625,0.89111328125,2.340240478515625,-1.891632080078125,0.1495361328125,0.0,4.0,4.0,4.0,4.0,100.0,event
10:33:49.475,0.0,0.0,0.0,0.0,0.0,0.0,0.0,0.0,0.0,0.0,0.0,0.0,0.0,0.0,0.0,0.0,0.0,0.0,0.0,0.0,800.2198,778.86444,797.8022,855.0183,709.5604,-0.409423828125,0.1461181640625,0.89111328125,2.340240478515625,-1.891632080078125,0.1495361328125,0.0,4.0,4.0,4.0,4.0,100.0,event
10:33:49.475,0.0,0.0,0.0,0.0,0.0,0.0,0.0,0.0,0.0,0.0,0.0,0.0,0.0,0.0,0.0,0.0,0.0,0.0,0.0,0.0,839.707,776.8498,797.3993,880.0,991.6117,-0.409423828125,0.1461181640625,0.89111328125,2.340240478515625,-1.891632080078125,0.1495361328125,0.0,4.0,4.0,4.0,4.0,100.0,event
10:33:49.476,0.0,0.0,0.0,0.0,0.0,0.0,0.0,0.0,0.0,0.0,0.0,0.0,0.0,0.0,0.0,0.0,0.0,0.0,0.0,0.0,838.0952,775.2381,791.75824,816.337,855.82416,-0.409423828125,0.1461181640625,0.89111328125,2.340240478515625,-1.891632080078125,0.1495361328125,0.0,4.0,4.0,4.0,4.0,100.0,event
10:33:49.477,0.0,0.0,0.0,0.0,0.0,0.0,0.0,0.0,0.0,0.0,0.0,0.0,0.0,0.0,0.0,0.0,0.0,0.0,0.0,0.0,788.1319,776.8498,788.5348,778.46155,626.9597,-0.409423828125,0.1461181640625,0.89111328125,2.340240478515625,-1.891632080078125,0.1495361328125,0.0,4.0,4.0,4.0,4.0,100.0,event
10:33:49.532,0.0,0.0,0.0,0.0,0.0,0.0,0.0,0.0,0.0,0.0,0.0,0.0,0.0,0.0,0.0,0.0,0.0,0.0,0.0,0.0,767.98535,775.64105,791.75824,830.84247,666.04395,-0.41265869140625,0.14617919921875,0.886474609375,1.65985107421875,-2.370147705078125,0.351409912109375,0.0,4.0,4.0,4.0,4.0,100.0,event
10:33:49.533,0.0,0.0,0.0,0.0,0.0,0.0,0.0,0.0,0.0,0.0,0.0,0.0,0.0,0.0,0.0,0.0,0.0,0.0,0.0,0.0,803.8461,772.8205,790.54944,869.5238,734.94507,-0.41265869140625,0.14617919921875,0.886474609375,1.65985107421875,-2.370147705078125,0.351409912109375,0.0,4.0,4.0,4.0,4.0,100.0,event
10:33:49.534,0.0,0.0,0.0,0.0,0.0,0.0,0.0,0.0,0.0,0.0,0.0,0.0,0.0,0.0,0.0,0.0,0.0,0.0,0.0,0.0,854.21246,776.04395,788.93774,960.18317,707.5458,-0.41265869140625,0.14617919921875,0.886474609375,1.65985107421875,-2.370147705078125,0.351409912109375,0.0,4.0,4.0,4.0,4.0,100.0,event
10:33:49.536,0.0,0.0,0.0,0.0,0.0,0.0,0.0,0.0,0.0,0.0,0.0,0.0,0.0,0.0,0.0,0.0,0.0,0.0,0.0,0.0,848.97437,779.67035,791.3553,1010.9524,727.6923,-0.41265869140625,0.14617919921875,0.886474609375,1.65985107421875,-2.370147705078125,0.351409912109375,0.0,4.0,4.0,4.0,4.0,100.0,event
10:33:49.538,0.0,0.0,0.0,0.0,0.0,0.0,0.0,0.0,0.0,0.0,0.0,0.0,0.0,0.0,0.0,0.0,0.0,0.0,0.0,0.0,789.7436,775.64105,797.8022,949.707,757.1062,-0.41265869140625,0.14617919921875,0.886474609375,1.65985107421875,-2.370147705078125,0.351409912109375,0.0,4.0,4.0,4.0,4.0,100.0,event
10:33:49.539,0.0,0.0,0.0,0.0,0.0,0.0,0.0,0.0,0.0,0.0,0.0,0.0,0.0,0.0,0.0,0.0,0.0,0.0,0.0,0.0,763.1502,775.2381,800.2198,842.9304,788.93774,-0.41265869140625,0.14617919921875,0.886474609375,1.65985107421875,-2.370147705078125,0.351409912109375,0.0,4.0,4.0,4.0,4.0,100.0,event
10:33:49.540,0.0,0.0,0.0,0.0,0.0,0.0,0.0,0.0,0.0,0.0,0.0,0.0,0.0,0.0,0.0,0.0,0.0,0.0,0.0,0.0,841.31866,779.2674,797.3993,828.8278,776.04395,-0.41265869140625,0.14617919921875,0.886474609375,1.65985107421875,-2.370147705078125,0.351409912109375,0.0,4.0,4.0,4.0,4.0,100.0,event
10:33:49.540,0.0,0.0,0.0,0.0,0.0,0.0,0.0,0.0,0.0,0.0,0.0,0.0,0.0,0.0,0.0,0.0,0.0,0.0,0.0,0.0,796.1905,779.67035,797.3993,818.3516,795.78754,-0.41265869140625,0.14617919921875,0.886474609375,1.65985107421875,-2.370147705078125,0.351409912109375,0.0,4.0,4.0,4.0,4.0,100.0,event
10:33:49.541,0.0,0.0,0.0,0.0,0.0,0.0,0.0,0.0,0.0,0.0,0.0,0.0,0.0,0.0,0.0,0.0,0.0,0.0,0.0,0.0,842.52747,775.64105,799.41394,779.67035,996.04395,-0.41265869140625,0.14617919921875,0.886474609375,1.65985107421875,-2.370147705078125,0.351409912109375,0.0,4.0,4.0,4.0,4.0,100.0,event
10:33:49.541,0.0,0.0,0.0,0.0,0.0,0.0,0.0,0.0,0.0,0.0,0.0,0.0,0.0,0.0,0.0,0.0,0.0,0.0,0.0,0.0,792.96704,779.2674,797.3993,749.0476,954.1392,-0.41265869140625,0.14617919921875,0.886474609375,1.65985107421875,-2.370147705078125,0.351409912109375,0.0,4.0,4.0,4.0,4.0,100.0,event
10:33:49.542,0.0,0.0,0.0,0.0,0.0,0.0,0.0,0.0,0.0,0.0,0.0,0.0,0.0,0.0,0.0,0.0,0.0,0.0,0.0,0.0,767.5824,778.86444,794.9817,679.7436,724.0659,-0.41265869140625,0.14617919921875,0.886474609375,1.65985107421875,-2.370147705078125,0.351409912109375,0.0,4.0,4.0,4.0,4.0,100.0,event
10:33:49.543,0.0,0.0,0.0,0.0,0.0,0.0,0.0,0.0,0.0,0.0,0.0,0.0,0.0,0.0,0.0,0.0,0.0,0.0,0.0,0.0,791.3553,778.0586,796.99634,698.2784,804.65204,-0.41265869140625,0.14617919921875,0.886474609375,1.65985107421875,-2.370147705078125,0.351409912109375,0.0,4.0,4.0,4.0,4.0,100.0,event
10:33:49.588,0.0,0.0,0.0,0.0,0.0,0.0,0.0,0.0,0.0,0.0,0.0,0.0,0.0,0.0,0.0,0.0,0.0,0.0,0.0,0.0,830.84247,777.6557,793.7729,778.46155,934.7985,-0.41168212890625,0.148681640625,0.89117431640625,2.7813720703125,-2.190704345703125,0.35888671875,0.0,4.0,4.0,4.0,4.0,100.0,event
10:33:49.590,0.0,0.0,0.0,0.0,0.0,0.0,0.0,0.0,0.0,0.0,0.0,0.0,0.0,0.0,0.0,0.0,0.0,0.0,0.0,0.0,850.989,775.64105,795.78754,664.83514,866.30035,-0.41168212890625,0.148681640625,0.89117431640625,2.7813720703125,-2.190704345703125,0.35888671875,0.0,4.0,4.0,4.0,4.0,100.0,event
10:33:49.592,0.0,0.0,0.0,0.0,0.0,0.0,0.0,0.0,0.0,0.0,0.0,0.0,0.0,0.0,0.0,0.0,0.0,0.0,0.0,0.0,813.1135,777.6557,794.17584,560.4762,701.0989,-0.41168212890625,0.148681640625,0.89117431640625,2.7813720703125,-2.190704345703125,0.35888671875,0.0,4.0,4.0,4.0,4.0,100.0,event
10:33:49.594,0.0,0.0,0.0,0.0,0.0,0.0,0.0,0.0,0.0,0.0,0.0,0.0,0.0,0.0,0.0,0.0,0.0,0.0,0.0,0.0,769.59705,779.2674,788.1319,554.43225,717.619,-0.41168212890625,0.148681640625,0.89117431640625,2.7813720703125,-2.190704345703125,0.35888671875,0.0,4.0,4.0,4.0,4.0,100.0,event
10:33:49.595,0.0,0.0,0.0,0.0,0.0,0.0,0.0,0.0,0.0,0.0,0.0,0.0,0.0,0.0,0.0,0.0,0.0,0.0,0.0,0.0,776.4469,777.6557,791.3553,563.2967,806.26373,-0.41168212890625,0.148681640625,0.89117431640625,2.7813720703125,-2.190704345703125,0.35888671875,0.0,4.0,4.0,4.0,4.0,100.0,event
10:33:49.597,0.0,0.0,0.0,0.0,0.0,0.0,0.0,0.0,0.0,0.0,0.0,0.0,0.0,0.0,0.0,0.0,0.0,0.0,0.0,0.0,818.7546,778.0586,801.02563,602.381,829.6337,-0.41168212890625,0.148681640625,0.89117431640625,2.7813720703125,-2.190704345703125,0.35888671875,0.0,4.0,4.0,4.0,4.0,100.0,event
10:33:49.599,0.0,0.0,0.0,0.0,0.0,0.0,0.0,0.0,0.0,0.0,0.0,0.0,0.0,0.0,0.0,0.0,0.0,0.0,0.0,0.0,837.6923,776.04395,805.4579,725.6777,869.5238,-0.41168212890625,0.148681640625,0.89117431640625,2.7813720703125,-2.190704345703125,0.35888671875,0.0,4.0,4.0,4.0,4.0,100.0,event
10:33:49.600,0.0,0.0,0.0,0.0,0.0,0.0,0.0,0.0,0.0,0.0,0.0,0.0,0.0,0.0,0.0,0.0,0.0,0.0,0.0,0.0,794.9817,778.86444,803.0403,853.4066,917.8755,-0.41168212890625,0.148681640625,0.89117431640625,2.7813720703125,-2.190704345703125,0.35888671875,0.0,4.0,4.0,4.0,4.0,100.0,event
10:33:49.602,0.0,0.0,0.0,0.0,0.0,0.0,0.0,0.0,0.0,0.0,0.0,0.0,0.0,0.0,0.0,0.0,0.0,0.0,0.0,0.0,749.45056,784.10254,806.26373,877.5824,999.2674,-0.41168212890625,0.148681640625,0.89117431640625,2.7813720703125,-2.190704345703125,0.35888671875,0.0,4.0,4.0,4.0,4.0,100.0,event
10:33:49.604,0.0,0.0,0.0,0.0,0.0,0.0,0.0,0.0,0.0,0.0,0.0,0.0,0.0,0.0,0.0,0.0,0.0,0.0,0.0,0.0,771.6117,784.5055,803.8461,902.96704,835.6777,-0.41168212890625,0.148681640625,0.89117431640625,2.7813720703125,-2.190704345703125,0.35888671875,0.0,4.0,4.0,4.0,4.0,100.0,event
10:33:49.605,0.0,0.0,0.0,0.0,0.0,0.0,0.0,0.0,0.0,0.0,0.0,0.0,0.0,0.0,0.0,0.0,0.0,0.0,0.0,0.0,819.5604,777.25275,786.9231,775.64105,727.28937,-0.41168212890625,0.148681640625,0.89117431640625,2.7813720703125,-2.190704345703125,0.35888671875,0.0,4.0,4.0,4.0,4.0,100.0,event
10:33:49.607,0.0,0.0,0.0,0.0,0.0,0.0,0.0,0.0,0.0,0.0,0.0,0.0,0.0,0.0,0.0,0.0,0.0,0.0,0.0,0.0,845.34796,774.83514,785.7143,635.0183,824.7985,-0.41168212890625,0.148681640625,0.89117431640625,2.7813720703125,-2.190704345703125,0.35888671875,0.0,4.0,4.0,4.0,4.0,100.0,event
10:33:49.651,0.0,0.0,0.0,0.0,0.0,0.0,0.0,0.0,0.0,0.0,0.0,0.0,0.0,0.0,0.0,0.0,0.0,0.0,0.0,0.0,812.71063,776.4469,803.44324,662.4176,806.6667,-0.41168212890625,0.148681640625,0.89117431640625,2.7813720703125,-2.190704345703125,0.35888671875,0.0,4.0,4.0,4.0,4.0,100.0,event
10:33:49.652,0.0,0.0,0.0,0.0,0.0,0.0,0.0,0.0,0.0,0.0,0.0,0.0,0.0,0.0,0.0,0.0,0.0,0.0,0.0,0.0,761.13556,776.4469,809.89014,693.8461,684.57874,-0.41168212890625,0.148681640625,0.89117431640625,2.7813720703125,-2.190704345703125,0.35888671875,0.0,4.0,4.0,4.0,4.0,100.0,event
10:33:49.654,0.0,0.0,0.0,0.0,0.0,0.0,0.0,0.0,0.0,0.0,0.0,0.0,0.0,0.0,0.0,0.0,0.0,0.0,0.0,0.0,761.9414,778.0586,804.65204,689.011,625.34796,-0.41168212890625,0.148681640625,0.89117431640625,2.7813720703125,-2.190704345703125,0.35888671875,0.0,4.0,4.0,4.0,4.0,100.0,event
10:33:49.655,0.0,0.0,0.0,0.0,0.0,0.0,0.0,0.0,0.0,0.0,0.0,0.0,0.0,0.0,0.0,0.0,0.0,0.0,0.0,0.0,804.65204,776.4469,798.20514,686.5934,815.5311,-0.41168212890625,0.148681640625,0.89117431640625,2.7813720703125,-2.190704345703125,0.35888671875,0.0,4.0,4.0,4.0,4.0,100.0,event
10:33:49.656,0.0,0.0,0.0,0.0,0.0,0.0,0.0,0.0,0.0,0.0,0.0,0.0,0.0,0.0,0.0,0.0,0.0,0.0,0.0,0.0,848.5714,776.4469,796.99634,680.54944,891.28204,-0.41168212890625,0.148681640625,0.89117431640625,2.7813720703125,-2.190704345703125,0.35888671875,0.0,4.0,4.0,4.0,4.0,100.0,event
10:33:49.658,0.0,0.0,0.0,0.0,0.0,0.0,0.0,0.0,0.0,0.0,0.0,0.0,0.0,0.0,0.0,0.0,0.0,0.0,0.0,0.0,826.4103,780.07324,800.2198,670.07324,762.74725,-0.41168212890625,0.148681640625,0.89117431640625,2.7813720703125,-2.190704345703125,0.35888671875,0.0,4.0,4.0,4.0,4.0,100.0,event
10:33:49.660,0.0,0.0,0.0,0.0,0.0,0.0,0.0,0.0,0.0,0.0,0.0,0.0,0.0,0.0,0.0,0.0,0.0,0.0,0.0,0.0,778.46155,784.10254,802.23444,680.54944,759.5238,-0.41168212890625,0.148681640625,0.89117431640625,2.7813720703125,-2.190704345703125,0.35888671875,0.0,4.0,4.0,4.0,4.0,100.0,event
10:33:49.661,0.0,0.0,0.0,0.0,0.0,0.0,0.0,0.0,0.0,0.0,0.0,0.0,0.0,0.0,0.0,0.0,0.0,0.0,0.0,0.0,778.46155,784.5055,798.60803,748.6447,920.293,-0.41168212890625,0.148681640625,0.89117431640625,2.7813720703125,-2.190704345703125,0.35888671875,0.0,4.0,4.0,4.0,4.0,100.0,event
10:33:49.663,0.0,0.0,0.0,0.0,0.0,0.0,0.0,0.0,0.0,0.0,0.0,0.0,0.0,0.0,0.0,0.0,0.0,0.0,0.0,0.0,860.2564,789.7436,791.75824,506.48352,778.0586,-0.41168212890625,0.148681640625,0.89117431640625,2.7813720703125,-2.190704345703125,0.35888671875,0.0,4.0,4.0,4.0,4.0,100.0,event
10:33:49.663,0.0,0.0,0.0,0.0,0.0,0.0,0.0,0.0,0.0,0.0,0.0,0.0,0.0,0.0,0.0,0.0,0.0,0.0,0.0,0.0,815.12823,786.1172,794.9817,727.6923,1035.1282,-0.41168212890625,0.148681640625,0.89117431640625,2.7813720703125,-2.190704345703125,0.35888671875,0.0,4.0,4.0,4.0,4.0,100.0,event
10:33:49.664,0.0,0.0,0.0,0.0,0.0,0.0,0.0,0.0,0.0,0.0,0.0,0.0,0.0,0.0,0.0,0.0,0.0,0.0,0.0,0.0,832.4542,784.10254,788.5348,383.99268,685.78754,-0.41168212890625,0.148681640625,0.89117431640625,2.7813720703125,-2.190704345703125,0.35888671875,0.0,4.0,4.0,4.0,4.0,100.0,event
10:33:49.665,0.0,0.0,0.0,0.0,0.0,0.0,0.0,0.0,0.0,0.0,0.0,0.0,0.0,0.0,0.0,0.0,0.0,0.0,0.0,0.0,771.2088,782.0879,797.8022,313.47986,709.15753,-0.41168212890625,0.148681640625,0.89117431640625,2.7813720703125,-2.190704345703125,0.35888671875,0.0,4.0,4.0,4.0,4.0,100.0,event
10:33:49.666,0.0,0.0,0.0,0.0,0.0,0.0,0.0,0.0,0.0,0.0,0.0,0.0,0.0,0.0,0.0,0.0,0.0,0.0,0.0,0.0,771.6117,786.52014,802.23444,294.1392,645.4945,-0.407470703125,0.14666748046875,0.879638671875,2.609405517578125,-0.5682373046875,0.261688232421875,0.0,4.0,4.0,4.0,4.0,100.0,event
10:33:49.667,0.0,0.0,0.0,0.0,0.0,0.0,0.0,0.0,0.0,0.0,0.0,0.0,0.0,0.0,0.0,0.0,0.0,0.0,0.0,0.0,817.9487,785.7143,802.6374,303.00366,668.86444,-0.407470703125,0.14666748046875,0.879638671875,2.609405517578125,-0.5682373046875,0.261688232421875,0.0,4.0,4.0,4.0,4.0,100.0,event
10:33:49.671,0.0,0.0,0.0,0.0,0.0,0.0,0.0,0.0,0.0,0.0,0.0,0.0,0.0,0.0,0.0,0.0,0.0,0.0,0.0,0.0,858.6447,781.28204,800.6227,490.3663,764.35895,-0.407470703125,0.14666748046875,0.879638671875,2.609405517578125,-0.5682373046875,0.261688232421875,0.0,4.0,4.0,4.0,4.0,100.0,event
10:33:49.671,0.0,0.0,0.0,0.0,0.0,0.0,0.0,0.0,0.0,0.0,0.0,0.0,0.0,0.0,0.0,0.0,0.0,0.0,0.0,0.0,844.94507,780.4762,795.78754,1046.8132,809.89014,-0.407470703125,0.14666748046875,0.879638671875,2.609405517578125,-0.5682373046875,0.261688232421875,0.0,4.0,4.0,4.0,4.0,100.0,event
10:33:49.672,0.0,0.0,0.0,0.0,0.0,0.0,0.0,0.0,0.0,0.0,0.0,0.0,0.0,0.0,0.0,0.0,0.0,0.0,0.0,0.0,792.96704,779.2674,796.5934,1343.773,743.00366,-0.407470703125,0.14666748046875,0.879638671875,2.609405517578125,-0.5682373046875,0.261688232421875,0.0,4.0,4.0,4.0,4.0,100.0,event
10:33:49.673,0.0,0.0,0.0,0.0,0.0,0.0,0.0,0.0,0.0,0.0,0.0,0.0,0.0,0.0,0.0,0.0,0.0,0.0,0.0,0.0,776.04395,776.04395,790.54944,1389.7069,736.1539,-0.407470703125,0.14666748046875,0.879638671875,2.609405517578125,-0.5682373046875,0.261688232421875,0.0,4.0,4.0,4.0,4.0,100.0,event
10:33:49.673,0.0,0.0,0.0,0.0,0.0,0.0,0.0,0.0,0.0,0.0,0.0,0.0,0.0,0.0,0.0,0.0,0.0,0.0,0.0,0.0,798.20514,774.0293,793.36993,1371.978,824.3956,-0.407470703125,0.14666748046875,0.879638671875,2.609405517578125,-0.5682373046875,0.261688232421875,0.0,4.0,4.0,4.0,4.0,100.0,event
10:33:49.674,0.0,0.0,0.0,0.0,0.0,0.0,0.0,0.0,0.0,0.0,0.0,0.0,0.0,0.0,0.0,0.0,0.0,0.0,0.0,0.0,834.87177,777.6557,789.7436,1262.381,1104.0293,-0.407470703125,0.14666748046875,0.879638671875,2.609405517578125,-0.5682373046875,0.261688232421875,0.0,4.0,4.0,4.0,4.0,100.0,event
10:33:49.674,0.0,0.0,0.0,0.0,0.0,0.0,0.0,0.0,0.0,0.0,0.0,0.0,0.0,0.0,0.0,0.0,0.0,0.0,0.0,0.0,828.022,776.04395,799.011,1332.0879,1148.7546,-0.407470703125,0.14666748046875,0.879638671875,2.609405517578125,-0.5682373046875,0.261688232421875,0.0,4.0,4.0,4.0,4.0,100.0,event
10:33:49.675,0.0,0.0,0.0,0.0,0.0,0.0,0.0,0.0,0.0,0.0,0.0,0.0,0.0,0.0,0.0,0.0,0.0,0.0,0.0,0.0,791.3553,778.86444,789.7436,1186.227,778.46155,-0.407470703125,0.14666748046875,0.879638671875,2.609405517578125,-0.5682373046875,0.261688232421875,0.0,4.0,4.0,4.0,4.0,100.0,event
10:33:49.676,0.0,0.0,0.0,0.0,0.0,0.0,0.0,0.0,0.0,0.0,0.0,0.0,0.0,0.0,0.0,0.0,0.0,0.0,0.0,0.0,790.54944,778.86444,799.41394,1188.2417,825.2015,-0.407470703125,0.14666748046875,0.879638671875,2.609405517578125,-0.5682373046875,0.261688232421875,0.0,4.0,4.0,4.0,4.0,100.0,event
10:33:49.676,0.0,0.0,0.0,0.0,0.0,0.0,0.0,0.0,0.0,0.0,0.0,0.0,0.0,0.0,0.0,0.0,0.0,0.0,0.0,0.0,759.5238,780.4762,798.60803,1205.9707,793.36993,-0.407470703125,0.14666748046875,0.879638671875,2.609405517578125,-0.5682373046875,0.261688232421875,0.0,4.0,4.0,4.0,4.0,100.0,event
10:33:49.698,0.0,0.0,0.0,0.0,0.0,0.0,0.0,0.0,0.0,0.0,0.0,0.0,0.0,0.0,0.0,0.0,0.0,0.0,0.0,0.0,836.08057,776.04395,801.8315,1155.6044,777.25275,-0.41436767578125,0.1475830078125,0.895263671875,2.3626708984375,0.082244873046875,0.2093505859375,0.0,4.0,4.0,4.0,4.0,100.0,event
10:33:49.700,0.0,0.0,0.0,0.0,0.0,0.0,0.0,0.0,0.0,0.0,0.0,0.0,0.0,0.0,0.0,0.0,0.0,0.0,0.0,0.0,840.10986,776.04395,808.68134,1174.5421,828.022,-0.41436767578125,0.1475830078125,0.895263671875,2.3626708984375,0.082244873046875,0.2093505859375,0.0,4.0,4.0,4.0,4.0,100.0,event
10:33:49.700,0.0,0.0,0.0,0.0,0.0,0.0,0.0,0.0,0.0,0.0,0.0,0.0,0.0,0.0,0.0,0.0,0.0,0.0,0.0,0.0,791.3553,776.8498,805.8608,923.5165,869.92676,-0.41436767578125,0.1475830078125,0.895263671875,2.3626708984375,0.082244873046875,0.2093505859375,0.0,4.0,4.0,4.0,4.0,100.0,event
10:33:49.702,0.0,0.0,0.0,0.0,0.0,0.0,0.0,0.0,0.0,0.0,0.0,0.0,0.0,0.0,0.0,0.0,0.0,0.0,0.0,0.0,763.1502,780.07324,797.3993,566.52014,738.5714,-0.41436767578125,0.1475830078125,0.895263671875,2.3626708984375,0.082244873046875,0.2093505859375,0.0,4.0,4.0,4.0,4.0,100.0,event
10:33:49.703,0.0,0.0,0.0,0.0,0.0,0.0,0.0,0.0,0.0,0.0,0.0,0.0,0.0,0.0,0.0,0.0,0.0,0.0,0.0,0.0,793.36993,777.6557,794.57874,513.73627,658.7912,-0.41436767578125,0.1475830078125,0.895263671875,2.3626708984375,0.082244873046875,0.2093505859375,0.0,4.0,4.0,4.0,4.0,100.0,event
10:33:49.704,0.0,0.0,0.0,0.0,0.0,0.0,0.0,0.0,0.0,0.0,0.0,0.0,0.0,0.0,0.0,0.0,0.0,0.0,0.0,0.0,844.1392,773.22345,798.60803,555.2381,803.8461,-0.41436767578125,0.1475830078125,0.895263671875,2.3626708984375,0.082244873046875,0.2093505859375,0.0,4.0,4.0,4.0,4.0,100.0,event
10:33:49.705,0.0,0.0,0.0,0.0,0.0,0.0,0.0,0.0,0.0,0.0,0.0,0.0,0.0,0.0,0.0,0.0,0.0,0.0,0.0,0.0,860.2564,777.6557,801.4286,551.6117,1036.7399,-0.41436767578125,0.1475830078125,0.895263671875,2.3626708984375,0.082244873046875,0.2093505859375,0.0,4.0,4.0,4.0,4.0,100.0,event
10:33:49.706,0.0,0.0,0.0,0.0,0.0,0.0,0.0,0.0,0.0,0.0,0.0,0.0,0.0,0.0,0.0,0.0,0.0,0.0,0.0,0.0,809.89014,779.2674,795.78754,529.45056,957.76556,-0.41436767578125,0.1475830078125,0.895263671875,2.3626708984375,0.082244873046875,0.2093505859375,0.0,4.0,4.0,4.0,4.0,100.0,event
10:33:49.706,0.0,0.0,0.0,0.0,0.0,0.0,0.0,0.0,0.0,0.0,0.0,0.0,0.0,0.0,0.0,0.0,0.0,0.0,0.0,0.0,774.0293,776.8498,790.14655,525.42126,613.2601,-0.41436767578125,0.1475830078125,0.895263671875,2.3626708984375,0.082244873046875,0.2093505859375,0.0,4.0,4.0,4.0,4.0,100.0,event
10:33:49.707,0.0,0.0,0.0,0.0,0.0,0.0,0.0,0.0,0.0,0.0,0.0,0.0,0.0,0.0,0.0,0.0,0.0,0.0,0.0,0.0,790.54944,778.86444,796.1905,553.6264,665.2381,-0.41436767578125,0.1475830078125,0.895263671875,2.3626708984375,0.082244873046875,0.2093505859375,0.0,4.0,4.0,4.0,4.0,100.0,event
10:33:49.708,0.0,0.0,0.0,0.0,0.0,0.0,0.0,0.0,0.0,0.0,0.0,0.0,0.0,0.0,0.0,0.0,0.0,0.0,0.0,0.0,860.2564,786.9231,797.3993,628.97437,781.28204,-0.41436767578125,0.1475830078125,0.895263671875,2.3626708984375,0.082244873046875,0.2093505859375,0.0,4.0,4.0,4.0,4.0,100.0,event
10:33:49.708,0.0,0.0,0.0,0.0,0.0,0.0,0.0,0.0,0.0,0.0,0.0,0.0,0.0,0.0,0.0,0.0,0.0,0.0,0.0,0.0,830.0366,784.5055,803.0403,603.9927,850.18317,-0.41436767578125,0.1475830078125,0.895263671875,2.3626708984375,0.082244873046875,0.2093505859375,0.0,4.0,4.0,4.0,4.0,100.0,event
10:33:49.754,0.0,0.0,0.0,0.0,0.0,0.0,0.0,0.0,0.0,0.0,0.0,0.0,0.0,0.0,0.0,0.0,0.0,0.0,0.0,0.0,825.6044,783.2967,794.57874,612.0513,716.4103,-0.41705322265625,0.14715576171875,0.88934326171875,2.22808837890625,-1.592559814453125,0.59814453125,0.0,4.0,4.0,4.0,4.0,100.0,event
10:33:49.755,0.0,0.0,0.0,0.0,0.0,0.0,0.0,0.0,0.0,0.0,0.0,0.0,0.0,0.0,0.0,0.0,0.0,0.0,0.0,0.0,771.2088,777.25275,794.9817,598.3516,726.08057,-0.41705322265625,0.14715576171875,0.88934326171875,2.22808837890625,-1.592559814453125,0.59814453125,0.0,4.0,4.0,4.0,4.0,100.0,event
10:33:49.756,0.0,0.0,0.0,0.0,0.0,0.0,0.0,0.0,0.0,0.0,0.0,0.0,0.0,0.0,0.0,0.0,0.0,0.0,0.0,0.0,774.83514,774.0293,797.8022,732.1245,805.05493,-0.41705322265625,0.14715576171875,0.88934326171875,2.22808837890625,-1.592559814453125,0.59814453125,0.0,4.0,4.0,4.0,4.0,100.0,event
10:33:49.756,0.0,0.0,0.0,0.0,0.0,0.0,0.0,0.0,0.0,0.0,0.0,0.0,0.0,0.0,0.0,0.0,0.0,0.0,0.0,0.0,823.5897,774.83514,804.2491,942.4542,789.7436,-0.41705322265625,0.14715576171875,0.88934326171875,2.22808837890625,-1.592559814453125,0.59814453125,0.0,4.0,4.0,4.0,4.0,100.0,event
10:33:49.760,0.0,0.0,0.0,0.0,0.0,0.0,0.0,0.0,0.0,0.0,0.0,0.0,0.0,0.0,0.0,0.0,0.0,0.0,0.0,0.0,857.8388,778.0586,807.8755,1008.93774,750.65936,-0.41705322265625,0.14715576171875,0.88934326171875,2.22808837890625,-1.592559814453125,0.59814453125,0.0,4.0,4.0,4.0,4.0,100.0,event
10:33:49.761,0.0,0.0,0.0,0.0,0.0,0.0,0.0,0.0,0.0,0.0,0.0,0.0,0.0,0.0,0.0,0.0,0.0,0.0,0.0,0.0,814.7253,780.87915,811.0989,983.1502,894.10254,-0.41705322265625,0.14715576171875,0.88934326171875,2.22808837890625,-1.592559814453125,0.59814453125,0.0,4.0,4.0,4.0,4.0,100.0,event
10:33:49.762,0.0,0.0,0.0,0.0,0.0,0.0,0.0,0.0,0.0,0.0,0.0,0.0,0.0,0.0,0.0,0.0,0.0,0.0,0.0,0.0,755.09155,781.685,810.293,969.0476,990.40295,-0.41705322265625,0.14715576171875,0.88934326171875,2.22808837890625,-1.592559814453125,0.59814453125,0.0,4.0,4.0,4.0,4.0,100.0,event
10:33:49.762,0.0,0.0,0.0,0.0,0.0,0.0,0.0,0.0,0.0,0.0,0.0,0.0,0.0,0.0,0.0,0.0,0.0,0.0,0.0,0.0,759.5238,782.49084,802.6374,1004.90845,753.0769,-0.41705322265625,0.14715576171875,0.88934326171875,2.22808837890625,-1.592559814453125,0.59814453125,0.0,4.0,4.0,4.0,4.0,100.0,event
10:33:49.763,0.0,0.0,0.0,0.0,0.0,0.0,0.0,0.0,0.0,0.0,0.0,0.0,0.0,0.0,0.0,0.0,0.0,0.0,0.0,0.0,801.4286,782.0879,797.3993,1054.8718,660.0,-0.41705322265625,0.14715576171875,0.88934326171875,2.22808837890625,-1.592559814453125,0.59814453125,0.0,4.0,4.0,4.0,4.0,100.0,event
10:33:49.764,0.0,0.0,0.0,0.0,0.0,0.0,0.0,0.0,0.0,0.0,0.0,0.0,0.0,0.0,0.0,0.0,0.0,0.0,0.0,0.0,843.73627,784.10254,799.011,1094.762,762.3443,-0.41705322265625,0.14715576171875,0.88934326171875,2.22808837890625,-1.592559814453125,0.59814453125,0.0,4.0,4.0,4.0,4.0,100.0,event
10:33:49.764,0.0,0.0,0.0,0.0,0.0,0.0,0.0,0.0,0.0,0.0,0.0,0.0,0.0,0.0,0.0,0.0,0.0,0.0,0.0,0.0,823.5897,786.1172,794.17584,1088.7179,832.0513,-0.41705322265625,0.14715576171875,0.88934326171875,2.22808837890625,-1.592559814453125,0.59814453125,0.0,4.0,4.0,4.0,4.0,100.0,event
10:33:49.765,0.0,0.0,0.0,0.0,0.0,0.0,0.0,0.0,0.0,0.0,0.0,0.0,0.0,0.0,0.0,0.0,0.0,0.0,0.0,0.0,765.9707,782.49084,789.34064,1055.2748,738.5714,-0.41705322265625,0.14715576171875,0.88934326171875,2.22808837890625,-1.592559814453125,0.59814453125,0.0,4.0,4.0,4.0,4.0,100.0,event
10:33:49.796,0.0,0.0,0.0,0.0,0.0,0.0,0.0,0.0,0.0,0.0,0.0,0.0,0.0,0.0,0.0,0.0,0.0,0.0,0.0,0.0,765.16486,782.49084,793.36993,1056.0806,709.15753,-0.4171142578125,0.15045166015625,0.8856201171875,2.5421142578125,-2.52716064453125,0.740203857421875,0.0,4.0,4.0,4.0,4.0,100.0,event
10:33:49.797,0.0,0.0,0.0,0.0,0.0,0.0,0.0,0.0,0.0,0.0,0.0,0.0,0.0,0.0,0.0,0.0,0.0,0.0,0.0,0.0,805.05493,782.0879,792.96704,1048.022,904.17584,-0.4171142578125,0.15045166015625,0.8856201171875,2.5421142578125,-2.52716064453125,0.740203857421875,0.0,4.0,4.0,4.0,4.0,100.0,event
10:33:49.798,0.0,0.0,0.0,0.0,0.0,0.0,0.0,0.0,0.0,0.0,0.0,0.0,0.0,0.0,0.0,0.0,0.0,0.0,0.0,0.0,843.3333,782.49084,796.5934,1025.4579,955.34796,-0.4171142578125,0.15045166015625,0.8856201171875,2.5421142578125,-2.52716064453125,0.740203857421875,0.0,4.0,4.0,4.0,4.0,100.0,event
10:33:49.798,0.0,0.0,0.0,0.0,0.0,0.0,0.0,0.0,0.0,0.0,0.0,0.0,0.0,0.0,0.0,0.0,0.0,0.0,0.0,0.0,838.0952,784.5055,799.011,990.40295,815.9341,-0.4171142578125,0.15045166015625,0.8856201171875,2.5421142578125,-2.52716064453125,0.740203857421875,0.0,4.0,4.0,4.0,4.0,100.0,event
10:33:49.799,0.0,0.0,0.0,0.0,0.0,0.0,0.0,0.0,0.0,0.0,0.0,0.0,0.0,0.0,0.0,0.0,0.0,0.0,0.0,0.0,781.28204,781.685,794.9817,947.28937,750.2564,-0.4171142578125,0.15045166015625,0.8856201171875,2.5421142578125,-2.52716064453125,0.740203857421875,0.0,4.0,4.0,4.0,4.0,100.0,event
10:33:49.799,0.0,0.0,0.0,0.0,0.0,0.0,0.0,0.0,0.0,0.0,0.0,0.0,0.0,0.0,0.0,0.0,0.0,0.0,0.0,0.0,773.22345,778.46155,796.1905,982.3443,970.2564,-0.4171142578125,0.15045166015625,0.8856201171875,2.5421142578125,-2.52716064453125,0.740203857421875,0.0,4.0,4.0,4.0,4.0,100.0,event
10:33:49.800,0.0,0.0,0.0,0.0,0.0,0.0,0.0,0.0,0.0,0.0,0.0,0.0,0.0,0.0,0.0,0.0,0.0,0.0,0.0,0.0,811.9048,778.0586,797.3993,1013.36993,1006.1172,-0.4171142578125,0.15045166015625,0.8856201171875,2.5421142578125,-2.52716064453125,0.740203857421875,0.0,4.0,4.0,4.0,4.0,100.0,event
10:33:49.801,0.0,0.0,0.0,0.0,0.0,0.0,0.0,0.0,0.0,0.0,0.0,0.0,0.0,0.0,0.0,0.0,0.0,0.0,0.0,0.0,852.6007,780.87915,797.3993,977.1062,799.011,-0.4171142578125,0.15045166015625,0.8856201171875,2.5421142578125,-2.52716064453125,0.740203857421875,0.0,4.0,4.0,4.0,4.0,100.0,event
10:33:49.801,0.0,0.0,0.0,0.0,0.0,0.0,0.0,0.0,0.0,0.0,0.0,0.0,0.0,0.0,0.0,0.0,0.0,0.0,0.0,0.0,841.31866,785.31134,803.44324,927.5458,779.2674,-0.4171142578125,0.15045166015625,0.8856201171875,2.5421142578125,-2.52716064453125,0.740203857421875,0.0,4.0,4.0,4.0,4.0,100.0,event
10:33:49.802,0.0,0.0,0.0,0.0,0.0,0.0,0.0,0.0,0.0,0.0,0.0,0.0,0.0,0.0,0.0,0.0,0.0,0.0,0.0,0.0,776.8498,782.49084,801.02563,933.9927,907.3993,-0.4171142578125,0.15045166015625,0.8856201171875,2.5421142578125,-2.52716064453125,0.740203857421875,0.0,4.0,4.0,4.0,4.0,100.0,event
10:33:49.803,0.0,0.0,0.0,0.0,0.0,0.0,0.0,0.0,0.0,0.0,0.0,0.0,0.0,0.0,0.0,0.0,0.0,0.0,0.0,0.0,763.95605,780.87915,799.011,987.98535,822.7839,-0.4171142578125,0.15045166015625,0.8856201171875,2.5421142578125,-2.52716064453125,0.740203857421875,0.0,4.0,4.0,4.0,4.0,100.0,event
10:33:49.803,0.0,0.0,0.0,0.0,0.0,0.0,0.0,0.0,0.0,0.0,0.0,0.0,0.0,0.0,0.0,0.0,0.0,0.0,0.0,0.0,811.50183,780.87915,796.99634,1004.90845,691.8315,-0.4171142578125,0.15045166015625,0.8856201171875,2.5421142578125,-2.52716064453125,0.740203857421875,0.0,4.0,4.0,4.0,4.0,100.0,event
10:33:49.868,0.0,0.0,0.0,0.0,0.0,0.0,0.0,0.0,0.0,0.0,0.0,0.0,0.0,0.0,0.0,0.0,0.0,0.0,0.0,0.0,851.79486,779.2674,795.78754,1016.99634,778.46155,-0.4171142578125,0.15045166015625,0.8856201171875,2.5421142578125,-2.52716064453125,0.740203857421875,0.0,4.0,4.0,4.0,4.0,100.0,event
10:33:49.869,0.0,0.0,0.0,0.0,0.0,0.0,0.0,0.0,0.0,0.0,0.0,0.0,0.0,0.0,0.0,0.0,0.0,0.0,0.0,0.0,846.55676,780.87915,794.57874,983.95605,838.49817,-0.4171142578125,0.15045166015625,0.8856201171875,2.5421142578125,-2.52716064453125,0.740203857421875,0.0,4.0,4.0,4.0,4.0,100.0,event
10:33:49.871,0.0,0.0,0.0,0.0,0.0,0.0,0.0,0.0,0.0,0.0,0.0,0.0,0.0,0.0,0.0,0.0,0.0,0.0,0.0,0.0,803.0403,781.685,795.78754,945.6777,780.4762,-0.4171142578125,0.15045166015625,0.8856201171875,2.5421142578125,-2.52716064453125,0.740203857421875,0.0,4.0,4.0,4.0,4.0,100.0,event
10:33:49.872,0.0,0.0,0.0,0.0,0.0,0.0,0.0,0.0,0.0,0.0,0.0,0.0,0.0,0.0,0.0,0.0,0.0,0.0,0.0,0.0,781.28204,780.87915,797.8022,963.4066,730.5128,-0.4171142578125,0.15045166015625,0.8856201171875,2.5421142578125,-2.52716064453125,0.740203857421875,0.0,4.0,4.0,4.0,4.0,100.0,event
10:33:49.873,0.0,0.0,0.0,0.0,0.0,0.0,0.0,0.0,0.0,0.0,0.0,0.0,0.0,0.0,0.0,0.0,0.0,0.0,0.0,0.0,806.6667,778.86444,792.5641,975.4945,829.2308,-0.4171142578125,0.15045166015625,0.8856201171875,2.5421142578125,-2.52716064453125,0.740203857421875,0.0,4.0,4.0,4.0,4.0,100.0,event
10:33:49.875,0.0,0.0,0.0,0.0,0.0,0.0,0.0,0.0,0.0,0.0,0.0,0.0,0.0,0.0,0.0,0.0,0.0,0.0,0.0,0.0,849.7802,777.6557,784.90845,965.0183,981.53845,-0.4171142578125,0.15045166015625,0.8856201171875,2.5421142578125,-2.52716064453125,0.740203857421875,0.0,4.0,4.0,4.0,4.0,100.0,event
10:33:49.880,0.0,0.0,0.0,0.0,0.0,0.0,0.0,0.0,0.0,0.0,0.0,0.0,0.0,0.0,0.0,0.0,0.0,0.0,0.0,0.0,860.65936,781.685,788.1319,944.0659,875.9707,-0.4171142578125,0.15045166015625,0.8856201171875,2.5421142578125,-2.52716064453125,0.740203857421875,0.0,4.0,4.0,4.0,4.0,100.0,event
10:33:49.880,0.0,0.0,0.0,0.0,0.0,0.0,0.0,0.0,0.0,0.0,0.0,0.0,0.0,0.0,0.0,0.0,0.0,0.0,0.0,0.0,808.2784,780.87915,799.41394,917.0696,682.5641,-0.4171142578125,0.15045166015625,0.8856201171875,2.5421142578125,-2.52716064453125,0.740203857421875,0.0,4.0,4.0,4.0,4.0,100.0,event
10:33:49.881,0.0,0.0,0.0,0.0,0.0,0.0,0.0,0.0,0.0,0.0,0.0,0.0,0.0,0.0,0.0,0.0,0.0,0.0,0.0,0.0,766.77655,778.86444,797.3993,823.5897,737.3626,-0.4171142578125,0.15045166015625,0.8856201171875,2.5421142578125,-2.52716064453125,0.740203857421875,0.0,4.0,4.0,4.0,4.0,100.0,event
10:33:49.882,0.0,0.0,0.0,0.0,0.0,0.0,0.0,0.0,0.0,0.0,0.0,0.0,0.0,0.0,0.0,0.0,0.0,0.0,0.0,0.0,790.54944,781.28204,787.72894,780.4762,886.04395,-0.4171142578125,0.15045166015625,0.8856201171875,2.5421142578125,-2.52716064453125,0.740203857421875,0.0,4.0,4.0,4.0,4.0,100.0,event
10:33:49.882,0.0,0.0,0.0,0.0,0.0,0.0,0.0,0.0,0.0,0.0,0.0,0.0,0.0,0.0,0.0,0.0,0.0,0.0,0.0,0.0,846.55676,783.2967,784.5055,794.9817,736.9597,-0.4171142578125,0.15045166015625,0.8856201171875,2.5421142578125,-2.52716064453125,0.740203857421875,0.0,4.0,4.0,4.0,4.0,100.0,event
10:33:49.883,0.0,0.0,0.0,0.0,0.0,0.0,0.0,0.0,0.0,0.0,0.0,0.0,0.0,0.0,0.0,0.0,0.0,0.0,0.0,0.0,862.674,782.0879,793.7729,837.28937,736.55676,-0.4171142578125,0.15045166015625,0.8856201171875,2.5421142578125,-2.52716064453125,0.740203857421875,0.0,4.0,4.0,4.0,4.0,100.0,event
10:33:49.923,0.0,0.0,0.0,0.0,0.0,0.0,0.0,0.0,0.0,0.0,0.0,0.0,0.0,0.0,0.0,0.0,0.0,0.0,0.0,0.0,818.7546,782.8938,799.41394,906.1905,788.1319,-0.4212646484375,0.1536865234375,0.88934326171875,2.2430419921875,-2.310333251953125,1.0467529296875,0.0,4.0,4.0,4.0,4.0,100.0,event
10:33:49.924,0.0,0.0,0.0,0.0,0.0,0.0,0.0,0.0,0.0,0.0,0.0,0.0,0.0,0.0,0.0,0.0,0.0,0.0,0.0,0.0,780.87915,785.31134,791.75824,930.7692,691.02563,-0.4212646484375,0.1536865234375,0.88934326171875,2.2430419921875,-2.310333251953125,1.0467529296875,0.0,4.0,4.0,4.0,4.0,100.0,event
10:33:49.925,0.0,0.0,0.0,0.0,0.0,0.0,0.0,0.0,0.0,0.0,0.0,0.0,0.0,0.0,0.0,0.0,0.0,0.0,0.0,0.0,804.65204,783.69965,792.96704,944.0659,680.9524,-0.4212646484375,0.1536865234375,0.88934326171875,2.2430419921875,-2.310333251953125,1.0467529296875,0.0,4.0,4.0,4.0,4.0,100.0,event
10:33:49.926,0.0,0.0,0.0,0.0,0.0,0.0,0.0,0.0,0.0,0.0,0.0,0.0,0.0,0.0,0.0,0.0,0.0,0.0,0.0,0.0,853.8095,781.28204,796.1905,940.0366,788.93774,-0.4212646484375,0.1536865234375,0.88934326171875,2.2430419921875,-2.310333251953125,1.0467529296875,0.0,4.0,4.0,4.0,4.0,100.0,event
10:33:49.927,0.0,0.0,0.0,0.0,0.0,0.0,0.0,0.0,0.0,0.0,0.0,0.0,0.0,0.0,0.0,0.0,0.0,0.0,0.0,0.0,872.74725,781.28204,794.9817,949.304,821.978,-0.4212646484375,0.1536865234375,0.88934326171875,2.2430419921875,-2.310333251953125,1.0467529296875,0.0,4.0,4.0,4.0,4.0,100.0,event
10:33:49.928,0.0,0.0,0.0,0.0,0.0,0.0,0.0,0.0,0.0,0.0,0.0,0.0,0.0,0.0,0.0,0.0,0.0,0.0,0.0,0.0,826.0073,784.10254,801.4286,1027.8755,761.9414,-0.4212646484375,0.1536865234375,0.88934326171875,2.2430419921875,-2.310333251953125,1.0467529296875,0.0,4.0,4.0,4.0,4.0,100.0,event
10:33:49.929,0.0,0.0,0.0,0.0,0.0,0.0,0.0,0.0,0.0,0.0,0.0,0.0,0.0,0.0,0.0,0.0,0.0,0.0,0.0,0.0,779.2674,783.69965,798.20514,1045.6044,762.3443,-0.4212646484375,0.1536865234375,0.88934326171875,2.2430419921875,-2.310333251953125,1.0467529296875,0.0,4.0,4.0,4.0,4.0,100.0,event
10:33:49.930,0.0,0.0,0.0,0.0,0.0,0.0,0.0,0.0,0.0,0.0,0.0,0.0,0.0,0.0,0.0,0.0,0.0,0.0,0.0,0.0,784.10254,780.07324,796.99634,1027.0696,777.6557,-0.4212646484375,0.1536865234375,0.88934326171875,2.2430419921875,-2.310333251953125,1.0467529296875,0.0,4.0,4.0,4.0,4.0,100.0,event
10:33:49.931,0.0,0.0,0.0,0.0,0.0,0.0,0.0,0.0,0.0,0.0,0.0,0.0,0.0,0.0,0.0,0.0,0.0,0.0,0.0,0.0,824.7985,780.07324,795.78754,1031.0989,842.52747,-0.4212646484375,0.1536865234375,0.88934326171875,2.2430419921875,-2.310333251953125,1.0467529296875,0.0,4.0,4.0,4.0,4.0,100.0,event
10:33:49.931,0.0,0.0,0.0,0.0,0.0,0.0,0.0,0.0,0.0,0.0,0.0,0.0,0.0,0.0,0.0,0.0,0.0,0.0,0.0,0.0,861.4652,782.49084,788.1319,1008.93774,815.12823,-0.4212646484375,0.1536865234375,0.88934326171875,2.2430419921875,-2.310333251953125,1.0467529296875,0.0,4.0,4.0,4.0,4.0,100.0,event
10:33:49.932,0.0,0.0,0.0,0.0,0.0,0.0,0.0,0.0,0.0,0.0,0.0,0.0,0.0,0.0,0.0,0.0,0.0,0.0,0.0,0.0,833.663,780.07324,789.34064,1016.99634,690.2198,-0.4212646484375,0.1536865234375,0.88934326171875,2.2430419921875,-2.310333251953125,1.0467529296875,0.0,4.0,4.0,4.0,4.0,100.0,event
10:33:49.933,0.0,0.0,0.0,0.0,0.0,0.0,0.0,0.0,0.0,0.0,0.0,0.0,0.0,0.0,0.0,0.0,0.0,0.0,0.0,0.0,775.2381,776.04395,794.57874,1038.3517,657.98535,-0.4212646484375,0.1536865234375,0.88934326171875,2.2430419921875,-2.310333251953125,1.0467529296875,0.0,4.0,4.0,4.0,4.0,100.0,event
10:33:49.961,0.0,0.0,0.0,0.0,0.0,0.0,0.0,0.0,0.0,0.0,0.0,0.0,0.0,0.0,0.0,0.0,0.0,0.0,0.0,0.0,769.19415,778.46155,796.5934,1135.0549,859.85345,-0.41925048828125,0.1497802734375,0.88409423828125,2.235565185546875,-1.667327880859375,0.83740234375,0.0,4.0,4.0,4.0,4.0,100.0,event
10:33:49.962,0.0,0.0,0.0,0.0,0.0,0.0,0.0,0.0,0.0,0.0,0.0,0.0,0.0,0.0,0.0,0.0,0.0,0.0,0.0,0.0,821.5751,781.685,796.99634,1195.0916,848.97437,-0.41925048828125,0.1497802734375,0.88409423828125,2.235565185546875,-1.667327880859375,0.83740234375,0.0,4.0,4.0,4.0,4.0,100.0,event
10:33:49.963,0.0,0.0,0.0,0.0,0.0,0.0,0.0,0.0,0.0,0.0,0.0,0.0,0.0,0.0,0.0,0.0,0.0,0.0,0.0,0.0,866.7033,783.2967,792.5641,1102.8206,693.44324,-0.41925048828125,0.1497802734375,0.88409423828125,2.235565185546875,-1.667327880859375,0.83740234375,0.0,4.0,4.0,4.0,4.0,100.0,event
10:33:49.964,0.0,0.0,0.0,0.0,0.0,0.0,0.0,0.0,0.0,0.0,0.0,0.0,0.0,0.0,0.0,0.0,0.0,0.0,0.0,0.0,831.6484,779.67035,786.9231,1158.4249,773.22345,-0.41925048828125,0.1497802734375,0.88409423828125,2.235565185546875,-1.667327880859375,0.83740234375,0.0,4.0,4.0,4.0,4.0,100.0,event
10:33:49.965,0.0,0.0,0.0,0.0,0.0,0.0,0.0,0.0,0.0,0.0,0.0,0.0,0.0,0.0,0.0,0.0,0.0,0.0,0.0,0.0,779.2674,775.2381,788.93774,1145.1282,996.4469,-0.41925048828125,0.1497802734375,0.88409423828125,2.235565185546875,-1.667327880859375,0.83740234375,0.0,4.0,4.0,4.0,4.0,100.0,event
10:33:49.966,0.0,0.0,0.0,0.0,0.0,0.0,0.0,0.0,0.0,0.0,0.0,0.0,0.0,0.0,0.0,0.0,0.0,0.0,0.0,0.0,789.7436,775.2381,788.5348,960.989,909.41394,-0.41925048828125,0.1497802734375,0.88409423828125,2.235565185546875,-1.667327880859375,0.83740234375,0.0,4.0,4.0,4.0,4.0,100.0,event
10:33:49.966,0.0,0.0,0.0,0.0,0.0,0.0,0.0,0.0,0.0,0.0,0.0,0.0,0.0,0.0,0.0,0.0,0.0,0.0,0.0,0.0,823.5897,777.6557,787.326,918.68134,779.67035,-0.41925048828125,0.1497802734375,0.88409423828125,2.235565185546875,-1.667327880859375,0.83740234375,0.0,4.0,4.0,4.0,4.0,100.0,event
10:33:49.967,0.0,0.0,0.0,0.0,0.0,0.0,0.0,0.0,0.0,0.0,0.0,0.0,0.0,0.0,0.0,0.0,0.0,0.0,0.0,0.0,857.4359,781.685,794.17584,939.2308,898.93774,-0.41925048828125,0.1497802734375,0.88409423828125,2.235565185546875,-1.667327880859375,0.83740234375,0.0,4.0,4.0,4.0,4.0,100.0,event
10:33:49.971,0.0,0.0,0.0,0.0,0.0,0.0,0.0,0.0,0.0,0.0,0.0,0.0,0.0,0.0,0.0,0.0,0.0,0.0,0.0,0.0,840.10986,780.07324,796.1905,968.24176,1092.7472,-0.41925048828125,0.1497802734375,0.88409423828125,2.235565185546875,-1.667327880859375,0.83740234375,0.0,4.0,4.0,4.0,4.0,100.0,event
10:33:49.971,0.0,0.0,0.0,0.0,0.0,0.0,0.0,0.0,0.0,0.0,0.0,0.0,0.0,0.0,0.0,0.0,0.0,0.0,0.0,0.0,790.9524,778.86444,794.57874,1116.9231,862.674,-0.41925048828125,0.1497802734375,0.88409423828125,2.235565185546875,-1.667327880859375,0.83740234375,0.0,4.0,4.0,4.0,4.0,100.0,event
10:33:49.972,0.0,0.0,0.0,0.0,0.0,0.0,0.0,0.0,0.0,0.0,0.0,0.0,0.0,0.0,0.0,0.0,0.0,0.0,0.0,0.0,784.90845,778.46155,795.78754,1239.414,725.6777,-0.41925048828125,0.1497802734375,0.88409423828125,2.235565185546875,-1.667327880859375,0.83740234375,0.0,4.0,4.0,4.0,4.0,100.0,event
10:33:49.972,0.0,0.0,0.0,0.0,0.0,0.0,0.0,0.0,0.0,0.0,0.0,0.0,0.0,0.0,0.0,0.0,0.0,0.0,0.0,0.0,825.2015,778.46155,795.78754,1005.7143,871.13556,-0.41925048828125,0.1497802734375,0.88409423828125,2.235565185546875,-1.667327880859375,0.83740234375,0.0,4.0,4.0,4.0,4.0,100.0,event
10:33:49.973,0.0,0.0,0.0,0.0,0.0,0.0,0.0,0.0,0.0,0.0,0.0,0.0,0.0,0.0,0.0,0.0,0.0,0.0,0.0,0.0,886.04395,780.4762,794.57874,808.68134,780.4762,-0.41888427734375,0.15264892578125,0.88275146484375,2.85614013671875,-0.441131591796875,0.725250244140625,0.0,4.0,4.0,4.0,4.0,100.0,event
10:33:49.974,0.0,0.0,0.0,0.0,0.0,0.0,0.0,0.0,0.0,0.0,0.0,0.0,0.0,0.0,0.0,0.0,0.0,0.0,0.0,0.0,873.95605,778.86444,791.3553,804.65204,646.30035,-0.41888427734375,0.15264892578125,0.88275146484375,2.85614013671875,-0.441131591796875,0.725250244140625,0.0,4.0,4.0,4.0,4.0,100.0,event
10:33:49.975,0.0,0.0,0.0,0.0,0.0,0.0,0.0,0.0,0.0,0.0,0.0,0.0,0.0,0.0,0.0,0.0,0.0,0.0,0.0,0.0,810.696,774.43225,784.5055,765.56775,682.96704,-0.41888427734375,0.15264892578125,0.88275146484375,2.85614013671875,-0.441131591796875,0.725250244140625,0.0,4.0,4.0,4.0,4.0,100.0,event
10:33:49.975,0.0,0.0,0.0,0.0,0.0,0.0,0.0,0.0,0.0,0.0,0.0,0.0,0.0,0.0,0.0,0.0,0.0,0.0,0.0,0.0,804.2491,775.2381,787.326,782.49084,756.30035,-0.41888427734375,0.15264892578125,0.88275146484375,2.85614013671875,-0.441131591796875,0.725250244140625,0.0,4.0,4.0,4.0,4.0,100.0,event
10:33:49.976,0.0,0.0,0.0,0.0,0.0,0.0,0.0,0.0,0.0,0.0,0.0,0.0,0.0,0.0,0.0,0.0,0.0,0.0,0.0,0.0,863.0769,771.6117,791.3553,730.5128,804.2491,-0.41888427734375,0.15264892578125,0.88275146484375,2.85614013671875,-0.441131591796875,0.725250244140625,0.0,4.0,4.0,4.0,4.0,100.0,event
10:33:49.976,0.0,0.0,0.0,0.0,0.0,0.0,0.0,0.0,0.0,0.0,0.0,0.0,0.0,0.0,0.0,0.0,0.0,0.0,0.0,0.0,827.619,774.43225,791.3553,775.2381,733.73627,-0.41888427734375,0.15264892578125,0.88275146484375,2.85614013671875,-0.441131591796875,0.725250244140625,0.0,4.0,4.0,4.0,4.0,100.0,event
10:33:49.977,0.0,0.0,0.0,0.0,0.0,0.0,0.0,0.0,0.0,0.0,0.0,0.0,0.0,0.0,0.0,0.0,0.0,0.0,0.0,0.0,863.8828,775.64105,791.3553,784.90845,873.5531,-0.41888427734375,0.15264892578125,0.88275146484375,2.85614013671875,-0.441131591796875,0.725250244140625,0.0,4.0,4.0,4.0,4.0,100.0,event
10:33:49.978,0.0,0.0,0.0,0.0,0.0,0.0,0.0,0.0,0.0,0.0,0.0,0.0,0.0,0.0,0.0,0.0,0.0,0.0,0.0,0.0,819.9634,775.2381,791.75824,926.337,932.381,-0.41888427734375,0.15264892578125,0.88275146484375,2.85614013671875,-0.441131591796875,0.725250244140625,0.0,4.0,4.0,4.0,4.0,100.0,event
10:33:49.979,0.0,0.0,0.0,0.0,0.0,0.0,0.0,0.0,0.0,0.0,0.0,0.0,0.0,0.0,0.0,0.0,0.0,0.0,0.0,0.0,810.696,774.0293,788.93774,1349.8169,885.64105,-0.41888427734375,0.15264892578125,0.88275146484375,2.85614013671875,-0.441131591796875,0.725250244140625,0.0,4.0,4.0,4.0,4.0,100.0,event
10:33:49.980,0.0,0.0,0.0,0.0,0.0,0.0,0.0,0.0,0.0,0.0,0.0,0.0,0.0,0.0,0.0,0.0,0.0,0.0,0.0,0.0,845.7509,775.2381,784.5055,1631.4652,772.01465,-0.41888427734375,0.15264892578125,0.88275146484375,2.85614013671875,-0.441131591796875,0.725250244140625,0.0,4.0,4.0,4.0,4.0,100.0,event
10:33:49.981,0.0,0.0,0.0,0.0,0.0,0.0,0.0,0.0,0.0,0.0,0.0,0.0,0.0,0.0,0.0,0.0,0.0,0.0,0.0,0.0,901.75824,774.83514,789.7436,1619.7803,822.381,-0.41888427734375,0.15264892578125,0.88275146484375,2.85614013671875,-0.441131591796875,0.725250244140625,0.0,4.0,4.0,4.0,4.0,100.0,event
10:33:49.981,0.0,0.0,0.0,0.0,0.0,0.0,0.0,0.0,0.0,0.0,0.0,0.0,0.0,0.0,0.0,0.0,0.0,0.0,0.0,0.0,898.1319,776.04395,792.5641,1625.0183,1068.1685,-0.41888427734375,0.15264892578125,0.88275146484375,2.85614013671875,-0.441131591796875,0.725250244140625,0.0,4.0,4.0,4.0,4.0,100.0,event
10:33:50.021,0.0,0.0,0.0,0.0,0.0,0.0,0.0,0.0,0.0,0.0,0.0,0.0,0.0,0.0,0.0,0.0,0.0,0.0,0.0,0.0,841.7216,777.25275,790.54944,1628.2417,974.2857,-0.42767333984375,0.1572265625,0.86456298828125,3.282318115234375,1.016845703125,1.562652587890625,0.0,4.0,4.0,4.0,4.0,100.0,event
10:33:50.022,0.0,0.0,0.0,0.0,0.0,0.0,0.0,0.0,0.0,0.0,0.0,0.0,0.0,0.0,0.0,0.0,0.0,0.0,0.0,0.0,820.7692,775.64105,793.36993,1633.0769,780.87915,-0.42767333984375,0.1572265625,0.86456298828125,3.282318115234375,1.016845703125,1.562652587890625,0.0,4.0,4.0,4.0,4.0,100.0,event
10:33:50.023,0.0,0.0,0.0,0.0,0.0,0.0,0.0,0.0,0.0,0.0,0.0,0.0,0.0,0.0,0.0,0.0,0.0,0.0,0.0,0.0,857.03296,776.04395,788.1319,1615.751,857.4359,-0.42767333984375,0.1572265625,0.86456298828125,3.282318115234375,1.016845703125,1.562652587890625,0.0,4.0,4.0,4.0,4.0,100.0,event
10:33:50.024,0.0,0.0,0.0,0.0,0.0,0.0,0.0,0.0,0.0,0.0,0.0,0.0,0.0,0.0,0.0,0.0,0.0,0.0,0.0,0.0,908.60803,775.2381,782.0879,1604.4689,901.75824,-0.42767333984375,0.1572265625,0.86456298828125,3.282318115234375,1.016845703125,1.562652587890625,0.0,4.0,4.0,4.0,4.0,100.0,event
10:33:50.026,0.0,0.0,0.0,0.0,0.0,0.0,0.0,0.0,0.0,0.0,0.0,0.0,0.0,0.0,0.0,0.0,0.0,0.0,0.0,0.0,925.5311,774.0293,788.1319,1633.8828,828.022,-0.42767333984375,0.1572265625,0.86456298828125,3.282318115234375,1.016845703125,1.562652587890625,0.0,4.0,4.0,4.0,4.0,100.0,event
10:33:50.027,0.0,0.0,0.0,0.0,0.0,0.0,0.0,0.0,0.0,0.0,0.0,0.0,0.0,0.0,0.0,0.0,0.0,0.0,0.0,0.0,892.8938,775.64105,790.9524,1612.1245,822.7839,-0.42767333984375,0.1572265625,0.86456298828125,3.282318115234375,1.016845703125,1.562652587890625,0.0,4.0,4.0,4.0,4.0,100.0,event
10:33:50.028,0.0,0.0,0.0,0.0,0.0,0.0,0.0,0.0,0.0,0.0,0.0,0.0,0.0,0.0,0.0,0.0,0.0,0.0,0.0,0.0,859.85345,774.83514,792.5641,1.2087913,912.6374,-0.42767333984375,0.1572265625,0.86456298828125,3.282318115234375,1.016845703125,1.562652587890625,0.0,4.0,4.0,4.0,4.0,100.0,event
10:33:50.029,0.0,0.0,0.0,0.0,0.0,0.0,0.0,0.0,0.0,0.0,0.0,0.0,0.0,0.0,0.0,0.0,0.0,0.0,0.0,0.0,884.83514,777.6557,794.17584,1595.2014,1023.8461,-0.42767333984375,0.1572265625,0.86456298828125,3.282318115234375,1.016845703125,1.562652587890625,0.0,4.0,4.0,4.0,4.0,100.0,event
10:33:50.029,0.0,0.0,0.0,0.0,0.0,0.0,0.0,0.0,0.0,0.0,0.0,0.0,0.0,0.0,0.0,0.0,0.0,0.0,0.0,0.0,940.84247,777.6557,795.38464,1293.8096,845.7509,-0.42767333984375,0.1572265625,0.86456298828125,3.282318115234375,1.016845703125,1.562652587890625,0.0,4.0,4.0,4.0,4.0,100.0,event
10:33:50.030,0.0,0.0,0.0,0.0,0.0,0.0,0.0,0.0,0.0,0.0,0.0,0.0,0.0,0.0,0.0,0.0,0.0,0.0,0.0,0.0,955.34796,772.01465,796.99634,1493.663,723.2601,-0.42767333984375,0.1572265625,0.86456298828125,3.282318115234375,1.016845703125,1.562652587890625,0.0,4.0,4.0,4.0,4.0,100.0,event
10:33:50.033,0.0,0.0,0.0,0.0,0.0,0.0,0.0,0.0,0.0,0.0,0.0,0.0,0.0,0.0,0.0,0.0,0.0,0.0,0.0,0.0,920.696,772.8205,795.78754,26.593407,760.7326,-0.42767333984375,0.1572265625,0.86456298828125,3.282318115234375,1.016845703125,1.562652587890625,0.0,4.0,4.0,4.0,4.0,100.0,event
10:33:50.034,0.0,0.0,0.0,0.0,0.0,0.0,0.0,0.0,0.0,0.0,0.0,0.0,0.0,0.0,0.0,0.0,0.0,0.0,0.0,0.0,898.5348,773.22345,795.38464,1595.2014,729.707,-0.42767333984375,0.1572265625,0.86456298828125,3.282318115234375,1.016845703125,1.562652587890625,0.0,4.0,4.0,4.0,4.0,100.0,event
10:33:50.056,0.0,0.0,0.0,0.0,0.0,0.0,0.0,0.0,0.0,0.0,0.0,0.0,0.0,0.0,0.0,0.0,0.0,0.0,0.0,0.0,924.3223,770.80585,795.78754,1605.6776,695.4579,-0.42767333984375,0.1572265625,0.86456298828125,3.282318115234375,1.016845703125,1.562652587890625,0.0,4.0,4.0,4.0,4.0,100.0,event
10:33:50.057,0.0,0.0,0.0,0.0,0.0,0.0,0.0,0.0,0.0,0.0,0.0,0.0,0.0,0.0,0.0,0.0,0.0,0.0,0.0,0.0,956.9597,770.80585,796.1905,17.326008,738.97437,-0.42767333984375,0.1572265625,0.86456298828125,3.282318115234375,1.016845703125,1.562652587890625,0.0,4.0,4.0,4.0,4.0,100.0,event
10:33:50.057,0.0,0.0,0.0,0.0,0.0,0.0,0.0,0.0,0.0,0.0,0.0,0.0,0.0,0.0,0.0,0.0,0.0,0.0,0.0,0.0,983.5531,770.80585,796.1905,942.4542,841.31866,-0.42767333984375,0.1572265625,0.86456298828125,3.282318115234375,1.016845703125,1.562652587890625,0.0,4.0,4.0,4.0,4.0,100.0,event
10:33:50.057,0.0,0.0,0.0,0.0,0.0,0.0,0.0,0.0,0.0,0.0,0.0,0.0,0.0,0.0,0.0,0.0,0.0,0.0,0.0,0.0,944.0659,772.8205,793.36993,17.728937,720.84247,-0.42767333984375,0.1572265625,0.86456298828125,3.282318115234375,1.016845703125,1.562652587890625,0.0,4.0,4.0,4.0,4.0,100.0,event
10:33:50.057,0.0,0.0,0.0,0.0,0.0,0.0,0.0,0.0,0.0,0.0,0.0,0.0,0.0,0.0,0.0,0.0,0.0,0.0,0.0,0.0,903.7729,775.2381,788.1319,770.0,677.326,-0.42767333984375,0.1572265625,0.86456298828125,3.282318115234375,1.016845703125,1.562652587890625,0.0,4.0,4.0,4.0,4.0,100.0,event
10:33:50.058,0.0,0.0,0.0,0.0,0.0,0.0,0.0,0.0,0.0,0.0,0.0,0.0,0.0,0.0,0.0,0.0,0.0,0.0,0.0,0.0,937.2161,765.9707,792.5641,1646.3737,823.1868,-0.42767333984375,0.1572265625,0.86456298828125,3.282318115234375,1.016845703125,1.562652587890625,0.0,4.0,4.0,4.0,4.0,100.0,event
10:33:50.058,0.0,0.0,0.0,0.0,0.0,0.0,0.0,0.0,0.0,0.0,0.0,0.0,0.0,0.0,0.0,0.0,0.0,0.0,0.0,0.0,952.9304,767.1795,793.36993,1494.8718,1197.1062,-0.42767333984375,0.1572265625,0.86456298828125,3.282318115234375,1.016845703125,1.562652587890625,0.0,4.0,4.0,4.0,4.0,100.0,event
10:33:50.058,0.0,0.0,0.0,0.0,0.0,0.0,0.0,0.0,0.0,0.0,0.0,0.0,0.0,0.0,0.0,0.0,0.0,0.0,0.0,0.0,944.87177,767.5824,801.8315,1508.9744,1087.5092,-0.42767333984375,0.1572265625,0.86456298828125,3.282318115234375,1.016845703125,1.562652587890625,0.0,4.0,4.0,4.0,4.0,100.0,event
10:33:50.058,0.0,0.0,0.0,0.0,0.0,0.0,0.0,0.0,0.0,0.0,0.0,0.0,0.0,0.0,0.0,0.0,0.0,0.0,0.0,0.0,929.9634,771.2088,795.78754,14.908425,849.3773,-0.42767333984375,0.1572265625,0.86456298828125,3.282318115234375,1.016845703125,1.562652587890625,0.0,4.0,4.0,4.0,4.0,100.0,event
10:33:50.059,0.0,0.0,0.0,0.0,0.0,0.0,0.0,0.0,0.0,0.0,0.0,0.0,0.0,0.0,0.0,0.0,0.0,0.0,0.0,0.0,884.0293,768.3883,797.8022,1626.227,640.65936,-0.42767333984375,0.1572265625,0.86456298828125,3.282318115234375,1.016845703125,1.562652587890625,0.0,4.0,4.0,4.0,4.0,100.0,event
10:33:50.059,0.0,0.0,0.0,0.0,0.0,0.0,0.0,0.0,0.0,0.0,0.0,0.0,0.0,0.0,0.0,0.0,0.0,0.0,0.0,0.0,878.7912,770.40295,801.4286,1626.63,763.95605,-0.42767333984375,0.1572265625,0.86456298828125,3.282318115234375,1.016845703125,1.562652587890625,0.0,4.0,4.0,4.0,4.0,100.0,event
10:33:50.059,0.0,0.0,0.0,0.0,0.0,0.0,0.0,0.0,0.0,0.0,0.0,0.0,0.0,0.0,0.0,0.0,0.0,0.0,0.0,0.0,922.71063,768.7912,800.2198,1628.6447,745.42126,-0.42767333984375,0.1572265625,0.86456298828125,3.282318115234375,1.016845703125,1.562652587890625,0.0,4.0,4.0,4.0,4.0,100.0,event
10:33:50.136,0.0,0.0,0.0,0.0,0.0,0.0,0.0,0.0,0.0,0.0,0.0,0.0,0.0,0.0,0.0,0.0,0.0,0.0,0.0,0.0,952.1245,765.16486,792.96704,1632.2711,697.47253,-0.4454345703125,0.1517333984375,0.87799072265625,2.52716064453125,0.770111083984375,1.143951416015625,0.0,4.0,4.0,4.0,4.0,100.0,event
10:33:50.138,0.0,0.0,0.0,0.0,0.0,0.0,0.0,0.0,0.0,0.0,0.0,0.0,0.0,0.0,0.0,0.0,0.0,0.0,0.0,0.0,915.05493,764.7619,792.1612,1624.6154,760.7326,-0.4454345703125,0.1517333984375,0.87799072265625,2.52716064453125,0.770111083984375,1.143951416015625,0.0,4.0,4.0,4.0,4.0,100.0,event
10:33:50.139,0.0,0.0,0.0,0.0,0.0,0.0,0.0,0.0,0.0,0.0,0.0,0.0,0.0,0.0,0.0,0.0,0.0,0.0,0.0,0.0,858.24176,765.9707,792.96704,1609.7069,826.0073,-0.4454345703125,0.1517333984375,0.87799072265625,2.52716064453125,0.770111083984375,1.143951416015625,0.0,4.0,4.0,4.0,4.0,100.0,event
10:33:50.140,0.0,0.0,0.0,0.0,0.0,0.0,0.0,0.0,0.0,0.0,0.0,0.0,0.0,0.0,0.0,0.0,0.0,0.0,0.0,0.0,853.8095,767.98535,790.14655,1554.5055,768.7912,-0.4454345703125,0.1517333984375,0.87799072265625,2.52716064453125,0.770111083984375,1.143951416015625,0.0,4.0,4.0,4.0,4.0,100.0,event
10:33:50.140,0.0,0.0,0.0,0.0,0.0,0.0,0.0,0.0,0.0,0.0,0.0,0.0,0.0,0.0,0.0,0.0,0.0,0.0,0.0,0.0,888.46155,769.59705,794.9817,1235.7876,719.6337,-0.4454345703125,0.1517333984375,0.87799072265625,2.52716064453125,0.770111083984375,1.143951416015625,0.0,4.0,4.0,4.0,4.0,100.0,event
10:33:50.141,0.0,0.0,0.0,0.0,0.0,0.0,0.0,0.0,0.0,0.0,0.0,0.0,0.0,0.0,0.0,0.0,0.0,0.0,0.0,0.0,924.3223,769.59705,802.23444,298.1685,821.5751,-0.4454345703125,0.1517333984375,0.87799072265625,2.52716064453125,0.770111083984375,1.143951416015625,0.0,4.0,4.0,4.0,4.0,100.0,event
10:33:50.142,0.0,0.0,0.0,0.0,0.0,0.0,0.0,0.0,0.0,0.0,0.0,0.0,0.0,0.0,0.0,0.0,0.0,0.0,0.0,0.0,898.5348,770.80585,804.2491,0.0,917.47253,-0.4454345703125,0.1517333984375,0.87799072265625,2.52716064453125,0.770111083984375,1.143951416015625,0.0,4.0,4.0,4.0,4.0,100.0,event
10:33:50.143,0.0,0.0,0.0,0.0,0.0,0.0,0.0,0.0,0.0,0.0,0.0,0.0,0.0,0.0,0.0,0.0,0.0,0.0,0.0,0.0,820.3663,772.8205,794.17584,0.0,639.0476,-0.4454345703125,0.1517333984375,0.87799072265625,2.52716064453125,0.770111083984375,1.143951416015625,0.0,4.0,4.0,4.0,4.0,100.0,event
10:33:50.143,0.0,0.0,0.0,0.0,0.0,0.0,0.0,0.0,0.0,0.0,0.0,0.0,0.0,0.0,0.0,0.0,0.0,0.0,0.0,0.0,836.4835,772.01465,801.02563,45.934067,770.0,-0.4454345703125,0.1517333984375,0.87799072265625,2.52716064453125,0.770111083984375,1.143951416015625,0.0,4.0,4.0,4.0,4.0,100.0,event
10:33:50.144,0.0,0.0,0.0,0.0,0.0,0.0,0.0,0.0,0.0,0.0,0.0,0.0,0.0,0.0,0.0,0.0,0.0,0.0,0.0,0.0,844.5421,770.80585,795.38464,0.0,684.57874,-0.4454345703125,0.1517333984375,0.87799072265625,2.52716064453125,0.770111083984375,1.143951416015625,0.0,4.0,4.0,4.0,4.0,100.0,event
10:33:50.144,0.0,0.0,0.0,0.0,0.0,0.0,0.0,0.0,0.0,0.0,0.0,0.0,0.0,0.0,0.0,0.0,0.0,0.0,0.0,0.0,884.0293,768.7912,791.75824,0.0,911.8315,-0.4454345703125,0.1517333984375,0.87799072265625,2.52716064453125,0.770111083984375,1.143951416015625,0.0,4.0,4.0,4.0,4.0,100.0,event
10:33:50.145,0.0,0.0,0.0,0.0,0.0,0.0,0.0,0.0,0.0,0.0,0.0,0.0,0.0,0.0,0.0,0.0,0.0,0.0,0.0,0.0,876.77655,764.7619,788.93774,0.0,816.337,-0.4454345703125,0.1517333984375,0.87799072265625,2.52716064453125,0.770111083984375,1.143951416015625,0.0,4.0,4.0,4.0,4.0,100.0,event
10:33:50.181,0.0,0.0,0.0,0.0,0.0,0.0,0.0,0.0,0.0,0.0,0.0,0.0,0.0,0.0,0.0,0.0,0.0,0.0,0.0,0.0,815.9341,761.53845,796.99634,0.0,679.34064,-0.4515380859375,0.1527099609375,0.878173828125,2.534637451171875,-0.1495361328125,-0.426177978515625,0.0,4.0,4.0,4.0,4.0,100.0,event
10:33:50.182,0.0,0.0,0.0,0.0,0.0,0.0,0.0,0.0,0.0,0.0,0.0,0.0,0.0,0.0,0.0,0.0,0.0,0.0,0.0,0.0,797.8022,767.5824,800.6227,0.0,673.69965,-0.4515380859375,0.1527099609375,0.878173828125,2.534637451171875,-0.1495361328125,-0.426177978515625,0.0,4.0,4.0,4.0,4.0,100.0,event
10:33:50.183,0.0,0.0,0.0,0.0,0.0,0.0,0.0,0.0,0.0,0.0,0.0,0.0,0.0,0.0,0.0,0.0,0.0,0.0,0.0,0.0,826.8132,769.19415,794.57874,0.8058608,701.0989,-0.4515380859375,0.1527099609375,0.878173828125,2.534637451171875,-0.1495361328125,-0.426177978515625,0.0,4.0,4.0,4.0,4.0,100.0,event
10:33:50.184,0.0,0.0,0.0,0.0,0.0,0.0,0.0,0.0,0.0,0.0,0.0,0.0,0.0,0.0,0.0,0.0,0.0,0.0,0.0,0.0,861.06226,765.9707,786.1172,2.8205128,751.8681,-0.4515380859375,0.1527099609375,0.878173828125,2.534637451171875,-0.1495361328125,-0.426177978515625,0.0,4.0,4.0,4.0,4.0,100.0,event
10:33:50.184,0.0,0.0,0.0,0.0,0.0,0.0,0.0,0.0,0.0,0.0,0.0,0.0,0.0,0.0,0.0,0.0,0.0,0.0,0.0,0.0,867.9121,765.9707,785.7143,0.0,731.7216,-0.4515380859375,0.1527099609375,0.878173828125,2.534637451171875,-0.1495361328125,-0.426177978515625,0.0,4.0,4.0,4.0,4.0,100.0,event
10:33:50.185,0.0,0.0,0.0,0.0,0.0,0.0,0.0,0.0,0.0,0.0,0.0,0.0,0.0,0.0,0.0,0.0,0.0,0.0,0.0,0.0,802.23444,767.1795,791.3553,95.091576,801.8315,-0.4515380859375,0.1527099609375,0.878173828125,2.534637451171875,-0.1495361328125,-0.426177978515625,0.0,4.0,4.0,4.0,4.0,100.0,event
10:33:50.186,0.0,0.0,0.0,0.0,0.0,0.0,0.0,0.0,0.0,0.0,0.0,0.0,0.0,0.0,0.0,0.0,0.0,0.0,0.0,0.0,763.5531,766.3736,794.17584,248.20512,822.7839,-0.4515380859375,0.1527099609375,0.878173828125,2.534637451171875,-0.1495361328125,-0.426177978515625,0.0,4.0,4.0,4.0,4.0,100.0,event
10:33:50.187,0.0,0.0,0.0,0.0,0.0,0.0,0.0,0.0,0.0,0.0,0.0,0.0,0.0,0.0,0.0,0.0,0.0,0.0,0.0,0.0,836.8865,764.35895,806.26373,517.76556,754.2857,-0.4515380859375,0.1527099609375,0.878173828125,2.534637451171875,-0.1495361328125,-0.426177978515625,0.0,4.0,4.0,4.0,4.0,100.0,event
10:33:50.187,0.0,0.0,0.0,0.0,0.0,0.0,0.0,0.0,0.0,0.0,0.0,0.0,0.0,0.0,0.0,0.0,0.0,0.0,0.0,0.0,796.99634,764.35895,796.1905,491.97803,746.63007,-0.4515380859375,0.1527099609375,0.878173828125,2.534637451171875,-0.1495361328125,-0.426177978515625,0.0,4.0,4.0,4.0,4.0,100.0,event
10:33:50.188,0.0,0.0,0.0,0.0,0.0,0.0,0.0,0.0,0.0,0.0,0.0,0.0,0.0,0.0,0.0,0.0,0.0,0.0,0.0,0.0,838.0952,769.59705,804.65204,332.41757,956.9597,-0.4515380859375,0.1527099609375,0.878173828125,2.534637451171875,-0.1495361328125,-0.426177978515625,0.0,4.0,4.0,4.0,4.0,100.0,event
10:33:50.188,0.0,0.0,0.0,0.0,0.0,0.0,0.0,0.0,0.0,0.0,0.0,0.0,0.0,0.0,0.0,0.0,0.0,0.0,0.0,0.0,792.5641,768.3883,787.72894,371.90475,942.8571,-0.4515380859375,0.1527099609375,0.878173828125,2.534637451171875,-0.1495361328125,-0.426177978515625,0.0,4.0,4.0,4.0,4.0,100.0,event
10:33:50.189,0.0,0.0,0.0,0.0,0.0,0.0,0.0,0.0,0.0,0.0,0.0,0.0,0.0,0.0,0.0,0.0,0.0,0.0,0.0,0.0,766.3736,769.19415,788.93774,447.65567,776.8498,-0.4515380859375,0.1527099609375,0.878173828125,2.534637451171875,-0.1495361328125,-0.426177978515625,0.0,4.0,4.0,4.0,4.0,100.0,event
10:33:50.217,0.0,0.0,0.0,0.0,0.0,0.0,0.0,0.0,0.0,0.0,0.0,0.0,0.0,0.0,0.0,0.0,0.0,0.0,0.0,0.0,790.54944,772.4176,790.14655,559.2674,765.9707,-0.45458984375,0.15386962890625,0.869873046875,2.43743896484375,0.351409912109375,-1.18133544921875,0.0,4.0,4.0,4.0,4.0,100.0,event
10:33:50.218,0.0,0.0,0.0,0.0,0.0,0.0,0.0,0.0,0.0,0.0,0.0,0.0,0.0,0.0,0.0,0.0,0.0,0.0,0.0,0.0,830.4396,770.40295,783.2967,708.3516,865.09155,-0.45458984375,0.15386962890625,0.869873046875,2.43743896484375,0.351409912109375,-1.18133544921875,0.0,4.0,4.0,4.0,4.0,100.0,event
10:33:50.219,0.0,0.0,0.0,0.0,0.0,0.0,0.0,0.0,0.0,0.0,0.0,0.0,0.0,0.0,0.0,0.0,0.0,0.0,0.0,0.0,851.39197,767.1795,786.9231,644.68866,800.6227,-0.45458984375,0.15386962890625,0.869873046875,2.43743896484375,0.351409912109375,-1.18133544921875,0.0,4.0,4.0,4.0,4.0,100.0,event
10:33:50.220,0.0,0.0,0.0,0.0,0.0,0.0,0.0,0.0,0.0,0.0,0.0,0.0,0.0,0.0,0.0,0.0,0.0,0.0,0.0,0.0,808.2784,767.1795,792.1612,224.83516,707.5458,-0.45458984375,0.15386962890625,0.869873046875,2.43743896484375,0.351409912109375,-1.18133544921875,0.0,4.0,4.0,4.0,4.0,100.0,event
10:33:50.220,0.0,0.0,0.0,0.0,0.0,0.0,0.0,0.0,0.0,0.0,0.0,0.0,0.0,0.0,0.0,0.0,0.0,0.0,0.0,0.0,763.1502,763.95605,794.9817,130.54945,704.7253,-0.45458984375,0.15386962890625,0.869873046875,2.43743896484375,0.351409912109375,-1.18133544921875,0.0,4.0,4.0,4.0,4.0,100.0,event
10:33:50.221,0.0,0.0,0.0,0.0,0.0,0.0,0.0,0.0,0.0,0.0,0.0,0.0,0.0,0.0,0.0,0.0,0.0,0.0,0.0,0.0,793.7729,764.35895,805.4579,396.48352,812.3077,-0.45458984375,0.15386962890625,0.869873046875,2.43743896484375,0.351409912109375,-1.18133544921875,0.0,4.0,4.0,4.0,4.0,100.0,event
10:33:50.222,0.0,0.0,0.0,0.0,0.0,0.0,0.0,0.0,0.0,0.0,0.0,0.0,0.0,0.0,0.0,0.0,0.0,0.0,0.0,0.0,838.9011,768.3883,801.02563,322.34433,871.53845,-0.45458984375,0.15386962890625,0.869873046875,2.43743896484375,0.351409912109375,-1.18133544921875,0.0,4.0,4.0,4.0,4.0,100.0,event
10:33:50.222,0.0,0.0,0.0,0.0,0.0,0.0,0.0,0.0,0.0,0.0,0.0,0.0,0.0,0.0,0.0,0.0,0.0,0.0,0.0,0.0,848.1685,771.2088,788.5348,45.934067,730.9158,-0.45458984375,0.15386962890625,0.869873046875,2.43743896484375,0.351409912109375,-1.18133544921875,0.0,4.0,4.0,4.0,4.0,100.0,event
10:33:50.223,0.0,0.0,0.0,0.0,0.0,0.0,0.0,0.0,0.0,0.0,0.0,0.0,0.0,0.0,0.0,0.0,0.0,0.0,0.0,0.0,799.011,767.5824,786.1172,0.0,765.16486,-0.45458984375,0.15386962890625,0.869873046875,2.43743896484375,0.351409912109375,-1.18133544921875,0.0,4.0,4.0,4.0,4.0,100.0,event
10:33:50.224,0.0,0.0,0.0,0.0,0.0,0.0,0.0,0.0,0.0,0.0,0.0,0.0,0.0,0.0,0.0,0.0,0.0,0.0,0.0,0.0,745.0183,765.16486,784.10254,120.87912,1026.6666,-0.45458984375,0.15386962890625,0.869873046875,2.43743896484375,0.351409912109375,-1.18133544921875,0.0,4.0,4.0,4.0,4.0,100.0,event
10:33:50.225,0.0,0.0,0.0,0.0,0.0,0.0,0.0,0.0,0.0,0.0,0.0,0.0,0.0,0.0,0.0,0.0,0.0,0.0,0.0,0.0,763.95605,768.7912,788.1319,305.0183,852.1978,-0.45458984375,0.15386962890625,0.869873046875,2.43743896484375,0.351409912109375,-1.18133544921875,0.0,4.0,4.0,4.0,4.0,100.0,event
10:33:50.226,0.0,0.0,0.0,0.0,0.0,0.0,0.0,0.0,0.0,0.0,0.0,0.0,0.0,0.0,0.0,0.0,0.0,0.0,0.0,0.0,815.12823,769.59705,790.9524,387.61905,727.28937,-0.45458984375,0.15386962890625,0.869873046875,2.43743896484375,0.351409912109375,-1.18133544921875,0.0,4.0,4.0,4.0,4.0,100.0,event
10:33:50.268,0.0,0.0,0.0,0.0,0.0,0.0,0.0,0.0,0.0,0.0,0.0,0.0,0.0,0.0,0.0,0.0,0.0,0.0,0.0,0.0,840.9158,770.0,787.326,457.32602,836.4835,-0.45458984375,0.15386962890625,0.869873046875,2.43743896484375,0.351409912109375,-1.18133544921875,0.0,4.0,4.0,4.0,4.0,100.0,event
10:33:50.270,0.0,0.0,0.0,0.0,0.0,0.0,0.0,0.0,0.0,0.0,0.0,0.0,0.0,0.0,0.0,0.0,0.0,0.0,0.0,0.0,799.011,768.7912,788.1319,469.81686,832.0513,-0.45458984375,0.15386962890625,0.869873046875,2.43743896484375,0.351409912109375,-1.18133544921875,0.0,4.0,4.0,4.0,4.0,100.0,event
10:33:50.274,0.0,0.0,0.0,0.0,0.0,0.0,0.0,0.0,0.0,0.0,0.0,0.0,0.0,0.0,0.0,0.0,0.0,0.0,0.0,0.0,741.39197,772.01465,790.54944,357.8022,801.4286,-0.45458984375,0.15386962890625,0.869873046875,2.43743896484375,0.351409912109375,-1.18133544921875,0.0,4.0,4.0,4.0,4.0,100.0,event
10:33:50.274,0.0,0.0,0.0,0.0,0.0,0.0,0.0,0.0,0.0,0.0,0.0,0.0,0.0,0.0,0.0,0.0,0.0,0.0,0.0,0.0,749.0476,774.0293,792.1612,376.337,730.10986,-0.45458984375,0.15386962890625,0.869873046875,2.43743896484375,0.351409912109375,-1.18133544921875,0.0,4.0,4.0,4.0,4.0,100.0,event
10:33:50.275,0.0,0.0,0.0,0.0,0.0,0.0,0.0,0.0,0.0,0.0,0.0,0.0,0.0,0.0,0.0,0.0,0.0,0.0,0.0,0.0,796.99634,773.6264,795.78754,703.91943,855.42126,-0.45458984375,0.15386962890625,0.869873046875,2.43743896484375,0.351409912109375,-1.18133544921875,0.0,4.0,4.0,4.0,4.0,100.0,event
10:33:50.276,0.0,0.0,0.0,0.0,0.0,0.0,0.0,0.0,0.0,0.0,0.0,0.0,0.0,0.0,0.0,0.0,0.0,0.0,0.0,0.0,831.6484,772.8205,796.5934,925.9341,994.83514,-0.45458984375,0.15386962890625,0.869873046875,2.43743896484375,0.351409912109375,-1.18133544921875,0.0,4.0,4.0,4.0,4.0,100.0,event
10:33:50.277,0.0,0.0,0.0,0.0,0.0,0.0,0.0,0.0,0.0,0.0,0.0,0.0,0.0,0.0,0.0,0.0,0.0,0.0,0.0,0.0,811.9048,769.59705,795.78754,797.8022,851.39197,-0.45458984375,0.15386962890625,0.869873046875,2.43743896484375,0.351409912109375,-1.18133544921875,0.0,4.0,4.0,4.0,4.0,100.0,event
10:33:50.278,0.0,0.0,0.0,0.0,0.0,0.0,0.0,0.0,0.0,0.0,0.0,0.0,0.0,0.0,0.0,0.0,0.0,0.0,0.0,0.0,767.1795,771.2088,798.60803,620.10986,697.0696,-0.45458984375,0.15386962890625,0.869873046875,2.43743896484375,0.351409912109375,-1.18133544921875,0.0,4.0,4.0,4.0,4.0,100.0,event
10:33:50.278,0.0,0.0,0.0,0.0,0.0,0.0,0.0,0.0,0.0,0.0,0.0,0.0,0.0,0.0,0.0,0.0,0.0,0.0,0.0,0.0,756.30035,772.01465,798.20514,476.26373,815.12823,-0.45458984375,0.15386962890625,0.869873046875,2.43743896484375,0.351409912109375,-1.18133544921875,0.0,4.0,4.0,4.0,4.0,100.0,event
10:33:50.279,0.0,0.0,0.0,0.0,0.0,0.0,0.0,0.0,0.0,0.0,0.0,0.0,0.0,0.0,0.0,0.0,0.0,0.0,0.0,0.0,798.60803,770.80585,790.9524,394.06595,838.9011,-0.45458984375,0.15386962890625,0.869873046875,2.43743896484375,0.351409912109375,-1.18133544921875,0.0,4.0,4.0,4.0,4.0,100.0,event
10:33:50.280,0.0,0.0,0.0,0.0,0.0,0.0,0.0,0.0,0.0,0.0,0.0,0.0,0.0,0.0,0.0,0.0,0.0,0.0,0.0,0.0,852.6007,770.40295,787.72894,166.41026,666.04395,-0.45458984375,0.15386962890625,0.869873046875,2.43743896484375,0.351409912109375,-1.18133544921875,0.0,4.0,4.0,4.0,4.0,100.0,event
10:33:50.280,0.0,0.0,0.0,0.0,0.0,0.0,0.0,0.0,0.0,0.0,0.0,0.0,0.0,0.0,0.0,0.0,0.0,0.0,0.0,0.0,835.2747,771.2088,794.9817,68.9011,735.34796,-0.45458984375,0.15386962890625,0.869873046875,2.43743896484375,0.351409912109375,-1.18133544921875,0.0,4.0,4.0,4.0,4.0,100.0,event
10:33:50.316,0.0,0.0,0.0,0.0,0.0,0.0,0.0,0.0,0.0,0.0,0.0,0.0,0.0,0.0,0.0,0.0,0.0,0.0,0.0,0.0,779.2674,769.19415,797.8022,99.52381,761.13556,-0.4515380859375,0.15924072265625,0.87054443359375,1.65985107421875,0.366363525390625,-1.7645263671875,0.0,4.0,4.0,4.0,4.0,100.0,event
10:33:50.317,0.0,0.0,0.0,0.0,0.0,0.0,0.0,0.0,0.0,0.0,0.0,0.0,0.0,0.0,0.0,0.0,0.0,0.0,0.0,0.0,782.49084,773.22345,799.41394,0.0,645.89746,-0.4515380859375,0.15924072265625,0.87054443359375,1.65985107421875,0.366363525390625,-1.7645263671875,0.0,4.0,4.0,4.0,4.0,100.0,event
10:33:50.318,0.0,0.0,0.0,0.0,0.0,0.0,0.0,0.0,0.0,0.0,0.0,0.0,0.0,0.0,0.0,0.0,0.0,0.0,0.0,0.0,823.1868,776.04395,798.20514,41.0989,634.61536,-0.4515380859375,0.15924072265625,0.87054443359375,1.65985107421875,0.366363525390625,-1.7645263671875,0.0,4.0,4.0,4.0,4.0,100.0,event
10:33:50.319,0.0,0.0,0.0,0.0,0.0,0.0,0.0,0.0,0.0,0.0,0.0,0.0,0.0,0.0,0.0,0.0,0.0,0.0,0.0,0.0,865.09155,775.2381,793.36993,149.08424,703.1135,-0.4515380859375,0.15924072265625,0.87054443359375,1.65985107421875,0.366363525390625,-1.7645263671875,0.0,4.0,4.0,4.0,4.0,100.0,event
10:33:50.320,0.0,0.0,0.0,0.0,0.0,0.0,0.0,0.0,0.0,0.0,0.0,0.0,0.0,0.0,0.0,0.0,0.0,0.0,0.0,0.0,855.42126,777.6557,795.38464,121.68498,786.1172,-0.4515380859375,0.15924072265625,0.87054443359375,1.65985107421875,0.366363525390625,-1.7645263671875,0.0,4.0,4.0,4.0,4.0,100.0,event
10:33:50.320,0.0,0.0,0.0,0.0,0.0,0.0,0.0,0.0,0.0,0.0,0.0,0.0,0.0,0.0,0.0,0.0,0.0,0.0,0.0,0.0,796.1905,778.46155,793.36993,18.131868,880.0,-0.4515380859375,0.15924072265625,0.87054443359375,1.65985107421875,0.366363525390625,-1.7645263671875,0.0,4.0,4.0,4.0,4.0,100.0,event
10:33:50.321,0.0,0.0,0.0,0.0,0.0,0.0,0.0,0.0,0.0,0.0,0.0,0.0,0.0,0.0,0.0,0.0,0.0,0.0,0.0,0.0,768.7912,778.46155,790.14655,8.058608,840.9158,-0.4515380859375,0.15924072265625,0.87054443359375,1.65985107421875,0.366363525390625,-1.7645263671875,0.0,4.0,4.0,4.0,4.0,100.0,event
10:33:50.322,0.0,0.0,0.0,0.0,0.0,0.0,0.0,0.0,0.0,0.0,0.0,0.0,0.0,0.0,0.0,0.0,0.0,0.0,0.0,0.0,792.5641,777.25275,794.57874,49.56044,815.12823,-0.4515380859375,0.15924072265625,0.87054443359375,1.65985107421875,0.366363525390625,-1.7645263671875,0.0,4.0,4.0,4.0,4.0,100.0,event
10:33:50.322,0.0,0.0,0.0,0.0,0.0,0.0,0.0,0.0,0.0,0.0,0.0,0.0,0.0,0.0,0.0,0.0,0.0,0.0,0.0,0.0,825.6044,775.2381,792.1612,78.57143,1126.1904,-0.4515380859375,0.15924072265625,0.87054443359375,1.65985107421875,0.366363525390625,-1.7645263671875,0.0,4.0,4.0,4.0,4.0,100.0,event
10:33:50.323,0.0,0.0,0.0,0.0,0.0,0.0,0.0,0.0,0.0,0.0,0.0,0.0,0.0,0.0,0.0,0.0,0.0,0.0,0.0,0.0,830.84247,776.4469,788.93774,71.31868,998.86444,-0.4515380859375,0.15924072265625,0.87054443359375,1.65985107421875,0.366363525390625,-1.7645263671875,0.0,4.0,4.0,4.0,4.0,100.0,event
10:33:50.324,0.0,0.0,0.0,0.0,0.0,0.0,0.0,0.0,0.0,0.0,0.0,0.0,0.0,0.0,0.0,0.0,0.0,0.0,0.0,0.0,770.0,781.28204,792.1612,2.8205128,703.1135,-0.4515380859375,0.15924072265625,0.87054443359375,1.65985107421875,0.366363525390625,-1.7645263671875,0.0,4.0,4.0,4.0,4.0,100.0,event
10:33:50.324,0.0,0.0,0.0,0.0,0.0,0.0,0.0,0.0,0.0,0.0,0.0,0.0,0.0,0.0,0.0,0.0,0.0,0.0,0.0,0.0,790.9524,778.46155,793.7729,0.0,662.8205,-0.4515380859375,0.15924072265625,0.87054443359375,1.65985107421875,0.366363525390625,-1.7645263671875,0.0,4.0,4.0,4.0,4.0,100.0,event
10:33:50.347,0.0,0.0,0.0,0.0,0.0,0.0,0.0,0.0,0.0,0.0,0.0,0.0,0.0,0.0,0.0,0.0,0.0,0.0,0.0,0.0,809.89014,782.0879,789.34064,0.0,677.326,-0.45361328125,0.15032958984375,0.8658447265625,1.562652587890625,-2.0037841796875,-1.084136962890625,0.0,4.0,4.0,4.0,4.0,100.0,event
10:33:50.348,0.0,0.0,0.0,0.0,0.0,0.0,0.0,0.0,0.0,0.0,0.0,0.0,0.0,0.0,0.0,0.0,0.0,0.0,0.0,0.0,848.5714,777.25275,788.5348,9.267399,667.6557,-0.45361328125,0.15032958984375,0.8658447265625,1.562652587890625,-2.0037841796875,-1.084136962890625,0.0,4.0,4.0,4.0,4.0,100.0,event
10:33:50.349,0.0,0.0,0.0,0.0,0.0,0.0,0.0,0.0,0.0,0.0,0.0,0.0,0.0,0.0,0.0,0.0,0.0,0.0,0.0,0.0,847.3626,781.28204,794.57874,165.20146,740.989,-0.45361328125,0.15032958984375,0.8658447265625,1.562652587890625,-2.0037841796875,-1.084136962890625,0.0,4.0,4.0,4.0,4.0,100.0,event
10:33:50.350,0.0,0.0,0.0,0.0,0.0,0.0,0.0,0.0,0.0,0.0,0.0,0.0,0.0,0.0,0.0,0.0,0.0,0.0,0.0,0.0,794.57874,786.1172,799.011,230.07326,832.0513,-0.45361328125,0.15032958984375,0.8658447265625,1.562652587890625,-2.0037841796875,-1.084136962890625,0.0,4.0,4.0,4.0,4.0,100.0,event
10:33:50.354,0.0,0.0,0.0,0.0,0.0,0.0,0.0,0.0,0.0,0.0,0.0,0.0,0.0,0.0,0.0,0.0,0.0,0.0,0.0,0.0,762.3443,782.8938,794.57874,338.86447,854.61536,-0.45361328125,0.15032958984375,0.8658447265625,1.562652587890625,-2.0037841796875,-1.084136962890625,0.0,4.0,4.0,4.0,4.0,100.0,event
10:33:50.355,0.0,0.0,0.0,0.0,0.0,0.0,0.0,0.0,0.0,0.0,0.0,0.0,0.0,0.0,0.0,0.0,0.0,0.0,0.0,0.0,783.69965,779.2674,792.1612,611.2454,888.46155,-0.45361328125,0.15032958984375,0.8658447265625,1.562652587890625,-2.0037841796875,-1.084136962890625,0.0,4.0,4.0,4.0,4.0,100.0,event
10:33:50.356,0.0,0.0,0.0,0.0,0.0,0.0,0.0,0.0,0.0,0.0,0.0,0.0,0.0,0.0,0.0,0.0,0.0,0.0,0.0,0.0,830.4396,778.0586,796.5934,893.69965,944.4689,-0.45361328125,0.15032958984375,0.8658447265625,1.562652587890625,-2.0037841796875,-1.084136962890625,0.0,4.0,4.0,4.0,4.0,100.0,event
10:33:50.356,0.0,0.0,0.0,0.0,0.0,0.0,0.0,0.0,0.0,0.0,0.0,0.0,0.0,0.0,0.0,0.0,0.0,0.0,0.0,0.0,855.42126,780.07324,801.02563,1082.2711,1053.663,-0.45361328125,0.15032958984375,0.8658447265625,1.562652587890625,-2.0037841796875,-1.084136962890625,0.0,4.0,4.0,4.0,4.0,100.0,event
10:33:50.357,0.0,0.0,0.0,0.0,0.0,0.0,0.0,0.0,0.0,0.0,0.0,0.0,0.0,0.0,0.0,0.0,0.0,0.0,0.0,0.0,799.011,778.46155,795.38464,1121.3553,1133.8462,-0.45361328125,0.15032958984375,0.8658447265625,1.562652587890625,-2.0037841796875,-1.084136962890625,0.0,4.0,4.0,4.0,4.0,100.0,event
10:33:50.358,0.0,0.0,0.0,0.0,0.0,0.0,0.0,0.0,0.0,0.0,0.0,0.0,0.0,0.0,0.0,0.0,0.0,0.0,0.0,0.0,751.8681,776.4469,792.1612,1156.4103,860.2564,-0.45361328125,0.15032958984375,0.8658447265625,1.562652587890625,-2.0037841796875,-1.084136962890625,0.0,4.0,4.0,4.0,4.0,100.0,event
10:33:50.358,0.0,0.0,0.0,0.0,0.0,0.0,0.0,0.0,0.0,0.0,0.0,0.0,0.0,0.0,0.0,0.0,0.0,0.0,0.0,0.0,768.7912,776.8498,791.3553,1261.1721,711.1722,-0.45361328125,0.15032958984375,0.8658447265625,1.562652587890625,-2.0037841796875,-1.084136962890625,0.0,4.0,4.0,4.0,4.0,100.0,event
10:33:50.359,0.0,0.0,0.0,0.0,0.0,0.0,0.0,0.0,0.0,0.0,0.0,0.0,0.0,0.0,0.0,0.0,0.0,0.0,0.0,0.0,797.8022,775.64105,780.4762,1233.773,938.022,-0.45361328125,0.15032958984375,0.8658447265625,1.562652587890625,-2.0037841796875,-1.084136962890625,0.0,4.0,4.0,4.0,4.0,100.0,event
10:33:50.386,0.0,0.0,0.0,0.0,0.0,0.0,0.0,0.0,0.0,0.0,0.0,0.0,0.0,0.0,0.0,0.0,0.0,0.0,0.0,0.0,825.6044,780.07324,783.69965,1158.022,879.19415,-0.4556884765625,0.1517333984375,0.8768310546875,2.16827392578125,-4.1571044921875,-0.07476806640625,0.0,4.0,4.0,4.0,4.0,100.0,event
10:33:50.387,0.0,0.0,0.0,0.0,0.0,0.0,0.0,0.0,0.0,0.0,0.0,0.0,0.0,0.0,0.0,0.0,0.0,0.0,0.0,0.0,802.23444,782.8938,790.14655,1041.5751,699.0842,-0.4556884765625,0.1517333984375,0.8768310546875,2.16827392578125,-4.1571044921875,-0.07476806640625,0.0,4.0,4.0,4.0,4.0,100.0,event
10:33:50.388,0.0,0.0,0.0,0.0,0.0,0.0,0.0,0.0,0.0,0.0,0.0,0.0,0.0,0.0,0.0,0.0,0.0,0.0,0.0,0.0,758.315,782.8938,788.5348,987.98535,720.4396,-0.4556884765625,0.1517333984375,0.8768310546875,2.16827392578125,-4.1571044921875,-0.07476806640625,0.0,4.0,4.0,4.0,4.0,100.0,event
10:33:50.388,0.0,0.0,0.0,0.0,0.0,0.0,0.0,0.0,0.0,0.0,0.0,0.0,0.0,0.0,0.0,0.0,0.0,0.0,0.0,0.0,760.32965,781.685,792.1612,1322.8206,726.8865,-0.4556884765625,0.1517333984375,0.8768310546875,2.16827392578125,-4.1571044921875,-0.07476806640625,0.0,4.0,4.0,4.0,4.0,100.0,event
10:33:50.389,0.0,0.0,0.0,0.0,0.0,0.0,0.0,0.0,0.0,0.0,0.0,0.0,0.0,0.0,0.0,0.0,0.0,0.0,0.0,0.0,805.8608,780.4762,794.57874,1611.7216,745.82416,-0.4556884765625,0.1517333984375,0.8768310546875,2.16827392578125,-4.1571044921875,-0.07476806640625,0.0,4.0,4.0,4.0,4.0,100.0,event
10:33:50.390,0.0,0.0,0.0,0.0,0.0,0.0,0.0,0.0,0.0,0.0,0.0,0.0,0.0,0.0,0.0,0.0,0.0,0.0,0.0,0.0,834.0659,783.2967,796.99634,1627.8389,851.79486,-0.4556884765625,0.1517333984375,0.8768310546875,2.16827392578125,-4.1571044921875,-0.07476806640625,0.0,4.0,4.0,4.0,4.0,100.0,event
10:33:50.390,0.0,0.0,0.0,0.0,0.0,0.0,0.0,0.0,0.0,0.0,0.0,0.0,0.0,0.0,0.0,0.0,0.0,0.0,0.0,0.0,799.81683,784.10254,800.2198,1621.7949,960.989,-0.4556884765625,0.1517333984375,0.8768310546875,2.16827392578125,-4.1571044921875,-0.07476806640625,0.0,4.0,4.0,4.0,4.0,100.0,event
10:33:50.391,0.0,0.0,0.0,0.0,0.0,0.0,0.0,0.0,0.0,0.0,0.0,0.0,0.0,0.0,0.0,0.0,0.0,0.0,0.0,0.0,751.4652,780.07324,795.38464,1630.6593,1123.773,-0.4556884765625,0.1517333984375,0.8768310546875,2.16827392578125,-4.1571044921875,-0.07476806640625,0.0,4.0,4.0,4.0,4.0,100.0,event
10:33:50.391,0.0,0.0,0.0,0.0,0.0,0.0,0.0,0.0,0.0,0.0,0.0,0.0,0.0,0.0,0.0,0.0,0.0,0.0,0.0,0.0,763.5531,776.8498,792.96704,1628.2417,913.44324,-0.4556884765625,0.1517333984375,0.8768310546875,2.16827392578125,-4.1571044921875,-0.07476806640625,0.0,4.0,4.0,4.0,4.0,100.0,event
10:33:50.392,0.0,0.0,0.0,0.0,0.0,0.0,0.0,0.0,0.0,0.0,0.0,0.0,0.0,0.0,0.0,0.0,0.0,0.0,0.0,0.0,793.7729,776.4469,792.96704,1628.2417,701.50183,-0.4556884765625,0.1517333984375,0.8768310546875,2.16827392578125,-4.1571044921875,-0.07476806640625,0.0,4.0,4.0,4.0,4.0,100.0,event
10:33:50.393,0.0,0.0,0.0,0.0,0.0,0.0,0.0,0.0,0.0,0.0,0.0,0.0,0.0,0.0,0.0,0.0,0.0,0.0,0.0,0.0,827.619,780.07324,788.93774,1628.2417,786.52014,-0.4556884765625,0.1517333984375,0.8768310546875,2.16827392578125,-4.1571044921875,-0.07476806640625,0.0,4.0,4.0,4.0,4.0,100.0,event
10:33:50.393,0.0,0.0,0.0,0.0,0.0,0.0,0.0,0.0,0.0,0.0,0.0,0.0,0.0,0.0,0.0,0.0,0.0,0.0,0.0,0.0,819.5604,784.10254,792.5641,1628.2417,831.6484,-0.4556884765625,0.1517333984375,0.8768310546875,2.16827392578125,-4.1571044921875,-0.07476806640625,0.0,4.0,4.0,4.0,4.0,100.0,event
10:33:50.449,0.0,0.0,0.0,0.0,0.0,0.0,0.0,0.0,0.0,0.0,0.0,0.0,0.0,0.0,0.0,0.0,0.0,0.0,0.0,0.0,765.16486,782.49084,791.3553,1628.6447,781.685,-0.44720458984375,0.1522216796875,0.86724853515625,2.250518798828125,-4.448699951171875,1.12152099609375,0.0,4.0,4.0,4.0,4.0,100.0,event
10:33:50.450,0.0,0.0,0.0,0.0,0.0,0.0,0.0,0.0,0.0,0.0,0.0,0.0,0.0,0.0,0.0,0.0,0.0,0.0,0.0,0.0,780.4762,779.2674,793.36993,1628.6447,675.7143,-0.44720458984375,0.1522216796875,0.86724853515625,2.250518798828125,-4.448699951171875,1.12152099609375,0.0,4.0,4.0,4.0,4.0,100.0,event
10:33:50.452,0.0,0.0,0.0,0.0,0.0,0.0,0.0,0.0,0.0,0.0,0.0,0.0,0.0,0.0,0.0,0.0,0.0,0.0,0.0,0.0,826.4103,778.46155,796.99634,1628.2417,802.23444,-0.44720458984375,0.1522216796875,0.86724853515625,2.250518798828125,-4.448699951171875,1.12152099609375,0.0,4.0,4.0,4.0,4.0,100.0,event
10:33:50.453,0.0,0.0,0.0,0.0,0.0,0.0,0.0,0.0,0.0,0.0,0.0,0.0,0.0,0.0,0.0,0.0,0.0,0.0,0.0,0.0,865.89746,780.87915,793.7729,1628.6447,911.4286,-0.44720458984375,0.1522216796875,0.86724853515625,2.250518798828125,-4.448699951171875,1.12152099609375,0.0,4.0,4.0,4.0,4.0,100.0,event
10:33:50.455,0.0,0.0,0.0,0.0,0.0,0.0,0.0,0.0,0.0,0.0,0.0,0.0,0.0,0.0,0.0,0.0,0.0,0.0,0.0,0.0,850.989,783.2967,797.3993,1628.2417,802.23444,-0.44720458984375,0.1522216796875,0.86724853515625,2.250518798828125,-4.448699951171875,1.12152099609375,0.0,4.0,4.0,4.0,4.0,100.0,event
10:33:50.455,0.0,0.0,0.0,0.0,0.0,0.0,0.0,0.0,0.0,0.0,0.0,0.0,0.0,0.0,0.0,0.0,0.0,0.0,0.0,0.0,791.3553,783.69965,800.6227,1628.2417,771.6117,-0.44720458984375,0.1522216796875,0.86724853515625,2.250518798828125,-4.448699951171875,1.12152099609375,0.0,4.0,4.0,4.0,4.0,100.0,event
10:33:50.459,0.0,0.0,0.0,0.0,0.0,0.0,0.0,0.0,0.0,0.0,0.0,0.0,0.0,0.0,0.0,0.0,0.0,0.0,0.0,0.0,775.64105,786.9231,796.1905,1628.2417,959.3773,-0.44720458984375,0.1522216796875,0.86724853515625,2.250518798828125,-4.448699951171875,1.12152099609375,0.0,4.0,4.0,4.0,4.0,100.0,event
10:33:50.460,0.0,0.0,0.0,0.0,0.0,0.0,0.0,0.0,0.0,0.0,0.0,0.0,0.0,0.0,0.0,0.0,0.0,0.0,0.0,0.0,820.3663,785.7143,795.78754,1628.6447,990.40295,-0.44720458984375,0.1522216796875,0.86724853515625,2.250518798828125,-4.448699951171875,1.12152099609375,0.0,4.0,4.0,4.0,4.0,100.0,event
10:33:50.461,0.0,0.0,0.0,0.0,0.0,0.0,0.0,0.0,0.0,0.0,0.0,0.0,0.0,0.0,0.0,0.0,0.0,0.0,0.0,0.0,873.5531,784.10254,794.9817,1628.2417,732.52747,-0.44720458984375,0.1522216796875,0.86724853515625,2.250518798828125,-4.448699951171875,1.12152099609375,0.0,4.0,4.0,4.0,4.0,100.0,event
10:33:50.461,0.0,0.0,0.0,0.0,0.0,0.0,0.0,0.0,0.0,0.0,0.0,0.0,0.0,0.0,0.0,0.0,0.0,0.0,0.0,0.0,867.1062,783.2967,784.5055,1630.2565,702.71063,-0.44720458984375,0.1522216796875,0.86724853515625,2.250518798828125,-4.448699951171875,1.12152099609375,0.0,4.0,4.0,4.0,4.0,100.0,event
10:33:50.462,0.0,0.0,0.0,0.0,0.0,0.0,0.0,0.0,0.0,0.0,0.0,0.0,0.0,0.0,0.0,0.0,0.0,0.0,0.0,0.0,800.2198,781.28204,785.7143,1623.4066,774.0293,-0.44720458984375,0.1522216796875,0.86724853515625,2.250518798828125,-4.448699951171875,1.12152099609375,0.0,4.0,4.0,4.0,4.0,100.0,event
10:33:50.463,0.0,0.0,0.0,0.0,0.0,0.0,0.0,0.0,0.0,0.0,0.0,0.0,0.0,0.0,0.0,0.0,0.0,0.0,0.0,0.0,786.52014,781.685,799.011,1623.4066,737.3626,-0.44720458984375,0.1522216796875,0.86724853515625,2.250518798828125,-4.448699951171875,1.12152099609375,0.0,4.0,4.0,4.0,4.0,100.0,event
10:33:50.507,0.0,0.0,0.0,0.0,0.0,0.0,0.0,0.0,0.0,0.0,0.0,0.0,0.0,0.0,0.0,0.0,0.0,0.0,0.0,0.0,832.0513,784.10254,801.02563,1628.6447,713.9927,-0.44720458984375,0.1522216796875,0.86724853515625,2.250518798828125,-4.448699951171875,1.12152099609375,0.0,4.0,4.0,4.0,4.0,100.0,event
10:33:50.513,0.0,0.0,0.0,0.0,0.0,0.0,0.0,0.0,0.0,0.0,0.0,0.0,0.0,0.0,0.0,0.0,0.0,0.0,0.0,0.0,875.56775,784.10254,793.7729,1352.2344,786.52014,-0.44720458984375,0.1522216796875,0.86724853515625,2.250518798828125,-4.448699951171875,1.12152099609375,0.0,4.0,4.0,4.0,4.0,100.0,event
10:33:50.515,0.0,0.0,0.0,0.0,0.0,0.0,0.0,0.0,0.0,0.0,0.0,0.0,0.0,0.0,0.0,0.0,0.0,0.0,0.0,0.0,875.56775,785.31134,795.78754,952.1245,861.4652,-0.44720458984375,0.1522216796875,0.86724853515625,2.250518798828125,-4.448699951171875,1.12152099609375,0.0,4.0,4.0,4.0,4.0,100.0,event
10:33:50.517,0.0,0.0,0.0,0.0,0.0,0.0,0.0,0.0,0.0,0.0,0.0,0.0,0.0,0.0,0.0,0.0,0.0,0.0,0.0,0.0,834.0659,784.10254,795.78754,531.8681,740.989,-0.44720458984375,0.1522216796875,0.86724853515625,2.250518798828125,-4.448699951171875,1.12152099609375,0.0,4.0,4.0,4.0,4.0,100.0,event
10:33:50.519,0.0,0.0,0.0,0.0,0.0,0.0,0.0,0.0,0.0,0.0,0.0,0.0,0.0,0.0,0.0,0.0,0.0,0.0,0.0,0.0,816.337,780.07324,790.9524,244.17583,624.5421,-0.44720458984375,0.1522216796875,0.86724853515625,2.250518798828125,-4.448699951171875,1.12152099609375,0.0,4.0,4.0,4.0,4.0,100.0,event
10:33:50.520,0.0,0.0,0.0,0.0,0.0,0.0,0.0,0.0,0.0,0.0,0.0,0.0,0.0,0.0,0.0,0.0,0.0,0.0,0.0,0.0,849.7802,779.67035,789.7436,410.989,782.0879,-0.44720458984375,0.1522216796875,0.86724853515625,2.250518798828125,-4.448699951171875,1.12152099609375,0.0,4.0,4.0,4.0,4.0,100.0,event
10:33:50.522,0.0,0.0,0.0,0.0,0.0,0.0,0.0,0.0,0.0,0.0,0.0,0.0,0.0,0.0,0.0,0.0,0.0,0.0,0.0,0.0,897.326,783.69965,790.54944,690.6227,1083.0769,-0.44720458984375,0.1522216796875,0.86724853515625,2.250518798828125,-4.448699951171875,1.12152099609375,0.0,4.0,4.0,4.0,4.0,100.0,event
10:33:50.523,0.0,0.0,0.0,0.0,0.0,0.0,0.0,0.0,0.0,0.0,0.0,0.0,0.0,0.0,0.0,0.0,0.0,0.0,0.0,0.0,923.5165,786.52014,788.1319,393.26007,1004.90845,-0.44720458984375,0.1522216796875,0.86724853515625,2.250518798828125,-4.448699951171875,1.12152099609375,0.0,4.0,4.0,4.0,4.0,100.0,event
10:33:50.525,0.0,0.0,0.0,0.0,0.0,0.0,0.0,0.0,0.0,0.0,0.0,0.0,0.0,0.0,0.0,0.0,0.0,0.0,0.0,0.0,904.57874,786.9231,788.93774,147.47253,694.2491,-0.44720458984375,0.1522216796875,0.86724853515625,2.250518798828125,-4.448699951171875,1.12152099609375,0.0,4.0,4.0,4.0,4.0,100.0,event
10:33:50.526,0.0,0.0,0.0,0.0,0.0,0.0,0.0,0.0,0.0,0.0,0.0,0.0,0.0,0.0,0.0,0.0,0.0,0.0,0.0,0.0,848.1685,784.5055,792.5641,487.94873,697.0696,-0.44720458984375,0.1522216796875,0.86724853515625,2.250518798828125,-4.448699951171875,1.12152099609375,0.0,4.0,4.0,4.0,4.0,100.0,event
10:33:50.528,0.0,0.0,0.0,0.0,0.0,0.0,0.0,0.0,0.0,0.0,0.0,0.0,0.0,0.0,0.0,0.0,0.0,0.0,0.0,0.0,847.76556,780.87915,793.36993,396.88644,788.1319,-0.44720458984375,0.1522216796875,0.86724853515625,2.250518798828125,-4.448699951171875,1.12152099609375,0.0,4.0,4.0,4.0,4.0,100.0,event
10:33:50.529,0.0,0.0,0.0,0.0,0.0,0.0,0.0,0.0,0.0,0.0,0.0,0.0,0.0,0.0,0.0,0.0,0.0,0.0,0.0,0.0,915.8608,782.8938,790.9524,666.8498,733.73627,-0.44720458984375,0.1522216796875,0.86724853515625,2.250518798828125,-4.448699951171875,1.12152099609375,0.0,4.0,4.0,4.0,4.0,100.0,event
10:33:50.567,0.0,0.0,0.0,0.0,0.0,0.0,0.0,0.0,0.0,0.0,0.0,0.0,0.0,0.0,0.0,0.0,0.0,0.0,0.0,0.0,931.978,786.1172,796.99634,1527.5092,756.30035,-0.444091796875,0.15179443359375,0.8775634765625,2.400054931640625,-5.12908935546875,1.054229736328125,0.0,4.0,4.0,4.0,4.0,100.0,event
10:33:50.568,0.0,0.0,0.0,0.0,0.0,0.0,0.0,0.0,0.0,0.0,0.0,0.0,0.0,0.0,0.0,0.0,0.0,0.0,0.0,0.0,864.2857,779.67035,796.1905,1599.2307,722.8571,-0.444091796875,0.15179443359375,0.8775634765625,2.400054931640625,-5.12908935546875,1.054229736328125,0.0,4.0,4.0,4.0,4.0,100.0,event
10:33:50.568,0.0,0.0,0.0,0.0,0.0,0.0,0.0,0.0,0.0,0.0,0.0,0.0,0.0,0.0,0.0,0.0,0.0,0.0,0.0,0.0,880.0,782.0879,800.2198,8.461538,812.3077,-0.444091796875,0.15179443359375,0.8775634765625,2.400054931640625,-5.12908935546875,1.054229736328125,0.0,4.0,4.0,4.0,4.0,100.0,event
10:33:50.569,0.0,0.0,0.0,0.0,0.0,0.0,0.0,0.0,0.0,0.0,0.0,0.0,0.0,0.0,0.0,0.0,0.0,0.0,0.0,0.0,895.31134,780.4762,798.20514,1610.5128,637.4359,-0.444091796875,0.15179443359375,0.8775634765625,2.400054931640625,-5.12908935546875,1.054229736328125,0.0,4.0,4.0,4.0,4.0,100.0,event
10:33:50.570,0.0,0.0,0.0,0.0,0.0,0.0,0.0,0.0,0.0,0.0,0.0,0.0,0.0,0.0,0.0,0.0,0.0,0.0,0.0,0.0,948.9011,780.07324,800.2198,6.4468865,722.4542,-0.444091796875,0.15179443359375,0.8775634765625,2.400054931640625,-5.12908935546875,1.054229736328125,0.0,4.0,4.0,4.0,4.0,100.0,event
10:33:50.571,0.0,0.0,0.0,0.0,0.0,0.0,0.0,0.0,0.0,0.0,0.0,0.0,0.0,0.0,0.0,0.0,0.0,0.0,0.0,0.0,966.2271,782.8938,797.8022,1428.7913,904.9817,-0.444091796875,0.15179443359375,0.8775634765625,2.400054931640625,-5.12908935546875,1.054229736328125,0.0,4.0,4.0,4.0,4.0,100.0,event
10:33:50.571,0.0,0.0,0.0,0.0,0.0,0.0,0.0,0.0,0.0,0.0,0.0,0.0,0.0,0.0,0.0,0.0,0.0,0.0,0.0,0.0,930.3663,786.1172,800.6227,612.0513,943.663,-0.444091796875,0.15179443359375,0.8775634765625,2.400054931640625,-5.12908935546875,1.054229736328125,0.0,4.0,4.0,4.0,4.0,100.0,event
10:33:50.572,0.0,0.0,0.0,0.0,0.0,0.0,0.0,0.0,0.0,0.0,0.0,0.0,0.0,0.0,0.0,0.0,0.0,0.0,0.0,0.0,884.0293,782.8938,799.81683,934.7985,867.1062,-0.444091796875,0.15179443359375,0.8775634765625,2.400054931640625,-5.12908935546875,1.054229736328125,0.0,4.0,4.0,4.0,4.0,100.0,event
10:33:50.576,0.0,0.0,0.0,0.0,0.0,0.0,0.0,0.0,0.0,0.0,0.0,0.0,0.0,0.0,0.0,0.0,0.0,0.0,0.0,0.0,891.28204,779.67035,797.3993,60.84249,740.58606,-0.444091796875,0.15179443359375,0.8775634765625,2.400054931640625,-5.12908935546875,1.054229736328125,0.0,4.0,4.0,4.0,4.0,100.0,event
10:33:50.577,0.0,0.0,0.0,0.0,0.0,0.0,0.0,0.0,0.0,0.0,0.0,0.0,0.0,0.0,0.0,0.0,0.0,0.0,0.0,0.0,949.304,776.4469,797.8022,1612.5275,923.1135,-0.444091796875,0.15179443359375,0.8775634765625,2.400054931640625,-5.12908935546875,1.054229736328125,0.0,4.0,4.0,4.0,4.0,100.0,event
10:33:50.577,0.0,0.0,0.0,0.0,0.0,0.0,0.0,0.0,0.0,0.0,0.0,0.0,0.0,0.0,0.0,0.0,0.0,0.0,0.0,0.0,994.83514,777.6557,798.20514,1025.0549,1019.011,-0.444091796875,0.15179443359375,0.8775634765625,2.400054931640625,-5.12908935546875,1.054229736328125,0.0,4.0,4.0,4.0,4.0,100.0,event
10:33:50.578,0.0,0.0,0.0,0.0,0.0,0.0,0.0,0.0,0.0,0.0,0.0,0.0,0.0,0.0,0.0,0.0,0.0,0.0,0.0,0.0,945.6777,782.8938,807.47253,1419.5238,753.47986,-0.444091796875,0.15179443359375,0.8775634765625,2.400054931640625,-5.12908935546875,1.054229736328125,0.0,4.0,4.0,4.0,4.0,100.0,event
10:33:50.621,0.0,0.0,0.0,0.0,0.0,0.0,0.0,0.0,0.0,0.0,0.0,0.0,0.0,0.0,0.0,0.0,0.0,0.0,0.0,0.0,886.8498,782.8938,807.47253,1616.9597,693.8461,-0.44427490234375,0.146484375,0.86407470703125,1.981353759765625,-6.041259765625,0.2691650390625,0.0,4.0,4.0,4.0,4.0,100.0,event
10:33:50.622,0.0,0.0,0.0,0.0,0.0,0.0,0.0,0.0,0.0,0.0,0.0,0.0,0.0,0.0,0.0,0.0,0.0,0.0,0.0,0.0,896.52014,779.67035,792.5641,348.5348,670.07324,-0.44427490234375,0.146484375,0.86407470703125,1.981353759765625,-6.041259765625,0.2691650390625,0.0,4.0,4.0,4.0,4.0,100.0,event
10:33:50.623,0.0,0.0,0.0,0.0,0.0,0.0,0.0,0.0,0.0,0.0,0.0,0.0,0.0,0.0,0.0,0.0,0.0,0.0,0.0,0.0,962.1978,776.8498,792.1612,214.7619,634.21246,-0.44427490234375,0.146484375,0.86407470703125,1.981353759765625,-6.041259765625,0.2691650390625,0.0,4.0,4.0,4.0,4.0,100.0,event
10:33:50.623,0.0,0.0,0.0,0.0,0.0,0.0,0.0,0.0,0.0,0.0,0.0,0.0,0.0,0.0,0.0,0.0,0.0,0.0,0.0,0.0,939.2308,779.67035,790.14655,0.0,631.79486,-0.44427490234375,0.146484375,0.86407470703125,1.981353759765625,-6.041259765625,0.2691650390625,0.0,4.0,4.0,4.0,4.0,100.0,event
10:33:50.624,0.0,0.0,0.0,0.0,0.0,0.0,0.0,0.0,0.0,0.0,0.0,0.0,0.0,0.0,0.0,0.0,0.0,0.0,0.0,0.0,926.337,776.04395,795.78754,893.2967,683.36993,-0.44427490234375,0.146484375,0.86407470703125,1.981353759765625,-6.041259765625,0.2691650390625,0.0,4.0,4.0,4.0,4.0,100.0,event
10:33:50.625,0.0,0.0,0.0,0.0,0.0,0.0,0.0,0.0,0.0,0.0,0.0,0.0,0.0,0.0,0.0,0.0,0.0,0.0,0.0,0.0,881.2088,780.07324,803.0403,435.56778,830.84247,-0.44427490234375,0.146484375,0.86407470703125,1.981353759765625,-6.041259765625,0.2691650390625,0.0,4.0,4.0,4.0,4.0,100.0,event
10:33:50.625,0.0,0.0,0.0,0.0,0.0,0.0,0.0,0.0,0.0,0.0,0.0,0.0,0.0,0.0,0.0,0.0,0.0,0.0,0.0,0.0,873.5531,778.86444,799.011,867.9121,887.6557,-0.44427490234375,0.146484375,0.86407470703125,1.981353759765625,-6.041259765625,0.2691650390625,0.0,4.0,4.0,4.0,4.0,100.0,event
10:33:50.626,0.0,0.0,0.0,0.0,0.0,0.0,0.0,0.0,0.0,0.0,0.0,0.0,0.0,0.0,0.0,0.0,0.0,0.0,0.0,0.0,915.05493,775.64105,792.96704,110.80586,791.75824,-0.44427490234375,0.146484375,0.86407470703125,1.981353759765625,-6.041259765625,0.2691650390625,0.0,4.0,4.0,4.0,4.0,100.0,event
10:33:50.627,0.0,0.0,0.0,0.0,0.0,0.0,0.0,0.0,0.0,0.0,0.0,0.0,0.0,0.0,0.0,0.0,0.0,0.0,0.0,0.0,947.6923,772.4176,790.54944,1485.2014,898.93774,-0.44427490234375,0.146484375,0.86407470703125,1.981353759765625,-6.041259765625,0.2691650390625,0.0,4.0,4.0,4.0,4.0,100.0,event
10:33:50.627,0.0,0.0,0.0,0.0,0.0,0.0,0.0,0.0,0.0,0.0,0.0,0.0,0.0,0.0,0.0,0.0,0.0,0.0,0.0,0.0,913.0403,774.0293,795.78754,300.18314,1162.0513,-0.44427490234375,0.146484375,0.86407470703125,1.981353759765625,-6.041259765625,0.2691650390625,0.0,4.0,4.0,4.0,4.0,100.0,event
10:33:50.628,0.0,0.0,0.0,0.0,0.0,0.0,0.0,0.0,0.0,0.0,0.0,0.0,0.0,0.0,0.0,0.0,0.0,0.0,0.0,0.0,866.30035,778.0586,809.89014,0.0,922.3077,-0.44427490234375,0.146484375,0.86407470703125,1.981353759765625,-6.041259765625,0.2691650390625,0.0,4.0,4.0,4.0,4.0,100.0,event
10:33:50.628,0.0,0.0,0.0,0.0,0.0,0.0,0.0,0.0,0.0,0.0,0.0,0.0,0.0,0.0,0.0,0.0,0.0,0.0,0.0,0.0,857.03296,776.4469,805.05493,91.4652,691.4286,-0.44427490234375,0.146484375,0.86407470703125,1.981353759765625,-6.041259765625,0.2691650390625,0.0,4.0,4.0,4.0,4.0,100.0,event
10:33:50.668,0.0,0.0,0.0,0.0,0.0,0.0,0.0,0.0,0.0,0.0,0.0,0.0,0.0,0.0,0.0,0.0,0.0,0.0,0.0,0.0,886.8498,775.2381,791.3553,0.0,689.011,-0.44427490234375,0.15118408203125,0.86749267578125,1.398162841796875,-5.570220947265625,-0.934600830078125,0.0,4.0,4.0,4.0,4.0,100.0,event
10:33:50.669,0.0,0.0,0.0,0.0,0.0,0.0,0.0,0.0,0.0,0.0,0.0,0.0,0.0,0.0,0.0,0.0,0.0,0.0,0.0,0.0,936.4103,779.67035,792.5641,501.64835,641.8681,-0.44427490234375,0.15118408203125,0.86749267578125,1.398162841796875,-5.570220947265625,-0.934600830078125,0.0,4.0,4.0,4.0,4.0,100.0,event
10:33:50.671,0.0,0.0,0.0,0.0,0.0,0.0,0.0,0.0,0.0,0.0,0.0,0.0,0.0,0.0,0.0,0.0,0.0,0.0,0.0,0.0,914.2491,780.4762,801.8315,1461.0256,672.8938,-0.44427490234375,0.15118408203125,0.86749267578125,1.398162841796875,-5.570220947265625,-0.934600830078125,0.0,4.0,4.0,4.0,4.0,100.0,event
10:33:50.672,0.0,0.0,0.0,0.0,0.0,0.0,0.0,0.0,0.0,0.0,0.0,0.0,0.0,0.0,0.0,0.0,0.0,0.0,0.0,0.0,843.73627,776.04395,801.4286,45.128204,732.9304,-0.44427490234375,0.15118408203125,0.86749267578125,1.398162841796875,-5.570220947265625,-0.934600830078125,0.0,4.0,4.0,4.0,4.0,100.0,event
10:33:50.674,0.0,0.0,0.0,0.0,0.0,0.0,0.0,0.0,0.0,0.0,0.0,0.0,0.0,0.0,0.0,0.0,0.0,0.0,0.0,0.0,815.5311,772.8205,797.8022,1006.1172,782.8938,-0.44427490234375,0.15118408203125,0.86749267578125,1.398162841796875,-5.570220947265625,-0.934600830078125,0.0,4.0,4.0,4.0,4.0,100.0,event
10:33:50.675,0.0,0.0,0.0,0.0,0.0,0.0,0.0,0.0,0.0,0.0,0.0,0.0,0.0,0.0,0.0,0.0,0.0,0.0,0.0,0.0,842.9304,772.4176,806.6667,115.64103,777.25275,-0.44427490234375,0.15118408203125,0.86749267578125,1.398162841796875,-5.570220947265625,-0.934600830078125,0.0,4.0,4.0,4.0,4.0,100.0,event
10:33:50.676,0.0,0.0,0.0,0.0,0.0,0.0,0.0,0.0,0.0,0.0,0.0,0.0,0.0,0.0,0.0,0.0,0.0,0.0,0.0,0.0,879.19415,774.0293,809.0842,0.0,786.1172,-0.44427490234375,0.15118408203125,0.86749267578125,1.398162841796875,-5.570220947265625,-0.934600830078125,0.0,4.0,4.0,4.0,4.0,100.0,event
10:33:50.676,0.0,0.0,0.0,0.0,0.0,0.0,0.0,0.0,0.0,0.0,0.0,0.0,0.0,0.0,0.0,0.0,0.0,0.0,0.0,0.0,865.4945,774.0293,808.2784,130.54945,715.6044,-0.44427490234375,0.15118408203125,0.86749267578125,1.398162841796875,-5.570220947265625,-0.934600830078125,0.0,4.0,4.0,4.0,4.0,100.0,event
10:33:50.677,0.0,0.0,0.0,0.0,0.0,0.0,0.0,0.0,0.0,0.0,0.0,0.0,0.0,0.0,0.0,0.0,0.0,0.0,0.0,0.0,804.2491,773.6264,804.65204,862.27106,920.293,-0.44427490234375,0.15118408203125,0.86749267578125,1.398162841796875,-5.570220947265625,-0.934600830078125,0.0,4.0,4.0,4.0,4.0,100.0,event
10:33:50.678,0.0,0.0,0.0,0.0,0.0,0.0,0.0,0.0,0.0,0.0,0.0,0.0,0.0,0.0,0.0,0.0,0.0,0.0,0.0,0.0,775.2381,771.6117,799.81683,344.5055,950.10986,-0.44427490234375,0.15118408203125,0.86749267578125,1.398162841796875,-5.570220947265625,-0.934600830078125,0.0,4.0,4.0,4.0,4.0,100.0,event
10:33:50.682,0.0,0.0,0.0,0.0,0.0,0.0,0.0,0.0,0.0,0.0,0.0,0.0,0.0,0.0,0.0,0.0,0.0,0.0,0.0,0.0,804.2491,770.0,803.8461,0.0,692.6374,-0.44427490234375,0.15118408203125,0.86749267578125,1.398162841796875,-5.570220947265625,-0.934600830078125,0.0,4.0,4.0,4.0,4.0,100.0,event
10:33:50.683,0.0,0.0,0.0,0.0,0.0,0.0,0.0,0.0,0.0,0.0,0.0,0.0,0.0,0.0,0.0,0.0,0.0,0.0,0.0,0.0,832.8571,772.8205,803.44324,0.0,787.326,-0.44427490234375,0.15118408203125,0.86749267578125,1.398162841796875,-5.570220947265625,-0.934600830078125,0.0,4.0,4.0,4.0,4.0,100.0,event
10:33:50.722,0.0,0.0,0.0,0.0,0.0,0.0,0.0,0.0,0.0,0.0,0.0,0.0,0.0,0.0,0.0,0.0,0.0,0.0,0.0,0.0,822.381,775.2381,799.011,210.7326,931.5751,-0.43878173828125,0.1524658203125,0.86175537109375,2.908477783203125,-2.998199462890625,-1.114044189453125,0.0,4.0,4.0,4.0,4.0,100.0,event
10:33:50.724,0.0,0.0,0.0,0.0,0.0,0.0,0.0,0.0,0.0,0.0,0.0,0.0,0.0,0.0,0.0,0.0,0.0,0.0,0.0,0.0,764.7619,773.6264,799.41394,1344.9817,800.6227,-0.43878173828125,0.1524658203125,0.86175537109375,2.908477783203125,-2.998199462890625,-1.114044189453125,0.0,4.0,4.0,4.0,4.0,100.0,event
10:33:50.726,0.0,0.0,0.0,0.0,0.0,0.0,0.0,0.0,0.0,0.0,0.0,0.0,0.0,0.0,0.0,0.0,0.0,0.0,0.0,0.0,720.84247,770.40295,798.20514,46.739925,722.4542,-0.43878173828125,0.1524658203125,0.86175537109375,2.908477783203125,-2.998199462890625,-1.114044189453125,0.0,4.0,4.0,4.0,4.0,100.0,event
10:33:50.728,0.0,0.0,0.0,0.0,0.0,0.0,0.0,0.0,0.0,0.0,0.0,0.0,0.0,0.0,0.0,0.0,0.0,0.0,0.0,0.0,724.0659,771.2088,794.9817,1401.7949,774.0293,-0.43878173828125,0.1524658203125,0.86175537109375,2.908477783203125,-2.998199462890625,-1.114044189453125,0.0,4.0,4.0,4.0,4.0,100.0,event
10:33:50.729,0.0,0.0,0.0,0.0,0.0,0.0,0.0,0.0,0.0,0.0,0.0,0.0,0.0,0.0,0.0,0.0,0.0,0.0,0.0,0.0,747.03296,773.6264,796.1905,1436.8499,905.38464,-0.43878173828125,0.1524658203125,0.86175537109375,2.908477783203125,-2.998199462890625,-1.114044189453125,0.0,4.0,4.0,4.0,4.0,100.0,event
10:33:50.731,0.0,0.0,0.0,0.0,0.0,0.0,0.0,0.0,0.0,0.0,0.0,0.0,0.0,0.0,0.0,0.0,0.0,0.0,0.0,0.0,741.39197,773.22345,801.02563,1172.5275,981.13556,-0.43878173828125,0.1524658203125,0.86175537109375,2.908477783203125,-2.998199462890625,-1.114044189453125,0.0,4.0,4.0,4.0,4.0,100.0,event
10:33:50.732,0.0,0.0,0.0,0.0,0.0,0.0,0.0,0.0,0.0,0.0,0.0,0.0,0.0,0.0,0.0,0.0,0.0,0.0,0.0,0.0,676.52014,770.80585,800.6227,189.78021,858.24176,-0.43878173828125,0.1524658203125,0.86175537109375,2.908477783203125,-2.998199462890625,-1.114044189453125,0.0,4.0,4.0,4.0,4.0,100.0,event
10:33:50.734,0.0,0.0,0.0,0.0,0.0,0.0,0.0,0.0,0.0,0.0,0.0,0.0,0.0,0.0,0.0,0.0,0.0,0.0,0.0,0.0,643.8828,771.6117,804.2491,0.0,798.60803,-0.43878173828125,0.1524658203125,0.86175537109375,2.908477783203125,-2.998199462890625,-1.114044189453125,0.0,4.0,4.0,4.0,4.0,100.0,event
10:33:50.735,0.0,0.0,0.0,0.0,0.0,0.0,0.0,0.0,0.0,0.0,0.0,0.0,0.0,0.0,0.0,0.0,0.0,0.0,0.0,0.0,664.83514,771.6117,805.05493,28.205128,992.8205,-0.43878173828125,0.1524658203125,0.86175537109375,2.908477783203125,-2.998199462890625,-1.114044189453125,0.0,4.0,4.0,4.0,4.0,100.0,event
10:33:50.737,0.0,0.0,0.0,0.0,0.0,0.0,0.0,0.0,0.0,0.0,0.0,0.0,0.0,0.0,0.0,0.0,0.0,0.0,0.0,0.0,698.2784,770.40295,791.75824,161.57509,869.92676,-0.43878173828125,0.1524658203125,0.86175537109375,2.908477783203125,-2.998199462890625,-1.114044189453125,0.0,4.0,4.0,4.0,4.0,100.0,event
10:33:50.739,0.0,0.0,0.0,0.0,0.0,0.0,0.0,0.0,0.0,0.0,0.0,0.0,0.0,0.0,0.0,0.0,0.0,0.0,0.0,0.0,717.2161,770.0,790.54944,479.8901,755.09155,-0.43878173828125,0.1524658203125,0.86175537109375,2.908477783203125,-2.998199462890625,-1.114044189453125,0.0,4.0,4.0,4.0,4.0,100.0,event
10:33:50.740,0.0,0.0,0.0,0.0,0.0,0.0,0.0,0.0,0.0,0.0,0.0,0.0,0.0,0.0,0.0,0.0,0.0,0.0,0.0,0.0,664.83514,771.2088,796.99634,151.50183,785.31134,-0.43878173828125,0.1524658203125,0.86175537109375,2.908477783203125,-2.998199462890625,-1.114044189453125,0.0,4.0,4.0,4.0,4.0,100.0,event
10:33:50.742,0.0,0.0,0.0,0.0,0.0,0.0,0.0,0.0,0.0,0.0,0.0,0.0,0.0,0.0,0.0,0.0,0.0,0.0,0.0,0.0,622.9304,770.40295,796.5934,386.00732,712.381,-0.43878173828125,0.1524658203125,0.86175537109375,2.908477783203125,-2.998199462890625,-1.114044189453125,0.0,4.0,4.0,4.0,4.0,100.0,event
10:33:50.743,0.0,0.0,0.0,0.0,0.0,0.0,0.0,0.0,0.0,0.0,0.0,0.0,0.0,0.0,0.0,0.0,0.0,0.0,0.0,0.0,649.5238,767.5824,793.36993,1484.7986,664.43225,-0.43878173828125,0.1524658203125,0.86175537109375,2.908477783203125,-2.998199462890625,-1.114044189453125,0.0,4.0,4.0,4.0,4.0,100.0,event
10:33:50.744,0.0,0.0,0.0,0.0,0.0,0.0,0.0,0.0,0.0,0.0,0.0,0.0,0.0,0.0,0.0,0.0,0.0,0.0,0.0,0.0,690.6227,761.9414,792.1612,24.981686,746.63007,-0.43878173828125,0.1524658203125,0.86175537109375,2.908477783203125,-2.998199462890625,-1.114044189453125,0.0,4.0,4.0,4.0,4.0,100.0,event
10:33:50.745,0.0,0.0,0.0,0.0,0.0,0.0,0.0,0.0,0.0,0.0,0.0,0.0,0.0,0.0,0.0,0.0,0.0,0.0,0.0,0.0,720.0366,761.13556,797.3993,1588.3517,937.2161,-0.43878173828125,0.1524658203125,0.86175537109375,2.908477783203125,-2.998199462890625,-1.114044189453125,0.0,4.0,4.0,4.0,4.0,100.0,event
10:33:50.747,0.0,0.0,0.0,0.0,0.0,0.0,0.0,0.0,0.0,0.0,0.0,0.0,0.0,0.0,0.0,0.0,0.0,0.0,0.0,0.0,670.87915,766.77655,801.4286,1614.1392,738.5714,-0.43878173828125,0.1524658203125,0.86175537109375,2.908477783203125,-2.998199462890625,-1.114044189453125,0.0,4.0,4.0,4.0,4.0,100.0,event
10:33:50.747,0.0,0.0,0.0,0.0,0.0,0.0,0.0,0.0,0.0,0.0,0.0,0.0,0.0,0.0,0.0,0.0,0.0,0.0,0.0,0.0,703.5165,766.77655,798.60803,1617.3627,832.0513,-0.43878173828125,0.1524658203125,0.86175537109375,2.908477783203125,-2.998199462890625,-1.114044189453125,0.0,4.0,4.0,4.0,4.0,100.0,event
10:33:50.748,0.0,0.0,0.0,0.0,0.0,0.0,0.0,0.0,0.0,0.0,0.0,0.0,0.0,0.0,0.0,0.0,0.0,0.0,0.0,0.0,684.57874,763.95605,800.2198,1632.2711,781.685,-0.43878173828125,0.1524658203125,0.86175537109375,2.908477783203125,-2.998199462890625,-1.114044189453125,0.0,4.0,4.0,4.0,4.0,100.0,event
10:33:50.749,0.0,0.0,0.0,0.0,0.0,0.0,0.0,0.0,0.0,0.0,0.0,0.0,0.0,0.0,0.0,0.0,0.0,0.0,0.0,0.0,729.707,766.3736,796.99634,1627.033,918.68134,-0.43878173828125,0.1524658203125,0.86175537109375,2.908477783203125,-2.998199462890625,-1.114044189453125,0.0,4.0,4.0,4.0,4.0,100.0,event
10:33:50.750,0.0,0.0,0.0,0.0,0.0,0.0,0.0,0.0,0.0,0.0,0.0,0.0,0.0,0.0,0.0,0.0,0.0,0.0,0.0,0.0,773.22345,769.19415,796.99634,1628.6447,1073.4066,-0.43878173828125,0.1524658203125,0.86175537109375,2.908477783203125,-2.998199462890625,-1.114044189453125,0.0,4.0,4.0,4.0,4.0,100.0,event
10:33:50.751,0.0,0.0,0.0,0.0,0.0,0.0,0.0,0.0,0.0,0.0,0.0,0.0,0.0,0.0,0.0,0.0,0.0,0.0,0.0,0.0,745.42126,772.01465,796.1905,1628.2417,799.41394,-0.43878173828125,0.1524658203125,0.86175537109375,2.908477783203125,-2.998199462890625,-1.114044189453125,0.0,4.0,4.0,4.0,4.0,100.0,event
10:33:50.752,0.0,0.0,0.0,0.0,0.0,0.0,0.0,0.0,0.0,0.0,0.0,0.0,0.0,0.0,0.0,0.0,0.0,0.0,0.0,0.0,704.7253,771.6117,788.1319,1628.2417,677.326,-0.43878173828125,0.1524658203125,0.86175537109375,2.908477783203125,-2.998199462890625,-1.114044189453125,0.0,4.0,4.0,4.0,4.0,100.0,event
10:33:50.752,0.0,0.0,0.0,0.0,0.0,0.0,0.0,0.0,0.0,0.0,0.0,0.0,0.0,0.0,0.0,0.0,0.0,0.0,0.0,0.0,716.4103,768.7912,783.2967,1628.2417,747.4359,-0.43878173828125,0.1524658203125,0.86175537109375,2.908477783203125,-2.998199462890625,-1.114044189453125,0.0,4.0,4.0,4.0,4.0,100.0,event
10:33:50.800,0.0,0.0,0.0,0.0,0.0,0.0,0.0,0.0,0.0,0.0,0.0,0.0,0.0,0.0,0.0,0.0,0.0,0.0,0.0,0.0,730.5128,765.56775,786.52014,1628.2417,694.65204,-0.43939208984375,0.158935546875,0.8780517578125,2.938385009765625,-3.551483154296875,-0.11962890625,0.0,4.0,4.0,4.0,4.0,100.0,event
10:33:50.802,0.0,0.0,0.0,0.0,0.0,0.0,0.0,0.0,0.0,0.0,0.0,0.0,0.0,0.0,0.0,0.0,0.0,0.0,0.0,0.0,793.36993,768.3883,797.8022,1628.6447,691.4286,-0.43939208984375,0.158935546875,0.8780517578125,2.938385009765625,-3.551483154296875,-0.11962890625,0.0,4.0,4.0,4.0,4.0,100.0,event
10:33:50.803,0.0,0.0,0.0,0.0,0.0,0.0,0.0,0.0,0.0,0.0,0.0,0.0,0.0,0.0,0.0,0.0,0.0,0.0,0.0,0.0,788.5348,769.59705,801.02563,1633.8828,794.9817,-0.43939208984375,0.158935546875,0.8780517578125,2.938385009765625,-3.551483154296875,-0.11962890625,0.0,4.0,4.0,4.0,4.0,100.0,event
10:33:50.803,0.0,0.0,0.0,0.0,0.0,0.0,0.0,0.0,0.0,0.0,0.0,0.0,0.0,0.0,0.0,0.0,0.0,0.0,0.0,0.0,707.9487,768.3883,796.5934,1607.6923,854.61536,-0.43939208984375,0.158935546875,0.8780517578125,2.938385009765625,-3.551483154296875,-0.11962890625,0.0,4.0,4.0,4.0,4.0,100.0,event
10:33:50.804,0.0,0.0,0.0,0.0,0.0,0.0,0.0,0.0,0.0,0.0,0.0,0.0,0.0,0.0,0.0,0.0,0.0,0.0,0.0,0.0,730.10986,771.2088,797.3993,1627.033,767.5824,-0.43939208984375,0.158935546875,0.8780517578125,2.938385009765625,-3.551483154296875,-0.11962890625,0.0,4.0,4.0,4.0,4.0,100.0,event
10:33:50.805,0.0,0.0,0.0,0.0,0.0,0.0,0.0,0.0,0.0,0.0,0.0,0.0,0.0,0.0,0.0,0.0,0.0,0.0,0.0,0.0,794.9817,767.98535,796.1905,1596.0073,739.3773,-0.43939208984375,0.158935546875,0.8780517578125,2.938385009765625,-3.551483154296875,-0.11962890625,0.0,4.0,4.0,4.0,4.0,100.0,event
10:33:50.806,0.0,0.0,0.0,0.0,0.0,0.0,0.0,0.0,0.0,0.0,0.0,0.0,0.0,0.0,0.0,0.0,0.0,0.0,0.0,0.0,849.7802,765.9707,790.9524,732.9304,810.293,-0.43939208984375,0.158935546875,0.8780517578125,2.938385009765625,-3.551483154296875,-0.11962890625,0.0,4.0,4.0,4.0,4.0,100.0,event
10:33:50.806,0.0,0.0,0.0,0.0,0.0,0.0,0.0,0.0,0.0,0.0,0.0,0.0,0.0,0.0,0.0,0.0,0.0,0.0,0.0,0.0,851.79486,768.7912,790.14655,174.06593,1026.2638,-0.43939208984375,0.158935546875,0.8780517578125,2.938385009765625,-3.551483154296875,-0.11962890625,0.0,4.0,4.0,4.0,4.0,100.0,event
10:33:50.807,0.0,0.0,0.0,0.0,0.0,0.0,0.0,0.0,0.0,0.0,0.0,0.0,0.0,0.0,0.0,0.0,0.0,0.0,0.0,0.0,815.12823,770.0,796.99634,651.9414,929.9634,-0.43939208984375,0.158935546875,0.8780517578125,2.938385009765625,-3.551483154296875,-0.11962890625,0.0,4.0,4.0,4.0,4.0,100.0,event
10:33:50.808,0.0,0.0,0.0,0.0,0.0,0.0,0.0,0.0,0.0,0.0,0.0,0.0,0.0,0.0,0.0,0.0,0.0,0.0,0.0,0.0,848.1685,765.9707,799.41394,1096.7766,668.46155,-0.43939208984375,0.158935546875,0.8780517578125,2.938385009765625,-3.551483154296875,-0.11962890625,0.0,4.0,4.0,4.0,4.0,100.0,event
10:33:50.808,0.0,0.0,0.0,0.0,0.0,0.0,0.0,0.0,0.0,0.0,0.0,0.0,0.0,0.0,0.0,0.0,0.0,0.0,0.0,0.0,927.1429,763.95605,794.17584,1545.641,709.15753,-0.43939208984375,0.158935546875,0.8780517578125,2.938385009765625,-3.551483154296875,-0.11962890625,0.0,4.0,4.0,4.0,4.0,100.0,event
10:33:50.809,0.0,0.0,0.0,0.0,0.0,0.0,0.0,0.0,0.0,0.0,0.0,0.0,0.0,0.0,0.0,0.0,0.0,0.0,0.0,0.0,958.97437,763.95605,794.9817,1646.3737,813.5165,-0.43939208984375,0.158935546875,0.8780517578125,2.938385009765625,-3.551483154296875,-0.11962890625,0.0,4.0,4.0,4.0,4.0,100.0,event
10:33:50.831,0.0,0.0,0.0,0.0,0.0,0.0,0.0,0.0,0.0,0.0,0.0,0.0,0.0,0.0,0.0,0.0,0.0,0.0,0.0,0.0,944.87177,763.5531,796.1905,1610.1099,771.6117,-0.4482421875,0.1405029296875,0.85260009765625,2.370147705078125,-3.147735595703125,0.95703125,0.0,4.0,4.0,4.0,4.0,100.0,event
10:33:50.832,0.0,0.0,0.0,0.0,0.0,0.0,0.0,0.0,0.0,0.0,0.0,0.0,0.0,0.0,0.0,0.0,0.0,0.0,0.0,0.0,909.41394,765.56775,792.96704,1631.0623,741.79486,-0.4482421875,0.1405029296875,0.85260009765625,2.370147705078125,-3.147735595703125,0.95703125,0.0,4.0,4.0,4.0,4.0,100.0,event
10:33:50.833,0.0,0.0,0.0,0.0,0.0,0.0,0.0,0.0,0.0,0.0,0.0,0.0,0.0,0.0,0.0,0.0,0.0,0.0,0.0,0.0,911.02563,766.77655,792.1612,1608.0952,794.57874,-0.4482421875,0.1405029296875,0.85260009765625,2.370147705078125,-3.147735595703125,0.95703125,0.0,4.0,4.0,4.0,4.0,100.0,event
10:33:50.834,0.0,0.0,0.0,0.0,0.0,0.0,0.0,0.0,0.0,0.0,0.0,0.0,0.0,0.0,0.0,0.0,0.0,0.0,0.0,0.0,944.0659,767.1795,794.57874,1545.238,761.53845,-0.4482421875,0.1405029296875,0.85260009765625,2.370147705078125,-3.147735595703125,0.95703125,0.0,4.0,4.0,4.0,4.0,100.0,event
10:33:50.834,0.0,0.0,0.0,0.0,0.0,0.0,0.0,0.0,0.0,0.0,0.0,0.0,0.0,0.0,0.0,0.0,0.0,0.0,0.0,0.0,1002.0879,768.7912,795.78754,1589.5604,723.2601,-0.4482421875,0.1405029296875,0.85260009765625,2.370147705078125,-3.147735595703125,0.95703125,0.0,4.0,4.0,4.0,4.0,100.0,event
10:33:50.835,0.0,0.0,0.0,0.0,0.0,0.0,0.0,0.0,0.0,0.0,0.0,0.0,0.0,0.0,0.0,0.0,0.0,0.0,0.0,0.0,1015.78754,766.77655,796.5934,1640.7325,793.7729,-0.4482421875,0.1405029296875,0.85260009765625,2.370147705078125,-3.147735595703125,0.95703125,0.0,4.0,4.0,4.0,4.0,100.0,event
10:33:50.836,0.0,0.0,0.0,0.0,0.0,0.0,0.0,0.0,0.0,0.0,0.0,0.0,0.0,0.0,0.0,0.0,0.0,0.0,0.0,0.0,955.34796,762.74725,799.011,1623.4066,1005.7143,-0.4482421875,0.1405029296875,0.85260009765625,2.370147705078125,-3.147735595703125,0.95703125,0.0,4.0,4.0,4.0,4.0,100.0,event
10:33:50.836,0.0,0.0,0.0,0.0,0.0,0.0,0.0,0.0,0.0,0.0,0.0,0.0,0.0,0.0,0.0,0.0,0.0,0.0,0.0,0.0,937.619,764.35895,796.99634,1639.5238,972.674,-0.4482421875,0.1405029296875,0.85260009765625,2.370147705078125,-3.147735595703125,0.95703125,0.0,4.0,4.0,4.0,4.0,100.0,event
10:33:50.837,0.0,0.0,0.0,0.0,0.0,0.0,0.0,0.0,0.0,0.0,0.0,0.0,0.0,0.0,0.0,0.0,0.0,0.0,0.0,0.0,975.4945,768.3883,793.7729,1570.6227,666.8498,-0.4482421875,0.1405029296875,0.85260009765625,2.370147705078125,-3.147735595703125,0.95703125,0.0,4.0,4.0,4.0,4.0,100.0,event
10:33:50.838,0.0,0.0,0.0,0.0,0.0,0.0,0.0,0.0,0.0,0.0,0.0,0.0,0.0,0.0,0.0,0.0,0.0,0.0,0.0,0.0,1035.1282,767.1795,790.14655,74.13919,776.04395,-0.4482421875,0.1405029296875,0.85260009765625,2.370147705078125,-3.147735595703125,0.95703125,0.0,4.0,4.0,4.0,4.0,100.0,event
10:33:50.838,0.0,0.0,0.0,0.0,0.0,0.0,0.0,0.0,0.0,0.0,0.0,0.0,0.0,0.0,0.0,0.0,0.0,0.0,0.0,0.0,1046.0073,763.5531,795.38464,1235.3846,938.4249,-0.4482421875,0.1405029296875,0.85260009765625,2.370147705078125,-3.147735595703125,0.95703125,0.0,4.0,4.0,4.0,4.0,100.0,event
10:33:50.839,0.0,0.0,0.0,0.0,0.0,0.0,0.0,0.0,0.0,0.0,0.0,0.0,0.0,0.0,0.0,0.0,0.0,0.0,0.0,0.0,985.16486,762.3443,792.1612,70.91575,736.1539,-0.4482421875,0.1405029296875,0.85260009765625,2.370147705078125,-3.147735595703125,0.95703125,0.0,4.0,4.0,4.0,4.0,100.0,event
10:33:50.900,0.0,0.0,0.0,0.0,0.0,0.0,0.0,0.0,0.0,0.0,0.0,0.0,0.0,0.0,0.0,0.0,0.0,0.0,0.0,0.0,956.1539,763.5531,788.93774,0.0,654.35895,-0.4495849609375,0.14373779296875,0.87353515625,1.936492919921875,-5.271148681640625,0.186920166015625,0.0,4.0,4.0,4.0,4.0,100.0,event
10:33:50.902,0.0,0.0,0.0,0.0,0.0,0.0,0.0,0.0,0.0,0.0,0.0,0.0,0.0,0.0,0.0,0.0,0.0,0.0,0.0,0.0,974.2857,766.3736,796.5934,41.50183,658.7912,-0.4495849609375,0.14373779296875,0.87353515625,1.936492919921875,-5.271148681640625,0.186920166015625,0.0,4.0,4.0,4.0,4.0,100.0,event
10:33:50.908,0.0,0.0,0.0,0.0,0.0,0.0,0.0,0.0,0.0,0.0,0.0,0.0,0.0,0.0,0.0,0.0,0.0,0.0,0.0,0.0,1000.07324,766.77655,799.011,0.0,709.5604,-0.4495849609375,0.14373779296875,0.87353515625,1.936492919921875,-5.271148681640625,0.186920166015625,0.0,4.0,4.0,4.0,4.0,100.0,event
10:33:50.909,0.0,0.0,0.0,0.0,0.0,0.0,0.0,0.0,0.0,0.0,0.0,0.0,0.0,0.0,0.0,0.0,0.0,0.0,0.0,0.0,1002.49084,763.95605,788.5348,45.128204,713.9927,-0.4495849609375,0.14373779296875,0.87353515625,1.936492919921875,-5.271148681640625,0.186920166015625,0.0,4.0,4.0,4.0,4.0,100.0,event
10:33:50.910,0.0,0.0,0.0,0.0,0.0,0.0,0.0,0.0,0.0,0.0,0.0,0.0,0.0,0.0,0.0,0.0,0.0,0.0,0.0,0.0,940.0366,766.3736,788.93774,0.0,603.5897,-0.4495849609375,0.14373779296875,0.87353515625,1.936492919921875,-5.271148681640625,0.186920166015625,0.0,4.0,4.0,4.0,4.0,100.0,event
10:33:50.911,0.0,0.0,0.0,0.0,0.0,0.0,0.0,0.0,0.0,0.0,0.0,0.0,0.0,0.0,0.0,0.0,0.0,0.0,0.0,0.0,890.87915,768.7912,790.9524,336.04395,697.8755,-0.4495849609375,0.14373779296875,0.87353515625,1.936492919921875,-5.271148681640625,0.186920166015625,0.0,4.0,4.0,4.0,4.0,100.0,event
10:33:50.912,0.0,0.0,0.0,0.0,0.0,0.0,0.0,0.0,0.0,0.0,0.0,0.0,0.0,0.0,0.0,0.0,0.0,0.0,0.0,0.0,903.7729,765.9707,788.5348,1455.3846,1025.4579,-0.4495849609375,0.14373779296875,0.87353515625,1.936492919921875,-5.271148681640625,0.186920166015625,0.0,4.0,4.0,4.0,4.0,100.0,event
10:33:50.913,0.0,0.0,0.0,0.0,0.0,0.0,0.0,0.0,0.0,0.0,0.0,0.0,0.0,0.0,0.0,0.0,0.0,0.0,0.0,0.0,943.663,763.1502,790.14655,32.637363,929.5604,-0.4495849609375,0.14373779296875,0.87353515625,1.936492919921875,-5.271148681640625,0.186920166015625,0.0,4.0,4.0,4.0,4.0,100.0,event
10:33:50.913,0.0,0.0,0.0,0.0,0.0,0.0,0.0,0.0,0.0,0.0,0.0,0.0,0.0,0.0,0.0,0.0,0.0,0.0,0.0,0.0,959.7802,763.5531,792.96704,1576.2638,748.24176,-0.4495849609375,0.14373779296875,0.87353515625,1.936492919921875,-5.271148681640625,0.186920166015625,0.0,4.0,4.0,4.0,4.0,100.0,event
10:33:50.914,0.0,0.0,0.0,0.0,0.0,0.0,0.0,0.0,0.0,0.0,0.0,0.0,0.0,0.0,0.0,0.0,0.0,0.0,0.0,0.0,914.2491,770.80585,796.99634,1599.2307,799.41394,-0.4495849609375,0.14373779296875,0.87353515625,1.936492919921875,-5.271148681640625,0.186920166015625,0.0,4.0,4.0,4.0,4.0,100.0,event
10:33:50.915,0.0,0.0,0.0,0.0,0.0,0.0,0.0,0.0,0.0,0.0,0.0,0.0,0.0,0.0,0.0,0.0,0.0,0.0,0.0,0.0,868.315,772.01465,799.011,1616.9597,816.337,-0.4495849609375,0.14373779296875,0.87353515625,1.936492919921875,-5.271148681640625,0.186920166015625,0.0,4.0,4.0,4.0,4.0,100.0,event
10:33:50.915,0.0,0.0,0.0,0.0,0.0,0.0,0.0,0.0,0.0,0.0,0.0,0.0,0.0,0.0,0.0,0.0,0.0,0.0,0.0,0.0,848.97437,765.9707,795.78754,1417.1062,745.82416,-0.4495849609375,0.14373779296875,0.87353515625,1.936492919921875,-5.271148681640625,0.186920166015625,0.0,4.0,4.0,4.0,4.0,100.0,event
10:33:50.964,0.0,0.0,0.0,0.0,0.0,0.0,0.0,0.0,0.0,0.0,0.0,0.0,0.0,0.0,0.0,0.0,0.0,0.0,0.0,0.0,882.8205,763.95605,794.17584,845.34796,762.3443,-0.44793701171875,0.14703369140625,0.87164306640625,1.353302001953125,-3.820648193359375,-0.35888671875,0.0,4.0,4.0,4.0,4.0,100.0,event
10:33:50.965,0.0,0.0,0.0,0.0,0.0,0.0,0.0,0.0,0.0,0.0,0.0,0.0,0.0,0.0,0.0,0.0,0.0,0.0,0.0,0.0,918.2784,765.9707,790.14655,1326.044,883.22345,-0.44793701171875,0.14703369140625,0.87164306640625,1.353302001953125,-3.820648193359375,-0.35888671875,0.0,4.0,4.0,4.0,4.0,100.0,event
10:33:50.966,0.0,0.0,0.0,0.0,0.0,0.0,0.0,0.0,0.0,0.0,0.0,0.0,0.0,0.0,0.0,0.0,0.0,0.0,0.0,0.0,865.89746,763.95605,793.36993,10.476191,902.96704,-0.44793701171875,0.14703369140625,0.87164306640625,1.353302001953125,-3.820648193359375,-0.35888671875,0.0,4.0,4.0,4.0,4.0,100.0,event
10:33:50.967,0.0,0.0,0.0,0.0,0.0,0.0,0.0,0.0,0.0,0.0,0.0,0.0,0.0,0.0,0.0,0.0,0.0,0.0,0.0,0.0,812.3077,759.92676,792.5641,32.637363,792.96704,-0.44793701171875,0.14703369140625,0.87164306640625,1.353302001953125,-3.820648193359375,-0.35888671875,0.0,4.0,4.0,4.0,4.0,100.0,event
10:33:50.968,0.0,0.0,0.0,0.0,0.0,0.0,0.0,0.0,0.0,0.0,0.0,0.0,0.0,0.0,0.0,0.0,0.0,0.0,0.0,0.0,813.5165,761.53845,788.93774,1238.608,757.50916,-0.44793701171875,0.14703369140625,0.87164306640625,1.353302001953125,-3.820648193359375,-0.35888671875,0.0,4.0,4.0,4.0,4.0,100.0,event
10:33:50.969,0.0,0.0,0.0,0.0,0.0,0.0,0.0,0.0,0.0,0.0,0.0,0.0,0.0,0.0,0.0,0.0,0.0,0.0,0.0,0.0,832.4542,762.3443,791.3553,108.79121,888.86444,-0.44793701171875,0.14703369140625,0.87164306640625,1.353302001953125,-3.820648193359375,-0.35888671875,0.0,4.0,4.0,4.0,4.0,100.0,event
10:33:50.970,0.0,0.0,0.0,0.0,0.0,0.0,0.0,0.0,0.0,0.0,0.0,0.0,0.0,0.0,0.0,0.0,0.0,0.0,0.0,0.0,851.39197,761.13556,790.14655,179.30403,975.89746,-0.44793701171875,0.14703369140625,0.87164306640625,1.353302001953125,-3.820648193359375,-0.35888671875,0.0,4.0,4.0,4.0,4.0,100.0,event
10:33:50.971,0.0,0.0,0.0,0.0,0.0,0.0,0.0,0.0,0.0,0.0,0.0,0.0,0.0,0.0,0.0,0.0,0.0,0.0,0.0,0.0,817.9487,760.7326,788.5348,232.49084,922.3077,-0.44793701171875,0.14703369140625,0.87164306640625,1.353302001953125,-3.820648193359375,-0.35888671875,0.0,4.0,4.0,4.0,4.0,100.0,event
10:33:50.972,0.0,0.0,0.0,0.0,0.0,0.0,0.0,0.0,0.0,0.0,0.0,0.0,0.0,0.0,0.0,0.0,0.0,0.0,0.0,0.0,759.5238,759.5238,793.36993,439.19415,750.2564,-0.44793701171875,0.14703369140625,0.87164306640625,1.353302001953125,-3.820648193359375,-0.35888671875,0.0,4.0,4.0,4.0,4.0,100.0,event
10:33:50.973,0.0,0.0,0.0,0.0,0.0,0.0,0.0,0.0,0.0,0.0,0.0,0.0,0.0,0.0,0.0,0.0,0.0,0.0,0.0,0.0,743.4066,760.32965,800.2198,1482.381,774.43225,-0.44793701171875,0.14703369140625,0.87164306640625,1.353302001953125,-3.820648193359375,-0.35888671875,0.0,4.0,4.0,4.0,4.0,100.0,event
10:33:50.975,0.0,0.0,0.0,0.0,0.0,0.0,0.0,0.0,0.0,0.0,0.0,0.0,0.0,0.0,0.0,0.0,0.0,0.0,0.0,0.0,773.6264,762.3443,799.011,27.399267,811.9048,-0.44793701171875,0.14703369140625,0.87164306640625,1.353302001953125,-3.820648193359375,-0.35888671875,0.0,4.0,4.0,4.0,4.0,100.0,event
10:33:50.976,0.0,0.0,0.0,0.0,0.0,0.0,0.0,0.0,0.0,0.0,0.0,0.0,0.0,0.0,0.0,0.0,0.0,0.0,0.0,0.0,800.6227,761.53845,794.57874,1578.2784,771.6117,-0.44793701171875,0.14703369140625,0.87164306640625,1.353302001953125,-3.820648193359375,-0.35888671875,0.0,4.0,4.0,4.0,4.0,100.0,event
10:33:50.977,0.0,0.0,0.0,0.0,0.0,0.0,0.0,0.0,0.0,0.0,0.0,0.0,0.0,0.0,0.0,0.0,0.0,0.0,0.0,0.0,767.98535,761.13556,792.1612,23.369963,819.5604,-0.44793701171875,0.14703369140625,0.87164306640625,1.353302001953125,-3.820648193359375,-0.35888671875,0.0,4.0,4.0,4.0,4.0,100.0,event
10:33:50.978,0.0,0.0,0.0,0.0,0.0,0.0,0.0,0.0,0.0,0.0,0.0,0.0,0.0,0.0,0.0,0.0,0.0,0.0,0.0,0.0,696.6667,760.7326,793.7729,1342.1611,981.9414,-0.44793701171875,0.14703369140625,0.87164306640625,1.353302001953125,-3.820648193359375,-0.35888671875,0.0,4.0,4.0,4.0,4.0,100.0,event
10:33:50.979,0.0,0.0,0.0,0.0,0.0,0.0,0.0,0.0,0.0,0.0,0.0,0.0,0.0,0.0,0.0,0.0,0.0,0.0,0.0,0.0,672.0879,760.7326,794.17584,1326.8499,850.18317,-0.44793701171875,0.14703369140625,0.87164306640625,1.353302001953125,-3.820648193359375,-0.35888671875,0.0,4.0,4.0,4.0,4.0,100.0,event
10:33:50.980,0.0,0.0,0.0,0.0,0.0,0.0,0.0,0.0,0.0,0.0,0.0,0.0,0.0,0.0,0.0,0.0,0.0,0.0,0.0,0.0,695.8608,763.1502,792.5641,1625.8242,725.6777,-0.44793701171875,0.14703369140625,0.87164306640625,1.353302001953125,-3.820648193359375,-0.35888671875,0.0,4.0,4.0,4.0,4.0,100.0,event
10:33:50.985,0.0,0.0,0.0,0.0,0.0,0.0,0.0,0.0,0.0,0.0,0.0,0.0,0.0,0.0,0.0,0.0,0.0,0.0,0.0,0.0,724.4689,761.13556,790.14655,1309.1208,894.10254,-0.44793701171875,0.14703369140625,0.87164306640625,1.353302001953125,-3.820648193359375,-0.35888671875,0.0,4.0,4.0,4.0,4.0,100.0,event
10:33:50.989,0.0,0.0,0.0,0.0,0.0,0.0,0.0,0.0,0.0,0.0,0.0,0.0,0.0,0.0,0.0,0.0,0.0,0.0,0.0,0.0,697.0696,758.71796,790.9524,1462.6373,1106.044,-0.44793701171875,0.14703369140625,0.87164306640625,1.353302001953125,-3.820648193359375,-0.35888671875,0.0,4.0,4.0,4.0,4.0,100.0,event
10:33:50.990,0.0,0.0,0.0,0.0,0.0,0.0,0.0,0.0,0.0,0.0,0.0,0.0,0.0,0.0,0.0,0.0,0.0,0.0,0.0,0.0,642.674,760.32965,789.34064,29.010988,921.9048,-0.44793701171875,0.14703369140625,0.87164306640625,1.353302001953125,-3.820648193359375,-0.35888671875,0.0,4.0,4.0,4.0,4.0,100.0,event
10:33:50.991,0.0,0.0,0.0,0.0,0.0,0.0,0.0,0.0,0.0,0.0,0.0,0.0,0.0,0.0,0.0,0.0,0.0,0.0,0.0,0.0,635.82416,758.71796,788.93774,1604.8718,615.2747,-0.44793701171875,0.14703369140625,0.87164306640625,1.353302001953125,-3.820648193359375,-0.35888671875,0.0,4.0,4.0,4.0,4.0,100.0,event
10:33:50.992,0.0,0.0,0.0,0.0,0.0,0.0,0.0,0.0,0.0,0.0,0.0,0.0,0.0,0.0,0.0,0.0,0.0,0.0,0.0,0.0,664.0293,755.89746,792.1612,1624.6154,707.1429,-0.44793701171875,0.14703369140625,0.87164306640625,1.353302001953125,-3.820648193359375,-0.35888671875,0.0,4.0,4.0,4.0,4.0,100.0,event
10:33:50.994,0.0,0.0,0.0,0.0,0.0,0.0,0.0,0.0,0.0,0.0,0.0,0.0,0.0,0.0,0.0,0.0,0.0,0.0,0.0,0.0,693.44324,751.8681,788.93774,1629.0476,927.1429,-0.44793701171875,0.14703369140625,0.87164306640625,1.353302001953125,-3.820648193359375,-0.35888671875,0.0,4.0,4.0,4.0,4.0,100.0,event
10:33:50.995,0.0,0.0,0.0,0.0,0.0,0.0,0.0,0.0,0.0,0.0,0.0,0.0,0.0,0.0,0.0,0.0,0.0,0.0,0.0,0.0,703.1135,751.4652,777.6557,1628.6447,792.96704,-0.44793701171875,0.14703369140625,0.87164306640625,1.353302001953125,-3.820648193359375,-0.35888671875,0.0,4.0,4.0,4.0,4.0,100.0,event
10:33:50.997,0.0,0.0,0.0,0.0,0.0,0.0,0.0,0.0,0.0,0.0,0.0,0.0,0.0,0.0,0.0,0.0,0.0,0.0,0.0,0.0,660.0,756.30035,780.4762,1628.2417,639.45056,-0.44793701171875,0.14703369140625,0.87164306640625,1.353302001953125,-3.820648193359375,-0.35888671875,0.0,4.0,4.0,4.0,4.0,100.0,event
10:33:51.039,0.0,0.0,0.0,0.0,0.0,0.0,0.0,0.0,0.0,0.0,0.0,0.0,0.0,0.0,0.0,0.0,0.0,0.0,0.0,0.0,629.7802,759.5238,789.7436,1640.3297,720.84247,-0.43878173828125,0.1556396484375,0.8687744140625,2.28790283203125,-1.98883056640625,-0.052337646484375,0.0,4.0,4.0,4.0,4.0,100.0,event
10:33:51.040,0.0,0.0,0.0,0.0,0.0,0.0,0.0,0.0,0.0,0.0,0.0,0.0,0.0,0.0,0.0,0.0,0.0,0.0,0.0,0.0,661.2088,759.92676,790.14655,1569.8169,769.19415,-0.43878173828125,0.1556396484375,0.8687744140625,2.28790283203125,-1.98883056640625,-0.052337646484375,0.0,4.0,4.0,4.0,4.0,100.0,event
10:33:51.041,0.0,0.0,0.0,0.0,0.0,0.0,0.0,0.0,0.0,0.0,0.0,0.0,0.0,0.0,0.0,0.0,0.0,0.0,0.0,0.0,704.3223,759.12085,789.34064,63.663002,759.5238,-0.43878173828125,0.1556396484375,0.8687744140625,2.28790283203125,-1.98883056640625,-0.052337646484375,0.0,4.0,4.0,4.0,4.0,100.0,event
10:33:51.041,0.0,0.0,0.0,0.0,0.0,0.0,0.0,0.0,0.0,0.0,0.0,0.0,0.0,0.0,0.0,0.0,0.0,0.0,0.0,0.0,709.5604,758.315,793.7729,1359.8901,763.5531,-0.43878173828125,0.1556396484375,0.8687744140625,2.28790283203125,-1.98883056640625,-0.052337646484375,0.0,4.0,4.0,4.0,4.0,100.0,event
10:33:51.042,0.0,0.0,0.0,0.0,0.0,0.0,0.0,0.0,0.0,0.0,0.0,0.0,0.0,0.0,0.0,0.0,0.0,0.0,0.0,0.0,661.2088,760.32965,796.5934,176.08058,788.5348,-0.43878173828125,0.1556396484375,0.8687744140625,2.28790283203125,-1.98883056640625,-0.052337646484375,0.0,4.0,4.0,4.0,4.0,100.0,event
10:33:51.042,0.0,0.0,0.0,0.0,0.0,0.0,0.0,0.0,0.0,0.0,0.0,0.0,0.0,0.0,0.0,0.0,0.0,0.0,0.0,0.0,633.4066,761.9414,793.7729,282.45422,794.17584,-0.43878173828125,0.1556396484375,0.8687744140625,2.28790283203125,-1.98883056640625,-0.052337646484375,0.0,4.0,4.0,4.0,4.0,100.0,event
10:33:51.043,0.0,0.0,0.0,0.0,0.0,0.0,0.0,0.0,0.0,0.0,0.0,0.0,0.0,0.0,0.0,0.0,0.0,0.0,0.0,0.0,676.1172,761.9414,792.1612,1124.5787,830.84247,-0.43878173828125,0.1556396484375,0.8687744140625,2.28790283203125,-1.98883056640625,-0.052337646484375,0.0,4.0,4.0,4.0,4.0,100.0,event
10:33:51.043,0.0,0.0,0.0,0.0,0.0,0.0,0.0,0.0,0.0,0.0,0.0,0.0,0.0,0.0,0.0,0.0,0.0,0.0,0.0,0.0,732.1245,760.7326,793.36993,1576.6666,856.2271,-0.43878173828125,0.1556396484375,0.8687744140625,2.28790283203125,-1.98883056640625,-0.052337646484375,0.0,4.0,4.0,4.0,4.0,100.0,event
10:33:51.044,0.0,0.0,0.0,0.0,0.0,0.0,0.0,0.0,0.0,0.0,0.0,0.0,0.0,0.0,0.0,0.0,0.0,0.0,0.0,0.0,739.7802,759.92676,794.9817,1627.033,961.79486,-0.43878173828125,0.1556396484375,0.8687744140625,2.28790283203125,-1.98883056640625,-0.052337646484375,0.0,4.0,4.0,4.0,4.0,100.0,event
10:33:51.045,0.0,0.0,0.0,0.0,0.0,0.0,0.0,0.0,0.0,0.0,0.0,0.0,0.0,0.0,0.0,0.0,0.0,0.0,0.0,0.0,674.10254,766.3736,794.57874,1632.2711,811.9048,-0.43878173828125,0.1556396484375,0.8687744140625,2.28790283203125,-1.98883056640625,-0.052337646484375,0.0,4.0,4.0,4.0,4.0,100.0,event
10:33:51.045,0.0,0.0,0.0,0.0,0.0,0.0,0.0,0.0,0.0,0.0,0.0,0.0,0.0,0.0,0.0,0.0,0.0,0.0,0.0,0.0,693.0403,765.56775,794.17584,1616.5568,1081.8682,-0.43878173828125,0.1556396484375,0.8687744140625,2.28790283203125,-1.98883056640625,-0.052337646484375,0.0,4.0,4.0,4.0,4.0,100.0,event
10:33:51.046,0.0,0.0,0.0,0.0,0.0,0.0,0.0,0.0,0.0,0.0,0.0,0.0,0.0,0.0,0.0,0.0,0.0,0.0,0.0,0.0,690.2198,762.74725,796.5934,1628.2417,663.22345,-0.43878173828125,0.1556396484375,0.8687744140625,2.28790283203125,-1.98883056640625,-0.052337646484375,0.0,4.0,4.0,4.0,4.0,100.0,event
10:33:51.080,0.0,0.0,0.0,0.0,0.0,0.0,0.0,0.0,0.0,0.0,0.0,0.0,0.0,0.0,0.0,0.0,0.0,0.0,0.0,0.0,726.08057,762.3443,790.54944,1628.2417,745.42126,-0.4462890625,0.15679931640625,0.88165283203125,2.1832275390625,-5.0244140625,0.904693603515625,0.0,4.0,4.0,4.0,4.0,100.0,event
10:33:51.081,0.0,0.0,0.0,0.0,0.0,0.0,0.0,0.0,0.0,0.0,0.0,0.0,0.0,0.0,0.0,0.0,0.0,0.0,0.0,0.0,763.95605,759.92676,788.93774,1628.2417,771.2088,-0.4462890625,0.15679931640625,0.88165283203125,2.1832275390625,-5.0244140625,0.904693603515625,0.0,4.0,4.0,4.0,4.0,100.0,event
10:33:51.082,0.0,0.0,0.0,0.0,0.0,0.0,0.0,0.0,0.0,0.0,0.0,0.0,0.0,0.0,0.0,0.0,0.0,0.0,0.0,0.0,733.3333,765.16486,798.20514,1629.0476,732.9304,-0.4462890625,0.15679931640625,0.88165283203125,2.1832275390625,-5.0244140625,0.904693603515625,0.0,4.0,4.0,4.0,4.0,100.0,event
10:33:51.083,0.0,0.0,0.0,0.0,0.0,0.0,0.0,0.0,0.0,0.0,0.0,0.0,0.0,0.0,0.0,0.0,0.0,0.0,0.0,0.0,687.8022,774.0293,799.011,1622.6007,701.50183,-0.4462890625,0.15679931640625,0.88165283203125,2.1832275390625,-5.0244140625,0.904693603515625,0.0,4.0,4.0,4.0,4.0,100.0,event
10:33:51.084,0.0,0.0,0.0,0.0,0.0,0.0,0.0,0.0,0.0,0.0,0.0,0.0,0.0,0.0,0.0,0.0,0.0,0.0,0.0,0.0,708.3516,771.2088,791.3553,1631.0623,743.4066,-0.4462890625,0.15679931640625,0.88165283203125,2.1832275390625,-5.0244140625,0.904693603515625,0.0,4.0,4.0,4.0,4.0,100.0,event
10:33:51.084,0.0,0.0,0.0,0.0,0.0,0.0,0.0,0.0,0.0,0.0,0.0,0.0,0.0,0.0,0.0,0.0,0.0,0.0,0.0,0.0,755.89746,770.80585,793.7729,1621.392,899.34064,-0.4462890625,0.15679931640625,0.88165283203125,2.1832275390625,-5.0244140625,0.904693603515625,0.0,4.0,4.0,4.0,4.0,100.0,event
10:33:51.088,0.0,0.0,0.0,0.0,0.0,0.0,0.0,0.0,0.0,0.0,0.0,0.0,0.0,0.0,0.0,0.0,0.0,0.0,0.0,0.0,773.6264,774.83514,801.4286,1409.0476,913.0403,-0.4462890625,0.15679931640625,0.88165283203125,2.1832275390625,-5.0244140625,0.904693603515625,0.0,4.0,4.0,4.0,4.0,100.0,event
10:33:51.089,0.0,0.0,0.0,0.0,0.0,0.0,0.0,0.0,0.0,0.0,0.0,0.0,0.0,0.0,0.0,0.0,0.0,0.0,0.0,0.0,707.1429,772.4176,792.5641,1631.8682,991.2088,-0.4462890625,0.15679931640625,0.88165283203125,2.1832275390625,-5.0244140625,0.904693603515625,0.0,4.0,4.0,4.0,4.0,100.0,event
10:33:51.089,0.0,0.0,0.0,0.0,0.0,0.0,0.0,0.0,0.0,0.0,0.0,0.0,0.0,0.0,0.0,0.0,0.0,0.0,0.0,0.0,738.5714,774.83514,797.8022,1433.6263,831.6484,-0.4462890625,0.15679931640625,0.88165283203125,2.1832275390625,-5.0244140625,0.904693603515625,0.0,4.0,4.0,4.0,4.0,100.0,event
10:33:51.090,0.0,0.0,0.0,0.0,0.0,0.0,0.0,0.0,0.0,0.0,0.0,0.0,0.0,0.0,0.0,0.0,0.0,0.0,0.0,0.0,729.707,774.0293,794.57874,1626.63,895.31134,-0.4462890625,0.15679931640625,0.88165283203125,2.1832275390625,-5.0244140625,0.904693603515625,0.0,4.0,4.0,4.0,4.0,100.0,event
10:33:51.091,0.0,0.0,0.0,0.0,0.0,0.0,0.0,0.0,0.0,0.0,0.0,0.0,0.0,0.0,0.0,0.0,0.0,0.0,0.0,0.0,814.3223,772.8205,798.60803,408.57144,711.978,-0.4462890625,0.15679931640625,0.88165283203125,2.1832275390625,-5.0244140625,0.904693603515625,0.0,4.0,4.0,4.0,4.0,100.0,event
10:33:51.091,0.0,0.0,0.0,0.0,0.0,0.0,0.0,0.0,0.0,0.0,0.0,0.0,0.0,0.0,0.0,0.0,0.0,0.0,0.0,0.0,780.4762,776.04395,795.78754,1169.7069,748.24176,-0.4462890625,0.15679931640625,0.88165283203125,2.1832275390625,-5.0244140625,0.904693603515625,0.0,4.0,4.0,4.0,4.0,100.0,event
10:33:51.116,0.0,0.0,0.0,0.0,0.0,0.0,0.0,0.0,0.0,0.0,0.0,0.0,0.0,0.0,0.0,0.0,0.0,0.0,0.0,0.0,797.3993,773.6264,802.6374,22.967033,703.5165,-0.4429931640625,0.1480712890625,0.8746337890625,2.115936279296875,-5.75714111328125,0.40374755859375,0.0,4.0,4.0,4.0,4.0,100.0,event
10:33:51.117,0.0,0.0,0.0,0.0,0.0,0.0,0.0,0.0,0.0,0.0,0.0,0.0,0.0,0.0,0.0,0.0,0.0,0.0,0.0,0.0,753.47986,775.64105,795.78754,29.81685,604.7985,-0.4429931640625,0.1480712890625,0.8746337890625,2.115936279296875,-5.75714111328125,0.40374755859375,0.0,4.0,4.0,4.0,4.0,100.0,event
10:33:51.118,0.0,0.0,0.0,0.0,0.0,0.0,0.0,0.0,0.0,0.0,0.0,0.0,0.0,0.0,0.0,0.0,0.0,0.0,0.0,0.0,753.8828,773.6264,790.14655,787.326,632.1978,-0.4429931640625,0.1480712890625,0.8746337890625,2.115936279296875,-5.75714111328125,0.40374755859375,0.0,4.0,4.0,4.0,4.0,100.0,event
10:33:51.119,0.0,0.0,0.0,0.0,0.0,0.0,0.0,0.0,0.0,0.0,0.0,0.0,0.0,0.0,0.0,0.0,0.0,0.0,0.0,0.0,790.54944,775.64105,794.9817,1542.4176,806.6667,-0.4429931640625,0.1480712890625,0.8746337890625,2.115936279296875,-5.75714111328125,0.40374755859375,0.0,4.0,4.0,4.0,4.0,100.0,event
10:33:51.120,0.0,0.0,0.0,0.0,0.0,0.0,0.0,0.0,0.0,0.0,0.0,0.0,0.0,0.0,0.0,0.0,0.0,0.0,0.0,0.0,827.2161,774.0293,797.8022,6.849817,805.4579,-0.4429931640625,0.1480712890625,0.8746337890625,2.115936279296875,-5.75714111328125,0.40374755859375,0.0,4.0,4.0,4.0,4.0,100.0,event
10:33:51.120,0.0,0.0,0.0,0.0,0.0,0.0,0.0,0.0,0.0,0.0,0.0,0.0,0.0,0.0,0.0,0.0,0.0,0.0,0.0,0.0,819.5604,773.6264,797.3993,1052.0513,793.7729,-0.4429931640625,0.1480712890625,0.8746337890625,2.115936279296875,-5.75714111328125,0.40374755859375,0.0,4.0,4.0,4.0,4.0,100.0,event
10:33:51.121,0.0,0.0,0.0,0.0,0.0,0.0,0.0,0.0,0.0,0.0,0.0,0.0,0.0,0.0,0.0,0.0,0.0,0.0,0.0,0.0,774.43225,774.0293,798.20514,500.03662,829.2308,-0.4429931640625,0.1480712890625,0.8746337890625,2.115936279296875,-5.75714111328125,0.40374755859375,0.0,4.0,4.0,4.0,4.0,100.0,event
10:33:51.122,0.0,0.0,0.0,0.0,0.0,0.0,0.0,0.0,0.0,0.0,0.0,0.0,0.0,0.0,0.0,0.0,0.0,0.0,0.0,0.0,754.2857,771.6117,798.20514,1200.7325,931.5751,-0.4429931640625,0.1480712890625,0.8746337890625,2.115936279296875,-5.75714111328125,0.40374755859375,0.0,4.0,4.0,4.0,4.0,100.0,event
10:33:51.122,0.0,0.0,0.0,0.0,0.0,0.0,0.0,0.0,0.0,0.0,0.0,0.0,0.0,0.0,0.0,0.0,0.0,0.0,0.0,0.0,790.54944,775.64105,801.4286,1334.1025,900.54944,-0.4429931640625,0.1480712890625,0.8746337890625,2.115936279296875,-5.75714111328125,0.40374755859375,0.0,4.0,4.0,4.0,4.0,100.0,event
10:33:51.123,0.0,0.0,0.0,0.0,0.0,0.0,0.0,0.0,0.0,0.0,0.0,0.0,0.0,0.0,0.0,0.0,0.0,0.0,0.0,0.0,844.5421,776.4469,796.1905,764.7619,692.23444,-0.4429931640625,0.1480712890625,0.8746337890625,2.115936279296875,-5.75714111328125,0.40374755859375,0.0,4.0,4.0,4.0,4.0,100.0,event
10:33:51.123,0.0,0.0,0.0,0.0,0.0,0.0,0.0,0.0,0.0,0.0,0.0,0.0,0.0,0.0,0.0,0.0,0.0,0.0,0.0,0.0,843.3333,774.0293,784.90845,140.62271,678.1319,-0.4429931640625,0.1480712890625,0.8746337890625,2.115936279296875,-5.75714111328125,0.40374755859375,0.0,4.0,4.0,4.0,4.0,100.0,event
10:33:51.124,0.0,0.0,0.0,0.0,0.0,0.0,0.0,0.0,0.0,0.0,0.0,0.0,0.0,0.0,0.0,0.0,0.0,0.0,0.0,0.0,789.34064,777.25275,785.7143,0.0,782.8938,-0.4429931640625,0.1480712890625,0.8746337890625,2.115936279296875,-5.75714111328125,0.40374755859375,0.0,4.0,4.0,4.0,4.0,100.0,event
10:33:51.154,0.0,0.0,0.0,0.0,0.0,0.0,0.0,0.0,0.0,0.0,0.0,0.0,0.0,0.0,0.0,0.0,0.0,0.0,0.0,0.0,766.3736,777.25275,794.57874,0.0,734.1392,-0.4365234375,0.1448974609375,0.86688232421875,2.624359130859375,-3.57391357421875,-0.515899658203125,0.0,4.0,4.0,4.0,4.0,100.0,event
10:33:51.155,0.0,0.0,0.0,0.0,0.0,0.0,0.0,0.0,0.0,0.0,0.0,0.0,0.0,0.0,0.0,0.0,0.0,0.0,0.0,0.0,800.6227,776.04395,799.81683,57.216118,678.1319,-0.4365234375,0.1448974609375,0.86688232421875,2.624359130859375,-3.57391357421875,-0.515899658203125,0.0,4.0,4.0,4.0,4.0,100.0,event
10:33:51.155,0.0,0.0,0.0,0.0,0.0,0.0,0.0,0.0,0.0,0.0,0.0,0.0,0.0,0.0,0.0,0.0,0.0,0.0,0.0,0.0,840.5128,776.4469,801.4286,228.05861,747.03296,-0.4365234375,0.1448974609375,0.86688232421875,2.624359130859375,-3.57391357421875,-0.515899658203125,0.0,4.0,4.0,4.0,4.0,100.0,event
10:33:51.156,0.0,0.0,0.0,0.0,0.0,0.0,0.0,0.0,0.0,0.0,0.0,0.0,0.0,0.0,0.0,0.0,0.0,0.0,0.0,0.0,826.8132,777.25275,803.8461,0.0,832.0513,-0.4365234375,0.1448974609375,0.86688232421875,2.624359130859375,-3.57391357421875,-0.515899658203125,0.0,4.0,4.0,4.0,4.0,100.0,event
10:33:51.156,0.0,0.0,0.0,0.0,0.0,0.0,0.0,0.0,0.0,0.0,0.0,0.0,0.0,0.0,0.0,0.0,0.0,0.0,0.0,0.0,778.86444,779.2674,804.2491,62.454212,677.72894,-0.4365234375,0.1448974609375,0.86688232421875,2.624359130859375,-3.57391357421875,-0.515899658203125,0.0,4.0,4.0,4.0,4.0,100.0,event
10:33:51.157,0.0,0.0,0.0,0.0,0.0,0.0,0.0,0.0,0.0,0.0,0.0,0.0,0.0,0.0,0.0,0.0,0.0,0.0,0.0,0.0,758.71796,778.46155,799.41394,303.4066,667.6557,-0.4365234375,0.1448974609375,0.86688232421875,2.624359130859375,-3.57391357421875,-0.515899658203125,0.0,4.0,4.0,4.0,4.0,100.0,event
10:33:51.158,0.0,0.0,0.0,0.0,0.0,0.0,0.0,0.0,0.0,0.0,0.0,0.0,0.0,0.0,0.0,0.0,0.0,0.0,0.0,0.0,781.685,776.04395,792.1612,111.20879,880.80585,-0.4365234375,0.1448974609375,0.86688232421875,2.624359130859375,-3.57391357421875,-0.515899658203125,0.0,4.0,4.0,4.0,4.0,100.0,event
10:33:51.159,0.0,0.0,0.0,0.0,0.0,0.0,0.0,0.0,0.0,0.0,0.0,0.0,0.0,0.0,0.0,0.0,0.0,0.0,0.0,0.0,823.5897,776.8498,790.9524,0.0,1062.5275,-0.4365234375,0.1448974609375,0.86688232421875,2.624359130859375,-3.57391357421875,-0.515899658203125,0.0,4.0,4.0,4.0,4.0,100.0,event
10:33:51.162,0.0,0.0,0.0,0.0,0.0,0.0,0.0,0.0,0.0,0.0,0.0,0.0,0.0,0.0,0.0,0.0,0.0,0.0,0.0,0.0,845.7509,781.28204,790.9524,9.67033,833.2601,-0.4365234375,0.1448974609375,0.86688232421875,2.624359130859375,-3.57391357421875,-0.515899658203125,0.0,4.0,4.0,4.0,4.0,100.0,event
10:33:51.163,0.0,0.0,0.0,0.0,0.0,0.0,0.0,0.0,0.0,0.0,0.0,0.0,0.0,0.0,0.0,0.0,0.0,0.0,0.0,0.0,769.19415,778.86444,794.57874,0.0,722.4542,-0.4365234375,0.1448974609375,0.86688232421875,2.624359130859375,-3.57391357421875,-0.515899658203125,0.0,4.0,4.0,4.0,4.0,100.0,event
10:33:51.163,0.0,0.0,0.0,0.0,0.0,0.0,0.0,0.0,0.0,0.0,0.0,0.0,0.0,0.0,0.0,0.0,0.0,0.0,0.0,0.0,803.44324,782.0879,793.36993,0.0,641.4652,-0.4365234375,0.1448974609375,0.86688232421875,2.624359130859375,-3.57391357421875,-0.515899658203125,0.0,4.0,4.0,4.0,4.0,100.0,event
10:33:51.164,0.0,0.0,0.0,0.0,0.0,0.0,0.0,0.0,0.0,0.0,0.0,0.0,0.0,0.0,0.0,0.0,0.0,0.0,0.0,0.0,794.9817,779.67035,788.93774,0.0,713.5897,-0.4365234375,0.1448974609375,0.86688232421875,2.624359130859375,-3.57391357421875,-0.515899658203125,0.0,4.0,4.0,4.0,4.0,100.0,event
10:33:51.193,0.0,0.0,0.0,0.0,0.0,0.0,0.0,0.0,0.0,0.0,0.0,0.0,0.0,0.0,0.0,0.0,0.0,0.0,0.0,0.0,840.10986,776.8498,790.14655,0.0,761.9414,-0.4365234375,0.1448974609375,0.86688232421875,2.624359130859375,-3.57391357421875,-0.515899658203125,0.0,4.0,4.0,4.0,4.0,100.0,event
10:33:51.194,0.0,0.0,0.0,0.0,0.0,0.0,0.0,0.0,0.0,0.0,0.0,0.0,0.0,0.0,0.0,0.0,0.0,0.0,0.0,0.0,848.1685,774.43225,791.75824,0.0,817.9487,-0.4365234375,0.1448974609375,0.86688232421875,2.624359130859375,-3.57391357421875,-0.515899658203125,0.0,4.0,4.0,4.0,4.0,100.0,event
10:33:51.195,0.0,0.0,0.0,0.0,0.0,0.0,0.0,0.0,0.0,0.0,0.0,0.0,0.0,0.0,0.0,0.0,0.0,0.0,0.0,0.0,806.26373,776.04395,795.38464,0.0,779.67035,-0.4365234375,0.1448974609375,0.86688232421875,2.624359130859375,-3.57391357421875,-0.515899658203125,0.0,4.0,4.0,4.0,4.0,100.0,event
10:33:51.196,0.0,0.0,0.0,0.0,0.0,0.0,0.0,0.0,0.0,0.0,0.0,0.0,0.0,0.0,0.0,0.0,0.0,0.0,0.0,0.0,772.01465,775.2381,794.9817,0.0,773.22345,-0.4365234375,0.1448974609375,0.86688232421875,2.624359130859375,-3.57391357421875,-0.515899658203125,0.0,4.0,4.0,4.0,4.0,100.0,event
10:33:51.197,0.0,0.0,0.0,0.0,0.0,0.0,0.0,0.0,0.0,0.0,0.0,0.0,0.0,0.0,0.0,0.0,0.0,0.0,0.0,0.0,788.93774,777.25275,791.3553,4.835165,778.86444,-0.4365234375,0.1448974609375,0.86688232421875,2.624359130859375,-3.57391357421875,-0.515899658203125,0.0,4.0,4.0,4.0,4.0,100.0,event
10:33:51.198,0.0,0.0,0.0,0.0,0.0,0.0,0.0,0.0,0.0,0.0,0.0,0.0,0.0,0.0,0.0,0.0,0.0,0.0,0.0,0.0,842.52747,776.4469,791.3553,0.0,782.0879,-0.4365234375,0.1448974609375,0.86688232421875,2.624359130859375,-3.57391357421875,-0.515899658203125,0.0,4.0,4.0,4.0,4.0,100.0,event
10:33:51.199,0.0,0.0,0.0,0.0,0.0,0.0,0.0,0.0,0.0,0.0,0.0,0.0,0.0,0.0,0.0,0.0,0.0,0.0,0.0,0.0,862.674,773.22345,791.3553,1.2087913,1123.773,-0.4365234375,0.1448974609375,0.86688232421875,2.624359130859375,-3.57391357421875,-0.515899658203125,0.0,4.0,4.0,4.0,4.0,100.0,event
10:33:51.200,0.0,0.0,0.0,0.0,0.0,0.0,0.0,0.0,0.0,0.0,0.0,0.0,0.0,0.0,0.0,0.0,0.0,0.0,0.0,0.0,810.696,774.83514,792.5641,164.3956,1217.6556,-0.4365234375,0.1448974609375,0.86688232421875,2.624359130859375,-3.57391357421875,-0.515899658203125,0.0,4.0,4.0,4.0,4.0,100.0,event
10:33:51.200,0.0,0.0,0.0,0.0,0.0,0.0,0.0,0.0,0.0,0.0,0.0,0.0,0.0,0.0,0.0,0.0,0.0,0.0,0.0,0.0,786.9231,776.8498,794.57874,84.61539,758.315,-0.4365234375,0.1448974609375,0.86688232421875,2.624359130859375,-3.57391357421875,-0.515899658203125,0.0,4.0,4.0,4.0,4.0,100.0,event
10:33:51.201,0.0,0.0,0.0,0.0,0.0,0.0,0.0,0.0,0.0,0.0,0.0,0.0,0.0,0.0,0.0,0.0,0.0,0.0,0.0,0.0,781.28204,776.8498,792.1612,159.56044,644.68866,-0.4365234375,0.1448974609375,0.86688232421875,2.624359130859375,-3.57391357421875,-0.515899658203125,0.0,4.0,4.0,4.0,4.0,100.0,event
10:33:51.202,0.0,0.0,0.0,0.0,0.0,0.0,0.0,0.0,0.0,0.0,0.0,0.0,0.0,0.0,0.0,0.0,0.0,0.0,0.0,0.0,813.1135,776.04395,786.1172,130.95238,736.1539,-0.4365234375,0.1448974609375,0.86688232421875,2.624359130859375,-3.57391357421875,-0.515899658203125,0.0,4.0,4.0,4.0,4.0,100.0,event
10:33:51.202,0.0,0.0,0.0,0.0,0.0,0.0,0.0,0.0,0.0,0.0,0.0,0.0,0.0,0.0,0.0,0.0,0.0,0.0,0.0,0.0,868.71796,774.83514,788.1319,0.0,682.96704,-0.4365234375,0.1448974609375,0.86688232421875,2.624359130859375,-3.57391357421875,-0.515899658203125,0.0,4.0,4.0,4.0,4.0,100.0,event
10:33:51.249,0.0,0.0,0.0,0.0,0.0,0.0,0.0,0.0,0.0,0.0,0.0,0.0,0.0,0.0,0.0,0.0,0.0,0.0,0.0,0.0,834.87177,770.0,793.36993,48.754578,686.99634,-0.44305419921875,0.15338134765625,0.88330078125,2.564544677734375,-2.0037841796875,-0.478515625,0.0,4.0,4.0,4.0,4.0,100.0,event
10:33:51.250,0.0,0.0,0.0,0.0,0.0,0.0,0.0,0.0,0.0,0.0,0.0,0.0,0.0,0.0,0.0,0.0,0.0,0.0,0.0,0.0,771.6117,769.19415,796.1905,0.0,703.91943,-0.44305419921875,0.15338134765625,0.88330078125,2.564544677734375,-2.0037841796875,-0.478515625,0.0,4.0,4.0,4.0,4.0,100.0,event
10:33:51.251,0.0,0.0,0.0,0.0,0.0,0.0,0.0,0.0,0.0,0.0,0.0,0.0,0.0,0.0,0.0,0.0,0.0,0.0,0.0,0.0,776.4469,770.80585,796.1905,616.8865,693.8461,-0.44305419921875,0.15338134765625,0.88330078125,2.564544677734375,-2.0037841796875,-0.478515625,0.0,4.0,4.0,4.0,4.0,100.0,event
10:33:51.253,0.0,0.0,0.0,0.0,0.0,0.0,0.0,0.0,0.0,0.0,0.0,0.0,0.0,0.0,0.0,0.0,0.0,0.0,0.0,0.0,825.6044,767.98535,796.5934,1595.6044,786.1172,-0.44305419921875,0.15338134765625,0.88330078125,2.564544677734375,-2.0037841796875,-0.478515625,0.0,4.0,4.0,4.0,4.0,100.0,event
10:33:51.254,0.0,0.0,0.0,0.0,0.0,0.0,0.0,0.0,0.0,0.0,0.0,0.0,0.0,0.0,0.0,0.0,0.0,0.0,0.0,0.0,863.8828,773.22345,800.2198,1599.6337,852.6007,-0.44305419921875,0.15338134765625,0.88330078125,2.564544677734375,-2.0037841796875,-0.478515625,0.0,4.0,4.0,4.0,4.0,100.0,event
10:33:51.255,0.0,0.0,0.0,0.0,0.0,0.0,0.0,0.0,0.0,0.0,0.0,0.0,0.0,0.0,0.0,0.0,0.0,0.0,0.0,0.0,838.0952,773.6264,800.2198,1384.8718,861.4652,-0.44305419921875,0.15338134765625,0.88330078125,2.564544677734375,-2.0037841796875,-0.478515625,0.0,4.0,4.0,4.0,4.0,100.0,event
10:33:51.256,0.0,0.0,0.0,0.0,0.0,0.0,0.0,0.0,0.0,0.0,0.0,0.0,0.0,0.0,0.0,0.0,0.0,0.0,0.0,0.0,779.67035,772.8205,795.38464,1588.3517,1039.5604,-0.44305419921875,0.15338134765625,0.88330078125,2.564544677734375,-2.0037841796875,-0.478515625,0.0,4.0,4.0,4.0,4.0,100.0,event
10:33:51.258,0.0,0.0,0.0,0.0,0.0,0.0,0.0,0.0,0.0,0.0,0.0,0.0,0.0,0.0,0.0,0.0,0.0,0.0,0.0,0.0,784.10254,775.64105,788.1319,1636.7032,993.6264,-0.44305419921875,0.15338134765625,0.88330078125,2.564544677734375,-2.0037841796875,-0.478515625,0.0,4.0,4.0,4.0,4.0,100.0,event
10:33:51.259,0.0,0.0,0.0,0.0,0.0,0.0,0.0,0.0,0.0,0.0,0.0,0.0,0.0,0.0,0.0,0.0,0.0,0.0,0.0,0.0,824.3956,775.2381,786.9231,1609.7069,782.8938,-0.44305419921875,0.15338134765625,0.88330078125,2.564544677734375,-2.0037841796875,-0.478515625,0.0,4.0,4.0,4.0,4.0,100.0,event
10:33:51.259,0.0,0.0,0.0,0.0,0.0,0.0,0.0,0.0,0.0,0.0,0.0,0.0,0.0,0.0,0.0,0.0,0.0,0.0,0.0,0.0,851.39197,775.64105,791.3553,1503.3334,803.0403,-0.44305419921875,0.15338134765625,0.88330078125,2.564544677734375,-2.0037841796875,-0.478515625,0.0,4.0,4.0,4.0,4.0,100.0,event
10:33:51.263,0.0,0.0,0.0,0.0,0.0,0.0,0.0,0.0,0.0,0.0,0.0,0.0,0.0,0.0,0.0,0.0,0.0,0.0,0.0,0.0,821.978,778.86444,793.36993,717.619,1016.1905,-0.44305419921875,0.15338134765625,0.88330078125,2.564544677734375,-2.0037841796875,-0.478515625,0.0,4.0,4.0,4.0,4.0,100.0,event
10:33:51.263,0.0,0.0,0.0,0.0,0.0,0.0,0.0,0.0,0.0,0.0,0.0,0.0,0.0,0.0,0.0,0.0,0.0,0.0,0.0,0.0,770.80585,779.67035,794.57874,35.860806,809.0842,-0.44305419921875,0.15338134765625,0.88330078125,2.564544677734375,-2.0037841796875,-0.478515625,0.0,4.0,4.0,4.0,4.0,100.0,event
10:33:51.294,0.0,0.0,0.0,0.0,0.0,0.0,0.0,0.0,0.0,0.0,0.0,0.0,0.0,0.0,0.0,0.0,0.0,0.0,0.0,0.0,758.315,776.8498,801.4286,0.0,606.4103,-0.4500732421875,0.14508056640625,0.8604736328125,1.742095947265625,-3.46923828125,-0.471038818359375,0.0,4.0,4.0,4.0,4.0,100.0,event
10:33:51.295,0.0,0.0,0.0,0.0,0.0,0.0,0.0,0.0,0.0,0.0,0.0,0.0,0.0,0.0,0.0,0.0,0.0,0.0,0.0,0.0,840.5128,782.0879,788.5348,1150.3663,789.34064,-0.4500732421875,0.14508056640625,0.8604736328125,1.742095947265625,-3.46923828125,-0.471038818359375,0.0,4.0,4.0,4.0,4.0,100.0,event
10:33:51.295,0.0,0.0,0.0,0.0,0.0,0.0,0.0,0.0,0.0,0.0,0.0,0.0,0.0,0.0,0.0,0.0,0.0,0.0,0.0,0.0,794.17584,778.0586,795.78754,425.09158,713.9927,-0.4500732421875,0.14508056640625,0.8604736328125,1.742095947265625,-3.46923828125,-0.471038818359375,0.0,4.0,4.0,4.0,4.0,100.0,event
10:33:51.296,0.0,0.0,0.0,0.0,0.0,0.0,0.0,0.0,0.0,0.0,0.0,0.0,0.0,0.0,0.0,0.0,0.0,0.0,0.0,0.0,832.0513,780.87915,792.96704,1587.1428,730.10986,-0.4500732421875,0.14508056640625,0.8604736328125,1.742095947265625,-3.46923828125,-0.471038818359375,0.0,4.0,4.0,4.0,4.0,100.0,event
10:33:51.297,0.0,0.0,0.0,0.0,0.0,0.0,0.0,0.0,0.0,0.0,0.0,0.0,0.0,0.0,0.0,0.0,0.0,0.0,0.0,0.0,776.04395,776.8498,795.38464,1625.0183,690.6227,-0.4500732421875,0.14508056640625,0.8604736328125,1.742095947265625,-3.46923828125,-0.471038818359375,0.0,4.0,4.0,4.0,4.0,100.0,event
10:33:51.297,0.0,0.0,0.0,0.0,0.0,0.0,0.0,0.0,0.0,0.0,0.0,0.0,0.0,0.0,0.0,0.0,0.0,0.0,0.0,0.0,758.71796,776.4469,799.41394,1600.8425,895.7143,-0.4500732421875,0.14508056640625,0.8604736328125,1.742095947265625,-3.46923828125,-0.471038818359375,0.0,4.0,4.0,4.0,4.0,100.0,event
10:33:51.298,0.0,0.0,0.0,0.0,0.0,0.0,0.0,0.0,0.0,0.0,0.0,0.0,0.0,0.0,0.0,0.0,0.0,0.0,0.0,0.0,798.60803,777.6557,801.4286,1629.4506,948.49817,-0.4500732421875,0.14508056640625,0.8604736328125,1.742095947265625,-3.46923828125,-0.471038818359375,0.0,4.0,4.0,4.0,4.0,100.0,event
10:33:51.299,0.0,0.0,0.0,0.0,0.0,0.0,0.0,0.0,0.0,0.0,0.0,0.0,0.0,0.0,0.0,0.0,0.0,0.0,0.0,0.0,840.9158,776.8498,796.99634,1648.3883,823.1868,-0.4500732421875,0.14508056640625,0.8604736328125,1.742095947265625,-3.46923828125,-0.471038818359375,0.0,4.0,4.0,4.0,4.0,100.0,event
10:33:51.299,0.0,0.0,0.0,0.0,0.0,0.0,0.0,0.0,0.0,0.0,0.0,0.0,0.0,0.0,0.0,0.0,0.0,0.0,0.0,0.0,844.94507,777.25275,790.9524,1523.8828,794.17584,-0.4500732421875,0.14508056640625,0.8604736328125,1.742095947265625,-3.46923828125,-0.471038818359375,0.0,4.0,4.0,4.0,4.0,100.0,event
10:33:51.300,0.0,0.0,0.0,0.0,0.0,0.0,0.0,0.0,0.0,0.0,0.0,0.0,0.0,0.0,0.0,0.0,0.0,0.0,0.0,0.0,803.8461,775.64105,794.17584,1624.6154,984.35895,-0.4500732421875,0.14508056640625,0.8604736328125,1.742095947265625,-3.46923828125,-0.471038818359375,0.0,4.0,4.0,4.0,4.0,100.0,event
10:33:51.300,0.0,0.0,0.0,0.0,0.0,0.0,0.0,0.0,0.0,0.0,0.0,0.0,0.0,0.0,0.0,0.0,0.0,0.0,0.0,0.0,779.2674,772.01465,795.78754,1566.1904,979.92676,-0.4500732421875,0.14508056640625,0.8604736328125,1.742095947265625,-3.46923828125,-0.471038818359375,0.0,4.0,4.0,4.0,4.0,100.0,event
10:33:51.301,0.0,0.0,0.0,0.0,0.0,0.0,0.0,0.0,0.0,0.0,0.0,0.0,0.0,0.0,0.0,0.0,0.0,0.0,0.0,0.0,815.5311,772.8205,793.7729,646.7033,662.4176,-0.4500732421875,0.14508056640625,0.8604736328125,1.742095947265625,-3.46923828125,-0.471038818359375,0.0,4.0,4.0,4.0,4.0,100.0,event
10:33:51.356,0.0,0.0,0.0,0.0,0.0,0.0,0.0,0.0,0.0,0.0,0.0,0.0,0.0,0.0,0.0,0.0,0.0,0.0,0.0,0.0,850.989,772.8205,791.75824,585.4579,664.43225,-0.45416259765625,0.14874267578125,0.88079833984375,2.743988037109375,-3.15521240234375,-0.485992431640625,0.0,4.0,4.0,4.0,4.0,100.0,event
10:33:51.358,0.0,0.0,0.0,0.0,0.0,0.0,0.0,0.0,0.0,0.0,0.0,0.0,0.0,0.0,0.0,0.0,0.0,0.0,0.0,0.0,857.4359,773.6264,792.1612,210.7326,854.21246,-0.45416259765625,0.14874267578125,0.88079833984375,2.743988037109375,-3.15521240234375,-0.485992431640625,0.0,4.0,4.0,4.0,4.0,100.0,event
10:33:51.360,0.0,0.0,0.0,0.0,0.0,0.0,0.0,0.0,0.0,0.0,0.0,0.0,0.0,0.0,0.0,0.0,0.0,0.0,0.0,0.0,812.71063,776.8498,797.8022,550.0,761.9414,-0.45416259765625,0.14874267578125,0.88079833984375,2.743988037109375,-3.15521240234375,-0.485992431640625,0.0,4.0,4.0,4.0,4.0,100.0,event
10:33:51.362,0.0,0.0,0.0,0.0,0.0,0.0,0.0,0.0,0.0,0.0,0.0,0.0,0.0,0.0,0.0,0.0,0.0,0.0,0.0,0.0,778.86444,775.2381,796.99634,1583.5165,699.4872,-0.45416259765625,0.14874267578125,0.88079833984375,2.743988037109375,-3.15521240234375,-0.485992431640625,0.0,4.0,4.0,4.0,4.0,100.0,event
10:33:51.363,0.0,0.0,0.0,0.0,0.0,0.0,0.0,0.0,0.0,0.0,0.0,0.0,0.0,0.0,0.0,0.0,0.0,0.0,0.0,0.0,815.9341,774.83514,788.1319,1633.0769,774.0293,-0.45416259765625,0.14874267578125,0.88079833984375,2.743988037109375,-3.15521240234375,-0.485992431640625,0.0,4.0,4.0,4.0,4.0,100.0,event
10:33:51.364,0.0,0.0,0.0,0.0,0.0,0.0,0.0,0.0,0.0,0.0,0.0,0.0,0.0,0.0,0.0,0.0,0.0,0.0,0.0,0.0,848.97437,777.25275,784.90845,1602.8572,873.1502,-0.45416259765625,0.14874267578125,0.88079833984375,2.743988037109375,-3.15521240234375,-0.485992431640625,0.0,4.0,4.0,4.0,4.0,100.0,event
10:33:51.364,0.0,0.0,0.0,0.0,0.0,0.0,0.0,0.0,0.0,0.0,0.0,0.0,0.0,0.0,0.0,0.0,0.0,0.0,0.0,0.0,834.0659,781.685,793.7729,1634.6886,887.6557,-0.45416259765625,0.14874267578125,0.88079833984375,2.743988037109375,-3.15521240234375,-0.485992431640625,0.0,4.0,4.0,4.0,4.0,100.0,event
10:33:51.365,0.0,0.0,0.0,0.0,0.0,0.0,0.0,0.0,0.0,0.0,0.0,0.0,0.0,0.0,0.0,0.0,0.0,0.0,0.0,0.0,788.1319,783.69965,794.17584,1628.2417,795.78754,-0.45416259765625,0.14874267578125,0.88079833984375,2.743988037109375,-3.15521240234375,-0.485992431640625,0.0,4.0,4.0,4.0,4.0,100.0,event
10:33:51.366,0.0,0.0,0.0,0.0,0.0,0.0,0.0,0.0,0.0,0.0,0.0,0.0,0.0,0.0,0.0,0.0,0.0,0.0,0.0,0.0,745.42126,783.69965,790.14655,1632.2711,806.26373,-0.45416259765625,0.14874267578125,0.88079833984375,2.743988037109375,-3.15521240234375,-0.485992431640625,0.0,4.0,4.0,4.0,4.0,100.0,event
10:33:51.366,0.0,0.0,0.0,0.0,0.0,0.0,0.0,0.0,0.0,0.0,0.0,0.0,0.0,0.0,0.0,0.0,0.0,0.0,0.0,0.0,745.82416,782.49084,784.10254,1610.5128,1034.3224,-0.45416259765625,0.14874267578125,0.88079833984375,2.743988037109375,-3.15521240234375,-0.485992431640625,0.0,4.0,4.0,4.0,4.0,100.0,event
10:33:51.367,0.0,0.0,0.0,0.0,0.0,0.0,0.0,0.0,0.0,0.0,0.0,0.0,0.0,0.0,0.0,0.0,0.0,0.0,0.0,0.0,779.2674,778.0586,774.0293,7.252747,905.38464,-0.45416259765625,0.14874267578125,0.88079833984375,2.743988037109375,-3.15521240234375,-0.485992431640625,0.0,4.0,4.0,4.0,4.0,100.0,event
10:33:51.367,0.0,0.0,0.0,0.0,0.0,0.0,0.0,0.0,0.0,0.0,0.0,0.0,0.0,0.0,0.0,0.0,0.0,0.0,0.0,0.0,797.3993,780.07324,787.326,1577.8755,720.84247,-0.45416259765625,0.14874267578125,0.88079833984375,2.743988037109375,-3.15521240234375,-0.485992431640625,0.0,4.0,4.0,4.0,4.0,100.0,event
10:33:51.392,0.0,0.0,0.0,0.0,0.0,0.0,0.0,0.0,0.0,0.0,0.0,0.0,0.0,0.0,0.0,0.0,0.0,0.0,0.0,0.0,741.39197,777.6557,802.6374,1306.3004,759.5238,-0.43621826171875,0.1512451171875,0.873779296875,1.532745361328125,-3.117828369140625,-0.07476806640625,0.0,4.0,4.0,4.0,4.0,100.0,event
10:33:51.393,0.0,0.0,0.0,0.0,0.0,0.0,0.0,0.0,0.0,0.0,0.0,0.0,0.0,0.0,0.0,0.0,0.0,0.0,0.0,0.0,676.1172,777.25275,803.0403,1533.5531,788.5348,-0.43621826171875,0.1512451171875,0.873779296875,1.532745361328125,-3.117828369140625,-0.07476806640625,0.0,4.0,4.0,4.0,4.0,100.0,event
10:33:51.394,0.0,0.0,0.0,0.0,0.0,0.0,0.0,0.0,0.0,0.0,0.0,0.0,0.0,0.0,0.0,0.0,0.0,0.0,0.0,0.0,686.1905,781.685,801.02563,2.8205128,745.0183,-0.43621826171875,0.1512451171875,0.873779296875,1.532745361328125,-3.117828369140625,-0.07476806640625,0.0,4.0,4.0,4.0,4.0,100.0,event
10:33:51.395,0.0,0.0,0.0,0.0,0.0,0.0,0.0,0.0,0.0,0.0,0.0,0.0,0.0,0.0,0.0,0.0,0.0,0.0,0.0,0.0,721.6484,784.10254,789.7436,1419.5238,869.5238,-0.43621826171875,0.1512451171875,0.873779296875,1.532745361328125,-3.117828369140625,-0.07476806640625,0.0,4.0,4.0,4.0,4.0,100.0,event
10:33:51.395,0.0,0.0,0.0,0.0,0.0,0.0,0.0,0.0,0.0,0.0,0.0,0.0,0.0,0.0,0.0,0.0,0.0,0.0,0.0,0.0,717.619,782.8938,795.78754,1623.8096,733.3333,-0.43621826171875,0.1512451171875,0.873779296875,1.532745361328125,-3.117828369140625,-0.07476806640625,0.0,4.0,4.0,4.0,4.0,100.0,event
10:33:51.396,0.0,0.0,0.0,0.0,0.0,0.0,0.0,0.0,0.0,0.0,0.0,0.0,0.0,0.0,0.0,0.0,0.0,0.0,0.0,0.0,689.41394,781.28204,799.41394,913.0403,902.1612,-0.43621826171875,0.1512451171875,0.873779296875,1.532745361328125,-3.117828369140625,-0.07476806640625,0.0,4.0,4.0,4.0,4.0,100.0,event
10:33:51.397,0.0,0.0,0.0,0.0,0.0,0.0,0.0,0.0,0.0,0.0,0.0,0.0,0.0,0.0,0.0,0.0,0.0,0.0,0.0,0.0,653.95605,780.07324,801.02563,406.15384,756.30035,-0.43621826171875,0.1512451171875,0.873779296875,1.532745361328125,-3.117828369140625,-0.07476806640625,0.0,4.0,4.0,4.0,4.0,100.0,event
10:33:51.398,0.0,0.0,0.0,0.0,0.0,0.0,0.0,0.0,0.0,0.0,0.0,0.0,0.0,0.0,0.0,0.0,0.0,0.0,0.0,0.0,669.67035,781.685,796.5934,456.92307,642.27106,-0.43621826171875,0.1512451171875,0.873779296875,1.532745361328125,-3.117828369140625,-0.07476806640625,0.0,4.0,4.0,4.0,4.0,100.0,event
10:33:51.399,0.0,0.0,0.0,0.0,0.0,0.0,0.0,0.0,0.0,0.0,0.0,0.0,0.0,0.0,0.0,0.0,0.0,0.0,0.0,0.0,724.87177,780.4762,804.65204,1323.2234,872.3443,-0.43621826171875,0.1512451171875,0.873779296875,1.532745361328125,-3.117828369140625,-0.07476806640625,0.0,4.0,4.0,4.0,4.0,100.0,event
10:33:51.400,0.0,0.0,0.0,0.0,0.0,0.0,0.0,0.0,0.0,0.0,0.0,0.0,0.0,0.0,0.0,0.0,0.0,0.0,0.0,0.0,769.59705,782.49084,799.41394,17.728937,1033.9194,-0.43621826171875,0.1512451171875,0.873779296875,1.532745361328125,-3.117828369140625,-0.07476806640625,0.0,4.0,4.0,4.0,4.0,100.0,event
10:33:51.401,0.0,0.0,0.0,0.0,0.0,0.0,0.0,0.0,0.0,0.0,0.0,0.0,0.0,0.0,0.0,0.0,0.0,0.0,0.0,0.0,759.92676,780.87915,796.99634,1589.9634,725.2747,-0.43621826171875,0.1512451171875,0.873779296875,1.532745361328125,-3.117828369140625,-0.07476806640625,0.0,4.0,4.0,4.0,4.0,100.0,event
10:33:51.402,0.0,0.0,0.0,0.0,0.0,0.0,0.0,0.0,0.0,0.0,0.0,0.0,0.0,0.0,0.0,0.0,0.0,0.0,0.0,0.0,718.4249,780.87915,801.02563,2.4175825,639.45056,-0.43621826171875,0.1512451171875,0.873779296875,1.532745361328125,-3.117828369140625,-0.07476806640625,0.0,4.0,4.0,4.0,4.0,100.0,event
10:33:51.454,0.0,0.0,0.0,0.0,0.0,0.0,0.0,0.0,0.0,0.0,0.0,0.0,0.0,0.0,0.0,0.0,0.0,0.0,0.0,0.0,736.1539,784.10254,804.65204,1518.6447,747.8388,-0.43621826171875,0.1512451171875,0.873779296875,1.532745361328125,-3.117828369140625,-0.07476806640625,0.0,4.0,4.0,4.0,4.0,100.0,event
10:33:51.455,0.0,0.0,0.0,0.0,0.0,0.0,0.0,0.0,0.0,0.0,0.0,0.0,0.0,0.0,0.0,0.0,0.0,0.0,0.0,0.0,797.8022,788.1319,807.0696,1412.674,732.1245,-0.43621826171875,0.1512451171875,0.873779296875,1.532745361328125,-3.117828369140625,-0.07476806640625,0.0,4.0,4.0,4.0,4.0,100.0,event
10:33:51.458,0.0,0.0,0.0,0.0,0.0,0.0,0.0,0.0,0.0,0.0,0.0,0.0,0.0,0.0,0.0,0.0,0.0,0.0,0.0,0.0,838.49817,787.326,808.2784,1232.967,711.5751,-0.43621826171875,0.1512451171875,0.873779296875,1.532745361328125,-3.117828369140625,-0.07476806640625,0.0,4.0,4.0,4.0,4.0,100.0,event
10:33:51.459,0.0,0.0,0.0,0.0,0.0,0.0,0.0,0.0,0.0,0.0,0.0,0.0,0.0,0.0,0.0,0.0,0.0,0.0,0.0,0.0,774.0293,781.28204,796.5934,0.0,716.0073,-0.43621826171875,0.1512451171875,0.873779296875,1.532745361328125,-3.117828369140625,-0.07476806640625,0.0,4.0,4.0,4.0,4.0,100.0,event
10:33:51.459,0.0,0.0,0.0,0.0,0.0,0.0,0.0,0.0,0.0,0.0,0.0,0.0,0.0,0.0,0.0,0.0,0.0,0.0,0.0,0.0,818.7546,782.0879,805.4579,262.30768,713.5897,-0.43621826171875,0.1512451171875,0.873779296875,1.532745361328125,-3.117828369140625,-0.07476806640625,0.0,4.0,4.0,4.0,4.0,100.0,event
10:33:51.460,0.0,0.0,0.0,0.0,0.0,0.0,0.0,0.0,0.0,0.0,0.0,0.0,0.0,0.0,0.0,0.0,0.0,0.0,0.0,0.0,781.28204,780.4762,795.38464,47.142857,704.3223,-0.43621826171875,0.1512451171875,0.873779296875,1.532745361328125,-3.117828369140625,-0.07476806640625,0.0,4.0,4.0,4.0,4.0,100.0,event
10:33:51.461,0.0,0.0,0.0,0.0,0.0,0.0,0.0,0.0,0.0,0.0,0.0,0.0,0.0,0.0,0.0,0.0,0.0,0.0,0.0,0.0,835.6777,783.2967,794.9817,0.0,701.50183,-0.43621826171875,0.1512451171875,0.873779296875,1.532745361328125,-3.117828369140625,-0.07476806640625,0.0,4.0,4.0,4.0,4.0,100.0,event
10:33:51.461,0.0,0.0,0.0,0.0,0.0,0.0,0.0,0.0,0.0,0.0,0.0,0.0,0.0,0.0,0.0,0.0,0.0,0.0,0.0,0.0,876.3736,784.10254,792.5641,0.0,762.3443,-0.43621826171875,0.1512451171875,0.873779296875,1.532745361328125,-3.117828369140625,-0.07476806640625,0.0,4.0,4.0,4.0,4.0,100.0,event
10:33:51.462,0.0,0.0,0.0,0.0,0.0,0.0,0.0,0.0,0.0,0.0,0.0,0.0,0.0,0.0,0.0,0.0,0.0,0.0,0.0,0.0,857.03296,781.28204,799.81683,9.267399,1066.9597,-0.43621826171875,0.1512451171875,0.873779296875,1.532745361328125,-3.117828369140625,-0.07476806640625,0.0,4.0,4.0,4.0,4.0,100.0,event
10:33:51.462,0.0,0.0,0.0,0.0,0.0,0.0,0.0,0.0,0.0,0.0,0.0,0.0,0.0,0.0,0.0,0.0,0.0,0.0,0.0,0.0,824.7985,778.86444,801.4286,0.0,902.1612,-0.43621826171875,0.1512451171875,0.873779296875,1.532745361328125,-3.117828369140625,-0.07476806640625,0.0,4.0,4.0,4.0,4.0,100.0,event
10:33:51.463,0.0,0.0,0.0,0.0,0.0,0.0,0.0,0.0,0.0,0.0,0.0,0.0,0.0,0.0,0.0,0.0,0.0,0.0,0.0,0.0,816.337,777.6557,792.1612,94.688644,583.44324,-0.43621826171875,0.1512451171875,0.873779296875,1.532745361328125,-3.117828369140625,-0.07476806640625,0.0,4.0,4.0,4.0,4.0,100.0,event
10:33:51.464,0.0,0.0,0.0,0.0,0.0,0.0,0.0,0.0,0.0,0.0,0.0,0.0,0.0,0.0,0.0,0.0,0.0,0.0,0.0,0.0,842.9304,777.25275,791.3553,537.50916,720.0366,-0.43621826171875,0.1512451171875,0.873779296875,1.532745361328125,-3.117828369140625,-0.07476806640625,0.0,4.0,4.0,4.0,4.0,100.0,event
10:33:51.507,0.0,0.0,0.0,0.0,0.0,0.0,0.0,0.0,0.0,0.0,0.0,0.0,0.0,0.0,0.0,0.0,0.0,0.0,0.0,0.0,887.6557,778.86444,795.78754,469.4139,796.99634,-0.4420166015625,0.15301513671875,0.8809814453125,2.1533203125,-2.43743896484375,0.58319091796875,0.0,4.0,4.0,4.0,4.0,100.0,event
10:33:51.509,0.0,0.0,0.0,0.0,0.0,0.0,0.0,0.0,0.0,0.0,0.0,0.0,0.0,0.0,0.0,0.0,0.0,0.0,0.0,0.0,882.8205,781.28204,796.1905,0.0,717.2161,-0.4420166015625,0.15301513671875,0.8809814453125,2.1533203125,-2.43743896484375,0.58319091796875,0.0,4.0,4.0,4.0,4.0,100.0,event
10:33:51.516,0.0,0.0,0.0,0.0,0.0,0.0,0.0,0.0,0.0,0.0,0.0,0.0,0.0,0.0,0.0,0.0,0.0,0.0,0.0,0.0,836.08057,782.0879,798.60803,0.0,713.1868,-0.4420166015625,0.15301513671875,0.8809814453125,2.1533203125,-2.43743896484375,0.58319091796875,0.0,4.0,4.0,4.0,4.0,100.0,event
10:33:51.518,0.0,0.0,0.0,0.0,0.0,0.0,0.0,0.0,0.0,0.0,0.0,0.0,0.0,0.0,0.0,0.0,0.0,0.0,0.0,0.0,825.6044,781.685,795.38464,55.604397,741.39197,-0.4420166015625,0.15301513671875,0.8809814453125,2.1533203125,-2.43743896484375,0.58319091796875,0.0,4.0,4.0,4.0,4.0,100.0,event
10:33:51.519,0.0,0.0,0.0,0.0,0.0,0.0,0.0,0.0,0.0,0.0,0.0,0.0,0.0,0.0,0.0,0.0,0.0,0.0,0.0,0.0,850.18317,779.2674,790.54944,103.553116,726.8865,-0.4420166015625,0.15301513671875,0.8809814453125,2.1533203125,-2.43743896484375,0.58319091796875,0.0,4.0,4.0,4.0,4.0,100.0,event
10:33:51.521,0.0,0.0,0.0,0.0,0.0,0.0,0.0,0.0,0.0,0.0,0.0,0.0,0.0,0.0,0.0,0.0,0.0,0.0,0.0,0.0,889.2674,776.04395,791.75824,0.0,774.43225,-0.4420166015625,0.15301513671875,0.8809814453125,2.1533203125,-2.43743896484375,0.58319091796875,0.0,4.0,4.0,4.0,4.0,100.0,event
10:33:51.523,0.0,0.0,0.0,0.0,0.0,0.0,0.0,0.0,0.0,0.0,0.0,0.0,0.0,0.0,0.0,0.0,0.0,0.0,0.0,0.0,891.28204,776.4469,793.36993,568.93774,866.30035,-0.4420166015625,0.15301513671875,0.8809814453125,2.1533203125,-2.43743896484375,0.58319091796875,0.0,4.0,4.0,4.0,4.0,100.0,event
10:33:51.524,0.0,0.0,0.0,0.0,0.0,0.0,0.0,0.0,0.0,0.0,0.0,0.0,0.0,0.0,0.0,0.0,0.0,0.0,0.0,0.0,834.0659,778.0586,793.7729,1493.2601,1046.8132,-0.4420166015625,0.15301513671875,0.8809814453125,2.1533203125,-2.43743896484375,0.58319091796875,0.0,4.0,4.0,4.0,4.0,100.0,event
10:33:51.527,0.0,0.0,0.0,0.0,0.0,0.0,0.0,0.0,0.0,0.0,0.0,0.0,0.0,0.0,0.0,0.0,0.0,0.0,0.0,0.0,809.4872,780.4762,788.1319,1642.7472,1111.6849,-0.4420166015625,0.15301513671875,0.8809814453125,2.1533203125,-2.43743896484375,0.58319091796875,0.0,4.0,4.0,4.0,4.0,100.0,event
10:33:51.527,0.0,0.0,0.0,0.0,0.0,0.0,0.0,0.0,0.0,0.0,0.0,0.0,0.0,0.0,0.0,0.0,0.0,0.0,0.0,0.0,838.9011,778.86444,784.10254,1590.3663,840.10986,-0.4420166015625,0.15301513671875,0.8809814453125,2.1533203125,-2.43743896484375,0.58319091796875,0.0,4.0,4.0,4.0,4.0,100.0,event
10:33:51.528,0.0,0.0,0.0,0.0,0.0,0.0,0.0,0.0,0.0,0.0,0.0,0.0,0.0,0.0,0.0,0.0,0.0,0.0,0.0,0.0,869.12085,779.2674,788.93774,1371.978,777.6557,-0.4420166015625,0.15301513671875,0.8809814453125,2.1533203125,-2.43743896484375,0.58319091796875,0.0,4.0,4.0,4.0,4.0,100.0,event
10:33:51.529,0.0,0.0,0.0,0.0,0.0,0.0,0.0,0.0,0.0,0.0,0.0,0.0,0.0,0.0,0.0,0.0,0.0,0.0,0.0,0.0,869.5238,780.87915,786.52014,863.8828,855.42126,-0.4420166015625,0.15301513671875,0.8809814453125,2.1533203125,-2.43743896484375,0.58319091796875,0.0,4.0,4.0,4.0,4.0,100.0,event
10:33:51.572,0.0,0.0,0.0,0.0,0.0,0.0,0.0,0.0,0.0,0.0,0.0,0.0,0.0,0.0,0.0,0.0,0.0,0.0,0.0,0.0,826.8132,782.8938,782.49084,333.22345,740.18317,-0.448486328125,0.151611328125,0.875244140625,1.65985107421875,-4.32159423828125,0.059814453125,0.0,4.0,4.0,4.0,4.0,100.0,event
10:33:51.574,0.0,0.0,0.0,0.0,0.0,0.0,0.0,0.0,0.0,0.0,0.0,0.0,0.0,0.0,0.0,0.0,0.0,0.0,0.0,0.0,791.75824,780.87915,792.5641,234.90843,594.7253,-0.448486328125,0.151611328125,0.875244140625,1.65985107421875,-4.32159423828125,0.059814453125,0.0,4.0,4.0,4.0,4.0,100.0,event
10:33:51.575,0.0,0.0,0.0,0.0,0.0,0.0,0.0,0.0,0.0,0.0,0.0,0.0,0.0,0.0,0.0,0.0,0.0,0.0,0.0,0.0,802.23444,778.86444,799.011,326.37363,642.674,-0.448486328125,0.151611328125,0.875244140625,1.65985107421875,-4.32159423828125,0.059814453125,0.0,4.0,4.0,4.0,4.0,100.0,event
10:33:51.577,0.0,0.0,0.0,0.0,0.0,0.0,0.0,0.0,0.0,0.0,0.0,0.0,0.0,0.0,0.0,0.0,0.0,0.0,0.0,0.0,851.39197,782.0879,794.9817,334.83517,743.00366,-0.448486328125,0.151611328125,0.875244140625,1.65985107421875,-4.32159423828125,0.059814453125,0.0,4.0,4.0,4.0,4.0,100.0,event
10:33:51.579,0.0,0.0,0.0,0.0,0.0,0.0,0.0,0.0,0.0,0.0,0.0,0.0,0.0,0.0,0.0,0.0,0.0,0.0,0.0,0.0,871.9414,781.28204,790.9524,419.45056,717.2161,-0.448486328125,0.151611328125,0.875244140625,1.65985107421875,-4.32159423828125,0.059814453125,0.0,4.0,4.0,4.0,4.0,100.0,event
10:33:51.580,0.0,0.0,0.0,0.0,0.0,0.0,0.0,0.0,0.0,0.0,0.0,0.0,0.0,0.0,0.0,0.0,0.0,0.0,0.0,0.0,799.011,781.28204,792.1612,193.00366,786.9231,-0.448486328125,0.151611328125,0.875244140625,1.65985107421875,-4.32159423828125,0.059814453125,0.0,4.0,4.0,4.0,4.0,100.0,event
10:33:51.580,0.0,0.0,0.0,0.0,0.0,0.0,0.0,0.0,0.0,0.0,0.0,0.0,0.0,0.0,0.0,0.0,0.0,0.0,0.0,0.0,835.6777,782.8938,794.57874,263.9194,711.5751,-0.448486328125,0.151611328125,0.875244140625,1.65985107421875,-4.32159423828125,0.059814453125,0.0,4.0,4.0,4.0,4.0,100.0,event
10:33:51.581,0.0,0.0,0.0,0.0,0.0,0.0,0.0,0.0,0.0,0.0,0.0,0.0,0.0,0.0,0.0,0.0,0.0,0.0,0.0,0.0,811.50183,781.685,783.2967,362.23444,934.3956,-0.448486328125,0.151611328125,0.875244140625,1.65985107421875,-4.32159423828125,0.059814453125,0.0,4.0,4.0,4.0,4.0,100.0,event
10:33:51.582,0.0,0.0,0.0,0.0,0.0,0.0,0.0,0.0,0.0,0.0,0.0,0.0,0.0,0.0,0.0,0.0,0.0,0.0,0.0,0.0,842.52747,784.90845,790.9524,137.39926,809.89014,-0.448486328125,0.151611328125,0.875244140625,1.65985107421875,-4.32159423828125,0.059814453125,0.0,4.0,4.0,4.0,4.0,100.0,event
10:33:51.582,0.0,0.0,0.0,0.0,0.0,0.0,0.0,0.0,0.0,0.0,0.0,0.0,0.0,0.0,0.0,0.0,0.0,0.0,0.0,0.0,870.32965,784.10254,796.5934,114.83517,728.0952,-0.448486328125,0.151611328125,0.875244140625,1.65985107421875,-4.32159423828125,0.059814453125,0.0,4.0,4.0,4.0,4.0,100.0,event
10:33:51.583,0.0,0.0,0.0,0.0,0.0,0.0,0.0,0.0,0.0,0.0,0.0,0.0,0.0,0.0,0.0,0.0,0.0,0.0,0.0,0.0,826.4103,781.28204,797.3993,738.97437,815.5311,-0.448486328125,0.151611328125,0.875244140625,1.65985107421875,-4.32159423828125,0.059814453125,0.0,4.0,4.0,4.0,4.0,100.0,event
10:33:51.583,0.0,0.0,0.0,0.0,0.0,0.0,0.0,0.0,0.0,0.0,0.0,0.0,0.0,0.0,0.0,0.0,0.0,0.0,0.0,0.0,769.19415,784.10254,803.0403,1219.2675,850.18317,-0.448486328125,0.151611328125,0.875244140625,1.65985107421875,-4.32159423828125,0.059814453125,0.0,4.0,4.0,4.0,4.0,100.0,event
10:33:51.585,0.0,0.0,0.0,0.0,0.0,0.0,0.0,0.0,0.0,0.0,0.0,0.0,0.0,0.0,0.0,0.0,0.0,0.0,0.0,0.0,776.04395,786.1172,802.23444,1219.2675,770.80585,-0.4459228515625,0.144775390625,0.86065673828125,2.07855224609375,-5.390777587890625,-0.112152099609375,0.0,4.0,4.0,4.0,4.0,100.0,event
10:33:51.585,0.0,0.0,0.0,0.0,0.0,0.0,0.0,0.0,0.0,0.0,0.0,0.0,0.0,0.0,0.0,0.0,0.0,0.0,0.0,0.0,828.8278,784.90845,796.1905,1174.9451,735.34796,-0.4459228515625,0.144775390625,0.86065673828125,2.07855224609375,-5.390777587890625,-0.112152099609375,0.0,4.0,4.0,4.0,4.0,100.0,event
10:33:51.586,0.0,0.0,0.0,0.0,0.0,0.0,0.0,0.0,0.0,0.0,0.0,0.0,0.0,0.0,0.0,0.0,0.0,0.0,0.0,0.0,859.85345,778.0586,789.7436,912.6374,858.24176,-0.4459228515625,0.144775390625,0.86065673828125,2.07855224609375,-5.390777587890625,-0.112152099609375,0.0,4.0,4.0,4.0,4.0,100.0,event
10:33:51.587,0.0,0.0,0.0,0.0,0.0,0.0,0.0,0.0,0.0,0.0,0.0,0.0,0.0,0.0,0.0,0.0,0.0,0.0,0.0,0.0,828.8278,778.0586,787.326,521.79486,835.6777,-0.4459228515625,0.144775390625,0.86065673828125,2.07855224609375,-5.390777587890625,-0.112152099609375,0.0,4.0,4.0,4.0,4.0,100.0,event
10:33:51.591,0.0,0.0,0.0,0.0,0.0,0.0,0.0,0.0,0.0,0.0,0.0,0.0,0.0,0.0,0.0,0.0,0.0,0.0,0.0,0.0,789.34064,782.8938,800.2198,225.64102,673.69965,-0.4459228515625,0.144775390625,0.86065673828125,2.07855224609375,-5.390777587890625,-0.112152099609375,0.0,4.0,4.0,4.0,4.0,100.0,event
10:33:51.592,0.0,0.0,0.0,0.0,0.0,0.0,0.0,0.0,0.0,0.0,0.0,0.0,0.0,0.0,0.0,0.0,0.0,0.0,0.0,0.0,780.07324,777.25275,805.05493,664.43225,764.7619,-0.4459228515625,0.144775390625,0.86065673828125,2.07855224609375,-5.390777587890625,-0.112152099609375,0.0,4.0,4.0,4.0,4.0,100.0,event
10:33:51.592,0.0,0.0,0.0,0.0,0.0,0.0,0.0,0.0,0.0,0.0,0.0,0.0,0.0,0.0,0.0,0.0,0.0,0.0,0.0,0.0,817.9487,776.8498,795.78754,867.9121,1006.9231,-0.4459228515625,0.144775390625,0.86065673828125,2.07855224609375,-5.390777587890625,-0.112152099609375,0.0,4.0,4.0,4.0,4.0,100.0,event
10:33:51.593,0.0,0.0,0.0,0.0,0.0,0.0,0.0,0.0,0.0,0.0,0.0,0.0,0.0,0.0,0.0,0.0,0.0,0.0,0.0,0.0,864.2857,782.8938,792.5641,212.34433,993.6264,-0.4459228515625,0.144775390625,0.86065673828125,2.07855224609375,-5.390777587890625,-0.112152099609375,0.0,4.0,4.0,4.0,4.0,100.0,event
10:33:51.594,0.0,0.0,0.0,0.0,0.0,0.0,0.0,0.0,0.0,0.0,0.0,0.0,0.0,0.0,0.0,0.0,0.0,0.0,0.0,0.0,847.3626,780.87915,793.7729,0.0,745.82416,-0.4459228515625,0.144775390625,0.86065673828125,2.07855224609375,-5.390777587890625,-0.112152099609375,0.0,4.0,4.0,4.0,4.0,100.0,event
10:33:51.594,0.0,0.0,0.0,0.0,0.0,0.0,0.0,0.0,0.0,0.0,0.0,0.0,0.0,0.0,0.0,0.0,0.0,0.0,0.0,0.0,793.36993,777.6557,792.96704,20.54945,687.8022,-0.4459228515625,0.144775390625,0.86065673828125,2.07855224609375,-5.390777587890625,-0.112152099609375,0.0,4.0,4.0,4.0,4.0,100.0,event
10:33:51.595,0.0,0.0,0.0,0.0,0.0,0.0,0.0,0.0,0.0,0.0,0.0,0.0,0.0,0.0,0.0,0.0,0.0,0.0,0.0,0.0,784.5055,777.25275,791.3553,0.0,725.6777,-0.4459228515625,0.144775390625,0.86065673828125,2.07855224609375,-5.390777587890625,-0.112152099609375,0.0,4.0,4.0,4.0,4.0,100.0,event
10:33:51.596,0.0,0.0,0.0,0.0,0.0,0.0,0.0,0.0,0.0,0.0,0.0,0.0,0.0,0.0,0.0,0.0,0.0,0.0,0.0,0.0,826.8132,777.25275,792.96704,28.608059,712.381,-0.4459228515625,0.144775390625,0.86065673828125,2.07855224609375,-5.390777587890625,-0.112152099609375,0.0,4.0,4.0,4.0,4.0,100.0,event
10:33:51.620,0.0,0.0,0.0,0.0,0.0,0.0,0.0,0.0,0.0,0.0,0.0,0.0,0.0,0.0,0.0,0.0,0.0,0.0,0.0,0.0,867.1062,776.8498,798.60803,0.0,724.87177,-0.43572998046875,0.1514892578125,0.88873291015625,2.788848876953125,-4.1571044921875,-0.441131591796875,0.0,4.0,4.0,4.0,4.0,100.0,event
10:33:51.621,0.0,0.0,0.0,0.0,0.0,0.0,0.0,0.0,0.0,0.0,0.0,0.0,0.0,0.0,0.0,0.0,0.0,0.0,0.0,0.0,848.1685,779.67035,798.60803,326.77655,808.2784,-0.43572998046875,0.1514892578125,0.88873291015625,2.788848876953125,-4.1571044921875,-0.441131591796875,0.0,4.0,4.0,4.0,4.0,100.0,event
10:33:51.621,0.0,0.0,0.0,0.0,0.0,0.0,0.0,0.0,0.0,0.0,0.0,0.0,0.0,0.0,0.0,0.0,0.0,0.0,0.0,0.0,799.41394,778.0586,794.9817,1249.8901,950.5128,-0.43572998046875,0.1514892578125,0.88873291015625,2.788848876953125,-4.1571044921875,-0.441131591796875,0.0,4.0,4.0,4.0,4.0,100.0,event
10:33:51.622,0.0,0.0,0.0,0.0,0.0,0.0,0.0,0.0,0.0,0.0,0.0,0.0,0.0,0.0,0.0,0.0,0.0,0.0,0.0,0.0,805.05493,774.83514,795.38464,1623.0037,872.3443,-0.43572998046875,0.1514892578125,0.88873291015625,2.788848876953125,-4.1571044921875,-0.441131591796875,0.0,4.0,4.0,4.0,4.0,100.0,event
10:33:51.623,0.0,0.0,0.0,0.0,0.0,0.0,0.0,0.0,0.0,0.0,0.0,0.0,0.0,0.0,0.0,0.0,0.0,0.0,0.0,0.0,844.5421,779.2674,789.34064,1609.3041,728.9011,-0.43572998046875,0.1514892578125,0.88873291015625,2.788848876953125,-4.1571044921875,-0.441131591796875,0.0,4.0,4.0,4.0,4.0,100.0,event
10:33:51.623,0.0,0.0,0.0,0.0,0.0,0.0,0.0,0.0,0.0,0.0,0.0,0.0,0.0,0.0,0.0,0.0,0.0,0.0,0.0,0.0,868.315,779.67035,793.36993,1625.8242,922.71063,-0.43572998046875,0.1514892578125,0.88873291015625,2.788848876953125,-4.1571044921875,-0.441131591796875,0.0,4.0,4.0,4.0,4.0,100.0,event
10:33:51.624,0.0,0.0,0.0,0.0,0.0,0.0,0.0,0.0,0.0,0.0,0.0,0.0,0.0,0.0,0.0,0.0,0.0,0.0,0.0,0.0,812.71063,776.4469,801.02563,1628.2417,923.5165,-0.43572998046875,0.1514892578125,0.88873291015625,2.788848876953125,-4.1571044921875,-0.441131591796875,0.0,4.0,4.0,4.0,4.0,100.0,event
10:33:51.624,0.0,0.0,0.0,0.0,0.0,0.0,0.0,0.0,0.0,0.0,0.0,0.0,0.0,0.0,0.0,0.0,0.0,0.0,0.0,0.0,857.8388,775.2381,800.6227,1630.6593,1210.0,-0.43572998046875,0.1514892578125,0.88873291015625,2.788848876953125,-4.1571044921875,-0.441131591796875,0.0,4.0,4.0,4.0,4.0,100.0,event
10:33:51.625,0.0,0.0,0.0,0.0,0.0,0.0,0.0,0.0,0.0,0.0,0.0,0.0,0.0,0.0,0.0,0.0,0.0,0.0,0.0,0.0,794.57874,776.04395,799.011,1628.2417,651.9414,-0.43572998046875,0.1514892578125,0.88873291015625,2.788848876953125,-4.1571044921875,-0.441131591796875,0.0,4.0,4.0,4.0,4.0,100.0,event
10:33:51.626,0.0,0.0,0.0,0.0,0.0,0.0,0.0,0.0,0.0,0.0,0.0,0.0,0.0,0.0,0.0,0.0,0.0,0.0,0.0,0.0,826.0073,774.83514,796.1905,1628.2417,743.00366,-0.43572998046875,0.1514892578125,0.88873291015625,2.788848876953125,-4.1571044921875,-0.441131591796875,0.0,4.0,4.0,4.0,4.0,100.0,event
10:33:51.626,0.0,0.0,0.0,0.0,0.0,0.0,0.0,0.0,0.0,0.0,0.0,0.0,0.0,0.0,0.0,0.0,0.0,0.0,0.0,0.0,873.5531,779.67035,794.9817,1628.2417,775.64105,-0.43572998046875,0.1514892578125,0.88873291015625,2.788848876953125,-4.1571044921875,-0.441131591796875,0.0,4.0,4.0,4.0,4.0,100.0,event
10:33:51.627,0.0,0.0,0.0,0.0,0.0,0.0,0.0,0.0,0.0,0.0,0.0,0.0,0.0,0.0,0.0,0.0,0.0,0.0,0.0,0.0,874.7619,779.67035,798.60803,1628.6447,784.90845,-0.43572998046875,0.1514892578125,0.88873291015625,2.788848876953125,-4.1571044921875,-0.441131591796875,0.0,4.0,4.0,4.0,4.0,100.0,event
10:33:51.651,0.0,0.0,0.0,0.0,0.0,0.0,0.0,0.0,0.0,0.0,0.0,0.0,0.0,0.0,0.0,0.0,0.0,0.0,0.0,0.0,828.4249,777.25275,792.5641,1628.2417,759.92676,-0.43572998046875,0.1514892578125,0.88873291015625,2.788848876953125,-4.1571044921875,-0.441131591796875,0.0,4.0,4.0,4.0,4.0,100.0,event
10:33:51.653,0.0,0.0,0.0,0.0,0.0,0.0,0.0,0.0,0.0,0.0,0.0,0.0,0.0,0.0,0.0,0.0,0.0,0.0,0.0,0.0,794.57874,775.64105,791.3553,1628.2417,759.5238,-0.43572998046875,0.1514892578125,0.88873291015625,2.788848876953125,-4.1571044921875,-0.441131591796875,0.0,4.0,4.0,4.0,4.0,100.0,event
10:33:51.653,0.0,0.0,0.0,0.0,0.0,0.0,0.0,0.0,0.0,0.0,0.0,0.0,0.0,0.0,0.0,0.0,0.0,0.0,0.0,0.0,814.7253,774.43225,794.17584,1628.2417,769.19415,-0.43572998046875,0.1514892578125,0.88873291015625,2.788848876953125,-4.1571044921875,-0.441131591796875,0.0,4.0,4.0,4.0,4.0,100.0,event
10:33:51.654,0.0,0.0,0.0,0.0,0.0,0.0,0.0,0.0,0.0,0.0,0.0,0.0,0.0,0.0,0.0,0.0,0.0,0.0,0.0,0.0,860.2564,773.6264,788.5348,1628.2417,776.04395,-0.43572998046875,0.1514892578125,0.88873291015625,2.788848876953125,-4.1571044921875,-0.441131591796875,0.0,4.0,4.0,4.0,4.0,100.0,event
10:33:51.655,0.0,0.0,0.0,0.0,0.0,0.0,0.0,0.0,0.0,0.0,0.0,0.0,0.0,0.0,0.0,0.0,0.0,0.0,0.0,0.0,864.2857,771.6117,794.9817,1628.2417,873.5531,-0.43572998046875,0.1514892578125,0.88873291015625,2.788848876953125,-4.1571044921875,-0.441131591796875,0.0,4.0,4.0,4.0,4.0,100.0,event
10:33:51.656,0.0,0.0,0.0,0.0,0.0,0.0,0.0,0.0,0.0,0.0,0.0,0.0,0.0,0.0,0.0,0.0,0.0,0.0,0.0,0.0,814.3223,772.8205,796.5934,1628.2417,1020.6227,-0.43572998046875,0.1514892578125,0.88873291015625,2.788848876953125,-4.1571044921875,-0.441131591796875,0.0,4.0,4.0,4.0,4.0,100.0,event
10:33:51.660,0.0,0.0,0.0,0.0,0.0,0.0,0.0,0.0,0.0,0.0,0.0,0.0,0.0,0.0,0.0,0.0,0.0,0.0,0.0,0.0,787.326,774.0293,789.7436,1628.2417,1016.99634,-0.43572998046875,0.1514892578125,0.88873291015625,2.788848876953125,-4.1571044921875,-0.441131591796875,0.0,4.0,4.0,4.0,4.0,100.0,event
10:33:51.661,0.0,0.0,0.0,0.0,0.0,0.0,0.0,0.0,0.0,0.0,0.0,0.0,0.0,0.0,0.0,0.0,0.0,0.0,0.0,0.0,842.1245,772.4176,788.93774,1629.0476,746.2271,-0.43572998046875,0.1514892578125,0.88873291015625,2.788848876953125,-4.1571044921875,-0.441131591796875,0.0,4.0,4.0,4.0,4.0,100.0,event
10:33:51.661,0.0,0.0,0.0,0.0,0.0,0.0,0.0,0.0,0.0,0.0,0.0,0.0,0.0,0.0,0.0,0.0,0.0,0.0,0.0,0.0,792.1612,773.6264,790.9524,1628.2417,818.7546,-0.43572998046875,0.1514892578125,0.88873291015625,2.788848876953125,-4.1571044921875,-0.441131591796875,0.0,4.0,4.0,4.0,4.0,100.0,event
10:33:51.662,0.0,0.0,0.0,0.0,0.0,0.0,0.0,0.0,0.0,0.0,0.0,0.0,0.0,0.0,0.0,0.0,0.0,0.0,0.0,0.0,867.9121,772.01465,794.9817,1630.6593,944.87177,-0.43572998046875,0.1514892578125,0.88873291015625,2.788848876953125,-4.1571044921875,-0.441131591796875,0.0,4.0,4.0,4.0,4.0,100.0,event
10:33:51.662,0.0,0.0,0.0,0.0,0.0,0.0,0.0,0.0,0.0,0.0,0.0,0.0,0.0,0.0,0.0,0.0,0.0,0.0,0.0,0.0,821.978,773.6264,800.2198,1604.8718,914.2491,-0.43572998046875,0.1514892578125,0.88873291015625,2.788848876953125,-4.1571044921875,-0.441131591796875,0.0,4.0,4.0,4.0,4.0,100.0,event
10:33:51.663,0.0,0.0,0.0,0.0,0.0,0.0,0.0,0.0,0.0,0.0,0.0,0.0,0.0,0.0,0.0,0.0,0.0,0.0,0.0,0.0,788.1319,774.43225,793.7729,10.07326,682.1612,-0.43572998046875,0.1514892578125,0.88873291015625,2.788848876953125,-4.1571044921875,-0.441131591796875,0.0,4.0,4.0,4.0,4.0,100.0,event
10:33:51.716,0.0,0.0,0.0,0.0,0.0,0.0,0.0,0.0,0.0,0.0,0.0,0.0,0.0,0.0,0.0,0.0,0.0,0.0,0.0,0.0,803.44324,772.01465,790.14655,1477.1428,709.15753,-0.4371337890625,0.14166259765625,0.8665771484375,1.951446533203125,-4.059906005859375,-0.306549072265625,0.0,4.0,4.0,4.0,4.0,100.0,event
10:33:51.717,0.0,0.0,0.0,0.0,0.0,0.0,0.0,0.0,0.0,0.0,0.0,0.0,0.0,0.0,0.0,0.0,0.0,0.0,0.0,0.0,847.3626,772.8205,791.75824,937.2161,826.0073,-0.4371337890625,0.14166259765625,0.8665771484375,1.951446533203125,-4.059906005859375,-0.306549072265625,0.0,4.0,4.0,4.0,4.0,100.0,event
10:33:51.718,0.0,0.0,0.0,0.0,0.0,0.0,0.0,0.0,0.0,0.0,0.0,0.0,0.0,0.0,0.0,0.0,0.0,0.0,0.0,0.0,870.7326,770.80585,793.7729,1163.2601,822.381,-0.4371337890625,0.14166259765625,0.8665771484375,1.951446533203125,-4.059906005859375,-0.306549072265625,0.0,4.0,4.0,4.0,4.0,100.0,event
10:33:51.718,0.0,0.0,0.0,0.0,0.0,0.0,0.0,0.0,0.0,0.0,0.0,0.0,0.0,0.0,0.0,0.0,0.0,0.0,0.0,0.0,835.2747,768.7912,802.23444,1573.4432,761.53845,-0.4371337890625,0.14166259765625,0.8665771484375,1.951446533203125,-4.059906005859375,-0.306549072265625,0.0,4.0,4.0,4.0,4.0,100.0,event
10:33:51.719,0.0,0.0,0.0,0.0,0.0,0.0,0.0,0.0,0.0,0.0,0.0,0.0,0.0,0.0,0.0,0.0,0.0,0.0,0.0,0.0,788.93774,771.2088,798.60803,1517.4359,728.9011,-0.4371337890625,0.14166259765625,0.8665771484375,1.951446533203125,-4.059906005859375,-0.306549072265625,0.0,4.0,4.0,4.0,4.0,100.0,event
10:33:51.720,0.0,0.0,0.0,0.0,0.0,0.0,0.0,0.0,0.0,0.0,0.0,0.0,0.0,0.0,0.0,0.0,0.0,0.0,0.0,0.0,787.72894,770.40295,794.9817,1321.2087,806.6667,-0.4371337890625,0.14166259765625,0.8665771484375,1.951446533203125,-4.059906005859375,-0.306549072265625,0.0,4.0,4.0,4.0,4.0,100.0,event
10:33:51.720,0.0,0.0,0.0,0.0,0.0,0.0,0.0,0.0,0.0,0.0,0.0,0.0,0.0,0.0,0.0,0.0,0.0,0.0,0.0,0.0,826.8132,772.4176,794.9817,824.7985,805.8608,-0.4371337890625,0.14166259765625,0.8665771484375,1.951446533203125,-4.059906005859375,-0.306549072265625,0.0,4.0,4.0,4.0,4.0,100.0,event
10:33:51.721,0.0,0.0,0.0,0.0,0.0,0.0,0.0,0.0,0.0,0.0,0.0,0.0,0.0,0.0,0.0,0.0,0.0,0.0,0.0,0.0,858.6447,772.01465,791.75824,364.24908,749.0476,-0.4371337890625,0.14166259765625,0.8665771484375,1.951446533203125,-4.059906005859375,-0.306549072265625,0.0,4.0,4.0,4.0,4.0,100.0,event
10:33:51.722,0.0,0.0,0.0,0.0,0.0,0.0,0.0,0.0,0.0,0.0,0.0,0.0,0.0,0.0,0.0,0.0,0.0,0.0,0.0,0.0,781.685,776.04395,786.1172,159.15752,1002.8938,-0.4371337890625,0.14166259765625,0.8665771484375,1.951446533203125,-4.059906005859375,-0.306549072265625,0.0,4.0,4.0,4.0,4.0,100.0,event
10:33:51.722,0.0,0.0,0.0,0.0,0.0,0.0,0.0,0.0,0.0,0.0,0.0,0.0,0.0,0.0,0.0,0.0,0.0,0.0,0.0,0.0,834.87177,773.22345,788.93774,338.86447,783.69965,-0.4371337890625,0.14166259765625,0.8665771484375,1.951446533203125,-4.059906005859375,-0.306549072265625,0.0,4.0,4.0,4.0,4.0,100.0,event
10:33:51.723,0.0,0.0,0.0,0.0,0.0,0.0,0.0,0.0,0.0,0.0,0.0,0.0,0.0,0.0,0.0,0.0,0.0,0.0,0.0,0.0,778.86444,776.04395,785.31134,0.0,841.7216,-0.4371337890625,0.14166259765625,0.8665771484375,1.951446533203125,-4.059906005859375,-0.306549072265625,0.0,4.0,4.0,4.0,4.0,100.0,event
10:33:51.724,0.0,0.0,0.0,0.0,0.0,0.0,0.0,0.0,0.0,0.0,0.0,0.0,0.0,0.0,0.0,0.0,0.0,0.0,0.0,0.0,814.3223,774.83514,787.326,8.058608,608.8278,-0.4371337890625,0.14166259765625,0.8665771484375,1.951446533203125,-4.059906005859375,-0.306549072265625,0.0,4.0,4.0,4.0,4.0,100.0,event
10:33:51.755,0.0,0.0,0.0,0.0,0.0,0.0,0.0,0.0,0.0,0.0,0.0,0.0,0.0,0.0,0.0,0.0,0.0,0.0,0.0,0.0,826.4103,768.3883,791.3553,5.2380953,695.05493,-0.44207763671875,0.1448974609375,0.8760986328125,2.011260986328125,-3.745880126953125,-0.635528564453125,0.0,4.0,4.0,4.0,4.0,100.0,event
10:33:51.756,0.0,0.0,0.0,0.0,0.0,0.0,0.0,0.0,0.0,0.0,0.0,0.0,0.0,0.0,0.0,0.0,0.0,0.0,0.0,0.0,801.8315,769.59705,794.9817,0.0,670.07324,-0.44207763671875,0.1448974609375,0.8760986328125,2.011260986328125,-3.745880126953125,-0.635528564453125,0.0,4.0,4.0,4.0,4.0,100.0,event
10:33:51.757,0.0,0.0,0.0,0.0,0.0,0.0,0.0,0.0,0.0,0.0,0.0,0.0,0.0,0.0,0.0,0.0,0.0,0.0,0.0,0.0,766.3736,770.80585,794.57874,207.9121,595.5311,-0.44207763671875,0.1448974609375,0.8760986328125,2.011260986328125,-3.745880126953125,-0.635528564453125,0.0,4.0,4.0,4.0,4.0,100.0,event
10:33:51.758,0.0,0.0,0.0,0.0,0.0,0.0,0.0,0.0,0.0,0.0,0.0,0.0,0.0,0.0,0.0,0.0,0.0,0.0,0.0,0.0,782.0879,770.0,788.93774,500.43958,589.89014,-0.44207763671875,0.1448974609375,0.8760986328125,2.011260986328125,-3.745880126953125,-0.635528564453125,0.0,4.0,4.0,4.0,4.0,100.0,event
10:33:51.758,0.0,0.0,0.0,0.0,0.0,0.0,0.0,0.0,0.0,0.0,0.0,0.0,0.0,0.0,0.0,0.0,0.0,0.0,0.0,0.0,821.978,769.59705,788.5348,758.71796,726.4835,-0.44207763671875,0.1448974609375,0.8760986328125,2.011260986328125,-3.745880126953125,-0.635528564453125,0.0,4.0,4.0,4.0,4.0,100.0,event
10:33:51.759,0.0,0.0,0.0,0.0,0.0,0.0,0.0,0.0,0.0,0.0,0.0,0.0,0.0,0.0,0.0,0.0,0.0,0.0,0.0,0.0,850.18317,770.40295,792.5641,681.3553,880.40295,-0.44207763671875,0.1448974609375,0.8760986328125,2.011260986328125,-3.745880126953125,-0.635528564453125,0.0,4.0,4.0,4.0,4.0,100.0,event
10:33:51.760,0.0,0.0,0.0,0.0,0.0,0.0,0.0,0.0,0.0,0.0,0.0,0.0,0.0,0.0,0.0,0.0,0.0,0.0,0.0,0.0,821.978,774.0293,795.38464,224.0293,873.95605,-0.44207763671875,0.1448974609375,0.8760986328125,2.011260986328125,-3.745880126953125,-0.635528564453125,0.0,4.0,4.0,4.0,4.0,100.0,event
10:33:51.760,0.0,0.0,0.0,0.0,0.0,0.0,0.0,0.0,0.0,0.0,0.0,0.0,0.0,0.0,0.0,0.0,0.0,0.0,0.0,0.0,753.0769,772.4176,797.8022,198.24176,778.86444,-0.44207763671875,0.1448974609375,0.8760986328125,2.011260986328125,-3.745880126953125,-0.635528564453125,0.0,4.0,4.0,4.0,4.0,100.0,event
10:33:51.764,0.0,0.0,0.0,0.0,0.0,0.0,0.0,0.0,0.0,0.0,0.0,0.0,0.0,0.0,0.0,0.0,0.0,0.0,0.0,0.0,785.31134,772.8205,795.78754,379.1575,1076.227,-0.44207763671875,0.1448974609375,0.8760986328125,2.011260986328125,-3.745880126953125,-0.635528564453125,0.0,4.0,4.0,4.0,4.0,100.0,event
10:33:51.764,0.0,0.0,0.0,0.0,0.0,0.0,0.0,0.0,0.0,0.0,0.0,0.0,0.0,0.0,0.0,0.0,0.0,0.0,0.0,0.0,745.0183,770.40295,796.5934,409.7802,959.3773,-0.44207763671875,0.1448974609375,0.8760986328125,2.011260986328125,-3.745880126953125,-0.635528564453125,0.0,4.0,4.0,4.0,4.0,100.0,event
10:33:51.765,0.0,0.0,0.0,0.0,0.0,0.0,0.0,0.0,0.0,0.0,0.0,0.0,0.0,0.0,0.0,0.0,0.0,0.0,0.0,0.0,853.8095,771.6117,788.93774,151.50183,770.0,-0.44207763671875,0.1448974609375,0.8760986328125,2.011260986328125,-3.745880126953125,-0.635528564453125,0.0,4.0,4.0,4.0,4.0,100.0,event
10:33:51.766,0.0,0.0,0.0,0.0,0.0,0.0,0.0,0.0,0.0,0.0,0.0,0.0,0.0,0.0,0.0,0.0,0.0,0.0,0.0,0.0,865.4945,767.5824,777.25275,0.0,808.2784,-0.44207763671875,0.1448974609375,0.8760986328125,2.011260986328125,-3.745880126953125,-0.635528564453125,0.0,4.0,4.0,4.0,4.0,100.0,event
10:33:51.795,0.0,0.0,0.0,0.0,0.0,0.0,0.0,0.0,0.0,0.0,0.0,0.0,0.0,0.0,0.0,0.0,0.0,0.0,0.0,0.0,795.78754,771.6117,785.31134,10.07326,924.7253,-0.44677734375,0.15289306640625,0.87750244140625,2.444915771484375,-4.3963623046875,0.6878662109375,0.0,4.0,4.0,4.0,4.0,100.0,event
10:33:51.796,0.0,0.0,0.0,0.0,0.0,0.0,0.0,0.0,0.0,0.0,0.0,0.0,0.0,0.0,0.0,0.0,0.0,0.0,0.0,0.0,781.28204,775.64105,796.5934,0.0,759.12085,-0.44677734375,0.15289306640625,0.87750244140625,2.444915771484375,-4.3963623046875,0.6878662109375,0.0,4.0,4.0,4.0,4.0,100.0,event
10:33:51.797,0.0,0.0,0.0,0.0,0.0,0.0,0.0,0.0,0.0,0.0,0.0,0.0,0.0,0.0,0.0,0.0,0.0,0.0,0.0,0.0,842.52747,773.6264,790.9524,13.296703,690.2198,-0.44677734375,0.15289306640625,0.87750244140625,2.444915771484375,-4.3963623046875,0.6878662109375,0.0,4.0,4.0,4.0,4.0,100.0,event
10:33:51.798,0.0,0.0,0.0,0.0,0.0,0.0,0.0,0.0,0.0,0.0,0.0,0.0,0.0,0.0,0.0,0.0,0.0,0.0,0.0,0.0,888.86444,771.2088,783.69965,106.77656,730.10986,-0.44677734375,0.15289306640625,0.87750244140625,2.444915771484375,-4.3963623046875,0.6878662109375,0.0,4.0,4.0,4.0,4.0,100.0,event
10:33:51.798,0.0,0.0,0.0,0.0,0.0,0.0,0.0,0.0,0.0,0.0,0.0,0.0,0.0,0.0,0.0,0.0,0.0,0.0,0.0,0.0,878.7912,769.59705,788.1319,32.637363,774.43225,-0.44677734375,0.15289306640625,0.87750244140625,2.444915771484375,-4.3963623046875,0.6878662109375,0.0,4.0,4.0,4.0,4.0,100.0,event
10:33:51.799,0.0,0.0,0.0,0.0,0.0,0.0,0.0,0.0,0.0,0.0,0.0,0.0,0.0,0.0,0.0,0.0,0.0,0.0,0.0,0.0,830.4396,767.98535,793.36993,0.0,806.26373,-0.44677734375,0.15289306640625,0.87750244140625,2.444915771484375,-4.3963623046875,0.6878662109375,0.0,4.0,4.0,4.0,4.0,100.0,event
10:33:51.800,0.0,0.0,0.0,0.0,0.0,0.0,0.0,0.0,0.0,0.0,0.0,0.0,0.0,0.0,0.0,0.0,0.0,0.0,0.0,0.0,825.2015,769.19415,795.38464,6.4468865,756.30035,-0.44677734375,0.15289306640625,0.87750244140625,2.444915771484375,-4.3963623046875,0.6878662109375,0.0,4.0,4.0,4.0,4.0,100.0,event
10:33:51.800,0.0,0.0,0.0,0.0,0.0,0.0,0.0,0.0,0.0,0.0,0.0,0.0,0.0,0.0,0.0,0.0,0.0,0.0,0.0,0.0,867.9121,768.7912,791.75824,0.0,808.2784,-0.44677734375,0.15289306640625,0.87750244140625,2.444915771484375,-4.3963623046875,0.6878662109375,0.0,4.0,4.0,4.0,4.0,100.0,event
10:33:51.801,0.0,0.0,0.0,0.0,0.0,0.0,0.0,0.0,0.0,0.0,0.0,0.0,0.0,0.0,0.0,0.0,0.0,0.0,0.0,0.0,890.07324,769.59705,789.34064,0.0,1058.4982,-0.44677734375,0.15289306640625,0.87750244140625,2.444915771484375,-4.3963623046875,0.6878662109375,0.0,4.0,4.0,4.0,4.0,100.0,event
10:33:51.801,0.0,0.0,0.0,0.0,0.0,0.0,0.0,0.0,0.0,0.0,0.0,0.0,0.0,0.0,0.0,0.0,0.0,0.0,0.0,0.0,893.2967,771.6117,791.75824,4.4322343,882.8205,-0.44677734375,0.15289306640625,0.87750244140625,2.444915771484375,-4.3963623046875,0.6878662109375,0.0,4.0,4.0,4.0,4.0,100.0,event
10:33:51.802,0.0,0.0,0.0,0.0,0.0,0.0,0.0,0.0,0.0,0.0,0.0,0.0,0.0,0.0,0.0,0.0,0.0,0.0,0.0,0.0,857.4359,773.22345,794.57874,29.41392,742.6007,-0.44677734375,0.15289306640625,0.87750244140625,2.444915771484375,-4.3963623046875,0.6878662109375,0.0,4.0,4.0,4.0,4.0,100.0,event
10:33:51.803,0.0,0.0,0.0,0.0,0.0,0.0,0.0,0.0,0.0,0.0,0.0,0.0,0.0,0.0,0.0,0.0,0.0,0.0,0.0,0.0,817.9487,773.6264,796.99634,0.0,778.0586,-0.44677734375,0.15289306640625,0.87750244140625,2.444915771484375,-4.3963623046875,0.6878662109375,0.0,4.0,4.0,4.0,4.0,100.0,event
10:33:51.848,0.0,0.0,0.0,0.0,0.0,0.0,0.0,0.0,0.0,0.0,0.0,0.0,0.0,0.0,0.0,0.0,0.0,0.0,0.0,0.0,842.9304,770.80585,794.9817,496.41025,756.7033,-0.44677734375,0.15289306640625,0.87750244140625,2.444915771484375,-4.3963623046875,0.6878662109375,0.0,4.0,4.0,4.0,4.0,100.0,event
10:33:51.849,0.0,0.0,0.0,0.0,0.0,0.0,0.0,0.0,0.0,0.0,0.0,0.0,0.0,0.0,0.0,0.0,0.0,0.0,0.0,0.0,901.75824,770.0,787.72894,1047.619,777.6557,-0.44677734375,0.15289306640625,0.87750244140625,2.444915771484375,-4.3963623046875,0.6878662109375,0.0,4.0,4.0,4.0,4.0,100.0,event
10:33:51.851,0.0,0.0,0.0,0.0,0.0,0.0,0.0,0.0,0.0,0.0,0.0,0.0,0.0,0.0,0.0,0.0,0.0,0.0,0.0,0.0,947.28937,772.4176,782.0879,264.32236,804.65204,-0.44677734375,0.15289306640625,0.87750244140625,2.444915771484375,-4.3963623046875,0.6878662109375,0.0,4.0,4.0,4.0,4.0,100.0,event
10:33:51.852,0.0,0.0,0.0,0.0,0.0,0.0,0.0,0.0,0.0,0.0,0.0,0.0,0.0,0.0,0.0,0.0,0.0,0.0,0.0,0.0,930.7692,772.8205,788.1319,0.0,808.2784,-0.44677734375,0.15289306640625,0.87750244140625,2.444915771484375,-4.3963623046875,0.6878662109375,0.0,4.0,4.0,4.0,4.0,100.0,event
10:33:51.854,0.0,0.0,0.0,0.0,0.0,0.0,0.0,0.0,0.0,0.0,0.0,0.0,0.0,0.0,0.0,0.0,0.0,0.0,0.0,0.0,874.35895,774.0293,789.7436,150.69597,716.0073,-0.44677734375,0.15289306640625,0.87750244140625,2.444915771484375,-4.3963623046875,0.6878662109375,0.0,4.0,4.0,4.0,4.0,100.0,event
10:33:51.855,0.0,0.0,0.0,0.0,0.0,0.0,0.0,0.0,0.0,0.0,0.0,0.0,0.0,0.0,0.0,0.0,0.0,0.0,0.0,0.0,924.3223,773.6264,790.54944,1104.4323,742.6007,-0.44677734375,0.15289306640625,0.87750244140625,2.444915771484375,-4.3963623046875,0.6878662109375,0.0,4.0,4.0,4.0,4.0,100.0,event
10:33:51.856,0.0,0.0,0.0,0.0,0.0,0.0,0.0,0.0,0.0,0.0,0.0,0.0,0.0,0.0,0.0,0.0,0.0,0.0,0.0,0.0,989.59705,772.4176,797.8022,26.190475,844.5421,-0.44677734375,0.15289306640625,0.87750244140625,2.444915771484375,-4.3963623046875,0.6878662109375,0.0,4.0,4.0,4.0,4.0,100.0,event
10:33:51.858,0.0,0.0,0.0,0.0,0.0,0.0,0.0,0.0,0.0,0.0,0.0,0.0,0.0,0.0,0.0,0.0,0.0,0.0,0.0,0.0,960.18317,769.19415,797.8022,1593.9927,1010.14655,-0.44677734375,0.15289306640625,0.87750244140625,2.444915771484375,-4.3963623046875,0.6878662109375,0.0,4.0,4.0,4.0,4.0,100.0,event
10:33:51.859,0.0,0.0,0.0,0.0,0.0,0.0,0.0,0.0,0.0,0.0,0.0,0.0,0.0,0.0,0.0,0.0,0.0,0.0,0.0,0.0,922.71063,770.40295,790.9524,1627.033,1036.337,-0.44677734375,0.15289306640625,0.87750244140625,2.444915771484375,-4.3963623046875,0.6878662109375,0.0,4.0,4.0,4.0,4.0,100.0,event
10:33:51.861,0.0,0.0,0.0,0.0,0.0,0.0,0.0,0.0,0.0,0.0,0.0,0.0,0.0,0.0,0.0,0.0,0.0,0.0,0.0,0.0,917.8755,773.22345,792.96704,1630.6593,775.2381,-0.44677734375,0.15289306640625,0.87750244140625,2.444915771484375,-4.3963623046875,0.6878662109375,0.0,4.0,4.0,4.0,4.0,100.0,event
10:33:51.864,0.0,0.0,0.0,0.0,0.0,0.0,0.0,0.0,0.0,0.0,0.0,0.0,0.0,0.0,0.0,0.0,0.0,0.0,0.0,0.0,936.8132,772.8205,796.1905,1628.2417,747.8388,-0.44677734375,0.15289306640625,0.87750244140625,2.444915771484375,-4.3963623046875,0.6878662109375,0.0,4.0,4.0,4.0,4.0,100.0,event
10:33:51.865,0.0,0.0,0.0,0.0,0.0,0.0,0.0,0.0,0.0,0.0,0.0,0.0,0.0,0.0,0.0,0.0,0.0,0.0,0.0,0.0,1006.52014,772.01465,794.17584,1628.6447,837.6923,-0.44677734375,0.15289306640625,0.87750244140625,2.444915771484375,-4.3963623046875,0.6878662109375,0.0,4.0,4.0,4.0,4.0,100.0,event
10:33:51.912,0.0,0.0,0.0,0.0,0.0,0.0,0.0,0.0,0.0,0.0,0.0,0.0,0.0,0.0,0.0,0.0,0.0,0.0,0.0,0.0,1045.6044,770.0,791.75824,1627.033,834.0659,-0.44879150390625,0.15313720703125,0.87615966796875,2.97576904296875,-2.75146484375,0.650482177734375,0.0,4.0,4.0,4.0,4.0,100.0,event
10:33:51.914,0.0,0.0,0.0,0.0,0.0,0.0,0.0,0.0,0.0,0.0,0.0,0.0,0.0,0.0,0.0,0.0,0.0,0.0,0.0,0.0,1006.9231,768.3883,791.75824,1643.5531,801.4286,-0.44879150390625,0.15313720703125,0.87615966796875,2.97576904296875,-2.75146484375,0.650482177734375,0.0,4.0,4.0,4.0,4.0,100.0,event
10:33:51.914,0.0,0.0,0.0,0.0,0.0,0.0,0.0,0.0,0.0,0.0,0.0,0.0,0.0,0.0,0.0,0.0,0.0,0.0,0.0,0.0,952.1245,765.9707,795.38464,1559.7435,781.28204,-0.44879150390625,0.15313720703125,0.87615966796875,2.97576904296875,-2.75146484375,0.650482177734375,0.0,4.0,4.0,4.0,4.0,100.0,event
10:33:51.915,0.0,0.0,0.0,0.0,0.0,0.0,0.0,0.0,0.0,0.0,0.0,0.0,0.0,0.0,0.0,0.0,0.0,0.0,0.0,0.0,951.7216,763.95605,790.14655,81.79487,814.3223,-0.44879150390625,0.15313720703125,0.87615966796875,2.97576904296875,-2.75146484375,0.650482177734375,0.0,4.0,4.0,4.0,4.0,100.0,event
10:33:51.916,0.0,0.0,0.0,0.0,0.0,0.0,0.0,0.0,0.0,0.0,0.0,0.0,0.0,0.0,0.0,0.0,0.0,0.0,0.0,0.0,1010.9524,765.16486,789.34064,1320.403,785.31134,-0.44879150390625,0.15313720703125,0.87615966796875,2.97576904296875,-2.75146484375,0.650482177734375,0.0,4.0,4.0,4.0,4.0,100.0,event
10:33:51.917,0.0,0.0,0.0,0.0,0.0,0.0,0.0,0.0,0.0,0.0,0.0,0.0,0.0,0.0,0.0,0.0,0.0,0.0,0.0,0.0,1043.1868,765.56775,786.9231,527.4359,752.674,-0.44879150390625,0.15313720703125,0.87615966796875,2.97576904296875,-2.75146484375,0.650482177734375,0.0,4.0,4.0,4.0,4.0,100.0,event
10:33:51.918,0.0,0.0,0.0,0.0,0.0,0.0,0.0,0.0,0.0,0.0,0.0,0.0,0.0,0.0,0.0,0.0,0.0,0.0,0.0,0.0,1020.2198,764.7619,788.5348,1398.9744,906.99634,-0.44879150390625,0.15313720703125,0.87615966796875,2.97576904296875,-2.75146484375,0.650482177734375,0.0,4.0,4.0,4.0,4.0,100.0,event
10:33:51.918,0.0,0.0,0.0,0.0,0.0,0.0,0.0,0.0,0.0,0.0,0.0,0.0,0.0,0.0,0.0,0.0,0.0,0.0,0.0,0.0,969.0476,767.1795,791.3553,82.1978,1205.5677,-0.44879150390625,0.15313720703125,0.87615966796875,2.97576904296875,-2.75146484375,0.650482177734375,0.0,4.0,4.0,4.0,4.0,100.0,event
10:33:51.919,0.0,0.0,0.0,0.0,0.0,0.0,0.0,0.0,0.0,0.0,0.0,0.0,0.0,0.0,0.0,0.0,0.0,0.0,0.0,0.0,965.0183,766.3736,793.36993,1569.8169,991.6117,-0.44879150390625,0.15313720703125,0.87615966796875,2.97576904296875,-2.75146484375,0.650482177734375,0.0,4.0,4.0,4.0,4.0,100.0,event
10:33:51.920,0.0,0.0,0.0,0.0,0.0,0.0,0.0,0.0,0.0,0.0,0.0,0.0,0.0,0.0,0.0,0.0,0.0,0.0,0.0,0.0,1006.52014,763.5531,798.60803,1639.5238,741.39197,-0.44879150390625,0.15313720703125,0.87615966796875,2.97576904296875,-2.75146484375,0.650482177734375,0.0,4.0,4.0,4.0,4.0,100.0,event
10:33:51.920,0.0,0.0,0.0,0.0,0.0,0.0,0.0,0.0,0.0,0.0,0.0,0.0,0.0,0.0,0.0,0.0,0.0,0.0,0.0,0.0,1050.8425,764.35895,799.41394,1620.1831,853.8095,-0.44879150390625,0.15313720703125,0.87615966796875,2.97576904296875,-2.75146484375,0.650482177734375,0.0,4.0,4.0,4.0,4.0,100.0,event
10:33:51.921,0.0,0.0,0.0,0.0,0.0,0.0,0.0,0.0,0.0,0.0,0.0,0.0,0.0,0.0,0.0,0.0,0.0,0.0,0.0,0.0,1032.7106,768.3883,801.8315,1623.8096,857.4359,-0.44879150390625,0.15313720703125,0.87615966796875,2.97576904296875,-2.75146484375,0.650482177734375,0.0,4.0,4.0,4.0,4.0,100.0,event
10:33:51.972,0.0,0.0,0.0,0.0,0.0,0.0,0.0,0.0,0.0,0.0,0.0,0.0,0.0,0.0,0.0,0.0,0.0,0.0,0.0,0.0,967.03296,773.22345,801.02563,1628.6447,772.8205,-0.44189453125,0.15093994140625,0.8804931640625,2.9010009765625,-0.740203857421875,0.2691650390625,0.0,4.0,4.0,4.0,4.0,100.0,event
10:33:51.973,0.0,0.0,0.0,0.0,0.0,0.0,0.0,0.0,0.0,0.0,0.0,0.0,0.0,0.0,0.0,0.0,0.0,0.0,0.0,0.0,952.1245,768.7912,798.20514,1631.0623,711.978,-0.44189453125,0.15093994140625,0.8804931640625,2.9010009765625,-0.740203857421875,0.2691650390625,0.0,4.0,4.0,4.0,4.0,100.0,event
10:33:51.974,0.0,0.0,0.0,0.0,0.0,0.0,0.0,0.0,0.0,0.0,0.0,0.0,0.0,0.0,0.0,0.0,0.0,0.0,0.0,0.0,1003.2967,764.35895,795.78754,1616.1538,757.1062,-0.44189453125,0.15093994140625,0.8804931640625,2.9010009765625,-0.740203857421875,0.2691650390625,0.0,4.0,4.0,4.0,4.0,100.0,event
10:33:51.976,0.0,0.0,0.0,0.0,0.0,0.0,0.0,0.0,0.0,0.0,0.0,0.0,0.0,0.0,0.0,0.0,0.0,0.0,0.0,0.0,1042.7839,763.5531,794.17584,1579.8901,813.5165,-0.44189453125,0.15093994140625,0.8804931640625,2.9010009765625,-0.740203857421875,0.2691650390625,0.0,4.0,4.0,4.0,4.0,100.0,event
10:33:51.978,0.0,0.0,0.0,0.0,0.0,0.0,0.0,0.0,0.0,0.0,0.0,0.0,0.0,0.0,0.0,0.0,0.0,0.0,0.0,0.0,1025.0549,765.56775,792.5641,1477.1428,755.89746,-0.44189453125,0.15093994140625,0.8804931640625,2.9010009765625,-0.740203857421875,0.2691650390625,0.0,4.0,4.0,4.0,4.0,100.0,event
10:33:51.979,0.0,0.0,0.0,0.0,0.0,0.0,0.0,0.0,0.0,0.0,0.0,0.0,0.0,0.0,0.0,0.0,0.0,0.0,0.0,0.0,966.2271,765.16486,786.1172,1187.4359,759.12085,-0.44189453125,0.15093994140625,0.8804931640625,2.9010009765625,-0.740203857421875,0.2691650390625,0.0,4.0,4.0,4.0,4.0,100.0,event
10:33:51.979,0.0,0.0,0.0,0.0,0.0,0.0,0.0,0.0,0.0,0.0,0.0,0.0,0.0,0.0,0.0,0.0,0.0,0.0,0.0,0.0,932.381,761.9414,786.1172,1446.5201,969.0476,-0.44189453125,0.15093994140625,0.8804931640625,2.9010009765625,-0.740203857421875,0.2691650390625,0.0,4.0,4.0,4.0,4.0,100.0,event
10:33:51.980,0.0,0.0,0.0,0.0,0.0,0.0,0.0,0.0,0.0,0.0,0.0,0.0,0.0,0.0,0.0,0.0,0.0,0.0,0.0,0.0,957.3626,767.98535,787.326,84.61539,967.03296,-0.44189453125,0.15093994140625,0.8804931640625,2.9010009765625,-0.740203857421875,0.2691650390625,0.0,4.0,4.0,4.0,4.0,100.0,event
10:33:51.980,0.0,0.0,0.0,0.0,0.0,0.0,0.0,0.0,0.0,0.0,0.0,0.0,0.0,0.0,0.0,0.0,0.0,0.0,0.0,0.0,1001.685,767.1795,784.10254,1161.2454,767.1795,-0.44189453125,0.15093994140625,0.8804931640625,2.9010009765625,-0.740203857421875,0.2691650390625,0.0,4.0,4.0,4.0,4.0,100.0,event
10:33:51.981,0.0,0.0,0.0,0.0,0.0,0.0,0.0,0.0,0.0,0.0,0.0,0.0,0.0,0.0,0.0,0.0,0.0,0.0,0.0,0.0,999.2674,765.56775,794.17584,128.5348,709.9634,-0.44189453125,0.15093994140625,0.8804931640625,2.9010009765625,-0.740203857421875,0.2691650390625,0.0,4.0,4.0,4.0,4.0,100.0,event
10:33:51.981,0.0,0.0,0.0,0.0,0.0,0.0,0.0,0.0,0.0,0.0,0.0,0.0,0.0,0.0,0.0,0.0,0.0,0.0,0.0,0.0,919.89014,763.1502,801.4286,0.0,784.90845,-0.44189453125,0.15093994140625,0.8804931640625,2.9010009765625,-0.740203857421875,0.2691650390625,0.0,4.0,4.0,4.0,4.0,100.0,event
10:33:51.982,0.0,0.0,0.0,0.0,0.0,0.0,0.0,0.0,0.0,0.0,0.0,0.0,0.0,0.0,0.0,0.0,0.0,0.0,0.0,0.0,878.3883,763.1502,798.60803,39.89011,722.4542,-0.44189453125,0.15093994140625,0.8804931640625,2.9010009765625,-0.740203857421875,0.2691650390625,0.0,4.0,4.0,4.0,4.0,100.0,event
10:33:52.011,0.0,0.0,0.0,0.0,0.0,0.0,0.0,0.0,0.0,0.0,0.0,0.0,0.0,0.0,0.0,0.0,0.0,0.0,0.0,0.0,900.54944,768.3883,797.3993,0.0,608.4249,-0.4442138671875,0.1483154296875,0.8726806640625,1.65985107421875,-3.835601806640625,0.91217041015625,0.0,4.0,4.0,4.0,4.0,100.0,event
10:33:52.012,0.0,0.0,0.0,0.0,0.0,0.0,0.0,0.0,0.0,0.0,0.0,0.0,0.0,0.0,0.0,0.0,0.0,0.0,0.0,0.0,923.91943,769.19415,792.5641,268.75458,850.18317,-0.4442138671875,0.1483154296875,0.8726806640625,1.65985107421875,-3.835601806640625,0.91217041015625,0.0,4.0,4.0,4.0,4.0,100.0,event
10:33:52.012,0.0,0.0,0.0,0.0,0.0,0.0,0.0,0.0,0.0,0.0,0.0,0.0,0.0,0.0,0.0,0.0,0.0,0.0,0.0,0.0,925.5311,770.0,792.5641,70.10989,699.4872,-0.4442138671875,0.1483154296875,0.8726806640625,1.65985107421875,-3.835601806640625,0.91217041015625,0.0,4.0,4.0,4.0,4.0,100.0,event
10:33:52.013,0.0,0.0,0.0,0.0,0.0,0.0,0.0,0.0,0.0,0.0,0.0,0.0,0.0,0.0,0.0,0.0,0.0,0.0,0.0,0.0,880.0,769.59705,795.38464,124.908424,760.7326,-0.4442138671875,0.1483154296875,0.8726806640625,1.65985107421875,-3.835601806640625,0.91217041015625,0.0,4.0,4.0,4.0,4.0,100.0,event
10:33:52.013,0.0,0.0,0.0,0.0,0.0,0.0,0.0,0.0,0.0,0.0,0.0,0.0,0.0,0.0,0.0,0.0,0.0,0.0,0.0,0.0,844.1392,768.3883,785.7143,0.0,668.46155,-0.4442138671875,0.1483154296875,0.8726806640625,1.65985107421875,-3.835601806640625,0.91217041015625,0.0,4.0,4.0,4.0,4.0,100.0,event
10:33:52.014,0.0,0.0,0.0,0.0,0.0,0.0,0.0,0.0,0.0,0.0,0.0,0.0,0.0,0.0,0.0,0.0,0.0,0.0,0.0,0.0,858.6447,765.56775,787.72894,15.311356,807.8755,-0.4442138671875,0.1483154296875,0.8726806640625,1.65985107421875,-3.835601806640625,0.91217041015625,0.0,4.0,4.0,4.0,4.0,100.0,event
10:33:52.014,0.0,0.0,0.0,0.0,0.0,0.0,0.0,0.0,0.0,0.0,0.0,0.0,0.0,0.0,0.0,0.0,0.0,0.0,0.0,0.0,900.9524,766.77655,791.3553,0.0,994.43225,-0.4442138671875,0.1483154296875,0.8726806640625,1.65985107421875,-3.835601806640625,0.91217041015625,0.0,4.0,4.0,4.0,4.0,100.0,event
10:33:52.015,0.0,0.0,0.0,0.0,0.0,0.0,0.0,0.0,0.0,0.0,0.0,0.0,0.0,0.0,0.0,0.0,0.0,0.0,0.0,0.0,920.293,765.9707,785.31134,0.0,874.35895,-0.4442138671875,0.1483154296875,0.8726806640625,1.65985107421875,-3.835601806640625,0.91217041015625,0.0,4.0,4.0,4.0,4.0,100.0,event
10:33:52.015,0.0,0.0,0.0,0.0,0.0,0.0,0.0,0.0,0.0,0.0,0.0,0.0,0.0,0.0,0.0,0.0,0.0,0.0,0.0,0.0,872.74725,764.7619,784.5055,41.50183,732.9304,-0.4442138671875,0.1483154296875,0.8726806640625,1.65985107421875,-3.835601806640625,0.91217041015625,0.0,4.0,4.0,4.0,4.0,100.0,event
10:33:52.016,0.0,0.0,0.0,0.0,0.0,0.0,0.0,0.0,0.0,0.0,0.0,0.0,0.0,0.0,0.0,0.0,0.0,0.0,0.0,0.0,824.7985,761.9414,790.54944,0.0,771.2088,-0.4442138671875,0.1483154296875,0.8726806640625,1.65985107421875,-3.835601806640625,0.91217041015625,0.0,4.0,4.0,4.0,4.0,100.0,event
10:33:52.016,0.0,0.0,0.0,0.0,0.0,0.0,0.0,0.0,0.0,0.0,0.0,0.0,0.0,0.0,0.0,0.0,0.0,0.0,0.0,0.0,843.3333,757.9121,792.5641,157.54579,759.92676,-0.4442138671875,0.1483154296875,0.8726806640625,1.65985107421875,-3.835601806640625,0.91217041015625,0.0,4.0,4.0,4.0,4.0,100.0,event
10:33:52.016,0.0,0.0,0.0,0.0,0.0,0.0,0.0,0.0,0.0,0.0,0.0,0.0,0.0,0.0,0.0,0.0,0.0,0.0,0.0,0.0,880.40295,756.30035,784.10254,1235.3846,774.83514,-0.4442138671875,0.1483154296875,0.8726806640625,1.65985107421875,-3.835601806640625,0.91217041015625,0.0,4.0,4.0,4.0,4.0,100.0,event
10:33:52.046,0.0,0.0,0.0,0.0,0.0,0.0,0.0,0.0,0.0,0.0,0.0,0.0,0.0,0.0,0.0,0.0,0.0,0.0,0.0,0.0,893.69965,761.53845,781.685,68.9011,849.3773,-0.4541015625,0.1522216796875,0.8721923828125,1.65985107421875,-5.450592041015625,1.1065673828125,0.0,4.0,4.0,4.0,4.0,100.0,event
10:33:52.047,0.0,0.0,0.0,0.0,0.0,0.0,0.0,0.0,0.0,0.0,0.0,0.0,0.0,0.0,0.0,0.0,0.0,0.0,0.0,0.0,792.5641,764.7619,794.17584,444.0293,846.1539,-0.4541015625,0.1522216796875,0.8721923828125,1.65985107421875,-5.450592041015625,1.1065673828125,0.0,4.0,4.0,4.0,4.0,100.0,event
10:33:52.047,0.0,0.0,0.0,0.0,0.0,0.0,0.0,0.0,0.0,0.0,0.0,0.0,0.0,0.0,0.0,0.0,0.0,0.0,0.0,0.0,843.73627,764.7619,786.1172,1585.9341,891.28204,-0.4541015625,0.1522216796875,0.8721923828125,1.65985107421875,-5.450592041015625,1.1065673828125,0.0,4.0,4.0,4.0,4.0,100.0,event
10:33:52.048,0.0,0.0,0.0,0.0,0.0,0.0,0.0,0.0,0.0,0.0,0.0,0.0,0.0,0.0,0.0,0.0,0.0,0.0,0.0,0.0,800.2198,765.9707,801.02563,169.6337,722.4542,-0.4541015625,0.1522216796875,0.8721923828125,1.65985107421875,-5.450592041015625,1.1065673828125,0.0,4.0,4.0,4.0,4.0,100.0,event
10:33:52.048,0.0,0.0,0.0,0.0,0.0,0.0,0.0,0.0,0.0,0.0,0.0,0.0,0.0,0.0,0.0,0.0,0.0,0.0,0.0,0.0,824.7985,763.95605,797.3993,1335.7142,755.4945,-0.4541015625,0.1522216796875,0.8721923828125,1.65985107421875,-5.450592041015625,1.1065673828125,0.0,4.0,4.0,4.0,4.0,100.0,event
10:33:52.049,0.0,0.0,0.0,0.0,0.0,0.0,0.0,0.0,0.0,0.0,0.0,0.0,0.0,0.0,0.0,0.0,0.0,0.0,0.0,0.0,843.3333,763.1502,792.5641,79.78022,942.8571,-0.4541015625,0.1522216796875,0.8721923828125,1.65985107421875,-5.450592041015625,1.1065673828125,0.0,4.0,4.0,4.0,4.0,100.0,event
10:33:52.050,0.0,0.0,0.0,0.0,0.0,0.0,0.0,0.0,0.0,0.0,0.0,0.0,0.0,0.0,0.0,0.0,0.0,0.0,0.0,0.0,823.1868,761.13556,787.72894,1479.1575,996.4469,-0.4541015625,0.1522216796875,0.8721923828125,1.65985107421875,-5.450592041015625,1.1065673828125,0.0,4.0,4.0,4.0,4.0,100.0,event
10:33:52.050,0.0,0.0,0.0,0.0,0.0,0.0,0.0,0.0,0.0,0.0,0.0,0.0,0.0,0.0,0.0,0.0,0.0,0.0,0.0,0.0,773.6264,760.7326,782.8938,324.35898,761.9414,-0.4541015625,0.1522216796875,0.8721923828125,1.65985107421875,-5.450592041015625,1.1065673828125,0.0,4.0,4.0,4.0,4.0,100.0,event
10:33:52.051,0.0,0.0,0.0,0.0,0.0,0.0,0.0,0.0,0.0,0.0,0.0,0.0,0.0,0.0,0.0,0.0,0.0,0.0,0.0,0.0,770.80585,759.12085,786.1172,0.0,620.9158,-0.4541015625,0.1522216796875,0.8721923828125,1.65985107421875,-5.450592041015625,1.1065673828125,0.0,4.0,4.0,4.0,4.0,100.0,event
10:33:52.051,0.0,0.0,0.0,0.0,0.0,0.0,0.0,0.0,0.0,0.0,0.0,0.0,0.0,0.0,0.0,0.0,0.0,0.0,0.0,0.0,796.1905,757.50916,786.9231,132.16118,835.6777,-0.4541015625,0.1522216796875,0.8721923828125,1.65985107421875,-5.450592041015625,1.1065673828125,0.0,4.0,4.0,4.0,4.0,100.0,event
10:33:52.052,0.0,0.0,0.0,0.0,0.0,0.0,0.0,0.0,0.0,0.0,0.0,0.0,0.0,0.0,0.0,0.0,0.0,0.0,0.0,0.0,819.15753,756.30035,787.72894,192.60074,872.74725,-0.4541015625,0.1522216796875,0.8721923828125,1.65985107421875,-5.450592041015625,1.1065673828125,0.0,4.0,4.0,4.0,4.0,100.0,event
10:33:52.052,0.0,0.0,0.0,0.0,0.0,0.0,0.0,0.0,0.0,0.0,0.0,0.0,0.0,0.0,0.0,0.0,0.0,0.0,0.0,0.0,798.60803,759.12085,791.75824,209.5238,680.54944,-0.4541015625,0.1522216796875,0.8721923828125,1.65985107421875,-5.450592041015625,1.1065673828125,0.0,4.0,4.0,4.0,4.0,100.0,event
10:33:52.095,0.0,0.0,0.0,0.0,0.0,0.0,0.0,0.0,0.0,0.0,0.0,0.0,0.0,0.0,0.0,0.0,0.0,0.0,0.0,0.0,736.9597,764.7619,794.9817,112.82051,693.44324,-0.4541015625,0.1522216796875,0.8721923828125,1.65985107421875,-5.450592041015625,1.1065673828125,0.0,4.0,4.0,4.0,4.0,100.0,event
10:33:52.096,0.0,0.0,0.0,0.0,0.0,0.0,0.0,0.0,0.0,0.0,0.0,0.0,0.0,0.0,0.0,0.0,0.0,0.0,0.0,0.0,726.08057,765.56775,793.7729,13.699634,695.8608,-0.4541015625,0.1522216796875,0.8721923828125,1.65985107421875,-5.450592041015625,1.1065673828125,0.0,4.0,4.0,4.0,4.0,100.0,event
10:33:52.100,0.0,0.0,0.0,0.0,0.0,0.0,0.0,0.0,0.0,0.0,0.0,0.0,0.0,0.0,0.0,0.0,0.0,0.0,0.0,0.0,759.12085,763.5531,789.7436,0.0,683.36993,-0.4541015625,0.1522216796875,0.8721923828125,1.65985107421875,-5.450592041015625,1.1065673828125,0.0,4.0,4.0,4.0,4.0,100.0,event
10:33:52.101,0.0,0.0,0.0,0.0,0.0,0.0,0.0,0.0,0.0,0.0,0.0,0.0,0.0,0.0,0.0,0.0,0.0,0.0,0.0,0.0,785.31134,761.53845,790.54944,26.593407,703.1135,-0.4541015625,0.1522216796875,0.8721923828125,1.65985107421875,-5.450592041015625,1.1065673828125,0.0,4.0,4.0,4.0,4.0,100.0,event
10:33:52.102,0.0,0.0,0.0,0.0,0.0,0.0,0.0,0.0,0.0,0.0,0.0,0.0,0.0,0.0,0.0,0.0,0.0,0.0,0.0,0.0,765.16486,756.30035,794.9817,0.0,753.47986,-0.4541015625,0.1522216796875,0.8721923828125,1.65985107421875,-5.450592041015625,1.1065673828125,0.0,4.0,4.0,4.0,4.0,100.0,event
10:33:52.102,0.0,0.0,0.0,0.0,0.0,0.0,0.0,0.0,0.0,0.0,0.0,0.0,0.0,0.0,0.0,0.0,0.0,0.0,0.0,0.0,716.8132,749.45056,791.3553,294.94507,919.4872,-0.4541015625,0.1522216796875,0.8721923828125,1.65985107421875,-5.450592041015625,1.1065673828125,0.0,4.0,4.0,4.0,4.0,100.0,event
10:33:52.103,0.0,0.0,0.0,0.0,0.0,0.0,0.0,0.0,0.0,0.0,0.0,0.0,0.0,0.0,0.0,0.0,0.0,0.0,0.0,0.0,707.1429,753.0769,786.1172,1187.4359,870.7326,-0.4541015625,0.1522216796875,0.8721923828125,1.65985107421875,-5.450592041015625,1.1065673828125,0.0,4.0,4.0,4.0,4.0,100.0,event
10:33:52.104,0.0,0.0,0.0,0.0,0.0,0.0,0.0,0.0,0.0,0.0,0.0,0.0,0.0,0.0,0.0,0.0,0.0,0.0,0.0,0.0,744.21246,761.13556,791.75824,1618.9744,747.03296,-0.4541015625,0.1522216796875,0.8721923828125,1.65985107421875,-5.450592041015625,1.1065673828125,0.0,4.0,4.0,4.0,4.0,100.0,event
10:33:52.105,0.0,0.0,0.0,0.0,0.0,0.0,0.0,0.0,0.0,0.0,0.0,0.0,0.0,0.0,0.0,0.0,0.0,0.0,0.0,0.0,780.87915,764.7619,793.36993,1629.4506,811.9048,-0.4541015625,0.1522216796875,0.8721923828125,1.65985107421875,-5.450592041015625,1.1065673828125,0.0,4.0,4.0,4.0,4.0,100.0,event
10:33:52.105,0.0,0.0,0.0,0.0,0.0,0.0,0.0,0.0,0.0,0.0,0.0,0.0,0.0,0.0,0.0,0.0,0.0,0.0,0.0,0.0,757.1062,764.7619,788.5348,1601.6483,986.77655,-0.4541015625,0.1522216796875,0.8721923828125,1.65985107421875,-5.450592041015625,1.1065673828125,0.0,4.0,4.0,4.0,4.0,100.0,event
10:33:52.106,0.0,0.0,0.0,0.0,0.0,0.0,0.0,0.0,0.0,0.0,0.0,0.0,0.0,0.0,0.0,0.0,0.0,0.0,0.0,0.0,707.9487,765.16486,786.1172,1294.2124,786.52014,-0.4541015625,0.1522216796875,0.8721923828125,1.65985107421875,-5.450592041015625,1.1065673828125,0.0,4.0,4.0,4.0,4.0,100.0,event
10:33:52.107,0.0,0.0,0.0,0.0,0.0,0.0,0.0,0.0,0.0,0.0,0.0,0.0,0.0,0.0,0.0,0.0,0.0,0.0,0.0,0.0,697.47253,764.35895,784.5055,1479.5604,645.4945,-0.4541015625,0.1522216796875,0.8721923828125,1.65985107421875,-5.450592041015625,1.1065673828125,0.0,4.0,4.0,4.0,4.0,100.0,event
10:33:52.150,0.0,0.0,0.0,0.0,0.0,0.0,0.0,0.0,0.0,0.0,0.0,0.0,0.0,0.0,0.0,0.0,0.0,0.0,0.0,0.0,731.31866,759.92676,782.8938,26.593407,794.57874,-0.4498291015625,0.15203857421875,0.87646484375,2.340240478515625,-6.0711669921875,-0.85235595703125,0.0,4.0,4.0,4.0,4.0,100.0,event
10:33:52.151,0.0,0.0,0.0,0.0,0.0,0.0,0.0,0.0,0.0,0.0,0.0,0.0,0.0,0.0,0.0,0.0,0.0,0.0,0.0,0.0,772.4176,755.89746,779.67035,1607.2894,864.2857,-0.4498291015625,0.15203857421875,0.87646484375,2.340240478515625,-6.0711669921875,-0.85235595703125,0.0,4.0,4.0,4.0,4.0,100.0,event
10:33:52.152,0.0,0.0,0.0,0.0,0.0,0.0,0.0,0.0,0.0,0.0,0.0,0.0,0.0,0.0,0.0,0.0,0.0,0.0,0.0,0.0,778.86444,755.89746,781.28204,1631.8682,820.3663,-0.4498291015625,0.15203857421875,0.87646484375,2.340240478515625,-6.0711669921875,-0.85235595703125,0.0,4.0,4.0,4.0,4.0,100.0,event
10:33:52.154,0.0,0.0,0.0,0.0,0.0,0.0,0.0,0.0,0.0,0.0,0.0,0.0,0.0,0.0,0.0,0.0,0.0,0.0,0.0,0.0,732.9304,762.3443,790.54944,1628.2417,780.4762,-0.4498291015625,0.15203857421875,0.87646484375,2.340240478515625,-6.0711669921875,-0.85235595703125,0.0,4.0,4.0,4.0,4.0,100.0,event
10:33:52.156,0.0,0.0,0.0,0.0,0.0,0.0,0.0,0.0,0.0,0.0,0.0,0.0,0.0,0.0,0.0,0.0,0.0,0.0,0.0,0.0,695.4579,766.77655,790.9524,1628.2417,807.0696,-0.4498291015625,0.15203857421875,0.87646484375,2.340240478515625,-6.0711669921875,-0.85235595703125,0.0,4.0,4.0,4.0,4.0,100.0,event
10:33:52.157,0.0,0.0,0.0,0.0,0.0,0.0,0.0,0.0,0.0,0.0,0.0,0.0,0.0,0.0,0.0,0.0,0.0,0.0,0.0,0.0,722.8571,767.5824,788.93774,1628.2417,900.54944,-0.4498291015625,0.15203857421875,0.87646484375,2.340240478515625,-6.0711669921875,-0.85235595703125,0.0,4.0,4.0,4.0,4.0,100.0,event
10:33:52.159,0.0,0.0,0.0,0.0,0.0,0.0,0.0,0.0,0.0,0.0,0.0,0.0,0.0,0.0,0.0,0.0,0.0,0.0,0.0,0.0,780.87915,764.7619,782.0879,1628.2417,1002.0879,-0.4498291015625,0.15203857421875,0.87646484375,2.340240478515625,-6.0711669921875,-0.85235595703125,0.0,4.0,4.0,4.0,4.0,100.0,event
10:33:52.160,0.0,0.0,0.0,0.0,0.0,0.0,0.0,0.0,0.0,0.0,0.0,0.0,0.0,0.0,0.0,0.0,0.0,0.0,0.0,0.0,792.5641,762.3443,778.46155,1628.6447,936.0073,-0.4498291015625,0.15203857421875,0.87646484375,2.340240478515625,-6.0711669921875,-0.85235595703125,0.0,4.0,4.0,4.0,4.0,100.0,event
10:33:52.162,0.0,0.0,0.0,0.0,0.0,0.0,0.0,0.0,0.0,0.0,0.0,0.0,0.0,0.0,0.0,0.0,0.0,0.0,0.0,0.0,742.1978,764.7619,792.96704,1637.1062,1009.7436,-0.4498291015625,0.15203857421875,0.87646484375,2.340240478515625,-6.0711669921875,-0.85235595703125,0.0,4.0,4.0,4.0,4.0,100.0,event
10:33:52.163,0.0,0.0,0.0,0.0,0.0,0.0,0.0,0.0,0.0,0.0,0.0,0.0,0.0,0.0,0.0,0.0,0.0,0.0,0.0,0.0,706.337,763.1502,792.1612,1583.1135,1104.8352,-0.4498291015625,0.15203857421875,0.87646484375,2.340240478515625,-6.0711669921875,-0.85235595703125,0.0,4.0,4.0,4.0,4.0,100.0,event
10:33:52.164,0.0,0.0,0.0,0.0,0.0,0.0,0.0,0.0,0.0,0.0,0.0,0.0,0.0,0.0,0.0,0.0,0.0,0.0,0.0,0.0,738.1685,760.32965,784.90845,33.040295,828.022,-0.4498291015625,0.15203857421875,0.87646484375,2.340240478515625,-6.0711669921875,-0.85235595703125,0.0,4.0,4.0,4.0,4.0,100.0,event
10:33:52.165,0.0,0.0,0.0,0.0,0.0,0.0,0.0,0.0,0.0,0.0,0.0,0.0,0.0,0.0,0.0,0.0,0.0,0.0,0.0,0.0,801.8315,761.13556,785.7143,1396.9597,756.7033,-0.4498291015625,0.15203857421875,0.87646484375,2.340240478515625,-6.0711669921875,-0.85235595703125,0.0,4.0,4.0,4.0,4.0,100.0,event
10:33:52.194,0.0,0.0,0.0,0.0,0.0,0.0,0.0,0.0,0.0,0.0,0.0,0.0,0.0,0.0,0.0,0.0,0.0,0.0,0.0,0.0,813.91943,764.35895,791.75824,259.48718,811.50183,-0.43658447265625,0.15521240234375,0.87286376953125,2.938385009765625,-4.373931884765625,-3.596343994140625,0.0,4.0,4.0,4.0,4.0,100.0,event
10:33:52.195,0.0,0.0,0.0,0.0,0.0,0.0,0.0,0.0,0.0,0.0,0.0,0.0,0.0,0.0,0.0,0.0,0.0,0.0,0.0,0.0,767.5824,761.13556,789.7436,0.0,725.6777,-0.43658447265625,0.15521240234375,0.87286376953125,2.938385009765625,-4.373931884765625,-3.596343994140625,0.0,4.0,4.0,4.0,4.0,100.0,event
10:33:52.196,0.0,0.0,0.0,0.0,0.0,0.0,0.0,0.0,0.0,0.0,0.0,0.0,0.0,0.0,0.0,0.0,0.0,0.0,0.0,0.0,742.6007,763.5531,784.90845,49.56044,599.5604,-0.43658447265625,0.15521240234375,0.87286376953125,2.938385009765625,-4.373931884765625,-3.596343994140625,0.0,4.0,4.0,4.0,4.0,100.0,event
10:33:52.196,0.0,0.0,0.0,0.0,0.0,0.0,0.0,0.0,0.0,0.0,0.0,0.0,0.0,0.0,0.0,0.0,0.0,0.0,0.0,0.0,749.85345,770.40295,789.7436,0.0,609.6337,-0.43658447265625,0.15521240234375,0.87286376953125,2.938385009765625,-4.373931884765625,-3.596343994140625,0.0,4.0,4.0,4.0,4.0,100.0,event
10:33:52.199,0.0,0.0,0.0,0.0,0.0,0.0,0.0,0.0,0.0,0.0,0.0,0.0,0.0,0.0,0.0,0.0,0.0,0.0,0.0,0.0,815.5311,767.5824,784.5055,0.0,801.8315,-0.43658447265625,0.15521240234375,0.87286376953125,2.938385009765625,-4.373931884765625,-3.596343994140625,0.0,4.0,4.0,4.0,4.0,100.0,event
10:33:52.199,0.0,0.0,0.0,0.0,0.0,0.0,0.0,0.0,0.0,0.0,0.0,0.0,0.0,0.0,0.0,0.0,0.0,0.0,0.0,0.0,784.10254,770.40295,786.9231,0.0,723.2601,-0.43658447265625,0.15521240234375,0.87286376953125,2.938385009765625,-4.373931884765625,-3.596343994140625,0.0,4.0,4.0,4.0,4.0,100.0,event
10:33:52.200,0.0,0.0,0.0,0.0,0.0,0.0,0.0,0.0,0.0,0.0,0.0,0.0,0.0,0.0,0.0,0.0,0.0,0.0,0.0,0.0,782.0879,764.7619,788.5348,0.0,753.8828,-0.43658447265625,0.15521240234375,0.87286376953125,2.938385009765625,-4.373931884765625,-3.596343994140625,0.0,4.0,4.0,4.0,4.0,100.0,event
10:33:52.200,0.0,0.0,0.0,0.0,0.0,0.0,0.0,0.0,0.0,0.0,0.0,0.0,0.0,0.0,0.0,0.0,0.0,0.0,0.0,0.0,749.85345,767.5824,792.96704,25.787546,692.6374,-0.43658447265625,0.15521240234375,0.87286376953125,2.938385009765625,-4.373931884765625,-3.596343994140625,0.0,4.0,4.0,4.0,4.0,100.0,event
10:33:52.201,0.0,0.0,0.0,0.0,0.0,0.0,0.0,0.0,0.0,0.0,0.0,0.0,0.0,0.0,0.0,0.0,0.0,0.0,0.0,0.0,770.40295,772.01465,792.96704,0.0,975.89746,-0.43658447265625,0.15521240234375,0.87286376953125,2.938385009765625,-4.373931884765625,-3.596343994140625,0.0,4.0,4.0,4.0,4.0,100.0,event
10:33:52.201,0.0,0.0,0.0,0.0,0.0,0.0,0.0,0.0,0.0,0.0,0.0,0.0,0.0,0.0,0.0,0.0,0.0,0.0,0.0,0.0,815.5311,774.0293,788.93774,249.41393,990.0,-0.43658447265625,0.15521240234375,0.87286376953125,2.938385009765625,-4.373931884765625,-3.596343994140625,0.0,4.0,4.0,4.0,4.0,100.0,event
10:33:52.202,0.0,0.0,0.0,0.0,0.0,0.0,0.0,0.0,0.0,0.0,0.0,0.0,0.0,0.0,0.0,0.0,0.0,0.0,0.0,0.0,851.39197,772.8205,788.1319,1093.1501,763.5531,-0.43658447265625,0.15521240234375,0.87286376953125,2.938385009765625,-4.373931884765625,-3.596343994140625,0.0,4.0,4.0,4.0,4.0,100.0,event
10:33:52.202,0.0,0.0,0.0,0.0,0.0,0.0,0.0,0.0,0.0,0.0,0.0,0.0,0.0,0.0,0.0,0.0,0.0,0.0,0.0,0.0,818.3516,771.2088,793.7729,1185.8242,806.6667,-0.43658447265625,0.15521240234375,0.87286376953125,2.938385009765625,-4.373931884765625,-3.596343994140625,0.0,4.0,4.0,4.0,4.0,100.0,event
10:33:52.249,0.0,0.0,0.0,0.0,0.0,0.0,0.0,0.0,0.0,0.0,0.0,0.0,0.0,0.0,0.0,0.0,0.0,0.0,0.0,0.0,773.6264,772.4176,794.9817,808.68134,766.77655,-0.43560791015625,0.150146484375,0.8734130859375,1.981353759765625,-1.9439697265625,-2.25799560546875,0.0,4.0,4.0,4.0,4.0,100.0,event
10:33:52.250,0.0,0.0,0.0,0.0,0.0,0.0,0.0,0.0,0.0,0.0,0.0,0.0,0.0,0.0,0.0,0.0,0.0,0.0,0.0,0.0,780.4762,771.2088,791.3553,948.0952,683.36993,-0.43560791015625,0.150146484375,0.8734130859375,1.981353759765625,-1.9439697265625,-2.25799560546875,0.0,4.0,4.0,4.0,4.0,100.0,event
10:33:52.251,0.0,0.0,0.0,0.0,0.0,0.0,0.0,0.0,0.0,0.0,0.0,0.0,0.0,0.0,0.0,0.0,0.0,0.0,0.0,0.0,819.15753,767.98535,796.1905,1457.3993,754.2857,-0.43560791015625,0.150146484375,0.8734130859375,1.981353759765625,-1.9439697265625,-2.25799560546875,0.0,4.0,4.0,4.0,4.0,100.0,event
10:33:52.252,0.0,0.0,0.0,0.0,0.0,0.0,0.0,0.0,0.0,0.0,0.0,0.0,0.0,0.0,0.0,0.0,0.0,0.0,0.0,0.0,851.79486,767.5824,794.17584,1600.4396,837.28937,-0.43560791015625,0.150146484375,0.8734130859375,1.981353759765625,-1.9439697265625,-2.25799560546875,0.0,4.0,4.0,4.0,4.0,100.0,event
10:33:52.252,0.0,0.0,0.0,0.0,0.0,0.0,0.0,0.0,0.0,0.0,0.0,0.0,0.0,0.0,0.0,0.0,0.0,0.0,0.0,0.0,835.2747,767.98535,792.96704,25.384615,816.337,-0.43560791015625,0.150146484375,0.8734130859375,1.981353759765625,-1.9439697265625,-2.25799560546875,0.0,4.0,4.0,4.0,4.0,100.0,event
10:33:52.253,0.0,0.0,0.0,0.0,0.0,0.0,0.0,0.0,0.0,0.0,0.0,0.0,0.0,0.0,0.0,0.0,0.0,0.0,0.0,0.0,792.96704,768.3883,799.81683,1437.2528,815.9341,-0.43560791015625,0.150146484375,0.8734130859375,1.981353759765625,-1.9439697265625,-2.25799560546875,0.0,4.0,4.0,4.0,4.0,100.0,event
10:33:52.254,0.0,0.0,0.0,0.0,0.0,0.0,0.0,0.0,0.0,0.0,0.0,0.0,0.0,0.0,0.0,0.0,0.0,0.0,0.0,0.0,795.78754,770.40295,796.1905,220.80586,766.77655,-0.43560791015625,0.150146484375,0.8734130859375,1.981353759765625,-1.9439697265625,-2.25799560546875,0.0,4.0,4.0,4.0,4.0,100.0,event
10:33:52.254,0.0,0.0,0.0,0.0,0.0,0.0,0.0,0.0,0.0,0.0,0.0,0.0,0.0,0.0,0.0,0.0,0.0,0.0,0.0,0.0,821.978,765.16486,787.72894,626.1539,892.49084,-0.43560791015625,0.150146484375,0.8734130859375,1.981353759765625,-1.9439697265625,-2.25799560546875,0.0,4.0,4.0,4.0,4.0,100.0,event
10:33:52.255,0.0,0.0,0.0,0.0,0.0,0.0,0.0,0.0,0.0,0.0,0.0,0.0,0.0,0.0,0.0,0.0,0.0,0.0,0.0,0.0,855.82416,767.5824,786.9231,4.029304,1058.9011,-0.43560791015625,0.150146484375,0.8734130859375,1.981353759765625,-1.9439697265625,-2.25799560546875,0.0,4.0,4.0,4.0,4.0,100.0,event
10:33:52.256,0.0,0.0,0.0,0.0,0.0,0.0,0.0,0.0,0.0,0.0,0.0,0.0,0.0,0.0,0.0,0.0,0.0,0.0,0.0,0.0,849.3773,772.01465,794.17584,1617.7656,874.7619,-0.43560791015625,0.150146484375,0.8734130859375,1.981353759765625,-1.9439697265625,-2.25799560546875,0.0,4.0,4.0,4.0,4.0,100.0,event
10:33:52.257,0.0,0.0,0.0,0.0,0.0,0.0,0.0,0.0,0.0,0.0,0.0,0.0,0.0,0.0,0.0,0.0,0.0,0.0,0.0,0.0,797.3993,774.0293,796.99634,1606.4835,786.1172,-0.43560791015625,0.150146484375,0.8734130859375,1.981353759765625,-1.9439697265625,-2.25799560546875,0.0,4.0,4.0,4.0,4.0,100.0,event
10:33:52.257,0.0,0.0,0.0,0.0,0.0,0.0,0.0,0.0,0.0,0.0,0.0,0.0,0.0,0.0,0.0,0.0,0.0,0.0,0.0,0.0,784.10254,775.2381,790.9524,1634.6886,823.1868,-0.43560791015625,0.150146484375,0.8734130859375,1.981353759765625,-1.9439697265625,-2.25799560546875,0.0,4.0,4.0,4.0,4.0,100.0,event
10:33:52.309,0.0,0.0,0.0,0.0,0.0,0.0,0.0,0.0,0.0,0.0,0.0,0.0,0.0,0.0,0.0,0.0,0.0,0.0,0.0,0.0,823.1868,772.8205,780.4762,1628.2417,865.4945,-0.44696044921875,0.14593505859375,0.88311767578125,2.1234130859375,-2.572021484375,-0.43365478515625,0.0,4.0,4.0,4.0,4.0,100.0,event
10:33:52.311,0.0,0.0,0.0,0.0,0.0,0.0,0.0,0.0,0.0,0.0,0.0,0.0,0.0,0.0,0.0,0.0,0.0,0.0,0.0,0.0,877.98535,769.59705,782.49084,1628.2417,841.7216,-0.44696044921875,0.14593505859375,0.88311767578125,2.1234130859375,-2.572021484375,-0.43365478515625,0.0,4.0,4.0,4.0,4.0,100.0,event
10:33:52.312,0.0,0.0,0.0,0.0,0.0,0.0,0.0,0.0,0.0,0.0,0.0,0.0,0.0,0.0,0.0,0.0,0.0,0.0,0.0,0.0,864.2857,769.59705,790.9524,1628.2417,820.3663,-0.44696044921875,0.14593505859375,0.88311767578125,2.1234130859375,-2.572021484375,-0.43365478515625,0.0,4.0,4.0,4.0,4.0,100.0,event
10:33:52.313,0.0,0.0,0.0,0.0,0.0,0.0,0.0,0.0,0.0,0.0,0.0,0.0,0.0,0.0,0.0,0.0,0.0,0.0,0.0,0.0,803.44324,773.22345,794.9817,1628.2417,875.56775,-0.44696044921875,0.14593505859375,0.88311767578125,2.1234130859375,-2.572021484375,-0.43365478515625,0.0,4.0,4.0,4.0,4.0,100.0,event
10:33:52.315,0.0,0.0,0.0,0.0,0.0,0.0,0.0,0.0,0.0,0.0,0.0,0.0,0.0,0.0,0.0,0.0,0.0,0.0,0.0,0.0,794.57874,772.01465,797.8022,1628.2417,815.12823,-0.44696044921875,0.14593505859375,0.88311767578125,2.1234130859375,-2.572021484375,-0.43365478515625,0.0,4.0,4.0,4.0,4.0,100.0,event
10:33:52.316,0.0,0.0,0.0,0.0,0.0,0.0,0.0,0.0,0.0,0.0,0.0,0.0,0.0,0.0,0.0,0.0,0.0,0.0,0.0,0.0,826.8132,774.0293,794.57874,1628.2417,899.34064,-0.44696044921875,0.14593505859375,0.88311767578125,2.1234130859375,-2.572021484375,-0.43365478515625,0.0,4.0,4.0,4.0,4.0,100.0,event
10:33:52.321,0.0,0.0,0.0,0.0,0.0,0.0,0.0,0.0,0.0,0.0,0.0,0.0,0.0,0.0,0.0,0.0,0.0,0.0,0.0,0.0,853.8095,773.22345,796.1905,1629.4506,1034.3224,-0.44696044921875,0.14593505859375,0.88311767578125,2.1234130859375,-2.572021484375,-0.43365478515625,0.0,4.0,4.0,4.0,4.0,100.0,event
10:33:52.323,0.0,0.0,0.0,0.0,0.0,0.0,0.0,0.0,0.0,0.0,0.0,0.0,0.0,0.0,0.0,0.0,0.0,0.0,0.0,0.0,843.73627,769.59705,795.78754,1633.0769,1124.5787,-0.44696044921875,0.14593505859375,0.88311767578125,2.1234130859375,-2.572021484375,-0.43365478515625,0.0,4.0,4.0,4.0,4.0,100.0,event
10:33:52.324,0.0,0.0,0.0,0.0,0.0,0.0,0.0,0.0,0.0,0.0,0.0,0.0,0.0,0.0,0.0,0.0,0.0,0.0,0.0,0.0,803.44324,771.6117,793.36993,1595.6044,860.65936,-0.44696044921875,0.14593505859375,0.88311767578125,2.1234130859375,-2.572021484375,-0.43365478515625,0.0,4.0,4.0,4.0,4.0,100.0,event
10:33:52.326,0.0,0.0,0.0,0.0,0.0,0.0,0.0,0.0,0.0,0.0,0.0,0.0,0.0,0.0,0.0,0.0,0.0,0.0,0.0,0.0,786.1172,769.59705,789.34064,14.102564,695.8608,-0.44696044921875,0.14593505859375,0.88311767578125,2.1234130859375,-2.572021484375,-0.43365478515625,0.0,4.0,4.0,4.0,4.0,100.0,event
10:33:52.327,0.0,0.0,0.0,0.0,0.0,0.0,0.0,0.0,0.0,0.0,0.0,0.0,0.0,0.0,0.0,0.0,0.0,0.0,0.0,0.0,815.5311,769.19415,784.90845,1387.2894,816.7399,-0.44696044921875,0.14593505859375,0.88311767578125,2.1234130859375,-2.572021484375,-0.43365478515625,0.0,4.0,4.0,4.0,4.0,100.0,event
10:33:52.328,0.0,0.0,0.0,0.0,0.0,0.0,0.0,0.0,0.0,0.0,0.0,0.0,0.0,0.0,0.0,0.0,0.0,0.0,0.0,0.0,862.674,773.22345,785.31134,438.7912,826.8132,-0.44696044921875,0.14593505859375,0.88311767578125,2.1234130859375,-2.572021484375,-0.43365478515625,0.0,4.0,4.0,4.0,4.0,100.0,event
10:33:52.350,0.0,0.0,0.0,0.0,0.0,0.0,0.0,0.0,0.0,0.0,0.0,0.0,0.0,0.0,0.0,0.0,0.0,0.0,0.0,0.0,870.7326,777.6557,791.75824,4.835165,747.03296,-0.44696044921875,0.14593505859375,0.88311767578125,2.1234130859375,-2.572021484375,-0.43365478515625,0.0,4.0,4.0,4.0,4.0,100.0,event
10:33:52.352,0.0,0.0,0.0,0.0,0.0,0.0,0.0,0.0,0.0,0.0,0.0,0.0,0.0,0.0,0.0,0.0,0.0,0.0,0.0,0.0,815.5311,776.4469,792.5641,47.545788,656.3736,-0.44696044921875,0.14593505859375,0.88311767578125,2.1234130859375,-2.572021484375,-0.43365478515625,0.0,4.0,4.0,4.0,4.0,100.0,event
10:33:52.352,0.0,0.0,0.0,0.0,0.0,0.0,0.0,0.0,0.0,0.0,0.0,0.0,0.0,0.0,0.0,0.0,0.0,0.0,0.0,0.0,770.80585,773.22345,790.14655,0.0,670.4762,-0.44696044921875,0.14593505859375,0.88311767578125,2.1234130859375,-2.572021484375,-0.43365478515625,0.0,4.0,4.0,4.0,4.0,100.0,event
10:33:52.353,0.0,0.0,0.0,0.0,0.0,0.0,0.0,0.0,0.0,0.0,0.0,0.0,0.0,0.0,0.0,0.0,0.0,0.0,0.0,0.0,801.02563,773.22345,791.75824,51.17216,742.1978,-0.44696044921875,0.14593505859375,0.88311767578125,2.1234130859375,-2.572021484375,-0.43365478515625,0.0,4.0,4.0,4.0,4.0,100.0,event
10:33:52.354,0.0,0.0,0.0,0.0,0.0,0.0,0.0,0.0,0.0,0.0,0.0,0.0,0.0,0.0,0.0,0.0,0.0,0.0,0.0,0.0,855.42126,776.4469,794.9817,674.5055,749.45056,-0.44696044921875,0.14593505859375,0.88311767578125,2.1234130859375,-2.572021484375,-0.43365478515625,0.0,4.0,4.0,4.0,4.0,100.0,event
10:33:52.354,0.0,0.0,0.0,0.0,0.0,0.0,0.0,0.0,0.0,0.0,0.0,0.0,0.0,0.0,0.0,0.0,0.0,0.0,0.0,0.0,872.74725,772.01465,790.14655,1033.1135,875.56775,-0.44696044921875,0.14593505859375,0.88311767578125,2.1234130859375,-2.572021484375,-0.43365478515625,0.0,4.0,4.0,4.0,4.0,100.0,event
10:33:52.355,0.0,0.0,0.0,0.0,0.0,0.0,0.0,0.0,0.0,0.0,0.0,0.0,0.0,0.0,0.0,0.0,0.0,0.0,0.0,0.0,823.5897,767.5824,790.14655,1120.1465,1105.641,-0.44696044921875,0.14593505859375,0.88311767578125,2.1234130859375,-2.572021484375,-0.43365478515625,0.0,4.0,4.0,4.0,4.0,100.0,event
10:33:52.356,0.0,0.0,0.0,0.0,0.0,0.0,0.0,0.0,0.0,0.0,0.0,0.0,0.0,0.0,0.0,0.0,0.0,0.0,0.0,0.0,772.8205,773.6264,794.17584,803.0403,1079.0476,-0.44696044921875,0.14593505859375,0.88311767578125,2.1234130859375,-2.572021484375,-0.43365478515625,0.0,4.0,4.0,4.0,4.0,100.0,event
10:33:52.357,0.0,0.0,0.0,0.0,0.0,0.0,0.0,0.0,0.0,0.0,0.0,0.0,0.0,0.0,0.0,0.0,0.0,0.0,0.0,0.0,796.99634,772.8205,791.3553,578.60803,753.0769,-0.44696044921875,0.14593505859375,0.88311767578125,2.1234130859375,-2.572021484375,-0.43365478515625,0.0,4.0,4.0,4.0,4.0,100.0,event
10:33:52.358,0.0,0.0,0.0,0.0,0.0,0.0,0.0,0.0,0.0,0.0,0.0,0.0,0.0,0.0,0.0,0.0,0.0,0.0,0.0,0.0,848.1685,769.19415,784.5055,1286.9597,730.9158,-0.44696044921875,0.14593505859375,0.88311767578125,2.1234130859375,-2.572021484375,-0.43365478515625,0.0,4.0,4.0,4.0,4.0,100.0,event
10:33:52.359,0.0,0.0,0.0,0.0,0.0,0.0,0.0,0.0,0.0,0.0,0.0,0.0,0.0,0.0,0.0,0.0,0.0,0.0,0.0,0.0,860.65936,769.19415,787.72894,74.94505,870.32965,-0.44696044921875,0.14593505859375,0.88311767578125,2.1234130859375,-2.572021484375,-0.43365478515625,0.0,4.0,4.0,4.0,4.0,100.0,event
10:33:52.360,0.0,0.0,0.0,0.0,0.0,0.0,0.0,0.0,0.0,0.0,0.0,0.0,0.0,0.0,0.0,0.0,0.0,0.0,0.0,0.0,811.9048,766.3736,787.72894,1448.5348,789.34064,-0.44696044921875,0.14593505859375,0.88311767578125,2.1234130859375,-2.572021484375,-0.43365478515625,0.0,4.0,4.0,4.0,4.0,100.0,event
10:33:52.383,0.0,0.0,0.0,0.0,0.0,0.0,0.0,0.0,0.0,0.0,0.0,0.0,0.0,0.0,0.0,0.0,0.0,0.0,0.0,0.0,766.77655,765.9707,782.8938,995.64105,752.27106,-0.44659423828125,0.14691162109375,0.8680419921875,1.428070068359375,-2.998199462890625,-0.471038818359375,0.0,4.0,4.0,4.0,4.0,100.0,event
10:33:52.385,0.0,0.0,0.0,0.0,0.0,0.0,0.0,0.0,0.0,0.0,0.0,0.0,0.0,0.0,0.0,0.0,0.0,0.0,0.0,0.0,794.17584,767.1795,786.1172,1407.4359,760.32965,-0.44659423828125,0.14691162109375,0.8680419921875,1.428070068359375,-2.998199462890625,-0.471038818359375,0.0,4.0,4.0,4.0,4.0,100.0,event
10:33:52.385,0.0,0.0,0.0,0.0,0.0,0.0,0.0,0.0,0.0,0.0,0.0,0.0,0.0,0.0,0.0,0.0,0.0,0.0,0.0,0.0,848.1685,766.77655,790.54944,1555.3114,787.72894,-0.44659423828125,0.14691162109375,0.8680419921875,1.428070068359375,-2.998199462890625,-0.471038818359375,0.0,4.0,4.0,4.0,4.0,100.0,event
10:33:52.386,0.0,0.0,0.0,0.0,0.0,0.0,0.0,0.0,0.0,0.0,0.0,0.0,0.0,0.0,0.0,0.0,0.0,0.0,0.0,0.0,884.43225,772.8205,796.99634,1325.238,757.50916,-0.44659423828125,0.14691162109375,0.8680419921875,1.428070068359375,-2.998199462890625,-0.471038818359375,0.0,4.0,4.0,4.0,4.0,100.0,event
10:33:52.387,0.0,0.0,0.0,0.0,0.0,0.0,0.0,0.0,0.0,0.0,0.0,0.0,0.0,0.0,0.0,0.0,0.0,0.0,0.0,0.0,850.58606,779.2674,797.8022,992.4176,698.2784,-0.44659423828125,0.14691162109375,0.8680419921875,1.428070068359375,-2.998199462890625,-0.471038818359375,0.0,4.0,4.0,4.0,4.0,100.0,event
10:33:52.388,0.0,0.0,0.0,0.0,0.0,0.0,0.0,0.0,0.0,0.0,0.0,0.0,0.0,0.0,0.0,0.0,0.0,0.0,0.0,0.0,791.3553,774.43225,793.36993,866.30035,818.3516,-0.44659423828125,0.14691162109375,0.8680419921875,1.428070068359375,-2.998199462890625,-0.471038818359375,0.0,4.0,4.0,4.0,4.0,100.0,event
10:33:52.390,0.0,0.0,0.0,0.0,0.0,0.0,0.0,0.0,0.0,0.0,0.0,0.0,0.0,0.0,0.0,0.0,0.0,0.0,0.0,0.0,785.7143,770.0,793.36993,1115.3114,926.7399,-0.44659423828125,0.14691162109375,0.8680419921875,1.428070068359375,-2.998199462890625,-0.471038818359375,0.0,4.0,4.0,4.0,4.0,100.0,event
10:33:52.391,0.0,0.0,0.0,0.0,0.0,0.0,0.0,0.0,0.0,0.0,0.0,0.0,0.0,0.0,0.0,0.0,0.0,0.0,0.0,0.0,823.1868,777.25275,794.57874,900.14655,831.6484,-0.44659423828125,0.14691162109375,0.8680419921875,1.428070068359375,-2.998199462890625,-0.471038818359375,0.0,4.0,4.0,4.0,4.0,100.0,event
10:33:52.395,0.0,0.0,0.0,0.0,0.0,0.0,0.0,0.0,0.0,0.0,0.0,0.0,0.0,0.0,0.0,0.0,0.0,0.0,0.0,0.0,860.2564,781.685,796.5934,665.2381,701.50183,-0.44659423828125,0.14691162109375,0.8680419921875,1.428070068359375,-2.998199462890625,-0.471038818359375,0.0,4.0,4.0,4.0,4.0,100.0,event
10:33:52.396,0.0,0.0,0.0,0.0,0.0,0.0,0.0,0.0,0.0,0.0,0.0,0.0,0.0,0.0,0.0,0.0,0.0,0.0,0.0,0.0,822.381,778.86444,794.9817,663.22345,742.6007,-0.44659423828125,0.14691162109375,0.8680419921875,1.428070068359375,-2.998199462890625,-0.471038818359375,0.0,4.0,4.0,4.0,4.0,100.0,event
10:33:52.397,0.0,0.0,0.0,0.0,0.0,0.0,0.0,0.0,0.0,0.0,0.0,0.0,0.0,0.0,0.0,0.0,0.0,0.0,0.0,0.0,768.7912,775.2381,791.75824,641.4652,1018.60803,-0.44659423828125,0.14691162109375,0.8680419921875,1.428070068359375,-2.998199462890625,-0.471038818359375,0.0,4.0,4.0,4.0,4.0,100.0,event
10:33:52.398,0.0,0.0,0.0,0.0,0.0,0.0,0.0,0.0,0.0,0.0,0.0,0.0,0.0,0.0,0.0,0.0,0.0,0.0,0.0,0.0,787.326,771.6117,786.1172,156.73993,830.0366,-0.44659423828125,0.14691162109375,0.8680419921875,1.428070068359375,-2.998199462890625,-0.471038818359375,0.0,4.0,4.0,4.0,4.0,100.0,event
10:33:52.421,0.0,0.0,0.0,0.0,0.0,0.0,0.0,0.0,0.0,0.0,0.0,0.0,0.0,0.0,0.0,0.0,0.0,0.0,0.0,0.0,836.8865,773.6264,788.1319,14.102564,611.6484,-0.444091796875,0.14208984375,0.86968994140625,1.36077880859375,-2.75146484375,-0.5682373046875,0.0,4.0,4.0,4.0,4.0,100.0,event
10:33:52.422,0.0,0.0,0.0,0.0,0.0,0.0,0.0,0.0,0.0,0.0,0.0,0.0,0.0,0.0,0.0,0.0,0.0,0.0,0.0,0.0,867.9121,776.04395,789.7436,261.90475,730.10986,-0.444091796875,0.14208984375,0.86968994140625,1.36077880859375,-2.75146484375,-0.5682373046875,0.0,4.0,4.0,4.0,4.0,100.0,event
10:33:52.423,0.0,0.0,0.0,0.0,0.0,0.0,0.0,0.0,0.0,0.0,0.0,0.0,0.0,0.0,0.0,0.0,0.0,0.0,0.0,0.0,845.34796,776.04395,787.72894,64.06593,697.47253,-0.444091796875,0.14208984375,0.86968994140625,1.36077880859375,-2.75146484375,-0.5682373046875,0.0,4.0,4.0,4.0,4.0,100.0,event
10:33:52.423,0.0,0.0,0.0,0.0,0.0,0.0,0.0,0.0,0.0,0.0,0.0,0.0,0.0,0.0,0.0,0.0,0.0,0.0,0.0,0.0,798.20514,777.25275,790.14655,0.0,619.304,-0.444091796875,0.14208984375,0.86968994140625,1.36077880859375,-2.75146484375,-0.5682373046875,0.0,4.0,4.0,4.0,4.0,100.0,event
10:33:52.424,0.0,0.0,0.0,0.0,0.0,0.0,0.0,0.0,0.0,0.0,0.0,0.0,0.0,0.0,0.0,0.0,0.0,0.0,0.0,0.0,791.3553,777.25275,790.9524,12.490843,619.707,-0.444091796875,0.14208984375,0.86968994140625,1.36077880859375,-2.75146484375,-0.5682373046875,0.0,4.0,4.0,4.0,4.0,100.0,event
10:33:52.424,0.0,0.0,0.0,0.0,0.0,0.0,0.0,0.0,0.0,0.0,0.0,0.0,0.0,0.0,0.0,0.0,0.0,0.0,0.0,0.0,834.4689,778.0586,793.36993,0.0,813.5165,-0.444091796875,0.14208984375,0.86968994140625,1.36077880859375,-2.75146484375,-0.5682373046875,0.0,4.0,4.0,4.0,4.0,100.0,event
10:33:52.425,0.0,0.0,0.0,0.0,0.0,0.0,0.0,0.0,0.0,0.0,0.0,0.0,0.0,0.0,0.0,0.0,0.0,0.0,0.0,0.0,880.40295,774.83514,793.7729,0.0,885.2381,-0.444091796875,0.14208984375,0.86968994140625,1.36077880859375,-2.75146484375,-0.5682373046875,0.0,4.0,4.0,4.0,4.0,100.0,event
10:33:52.425,0.0,0.0,0.0,0.0,0.0,0.0,0.0,0.0,0.0,0.0,0.0,0.0,0.0,0.0,0.0,0.0,0.0,0.0,0.0,0.0,871.53845,772.4176,788.93774,0.0,732.52747,-0.444091796875,0.14208984375,0.86968994140625,1.36077880859375,-2.75146484375,-0.5682373046875,0.0,4.0,4.0,4.0,4.0,100.0,event
10:33:52.426,0.0,0.0,0.0,0.0,0.0,0.0,0.0,0.0,0.0,0.0,0.0,0.0,0.0,0.0,0.0,0.0,0.0,0.0,0.0,0.0,797.3993,772.8205,793.36993,0.0,873.1502,-0.444091796875,0.14208984375,0.86968994140625,1.36077880859375,-2.75146484375,-0.5682373046875,0.0,4.0,4.0,4.0,4.0,100.0,event
10:33:52.426,0.0,0.0,0.0,0.0,0.0,0.0,0.0,0.0,0.0,0.0,0.0,0.0,0.0,0.0,0.0,0.0,0.0,0.0,0.0,0.0,818.3516,772.01465,792.96704,0.0,648.315,-0.444091796875,0.14208984375,0.86968994140625,1.36077880859375,-2.75146484375,-0.5682373046875,0.0,4.0,4.0,4.0,4.0,100.0,event
10:33:52.427,0.0,0.0,0.0,0.0,0.0,0.0,0.0,0.0,0.0,0.0,0.0,0.0,0.0,0.0,0.0,0.0,0.0,0.0,0.0,0.0,831.6484,772.8205,788.5348,0.0,882.8205,-0.444091796875,0.14208984375,0.86968994140625,1.36077880859375,-2.75146484375,-0.5682373046875,0.0,4.0,4.0,4.0,4.0,100.0,event
10:33:52.427,0.0,0.0,0.0,0.0,0.0,0.0,0.0,0.0,0.0,0.0,0.0,0.0,0.0,0.0,0.0,0.0,0.0,0.0,0.0,0.0,875.16486,772.4176,790.9524,0.0,601.978,-0.444091796875,0.14208984375,0.86968994140625,1.36077880859375,-2.75146484375,-0.5682373046875,0.0,4.0,4.0,4.0,4.0,100.0,event
10:33:52.490,0.0,0.0,0.0,0.0,0.0,0.0,0.0,0.0,0.0,0.0,0.0,0.0,0.0,0.0,0.0,0.0,0.0,0.0,0.0,0.0,867.50916,774.0293,794.9817,0.0,664.83514,-0.44403076171875,0.14599609375,0.87347412109375,1.375732421875,-4.0374755859375,0.94207763671875,0.0,4.0,4.0,4.0,4.0,100.0,event
10:33:52.491,0.0,0.0,0.0,0.0,0.0,0.0,0.0,0.0,0.0,0.0,0.0,0.0,0.0,0.0,0.0,0.0,0.0,0.0,0.0,0.0,809.0842,775.2381,792.96704,0.0,850.18317,-0.44403076171875,0.14599609375,0.87347412109375,1.375732421875,-4.0374755859375,0.94207763671875,0.0,4.0,4.0,4.0,4.0,100.0,event
10:33:52.493,0.0,0.0,0.0,0.0,0.0,0.0,0.0,0.0,0.0,0.0,0.0,0.0,0.0,0.0,0.0,0.0,0.0,0.0,0.0,0.0,790.54944,776.8498,791.75824,0.0,747.4359,-0.44403076171875,0.14599609375,0.87347412109375,1.375732421875,-4.0374755859375,0.94207763671875,0.0,4.0,4.0,4.0,4.0,100.0,event
10:33:52.495,0.0,0.0,0.0,0.0,0.0,0.0,0.0,0.0,0.0,0.0,0.0,0.0,0.0,0.0,0.0,0.0,0.0,0.0,0.0,0.0,829.6337,776.8498,793.7729,0.0,646.7033,-0.44403076171875,0.14599609375,0.87347412109375,1.375732421875,-4.0374755859375,0.94207763671875,0.0,4.0,4.0,4.0,4.0,100.0,event
10:33:52.495,0.0,0.0,0.0,0.0,0.0,0.0,0.0,0.0,0.0,0.0,0.0,0.0,0.0,0.0,0.0,0.0,0.0,0.0,0.0,0.0,865.09155,774.43225,786.9231,0.0,723.663,-0.44403076171875,0.14599609375,0.87347412109375,1.375732421875,-4.0374755859375,0.94207763671875,0.0,4.0,4.0,4.0,4.0,100.0,event
10:33:52.496,0.0,0.0,0.0,0.0,0.0,0.0,0.0,0.0,0.0,0.0,0.0,0.0,0.0,0.0,0.0,0.0,0.0,0.0,0.0,0.0,850.58606,774.0293,785.7143,0.0,1012.5641,-0.44403076171875,0.14599609375,0.87347412109375,1.375732421875,-4.0374755859375,0.94207763671875,0.0,4.0,4.0,4.0,4.0,100.0,event
10:33:52.497,0.0,0.0,0.0,0.0,0.0,0.0,0.0,0.0,0.0,0.0,0.0,0.0,0.0,0.0,0.0,0.0,0.0,0.0,0.0,0.0,807.47253,772.4176,793.36993,0.0,908.60803,-0.44403076171875,0.14599609375,0.87347412109375,1.375732421875,-4.0374755859375,0.94207763671875,0.0,4.0,4.0,4.0,4.0,100.0,event
10:33:52.497,0.0,0.0,0.0,0.0,0.0,0.0,0.0,0.0,0.0,0.0,0.0,0.0,0.0,0.0,0.0,0.0,0.0,0.0,0.0,0.0,783.2967,767.98535,794.57874,0.0,595.5311,-0.44403076171875,0.14599609375,0.87347412109375,1.375732421875,-4.0374755859375,0.94207763671875,0.0,4.0,4.0,4.0,4.0,100.0,event
10:33:52.498,0.0,0.0,0.0,0.0,0.0,0.0,0.0,0.0,0.0,0.0,0.0,0.0,0.0,0.0,0.0,0.0,0.0,0.0,0.0,0.0,806.6667,770.0,793.7729,0.0,695.4579,-0.44403076171875,0.14599609375,0.87347412109375,1.375732421875,-4.0374755859375,0.94207763671875,0.0,4.0,4.0,4.0,4.0,100.0,event
10:33:52.499,0.0,0.0,0.0,0.0,0.0,0.0,0.0,0.0,0.0,0.0,0.0,0.0,0.0,0.0,0.0,0.0,0.0,0.0,0.0,0.0,850.18317,772.4176,792.96704,0.0,912.23444,-0.44403076171875,0.14599609375,0.87347412109375,1.375732421875,-4.0374755859375,0.94207763671875,0.0,4.0,4.0,4.0,4.0,100.0,event
10:33:52.503,0.0,0.0,0.0,0.0,0.0,0.0,0.0,0.0,0.0,0.0,0.0,0.0,0.0,0.0,0.0,0.0,0.0,0.0,0.0,0.0,868.71796,770.0,797.3993,0.0,818.7546,-0.44403076171875,0.14599609375,0.87347412109375,1.375732421875,-4.0374755859375,0.94207763671875,0.0,4.0,4.0,4.0,4.0,100.0,event
10:33:52.503,0.0,0.0,0.0,0.0,0.0,0.0,0.0,0.0,0.0,0.0,0.0,0.0,0.0,0.0,0.0,0.0,0.0,0.0,0.0,0.0,817.9487,771.6117,794.17584,0.0,733.3333,-0.44403076171875,0.14599609375,0.87347412109375,1.375732421875,-4.0374755859375,0.94207763671875,0.0,4.0,4.0,4.0,4.0,100.0,event
10:33:52.549,0.0,0.0,0.0,0.0,0.0,0.0,0.0,0.0,0.0,0.0,0.0,0.0,0.0,0.0,0.0,0.0,0.0,0.0,0.0,0.0,781.685,776.4469,791.75824,0.0,755.09155,-0.44354248046875,0.13909912109375,0.87579345703125,1.8841552734375,-5.15899658203125,0.261688232421875,0.0,4.0,4.0,4.0,4.0,100.0,event
10:33:52.551,0.0,0.0,0.0,0.0,0.0,0.0,0.0,0.0,0.0,0.0,0.0,0.0,0.0,0.0,0.0,0.0,0.0,0.0,0.0,0.0,804.2491,774.83514,795.78754,0.0,720.84247,-0.44354248046875,0.13909912109375,0.87579345703125,1.8841552734375,-5.15899658203125,0.261688232421875,0.0,4.0,4.0,4.0,4.0,100.0,event
10:33:52.552,0.0,0.0,0.0,0.0,0.0,0.0,0.0,0.0,0.0,0.0,0.0,0.0,0.0,0.0,0.0,0.0,0.0,0.0,0.0,0.0,849.7802,770.80585,790.9524,0.0,684.57874,-0.44354248046875,0.13909912109375,0.87579345703125,1.8841552734375,-5.15899658203125,0.261688232421875,0.0,4.0,4.0,4.0,4.0,100.0,event
10:33:52.552,0.0,0.0,0.0,0.0,0.0,0.0,0.0,0.0,0.0,0.0,0.0,0.0,0.0,0.0,0.0,0.0,0.0,0.0,0.0,0.0,865.89746,771.2088,790.54944,20.952381,693.0403,-0.44354248046875,0.13909912109375,0.87579345703125,1.8841552734375,-5.15899658203125,0.261688232421875,0.0,4.0,4.0,4.0,4.0,100.0,event
10:33:52.553,0.0,0.0,0.0,0.0,0.0,0.0,0.0,0.0,0.0,0.0,0.0,0.0,0.0,0.0,0.0,0.0,0.0,0.0,0.0,0.0,822.381,772.01465,796.99634,0.0,715.6044,-0.44354248046875,0.13909912109375,0.87579345703125,1.8841552734375,-5.15899658203125,0.261688232421875,0.0,4.0,4.0,4.0,4.0,100.0,event
10:33:52.554,0.0,0.0,0.0,0.0,0.0,0.0,0.0,0.0,0.0,0.0,0.0,0.0,0.0,0.0,0.0,0.0,0.0,0.0,0.0,0.0,786.9231,769.19415,792.1612,113.22344,734.94507,-0.44354248046875,0.13909912109375,0.87579345703125,1.8841552734375,-5.15899658203125,0.261688232421875,0.0,4.0,4.0,4.0,4.0,100.0,event
10:33:52.554,0.0,0.0,0.0,0.0,0.0,0.0,0.0,0.0,0.0,0.0,0.0,0.0,0.0,0.0,0.0,0.0,0.0,0.0,0.0,0.0,796.5934,770.0,788.93774,399.70697,785.31134,-0.44354248046875,0.13909912109375,0.87579345703125,1.8841552734375,-5.15899658203125,0.261688232421875,0.0,4.0,4.0,4.0,4.0,100.0,event
10:33:52.555,0.0,0.0,0.0,0.0,0.0,0.0,0.0,0.0,0.0,0.0,0.0,0.0,0.0,0.0,0.0,0.0,0.0,0.0,0.0,0.0,833.2601,767.1795,790.54944,87.4359,754.68866,-0.44354248046875,0.13909912109375,0.87579345703125,1.8841552734375,-5.15899658203125,0.261688232421875,0.0,4.0,4.0,4.0,4.0,100.0,event
10:33:52.556,0.0,0.0,0.0,0.0,0.0,0.0,0.0,0.0,0.0,0.0,0.0,0.0,0.0,0.0,0.0,0.0,0.0,0.0,0.0,0.0,830.84247,769.59705,797.3993,19.74359,890.4762,-0.44354248046875,0.13909912109375,0.87579345703125,1.8841552734375,-5.15899658203125,0.261688232421875,0.0,4.0,4.0,4.0,4.0,100.0,event
10:33:52.556,0.0,0.0,0.0,0.0,0.0,0.0,0.0,0.0,0.0,0.0,0.0,0.0,0.0,0.0,0.0,0.0,0.0,0.0,0.0,0.0,855.42126,762.3443,795.38464,0.0,885.2381,-0.44354248046875,0.13909912109375,0.87579345703125,1.8841552734375,-5.15899658203125,0.261688232421875,0.0,4.0,4.0,4.0,4.0,100.0,event
10:33:52.557,0.0,0.0,0.0,0.0,0.0,0.0,0.0,0.0,0.0,0.0,0.0,0.0,0.0,0.0,0.0,0.0,0.0,0.0,0.0,0.0,797.3993,776.04395,800.2198,0.0,744.21246,-0.44354248046875,0.13909912109375,0.87579345703125,1.8841552734375,-5.15899658203125,0.261688232421875,0.0,4.0,4.0,4.0,4.0,100.0,event
10:33:52.557,0.0,0.0,0.0,0.0,0.0,0.0,0.0,0.0,0.0,0.0,0.0,0.0,0.0,0.0,0.0,0.0,0.0,0.0,0.0,0.0,790.9524,773.22345,802.23444,42.307693,756.30035,-0.44354248046875,0.13909912109375,0.87579345703125,1.8841552734375,-5.15899658203125,0.261688232421875,0.0,4.0,4.0,4.0,4.0,100.0,event
10:33:52.588,0.0,0.0,0.0,0.0,0.0,0.0,0.0,0.0,0.0,0.0,0.0,0.0,0.0,0.0,0.0,0.0,0.0,0.0,0.0,0.0,818.7546,771.2088,796.5934,0.0,963.4066,-0.44354248046875,0.13909912109375,0.87579345703125,1.8841552734375,-5.15899658203125,0.261688232421875,0.0,4.0,4.0,4.0,4.0,100.0,event
10:33:52.590,0.0,0.0,0.0,0.0,0.0,0.0,0.0,0.0,0.0,0.0,0.0,0.0,0.0,0.0,0.0,0.0,0.0,0.0,0.0,0.0,861.06226,774.43225,796.1905,355.78754,932.7839,-0.44354248046875,0.13909912109375,0.87579345703125,1.8841552734375,-5.15899658203125,0.261688232421875,0.0,4.0,4.0,4.0,4.0,100.0,event
10:33:52.591,0.0,0.0,0.0,0.0,0.0,0.0,0.0,0.0,0.0,0.0,0.0,0.0,0.0,0.0,0.0,0.0,0.0,0.0,0.0,0.0,840.10986,772.01465,800.2198,1453.773,748.6447,-0.44354248046875,0.13909912109375,0.87579345703125,1.8841552734375,-5.15899658203125,0.261688232421875,0.0,4.0,4.0,4.0,4.0,100.0,event
10:33:52.592,0.0,0.0,0.0,0.0,0.0,0.0,0.0,0.0,0.0,0.0,0.0,0.0,0.0,0.0,0.0,0.0,0.0,0.0,0.0,0.0,786.9231,770.0,800.6227,28.608059,813.5165,-0.44354248046875,0.13909912109375,0.87579345703125,1.8841552734375,-5.15899658203125,0.261688232421875,0.0,4.0,4.0,4.0,4.0,100.0,event
10:33:52.594,0.0,0.0,0.0,0.0,0.0,0.0,0.0,0.0,0.0,0.0,0.0,0.0,0.0,0.0,0.0,0.0,0.0,0.0,0.0,0.0,776.4469,767.98535,794.57874,1584.7252,1042.381,-0.44354248046875,0.13909912109375,0.87579345703125,1.8841552734375,-5.15899658203125,0.261688232421875,0.0,4.0,4.0,4.0,4.0,100.0,event
10:33:52.595,0.0,0.0,0.0,0.0,0.0,0.0,0.0,0.0,0.0,0.0,0.0,0.0,0.0,0.0,0.0,0.0,0.0,0.0,0.0,0.0,815.9341,765.9707,790.54944,1638.3151,1087.1062,-0.44354248046875,0.13909912109375,0.87579345703125,1.8841552734375,-5.15899658203125,0.261688232421875,0.0,4.0,4.0,4.0,4.0,100.0,event
10:33:52.596,0.0,0.0,0.0,0.0,0.0,0.0,0.0,0.0,0.0,0.0,0.0,0.0,0.0,0.0,0.0,0.0,0.0,0.0,0.0,0.0,863.47986,763.95605,788.93774,1628.2417,995.2381,-0.44354248046875,0.13909912109375,0.87579345703125,1.8841552734375,-5.15899658203125,0.261688232421875,0.0,4.0,4.0,4.0,4.0,100.0,event
10:33:52.598,0.0,0.0,0.0,0.0,0.0,0.0,0.0,0.0,0.0,0.0,0.0,0.0,0.0,0.0,0.0,0.0,0.0,0.0,0.0,0.0,853.8095,767.1795,794.17584,1628.2417,960.58606,-0.44354248046875,0.13909912109375,0.87579345703125,1.8841552734375,-5.15899658203125,0.261688232421875,0.0,4.0,4.0,4.0,4.0,100.0,event
10:33:52.599,0.0,0.0,0.0,0.0,0.0,0.0,0.0,0.0,0.0,0.0,0.0,0.0,0.0,0.0,0.0,0.0,0.0,0.0,0.0,0.0,798.20514,767.98535,801.8315,1628.2417,1052.4542,-0.44354248046875,0.13909912109375,0.87579345703125,1.8841552734375,-5.15899658203125,0.261688232421875,0.0,4.0,4.0,4.0,4.0,100.0,event
10:33:52.600,0.0,0.0,0.0,0.0,0.0,0.0,0.0,0.0,0.0,0.0,0.0,0.0,0.0,0.0,0.0,0.0,0.0,0.0,0.0,0.0,795.38464,763.95605,793.36993,1628.2417,869.12085,-0.44354248046875,0.13909912109375,0.87579345703125,1.8841552734375,-5.15899658203125,0.261688232421875,0.0,4.0,4.0,4.0,4.0,100.0,event
10:33:52.601,0.0,0.0,0.0,0.0,0.0,0.0,0.0,0.0,0.0,0.0,0.0,0.0,0.0,0.0,0.0,0.0,0.0,0.0,0.0,0.0,833.663,763.5531,782.0879,1628.2417,672.0879,-0.44354248046875,0.13909912109375,0.87579345703125,1.8841552734375,-5.15899658203125,0.261688232421875,0.0,4.0,4.0,4.0,4.0,100.0,event
10:33:52.602,0.0,0.0,0.0,0.0,0.0,0.0,0.0,0.0,0.0,0.0,0.0,0.0,0.0,0.0,0.0,0.0,0.0,0.0,0.0,0.0,869.5238,764.7619,788.1319,1628.2417,764.7619,-0.44354248046875,0.13909912109375,0.87579345703125,1.8841552734375,-5.15899658203125,0.261688232421875,0.0,4.0,4.0,4.0,4.0,100.0,event
10:33:52.606,0.0,0.0,0.0,0.0,0.0,0.0,0.0,0.0,0.0,0.0,0.0,0.0,0.0,0.0,0.0,0.0,0.0,0.0,0.0,0.0,857.03296,767.5824,797.8022,1628.2417,811.9048,-0.43695068359375,0.13958740234375,0.87786865234375,2.19818115234375,-6.10107421875,-0.500946044921875,0.0,4.0,4.0,4.0,4.0,100.0,event
10:33:52.607,0.0,0.0,0.0,0.0,0.0,0.0,0.0,0.0,0.0,0.0,0.0,0.0,0.0,0.0,0.0,0.0,0.0,0.0,0.0,0.0,803.0403,770.0,803.0403,1628.2417,704.7253,-0.43695068359375,0.13958740234375,0.87786865234375,2.19818115234375,-6.10107421875,-0.500946044921875,0.0,4.0,4.0,4.0,4.0,100.0,event
10:33:52.608,0.0,0.0,0.0,0.0,0.0,0.0,0.0,0.0,0.0,0.0,0.0,0.0,0.0,0.0,0.0,0.0,0.0,0.0,0.0,0.0,788.1319,771.6117,807.0696,1628.2417,709.9634,-0.43695068359375,0.13958740234375,0.87786865234375,2.19818115234375,-6.10107421875,-0.500946044921875,0.0,4.0,4.0,4.0,4.0,100.0,event
10:33:52.608,0.0,0.0,0.0,0.0,0.0,0.0,0.0,0.0,0.0,0.0,0.0,0.0,0.0,0.0,0.0,0.0,0.0,0.0,0.0,0.0,824.3956,771.6117,806.26373,1628.2417,826.8132,-0.43695068359375,0.13958740234375,0.87786865234375,2.19818115234375,-6.10107421875,-0.500946044921875,0.0,4.0,4.0,4.0,4.0,100.0,event
10:33:52.609,0.0,0.0,0.0,0.0,0.0,0.0,0.0,0.0,0.0,0.0,0.0,0.0,0.0,0.0,0.0,0.0,0.0,0.0,0.0,0.0,867.9121,770.0,800.2198,1628.2417,843.73627,-0.43695068359375,0.13958740234375,0.87786865234375,2.19818115234375,-6.10107421875,-0.500946044921875,0.0,4.0,4.0,4.0,4.0,100.0,event
10:33:52.609,0.0,0.0,0.0,0.0,0.0,0.0,0.0,0.0,0.0,0.0,0.0,0.0,0.0,0.0,0.0,0.0,0.0,0.0,0.0,0.0,863.0769,767.1795,800.6227,1628.2417,894.10254,-0.43695068359375,0.13958740234375,0.87786865234375,2.19818115234375,-6.10107421875,-0.500946044921875,0.0,4.0,4.0,4.0,4.0,100.0,event
10:33:52.610,0.0,0.0,0.0,0.0,0.0,0.0,0.0,0.0,0.0,0.0,0.0,0.0,0.0,0.0,0.0,0.0,0.0,0.0,0.0,0.0,808.2784,765.9707,802.6374,1628.2417,846.9597,-0.43695068359375,0.13958740234375,0.87786865234375,2.19818115234375,-6.10107421875,-0.500946044921875,0.0,4.0,4.0,4.0,4.0,100.0,event
10:33:52.611,0.0,0.0,0.0,0.0,0.0,0.0,0.0,0.0,0.0,0.0,0.0,0.0,0.0,0.0,0.0,0.0,0.0,0.0,0.0,0.0,782.0879,766.3736,796.1905,1628.2417,960.58606,-0.43695068359375,0.13958740234375,0.87786865234375,2.19818115234375,-6.10107421875,-0.500946044921875,0.0,4.0,4.0,4.0,4.0,100.0,event
10:33:52.611,0.0,0.0,0.0,0.0,0.0,0.0,0.0,0.0,0.0,0.0,0.0,0.0,0.0,0.0,0.0,0.0,0.0,0.0,0.0,0.0,811.9048,767.5824,790.14655,1628.6447,1183.4066,-0.43695068359375,0.13958740234375,0.87786865234375,2.19818115234375,-6.10107421875,-0.500946044921875,0.0,4.0,4.0,4.0,4.0,100.0,event
10:33:52.612,0.0,0.0,0.0,0.0,0.0,0.0,0.0,0.0,0.0,0.0,0.0,0.0,0.0,0.0,0.0,0.0,0.0,0.0,0.0,0.0,863.47986,770.80585,790.14655,1628.2417,911.8315,-0.43695068359375,0.13958740234375,0.87786865234375,2.19818115234375,-6.10107421875,-0.500946044921875,0.0,4.0,4.0,4.0,4.0,100.0,event
10:33:52.613,0.0,0.0,0.0,0.0,0.0,0.0,0.0,0.0,0.0,0.0,0.0,0.0,0.0,0.0,0.0,0.0,0.0,0.0,0.0,0.0,863.47986,770.80585,796.1905,1628.2417,776.04395,-0.43695068359375,0.13958740234375,0.87786865234375,2.19818115234375,-6.10107421875,-0.500946044921875,0.0,4.0,4.0,4.0,4.0,100.0,event
10:33:52.616,0.0,0.0,0.0,0.0,0.0,0.0,0.0,0.0,0.0,0.0,0.0,0.0,0.0,0.0,0.0,0.0,0.0,0.0,0.0,0.0,807.47253,770.40295,803.8461,1628.2417,779.2674,-0.43695068359375,0.13958740234375,0.87786865234375,2.19818115234375,-6.10107421875,-0.500946044921875,0.0,4.0,4.0,4.0,4.0,100.0,event
10:33:52.660,0.0,0.0,0.0,0.0,0.0,0.0,0.0,0.0,0.0,0.0,0.0,0.0,0.0,0.0,0.0,0.0,0.0,0.0,0.0,0.0,779.2674,770.0,800.2198,1628.2417,645.89746,-0.4259033203125,0.1434326171875,0.8785400390625,2.310333251953125,-4.284210205078125,0.777587890625,0.0,4.0,4.0,4.0,4.0,100.0,event
10:33:52.661,0.0,0.0,0.0,0.0,0.0,0.0,0.0,0.0,0.0,0.0,0.0,0.0,0.0,0.0,0.0,0.0,0.0,0.0,0.0,0.0,803.44324,767.98535,795.78754,1628.2417,647.9121,-0.4259033203125,0.1434326171875,0.8785400390625,2.310333251953125,-4.284210205078125,0.777587890625,0.0,4.0,4.0,4.0,4.0,100.0,event
10:33:52.662,0.0,0.0,0.0,0.0,0.0,0.0,0.0,0.0,0.0,0.0,0.0,0.0,0.0,0.0,0.0,0.0,0.0,0.0,0.0,0.0,850.989,765.56775,790.54944,1628.2417,777.25275,-0.4259033203125,0.1434326171875,0.8785400390625,2.310333251953125,-4.284210205078125,0.777587890625,0.0,4.0,4.0,4.0,4.0,100.0,event
10:33:52.662,0.0,0.0,0.0,0.0,0.0,0.0,0.0,0.0,0.0,0.0,0.0,0.0,0.0,0.0,0.0,0.0,0.0,0.0,0.0,0.0,869.5238,765.16486,786.9231,1628.6447,830.84247,-0.4259033203125,0.1434326171875,0.8785400390625,2.310333251953125,-4.284210205078125,0.777587890625,0.0,4.0,4.0,4.0,4.0,100.0,event
10:33:52.663,0.0,0.0,0.0,0.0,0.0,0.0,0.0,0.0,0.0,0.0,0.0,0.0,0.0,0.0,0.0,0.0,0.0,0.0,0.0,0.0,831.2454,766.77655,788.5348,1628.2417,801.4286,-0.4259033203125,0.1434326171875,0.8785400390625,2.310333251953125,-4.284210205078125,0.777587890625,0.0,4.0,4.0,4.0,4.0,100.0,event
10:33:52.664,0.0,0.0,0.0,0.0,0.0,0.0,0.0,0.0,0.0,0.0,0.0,0.0,0.0,0.0,0.0,0.0,0.0,0.0,0.0,0.0,786.52014,768.3883,790.9524,1628.6447,822.7839,-0.4259033203125,0.1434326171875,0.8785400390625,2.310333251953125,-4.284210205078125,0.777587890625,0.0,4.0,4.0,4.0,4.0,100.0,event
10:33:52.664,0.0,0.0,0.0,0.0,0.0,0.0,0.0,0.0,0.0,0.0,0.0,0.0,0.0,0.0,0.0,0.0,0.0,0.0,0.0,0.0,792.96704,765.9707,792.1612,1629.4506,860.65936,-0.4259033203125,0.1434326171875,0.8785400390625,2.310333251953125,-4.284210205078125,0.777587890625,0.0,4.0,4.0,4.0,4.0,100.0,event
10:33:52.665,0.0,0.0,0.0,0.0,0.0,0.0,0.0,0.0,0.0,0.0,0.0,0.0,0.0,0.0,0.0,0.0,0.0,0.0,0.0,0.0,828.022,766.3736,788.1319,1617.3627,1037.5458,-0.4259033203125,0.1434326171875,0.8785400390625,2.310333251953125,-4.284210205078125,0.777587890625,0.0,4.0,4.0,4.0,4.0,100.0,event
10:33:52.666,0.0,0.0,0.0,0.0,0.0,0.0,0.0,0.0,0.0,0.0,0.0,0.0,0.0,0.0,0.0,0.0,0.0,0.0,0.0,0.0,850.18317,769.59705,786.52014,0.8058608,888.0586,-0.4259033203125,0.1434326171875,0.8785400390625,2.310333251953125,-4.284210205078125,0.777587890625,0.0,4.0,4.0,4.0,4.0,100.0,event
10:33:52.666,0.0,0.0,0.0,0.0,0.0,0.0,0.0,0.0,0.0,0.0,0.0,0.0,0.0,0.0,0.0,0.0,0.0,0.0,0.0,0.0,816.7399,770.0,792.96704,1550.0732,637.03296,-0.4259033203125,0.1434326171875,0.8785400390625,2.310333251953125,-4.284210205078125,0.777587890625,0.0,4.0,4.0,4.0,4.0,100.0,event
10:33:52.667,0.0,0.0,0.0,0.0,0.0,0.0,0.0,0.0,0.0,0.0,0.0,0.0,0.0,0.0,0.0,0.0,0.0,0.0,0.0,0.0,774.83514,768.7912,801.02563,1396.9597,723.2601,-0.4259033203125,0.1434326171875,0.8785400390625,2.310333251953125,-4.284210205078125,0.777587890625,0.0,4.0,4.0,4.0,4.0,100.0,event
10:33:52.667,0.0,0.0,0.0,0.0,0.0,0.0,0.0,0.0,0.0,0.0,0.0,0.0,0.0,0.0,0.0,0.0,0.0,0.0,0.0,0.0,788.1319,763.95605,797.8022,1580.6959,793.7729,-0.4259033203125,0.1434326171875,0.8785400390625,2.310333251953125,-4.284210205078125,0.777587890625,0.0,4.0,4.0,4.0,4.0,100.0,event
10:33:52.738,0.0,0.0,0.0,0.0,0.0,0.0,0.0,0.0,0.0,0.0,0.0,0.0,0.0,0.0,0.0,0.0,0.0,0.0,0.0,0.0,829.2308,761.13556,792.5641,1649.597,693.44324,-0.435302734375,0.144775390625,0.8770751953125,2.22808837890625,-3.072967529296875,1.921539306640625,0.0,4.0,4.0,4.0,4.0,100.0,event
10:33:52.740,0.0,0.0,0.0,0.0,0.0,0.0,0.0,0.0,0.0,0.0,0.0,0.0,0.0,0.0,0.0,0.0,0.0,0.0,0.0,0.0,854.61536,763.5531,792.5641,1616.1538,719.2308,-0.435302734375,0.144775390625,0.8770751953125,2.22808837890625,-3.072967529296875,1.921539306640625,0.0,4.0,4.0,4.0,4.0,100.0,event
10:33:52.745,0.0,0.0,0.0,0.0,0.0,0.0,0.0,0.0,0.0,0.0,0.0,0.0,0.0,0.0,0.0,0.0,0.0,0.0,0.0,0.0,815.9341,764.35895,791.75824,1630.6593,859.45056,-0.435302734375,0.144775390625,0.8770751953125,2.22808837890625,-3.072967529296875,1.921539306640625,0.0,4.0,4.0,4.0,4.0,100.0,event
10:33:52.746,0.0,0.0,0.0,0.0,0.0,0.0,0.0,0.0,0.0,0.0,0.0,0.0,0.0,0.0,0.0,0.0,0.0,0.0,0.0,0.0,772.4176,763.95605,793.7729,1628.2417,806.26373,-0.435302734375,0.144775390625,0.8770751953125,2.22808837890625,-3.072967529296875,1.921539306640625,0.0,4.0,4.0,4.0,4.0,100.0,event
10:33:52.748,0.0,0.0,0.0,0.0,0.0,0.0,0.0,0.0,0.0,0.0,0.0,0.0,0.0,0.0,0.0,0.0,0.0,0.0,0.0,0.0,789.7436,763.1502,792.5641,1628.2417,682.5641,-0.435302734375,0.144775390625,0.8770751953125,2.22808837890625,-3.072967529296875,1.921539306640625,0.0,4.0,4.0,4.0,4.0,100.0,event
10:33:52.750,0.0,0.0,0.0,0.0,0.0,0.0,0.0,0.0,0.0,0.0,0.0,0.0,0.0,0.0,0.0,0.0,0.0,0.0,0.0,0.0,834.0659,763.5531,790.54944,1628.2417,742.6007,-0.435302734375,0.144775390625,0.8770751953125,2.22808837890625,-3.072967529296875,1.921539306640625,0.0,4.0,4.0,4.0,4.0,100.0,event
10:33:52.751,0.0,0.0,0.0,0.0,0.0,0.0,0.0,0.0,0.0,0.0,0.0,0.0,0.0,0.0,0.0,0.0,0.0,0.0,0.0,0.0,856.2271,763.5531,789.7436,1628.2417,974.68866,-0.435302734375,0.144775390625,0.8770751953125,2.22808837890625,-3.072967529296875,1.921539306640625,0.0,4.0,4.0,4.0,4.0,100.0,event
10:33:52.751,0.0,0.0,0.0,0.0,0.0,0.0,0.0,0.0,0.0,0.0,0.0,0.0,0.0,0.0,0.0,0.0,0.0,0.0,0.0,0.0,821.5751,764.7619,790.14655,1628.2417,1013.7729,-0.435302734375,0.144775390625,0.8770751953125,2.22808837890625,-3.072967529296875,1.921539306640625,0.0,4.0,4.0,4.0,4.0,100.0,event
10:33:52.752,0.0,0.0,0.0,0.0,0.0,0.0,0.0,0.0,0.0,0.0,0.0,0.0,0.0,0.0,0.0,0.0,0.0,0.0,0.0,0.0,780.87915,767.98535,789.7436,1628.2417,697.8755,-0.435302734375,0.144775390625,0.8770751953125,2.22808837890625,-3.072967529296875,1.921539306640625,0.0,4.0,4.0,4.0,4.0,100.0,event
10:33:52.753,0.0,0.0,0.0,0.0,0.0,0.0,0.0,0.0,0.0,0.0,0.0,0.0,0.0,0.0,0.0,0.0,0.0,0.0,0.0,0.0,789.7436,767.5824,793.36993,1628.2417,668.86444,-0.435302734375,0.144775390625,0.8770751953125,2.22808837890625,-3.072967529296875,1.921539306640625,0.0,4.0,4.0,4.0,4.0,100.0,event
10:33:52.753,0.0,0.0,0.0,0.0,0.0,0.0,0.0,0.0,0.0,0.0,0.0,0.0,0.0,0.0,0.0,0.0,0.0,0.0,0.0,0.0,827.619,765.56775,795.38464,1628.2417,842.52747,-0.435302734375,0.144775390625,0.8770751953125,2.22808837890625,-3.072967529296875,1.921539306640625,0.0,4.0,4.0,4.0,4.0,100.0,event
10:33:52.754,0.0,0.0,0.0,0.0,0.0,0.0,0.0,0.0,0.0,0.0,0.0,0.0,0.0,0.0,0.0,0.0,0.0,0.0,0.0,0.0,860.65936,767.5824,792.5641,1628.2417,795.38464,-0.435302734375,0.144775390625,0.8770751953125,2.22808837890625,-3.072967529296875,1.921539306640625,0.0,4.0,4.0,4.0,4.0,100.0,event
10:33:52.755,0.0,0.0,0.0,0.0,0.0,0.0,0.0,0.0,0.0,0.0,0.0,0.0,0.0,0.0,0.0,0.0,0.0,0.0,0.0,0.0,840.9158,767.5824,797.8022,1632.2711,724.0659,-0.44683837890625,0.147705078125,0.872802734375,3.050537109375,-2.6617431640625,1.218719482421875,0.0,4.0,4.0,4.0,4.0,100.0,event
10:33:52.756,0.0,0.0,0.0,0.0,0.0,0.0,0.0,0.0,0.0,0.0,0.0,0.0,0.0,0.0,0.0,0.0,0.0,0.0,0.0,0.0,777.6557,771.2088,807.8755,1606.4835,834.87177,-0.44683837890625,0.147705078125,0.872802734375,3.050537109375,-2.6617431640625,1.218719482421875,0.0,4.0,4.0,4.0,4.0,100.0,event
10:33:52.756,0.0,0.0,0.0,0.0,0.0,0.0,0.0,0.0,0.0,0.0,0.0,0.0,0.0,0.0,0.0,0.0,0.0,0.0,0.0,0.0,787.326,767.5824,804.65204,1622.6007,794.9817,-0.44683837890625,0.147705078125,0.872802734375,3.050537109375,-2.6617431640625,1.218719482421875,0.0,4.0,4.0,4.0,4.0,100.0,event
10:33:52.757,0.0,0.0,0.0,0.0,0.0,0.0,0.0,0.0,0.0,0.0,0.0,0.0,0.0,0.0,0.0,0.0,0.0,0.0,0.0,0.0,824.3956,770.80585,797.8022,1641.1355,763.1502,-0.44683837890625,0.147705078125,0.872802734375,3.050537109375,-2.6617431640625,1.218719482421875,0.0,4.0,4.0,4.0,4.0,100.0,event
10:33:52.758,0.0,0.0,0.0,0.0,0.0,0.0,0.0,0.0,0.0,0.0,0.0,0.0,0.0,0.0,0.0,0.0,0.0,0.0,0.0,0.0,861.06226,765.16486,789.34064,1108.4615,764.35895,-0.44683837890625,0.147705078125,0.872802734375,3.050537109375,-2.6617431640625,1.218719482421875,0.0,4.0,4.0,4.0,4.0,100.0,event
10:33:52.758,0.0,0.0,0.0,0.0,0.0,0.0,0.0,0.0,0.0,0.0,0.0,0.0,0.0,0.0,0.0,0.0,0.0,0.0,0.0,0.0,833.663,763.95605,792.1612,148.27838,842.52747,-0.44683837890625,0.147705078125,0.872802734375,3.050537109375,-2.6617431640625,1.218719482421875,0.0,4.0,4.0,4.0,4.0,100.0,event
10:33:52.759,0.0,0.0,0.0,0.0,0.0,0.0,0.0,0.0,0.0,0.0,0.0,0.0,0.0,0.0,0.0,0.0,0.0,0.0,0.0,0.0,783.69965,766.77655,794.9817,0.0,890.07324,-0.44683837890625,0.147705078125,0.872802734375,3.050537109375,-2.6617431640625,1.218719482421875,0.0,4.0,4.0,4.0,4.0,100.0,event
10:33:52.759,0.0,0.0,0.0,0.0,0.0,0.0,0.0,0.0,0.0,0.0,0.0,0.0,0.0,0.0,0.0,0.0,0.0,0.0,0.0,0.0,782.8938,765.16486,792.1612,34.652016,669.2674,-0.44683837890625,0.147705078125,0.872802734375,3.050537109375,-2.6617431640625,1.218719482421875,0.0,4.0,4.0,4.0,4.0,100.0,event
10:33:52.760,0.0,0.0,0.0,0.0,0.0,0.0,0.0,0.0,0.0,0.0,0.0,0.0,0.0,0.0,0.0,0.0,0.0,0.0,0.0,0.0,831.2454,767.1795,794.17584,0.0,606.8132,-0.44683837890625,0.147705078125,0.872802734375,3.050537109375,-2.6617431640625,1.218719482421875,0.0,4.0,4.0,4.0,4.0,100.0,event
10:33:52.761,0.0,0.0,0.0,0.0,0.0,0.0,0.0,0.0,0.0,0.0,0.0,0.0,0.0,0.0,0.0,0.0,0.0,0.0,0.0,0.0,865.4945,764.35895,795.38464,0.0,736.1539,-0.44683837890625,0.147705078125,0.872802734375,3.050537109375,-2.6617431640625,1.218719482421875,0.0,4.0,4.0,4.0,4.0,100.0,event
10:33:52.762,0.0,0.0,0.0,0.0,0.0,0.0,0.0,0.0,0.0,0.0,0.0,0.0,0.0,0.0,0.0,0.0,0.0,0.0,0.0,0.0,848.5714,762.74725,792.5641,14.102564,784.90845,-0.44683837890625,0.147705078125,0.872802734375,3.050537109375,-2.6617431640625,1.218719482421875,0.0,4.0,4.0,4.0,4.0,100.0,event
10:33:52.762,0.0,0.0,0.0,0.0,0.0,0.0,0.0,0.0,0.0,0.0,0.0,0.0,0.0,0.0,0.0,0.0,0.0,0.0,0.0,0.0,807.8755,769.19415,793.7729,8.461538,724.0659,-0.44683837890625,0.147705078125,0.872802734375,3.050537109375,-2.6617431640625,1.218719482421875,0.0,4.0,4.0,4.0,4.0,100.0,event
10:33:52.785,0.0,0.0,0.0,0.0,0.0,0.0,0.0,0.0,0.0,0.0,0.0,0.0,0.0,0.0,0.0,0.0,0.0,0.0,0.0,0.0,791.3553,772.01465,789.34064,130.14651,665.64105,-0.44683837890625,0.147705078125,0.872802734375,3.050537109375,-2.6617431640625,1.218719482421875,0.0,4.0,4.0,4.0,4.0,100.0,event
10:33:52.786,0.0,0.0,0.0,0.0,0.0,0.0,0.0,0.0,0.0,0.0,0.0,0.0,0.0,0.0,0.0,0.0,0.0,0.0,0.0,0.0,817.9487,765.9707,786.52014,607.2161,763.5531,-0.44683837890625,0.147705078125,0.872802734375,3.050537109375,-2.6617431640625,1.218719482421875,0.0,4.0,4.0,4.0,4.0,100.0,event
10:33:52.787,0.0,0.0,0.0,0.0,0.0,0.0,0.0,0.0,0.0,0.0,0.0,0.0,0.0,0.0,0.0,0.0,0.0,0.0,0.0,0.0,885.64105,763.95605,794.57874,734.1392,780.07324,-0.44683837890625,0.147705078125,0.872802734375,3.050537109375,-2.6617431640625,1.218719482421875,0.0,4.0,4.0,4.0,4.0,100.0,event
10:33:52.787,0.0,0.0,0.0,0.0,0.0,0.0,0.0,0.0,0.0,0.0,0.0,0.0,0.0,0.0,0.0,0.0,0.0,0.0,0.0,0.0,880.0,760.32965,788.1319,732.52747,819.15753,-0.44683837890625,0.147705078125,0.872802734375,3.050537109375,-2.6617431640625,1.218719482421875,0.0,4.0,4.0,4.0,4.0,100.0,event
10:33:52.791,0.0,0.0,0.0,0.0,0.0,0.0,0.0,0.0,0.0,0.0,0.0,0.0,0.0,0.0,0.0,0.0,0.0,0.0,0.0,0.0,814.3223,767.5824,796.1905,628.1685,765.9707,-0.44683837890625,0.147705078125,0.872802734375,3.050537109375,-2.6617431640625,1.218719482421875,0.0,4.0,4.0,4.0,4.0,100.0,event
10:33:52.792,0.0,0.0,0.0,0.0,0.0,0.0,0.0,0.0,0.0,0.0,0.0,0.0,0.0,0.0,0.0,0.0,0.0,0.0,0.0,0.0,792.96704,766.77655,796.1905,95.49451,924.3223,-0.44683837890625,0.147705078125,0.872802734375,3.050537109375,-2.6617431640625,1.218719482421875,0.0,4.0,4.0,4.0,4.0,100.0,event
10:33:52.792,0.0,0.0,0.0,0.0,0.0,0.0,0.0,0.0,0.0,0.0,0.0,0.0,0.0,0.0,0.0,0.0,0.0,0.0,0.0,0.0,837.6923,769.59705,797.3993,0.0,1118.5348,-0.44683837890625,0.147705078125,0.872802734375,3.050537109375,-2.6617431640625,1.218719482421875,0.0,4.0,4.0,4.0,4.0,100.0,event
10:33:52.793,0.0,0.0,0.0,0.0,0.0,0.0,0.0,0.0,0.0,0.0,0.0,0.0,0.0,0.0,0.0,0.0,0.0,0.0,0.0,0.0,894.90845,771.2088,793.7729,38.27839,784.5055,-0.44683837890625,0.147705078125,0.872802734375,3.050537109375,-2.6617431640625,1.218719482421875,0.0,4.0,4.0,4.0,4.0,100.0,event
10:33:52.794,0.0,0.0,0.0,0.0,0.0,0.0,0.0,0.0,0.0,0.0,0.0,0.0,0.0,0.0,0.0,0.0,0.0,0.0,0.0,0.0,899.7436,768.3883,792.1612,77.36264,679.7436,-0.44683837890625,0.147705078125,0.872802734375,3.050537109375,-2.6617431640625,1.218719482421875,0.0,4.0,4.0,4.0,4.0,100.0,event
10:33:52.795,0.0,0.0,0.0,0.0,0.0,0.0,0.0,0.0,0.0,0.0,0.0,0.0,0.0,0.0,0.0,0.0,0.0,0.0,0.0,0.0,839.304,768.3883,793.36993,502.85715,822.381,-0.44683837890625,0.147705078125,0.872802734375,3.050537109375,-2.6617431640625,1.218719482421875,0.0,4.0,4.0,4.0,4.0,100.0,event
10:33:52.795,0.0,0.0,0.0,0.0,0.0,0.0,0.0,0.0,0.0,0.0,0.0,0.0,0.0,0.0,0.0,0.0,0.0,0.0,0.0,0.0,814.3223,768.7912,790.54944,667.6557,768.3883,-0.44683837890625,0.147705078125,0.872802734375,3.050537109375,-2.6617431640625,1.218719482421875,0.0,4.0,4.0,4.0,4.0,100.0,event
10:33:52.796,0.0,0.0,0.0,0.0,0.0,0.0,0.0,0.0,0.0,0.0,0.0,0.0,0.0,0.0,0.0,0.0,0.0,0.0,0.0,0.0,846.1539,766.77655,784.5055,537.1062,750.2564,-0.44683837890625,0.147705078125,0.872802734375,3.050537109375,-2.6617431640625,1.218719482421875,0.0,4.0,4.0,4.0,4.0,100.0,event
10:33:52.825,0.0,0.0,0.0,0.0,0.0,0.0,0.0,0.0,0.0,0.0,0.0,0.0,0.0,0.0,0.0,0.0,0.0,0.0,0.0,0.0,889.67035,765.56775,786.9231,565.7143,811.0989,-0.44244384765625,0.1458740234375,0.87738037109375,2.415008544921875,-3.57391357421875,0.366363525390625,0.0,4.0,4.0,4.0,4.0,100.0,event
10:33:52.826,0.0,0.0,0.0,0.0,0.0,0.0,0.0,0.0,0.0,0.0,0.0,0.0,0.0,0.0,0.0,0.0,0.0,0.0,0.0,0.0,899.7436,767.1795,791.75824,611.6484,883.6264,-0.44244384765625,0.1458740234375,0.87738037109375,2.415008544921875,-3.57391357421875,0.366363525390625,0.0,4.0,4.0,4.0,4.0,100.0,event
10:33:52.827,0.0,0.0,0.0,0.0,0.0,0.0,0.0,0.0,0.0,0.0,0.0,0.0,0.0,0.0,0.0,0.0,0.0,0.0,0.0,0.0,856.63007,770.40295,790.9524,1309.9268,767.98535,-0.44244384765625,0.1458740234375,0.87738037109375,2.415008544921875,-3.57391357421875,0.366363525390625,0.0,4.0,4.0,4.0,4.0,100.0,event
10:33:52.828,0.0,0.0,0.0,0.0,0.0,0.0,0.0,0.0,0.0,0.0,0.0,0.0,0.0,0.0,0.0,0.0,0.0,0.0,0.0,0.0,822.7839,766.77655,793.7729,1198.3151,692.23444,-0.44244384765625,0.1458740234375,0.87738037109375,2.415008544921875,-3.57391357421875,0.366363525390625,0.0,4.0,4.0,4.0,4.0,100.0,event
10:33:52.828,0.0,0.0,0.0,0.0,0.0,0.0,0.0,0.0,0.0,0.0,0.0,0.0,0.0,0.0,0.0,0.0,0.0,0.0,0.0,0.0,817.5458,768.3883,789.34064,1604.4689,670.4762,-0.44244384765625,0.1458740234375,0.87738037109375,2.415008544921875,-3.57391357421875,0.366363525390625,0.0,4.0,4.0,4.0,4.0,100.0,event
10:33:52.829,0.0,0.0,0.0,0.0,0.0,0.0,0.0,0.0,0.0,0.0,0.0,0.0,0.0,0.0,0.0,0.0,0.0,0.0,0.0,0.0,869.12085,772.01465,794.9817,1151.5751,847.76556,-0.44244384765625,0.1458740234375,0.87738037109375,2.415008544921875,-3.57391357421875,0.366363525390625,0.0,4.0,4.0,4.0,4.0,100.0,event
10:33:52.830,0.0,0.0,0.0,0.0,0.0,0.0,0.0,0.0,0.0,0.0,0.0,0.0,0.0,0.0,0.0,0.0,0.0,0.0,0.0,0.0,914.2491,771.2088,791.3553,1110.4762,938.8278,-0.44244384765625,0.1458740234375,0.87738037109375,2.415008544921875,-3.57391357421875,0.366363525390625,0.0,4.0,4.0,4.0,4.0,100.0,event
10:33:52.831,0.0,0.0,0.0,0.0,0.0,0.0,0.0,0.0,0.0,0.0,0.0,0.0,0.0,0.0,0.0,0.0,0.0,0.0,0.0,0.0,885.2381,769.59705,796.1905,1131.0256,864.68866,-0.44244384765625,0.1458740234375,0.87738037109375,2.415008544921875,-3.57391357421875,0.366363525390625,0.0,4.0,4.0,4.0,4.0,100.0,event
10:33:52.831,0.0,0.0,0.0,0.0,0.0,0.0,0.0,0.0,0.0,0.0,0.0,0.0,0.0,0.0,0.0,0.0,0.0,0.0,0.0,0.0,819.9634,769.19415,801.02563,1376.4103,820.7692,-0.44244384765625,0.1458740234375,0.87738037109375,2.415008544921875,-3.57391357421875,0.366363525390625,0.0,4.0,4.0,4.0,4.0,100.0,event
10:33:52.832,0.0,0.0,0.0,0.0,0.0,0.0,0.0,0.0,0.0,0.0,0.0,0.0,0.0,0.0,0.0,0.0,0.0,0.0,0.0,0.0,811.9048,766.3736,798.60803,1592.381,1017.8022,-0.44244384765625,0.1458740234375,0.87738037109375,2.415008544921875,-3.57391357421875,0.366363525390625,0.0,4.0,4.0,4.0,4.0,100.0,event
10:33:52.832,0.0,0.0,0.0,0.0,0.0,0.0,0.0,0.0,0.0,0.0,0.0,0.0,0.0,0.0,0.0,0.0,0.0,0.0,0.0,0.0,863.8828,766.3736,793.36993,1612.9304,898.93774,-0.44244384765625,0.1458740234375,0.87738037109375,2.415008544921875,-3.57391357421875,0.366363525390625,0.0,4.0,4.0,4.0,4.0,100.0,event
10:33:52.833,0.0,0.0,0.0,0.0,0.0,0.0,0.0,0.0,0.0,0.0,0.0,0.0,0.0,0.0,0.0,0.0,0.0,0.0,0.0,0.0,904.17584,768.3883,795.38464,1399.3773,697.0696,-0.44244384765625,0.1458740234375,0.87738037109375,2.415008544921875,-3.57391357421875,0.366363525390625,0.0,4.0,4.0,4.0,4.0,100.0,event
10:33:52.891,0.0,0.0,0.0,0.0,0.0,0.0,0.0,0.0,0.0,0.0,0.0,0.0,0.0,0.0,0.0,0.0,0.0,0.0,0.0,0.0,868.71796,769.19415,799.41394,760.32965,740.18317,-0.4420166015625,0.1456298828125,0.8695068359375,2.355194091796875,-4.015045166015625,0.635528564453125,0.0,4.0,4.0,4.0,4.0,100.0,event
10:33:52.892,0.0,0.0,0.0,0.0,0.0,0.0,0.0,0.0,0.0,0.0,0.0,0.0,0.0,0.0,0.0,0.0,0.0,0.0,0.0,0.0,834.0659,769.59705,792.1612,103.553116,606.8132,-0.4420166015625,0.1456298828125,0.8695068359375,2.355194091796875,-4.015045166015625,0.635528564453125,0.0,4.0,4.0,4.0,4.0,100.0,event
10:33:52.894,0.0,0.0,0.0,0.0,0.0,0.0,0.0,0.0,0.0,0.0,0.0,0.0,0.0,0.0,0.0,0.0,0.0,0.0,0.0,0.0,858.24176,768.3883,787.326,0.0,531.06226,-0.4420166015625,0.1456298828125,0.8695068359375,2.355194091796875,-4.015045166015625,0.635528564453125,0.0,4.0,4.0,4.0,4.0,100.0,event
10:33:52.895,0.0,0.0,0.0,0.0,0.0,0.0,0.0,0.0,0.0,0.0,0.0,0.0,0.0,0.0,0.0,0.0,0.0,0.0,0.0,0.0,881.6117,764.7619,785.7143,18.131868,626.1539,-0.4420166015625,0.1456298828125,0.8695068359375,2.355194091796875,-4.015045166015625,0.635528564453125,0.0,4.0,4.0,4.0,4.0,100.0,event
10:33:52.897,0.0,0.0,0.0,0.0,0.0,0.0,0.0,0.0,0.0,0.0,0.0,0.0,0.0,0.0,0.0,0.0,0.0,0.0,0.0,0.0,911.4286,764.7619,786.9231,0.0,797.8022,-0.4420166015625,0.1456298828125,0.8695068359375,2.355194091796875,-4.015045166015625,0.635528564453125,0.0,4.0,4.0,4.0,4.0,100.0,event
10:33:52.899,0.0,0.0,0.0,0.0,0.0,0.0,0.0,0.0,0.0,0.0,0.0,0.0,0.0,0.0,0.0,0.0,0.0,0.0,0.0,0.0,920.696,769.19415,791.75824,0.0,887.25275,-0.4420166015625,0.1456298828125,0.8695068359375,2.355194091796875,-4.015045166015625,0.635528564453125,0.0,4.0,4.0,4.0,4.0,100.0,event
10:33:52.903,0.0,0.0,0.0,0.0,0.0,0.0,0.0,0.0,0.0,0.0,0.0,0.0,0.0,0.0,0.0,0.0,0.0,0.0,0.0,0.0,856.63007,771.6117,801.4286,0.0,821.5751,-0.4420166015625,0.1456298828125,0.8695068359375,2.355194091796875,-4.015045166015625,0.635528564453125,0.0,4.0,4.0,4.0,4.0,100.0,event
10:33:52.904,0.0,0.0,0.0,0.0,0.0,0.0,0.0,0.0,0.0,0.0,0.0,0.0,0.0,0.0,0.0,0.0,0.0,0.0,0.0,0.0,825.2015,770.40295,799.41394,0.0,705.5311,-0.4420166015625,0.1456298828125,0.8695068359375,2.355194091796875,-4.015045166015625,0.635528564453125,0.0,4.0,4.0,4.0,4.0,100.0,event
10:33:52.905,0.0,0.0,0.0,0.0,0.0,0.0,0.0,0.0,0.0,0.0,0.0,0.0,0.0,0.0,0.0,0.0,0.0,0.0,0.0,0.0,882.4176,765.56775,789.7436,0.0,854.61536,-0.4420166015625,0.1456298828125,0.8695068359375,2.355194091796875,-4.015045166015625,0.635528564453125,0.0,4.0,4.0,4.0,4.0,100.0,event
10:33:52.905,0.0,0.0,0.0,0.0,0.0,0.0,0.0,0.0,0.0,0.0,0.0,0.0,0.0,0.0,0.0,0.0,0.0,0.0,0.0,0.0,913.0403,764.7619,794.57874,2.014652,927.9487,-0.4420166015625,0.1456298828125,0.8695068359375,2.355194091796875,-4.015045166015625,0.635528564453125,0.0,4.0,4.0,4.0,4.0,100.0,event
10:33:52.906,0.0,0.0,0.0,0.0,0.0,0.0,0.0,0.0,0.0,0.0,0.0,0.0,0.0,0.0,0.0,0.0,0.0,0.0,0.0,0.0,886.04395,767.98535,799.011,0.0,691.8315,-0.4420166015625,0.1456298828125,0.8695068359375,2.355194091796875,-4.015045166015625,0.635528564453125,0.0,4.0,4.0,4.0,4.0,100.0,event
10:33:52.907,0.0,0.0,0.0,0.0,0.0,0.0,0.0,0.0,0.0,0.0,0.0,0.0,0.0,0.0,0.0,0.0,0.0,0.0,0.0,0.0,859.0476,767.1795,798.20514,53.589745,678.5348,-0.4420166015625,0.1456298828125,0.8695068359375,2.355194091796875,-4.015045166015625,0.635528564453125,0.0,4.0,4.0,4.0,4.0,100.0,event
10:33:52.955,0.0,0.0,0.0,0.0,0.0,0.0,0.0,0.0,0.0,0.0,0.0,0.0,0.0,0.0,0.0,0.0,0.0,0.0,0.0,0.0,845.34796,767.5824,794.9817,51.575092,785.31134,-0.44036865234375,0.15423583984375,0.8748779296875,1.981353759765625,-4.08233642578125,1.06170654296875,0.0,4.0,4.0,4.0,4.0,100.0,event
10:33:52.956,0.0,0.0,0.0,0.0,0.0,0.0,0.0,0.0,0.0,0.0,0.0,0.0,0.0,0.0,0.0,0.0,0.0,0.0,0.0,0.0,867.1062,770.40295,794.17584,0.0,723.663,-0.44036865234375,0.15423583984375,0.8748779296875,1.981353759765625,-4.08233642578125,1.06170654296875,0.0,4.0,4.0,4.0,4.0,100.0,event
10:33:52.957,0.0,0.0,0.0,0.0,0.0,0.0,0.0,0.0,0.0,0.0,0.0,0.0,0.0,0.0,0.0,0.0,0.0,0.0,0.0,0.0,909.81683,765.9707,792.1612,6.0439563,706.337,-0.44036865234375,0.15423583984375,0.8748779296875,1.981353759765625,-4.08233642578125,1.06170654296875,0.0,4.0,4.0,4.0,4.0,100.0,event
10:33:52.959,0.0,0.0,0.0,0.0,0.0,0.0,0.0,0.0,0.0,0.0,0.0,0.0,0.0,0.0,0.0,0.0,0.0,0.0,0.0,0.0,892.49084,765.56775,792.5641,4.4322343,765.9707,-0.44036865234375,0.15423583984375,0.8748779296875,1.981353759765625,-4.08233642578125,1.06170654296875,0.0,4.0,4.0,4.0,4.0,100.0,event
10:33:52.961,0.0,0.0,0.0,0.0,0.0,0.0,0.0,0.0,0.0,0.0,0.0,0.0,0.0,0.0,0.0,0.0,0.0,0.0,0.0,0.0,822.381,770.40295,792.1612,0.0,819.15753,-0.44036865234375,0.15423583984375,0.8748779296875,1.981353759765625,-4.08233642578125,1.06170654296875,0.0,4.0,4.0,4.0,4.0,100.0,event
10:33:52.962,0.0,0.0,0.0,0.0,0.0,0.0,0.0,0.0,0.0,0.0,0.0,0.0,0.0,0.0,0.0,0.0,0.0,0.0,0.0,0.0,813.91943,769.59705,796.5934,16.520147,839.304,-0.44036865234375,0.15423583984375,0.8748779296875,1.981353759765625,-4.08233642578125,1.06170654296875,0.0,4.0,4.0,4.0,4.0,100.0,event
10:33:52.963,0.0,0.0,0.0,0.0,0.0,0.0,0.0,0.0,0.0,0.0,0.0,0.0,0.0,0.0,0.0,0.0,0.0,0.0,0.0,0.0,873.95605,766.77655,799.011,68.49817,778.46155,-0.44036865234375,0.15423583984375,0.8748779296875,1.981353759765625,-4.08233642578125,1.06170654296875,0.0,4.0,4.0,4.0,4.0,100.0,event
10:33:52.964,0.0,0.0,0.0,0.0,0.0,0.0,0.0,0.0,0.0,0.0,0.0,0.0,0.0,0.0,0.0,0.0,0.0,0.0,0.0,0.0,913.8461,765.56775,790.9524,47.94872,813.91943,-0.44036865234375,0.15423583984375,0.8748779296875,1.981353759765625,-4.08233642578125,1.06170654296875,0.0,4.0,4.0,4.0,4.0,100.0,event
10:33:52.964,0.0,0.0,0.0,0.0,0.0,0.0,0.0,0.0,0.0,0.0,0.0,0.0,0.0,0.0,0.0,0.0,0.0,0.0,0.0,0.0,898.1319,765.9707,788.5348,0.0,1038.3517,-0.44036865234375,0.15423583984375,0.8748779296875,1.981353759765625,-4.08233642578125,1.06170654296875,0.0,4.0,4.0,4.0,4.0,100.0,event
10:33:52.964,0.0,0.0,0.0,0.0,0.0,0.0,0.0,0.0,0.0,0.0,0.0,0.0,0.0,0.0,0.0,0.0,0.0,0.0,0.0,0.0,857.8388,767.1795,792.1612,134.17583,867.9121,-0.44036865234375,0.15423583984375,0.8748779296875,1.981353759765625,-4.08233642578125,1.06170654296875,0.0,4.0,4.0,4.0,4.0,100.0,event
10:33:52.965,0.0,0.0,0.0,0.0,0.0,0.0,0.0,0.0,0.0,0.0,0.0,0.0,0.0,0.0,0.0,0.0,0.0,0.0,0.0,0.0,836.08057,766.3736,798.20514,502.05127,701.50183,-0.44036865234375,0.15423583984375,0.8748779296875,1.981353759765625,-4.08233642578125,1.06170654296875,0.0,4.0,4.0,4.0,4.0,100.0,event
10:33:52.966,0.0,0.0,0.0,0.0,0.0,0.0,0.0,0.0,0.0,0.0,0.0,0.0,0.0,0.0,0.0,0.0,0.0,0.0,0.0,0.0,871.13556,763.95605,799.011,756.30035,798.60803,-0.44036865234375,0.15423583984375,0.8748779296875,1.981353759765625,-4.08233642578125,1.06170654296875,0.0,4.0,4.0,4.0,4.0,100.0,event
10:33:53.001,0.0,0.0,0.0,0.0,0.0,0.0,0.0,0.0,0.0,0.0,0.0,0.0,0.0,0.0,0.0,0.0,0.0,0.0,0.0,0.0,919.0842,763.5531,797.8022,1387.6923,862.674,-0.4442138671875,0.1453857421875,0.872802734375,1.846771240234375,-3.46923828125,0.770111083984375,0.0,4.0,4.0,4.0,4.0,100.0,event
10:33:53.002,0.0,0.0,0.0,0.0,0.0,0.0,0.0,0.0,0.0,0.0,0.0,0.0,0.0,0.0,0.0,0.0,0.0,0.0,0.0,0.0,919.89014,762.74725,797.3993,40.29304,870.32965,-0.4442138671875,0.1453857421875,0.872802734375,1.846771240234375,-3.46923828125,0.770111083984375,0.0,4.0,4.0,4.0,4.0,100.0,event
10:33:53.003,0.0,0.0,0.0,0.0,0.0,0.0,0.0,0.0,0.0,0.0,0.0,0.0,0.0,0.0,0.0,0.0,0.0,0.0,0.0,0.0,870.7326,764.7619,793.36993,1571.4286,799.81683,-0.4442138671875,0.1453857421875,0.872802734375,1.846771240234375,-3.46923828125,0.770111083984375,0.0,4.0,4.0,4.0,4.0,100.0,event
10:33:53.004,0.0,0.0,0.0,0.0,0.0,0.0,0.0,0.0,0.0,0.0,0.0,0.0,0.0,0.0,0.0,0.0,0.0,0.0,0.0,0.0,829.2308,768.3883,794.9817,510.1099,817.5458,-0.4442138671875,0.1453857421875,0.872802734375,1.846771240234375,-3.46923828125,0.770111083984375,0.0,4.0,4.0,4.0,4.0,100.0,event
10:33:53.005,0.0,0.0,0.0,0.0,0.0,0.0,0.0,0.0,0.0,0.0,0.0,0.0,0.0,0.0,0.0,0.0,0.0,0.0,0.0,0.0,846.1539,768.7912,791.75824,0.0,809.4872,-0.4442138671875,0.1453857421875,0.872802734375,1.846771240234375,-3.46923828125,0.770111083984375,0.0,4.0,4.0,4.0,4.0,100.0,event
10:33:53.005,0.0,0.0,0.0,0.0,0.0,0.0,0.0,0.0,0.0,0.0,0.0,0.0,0.0,0.0,0.0,0.0,0.0,0.0,0.0,0.0,889.2674,766.77655,792.96704,53.992676,875.16486,-0.4442138671875,0.1453857421875,0.872802734375,1.846771240234375,-3.46923828125,0.770111083984375,0.0,4.0,4.0,4.0,4.0,100.0,event
10:33:53.006,0.0,0.0,0.0,0.0,0.0,0.0,0.0,0.0,0.0,0.0,0.0,0.0,0.0,0.0,0.0,0.0,0.0,0.0,0.0,0.0,910.2198,764.7619,791.75824,67.69231,892.8938,-0.4442138671875,0.1453857421875,0.872802734375,1.846771240234375,-3.46923828125,0.770111083984375,0.0,4.0,4.0,4.0,4.0,100.0,event
10:33:53.007,0.0,0.0,0.0,0.0,0.0,0.0,0.0,0.0,0.0,0.0,0.0,0.0,0.0,0.0,0.0,0.0,0.0,0.0,0.0,0.0,867.50916,763.95605,791.3553,43.919415,895.31134,-0.4442138671875,0.1453857421875,0.872802734375,1.846771240234375,-3.46923828125,0.770111083984375,0.0,4.0,4.0,4.0,4.0,100.0,event
10:33:53.011,0.0,0.0,0.0,0.0,0.0,0.0,0.0,0.0,0.0,0.0,0.0,0.0,0.0,0.0,0.0,0.0,0.0,0.0,0.0,0.0,815.5311,762.3443,794.57874,0.0,881.6117,-0.4442138671875,0.1453857421875,0.872802734375,1.846771240234375,-3.46923828125,0.770111083984375,0.0,4.0,4.0,4.0,4.0,100.0,event
10:33:53.011,0.0,0.0,0.0,0.0,0.0,0.0,0.0,0.0,0.0,0.0,0.0,0.0,0.0,0.0,0.0,0.0,0.0,0.0,0.0,0.0,830.4396,762.3443,796.1905,0.4029304,666.4469,-0.4442138671875,0.1453857421875,0.872802734375,1.846771240234375,-3.46923828125,0.770111083984375,0.0,4.0,4.0,4.0,4.0,100.0,event
10:33:53.012,0.0,0.0,0.0,0.0,0.0,0.0,0.0,0.0,0.0,0.0,0.0,0.0,0.0,0.0,0.0,0.0,0.0,0.0,0.0,0.0,869.5238,763.1502,792.5641,6.0439563,697.8755,-0.4442138671875,0.1453857421875,0.872802734375,1.846771240234375,-3.46923828125,0.770111083984375,0.0,4.0,4.0,4.0,4.0,100.0,event
10:33:53.013,0.0,0.0,0.0,0.0,0.0,0.0,0.0,0.0,0.0,0.0,0.0,0.0,0.0,0.0,0.0,0.0,0.0,0.0,0.0,0.0,882.4176,761.53845,790.9524,11.282051,778.86444,-0.4442138671875,0.1453857421875,0.872802734375,1.846771240234375,-3.46923828125,0.770111083984375,0.0,4.0,4.0,4.0,4.0,100.0,event
10:33:53.034,0.0,0.0,0.0,0.0,0.0,0.0,0.0,0.0,0.0,0.0,0.0,0.0,0.0,0.0,0.0,0.0,0.0,0.0,0.0,0.0,841.31866,764.35895,788.1319,0.0,693.0403,-0.4442138671875,0.1453857421875,0.872802734375,1.846771240234375,-3.46923828125,0.770111083984375,0.0,4.0,4.0,4.0,4.0,100.0,event
10:33:53.035,0.0,0.0,0.0,0.0,0.0,0.0,0.0,0.0,0.0,0.0,0.0,0.0,0.0,0.0,0.0,0.0,0.0,0.0,0.0,0.0,804.2491,764.35895,787.326,422.67398,672.0879,-0.4442138671875,0.1453857421875,0.872802734375,1.846771240234375,-3.46923828125,0.770111083984375,0.0,4.0,4.0,4.0,4.0,100.0,event
10:33:53.035,0.0,0.0,0.0,0.0,0.0,0.0,0.0,0.0,0.0,0.0,0.0,0.0,0.0,0.0,0.0,0.0,0.0,0.0,0.0,0.0,794.17584,759.5238,792.5641,1164.4689,734.5421,-0.4442138671875,0.1453857421875,0.872802734375,1.846771240234375,-3.46923828125,0.770111083984375,0.0,4.0,4.0,4.0,4.0,100.0,event
10:33:53.036,0.0,0.0,0.0,0.0,0.0,0.0,0.0,0.0,0.0,0.0,0.0,0.0,0.0,0.0,0.0,0.0,0.0,0.0,0.0,0.0,807.47253,758.315,789.7436,1499.3041,820.7692,-0.4442138671875,0.1453857421875,0.872802734375,1.846771240234375,-3.46923828125,0.770111083984375,0.0,4.0,4.0,4.0,4.0,100.0,event
10:33:53.036,0.0,0.0,0.0,0.0,0.0,0.0,0.0,0.0,0.0,0.0,0.0,0.0,0.0,0.0,0.0,0.0,0.0,0.0,0.0,0.0,817.5458,759.5238,794.17584,1358.2784,887.25275,-0.4442138671875,0.1453857421875,0.872802734375,1.846771240234375,-3.46923828125,0.770111083984375,0.0,4.0,4.0,4.0,4.0,100.0,event
10:33:53.036,0.0,0.0,0.0,0.0,0.0,0.0,0.0,0.0,0.0,0.0,0.0,0.0,0.0,0.0,0.0,0.0,0.0,0.0,0.0,0.0,770.80585,761.9414,796.1905,1376.0073,855.42126,-0.4442138671875,0.1453857421875,0.872802734375,1.846771240234375,-3.46923828125,0.770111083984375,0.0,4.0,4.0,4.0,4.0,100.0,event
10:33:53.037,0.0,0.0,0.0,0.0,0.0,0.0,0.0,0.0,0.0,0.0,0.0,0.0,0.0,0.0,0.0,0.0,0.0,0.0,0.0,0.0,718.4249,759.92676,792.5641,1566.1904,1047.2161,-0.4442138671875,0.1453857421875,0.872802734375,1.846771240234375,-3.46923828125,0.770111083984375,0.0,4.0,4.0,4.0,4.0,100.0,event
10:33:53.037,0.0,0.0,0.0,0.0,0.0,0.0,0.0,0.0,0.0,0.0,0.0,0.0,0.0,0.0,0.0,0.0,0.0,0.0,0.0,0.0,709.15753,761.53845,786.1172,1593.5897,1082.2711,-0.4442138671875,0.1453857421875,0.872802734375,1.846771240234375,-3.46923828125,0.770111083984375,0.0,4.0,4.0,4.0,4.0,100.0,event
10:33:53.037,0.0,0.0,0.0,0.0,0.0,0.0,0.0,0.0,0.0,0.0,0.0,0.0,0.0,0.0,0.0,0.0,0.0,0.0,0.0,0.0,715.6044,764.7619,788.1319,1589.5604,848.1685,-0.4442138671875,0.1453857421875,0.872802734375,1.846771240234375,-3.46923828125,0.770111083984375,0.0,4.0,4.0,4.0,4.0,100.0,event
10:33:53.038,0.0,0.0,0.0,0.0,0.0,0.0,0.0,0.0,0.0,0.0,0.0,0.0,0.0,0.0,0.0,0.0,0.0,0.0,0.0,0.0,731.7216,761.53845,799.41394,1542.8206,802.6374,-0.4442138671875,0.1453857421875,0.872802734375,1.846771240234375,-3.46923828125,0.770111083984375,0.0,4.0,4.0,4.0,4.0,100.0,event
10:33:53.038,0.0,0.0,0.0,0.0,0.0,0.0,0.0,0.0,0.0,0.0,0.0,0.0,0.0,0.0,0.0,0.0,0.0,0.0,0.0,0.0,687.8022,765.16486,806.26373,1587.5458,829.2308,-0.4442138671875,0.1453857421875,0.872802734375,1.846771240234375,-3.46923828125,0.770111083984375,0.0,4.0,4.0,4.0,4.0,100.0,event
10:33:53.038,0.0,0.0,0.0,0.0,0.0,0.0,0.0,0.0,0.0,0.0,0.0,0.0,0.0,0.0,0.0,0.0,0.0,0.0,0.0,0.0,624.5421,764.7619,794.17584,1624.2124,818.7546,-0.4442138671875,0.1453857421875,0.872802734375,1.846771240234375,-3.46923828125,0.770111083984375,0.0,4.0,4.0,4.0,4.0,100.0,event
10:33:53.066,0.0,0.0,0.0,0.0,0.0,0.0,0.0,0.0,0.0,0.0,0.0,0.0,0.0,0.0,0.0,0.0,0.0,0.0,0.0,0.0,639.45056,763.1502,780.87915,1630.2565,726.8865,-0.44189453125,0.14739990234375,0.87982177734375,1.652374267578125,-2.235565185546875,2.1533203125,0.0,4.0,4.0,4.0,4.0,100.0,event
10:33:53.067,0.0,0.0,0.0,0.0,0.0,0.0,0.0,0.0,0.0,0.0,0.0,0.0,0.0,0.0,0.0,0.0,0.0,0.0,0.0,0.0,695.4579,761.13556,795.78754,1623.4066,728.9011,-0.44189453125,0.14739990234375,0.87982177734375,1.652374267578125,-2.235565185546875,2.1533203125,0.0,4.0,4.0,4.0,4.0,100.0,event
10:33:53.068,0.0,0.0,0.0,0.0,0.0,0.0,0.0,0.0,0.0,0.0,0.0,0.0,0.0,0.0,0.0,0.0,0.0,0.0,0.0,0.0,740.58606,762.3443,805.4579,1614.5421,819.5604,-0.44189453125,0.14739990234375,0.87982177734375,1.652374267578125,-2.235565185546875,2.1533203125,0.0,4.0,4.0,4.0,4.0,100.0,event
10:33:53.068,0.0,0.0,0.0,0.0,0.0,0.0,0.0,0.0,0.0,0.0,0.0,0.0,0.0,0.0,0.0,0.0,0.0,0.0,0.0,0.0,730.9158,765.16486,801.8315,1626.63,831.6484,-0.44189453125,0.14739990234375,0.87982177734375,1.652374267578125,-2.235565185546875,2.1533203125,0.0,4.0,4.0,4.0,4.0,100.0,event
10:33:53.069,0.0,0.0,0.0,0.0,0.0,0.0,0.0,0.0,0.0,0.0,0.0,0.0,0.0,0.0,0.0,0.0,0.0,0.0,0.0,0.0,692.6374,757.50916,800.2198,1629.4506,773.6264,-0.44189453125,0.14739990234375,0.87982177734375,1.652374267578125,-2.235565185546875,2.1533203125,0.0,4.0,4.0,4.0,4.0,100.0,event
10:33:53.069,0.0,0.0,0.0,0.0,0.0,0.0,0.0,0.0,0.0,0.0,0.0,0.0,0.0,0.0,0.0,0.0,0.0,0.0,0.0,0.0,705.5311,754.2857,796.99634,1627.4359,824.3956,-0.44189453125,0.14739990234375,0.87982177734375,1.652374267578125,-2.235565185546875,2.1533203125,0.0,4.0,4.0,4.0,4.0,100.0,event
10:33:53.069,0.0,0.0,0.0,0.0,0.0,0.0,0.0,0.0,0.0,0.0,0.0,0.0,0.0,0.0,0.0,0.0,0.0,0.0,0.0,0.0,761.53845,754.2857,789.7436,1631.0623,982.74725,-0.44189453125,0.14739990234375,0.87982177734375,1.652374267578125,-2.235565185546875,2.1533203125,0.0,4.0,4.0,4.0,4.0,100.0,event
10:33:53.070,0.0,0.0,0.0,0.0,0.0,0.0,0.0,0.0,0.0,0.0,0.0,0.0,0.0,0.0,0.0,0.0,0.0,0.0,0.0,0.0,802.6374,753.0769,794.17584,1625.4213,1043.5897,-0.44189453125,0.14739990234375,0.87982177734375,1.652374267578125,-2.235565185546875,2.1533203125,0.0,4.0,4.0,4.0,4.0,100.0,event
10:33:53.071,0.0,0.0,0.0,0.0,0.0,0.0,0.0,0.0,0.0,0.0,0.0,0.0,0.0,0.0,0.0,0.0,0.0,0.0,0.0,0.0,757.1062,758.315,810.293,18.534798,681.75824,-0.44189453125,0.14739990234375,0.87982177734375,1.652374267578125,-2.235565185546875,2.1533203125,0.0,4.0,4.0,4.0,4.0,100.0,event
10:33:53.071,0.0,0.0,0.0,0.0,0.0,0.0,0.0,0.0,0.0,0.0,0.0,0.0,0.0,0.0,0.0,0.0,0.0,0.0,0.0,0.0,793.36993,757.50916,811.50183,1607.2894,758.71796,-0.44189453125,0.14739990234375,0.87982177734375,1.652374267578125,-2.235565185546875,2.1533203125,0.0,4.0,4.0,4.0,4.0,100.0,event
10:33:53.075,0.0,0.0,0.0,0.0,0.0,0.0,0.0,0.0,0.0,0.0,0.0,0.0,0.0,0.0,0.0,0.0,0.0,0.0,0.0,0.0,757.1062,756.7033,787.72894,1214.8352,836.4835,-0.44189453125,0.14739990234375,0.87982177734375,1.652374267578125,-2.235565185546875,2.1533203125,0.0,4.0,4.0,4.0,4.0,100.0,event
10:33:53.075,0.0,0.0,0.0,0.0,0.0,0.0,0.0,0.0,0.0,0.0,0.0,0.0,0.0,0.0,0.0,0.0,0.0,0.0,0.0,0.0,802.6374,757.1062,780.87915,690.6227,726.8865,-0.44189453125,0.14739990234375,0.87982177734375,1.652374267578125,-2.235565185546875,2.1533203125,0.0,4.0,4.0,4.0,4.0,100.0,event
10:33:53.154,0.0,0.0,0.0,0.0,0.0,0.0,0.0,0.0,0.0,0.0,0.0,0.0,0.0,0.0,0.0,0.0,0.0,0.0,0.0,0.0,848.97437,755.09155,784.10254,794.57874,650.32965,-0.440185546875,0.147216796875,0.8681640625,1.667327880859375,-3.51409912109375,2.429962158203125,0.0,4.0,4.0,4.0,4.0,100.0,event
10:33:53.155,0.0,0.0,0.0,0.0,0.0,0.0,0.0,0.0,0.0,0.0,0.0,0.0,0.0,0.0,0.0,0.0,0.0,0.0,0.0,0.0,855.0183,755.4945,792.1612,699.4872,761.53845,-0.440185546875,0.147216796875,0.8681640625,1.667327880859375,-3.51409912109375,2.429962158203125,0.0,4.0,4.0,4.0,4.0,100.0,event
10:33:53.155,0.0,0.0,0.0,0.0,0.0,0.0,0.0,0.0,0.0,0.0,0.0,0.0,0.0,0.0,0.0,0.0,0.0,0.0,0.0,0.0,812.71063,757.50916,801.8315,386.41025,783.69965,-0.440185546875,0.147216796875,0.8681640625,1.667327880859375,-3.51409912109375,2.429962158203125,0.0,4.0,4.0,4.0,4.0,100.0,event
10:33:53.156,0.0,0.0,0.0,0.0,0.0,0.0,0.0,0.0,0.0,0.0,0.0,0.0,0.0,0.0,0.0,0.0,0.0,0.0,0.0,0.0,786.52014,762.74725,788.93774,186.9597,691.8315,-0.440185546875,0.147216796875,0.8681640625,1.667327880859375,-3.51409912109375,2.429962158203125,0.0,4.0,4.0,4.0,4.0,100.0,event
10:33:53.157,0.0,0.0,0.0,0.0,0.0,0.0,0.0,0.0,0.0,0.0,0.0,0.0,0.0,0.0,0.0,0.0,0.0,0.0,0.0,0.0,823.9927,762.74725,784.90845,44.725273,636.2271,-0.440185546875,0.147216796875,0.8681640625,1.667327880859375,-3.51409912109375,2.429962158203125,0.0,4.0,4.0,4.0,4.0,100.0,event
10:33:53.157,0.0,0.0,0.0,0.0,0.0,0.0,0.0,0.0,0.0,0.0,0.0,0.0,0.0,0.0,0.0,0.0,0.0,0.0,0.0,0.0,873.1502,757.9121,800.2198,0.0,784.5055,-0.440185546875,0.147216796875,0.8681640625,1.667327880859375,-3.51409912109375,2.429962158203125,0.0,4.0,4.0,4.0,4.0,100.0,event
10:33:53.158,0.0,0.0,0.0,0.0,0.0,0.0,0.0,0.0,0.0,0.0,0.0,0.0,0.0,0.0,0.0,0.0,0.0,0.0,0.0,0.0,871.53845,758.71796,799.41394,41.904762,1023.44324,-0.440185546875,0.147216796875,0.8681640625,1.667327880859375,-3.51409912109375,2.429962158203125,0.0,4.0,4.0,4.0,4.0,100.0,event
10:33:53.158,0.0,0.0,0.0,0.0,0.0,0.0,0.0,0.0,0.0,0.0,0.0,0.0,0.0,0.0,0.0,0.0,0.0,0.0,0.0,0.0,829.2308,756.7033,784.10254,0.0,805.4579,-0.440185546875,0.147216796875,0.8681640625,1.667327880859375,-3.51409912109375,2.429962158203125,0.0,4.0,4.0,4.0,4.0,100.0,event
10:33:53.159,0.0,0.0,0.0,0.0,0.0,0.0,0.0,0.0,0.0,0.0,0.0,0.0,0.0,0.0,0.0,0.0,0.0,0.0,0.0,0.0,813.1135,756.7033,776.8498,34.652016,616.08057,-0.440185546875,0.147216796875,0.8681640625,1.667327880859375,-3.51409912109375,2.429962158203125,0.0,4.0,4.0,4.0,4.0,100.0,event
10:33:53.160,0.0,0.0,0.0,0.0,0.0,0.0,0.0,0.0,0.0,0.0,0.0,0.0,0.0,0.0,0.0,0.0,0.0,0.0,0.0,0.0,864.2857,761.53845,796.1905,27.399267,891.685,-0.440185546875,0.147216796875,0.8681640625,1.667327880859375,-3.51409912109375,2.429962158203125,0.0,4.0,4.0,4.0,4.0,100.0,event
10:33:53.160,0.0,0.0,0.0,0.0,0.0,0.0,0.0,0.0,0.0,0.0,0.0,0.0,0.0,0.0,0.0,0.0,0.0,0.0,0.0,0.0,839.304,761.9414,789.7436,1161.6483,705.9341,-0.440185546875,0.147216796875,0.8681640625,1.667327880859375,-3.51409912109375,2.429962158203125,0.0,4.0,4.0,4.0,4.0,100.0,event
10:33:53.161,0.0,0.0,0.0,0.0,0.0,0.0,0.0,0.0,0.0,0.0,0.0,0.0,0.0,0.0,0.0,0.0,0.0,0.0,0.0,0.0,890.87915,760.32965,791.3553,411.39194,858.6447,-0.440185546875,0.147216796875,0.8681640625,1.667327880859375,-3.51409912109375,2.429962158203125,0.0,4.0,4.0,4.0,4.0,100.0,event
10:33:53.184,0.0,0.0,0.0,0.0,0.0,0.0,0.0,0.0,0.0,0.0,0.0,0.0,0.0,0.0,0.0,0.0,0.0,0.0,0.0,0.0,863.0769,758.315,791.75824,0.0,699.0842,-0.435791015625,0.15277099609375,0.87799072265625,1.308441162109375,-4.90478515625,-0.1495361328125,0.0,4.0,4.0,4.0,4.0,100.0,event
10:33:53.185,0.0,0.0,0.0,0.0,0.0,0.0,0.0,0.0,0.0,0.0,0.0,0.0,0.0,0.0,0.0,0.0,0.0,0.0,0.0,0.0,811.9048,752.27106,789.7436,60.43956,771.2088,-0.435791015625,0.15277099609375,0.87799072265625,1.308441162109375,-4.90478515625,-0.1495361328125,0.0,4.0,4.0,4.0,4.0,100.0,event
10:33:53.187,0.0,0.0,0.0,0.0,0.0,0.0,0.0,0.0,0.0,0.0,0.0,0.0,0.0,0.0,0.0,0.0,0.0,0.0,0.0,0.0,831.2454,753.8828,786.1172,0.0,791.75824,-0.435791015625,0.15277099609375,0.87799072265625,1.308441162109375,-4.90478515625,-0.1495361328125,0.0,4.0,4.0,4.0,4.0,100.0,event
10:33:53.188,0.0,0.0,0.0,0.0,0.0,0.0,0.0,0.0,0.0,0.0,0.0,0.0,0.0,0.0,0.0,0.0,0.0,0.0,0.0,0.0,880.40295,757.50916,781.685,27.399267,702.3077,-0.435791015625,0.15277099609375,0.87799072265625,1.308441162109375,-4.90478515625,-0.1495361328125,0.0,4.0,4.0,4.0,4.0,100.0,event
10:33:53.190,0.0,0.0,0.0,0.0,0.0,0.0,0.0,0.0,0.0,0.0,0.0,0.0,0.0,0.0,0.0,0.0,0.0,0.0,0.0,0.0,895.31134,754.68866,776.04395,29.41392,746.63007,-0.435791015625,0.15277099609375,0.87799072265625,1.308441162109375,-4.90478515625,-0.1495361328125,0.0,4.0,4.0,4.0,4.0,100.0,event
10:33:53.190,0.0,0.0,0.0,0.0,0.0,0.0,0.0,0.0,0.0,0.0,0.0,0.0,0.0,0.0,0.0,0.0,0.0,0.0,0.0,0.0,851.79486,751.8681,785.31134,473.84616,911.02563,-0.435791015625,0.15277099609375,0.87799072265625,1.308441162109375,-4.90478515625,-0.1495361328125,0.0,4.0,4.0,4.0,4.0,100.0,event
10:33:53.191,0.0,0.0,0.0,0.0,0.0,0.0,0.0,0.0,0.0,0.0,0.0,0.0,0.0,0.0,0.0,0.0,0.0,0.0,0.0,0.0,815.12823,753.47986,798.20514,1269.6337,925.12823,-0.435791015625,0.15277099609375,0.87799072265625,1.308441162109375,-4.90478515625,-0.1495361328125,0.0,4.0,4.0,4.0,4.0,100.0,event
10:33:53.191,0.0,0.0,0.0,0.0,0.0,0.0,0.0,0.0,0.0,0.0,0.0,0.0,0.0,0.0,0.0,0.0,0.0,0.0,0.0,0.0,836.08057,757.9121,796.5934,1480.7693,736.1539,-0.435791015625,0.15277099609375,0.87799072265625,1.308441162109375,-4.90478515625,-0.1495361328125,0.0,4.0,4.0,4.0,4.0,100.0,event
10:33:53.192,0.0,0.0,0.0,0.0,0.0,0.0,0.0,0.0,0.0,0.0,0.0,0.0,0.0,0.0,0.0,0.0,0.0,0.0,0.0,0.0,863.0769,757.50916,791.75824,1598.8279,696.26373,-0.435791015625,0.15277099609375,0.87799072265625,1.308441162109375,-4.90478515625,-0.1495361328125,0.0,4.0,4.0,4.0,4.0,100.0,event
10:33:53.193,0.0,0.0,0.0,0.0,0.0,0.0,0.0,0.0,0.0,0.0,0.0,0.0,0.0,0.0,0.0,0.0,0.0,0.0,0.0,0.0,875.16486,759.92676,778.86444,1622.1978,940.84247,-0.435791015625,0.15277099609375,0.87799072265625,1.308441162109375,-4.90478515625,-0.1495361328125,0.0,4.0,4.0,4.0,4.0,100.0,event
10:33:53.193,0.0,0.0,0.0,0.0,0.0,0.0,0.0,0.0,0.0,0.0,0.0,0.0,0.0,0.0,0.0,0.0,0.0,0.0,0.0,0.0,887.6557,754.68866,785.31134,1639.1208,942.8571,-0.435791015625,0.15277099609375,0.87799072265625,1.308441162109375,-4.90478515625,-0.1495361328125,0.0,4.0,4.0,4.0,4.0,100.0,event
10:33:53.194,0.0,0.0,0.0,0.0,0.0,0.0,0.0,0.0,0.0,0.0,0.0,0.0,0.0,0.0,0.0,0.0,0.0,0.0,0.0,0.0,830.84247,758.315,787.72894,1629.4506,761.13556,-0.435791015625,0.15277099609375,0.87799072265625,1.308441162109375,-4.90478515625,-0.1495361328125,0.0,4.0,4.0,4.0,4.0,100.0,event
10:33:53.221,0.0,0.0,0.0,0.0,0.0,0.0,0.0,0.0,0.0,0.0,0.0,0.0,0.0,0.0,0.0,0.0,0.0,0.0,0.0,0.0,825.6044,754.2857,793.36993,1628.2417,743.8095,-0.438720703125,0.14892578125,0.881103515625,2.145843505859375,-3.880462646484375,-0.73272705078125,0.0,4.0,4.0,4.0,4.0,100.0,event
10:33:53.222,0.0,0.0,0.0,0.0,0.0,0.0,0.0,0.0,0.0,0.0,0.0,0.0,0.0,0.0,0.0,0.0,0.0,0.0,0.0,0.0,863.47986,757.1062,796.1905,1628.2417,851.79486,-0.438720703125,0.14892578125,0.881103515625,2.145843505859375,-3.880462646484375,-0.73272705078125,0.0,4.0,4.0,4.0,4.0,100.0,event
10:33:53.223,0.0,0.0,0.0,0.0,0.0,0.0,0.0,0.0,0.0,0.0,0.0,0.0,0.0,0.0,0.0,0.0,0.0,0.0,0.0,0.0,894.5055,757.50916,794.9817,1628.2417,933.1868,-0.438720703125,0.14892578125,0.881103515625,2.145843505859375,-3.880462646484375,-0.73272705078125,0.0,4.0,4.0,4.0,4.0,100.0,event
10:33:53.224,0.0,0.0,0.0,0.0,0.0,0.0,0.0,0.0,0.0,0.0,0.0,0.0,0.0,0.0,0.0,0.0,0.0,0.0,0.0,0.0,852.6007,757.9121,793.36993,1628.2417,751.8681,-0.438720703125,0.14892578125,0.881103515625,2.145843505859375,-3.880462646484375,-0.73272705078125,0.0,4.0,4.0,4.0,4.0,100.0,event
10:33:53.224,0.0,0.0,0.0,0.0,0.0,0.0,0.0,0.0,0.0,0.0,0.0,0.0,0.0,0.0,0.0,0.0,0.0,0.0,0.0,0.0,793.7729,755.89746,794.17584,1628.2417,733.3333,-0.438720703125,0.14892578125,0.881103515625,2.145843505859375,-3.880462646484375,-0.73272705078125,0.0,4.0,4.0,4.0,4.0,100.0,event
10:33:53.225,0.0,0.0,0.0,0.0,0.0,0.0,0.0,0.0,0.0,0.0,0.0,0.0,0.0,0.0,0.0,0.0,0.0,0.0,0.0,0.0,808.68134,758.71796,790.54944,1628.2417,1068.5714,-0.438720703125,0.14892578125,0.881103515625,2.145843505859375,-3.880462646484375,-0.73272705078125,0.0,4.0,4.0,4.0,4.0,100.0,event
10:33:53.226,0.0,0.0,0.0,0.0,0.0,0.0,0.0,0.0,0.0,0.0,0.0,0.0,0.0,0.0,0.0,0.0,0.0,0.0,0.0,0.0,857.4359,762.74725,783.69965,1632.674,1003.69965,-0.438720703125,0.14892578125,0.881103515625,2.145843505859375,-3.880462646484375,-0.73272705078125,0.0,4.0,4.0,4.0,4.0,100.0,event
10:33:53.226,0.0,0.0,0.0,0.0,0.0,0.0,0.0,0.0,0.0,0.0,0.0,0.0,0.0,0.0,0.0,0.0,0.0,0.0,0.0,0.0,894.5055,763.1502,781.685,1609.3041,728.9011,-0.438720703125,0.14892578125,0.881103515625,2.145843505859375,-3.880462646484375,-0.73272705078125,0.0,4.0,4.0,4.0,4.0,100.0,event
10:33:53.227,0.0,0.0,0.0,0.0,0.0,0.0,0.0,0.0,0.0,0.0,0.0,0.0,0.0,0.0,0.0,0.0,0.0,0.0,0.0,0.0,881.6117,767.98535,786.9231,9.67033,755.09155,-0.438720703125,0.14892578125,0.881103515625,2.145843505859375,-3.880462646484375,-0.73272705078125,0.0,4.0,4.0,4.0,4.0,100.0,event
10:33:53.227,0.0,0.0,0.0,0.0,0.0,0.0,0.0,0.0,0.0,0.0,0.0,0.0,0.0,0.0,0.0,0.0,0.0,0.0,0.0,0.0,811.0989,767.5824,783.2967,1561.7583,902.1612,-0.438720703125,0.14892578125,0.881103515625,2.145843505859375,-3.880462646484375,-0.73272705078125,0.0,4.0,4.0,4.0,4.0,100.0,event
10:33:53.228,0.0,0.0,0.0,0.0,0.0,0.0,0.0,0.0,0.0,0.0,0.0,0.0,0.0,0.0,0.0,0.0,0.0,0.0,0.0,0.0,816.7399,760.7326,779.67035,1215.238,784.10254,-0.438720703125,0.14892578125,0.881103515625,2.145843505859375,-3.880462646484375,-0.73272705078125,0.0,4.0,4.0,4.0,4.0,100.0,event
10:33:53.229,0.0,0.0,0.0,0.0,0.0,0.0,0.0,0.0,0.0,0.0,0.0,0.0,0.0,0.0,0.0,0.0,0.0,0.0,0.0,0.0,869.92676,760.32965,788.1319,1131.4286,782.0879,-0.438720703125,0.14892578125,0.881103515625,2.145843505859375,-3.880462646484375,-0.73272705078125,0.0,4.0,4.0,4.0,4.0,100.0,event
10:33:53.254,0.0,0.0,0.0,0.0,0.0,0.0,0.0,0.0,0.0,0.0,0.0,0.0,0.0,0.0,0.0,0.0,0.0,0.0,0.0,0.0,894.5055,761.53845,784.5055,294.94507,842.1245,-0.438720703125,0.14892578125,0.881103515625,2.145843505859375,-3.880462646484375,-0.73272705078125,0.0,4.0,4.0,4.0,4.0,100.0,event
10:33:53.256,0.0,0.0,0.0,0.0,0.0,0.0,0.0,0.0,0.0,0.0,0.0,0.0,0.0,0.0,0.0,0.0,0.0,0.0,0.0,0.0,888.86444,761.9414,784.5055,512.9304,792.5641,-0.438720703125,0.14892578125,0.881103515625,2.145843505859375,-3.880462646484375,-0.73272705078125,0.0,4.0,4.0,4.0,4.0,100.0,event
10:33:53.256,0.0,0.0,0.0,0.0,0.0,0.0,0.0,0.0,0.0,0.0,0.0,0.0,0.0,0.0,0.0,0.0,0.0,0.0,0.0,0.0,841.31866,761.13556,801.8315,1370.7693,748.24176,-0.438720703125,0.14892578125,0.881103515625,2.145843505859375,-3.880462646484375,-0.73272705078125,0.0,4.0,4.0,4.0,4.0,100.0,event
10:33:53.257,0.0,0.0,0.0,0.0,0.0,0.0,0.0,0.0,0.0,0.0,0.0,0.0,0.0,0.0,0.0,0.0,0.0,0.0,0.0,0.0,813.91943,759.92676,803.8461,1179.7803,772.4176,-0.438720703125,0.14892578125,0.881103515625,2.145843505859375,-3.880462646484375,-0.73272705078125,0.0,4.0,4.0,4.0,4.0,100.0,event
10:33:53.258,0.0,0.0,0.0,0.0,0.0,0.0,0.0,0.0,0.0,0.0,0.0,0.0,0.0,0.0,0.0,0.0,0.0,0.0,0.0,0.0,844.5421,763.1502,796.5934,404.1392,792.1612,-0.438720703125,0.14892578125,0.881103515625,2.145843505859375,-3.880462646484375,-0.73272705078125,0.0,4.0,4.0,4.0,4.0,100.0,event
10:33:53.258,0.0,0.0,0.0,0.0,0.0,0.0,0.0,0.0,0.0,0.0,0.0,0.0,0.0,0.0,0.0,0.0,0.0,0.0,0.0,0.0,872.74725,763.95605,794.17584,0.0,802.23444,-0.438720703125,0.14892578125,0.881103515625,2.145843505859375,-3.880462646484375,-0.73272705078125,0.0,4.0,4.0,4.0,4.0,100.0,event
10:33:53.259,0.0,0.0,0.0,0.0,0.0,0.0,0.0,0.0,0.0,0.0,0.0,0.0,0.0,0.0,0.0,0.0,0.0,0.0,0.0,0.0,864.68866,763.95605,791.3553,258.27838,838.0952,-0.438720703125,0.14892578125,0.881103515625,2.145843505859375,-3.880462646484375,-0.73272705078125,0.0,4.0,4.0,4.0,4.0,100.0,event
10:33:53.259,0.0,0.0,0.0,0.0,0.0,0.0,0.0,0.0,0.0,0.0,0.0,0.0,0.0,0.0,0.0,0.0,0.0,0.0,0.0,0.0,828.022,767.1795,786.9231,533.47986,859.0476,-0.438720703125,0.14892578125,0.881103515625,2.145843505859375,-3.880462646484375,-0.73272705078125,0.0,4.0,4.0,4.0,4.0,100.0,event
10:33:53.260,0.0,0.0,0.0,0.0,0.0,0.0,0.0,0.0,0.0,0.0,0.0,0.0,0.0,0.0,0.0,0.0,0.0,0.0,0.0,0.0,809.4872,766.3736,785.31134,884.43225,971.8681,-0.438720703125,0.14892578125,0.881103515625,2.145843505859375,-3.880462646484375,-0.73272705078125,0.0,4.0,4.0,4.0,4.0,100.0,event
10:33:53.261,0.0,0.0,0.0,0.0,0.0,0.0,0.0,0.0,0.0,0.0,0.0,0.0,0.0,0.0,0.0,0.0,0.0,0.0,0.0,0.0,835.6777,767.5824,789.7436,1513.4066,1122.5641,-0.438720703125,0.14892578125,0.881103515625,2.145843505859375,-3.880462646484375,-0.73272705078125,0.0,4.0,4.0,4.0,4.0,100.0,event
10:33:53.261,0.0,0.0,0.0,0.0,0.0,0.0,0.0,0.0,0.0,0.0,0.0,0.0,0.0,0.0,0.0,0.0,0.0,0.0,0.0,0.0,874.35895,770.0,791.3553,10.476191,886.4469,-0.438720703125,0.14892578125,0.881103515625,2.145843505859375,-3.880462646484375,-0.73272705078125,0.0,4.0,4.0,4.0,4.0,100.0,event
10:33:53.262,0.0,0.0,0.0,0.0,0.0,0.0,0.0,0.0,0.0,0.0,0.0,0.0,0.0,0.0,0.0,0.0,0.0,0.0,0.0,0.0,872.3443,767.98535,788.93774,1587.1428,772.8205,-0.438720703125,0.14892578125,0.881103515625,2.145843505859375,-3.880462646484375,-0.73272705078125,0.0,4.0,4.0,4.0,4.0,100.0,event
10:33:53.289,0.0,0.0,0.0,0.0,0.0,0.0,0.0,0.0,0.0,0.0,0.0,0.0,0.0,0.0,0.0,0.0,0.0,0.0,0.0,0.0,832.8571,766.3736,792.1612,26.190475,830.0366,-0.43359375,0.14752197265625,0.879150390625,1.68975830078125,-3.15521240234375,-1.517791748046875,0.0,4.0,4.0,4.0,4.0,100.0,event
10:33:53.290,0.0,0.0,0.0,0.0,0.0,0.0,0.0,0.0,0.0,0.0,0.0,0.0,0.0,0.0,0.0,0.0,0.0,0.0,0.0,0.0,798.60803,765.16486,787.72894,1494.8718,739.7802,-0.43359375,0.14752197265625,0.879150390625,1.68975830078125,-3.15521240234375,-1.517791748046875,0.0,4.0,4.0,4.0,4.0,100.0,event
10:33:53.294,0.0,0.0,0.0,0.0,0.0,0.0,0.0,0.0,0.0,0.0,0.0,0.0,0.0,0.0,0.0,0.0,0.0,0.0,0.0,0.0,811.0989,763.95605,780.87915,1371.1721,693.8461,-0.43359375,0.14752197265625,0.879150390625,1.68975830078125,-3.15521240234375,-1.517791748046875,0.0,4.0,4.0,4.0,4.0,100.0,event
10:33:53.295,0.0,0.0,0.0,0.0,0.0,0.0,0.0,0.0,0.0,0.0,0.0,0.0,0.0,0.0,0.0,0.0,0.0,0.0,0.0,0.0,864.2857,765.9707,793.7729,1576.6666,761.13556,-0.43359375,0.14752197265625,0.879150390625,1.68975830078125,-3.15521240234375,-1.517791748046875,0.0,4.0,4.0,4.0,4.0,100.0,event
10:33:53.296,0.0,0.0,0.0,0.0,0.0,0.0,0.0,0.0,0.0,0.0,0.0,0.0,0.0,0.0,0.0,0.0,0.0,0.0,0.0,0.0,893.69965,765.16486,796.1905,1642.7472,860.65936,-0.43359375,0.14752197265625,0.879150390625,1.68975830078125,-3.15521240234375,-1.517791748046875,0.0,4.0,4.0,4.0,4.0,100.0,event
10:33:53.296,0.0,0.0,0.0,0.0,0.0,0.0,0.0,0.0,0.0,0.0,0.0,0.0,0.0,0.0,0.0,0.0,0.0,0.0,0.0,0.0,851.39197,767.1795,793.36993,1129.011,897.72894,-0.43359375,0.14752197265625,0.879150390625,1.68975830078125,-3.15521240234375,-1.517791748046875,0.0,4.0,4.0,4.0,4.0,100.0,event
10:33:53.297,0.0,0.0,0.0,0.0,0.0,0.0,0.0,0.0,0.0,0.0,0.0,0.0,0.0,0.0,0.0,0.0,0.0,0.0,0.0,0.0,790.14655,775.64105,803.8461,819.9634,770.40295,-0.43359375,0.14752197265625,0.879150390625,1.68975830078125,-3.15521240234375,-1.517791748046875,0.0,4.0,4.0,4.0,4.0,100.0,event
10:33:53.298,0.0,0.0,0.0,0.0,0.0,0.0,0.0,0.0,0.0,0.0,0.0,0.0,0.0,0.0,0.0,0.0,0.0,0.0,0.0,0.0,793.7729,774.43225,798.60803,1533.956,745.0183,-0.43359375,0.14752197265625,0.879150390625,1.68975830078125,-3.15521240234375,-1.517791748046875,0.0,4.0,4.0,4.0,4.0,100.0,event
10:33:53.298,0.0,0.0,0.0,0.0,0.0,0.0,0.0,0.0,0.0,0.0,0.0,0.0,0.0,0.0,0.0,0.0,0.0,0.0,0.0,0.0,839.707,773.22345,786.1172,29.81685,1067.7656,-0.43359375,0.14752197265625,0.879150390625,1.68975830078125,-3.15521240234375,-1.517791748046875,0.0,4.0,4.0,4.0,4.0,100.0,event
10:33:53.299,0.0,0.0,0.0,0.0,0.0,0.0,0.0,0.0,0.0,0.0,0.0,0.0,0.0,0.0,0.0,0.0,0.0,0.0,0.0,0.0,862.674,775.2381,783.2967,1587.1428,990.40295,-0.43359375,0.14752197265625,0.879150390625,1.68975830078125,-3.15521240234375,-1.517791748046875,0.0,4.0,4.0,4.0,4.0,100.0,event
10:33:53.300,0.0,0.0,0.0,0.0,0.0,0.0,0.0,0.0,0.0,0.0,0.0,0.0,0.0,0.0,0.0,0.0,0.0,0.0,0.0,0.0,810.293,770.0,798.60803,1604.0659,770.0,-0.43359375,0.14752197265625,0.879150390625,1.68975830078125,-3.15521240234375,-1.517791748046875,0.0,4.0,4.0,4.0,4.0,100.0,event
10:33:53.300,0.0,0.0,0.0,0.0,0.0,0.0,0.0,0.0,0.0,0.0,0.0,0.0,0.0,0.0,0.0,0.0,0.0,0.0,0.0,0.0,832.0513,770.0,784.5055,1550.4762,746.63007,-0.43359375,0.14752197265625,0.879150390625,1.68975830078125,-3.15521240234375,-1.517791748046875,0.0,4.0,4.0,4.0,4.0,100.0,event
10:33:53.390,0.0,0.0,0.0,0.0,0.0,0.0,0.0,0.0,0.0,0.0,0.0,0.0,0.0,0.0,0.0,0.0,0.0,0.0,0.0,0.0,851.39197,766.77655,803.0403,1639.9268,778.0586,-0.43450927734375,0.146728515625,0.8800048828125,2.459869384765625,-0.530853271484375,-1.278533935546875,0.0,4.0,4.0,4.0,4.0,100.0,event
10:33:53.392,0.0,0.0,0.0,0.0,0.0,0.0,0.0,0.0,0.0,0.0,0.0,0.0,0.0,0.0,0.0,0.0,0.0,0.0,0.0,0.0,902.96704,765.16486,785.7143,1622.6007,786.52014,-0.43450927734375,0.146728515625,0.8800048828125,2.459869384765625,-0.530853271484375,-1.278533935546875,0.0,4.0,4.0,4.0,4.0,100.0,event
10:33:53.393,0.0,0.0,0.0,0.0,0.0,0.0,0.0,0.0,0.0,0.0,0.0,0.0,0.0,0.0,0.0,0.0,0.0,0.0,0.0,0.0,898.5348,758.71796,784.5055,1629.8535,853.8095,-0.43450927734375,0.146728515625,0.8800048828125,2.459869384765625,-0.530853271484375,-1.278533935546875,0.0,4.0,4.0,4.0,4.0,100.0,event
10:33:53.395,0.0,0.0,0.0,0.0,0.0,0.0,0.0,0.0,0.0,0.0,0.0,0.0,0.0,0.0,0.0,0.0,0.0,0.0,0.0,0.0,849.3773,761.9414,801.02563,1629.8535,884.83514,-0.43450927734375,0.146728515625,0.8800048828125,2.459869384765625,-0.530853271484375,-1.278533935546875,0.0,4.0,4.0,4.0,4.0,100.0,event
10:33:53.396,0.0,0.0,0.0,0.0,0.0,0.0,0.0,0.0,0.0,0.0,0.0,0.0,0.0,0.0,0.0,0.0,0.0,0.0,0.0,0.0,807.0696,777.6557,778.46155,1625.0183,777.6557,-0.43450927734375,0.146728515625,0.8800048828125,2.459869384765625,-0.530853271484375,-1.278533935546875,0.0,4.0,4.0,4.0,4.0,100.0,event
10:33:53.398,0.0,0.0,0.0,0.0,0.0,0.0,0.0,0.0,0.0,0.0,0.0,0.0,0.0,0.0,0.0,0.0,0.0,0.0,0.0,0.0,796.99634,774.43225,774.0293,1633.0769,805.4579,-0.43450927734375,0.146728515625,0.8800048828125,2.459869384765625,-0.530853271484375,-1.278533935546875,0.0,4.0,4.0,4.0,4.0,100.0,event
10:33:53.399,0.0,0.0,0.0,0.0,0.0,0.0,0.0,0.0,0.0,0.0,0.0,0.0,0.0,0.0,0.0,0.0,0.0,0.0,0.0,0.0,828.022,765.9707,806.6667,1606.4835,882.01465,-0.43450927734375,0.146728515625,0.8800048828125,2.459869384765625,-0.530853271484375,-1.278533935546875,0.0,4.0,4.0,4.0,4.0,100.0,event
10:33:53.401,0.0,0.0,0.0,0.0,0.0,0.0,0.0,0.0,0.0,0.0,0.0,0.0,0.0,0.0,0.0,0.0,0.0,0.0,0.0,0.0,855.0183,770.0,807.47253,1510.1831,1005.31134,-0.43450927734375,0.146728515625,0.8800048828125,2.459869384765625,-0.530853271484375,-1.278533935546875,0.0,4.0,4.0,4.0,4.0,100.0,event
10:33:53.402,0.0,0.0,0.0,0.0,0.0,0.0,0.0,0.0,0.0,0.0,0.0,0.0,0.0,0.0,0.0,0.0,0.0,0.0,0.0,0.0,823.9927,778.86444,796.1905,1402.6007,998.0586,-0.43450927734375,0.146728515625,0.8800048828125,2.459869384765625,-0.530853271484375,-1.278533935546875,0.0,4.0,4.0,4.0,4.0,100.0,event
10:33:53.403,0.0,0.0,0.0,0.0,0.0,0.0,0.0,0.0,0.0,0.0,0.0,0.0,0.0,0.0,0.0,0.0,0.0,0.0,0.0,0.0,782.8938,779.67035,795.38464,1025.8608,730.10986,-0.43450927734375,0.146728515625,0.8800048828125,2.459869384765625,-0.530853271484375,-1.278533935546875,0.0,4.0,4.0,4.0,4.0,100.0,event
10:33:53.404,0.0,0.0,0.0,0.0,0.0,0.0,0.0,0.0,0.0,0.0,0.0,0.0,0.0,0.0,0.0,0.0,0.0,0.0,0.0,0.0,793.7729,778.0586,790.9524,267.94873,636.63007,-0.43450927734375,0.146728515625,0.8800048828125,2.459869384765625,-0.530853271484375,-1.278533935546875,0.0,4.0,4.0,4.0,4.0,100.0,event
10:33:53.405,0.0,0.0,0.0,0.0,0.0,0.0,0.0,0.0,0.0,0.0,0.0,0.0,0.0,0.0,0.0,0.0,0.0,0.0,0.0,0.0,836.4835,780.87915,782.8938,3.2234433,784.90845,-0.43450927734375,0.146728515625,0.8800048828125,2.459869384765625,-0.530853271484375,-1.278533935546875,0.0,4.0,4.0,4.0,4.0,100.0,event
10:33:53.406,0.0,0.0,0.0,0.0,0.0,0.0,0.0,0.0,0.0,0.0,0.0,0.0,0.0,0.0,0.0,0.0,0.0,0.0,0.0,0.0,846.9597,780.4762,797.3993,120.87912,713.5897,-0.4410400390625,0.14471435546875,0.88385009765625,1.457977294921875,-2.175750732421875,0.179443359375,0.0,4.0,4.0,4.0,4.0,100.0,event
10:33:53.406,0.0,0.0,0.0,0.0,0.0,0.0,0.0,0.0,0.0,0.0,0.0,0.0,0.0,0.0,0.0,0.0,0.0,0.0,0.0,0.0,873.95605,782.0879,785.7143,236.11722,842.1245,-0.4410400390625,0.14471435546875,0.88385009765625,1.457977294921875,-2.175750732421875,0.179443359375,0.0,4.0,4.0,4.0,4.0,100.0,event
10:33:53.407,0.0,0.0,0.0,0.0,0.0,0.0,0.0,0.0,0.0,0.0,0.0,0.0,0.0,0.0,0.0,0.0,0.0,0.0,0.0,0.0,785.7143,782.8938,801.4286,18.131868,672.0879,-0.4410400390625,0.14471435546875,0.88385009765625,1.457977294921875,-2.175750732421875,0.179443359375,0.0,4.0,4.0,4.0,4.0,100.0,event
10:33:53.408,0.0,0.0,0.0,0.0,0.0,0.0,0.0,0.0,0.0,0.0,0.0,0.0,0.0,0.0,0.0,0.0,0.0,0.0,0.0,0.0,769.59705,788.1319,790.9524,95.89744,704.3223,-0.4410400390625,0.14471435546875,0.88385009765625,1.457977294921875,-2.175750732421875,0.179443359375,0.0,4.0,4.0,4.0,4.0,100.0,event
10:33:53.412,0.0,0.0,0.0,0.0,0.0,0.0,0.0,0.0,0.0,0.0,0.0,0.0,0.0,0.0,0.0,0.0,0.0,0.0,0.0,0.0,817.1429,792.1612,791.75824,32.637363,604.3956,-0.4410400390625,0.14471435546875,0.88385009765625,1.457977294921875,-2.175750732421875,0.179443359375,0.0,4.0,4.0,4.0,4.0,100.0,event
10:33:53.413,0.0,0.0,0.0,0.0,0.0,0.0,0.0,0.0,0.0,0.0,0.0,0.0,0.0,0.0,0.0,0.0,0.0,0.0,0.0,0.0,862.674,791.75824,786.52014,0.0,662.01465,-0.4410400390625,0.14471435546875,0.88385009765625,1.457977294921875,-2.175750732421875,0.179443359375,0.0,4.0,4.0,4.0,4.0,100.0,event
10:33:53.413,0.0,0.0,0.0,0.0,0.0,0.0,0.0,0.0,0.0,0.0,0.0,0.0,0.0,0.0,0.0,0.0,0.0,0.0,0.0,0.0,839.707,792.1612,775.2381,21.35531,819.5604,-0.4410400390625,0.14471435546875,0.88385009765625,1.457977294921875,-2.175750732421875,0.179443359375,0.0,4.0,4.0,4.0,4.0,100.0,event
10:33:53.414,0.0,0.0,0.0,0.0,0.0,0.0,0.0,0.0,0.0,0.0,0.0,0.0,0.0,0.0,0.0,0.0,0.0,0.0,0.0,0.0,775.2381,796.1905,781.685,218.38828,913.8461,-0.4410400390625,0.14471435546875,0.88385009765625,1.457977294921875,-2.175750732421875,0.179443359375,0.0,4.0,4.0,4.0,4.0,100.0,event
10:33:53.415,0.0,0.0,0.0,0.0,0.0,0.0,0.0,0.0,0.0,0.0,0.0,0.0,0.0,0.0,0.0,0.0,0.0,0.0,0.0,0.0,769.59705,801.8315,788.1319,78.57143,703.1135,-0.4410400390625,0.14471435546875,0.88385009765625,1.457977294921875,-2.175750732421875,0.179443359375,0.0,4.0,4.0,4.0,4.0,100.0,event
10:33:53.415,0.0,0.0,0.0,0.0,0.0,0.0,0.0,0.0,0.0,0.0,0.0,0.0,0.0,0.0,0.0,0.0,0.0,0.0,0.0,0.0,801.4286,801.02563,797.3993,0.0,572.1612,-0.4410400390625,0.14471435546875,0.88385009765625,1.457977294921875,-2.175750732421875,0.179443359375,0.0,4.0,4.0,4.0,4.0,100.0,event
10:33:53.416,0.0,0.0,0.0,0.0,0.0,0.0,0.0,0.0,0.0,0.0,0.0,0.0,0.0,0.0,0.0,0.0,0.0,0.0,0.0,0.0,834.4689,803.44324,797.3993,14.505494,677.326,-0.4410400390625,0.14471435546875,0.88385009765625,1.457977294921875,-2.175750732421875,0.179443359375,0.0,4.0,4.0,4.0,4.0,100.0,event
10:33:53.416,0.0,0.0,0.0,0.0,0.0,0.0,0.0,0.0,0.0,0.0,0.0,0.0,0.0,0.0,0.0,0.0,0.0,0.0,0.0,0.0,833.2601,809.0842,788.1319,0.0,741.79486,-0.4410400390625,0.14471435546875,0.88385009765625,1.457977294921875,-2.175750732421875,0.179443359375,0.0,4.0,4.0,4.0,4.0,100.0,event
10:33:53.463,0.0,0.0,0.0,0.0,0.0,0.0,0.0,0.0,0.0,0.0,0.0,0.0,0.0,0.0,0.0,0.0,0.0,0.0,0.0,0.0,763.1502,811.9048,786.1172,0.0,678.5348,-0.4410400390625,0.14471435546875,0.88385009765625,1.457977294921875,-2.175750732421875,0.179443359375,0.0,4.0,4.0,4.0,4.0,100.0,event
10:33:53.465,0.0,0.0,0.0,0.0,0.0,0.0,0.0,0.0,0.0,0.0,0.0,0.0,0.0,0.0,0.0,0.0,0.0,0.0,0.0,0.0,733.73627,815.9341,784.10254,17.326008,617.28937,-0.4410400390625,0.14471435546875,0.88385009765625,1.457977294921875,-2.175750732421875,0.179443359375,0.0,4.0,4.0,4.0,4.0,100.0,event
10:33:53.468,0.0,0.0,0.0,0.0,0.0,0.0,0.0,0.0,0.0,0.0,0.0,0.0,0.0,0.0,0.0,0.0,0.0,0.0,0.0,0.0,763.5531,817.9487,785.31134,0.0,781.685,-0.4410400390625,0.14471435546875,0.88385009765625,1.457977294921875,-2.175750732421875,0.179443359375,0.0,4.0,4.0,4.0,4.0,100.0,event
10:33:53.471,0.0,0.0,0.0,0.0,0.0,0.0,0.0,0.0,0.0,0.0,0.0,0.0,0.0,0.0,0.0,0.0,0.0,0.0,0.0,0.0,798.60803,821.978,791.75824,74.13919,840.5128,-0.4410400390625,0.14471435546875,0.88385009765625,1.457977294921875,-2.175750732421875,0.179443359375,0.0,4.0,4.0,4.0,4.0,100.0,event
10:33:53.473,0.0,0.0,0.0,0.0,0.0,0.0,0.0,0.0,0.0,0.0,0.0,0.0,0.0,0.0,0.0,0.0,0.0,0.0,0.0,0.0,798.60803,820.7692,790.54944,682.5641,739.7802,-0.4410400390625,0.14471435546875,0.88385009765625,1.457977294921875,-2.175750732421875,0.179443359375,0.0,4.0,4.0,4.0,4.0,100.0,event
10:33:53.475,0.0,0.0,0.0,0.0,0.0,0.0,0.0,0.0,0.0,0.0,0.0,0.0,0.0,0.0,0.0,0.0,0.0,0.0,0.0,0.0,754.68866,821.5751,788.5348,1248.6813,740.989,-0.4410400390625,0.14471435546875,0.88385009765625,1.457977294921875,-2.175750732421875,0.179443359375,0.0,4.0,4.0,4.0,4.0,100.0,event
10:33:53.476,0.0,0.0,0.0,0.0,0.0,0.0,0.0,0.0,0.0,0.0,0.0,0.0,0.0,0.0,0.0,0.0,0.0,0.0,0.0,0.0,724.87177,826.4103,788.1319,1268.022,950.5128,-0.4410400390625,0.14471435546875,0.88385009765625,1.457977294921875,-2.175750732421875,0.179443359375,0.0,4.0,4.0,4.0,4.0,100.0,event
10:33:53.478,0.0,0.0,0.0,0.0,0.0,0.0,0.0,0.0,0.0,0.0,0.0,0.0,0.0,0.0,0.0,0.0,0.0,0.0,0.0,0.0,745.0183,829.6337,786.1172,1023.44324,1044.3956,-0.4410400390625,0.14471435546875,0.88385009765625,1.457977294921875,-2.175750732421875,0.179443359375,0.0,4.0,4.0,4.0,4.0,100.0,event
10:33:53.480,0.0,0.0,0.0,0.0,0.0,0.0,0.0,0.0,0.0,0.0,0.0,0.0,0.0,0.0,0.0,0.0,0.0,0.0,0.0,0.0,796.5934,828.022,790.9524,255.45787,778.86444,-0.4410400390625,0.14471435546875,0.88385009765625,1.457977294921875,-2.175750732421875,0.179443359375,0.0,4.0,4.0,4.0,4.0,100.0,event
10:33:53.482,0.0,0.0,0.0,0.0,0.0,0.0,0.0,0.0,0.0,0.0,0.0,0.0,0.0,0.0,0.0,0.0,0.0,0.0,0.0,0.0,809.4872,830.4396,796.1905,0.0,740.18317,-0.4410400390625,0.14471435546875,0.88385009765625,1.457977294921875,-2.175750732421875,0.179443359375,0.0,4.0,4.0,4.0,4.0,100.0,event
10:33:53.483,0.0,0.0,0.0,0.0,0.0,0.0,0.0,0.0,0.0,0.0,0.0,0.0,0.0,0.0,0.0,0.0,0.0,0.0,0.0,0.0,758.71796,833.2601,791.75824,41.0989,829.2308,-0.4410400390625,0.14471435546875,0.88385009765625,1.457977294921875,-2.175750732421875,0.179443359375,0.0,4.0,4.0,4.0,4.0,100.0,event
10:33:53.485,0.0,0.0,0.0,0.0,0.0,0.0,0.0,0.0,0.0,0.0,0.0,0.0,0.0,0.0,0.0,0.0,0.0,0.0,0.0,0.0,716.8132,832.8571,786.1172,0.0,697.8755,-0.4410400390625,0.14471435546875,0.88385009765625,1.457977294921875,-2.175750732421875,0.179443359375,0.0,4.0,4.0,4.0,4.0,100.0,event
10:33:53.529,0.0,0.0,0.0,0.0,0.0,0.0,0.0,0.0,0.0,0.0,0.0,0.0,0.0,0.0,0.0,0.0,0.0,0.0,0.0,0.0,742.1978,832.8571,788.93774,0.0,601.1722,-0.4473876953125,0.13970947265625,0.86798095703125,2.2430419921875,-2.100982666015625,0.441131591796875,0.0,4.0,4.0,4.0,4.0,100.0,event
10:33:53.531,0.0,0.0,0.0,0.0,0.0,0.0,0.0,0.0,0.0,0.0,0.0,0.0,0.0,0.0,0.0,0.0,0.0,0.0,0.0,0.0,791.75824,830.84247,789.34064,0.0,647.1062,-0.4473876953125,0.13970947265625,0.86798095703125,2.2430419921875,-2.100982666015625,0.441131591796875,0.0,4.0,4.0,4.0,4.0,100.0,event
10:33:53.532,0.0,0.0,0.0,0.0,0.0,0.0,0.0,0.0,0.0,0.0,0.0,0.0,0.0,0.0,0.0,0.0,0.0,0.0,0.0,0.0,804.65204,834.0659,790.9524,0.0,706.337,-0.4473876953125,0.13970947265625,0.86798095703125,2.2430419921875,-2.100982666015625,0.441131591796875,0.0,4.0,4.0,4.0,4.0,100.0,event
10:33:53.533,0.0,0.0,0.0,0.0,0.0,0.0,0.0,0.0,0.0,0.0,0.0,0.0,0.0,0.0,0.0,0.0,0.0,0.0,0.0,0.0,768.3883,836.4835,790.54944,13.296703,641.8681,-0.4473876953125,0.13970947265625,0.86798095703125,2.2430419921875,-2.100982666015625,0.441131591796875,0.0,4.0,4.0,4.0,4.0,100.0,event
10:33:53.535,0.0,0.0,0.0,0.0,0.0,0.0,0.0,0.0,0.0,0.0,0.0,0.0,0.0,0.0,0.0,0.0,0.0,0.0,0.0,0.0,717.619,835.6777,784.90845,0.0,592.3077,-0.4473876953125,0.13970947265625,0.86798095703125,2.2430419921875,-2.100982666015625,0.441131591796875,0.0,4.0,4.0,4.0,4.0,100.0,event
10:33:53.537,0.0,0.0,0.0,0.0,0.0,0.0,0.0,0.0,0.0,0.0,0.0,0.0,0.0,0.0,0.0,0.0,0.0,0.0,0.0,0.0,693.44324,834.4689,783.69965,15.311356,758.315,-0.4473876953125,0.13970947265625,0.86798095703125,2.2430419921875,-2.100982666015625,0.441131591796875,0.0,4.0,4.0,4.0,4.0,100.0,event
10:33:53.541,0.0,0.0,0.0,0.0,0.0,0.0,0.0,0.0,0.0,0.0,0.0,0.0,0.0,0.0,0.0,0.0,0.0,0.0,0.0,0.0,718.4249,834.0659,785.7143,312.67398,970.2564,-0.4473876953125,0.13970947265625,0.86798095703125,2.2430419921875,-2.100982666015625,0.441131591796875,0.0,4.0,4.0,4.0,4.0,100.0,event
10:33:53.542,0.0,0.0,0.0,0.0,0.0,0.0,0.0,0.0,0.0,0.0,0.0,0.0,0.0,0.0,0.0,0.0,0.0,0.0,0.0,0.0,736.1539,833.2601,784.10254,135.38461,991.2088,-0.4473876953125,0.13970947265625,0.86798095703125,2.2430419921875,-2.100982666015625,0.441131591796875,0.0,4.0,4.0,4.0,4.0,100.0,event
10:33:53.542,0.0,0.0,0.0,0.0,0.0,0.0,0.0,0.0,0.0,0.0,0.0,0.0,0.0,0.0,0.0,0.0,0.0,0.0,0.0,0.0,693.8461,836.4835,784.90845,0.0,841.31866,-0.4473876953125,0.13970947265625,0.86798095703125,2.2430419921875,-2.100982666015625,0.441131591796875,0.0,4.0,4.0,4.0,4.0,100.0,event
10:33:53.543,0.0,0.0,0.0,0.0,0.0,0.0,0.0,0.0,0.0,0.0,0.0,0.0,0.0,0.0,0.0,0.0,0.0,0.0,0.0,0.0,649.5238,831.6484,787.72894,26.996338,758.315,-0.4473876953125,0.13970947265625,0.86798095703125,2.2430419921875,-2.100982666015625,0.441131591796875,0.0,4.0,4.0,4.0,4.0,100.0,event
10:33:53.544,0.0,0.0,0.0,0.0,0.0,0.0,0.0,0.0,0.0,0.0,0.0,0.0,0.0,0.0,0.0,0.0,0.0,0.0,0.0,0.0,652.74725,827.2161,786.52014,0.0,996.8498,-0.4473876953125,0.13970947265625,0.86798095703125,2.2430419921875,-2.100982666015625,0.441131591796875,0.0,4.0,4.0,4.0,4.0,100.0,event
10:33:53.544,0.0,0.0,0.0,0.0,0.0,0.0,0.0,0.0,0.0,0.0,0.0,0.0,0.0,0.0,0.0,0.0,0.0,0.0,0.0,0.0,700.293,833.663,784.90845,631.39197,888.0586,-0.4473876953125,0.13970947265625,0.86798095703125,2.2430419921875,-2.100982666015625,0.441131591796875,0.0,4.0,4.0,4.0,4.0,100.0,event
10:33:53.568,0.0,0.0,0.0,0.0,0.0,0.0,0.0,0.0,0.0,0.0,0.0,0.0,0.0,0.0,0.0,0.0,0.0,0.0,0.0,0.0,731.7216,834.87177,789.7436,1351.8315,759.12085,-0.44879150390625,0.14556884765625,0.8729248046875,2.145843505859375,-1.2261962890625,0.306549072265625,0.0,4.0,4.0,4.0,4.0,100.0,event
10:33:53.569,0.0,0.0,0.0,0.0,0.0,0.0,0.0,0.0,0.0,0.0,0.0,0.0,0.0,0.0,0.0,0.0,0.0,0.0,0.0,0.0,691.02563,832.4542,799.011,1565.3846,843.73627,-0.44879150390625,0.14556884765625,0.8729248046875,2.145843505859375,-1.2261962890625,0.306549072265625,0.0,4.0,4.0,4.0,4.0,100.0,event
10:33:53.570,0.0,0.0,0.0,0.0,0.0,0.0,0.0,0.0,0.0,0.0,0.0,0.0,0.0,0.0,0.0,0.0,0.0,0.0,0.0,0.0,643.47986,835.2747,807.0696,1628.2417,827.619,-0.44879150390625,0.14556884765625,0.8729248046875,2.145843505859375,-1.2261962890625,0.306549072265625,0.0,4.0,4.0,4.0,4.0,100.0,event
10:33:53.571,0.0,0.0,0.0,0.0,0.0,0.0,0.0,0.0,0.0,0.0,0.0,0.0,0.0,0.0,0.0,0.0,0.0,0.0,0.0,0.0,643.47986,833.2601,803.8461,1624.2124,767.1795,-0.44879150390625,0.14556884765625,0.8729248046875,2.145843505859375,-1.2261962890625,0.306549072265625,0.0,4.0,4.0,4.0,4.0,100.0,event
10:33:53.572,0.0,0.0,0.0,0.0,0.0,0.0,0.0,0.0,0.0,0.0,0.0,0.0,0.0,0.0,0.0,0.0,0.0,0.0,0.0,0.0,682.5641,830.84247,797.8022,1628.2417,790.54944,-0.44879150390625,0.14556884765625,0.8729248046875,2.145843505859375,-1.2261962890625,0.306549072265625,0.0,4.0,4.0,4.0,4.0,100.0,event
10:33:53.573,0.0,0.0,0.0,0.0,0.0,0.0,0.0,0.0,0.0,0.0,0.0,0.0,0.0,0.0,0.0,0.0,0.0,0.0,0.0,0.0,720.0366,829.6337,789.7436,1625.8242,990.0,-0.44879150390625,0.14556884765625,0.8729248046875,2.145843505859375,-1.2261962890625,0.306549072265625,0.0,4.0,4.0,4.0,4.0,100.0,event
10:33:53.573,0.0,0.0,0.0,0.0,0.0,0.0,0.0,0.0,0.0,0.0,0.0,0.0,0.0,0.0,0.0,0.0,0.0,0.0,0.0,0.0,703.1135,830.84247,787.326,1633.8828,983.95605,-0.44879150390625,0.14556884765625,0.8729248046875,2.145843505859375,-1.2261962890625,0.306549072265625,0.0,4.0,4.0,4.0,4.0,100.0,event
10:33:53.574,0.0,0.0,0.0,0.0,0.0,0.0,0.0,0.0,0.0,0.0,0.0,0.0,0.0,0.0,0.0,0.0,0.0,0.0,0.0,0.0,660.0,831.2454,794.57874,1540.0,817.1429,-0.44879150390625,0.14556884765625,0.8729248046875,2.145843505859375,-1.2261962890625,0.306549072265625,0.0,4.0,4.0,4.0,4.0,100.0,event
10:33:53.575,0.0,0.0,0.0,0.0,0.0,0.0,0.0,0.0,0.0,0.0,0.0,0.0,0.0,0.0,0.0,0.0,0.0,0.0,0.0,0.0,646.30035,828.022,801.4286,1427.9854,818.7546,-0.44879150390625,0.14556884765625,0.8729248046875,2.145843505859375,-1.2261962890625,0.306549072265625,0.0,4.0,4.0,4.0,4.0,100.0,event
10:33:53.575,0.0,0.0,0.0,0.0,0.0,0.0,0.0,0.0,0.0,0.0,0.0,0.0,0.0,0.0,0.0,0.0,0.0,0.0,0.0,0.0,678.1319,824.7985,794.57874,1440.4762,1015.38464,-0.44879150390625,0.14556884765625,0.8729248046875,2.145843505859375,-1.2261962890625,0.306549072265625,0.0,4.0,4.0,4.0,4.0,100.0,event
10:33:53.576,0.0,0.0,0.0,0.0,0.0,0.0,0.0,0.0,0.0,0.0,0.0,0.0,0.0,0.0,0.0,0.0,0.0,0.0,0.0,0.0,722.8571,822.7839,790.54944,1478.3517,1124.9817,-0.44879150390625,0.14556884765625,0.8729248046875,2.145843505859375,-1.2261962890625,0.306549072265625,0.0,4.0,4.0,4.0,4.0,100.0,event
10:33:53.576,0.0,0.0,0.0,0.0,0.0,0.0,0.0,0.0,0.0,0.0,0.0,0.0,0.0,0.0,0.0,0.0,0.0,0.0,0.0,0.0,718.8278,821.5751,787.72894,1593.1868,925.12823,-0.44879150390625,0.14556884765625,0.8729248046875,2.145843505859375,-1.2261962890625,0.306549072265625,0.0,4.0,4.0,4.0,4.0,100.0,event
10:33:53.611,0.0,0.0,0.0,0.0,0.0,0.0,0.0,0.0,0.0,0.0,0.0,0.0,0.0,0.0,0.0,0.0,0.0,0.0,0.0,0.0,673.69965,821.978,784.10254,1647.1794,797.8022,-0.45166015625,0.14447021484375,0.868408203125,2.056121826171875,-1.1065673828125,0.665435791015625,0.0,4.0,4.0,4.0,4.0,100.0,event
10:33:53.613,0.0,0.0,0.0,0.0,0.0,0.0,0.0,0.0,0.0,0.0,0.0,0.0,0.0,0.0,0.0,0.0,0.0,0.0,0.0,0.0,662.01465,822.7839,791.3553,1494.0659,784.5055,-0.45166015625,0.14447021484375,0.868408203125,2.056121826171875,-1.1065673828125,0.665435791015625,0.0,4.0,4.0,4.0,4.0,100.0,event
10:33:53.614,0.0,0.0,0.0,0.0,0.0,0.0,0.0,0.0,0.0,0.0,0.0,0.0,0.0,0.0,0.0,0.0,0.0,0.0,0.0,0.0,692.23444,818.7546,794.9817,1378.4249,778.46155,-0.45166015625,0.14447021484375,0.868408203125,2.056121826171875,-1.1065673828125,0.665435791015625,0.0,4.0,4.0,4.0,4.0,100.0,event
10:33:53.616,0.0,0.0,0.0,0.0,0.0,0.0,0.0,0.0,0.0,0.0,0.0,0.0,0.0,0.0,0.0,0.0,0.0,0.0,0.0,0.0,736.1539,816.7399,792.96704,1542.8206,782.8938,-0.45166015625,0.14447021484375,0.868408203125,2.056121826171875,-1.1065673828125,0.665435791015625,0.0,4.0,4.0,4.0,4.0,100.0,event
10:33:53.618,0.0,0.0,0.0,0.0,0.0,0.0,0.0,0.0,0.0,0.0,0.0,0.0,0.0,0.0,0.0,0.0,0.0,0.0,0.0,0.0,731.31866,815.9341,791.75824,1496.0806,780.07324,-0.45166015625,0.14447021484375,0.868408203125,2.056121826171875,-1.1065673828125,0.665435791015625,0.0,4.0,4.0,4.0,4.0,100.0,event
10:33:53.619,0.0,0.0,0.0,0.0,0.0,0.0,0.0,0.0,0.0,0.0,0.0,0.0,0.0,0.0,0.0,0.0,0.0,0.0,0.0,0.0,668.86444,811.50183,796.99634,984.35895,820.7692,-0.45166015625,0.14447021484375,0.868408203125,2.056121826171875,-1.1065673828125,0.665435791015625,0.0,4.0,4.0,4.0,4.0,100.0,event
10:33:53.619,0.0,0.0,0.0,0.0,0.0,0.0,0.0,0.0,0.0,0.0,0.0,0.0,0.0,0.0,0.0,0.0,0.0,0.0,0.0,0.0,655.56775,810.293,799.41394,153.51648,747.8388,-0.45166015625,0.14447021484375,0.868408203125,2.056121826171875,-1.1065673828125,0.665435791015625,0.0,4.0,4.0,4.0,4.0,100.0,event
10:33:53.620,0.0,0.0,0.0,0.0,0.0,0.0,0.0,0.0,0.0,0.0,0.0,0.0,0.0,0.0,0.0,0.0,0.0,0.0,0.0,0.0,703.1135,811.9048,796.1905,0.0,576.1905,-0.45166015625,0.14447021484375,0.868408203125,2.056121826171875,-1.1065673828125,0.665435791015625,0.0,4.0,4.0,4.0,4.0,100.0,event
10:33:53.624,0.0,0.0,0.0,0.0,0.0,0.0,0.0,0.0,0.0,0.0,0.0,0.0,0.0,0.0,0.0,0.0,0.0,0.0,0.0,0.0,746.63007,815.5311,790.9524,221.20879,635.0183,-0.45166015625,0.14447021484375,0.868408203125,2.056121826171875,-1.1065673828125,0.665435791015625,0.0,4.0,4.0,4.0,4.0,100.0,event
10:33:53.625,0.0,0.0,0.0,0.0,0.0,0.0,0.0,0.0,0.0,0.0,0.0,0.0,0.0,0.0,0.0,0.0,0.0,0.0,0.0,0.0,744.21246,815.5311,792.5641,331.61172,937.2161,-0.45166015625,0.14447021484375,0.868408203125,2.056121826171875,-1.1065673828125,0.665435791015625,0.0,4.0,4.0,4.0,4.0,100.0,event
10:33:53.625,0.0,0.0,0.0,0.0,0.0,0.0,0.0,0.0,0.0,0.0,0.0,0.0,0.0,0.0,0.0,0.0,0.0,0.0,0.0,0.0,705.9341,812.3077,790.9524,279.23077,814.7253,-0.45166015625,0.14447021484375,0.868408203125,2.056121826171875,-1.1065673828125,0.665435791015625,0.0,4.0,4.0,4.0,4.0,100.0,event
10:33:53.626,0.0,0.0,0.0,0.0,0.0,0.0,0.0,0.0,0.0,0.0,0.0,0.0,0.0,0.0,0.0,0.0,0.0,0.0,0.0,0.0,691.02563,808.2784,780.07324,369.08426,691.02563,-0.45166015625,0.14447021484375,0.868408203125,2.056121826171875,-1.1065673828125,0.665435791015625,0.0,4.0,4.0,4.0,4.0,100.0,event
10:33:53.663,0.0,0.0,0.0,0.0,0.0,0.0,0.0,0.0,0.0,0.0,0.0,0.0,0.0,0.0,0.0,0.0,0.0,0.0,0.0,0.0,717.2161,807.0696,790.54944,733.73627,773.22345,-0.4600830078125,0.1463623046875,0.87188720703125,1.86920166015625,-3.895416259765625,1.68975830078125,0.0,4.0,4.0,4.0,4.0,100.0,event
10:33:53.665,0.0,0.0,0.0,0.0,0.0,0.0,0.0,0.0,0.0,0.0,0.0,0.0,0.0,0.0,0.0,0.0,0.0,0.0,0.0,0.0,761.53845,804.2491,794.57874,1044.7986,790.9524,-0.4600830078125,0.1463623046875,0.87188720703125,1.86920166015625,-3.895416259765625,1.68975830078125,0.0,4.0,4.0,4.0,4.0,100.0,event
10:33:53.667,0.0,0.0,0.0,0.0,0.0,0.0,0.0,0.0,0.0,0.0,0.0,0.0,0.0,0.0,0.0,0.0,0.0,0.0,0.0,0.0,778.86444,801.8315,794.17584,744.61536,770.0,-0.4600830078125,0.1463623046875,0.87188720703125,1.86920166015625,-3.895416259765625,1.68975830078125,0.0,4.0,4.0,4.0,4.0,100.0,event
10:33:53.669,0.0,0.0,0.0,0.0,0.0,0.0,0.0,0.0,0.0,0.0,0.0,0.0,0.0,0.0,0.0,0.0,0.0,0.0,0.0,0.0,734.1392,801.02563,799.011,306.2271,726.8865,-0.4600830078125,0.1463623046875,0.87188720703125,1.86920166015625,-3.895416259765625,1.68975830078125,0.0,4.0,4.0,4.0,4.0,100.0,event
10:33:53.670,0.0,0.0,0.0,0.0,0.0,0.0,0.0,0.0,0.0,0.0,0.0,0.0,0.0,0.0,0.0,0.0,0.0,0.0,0.0,0.0,692.23444,797.8022,793.36993,148.27838,766.77655,-0.4600830078125,0.1463623046875,0.87188720703125,1.86920166015625,-3.895416259765625,1.68975830078125,0.0,4.0,4.0,4.0,4.0,100.0,event
10:33:53.672,0.0,0.0,0.0,0.0,0.0,0.0,0.0,0.0,0.0,0.0,0.0,0.0,0.0,0.0,0.0,0.0,0.0,0.0,0.0,0.0,719.6337,797.8022,793.36993,26.190475,839.707,-0.4600830078125,0.1463623046875,0.87188720703125,1.86920166015625,-3.895416259765625,1.68975830078125,0.0,4.0,4.0,4.0,4.0,100.0,event
10:33:53.674,0.0,0.0,0.0,0.0,0.0,0.0,0.0,0.0,0.0,0.0,0.0,0.0,0.0,0.0,0.0,0.0,0.0,0.0,0.0,0.0,775.2381,802.6374,794.17584,0.0,859.0476,-0.4600830078125,0.1463623046875,0.87188720703125,1.86920166015625,-3.895416259765625,1.68975830078125,0.0,4.0,4.0,4.0,4.0,100.0,event
10:33:53.675,0.0,0.0,0.0,0.0,0.0,0.0,0.0,0.0,0.0,0.0,0.0,0.0,0.0,0.0,0.0,0.0,0.0,0.0,0.0,0.0,803.8461,804.65204,790.9524,3.6263735,802.6374,-0.4600830078125,0.1463623046875,0.87188720703125,1.86920166015625,-3.895416259765625,1.68975830078125,0.0,4.0,4.0,4.0,4.0,100.0,event
10:33:53.677,0.0,0.0,0.0,0.0,0.0,0.0,0.0,0.0,0.0,0.0,0.0,0.0,0.0,0.0,0.0,0.0,0.0,0.0,0.0,0.0,759.12085,803.44324,790.14655,0.0,867.9121,-0.4600830078125,0.1463623046875,0.87188720703125,1.86920166015625,-3.895416259765625,1.68975830078125,0.0,4.0,4.0,4.0,4.0,100.0,event
10:33:53.679,0.0,0.0,0.0,0.0,0.0,0.0,0.0,0.0,0.0,0.0,0.0,0.0,0.0,0.0,0.0,0.0,0.0,0.0,0.0,0.0,719.2308,803.44324,791.75824,0.0,851.39197,-0.4600830078125,0.1463623046875,0.87188720703125,1.86920166015625,-3.895416259765625,1.68975830078125,0.0,4.0,4.0,4.0,4.0,100.0,event
10:33:53.681,0.0,0.0,0.0,0.0,0.0,0.0,0.0,0.0,0.0,0.0,0.0,0.0,0.0,0.0,0.0,0.0,0.0,0.0,0.0,0.0,740.989,802.6374,794.17584,0.0,622.9304,-0.4600830078125,0.1463623046875,0.87188720703125,1.86920166015625,-3.895416259765625,1.68975830078125,0.0,4.0,4.0,4.0,4.0,100.0,event
10:33:53.683,0.0,0.0,0.0,0.0,0.0,0.0,0.0,0.0,0.0,0.0,0.0,0.0,0.0,0.0,0.0,0.0,0.0,0.0,0.0,0.0,783.69965,797.8022,786.9231,0.0,665.2381,-0.4600830078125,0.1463623046875,0.87188720703125,1.86920166015625,-3.895416259765625,1.68975830078125,0.0,4.0,4.0,4.0,4.0,100.0,event
10:33:53.721,0.0,0.0,0.0,0.0,0.0,0.0,0.0,0.0,0.0,0.0,0.0,0.0,0.0,0.0,0.0,0.0,0.0,0.0,0.0,0.0,814.7253,794.17584,774.43225,0.0,797.3993,-0.4600830078125,0.1463623046875,0.87188720703125,1.86920166015625,-3.895416259765625,1.68975830078125,0.0,4.0,4.0,4.0,4.0,100.0,event
10:33:53.722,0.0,0.0,0.0,0.0,0.0,0.0,0.0,0.0,0.0,0.0,0.0,0.0,0.0,0.0,0.0,0.0,0.0,0.0,0.0,0.0,788.5348,794.9817,783.2967,0.0,720.0366,-0.4600830078125,0.1463623046875,0.87188720703125,1.86920166015625,-3.895416259765625,1.68975830078125,0.0,4.0,4.0,4.0,4.0,100.0,event
10:33:53.723,0.0,0.0,0.0,0.0,0.0,0.0,0.0,0.0,0.0,0.0,0.0,0.0,0.0,0.0,0.0,0.0,0.0,0.0,0.0,0.0,736.9597,790.54944,803.44324,0.0,688.20514,-0.4600830078125,0.1463623046875,0.87188720703125,1.86920166015625,-3.895416259765625,1.68975830078125,0.0,4.0,4.0,4.0,4.0,100.0,event
10:33:53.724,0.0,0.0,0.0,0.0,0.0,0.0,0.0,0.0,0.0,0.0,0.0,0.0,0.0,0.0,0.0,0.0,0.0,0.0,0.0,0.0,728.49817,788.5348,803.8461,0.0,801.02563,-0.4600830078125,0.1463623046875,0.87188720703125,1.86920166015625,-3.895416259765625,1.68975830078125,0.0,4.0,4.0,4.0,4.0,100.0,event
10:33:53.724,0.0,0.0,0.0,0.0,0.0,0.0,0.0,0.0,0.0,0.0,0.0,0.0,0.0,0.0,0.0,0.0,0.0,0.0,0.0,0.0,764.7619,788.1319,796.1905,0.0,868.315,-0.4600830078125,0.1463623046875,0.87188720703125,1.86920166015625,-3.895416259765625,1.68975830078125,0.0,4.0,4.0,4.0,4.0,100.0,event
10:33:53.725,0.0,0.0,0.0,0.0,0.0,0.0,0.0,0.0,0.0,0.0,0.0,0.0,0.0,0.0,0.0,0.0,0.0,0.0,0.0,0.0,791.75824,784.90845,792.96704,0.0,909.41394,-0.4600830078125,0.1463623046875,0.87188720703125,1.86920166015625,-3.895416259765625,1.68975830078125,0.0,4.0,4.0,4.0,4.0,100.0,event
10:33:53.726,0.0,0.0,0.0,0.0,0.0,0.0,0.0,0.0,0.0,0.0,0.0,0.0,0.0,0.0,0.0,0.0,0.0,0.0,0.0,0.0,767.98535,787.72894,790.54944,0.0,879.19415,-0.4600830078125,0.1463623046875,0.87188720703125,1.86920166015625,-3.895416259765625,1.68975830078125,0.0,4.0,4.0,4.0,4.0,100.0,event
10:33:53.727,0.0,0.0,0.0,0.0,0.0,0.0,0.0,0.0,0.0,0.0,0.0,0.0,0.0,0.0,0.0,0.0,0.0,0.0,0.0,0.0,733.3333,786.9231,778.46155,0.0,821.1722,-0.4600830078125,0.1463623046875,0.87188720703125,1.86920166015625,-3.895416259765625,1.68975830078125,0.0,4.0,4.0,4.0,4.0,100.0,event
10:33:53.727,0.0,0.0,0.0,0.0,0.0,0.0,0.0,0.0,0.0,0.0,0.0,0.0,0.0,0.0,0.0,0.0,0.0,0.0,0.0,0.0,736.55676,782.8938,780.07324,0.0,981.53845,-0.4600830078125,0.1463623046875,0.87188720703125,1.86920166015625,-3.895416259765625,1.68975830078125,0.0,4.0,4.0,4.0,4.0,100.0,event
10:33:53.727,0.0,0.0,0.0,0.0,0.0,0.0,0.0,0.0,0.0,0.0,0.0,0.0,0.0,0.0,0.0,0.0,0.0,0.0,0.0,0.0,780.4762,784.90845,790.9524,0.0,854.61536,-0.4600830078125,0.1463623046875,0.87188720703125,1.86920166015625,-3.895416259765625,1.68975830078125,0.0,4.0,4.0,4.0,4.0,100.0,event
10:33:53.731,0.0,0.0,0.0,0.0,0.0,0.0,0.0,0.0,0.0,0.0,0.0,0.0,0.0,0.0,0.0,0.0,0.0,0.0,0.0,0.0,815.9341,786.9231,791.3553,0.0,726.8865,-0.4600830078125,0.1463623046875,0.87188720703125,1.86920166015625,-3.895416259765625,1.68975830078125,0.0,4.0,4.0,4.0,4.0,100.0,event
10:33:53.732,0.0,0.0,0.0,0.0,0.0,0.0,0.0,0.0,0.0,0.0,0.0,0.0,0.0,0.0,0.0,0.0,0.0,0.0,0.0,0.0,788.1319,784.10254,792.5641,17.326008,785.7143,-0.4600830078125,0.1463623046875,0.87188720703125,1.86920166015625,-3.895416259765625,1.68975830078125,0.0,4.0,4.0,4.0,4.0,100.0,event
10:33:53.733,0.0,0.0,0.0,0.0,0.0,0.0,0.0,0.0,0.0,0.0,0.0,0.0,0.0,0.0,0.0,0.0,0.0,0.0,0.0,0.0,739.3773,784.90845,793.36993,0.0,711.5751,-0.4554443359375,0.14654541015625,0.86663818359375,2.235565185546875,-4.9945068359375,0.58319091796875,0.0,4.0,4.0,4.0,4.0,100.0,event
10:33:53.734,0.0,0.0,0.0,0.0,0.0,0.0,0.0,0.0,0.0,0.0,0.0,0.0,0.0,0.0,0.0,0.0,0.0,0.0,0.0,0.0,738.1685,787.326,791.75824,215.16484,689.011,-0.4554443359375,0.14654541015625,0.86663818359375,2.235565185546875,-4.9945068359375,0.58319091796875,0.0,4.0,4.0,4.0,4.0,100.0,event
10:33:53.734,0.0,0.0,0.0,0.0,0.0,0.0,0.0,0.0,0.0,0.0,0.0,0.0,0.0,0.0,0.0,0.0,0.0,0.0,0.0,0.0,778.0586,784.10254,793.7729,925.5311,780.87915,-0.4554443359375,0.14654541015625,0.86663818359375,2.235565185546875,-4.9945068359375,0.58319091796875,0.0,4.0,4.0,4.0,4.0,100.0,event
10:33:53.735,0.0,0.0,0.0,0.0,0.0,0.0,0.0,0.0,0.0,0.0,0.0,0.0,0.0,0.0,0.0,0.0,0.0,0.0,0.0,0.0,815.9341,782.49084,796.1905,1468.6813,902.1612,-0.4554443359375,0.14654541015625,0.86663818359375,2.235565185546875,-4.9945068359375,0.58319091796875,0.0,4.0,4.0,4.0,4.0,100.0,event
10:33:53.736,0.0,0.0,0.0,0.0,0.0,0.0,0.0,0.0,0.0,0.0,0.0,0.0,0.0,0.0,0.0,0.0,0.0,0.0,0.0,0.0,812.3077,783.69965,789.7436,1610.1099,904.57874,-0.4554443359375,0.14654541015625,0.86663818359375,2.235565185546875,-4.9945068359375,0.58319091796875,0.0,4.0,4.0,4.0,4.0,100.0,event
10:33:53.736,0.0,0.0,0.0,0.0,0.0,0.0,0.0,0.0,0.0,0.0,0.0,0.0,0.0,0.0,0.0,0.0,0.0,0.0,0.0,0.0,765.56775,782.49084,789.7436,13.296703,864.68866,-0.4554443359375,0.14654541015625,0.86663818359375,2.235565185546875,-4.9945068359375,0.58319091796875,0.0,4.0,4.0,4.0,4.0,100.0,event
10:33:53.737,0.0,0.0,0.0,0.0,0.0,0.0,0.0,0.0,0.0,0.0,0.0,0.0,0.0,0.0,0.0,0.0,0.0,0.0,0.0,0.0,742.1978,785.31134,798.60803,923.91943,858.24176,-0.4554443359375,0.14654541015625,0.86663818359375,2.235565185546875,-4.9945068359375,0.58319091796875,0.0,4.0,4.0,4.0,4.0,100.0,event
10:33:53.738,0.0,0.0,0.0,0.0,0.0,0.0,0.0,0.0,0.0,0.0,0.0,0.0,0.0,0.0,0.0,0.0,0.0,0.0,0.0,0.0,767.98535,785.7143,790.54944,325.56778,933.5897,-0.4554443359375,0.14654541015625,0.86663818359375,2.235565185546875,-4.9945068359375,0.58319091796875,0.0,4.0,4.0,4.0,4.0,100.0,event
10:33:53.739,0.0,0.0,0.0,0.0,0.0,0.0,0.0,0.0,0.0,0.0,0.0,0.0,0.0,0.0,0.0,0.0,0.0,0.0,0.0,0.0,815.9341,784.5055,786.1172,416.63004,922.3077,-0.4554443359375,0.14654541015625,0.86663818359375,2.235565185546875,-4.9945068359375,0.58319091796875,0.0,4.0,4.0,4.0,4.0,100.0,event
10:33:53.739,0.0,0.0,0.0,0.0,0.0,0.0,0.0,0.0,0.0,0.0,0.0,0.0,0.0,0.0,0.0,0.0,0.0,0.0,0.0,0.0,807.8755,783.69965,791.75824,239.34065,746.2271,-0.4554443359375,0.14654541015625,0.86663818359375,2.235565185546875,-4.9945068359375,0.58319091796875,0.0,4.0,4.0,4.0,4.0,100.0,event
10:33:53.740,0.0,0.0,0.0,0.0,0.0,0.0,0.0,0.0,0.0,0.0,0.0,0.0,0.0,0.0,0.0,0.0,0.0,0.0,0.0,0.0,749.0476,781.28204,786.52014,43.516483,634.21246,-0.4554443359375,0.14654541015625,0.86663818359375,2.235565185546875,-4.9945068359375,0.58319091796875,0.0,4.0,4.0,4.0,4.0,100.0,event
10:33:53.741,0.0,0.0,0.0,0.0,0.0,0.0,0.0,0.0,0.0,0.0,0.0,0.0,0.0,0.0,0.0,0.0,0.0,0.0,0.0,0.0,728.9011,780.87915,784.90845,0.0,836.4835,-0.4554443359375,0.14654541015625,0.86663818359375,2.235565185546875,-4.9945068359375,0.58319091796875,0.0,4.0,4.0,4.0,4.0,100.0,event
10:33:53.774,0.0,0.0,0.0,0.0,0.0,0.0,0.0,0.0,0.0,0.0,0.0,0.0,0.0,0.0,0.0,0.0,0.0,0.0,0.0,0.0,762.74725,781.28204,792.96704,6.4468865,911.8315,-0.44921875,0.14727783203125,0.86822509765625,2.0037841796875,-3.90289306640625,-0.19439697265625,0.0,4.0,4.0,4.0,4.0,100.0,event
10:33:53.775,0.0,0.0,0.0,0.0,0.0,0.0,0.0,0.0,0.0,0.0,0.0,0.0,0.0,0.0,0.0,0.0,0.0,0.0,0.0,0.0,819.15753,780.4762,798.60803,0.0,711.978,-0.44921875,0.14727783203125,0.86822509765625,2.0037841796875,-3.90289306640625,-0.19439697265625,0.0,4.0,4.0,4.0,4.0,100.0,event
10:33:53.776,0.0,0.0,0.0,0.0,0.0,0.0,0.0,0.0,0.0,0.0,0.0,0.0,0.0,0.0,0.0,0.0,0.0,0.0,0.0,0.0,824.3956,779.2674,795.38464,0.0,709.9634,-0.44921875,0.14727783203125,0.86822509765625,2.0037841796875,-3.90289306640625,-0.19439697265625,0.0,4.0,4.0,4.0,4.0,100.0,event
10:33:53.777,0.0,0.0,0.0,0.0,0.0,0.0,0.0,0.0,0.0,0.0,0.0,0.0,0.0,0.0,0.0,0.0,0.0,0.0,0.0,0.0,775.2381,779.2674,789.7436,13.296703,770.0,-0.44921875,0.14727783203125,0.86822509765625,2.0037841796875,-3.90289306640625,-0.19439697265625,0.0,4.0,4.0,4.0,4.0,100.0,event
10:33:53.778,0.0,0.0,0.0,0.0,0.0,0.0,0.0,0.0,0.0,0.0,0.0,0.0,0.0,0.0,0.0,0.0,0.0,0.0,0.0,0.0,751.06226,778.86444,790.14655,0.0,665.2381,-0.44921875,0.14727783203125,0.86822509765625,2.0037841796875,-3.90289306640625,-0.19439697265625,0.0,4.0,4.0,4.0,4.0,100.0,event
10:33:53.779,0.0,0.0,0.0,0.0,0.0,0.0,0.0,0.0,0.0,0.0,0.0,0.0,0.0,0.0,0.0,0.0,0.0,0.0,0.0,0.0,776.4469,777.6557,791.75824,12.087913,678.1319,-0.44921875,0.14727783203125,0.86822509765625,2.0037841796875,-3.90289306640625,-0.19439697265625,0.0,4.0,4.0,4.0,4.0,100.0,event
10:33:53.780,0.0,0.0,0.0,0.0,0.0,0.0,0.0,0.0,0.0,0.0,0.0,0.0,0.0,0.0,0.0,0.0,0.0,0.0,0.0,0.0,822.7839,777.6557,790.9524,510.1099,910.6227,-0.44921875,0.14727783203125,0.86822509765625,2.0037841796875,-3.90289306640625,-0.19439697265625,0.0,4.0,4.0,4.0,4.0,100.0,event
10:33:53.781,0.0,0.0,0.0,0.0,0.0,0.0,0.0,0.0,0.0,0.0,0.0,0.0,0.0,0.0,0.0,0.0,0.0,0.0,0.0,0.0,828.4249,778.46155,797.8022,816.7399,1098.7913,-0.44921875,0.14727783203125,0.86822509765625,2.0037841796875,-3.90289306640625,-0.19439697265625,0.0,4.0,4.0,4.0,4.0,100.0,event
10:33:53.782,0.0,0.0,0.0,0.0,0.0,0.0,0.0,0.0,0.0,0.0,0.0,0.0,0.0,0.0,0.0,0.0,0.0,0.0,0.0,0.0,781.685,779.2674,804.65204,929.15753,927.5458,-0.44921875,0.14727783203125,0.86822509765625,2.0037841796875,-3.90289306640625,-0.19439697265625,0.0,4.0,4.0,4.0,4.0,100.0,event
10:33:53.783,0.0,0.0,0.0,0.0,0.0,0.0,0.0,0.0,0.0,0.0,0.0,0.0,0.0,0.0,0.0,0.0,0.0,0.0,0.0,0.0,755.09155,777.25275,799.81683,1483.5897,805.4579,-0.44921875,0.14727783203125,0.86822509765625,2.0037841796875,-3.90289306640625,-0.19439697265625,0.0,4.0,4.0,4.0,4.0,100.0,event
10:33:53.784,0.0,0.0,0.0,0.0,0.0,0.0,0.0,0.0,0.0,0.0,0.0,0.0,0.0,0.0,0.0,0.0,0.0,0.0,0.0,0.0,776.4469,774.43225,793.7729,13.699634,866.30035,-0.44921875,0.14727783203125,0.86822509765625,2.0037841796875,-3.90289306640625,-0.19439697265625,0.0,4.0,4.0,4.0,4.0,100.0,event
10:33:53.785,0.0,0.0,0.0,0.0,0.0,0.0,0.0,0.0,0.0,0.0,0.0,0.0,0.0,0.0,0.0,0.0,0.0,0.0,0.0,0.0,829.6337,774.0293,794.57874,1605.2748,911.02563,-0.44921875,0.14727783203125,0.86822509765625,2.0037841796875,-3.90289306640625,-0.19439697265625,0.0,4.0,4.0,4.0,4.0,100.0,event
10:33:53.814,0.0,0.0,0.0,0.0,0.0,0.0,0.0,0.0,0.0,0.0,0.0,0.0,0.0,0.0,0.0,0.0,0.0,0.0,0.0,0.0,850.989,776.04395,801.02563,1631.8682,847.3626,-0.45172119140625,0.1448974609375,0.874755859375,2.0037841796875,-3.75335693359375,0.59814453125,0.0,4.0,4.0,4.0,4.0,100.0,event
10:33:53.815,0.0,0.0,0.0,0.0,0.0,0.0,0.0,0.0,0.0,0.0,0.0,0.0,0.0,0.0,0.0,0.0,0.0,0.0,0.0,0.0,790.9524,778.86444,800.6227,1628.2417,797.3993,-0.45172119140625,0.1448974609375,0.874755859375,2.0037841796875,-3.75335693359375,0.59814453125,0.0,4.0,4.0,4.0,4.0,100.0,event
10:33:53.816,0.0,0.0,0.0,0.0,0.0,0.0,0.0,0.0,0.0,0.0,0.0,0.0,0.0,0.0,0.0,0.0,0.0,0.0,0.0,0.0,750.65936,776.8498,795.38464,1635.4945,807.0696,-0.45172119140625,0.1448974609375,0.874755859375,2.0037841796875,-3.75335693359375,0.59814453125,0.0,4.0,4.0,4.0,4.0,100.0,event
10:33:53.816,0.0,0.0,0.0,0.0,0.0,0.0,0.0,0.0,0.0,0.0,0.0,0.0,0.0,0.0,0.0,0.0,0.0,0.0,0.0,0.0,776.4469,776.4469,793.36993,1596.0073,776.04395,-0.45172119140625,0.1448974609375,0.874755859375,2.0037841796875,-3.75335693359375,0.59814453125,0.0,4.0,4.0,4.0,4.0,100.0,event
10:33:53.817,0.0,0.0,0.0,0.0,0.0,0.0,0.0,0.0,0.0,0.0,0.0,0.0,0.0,0.0,0.0,0.0,0.0,0.0,0.0,0.0,820.3663,781.685,792.5641,28.205128,769.19415,-0.45172119140625,0.1448974609375,0.874755859375,2.0037841796875,-3.75335693359375,0.59814453125,0.0,4.0,4.0,4.0,4.0,100.0,event
10:33:53.817,0.0,0.0,0.0,0.0,0.0,0.0,0.0,0.0,0.0,0.0,0.0,0.0,0.0,0.0,0.0,0.0,0.0,0.0,0.0,0.0,844.94507,779.67035,784.90845,1552.8938,875.9707,-0.45172119140625,0.1448974609375,0.874755859375,2.0037841796875,-3.75335693359375,0.59814453125,0.0,4.0,4.0,4.0,4.0,100.0,event
10:33:53.818,0.0,0.0,0.0,0.0,0.0,0.0,0.0,0.0,0.0,0.0,0.0,0.0,0.0,0.0,0.0,0.0,0.0,0.0,0.0,0.0,757.9121,778.86444,793.36993,1442.0879,1037.5458,-0.45172119140625,0.1448974609375,0.874755859375,2.0037841796875,-3.75335693359375,0.59814453125,0.0,4.0,4.0,4.0,4.0,100.0,event
10:33:53.818,0.0,0.0,0.0,0.0,0.0,0.0,0.0,0.0,0.0,0.0,0.0,0.0,0.0,0.0,0.0,0.0,0.0,0.0,0.0,0.0,808.2784,778.86444,784.90845,1034.7252,1102.8206,-0.45172119140625,0.1448974609375,0.874755859375,2.0037841796875,-3.75335693359375,0.59814453125,0.0,4.0,4.0,4.0,4.0,100.0,event
10:33:53.819,0.0,0.0,0.0,0.0,0.0,0.0,0.0,0.0,0.0,0.0,0.0,0.0,0.0,0.0,0.0,0.0,0.0,0.0,0.0,0.0,766.3736,779.2674,799.81683,52.38095,746.63007,-0.45172119140625,0.1448974609375,0.874755859375,2.0037841796875,-3.75335693359375,0.59814453125,0.0,4.0,4.0,4.0,4.0,100.0,event
10:33:53.819,0.0,0.0,0.0,0.0,0.0,0.0,0.0,0.0,0.0,0.0,0.0,0.0,0.0,0.0,0.0,0.0,0.0,0.0,0.0,0.0,803.44324,778.86444,799.011,1592.7839,731.7216,-0.45172119140625,0.1448974609375,0.874755859375,2.0037841796875,-3.75335693359375,0.59814453125,0.0,4.0,4.0,4.0,4.0,100.0,event
10:33:53.820,0.0,0.0,0.0,0.0,0.0,0.0,0.0,0.0,0.0,0.0,0.0,0.0,0.0,0.0,0.0,0.0,0.0,0.0,0.0,0.0,822.381,775.64105,793.36993,1637.1062,796.1905,-0.45172119140625,0.1448974609375,0.874755859375,2.0037841796875,-3.75335693359375,0.59814453125,0.0,4.0,4.0,4.0,4.0,100.0,event
10:33:53.820,0.0,0.0,0.0,0.0,0.0,0.0,0.0,0.0,0.0,0.0,0.0,0.0,0.0,0.0,0.0,0.0,0.0,0.0,0.0,0.0,794.57874,772.8205,792.1612,1563.773,766.3736,-0.45172119140625,0.1448974609375,0.874755859375,2.0037841796875,-3.75335693359375,0.59814453125,0.0,4.0,4.0,4.0,4.0,100.0,event
10:33:53.882,0.0,0.0,0.0,0.0,0.0,0.0,0.0,0.0,0.0,0.0,0.0,0.0,0.0,0.0,0.0,0.0,0.0,0.0,0.0,0.0,760.32965,776.04395,789.7436,1591.978,726.8865,-0.4481201171875,0.14288330078125,0.8697509765625,1.652374267578125,-3.835601806640625,-0.261688232421875,0.0,4.0,4.0,4.0,4.0,100.0,event
10:33:53.883,0.0,0.0,0.0,0.0,0.0,0.0,0.0,0.0,0.0,0.0,0.0,0.0,0.0,0.0,0.0,0.0,0.0,0.0,0.0,0.0,774.43225,775.64105,787.326,1639.1208,749.85345,-0.4481201171875,0.14288330078125,0.8697509765625,1.652374267578125,-3.835601806640625,-0.261688232421875,0.0,4.0,4.0,4.0,4.0,100.0,event
10:33:53.883,0.0,0.0,0.0,0.0,0.0,0.0,0.0,0.0,0.0,0.0,0.0,0.0,0.0,0.0,0.0,0.0,0.0,0.0,0.0,0.0,801.8315,771.6117,799.011,1624.2124,922.71063,-0.4481201171875,0.14288330078125,0.8697509765625,1.652374267578125,-3.835601806640625,-0.261688232421875,0.0,4.0,4.0,4.0,4.0,100.0,event
10:33:53.884,0.0,0.0,0.0,0.0,0.0,0.0,0.0,0.0,0.0,0.0,0.0,0.0,0.0,0.0,0.0,0.0,0.0,0.0,0.0,0.0,825.6044,769.19415,800.6227,1629.0476,864.68866,-0.4481201171875,0.14288330078125,0.8697509765625,1.652374267578125,-3.835601806640625,-0.261688232421875,0.0,4.0,4.0,4.0,4.0,100.0,event
10:33:53.884,0.0,0.0,0.0,0.0,0.0,0.0,0.0,0.0,0.0,0.0,0.0,0.0,0.0,0.0,0.0,0.0,0.0,0.0,0.0,0.0,808.2784,771.2088,793.7729,1628.2417,730.9158,-0.4481201171875,0.14288330078125,0.8697509765625,1.652374267578125,-3.835601806640625,-0.261688232421875,0.0,4.0,4.0,4.0,4.0,100.0,event
10:33:53.885,0.0,0.0,0.0,0.0,0.0,0.0,0.0,0.0,0.0,0.0,0.0,0.0,0.0,0.0,0.0,0.0,0.0,0.0,0.0,0.0,756.7033,773.6264,793.36993,1628.2417,841.31866,-0.4481201171875,0.14288330078125,0.8697509765625,1.652374267578125,-3.835601806640625,-0.261688232421875,0.0,4.0,4.0,4.0,4.0,100.0,event
10:33:53.885,0.0,0.0,0.0,0.0,0.0,0.0,0.0,0.0,0.0,0.0,0.0,0.0,0.0,0.0,0.0,0.0,0.0,0.0,0.0,0.0,756.30035,772.4176,788.5348,1628.2417,1089.9268,-0.4481201171875,0.14288330078125,0.8697509765625,1.652374267578125,-3.835601806640625,-0.261688232421875,0.0,4.0,4.0,4.0,4.0,100.0,event
10:33:53.886,0.0,0.0,0.0,0.0,0.0,0.0,0.0,0.0,0.0,0.0,0.0,0.0,0.0,0.0,0.0,0.0,0.0,0.0,0.0,0.0,837.6923,768.7912,796.1905,1628.2417,763.1502,-0.4481201171875,0.14288330078125,0.8697509765625,1.652374267578125,-3.835601806640625,-0.261688232421875,0.0,4.0,4.0,4.0,4.0,100.0,event
10:33:53.886,0.0,0.0,0.0,0.0,0.0,0.0,0.0,0.0,0.0,0.0,0.0,0.0,0.0,0.0,0.0,0.0,0.0,0.0,0.0,0.0,798.20514,771.6117,785.7143,1628.2417,959.3773,-0.4481201171875,0.14288330078125,0.8697509765625,1.652374267578125,-3.835601806640625,-0.261688232421875,0.0,4.0,4.0,4.0,4.0,100.0,event
10:33:53.887,0.0,0.0,0.0,0.0,0.0,0.0,0.0,0.0,0.0,0.0,0.0,0.0,0.0,0.0,0.0,0.0,0.0,0.0,0.0,0.0,831.2454,769.59705,792.1612,1628.2417,794.17584,-0.4481201171875,0.14288330078125,0.8697509765625,1.652374267578125,-3.835601806640625,-0.261688232421875,0.0,4.0,4.0,4.0,4.0,100.0,event
10:33:53.888,0.0,0.0,0.0,0.0,0.0,0.0,0.0,0.0,0.0,0.0,0.0,0.0,0.0,0.0,0.0,0.0,0.0,0.0,0.0,0.0,792.96704,772.4176,786.9231,1628.2417,851.79486,-0.4481201171875,0.14288330078125,0.8697509765625,1.652374267578125,-3.835601806640625,-0.261688232421875,0.0,4.0,4.0,4.0,4.0,100.0,event
10:33:53.888,0.0,0.0,0.0,0.0,0.0,0.0,0.0,0.0,0.0,0.0,0.0,0.0,0.0,0.0,0.0,0.0,0.0,0.0,0.0,0.0,788.5348,775.2381,791.3553,1628.2417,786.1172,-0.4481201171875,0.14288330078125,0.8697509765625,1.652374267578125,-3.835601806640625,-0.261688232421875,0.0,4.0,4.0,4.0,4.0,100.0,event
10:33:53.932,0.0,0.0,0.0,0.0,0.0,0.0,0.0,0.0,0.0,0.0,0.0,0.0,0.0,0.0,0.0,0.0,0.0,0.0,0.0,0.0,818.3516,776.4469,796.5934,1630.2565,739.3773,-0.4481201171875,0.14288330078125,0.8697509765625,1.652374267578125,-3.835601806640625,-0.261688232421875,0.0,4.0,4.0,4.0,4.0,100.0,event
10:33:53.933,0.0,0.0,0.0,0.0,0.0,0.0,0.0,0.0,0.0,0.0,0.0,0.0,0.0,0.0,0.0,0.0,0.0,0.0,0.0,0.0,850.18317,778.46155,799.81683,1624.6154,774.83514,-0.4481201171875,0.14288330078125,0.8697509765625,1.652374267578125,-3.835601806640625,-0.261688232421875,0.0,4.0,4.0,4.0,4.0,100.0,event
10:33:53.936,0.0,0.0,0.0,0.0,0.0,0.0,0.0,0.0,0.0,0.0,0.0,0.0,0.0,0.0,0.0,0.0,0.0,0.0,0.0,0.0,831.2454,777.6557,799.81683,1618.9744,804.2491,-0.4481201171875,0.14288330078125,0.8697509765625,1.652374267578125,-3.835601806640625,-0.261688232421875,0.0,4.0,4.0,4.0,4.0,100.0,event
10:33:53.938,0.0,0.0,0.0,0.0,0.0,0.0,0.0,0.0,0.0,0.0,0.0,0.0,0.0,0.0,0.0,0.0,0.0,0.0,0.0,0.0,778.86444,773.6264,794.57874,1620.989,817.5458,-0.4481201171875,0.14288330078125,0.8697509765625,1.652374267578125,-3.835601806640625,-0.261688232421875,0.0,4.0,4.0,4.0,4.0,100.0,event
10:33:53.939,0.0,0.0,0.0,0.0,0.0,0.0,0.0,0.0,0.0,0.0,0.0,0.0,0.0,0.0,0.0,0.0,0.0,0.0,0.0,0.0,763.95605,770.80585,790.14655,1363.1135,728.0952,-0.4481201171875,0.14288330078125,0.8697509765625,1.652374267578125,-3.835601806640625,-0.261688232421875,0.0,4.0,4.0,4.0,4.0,100.0,event
10:33:53.939,0.0,0.0,0.0,0.0,0.0,0.0,0.0,0.0,0.0,0.0,0.0,0.0,0.0,0.0,0.0,0.0,0.0,0.0,0.0,0.0,798.20514,769.19415,797.3993,641.06226,881.2088,-0.4481201171875,0.14288330078125,0.8697509765625,1.652374267578125,-3.835601806640625,-0.261688232421875,0.0,4.0,4.0,4.0,4.0,100.0,event
10:33:53.940,0.0,0.0,0.0,0.0,0.0,0.0,0.0,0.0,0.0,0.0,0.0,0.0,0.0,0.0,0.0,0.0,0.0,0.0,0.0,0.0,843.3333,770.80585,795.78754,47.142857,1106.8499,-0.4481201171875,0.14288330078125,0.8697509765625,1.652374267578125,-3.835601806640625,-0.261688232421875,0.0,4.0,4.0,4.0,4.0,100.0,event
10:33:53.941,0.0,0.0,0.0,0.0,0.0,0.0,0.0,0.0,0.0,0.0,0.0,0.0,0.0,0.0,0.0,0.0,0.0,0.0,0.0,0.0,793.7729,772.8205,797.3993,14.908425,569.7436,-0.4481201171875,0.14288330078125,0.8697509765625,1.652374267578125,-3.835601806640625,-0.261688232421875,0.0,4.0,4.0,4.0,4.0,100.0,event
10:33:53.941,0.0,0.0,0.0,0.0,0.0,0.0,0.0,0.0,0.0,0.0,0.0,0.0,0.0,0.0,0.0,0.0,0.0,0.0,0.0,0.0,845.34796,773.6264,794.57874,0.0,806.26373,-0.4481201171875,0.14288330078125,0.8697509765625,1.652374267578125,-3.835601806640625,-0.261688232421875,0.0,4.0,4.0,4.0,4.0,100.0,event
10:33:53.942,0.0,0.0,0.0,0.0,0.0,0.0,0.0,0.0,0.0,0.0,0.0,0.0,0.0,0.0,0.0,0.0,0.0,0.0,0.0,0.0,763.1502,772.01465,793.7729,0.0,630.989,-0.4481201171875,0.14288330078125,0.8697509765625,1.652374267578125,-3.835601806640625,-0.261688232421875,0.0,4.0,4.0,4.0,4.0,100.0,event
10:33:53.942,0.0,0.0,0.0,0.0,0.0,0.0,0.0,0.0,0.0,0.0,0.0,0.0,0.0,0.0,0.0,0.0,0.0,0.0,0.0,0.0,789.34064,768.7912,797.8022,0.0,619.304,-0.4481201171875,0.14288330078125,0.8697509765625,1.652374267578125,-3.835601806640625,-0.261688232421875,0.0,4.0,4.0,4.0,4.0,100.0,event
10:33:53.943,0.0,0.0,0.0,0.0,0.0,0.0,0.0,0.0,0.0,0.0,0.0,0.0,0.0,0.0,0.0,0.0,0.0,0.0,0.0,0.0,834.87177,770.80585,796.99634,29.010988,646.30035,-0.4481201171875,0.14288330078125,0.8697509765625,1.652374267578125,-3.835601806640625,-0.261688232421875,0.0,4.0,4.0,4.0,4.0,100.0,event
10:33:53.984,0.0,0.0,0.0,0.0,0.0,0.0,0.0,0.0,0.0,0.0,0.0,0.0,0.0,0.0,0.0,0.0,0.0,0.0,0.0,0.0,838.9011,773.22345,794.57874,0.0,702.71063,-0.44525146484375,0.14361572265625,0.872314453125,2.03369140625,-3.671112060546875,0.25421142578125,0.0,4.0,4.0,4.0,4.0,100.0,event
10:33:53.985,0.0,0.0,0.0,0.0,0.0,0.0,0.0,0.0,0.0,0.0,0.0,0.0,0.0,0.0,0.0,0.0,0.0,0.0,0.0,0.0,786.9231,769.19415,795.78754,76.15385,728.49817,-0.44525146484375,0.14361572265625,0.872314453125,2.03369140625,-3.671112060546875,0.25421142578125,0.0,4.0,4.0,4.0,4.0,100.0,event
10:33:53.986,0.0,0.0,0.0,0.0,0.0,0.0,0.0,0.0,0.0,0.0,0.0,0.0,0.0,0.0,0.0,0.0,0.0,0.0,0.0,0.0,757.9121,767.1795,798.20514,862.674,712.7839,-0.44525146484375,0.14361572265625,0.872314453125,2.03369140625,-3.671112060546875,0.25421142578125,0.0,4.0,4.0,4.0,4.0,100.0,event
10:33:53.987,0.0,0.0,0.0,0.0,0.0,0.0,0.0,0.0,0.0,0.0,0.0,0.0,0.0,0.0,0.0,0.0,0.0,0.0,0.0,0.0,778.46155,767.5824,797.3993,825.2015,700.696,-0.44525146484375,0.14361572265625,0.872314453125,2.03369140625,-3.671112060546875,0.25421142578125,0.0,4.0,4.0,4.0,4.0,100.0,event
10:33:53.988,0.0,0.0,0.0,0.0,0.0,0.0,0.0,0.0,0.0,0.0,0.0,0.0,0.0,0.0,0.0,0.0,0.0,0.0,0.0,0.0,822.381,770.0,790.54944,78.57143,782.49084,-0.44525146484375,0.14361572265625,0.872314453125,2.03369140625,-3.671112060546875,0.25421142578125,0.0,4.0,4.0,4.0,4.0,100.0,event
10:33:53.988,0.0,0.0,0.0,0.0,0.0,0.0,0.0,0.0,0.0,0.0,0.0,0.0,0.0,0.0,0.0,0.0,0.0,0.0,0.0,0.0,844.94507,771.6117,782.8938,0.0,880.80585,-0.44525146484375,0.14361572265625,0.872314453125,2.03369140625,-3.671112060546875,0.25421142578125,0.0,4.0,4.0,4.0,4.0,100.0,event
10:33:53.989,0.0,0.0,0.0,0.0,0.0,0.0,0.0,0.0,0.0,0.0,0.0,0.0,0.0,0.0,0.0,0.0,0.0,0.0,0.0,0.0,756.30035,772.8205,794.57874,0.0,790.9524,-0.44525146484375,0.14361572265625,0.872314453125,2.03369140625,-3.671112060546875,0.25421142578125,0.0,4.0,4.0,4.0,4.0,100.0,event
10:33:53.989,0.0,0.0,0.0,0.0,0.0,0.0,0.0,0.0,0.0,0.0,0.0,0.0,0.0,0.0,0.0,0.0,0.0,0.0,0.0,0.0,794.9817,770.0,788.5348,23.772894,854.61536,-0.44525146484375,0.14361572265625,0.872314453125,2.03369140625,-3.671112060546875,0.25421142578125,0.0,4.0,4.0,4.0,4.0,100.0,event
10:33:53.990,0.0,0.0,0.0,0.0,0.0,0.0,0.0,0.0,0.0,0.0,0.0,0.0,0.0,0.0,0.0,0.0,0.0,0.0,0.0,0.0,778.0586,774.83514,788.5348,0.0,760.32965,-0.44525146484375,0.14361572265625,0.872314453125,2.03369140625,-3.671112060546875,0.25421142578125,0.0,4.0,4.0,4.0,4.0,100.0,event
10:33:53.991,0.0,0.0,0.0,0.0,0.0,0.0,0.0,0.0,0.0,0.0,0.0,0.0,0.0,0.0,0.0,0.0,0.0,0.0,0.0,0.0,840.10986,777.6557,792.1612,0.0,966.63007,-0.44525146484375,0.14361572265625,0.872314453125,2.03369140625,-3.671112060546875,0.25421142578125,0.0,4.0,4.0,4.0,4.0,100.0,event
10:33:53.991,0.0,0.0,0.0,0.0,0.0,0.0,0.0,0.0,0.0,0.0,0.0,0.0,0.0,0.0,0.0,0.0,0.0,0.0,0.0,0.0,812.71063,774.43225,792.1612,0.0,1004.90845,-0.44525146484375,0.14361572265625,0.872314453125,2.03369140625,-3.671112060546875,0.25421142578125,0.0,4.0,4.0,4.0,4.0,100.0,event
10:33:53.992,0.0,0.0,0.0,0.0,0.0,0.0,0.0,0.0,0.0,0.0,0.0,0.0,0.0,0.0,0.0,0.0,0.0,0.0,0.0,0.0,812.3077,778.0586,794.57874,0.0,695.05493,-0.44525146484375,0.14361572265625,0.872314453125,2.03369140625,-3.671112060546875,0.25421142578125,0.0,4.0,4.0,4.0,4.0,100.0,event
10:33:54.031,0.0,0.0,0.0,0.0,0.0,0.0,0.0,0.0,0.0,0.0,0.0,0.0,0.0,0.0,0.0,0.0,0.0,0.0,0.0,0.0,765.56775,770.40295,796.1905,0.0,699.89014,-0.4461669921875,0.14306640625,0.8720703125,1.98883056640625,-3.72344970703125,0.657958984375,0.0,4.0,4.0,4.0,4.0,100.0,event
10:33:54.032,0.0,0.0,0.0,0.0,0.0,0.0,0.0,0.0,0.0,0.0,0.0,0.0,0.0,0.0,0.0,0.0,0.0,0.0,0.0,0.0,774.83514,770.80585,793.36993,0.0,668.86444,-0.4461669921875,0.14306640625,0.8720703125,1.98883056640625,-3.72344970703125,0.657958984375,0.0,4.0,4.0,4.0,4.0,100.0,event
10:33:54.032,0.0,0.0,0.0,0.0,0.0,0.0,0.0,0.0,0.0,0.0,0.0,0.0,0.0,0.0,0.0,0.0,0.0,0.0,0.0,0.0,814.7253,774.0293,792.96704,0.0,619.304,-0.4461669921875,0.14306640625,0.8720703125,1.98883056640625,-3.72344970703125,0.657958984375,0.0,4.0,4.0,4.0,4.0,100.0,event
10:33:54.033,0.0,0.0,0.0,0.0,0.0,0.0,0.0,0.0,0.0,0.0,0.0,0.0,0.0,0.0,0.0,0.0,0.0,0.0,0.0,0.0,834.4689,773.6264,790.9524,0.0,704.7253,-0.4461669921875,0.14306640625,0.8720703125,1.98883056640625,-3.72344970703125,0.657958984375,0.0,4.0,4.0,4.0,4.0,100.0,event
10:33:54.036,0.0,0.0,0.0,0.0,0.0,0.0,0.0,0.0,0.0,0.0,0.0,0.0,0.0,0.0,0.0,0.0,0.0,0.0,0.0,0.0,799.011,771.6117,796.1905,0.0,803.0403,-0.4461669921875,0.14306640625,0.8720703125,1.98883056640625,-3.72344970703125,0.657958984375,0.0,4.0,4.0,4.0,4.0,100.0,event
10:33:54.037,0.0,0.0,0.0,0.0,0.0,0.0,0.0,0.0,0.0,0.0,0.0,0.0,0.0,0.0,0.0,0.0,0.0,0.0,0.0,0.0,758.71796,772.4176,794.9817,0.0,808.68134,-0.4461669921875,0.14306640625,0.8720703125,1.98883056640625,-3.72344970703125,0.657958984375,0.0,4.0,4.0,4.0,4.0,100.0,event
10:33:54.037,0.0,0.0,0.0,0.0,0.0,0.0,0.0,0.0,0.0,0.0,0.0,0.0,0.0,0.0,0.0,0.0,0.0,0.0,0.0,0.0,774.0293,775.2381,792.5641,0.0,795.78754,-0.4461669921875,0.14306640625,0.8720703125,1.98883056640625,-3.72344970703125,0.657958984375,0.0,4.0,4.0,4.0,4.0,100.0,event
10:33:54.038,0.0,0.0,0.0,0.0,0.0,0.0,0.0,0.0,0.0,0.0,0.0,0.0,0.0,0.0,0.0,0.0,0.0,0.0,0.0,0.0,819.9634,773.6264,788.5348,17.728937,785.31134,-0.4461669921875,0.14306640625,0.8720703125,1.98883056640625,-3.72344970703125,0.657958984375,0.0,4.0,4.0,4.0,4.0,100.0,event
10:33:54.039,0.0,0.0,0.0,0.0,0.0,0.0,0.0,0.0,0.0,0.0,0.0,0.0,0.0,0.0,0.0,0.0,0.0,0.0,0.0,0.0,847.76556,771.6117,785.7143,0.0,951.31866,-0.4461669921875,0.14306640625,0.8720703125,1.98883056640625,-3.72344970703125,0.657958984375,0.0,4.0,4.0,4.0,4.0,100.0,event
10:33:54.040,0.0,0.0,0.0,0.0,0.0,0.0,0.0,0.0,0.0,0.0,0.0,0.0,0.0,0.0,0.0,0.0,0.0,0.0,0.0,0.0,820.7692,772.4176,790.9524,92.271065,1052.8572,-0.4461669921875,0.14306640625,0.8720703125,1.98883056640625,-3.72344970703125,0.657958984375,0.0,4.0,4.0,4.0,4.0,100.0,event
10:33:54.041,0.0,0.0,0.0,0.0,0.0,0.0,0.0,0.0,0.0,0.0,0.0,0.0,0.0,0.0,0.0,0.0,0.0,0.0,0.0,0.0,768.7912,774.0293,799.41394,1073.8096,712.381,-0.4461669921875,0.14306640625,0.8720703125,1.98883056640625,-3.72344970703125,0.657958984375,0.0,4.0,4.0,4.0,4.0,100.0,event
10:33:54.041,0.0,0.0,0.0,0.0,0.0,0.0,0.0,0.0,0.0,0.0,0.0,0.0,0.0,0.0,0.0,0.0,0.0,0.0,0.0,0.0,774.83514,774.83514,796.1905,616.4835,799.011,-0.4461669921875,0.14306640625,0.8720703125,1.98883056640625,-3.72344970703125,0.657958984375,0.0,4.0,4.0,4.0,4.0,100.0,event
10:33:54.081,0.0,0.0,0.0,0.0,0.0,0.0,0.0,0.0,0.0,0.0,0.0,0.0,0.0,0.0,0.0,0.0,0.0,0.0,0.0,0.0,795.38464,770.0,794.57874,1269.6337,864.2857,-0.4512939453125,0.146240234375,0.8721923828125,2.220611572265625,-3.536529541015625,0.85235595703125,0.0,4.0,4.0,4.0,4.0,100.0,event
10:33:54.082,0.0,0.0,0.0,0.0,0.0,0.0,0.0,0.0,0.0,0.0,0.0,0.0,0.0,0.0,0.0,0.0,0.0,0.0,0.0,0.0,830.84247,770.80585,794.57874,1324.8352,821.1722,-0.4512939453125,0.146240234375,0.8721923828125,2.220611572265625,-3.536529541015625,0.85235595703125,0.0,4.0,4.0,4.0,4.0,100.0,event
10:33:54.082,0.0,0.0,0.0,0.0,0.0,0.0,0.0,0.0,0.0,0.0,0.0,0.0,0.0,0.0,0.0,0.0,0.0,0.0,0.0,0.0,818.3516,769.19415,794.9817,757.50916,741.79486,-0.4512939453125,0.146240234375,0.8721923828125,2.220611572265625,-3.536529541015625,0.85235595703125,0.0,4.0,4.0,4.0,4.0,100.0,event
10:33:54.083,0.0,0.0,0.0,0.0,0.0,0.0,0.0,0.0,0.0,0.0,0.0,0.0,0.0,0.0,0.0,0.0,0.0,0.0,0.0,0.0,774.0293,767.98535,792.5641,48.754578,735.34796,-0.4512939453125,0.146240234375,0.8721923828125,2.220611572265625,-3.536529541015625,0.85235595703125,0.0,4.0,4.0,4.0,4.0,100.0,event
10:33:54.083,0.0,0.0,0.0,0.0,0.0,0.0,0.0,0.0,0.0,0.0,0.0,0.0,0.0,0.0,0.0,0.0,0.0,0.0,0.0,0.0,763.5531,775.2381,799.81683,375.53113,734.1392,-0.4512939453125,0.146240234375,0.8721923828125,2.220611572265625,-3.536529541015625,0.85235595703125,0.0,4.0,4.0,4.0,4.0,100.0,event
10:33:54.083,0.0,0.0,0.0,0.0,0.0,0.0,0.0,0.0,0.0,0.0,0.0,0.0,0.0,0.0,0.0,0.0,0.0,0.0,0.0,0.0,796.99634,780.4762,805.4579,634.21246,845.34796,-0.4512939453125,0.146240234375,0.8721923828125,2.220611572265625,-3.536529541015625,0.85235595703125,0.0,4.0,4.0,4.0,4.0,100.0,event
10:33:54.084,0.0,0.0,0.0,0.0,0.0,0.0,0.0,0.0,0.0,0.0,0.0,0.0,0.0,0.0,0.0,0.0,0.0,0.0,0.0,0.0,836.8865,777.6557,800.2198,94.28571,898.93774,-0.4512939453125,0.146240234375,0.8721923828125,2.220611572265625,-3.536529541015625,0.85235595703125,0.0,4.0,4.0,4.0,4.0,100.0,event
10:33:54.084,0.0,0.0,0.0,0.0,0.0,0.0,0.0,0.0,0.0,0.0,0.0,0.0,0.0,0.0,0.0,0.0,0.0,0.0,0.0,0.0,826.8132,778.46155,790.14655,0.0,900.9524,-0.4512939453125,0.146240234375,0.8721923828125,2.220611572265625,-3.536529541015625,0.85235595703125,0.0,4.0,4.0,4.0,4.0,100.0,event
10:33:54.085,0.0,0.0,0.0,0.0,0.0,0.0,0.0,0.0,0.0,0.0,0.0,0.0,0.0,0.0,0.0,0.0,0.0,0.0,0.0,0.0,771.2088,777.6557,787.326,28.608059,1042.381,-0.4512939453125,0.146240234375,0.8721923828125,2.220611572265625,-3.536529541015625,0.85235595703125,0.0,4.0,4.0,4.0,4.0,100.0,event
10:33:54.085,0.0,0.0,0.0,0.0,0.0,0.0,0.0,0.0,0.0,0.0,0.0,0.0,0.0,0.0,0.0,0.0,0.0,0.0,0.0,0.0,753.8828,776.04395,786.52014,0.0,849.3773,-0.4512939453125,0.146240234375,0.8721923828125,2.220611572265625,-3.536529541015625,0.85235595703125,0.0,4.0,4.0,4.0,4.0,100.0,event
10:33:54.086,0.0,0.0,0.0,0.0,0.0,0.0,0.0,0.0,0.0,0.0,0.0,0.0,0.0,0.0,0.0,0.0,0.0,0.0,0.0,0.0,794.9817,773.6264,801.02563,0.0,683.7729,-0.4512939453125,0.146240234375,0.8721923828125,2.220611572265625,-3.536529541015625,0.85235595703125,0.0,4.0,4.0,4.0,4.0,100.0,event
10:33:54.087,0.0,0.0,0.0,0.0,0.0,0.0,0.0,0.0,0.0,0.0,0.0,0.0,0.0,0.0,0.0,0.0,0.0,0.0,0.0,0.0,837.28937,771.6117,800.2198,0.0,828.022,-0.4512939453125,0.146240234375,0.8721923828125,2.220611572265625,-3.536529541015625,0.85235595703125,0.0,4.0,4.0,4.0,4.0,100.0,event
10:33:54.118,0.0,0.0,0.0,0.0,0.0,0.0,0.0,0.0,0.0,0.0,0.0,0.0,0.0,0.0,0.0,0.0,0.0,0.0,0.0,0.0,831.2454,771.2088,788.5348,0.0,877.1795,-0.44915771484375,0.14471435546875,0.87451171875,2.6318359375,-2.773895263671875,0.6280517578125,0.0,4.0,4.0,4.0,4.0,100.0,event
10:33:54.119,0.0,0.0,0.0,0.0,0.0,0.0,0.0,0.0,0.0,0.0,0.0,0.0,0.0,0.0,0.0,0.0,0.0,0.0,0.0,0.0,783.69965,770.40295,793.36993,0.0,759.5238,-0.44915771484375,0.14471435546875,0.87451171875,2.6318359375,-2.773895263671875,0.6280517578125,0.0,4.0,4.0,4.0,4.0,100.0,event
10:33:54.120,0.0,0.0,0.0,0.0,0.0,0.0,0.0,0.0,0.0,0.0,0.0,0.0,0.0,0.0,0.0,0.0,0.0,0.0,0.0,0.0,756.30035,770.0,794.17584,0.0,658.3883,-0.44915771484375,0.14471435546875,0.87451171875,2.6318359375,-2.773895263671875,0.6280517578125,0.0,4.0,4.0,4.0,4.0,100.0,event
10:33:54.120,0.0,0.0,0.0,0.0,0.0,0.0,0.0,0.0,0.0,0.0,0.0,0.0,0.0,0.0,0.0,0.0,0.0,0.0,0.0,0.0,787.326,769.59705,799.41394,0.0,751.8681,-0.44915771484375,0.14471435546875,0.87451171875,2.6318359375,-2.773895263671875,0.6280517578125,0.0,4.0,4.0,4.0,4.0,100.0,event
10:33:54.121,0.0,0.0,0.0,0.0,0.0,0.0,0.0,0.0,0.0,0.0,0.0,0.0,0.0,0.0,0.0,0.0,0.0,0.0,0.0,0.0,838.0952,775.2381,800.2198,0.0,801.8315,-0.44915771484375,0.14471435546875,0.87451171875,2.6318359375,-2.773895263671875,0.6280517578125,0.0,4.0,4.0,4.0,4.0,100.0,event
10:33:54.121,0.0,0.0,0.0,0.0,0.0,0.0,0.0,0.0,0.0,0.0,0.0,0.0,0.0,0.0,0.0,0.0,0.0,0.0,0.0,0.0,834.87177,771.6117,795.38464,0.0,744.61536,-0.44915771484375,0.14471435546875,0.87451171875,2.6318359375,-2.773895263671875,0.6280517578125,0.0,4.0,4.0,4.0,4.0,100.0,event
10:33:54.125,0.0,0.0,0.0,0.0,0.0,0.0,0.0,0.0,0.0,0.0,0.0,0.0,0.0,0.0,0.0,0.0,0.0,0.0,0.0,0.0,793.7729,766.77655,792.1612,0.0,817.9487,-0.44915771484375,0.14471435546875,0.87451171875,2.6318359375,-2.773895263671875,0.6280517578125,0.0,4.0,4.0,4.0,4.0,100.0,event
10:33:54.125,0.0,0.0,0.0,0.0,0.0,0.0,0.0,0.0,0.0,0.0,0.0,0.0,0.0,0.0,0.0,0.0,0.0,0.0,0.0,0.0,768.7912,772.01465,789.7436,0.0,944.87177,-0.44915771484375,0.14471435546875,0.87451171875,2.6318359375,-2.773895263671875,0.6280517578125,0.0,4.0,4.0,4.0,4.0,100.0,event
10:33:54.126,0.0,0.0,0.0,0.0,0.0,0.0,0.0,0.0,0.0,0.0,0.0,0.0,0.0,0.0,0.0,0.0,0.0,0.0,0.0,0.0,789.7436,775.64105,796.99634,0.0,946.4835,-0.44915771484375,0.14471435546875,0.87451171875,2.6318359375,-2.773895263671875,0.6280517578125,0.0,4.0,4.0,4.0,4.0,100.0,event
10:33:54.127,0.0,0.0,0.0,0.0,0.0,0.0,0.0,0.0,0.0,0.0,0.0,0.0,0.0,0.0,0.0,0.0,0.0,0.0,0.0,0.0,839.304,776.04395,799.81683,0.0,781.685,-0.44915771484375,0.14471435546875,0.87451171875,2.6318359375,-2.773895263671875,0.6280517578125,0.0,4.0,4.0,4.0,4.0,100.0,event
10:33:54.128,0.0,0.0,0.0,0.0,0.0,0.0,0.0,0.0,0.0,0.0,0.0,0.0,0.0,0.0,0.0,0.0,0.0,0.0,0.0,0.0,795.38464,774.43225,789.34064,0.0,766.77655,-0.44915771484375,0.14471435546875,0.87451171875,2.6318359375,-2.773895263671875,0.6280517578125,0.0,4.0,4.0,4.0,4.0,100.0,event
10:33:54.128,0.0,0.0,0.0,0.0,0.0,0.0,0.0,0.0,0.0,0.0,0.0,0.0,0.0,0.0,0.0,0.0,0.0,0.0,0.0,0.0,844.1392,777.6557,790.14655,0.0,703.1135,-0.44915771484375,0.14471435546875,0.87451171875,2.6318359375,-2.773895263671875,0.6280517578125,0.0,4.0,4.0,4.0,4.0,100.0,event
10:33:54.172,0.0,0.0,0.0,0.0,0.0,0.0,0.0,0.0,0.0,0.0,0.0,0.0,0.0,0.0,0.0,0.0,0.0,0.0,0.0,0.0,765.9707,772.01465,793.36993,0.0,730.9158,-0.44915771484375,0.14471435546875,0.87451171875,2.6318359375,-2.773895263671875,0.6280517578125,0.0,4.0,4.0,4.0,4.0,100.0,event
10:33:54.173,0.0,0.0,0.0,0.0,0.0,0.0,0.0,0.0,0.0,0.0,0.0,0.0,0.0,0.0,0.0,0.0,0.0,0.0,0.0,0.0,784.90845,767.1795,788.93774,0.0,658.3883,-0.44915771484375,0.14471435546875,0.87451171875,2.6318359375,-2.773895263671875,0.6280517578125,0.0,4.0,4.0,4.0,4.0,100.0,event
10:33:54.173,0.0,0.0,0.0,0.0,0.0,0.0,0.0,0.0,0.0,0.0,0.0,0.0,0.0,0.0,0.0,0.0,0.0,0.0,0.0,0.0,824.3956,766.77655,783.69965,0.0,753.0769,-0.44915771484375,0.14471435546875,0.87451171875,2.6318359375,-2.773895263671875,0.6280517578125,0.0,4.0,4.0,4.0,4.0,100.0,event
10:33:54.174,0.0,0.0,0.0,0.0,0.0,0.0,0.0,0.0,0.0,0.0,0.0,0.0,0.0,0.0,0.0,0.0,0.0,0.0,0.0,0.0,839.304,772.4176,789.34064,0.0,849.3773,-0.44915771484375,0.14471435546875,0.87451171875,2.6318359375,-2.773895263671875,0.6280517578125,0.0,4.0,4.0,4.0,4.0,100.0,event
10:33:54.175,0.0,0.0,0.0,0.0,0.0,0.0,0.0,0.0,0.0,0.0,0.0,0.0,0.0,0.0,0.0,0.0,0.0,0.0,0.0,0.0,797.3993,773.22345,798.60803,0.0,757.50916,-0.44915771484375,0.14471435546875,0.87451171875,2.6318359375,-2.773895263671875,0.6280517578125,0.0,4.0,4.0,4.0,4.0,100.0,event
10:33:54.175,0.0,0.0,0.0,0.0,0.0,0.0,0.0,0.0,0.0,0.0,0.0,0.0,0.0,0.0,0.0,0.0,0.0,0.0,0.0,0.0,763.95605,774.83514,794.57874,1.6117216,698.68134,-0.44915771484375,0.14471435546875,0.87451171875,2.6318359375,-2.773895263671875,0.6280517578125,0.0,4.0,4.0,4.0,4.0,100.0,event
10:33:54.176,0.0,0.0,0.0,0.0,0.0,0.0,0.0,0.0,0.0,0.0,0.0,0.0,0.0,0.0,0.0,0.0,0.0,0.0,0.0,0.0,784.90845,773.6264,789.7436,0.0,767.98535,-0.44915771484375,0.14471435546875,0.87451171875,2.6318359375,-2.773895263671875,0.6280517578125,0.0,4.0,4.0,4.0,4.0,100.0,event
10:33:54.177,0.0,0.0,0.0,0.0,0.0,0.0,0.0,0.0,0.0,0.0,0.0,0.0,0.0,0.0,0.0,0.0,0.0,0.0,0.0,0.0,819.15753,770.80585,784.5055,0.0,970.65936,-0.44915771484375,0.14471435546875,0.87451171875,2.6318359375,-2.773895263671875,0.6280517578125,0.0,4.0,4.0,4.0,4.0,100.0,event
10:33:54.177,0.0,0.0,0.0,0.0,0.0,0.0,0.0,0.0,0.0,0.0,0.0,0.0,0.0,0.0,0.0,0.0,0.0,0.0,0.0,0.0,843.3333,772.01465,786.9231,89.45055,918.68134,-0.44915771484375,0.14471435546875,0.87451171875,2.6318359375,-2.773895263671875,0.6280517578125,0.0,4.0,4.0,4.0,4.0,100.0,event
10:33:54.179,0.0,0.0,0.0,0.0,0.0,0.0,0.0,0.0,0.0,0.0,0.0,0.0,0.0,0.0,0.0,0.0,0.0,0.0,0.0,0.0,810.293,774.83514,799.41394,132.5641,706.7399,-0.44915771484375,0.14471435546875,0.87451171875,2.6318359375,-2.773895263671875,0.6280517578125,0.0,4.0,4.0,4.0,4.0,100.0,event
10:33:54.179,0.0,0.0,0.0,0.0,0.0,0.0,0.0,0.0,0.0,0.0,0.0,0.0,0.0,0.0,0.0,0.0,0.0,0.0,0.0,0.0,764.7619,774.43225,795.78754,139.41393,650.7326,-0.44915771484375,0.14471435546875,0.87451171875,2.6318359375,-2.773895263671875,0.6280517578125,0.0,4.0,4.0,4.0,4.0,100.0,event
10:33:54.180,0.0,0.0,0.0,0.0,0.0,0.0,0.0,0.0,0.0,0.0,0.0,0.0,0.0,0.0,0.0,0.0,0.0,0.0,0.0,0.0,768.3883,772.4176,785.7143,348.93774,652.74725,-0.44915771484375,0.14471435546875,0.87451171875,2.6318359375,-2.773895263671875,0.6280517578125,0.0,4.0,4.0,4.0,4.0,100.0,event
10:33:54.209,0.0,0.0,0.0,0.0,0.0,0.0,0.0,0.0,0.0,0.0,0.0,0.0,0.0,0.0,0.0,0.0,0.0,0.0,0.0,0.0,809.0842,770.80585,790.54944,356.1905,697.47253,-0.45306396484375,0.14617919921875,0.872314453125,2.04864501953125,-3.491668701171875,0.418701171875,0.0,4.0,4.0,4.0,4.0,100.0,event
10:33:54.210,0.0,0.0,0.0,0.0,0.0,0.0,0.0,0.0,0.0,0.0,0.0,0.0,0.0,0.0,0.0,0.0,0.0,0.0,0.0,0.0,836.08057,769.59705,806.26373,238.93773,758.315,-0.45306396484375,0.14617919921875,0.872314453125,2.04864501953125,-3.491668701171875,0.418701171875,0.0,4.0,4.0,4.0,4.0,100.0,event
10:33:54.211,0.0,0.0,0.0,0.0,0.0,0.0,0.0,0.0,0.0,0.0,0.0,0.0,0.0,0.0,0.0,0.0,0.0,0.0,0.0,0.0,799.011,768.7912,807.8755,269.1575,774.83514,-0.45306396484375,0.14617919921875,0.872314453125,2.04864501953125,-3.491668701171875,0.418701171875,0.0,4.0,4.0,4.0,4.0,100.0,event
10:33:54.212,0.0,0.0,0.0,0.0,0.0,0.0,0.0,0.0,0.0,0.0,0.0,0.0,0.0,0.0,0.0,0.0,0.0,0.0,0.0,0.0,761.9414,772.01465,802.23444,319.12088,728.0952,-0.45306396484375,0.14617919921875,0.872314453125,2.04864501953125,-3.491668701171875,0.418701171875,0.0,4.0,4.0,4.0,4.0,100.0,event
10:33:54.213,0.0,0.0,0.0,0.0,0.0,0.0,0.0,0.0,0.0,0.0,0.0,0.0,0.0,0.0,0.0,0.0,0.0,0.0,0.0,0.0,765.56775,771.6117,796.5934,385.20148,693.0403,-0.45306396484375,0.14617919921875,0.872314453125,2.04864501953125,-3.491668701171875,0.418701171875,0.0,4.0,4.0,4.0,4.0,100.0,event
10:33:54.214,0.0,0.0,0.0,0.0,0.0,0.0,0.0,0.0,0.0,0.0,0.0,0.0,0.0,0.0,0.0,0.0,0.0,0.0,0.0,0.0,794.57874,770.40295,790.14655,424.2857,786.52014,-0.45306396484375,0.14617919921875,0.872314453125,2.04864501953125,-3.491668701171875,0.418701171875,0.0,4.0,4.0,4.0,4.0,100.0,event
10:33:54.214,0.0,0.0,0.0,0.0,0.0,0.0,0.0,0.0,0.0,0.0,0.0,0.0,0.0,0.0,0.0,0.0,0.0,0.0,0.0,0.0,827.619,770.80585,790.54944,430.7326,1124.1758,-0.45306396484375,0.14617919921875,0.872314453125,2.04864501953125,-3.491668701171875,0.418701171875,0.0,4.0,4.0,4.0,4.0,100.0,event
10:33:54.215,0.0,0.0,0.0,0.0,0.0,0.0,0.0,0.0,0.0,0.0,0.0,0.0,0.0,0.0,0.0,0.0,0.0,0.0,0.0,0.0,806.6667,772.01465,792.5641,436.77655,1166.0806,-0.45306396484375,0.14617919921875,0.872314453125,2.04864501953125,-3.491668701171875,0.418701171875,0.0,4.0,4.0,4.0,4.0,100.0,event
10:33:54.219,0.0,0.0,0.0,0.0,0.0,0.0,0.0,0.0,0.0,0.0,0.0,0.0,0.0,0.0,0.0,0.0,0.0,0.0,0.0,0.0,770.0,774.0293,796.1905,512.9304,775.64105,-0.45306396484375,0.14617919921875,0.872314453125,2.04864501953125,-3.491668701171875,0.418701171875,0.0,4.0,4.0,4.0,4.0,100.0,event
10:33:54.220,0.0,0.0,0.0,0.0,0.0,0.0,0.0,0.0,0.0,0.0,0.0,0.0,0.0,0.0,0.0,0.0,0.0,0.0,0.0,0.0,767.1795,773.22345,796.5934,544.7619,727.28937,-0.45306396484375,0.14617919921875,0.872314453125,2.04864501953125,-3.491668701171875,0.418701171875,0.0,4.0,4.0,4.0,4.0,100.0,event
10:33:54.221,0.0,0.0,0.0,0.0,0.0,0.0,0.0,0.0,0.0,0.0,0.0,0.0,0.0,0.0,0.0,0.0,0.0,0.0,0.0,0.0,799.41394,771.6117,793.36993,526.2271,926.337,-0.45306396484375,0.14617919921875,0.872314453125,2.04864501953125,-3.491668701171875,0.418701171875,0.0,4.0,4.0,4.0,4.0,100.0,event
10:33:54.222,0.0,0.0,0.0,0.0,0.0,0.0,0.0,0.0,0.0,0.0,0.0,0.0,0.0,0.0,0.0,0.0,0.0,0.0,0.0,0.0,846.1539,774.43225,795.38464,673.2967,851.39197,-0.45306396484375,0.14617919921875,0.872314453125,2.04864501953125,-3.491668701171875,0.418701171875,0.0,4.0,4.0,4.0,4.0,100.0,event
10:33:54.249,0.0,0.0,0.0,0.0,0.0,0.0,0.0,0.0,0.0,0.0,0.0,0.0,0.0,0.0,0.0,0.0,0.0,0.0,0.0,0.0,833.663,774.0293,795.78754,774.0293,751.06226,-0.4498291015625,0.14654541015625,0.86993408203125,2.46734619140625,-3.84307861328125,0.800018310546875,0.0,4.0,4.0,4.0,4.0,100.0,event
10:33:54.250,0.0,0.0,0.0,0.0,0.0,0.0,0.0,0.0,0.0,0.0,0.0,0.0,0.0,0.0,0.0,0.0,0.0,0.0,0.0,0.0,771.6117,770.0,792.5641,677.72894,807.47253,-0.4498291015625,0.14654541015625,0.86993408203125,2.46734619140625,-3.84307861328125,0.800018310546875,0.0,4.0,4.0,4.0,4.0,100.0,event
10:33:54.251,0.0,0.0,0.0,0.0,0.0,0.0,0.0,0.0,0.0,0.0,0.0,0.0,0.0,0.0,0.0,0.0,0.0,0.0,0.0,0.0,748.24176,767.98535,792.96704,627.3626,767.5824,-0.4498291015625,0.14654541015625,0.86993408203125,2.46734619140625,-3.84307861328125,0.800018310546875,0.0,4.0,4.0,4.0,4.0,100.0,event
10:33:54.252,0.0,0.0,0.0,0.0,0.0,0.0,0.0,0.0,0.0,0.0,0.0,0.0,0.0,0.0,0.0,0.0,0.0,0.0,0.0,0.0,830.84247,765.16486,787.72894,956.9597,801.8315,-0.4498291015625,0.14654541015625,0.86993408203125,2.46734619140625,-3.84307861328125,0.800018310546875,0.0,4.0,4.0,4.0,4.0,100.0,event
10:33:54.252,0.0,0.0,0.0,0.0,0.0,0.0,0.0,0.0,0.0,0.0,0.0,0.0,0.0,0.0,0.0,0.0,0.0,0.0,0.0,0.0,784.5055,765.16486,791.3553,781.28204,767.98535,-0.4498291015625,0.14654541015625,0.86993408203125,2.46734619140625,-3.84307861328125,0.800018310546875,0.0,4.0,4.0,4.0,4.0,100.0,event
10:33:54.253,0.0,0.0,0.0,0.0,0.0,0.0,0.0,0.0,0.0,0.0,0.0,0.0,0.0,0.0,0.0,0.0,0.0,0.0,0.0,0.0,826.4103,769.19415,791.75824,963.8095,815.5311,-0.4498291015625,0.14654541015625,0.86993408203125,2.46734619140625,-3.84307861328125,0.800018310546875,0.0,4.0,4.0,4.0,4.0,100.0,event
10:33:54.254,0.0,0.0,0.0,0.0,0.0,0.0,0.0,0.0,0.0,0.0,0.0,0.0,0.0,0.0,0.0,0.0,0.0,0.0,0.0,0.0,774.83514,770.0,796.1905,952.1245,1044.3956,-0.4498291015625,0.14654541015625,0.86993408203125,2.46734619140625,-3.84307861328125,0.800018310546875,0.0,4.0,4.0,4.0,4.0,100.0,event
10:33:54.255,0.0,0.0,0.0,0.0,0.0,0.0,0.0,0.0,0.0,0.0,0.0,0.0,0.0,0.0,0.0,0.0,0.0,0.0,0.0,0.0,755.89746,768.3883,797.3993,968.6447,921.50183,-0.4498291015625,0.14654541015625,0.86993408203125,2.46734619140625,-3.84307861328125,0.800018310546875,0.0,4.0,4.0,4.0,4.0,100.0,event
10:33:54.256,0.0,0.0,0.0,0.0,0.0,0.0,0.0,0.0,0.0,0.0,0.0,0.0,0.0,0.0,0.0,0.0,0.0,0.0,0.0,0.0,769.19415,768.7912,796.99634,892.49084,725.2747,-0.4498291015625,0.14654541015625,0.86993408203125,2.46734619140625,-3.84307861328125,0.800018310546875,0.0,4.0,4.0,4.0,4.0,100.0,event
10:33:54.257,0.0,0.0,0.0,0.0,0.0,0.0,0.0,0.0,0.0,0.0,0.0,0.0,0.0,0.0,0.0,0.0,0.0,0.0,0.0,0.0,803.44324,765.16486,798.20514,894.10254,880.0,-0.4498291015625,0.14654541015625,0.86993408203125,2.46734619140625,-3.84307861328125,0.800018310546875,0.0,4.0,4.0,4.0,4.0,100.0,event
10:33:54.258,0.0,0.0,0.0,0.0,0.0,0.0,0.0,0.0,0.0,0.0,0.0,0.0,0.0,0.0,0.0,0.0,0.0,0.0,0.0,0.0,806.26373,767.1795,803.44324,946.4835,898.93774,-0.4498291015625,0.14654541015625,0.86993408203125,2.46734619140625,-3.84307861328125,0.800018310546875,0.0,4.0,4.0,4.0,4.0,100.0,event
10:33:54.259,0.0,0.0,0.0,0.0,0.0,0.0,0.0,0.0,0.0,0.0,0.0,0.0,0.0,0.0,0.0,0.0,0.0,0.0,0.0,0.0,750.2564,772.4176,804.65204,929.9634,709.9634,-0.4498291015625,0.14654541015625,0.86993408203125,2.46734619140625,-3.84307861328125,0.800018310546875,0.0,4.0,4.0,4.0,4.0,100.0,event
10:33:54.299,0.0,0.0,0.0,0.0,0.0,0.0,0.0,0.0,0.0,0.0,0.0,0.0,0.0,0.0,0.0,0.0,0.0,0.0,0.0,0.0,721.6484,772.01465,799.41394,969.0476,670.4762,-0.44879150390625,0.14892578125,0.8759765625,2.34771728515625,-4.7552490234375,0.889739990234375,0.0,4.0,4.0,4.0,4.0,100.0,event
10:33:54.300,0.0,0.0,0.0,0.0,0.0,0.0,0.0,0.0,0.0,0.0,0.0,0.0,0.0,0.0,0.0,0.0,0.0,0.0,0.0,0.0,753.8828,769.19415,794.57874,1015.38464,749.85345,-0.44879150390625,0.14892578125,0.8759765625,2.34771728515625,-4.7552490234375,0.889739990234375,0.0,4.0,4.0,4.0,4.0,100.0,event
10:33:54.300,0.0,0.0,0.0,0.0,0.0,0.0,0.0,0.0,0.0,0.0,0.0,0.0,0.0,0.0,0.0,0.0,0.0,0.0,0.0,0.0,799.011,771.6117,792.5641,1010.9524,809.4872,-0.44879150390625,0.14892578125,0.8759765625,2.34771728515625,-4.7552490234375,0.889739990234375,0.0,4.0,4.0,4.0,4.0,100.0,event
10:33:54.301,0.0,0.0,0.0,0.0,0.0,0.0,0.0,0.0,0.0,0.0,0.0,0.0,0.0,0.0,0.0,0.0,0.0,0.0,0.0,0.0,795.78754,774.0293,792.96704,926.337,776.8498,-0.44879150390625,0.14892578125,0.8759765625,2.34771728515625,-4.7552490234375,0.889739990234375,0.0,4.0,4.0,4.0,4.0,100.0,event
10:33:54.302,0.0,0.0,0.0,0.0,0.0,0.0,0.0,0.0,0.0,0.0,0.0,0.0,0.0,0.0,0.0,0.0,0.0,0.0,0.0,0.0,703.5165,775.2381,802.23444,822.7839,853.4066,-0.44879150390625,0.14892578125,0.8759765625,2.34771728515625,-4.7552490234375,0.889739990234375,0.0,4.0,4.0,4.0,4.0,100.0,event
10:33:54.302,0.0,0.0,0.0,0.0,0.0,0.0,0.0,0.0,0.0,0.0,0.0,0.0,0.0,0.0,0.0,0.0,0.0,0.0,0.0,0.0,740.18317,772.8205,803.0403,819.5604,738.97437,-0.44879150390625,0.14892578125,0.8759765625,2.34771728515625,-4.7552490234375,0.889739990234375,0.0,4.0,4.0,4.0,4.0,100.0,event
10:33:54.303,0.0,0.0,0.0,0.0,0.0,0.0,0.0,0.0,0.0,0.0,0.0,0.0,0.0,0.0,0.0,0.0,0.0,0.0,0.0,0.0,710.3663,780.4762,796.99634,834.4689,884.43225,-0.44879150390625,0.14892578125,0.8759765625,2.34771728515625,-4.7552490234375,0.889739990234375,0.0,4.0,4.0,4.0,4.0,100.0,event
10:33:54.304,0.0,0.0,0.0,0.0,0.0,0.0,0.0,0.0,0.0,0.0,0.0,0.0,0.0,0.0,0.0,0.0,0.0,0.0,0.0,0.0,749.45056,779.67035,800.2198,794.17584,804.2491,-0.44879150390625,0.14892578125,0.8759765625,2.34771728515625,-4.7552490234375,0.889739990234375,0.0,4.0,4.0,4.0,4.0,100.0,event
10:33:54.304,0.0,0.0,0.0,0.0,0.0,0.0,0.0,0.0,0.0,0.0,0.0,0.0,0.0,0.0,0.0,0.0,0.0,0.0,0.0,0.0,759.5238,773.6264,802.23444,782.8938,762.3443,-0.44879150390625,0.14892578125,0.8759765625,2.34771728515625,-4.7552490234375,0.889739990234375,0.0,4.0,4.0,4.0,4.0,100.0,event
10:33:54.305,0.0,0.0,0.0,0.0,0.0,0.0,0.0,0.0,0.0,0.0,0.0,0.0,0.0,0.0,0.0,0.0,0.0,0.0,0.0,0.0,710.7692,774.43225,809.4872,803.8461,901.3553,-0.44879150390625,0.14892578125,0.8759765625,2.34771728515625,-4.7552490234375,0.889739990234375,0.0,4.0,4.0,4.0,4.0,100.0,event
10:33:54.308,0.0,0.0,0.0,0.0,0.0,0.0,0.0,0.0,0.0,0.0,0.0,0.0,0.0,0.0,0.0,0.0,0.0,0.0,0.0,0.0,662.8205,777.25275,803.44324,738.1685,871.9414,-0.44879150390625,0.14892578125,0.8759765625,2.34771728515625,-4.7552490234375,0.889739990234375,0.0,4.0,4.0,4.0,4.0,100.0,event
10:33:54.309,0.0,0.0,0.0,0.0,0.0,0.0,0.0,0.0,0.0,0.0,0.0,0.0,0.0,0.0,0.0,0.0,0.0,0.0,0.0,0.0,686.99634,777.25275,793.7729,481.0989,639.85345,-0.44879150390625,0.14892578125,0.8759765625,2.34771728515625,-4.7552490234375,0.889739990234375,0.0,4.0,4.0,4.0,4.0,100.0,event
10:33:54.354,0.0,0.0,0.0,0.0,0.0,0.0,0.0,0.0,0.0,0.0,0.0,0.0,0.0,0.0,0.0,0.0,0.0,0.0,0.0,0.0,729.304,772.8205,793.7729,377.14285,734.5421,-0.44635009765625,0.14569091796875,0.8758544921875,1.846771240234375,-4.942169189453125,0.994415283203125,0.0,4.0,4.0,4.0,4.0,100.0,event
10:33:54.356,0.0,0.0,0.0,0.0,0.0,0.0,0.0,0.0,0.0,0.0,0.0,0.0,0.0,0.0,0.0,0.0,0.0,0.0,0.0,0.0,733.73627,773.22345,797.8022,411.79486,846.55676,-0.44635009765625,0.14569091796875,0.8758544921875,1.846771240234375,-4.942169189453125,0.994415283203125,0.0,4.0,4.0,4.0,4.0,100.0,event
10:33:54.358,0.0,0.0,0.0,0.0,0.0,0.0,0.0,0.0,0.0,0.0,0.0,0.0,0.0,0.0,0.0,0.0,0.0,0.0,0.0,0.0,693.0403,776.04395,804.65204,411.79486,687.3993,-0.44635009765625,0.14569091796875,0.8758544921875,1.846771240234375,-4.942169189453125,0.994415283203125,0.0,4.0,4.0,4.0,4.0,100.0,event
10:33:54.360,0.0,0.0,0.0,0.0,0.0,0.0,0.0,0.0,0.0,0.0,0.0,0.0,0.0,0.0,0.0,0.0,0.0,0.0,0.0,0.0,649.92676,772.4176,806.26373,478.6813,622.9304,-0.44635009765625,0.14569091796875,0.8758544921875,1.846771240234375,-4.942169189453125,0.994415283203125,0.0,4.0,4.0,4.0,4.0,100.0,event
10:33:54.361,0.0,0.0,0.0,0.0,0.0,0.0,0.0,0.0,0.0,0.0,0.0,0.0,0.0,0.0,0.0,0.0,0.0,0.0,0.0,0.0,644.2857,767.1795,805.4579,574.17584,733.3333,-0.44635009765625,0.14569091796875,0.8758544921875,1.846771240234375,-4.942169189453125,0.994415283203125,0.0,4.0,4.0,4.0,4.0,100.0,event
10:33:54.362,0.0,0.0,0.0,0.0,0.0,0.0,0.0,0.0,0.0,0.0,0.0,0.0,0.0,0.0,0.0,0.0,0.0,0.0,0.0,0.0,679.34064,766.3736,801.02563,615.6777,938.022,-0.44635009765625,0.14569091796875,0.8758544921875,1.846771240234375,-4.942169189453125,0.994415283203125,0.0,4.0,4.0,4.0,4.0,100.0,event
10:33:54.363,0.0,0.0,0.0,0.0,0.0,0.0,0.0,0.0,0.0,0.0,0.0,0.0,0.0,0.0,0.0,0.0,0.0,0.0,0.0,0.0,712.7839,767.98535,794.9817,566.9231,969.0476,-0.44635009765625,0.14569091796875,0.8758544921875,1.846771240234375,-4.942169189453125,0.994415283203125,0.0,4.0,4.0,4.0,4.0,100.0,event
10:33:54.364,0.0,0.0,0.0,0.0,0.0,0.0,0.0,0.0,0.0,0.0,0.0,0.0,0.0,0.0,0.0,0.0,0.0,0.0,0.0,0.0,680.9524,767.1795,792.96704,408.97437,825.6044,-0.44635009765625,0.14569091796875,0.8758544921875,1.846771240234375,-4.942169189453125,0.994415283203125,0.0,4.0,4.0,4.0,4.0,100.0,event
10:33:54.364,0.0,0.0,0.0,0.0,0.0,0.0,0.0,0.0,0.0,0.0,0.0,0.0,0.0,0.0,0.0,0.0,0.0,0.0,0.0,0.0,639.0476,765.9707,803.44324,468.60806,823.9927,-0.44635009765625,0.14569091796875,0.8758544921875,1.846771240234375,-4.942169189453125,0.994415283203125,0.0,4.0,4.0,4.0,4.0,100.0,event
10:33:54.365,0.0,0.0,0.0,0.0,0.0,0.0,0.0,0.0,0.0,0.0,0.0,0.0,0.0,0.0,0.0,0.0,0.0,0.0,0.0,0.0,650.32965,766.77655,809.0842,732.52747,946.8865,-0.44635009765625,0.14569091796875,0.8758544921875,1.846771240234375,-4.942169189453125,0.994415283203125,0.0,4.0,4.0,4.0,4.0,100.0,event
10:33:54.366,0.0,0.0,0.0,0.0,0.0,0.0,0.0,0.0,0.0,0.0,0.0,0.0,0.0,0.0,0.0,0.0,0.0,0.0,0.0,0.0,697.47253,767.1795,799.41394,736.9597,804.2491,-0.44635009765625,0.14569091796875,0.8758544921875,1.846771240234375,-4.942169189453125,0.994415283203125,0.0,4.0,4.0,4.0,4.0,100.0,event
10:33:54.366,0.0,0.0,0.0,0.0,0.0,0.0,0.0,0.0,0.0,0.0,0.0,0.0,0.0,0.0,0.0,0.0,0.0,0.0,0.0,0.0,742.6007,765.16486,794.9817,867.50916,741.79486,-0.44635009765625,0.14569091796875,0.8758544921875,1.846771240234375,-4.942169189453125,0.994415283203125,0.0,4.0,4.0,4.0,4.0,100.0,event
10:33:54.395,0.0,0.0,0.0,0.0,0.0,0.0,0.0,0.0,0.0,0.0,0.0,0.0,0.0,0.0,0.0,0.0,0.0,0.0,0.0,0.0,734.1392,766.77655,785.31134,1494.4689,856.63007,-0.44635009765625,0.14569091796875,0.8758544921875,1.846771240234375,-4.942169189453125,0.994415283203125,0.0,4.0,4.0,4.0,4.0,100.0,event
10:33:54.396,0.0,0.0,0.0,0.0,0.0,0.0,0.0,0.0,0.0,0.0,0.0,0.0,0.0,0.0,0.0,0.0,0.0,0.0,0.0,0.0,690.6227,766.3736,784.10254,18.937729,842.1245,-0.44635009765625,0.14569091796875,0.8758544921875,1.846771240234375,-4.942169189453125,0.994415283203125,0.0,4.0,4.0,4.0,4.0,100.0,event
10:33:54.397,0.0,0.0,0.0,0.0,0.0,0.0,0.0,0.0,0.0,0.0,0.0,0.0,0.0,0.0,0.0,0.0,0.0,0.0,0.0,0.0,682.1612,767.98535,793.36993,1599.2307,775.2381,-0.44635009765625,0.14569091796875,0.8758544921875,1.846771240234375,-4.942169189453125,0.994415283203125,0.0,4.0,4.0,4.0,4.0,100.0,event
10:33:54.398,0.0,0.0,0.0,0.0,0.0,0.0,0.0,0.0,0.0,0.0,0.0,0.0,0.0,0.0,0.0,0.0,0.0,0.0,0.0,0.0,719.2308,769.19415,801.4286,1634.6886,790.54944,-0.44635009765625,0.14569091796875,0.8758544921875,1.846771240234375,-4.942169189453125,0.994415283203125,0.0,4.0,4.0,4.0,4.0,100.0,event
10:33:54.399,0.0,0.0,0.0,0.0,0.0,0.0,0.0,0.0,0.0,0.0,0.0,0.0,0.0,0.0,0.0,0.0,0.0,0.0,0.0,0.0,787.326,767.1795,807.0696,1628.2417,913.44324,-0.44635009765625,0.14569091796875,0.8758544921875,1.846771240234375,-4.942169189453125,0.994415283203125,0.0,4.0,4.0,4.0,4.0,100.0,event
10:33:54.400,0.0,0.0,0.0,0.0,0.0,0.0,0.0,0.0,0.0,0.0,0.0,0.0,0.0,0.0,0.0,0.0,0.0,0.0,0.0,0.0,783.69965,770.0,812.3077,1628.2417,1012.5641,-0.44635009765625,0.14569091796875,0.8758544921875,1.846771240234375,-4.942169189453125,0.994415283203125,0.0,4.0,4.0,4.0,4.0,100.0,event
10:33:54.401,0.0,0.0,0.0,0.0,0.0,0.0,0.0,0.0,0.0,0.0,0.0,0.0,0.0,0.0,0.0,0.0,0.0,0.0,0.0,0.0,738.5714,773.22345,800.2198,1628.2417,805.8608,-0.44635009765625,0.14569091796875,0.8758544921875,1.846771240234375,-4.942169189453125,0.994415283203125,0.0,4.0,4.0,4.0,4.0,100.0,event
10:33:54.401,0.0,0.0,0.0,0.0,0.0,0.0,0.0,0.0,0.0,0.0,0.0,0.0,0.0,0.0,0.0,0.0,0.0,0.0,0.0,0.0,735.7509,774.0293,809.89014,1628.2417,988.7912,-0.44635009765625,0.14569091796875,0.8758544921875,1.846771240234375,-4.942169189453125,0.994415283203125,0.0,4.0,4.0,4.0,4.0,100.0,event
10:33:54.402,0.0,0.0,0.0,0.0,0.0,0.0,0.0,0.0,0.0,0.0,0.0,0.0,0.0,0.0,0.0,0.0,0.0,0.0,0.0,0.0,781.28204,772.01465,797.8022,1628.2417,926.337,-0.44635009765625,0.14569091796875,0.8758544921875,1.846771240234375,-4.942169189453125,0.994415283203125,0.0,4.0,4.0,4.0,4.0,100.0,event
10:33:54.403,0.0,0.0,0.0,0.0,0.0,0.0,0.0,0.0,0.0,0.0,0.0,0.0,0.0,0.0,0.0,0.0,0.0,0.0,0.0,0.0,836.08057,776.4469,793.36993,1628.2417,1075.0183,-0.44635009765625,0.14569091796875,0.8758544921875,1.846771240234375,-4.942169189453125,0.994415283203125,0.0,4.0,4.0,4.0,4.0,100.0,event
10:33:54.404,0.0,0.0,0.0,0.0,0.0,0.0,0.0,0.0,0.0,0.0,0.0,0.0,0.0,0.0,0.0,0.0,0.0,0.0,0.0,0.0,840.10986,775.64105,788.5348,1628.2417,788.1319,-0.44635009765625,0.14569091796875,0.8758544921875,1.846771240234375,-4.942169189453125,0.994415283203125,0.0,4.0,4.0,4.0,4.0,100.0,event
10:33:54.404,0.0,0.0,0.0,0.0,0.0,0.0,0.0,0.0,0.0,0.0,0.0,0.0,0.0,0.0,0.0,0.0,0.0,0.0,0.0,0.0,792.5641,770.80585,796.99634,1628.2417,680.9524,-0.44635009765625,0.14569091796875,0.8758544921875,1.846771240234375,-4.942169189453125,0.994415283203125,0.0,4.0,4.0,4.0,4.0,100.0,event
10:33:54.436,0.0,0.0,0.0,0.0,0.0,0.0,0.0,0.0,0.0,0.0,0.0,0.0,0.0,0.0,0.0,0.0,0.0,0.0,0.0,0.0,789.7436,770.0,797.8022,1628.2417,686.1905,-0.44757080078125,0.14312744140625,0.87335205078125,2.145843505859375,-4.029998779296875,0.665435791015625,0.0,4.0,4.0,4.0,4.0,100.0,event
10:33:54.437,0.0,0.0,0.0,0.0,0.0,0.0,0.0,0.0,0.0,0.0,0.0,0.0,0.0,0.0,0.0,0.0,0.0,0.0,0.0,0.0,834.87177,770.0,795.38464,1628.6447,646.7033,-0.44757080078125,0.14312744140625,0.87335205078125,2.145843505859375,-4.029998779296875,0.665435791015625,0.0,4.0,4.0,4.0,4.0,100.0,event
10:33:54.439,0.0,0.0,0.0,0.0,0.0,0.0,0.0,0.0,0.0,0.0,0.0,0.0,0.0,0.0,0.0,0.0,0.0,0.0,0.0,0.0,882.01465,772.01465,801.02563,1628.6447,639.45056,-0.44757080078125,0.14312744140625,0.87335205078125,2.145843505859375,-4.029998779296875,0.665435791015625,0.0,4.0,4.0,4.0,4.0,100.0,event
10:33:54.440,0.0,0.0,0.0,0.0,0.0,0.0,0.0,0.0,0.0,0.0,0.0,0.0,0.0,0.0,0.0,0.0,0.0,0.0,0.0,0.0,895.7143,770.40295,807.47253,1628.2417,673.2967,-0.44757080078125,0.14312744140625,0.87335205078125,2.145843505859375,-4.029998779296875,0.665435791015625,0.0,4.0,4.0,4.0,4.0,100.0,event
10:33:54.442,0.0,0.0,0.0,0.0,0.0,0.0,0.0,0.0,0.0,0.0,0.0,0.0,0.0,0.0,0.0,0.0,0.0,0.0,0.0,0.0,848.97437,769.59705,803.0403,1628.2417,736.55676,-0.44757080078125,0.14312744140625,0.87335205078125,2.145843505859375,-4.029998779296875,0.665435791015625,0.0,4.0,4.0,4.0,4.0,100.0,event
10:33:54.443,0.0,0.0,0.0,0.0,0.0,0.0,0.0,0.0,0.0,0.0,0.0,0.0,0.0,0.0,0.0,0.0,0.0,0.0,0.0,0.0,819.15753,770.80585,790.14655,1628.2417,804.2491,-0.44757080078125,0.14312744140625,0.87335205078125,2.145843505859375,-4.029998779296875,0.665435791015625,0.0,4.0,4.0,4.0,4.0,100.0,event
10:33:54.444,0.0,0.0,0.0,0.0,0.0,0.0,0.0,0.0,0.0,0.0,0.0,0.0,0.0,0.0,0.0,0.0,0.0,0.0,0.0,0.0,859.45056,770.40295,780.4762,1628.2417,852.6007,-0.44757080078125,0.14312744140625,0.87335205078125,2.145843505859375,-4.029998779296875,0.665435791015625,0.0,4.0,4.0,4.0,4.0,100.0,event
10:33:54.445,0.0,0.0,0.0,0.0,0.0,0.0,0.0,0.0,0.0,0.0,0.0,0.0,0.0,0.0,0.0,0.0,0.0,0.0,0.0,0.0,913.44324,768.3883,781.685,1628.2417,880.40295,-0.44757080078125,0.14312744140625,0.87335205078125,2.145843505859375,-4.029998779296875,0.665435791015625,0.0,4.0,4.0,4.0,4.0,100.0,event
10:33:54.446,0.0,0.0,0.0,0.0,0.0,0.0,0.0,0.0,0.0,0.0,0.0,0.0,0.0,0.0,0.0,0.0,0.0,0.0,0.0,0.0,908.60803,770.40295,790.54944,1628.2417,1082.2711,-0.44757080078125,0.14312744140625,0.87335205078125,2.145843505859375,-4.029998779296875,0.665435791015625,0.0,4.0,4.0,4.0,4.0,100.0,event
10:33:54.446,0.0,0.0,0.0,0.0,0.0,0.0,0.0,0.0,0.0,0.0,0.0,0.0,0.0,0.0,0.0,0.0,0.0,0.0,0.0,0.0,866.30035,773.6264,795.78754,1627.4359,937.2161,-0.44757080078125,0.14312744140625,0.87335205078125,2.145843505859375,-4.029998779296875,0.665435791015625,0.0,4.0,4.0,4.0,4.0,100.0,event
10:33:54.447,0.0,0.0,0.0,0.0,0.0,0.0,0.0,0.0,0.0,0.0,0.0,0.0,0.0,0.0,0.0,0.0,0.0,0.0,0.0,0.0,843.3333,768.3883,792.5641,1629.0476,686.5934,-0.44757080078125,0.14312744140625,0.87335205078125,2.145843505859375,-4.029998779296875,0.665435791015625,0.0,4.0,4.0,4.0,4.0,100.0,event
10:33:54.447,0.0,0.0,0.0,0.0,0.0,0.0,0.0,0.0,0.0,0.0,0.0,0.0,0.0,0.0,0.0,0.0,0.0,0.0,0.0,0.0,852.6007,763.1502,786.1172,1629.4506,767.98535,-0.44757080078125,0.14312744140625,0.87335205078125,2.145843505859375,-4.029998779296875,0.665435791015625,0.0,4.0,4.0,4.0,4.0,100.0,event
10:33:54.482,0.0,0.0,0.0,0.0,0.0,0.0,0.0,0.0,0.0,0.0,0.0,0.0,0.0,0.0,0.0,0.0,0.0,0.0,0.0,0.0,897.72894,764.7619,790.14655,1602.4542,810.696,-0.44195556640625,0.146484375,0.873046875,2.6019287109375,-3.21502685546875,-0.1495361328125,0.0,4.0,4.0,4.0,4.0,100.0,event
10:33:54.483,0.0,0.0,0.0,0.0,0.0,0.0,0.0,0.0,0.0,0.0,0.0,0.0,0.0,0.0,0.0,0.0,0.0,0.0,0.0,0.0,929.9634,772.01465,790.54944,1614.5421,786.1172,-0.44195556640625,0.146484375,0.873046875,2.6019287109375,-3.21502685546875,-0.1495361328125,0.0,4.0,4.0,4.0,4.0,100.0,event
10:33:54.484,0.0,0.0,0.0,0.0,0.0,0.0,0.0,0.0,0.0,0.0,0.0,0.0,0.0,0.0,0.0,0.0,0.0,0.0,0.0,0.0,890.07324,770.40295,786.1172,1633.0769,805.4579,-0.44195556640625,0.146484375,0.873046875,2.6019287109375,-3.21502685546875,-0.1495361328125,0.0,4.0,4.0,4.0,4.0,100.0,event
10:33:54.485,0.0,0.0,0.0,0.0,0.0,0.0,0.0,0.0,0.0,0.0,0.0,0.0,0.0,0.0,0.0,0.0,0.0,0.0,0.0,0.0,846.9597,768.7912,794.57874,1626.63,842.1245,-0.44195556640625,0.146484375,0.873046875,2.6019287109375,-3.21502685546875,-0.1495361328125,0.0,4.0,4.0,4.0,4.0,100.0,event
10:33:54.485,0.0,0.0,0.0,0.0,0.0,0.0,0.0,0.0,0.0,0.0,0.0,0.0,0.0,0.0,0.0,0.0,0.0,0.0,0.0,0.0,869.92676,773.6264,801.8315,1628.6447,800.2198,-0.44195556640625,0.146484375,0.873046875,2.6019287109375,-3.21502685546875,-0.1495361328125,0.0,4.0,4.0,4.0,4.0,100.0,event
10:33:54.486,0.0,0.0,0.0,0.0,0.0,0.0,0.0,0.0,0.0,0.0,0.0,0.0,0.0,0.0,0.0,0.0,0.0,0.0,0.0,0.0,906.5934,771.2088,797.8022,1628.2417,832.0513,-0.44195556640625,0.146484375,0.873046875,2.6019287109375,-3.21502685546875,-0.1495361328125,0.0,4.0,4.0,4.0,4.0,100.0,event
10:33:54.486,0.0,0.0,0.0,0.0,0.0,0.0,0.0,0.0,0.0,0.0,0.0,0.0,0.0,0.0,0.0,0.0,0.0,0.0,0.0,0.0,919.89014,767.98535,792.1612,1628.2417,892.49084,-0.44195556640625,0.146484375,0.873046875,2.6019287109375,-3.21502685546875,-0.1495361328125,0.0,4.0,4.0,4.0,4.0,100.0,event
10:33:54.487,0.0,0.0,0.0,0.0,0.0,0.0,0.0,0.0,0.0,0.0,0.0,0.0,0.0,0.0,0.0,0.0,0.0,0.0,0.0,0.0,882.4176,767.98535,788.5348,1628.2417,977.50916,-0.44195556640625,0.146484375,0.873046875,2.6019287109375,-3.21502685546875,-0.1495361328125,0.0,4.0,4.0,4.0,4.0,100.0,event
10:33:54.488,0.0,0.0,0.0,0.0,0.0,0.0,0.0,0.0,0.0,0.0,0.0,0.0,0.0,0.0,0.0,0.0,0.0,0.0,0.0,0.0,849.3773,771.2088,794.57874,1628.2417,720.84247,-0.44195556640625,0.146484375,0.873046875,2.6019287109375,-3.21502685546875,-0.1495361328125,0.0,4.0,4.0,4.0,4.0,100.0,event
10:33:54.488,0.0,0.0,0.0,0.0,0.0,0.0,0.0,0.0,0.0,0.0,0.0,0.0,0.0,0.0,0.0,0.0,0.0,0.0,0.0,0.0,840.5128,768.7912,789.34064,1628.2417,960.18317,-0.44195556640625,0.146484375,0.873046875,2.6019287109375,-3.21502685546875,-0.1495361328125,0.0,4.0,4.0,4.0,4.0,100.0,event
10:33:54.489,0.0,0.0,0.0,0.0,0.0,0.0,0.0,0.0,0.0,0.0,0.0,0.0,0.0,0.0,0.0,0.0,0.0,0.0,0.0,0.0,879.19415,769.59705,794.17584,1628.6447,750.65936,-0.44195556640625,0.146484375,0.873046875,2.6019287109375,-3.21502685546875,-0.1495361328125,0.0,4.0,4.0,4.0,4.0,100.0,event
10:33:54.490,0.0,0.0,0.0,0.0,0.0,0.0,0.0,0.0,0.0,0.0,0.0,0.0,0.0,0.0,0.0,0.0,0.0,0.0,0.0,0.0,899.34064,769.19415,789.34064,1628.6447,983.95605,-0.44195556640625,0.146484375,0.873046875,2.6019287109375,-3.21502685546875,-0.1495361328125,0.0,4.0,4.0,4.0,4.0,100.0,event
10:33:54.534,0.0,0.0,0.0,0.0,0.0,0.0,0.0,0.0,0.0,0.0,0.0,0.0,0.0,0.0,0.0,0.0,0.0,0.0,0.0,0.0,877.5824,771.2088,790.9524,1627.8389,887.6557,-0.446533203125,0.14715576171875,0.87371826171875,2.115936279296875,-3.357086181640625,0.85235595703125,0.0,4.0,4.0,4.0,4.0,100.0,event
10:33:54.535,0.0,0.0,0.0,0.0,0.0,0.0,0.0,0.0,0.0,0.0,0.0,0.0,0.0,0.0,0.0,0.0,0.0,0.0,0.0,0.0,830.84247,769.19415,791.3553,1626.63,733.73627,-0.446533203125,0.14715576171875,0.87371826171875,2.115936279296875,-3.357086181640625,0.85235595703125,0.0,4.0,4.0,4.0,4.0,100.0,event
10:33:54.539,0.0,0.0,0.0,0.0,0.0,0.0,0.0,0.0,0.0,0.0,0.0,0.0,0.0,0.0,0.0,0.0,0.0,0.0,0.0,0.0,825.2015,767.5824,788.1319,1634.2858,769.59705,-0.446533203125,0.14715576171875,0.87371826171875,2.115936279296875,-3.357086181640625,0.85235595703125,0.0,4.0,4.0,4.0,4.0,100.0,event
10:33:54.539,0.0,0.0,0.0,0.0,0.0,0.0,0.0,0.0,0.0,0.0,0.0,0.0,0.0,0.0,0.0,0.0,0.0,0.0,0.0,0.0,866.7033,766.77655,790.14655,1583.9194,808.2784,-0.446533203125,0.14715576171875,0.87371826171875,2.115936279296875,-3.357086181640625,0.85235595703125,0.0,4.0,4.0,4.0,4.0,100.0,event
10:33:54.540,0.0,0.0,0.0,0.0,0.0,0.0,0.0,0.0,0.0,0.0,0.0,0.0,0.0,0.0,0.0,0.0,0.0,0.0,0.0,0.0,902.96704,764.35895,789.7436,1559.7435,823.1868,-0.446533203125,0.14715576171875,0.87371826171875,2.115936279296875,-3.357086181640625,0.85235595703125,0.0,4.0,4.0,4.0,4.0,100.0,event
10:33:54.540,0.0,0.0,0.0,0.0,0.0,0.0,0.0,0.0,0.0,0.0,0.0,0.0,0.0,0.0,0.0,0.0,0.0,0.0,0.0,0.0,876.77655,764.7619,791.75824,1590.7693,883.22345,-0.446533203125,0.14715576171875,0.87371826171875,2.115936279296875,-3.357086181640625,0.85235595703125,0.0,4.0,4.0,4.0,4.0,100.0,event
10:33:54.541,0.0,0.0,0.0,0.0,0.0,0.0,0.0,0.0,0.0,0.0,0.0,0.0,0.0,0.0,0.0,0.0,0.0,0.0,0.0,0.0,829.6337,765.9707,796.99634,1611.3187,948.9011,-0.446533203125,0.14715576171875,0.87371826171875,2.115936279296875,-3.357086181640625,0.85235595703125,0.0,4.0,4.0,4.0,4.0,100.0,event
10:33:54.542,0.0,0.0,0.0,0.0,0.0,0.0,0.0,0.0,0.0,0.0,0.0,0.0,0.0,0.0,0.0,0.0,0.0,0.0,0.0,0.0,826.4103,766.3736,794.57874,1623.8096,894.90845,-0.446533203125,0.14715576171875,0.87371826171875,2.115936279296875,-3.357086181640625,0.85235595703125,0.0,4.0,4.0,4.0,4.0,100.0,event
10:33:54.542,0.0,0.0,0.0,0.0,0.0,0.0,0.0,0.0,0.0,0.0,0.0,0.0,0.0,0.0,0.0,0.0,0.0,0.0,0.0,0.0,869.5238,764.7619,791.3553,1622.6007,784.5055,-0.446533203125,0.14715576171875,0.87371826171875,2.115936279296875,-3.357086181640625,0.85235595703125,0.0,4.0,4.0,4.0,4.0,100.0,event
10:33:54.543,0.0,0.0,0.0,0.0,0.0,0.0,0.0,0.0,0.0,0.0,0.0,0.0,0.0,0.0,0.0,0.0,0.0,0.0,0.0,0.0,887.6557,764.7619,792.5641,1543.6263,785.7143,-0.446533203125,0.14715576171875,0.87371826171875,2.115936279296875,-3.357086181640625,0.85235595703125,0.0,4.0,4.0,4.0,4.0,100.0,event
10:33:54.543,0.0,0.0,0.0,0.0,0.0,0.0,0.0,0.0,0.0,0.0,0.0,0.0,0.0,0.0,0.0,0.0,0.0,0.0,0.0,0.0,908.60803,762.74725,790.54944,1635.0916,701.9048,-0.446533203125,0.14715576171875,0.87371826171875,2.115936279296875,-3.357086181640625,0.85235595703125,0.0,4.0,4.0,4.0,4.0,100.0,event
10:33:54.544,0.0,0.0,0.0,0.0,0.0,0.0,0.0,0.0,0.0,0.0,0.0,0.0,0.0,0.0,0.0,0.0,0.0,0.0,0.0,0.0,829.6337,765.16486,796.5934,1436.8499,927.9487,-0.446533203125,0.14715576171875,0.87371826171875,2.115936279296875,-3.357086181640625,0.85235595703125,0.0,4.0,4.0,4.0,4.0,100.0,event
10:33:54.587,0.0,0.0,0.0,0.0,0.0,0.0,0.0,0.0,0.0,0.0,0.0,0.0,0.0,0.0,0.0,0.0,0.0,0.0,0.0,0.0,832.0513,764.35895,798.60803,1429.597,704.3223,-0.448486328125,0.14501953125,0.865966796875,2.145843505859375,-3.7982177734375,0.994415283203125,0.0,4.0,4.0,4.0,4.0,100.0,event
10:33:54.589,0.0,0.0,0.0,0.0,0.0,0.0,0.0,0.0,0.0,0.0,0.0,0.0,0.0,0.0,0.0,0.0,0.0,0.0,0.0,0.0,867.1062,763.5531,794.57874,1337.7289,664.83514,-0.448486328125,0.14501953125,0.865966796875,2.145843505859375,-3.7982177734375,0.994415283203125,0.0,4.0,4.0,4.0,4.0,100.0,event
10:33:54.590,0.0,0.0,0.0,0.0,0.0,0.0,0.0,0.0,0.0,0.0,0.0,0.0,0.0,0.0,0.0,0.0,0.0,0.0,0.0,0.0,894.5055,760.32965,794.57874,1250.2931,809.89014,-0.448486328125,0.14501953125,0.865966796875,2.145843505859375,-3.7982177734375,0.994415283203125,0.0,4.0,4.0,4.0,4.0,100.0,event
10:33:54.591,0.0,0.0,0.0,0.0,0.0,0.0,0.0,0.0,0.0,0.0,0.0,0.0,0.0,0.0,0.0,0.0,0.0,0.0,0.0,0.0,889.67035,761.13556,800.2198,1225.7142,782.0879,-0.448486328125,0.14501953125,0.865966796875,2.145843505859375,-3.7982177734375,0.994415283203125,0.0,4.0,4.0,4.0,4.0,100.0,event
10:33:54.592,0.0,0.0,0.0,0.0,0.0,0.0,0.0,0.0,0.0,0.0,0.0,0.0,0.0,0.0,0.0,0.0,0.0,0.0,0.0,0.0,848.1685,765.56775,798.20514,1205.5677,693.8461,-0.448486328125,0.14501953125,0.865966796875,2.145843505859375,-3.7982177734375,0.994415283203125,0.0,4.0,4.0,4.0,4.0,100.0,event
10:33:54.594,0.0,0.0,0.0,0.0,0.0,0.0,0.0,0.0,0.0,0.0,0.0,0.0,0.0,0.0,0.0,0.0,0.0,0.0,0.0,0.0,821.5751,764.7619,795.78754,884.0293,732.52747,-0.448486328125,0.14501953125,0.865966796875,2.145843505859375,-3.7982177734375,0.994415283203125,0.0,4.0,4.0,4.0,4.0,100.0,event
10:33:54.595,0.0,0.0,0.0,0.0,0.0,0.0,0.0,0.0,0.0,0.0,0.0,0.0,0.0,0.0,0.0,0.0,0.0,0.0,0.0,0.0,849.3773,763.95605,792.96704,309.0476,942.8571,-0.448486328125,0.14501953125,0.865966796875,2.145843505859375,-3.7982177734375,0.994415283203125,0.0,4.0,4.0,4.0,4.0,100.0,event
10:33:54.596,0.0,0.0,0.0,0.0,0.0,0.0,0.0,0.0,0.0,0.0,0.0,0.0,0.0,0.0,0.0,0.0,0.0,0.0,0.0,0.0,890.87915,765.56775,790.9524,23.369963,932.381,-0.448486328125,0.14501953125,0.865966796875,2.145843505859375,-3.7982177734375,0.994415283203125,0.0,4.0,4.0,4.0,4.0,100.0,event
10:33:54.598,0.0,0.0,0.0,0.0,0.0,0.0,0.0,0.0,0.0,0.0,0.0,0.0,0.0,0.0,0.0,0.0,0.0,0.0,0.0,0.0,890.07324,766.77655,799.011,7.252747,657.1795,-0.448486328125,0.14501953125,0.865966796875,2.145843505859375,-3.7982177734375,0.994415283203125,0.0,4.0,4.0,4.0,4.0,100.0,event
10:33:54.599,0.0,0.0,0.0,0.0,0.0,0.0,0.0,0.0,0.0,0.0,0.0,0.0,0.0,0.0,0.0,0.0,0.0,0.0,0.0,0.0,843.73627,765.9707,808.68134,4.835165,637.03296,-0.448486328125,0.14501953125,0.865966796875,2.145843505859375,-3.7982177734375,0.994415283203125,0.0,4.0,4.0,4.0,4.0,100.0,event
10:33:54.600,0.0,0.0,0.0,0.0,0.0,0.0,0.0,0.0,0.0,0.0,0.0,0.0,0.0,0.0,0.0,0.0,0.0,0.0,0.0,0.0,840.9158,764.35895,790.9524,3.2234433,618.49817,-0.448486328125,0.14501953125,0.865966796875,2.145843505859375,-3.7982177734375,0.994415283203125,0.0,4.0,4.0,4.0,4.0,100.0,event
10:33:54.600,0.0,0.0,0.0,0.0,0.0,0.0,0.0,0.0,0.0,0.0,0.0,0.0,0.0,0.0,0.0,0.0,0.0,0.0,0.0,0.0,815.5311,764.35895,801.4286,0.0,674.10254,-0.448486328125,0.14501953125,0.865966796875,2.145843505859375,-3.7982177734375,0.994415283203125,0.0,4.0,4.0,4.0,4.0,100.0,event
10:33:54.635,0.0,0.0,0.0,0.0,0.0,0.0,0.0,0.0,0.0,0.0,0.0,0.0,0.0,0.0,0.0,0.0,0.0,0.0,0.0,0.0,886.4469,764.7619,784.5055,0.0,679.7436,-0.448486328125,0.14501953125,0.865966796875,2.145843505859375,-3.7982177734375,0.994415283203125,0.0,4.0,4.0,4.0,4.0,100.0,event
10:33:54.636,0.0,0.0,0.0,0.0,0.0,0.0,0.0,0.0,0.0,0.0,0.0,0.0,0.0,0.0,0.0,0.0,0.0,0.0,0.0,0.0,884.43225,763.95605,782.8938,5.2380953,724.0659,-0.448486328125,0.14501953125,0.865966796875,2.145843505859375,-3.7982177734375,0.994415283203125,0.0,4.0,4.0,4.0,4.0,100.0,event
10:33:54.637,0.0,0.0,0.0,0.0,0.0,0.0,0.0,0.0,0.0,0.0,0.0,0.0,0.0,0.0,0.0,0.0,0.0,0.0,0.0,0.0,815.12823,760.7326,786.52014,0.0,746.63007,-0.448486328125,0.14501953125,0.865966796875,2.145843505859375,-3.7982177734375,0.994415283203125,0.0,4.0,4.0,4.0,4.0,100.0,event
10:33:54.638,0.0,0.0,0.0,0.0,0.0,0.0,0.0,0.0,0.0,0.0,0.0,0.0,0.0,0.0,0.0,0.0,0.0,0.0,0.0,0.0,779.67035,760.7326,792.1612,16.520147,732.9304,-0.448486328125,0.14501953125,0.865966796875,2.145843505859375,-3.7982177734375,0.994415283203125,0.0,4.0,4.0,4.0,4.0,100.0,event
10:33:54.643,0.0,0.0,0.0,0.0,0.0,0.0,0.0,0.0,0.0,0.0,0.0,0.0,0.0,0.0,0.0,0.0,0.0,0.0,0.0,0.0,801.8315,759.92676,790.9524,128.13187,682.96704,-0.448486328125,0.14501953125,0.865966796875,2.145843505859375,-3.7982177734375,0.994415283203125,0.0,4.0,4.0,4.0,4.0,100.0,event
10:33:54.643,0.0,0.0,0.0,0.0,0.0,0.0,0.0,0.0,0.0,0.0,0.0,0.0,0.0,0.0,0.0,0.0,0.0,0.0,0.0,0.0,845.34796,757.1062,784.10254,73.73627,707.9487,-0.448486328125,0.14501953125,0.865966796875,2.145843505859375,-3.7982177734375,0.994415283203125,0.0,4.0,4.0,4.0,4.0,100.0,event
10:33:54.644,0.0,0.0,0.0,0.0,0.0,0.0,0.0,0.0,0.0,0.0,0.0,0.0,0.0,0.0,0.0,0.0,0.0,0.0,0.0,0.0,862.27106,757.9121,788.1319,0.0,1023.44324,-0.448486328125,0.14501953125,0.865966796875,2.145843505859375,-3.7982177734375,0.994415283203125,0.0,4.0,4.0,4.0,4.0,100.0,event
10:33:54.645,0.0,0.0,0.0,0.0,0.0,0.0,0.0,0.0,0.0,0.0,0.0,0.0,0.0,0.0,0.0,0.0,0.0,0.0,0.0,0.0,830.84247,760.32965,794.9817,2.8205128,943.2601,-0.448486328125,0.14501953125,0.865966796875,2.145843505859375,-3.7982177734375,0.994415283203125,0.0,4.0,4.0,4.0,4.0,100.0,event
10:33:54.645,0.0,0.0,0.0,0.0,0.0,0.0,0.0,0.0,0.0,0.0,0.0,0.0,0.0,0.0,0.0,0.0,0.0,0.0,0.0,0.0,793.7729,763.1502,796.99634,0.4029304,652.74725,-0.448486328125,0.14501953125,0.865966796875,2.145843505859375,-3.7982177734375,0.994415283203125,0.0,4.0,4.0,4.0,4.0,100.0,event
10:33:54.646,0.0,0.0,0.0,0.0,0.0,0.0,0.0,0.0,0.0,0.0,0.0,0.0,0.0,0.0,0.0,0.0,0.0,0.0,0.0,0.0,801.4286,762.74725,795.38464,0.0,688.20514,-0.448486328125,0.14501953125,0.865966796875,2.145843505859375,-3.7982177734375,0.994415283203125,0.0,4.0,4.0,4.0,4.0,100.0,event
10:33:54.647,0.0,0.0,0.0,0.0,0.0,0.0,0.0,0.0,0.0,0.0,0.0,0.0,0.0,0.0,0.0,0.0,0.0,0.0,0.0,0.0,843.73627,761.13556,792.5641,0.0,772.4176,-0.448486328125,0.14501953125,0.865966796875,2.145843505859375,-3.7982177734375,0.994415283203125,0.0,4.0,4.0,4.0,4.0,100.0,event
10:33:54.647,0.0,0.0,0.0,0.0,0.0,0.0,0.0,0.0,0.0,0.0,0.0,0.0,0.0,0.0,0.0,0.0,0.0,0.0,0.0,0.0,865.4945,761.13556,798.20514,0.0,752.27106,-0.448486328125,0.14501953125,0.865966796875,2.145843505859375,-3.7982177734375,0.994415283203125,0.0,4.0,4.0,4.0,4.0,100.0,event
10:33:54.674,0.0,0.0,0.0,0.0,0.0,0.0,0.0,0.0,0.0,0.0,0.0,0.0,0.0,0.0,0.0,0.0,0.0,0.0,0.0,0.0,813.91943,762.74725,801.02563,0.0,698.68134,-0.4464111328125,0.1484375,0.8720703125,2.175750732421875,-4.23187255859375,-0.07476806640625,0.0,4.0,4.0,4.0,4.0,100.0,event
10:33:54.675,0.0,0.0,0.0,0.0,0.0,0.0,0.0,0.0,0.0,0.0,0.0,0.0,0.0,0.0,0.0,0.0,0.0,0.0,0.0,0.0,769.59705,762.3443,794.9817,0.0,720.0366,-0.4464111328125,0.1484375,0.8720703125,2.175750732421875,-4.23187255859375,-0.07476806640625,0.0,4.0,4.0,4.0,4.0,100.0,event
10:33:54.676,0.0,0.0,0.0,0.0,0.0,0.0,0.0,0.0,0.0,0.0,0.0,0.0,0.0,0.0,0.0,0.0,0.0,0.0,0.0,0.0,806.26373,760.32965,787.326,0.0,678.1319,-0.4464111328125,0.1484375,0.8720703125,2.175750732421875,-4.23187255859375,-0.07476806640625,0.0,4.0,4.0,4.0,4.0,100.0,event
10:33:54.676,0.0,0.0,0.0,0.0,0.0,0.0,0.0,0.0,0.0,0.0,0.0,0.0,0.0,0.0,0.0,0.0,0.0,0.0,0.0,0.0,851.39197,757.1062,786.52014,0.0,644.68866,-0.4464111328125,0.1484375,0.8720703125,2.175750732421875,-4.23187255859375,-0.07476806640625,0.0,4.0,4.0,4.0,4.0,100.0,event
10:33:54.677,0.0,0.0,0.0,0.0,0.0,0.0,0.0,0.0,0.0,0.0,0.0,0.0,0.0,0.0,0.0,0.0,0.0,0.0,0.0,0.0,872.74725,758.71796,792.1612,0.0,740.18317,-0.4464111328125,0.1484375,0.8720703125,2.175750732421875,-4.23187255859375,-0.07476806640625,0.0,4.0,4.0,4.0,4.0,100.0,event
10:33:54.679,0.0,0.0,0.0,0.0,0.0,0.0,0.0,0.0,0.0,0.0,0.0,0.0,0.0,0.0,0.0,0.0,0.0,0.0,0.0,0.0,842.9304,761.53845,797.3993,0.0,861.8681,-0.4464111328125,0.1484375,0.8720703125,2.175750732421875,-4.23187255859375,-0.07476806640625,0.0,4.0,4.0,4.0,4.0,100.0,event
10:33:54.680,0.0,0.0,0.0,0.0,0.0,0.0,0.0,0.0,0.0,0.0,0.0,0.0,0.0,0.0,0.0,0.0,0.0,0.0,0.0,0.0,794.9817,765.56775,799.41394,0.0,867.1062,-0.4464111328125,0.1484375,0.8720703125,2.175750732421875,-4.23187255859375,-0.07476806640625,0.0,4.0,4.0,4.0,4.0,100.0,event
10:33:54.680,0.0,0.0,0.0,0.0,0.0,0.0,0.0,0.0,0.0,0.0,0.0,0.0,0.0,0.0,0.0,0.0,0.0,0.0,0.0,0.0,801.8315,769.19415,796.99634,0.0,811.50183,-0.4464111328125,0.1484375,0.8720703125,2.175750732421875,-4.23187255859375,-0.07476806640625,0.0,4.0,4.0,4.0,4.0,100.0,event
10:33:54.681,0.0,0.0,0.0,0.0,0.0,0.0,0.0,0.0,0.0,0.0,0.0,0.0,0.0,0.0,0.0,0.0,0.0,0.0,0.0,0.0,846.55676,765.16486,791.3553,0.0,761.13556,-0.4464111328125,0.1484375,0.8720703125,2.175750732421875,-4.23187255859375,-0.07476806640625,0.0,4.0,4.0,4.0,4.0,100.0,event
10:33:54.682,0.0,0.0,0.0,0.0,0.0,0.0,0.0,0.0,0.0,0.0,0.0,0.0,0.0,0.0,0.0,0.0,0.0,0.0,0.0,0.0,872.74725,761.9414,786.9231,0.0,912.23444,-0.4464111328125,0.1484375,0.8720703125,2.175750732421875,-4.23187255859375,-0.07476806640625,0.0,4.0,4.0,4.0,4.0,100.0,event
10:33:54.683,0.0,0.0,0.0,0.0,0.0,0.0,0.0,0.0,0.0,0.0,0.0,0.0,0.0,0.0,0.0,0.0,0.0,0.0,0.0,0.0,846.9597,764.7619,790.9524,0.0,978.71796,-0.4464111328125,0.1484375,0.8720703125,2.175750732421875,-4.23187255859375,-0.07476806640625,0.0,4.0,4.0,4.0,4.0,100.0,event
10:33:54.684,0.0,0.0,0.0,0.0,0.0,0.0,0.0,0.0,0.0,0.0,0.0,0.0,0.0,0.0,0.0,0.0,0.0,0.0,0.0,0.0,809.4872,765.16486,797.3993,5.2380953,685.38464,-0.4464111328125,0.1484375,0.8720703125,2.175750732421875,-4.23187255859375,-0.07476806640625,0.0,4.0,4.0,4.0,4.0,100.0,event
10:33:54.710,0.0,0.0,0.0,0.0,0.0,0.0,0.0,0.0,0.0,0.0,0.0,0.0,0.0,0.0,0.0,0.0,0.0,0.0,0.0,0.0,813.5165,763.5531,796.99634,0.0,625.34796,-0.44219970703125,0.1492919921875,0.874267578125,2.325286865234375,-3.90289306640625,0.366363525390625,0.0,4.0,4.0,4.0,4.0,100.0,event
10:33:54.711,0.0,0.0,0.0,0.0,0.0,0.0,0.0,0.0,0.0,0.0,0.0,0.0,0.0,0.0,0.0,0.0,0.0,0.0,0.0,0.0,853.4066,766.77655,791.3553,74.13919,732.1245,-0.44219970703125,0.1492919921875,0.874267578125,2.325286865234375,-3.90289306640625,0.366363525390625,0.0,4.0,4.0,4.0,4.0,100.0,event
10:33:54.712,0.0,0.0,0.0,0.0,0.0,0.0,0.0,0.0,0.0,0.0,0.0,0.0,0.0,0.0,0.0,0.0,0.0,0.0,0.0,0.0,868.315,764.35895,787.72894,238.5348,770.40295,-0.44219970703125,0.1492919921875,0.874267578125,2.325286865234375,-3.90289306640625,0.366363525390625,0.0,4.0,4.0,4.0,4.0,100.0,event
10:33:54.713,0.0,0.0,0.0,0.0,0.0,0.0,0.0,0.0,0.0,0.0,0.0,0.0,0.0,0.0,0.0,0.0,0.0,0.0,0.0,0.0,840.5128,761.53845,794.17584,155.1282,736.55676,-0.44219970703125,0.1492919921875,0.874267578125,2.325286865234375,-3.90289306640625,0.366363525390625,0.0,4.0,4.0,4.0,4.0,100.0,event
10:33:54.713,0.0,0.0,0.0,0.0,0.0,0.0,0.0,0.0,0.0,0.0,0.0,0.0,0.0,0.0,0.0,0.0,0.0,0.0,0.0,0.0,795.78754,765.16486,799.41394,163.99268,724.87177,-0.44219970703125,0.1492919921875,0.874267578125,2.325286865234375,-3.90289306640625,0.366363525390625,0.0,4.0,4.0,4.0,4.0,100.0,event
10:33:54.714,0.0,0.0,0.0,0.0,0.0,0.0,0.0,0.0,0.0,0.0,0.0,0.0,0.0,0.0,0.0,0.0,0.0,0.0,0.0,0.0,791.3553,762.74725,798.60803,808.68134,848.5714,-0.44219970703125,0.1492919921875,0.874267578125,2.325286865234375,-3.90289306640625,0.366363525390625,0.0,4.0,4.0,4.0,4.0,100.0,event
10:33:54.718,0.0,0.0,0.0,0.0,0.0,0.0,0.0,0.0,0.0,0.0,0.0,0.0,0.0,0.0,0.0,0.0,0.0,0.0,0.0,0.0,828.022,762.74725,796.99634,1453.37,921.9048,-0.44219970703125,0.1492919921875,0.874267578125,2.325286865234375,-3.90289306640625,0.366363525390625,0.0,4.0,4.0,4.0,4.0,100.0,event
10:33:54.719,0.0,0.0,0.0,0.0,0.0,0.0,0.0,0.0,0.0,0.0,0.0,0.0,0.0,0.0,0.0,0.0,0.0,0.0,0.0,0.0,864.2857,767.98535,794.57874,1477.5458,909.011,-0.44219970703125,0.1492919921875,0.874267578125,2.325286865234375,-3.90289306640625,0.366363525390625,0.0,4.0,4.0,4.0,4.0,100.0,event
10:33:54.719,0.0,0.0,0.0,0.0,0.0,0.0,0.0,0.0,0.0,0.0,0.0,0.0,0.0,0.0,0.0,0.0,0.0,0.0,0.0,0.0,849.7802,766.3736,796.5934,1537.5824,938.022,-0.44219970703125,0.1492919921875,0.874267578125,2.325286865234375,-3.90289306640625,0.366363525390625,0.0,4.0,4.0,4.0,4.0,100.0,event
10:33:54.720,0.0,0.0,0.0,0.0,0.0,0.0,0.0,0.0,0.0,0.0,0.0,0.0,0.0,0.0,0.0,0.0,0.0,0.0,0.0,0.0,790.14655,764.35895,794.9817,14.505494,1094.359,-0.44219970703125,0.1492919921875,0.874267578125,2.325286865234375,-3.90289306640625,0.366363525390625,0.0,4.0,4.0,4.0,4.0,100.0,event
10:33:54.720,0.0,0.0,0.0,0.0,0.0,0.0,0.0,0.0,0.0,0.0,0.0,0.0,0.0,0.0,0.0,0.0,0.0,0.0,0.0,0.0,782.0879,762.3443,794.9817,1507.7656,946.4835,-0.44219970703125,0.1492919921875,0.874267578125,2.325286865234375,-3.90289306640625,0.366363525390625,0.0,4.0,4.0,4.0,4.0,100.0,event
10:33:54.721,0.0,0.0,0.0,0.0,0.0,0.0,0.0,0.0,0.0,0.0,0.0,0.0,0.0,0.0,0.0,0.0,0.0,0.0,0.0,0.0,817.5458,757.50916,789.7436,1316.3737,723.663,-0.44219970703125,0.1492919921875,0.874267578125,2.325286865234375,-3.90289306640625,0.366363525390625,0.0,4.0,4.0,4.0,4.0,100.0,event
10:33:54.813,0.0,0.0,0.0,0.0,0.0,0.0,0.0,0.0,0.0,0.0,0.0,0.0,0.0,0.0,0.0,0.0,0.0,0.0,0.0,0.0,861.06226,755.89746,788.5348,1152.7839,785.7143,-0.444091796875,0.14892578125,0.8734130859375,1.861724853515625,-4.224395751953125,0.538330078125,0.0,4.0,4.0,4.0,4.0,100.0,event
10:33:54.815,0.0,0.0,0.0,0.0,0.0,0.0,0.0,0.0,0.0,0.0,0.0,0.0,0.0,0.0,0.0,0.0,0.0,0.0,0.0,0.0,855.0183,761.9414,794.57874,694.65204,826.4103,-0.444091796875,0.14892578125,0.8734130859375,1.861724853515625,-4.224395751953125,0.538330078125,0.0,4.0,4.0,4.0,4.0,100.0,event
10:33:54.816,0.0,0.0,0.0,0.0,0.0,0.0,0.0,0.0,0.0,0.0,0.0,0.0,0.0,0.0,0.0,0.0,0.0,0.0,0.0,0.0,799.41394,763.95605,797.3993,347.72894,693.44324,-0.444091796875,0.14892578125,0.8734130859375,1.861724853515625,-4.224395751953125,0.538330078125,0.0,4.0,4.0,4.0,4.0,100.0,event
10:33:54.818,0.0,0.0,0.0,0.0,0.0,0.0,0.0,0.0,0.0,0.0,0.0,0.0,0.0,0.0,0.0,0.0,0.0,0.0,0.0,0.0,781.685,761.9414,796.1905,398.9011,665.2381,-0.444091796875,0.14892578125,0.8734130859375,1.861724853515625,-4.224395751953125,0.538330078125,0.0,4.0,4.0,4.0,4.0,100.0,event
10:33:54.819,0.0,0.0,0.0,0.0,0.0,0.0,0.0,0.0,0.0,0.0,0.0,0.0,0.0,0.0,0.0,0.0,0.0,0.0,0.0,0.0,809.4872,762.74725,790.9524,163.99268,783.2967,-0.444091796875,0.14892578125,0.8734130859375,1.861724853515625,-4.224395751953125,0.538330078125,0.0,4.0,4.0,4.0,4.0,100.0,event
10:33:54.821,0.0,0.0,0.0,0.0,0.0,0.0,0.0,0.0,0.0,0.0,0.0,0.0,0.0,0.0,0.0,0.0,0.0,0.0,0.0,0.0,850.18317,763.5531,788.5348,33.846153,868.315,-0.444091796875,0.14892578125,0.8734130859375,1.861724853515625,-4.224395751953125,0.538330078125,0.0,4.0,4.0,4.0,4.0,100.0,event
10:33:54.822,0.0,0.0,0.0,0.0,0.0,0.0,0.0,0.0,0.0,0.0,0.0,0.0,0.0,0.0,0.0,0.0,0.0,0.0,0.0,0.0,855.42126,763.95605,787.326,147.0696,834.0659,-0.444091796875,0.14892578125,0.8734130859375,1.861724853515625,-4.224395751953125,0.538330078125,0.0,4.0,4.0,4.0,4.0,100.0,event
10:33:54.824,0.0,0.0,0.0,0.0,0.0,0.0,0.0,0.0,0.0,0.0,0.0,0.0,0.0,0.0,0.0,0.0,0.0,0.0,0.0,0.0,804.65204,763.95605,790.9524,31.831501,670.87915,-0.444091796875,0.14892578125,0.8734130859375,1.861724853515625,-4.224395751953125,0.538330078125,0.0,4.0,4.0,4.0,4.0,100.0,event
10:33:54.825,0.0,0.0,0.0,0.0,0.0,0.0,0.0,0.0,0.0,0.0,0.0,0.0,0.0,0.0,0.0,0.0,0.0,0.0,0.0,0.0,775.64105,762.74725,795.78754,0.0,812.71063,-0.444091796875,0.14892578125,0.8734130859375,1.861724853515625,-4.224395751953125,0.538330078125,0.0,4.0,4.0,4.0,4.0,100.0,event
10:33:54.827,0.0,0.0,0.0,0.0,0.0,0.0,0.0,0.0,0.0,0.0,0.0,0.0,0.0,0.0,0.0,0.0,0.0,0.0,0.0,0.0,802.23444,760.7326,800.2198,26.190475,929.15753,-0.444091796875,0.14892578125,0.8734130859375,1.861724853515625,-4.224395751953125,0.538330078125,0.0,4.0,4.0,4.0,4.0,100.0,event
10:33:54.828,0.0,0.0,0.0,0.0,0.0,0.0,0.0,0.0,0.0,0.0,0.0,0.0,0.0,0.0,0.0,0.0,0.0,0.0,0.0,0.0,843.73627,759.12085,798.20514,141.8315,715.2015,-0.444091796875,0.14892578125,0.8734130859375,1.861724853515625,-4.224395751953125,0.538330078125,0.0,4.0,4.0,4.0,4.0,100.0,event
10:33:54.830,0.0,0.0,0.0,0.0,0.0,0.0,0.0,0.0,0.0,0.0,0.0,0.0,0.0,0.0,0.0,0.0,0.0,0.0,0.0,0.0,855.82416,757.50916,792.5641,400.51282,772.01465,-0.444091796875,0.14892578125,0.8734130859375,1.861724853515625,-4.224395751953125,0.538330078125,0.0,4.0,4.0,4.0,4.0,100.0,event
10:33:54.831,0.0,0.0,0.0,0.0,0.0,0.0,0.0,0.0,0.0,0.0,0.0,0.0,0.0,0.0,0.0,0.0,0.0,0.0,0.0,0.0,808.2784,756.30035,792.1612,296.15384,817.9487,-0.44287109375,0.14276123046875,0.87249755859375,2.13836669921875,-4.239349365234375,-0.0,0.0,4.0,4.0,4.0,4.0,100.0,event
10:33:54.832,0.0,0.0,0.0,0.0,0.0,0.0,0.0,0.0,0.0,0.0,0.0,0.0,0.0,0.0,0.0,0.0,0.0,0.0,0.0,0.0,774.43225,756.7033,790.9524,4.029304,718.022,-0.44287109375,0.14276123046875,0.87249755859375,2.13836669921875,-4.239349365234375,-0.0,0.0,4.0,4.0,4.0,4.0,100.0,event
10:33:54.833,0.0,0.0,0.0,0.0,0.0,0.0,0.0,0.0,0.0,0.0,0.0,0.0,0.0,0.0,0.0,0.0,0.0,0.0,0.0,0.0,847.3626,759.5238,801.4286,4.4322343,730.9158,-0.44287109375,0.14276123046875,0.87249755859375,2.13836669921875,-4.239349365234375,-0.0,0.0,4.0,4.0,4.0,4.0,100.0,event
10:33:54.833,0.0,0.0,0.0,0.0,0.0,0.0,0.0,0.0,0.0,0.0,0.0,0.0,0.0,0.0,0.0,0.0,0.0,0.0,0.0,0.0,801.8315,756.30035,793.36993,0.0,697.8755,-0.44287109375,0.14276123046875,0.87249755859375,2.13836669921875,-4.239349365234375,-0.0,0.0,4.0,4.0,4.0,4.0,100.0,event
10:33:54.834,0.0,0.0,0.0,0.0,0.0,0.0,0.0,0.0,0.0,0.0,0.0,0.0,0.0,0.0,0.0,0.0,0.0,0.0,0.0,0.0,853.8095,757.1062,798.20514,10.879121,880.40295,-0.44287109375,0.14276123046875,0.87249755859375,2.13836669921875,-4.239349365234375,-0.0,0.0,4.0,4.0,4.0,4.0,100.0,event
10:33:54.834,0.0,0.0,0.0,0.0,0.0,0.0,0.0,0.0,0.0,0.0,0.0,0.0,0.0,0.0,0.0,0.0,0.0,0.0,0.0,0.0,812.3077,752.27106,792.1612,0.0,881.2088,-0.44287109375,0.14276123046875,0.87249755859375,2.13836669921875,-4.239349365234375,-0.0,0.0,4.0,4.0,4.0,4.0,100.0,event
10:33:54.835,0.0,0.0,0.0,0.0,0.0,0.0,0.0,0.0,0.0,0.0,0.0,0.0,0.0,0.0,0.0,0.0,0.0,0.0,0.0,0.0,779.67035,753.8828,794.9817,24.175825,718.022,-0.44287109375,0.14276123046875,0.87249755859375,2.13836669921875,-4.239349365234375,-0.0,0.0,4.0,4.0,4.0,4.0,100.0,event
10:33:54.836,0.0,0.0,0.0,0.0,0.0,0.0,0.0,0.0,0.0,0.0,0.0,0.0,0.0,0.0,0.0,0.0,0.0,0.0,0.0,0.0,798.60803,755.09155,793.7729,450.4762,713.5897,-0.44287109375,0.14276123046875,0.87249755859375,2.13836669921875,-4.239349365234375,-0.0,0.0,4.0,4.0,4.0,4.0,100.0,event
10:33:54.840,0.0,0.0,0.0,0.0,0.0,0.0,0.0,0.0,0.0,0.0,0.0,0.0,0.0,0.0,0.0,0.0,0.0,0.0,0.0,0.0,841.7216,753.47986,793.7729,715.6044,829.2308,-0.44287109375,0.14276123046875,0.87249755859375,2.13836669921875,-4.239349365234375,-0.0,0.0,4.0,4.0,4.0,4.0,100.0,event
10:33:54.841,0.0,0.0,0.0,0.0,0.0,0.0,0.0,0.0,0.0,0.0,0.0,0.0,0.0,0.0,0.0,0.0,0.0,0.0,0.0,0.0,863.0769,755.4945,795.78754,642.27106,817.5458,-0.44287109375,0.14276123046875,0.87249755859375,2.13836669921875,-4.239349365234375,-0.0,0.0,4.0,4.0,4.0,4.0,100.0,event
10:33:54.841,0.0,0.0,0.0,0.0,0.0,0.0,0.0,0.0,0.0,0.0,0.0,0.0,0.0,0.0,0.0,0.0,0.0,0.0,0.0,0.0,823.1868,755.89746,794.57874,637.8388,776.4469,-0.44287109375,0.14276123046875,0.87249755859375,2.13836669921875,-4.239349365234375,-0.0,0.0,4.0,4.0,4.0,4.0,100.0,event
10:33:54.842,0.0,0.0,0.0,0.0,0.0,0.0,0.0,0.0,0.0,0.0,0.0,0.0,0.0,0.0,0.0,0.0,0.0,0.0,0.0,0.0,779.2674,751.8681,795.38464,1002.8938,879.59705,-0.44287109375,0.14276123046875,0.87249755859375,2.13836669921875,-4.239349365234375,-0.0,0.0,4.0,4.0,4.0,4.0,100.0,event
10:33:54.865,0.0,0.0,0.0,0.0,0.0,0.0,0.0,0.0,0.0,0.0,0.0,0.0,0.0,0.0,0.0,0.0,0.0,0.0,0.0,0.0,786.1172,752.674,795.78754,1271.6483,1080.2565,-0.44287109375,0.14276123046875,0.87249755859375,2.13836669921875,-4.239349365234375,-0.0,0.0,4.0,4.0,4.0,4.0,100.0,event
10:33:54.866,0.0,0.0,0.0,0.0,0.0,0.0,0.0,0.0,0.0,0.0,0.0,0.0,0.0,0.0,0.0,0.0,0.0,0.0,0.0,0.0,831.2454,757.1062,795.38464,1085.4945,860.65936,-0.44287109375,0.14276123046875,0.87249755859375,2.13836669921875,-4.239349365234375,-0.0,0.0,4.0,4.0,4.0,4.0,100.0,event
10:33:54.867,0.0,0.0,0.0,0.0,0.0,0.0,0.0,0.0,0.0,0.0,0.0,0.0,0.0,0.0,0.0,0.0,0.0,0.0,0.0,0.0,866.7033,756.7033,799.011,761.9414,730.9158,-0.44287109375,0.14276123046875,0.87249755859375,2.13836669921875,-4.239349365234375,-0.0,0.0,4.0,4.0,4.0,4.0,100.0,event
10:33:54.868,0.0,0.0,0.0,0.0,0.0,0.0,0.0,0.0,0.0,0.0,0.0,0.0,0.0,0.0,0.0,0.0,0.0,0.0,0.0,0.0,838.9011,757.50916,803.0403,1100.403,857.03296,-0.44287109375,0.14276123046875,0.87249755859375,2.13836669921875,-4.239349365234375,-0.0,0.0,4.0,4.0,4.0,4.0,100.0,event
10:33:54.869,0.0,0.0,0.0,0.0,0.0,0.0,0.0,0.0,0.0,0.0,0.0,0.0,0.0,0.0,0.0,0.0,0.0,0.0,0.0,0.0,786.52014,757.50916,802.23444,1561.3553,838.0952,-0.44287109375,0.14276123046875,0.87249755859375,2.13836669921875,-4.239349365234375,-0.0,0.0,4.0,4.0,4.0,4.0,100.0,event
10:33:54.869,0.0,0.0,0.0,0.0,0.0,0.0,0.0,0.0,0.0,0.0,0.0,0.0,0.0,0.0,0.0,0.0,0.0,0.0,0.0,0.0,782.8938,756.7033,793.36993,1638.7179,886.8498,-0.44287109375,0.14276123046875,0.87249755859375,2.13836669921875,-4.239349365234375,-0.0,0.0,4.0,4.0,4.0,4.0,100.0,event
10:33:54.870,0.0,0.0,0.0,0.0,0.0,0.0,0.0,0.0,0.0,0.0,0.0,0.0,0.0,0.0,0.0,0.0,0.0,0.0,0.0,0.0,835.2747,759.92676,788.1319,1275.6776,930.7692,-0.44287109375,0.14276123046875,0.87249755859375,2.13836669921875,-4.239349365234375,-0.0,0.0,4.0,4.0,4.0,4.0,100.0,event
10:33:54.871,0.0,0.0,0.0,0.0,0.0,0.0,0.0,0.0,0.0,0.0,0.0,0.0,0.0,0.0,0.0,0.0,0.0,0.0,0.0,0.0,877.98535,757.1062,788.5348,977.9121,1036.337,-0.44287109375,0.14276123046875,0.87249755859375,2.13836669921875,-4.239349365234375,-0.0,0.0,4.0,4.0,4.0,4.0,100.0,event
10:33:54.871,0.0,0.0,0.0,0.0,0.0,0.0,0.0,0.0,0.0,0.0,0.0,0.0,0.0,0.0,0.0,0.0,0.0,0.0,0.0,0.0,840.5128,757.1062,791.75824,1290.586,1197.1062,-0.44287109375,0.14276123046875,0.87249755859375,2.13836669921875,-4.239349365234375,-0.0,0.0,4.0,4.0,4.0,4.0,100.0,event
10:33:54.872,0.0,0.0,0.0,0.0,0.0,0.0,0.0,0.0,0.0,0.0,0.0,0.0,0.0,0.0,0.0,0.0,0.0,0.0,0.0,0.0,795.78754,756.7033,796.1905,1604.4689,879.59705,-0.44287109375,0.14276123046875,0.87249755859375,2.13836669921875,-4.239349365234375,-0.0,0.0,4.0,4.0,4.0,4.0,100.0,event
10:33:54.873,0.0,0.0,0.0,0.0,0.0,0.0,0.0,0.0,0.0,0.0,0.0,0.0,0.0,0.0,0.0,0.0,0.0,0.0,0.0,0.0,791.3553,754.68866,792.96704,1631.8682,720.0366,-0.44287109375,0.14276123046875,0.87249755859375,2.13836669921875,-4.239349365234375,-0.0,0.0,4.0,4.0,4.0,4.0,100.0,event
10:33:54.874,0.0,0.0,0.0,0.0,0.0,0.0,0.0,0.0,0.0,0.0,0.0,0.0,0.0,0.0,0.0,0.0,0.0,0.0,0.0,0.0,820.7692,756.7033,794.17584,1618.9744,836.4835,-0.44287109375,0.14276123046875,0.87249755859375,2.13836669921875,-4.239349365234375,-0.0,0.0,4.0,4.0,4.0,4.0,100.0,event
10:33:54.920,0.0,0.0,0.0,0.0,0.0,0.0,0.0,0.0,0.0,0.0,0.0,0.0,0.0,0.0,0.0,0.0,0.0,0.0,0.0,0.0,858.6447,755.89746,796.1905,1633.0769,812.3077,-0.4412841796875,0.14501953125,0.87725830078125,2.43743896484375,-4.104766845703125,0.127105712890625,0.0,4.0,4.0,4.0,4.0,100.0,event
10:33:54.921,0.0,0.0,0.0,0.0,0.0,0.0,0.0,0.0,0.0,0.0,0.0,0.0,0.0,0.0,0.0,0.0,0.0,0.0,0.0,0.0,837.28937,757.50916,794.57874,1621.7949,788.5348,-0.4412841796875,0.14501953125,0.87725830078125,2.43743896484375,-4.104766845703125,0.127105712890625,0.0,4.0,4.0,4.0,4.0,100.0,event
10:33:54.922,0.0,0.0,0.0,0.0,0.0,0.0,0.0,0.0,0.0,0.0,0.0,0.0,0.0,0.0,0.0,0.0,0.0,0.0,0.0,0.0,793.7729,759.12085,799.41394,1625.8242,792.96704,-0.4412841796875,0.14501953125,0.87725830078125,2.43743896484375,-4.104766845703125,0.127105712890625,0.0,4.0,4.0,4.0,4.0,100.0,event
10:33:54.924,0.0,0.0,0.0,0.0,0.0,0.0,0.0,0.0,0.0,0.0,0.0,0.0,0.0,0.0,0.0,0.0,0.0,0.0,0.0,0.0,786.52014,756.7033,801.02563,1639.5238,763.1502,-0.4412841796875,0.14501953125,0.87725830078125,2.43743896484375,-4.104766845703125,0.127105712890625,0.0,4.0,4.0,4.0,4.0,100.0,event
10:33:54.925,0.0,0.0,0.0,0.0,0.0,0.0,0.0,0.0,0.0,0.0,0.0,0.0,0.0,0.0,0.0,0.0,0.0,0.0,0.0,0.0,815.12823,760.7326,805.4579,1353.0403,713.9927,-0.4412841796875,0.14501953125,0.87725830078125,2.43743896484375,-4.104766845703125,0.127105712890625,0.0,4.0,4.0,4.0,4.0,100.0,event
10:33:54.926,0.0,0.0,0.0,0.0,0.0,0.0,0.0,0.0,0.0,0.0,0.0,0.0,0.0,0.0,0.0,0.0,0.0,0.0,0.0,0.0,857.4359,761.9414,804.2491,1257.1428,789.34064,-0.4412841796875,0.14501953125,0.87725830078125,2.43743896484375,-4.104766845703125,0.127105712890625,0.0,4.0,4.0,4.0,4.0,100.0,event
10:33:54.927,0.0,0.0,0.0,0.0,0.0,0.0,0.0,0.0,0.0,0.0,0.0,0.0,0.0,0.0,0.0,0.0,0.0,0.0,0.0,0.0,850.18317,754.68866,797.8022,1592.381,914.65204,-0.4412841796875,0.14501953125,0.87725830078125,2.43743896484375,-4.104766845703125,0.127105712890625,0.0,4.0,4.0,4.0,4.0,100.0,event
10:33:54.929,0.0,0.0,0.0,0.0,0.0,0.0,0.0,0.0,0.0,0.0,0.0,0.0,0.0,0.0,0.0,0.0,0.0,0.0,0.0,0.0,789.7436,753.0769,798.20514,1646.3737,1093.956,-0.4412841796875,0.14501953125,0.87725830078125,2.43743896484375,-4.104766845703125,0.127105712890625,0.0,4.0,4.0,4.0,4.0,100.0,event
10:33:54.930,0.0,0.0,0.0,0.0,0.0,0.0,0.0,0.0,0.0,0.0,0.0,0.0,0.0,0.0,0.0,0.0,0.0,0.0,0.0,0.0,770.0,755.4945,794.9817,1611.3187,1011.3553,-0.4412841796875,0.14501953125,0.87725830078125,2.43743896484375,-4.104766845703125,0.127105712890625,0.0,4.0,4.0,4.0,4.0,100.0,event
10:33:54.931,0.0,0.0,0.0,0.0,0.0,0.0,0.0,0.0,0.0,0.0,0.0,0.0,0.0,0.0,0.0,0.0,0.0,0.0,0.0,0.0,810.696,755.4945,792.1612,1633.4799,758.71796,-0.4412841796875,0.14501953125,0.87725830078125,2.43743896484375,-4.104766845703125,0.127105712890625,0.0,4.0,4.0,4.0,4.0,100.0,event
10:33:54.935,0.0,0.0,0.0,0.0,0.0,0.0,0.0,0.0,0.0,0.0,0.0,0.0,0.0,0.0,0.0,0.0,0.0,0.0,0.0,0.0,850.989,753.8828,790.54944,1628.6447,737.3626,-0.4412841796875,0.14501953125,0.87725830078125,2.43743896484375,-4.104766845703125,0.127105712890625,0.0,4.0,4.0,4.0,4.0,100.0,event
10:33:54.936,0.0,0.0,0.0,0.0,0.0,0.0,0.0,0.0,0.0,0.0,0.0,0.0,0.0,0.0,0.0,0.0,0.0,0.0,0.0,0.0,844.94507,755.09155,791.75824,1546.044,846.1539,-0.4412841796875,0.14501953125,0.87725830078125,2.43743896484375,-4.104766845703125,0.127105712890625,0.0,4.0,4.0,4.0,4.0,100.0,event
10:33:54.968,0.0,0.0,0.0,0.0,0.0,0.0,0.0,0.0,0.0,0.0,0.0,0.0,0.0,0.0,0.0,0.0,0.0,0.0,0.0,0.0,803.0403,754.2857,801.8315,1564.9817,784.5055,-0.44244384765625,0.14715576171875,0.8740234375,2.25799560546875,-3.491668701171875,0.07476806640625,0.0,4.0,4.0,4.0,4.0,100.0,event
10:33:54.969,0.0,0.0,0.0,0.0,0.0,0.0,0.0,0.0,0.0,0.0,0.0,0.0,0.0,0.0,0.0,0.0,0.0,0.0,0.0,0.0,791.75824,756.30035,803.8461,1636.7032,740.989,-0.44244384765625,0.14715576171875,0.8740234375,2.25799560546875,-3.491668701171875,0.07476806640625,0.0,4.0,4.0,4.0,4.0,100.0,event
10:33:54.970,0.0,0.0,0.0,0.0,0.0,0.0,0.0,0.0,0.0,0.0,0.0,0.0,0.0,0.0,0.0,0.0,0.0,0.0,0.0,0.0,811.9048,756.7033,795.38464,1626.63,820.7692,-0.44244384765625,0.14715576171875,0.8740234375,2.25799560546875,-3.491668701171875,0.07476806640625,0.0,4.0,4.0,4.0,4.0,100.0,event
10:33:54.971,0.0,0.0,0.0,0.0,0.0,0.0,0.0,0.0,0.0,0.0,0.0,0.0,0.0,0.0,0.0,0.0,0.0,0.0,0.0,0.0,848.97437,757.1062,793.36993,1624.6154,796.1905,-0.44244384765625,0.14715576171875,0.8740234375,2.25799560546875,-3.491668701171875,0.07476806640625,0.0,4.0,4.0,4.0,4.0,100.0,event
10:33:54.972,0.0,0.0,0.0,0.0,0.0,0.0,0.0,0.0,0.0,0.0,0.0,0.0,0.0,0.0,0.0,0.0,0.0,0.0,0.0,0.0,859.45056,757.1062,793.7729,1630.6593,771.2088,-0.44244384765625,0.14715576171875,0.8740234375,2.25799560546875,-3.491668701171875,0.07476806640625,0.0,4.0,4.0,4.0,4.0,100.0,event
10:33:54.974,0.0,0.0,0.0,0.0,0.0,0.0,0.0,0.0,0.0,0.0,0.0,0.0,0.0,0.0,0.0,0.0,0.0,0.0,0.0,0.0,804.65204,755.09155,790.9524,1623.8096,862.674,-0.44244384765625,0.14715576171875,0.8740234375,2.25799560546875,-3.491668701171875,0.07476806640625,0.0,4.0,4.0,4.0,4.0,100.0,event
10:33:54.975,0.0,0.0,0.0,0.0,0.0,0.0,0.0,0.0,0.0,0.0,0.0,0.0,0.0,0.0,0.0,0.0,0.0,0.0,0.0,0.0,761.9414,754.68866,792.96704,1575.0549,969.45056,-0.44244384765625,0.14715576171875,0.8740234375,2.25799560546875,-3.491668701171875,0.07476806640625,0.0,4.0,4.0,4.0,4.0,100.0,event
10:33:54.976,0.0,0.0,0.0,0.0,0.0,0.0,0.0,0.0,0.0,0.0,0.0,0.0,0.0,0.0,0.0,0.0,0.0,0.0,0.0,0.0,781.685,758.71796,790.54944,1527.9121,998.46155,-0.44244384765625,0.14715576171875,0.8740234375,2.25799560546875,-3.491668701171875,0.07476806640625,0.0,4.0,4.0,4.0,4.0,100.0,event
10:33:54.977,0.0,0.0,0.0,0.0,0.0,0.0,0.0,0.0,0.0,0.0,0.0,0.0,0.0,0.0,0.0,0.0,0.0,0.0,0.0,0.0,840.9158,758.71796,790.14655,1559.3407,735.34796,-0.44244384765625,0.14715576171875,0.8740234375,2.25799560546875,-3.491668701171875,0.07476806640625,0.0,4.0,4.0,4.0,4.0,100.0,event
10:33:54.977,0.0,0.0,0.0,0.0,0.0,0.0,0.0,0.0,0.0,0.0,0.0,0.0,0.0,0.0,0.0,0.0,0.0,0.0,0.0,0.0,862.674,760.32965,798.20514,1629.0476,743.00366,-0.44244384765625,0.14715576171875,0.8740234375,2.25799560546875,-3.491668701171875,0.07476806640625,0.0,4.0,4.0,4.0,4.0,100.0,event
10:33:54.978,0.0,0.0,0.0,0.0,0.0,0.0,0.0,0.0,0.0,0.0,0.0,0.0,0.0,0.0,0.0,0.0,0.0,0.0,0.0,0.0,815.12823,758.71796,798.60803,1628.6447,813.1135,-0.44244384765625,0.14715576171875,0.8740234375,2.25799560546875,-3.491668701171875,0.07476806640625,0.0,4.0,4.0,4.0,4.0,100.0,event
10:33:54.978,0.0,0.0,0.0,0.0,0.0,0.0,0.0,0.0,0.0,0.0,0.0,0.0,0.0,0.0,0.0,0.0,0.0,0.0,0.0,0.0,779.67035,753.8828,795.38464,1626.63,716.4103,-0.44244384765625,0.14715576171875,0.8740234375,2.25799560546875,-3.491668701171875,0.07476806640625,0.0,4.0,4.0,4.0,4.0,100.0,event
10:33:55.016,0.0,0.0,0.0,0.0,0.0,0.0,0.0,0.0,0.0,0.0,0.0,0.0,0.0,0.0,0.0,0.0,0.0,0.0,0.0,0.0,799.011,751.06226,795.38464,1629.0476,646.30035,-0.4447021484375,0.14642333984375,0.87689208984375,2.684173583984375,-2.88604736328125,-0.022430419921875,0.0,4.0,4.0,4.0,4.0,100.0,event
10:33:55.017,0.0,0.0,0.0,0.0,0.0,0.0,0.0,0.0,0.0,0.0,0.0,0.0,0.0,0.0,0.0,0.0,0.0,0.0,0.0,0.0,833.663,752.27106,791.3553,1628.2417,672.8938,-0.4447021484375,0.14642333984375,0.87689208984375,2.684173583984375,-2.88604736328125,-0.022430419921875,0.0,4.0,4.0,4.0,4.0,100.0,event
10:33:55.017,0.0,0.0,0.0,0.0,0.0,0.0,0.0,0.0,0.0,0.0,0.0,0.0,0.0,0.0,0.0,0.0,0.0,0.0,0.0,0.0,852.1978,755.4945,782.49084,1628.2417,899.34064,-0.4447021484375,0.14642333984375,0.87689208984375,2.684173583984375,-2.88604736328125,-0.022430419921875,0.0,4.0,4.0,4.0,4.0,100.0,event
10:33:55.017,0.0,0.0,0.0,0.0,0.0,0.0,0.0,0.0,0.0,0.0,0.0,0.0,0.0,0.0,0.0,0.0,0.0,0.0,0.0,0.0,821.1722,757.1062,784.10254,1628.2417,794.17584,-0.4447021484375,0.14642333984375,0.87689208984375,2.684173583984375,-2.88604736328125,-0.022430419921875,0.0,4.0,4.0,4.0,4.0,100.0,event
10:33:55.018,0.0,0.0,0.0,0.0,0.0,0.0,0.0,0.0,0.0,0.0,0.0,0.0,0.0,0.0,0.0,0.0,0.0,0.0,0.0,0.0,831.2454,762.74725,793.7729,1628.2417,1143.5165,-0.4447021484375,0.14642333984375,0.87689208984375,2.684173583984375,-2.88604736328125,-0.022430419921875,0.0,4.0,4.0,4.0,4.0,100.0,event
10:33:55.018,0.0,0.0,0.0,0.0,0.0,0.0,0.0,0.0,0.0,0.0,0.0,0.0,0.0,0.0,0.0,0.0,0.0,0.0,0.0,0.0,778.46155,759.12085,789.7436,1628.2417,673.2967,-0.4447021484375,0.14642333984375,0.87689208984375,2.684173583984375,-2.88604736328125,-0.022430419921875,0.0,4.0,4.0,4.0,4.0,100.0,event
10:33:55.018,0.0,0.0,0.0,0.0,0.0,0.0,0.0,0.0,0.0,0.0,0.0,0.0,0.0,0.0,0.0,0.0,0.0,0.0,0.0,0.0,785.31134,760.7326,794.17584,1628.2417,915.4579,-0.4447021484375,0.14642333984375,0.87689208984375,2.684173583984375,-2.88604736328125,-0.022430419921875,0.0,4.0,4.0,4.0,4.0,100.0,event
10:33:55.019,0.0,0.0,0.0,0.0,0.0,0.0,0.0,0.0,0.0,0.0,0.0,0.0,0.0,0.0,0.0,0.0,0.0,0.0,0.0,0.0,871.9414,760.7326,794.9817,1628.2417,940.4396,-0.4447021484375,0.14642333984375,0.87689208984375,2.684173583984375,-2.88604736328125,-0.022430419921875,0.0,4.0,4.0,4.0,4.0,100.0,event
10:33:55.019,0.0,0.0,0.0,0.0,0.0,0.0,0.0,0.0,0.0,0.0,0.0,0.0,0.0,0.0,0.0,0.0,0.0,0.0,0.0,0.0,832.4542,755.89746,799.011,1628.2417,736.55676,-0.4447021484375,0.14642333984375,0.87689208984375,2.684173583984375,-2.88604736328125,-0.022430419921875,0.0,4.0,4.0,4.0,4.0,100.0,event
10:33:55.019,0.0,0.0,0.0,0.0,0.0,0.0,0.0,0.0,0.0,0.0,0.0,0.0,0.0,0.0,0.0,0.0,0.0,0.0,0.0,0.0,780.4762,758.71796,799.011,1628.2417,772.8205,-0.4447021484375,0.14642333984375,0.87689208984375,2.684173583984375,-2.88604736328125,-0.022430419921875,0.0,4.0,4.0,4.0,4.0,100.0,event
10:33:55.019,0.0,0.0,0.0,0.0,0.0,0.0,0.0,0.0,0.0,0.0,0.0,0.0,0.0,0.0,0.0,0.0,0.0,0.0,0.0,0.0,779.67035,762.74725,795.78754,1628.2417,767.98535,-0.4447021484375,0.14642333984375,0.87689208984375,2.684173583984375,-2.88604736328125,-0.022430419921875,0.0,4.0,4.0,4.0,4.0,100.0,event
10:33:55.020,0.0,0.0,0.0,0.0,0.0,0.0,0.0,0.0,0.0,0.0,0.0,0.0,0.0,0.0,0.0,0.0,0.0,0.0,0.0,0.0,823.1868,761.13556,793.36993,1628.6447,755.89746,-0.4447021484375,0.14642333984375,0.87689208984375,2.684173583984375,-2.88604736328125,-0.022430419921875,0.0,4.0,4.0,4.0,4.0,100.0,event
10:33:55.051,0.0,0.0,0.0,0.0,0.0,0.0,0.0,0.0,0.0,0.0,0.0,0.0,0.0,0.0,0.0,0.0,0.0,0.0,0.0,0.0,867.9121,759.92676,793.7729,1628.2417,726.08057,-0.4447021484375,0.14642333984375,0.87689208984375,2.684173583984375,-2.88604736328125,-0.022430419921875,0.0,4.0,4.0,4.0,4.0,100.0,event
10:33:55.052,0.0,0.0,0.0,0.0,0.0,0.0,0.0,0.0,0.0,0.0,0.0,0.0,0.0,0.0,0.0,0.0,0.0,0.0,0.0,0.0,835.2747,759.5238,793.36993,1627.033,794.57874,-0.4447021484375,0.14642333984375,0.87689208984375,2.684173583984375,-2.88604736328125,-0.022430419921875,0.0,4.0,4.0,4.0,4.0,100.0,event
10:33:55.052,0.0,0.0,0.0,0.0,0.0,0.0,0.0,0.0,0.0,0.0,0.0,0.0,0.0,0.0,0.0,0.0,0.0,0.0,0.0,0.0,780.87915,759.5238,790.14655,1632.674,892.49084,-0.4447021484375,0.14642333984375,0.87689208984375,2.684173583984375,-2.88604736328125,-0.022430419921875,0.0,4.0,4.0,4.0,4.0,100.0,event
10:33:55.053,0.0,0.0,0.0,0.0,0.0,0.0,0.0,0.0,0.0,0.0,0.0,0.0,0.0,0.0,0.0,0.0,0.0,0.0,0.0,0.0,773.22345,757.50916,794.57874,1610.5128,775.2381,-0.4447021484375,0.14642333984375,0.87689208984375,2.684173583984375,-2.88604736328125,-0.022430419921875,0.0,4.0,4.0,4.0,4.0,100.0,event
10:33:55.053,0.0,0.0,0.0,0.0,0.0,0.0,0.0,0.0,0.0,0.0,0.0,0.0,0.0,0.0,0.0,0.0,0.0,0.0,0.0,0.0,807.47253,756.30035,794.57874,1608.0952,624.1392,-0.4447021484375,0.14642333984375,0.87689208984375,2.684173583984375,-2.88604736328125,-0.022430419921875,0.0,4.0,4.0,4.0,4.0,100.0,event
10:33:55.054,0.0,0.0,0.0,0.0,0.0,0.0,0.0,0.0,0.0,0.0,0.0,0.0,0.0,0.0,0.0,0.0,0.0,0.0,0.0,0.0,827.619,758.71796,794.17584,1627.4359,1120.5494,-0.4447021484375,0.14642333984375,0.87689208984375,2.684173583984375,-2.88604736328125,-0.022430419921875,0.0,4.0,4.0,4.0,4.0,100.0,event
10:33:55.054,0.0,0.0,0.0,0.0,0.0,0.0,0.0,0.0,0.0,0.0,0.0,0.0,0.0,0.0,0.0,0.0,0.0,0.0,0.0,0.0,841.7216,757.9121,790.54944,1632.2711,871.13556,-0.4447021484375,0.14642333984375,0.87689208984375,2.684173583984375,-2.88604736328125,-0.022430419921875,0.0,4.0,4.0,4.0,4.0,100.0,event
10:33:55.055,0.0,0.0,0.0,0.0,0.0,0.0,0.0,0.0,0.0,0.0,0.0,0.0,0.0,0.0,0.0,0.0,0.0,0.0,0.0,0.0,787.72894,761.53845,801.02563,1628.2417,777.6557,-0.4447021484375,0.14642333984375,0.87689208984375,2.684173583984375,-2.88604736328125,-0.022430419921875,0.0,4.0,4.0,4.0,4.0,100.0,event
10:33:55.055,0.0,0.0,0.0,0.0,0.0,0.0,0.0,0.0,0.0,0.0,0.0,0.0,0.0,0.0,0.0,0.0,0.0,0.0,0.0,0.0,778.86444,762.3443,804.2491,1628.6447,639.45056,-0.4447021484375,0.14642333984375,0.87689208984375,2.684173583984375,-2.88604736328125,-0.022430419921875,0.0,4.0,4.0,4.0,4.0,100.0,event
10:33:55.056,0.0,0.0,0.0,0.0,0.0,0.0,0.0,0.0,0.0,0.0,0.0,0.0,0.0,0.0,0.0,0.0,0.0,0.0,0.0,0.0,810.293,759.12085,806.6667,1627.8389,848.97437,-0.4447021484375,0.14642333984375,0.87689208984375,2.684173583984375,-2.88604736328125,-0.022430419921875,0.0,4.0,4.0,4.0,4.0,100.0,event
10:33:55.056,0.0,0.0,0.0,0.0,0.0,0.0,0.0,0.0,0.0,0.0,0.0,0.0,0.0,0.0,0.0,0.0,0.0,0.0,0.0,0.0,842.52747,757.9121,799.41394,1626.63,812.71063,-0.4447021484375,0.14642333984375,0.87689208984375,2.684173583984375,-2.88604736328125,-0.022430419921875,0.0,4.0,4.0,4.0,4.0,100.0,event
10:33:55.057,0.0,0.0,0.0,0.0,0.0,0.0,0.0,0.0,0.0,0.0,0.0,0.0,0.0,0.0,0.0,0.0,0.0,0.0,0.0,0.0,835.2747,757.50916,796.5934,1631.4652,757.50916,-0.4447021484375,0.14642333984375,0.87689208984375,2.684173583984375,-2.88604736328125,-0.022430419921875,0.0,4.0,4.0,4.0,4.0,100.0,event
10:33:55.104,0.0,0.0,0.0,0.0,0.0,0.0,0.0,0.0,0.0,0.0,0.0,0.0,0.0,0.0,0.0,0.0,0.0,0.0,0.0,0.0,788.93774,757.1062,801.8315,1587.9487,771.2088,-0.43963623046875,0.14837646484375,0.87628173828125,1.816864013671875,-3.446807861328125,0.2691650390625,0.0,4.0,4.0,4.0,4.0,100.0,event
10:33:55.106,0.0,0.0,0.0,0.0,0.0,0.0,0.0,0.0,0.0,0.0,0.0,0.0,0.0,0.0,0.0,0.0,0.0,0.0,0.0,0.0,766.77655,757.1062,798.60803,1540.403,783.2967,-0.43963623046875,0.14837646484375,0.87628173828125,1.816864013671875,-3.446807861328125,0.2691650390625,0.0,4.0,4.0,4.0,4.0,100.0,event
10:33:55.106,0.0,0.0,0.0,0.0,0.0,0.0,0.0,0.0,0.0,0.0,0.0,0.0,0.0,0.0,0.0,0.0,0.0,0.0,0.0,0.0,810.293,755.89746,794.57874,1527.9121,791.3553,-0.43963623046875,0.14837646484375,0.87628173828125,1.816864013671875,-3.446807861328125,0.2691650390625,0.0,4.0,4.0,4.0,4.0,100.0,event
10:33:55.107,0.0,0.0,0.0,0.0,0.0,0.0,0.0,0.0,0.0,0.0,0.0,0.0,0.0,0.0,0.0,0.0,0.0,0.0,0.0,0.0,857.4359,757.1062,792.96704,1544.4323,766.3736,-0.43963623046875,0.14837646484375,0.87628173828125,1.816864013671875,-3.446807861328125,0.2691650390625,0.0,4.0,4.0,4.0,4.0,100.0,event
10:33:55.108,0.0,0.0,0.0,0.0,0.0,0.0,0.0,0.0,0.0,0.0,0.0,0.0,0.0,0.0,0.0,0.0,0.0,0.0,0.0,0.0,841.31866,757.1062,797.3993,1542.0146,842.1245,-0.43963623046875,0.14837646484375,0.87628173828125,1.816864013671875,-3.446807861328125,0.2691650390625,0.0,4.0,4.0,4.0,4.0,100.0,event
10:33:55.109,0.0,0.0,0.0,0.0,0.0,0.0,0.0,0.0,0.0,0.0,0.0,0.0,0.0,0.0,0.0,0.0,0.0,0.0,0.0,0.0,793.7729,756.30035,797.8022,1450.1465,920.696,-0.43963623046875,0.14837646484375,0.87628173828125,1.816864013671875,-3.446807861328125,0.2691650390625,0.0,4.0,4.0,4.0,4.0,100.0,event
10:33:55.110,0.0,0.0,0.0,0.0,0.0,0.0,0.0,0.0,0.0,0.0,0.0,0.0,0.0,0.0,0.0,0.0,0.0,0.0,0.0,0.0,815.5311,758.71796,799.011,1344.5787,703.91943,-0.43963623046875,0.14837646484375,0.87628173828125,1.816864013671875,-3.446807861328125,0.2691650390625,0.0,4.0,4.0,4.0,4.0,100.0,event
10:33:55.110,0.0,0.0,0.0,0.0,0.0,0.0,0.0,0.0,0.0,0.0,0.0,0.0,0.0,0.0,0.0,0.0,0.0,0.0,0.0,0.0,782.49084,759.12085,797.3993,1402.1978,817.5458,-0.43963623046875,0.14837646484375,0.87628173828125,1.816864013671875,-3.446807861328125,0.2691650390625,0.0,4.0,4.0,4.0,4.0,100.0,event
10:33:55.111,0.0,0.0,0.0,0.0,0.0,0.0,0.0,0.0,0.0,0.0,0.0,0.0,0.0,0.0,0.0,0.0,0.0,0.0,0.0,0.0,852.6007,755.4945,796.99634,1303.4799,760.32965,-0.43963623046875,0.14837646484375,0.87628173828125,1.816864013671875,-3.446807861328125,0.2691650390625,0.0,4.0,4.0,4.0,4.0,100.0,event
10:33:55.111,0.0,0.0,0.0,0.0,0.0,0.0,0.0,0.0,0.0,0.0,0.0,0.0,0.0,0.0,0.0,0.0,0.0,0.0,0.0,0.0,848.1685,756.30035,796.99634,1276.4835,1049.6337,-0.43963623046875,0.14837646484375,0.87628173828125,1.816864013671875,-3.446807861328125,0.2691650390625,0.0,4.0,4.0,4.0,4.0,100.0,event
10:33:55.112,0.0,0.0,0.0,0.0,0.0,0.0,0.0,0.0,0.0,0.0,0.0,0.0,0.0,0.0,0.0,0.0,0.0,0.0,0.0,0.0,802.23444,759.12085,796.99634,1206.3737,939.6337,-0.43963623046875,0.14837646484375,0.87628173828125,1.816864013671875,-3.446807861328125,0.2691650390625,0.0,4.0,4.0,4.0,4.0,100.0,event
10:33:55.112,0.0,0.0,0.0,0.0,0.0,0.0,0.0,0.0,0.0,0.0,0.0,0.0,0.0,0.0,0.0,0.0,0.0,0.0,0.0,0.0,774.43225,757.9121,793.36993,1193.8828,615.6777,-0.43963623046875,0.14837646484375,0.87628173828125,1.816864013671875,-3.446807861328125,0.2691650390625,0.0,4.0,4.0,4.0,4.0,100.0,event
10:33:55.140,0.0,0.0,0.0,0.0,0.0,0.0,0.0,0.0,0.0,0.0,0.0,0.0,0.0,0.0,0.0,0.0,0.0,0.0,0.0,0.0,790.9524,756.7033,796.5934,1252.7106,601.1722,-0.44256591796875,0.14654541015625,0.87042236328125,2.43743896484375,-2.37762451171875,0.61309814453125,0.0,4.0,4.0,4.0,4.0,100.0,event
10:33:55.141,0.0,0.0,0.0,0.0,0.0,0.0,0.0,0.0,0.0,0.0,0.0,0.0,0.0,0.0,0.0,0.0,0.0,0.0,0.0,0.0,836.08057,756.7033,801.8315,1218.0586,680.14655,-0.44256591796875,0.14654541015625,0.87042236328125,2.43743896484375,-2.37762451171875,0.61309814453125,0.0,4.0,4.0,4.0,4.0,100.0,event
10:33:55.145,0.0,0.0,0.0,0.0,0.0,0.0,0.0,0.0,0.0,0.0,0.0,0.0,0.0,0.0,0.0,0.0,0.0,0.0,0.0,0.0,860.65936,756.30035,805.05493,1076.227,718.022,-0.44256591796875,0.14654541015625,0.87042236328125,2.43743896484375,-2.37762451171875,0.61309814453125,0.0,4.0,4.0,4.0,4.0,100.0,event
10:33:55.146,0.0,0.0,0.0,0.0,0.0,0.0,0.0,0.0,0.0,0.0,0.0,0.0,0.0,0.0,0.0,0.0,0.0,0.0,0.0,0.0,816.337,756.30035,806.26373,1230.1465,685.78754,-0.44256591796875,0.14654541015625,0.87042236328125,2.43743896484375,-2.37762451171875,0.61309814453125,0.0,4.0,4.0,4.0,4.0,100.0,event
10:33:55.146,0.0,0.0,0.0,0.0,0.0,0.0,0.0,0.0,0.0,0.0,0.0,0.0,0.0,0.0,0.0,0.0,0.0,0.0,0.0,0.0,774.0293,755.4945,802.23444,1417.9121,730.5128,-0.44256591796875,0.14654541015625,0.87042236328125,2.43743896484375,-2.37762451171875,0.61309814453125,0.0,4.0,4.0,4.0,4.0,100.0,event
10:33:55.147,0.0,0.0,0.0,0.0,0.0,0.0,0.0,0.0,0.0,0.0,0.0,0.0,0.0,0.0,0.0,0.0,0.0,0.0,0.0,0.0,792.96704,757.50916,799.41394,1082.674,834.87177,-0.44256591796875,0.14654541015625,0.87042236328125,2.43743896484375,-2.37762451171875,0.61309814453125,0.0,4.0,4.0,4.0,4.0,100.0,event
10:33:55.147,0.0,0.0,0.0,0.0,0.0,0.0,0.0,0.0,0.0,0.0,0.0,0.0,0.0,0.0,0.0,0.0,0.0,0.0,0.0,0.0,839.707,761.53845,804.2491,651.13556,860.2564,-0.44256591796875,0.14654541015625,0.87042236328125,2.43743896484375,-2.37762451171875,0.61309814453125,0.0,4.0,4.0,4.0,4.0,100.0,event
10:33:55.148,0.0,0.0,0.0,0.0,0.0,0.0,0.0,0.0,0.0,0.0,0.0,0.0,0.0,0.0,0.0,0.0,0.0,0.0,0.0,0.0,859.0476,758.315,797.3993,443.22345,800.2198,-0.44256591796875,0.14654541015625,0.87042236328125,2.43743896484375,-2.37762451171875,0.61309814453125,0.0,4.0,4.0,4.0,4.0,100.0,event
10:33:55.149,0.0,0.0,0.0,0.0,0.0,0.0,0.0,0.0,0.0,0.0,0.0,0.0,0.0,0.0,0.0,0.0,0.0,0.0,0.0,0.0,815.12823,755.89746,790.14655,493.99268,895.7143,-0.44256591796875,0.14654541015625,0.87042236328125,2.43743896484375,-2.37762451171875,0.61309814453125,0.0,4.0,4.0,4.0,4.0,100.0,event
10:33:55.149,0.0,0.0,0.0,0.0,0.0,0.0,0.0,0.0,0.0,0.0,0.0,0.0,0.0,0.0,0.0,0.0,0.0,0.0,0.0,0.0,767.1795,759.12085,796.5934,1060.9158,1083.4799,-0.44256591796875,0.14654541015625,0.87042236328125,2.43743896484375,-2.37762451171875,0.61309814453125,0.0,4.0,4.0,4.0,4.0,100.0,event
10:33:55.150,0.0,0.0,0.0,0.0,0.0,0.0,0.0,0.0,0.0,0.0,0.0,0.0,0.0,0.0,0.0,0.0,0.0,0.0,0.0,0.0,783.2967,760.7326,797.3993,1571.8315,824.3956,-0.44256591796875,0.14654541015625,0.87042236328125,2.43743896484375,-2.37762451171875,0.61309814453125,0.0,4.0,4.0,4.0,4.0,100.0,event
10:33:55.151,0.0,0.0,0.0,0.0,0.0,0.0,0.0,0.0,0.0,0.0,0.0,0.0,0.0,0.0,0.0,0.0,0.0,0.0,0.0,0.0,825.2015,757.9121,795.78754,1631.0623,676.9231,-0.44256591796875,0.14654541015625,0.87042236328125,2.43743896484375,-2.37762451171875,0.61309814453125,0.0,4.0,4.0,4.0,4.0,100.0,event
10:33:55.202,0.0,0.0,0.0,0.0,0.0,0.0,0.0,0.0,0.0,0.0,0.0,0.0,0.0,0.0,0.0,0.0,0.0,0.0,0.0,0.0,849.3773,755.89746,797.3993,1615.348,789.7436,-0.4473876953125,0.14703369140625,0.87799072265625,2.235565185546875,-3.27484130859375,0.680389404296875,0.0,4.0,4.0,4.0,4.0,100.0,event
10:33:55.204,0.0,0.0,0.0,0.0,0.0,0.0,0.0,0.0,0.0,0.0,0.0,0.0,0.0,0.0,0.0,0.0,0.0,0.0,0.0,0.0,820.3663,759.12085,799.011,1631.8682,770.40295,-0.4473876953125,0.14703369140625,0.87799072265625,2.235565185546875,-3.27484130859375,0.680389404296875,0.0,4.0,4.0,4.0,4.0,100.0,event
10:33:55.206,0.0,0.0,0.0,0.0,0.0,0.0,0.0,0.0,0.0,0.0,0.0,0.0,0.0,0.0,0.0,0.0,0.0,0.0,0.0,0.0,774.0293,759.5238,797.3993,1628.2417,702.3077,-0.4473876953125,0.14703369140625,0.87799072265625,2.235565185546875,-3.27484130859375,0.680389404296875,0.0,4.0,4.0,4.0,4.0,100.0,event
10:33:55.208,0.0,0.0,0.0,0.0,0.0,0.0,0.0,0.0,0.0,0.0,0.0,0.0,0.0,0.0,0.0,0.0,0.0,0.0,0.0,0.0,782.8938,757.50916,795.38464,1628.2417,707.1429,-0.4473876953125,0.14703369140625,0.87799072265625,2.235565185546875,-3.27484130859375,0.680389404296875,0.0,4.0,4.0,4.0,4.0,100.0,event
10:33:55.210,0.0,0.0,0.0,0.0,0.0,0.0,0.0,0.0,0.0,0.0,0.0,0.0,0.0,0.0,0.0,0.0,0.0,0.0,0.0,0.0,826.4103,755.89746,792.96704,1628.2417,719.6337,-0.4473876953125,0.14703369140625,0.87799072265625,2.235565185546875,-3.27484130859375,0.680389404296875,0.0,4.0,4.0,4.0,4.0,100.0,event
10:33:55.212,0.0,0.0,0.0,0.0,0.0,0.0,0.0,0.0,0.0,0.0,0.0,0.0,0.0,0.0,0.0,0.0,0.0,0.0,0.0,0.0,861.06226,757.1062,792.5641,1628.2417,830.0366,-0.4473876953125,0.14703369140625,0.87799072265625,2.235565185546875,-3.27484130859375,0.680389404296875,0.0,4.0,4.0,4.0,4.0,100.0,event
10:33:55.213,0.0,0.0,0.0,0.0,0.0,0.0,0.0,0.0,0.0,0.0,0.0,0.0,0.0,0.0,0.0,0.0,0.0,0.0,0.0,0.0,836.4835,756.30035,798.20514,1628.2417,842.52747,-0.4473876953125,0.14703369140625,0.87799072265625,2.235565185546875,-3.27484130859375,0.680389404296875,0.0,4.0,4.0,4.0,4.0,100.0,event
10:33:55.215,0.0,0.0,0.0,0.0,0.0,0.0,0.0,0.0,0.0,0.0,0.0,0.0,0.0,0.0,0.0,0.0,0.0,0.0,0.0,0.0,784.90845,757.9121,805.8608,1628.2417,765.56775,-0.4473876953125,0.14703369140625,0.87799072265625,2.235565185546875,-3.27484130859375,0.680389404296875,0.0,4.0,4.0,4.0,4.0,100.0,event
10:33:55.216,0.0,0.0,0.0,0.0,0.0,0.0,0.0,0.0,0.0,0.0,0.0,0.0,0.0,0.0,0.0,0.0,0.0,0.0,0.0,0.0,777.25275,762.74725,806.26373,1628.2417,976.7033,-0.4473876953125,0.14703369140625,0.87799072265625,2.235565185546875,-3.27484130859375,0.680389404296875,0.0,4.0,4.0,4.0,4.0,100.0,event
10:33:55.218,0.0,0.0,0.0,0.0,0.0,0.0,0.0,0.0,0.0,0.0,0.0,0.0,0.0,0.0,0.0,0.0,0.0,0.0,0.0,0.0,818.7546,761.13556,798.20514,1628.6447,832.8571,-0.4473876953125,0.14703369140625,0.87799072265625,2.235565185546875,-3.27484130859375,0.680389404296875,0.0,4.0,4.0,4.0,4.0,100.0,event
10:33:55.219,0.0,0.0,0.0,0.0,0.0,0.0,0.0,0.0,0.0,0.0,0.0,0.0,0.0,0.0,0.0,0.0,0.0,0.0,0.0,0.0,861.4652,757.1062,794.17584,1627.033,655.56775,-0.4473876953125,0.14703369140625,0.87799072265625,2.235565185546875,-3.27484130859375,0.680389404296875,0.0,4.0,4.0,4.0,4.0,100.0,event
10:33:55.221,0.0,0.0,0.0,0.0,0.0,0.0,0.0,0.0,0.0,0.0,0.0,0.0,0.0,0.0,0.0,0.0,0.0,0.0,0.0,0.0,836.8865,755.4945,796.99634,1627.8389,816.337,-0.4473876953125,0.14703369140625,0.87799072265625,2.235565185546875,-3.27484130859375,0.680389404296875,0.0,4.0,4.0,4.0,4.0,100.0,event
10:33:55.256,0.0,0.0,0.0,0.0,0.0,0.0,0.0,0.0,0.0,0.0,0.0,0.0,0.0,0.0,0.0,0.0,0.0,0.0,0.0,0.0,786.52014,753.8828,794.17584,1627.033,802.6374,-0.447509765625,0.14581298828125,0.86920166015625,2.190704345703125,-3.491668701171875,0.59814453125,0.0,4.0,4.0,4.0,4.0,100.0,event
10:33:55.258,0.0,0.0,0.0,0.0,0.0,0.0,0.0,0.0,0.0,0.0,0.0,0.0,0.0,0.0,0.0,0.0,0.0,0.0,0.0,0.0,776.8498,757.9121,793.7729,1567.3993,667.6557,-0.447509765625,0.14581298828125,0.86920166015625,2.190704345703125,-3.491668701171875,0.59814453125,0.0,4.0,4.0,4.0,4.0,100.0,event
10:33:55.258,0.0,0.0,0.0,0.0,0.0,0.0,0.0,0.0,0.0,0.0,0.0,0.0,0.0,0.0,0.0,0.0,0.0,0.0,0.0,0.0,815.5311,758.71796,796.1905,1463.4432,720.4396,-0.447509765625,0.14581298828125,0.86920166015625,2.190704345703125,-3.491668701171875,0.59814453125,0.0,4.0,4.0,4.0,4.0,100.0,event
10:33:55.259,0.0,0.0,0.0,0.0,0.0,0.0,0.0,0.0,0.0,0.0,0.0,0.0,0.0,0.0,0.0,0.0,0.0,0.0,0.0,0.0,861.06226,759.5238,796.5934,1358.2784,859.0476,-0.447509765625,0.14581298828125,0.86920166015625,2.190704345703125,-3.491668701171875,0.59814453125,0.0,4.0,4.0,4.0,4.0,100.0,event
10:33:55.263,0.0,0.0,0.0,0.0,0.0,0.0,0.0,0.0,0.0,0.0,0.0,0.0,0.0,0.0,0.0,0.0,0.0,0.0,0.0,0.0,844.5421,761.9414,799.81683,1104.0293,809.4872,-0.447509765625,0.14581298828125,0.86920166015625,2.190704345703125,-3.491668701171875,0.59814453125,0.0,4.0,4.0,4.0,4.0,100.0,event
10:33:55.263,0.0,0.0,0.0,0.0,0.0,0.0,0.0,0.0,0.0,0.0,0.0,0.0,0.0,0.0,0.0,0.0,0.0,0.0,0.0,0.0,788.93774,763.1502,800.6227,940.4396,795.78754,-0.447509765625,0.14581298828125,0.86920166015625,2.190704345703125,-3.491668701171875,0.59814453125,0.0,4.0,4.0,4.0,4.0,100.0,event
10:33:55.264,0.0,0.0,0.0,0.0,0.0,0.0,0.0,0.0,0.0,0.0,0.0,0.0,0.0,0.0,0.0,0.0,0.0,0.0,0.0,0.0,773.6264,756.7033,800.2198,971.8681,853.00366,-0.447509765625,0.14581298828125,0.86920166015625,2.190704345703125,-3.491668701171875,0.59814453125,0.0,4.0,4.0,4.0,4.0,100.0,event
10:33:55.264,0.0,0.0,0.0,0.0,0.0,0.0,0.0,0.0,0.0,0.0,0.0,0.0,0.0,0.0,0.0,0.0,0.0,0.0,0.0,0.0,802.6374,753.8828,794.17584,860.2564,923.5165,-0.447509765625,0.14581298828125,0.86920166015625,2.190704345703125,-3.491668701171875,0.59814453125,0.0,4.0,4.0,4.0,4.0,100.0,event
10:33:55.265,0.0,0.0,0.0,0.0,0.0,0.0,0.0,0.0,0.0,0.0,0.0,0.0,0.0,0.0,0.0,0.0,0.0,0.0,0.0,0.0,846.1539,758.71796,793.36993,790.54944,1031.0989,-0.447509765625,0.14581298828125,0.86920166015625,2.190704345703125,-3.491668701171875,0.59814453125,0.0,4.0,4.0,4.0,4.0,100.0,event
10:33:55.266,0.0,0.0,0.0,0.0,0.0,0.0,0.0,0.0,0.0,0.0,0.0,0.0,0.0,0.0,0.0,0.0,0.0,0.0,0.0,0.0,810.696,760.32965,791.75824,894.90845,686.5934,-0.447509765625,0.14581298828125,0.86920166015625,2.190704345703125,-3.491668701171875,0.59814453125,0.0,4.0,4.0,4.0,4.0,100.0,event
10:33:55.266,0.0,0.0,0.0,0.0,0.0,0.0,0.0,0.0,0.0,0.0,0.0,0.0,0.0,0.0,0.0,0.0,0.0,0.0,0.0,0.0,855.82416,761.53845,795.78754,809.0842,821.1722,-0.447509765625,0.14581298828125,0.86920166015625,2.190704345703125,-3.491668701171875,0.59814453125,0.0,4.0,4.0,4.0,4.0,100.0,event
10:33:55.267,0.0,0.0,0.0,0.0,0.0,0.0,0.0,0.0,0.0,0.0,0.0,0.0,0.0,0.0,0.0,0.0,0.0,0.0,0.0,0.0,778.86444,759.5238,787.326,966.2271,686.99634,-0.447509765625,0.14581298828125,0.86920166015625,2.190704345703125,-3.491668701171875,0.59814453125,0.0,4.0,4.0,4.0,4.0,100.0,event
10:33:55.292,0.0,0.0,0.0,0.0,0.0,0.0,0.0,0.0,0.0,0.0,0.0,0.0,0.0,0.0,0.0,0.0,0.0,0.0,0.0,0.0,806.26373,760.32965,788.93774,1247.0696,707.9487,-0.447509765625,0.14581298828125,0.86920166015625,2.190704345703125,-3.491668701171875,0.59814453125,0.0,4.0,4.0,4.0,4.0,100.0,event
10:33:55.294,0.0,0.0,0.0,0.0,0.0,0.0,0.0,0.0,0.0,0.0,0.0,0.0,0.0,0.0,0.0,0.0,0.0,0.0,0.0,0.0,846.1539,759.5238,795.38464,1567.3993,733.73627,-0.447509765625,0.14581298828125,0.86920166015625,2.190704345703125,-3.491668701171875,0.59814453125,0.0,4.0,4.0,4.0,4.0,100.0,event
10:33:55.294,0.0,0.0,0.0,0.0,0.0,0.0,0.0,0.0,0.0,0.0,0.0,0.0,0.0,0.0,0.0,0.0,0.0,0.0,0.0,0.0,841.7216,759.5238,801.02563,1629.4506,838.0952,-0.447509765625,0.14581298828125,0.86920166015625,2.190704345703125,-3.491668701171875,0.59814453125,0.0,4.0,4.0,4.0,4.0,100.0,event
10:33:55.295,0.0,0.0,0.0,0.0,0.0,0.0,0.0,0.0,0.0,0.0,0.0,0.0,0.0,0.0,0.0,0.0,0.0,0.0,0.0,0.0,797.3993,759.92676,799.41394,1621.7949,961.79486,-0.447509765625,0.14581298828125,0.86920166015625,2.190704345703125,-3.491668701171875,0.59814453125,0.0,4.0,4.0,4.0,4.0,100.0,event
10:33:55.296,0.0,0.0,0.0,0.0,0.0,0.0,0.0,0.0,0.0,0.0,0.0,0.0,0.0,0.0,0.0,0.0,0.0,0.0,0.0,0.0,770.0,756.30035,795.78754,1629.8535,813.1135,-0.447509765625,0.14581298828125,0.86920166015625,2.190704345703125,-3.491668701171875,0.59814453125,0.0,4.0,4.0,4.0,4.0,100.0,event
10:33:55.296,0.0,0.0,0.0,0.0,0.0,0.0,0.0,0.0,0.0,0.0,0.0,0.0,0.0,0.0,0.0,0.0,0.0,0.0,0.0,0.0,787.326,755.09155,789.7436,1625.4213,693.44324,-0.447509765625,0.14581298828125,0.86920166015625,2.190704345703125,-3.491668701171875,0.59814453125,0.0,4.0,4.0,4.0,4.0,100.0,event
10:33:55.297,0.0,0.0,0.0,0.0,0.0,0.0,0.0,0.0,0.0,0.0,0.0,0.0,0.0,0.0,0.0,0.0,0.0,0.0,0.0,0.0,832.0513,757.1062,788.5348,1629.0476,850.58606,-0.447509765625,0.14581298828125,0.86920166015625,2.190704345703125,-3.491668701171875,0.59814453125,0.0,4.0,4.0,4.0,4.0,100.0,event
10:33:55.298,0.0,0.0,0.0,0.0,0.0,0.0,0.0,0.0,0.0,0.0,0.0,0.0,0.0,0.0,0.0,0.0,0.0,0.0,0.0,0.0,849.7802,761.53845,795.78754,1631.0623,1111.6849,-0.447509765625,0.14581298828125,0.86920166015625,2.190704345703125,-3.491668701171875,0.59814453125,0.0,4.0,4.0,4.0,4.0,100.0,event
10:33:55.299,0.0,0.0,0.0,0.0,0.0,0.0,0.0,0.0,0.0,0.0,0.0,0.0,0.0,0.0,0.0,0.0,0.0,0.0,0.0,0.0,807.8755,765.16486,792.96704,1522.674,950.5128,-0.447509765625,0.14581298828125,0.86920166015625,2.190704345703125,-3.491668701171875,0.59814453125,0.0,4.0,4.0,4.0,4.0,100.0,event
10:33:55.300,0.0,0.0,0.0,0.0,0.0,0.0,0.0,0.0,0.0,0.0,0.0,0.0,0.0,0.0,0.0,0.0,0.0,0.0,0.0,0.0,794.9817,761.53845,789.7436,1569.8169,702.3077,-0.447509765625,0.14581298828125,0.86920166015625,2.190704345703125,-3.491668701171875,0.59814453125,0.0,4.0,4.0,4.0,4.0,100.0,event
10:33:55.300,0.0,0.0,0.0,0.0,0.0,0.0,0.0,0.0,0.0,0.0,0.0,0.0,0.0,0.0,0.0,0.0,0.0,0.0,0.0,0.0,774.0293,763.1502,786.9231,1486.0073,705.9341,-0.447509765625,0.14581298828125,0.86920166015625,2.190704345703125,-3.491668701171875,0.59814453125,0.0,4.0,4.0,4.0,4.0,100.0,event
10:33:55.301,0.0,0.0,0.0,0.0,0.0,0.0,0.0,0.0,0.0,0.0,0.0,0.0,0.0,0.0,0.0,0.0,0.0,0.0,0.0,0.0,848.1685,761.53845,792.1612,1624.2124,710.3663,-0.447509765625,0.14581298828125,0.86920166015625,2.190704345703125,-3.491668701171875,0.59814453125,0.0,4.0,4.0,4.0,4.0,100.0,event
10:33:55.335,0.0,0.0,0.0,0.0,0.0,0.0,0.0,0.0,0.0,0.0,0.0,0.0,0.0,0.0,0.0,0.0,0.0,0.0,0.0,0.0,872.3443,763.5531,792.96704,1629.4506,680.14655,-0.44830322265625,0.148193359375,0.8775634765625,2.385101318359375,-3.925323486328125,0.07476806640625,0.0,4.0,4.0,4.0,4.0,100.0,event
10:33:55.336,0.0,0.0,0.0,0.0,0.0,0.0,0.0,0.0,0.0,0.0,0.0,0.0,0.0,0.0,0.0,0.0,0.0,0.0,0.0,0.0,834.87177,765.9707,793.7729,1626.227,676.9231,-0.44830322265625,0.148193359375,0.8775634765625,2.385101318359375,-3.925323486328125,0.07476806640625,0.0,4.0,4.0,4.0,4.0,100.0,event
10:33:55.337,0.0,0.0,0.0,0.0,0.0,0.0,0.0,0.0,0.0,0.0,0.0,0.0,0.0,0.0,0.0,0.0,0.0,0.0,0.0,0.0,781.28204,762.3443,793.36993,1628.6447,690.2198,-0.44830322265625,0.148193359375,0.8775634765625,2.385101318359375,-3.925323486328125,0.07476806640625,0.0,4.0,4.0,4.0,4.0,100.0,event
10:33:55.338,0.0,0.0,0.0,0.0,0.0,0.0,0.0,0.0,0.0,0.0,0.0,0.0,0.0,0.0,0.0,0.0,0.0,0.0,0.0,0.0,790.54944,762.74725,797.3993,1629.0476,690.6227,-0.44830322265625,0.148193359375,0.8775634765625,2.385101318359375,-3.925323486328125,0.07476806640625,0.0,4.0,4.0,4.0,4.0,100.0,event
10:33:55.338,0.0,0.0,0.0,0.0,0.0,0.0,0.0,0.0,0.0,0.0,0.0,0.0,0.0,0.0,0.0,0.0,0.0,0.0,0.0,0.0,847.3626,766.77655,798.60803,1626.227,697.0696,-0.44830322265625,0.148193359375,0.8775634765625,2.385101318359375,-3.925323486328125,0.07476806640625,0.0,4.0,4.0,4.0,4.0,100.0,event
10:33:55.339,0.0,0.0,0.0,0.0,0.0,0.0,0.0,0.0,0.0,0.0,0.0,0.0,0.0,0.0,0.0,0.0,0.0,0.0,0.0,0.0,871.53845,765.16486,791.75824,1625.4213,824.7985,-0.44830322265625,0.148193359375,0.8775634765625,2.385101318359375,-3.925323486328125,0.07476806640625,0.0,4.0,4.0,4.0,4.0,100.0,event
10:33:55.342,0.0,0.0,0.0,0.0,0.0,0.0,0.0,0.0,0.0,0.0,0.0,0.0,0.0,0.0,0.0,0.0,0.0,0.0,0.0,0.0,828.8278,763.1502,790.54944,1626.227,978.315,-0.44830322265625,0.148193359375,0.8775634765625,2.385101318359375,-3.925323486328125,0.07476806640625,0.0,4.0,4.0,4.0,4.0,100.0,event
10:33:55.343,0.0,0.0,0.0,0.0,0.0,0.0,0.0,0.0,0.0,0.0,0.0,0.0,0.0,0.0,0.0,0.0,0.0,0.0,0.0,0.0,778.0586,763.5531,788.93774,1500.1099,971.06226,-0.44830322265625,0.148193359375,0.8775634765625,2.385101318359375,-3.925323486328125,0.07476806640625,0.0,4.0,4.0,4.0,4.0,100.0,event
10:33:55.344,0.0,0.0,0.0,0.0,0.0,0.0,0.0,0.0,0.0,0.0,0.0,0.0,0.0,0.0,0.0,0.0,0.0,0.0,0.0,0.0,789.34064,764.7619,793.7729,1269.6337,705.9341,-0.44830322265625,0.148193359375,0.8775634765625,2.385101318359375,-3.925323486328125,0.07476806640625,0.0,4.0,4.0,4.0,4.0,100.0,event
10:33:55.344,0.0,0.0,0.0,0.0,0.0,0.0,0.0,0.0,0.0,0.0,0.0,0.0,0.0,0.0,0.0,0.0,0.0,0.0,0.0,0.0,825.2015,761.9414,799.011,1134.249,654.7619,-0.44830322265625,0.148193359375,0.8775634765625,2.385101318359375,-3.925323486328125,0.07476806640625,0.0,4.0,4.0,4.0,4.0,100.0,event
10:33:55.345,0.0,0.0,0.0,0.0,0.0,0.0,0.0,0.0,0.0,0.0,0.0,0.0,0.0,0.0,0.0,0.0,0.0,0.0,0.0,0.0,854.61536,764.35895,795.38464,1062.9304,848.1685,-0.44830322265625,0.148193359375,0.8775634765625,2.385101318359375,-3.925323486328125,0.07476806640625,0.0,4.0,4.0,4.0,4.0,100.0,event
10:33:55.346,0.0,0.0,0.0,0.0,0.0,0.0,0.0,0.0,0.0,0.0,0.0,0.0,0.0,0.0,0.0,0.0,0.0,0.0,0.0,0.0,836.08057,767.5824,793.7729,723.2601,778.0586,-0.44830322265625,0.148193359375,0.8775634765625,2.385101318359375,-3.925323486328125,0.07476806640625,0.0,4.0,4.0,4.0,4.0,100.0,event
10:33:55.387,0.0,0.0,0.0,0.0,0.0,0.0,0.0,0.0,0.0,0.0,0.0,0.0,0.0,0.0,0.0,0.0,0.0,0.0,0.0,0.0,785.7143,761.9414,793.7729,359.4139,614.87177,-0.43939208984375,0.14727783203125,0.87603759765625,2.2430419921875,-4.029998779296875,0.46356201171875,0.0,4.0,4.0,4.0,4.0,100.0,event
10:33:55.388,0.0,0.0,0.0,0.0,0.0,0.0,0.0,0.0,0.0,0.0,0.0,0.0,0.0,0.0,0.0,0.0,0.0,0.0,0.0,0.0,781.685,760.32965,790.9524,600.3663,651.9414,-0.43939208984375,0.14727783203125,0.87603759765625,2.2430419921875,-4.029998779296875,0.46356201171875,0.0,4.0,4.0,4.0,4.0,100.0,event
10:33:55.390,0.0,0.0,0.0,0.0,0.0,0.0,0.0,0.0,0.0,0.0,0.0,0.0,0.0,0.0,0.0,0.0,0.0,0.0,0.0,0.0,814.3223,761.53845,795.38464,828.4249,908.20514,-0.43939208984375,0.14727783203125,0.87603759765625,2.2430419921875,-4.029998779296875,0.46356201171875,0.0,4.0,4.0,4.0,4.0,100.0,event
10:33:55.391,0.0,0.0,0.0,0.0,0.0,0.0,0.0,0.0,0.0,0.0,0.0,0.0,0.0,0.0,0.0,0.0,0.0,0.0,0.0,0.0,853.8095,760.7326,794.9817,539.12085,936.4103,-0.43939208984375,0.14727783203125,0.87603759765625,2.2430419921875,-4.029998779296875,0.46356201171875,0.0,4.0,4.0,4.0,4.0,100.0,event
10:33:55.392,0.0,0.0,0.0,0.0,0.0,0.0,0.0,0.0,0.0,0.0,0.0,0.0,0.0,0.0,0.0,0.0,0.0,0.0,0.0,0.0,845.34796,763.1502,793.7729,609.2308,752.27106,-0.43939208984375,0.14727783203125,0.87603759765625,2.2430419921875,-4.029998779296875,0.46356201171875,0.0,4.0,4.0,4.0,4.0,100.0,event
10:33:55.393,0.0,0.0,0.0,0.0,0.0,0.0,0.0,0.0,0.0,0.0,0.0,0.0,0.0,0.0,0.0,0.0,0.0,0.0,0.0,0.0,782.49084,763.5531,792.96704,730.5128,820.3663,-0.43939208984375,0.14727783203125,0.87603759765625,2.2430419921875,-4.029998779296875,0.46356201171875,0.0,4.0,4.0,4.0,4.0,100.0,event
10:33:55.395,0.0,0.0,0.0,0.0,0.0,0.0,0.0,0.0,0.0,0.0,0.0,0.0,0.0,0.0,0.0,0.0,0.0,0.0,0.0,0.0,768.3883,761.9414,791.75824,600.7692,1035.1282,-0.43939208984375,0.14727783203125,0.87603759765625,2.2430419921875,-4.029998779296875,0.46356201171875,0.0,4.0,4.0,4.0,4.0,100.0,event
10:33:55.395,0.0,0.0,0.0,0.0,0.0,0.0,0.0,0.0,0.0,0.0,0.0,0.0,0.0,0.0,0.0,0.0,0.0,0.0,0.0,0.0,811.50183,763.95605,796.5934,520.58606,814.3223,-0.43939208984375,0.14727783203125,0.87603759765625,2.2430419921875,-4.029998779296875,0.46356201171875,0.0,4.0,4.0,4.0,4.0,100.0,event
10:33:55.396,0.0,0.0,0.0,0.0,0.0,0.0,0.0,0.0,0.0,0.0,0.0,0.0,0.0,0.0,0.0,0.0,0.0,0.0,0.0,0.0,848.5714,761.13556,798.60803,467.8022,662.8205,-0.43939208984375,0.14727783203125,0.87603759765625,2.2430419921875,-4.029998779296875,0.46356201171875,0.0,4.0,4.0,4.0,4.0,100.0,event
10:33:55.397,0.0,0.0,0.0,0.0,0.0,0.0,0.0,0.0,0.0,0.0,0.0,0.0,0.0,0.0,0.0,0.0,0.0,0.0,0.0,0.0,832.8571,760.7326,795.78754,250.21979,825.6044,-0.43939208984375,0.14727783203125,0.87603759765625,2.2430419921875,-4.029998779296875,0.46356201171875,0.0,4.0,4.0,4.0,4.0,100.0,event
10:33:55.397,0.0,0.0,0.0,0.0,0.0,0.0,0.0,0.0,0.0,0.0,0.0,0.0,0.0,0.0,0.0,0.0,0.0,0.0,0.0,0.0,785.31134,762.74725,792.96704,36.666668,874.35895,-0.43939208984375,0.14727783203125,0.87603759765625,2.2430419921875,-4.029998779296875,0.46356201171875,0.0,4.0,4.0,4.0,4.0,100.0,event
10:33:55.398,0.0,0.0,0.0,0.0,0.0,0.0,0.0,0.0,0.0,0.0,0.0,0.0,0.0,0.0,0.0,0.0,0.0,0.0,0.0,0.0,779.67035,760.7326,790.54944,1.6117216,700.696,-0.43939208984375,0.14727783203125,0.87603759765625,2.2430419921875,-4.029998779296875,0.46356201171875,0.0,4.0,4.0,4.0,4.0,100.0,event
10:33:55.436,0.0,0.0,0.0,0.0,0.0,0.0,0.0,0.0,0.0,0.0,0.0,0.0,0.0,0.0,0.0,0.0,0.0,0.0,0.0,0.0,812.71063,763.95605,794.17584,3.2234433,576.99634,-0.4453125,0.146240234375,0.87530517578125,2.213134765625,-3.828125,0.76263427734375,0.0,4.0,4.0,4.0,4.0,100.0,event
10:33:55.437,0.0,0.0,0.0,0.0,0.0,0.0,0.0,0.0,0.0,0.0,0.0,0.0,0.0,0.0,0.0,0.0,0.0,0.0,0.0,0.0,850.58606,763.5531,797.8022,0.0,678.1319,-0.4453125,0.146240234375,0.87530517578125,2.213134765625,-3.828125,0.76263427734375,0.0,4.0,4.0,4.0,4.0,100.0,event
10:33:55.438,0.0,0.0,0.0,0.0,0.0,0.0,0.0,0.0,0.0,0.0,0.0,0.0,0.0,0.0,0.0,0.0,0.0,0.0,0.0,0.0,848.5714,760.32965,799.011,0.0,749.0476,-0.4453125,0.146240234375,0.87530517578125,2.213134765625,-3.828125,0.76263427734375,0.0,4.0,4.0,4.0,4.0,100.0,event
10:33:55.439,0.0,0.0,0.0,0.0,0.0,0.0,0.0,0.0,0.0,0.0,0.0,0.0,0.0,0.0,0.0,0.0,0.0,0.0,0.0,0.0,794.17584,760.32965,798.20514,0.0,699.4872,-0.4453125,0.146240234375,0.87530517578125,2.213134765625,-3.828125,0.76263427734375,0.0,4.0,4.0,4.0,4.0,100.0,event
10:33:55.439,0.0,0.0,0.0,0.0,0.0,0.0,0.0,0.0,0.0,0.0,0.0,0.0,0.0,0.0,0.0,0.0,0.0,0.0,0.0,0.0,772.01465,761.13556,795.78754,0.0,655.9707,-0.4453125,0.146240234375,0.87530517578125,2.213134765625,-3.828125,0.76263427734375,0.0,4.0,4.0,4.0,4.0,100.0,event
10:33:55.440,0.0,0.0,0.0,0.0,0.0,0.0,0.0,0.0,0.0,0.0,0.0,0.0,0.0,0.0,0.0,0.0,0.0,0.0,0.0,0.0,800.6227,763.5531,793.7729,0.0,783.2967,-0.4453125,0.146240234375,0.87530517578125,2.213134765625,-3.828125,0.76263427734375,0.0,4.0,4.0,4.0,4.0,100.0,event
10:33:55.440,0.0,0.0,0.0,0.0,0.0,0.0,0.0,0.0,0.0,0.0,0.0,0.0,0.0,0.0,0.0,0.0,0.0,0.0,0.0,0.0,842.9304,765.16486,788.93774,0.0,904.9817,-0.4453125,0.146240234375,0.87530517578125,2.213134765625,-3.828125,0.76263427734375,0.0,4.0,4.0,4.0,4.0,100.0,event
10:33:55.441,0.0,0.0,0.0,0.0,0.0,0.0,0.0,0.0,0.0,0.0,0.0,0.0,0.0,0.0,0.0,0.0,0.0,0.0,0.0,0.0,856.63007,765.56775,787.72894,0.0,821.1722,-0.4453125,0.146240234375,0.87530517578125,2.213134765625,-3.828125,0.76263427734375,0.0,4.0,4.0,4.0,4.0,100.0,event
10:33:55.444,0.0,0.0,0.0,0.0,0.0,0.0,0.0,0.0,0.0,0.0,0.0,0.0,0.0,0.0,0.0,0.0,0.0,0.0,0.0,0.0,807.8755,763.1502,789.7436,0.0,753.0769,-0.4453125,0.146240234375,0.87530517578125,2.213134765625,-3.828125,0.76263427734375,0.0,4.0,4.0,4.0,4.0,100.0,event
10:33:55.445,0.0,0.0,0.0,0.0,0.0,0.0,0.0,0.0,0.0,0.0,0.0,0.0,0.0,0.0,0.0,0.0,0.0,0.0,0.0,0.0,769.59705,762.3443,790.14655,0.0,871.9414,-0.4453125,0.146240234375,0.87530517578125,2.213134765625,-3.828125,0.76263427734375,0.0,4.0,4.0,4.0,4.0,100.0,event
10:33:55.446,0.0,0.0,0.0,0.0,0.0,0.0,0.0,0.0,0.0,0.0,0.0,0.0,0.0,0.0,0.0,0.0,0.0,0.0,0.0,0.0,795.78754,764.35895,788.93774,0.0,884.83514,-0.4453125,0.146240234375,0.87530517578125,2.213134765625,-3.828125,0.76263427734375,0.0,4.0,4.0,4.0,4.0,100.0,event
10:33:55.447,0.0,0.0,0.0,0.0,0.0,0.0,0.0,0.0,0.0,0.0,0.0,0.0,0.0,0.0,0.0,0.0,0.0,0.0,0.0,0.0,848.97437,764.35895,792.1612,0.0,716.8132,-0.4453125,0.146240234375,0.87530517578125,2.213134765625,-3.828125,0.76263427734375,0.0,4.0,4.0,4.0,4.0,100.0,event
10:33:55.490,0.0,0.0,0.0,0.0,0.0,0.0,0.0,0.0,0.0,0.0,0.0,0.0,0.0,0.0,0.0,0.0,0.0,0.0,0.0,0.0,856.63007,764.7619,794.17584,0.0,745.0183,-0.43878173828125,0.147216796875,0.87255859375,2.026214599609375,-4.26177978515625,0.396270751953125,0.0,4.0,4.0,4.0,4.0,100.0,event
10:33:55.491,0.0,0.0,0.0,0.0,0.0,0.0,0.0,0.0,0.0,0.0,0.0,0.0,0.0,0.0,0.0,0.0,0.0,0.0,0.0,0.0,806.26373,765.9707,790.14655,0.0,870.32965,-0.43878173828125,0.147216796875,0.87255859375,2.026214599609375,-4.26177978515625,0.396270751953125,0.0,4.0,4.0,4.0,4.0,100.0,event
10:33:55.494,0.0,0.0,0.0,0.0,0.0,0.0,0.0,0.0,0.0,0.0,0.0,0.0,0.0,0.0,0.0,0.0,0.0,0.0,0.0,0.0,777.25275,762.74725,784.10254,0.0,767.5824,-0.43878173828125,0.147216796875,0.87255859375,2.026214599609375,-4.26177978515625,0.396270751953125,0.0,4.0,4.0,4.0,4.0,100.0,event
10:33:55.495,0.0,0.0,0.0,0.0,0.0,0.0,0.0,0.0,0.0,0.0,0.0,0.0,0.0,0.0,0.0,0.0,0.0,0.0,0.0,0.0,798.60803,759.12085,783.2967,0.0,649.92676,-0.43878173828125,0.147216796875,0.87255859375,2.026214599609375,-4.26177978515625,0.396270751953125,0.0,4.0,4.0,4.0,4.0,100.0,event
10:33:55.497,0.0,0.0,0.0,0.0,0.0,0.0,0.0,0.0,0.0,0.0,0.0,0.0,0.0,0.0,0.0,0.0,0.0,0.0,0.0,0.0,835.6777,759.5238,790.54944,0.0,645.89746,-0.43878173828125,0.147216796875,0.87255859375,2.026214599609375,-4.26177978515625,0.396270751953125,0.0,4.0,4.0,4.0,4.0,100.0,event
10:33:55.498,0.0,0.0,0.0,0.0,0.0,0.0,0.0,0.0,0.0,0.0,0.0,0.0,0.0,0.0,0.0,0.0,0.0,0.0,0.0,0.0,848.97437,760.7326,795.38464,0.0,784.5055,-0.43878173828125,0.147216796875,0.87255859375,2.026214599609375,-4.26177978515625,0.396270751953125,0.0,4.0,4.0,4.0,4.0,100.0,event
10:33:55.499,0.0,0.0,0.0,0.0,0.0,0.0,0.0,0.0,0.0,0.0,0.0,0.0,0.0,0.0,0.0,0.0,0.0,0.0,0.0,0.0,805.4579,760.7326,791.75824,0.0,913.44324,-0.43878173828125,0.147216796875,0.87255859375,2.026214599609375,-4.26177978515625,0.396270751953125,0.0,4.0,4.0,4.0,4.0,100.0,event
10:33:55.499,0.0,0.0,0.0,0.0,0.0,0.0,0.0,0.0,0.0,0.0,0.0,0.0,0.0,0.0,0.0,0.0,0.0,0.0,0.0,0.0,772.8205,762.3443,790.54944,0.0,813.91943,-0.43878173828125,0.147216796875,0.87255859375,2.026214599609375,-4.26177978515625,0.396270751953125,0.0,4.0,4.0,4.0,4.0,100.0,event
10:33:55.500,0.0,0.0,0.0,0.0,0.0,0.0,0.0,0.0,0.0,0.0,0.0,0.0,0.0,0.0,0.0,0.0,0.0,0.0,0.0,0.0,792.5641,758.71796,791.3553,0.0,720.0366,-0.43878173828125,0.147216796875,0.87255859375,2.026214599609375,-4.26177978515625,0.396270751953125,0.0,4.0,4.0,4.0,4.0,100.0,event
10:33:55.500,0.0,0.0,0.0,0.0,0.0,0.0,0.0,0.0,0.0,0.0,0.0,0.0,0.0,0.0,0.0,0.0,0.0,0.0,0.0,0.0,831.6484,761.53845,795.78754,0.0,932.7839,-0.43878173828125,0.147216796875,0.87255859375,2.026214599609375,-4.26177978515625,0.396270751953125,0.0,4.0,4.0,4.0,4.0,100.0,event
10:33:55.501,0.0,0.0,0.0,0.0,0.0,0.0,0.0,0.0,0.0,0.0,0.0,0.0,0.0,0.0,0.0,0.0,0.0,0.0,0.0,0.0,856.63007,766.3736,793.7729,0.0,866.7033,-0.43878173828125,0.147216796875,0.87255859375,2.026214599609375,-4.26177978515625,0.396270751953125,0.0,4.0,4.0,4.0,4.0,100.0,event
10:33:55.501,0.0,0.0,0.0,0.0,0.0,0.0,0.0,0.0,0.0,0.0,0.0,0.0,0.0,0.0,0.0,0.0,0.0,0.0,0.0,0.0,815.12823,764.35895,788.1319,0.0,705.12823,-0.43878173828125,0.147216796875,0.87255859375,2.026214599609375,-4.26177978515625,0.396270751953125,0.0,4.0,4.0,4.0,4.0,100.0,event
10:33:55.539,0.0,0.0,0.0,0.0,0.0,0.0,0.0,0.0,0.0,0.0,0.0,0.0,0.0,0.0,0.0,0.0,0.0,0.0,0.0,0.0,775.64105,767.5824,796.5934,0.0,749.85345,-0.43878173828125,0.147216796875,0.87255859375,2.026214599609375,-4.26177978515625,0.396270751953125,0.0,4.0,4.0,4.0,4.0,100.0,event
10:33:55.540,0.0,0.0,0.0,0.0,0.0,0.0,0.0,0.0,0.0,0.0,0.0,0.0,0.0,0.0,0.0,0.0,0.0,0.0,0.0,0.0,792.96704,765.56775,801.8315,0.0,705.5311,-0.43878173828125,0.147216796875,0.87255859375,2.026214599609375,-4.26177978515625,0.396270751953125,0.0,4.0,4.0,4.0,4.0,100.0,event
10:33:55.541,0.0,0.0,0.0,0.0,0.0,0.0,0.0,0.0,0.0,0.0,0.0,0.0,0.0,0.0,0.0,0.0,0.0,0.0,0.0,0.0,836.8865,759.12085,790.54944,0.0,675.31134,-0.43878173828125,0.147216796875,0.87255859375,2.026214599609375,-4.26177978515625,0.396270751953125,0.0,4.0,4.0,4.0,4.0,100.0,event
10:33:55.541,0.0,0.0,0.0,0.0,0.0,0.0,0.0,0.0,0.0,0.0,0.0,0.0,0.0,0.0,0.0,0.0,0.0,0.0,0.0,0.0,863.47986,759.92676,782.8938,4.4322343,765.16486,-0.43878173828125,0.147216796875,0.87255859375,2.026214599609375,-4.26177978515625,0.396270751953125,0.0,4.0,4.0,4.0,4.0,100.0,event
10:33:55.542,0.0,0.0,0.0,0.0,0.0,0.0,0.0,0.0,0.0,0.0,0.0,0.0,0.0,0.0,0.0,0.0,0.0,0.0,0.0,0.0,831.6484,759.12085,788.5348,2.014652,852.6007,-0.43878173828125,0.147216796875,0.87255859375,2.026214599609375,-4.26177978515625,0.396270751953125,0.0,4.0,4.0,4.0,4.0,100.0,event
10:33:55.543,0.0,0.0,0.0,0.0,0.0,0.0,0.0,0.0,0.0,0.0,0.0,0.0,0.0,0.0,0.0,0.0,0.0,0.0,0.0,0.0,782.49084,757.1062,791.3553,0.0,924.3223,-0.43878173828125,0.147216796875,0.87255859375,2.026214599609375,-4.26177978515625,0.396270751953125,0.0,4.0,4.0,4.0,4.0,100.0,event
10:33:55.543,0.0,0.0,0.0,0.0,0.0,0.0,0.0,0.0,0.0,0.0,0.0,0.0,0.0,0.0,0.0,0.0,0.0,0.0,0.0,0.0,784.10254,757.9121,791.75824,209.92674,848.1685,-0.43878173828125,0.147216796875,0.87255859375,2.026214599609375,-4.26177978515625,0.396270751953125,0.0,4.0,4.0,4.0,4.0,100.0,event
10:33:55.544,0.0,0.0,0.0,0.0,0.0,0.0,0.0,0.0,0.0,0.0,0.0,0.0,0.0,0.0,0.0,0.0,0.0,0.0,0.0,0.0,825.2015,758.315,794.57874,410.989,731.7216,-0.43878173828125,0.147216796875,0.87255859375,2.026214599609375,-4.26177978515625,0.396270751953125,0.0,4.0,4.0,4.0,4.0,100.0,event
10:33:55.544,0.0,0.0,0.0,0.0,0.0,0.0,0.0,0.0,0.0,0.0,0.0,0.0,0.0,0.0,0.0,0.0,0.0,0.0,0.0,0.0,846.9597,757.9121,796.99634,284.8718,894.90845,-0.43878173828125,0.147216796875,0.87255859375,2.026214599609375,-4.26177978515625,0.396270751953125,0.0,4.0,4.0,4.0,4.0,100.0,event
10:33:55.545,0.0,0.0,0.0,0.0,0.0,0.0,0.0,0.0,0.0,0.0,0.0,0.0,0.0,0.0,0.0,0.0,0.0,0.0,0.0,0.0,824.3956,757.9121,794.57874,144.24908,996.4469,-0.43878173828125,0.147216796875,0.87255859375,2.026214599609375,-4.26177978515625,0.396270751953125,0.0,4.0,4.0,4.0,4.0,100.0,event
10:33:55.549,0.0,0.0,0.0,0.0,0.0,0.0,0.0,0.0,0.0,0.0,0.0,0.0,0.0,0.0,0.0,0.0,0.0,0.0,0.0,0.0,777.25275,759.12085,790.9524,273.99268,769.19415,-0.43878173828125,0.147216796875,0.87255859375,2.026214599609375,-4.26177978515625,0.396270751953125,0.0,4.0,4.0,4.0,4.0,100.0,event
10:33:55.550,0.0,0.0,0.0,0.0,0.0,0.0,0.0,0.0,0.0,0.0,0.0,0.0,0.0,0.0,0.0,0.0,0.0,0.0,0.0,0.0,768.3883,759.5238,790.54944,620.5128,708.3516,-0.43878173828125,0.147216796875,0.87255859375,2.026214599609375,-4.26177978515625,0.396270751953125,0.0,4.0,4.0,4.0,4.0,100.0,event
10:33:55.580,0.0,0.0,0.0,0.0,0.0,0.0,0.0,0.0,0.0,0.0,0.0,0.0,0.0,0.0,0.0,0.0,0.0,0.0,0.0,0.0,806.26373,757.50916,792.96704,792.1612,859.0476,-0.44757080078125,0.14447021484375,0.88018798828125,1.951446533203125,-3.5888671875,0.276641845703125,0.0,4.0,4.0,4.0,4.0,100.0,event
10:33:55.582,0.0,0.0,0.0,0.0,0.0,0.0,0.0,0.0,0.0,0.0,0.0,0.0,0.0,0.0,0.0,0.0,0.0,0.0,0.0,0.0,849.7802,760.32965,795.38464,836.4835,873.5531,-0.44757080078125,0.14447021484375,0.88018798828125,1.951446533203125,-3.5888671875,0.276641845703125,0.0,4.0,4.0,4.0,4.0,100.0,event
10:33:55.583,0.0,0.0,0.0,0.0,0.0,0.0,0.0,0.0,0.0,0.0,0.0,0.0,0.0,0.0,0.0,0.0,0.0,0.0,0.0,0.0,840.10986,763.95605,800.2198,701.0989,781.28204,-0.44757080078125,0.14447021484375,0.88018798828125,1.951446533203125,-3.5888671875,0.276641845703125,0.0,4.0,4.0,4.0,4.0,100.0,event
10:33:55.583,0.0,0.0,0.0,0.0,0.0,0.0,0.0,0.0,0.0,0.0,0.0,0.0,0.0,0.0,0.0,0.0,0.0,0.0,0.0,0.0,790.54944,762.74725,796.1905,609.2308,772.4176,-0.44757080078125,0.14447021484375,0.88018798828125,1.951446533203125,-3.5888671875,0.276641845703125,0.0,4.0,4.0,4.0,4.0,100.0,event
10:33:55.584,0.0,0.0,0.0,0.0,0.0,0.0,0.0,0.0,0.0,0.0,0.0,0.0,0.0,0.0,0.0,0.0,0.0,0.0,0.0,0.0,771.2088,761.53845,791.75824,585.8608,782.49084,-0.44757080078125,0.14447021484375,0.88018798828125,1.951446533203125,-3.5888671875,0.276641845703125,0.0,4.0,4.0,4.0,4.0,100.0,event
10:33:55.584,0.0,0.0,0.0,0.0,0.0,0.0,0.0,0.0,0.0,0.0,0.0,0.0,0.0,0.0,0.0,0.0,0.0,0.0,0.0,0.0,793.36993,759.12085,791.3553,537.9121,809.4872,-0.44757080078125,0.14447021484375,0.88018798828125,1.951446533203125,-3.5888671875,0.276641845703125,0.0,4.0,4.0,4.0,4.0,100.0,event
10:33:55.585,0.0,0.0,0.0,0.0,0.0,0.0,0.0,0.0,0.0,0.0,0.0,0.0,0.0,0.0,0.0,0.0,0.0,0.0,0.0,0.0,838.0952,757.1062,791.75824,761.53845,853.00366,-0.44757080078125,0.14447021484375,0.88018798828125,1.951446533203125,-3.5888671875,0.276641845703125,0.0,4.0,4.0,4.0,4.0,100.0,event
10:33:55.585,0.0,0.0,0.0,0.0,0.0,0.0,0.0,0.0,0.0,0.0,0.0,0.0,0.0,0.0,0.0,0.0,0.0,0.0,0.0,0.0,846.1539,760.7326,795.78754,895.31134,905.78754,-0.44757080078125,0.14447021484375,0.88018798828125,1.951446533203125,-3.5888671875,0.276641845703125,0.0,4.0,4.0,4.0,4.0,100.0,event
10:33:55.586,0.0,0.0,0.0,0.0,0.0,0.0,0.0,0.0,0.0,0.0,0.0,0.0,0.0,0.0,0.0,0.0,0.0,0.0,0.0,0.0,797.3993,761.13556,795.38464,832.4542,1153.1868,-0.44757080078125,0.14447021484375,0.88018798828125,1.951446533203125,-3.5888671875,0.276641845703125,0.0,4.0,4.0,4.0,4.0,100.0,event
10:33:55.587,0.0,0.0,0.0,0.0,0.0,0.0,0.0,0.0,0.0,0.0,0.0,0.0,0.0,0.0,0.0,0.0,0.0,0.0,0.0,0.0,774.83514,764.35895,793.36993,892.8938,1023.0403,-0.44757080078125,0.14447021484375,0.88018798828125,1.951446533203125,-3.5888671875,0.276641845703125,0.0,4.0,4.0,4.0,4.0,100.0,event
10:33:55.587,0.0,0.0,0.0,0.0,0.0,0.0,0.0,0.0,0.0,0.0,0.0,0.0,0.0,0.0,0.0,0.0,0.0,0.0,0.0,0.0,807.47253,768.7912,798.60803,899.7436,708.7546,-0.44757080078125,0.14447021484375,0.88018798828125,1.951446533203125,-3.5888671875,0.276641845703125,0.0,4.0,4.0,4.0,4.0,100.0,event
10:33:55.588,0.0,0.0,0.0,0.0,0.0,0.0,0.0,0.0,0.0,0.0,0.0,0.0,0.0,0.0,0.0,0.0,0.0,0.0,0.0,0.0,854.61536,766.77655,796.1905,735.34796,735.34796,-0.44757080078125,0.14447021484375,0.88018798828125,1.951446533203125,-3.5888671875,0.276641845703125,0.0,4.0,4.0,4.0,4.0,100.0,event
10:33:55.632,0.0,0.0,0.0,0.0,0.0,0.0,0.0,0.0,0.0,0.0,0.0,0.0,0.0,0.0,0.0,0.0,0.0,0.0,0.0,0.0,865.09155,763.1502,786.9231,645.09155,753.47986,-0.43988037109375,0.149169921875,0.8729248046875,2.459869384765625,-3.715972900390625,-0.037384033203125,0.0,4.0,4.0,4.0,4.0,100.0,event
10:33:55.634,0.0,0.0,0.0,0.0,0.0,0.0,0.0,0.0,0.0,0.0,0.0,0.0,0.0,0.0,0.0,0.0,0.0,0.0,0.0,0.0,822.7839,762.3443,785.31134,623.3333,660.80585,-0.43988037109375,0.149169921875,0.8729248046875,2.459869384765625,-3.715972900390625,-0.037384033203125,0.0,4.0,4.0,4.0,4.0,100.0,event
10:33:55.636,0.0,0.0,0.0,0.0,0.0,0.0,0.0,0.0,0.0,0.0,0.0,0.0,0.0,0.0,0.0,0.0,0.0,0.0,0.0,0.0,786.1172,761.9414,791.3553,635.0183,642.27106,-0.43988037109375,0.149169921875,0.8729248046875,2.459869384765625,-3.715972900390625,-0.037384033203125,0.0,4.0,4.0,4.0,4.0,100.0,event
10:33:55.637,0.0,0.0,0.0,0.0,0.0,0.0,0.0,0.0,0.0,0.0,0.0,0.0,0.0,0.0,0.0,0.0,0.0,0.0,0.0,0.0,803.44324,759.5238,794.57874,631.39197,743.8095,-0.43988037109375,0.149169921875,0.8729248046875,2.459869384765625,-3.715972900390625,-0.037384033203125,0.0,4.0,4.0,4.0,4.0,100.0,event
10:33:55.639,0.0,0.0,0.0,0.0,0.0,0.0,0.0,0.0,0.0,0.0,0.0,0.0,0.0,0.0,0.0,0.0,0.0,0.0,0.0,0.0,852.1978,761.53845,795.38464,605.6044,771.6117,-0.43988037109375,0.149169921875,0.8729248046875,2.459869384765625,-3.715972900390625,-0.037384033203125,0.0,4.0,4.0,4.0,4.0,100.0,event
10:33:55.641,0.0,0.0,0.0,0.0,0.0,0.0,0.0,0.0,0.0,0.0,0.0,0.0,0.0,0.0,0.0,0.0,0.0,0.0,0.0,0.0,866.7033,766.77655,798.60803,634.21246,827.2161,-0.43988037109375,0.149169921875,0.8729248046875,2.459869384765625,-3.715972900390625,-0.037384033203125,0.0,4.0,4.0,4.0,4.0,100.0,event
10:33:55.642,0.0,0.0,0.0,0.0,0.0,0.0,0.0,0.0,0.0,0.0,0.0,0.0,0.0,0.0,0.0,0.0,0.0,0.0,0.0,0.0,822.381,765.9707,799.41394,546.77655,874.35895,-0.43988037109375,0.149169921875,0.8729248046875,2.459869384765625,-3.715972900390625,-0.037384033203125,0.0,4.0,4.0,4.0,4.0,100.0,event
10:33:55.644,0.0,0.0,0.0,0.0,0.0,0.0,0.0,0.0,0.0,0.0,0.0,0.0,0.0,0.0,0.0,0.0,0.0,0.0,0.0,0.0,782.0879,766.77655,797.8022,287.28937,900.14655,-0.43988037109375,0.149169921875,0.8729248046875,2.459869384765625,-3.715972900390625,-0.037384033203125,0.0,4.0,4.0,4.0,4.0,100.0,event
10:33:55.645,0.0,0.0,0.0,0.0,0.0,0.0,0.0,0.0,0.0,0.0,0.0,0.0,0.0,0.0,0.0,0.0,0.0,0.0,0.0,0.0,803.8461,766.77655,797.8022,504.46887,960.18317,-0.43988037109375,0.149169921875,0.8729248046875,2.459869384765625,-3.715972900390625,-0.037384033203125,0.0,4.0,4.0,4.0,4.0,100.0,event
10:33:55.647,0.0,0.0,0.0,0.0,0.0,0.0,0.0,0.0,0.0,0.0,0.0,0.0,0.0,0.0,0.0,0.0,0.0,0.0,0.0,0.0,846.1539,761.13556,796.99634,556.8498,892.8938,-0.43988037109375,0.149169921875,0.8729248046875,2.459869384765625,-3.715972900390625,-0.037384033203125,0.0,4.0,4.0,4.0,4.0,100.0,event
10:33:55.648,0.0,0.0,0.0,0.0,0.0,0.0,0.0,0.0,0.0,0.0,0.0,0.0,0.0,0.0,0.0,0.0,0.0,0.0,0.0,0.0,858.6447,758.71796,794.17584,274.79852,812.3077,-0.43988037109375,0.149169921875,0.8729248046875,2.459869384765625,-3.715972900390625,-0.037384033203125,0.0,4.0,4.0,4.0,4.0,100.0,event
10:33:55.650,0.0,0.0,0.0,0.0,0.0,0.0,0.0,0.0,0.0,0.0,0.0,0.0,0.0,0.0,0.0,0.0,0.0,0.0,0.0,0.0,821.1722,763.95605,795.38464,461.35532,843.73627,-0.43988037109375,0.149169921875,0.8729248046875,2.459869384765625,-3.715972900390625,-0.037384033203125,0.0,4.0,4.0,4.0,4.0,100.0,event
10:33:55.696,0.0,0.0,0.0,0.0,0.0,0.0,0.0,0.0,0.0,0.0,0.0,0.0,0.0,0.0,0.0,0.0,0.0,0.0,0.0,0.0,784.90845,767.1795,794.57874,789.34064,726.4835,-0.4404296875,0.147705078125,0.87445068359375,2.0037841796875,-3.745880126953125,0.725250244140625,0.0,4.0,4.0,4.0,4.0,100.0,event
10:33:55.698,0.0,0.0,0.0,0.0,0.0,0.0,0.0,0.0,0.0,0.0,0.0,0.0,0.0,0.0,0.0,0.0,0.0,0.0,0.0,0.0,796.1905,766.77655,797.8022,943.2601,633.4066,-0.4404296875,0.147705078125,0.87445068359375,2.0037841796875,-3.745880126953125,0.725250244140625,0.0,4.0,4.0,4.0,4.0,100.0,event
10:33:55.699,0.0,0.0,0.0,0.0,0.0,0.0,0.0,0.0,0.0,0.0,0.0,0.0,0.0,0.0,0.0,0.0,0.0,0.0,0.0,0.0,832.0513,765.16486,798.20514,396.88644,744.61536,-0.4404296875,0.147705078125,0.87445068359375,2.0037841796875,-3.745880126953125,0.725250244140625,0.0,4.0,4.0,4.0,4.0,100.0,event
10:33:55.701,0.0,0.0,0.0,0.0,0.0,0.0,0.0,0.0,0.0,0.0,0.0,0.0,0.0,0.0,0.0,0.0,0.0,0.0,0.0,0.0,851.79486,765.16486,793.36993,0.0,780.4762,-0.4404296875,0.147705078125,0.87445068359375,2.0037841796875,-3.745880126953125,0.725250244140625,0.0,4.0,4.0,4.0,4.0,100.0,event
10:33:55.703,0.0,0.0,0.0,0.0,0.0,0.0,0.0,0.0,0.0,0.0,0.0,0.0,0.0,0.0,0.0,0.0,0.0,0.0,0.0,0.0,818.7546,769.19415,801.02563,125.311356,724.0659,-0.4404296875,0.147705078125,0.87445068359375,2.0037841796875,-3.745880126953125,0.725250244140625,0.0,4.0,4.0,4.0,4.0,100.0,event
10:33:55.703,0.0,0.0,0.0,0.0,0.0,0.0,0.0,0.0,0.0,0.0,0.0,0.0,0.0,0.0,0.0,0.0,0.0,0.0,0.0,0.0,782.49084,765.16486,807.47253,27.399267,711.5751,-0.4404296875,0.147705078125,0.87445068359375,2.0037841796875,-3.745880126953125,0.725250244140625,0.0,4.0,4.0,4.0,4.0,100.0,event
10:33:55.704,0.0,0.0,0.0,0.0,0.0,0.0,0.0,0.0,0.0,0.0,0.0,0.0,0.0,0.0,0.0,0.0,0.0,0.0,0.0,0.0,792.1612,761.9414,795.38464,0.0,754.68866,-0.4404296875,0.147705078125,0.87445068359375,2.0037841796875,-3.745880126953125,0.725250244140625,0.0,4.0,4.0,4.0,4.0,100.0,event
10:33:55.705,0.0,0.0,0.0,0.0,0.0,0.0,0.0,0.0,0.0,0.0,0.0,0.0,0.0,0.0,0.0,0.0,0.0,0.0,0.0,0.0,828.8278,764.7619,788.93774,25.384615,966.63007,-0.4404296875,0.147705078125,0.87445068359375,2.0037841796875,-3.745880126953125,0.725250244140625,0.0,4.0,4.0,4.0,4.0,100.0,event
10:33:55.705,0.0,0.0,0.0,0.0,0.0,0.0,0.0,0.0,0.0,0.0,0.0,0.0,0.0,0.0,0.0,0.0,0.0,0.0,0.0,0.0,865.89746,763.5531,788.93774,0.0,921.9048,-0.4404296875,0.147705078125,0.87445068359375,2.0037841796875,-3.745880126953125,0.725250244140625,0.0,4.0,4.0,4.0,4.0,100.0,event
10:33:55.706,0.0,0.0,0.0,0.0,0.0,0.0,0.0,0.0,0.0,0.0,0.0,0.0,0.0,0.0,0.0,0.0,0.0,0.0,0.0,0.0,836.08057,763.1502,790.14655,275.6044,783.69965,-0.4404296875,0.147705078125,0.87445068359375,2.0037841796875,-3.745880126953125,0.725250244140625,0.0,4.0,4.0,4.0,4.0,100.0,event
10:33:55.707,0.0,0.0,0.0,0.0,0.0,0.0,0.0,0.0,0.0,0.0,0.0,0.0,0.0,0.0,0.0,0.0,0.0,0.0,0.0,0.0,780.07324,762.74725,799.011,982.74725,804.2491,-0.4404296875,0.147705078125,0.87445068359375,2.0037841796875,-3.745880126953125,0.725250244140625,0.0,4.0,4.0,4.0,4.0,100.0,event
10:33:55.708,0.0,0.0,0.0,0.0,0.0,0.0,0.0,0.0,0.0,0.0,0.0,0.0,0.0,0.0,0.0,0.0,0.0,0.0,0.0,0.0,780.07324,759.92676,799.011,1409.0476,759.92676,-0.4404296875,0.147705078125,0.87445068359375,2.0037841796875,-3.745880126953125,0.725250244140625,0.0,4.0,4.0,4.0,4.0,100.0,event
10:33:55.749,0.0,0.0,0.0,0.0,0.0,0.0,0.0,0.0,0.0,0.0,0.0,0.0,0.0,0.0,0.0,0.0,0.0,0.0,0.0,0.0,814.3223,760.7326,793.36993,1589.9634,801.8315,-0.4371337890625,0.14984130859375,0.8668212890625,3.102874755859375,-3.99261474609375,1.009368896484375,0.0,4.0,4.0,4.0,4.0,100.0,event
10:33:55.750,0.0,0.0,0.0,0.0,0.0,0.0,0.0,0.0,0.0,0.0,0.0,0.0,0.0,0.0,0.0,0.0,0.0,0.0,0.0,0.0,848.97437,762.74725,796.99634,1633.4799,892.8938,-0.4371337890625,0.14984130859375,0.8668212890625,3.102874755859375,-3.99261474609375,1.009368896484375,0.0,4.0,4.0,4.0,4.0,100.0,event
10:33:55.751,0.0,0.0,0.0,0.0,0.0,0.0,0.0,0.0,0.0,0.0,0.0,0.0,0.0,0.0,0.0,0.0,0.0,0.0,0.0,0.0,834.0659,760.32965,799.41394,1614.5421,923.5165,-0.4371337890625,0.14984130859375,0.8668212890625,3.102874755859375,-3.99261474609375,1.009368896484375,0.0,4.0,4.0,4.0,4.0,100.0,event
10:33:55.752,0.0,0.0,0.0,0.0,0.0,0.0,0.0,0.0,0.0,0.0,0.0,0.0,0.0,0.0,0.0,0.0,0.0,0.0,0.0,0.0,787.72894,762.74725,805.4579,3.2234433,875.9707,-0.4371337890625,0.14984130859375,0.8668212890625,3.102874755859375,-3.99261474609375,1.009368896484375,0.0,4.0,4.0,4.0,4.0,100.0,event
10:33:55.752,0.0,0.0,0.0,0.0,0.0,0.0,0.0,0.0,0.0,0.0,0.0,0.0,0.0,0.0,0.0,0.0,0.0,0.0,0.0,0.0,787.326,764.35895,805.8608,1552.8938,779.67035,-0.4371337890625,0.14984130859375,0.8668212890625,3.102874755859375,-3.99261474609375,1.009368896484375,0.0,4.0,4.0,4.0,4.0,100.0,event
10:33:55.753,0.0,0.0,0.0,0.0,0.0,0.0,0.0,0.0,0.0,0.0,0.0,0.0,0.0,0.0,0.0,0.0,0.0,0.0,0.0,0.0,823.9927,757.9121,793.36993,1481.978,829.2308,-0.4371337890625,0.14984130859375,0.8668212890625,3.102874755859375,-3.99261474609375,1.009368896484375,0.0,4.0,4.0,4.0,4.0,100.0,event
10:33:55.754,0.0,0.0,0.0,0.0,0.0,0.0,0.0,0.0,0.0,0.0,0.0,0.0,0.0,0.0,0.0,0.0,0.0,0.0,0.0,0.0,852.6007,760.32965,796.1905,1570.2197,1059.7069,-0.4371337890625,0.14984130859375,0.8668212890625,3.102874755859375,-3.99261474609375,1.009368896484375,0.0,4.0,4.0,4.0,4.0,100.0,event
10:33:55.756,0.0,0.0,0.0,0.0,0.0,0.0,0.0,0.0,0.0,0.0,0.0,0.0,0.0,0.0,0.0,0.0,0.0,0.0,0.0,0.0,836.4835,765.16486,799.011,1032.3077,1129.414,-0.4371337890625,0.14984130859375,0.8668212890625,3.102874755859375,-3.99261474609375,1.009368896484375,0.0,4.0,4.0,4.0,4.0,100.0,event
10:33:55.757,0.0,0.0,0.0,0.0,0.0,0.0,0.0,0.0,0.0,0.0,0.0,0.0,0.0,0.0,0.0,0.0,0.0,0.0,0.0,0.0,799.011,765.56775,799.41394,557.25275,804.65204,-0.4371337890625,0.14984130859375,0.8668212890625,3.102874755859375,-3.99261474609375,1.009368896484375,0.0,4.0,4.0,4.0,4.0,100.0,event
10:33:55.758,0.0,0.0,0.0,0.0,0.0,0.0,0.0,0.0,0.0,0.0,0.0,0.0,0.0,0.0,0.0,0.0,0.0,0.0,0.0,0.0,782.49084,764.7619,801.02563,209.5238,711.978,-0.4371337890625,0.14984130859375,0.8668212890625,3.102874755859375,-3.99261474609375,1.009368896484375,0.0,4.0,4.0,4.0,4.0,100.0,event
10:33:55.759,0.0,0.0,0.0,0.0,0.0,0.0,0.0,0.0,0.0,0.0,0.0,0.0,0.0,0.0,0.0,0.0,0.0,0.0,0.0,0.0,823.1868,763.5531,791.75824,0.0,800.6227,-0.4371337890625,0.14984130859375,0.8668212890625,3.102874755859375,-3.99261474609375,1.009368896484375,0.0,4.0,4.0,4.0,4.0,100.0,event
10:33:55.760,0.0,0.0,0.0,0.0,0.0,0.0,0.0,0.0,0.0,0.0,0.0,0.0,0.0,0.0,0.0,0.0,0.0,0.0,0.0,0.0,875.56775,764.35895,788.5348,17.728937,765.9707,-0.4371337890625,0.14984130859375,0.8668212890625,3.102874755859375,-3.99261474609375,1.009368896484375,0.0,4.0,4.0,4.0,4.0,100.0,event
10:33:55.761,0.0,0.0,0.0,0.0,0.0,0.0,0.0,0.0,0.0,0.0,0.0,0.0,0.0,0.0,0.0,0.0,0.0,0.0,0.0,0.0,858.6447,762.3443,794.57874,0.0,720.84247,-0.4371337890625,0.14984130859375,0.8668212890625,3.102874755859375,-3.99261474609375,1.009368896484375,0.0,4.0,4.0,4.0,4.0,100.0,event
10:33:55.762,0.0,0.0,0.0,0.0,0.0,0.0,0.0,0.0,0.0,0.0,0.0,0.0,0.0,0.0,0.0,0.0,0.0,0.0,0.0,0.0,806.6667,762.74725,799.41394,0.4029304,751.06226,-0.4371337890625,0.14984130859375,0.8668212890625,3.102874755859375,-3.99261474609375,1.009368896484375,0.0,4.0,4.0,4.0,4.0,100.0,event
10:33:55.767,0.0,0.0,0.0,0.0,0.0,0.0,0.0,0.0,0.0,0.0,0.0,0.0,0.0,0.0,0.0,0.0,0.0,0.0,0.0,0.0,780.87915,763.1502,800.6227,0.0,761.13556,-0.4371337890625,0.14984130859375,0.8668212890625,3.102874755859375,-3.99261474609375,1.009368896484375,0.0,4.0,4.0,4.0,4.0,100.0,event
10:33:55.768,0.0,0.0,0.0,0.0,0.0,0.0,0.0,0.0,0.0,0.0,0.0,0.0,0.0,0.0,0.0,0.0,0.0,0.0,0.0,0.0,803.44324,761.9414,796.99634,0.0,803.0403,-0.4371337890625,0.14984130859375,0.8668212890625,3.102874755859375,-3.99261474609375,1.009368896484375,0.0,4.0,4.0,4.0,4.0,100.0,event
10:33:55.769,0.0,0.0,0.0,0.0,0.0,0.0,0.0,0.0,0.0,0.0,0.0,0.0,0.0,0.0,0.0,0.0,0.0,0.0,0.0,0.0,850.58606,763.5531,798.60803,23.369963,794.57874,-0.4371337890625,0.14984130859375,0.8668212890625,3.102874755859375,-3.99261474609375,1.009368896484375,0.0,4.0,4.0,4.0,4.0,100.0,event
10:33:55.769,0.0,0.0,0.0,0.0,0.0,0.0,0.0,0.0,0.0,0.0,0.0,0.0,0.0,0.0,0.0,0.0,0.0,0.0,0.0,0.0,849.3773,761.53845,799.81683,0.0,897.326,-0.4371337890625,0.14984130859375,0.8668212890625,3.102874755859375,-3.99261474609375,1.009368896484375,0.0,4.0,4.0,4.0,4.0,100.0,event
10:33:55.770,0.0,0.0,0.0,0.0,0.0,0.0,0.0,0.0,0.0,0.0,0.0,0.0,0.0,0.0,0.0,0.0,0.0,0.0,0.0,0.0,794.17584,758.315,796.1905,98.31502,1042.7839,-0.4371337890625,0.14984130859375,0.8668212890625,3.102874755859375,-3.99261474609375,1.009368896484375,0.0,4.0,4.0,4.0,4.0,100.0,event
10:33:55.774,0.0,0.0,0.0,0.0,0.0,0.0,0.0,0.0,0.0,0.0,0.0,0.0,0.0,0.0,0.0,0.0,0.0,0.0,0.0,0.0,772.4176,758.315,796.5934,619.304,845.34796,-0.4371337890625,0.14984130859375,0.8668212890625,3.102874755859375,-3.99261474609375,1.009368896484375,0.0,4.0,4.0,4.0,4.0,100.0,event
10:33:55.776,0.0,0.0,0.0,0.0,0.0,0.0,0.0,0.0,0.0,0.0,0.0,0.0,0.0,0.0,0.0,0.0,0.0,0.0,0.0,0.0,806.26373,761.53845,797.8022,363.44324,686.5934,-0.4371337890625,0.14984130859375,0.8668212890625,3.102874755859375,-3.99261474609375,1.009368896484375,0.0,4.0,4.0,4.0,4.0,100.0,event
10:33:55.778,0.0,0.0,0.0,0.0,0.0,0.0,0.0,0.0,0.0,0.0,0.0,0.0,0.0,0.0,0.0,0.0,0.0,0.0,0.0,0.0,842.9304,762.74725,791.3553,319.5238,747.4359,-0.4371337890625,0.14984130859375,0.8668212890625,3.102874755859375,-3.99261474609375,1.009368896484375,0.0,4.0,4.0,4.0,4.0,100.0,event
10:33:55.780,0.0,0.0,0.0,0.0,0.0,0.0,0.0,0.0,0.0,0.0,0.0,0.0,0.0,0.0,0.0,0.0,0.0,0.0,0.0,0.0,843.3333,760.32965,786.9231,1043.9927,1081.8682,-0.4371337890625,0.14984130859375,0.8668212890625,3.102874755859375,-3.99261474609375,1.009368896484375,0.0,4.0,4.0,4.0,4.0,100.0,event
10:33:55.781,0.0,0.0,0.0,0.0,0.0,0.0,0.0,0.0,0.0,0.0,0.0,0.0,0.0,0.0,0.0,0.0,0.0,0.0,0.0,0.0,798.20514,760.32965,794.57874,1275.2748,977.9121,-0.4371337890625,0.14984130859375,0.8668212890625,3.102874755859375,-3.99261474609375,1.009368896484375,0.0,4.0,4.0,4.0,4.0,100.0,event
10:33:55.828,0.0,0.0,0.0,0.0,0.0,0.0,0.0,0.0,0.0,0.0,0.0,0.0,0.0,0.0,0.0,0.0,0.0,0.0,0.0,0.0,772.8205,763.5531,803.44324,1369.1575,658.7912,-0.4403076171875,0.15228271484375,0.8760986328125,2.58697509765625,-3.491668701171875,0.157012939453125,0.0,4.0,4.0,4.0,4.0,100.0,event
10:33:55.829,0.0,0.0,0.0,0.0,0.0,0.0,0.0,0.0,0.0,0.0,0.0,0.0,0.0,0.0,0.0,0.0,0.0,0.0,0.0,0.0,797.3993,761.9414,796.5934,1596.8132,761.53845,-0.4403076171875,0.15228271484375,0.8760986328125,2.58697509765625,-3.491668701171875,0.157012939453125,0.0,4.0,4.0,4.0,4.0,100.0,event
10:33:55.830,0.0,0.0,0.0,0.0,0.0,0.0,0.0,0.0,0.0,0.0,0.0,0.0,0.0,0.0,0.0,0.0,0.0,0.0,0.0,0.0,843.3333,762.74725,791.75824,1636.7032,810.696,-0.4403076171875,0.15228271484375,0.8760986328125,2.58697509765625,-3.491668701171875,0.157012939453125,0.0,4.0,4.0,4.0,4.0,100.0,event
10:33:55.831,0.0,0.0,0.0,0.0,0.0,0.0,0.0,0.0,0.0,0.0,0.0,0.0,0.0,0.0,0.0,0.0,0.0,0.0,0.0,0.0,873.1502,766.3736,800.6227,1620.989,691.8315,-0.4403076171875,0.15228271484375,0.8760986328125,2.58697509765625,-3.491668701171875,0.157012939453125,0.0,4.0,4.0,4.0,4.0,100.0,event
10:33:55.831,0.0,0.0,0.0,0.0,0.0,0.0,0.0,0.0,0.0,0.0,0.0,0.0,0.0,0.0,0.0,0.0,0.0,0.0,0.0,0.0,835.6777,763.5531,804.65204,1629.8535,725.6777,-0.4403076171875,0.15228271484375,0.8760986328125,2.58697509765625,-3.491668701171875,0.157012939453125,0.0,4.0,4.0,4.0,4.0,100.0,event
10:33:55.832,0.0,0.0,0.0,0.0,0.0,0.0,0.0,0.0,0.0,0.0,0.0,0.0,0.0,0.0,0.0,0.0,0.0,0.0,0.0,0.0,782.49084,761.13556,801.02563,1628.2417,857.03296,-0.4403076171875,0.15228271484375,0.8760986328125,2.58697509765625,-3.491668701171875,0.157012939453125,0.0,4.0,4.0,4.0,4.0,100.0,event
10:33:55.833,0.0,0.0,0.0,0.0,0.0,0.0,0.0,0.0,0.0,0.0,0.0,0.0,0.0,0.0,0.0,0.0,0.0,0.0,0.0,0.0,799.41394,768.7912,799.81683,1628.2417,894.90845,-0.4403076171875,0.15228271484375,0.8760986328125,2.58697509765625,-3.491668701171875,0.157012939453125,0.0,4.0,4.0,4.0,4.0,100.0,event
10:33:55.833,0.0,0.0,0.0,0.0,0.0,0.0,0.0,0.0,0.0,0.0,0.0,0.0,0.0,0.0,0.0,0.0,0.0,0.0,0.0,0.0,844.1392,767.98535,799.011,1628.2417,921.9048,-0.4403076171875,0.15228271484375,0.8760986328125,2.58697509765625,-3.491668701171875,0.157012939453125,0.0,4.0,4.0,4.0,4.0,100.0,event
10:33:55.834,0.0,0.0,0.0,0.0,0.0,0.0,0.0,0.0,0.0,0.0,0.0,0.0,0.0,0.0,0.0,0.0,0.0,0.0,0.0,0.0,862.27106,759.5238,798.20514,1628.2417,816.7399,-0.4403076171875,0.15228271484375,0.8760986328125,2.58697509765625,-3.491668701171875,0.157012939453125,0.0,4.0,4.0,4.0,4.0,100.0,event
10:33:55.835,0.0,0.0,0.0,0.0,0.0,0.0,0.0,0.0,0.0,0.0,0.0,0.0,0.0,0.0,0.0,0.0,0.0,0.0,0.0,0.0,824.7985,759.5238,797.8022,1628.2417,918.2784,-0.4403076171875,0.15228271484375,0.8760986328125,2.58697509765625,-3.491668701171875,0.157012939453125,0.0,4.0,4.0,4.0,4.0,100.0,event
10:33:55.835,0.0,0.0,0.0,0.0,0.0,0.0,0.0,0.0,0.0,0.0,0.0,0.0,0.0,0.0,0.0,0.0,0.0,0.0,0.0,0.0,780.07324,761.53845,786.9231,1629.0476,1096.3737,-0.4403076171875,0.15228271484375,0.8760986328125,2.58697509765625,-3.491668701171875,0.157012939453125,0.0,4.0,4.0,4.0,4.0,100.0,event
10:33:55.836,0.0,0.0,0.0,0.0,0.0,0.0,0.0,0.0,0.0,0.0,0.0,0.0,0.0,0.0,0.0,0.0,0.0,0.0,0.0,0.0,796.1905,760.7326,785.31134,1636.3004,840.9158,-0.4403076171875,0.15228271484375,0.8760986328125,2.58697509765625,-3.491668701171875,0.157012939453125,0.0,4.0,4.0,4.0,4.0,100.0,event
10:33:55.859,0.0,0.0,0.0,0.0,0.0,0.0,0.0,0.0,0.0,0.0,0.0,0.0,0.0,0.0,0.0,0.0,0.0,0.0,0.0,0.0,836.08057,759.5238,796.5934,1578.2784,753.0769,-0.443115234375,0.154296875,0.8819580078125,1.951446533203125,-3.386993408203125,0.64300537109375,0.0,4.0,4.0,4.0,4.0,100.0,event
10:33:55.860,0.0,0.0,0.0,0.0,0.0,0.0,0.0,0.0,0.0,0.0,0.0,0.0,0.0,0.0,0.0,0.0,0.0,0.0,0.0,0.0,859.45056,759.12085,794.9817,54.395603,826.0073,-0.443115234375,0.154296875,0.8819580078125,1.951446533203125,-3.386993408203125,0.64300537109375,0.0,4.0,4.0,4.0,4.0,100.0,event
10:33:55.861,0.0,0.0,0.0,0.0,0.0,0.0,0.0,0.0,0.0,0.0,0.0,0.0,0.0,0.0,0.0,0.0,0.0,0.0,0.0,0.0,832.8571,759.92676,792.1612,1274.0659,741.39197,-0.443115234375,0.154296875,0.8819580078125,1.951446533203125,-3.386993408203125,0.64300537109375,0.0,4.0,4.0,4.0,4.0,100.0,event
10:33:55.861,0.0,0.0,0.0,0.0,0.0,0.0,0.0,0.0,0.0,0.0,0.0,0.0,0.0,0.0,0.0,0.0,0.0,0.0,0.0,0.0,790.9524,760.32965,792.1612,134.17583,618.9011,-0.443115234375,0.154296875,0.8819580078125,1.951446533203125,-3.386993408203125,0.64300537109375,0.0,4.0,4.0,4.0,4.0,100.0,event
10:33:55.866,0.0,0.0,0.0,0.0,0.0,0.0,0.0,0.0,0.0,0.0,0.0,0.0,0.0,0.0,0.0,0.0,0.0,0.0,0.0,0.0,825.6044,759.12085,799.011,36.666668,748.6447,-0.443115234375,0.154296875,0.8819580078125,1.951446533203125,-3.386993408203125,0.64300537109375,0.0,4.0,4.0,4.0,4.0,100.0,event
10:33:55.866,0.0,0.0,0.0,0.0,0.0,0.0,0.0,0.0,0.0,0.0,0.0,0.0,0.0,0.0,0.0,0.0,0.0,0.0,0.0,0.0,800.6227,759.5238,790.54944,0.0,595.9341,-0.443115234375,0.154296875,0.8819580078125,1.951446533203125,-3.386993408203125,0.64300537109375,0.0,4.0,4.0,4.0,4.0,100.0,event
10:33:55.867,0.0,0.0,0.0,0.0,0.0,0.0,0.0,0.0,0.0,0.0,0.0,0.0,0.0,0.0,0.0,0.0,0.0,0.0,0.0,0.0,844.5421,761.13556,801.8315,0.0,812.71063,-0.443115234375,0.154296875,0.8819580078125,1.951446533203125,-3.386993408203125,0.64300537109375,0.0,4.0,4.0,4.0,4.0,100.0,event
10:33:55.868,0.0,0.0,0.0,0.0,0.0,0.0,0.0,0.0,0.0,0.0,0.0,0.0,0.0,0.0,0.0,0.0,0.0,0.0,0.0,0.0,830.0366,764.35895,799.41394,93.07692,737.3626,-0.443115234375,0.154296875,0.8819580078125,1.951446533203125,-3.386993408203125,0.64300537109375,0.0,4.0,4.0,4.0,4.0,100.0,event
10:33:55.869,0.0,0.0,0.0,0.0,0.0,0.0,0.0,0.0,0.0,0.0,0.0,0.0,0.0,0.0,0.0,0.0,0.0,0.0,0.0,0.0,784.90845,763.1502,793.7729,29.41392,725.6777,-0.443115234375,0.154296875,0.8819580078125,1.951446533203125,-3.386993408203125,0.64300537109375,0.0,4.0,4.0,4.0,4.0,100.0,event
10:33:55.869,0.0,0.0,0.0,0.0,0.0,0.0,0.0,0.0,0.0,0.0,0.0,0.0,0.0,0.0,0.0,0.0,0.0,0.0,0.0,0.0,768.7912,761.9414,787.72894,0.0,918.2784,-0.443115234375,0.154296875,0.8819580078125,1.951446533203125,-3.386993408203125,0.64300537109375,0.0,4.0,4.0,4.0,4.0,100.0,event
10:33:55.870,0.0,0.0,0.0,0.0,0.0,0.0,0.0,0.0,0.0,0.0,0.0,0.0,0.0,0.0,0.0,0.0,0.0,0.0,0.0,0.0,807.0696,764.35895,791.3553,4.029304,794.9817,-0.443115234375,0.154296875,0.8819580078125,1.951446533203125,-3.386993408203125,0.64300537109375,0.0,4.0,4.0,4.0,4.0,100.0,event
10:33:55.871,0.0,0.0,0.0,0.0,0.0,0.0,0.0,0.0,0.0,0.0,0.0,0.0,0.0,0.0,0.0,0.0,0.0,0.0,0.0,0.0,850.58606,763.5531,796.1905,198.64468,632.1978,-0.443115234375,0.154296875,0.8819580078125,1.951446533203125,-3.386993408203125,0.64300537109375,0.0,4.0,4.0,4.0,4.0,100.0,event
10:33:55.915,0.0,0.0,0.0,0.0,0.0,0.0,0.0,0.0,0.0,0.0,0.0,0.0,0.0,0.0,0.0,0.0,0.0,0.0,0.0,0.0,833.663,761.53845,797.8022,840.5128,737.3626,-0.4444580078125,0.1512451171875,0.86370849609375,1.854248046875,-3.043060302734375,-0.58319091796875,0.0,4.0,4.0,4.0,4.0,100.0,event
10:33:55.916,0.0,0.0,0.0,0.0,0.0,0.0,0.0,0.0,0.0,0.0,0.0,0.0,0.0,0.0,0.0,0.0,0.0,0.0,0.0,0.0,788.93774,758.315,794.9817,1425.9707,767.98535,-0.4444580078125,0.1512451171875,0.86370849609375,1.854248046875,-3.043060302734375,-0.58319091796875,0.0,4.0,4.0,4.0,4.0,100.0,event
10:33:55.918,0.0,0.0,0.0,0.0,0.0,0.0,0.0,0.0,0.0,0.0,0.0,0.0,0.0,0.0,0.0,0.0,0.0,0.0,0.0,0.0,782.8938,757.1062,795.38464,1569.8169,733.3333,-0.4444580078125,0.1512451171875,0.86370849609375,1.854248046875,-3.043060302734375,-0.58319091796875,0.0,4.0,4.0,4.0,4.0,100.0,event
10:33:55.920,0.0,0.0,0.0,0.0,0.0,0.0,0.0,0.0,0.0,0.0,0.0,0.0,0.0,0.0,0.0,0.0,0.0,0.0,0.0,0.0,817.9487,757.9121,793.36993,11.684981,712.7839,-0.4444580078125,0.1512451171875,0.86370849609375,1.854248046875,-3.043060302734375,-0.58319091796875,0.0,4.0,4.0,4.0,4.0,100.0,event
10:33:55.921,0.0,0.0,0.0,0.0,0.0,0.0,0.0,0.0,0.0,0.0,0.0,0.0,0.0,0.0,0.0,0.0,0.0,0.0,0.0,0.0,850.989,759.92676,790.9524,1555.7142,777.6557,-0.4444580078125,0.1512451171875,0.86370849609375,1.854248046875,-3.043060302734375,-0.58319091796875,0.0,4.0,4.0,4.0,4.0,100.0,event
10:33:55.923,0.0,0.0,0.0,0.0,0.0,0.0,0.0,0.0,0.0,0.0,0.0,0.0,0.0,0.0,0.0,0.0,0.0,0.0,0.0,0.0,837.6923,761.53845,794.9817,844.5421,860.65936,-0.4444580078125,0.1512451171875,0.86370849609375,1.854248046875,-3.043060302734375,-0.58319091796875,0.0,4.0,4.0,4.0,4.0,100.0,event
10:33:55.925,0.0,0.0,0.0,0.0,0.0,0.0,0.0,0.0,0.0,0.0,0.0,0.0,0.0,0.0,0.0,0.0,0.0,0.0,0.0,0.0,794.9817,762.74725,794.9817,814.7253,867.50916,-0.4444580078125,0.1512451171875,0.86370849609375,1.854248046875,-3.043060302734375,-0.58319091796875,0.0,4.0,4.0,4.0,4.0,100.0,event
10:33:55.926,0.0,0.0,0.0,0.0,0.0,0.0,0.0,0.0,0.0,0.0,0.0,0.0,0.0,0.0,0.0,0.0,0.0,0.0,0.0,0.0,774.43225,762.74725,798.60803,1240.6227,742.6007,-0.4444580078125,0.1512451171875,0.86370849609375,1.854248046875,-3.043060302734375,-0.58319091796875,0.0,4.0,4.0,4.0,4.0,100.0,event
10:33:55.928,0.0,0.0,0.0,0.0,0.0,0.0,0.0,0.0,0.0,0.0,0.0,0.0,0.0,0.0,0.0,0.0,0.0,0.0,0.0,0.0,797.3993,755.4945,800.6227,1573.8462,862.27106,-0.4444580078125,0.1512451171875,0.86370849609375,1.854248046875,-3.043060302734375,-0.58319091796875,0.0,4.0,4.0,4.0,4.0,100.0,event
10:33:55.930,0.0,0.0,0.0,0.0,0.0,0.0,0.0,0.0,0.0,0.0,0.0,0.0,0.0,0.0,0.0,0.0,0.0,0.0,0.0,0.0,843.3333,757.1062,798.20514,1641.5385,1011.75824,-0.4444580078125,0.1512451171875,0.86370849609375,1.854248046875,-3.043060302734375,-0.58319091796875,0.0,4.0,4.0,4.0,4.0,100.0,event
10:33:55.931,0.0,0.0,0.0,0.0,0.0,0.0,0.0,0.0,0.0,0.0,0.0,0.0,0.0,0.0,0.0,0.0,0.0,0.0,0.0,0.0,850.18317,763.1502,795.38464,1614.5421,836.8865,-0.4444580078125,0.1512451171875,0.86370849609375,1.854248046875,-3.043060302734375,-0.58319091796875,0.0,4.0,4.0,4.0,4.0,100.0,event
10:33:55.932,0.0,0.0,0.0,0.0,0.0,0.0,0.0,0.0,0.0,0.0,0.0,0.0,0.0,0.0,0.0,0.0,0.0,0.0,0.0,0.0,801.8315,763.5531,792.96704,1632.2711,783.69965,-0.4444580078125,0.1512451171875,0.86370849609375,1.854248046875,-3.043060302734375,-0.58319091796875,0.0,4.0,4.0,4.0,4.0,100.0,event
10:33:55.975,0.0,0.0,0.0,0.0,0.0,0.0,0.0,0.0,0.0,0.0,0.0,0.0,0.0,0.0,0.0,0.0,0.0,0.0,0.0,0.0,776.04395,761.13556,799.011,1628.2417,834.4689,-0.44482421875,0.1513671875,0.87939453125,2.37762451171875,-3.4991455078125,-0.859832763671875,0.0,4.0,4.0,4.0,4.0,100.0,event
10:33:55.976,0.0,0.0,0.0,0.0,0.0,0.0,0.0,0.0,0.0,0.0,0.0,0.0,0.0,0.0,0.0,0.0,0.0,0.0,0.0,0.0,809.4872,759.5238,805.05493,1627.8389,915.4579,-0.44482421875,0.1513671875,0.87939453125,2.37762451171875,-3.4991455078125,-0.859832763671875,0.0,4.0,4.0,4.0,4.0,100.0,event
10:33:55.977,0.0,0.0,0.0,0.0,0.0,0.0,0.0,0.0,0.0,0.0,0.0,0.0,0.0,0.0,0.0,0.0,0.0,0.0,0.0,0.0,852.6007,758.315,803.0403,1628.2417,811.0989,-0.44482421875,0.1513671875,0.87939453125,2.37762451171875,-3.4991455078125,-0.859832763671875,0.0,4.0,4.0,4.0,4.0,100.0,event
10:33:55.978,0.0,0.0,0.0,0.0,0.0,0.0,0.0,0.0,0.0,0.0,0.0,0.0,0.0,0.0,0.0,0.0,0.0,0.0,0.0,0.0,862.674,759.92676,798.20514,1634.6886,722.8571,-0.44482421875,0.1513671875,0.87939453125,2.37762451171875,-3.4991455078125,-0.859832763671875,0.0,4.0,4.0,4.0,4.0,100.0,event
10:33:55.979,0.0,0.0,0.0,0.0,0.0,0.0,0.0,0.0,0.0,0.0,0.0,0.0,0.0,0.0,0.0,0.0,0.0,0.0,0.0,0.0,814.7253,765.16486,793.7729,1603.663,880.40295,-0.44482421875,0.1513671875,0.87939453125,2.37762451171875,-3.4991455078125,-0.859832763671875,0.0,4.0,4.0,4.0,4.0,100.0,event
10:33:55.980,0.0,0.0,0.0,0.0,0.0,0.0,0.0,0.0,0.0,0.0,0.0,0.0,0.0,0.0,0.0,0.0,0.0,0.0,0.0,0.0,774.43225,764.35895,796.5934,1643.5531,877.5824,-0.44482421875,0.1513671875,0.87939453125,2.37762451171875,-3.4991455078125,-0.859832763671875,0.0,4.0,4.0,4.0,4.0,100.0,event
10:33:55.984,0.0,0.0,0.0,0.0,0.0,0.0,0.0,0.0,0.0,0.0,0.0,0.0,0.0,0.0,0.0,0.0,0.0,0.0,0.0,0.0,789.34064,755.4945,798.60803,1510.989,786.52014,-0.44482421875,0.1513671875,0.87939453125,2.37762451171875,-3.4991455078125,-0.859832763671875,0.0,4.0,4.0,4.0,4.0,100.0,event
10:33:55.985,0.0,0.0,0.0,0.0,0.0,0.0,0.0,0.0,0.0,0.0,0.0,0.0,0.0,0.0,0.0,0.0,0.0,0.0,0.0,0.0,861.4652,761.53845,781.28204,128.5348,877.1795,-0.44482421875,0.1513671875,0.87939453125,2.37762451171875,-3.4991455078125,-0.859832763671875,0.0,4.0,4.0,4.0,4.0,100.0,event
10:33:55.985,0.0,0.0,0.0,0.0,0.0,0.0,0.0,0.0,0.0,0.0,0.0,0.0,0.0,0.0,0.0,0.0,0.0,0.0,0.0,0.0,837.28937,756.7033,788.93774,766.3736,802.23444,-0.44482421875,0.1513671875,0.87939453125,2.37762451171875,-3.4991455078125,-0.859832763671875,0.0,4.0,4.0,4.0,4.0,100.0,event
10:33:55.986,0.0,0.0,0.0,0.0,0.0,0.0,0.0,0.0,0.0,0.0,0.0,0.0,0.0,0.0,0.0,0.0,0.0,0.0,0.0,0.0,826.0073,761.9414,790.9524,0.0,700.696,-0.44482421875,0.1513671875,0.87939453125,2.37762451171875,-3.4991455078125,-0.859832763671875,0.0,4.0,4.0,4.0,4.0,100.0,event
10:33:55.987,0.0,0.0,0.0,0.0,0.0,0.0,0.0,0.0,0.0,0.0,0.0,0.0,0.0,0.0,0.0,0.0,0.0,0.0,0.0,0.0,787.326,760.32965,802.23444,12.490843,527.4359,-0.44482421875,0.1513671875,0.87939453125,2.37762451171875,-3.4991455078125,-0.859832763671875,0.0,4.0,4.0,4.0,4.0,100.0,event
10:33:55.987,0.0,0.0,0.0,0.0,0.0,0.0,0.0,0.0,0.0,0.0,0.0,0.0,0.0,0.0,0.0,0.0,0.0,0.0,0.0,0.0,790.54944,758.315,799.81683,0.0,674.90845,-0.44482421875,0.1513671875,0.87939453125,2.37762451171875,-3.4991455078125,-0.859832763671875,0.0,4.0,4.0,4.0,4.0,100.0,event
10:33:55.991,0.0,0.0,0.0,0.0,0.0,0.0,0.0,0.0,0.0,0.0,0.0,0.0,0.0,0.0,0.0,0.0,0.0,0.0,0.0,0.0,831.6484,762.3443,792.5641,0.0,894.10254,-0.44482421875,0.1513671875,0.87939453125,2.37762451171875,-3.4991455078125,-0.859832763671875,0.0,4.0,4.0,4.0,4.0,100.0,event
10:33:55.992,0.0,0.0,0.0,0.0,0.0,0.0,0.0,0.0,0.0,0.0,0.0,0.0,0.0,0.0,0.0,0.0,0.0,0.0,0.0,0.0,868.315,760.7326,792.5641,0.0,780.87915,-0.44482421875,0.1513671875,0.87939453125,2.37762451171875,-3.4991455078125,-0.859832763671875,0.0,4.0,4.0,4.0,4.0,100.0,event
10:33:55.993,0.0,0.0,0.0,0.0,0.0,0.0,0.0,0.0,0.0,0.0,0.0,0.0,0.0,0.0,0.0,0.0,0.0,0.0,0.0,0.0,837.28937,759.5238,790.9524,0.0,657.5824,-0.44482421875,0.1513671875,0.87939453125,2.37762451171875,-3.4991455078125,-0.859832763671875,0.0,4.0,4.0,4.0,4.0,100.0,event
10:33:55.994,0.0,0.0,0.0,0.0,0.0,0.0,0.0,0.0,0.0,0.0,0.0,0.0,0.0,0.0,0.0,0.0,0.0,0.0,0.0,0.0,784.10254,761.13556,792.96704,0.0,688.20514,-0.44482421875,0.1513671875,0.87939453125,2.37762451171875,-3.4991455078125,-0.859832763671875,0.0,4.0,4.0,4.0,4.0,100.0,event
10:33:55.995,0.0,0.0,0.0,0.0,0.0,0.0,0.0,0.0,0.0,0.0,0.0,0.0,0.0,0.0,0.0,0.0,0.0,0.0,0.0,0.0,790.54944,759.12085,791.75824,0.0,699.0842,-0.44482421875,0.1513671875,0.87939453125,2.37762451171875,-3.4991455078125,-0.859832763671875,0.0,4.0,4.0,4.0,4.0,100.0,event
10:33:55.995,0.0,0.0,0.0,0.0,0.0,0.0,0.0,0.0,0.0,0.0,0.0,0.0,0.0,0.0,0.0,0.0,0.0,0.0,0.0,0.0,837.6923,759.92676,790.54944,0.0,735.7509,-0.44482421875,0.1513671875,0.87939453125,2.37762451171875,-3.4991455078125,-0.859832763671875,0.0,4.0,4.0,4.0,4.0,100.0,event
10:33:55.996,0.0,0.0,0.0,0.0,0.0,0.0,0.0,0.0,0.0,0.0,0.0,0.0,0.0,0.0,0.0,0.0,0.0,0.0,0.0,0.0,865.89746,763.1502,795.38464,0.0,781.28204,-0.44482421875,0.1513671875,0.87939453125,2.37762451171875,-3.4991455078125,-0.859832763671875,0.0,4.0,4.0,4.0,4.0,100.0,event
10:33:55.996,0.0,0.0,0.0,0.0,0.0,0.0,0.0,0.0,0.0,0.0,0.0,0.0,0.0,0.0,0.0,0.0,0.0,0.0,0.0,0.0,827.2161,765.16486,795.38464,0.0,918.68134,-0.44482421875,0.1513671875,0.87939453125,2.37762451171875,-3.4991455078125,-0.859832763671875,0.0,4.0,4.0,4.0,4.0,100.0,event
10:33:55.997,0.0,0.0,0.0,0.0,0.0,0.0,0.0,0.0,0.0,0.0,0.0,0.0,0.0,0.0,0.0,0.0,0.0,0.0,0.0,0.0,774.0293,761.13556,795.78754,0.0,1115.7142,-0.44482421875,0.1513671875,0.87939453125,2.37762451171875,-3.4991455078125,-0.859832763671875,0.0,4.0,4.0,4.0,4.0,100.0,event
10:33:55.998,0.0,0.0,0.0,0.0,0.0,0.0,0.0,0.0,0.0,0.0,0.0,0.0,0.0,0.0,0.0,0.0,0.0,0.0,0.0,0.0,792.1612,760.7326,792.5641,0.0,816.337,-0.44482421875,0.1513671875,0.87939453125,2.37762451171875,-3.4991455078125,-0.859832763671875,0.0,4.0,4.0,4.0,4.0,100.0,event
10:33:55.999,0.0,0.0,0.0,0.0,0.0,0.0,0.0,0.0,0.0,0.0,0.0,0.0,0.0,0.0,0.0,0.0,0.0,0.0,0.0,0.0,838.9011,759.5238,790.9524,0.0,593.91943,-0.44482421875,0.1513671875,0.87939453125,2.37762451171875,-3.4991455078125,-0.859832763671875,0.0,4.0,4.0,4.0,4.0,100.0,event
10:33:56.000,0.0,0.0,0.0,0.0,0.0,0.0,0.0,0.0,0.0,0.0,0.0,0.0,0.0,0.0,0.0,0.0,0.0,0.0,0.0,0.0,867.1062,758.315,792.96704,0.0,729.707,-0.44482421875,0.1513671875,0.87939453125,2.37762451171875,-3.4991455078125,-0.859832763671875,0.0,4.0,4.0,4.0,4.0,100.0,event
10:33:56.021,0.0,0.0,0.0,0.0,0.0,0.0,0.0,0.0,0.0,0.0,0.0,0.0,0.0,0.0,0.0,0.0,0.0,0.0,0.0,0.0,843.73627,759.92676,797.3993,0.0,746.2271,-0.44207763671875,0.1451416015625,0.87445068359375,1.876678466796875,-4.29168701171875,-0.396270751953125,0.0,4.0,4.0,4.0,4.0,100.0,event
10:33:56.022,0.0,0.0,0.0,0.0,0.0,0.0,0.0,0.0,0.0,0.0,0.0,0.0,0.0,0.0,0.0,0.0,0.0,0.0,0.0,0.0,796.99634,758.71796,797.3993,0.0,633.8095,-0.44207763671875,0.1451416015625,0.87445068359375,1.876678466796875,-4.29168701171875,-0.396270751953125,0.0,4.0,4.0,4.0,4.0,100.0,event
10:33:56.023,0.0,0.0,0.0,0.0,0.0,0.0,0.0,0.0,0.0,0.0,0.0,0.0,0.0,0.0,0.0,0.0,0.0,0.0,0.0,0.0,796.5934,757.9121,793.36993,0.0,628.5714,-0.44207763671875,0.1451416015625,0.87445068359375,1.876678466796875,-4.29168701171875,-0.396270751953125,0.0,4.0,4.0,4.0,4.0,100.0,event
10:33:56.024,0.0,0.0,0.0,0.0,0.0,0.0,0.0,0.0,0.0,0.0,0.0,0.0,0.0,0.0,0.0,0.0,0.0,0.0,0.0,0.0,832.0513,760.32965,788.93774,0.0,714.3956,-0.44207763671875,0.1451416015625,0.87445068359375,1.876678466796875,-4.29168701171875,-0.396270751953125,0.0,4.0,4.0,4.0,4.0,100.0,event
10:33:56.025,0.0,0.0,0.0,0.0,0.0,0.0,0.0,0.0,0.0,0.0,0.0,0.0,0.0,0.0,0.0,0.0,0.0,0.0,0.0,0.0,863.47986,761.13556,789.34064,0.0,714.7985,-0.44207763671875,0.1451416015625,0.87445068359375,1.876678466796875,-4.29168701171875,-0.396270751953125,0.0,4.0,4.0,4.0,4.0,100.0,event
10:33:56.026,0.0,0.0,0.0,0.0,0.0,0.0,0.0,0.0,0.0,0.0,0.0,0.0,0.0,0.0,0.0,0.0,0.0,0.0,0.0,0.0,850.989,761.53845,789.34064,0.0,716.0073,-0.44207763671875,0.1451416015625,0.87445068359375,1.876678466796875,-4.29168701171875,-0.396270751953125,0.0,4.0,4.0,4.0,4.0,100.0,event
10:33:56.027,0.0,0.0,0.0,0.0,0.0,0.0,0.0,0.0,0.0,0.0,0.0,0.0,0.0,0.0,0.0,0.0,0.0,0.0,0.0,0.0,798.60803,758.71796,789.34064,0.0,794.17584,-0.44207763671875,0.1451416015625,0.87445068359375,1.876678466796875,-4.29168701171875,-0.396270751953125,0.0,4.0,4.0,4.0,4.0,100.0,event
10:33:56.028,0.0,0.0,0.0,0.0,0.0,0.0,0.0,0.0,0.0,0.0,0.0,0.0,0.0,0.0,0.0,0.0,0.0,0.0,0.0,0.0,775.64105,756.7033,796.1905,0.0,1083.8828,-0.44207763671875,0.1451416015625,0.87445068359375,1.876678466796875,-4.29168701171875,-0.396270751953125,0.0,4.0,4.0,4.0,4.0,100.0,event
10:33:56.031,0.0,0.0,0.0,0.0,0.0,0.0,0.0,0.0,0.0,0.0,0.0,0.0,0.0,0.0,0.0,0.0,0.0,0.0,0.0,0.0,819.5604,760.32965,796.1905,0.0,994.0293,-0.44207763671875,0.1451416015625,0.87445068359375,1.876678466796875,-4.29168701171875,-0.396270751953125,0.0,4.0,4.0,4.0,4.0,100.0,event
10:33:56.032,0.0,0.0,0.0,0.0,0.0,0.0,0.0,0.0,0.0,0.0,0.0,0.0,0.0,0.0,0.0,0.0,0.0,0.0,0.0,0.0,873.95605,761.53845,795.38464,0.0,716.0073,-0.44207763671875,0.1451416015625,0.87445068359375,1.876678466796875,-4.29168701171875,-0.396270751953125,0.0,4.0,4.0,4.0,4.0,100.0,event
10:33:56.033,0.0,0.0,0.0,0.0,0.0,0.0,0.0,0.0,0.0,0.0,0.0,0.0,0.0,0.0,0.0,0.0,0.0,0.0,0.0,0.0,868.315,759.5238,797.3993,0.0,751.8681,-0.44207763671875,0.1451416015625,0.87445068359375,1.876678466796875,-4.29168701171875,-0.396270751953125,0.0,4.0,4.0,4.0,4.0,100.0,event
10:33:56.034,0.0,0.0,0.0,0.0,0.0,0.0,0.0,0.0,0.0,0.0,0.0,0.0,0.0,0.0,0.0,0.0,0.0,0.0,0.0,0.0,814.3223,760.7326,795.78754,0.0,735.7509,-0.44207763671875,0.1451416015625,0.87445068359375,1.876678466796875,-4.29168701171875,-0.396270751953125,0.0,4.0,4.0,4.0,4.0,100.0,event
10:33:56.069,0.0,0.0,0.0,0.0,0.0,0.0,0.0,0.0,0.0,0.0,0.0,0.0,0.0,0.0,0.0,0.0,0.0,0.0,0.0,0.0,794.57874,762.3443,793.7729,0.0,719.2308,-0.43634033203125,0.14776611328125,0.87530517578125,2.609405517578125,-4.044952392578125,0.55328369140625,0.0,4.0,4.0,4.0,4.0,100.0,event
10:33:56.070,0.0,0.0,0.0,0.0,0.0,0.0,0.0,0.0,0.0,0.0,0.0,0.0,0.0,0.0,0.0,0.0,0.0,0.0,0.0,0.0,822.381,761.9414,794.9817,0.0,697.47253,-0.43634033203125,0.14776611328125,0.87530517578125,2.609405517578125,-4.044952392578125,0.55328369140625,0.0,4.0,4.0,4.0,4.0,100.0,event
10:33:56.070,0.0,0.0,0.0,0.0,0.0,0.0,0.0,0.0,0.0,0.0,0.0,0.0,0.0,0.0,0.0,0.0,0.0,0.0,0.0,0.0,851.39197,760.7326,797.3993,0.0,766.77655,-0.43634033203125,0.14776611328125,0.87530517578125,2.609405517578125,-4.044952392578125,0.55328369140625,0.0,4.0,4.0,4.0,4.0,100.0,event
10:33:56.070,0.0,0.0,0.0,0.0,0.0,0.0,0.0,0.0,0.0,0.0,0.0,0.0,0.0,0.0,0.0,0.0,0.0,0.0,0.0,0.0,851.39197,760.7326,798.20514,0.0,838.0952,-0.43634033203125,0.14776611328125,0.87530517578125,2.609405517578125,-4.044952392578125,0.55328369140625,0.0,4.0,4.0,4.0,4.0,100.0,event
10:33:56.071,0.0,0.0,0.0,0.0,0.0,0.0,0.0,0.0,0.0,0.0,0.0,0.0,0.0,0.0,0.0,0.0,0.0,0.0,0.0,0.0,807.47253,763.95605,801.4286,0.0,745.0183,-0.43634033203125,0.14776611328125,0.87530517578125,2.609405517578125,-4.044952392578125,0.55328369140625,0.0,4.0,4.0,4.0,4.0,100.0,event
10:33:56.071,0.0,0.0,0.0,0.0,0.0,0.0,0.0,0.0,0.0,0.0,0.0,0.0,0.0,0.0,0.0,0.0,0.0,0.0,0.0,0.0,770.80585,762.74725,796.1905,0.0,722.0513,-0.43634033203125,0.14776611328125,0.87530517578125,2.609405517578125,-4.044952392578125,0.55328369140625,0.0,4.0,4.0,4.0,4.0,100.0,event
10:33:56.071,0.0,0.0,0.0,0.0,0.0,0.0,0.0,0.0,0.0,0.0,0.0,0.0,0.0,0.0,0.0,0.0,0.0,0.0,0.0,0.0,789.34064,761.9414,788.5348,0.0,923.5165,-0.43634033203125,0.14776611328125,0.87530517578125,2.609405517578125,-4.044952392578125,0.55328369140625,0.0,4.0,4.0,4.0,4.0,100.0,event
10:33:56.072,0.0,0.0,0.0,0.0,0.0,0.0,0.0,0.0,0.0,0.0,0.0,0.0,0.0,0.0,0.0,0.0,0.0,0.0,0.0,0.0,837.6923,764.7619,790.14655,0.0,1043.5897,-0.43634033203125,0.14776611328125,0.87530517578125,2.609405517578125,-4.044952392578125,0.55328369140625,0.0,4.0,4.0,4.0,4.0,100.0,event
10:33:56.072,0.0,0.0,0.0,0.0,0.0,0.0,0.0,0.0,0.0,0.0,0.0,0.0,0.0,0.0,0.0,0.0,0.0,0.0,0.0,0.0,855.82416,763.5531,794.9817,0.0,842.1245,-0.43634033203125,0.14776611328125,0.87530517578125,2.609405517578125,-4.044952392578125,0.55328369140625,0.0,4.0,4.0,4.0,4.0,100.0,event
10:33:56.073,0.0,0.0,0.0,0.0,0.0,0.0,0.0,0.0,0.0,0.0,0.0,0.0,0.0,0.0,0.0,0.0,0.0,0.0,0.0,0.0,781.685,760.32965,802.6374,0.4029304,743.4066,-0.43634033203125,0.14776611328125,0.87530517578125,2.609405517578125,-4.044952392578125,0.55328369140625,0.0,4.0,4.0,4.0,4.0,100.0,event
10:33:56.073,0.0,0.0,0.0,0.0,0.0,0.0,0.0,0.0,0.0,0.0,0.0,0.0,0.0,0.0,0.0,0.0,0.0,0.0,0.0,0.0,759.5238,763.1502,801.02563,0.0,772.4176,-0.43634033203125,0.14776611328125,0.87530517578125,2.609405517578125,-4.044952392578125,0.55328369140625,0.0,4.0,4.0,4.0,4.0,100.0,event
10:33:56.073,0.0,0.0,0.0,0.0,0.0,0.0,0.0,0.0,0.0,0.0,0.0,0.0,0.0,0.0,0.0,0.0,0.0,0.0,0.0,0.0,801.8315,762.3443,797.3993,2.014652,735.34796,-0.43634033203125,0.14776611328125,0.87530517578125,2.609405517578125,-4.044952392578125,0.55328369140625,0.0,4.0,4.0,4.0,4.0,100.0,event
10:33:56.119,0.0,0.0,0.0,0.0,0.0,0.0,0.0,0.0,0.0,0.0,0.0,0.0,0.0,0.0,0.0,0.0,0.0,0.0,0.0,0.0,834.4689,758.315,798.60803,85.01832,689.011,-0.4437255859375,0.1502685546875,0.879638671875,1.9439697265625,-3.252410888671875,0.6878662109375,0.0,4.0,4.0,4.0,4.0,100.0,event
10:33:56.120,0.0,0.0,0.0,0.0,0.0,0.0,0.0,0.0,0.0,0.0,0.0,0.0,0.0,0.0,0.0,0.0,0.0,0.0,0.0,0.0,857.8388,763.5531,794.9817,128.93773,805.8608,-0.4437255859375,0.1502685546875,0.879638671875,1.9439697265625,-3.252410888671875,0.6878662109375,0.0,4.0,4.0,4.0,4.0,100.0,event
10:33:56.120,0.0,0.0,0.0,0.0,0.0,0.0,0.0,0.0,0.0,0.0,0.0,0.0,0.0,0.0,0.0,0.0,0.0,0.0,0.0,0.0,804.2491,767.5824,789.7436,54.798534,913.44324,-0.4437255859375,0.1502685546875,0.879638671875,1.9439697265625,-3.252410888671875,0.6878662109375,0.0,4.0,4.0,4.0,4.0,100.0,event
10:33:56.121,0.0,0.0,0.0,0.0,0.0,0.0,0.0,0.0,0.0,0.0,0.0,0.0,0.0,0.0,0.0,0.0,0.0,0.0,0.0,0.0,766.77655,770.40295,792.5641,116.04395,808.68134,-0.4437255859375,0.1502685546875,0.879638671875,1.9439697265625,-3.252410888671875,0.6878662109375,0.0,4.0,4.0,4.0,4.0,100.0,event
10:33:56.122,0.0,0.0,0.0,0.0,0.0,0.0,0.0,0.0,0.0,0.0,0.0,0.0,0.0,0.0,0.0,0.0,0.0,0.0,0.0,0.0,786.52014,767.1795,795.78754,245.38461,767.1795,-0.4437255859375,0.1502685546875,0.879638671875,1.9439697265625,-3.252410888671875,0.6878662109375,0.0,4.0,4.0,4.0,4.0,100.0,event
10:33:56.123,0.0,0.0,0.0,0.0,0.0,0.0,0.0,0.0,0.0,0.0,0.0,0.0,0.0,0.0,0.0,0.0,0.0,0.0,0.0,0.0,827.619,764.7619,792.5641,248.60806,889.2674,-0.4437255859375,0.1502685546875,0.879638671875,1.9439697265625,-3.252410888671875,0.6878662109375,0.0,4.0,4.0,4.0,4.0,100.0,event
10:33:56.124,0.0,0.0,0.0,0.0,0.0,0.0,0.0,0.0,0.0,0.0,0.0,0.0,0.0,0.0,0.0,0.0,0.0,0.0,0.0,0.0,842.9304,766.77655,791.3553,239.34065,1137.0696,-0.4437255859375,0.1502685546875,0.879638671875,1.9439697265625,-3.252410888671875,0.6878662109375,0.0,4.0,4.0,4.0,4.0,100.0,event
10:33:56.124,0.0,0.0,0.0,0.0,0.0,0.0,0.0,0.0,0.0,0.0,0.0,0.0,0.0,0.0,0.0,0.0,0.0,0.0,0.0,0.0,805.8608,765.56775,790.14655,143.84616,907.3993,-0.4437255859375,0.1502685546875,0.879638671875,1.9439697265625,-3.252410888671875,0.6878662109375,0.0,4.0,4.0,4.0,4.0,100.0,event
10:33:56.125,0.0,0.0,0.0,0.0,0.0,0.0,0.0,0.0,0.0,0.0,0.0,0.0,0.0,0.0,0.0,0.0,0.0,0.0,0.0,0.0,777.6557,765.56775,790.14655,90.25641,690.6227,-0.4437255859375,0.1502685546875,0.879638671875,1.9439697265625,-3.252410888671875,0.6878662109375,0.0,4.0,4.0,4.0,4.0,100.0,event
10:33:56.126,0.0,0.0,0.0,0.0,0.0,0.0,0.0,0.0,0.0,0.0,0.0,0.0,0.0,0.0,0.0,0.0,0.0,0.0,0.0,0.0,791.3553,761.9414,790.14655,184.54213,745.0183,-0.4437255859375,0.1502685546875,0.879638671875,1.9439697265625,-3.252410888671875,0.6878662109375,0.0,4.0,4.0,4.0,4.0,100.0,event
10:33:56.129,0.0,0.0,0.0,0.0,0.0,0.0,0.0,0.0,0.0,0.0,0.0,0.0,0.0,0.0,0.0,0.0,0.0,0.0,0.0,0.0,836.08057,761.9414,796.5934,157.14285,747.8388,-0.4437255859375,0.1502685546875,0.879638671875,1.9439697265625,-3.252410888671875,0.6878662109375,0.0,4.0,4.0,4.0,4.0,100.0,event
10:33:56.130,0.0,0.0,0.0,0.0,0.0,0.0,0.0,0.0,0.0,0.0,0.0,0.0,0.0,0.0,0.0,0.0,0.0,0.0,0.0,0.0,863.47986,765.16486,797.3993,303.4066,740.58606,-0.4437255859375,0.1502685546875,0.879638671875,1.9439697265625,-3.252410888671875,0.6878662109375,0.0,4.0,4.0,4.0,4.0,100.0,event
10:33:56.158,0.0,0.0,0.0,0.0,0.0,0.0,0.0,0.0,0.0,0.0,0.0,0.0,0.0,0.0,0.0,0.0,0.0,0.0,0.0,0.0,825.6044,764.7619,791.3553,510.91574,748.24176,-0.44293212890625,0.1495361328125,0.869140625,2.04864501953125,-3.00567626953125,0.31402587890625,0.0,4.0,4.0,4.0,4.0,100.0,event
10:33:56.159,0.0,0.0,0.0,0.0,0.0,0.0,0.0,0.0,0.0,0.0,0.0,0.0,0.0,0.0,0.0,0.0,0.0,0.0,0.0,0.0,776.4469,763.95605,794.17584,513.3333,828.4249,-0.44293212890625,0.1495361328125,0.869140625,2.04864501953125,-3.00567626953125,0.31402587890625,0.0,4.0,4.0,4.0,4.0,100.0,event
10:33:56.160,0.0,0.0,0.0,0.0,0.0,0.0,0.0,0.0,0.0,0.0,0.0,0.0,0.0,0.0,0.0,0.0,0.0,0.0,0.0,0.0,786.1172,762.3443,796.99634,478.27838,851.39197,-0.44293212890625,0.1495361328125,0.869140625,2.04864501953125,-3.00567626953125,0.31402587890625,0.0,4.0,4.0,4.0,4.0,100.0,event
10:33:56.161,0.0,0.0,0.0,0.0,0.0,0.0,0.0,0.0,0.0,0.0,0.0,0.0,0.0,0.0,0.0,0.0,0.0,0.0,0.0,0.0,836.08057,759.92676,794.17584,489.96338,757.1062,-0.44293212890625,0.1495361328125,0.869140625,2.04864501953125,-3.00567626953125,0.31402587890625,0.0,4.0,4.0,4.0,4.0,100.0,event
10:33:56.162,0.0,0.0,0.0,0.0,0.0,0.0,0.0,0.0,0.0,0.0,0.0,0.0,0.0,0.0,0.0,0.0,0.0,0.0,0.0,0.0,868.315,762.74725,794.57874,543.95605,718.8278,-0.44293212890625,0.1495361328125,0.869140625,2.04864501953125,-3.00567626953125,0.31402587890625,0.0,4.0,4.0,4.0,4.0,100.0,event
10:33:56.162,0.0,0.0,0.0,0.0,0.0,0.0,0.0,0.0,0.0,0.0,0.0,0.0,0.0,0.0,0.0,0.0,0.0,0.0,0.0,0.0,840.9158,765.56775,796.1905,454.10257,993.6264,-0.44293212890625,0.1495361328125,0.869140625,2.04864501953125,-3.00567626953125,0.31402587890625,0.0,4.0,4.0,4.0,4.0,100.0,event
10:33:56.163,0.0,0.0,0.0,0.0,0.0,0.0,0.0,0.0,0.0,0.0,0.0,0.0,0.0,0.0,0.0,0.0,0.0,0.0,0.0,0.0,790.14655,762.74725,787.72894,267.14285,1097.5824,-0.44293212890625,0.1495361328125,0.869140625,2.04864501953125,-3.00567626953125,0.31402587890625,0.0,4.0,4.0,4.0,4.0,100.0,event
10:33:56.164,0.0,0.0,0.0,0.0,0.0,0.0,0.0,0.0,0.0,0.0,0.0,0.0,0.0,0.0,0.0,0.0,0.0,0.0,0.0,0.0,786.9231,763.1502,778.86444,161.57509,757.50916,-0.44293212890625,0.1495361328125,0.869140625,2.04864501953125,-3.00567626953125,0.31402587890625,0.0,4.0,4.0,4.0,4.0,100.0,event
10:33:56.164,0.0,0.0,0.0,0.0,0.0,0.0,0.0,0.0,0.0,0.0,0.0,0.0,0.0,0.0,0.0,0.0,0.0,0.0,0.0,0.0,825.6044,763.5531,778.46155,146.66667,672.8938,-0.44293212890625,0.1495361328125,0.869140625,2.04864501953125,-3.00567626953125,0.31402587890625,0.0,4.0,4.0,4.0,4.0,100.0,event
10:33:56.165,0.0,0.0,0.0,0.0,0.0,0.0,0.0,0.0,0.0,0.0,0.0,0.0,0.0,0.0,0.0,0.0,0.0,0.0,0.0,0.0,852.1978,764.35895,792.96704,163.18681,874.35895,-0.44293212890625,0.1495361328125,0.869140625,2.04864501953125,-3.00567626953125,0.31402587890625,0.0,4.0,4.0,4.0,4.0,100.0,event
10:33:56.165,0.0,0.0,0.0,0.0,0.0,0.0,0.0,0.0,0.0,0.0,0.0,0.0,0.0,0.0,0.0,0.0,0.0,0.0,0.0,0.0,828.8278,763.95605,802.6374,185.75092,834.4689,-0.44293212890625,0.1495361328125,0.869140625,2.04864501953125,-3.00567626953125,0.31402587890625,0.0,4.0,4.0,4.0,4.0,100.0,event
10:33:56.166,0.0,0.0,0.0,0.0,0.0,0.0,0.0,0.0,0.0,0.0,0.0,0.0,0.0,0.0,0.0,0.0,0.0,0.0,0.0,0.0,781.685,761.9414,803.8461,312.67398,662.8205,-0.44293212890625,0.1495361328125,0.869140625,2.04864501953125,-3.00567626953125,0.31402587890625,0.0,4.0,4.0,4.0,4.0,100.0,event
10:33:56.231,0.0,0.0,0.0,0.0,0.0,0.0,0.0,0.0,0.0,0.0,0.0,0.0,0.0,0.0,0.0,0.0,0.0,0.0,0.0,0.0,776.8498,764.35895,799.81683,412.1978,708.7546,-0.44293212890625,0.1495361328125,0.869140625,2.04864501953125,-3.00567626953125,0.31402587890625,0.0,4.0,4.0,4.0,4.0,100.0,event
10:33:56.233,0.0,0.0,0.0,0.0,0.0,0.0,0.0,0.0,0.0,0.0,0.0,0.0,0.0,0.0,0.0,0.0,0.0,0.0,0.0,0.0,816.7399,767.5824,792.96704,526.2271,836.4835,-0.44293212890625,0.1495361328125,0.869140625,2.04864501953125,-3.00567626953125,0.31402587890625,0.0,4.0,4.0,4.0,4.0,100.0,event
10:33:56.234,0.0,0.0,0.0,0.0,0.0,0.0,0.0,0.0,0.0,0.0,0.0,0.0,0.0,0.0,0.0,0.0,0.0,0.0,0.0,0.0,856.63007,770.0,794.17584,539.92676,806.26373,-0.44293212890625,0.1495361328125,0.869140625,2.04864501953125,-3.00567626953125,0.31402587890625,0.0,4.0,4.0,4.0,4.0,100.0,event
10:33:56.236,0.0,0.0,0.0,0.0,0.0,0.0,0.0,0.0,0.0,0.0,0.0,0.0,0.0,0.0,0.0,0.0,0.0,0.0,0.0,0.0,849.7802,764.35895,798.20514,323.95605,728.0952,-0.44293212890625,0.1495361328125,0.869140625,2.04864501953125,-3.00567626953125,0.31402587890625,0.0,4.0,4.0,4.0,4.0,100.0,event
10:33:56.237,0.0,0.0,0.0,0.0,0.0,0.0,0.0,0.0,0.0,0.0,0.0,0.0,0.0,0.0,0.0,0.0,0.0,0.0,0.0,0.0,793.36993,762.74725,794.17584,400.91574,787.326,-0.44293212890625,0.1495361328125,0.869140625,2.04864501953125,-3.00567626953125,0.31402587890625,0.0,4.0,4.0,4.0,4.0,100.0,event
10:33:56.239,0.0,0.0,0.0,0.0,0.0,0.0,0.0,0.0,0.0,0.0,0.0,0.0,0.0,0.0,0.0,0.0,0.0,0.0,0.0,0.0,772.8205,765.16486,795.78754,685.38464,896.9231,-0.44293212890625,0.1495361328125,0.869140625,2.04864501953125,-3.00567626953125,0.31402587890625,0.0,4.0,4.0,4.0,4.0,100.0,event
10:33:56.240,0.0,0.0,0.0,0.0,0.0,0.0,0.0,0.0,0.0,0.0,0.0,0.0,0.0,0.0,0.0,0.0,0.0,0.0,0.0,0.0,818.7546,763.1502,797.8022,775.64105,863.0769,-0.44293212890625,0.1495361328125,0.869140625,2.04864501953125,-3.00567626953125,0.31402587890625,0.0,4.0,4.0,4.0,4.0,100.0,event
10:33:56.243,0.0,0.0,0.0,0.0,0.0,0.0,0.0,0.0,0.0,0.0,0.0,0.0,0.0,0.0,0.0,0.0,0.0,0.0,0.0,0.0,861.4652,766.77655,789.7436,804.2491,786.1172,-0.44293212890625,0.1495361328125,0.869140625,2.04864501953125,-3.00567626953125,0.31402587890625,0.0,4.0,4.0,4.0,4.0,100.0,event
10:33:56.244,0.0,0.0,0.0,0.0,0.0,0.0,0.0,0.0,0.0,0.0,0.0,0.0,0.0,0.0,0.0,0.0,0.0,0.0,0.0,0.0,853.00366,766.3736,796.1905,760.7326,793.36993,-0.44293212890625,0.1495361328125,0.869140625,2.04864501953125,-3.00567626953125,0.31402587890625,0.0,4.0,4.0,4.0,4.0,100.0,event
10:33:56.245,0.0,0.0,0.0,0.0,0.0,0.0,0.0,0.0,0.0,0.0,0.0,0.0,0.0,0.0,0.0,0.0,0.0,0.0,0.0,0.0,810.696,764.7619,804.65204,593.5165,1014.17584,-0.44293212890625,0.1495361328125,0.869140625,2.04864501953125,-3.00567626953125,0.31402587890625,0.0,4.0,4.0,4.0,4.0,100.0,event
10:33:56.247,0.0,0.0,0.0,0.0,0.0,0.0,0.0,0.0,0.0,0.0,0.0,0.0,0.0,0.0,0.0,0.0,0.0,0.0,0.0,0.0,799.011,766.3736,798.20514,537.9121,871.13556,-0.44293212890625,0.1495361328125,0.869140625,2.04864501953125,-3.00567626953125,0.31402587890625,0.0,4.0,4.0,4.0,4.0,100.0,event
10:33:56.248,0.0,0.0,0.0,0.0,0.0,0.0,0.0,0.0,0.0,0.0,0.0,0.0,0.0,0.0,0.0,0.0,0.0,0.0,0.0,0.0,825.2015,763.95605,793.7729,587.47253,675.7143,-0.44293212890625,0.1495361328125,0.869140625,2.04864501953125,-3.00567626953125,0.31402587890625,0.0,4.0,4.0,4.0,4.0,100.0,event
10:33:56.276,0.0,0.0,0.0,0.0,0.0,0.0,0.0,0.0,0.0,0.0,0.0,0.0,0.0,0.0,0.0,0.0,0.0,0.0,0.0,0.0,863.0769,763.1502,796.5934,502.45422,766.3736,-0.4468994140625,0.1510009765625,0.87310791015625,2.27294921875,-2.908477783203125,0.336456298828125,0.0,4.0,4.0,4.0,4.0,100.0,event
10:33:56.278,0.0,0.0,0.0,0.0,0.0,0.0,0.0,0.0,0.0,0.0,0.0,0.0,0.0,0.0,0.0,0.0,0.0,0.0,0.0,0.0,868.315,764.7619,788.5348,448.0586,751.8681,-0.4468994140625,0.1510009765625,0.87310791015625,2.27294921875,-2.908477783203125,0.336456298828125,0.0,4.0,4.0,4.0,4.0,100.0,event
10:33:56.279,0.0,0.0,0.0,0.0,0.0,0.0,0.0,0.0,0.0,0.0,0.0,0.0,0.0,0.0,0.0,0.0,0.0,0.0,0.0,0.0,820.3663,770.0,792.96704,444.43222,745.0183,-0.4468994140625,0.1510009765625,0.87310791015625,2.27294921875,-2.908477783203125,0.336456298828125,0.0,4.0,4.0,4.0,4.0,100.0,event
10:33:56.280,0.0,0.0,0.0,0.0,0.0,0.0,0.0,0.0,0.0,0.0,0.0,0.0,0.0,0.0,0.0,0.0,0.0,0.0,0.0,0.0,781.28204,770.40295,801.02563,399.70697,752.27106,-0.4468994140625,0.1510009765625,0.87310791015625,2.27294921875,-2.908477783203125,0.336456298828125,0.0,4.0,4.0,4.0,4.0,100.0,event
10:33:56.280,0.0,0.0,0.0,0.0,0.0,0.0,0.0,0.0,0.0,0.0,0.0,0.0,0.0,0.0,0.0,0.0,0.0,0.0,0.0,0.0,804.65204,767.1795,796.99634,403.73627,793.7729,-0.4468994140625,0.1510009765625,0.87310791015625,2.27294921875,-2.908477783203125,0.336456298828125,0.0,4.0,4.0,4.0,4.0,100.0,event
10:33:56.281,0.0,0.0,0.0,0.0,0.0,0.0,0.0,0.0,0.0,0.0,0.0,0.0,0.0,0.0,0.0,0.0,0.0,0.0,0.0,0.0,847.76556,769.19415,797.8022,402.52747,841.31866,-0.4468994140625,0.1510009765625,0.87310791015625,2.27294921875,-2.908477783203125,0.336456298828125,0.0,4.0,4.0,4.0,4.0,100.0,event
10:33:56.282,0.0,0.0,0.0,0.0,0.0,0.0,0.0,0.0,0.0,0.0,0.0,0.0,0.0,0.0,0.0,0.0,0.0,0.0,0.0,0.0,855.0183,769.19415,800.6227,284.46887,873.95605,-0.4468994140625,0.1510009765625,0.87310791015625,2.27294921875,-2.908477783203125,0.336456298828125,0.0,4.0,4.0,4.0,4.0,100.0,event
10:33:56.283,0.0,0.0,0.0,0.0,0.0,0.0,0.0,0.0,0.0,0.0,0.0,0.0,0.0,0.0,0.0,0.0,0.0,0.0,0.0,0.0,817.1429,768.7912,800.6227,198.64468,813.1135,-0.4468994140625,0.1510009765625,0.87310791015625,2.27294921875,-2.908477783203125,0.336456298828125,0.0,4.0,4.0,4.0,4.0,100.0,event
10:33:56.283,0.0,0.0,0.0,0.0,0.0,0.0,0.0,0.0,0.0,0.0,0.0,0.0,0.0,0.0,0.0,0.0,0.0,0.0,0.0,0.0,779.67035,769.59705,793.36993,192.60074,892.0879,-0.4468994140625,0.1510009765625,0.87310791015625,2.27294921875,-2.908477783203125,0.336456298828125,0.0,4.0,4.0,4.0,4.0,100.0,event
10:33:56.284,0.0,0.0,0.0,0.0,0.0,0.0,0.0,0.0,0.0,0.0,0.0,0.0,0.0,0.0,0.0,0.0,0.0,0.0,0.0,0.0,796.99634,765.9707,788.5348,351.35532,1068.5714,-0.4468994140625,0.1510009765625,0.87310791015625,2.27294921875,-2.908477783203125,0.336456298828125,0.0,4.0,4.0,4.0,4.0,100.0,event
10:33:56.284,0.0,0.0,0.0,0.0,0.0,0.0,0.0,0.0,0.0,0.0,0.0,0.0,0.0,0.0,0.0,0.0,0.0,0.0,0.0,0.0,850.18317,767.98535,787.72894,477.87546,887.25275,-0.4468994140625,0.1510009765625,0.87310791015625,2.27294921875,-2.908477783203125,0.336456298828125,0.0,4.0,4.0,4.0,4.0,100.0,event
10:33:56.285,0.0,0.0,0.0,0.0,0.0,0.0,0.0,0.0,0.0,0.0,0.0,0.0,0.0,0.0,0.0,0.0,0.0,0.0,0.0,0.0,863.0769,770.0,784.90845,471.42856,813.91943,-0.4468994140625,0.1510009765625,0.87310791015625,2.27294921875,-2.908477783203125,0.336456298828125,0.0,4.0,4.0,4.0,4.0,100.0,event
10:33:56.316,0.0,0.0,0.0,0.0,0.0,0.0,0.0,0.0,0.0,0.0,0.0,0.0,0.0,0.0,0.0,0.0,0.0,0.0,0.0,0.0,818.3516,767.5824,789.7436,435.56778,828.8278,-0.4429931640625,0.15087890625,0.8729248046875,2.13836669921875,-4.269256591796875,0.97198486328125,0.0,4.0,4.0,4.0,4.0,100.0,event
10:33:56.318,0.0,0.0,0.0,0.0,0.0,0.0,0.0,0.0,0.0,0.0,0.0,0.0,0.0,0.0,0.0,0.0,0.0,0.0,0.0,0.0,781.28204,767.98535,793.36993,415.0183,690.6227,-0.4429931640625,0.15087890625,0.8729248046875,2.13836669921875,-4.269256591796875,0.97198486328125,0.0,4.0,4.0,4.0,4.0,100.0,event
10:33:56.319,0.0,0.0,0.0,0.0,0.0,0.0,0.0,0.0,0.0,0.0,0.0,0.0,0.0,0.0,0.0,0.0,0.0,0.0,0.0,0.0,793.7729,769.19415,788.93774,472.23444,629.7802,-0.4429931640625,0.15087890625,0.8729248046875,2.13836669921875,-4.269256591796875,0.97198486328125,0.0,4.0,4.0,4.0,4.0,100.0,event
10:33:56.321,0.0,0.0,0.0,0.0,0.0,0.0,0.0,0.0,0.0,0.0,0.0,0.0,0.0,0.0,0.0,0.0,0.0,0.0,0.0,0.0,834.0659,769.59705,789.7436,561.685,679.7436,-0.4429931640625,0.15087890625,0.8729248046875,2.13836669921875,-4.269256591796875,0.97198486328125,0.0,4.0,4.0,4.0,4.0,100.0,event
10:33:56.323,0.0,0.0,0.0,0.0,0.0,0.0,0.0,0.0,0.0,0.0,0.0,0.0,0.0,0.0,0.0,0.0,0.0,0.0,0.0,0.0,854.21246,770.0,792.5641,601.1722,770.40295,-0.4429931640625,0.15087890625,0.8729248046875,2.13836669921875,-4.269256591796875,0.97198486328125,0.0,4.0,4.0,4.0,4.0,100.0,event
10:33:56.323,0.0,0.0,0.0,0.0,0.0,0.0,0.0,0.0,0.0,0.0,0.0,0.0,0.0,0.0,0.0,0.0,0.0,0.0,0.0,0.0,816.7399,770.80585,795.38464,591.9048,767.1795,-0.4429931640625,0.15087890625,0.8729248046875,2.13836669921875,-4.269256591796875,0.97198486328125,0.0,4.0,4.0,4.0,4.0,100.0,event
10:33:56.324,0.0,0.0,0.0,0.0,0.0,0.0,0.0,0.0,0.0,0.0,0.0,0.0,0.0,0.0,0.0,0.0,0.0,0.0,0.0,0.0,772.4176,768.3883,796.1905,569.7436,751.06226,-0.4429931640625,0.15087890625,0.8729248046875,2.13836669921875,-4.269256591796875,0.97198486328125,0.0,4.0,4.0,4.0,4.0,100.0,event
10:33:56.325,0.0,0.0,0.0,0.0,0.0,0.0,0.0,0.0,0.0,0.0,0.0,0.0,0.0,0.0,0.0,0.0,0.0,0.0,0.0,0.0,781.685,766.77655,794.57874,556.4469,778.86444,-0.4429931640625,0.15087890625,0.8729248046875,2.13836669921875,-4.269256591796875,0.97198486328125,0.0,4.0,4.0,4.0,4.0,100.0,event
10:33:56.325,0.0,0.0,0.0,0.0,0.0,0.0,0.0,0.0,0.0,0.0,0.0,0.0,0.0,0.0,0.0,0.0,0.0,0.0,0.0,0.0,820.3663,767.5824,790.9524,561.28204,1019.81683,-0.4429931640625,0.15087890625,0.8729248046875,2.13836669921875,-4.269256591796875,0.97198486328125,0.0,4.0,4.0,4.0,4.0,100.0,event
10:33:56.326,0.0,0.0,0.0,0.0,0.0,0.0,0.0,0.0,0.0,0.0,0.0,0.0,0.0,0.0,0.0,0.0,0.0,0.0,0.0,0.0,861.06226,770.0,788.5348,618.0952,954.5421,-0.4429931640625,0.15087890625,0.8729248046875,2.13836669921875,-4.269256591796875,0.97198486328125,0.0,4.0,4.0,4.0,4.0,100.0,event
10:33:56.327,0.0,0.0,0.0,0.0,0.0,0.0,0.0,0.0,0.0,0.0,0.0,0.0,0.0,0.0,0.0,0.0,0.0,0.0,0.0,0.0,837.6923,774.0293,791.75824,579.81683,741.39197,-0.4429931640625,0.15087890625,0.8729248046875,2.13836669921875,-4.269256591796875,0.97198486328125,0.0,4.0,4.0,4.0,4.0,100.0,event
10:33:56.327,0.0,0.0,0.0,0.0,0.0,0.0,0.0,0.0,0.0,0.0,0.0,0.0,0.0,0.0,0.0,0.0,0.0,0.0,0.0,0.0,782.49084,775.2381,795.38464,467.39926,830.84247,-0.4429931640625,0.15087890625,0.8729248046875,2.13836669921875,-4.269256591796875,0.97198486328125,0.0,4.0,4.0,4.0,4.0,100.0,event
10:33:56.349,0.0,0.0,0.0,0.0,0.0,0.0,0.0,0.0,0.0,0.0,0.0,0.0,0.0,0.0,0.0,0.0,0.0,0.0,0.0,0.0,782.0879,776.04395,798.20514,492.78387,851.79486,-0.44189453125,0.15118408203125,0.87384033203125,1.8841552734375,-4.246826171875,0.755157470703125,0.0,4.0,4.0,4.0,4.0,100.0,event
10:33:56.350,0.0,0.0,0.0,0.0,0.0,0.0,0.0,0.0,0.0,0.0,0.0,0.0,0.0,0.0,0.0,0.0,0.0,0.0,0.0,0.0,826.8132,776.8498,800.6227,492.78387,693.44324,-0.44189453125,0.15118408203125,0.87384033203125,1.8841552734375,-4.246826171875,0.755157470703125,0.0,4.0,4.0,4.0,4.0,100.0,event
10:33:56.354,0.0,0.0,0.0,0.0,0.0,0.0,0.0,0.0,0.0,0.0,0.0,0.0,0.0,0.0,0.0,0.0,0.0,0.0,0.0,0.0,842.9304,775.2381,794.57874,334.83517,888.46155,-0.44189453125,0.15118408203125,0.87384033203125,1.8841552734375,-4.246826171875,0.755157470703125,0.0,4.0,4.0,4.0,4.0,100.0,event
10:33:56.354,0.0,0.0,0.0,0.0,0.0,0.0,0.0,0.0,0.0,0.0,0.0,0.0,0.0,0.0,0.0,0.0,0.0,0.0,0.0,0.0,868.315,777.6557,798.20514,423.88278,734.94507,-0.44189453125,0.15118408203125,0.87384033203125,1.8841552734375,-4.246826171875,0.755157470703125,0.0,4.0,4.0,4.0,4.0,100.0,event
10:33:56.355,0.0,0.0,0.0,0.0,0.0,0.0,0.0,0.0,0.0,0.0,0.0,0.0,0.0,0.0,0.0,0.0,0.0,0.0,0.0,0.0,788.5348,771.6117,796.1905,270.76923,818.3516,-0.44189453125,0.15118408203125,0.87384033203125,1.8841552734375,-4.246826171875,0.755157470703125,0.0,4.0,4.0,4.0,4.0,100.0,event
10:33:56.356,0.0,0.0,0.0,0.0,0.0,0.0,0.0,0.0,0.0,0.0,0.0,0.0,0.0,0.0,0.0,0.0,0.0,0.0,0.0,0.0,776.4469,772.4176,800.2198,303.00366,750.2564,-0.44189453125,0.15118408203125,0.87384033203125,1.8841552734375,-4.246826171875,0.755157470703125,0.0,4.0,4.0,4.0,4.0,100.0,event
10:33:56.356,0.0,0.0,0.0,0.0,0.0,0.0,0.0,0.0,0.0,0.0,0.0,0.0,0.0,0.0,0.0,0.0,0.0,0.0,0.0,0.0,811.9048,772.01465,795.78754,327.98535,788.1319,-0.44189453125,0.15118408203125,0.87384033203125,1.8841552734375,-4.246826171875,0.755157470703125,0.0,4.0,4.0,4.0,4.0,100.0,event
10:33:56.357,0.0,0.0,0.0,0.0,0.0,0.0,0.0,0.0,0.0,0.0,0.0,0.0,0.0,0.0,0.0,0.0,0.0,0.0,0.0,0.0,850.58606,767.5824,790.14655,336.4469,912.23444,-0.44189453125,0.15118408203125,0.87384033203125,1.8841552734375,-4.246826171875,0.755157470703125,0.0,4.0,4.0,4.0,4.0,100.0,event
10:33:56.358,0.0,0.0,0.0,0.0,0.0,0.0,0.0,0.0,0.0,0.0,0.0,0.0,0.0,0.0,0.0,0.0,0.0,0.0,0.0,0.0,834.0659,768.7912,793.7729,313.07693,975.89746,-0.44189453125,0.15118408203125,0.87384033203125,1.8841552734375,-4.246826171875,0.755157470703125,0.0,4.0,4.0,4.0,4.0,100.0,event
10:33:56.359,0.0,0.0,0.0,0.0,0.0,0.0,0.0,0.0,0.0,0.0,0.0,0.0,0.0,0.0,0.0,0.0,0.0,0.0,0.0,0.0,792.1612,768.7912,794.9817,437.17947,765.16486,-0.44189453125,0.15118408203125,0.87384033203125,1.8841552734375,-4.246826171875,0.755157470703125,0.0,4.0,4.0,4.0,4.0,100.0,event
10:33:56.360,0.0,0.0,0.0,0.0,0.0,0.0,0.0,0.0,0.0,0.0,0.0,0.0,0.0,0.0,0.0,0.0,0.0,0.0,0.0,0.0,776.04395,768.3883,792.5641,601.1722,688.20514,-0.44189453125,0.15118408203125,0.87384033203125,1.8841552734375,-4.246826171875,0.755157470703125,0.0,4.0,4.0,4.0,4.0,100.0,event
10:33:56.360,0.0,0.0,0.0,0.0,0.0,0.0,0.0,0.0,0.0,0.0,0.0,0.0,0.0,0.0,0.0,0.0,0.0,0.0,0.0,0.0,803.8461,770.80585,794.17584,648.315,774.43225,-0.44189453125,0.15118408203125,0.87384033203125,1.8841552734375,-4.246826171875,0.755157470703125,0.0,4.0,4.0,4.0,4.0,100.0,event
10:33:56.383,0.0,0.0,0.0,0.0,0.0,0.0,0.0,0.0,0.0,0.0,0.0,0.0,0.0,0.0,0.0,0.0,0.0,0.0,0.0,0.0,857.03296,770.80585,793.36993,640.2564,783.2967,-0.44189453125,0.15118408203125,0.87384033203125,1.8841552734375,-4.246826171875,0.755157470703125,0.0,4.0,4.0,4.0,4.0,100.0,event
10:33:56.384,0.0,0.0,0.0,0.0,0.0,0.0,0.0,0.0,0.0,0.0,0.0,0.0,0.0,0.0,0.0,0.0,0.0,0.0,0.0,0.0,849.3773,768.7912,789.7436,554.0293,725.6777,-0.44189453125,0.15118408203125,0.87384033203125,1.8841552734375,-4.246826171875,0.755157470703125,0.0,4.0,4.0,4.0,4.0,100.0,event
10:33:56.384,0.0,0.0,0.0,0.0,0.0,0.0,0.0,0.0,0.0,0.0,0.0,0.0,0.0,0.0,0.0,0.0,0.0,0.0,0.0,0.0,792.1612,768.7912,786.9231,560.07324,793.36993,-0.44189453125,0.15118408203125,0.87384033203125,1.8841552734375,-4.246826171875,0.755157470703125,0.0,4.0,4.0,4.0,4.0,100.0,event
10:33:56.385,0.0,0.0,0.0,0.0,0.0,0.0,0.0,0.0,0.0,0.0,0.0,0.0,0.0,0.0,0.0,0.0,0.0,0.0,0.0,0.0,771.2088,770.0,791.75824,635.82416,859.85345,-0.44189453125,0.15118408203125,0.87384033203125,1.8841552734375,-4.246826171875,0.755157470703125,0.0,4.0,4.0,4.0,4.0,100.0,event
10:33:56.386,0.0,0.0,0.0,0.0,0.0,0.0,0.0,0.0,0.0,0.0,0.0,0.0,0.0,0.0,0.0,0.0,0.0,0.0,0.0,0.0,802.6374,770.80585,800.2198,616.08057,723.2601,-0.44189453125,0.15118408203125,0.87384033203125,1.8841552734375,-4.246826171875,0.755157470703125,0.0,4.0,4.0,4.0,4.0,100.0,event
10:33:56.386,0.0,0.0,0.0,0.0,0.0,0.0,0.0,0.0,0.0,0.0,0.0,0.0,0.0,0.0,0.0,0.0,0.0,0.0,0.0,0.0,854.21246,770.0,799.41394,575.78754,739.3773,-0.44189453125,0.15118408203125,0.87384033203125,1.8841552734375,-4.246826171875,0.755157470703125,0.0,4.0,4.0,4.0,4.0,100.0,event
10:33:56.387,0.0,0.0,0.0,0.0,0.0,0.0,0.0,0.0,0.0,0.0,0.0,0.0,0.0,0.0,0.0,0.0,0.0,0.0,0.0,0.0,848.5714,770.80585,799.41394,554.83514,880.0,-0.44189453125,0.15118408203125,0.87384033203125,1.8841552734375,-4.246826171875,0.755157470703125,0.0,4.0,4.0,4.0,4.0,100.0,event
10:33:56.387,0.0,0.0,0.0,0.0,0.0,0.0,0.0,0.0,0.0,0.0,0.0,0.0,0.0,0.0,0.0,0.0,0.0,0.0,0.0,0.0,790.9524,771.6117,800.6227,526.63007,1015.38464,-0.44189453125,0.15118408203125,0.87384033203125,1.8841552734375,-4.246826171875,0.755157470703125,0.0,4.0,4.0,4.0,4.0,100.0,event
10:33:56.388,0.0,0.0,0.0,0.0,0.0,0.0,0.0,0.0,0.0,0.0,0.0,0.0,0.0,0.0,0.0,0.0,0.0,0.0,0.0,0.0,779.2674,770.40295,802.23444,532.674,898.93774,-0.44189453125,0.15118408203125,0.87384033203125,1.8841552734375,-4.246826171875,0.755157470703125,0.0,4.0,4.0,4.0,4.0,100.0,event
10:33:56.389,0.0,0.0,0.0,0.0,0.0,0.0,0.0,0.0,0.0,0.0,0.0,0.0,0.0,0.0,0.0,0.0,0.0,0.0,0.0,0.0,803.0403,769.19415,799.41394,513.3333,652.74725,-0.44189453125,0.15118408203125,0.87384033203125,1.8841552734375,-4.246826171875,0.755157470703125,0.0,4.0,4.0,4.0,4.0,100.0,event
10:33:56.389,0.0,0.0,0.0,0.0,0.0,0.0,0.0,0.0,0.0,0.0,0.0,0.0,0.0,0.0,0.0,0.0,0.0,0.0,0.0,0.0,838.0952,771.2088,796.5934,485.53113,654.7619,-0.44189453125,0.15118408203125,0.87384033203125,1.8841552734375,-4.246826171875,0.755157470703125,0.0,4.0,4.0,4.0,4.0,100.0,event
10:33:56.390,0.0,0.0,0.0,0.0,0.0,0.0,0.0,0.0,0.0,0.0,0.0,0.0,0.0,0.0,0.0,0.0,0.0,0.0,0.0,0.0,854.61536,777.6557,795.78754,498.4249,749.0476,-0.44189453125,0.15118408203125,0.87384033203125,1.8841552734375,-4.246826171875,0.755157470703125,0.0,4.0,4.0,4.0,4.0,100.0,event
10:33:56.480,0.0,0.0,0.0,0.0,0.0,0.0,0.0,0.0,0.0,0.0,0.0,0.0,0.0,0.0,0.0,0.0,0.0,0.0,0.0,0.0,808.68134,779.67035,798.60803,488.75458,722.4542,-0.44140625,0.14996337890625,0.87493896484375,1.83929443359375,-4.149627685546875,-0.067291259765625,0.0,4.0,4.0,4.0,4.0,100.0,event
10:33:56.482,0.0,0.0,0.0,0.0,0.0,0.0,0.0,0.0,0.0,0.0,0.0,0.0,0.0,0.0,0.0,0.0,0.0,0.0,0.0,0.0,772.4176,776.8498,795.38464,534.2857,666.4469,-0.44140625,0.14996337890625,0.87493896484375,1.83929443359375,-4.149627685546875,-0.067291259765625,0.0,4.0,4.0,4.0,4.0,100.0,event
10:33:56.484,0.0,0.0,0.0,0.0,0.0,0.0,0.0,0.0,0.0,0.0,0.0,0.0,0.0,0.0,0.0,0.0,0.0,0.0,0.0,0.0,799.41394,774.0293,789.7436,595.9341,724.0659,-0.44140625,0.14996337890625,0.87493896484375,1.83929443359375,-4.149627685546875,-0.067291259765625,0.0,4.0,4.0,4.0,4.0,100.0,event
10:33:56.486,0.0,0.0,0.0,0.0,0.0,0.0,0.0,0.0,0.0,0.0,0.0,0.0,0.0,0.0,0.0,0.0,0.0,0.0,0.0,0.0,846.1539,774.0293,794.17584,587.0696,765.9707,-0.44140625,0.14996337890625,0.87493896484375,1.83929443359375,-4.149627685546875,-0.067291259765625,0.0,4.0,4.0,4.0,4.0,100.0,event
10:33:56.492,0.0,0.0,0.0,0.0,0.0,0.0,0.0,0.0,0.0,0.0,0.0,0.0,0.0,0.0,0.0,0.0,0.0,0.0,0.0,0.0,861.4652,774.0293,794.17584,564.5055,780.07324,-0.44140625,0.14996337890625,0.87493896484375,1.83929443359375,-4.149627685546875,-0.067291259765625,0.0,4.0,4.0,4.0,4.0,100.0,event
10:33:56.494,0.0,0.0,0.0,0.0,0.0,0.0,0.0,0.0,0.0,0.0,0.0,0.0,0.0,0.0,0.0,0.0,0.0,0.0,0.0,0.0,818.3516,775.64105,794.9817,592.3077,792.5641,-0.44140625,0.14996337890625,0.87493896484375,1.83929443359375,-4.149627685546875,-0.067291259765625,0.0,4.0,4.0,4.0,4.0,100.0,event
10:33:56.496,0.0,0.0,0.0,0.0,0.0,0.0,0.0,0.0,0.0,0.0,0.0,0.0,0.0,0.0,0.0,0.0,0.0,0.0,0.0,0.0,768.7912,771.2088,797.3993,583.0403,1009.34064,-0.44140625,0.14996337890625,0.87493896484375,1.83929443359375,-4.149627685546875,-0.067291259765625,0.0,4.0,4.0,4.0,4.0,100.0,event
10:33:56.498,0.0,0.0,0.0,0.0,0.0,0.0,0.0,0.0,0.0,0.0,0.0,0.0,0.0,0.0,0.0,0.0,0.0,0.0,0.0,0.0,780.4762,765.56775,790.14655,552.4176,1260.7693,-0.44140625,0.14996337890625,0.87493896484375,1.83929443359375,-4.149627685546875,-0.067291259765625,0.0,4.0,4.0,4.0,4.0,100.0,event
10:33:56.499,0.0,0.0,0.0,0.0,0.0,0.0,0.0,0.0,0.0,0.0,0.0,0.0,0.0,0.0,0.0,0.0,0.0,0.0,0.0,0.0,834.0659,772.01465,789.34064,580.2198,926.337,-0.44140625,0.14996337890625,0.87493896484375,1.83929443359375,-4.149627685546875,-0.067291259765625,0.0,4.0,4.0,4.0,4.0,100.0,event
10:33:56.500,0.0,0.0,0.0,0.0,0.0,0.0,0.0,0.0,0.0,0.0,0.0,0.0,0.0,0.0,0.0,0.0,0.0,0.0,0.0,0.0,860.65936,775.64105,795.78754,611.2454,771.2088,-0.44140625,0.14996337890625,0.87493896484375,1.83929443359375,-4.149627685546875,-0.067291259765625,0.0,4.0,4.0,4.0,4.0,100.0,event
10:33:56.500,0.0,0.0,0.0,0.0,0.0,0.0,0.0,0.0,0.0,0.0,0.0,0.0,0.0,0.0,0.0,0.0,0.0,0.0,0.0,0.0,819.5604,774.43225,799.011,628.1685,838.0952,-0.44140625,0.14996337890625,0.87493896484375,1.83929443359375,-4.149627685546875,-0.067291259765625,0.0,4.0,4.0,4.0,4.0,100.0,event
10:33:56.501,0.0,0.0,0.0,0.0,0.0,0.0,0.0,0.0,0.0,0.0,0.0,0.0,0.0,0.0,0.0,0.0,0.0,0.0,0.0,0.0,776.04395,774.83514,792.96704,614.4689,737.76556,-0.44140625,0.14996337890625,0.87493896484375,1.83929443359375,-4.149627685546875,-0.067291259765625,0.0,4.0,4.0,4.0,4.0,100.0,event
10:33:56.524,0.0,0.0,0.0,0.0,0.0,0.0,0.0,0.0,0.0,0.0,0.0,0.0,0.0,0.0,0.0,0.0,0.0,0.0,0.0,0.0,784.10254,774.0293,789.34064,589.0842,623.3333,-0.43658447265625,0.14703369140625,0.8748779296875,1.831817626953125,-3.760833740234375,-0.13458251953125,0.0,4.0,4.0,4.0,4.0,100.0,event
10:33:56.527,0.0,0.0,0.0,0.0,0.0,0.0,0.0,0.0,0.0,0.0,0.0,0.0,0.0,0.0,0.0,0.0,0.0,0.0,0.0,0.0,818.3516,771.6117,788.93774,619.304,693.44324,-0.43658447265625,0.14703369140625,0.8748779296875,1.831817626953125,-3.760833740234375,-0.13458251953125,0.0,4.0,4.0,4.0,4.0,100.0,event
10:33:56.528,0.0,0.0,0.0,0.0,0.0,0.0,0.0,0.0,0.0,0.0,0.0,0.0,0.0,0.0,0.0,0.0,0.0,0.0,0.0,0.0,848.1685,770.40295,788.1319,661.2088,846.55676,-0.43658447265625,0.14703369140625,0.8748779296875,1.831817626953125,-3.760833740234375,-0.13458251953125,0.0,4.0,4.0,4.0,4.0,100.0,event
10:33:56.529,0.0,0.0,0.0,0.0,0.0,0.0,0.0,0.0,0.0,0.0,0.0,0.0,0.0,0.0,0.0,0.0,0.0,0.0,0.0,0.0,830.0366,774.43225,792.96704,679.34064,805.8608,-0.43658447265625,0.14703369140625,0.8748779296875,1.831817626953125,-3.760833740234375,-0.13458251953125,0.0,4.0,4.0,4.0,4.0,100.0,event
10:33:56.530,0.0,0.0,0.0,0.0,0.0,0.0,0.0,0.0,0.0,0.0,0.0,0.0,0.0,0.0,0.0,0.0,0.0,0.0,0.0,0.0,782.0879,776.04395,797.3993,670.4762,680.9524,-0.43658447265625,0.14703369140625,0.8748779296875,1.831817626953125,-3.760833740234375,-0.13458251953125,0.0,4.0,4.0,4.0,4.0,100.0,event
10:33:56.531,0.0,0.0,0.0,0.0,0.0,0.0,0.0,0.0,0.0,0.0,0.0,0.0,0.0,0.0,0.0,0.0,0.0,0.0,0.0,0.0,772.01465,774.43225,800.2198,677.72894,732.9304,-0.43658447265625,0.14703369140625,0.8748779296875,1.831817626953125,-3.760833740234375,-0.13458251953125,0.0,4.0,4.0,4.0,4.0,100.0,event
10:33:56.532,0.0,0.0,0.0,0.0,0.0,0.0,0.0,0.0,0.0,0.0,0.0,0.0,0.0,0.0,0.0,0.0,0.0,0.0,0.0,0.0,805.05493,772.8205,800.6227,761.53845,1060.9158,-0.43658447265625,0.14703369140625,0.8748779296875,1.831817626953125,-3.760833740234375,-0.13458251953125,0.0,4.0,4.0,4.0,4.0,100.0,event
10:33:56.533,0.0,0.0,0.0,0.0,0.0,0.0,0.0,0.0,0.0,0.0,0.0,0.0,0.0,0.0,0.0,0.0,0.0,0.0,0.0,0.0,849.3773,774.43225,801.8315,802.23444,1014.9817,-0.43658447265625,0.14703369140625,0.8748779296875,1.831817626953125,-3.760833740234375,-0.13458251953125,0.0,4.0,4.0,4.0,4.0,100.0,event
10:33:56.534,0.0,0.0,0.0,0.0,0.0,0.0,0.0,0.0,0.0,0.0,0.0,0.0,0.0,0.0,0.0,0.0,0.0,0.0,0.0,0.0,838.49817,774.0293,807.8755,792.1612,813.91943,-0.43658447265625,0.14703369140625,0.8748779296875,1.831817626953125,-3.760833740234375,-0.13458251953125,0.0,4.0,4.0,4.0,4.0,100.0,event
10:33:56.534,0.0,0.0,0.0,0.0,0.0,0.0,0.0,0.0,0.0,0.0,0.0,0.0,0.0,0.0,0.0,0.0,0.0,0.0,0.0,0.0,789.7436,772.4176,805.4579,806.26373,845.34796,-0.43658447265625,0.14703369140625,0.8748779296875,1.831817626953125,-3.760833740234375,-0.13458251953125,0.0,4.0,4.0,4.0,4.0,100.0,event
10:33:56.535,0.0,0.0,0.0,0.0,0.0,0.0,0.0,0.0,0.0,0.0,0.0,0.0,0.0,0.0,0.0,0.0,0.0,0.0,0.0,0.0,781.685,774.0293,799.81683,753.8828,877.1795,-0.43658447265625,0.14703369140625,0.8748779296875,1.831817626953125,-3.760833740234375,-0.13458251953125,0.0,4.0,4.0,4.0,4.0,100.0,event
10:33:56.536,0.0,0.0,0.0,0.0,0.0,0.0,0.0,0.0,0.0,0.0,0.0,0.0,0.0,0.0,0.0,0.0,0.0,0.0,0.0,0.0,809.0842,773.22345,802.23444,676.1172,731.31866,-0.43658447265625,0.14703369140625,0.8748779296875,1.831817626953125,-3.760833740234375,-0.13458251953125,0.0,4.0,4.0,4.0,4.0,100.0,event
10:33:56.537,0.0,0.0,0.0,0.0,0.0,0.0,0.0,0.0,0.0,0.0,0.0,0.0,0.0,0.0,0.0,0.0,0.0,0.0,0.0,0.0,853.8095,774.0293,801.8315,628.5714,707.1429,-0.43304443359375,0.149658203125,0.878173828125,2.011260986328125,-3.6785888671875,0.650482177734375,0.0,4.0,4.0,4.0,4.0,100.0,event
10:33:56.538,0.0,0.0,0.0,0.0,0.0,0.0,0.0,0.0,0.0,0.0,0.0,0.0,0.0,0.0,0.0,0.0,0.0,0.0,0.0,0.0,848.97437,776.4469,799.011,569.34064,796.99634,-0.43304443359375,0.149658203125,0.878173828125,2.011260986328125,-3.6785888671875,0.650482177734375,0.0,4.0,4.0,4.0,4.0,100.0,event
10:33:56.539,0.0,0.0,0.0,0.0,0.0,0.0,0.0,0.0,0.0,0.0,0.0,0.0,0.0,0.0,0.0,0.0,0.0,0.0,0.0,0.0,798.20514,778.46155,798.20514,573.36993,755.4945,-0.43304443359375,0.149658203125,0.878173828125,2.011260986328125,-3.6785888671875,0.650482177734375,0.0,4.0,4.0,4.0,4.0,100.0,event
10:33:56.540,0.0,0.0,0.0,0.0,0.0,0.0,0.0,0.0,0.0,0.0,0.0,0.0,0.0,0.0,0.0,0.0,0.0,0.0,0.0,0.0,785.31134,780.4762,796.1905,686.5934,653.95605,-0.43304443359375,0.149658203125,0.878173828125,2.011260986328125,-3.6785888671875,0.650482177734375,0.0,4.0,4.0,4.0,4.0,100.0,event
10:33:56.541,0.0,0.0,0.0,0.0,0.0,0.0,0.0,0.0,0.0,0.0,0.0,0.0,0.0,0.0,0.0,0.0,0.0,0.0,0.0,0.0,820.7692,776.8498,797.3993,779.67035,629.7802,-0.43304443359375,0.149658203125,0.878173828125,2.011260986328125,-3.6785888671875,0.650482177734375,0.0,4.0,4.0,4.0,4.0,100.0,event
10:33:56.542,0.0,0.0,0.0,0.0,0.0,0.0,0.0,0.0,0.0,0.0,0.0,0.0,0.0,0.0,0.0,0.0,0.0,0.0,0.0,0.0,865.09155,773.6264,795.38464,755.89746,854.61536,-0.43304443359375,0.149658203125,0.878173828125,2.011260986328125,-3.6785888671875,0.650482177734375,0.0,4.0,4.0,4.0,4.0,100.0,event
10:33:56.545,0.0,0.0,0.0,0.0,0.0,0.0,0.0,0.0,0.0,0.0,0.0,0.0,0.0,0.0,0.0,0.0,0.0,0.0,0.0,0.0,859.85345,774.83514,792.96704,707.1429,943.2601,-0.43304443359375,0.149658203125,0.878173828125,2.011260986328125,-3.6785888671875,0.650482177734375,0.0,4.0,4.0,4.0,4.0,100.0,event
10:33:56.546,0.0,0.0,0.0,0.0,0.0,0.0,0.0,0.0,0.0,0.0,0.0,0.0,0.0,0.0,0.0,0.0,0.0,0.0,0.0,0.0,803.8461,775.64105,796.99634,771.6117,745.42126,-0.43304443359375,0.149658203125,0.878173828125,2.011260986328125,-3.6785888671875,0.650482177734375,0.0,4.0,4.0,4.0,4.0,100.0,event
10:33:56.547,0.0,0.0,0.0,0.0,0.0,0.0,0.0,0.0,0.0,0.0,0.0,0.0,0.0,0.0,0.0,0.0,0.0,0.0,0.0,0.0,782.0879,771.2088,799.41394,862.674,697.47253,-0.43304443359375,0.149658203125,0.878173828125,2.011260986328125,-3.6785888671875,0.650482177734375,0.0,4.0,4.0,4.0,4.0,100.0,event
10:33:56.548,0.0,0.0,0.0,0.0,0.0,0.0,0.0,0.0,0.0,0.0,0.0,0.0,0.0,0.0,0.0,0.0,0.0,0.0,0.0,0.0,808.2784,770.0,793.36993,851.79486,836.8865,-0.43304443359375,0.149658203125,0.878173828125,2.011260986328125,-3.6785888671875,0.650482177734375,0.0,4.0,4.0,4.0,4.0,100.0,event
10:33:56.549,0.0,0.0,0.0,0.0,0.0,0.0,0.0,0.0,0.0,0.0,0.0,0.0,0.0,0.0,0.0,0.0,0.0,0.0,0.0,0.0,846.1539,772.4176,787.326,871.53845,861.8681,-0.43304443359375,0.149658203125,0.878173828125,2.011260986328125,-3.6785888671875,0.650482177734375,0.0,4.0,4.0,4.0,4.0,100.0,event
10:33:56.550,0.0,0.0,0.0,0.0,0.0,0.0,0.0,0.0,0.0,0.0,0.0,0.0,0.0,0.0,0.0,0.0,0.0,0.0,0.0,0.0,850.989,771.2088,788.1319,743.8095,844.94507,-0.43304443359375,0.149658203125,0.878173828125,2.011260986328125,-3.6785888671875,0.650482177734375,0.0,4.0,4.0,4.0,4.0,100.0,event
10:33:56.588,0.0,0.0,0.0,0.0,0.0,0.0,0.0,0.0,0.0,0.0,0.0,0.0,0.0,0.0,0.0,0.0,0.0,0.0,0.0,0.0,813.5165,771.2088,794.57874,486.337,801.02563,-0.43682861328125,0.14605712890625,0.87359619140625,2.071075439453125,-4.388885498046875,0.710296630859375,0.0,4.0,4.0,4.0,4.0,100.0,event
10:33:56.589,0.0,0.0,0.0,0.0,0.0,0.0,0.0,0.0,0.0,0.0,0.0,0.0,0.0,0.0,0.0,0.0,0.0,0.0,0.0,0.0,779.67035,772.01465,798.60803,543.1502,898.93774,-0.43682861328125,0.14605712890625,0.87359619140625,2.071075439453125,-4.388885498046875,0.710296630859375,0.0,4.0,4.0,4.0,4.0,100.0,event
10:33:56.590,0.0,0.0,0.0,0.0,0.0,0.0,0.0,0.0,0.0,0.0,0.0,0.0,0.0,0.0,0.0,0.0,0.0,0.0,0.0,0.0,789.7436,774.83514,803.8461,622.52747,922.3077,-0.43682861328125,0.14605712890625,0.87359619140625,2.071075439453125,-4.388885498046875,0.710296630859375,0.0,4.0,4.0,4.0,4.0,100.0,event
10:33:56.591,0.0,0.0,0.0,0.0,0.0,0.0,0.0,0.0,0.0,0.0,0.0,0.0,0.0,0.0,0.0,0.0,0.0,0.0,0.0,0.0,830.0366,776.8498,809.89014,570.14655,757.1062,-0.43682861328125,0.14605712890625,0.87359619140625,2.071075439453125,-4.388885498046875,0.710296630859375,0.0,4.0,4.0,4.0,4.0,100.0,event
10:33:56.591,0.0,0.0,0.0,0.0,0.0,0.0,0.0,0.0,0.0,0.0,0.0,0.0,0.0,0.0,0.0,0.0,0.0,0.0,0.0,0.0,834.87177,775.64105,801.8315,611.2454,774.0293,-0.43682861328125,0.14605712890625,0.87359619140625,2.071075439453125,-4.388885498046875,0.710296630859375,0.0,4.0,4.0,4.0,4.0,100.0,event
10:33:56.592,0.0,0.0,0.0,0.0,0.0,0.0,0.0,0.0,0.0,0.0,0.0,0.0,0.0,0.0,0.0,0.0,0.0,0.0,0.0,0.0,782.8938,775.2381,797.3993,603.1868,842.52747,-0.43682861328125,0.14605712890625,0.87359619140625,2.071075439453125,-4.388885498046875,0.710296630859375,0.0,4.0,4.0,4.0,4.0,100.0,event
10:33:56.593,0.0,0.0,0.0,0.0,0.0,0.0,0.0,0.0,0.0,0.0,0.0,0.0,0.0,0.0,0.0,0.0,0.0,0.0,0.0,0.0,771.6117,774.0293,795.38464,856.2271,806.26373,-0.43682861328125,0.14605712890625,0.87359619140625,2.071075439453125,-4.388885498046875,0.710296630859375,0.0,4.0,4.0,4.0,4.0,100.0,event
10:33:56.593,0.0,0.0,0.0,0.0,0.0,0.0,0.0,0.0,0.0,0.0,0.0,0.0,0.0,0.0,0.0,0.0,0.0,0.0,0.0,0.0,750.65936,774.0293,796.99634,591.9048,827.2161,-0.43682861328125,0.14605712890625,0.87359619140625,2.071075439453125,-4.388885498046875,0.710296630859375,0.0,4.0,4.0,4.0,4.0,100.0,event
10:33:56.594,0.0,0.0,0.0,0.0,0.0,0.0,0.0,0.0,0.0,0.0,0.0,0.0,0.0,0.0,0.0,0.0,0.0,0.0,0.0,0.0,819.15753,770.80585,796.99634,1022.6374,830.84247,-0.43682861328125,0.14605712890625,0.87359619140625,2.071075439453125,-4.388885498046875,0.710296630859375,0.0,4.0,4.0,4.0,4.0,100.0,event
10:33:56.595,0.0,0.0,0.0,0.0,0.0,0.0,0.0,0.0,0.0,0.0,0.0,0.0,0.0,0.0,0.0,0.0,0.0,0.0,0.0,0.0,835.6777,770.0,796.1905,990.80585,970.2564,-0.43682861328125,0.14605712890625,0.87359619140625,2.071075439453125,-4.388885498046875,0.710296630859375,0.0,4.0,4.0,4.0,4.0,100.0,event
10:33:56.595,0.0,0.0,0.0,0.0,0.0,0.0,0.0,0.0,0.0,0.0,0.0,0.0,0.0,0.0,0.0,0.0,0.0,0.0,0.0,0.0,794.57874,772.8205,795.38464,940.84247,837.6923,-0.43682861328125,0.14605712890625,0.87359619140625,2.071075439453125,-4.388885498046875,0.710296630859375,0.0,4.0,4.0,4.0,4.0,100.0,event
10:33:56.596,0.0,0.0,0.0,0.0,0.0,0.0,0.0,0.0,0.0,0.0,0.0,0.0,0.0,0.0,0.0,0.0,0.0,0.0,0.0,0.0,758.71796,771.6117,800.2198,948.9011,751.8681,-0.43682861328125,0.14605712890625,0.87359619140625,2.071075439453125,-4.388885498046875,0.710296630859375,0.0,4.0,4.0,4.0,4.0,100.0,event
10:33:56.639,0.0,0.0,0.0,0.0,0.0,0.0,0.0,0.0,0.0,0.0,0.0,0.0,0.0,0.0,0.0,0.0,0.0,0.0,0.0,0.0,774.43225,767.98535,800.6227,1001.28204,780.07324,-0.43682861328125,0.14605712890625,0.87359619140625,2.071075439453125,-4.388885498046875,0.710296630859375,0.0,4.0,4.0,4.0,4.0,100.0,event
10:33:56.640,0.0,0.0,0.0,0.0,0.0,0.0,0.0,0.0,0.0,0.0,0.0,0.0,0.0,0.0,0.0,0.0,0.0,0.0,0.0,0.0,817.5458,763.5531,794.17584,985.56775,788.93774,-0.43682861328125,0.14605712890625,0.87359619140625,2.071075439453125,-4.388885498046875,0.710296630859375,0.0,4.0,4.0,4.0,4.0,100.0,event
10:33:56.641,0.0,0.0,0.0,0.0,0.0,0.0,0.0,0.0,0.0,0.0,0.0,0.0,0.0,0.0,0.0,0.0,0.0,0.0,0.0,0.0,832.8571,764.7619,793.7729,966.63007,824.7985,-0.43682861328125,0.14605712890625,0.87359619140625,2.071075439453125,-4.388885498046875,0.710296630859375,0.0,4.0,4.0,4.0,4.0,100.0,event
10:33:56.642,0.0,0.0,0.0,0.0,0.0,0.0,0.0,0.0,0.0,0.0,0.0,0.0,0.0,0.0,0.0,0.0,0.0,0.0,0.0,0.0,798.20514,770.80585,800.6227,967.8388,836.8865,-0.43682861328125,0.14605712890625,0.87359619140625,2.071075439453125,-4.388885498046875,0.710296630859375,0.0,4.0,4.0,4.0,4.0,100.0,event
10:33:56.642,0.0,0.0,0.0,0.0,0.0,0.0,0.0,0.0,0.0,0.0,0.0,0.0,0.0,0.0,0.0,0.0,0.0,0.0,0.0,0.0,760.7326,770.0,797.3993,1036.337,845.7509,-0.43682861328125,0.14605712890625,0.87359619140625,2.071075439453125,-4.388885498046875,0.710296630859375,0.0,4.0,4.0,4.0,4.0,100.0,event
10:33:56.643,0.0,0.0,0.0,0.0,0.0,0.0,0.0,0.0,0.0,0.0,0.0,0.0,0.0,0.0,0.0,0.0,0.0,0.0,0.0,0.0,779.67035,769.59705,796.99634,1074.6154,965.0183,-0.43682861328125,0.14605712890625,0.87359619140625,2.071075439453125,-4.388885498046875,0.710296630859375,0.0,4.0,4.0,4.0,4.0,100.0,event
10:33:56.644,0.0,0.0,0.0,0.0,0.0,0.0,0.0,0.0,0.0,0.0,0.0,0.0,0.0,0.0,0.0,0.0,0.0,0.0,0.0,0.0,858.24176,770.40295,797.8022,1044.7986,765.56775,-0.43682861328125,0.14605712890625,0.87359619140625,2.071075439453125,-4.388885498046875,0.710296630859375,0.0,4.0,4.0,4.0,4.0,100.0,event
10:33:56.644,0.0,0.0,0.0,0.0,0.0,0.0,0.0,0.0,0.0,0.0,0.0,0.0,0.0,0.0,0.0,0.0,0.0,0.0,0.0,0.0,830.84247,771.6117,799.41394,1067.7656,906.99634,-0.43682861328125,0.14605712890625,0.87359619140625,2.071075439453125,-4.388885498046875,0.710296630859375,0.0,4.0,4.0,4.0,4.0,100.0,event
10:33:56.648,0.0,0.0,0.0,0.0,0.0,0.0,0.0,0.0,0.0,0.0,0.0,0.0,0.0,0.0,0.0,0.0,0.0,0.0,0.0,0.0,817.1429,769.19415,797.8022,972.27106,860.65936,-0.43682861328125,0.14605712890625,0.87359619140625,2.071075439453125,-4.388885498046875,0.710296630859375,0.0,4.0,4.0,4.0,4.0,100.0,event
10:33:56.648,0.0,0.0,0.0,0.0,0.0,0.0,0.0,0.0,0.0,0.0,0.0,0.0,0.0,0.0,0.0,0.0,0.0,0.0,0.0,0.0,767.98535,769.59705,803.8461,879.59705,862.674,-0.43682861328125,0.14605712890625,0.87359619140625,2.071075439453125,-4.388885498046875,0.710296630859375,0.0,4.0,4.0,4.0,4.0,100.0,event
10:33:56.649,0.0,0.0,0.0,0.0,0.0,0.0,0.0,0.0,0.0,0.0,0.0,0.0,0.0,0.0,0.0,0.0,0.0,0.0,0.0,0.0,780.4762,771.2088,803.44324,863.8828,631.79486,-0.43682861328125,0.14605712890625,0.87359619140625,2.071075439453125,-4.388885498046875,0.710296630859375,0.0,4.0,4.0,4.0,4.0,100.0,event
10:33:56.650,0.0,0.0,0.0,0.0,0.0,0.0,0.0,0.0,0.0,0.0,0.0,0.0,0.0,0.0,0.0,0.0,0.0,0.0,0.0,0.0,814.7253,771.2088,794.17584,808.68134,649.5238,-0.43682861328125,0.14605712890625,0.87359619140625,2.071075439453125,-4.388885498046875,0.710296630859375,0.0,4.0,4.0,4.0,4.0,100.0,event
10:33:56.692,0.0,0.0,0.0,0.0,0.0,0.0,0.0,0.0,0.0,0.0,0.0,0.0,0.0,0.0,0.0,0.0,0.0,0.0,0.0,0.0,843.73627,765.9707,789.34064,789.34064,767.98535,-0.43695068359375,0.14715576171875,0.87469482421875,2.34771728515625,-4.000091552734375,1.069183349609375,0.0,4.0,4.0,4.0,4.0,100.0,event
10:33:56.693,0.0,0.0,0.0,0.0,0.0,0.0,0.0,0.0,0.0,0.0,0.0,0.0,0.0,0.0,0.0,0.0,0.0,0.0,0.0,0.0,821.5751,766.3736,791.3553,853.4066,702.3077,-0.43695068359375,0.14715576171875,0.87469482421875,2.34771728515625,-4.000091552734375,1.069183349609375,0.0,4.0,4.0,4.0,4.0,100.0,event
10:33:56.695,0.0,0.0,0.0,0.0,0.0,0.0,0.0,0.0,0.0,0.0,0.0,0.0,0.0,0.0,0.0,0.0,0.0,0.0,0.0,0.0,774.83514,767.98535,790.9524,898.93774,589.89014,-0.43695068359375,0.14715576171875,0.87469482421875,2.34771728515625,-4.000091552734375,1.069183349609375,0.0,4.0,4.0,4.0,4.0,100.0,event
10:33:56.696,0.0,0.0,0.0,0.0,0.0,0.0,0.0,0.0,0.0,0.0,0.0,0.0,0.0,0.0,0.0,0.0,0.0,0.0,0.0,0.0,770.80585,763.5531,794.9817,933.9927,639.0476,-0.43695068359375,0.14715576171875,0.87469482421875,2.34771728515625,-4.000091552734375,1.069183349609375,0.0,4.0,4.0,4.0,4.0,100.0,event
10:33:56.697,0.0,0.0,0.0,0.0,0.0,0.0,0.0,0.0,0.0,0.0,0.0,0.0,0.0,0.0,0.0,0.0,0.0,0.0,0.0,0.0,809.89014,763.5531,800.2198,935.6044,778.0586,-0.43695068359375,0.14715576171875,0.87469482421875,2.34771728515625,-4.000091552734375,1.069183349609375,0.0,4.0,4.0,4.0,4.0,100.0,event
10:33:56.698,0.0,0.0,0.0,0.0,0.0,0.0,0.0,0.0,0.0,0.0,0.0,0.0,0.0,0.0,0.0,0.0,0.0,0.0,0.0,0.0,849.7802,763.95605,794.9817,935.6044,852.6007,-0.43695068359375,0.14715576171875,0.87469482421875,2.34771728515625,-4.000091552734375,1.069183349609375,0.0,4.0,4.0,4.0,4.0,100.0,event
10:33:56.700,0.0,0.0,0.0,0.0,0.0,0.0,0.0,0.0,0.0,0.0,0.0,0.0,0.0,0.0,0.0,0.0,0.0,0.0,0.0,0.0,825.6044,767.1795,796.1905,886.4469,847.3626,-0.43695068359375,0.14715576171875,0.87469482421875,2.34771728515625,-4.000091552734375,1.069183349609375,0.0,4.0,4.0,4.0,4.0,100.0,event
10:33:56.701,0.0,0.0,0.0,0.0,0.0,0.0,0.0,0.0,0.0,0.0,0.0,0.0,0.0,0.0,0.0,0.0,0.0,0.0,0.0,0.0,769.59705,770.80585,801.02563,888.46155,863.0769,-0.43695068359375,0.14715576171875,0.87469482421875,2.34771728515625,-4.000091552734375,1.069183349609375,0.0,4.0,4.0,4.0,4.0,100.0,event
10:33:56.702,0.0,0.0,0.0,0.0,0.0,0.0,0.0,0.0,0.0,0.0,0.0,0.0,0.0,0.0,0.0,0.0,0.0,0.0,0.0,0.0,757.9121,767.5824,795.38464,945.6777,1072.6007,-0.43695068359375,0.14715576171875,0.87469482421875,2.34771728515625,-4.000091552734375,1.069183349609375,0.0,4.0,4.0,4.0,4.0,100.0,event
10:33:56.703,0.0,0.0,0.0,0.0,0.0,0.0,0.0,0.0,0.0,0.0,0.0,0.0,0.0,0.0,0.0,0.0,0.0,0.0,0.0,0.0,798.20514,767.98535,790.14655,979.5238,970.65936,-0.43695068359375,0.14715576171875,0.87469482421875,2.34771728515625,-4.000091552734375,1.069183349609375,0.0,4.0,4.0,4.0,4.0,100.0,event
10:33:56.704,0.0,0.0,0.0,0.0,0.0,0.0,0.0,0.0,0.0,0.0,0.0,0.0,0.0,0.0,0.0,0.0,0.0,0.0,0.0,0.0,841.7216,768.3883,791.75824,1077.4359,727.28937,-0.43695068359375,0.14715576171875,0.87469482421875,2.34771728515625,-4.000091552734375,1.069183349609375,0.0,4.0,4.0,4.0,4.0,100.0,event
10:33:56.704,0.0,0.0,0.0,0.0,0.0,0.0,0.0,0.0,0.0,0.0,0.0,0.0,0.0,0.0,0.0,0.0,0.0,0.0,0.0,0.0,831.6484,765.9707,794.57874,1000.07324,765.16486,-0.43695068359375,0.14715576171875,0.87469482421875,2.34771728515625,-4.000091552734375,1.069183349609375,0.0,4.0,4.0,4.0,4.0,100.0,event
10:33:56.764,0.0,0.0,0.0,0.0,0.0,0.0,0.0,0.0,0.0,0.0,0.0,0.0,0.0,0.0,0.0,0.0,0.0,0.0,0.0,0.0,786.9231,764.35895,799.011,1143.9194,743.4066,-0.43109130859375,0.150390625,0.8729248046875,2.968292236328125,-3.828125,0.979461669921875,0.0,4.0,4.0,4.0,4.0,100.0,event
10:33:56.765,0.0,0.0,0.0,0.0,0.0,0.0,0.0,0.0,0.0,0.0,0.0,0.0,0.0,0.0,0.0,0.0,0.0,0.0,0.0,0.0,774.43225,766.77655,796.1905,1581.9048,685.38464,-0.43109130859375,0.150390625,0.8729248046875,2.968292236328125,-3.828125,0.979461669921875,0.0,4.0,4.0,4.0,4.0,100.0,event
10:33:56.767,0.0,0.0,0.0,0.0,0.0,0.0,0.0,0.0,0.0,0.0,0.0,0.0,0.0,0.0,0.0,0.0,0.0,0.0,0.0,0.0,797.8022,766.77655,787.326,1644.359,679.34064,-0.43109130859375,0.150390625,0.8729248046875,2.968292236328125,-3.828125,0.979461669921875,0.0,4.0,4.0,4.0,4.0,100.0,event
10:33:56.768,0.0,0.0,0.0,0.0,0.0,0.0,0.0,0.0,0.0,0.0,0.0,0.0,0.0,0.0,0.0,0.0,0.0,0.0,0.0,0.0,836.4835,766.3736,788.93774,1611.7216,753.47986,-0.43109130859375,0.150390625,0.8729248046875,2.968292236328125,-3.828125,0.979461669921875,0.0,4.0,4.0,4.0,4.0,100.0,event
10:33:56.769,0.0,0.0,0.0,0.0,0.0,0.0,0.0,0.0,0.0,0.0,0.0,0.0,0.0,0.0,0.0,0.0,0.0,0.0,0.0,0.0,835.6777,768.7912,793.7729,1632.674,788.93774,-0.43109130859375,0.150390625,0.8729248046875,2.968292236328125,-3.828125,0.979461669921875,0.0,4.0,4.0,4.0,4.0,100.0,event
10:33:56.771,0.0,0.0,0.0,0.0,0.0,0.0,0.0,0.0,0.0,0.0,0.0,0.0,0.0,0.0,0.0,0.0,0.0,0.0,0.0,0.0,793.36993,766.77655,791.75824,1628.2417,778.46155,-0.43109130859375,0.150390625,0.8729248046875,2.968292236328125,-3.828125,0.979461669921875,0.0,4.0,4.0,4.0,4.0,100.0,event
10:33:56.772,0.0,0.0,0.0,0.0,0.0,0.0,0.0,0.0,0.0,0.0,0.0,0.0,0.0,0.0,0.0,0.0,0.0,0.0,0.0,0.0,782.0879,767.1795,793.7729,1628.2417,821.978,-0.43109130859375,0.150390625,0.8729248046875,2.968292236328125,-3.828125,0.979461669921875,0.0,4.0,4.0,4.0,4.0,100.0,event
10:33:56.774,0.0,0.0,0.0,0.0,0.0,0.0,0.0,0.0,0.0,0.0,0.0,0.0,0.0,0.0,0.0,0.0,0.0,0.0,0.0,0.0,808.68134,767.5824,793.7729,1631.4652,913.8461,-0.43109130859375,0.150390625,0.8729248046875,2.968292236328125,-3.828125,0.979461669921875,0.0,4.0,4.0,4.0,4.0,100.0,event
10:33:56.775,0.0,0.0,0.0,0.0,0.0,0.0,0.0,0.0,0.0,0.0,0.0,0.0,0.0,0.0,0.0,0.0,0.0,0.0,0.0,0.0,841.7216,765.16486,789.34064,1614.1392,1037.9487,-0.43109130859375,0.150390625,0.8729248046875,2.968292236328125,-3.828125,0.979461669921875,0.0,4.0,4.0,4.0,4.0,100.0,event
10:33:56.776,0.0,0.0,0.0,0.0,0.0,0.0,0.0,0.0,0.0,0.0,0.0,0.0,0.0,0.0,0.0,0.0,0.0,0.0,0.0,0.0,854.61536,762.74725,794.17584,4.029304,895.7143,-0.43109130859375,0.150390625,0.8729248046875,2.968292236328125,-3.828125,0.979461669921875,0.0,4.0,4.0,4.0,4.0,100.0,event
10:33:56.780,0.0,0.0,0.0,0.0,0.0,0.0,0.0,0.0,0.0,0.0,0.0,0.0,0.0,0.0,0.0,0.0,0.0,0.0,0.0,0.0,815.12823,761.13556,797.8022,1574.652,750.65936,-0.43109130859375,0.150390625,0.8729248046875,2.968292236328125,-3.828125,0.979461669921875,0.0,4.0,4.0,4.0,4.0,100.0,event
10:33:56.781,0.0,0.0,0.0,0.0,0.0,0.0,0.0,0.0,0.0,0.0,0.0,0.0,0.0,0.0,0.0,0.0,0.0,0.0,0.0,0.0,774.83514,759.5238,796.1905,1405.0183,864.68866,-0.43109130859375,0.150390625,0.8729248046875,2.968292236328125,-3.828125,0.979461669921875,0.0,4.0,4.0,4.0,4.0,100.0,event
10:33:56.806,0.0,0.0,0.0,0.0,0.0,0.0,0.0,0.0,0.0,0.0,0.0,0.0,0.0,0.0,0.0,0.0,0.0,0.0,0.0,0.0,792.96704,761.9414,794.57874,1587.5458,848.97437,-0.4295654296875,0.15423583984375,0.87371826171875,3.461761474609375,-3.521575927734375,1.98883056640625,0.0,4.0,4.0,4.0,4.0,100.0,event
10:33:56.807,0.0,0.0,0.0,0.0,0.0,0.0,0.0,0.0,0.0,0.0,0.0,0.0,0.0,0.0,0.0,0.0,0.0,0.0,0.0,0.0,837.28937,766.77655,791.75824,0.4029304,770.80585,-0.4295654296875,0.15423583984375,0.87371826171875,3.461761474609375,-3.521575927734375,1.98883056640625,0.0,4.0,4.0,4.0,4.0,100.0,event
10:33:56.808,0.0,0.0,0.0,0.0,0.0,0.0,0.0,0.0,0.0,0.0,0.0,0.0,0.0,0.0,0.0,0.0,0.0,0.0,0.0,0.0,853.8095,767.1795,794.9817,1615.348,795.38464,-0.4295654296875,0.15423583984375,0.87371826171875,3.461761474609375,-3.521575927734375,1.98883056640625,0.0,4.0,4.0,4.0,4.0,100.0,event
10:33:56.809,0.0,0.0,0.0,0.0,0.0,0.0,0.0,0.0,0.0,0.0,0.0,0.0,0.0,0.0,0.0,0.0,0.0,0.0,0.0,0.0,806.6667,769.59705,794.57874,1630.6593,803.0403,-0.4295654296875,0.15423583984375,0.87371826171875,3.461761474609375,-3.521575927734375,1.98883056640625,0.0,4.0,4.0,4.0,4.0,100.0,event
10:33:56.809,0.0,0.0,0.0,0.0,0.0,0.0,0.0,0.0,0.0,0.0,0.0,0.0,0.0,0.0,0.0,0.0,0.0,0.0,0.0,0.0,765.9707,770.0,790.9524,1628.6447,734.5421,-0.4295654296875,0.15423583984375,0.87371826171875,3.461761474609375,-3.521575927734375,1.98883056640625,0.0,4.0,4.0,4.0,4.0,100.0,event
10:33:56.810,0.0,0.0,0.0,0.0,0.0,0.0,0.0,0.0,0.0,0.0,0.0,0.0,0.0,0.0,0.0,0.0,0.0,0.0,0.0,0.0,783.2967,765.16486,792.5641,1627.4359,785.7143,-0.4295654296875,0.15423583984375,0.87371826171875,3.461761474609375,-3.521575927734375,1.98883056640625,0.0,4.0,4.0,4.0,4.0,100.0,event
10:33:56.811,0.0,0.0,0.0,0.0,0.0,0.0,0.0,0.0,0.0,0.0,0.0,0.0,0.0,0.0,0.0,0.0,0.0,0.0,0.0,0.0,819.5604,763.95605,794.17584,1626.63,931.1722,-0.4295654296875,0.15423583984375,0.87371826171875,3.461761474609375,-3.521575927734375,1.98883056640625,0.0,4.0,4.0,4.0,4.0,100.0,event
10:33:56.811,0.0,0.0,0.0,0.0,0.0,0.0,0.0,0.0,0.0,0.0,0.0,0.0,0.0,0.0,0.0,0.0,0.0,0.0,0.0,0.0,840.5128,765.56775,790.9524,1628.2417,1115.7142,-0.4295654296875,0.15423583984375,0.87371826171875,3.461761474609375,-3.521575927734375,1.98883056640625,0.0,4.0,4.0,4.0,4.0,100.0,event
10:33:56.812,0.0,0.0,0.0,0.0,0.0,0.0,0.0,0.0,0.0,0.0,0.0,0.0,0.0,0.0,0.0,0.0,0.0,0.0,0.0,0.0,809.4872,762.74725,791.75824,1628.2417,957.76556,-0.4295654296875,0.15423583984375,0.87371826171875,3.461761474609375,-3.521575927734375,1.98883056640625,0.0,4.0,4.0,4.0,4.0,100.0,event
10:33:56.813,0.0,0.0,0.0,0.0,0.0,0.0,0.0,0.0,0.0,0.0,0.0,0.0,0.0,0.0,0.0,0.0,0.0,0.0,0.0,0.0,774.83514,766.77655,790.54944,1628.2417,713.5897,-0.4295654296875,0.15423583984375,0.87371826171875,3.461761474609375,-3.521575927734375,1.98883056640625,0.0,4.0,4.0,4.0,4.0,100.0,event
10:33:56.813,0.0,0.0,0.0,0.0,0.0,0.0,0.0,0.0,0.0,0.0,0.0,0.0,0.0,0.0,0.0,0.0,0.0,0.0,0.0,0.0,765.9707,763.5531,792.5641,1628.2417,690.2198,-0.4295654296875,0.15423583984375,0.87371826171875,3.461761474609375,-3.521575927734375,1.98883056640625,0.0,4.0,4.0,4.0,4.0,100.0,event
10:33:56.814,0.0,0.0,0.0,0.0,0.0,0.0,0.0,0.0,0.0,0.0,0.0,0.0,0.0,0.0,0.0,0.0,0.0,0.0,0.0,0.0,812.71063,761.53845,788.5348,1628.2417,820.3663,-0.4295654296875,0.15423583984375,0.87371826171875,3.461761474609375,-3.521575927734375,1.98883056640625,0.0,4.0,4.0,4.0,4.0,100.0,event
10:33:56.815,0.0,0.0,0.0,0.0,0.0,0.0,0.0,0.0,0.0,0.0,0.0,0.0,0.0,0.0,0.0,0.0,0.0,0.0,0.0,0.0,844.94507,762.3443,788.1319,1628.2417,871.13556,-0.43682861328125,0.1591796875,0.8690185546875,3.043060302734375,-2.833709716796875,1.712188720703125,0.0,4.0,4.0,4.0,4.0,100.0,event
10:33:56.816,0.0,0.0,0.0,0.0,0.0,0.0,0.0,0.0,0.0,0.0,0.0,0.0,0.0,0.0,0.0,0.0,0.0,0.0,0.0,0.0,817.5458,769.59705,789.7436,1628.2417,759.12085,-0.43682861328125,0.1591796875,0.8690185546875,3.043060302734375,-2.833709716796875,1.712188720703125,0.0,4.0,4.0,4.0,4.0,100.0,event
10:33:56.816,0.0,0.0,0.0,0.0,0.0,0.0,0.0,0.0,0.0,0.0,0.0,0.0,0.0,0.0,0.0,0.0,0.0,0.0,0.0,0.0,770.80585,769.19415,790.54944,1628.2417,747.03296,-0.43682861328125,0.1591796875,0.8690185546875,3.043060302734375,-2.833709716796875,1.712188720703125,0.0,4.0,4.0,4.0,4.0,100.0,event
10:33:56.817,0.0,0.0,0.0,0.0,0.0,0.0,0.0,0.0,0.0,0.0,0.0,0.0,0.0,0.0,0.0,0.0,0.0,0.0,0.0,0.0,778.86444,768.7912,788.93774,1628.2417,782.8938,-0.43682861328125,0.1591796875,0.8690185546875,3.043060302734375,-2.833709716796875,1.712188720703125,0.0,4.0,4.0,4.0,4.0,100.0,event
10:33:56.818,0.0,0.0,0.0,0.0,0.0,0.0,0.0,0.0,0.0,0.0,0.0,0.0,0.0,0.0,0.0,0.0,0.0,0.0,0.0,0.0,814.3223,771.6117,786.1172,1636.3004,716.0073,-0.43682861328125,0.1591796875,0.8690185546875,3.043060302734375,-2.833709716796875,1.712188720703125,0.0,4.0,4.0,4.0,4.0,100.0,event
10:33:56.819,0.0,0.0,0.0,0.0,0.0,0.0,0.0,0.0,0.0,0.0,0.0,0.0,0.0,0.0,0.0,0.0,0.0,0.0,0.0,0.0,857.03296,770.0,787.72894,1599.2307,824.3956,-0.43682861328125,0.1591796875,0.8690185546875,3.043060302734375,-2.833709716796875,1.712188720703125,0.0,4.0,4.0,4.0,4.0,100.0,event
10:33:56.819,0.0,0.0,0.0,0.0,0.0,0.0,0.0,0.0,0.0,0.0,0.0,0.0,0.0,0.0,0.0,0.0,0.0,0.0,0.0,0.0,836.4835,768.3883,791.3553,7.655678,998.46155,-0.43682861328125,0.1591796875,0.8690185546875,3.043060302734375,-2.833709716796875,1.712188720703125,0.0,4.0,4.0,4.0,4.0,100.0,event
10:33:56.820,0.0,0.0,0.0,0.0,0.0,0.0,0.0,0.0,0.0,0.0,0.0,0.0,0.0,0.0,0.0,0.0,0.0,0.0,0.0,0.0,771.2088,768.3883,789.34064,1554.5055,1037.5458,-0.43682861328125,0.1591796875,0.8690185546875,3.043060302734375,-2.833709716796875,1.712188720703125,0.0,4.0,4.0,4.0,4.0,100.0,event
10:33:56.821,0.0,0.0,0.0,0.0,0.0,0.0,0.0,0.0,0.0,0.0,0.0,0.0,0.0,0.0,0.0,0.0,0.0,0.0,0.0,0.0,828.022,768.7912,793.36993,389.6337,638.24176,-0.43682861328125,0.1591796875,0.8690185546875,3.043060302734375,-2.833709716796875,1.712188720703125,0.0,4.0,4.0,4.0,4.0,100.0,event
10:33:56.821,0.0,0.0,0.0,0.0,0.0,0.0,0.0,0.0,0.0,0.0,0.0,0.0,0.0,0.0,0.0,0.0,0.0,0.0,0.0,0.0,776.04395,766.3736,788.1319,821.1722,710.7692,-0.43682861328125,0.1591796875,0.8690185546875,3.043060302734375,-2.833709716796875,1.712188720703125,0.0,4.0,4.0,4.0,4.0,100.0,event
10:33:56.822,0.0,0.0,0.0,0.0,0.0,0.0,0.0,0.0,0.0,0.0,0.0,0.0,0.0,0.0,0.0,0.0,0.0,0.0,0.0,0.0,853.4066,772.8205,794.17584,90.65934,744.61536,-0.43682861328125,0.1591796875,0.8690185546875,3.043060302734375,-2.833709716796875,1.712188720703125,0.0,4.0,4.0,4.0,4.0,100.0,event
10:33:56.823,0.0,0.0,0.0,0.0,0.0,0.0,0.0,0.0,0.0,0.0,0.0,0.0,0.0,0.0,0.0,0.0,0.0,0.0,0.0,0.0,836.8865,773.22345,791.75824,0.0,678.93774,-0.43682861328125,0.1591796875,0.8690185546875,3.043060302734375,-2.833709716796875,1.712188720703125,0.0,4.0,4.0,4.0,4.0,100.0,event
10:33:56.883,0.0,0.0,0.0,0.0,0.0,0.0,0.0,0.0,0.0,0.0,0.0,0.0,0.0,0.0,0.0,0.0,0.0,0.0,0.0,0.0,782.0879,772.01465,791.3553,52.38095,609.6337,-0.43682861328125,0.1591796875,0.8690185546875,3.043060302734375,-2.833709716796875,1.712188720703125,0.0,4.0,4.0,4.0,4.0,100.0,event
10:33:56.885,0.0,0.0,0.0,0.0,0.0,0.0,0.0,0.0,0.0,0.0,0.0,0.0,0.0,0.0,0.0,0.0,0.0,0.0,0.0,0.0,762.3443,772.4176,789.7436,0.0,616.4835,-0.43682861328125,0.1591796875,0.8690185546875,3.043060302734375,-2.833709716796875,1.712188720703125,0.0,4.0,4.0,4.0,4.0,100.0,event
10:33:56.887,0.0,0.0,0.0,0.0,0.0,0.0,0.0,0.0,0.0,0.0,0.0,0.0,0.0,0.0,0.0,0.0,0.0,0.0,0.0,0.0,802.6374,776.4469,788.5348,159.56044,716.8132,-0.43682861328125,0.1591796875,0.8690185546875,3.043060302734375,-2.833709716796875,1.712188720703125,0.0,4.0,4.0,4.0,4.0,100.0,event
10:33:56.888,0.0,0.0,0.0,0.0,0.0,0.0,0.0,0.0,0.0,0.0,0.0,0.0,0.0,0.0,0.0,0.0,0.0,0.0,0.0,0.0,844.94507,781.28204,790.14655,1227.326,812.3077,-0.43682861328125,0.1591796875,0.8690185546875,3.043060302734375,-2.833709716796875,1.712188720703125,0.0,4.0,4.0,4.0,4.0,100.0,event
10:33:56.888,0.0,0.0,0.0,0.0,0.0,0.0,0.0,0.0,0.0,0.0,0.0,0.0,0.0,0.0,0.0,0.0,0.0,0.0,0.0,0.0,832.4542,778.0586,786.1172,47.94872,796.5934,-0.43682861328125,0.1591796875,0.8690185546875,3.043060302734375,-2.833709716796875,1.712188720703125,0.0,4.0,4.0,4.0,4.0,100.0,event
10:33:56.889,0.0,0.0,0.0,0.0,0.0,0.0,0.0,0.0,0.0,0.0,0.0,0.0,0.0,0.0,0.0,0.0,0.0,0.0,0.0,0.0,777.25275,774.43225,790.14655,1583.9194,834.4689,-0.43682861328125,0.1591796875,0.8690185546875,3.043060302734375,-2.833709716796875,1.712188720703125,0.0,4.0,4.0,4.0,4.0,100.0,event
10:33:56.890,0.0,0.0,0.0,0.0,0.0,0.0,0.0,0.0,0.0,0.0,0.0,0.0,0.0,0.0,0.0,0.0,0.0,0.0,0.0,0.0,760.7326,774.83514,794.9817,1632.674,1186.227,-0.43682861328125,0.1591796875,0.8690185546875,3.043060302734375,-2.833709716796875,1.712188720703125,0.0,4.0,4.0,4.0,4.0,100.0,event
10:33:56.891,0.0,0.0,0.0,0.0,0.0,0.0,0.0,0.0,0.0,0.0,0.0,0.0,0.0,0.0,0.0,0.0,0.0,0.0,0.0,0.0,791.75824,777.6557,790.54944,1631.8682,1131.8315,-0.43682861328125,0.1591796875,0.8690185546875,3.043060302734375,-2.833709716796875,1.712188720703125,0.0,4.0,4.0,4.0,4.0,100.0,event
10:33:56.892,0.0,0.0,0.0,0.0,0.0,0.0,0.0,0.0,0.0,0.0,0.0,0.0,0.0,0.0,0.0,0.0,0.0,0.0,0.0,0.0,830.0366,782.49084,789.7436,1616.1538,735.7509,-0.43682861328125,0.1591796875,0.8690185546875,3.043060302734375,-2.833709716796875,1.712188720703125,0.0,4.0,4.0,4.0,4.0,100.0,event
10:33:56.893,0.0,0.0,0.0,0.0,0.0,0.0,0.0,0.0,0.0,0.0,0.0,0.0,0.0,0.0,0.0,0.0,0.0,0.0,0.0,0.0,829.2308,783.2967,790.9524,1647.1794,763.1502,-0.43682861328125,0.1591796875,0.8690185546875,3.043060302734375,-2.833709716796875,1.712188720703125,0.0,4.0,4.0,4.0,4.0,100.0,event
10:33:56.894,0.0,0.0,0.0,0.0,0.0,0.0,0.0,0.0,0.0,0.0,0.0,0.0,0.0,0.0,0.0,0.0,0.0,0.0,0.0,0.0,789.34064,779.67035,788.93774,1599.2307,803.44324,-0.43682861328125,0.1591796875,0.8690185546875,3.043060302734375,-2.833709716796875,1.712188720703125,0.0,4.0,4.0,4.0,4.0,100.0,event
10:33:56.895,0.0,0.0,0.0,0.0,0.0,0.0,0.0,0.0,0.0,0.0,0.0,0.0,0.0,0.0,0.0,0.0,0.0,0.0,0.0,0.0,767.5824,777.6557,790.14655,1397.7656,673.2967,-0.43682861328125,0.1591796875,0.8690185546875,3.043060302734375,-2.833709716796875,1.712188720703125,0.0,4.0,4.0,4.0,4.0,100.0,event
10:33:56.938,0.0,0.0,0.0,0.0,0.0,0.0,0.0,0.0,0.0,0.0,0.0,0.0,0.0,0.0,0.0,0.0,0.0,0.0,0.0,0.0,775.2381,776.04395,791.75824,1550.0732,627.3626,-0.44281005859375,0.16363525390625,0.8785400390625,2.94586181640625,-2.01873779296875,0.59814453125,0.0,4.0,4.0,4.0,4.0,100.0,event
10:33:56.939,0.0,0.0,0.0,0.0,0.0,0.0,0.0,0.0,0.0,0.0,0.0,0.0,0.0,0.0,0.0,0.0,0.0,0.0,0.0,0.0,812.3077,776.4469,788.1319,14.505494,763.5531,-0.44281005859375,0.16363525390625,0.8785400390625,2.94586181640625,-2.01873779296875,0.59814453125,0.0,4.0,4.0,4.0,4.0,100.0,event
10:33:56.940,0.0,0.0,0.0,0.0,0.0,0.0,0.0,0.0,0.0,0.0,0.0,0.0,0.0,0.0,0.0,0.0,0.0,0.0,0.0,0.0,831.6484,778.46155,789.7436,1591.1721,863.47986,-0.44281005859375,0.16363525390625,0.8785400390625,2.94586181640625,-2.01873779296875,0.59814453125,0.0,4.0,4.0,4.0,4.0,100.0,event
10:33:56.941,0.0,0.0,0.0,0.0,0.0,0.0,0.0,0.0,0.0,0.0,0.0,0.0,0.0,0.0,0.0,0.0,0.0,0.0,0.0,0.0,786.52014,780.87915,793.36993,1629.0476,786.1172,-0.44281005859375,0.16363525390625,0.8785400390625,2.94586181640625,-2.01873779296875,0.59814453125,0.0,4.0,4.0,4.0,4.0,100.0,event
10:33:56.941,0.0,0.0,0.0,0.0,0.0,0.0,0.0,0.0,0.0,0.0,0.0,0.0,0.0,0.0,0.0,0.0,0.0,0.0,0.0,0.0,772.4176,783.2967,789.34064,1623.8096,710.3663,-0.44281005859375,0.16363525390625,0.8785400390625,2.94586181640625,-2.01873779296875,0.59814453125,0.0,4.0,4.0,4.0,4.0,100.0,event
10:33:56.942,0.0,0.0,0.0,0.0,0.0,0.0,0.0,0.0,0.0,0.0,0.0,0.0,0.0,0.0,0.0,0.0,0.0,0.0,0.0,0.0,800.2198,778.86444,783.2967,755.89746,885.64105,-0.44281005859375,0.16363525390625,0.8785400390625,2.94586181640625,-2.01873779296875,0.59814453125,0.0,4.0,4.0,4.0,4.0,100.0,event
10:33:56.943,0.0,0.0,0.0,0.0,0.0,0.0,0.0,0.0,0.0,0.0,0.0,0.0,0.0,0.0,0.0,0.0,0.0,0.0,0.0,0.0,832.0513,781.28204,780.07324,0.0,906.5934,-0.44281005859375,0.16363525390625,0.8785400390625,2.94586181640625,-2.01873779296875,0.59814453125,0.0,4.0,4.0,4.0,4.0,100.0,event
10:33:56.943,0.0,0.0,0.0,0.0,0.0,0.0,0.0,0.0,0.0,0.0,0.0,0.0,0.0,0.0,0.0,0.0,0.0,0.0,0.0,0.0,861.8681,786.52014,785.31134,506.48352,807.8755,-0.44281005859375,0.16363525390625,0.8785400390625,2.94586181640625,-2.01873779296875,0.59814453125,0.0,4.0,4.0,4.0,4.0,100.0,event
10:33:56.944,0.0,0.0,0.0,0.0,0.0,0.0,0.0,0.0,0.0,0.0,0.0,0.0,0.0,0.0,0.0,0.0,0.0,0.0,0.0,0.0,819.9634,784.5055,794.9817,1053.2601,774.43225,-0.44281005859375,0.16363525390625,0.8785400390625,2.94586181640625,-2.01873779296875,0.59814453125,0.0,4.0,4.0,4.0,4.0,100.0,event
10:33:56.945,0.0,0.0,0.0,0.0,0.0,0.0,0.0,0.0,0.0,0.0,0.0,0.0,0.0,0.0,0.0,0.0,0.0,0.0,0.0,0.0,787.72894,783.2967,794.57874,1392.1245,875.9707,-0.44281005859375,0.16363525390625,0.8785400390625,2.94586181640625,-2.01873779296875,0.59814453125,0.0,4.0,4.0,4.0,4.0,100.0,event
10:33:56.945,0.0,0.0,0.0,0.0,0.0,0.0,0.0,0.0,0.0,0.0,0.0,0.0,0.0,0.0,0.0,0.0,0.0,0.0,0.0,0.0,766.77655,781.685,796.5934,828.4249,820.3663,-0.44281005859375,0.16363525390625,0.8785400390625,2.94586181640625,-2.01873779296875,0.59814453125,0.0,4.0,4.0,4.0,4.0,100.0,event
10:33:56.946,0.0,0.0,0.0,0.0,0.0,0.0,0.0,0.0,0.0,0.0,0.0,0.0,0.0,0.0,0.0,0.0,0.0,0.0,0.0,0.0,841.7216,782.8938,792.5641,25.384615,728.0952,-0.44281005859375,0.16363525390625,0.8785400390625,2.94586181640625,-2.01873779296875,0.59814453125,0.0,4.0,4.0,4.0,4.0,100.0,event
10:33:56.991,0.0,0.0,0.0,0.0,0.0,0.0,0.0,0.0,0.0,0.0,0.0,0.0,0.0,0.0,0.0,0.0,0.0,0.0,0.0,0.0,859.85345,780.87915,792.96704,1616.5568,746.2271,-0.434326171875,0.16552734375,0.86590576171875,2.549591064453125,0.695343017578125,-1.173858642578125,0.0,4.0,4.0,4.0,4.0,100.0,event
10:33:56.993,0.0,0.0,0.0,0.0,0.0,0.0,0.0,0.0,0.0,0.0,0.0,0.0,0.0,0.0,0.0,0.0,0.0,0.0,0.0,0.0,820.3663,783.69965,795.78754,1593.5897,923.1135,-0.434326171875,0.16552734375,0.86590576171875,2.549591064453125,0.695343017578125,-1.173858642578125,0.0,4.0,4.0,4.0,4.0,100.0,event
10:33:56.997,0.0,0.0,0.0,0.0,0.0,0.0,0.0,0.0,0.0,0.0,0.0,0.0,0.0,0.0,0.0,0.0,0.0,0.0,0.0,0.0,780.87915,786.1172,794.17584,1068.1685,852.6007,-0.434326171875,0.16552734375,0.86590576171875,2.549591064453125,0.695343017578125,-1.173858642578125,0.0,4.0,4.0,4.0,4.0,100.0,event
10:33:56.998,0.0,0.0,0.0,0.0,0.0,0.0,0.0,0.0,0.0,0.0,0.0,0.0,0.0,0.0,0.0,0.0,0.0,0.0,0.0,0.0,788.1319,785.7143,788.5348,1034.7252,690.2198,-0.434326171875,0.16552734375,0.86590576171875,2.549591064453125,0.695343017578125,-1.173858642578125,0.0,4.0,4.0,4.0,4.0,100.0,event
10:33:57.000,0.0,0.0,0.0,0.0,0.0,0.0,0.0,0.0,0.0,0.0,0.0,0.0,0.0,0.0,0.0,0.0,0.0,0.0,0.0,0.0,834.0659,785.7143,784.90845,1187.8389,713.1868,-0.434326171875,0.16552734375,0.86590576171875,2.549591064453125,0.695343017578125,-1.173858642578125,0.0,4.0,4.0,4.0,4.0,100.0,event
10:33:57.001,0.0,0.0,0.0,0.0,0.0,0.0,0.0,0.0,0.0,0.0,0.0,0.0,0.0,0.0,0.0,0.0,0.0,0.0,0.0,0.0,861.8681,788.93774,788.5348,1266.0073,928.3516,-0.434326171875,0.16552734375,0.86590576171875,2.549591064453125,0.695343017578125,-1.173858642578125,0.0,4.0,4.0,4.0,4.0,100.0,event
10:33:57.002,0.0,0.0,0.0,0.0,0.0,0.0,0.0,0.0,0.0,0.0,0.0,0.0,0.0,0.0,0.0,0.0,0.0,0.0,0.0,0.0,830.4396,794.17584,792.1612,1479.1575,976.7033,-0.434326171875,0.16552734375,0.86590576171875,2.549591064453125,0.695343017578125,-1.173858642578125,0.0,4.0,4.0,4.0,4.0,100.0,event
10:33:57.003,0.0,0.0,0.0,0.0,0.0,0.0,0.0,0.0,0.0,0.0,0.0,0.0,0.0,0.0,0.0,0.0,0.0,0.0,0.0,0.0,800.2198,796.5934,791.3553,1486.0073,815.5311,-0.434326171875,0.16552734375,0.86590576171875,2.549591064453125,0.695343017578125,-1.173858642578125,0.0,4.0,4.0,4.0,4.0,100.0,event
10:33:57.004,0.0,0.0,0.0,0.0,0.0,0.0,0.0,0.0,0.0,0.0,0.0,0.0,0.0,0.0,0.0,0.0,0.0,0.0,0.0,0.0,807.0696,795.38464,790.54944,1210.0,787.326,-0.434326171875,0.16552734375,0.86590576171875,2.549591064453125,0.695343017578125,-1.173858642578125,0.0,4.0,4.0,4.0,4.0,100.0,event
10:33:57.004,0.0,0.0,0.0,0.0,0.0,0.0,0.0,0.0,0.0,0.0,0.0,0.0,0.0,0.0,0.0,0.0,0.0,0.0,0.0,0.0,828.4249,794.57874,786.9231,956.55676,1102.0146,-0.434326171875,0.16552734375,0.86590576171875,2.549591064453125,0.695343017578125,-1.173858642578125,0.0,4.0,4.0,4.0,4.0,100.0,event
10:33:57.005,0.0,0.0,0.0,0.0,0.0,0.0,0.0,0.0,0.0,0.0,0.0,0.0,0.0,0.0,0.0,0.0,0.0,0.0,0.0,0.0,853.4066,792.96704,794.17584,969.85345,695.8608,-0.434326171875,0.16552734375,0.86590576171875,2.549591064453125,0.695343017578125,-1.173858642578125,0.0,4.0,4.0,4.0,4.0,100.0,event
10:33:57.005,0.0,0.0,0.0,0.0,0.0,0.0,0.0,0.0,0.0,0.0,0.0,0.0,0.0,0.0,0.0,0.0,0.0,0.0,0.0,0.0,865.4945,793.7729,785.7143,890.4762,1016.99634,-0.434326171875,0.16552734375,0.86590576171875,2.549591064453125,0.695343017578125,-1.173858642578125,0.0,4.0,4.0,4.0,4.0,100.0,event
10:33:57.039,0.0,0.0,0.0,0.0,0.0,0.0,0.0,0.0,0.0,0.0,0.0,0.0,0.0,0.0,0.0,0.0,0.0,0.0,0.0,0.0,796.99634,797.8022,794.17584,933.9927,670.87915,-0.4447021484375,0.1630859375,0.8802490234375,1.42059326171875,-0.231781005859375,-0.0897216796875,0.0,4.0,4.0,4.0,4.0,100.0,event
10:33:57.040,0.0,0.0,0.0,0.0,0.0,0.0,0.0,0.0,0.0,0.0,0.0,0.0,0.0,0.0,0.0,0.0,0.0,0.0,0.0,0.0,800.6227,797.8022,786.9231,867.1062,681.75824,-0.4447021484375,0.1630859375,0.8802490234375,1.42059326171875,-0.231781005859375,-0.0897216796875,0.0,4.0,4.0,4.0,4.0,100.0,event
10:33:57.041,0.0,0.0,0.0,0.0,0.0,0.0,0.0,0.0,0.0,0.0,0.0,0.0,0.0,0.0,0.0,0.0,0.0,0.0,0.0,0.0,835.6777,796.1905,790.54944,1175.348,699.4872,-0.4447021484375,0.1630859375,0.8802490234375,1.42059326171875,-0.231781005859375,-0.0897216796875,0.0,4.0,4.0,4.0,4.0,100.0,event
10:33:57.042,0.0,0.0,0.0,0.0,0.0,0.0,0.0,0.0,0.0,0.0,0.0,0.0,0.0,0.0,0.0,0.0,0.0,0.0,0.0,0.0,859.0476,797.3993,798.20514,1545.641,782.0879,-0.4447021484375,0.1630859375,0.8802490234375,1.42059326171875,-0.231781005859375,-0.0897216796875,0.0,4.0,4.0,4.0,4.0,100.0,event
10:33:57.042,0.0,0.0,0.0,0.0,0.0,0.0,0.0,0.0,0.0,0.0,0.0,0.0,0.0,0.0,0.0,0.0,0.0,0.0,0.0,0.0,838.0952,798.60803,799.41394,1645.5677,796.1905,-0.4447021484375,0.1630859375,0.8802490234375,1.42059326171875,-0.231781005859375,-0.0897216796875,0.0,4.0,4.0,4.0,4.0,100.0,event
10:33:57.043,0.0,0.0,0.0,0.0,0.0,0.0,0.0,0.0,0.0,0.0,0.0,0.0,0.0,0.0,0.0,0.0,0.0,0.0,0.0,0.0,783.69965,798.20514,793.7729,1573.4432,849.7802,-0.4447021484375,0.1630859375,0.8802490234375,1.42059326171875,-0.231781005859375,-0.0897216796875,0.0,4.0,4.0,4.0,4.0,100.0,event
10:33:57.043,0.0,0.0,0.0,0.0,0.0,0.0,0.0,0.0,0.0,0.0,0.0,0.0,0.0,0.0,0.0,0.0,0.0,0.0,0.0,0.0,773.6264,795.78754,790.9524,1326.044,822.381,-0.4447021484375,0.1630859375,0.8802490234375,1.42059326171875,-0.231781005859375,-0.0897216796875,0.0,4.0,4.0,4.0,4.0,100.0,event
10:33:57.044,0.0,0.0,0.0,0.0,0.0,0.0,0.0,0.0,0.0,0.0,0.0,0.0,0.0,0.0,0.0,0.0,0.0,0.0,0.0,0.0,815.5311,795.38464,789.34064,1136.6666,713.9927,-0.4447021484375,0.1630859375,0.8802490234375,1.42059326171875,-0.231781005859375,-0.0897216796875,0.0,4.0,4.0,4.0,4.0,100.0,event
10:33:57.045,0.0,0.0,0.0,0.0,0.0,0.0,0.0,0.0,0.0,0.0,0.0,0.0,0.0,0.0,0.0,0.0,0.0,0.0,0.0,0.0,852.1978,796.99634,786.1172,995.64105,871.9414,-0.4447021484375,0.1630859375,0.8802490234375,1.42059326171875,-0.231781005859375,-0.0897216796875,0.0,4.0,4.0,4.0,4.0,100.0,event
10:33:57.045,0.0,0.0,0.0,0.0,0.0,0.0,0.0,0.0,0.0,0.0,0.0,0.0,0.0,0.0,0.0,0.0,0.0,0.0,0.0,0.0,834.0659,794.57874,788.1319,653.5531,1085.0916,-0.4447021484375,0.1630859375,0.8802490234375,1.42059326171875,-0.231781005859375,-0.0897216796875,0.0,4.0,4.0,4.0,4.0,100.0,event
10:33:57.046,0.0,0.0,0.0,0.0,0.0,0.0,0.0,0.0,0.0,0.0,0.0,0.0,0.0,0.0,0.0,0.0,0.0,0.0,0.0,0.0,796.5934,796.99634,790.54944,516.1539,774.0293,-0.4447021484375,0.1630859375,0.8802490234375,1.42059326171875,-0.231781005859375,-0.0897216796875,0.0,4.0,4.0,4.0,4.0,100.0,event
10:33:57.047,0.0,0.0,0.0,0.0,0.0,0.0,0.0,0.0,0.0,0.0,0.0,0.0,0.0,0.0,0.0,0.0,0.0,0.0,0.0,0.0,778.0586,801.02563,788.1319,1006.1172,718.022,-0.4447021484375,0.1630859375,0.8802490234375,1.42059326171875,-0.231781005859375,-0.0897216796875,0.0,4.0,4.0,4.0,4.0,100.0,event
10:33:57.092,0.0,0.0,0.0,0.0,0.0,0.0,0.0,0.0,0.0,0.0,0.0,0.0,0.0,0.0,0.0,0.0,0.0,0.0,0.0,0.0,807.47253,798.60803,790.54944,1541.2087,960.58606,-0.4560546875,0.1622314453125,0.86163330078125,1.27105712890625,-1.65985107421875,-0.37384033203125,0.0,4.0,4.0,4.0,4.0,100.0,event
10:33:57.094,0.0,0.0,0.0,0.0,0.0,0.0,0.0,0.0,0.0,0.0,0.0,0.0,0.0,0.0,0.0,0.0,0.0,0.0,0.0,0.0,858.6447,802.23444,792.5641,1044.3956,838.9011,-0.4560546875,0.1622314453125,0.86163330078125,1.27105712890625,-1.65985107421875,-0.37384033203125,0.0,4.0,4.0,4.0,4.0,100.0,event
10:33:57.095,0.0,0.0,0.0,0.0,0.0,0.0,0.0,0.0,0.0,0.0,0.0,0.0,0.0,0.0,0.0,0.0,0.0,0.0,0.0,0.0,850.18317,801.8315,788.1319,142.23444,664.0293,-0.4560546875,0.1622314453125,0.86163330078125,1.27105712890625,-1.65985107421875,-0.37384033203125,0.0,4.0,4.0,4.0,4.0,100.0,event
10:33:57.096,0.0,0.0,0.0,0.0,0.0,0.0,0.0,0.0,0.0,0.0,0.0,0.0,0.0,0.0,0.0,0.0,0.0,0.0,0.0,0.0,793.7729,798.60803,790.14655,0.0,674.90845,-0.4560546875,0.1622314453125,0.86163330078125,1.27105712890625,-1.65985107421875,-0.37384033203125,0.0,4.0,4.0,4.0,4.0,100.0,event
10:33:57.100,0.0,0.0,0.0,0.0,0.0,0.0,0.0,0.0,0.0,0.0,0.0,0.0,0.0,0.0,0.0,0.0,0.0,0.0,0.0,0.0,767.5824,803.0403,790.54944,108.388275,708.7546,-0.4560546875,0.1622314453125,0.86163330078125,1.27105712890625,-1.65985107421875,-0.37384033203125,0.0,4.0,4.0,4.0,4.0,100.0,event
10:33:57.101,0.0,0.0,0.0,0.0,0.0,0.0,0.0,0.0,0.0,0.0,0.0,0.0,0.0,0.0,0.0,0.0,0.0,0.0,0.0,0.0,791.3553,804.2491,791.3553,858.6447,787.72894,-0.4560546875,0.1622314453125,0.86163330078125,1.27105712890625,-1.65985107421875,-0.37384033203125,0.0,4.0,4.0,4.0,4.0,100.0,event
10:33:57.102,0.0,0.0,0.0,0.0,0.0,0.0,0.0,0.0,0.0,0.0,0.0,0.0,0.0,0.0,0.0,0.0,0.0,0.0,0.0,0.0,838.9011,804.2491,790.9524,1588.7546,834.4689,-0.4560546875,0.1622314453125,0.86163330078125,1.27105712890625,-1.65985107421875,-0.37384033203125,0.0,4.0,4.0,4.0,4.0,100.0,event
10:33:57.103,0.0,0.0,0.0,0.0,0.0,0.0,0.0,0.0,0.0,0.0,0.0,0.0,0.0,0.0,0.0,0.0,0.0,0.0,0.0,0.0,848.5714,803.44324,786.52014,1625.8242,823.1868,-0.4560546875,0.1622314453125,0.86163330078125,1.27105712890625,-1.65985107421875,-0.37384033203125,0.0,4.0,4.0,4.0,4.0,100.0,event
10:33:57.103,0.0,0.0,0.0,0.0,0.0,0.0,0.0,0.0,0.0,0.0,0.0,0.0,0.0,0.0,0.0,0.0,0.0,0.0,0.0,0.0,798.20514,801.02563,782.49084,1612.1245,972.27106,-0.4560546875,0.1622314453125,0.86163330078125,1.27105712890625,-1.65985107421875,-0.37384033203125,0.0,4.0,4.0,4.0,4.0,100.0,event
10:33:57.104,0.0,0.0,0.0,0.0,0.0,0.0,0.0,0.0,0.0,0.0,0.0,0.0,0.0,0.0,0.0,0.0,0.0,0.0,0.0,0.0,773.22345,803.0403,783.69965,1633.4799,838.0952,-0.4560546875,0.1622314453125,0.86163330078125,1.27105712890625,-1.65985107421875,-0.37384033203125,0.0,4.0,4.0,4.0,4.0,100.0,event
10:33:57.104,0.0,0.0,0.0,0.0,0.0,0.0,0.0,0.0,0.0,0.0,0.0,0.0,0.0,0.0,0.0,0.0,0.0,0.0,0.0,0.0,805.05493,806.26373,790.54944,1628.2417,697.47253,-0.4560546875,0.1622314453125,0.86163330078125,1.27105712890625,-1.65985107421875,-0.37384033203125,0.0,4.0,4.0,4.0,4.0,100.0,event
10:33:57.105,0.0,0.0,0.0,0.0,0.0,0.0,0.0,0.0,0.0,0.0,0.0,0.0,0.0,0.0,0.0,0.0,0.0,0.0,0.0,0.0,845.34796,807.0696,792.1612,1628.2417,773.6264,-0.4560546875,0.1622314453125,0.86163330078125,1.27105712890625,-1.65985107421875,-0.37384033203125,0.0,4.0,4.0,4.0,4.0,100.0,event
10:33:57.133,0.0,0.0,0.0,0.0,0.0,0.0,0.0,0.0,0.0,0.0,0.0,0.0,0.0,0.0,0.0,0.0,0.0,0.0,0.0,0.0,863.0769,807.8755,791.75824,1628.2417,804.65204,-0.4560546875,0.1622314453125,0.86163330078125,1.27105712890625,-1.65985107421875,-0.37384033203125,0.0,4.0,4.0,4.0,4.0,100.0,event
10:33:57.134,0.0,0.0,0.0,0.0,0.0,0.0,0.0,0.0,0.0,0.0,0.0,0.0,0.0,0.0,0.0,0.0,0.0,0.0,0.0,0.0,837.6923,805.05493,790.14655,1630.2565,745.0183,-0.4560546875,0.1622314453125,0.86163330078125,1.27105712890625,-1.65985107421875,-0.37384033203125,0.0,4.0,4.0,4.0,4.0,100.0,event
10:33:57.135,0.0,0.0,0.0,0.0,0.0,0.0,0.0,0.0,0.0,0.0,0.0,0.0,0.0,0.0,0.0,0.0,0.0,0.0,0.0,0.0,788.93774,809.89014,780.87915,1634.2858,809.4872,-0.4560546875,0.1622314453125,0.86163330078125,1.27105712890625,-1.65985107421875,-0.37384033203125,0.0,4.0,4.0,4.0,4.0,100.0,event
10:33:57.135,0.0,0.0,0.0,0.0,0.0,0.0,0.0,0.0,0.0,0.0,0.0,0.0,0.0,0.0,0.0,0.0,0.0,0.0,0.0,0.0,789.7436,805.8608,785.7143,1621.7949,700.696,-0.4560546875,0.1622314453125,0.86163330078125,1.27105712890625,-1.65985107421875,-0.37384033203125,0.0,4.0,4.0,4.0,4.0,100.0,event
10:33:57.136,0.0,0.0,0.0,0.0,0.0,0.0,0.0,0.0,0.0,0.0,0.0,0.0,0.0,0.0,0.0,0.0,0.0,0.0,0.0,0.0,844.5421,809.89014,784.90845,1621.392,888.86444,-0.4560546875,0.1622314453125,0.86163330078125,1.27105712890625,-1.65985107421875,-0.37384033203125,0.0,4.0,4.0,4.0,4.0,100.0,event
10:33:57.136,0.0,0.0,0.0,0.0,0.0,0.0,0.0,0.0,0.0,0.0,0.0,0.0,0.0,0.0,0.0,0.0,0.0,0.0,0.0,0.0,871.13556,809.4872,794.57874,1461.0256,883.6264,-0.4560546875,0.1622314453125,0.86163330078125,1.27105712890625,-1.65985107421875,-0.37384033203125,0.0,4.0,4.0,4.0,4.0,100.0,event
10:33:57.136,0.0,0.0,0.0,0.0,0.0,0.0,0.0,0.0,0.0,0.0,0.0,0.0,0.0,0.0,0.0,0.0,0.0,0.0,0.0,0.0,825.2015,811.0989,800.6227,1469.4872,837.28937,-0.4560546875,0.1622314453125,0.86163330078125,1.27105712890625,-1.65985107421875,-0.37384033203125,0.0,4.0,4.0,4.0,4.0,100.0,event
10:33:57.137,0.0,0.0,0.0,0.0,0.0,0.0,0.0,0.0,0.0,0.0,0.0,0.0,0.0,0.0,0.0,0.0,0.0,0.0,0.0,0.0,782.8938,809.89014,799.81683,1607.2894,889.67035,-0.4560546875,0.1622314453125,0.86163330078125,1.27105712890625,-1.65985107421875,-0.37384033203125,0.0,4.0,4.0,4.0,4.0,100.0,event
10:33:57.137,0.0,0.0,0.0,0.0,0.0,0.0,0.0,0.0,0.0,0.0,0.0,0.0,0.0,0.0,0.0,0.0,0.0,0.0,0.0,0.0,806.26373,812.71063,780.4762,1626.227,1023.44324,-0.4560546875,0.1622314453125,0.86163330078125,1.27105712890625,-1.65985107421875,-0.37384033203125,0.0,4.0,4.0,4.0,4.0,100.0,event
10:33:57.138,0.0,0.0,0.0,0.0,0.0,0.0,0.0,0.0,0.0,0.0,0.0,0.0,0.0,0.0,0.0,0.0,0.0,0.0,0.0,0.0,861.8681,815.12823,780.07324,1622.6007,838.49817,-0.4560546875,0.1622314453125,0.86163330078125,1.27105712890625,-1.65985107421875,-0.37384033203125,0.0,4.0,4.0,4.0,4.0,100.0,event
10:33:57.138,0.0,0.0,0.0,0.0,0.0,0.0,0.0,0.0,0.0,0.0,0.0,0.0,0.0,0.0,0.0,0.0,0.0,0.0,0.0,0.0,885.2381,814.3223,801.4286,1638.3151,725.6777,-0.4560546875,0.1622314453125,0.86163330078125,1.27105712890625,-1.65985107421875,-0.37384033203125,0.0,4.0,4.0,4.0,4.0,100.0,event
10:33:57.139,0.0,0.0,0.0,0.0,0.0,0.0,0.0,0.0,0.0,0.0,0.0,0.0,0.0,0.0,0.0,0.0,0.0,0.0,0.0,0.0,828.022,813.1135,811.0989,1509.7803,800.6227,-0.4560546875,0.1622314453125,0.86163330078125,1.27105712890625,-1.65985107421875,-0.37384033203125,0.0,4.0,4.0,4.0,4.0,100.0,event
10:33:57.140,0.0,0.0,0.0,0.0,0.0,0.0,0.0,0.0,0.0,0.0,0.0,0.0,0.0,0.0,0.0,0.0,0.0,0.0,0.0,0.0,776.04395,812.71063,806.6667,1405.4213,769.59705,-0.4368896484375,0.15087890625,0.88348388671875,0.351409912109375,4.508514404296875,3.46923828125,0.0,4.0,4.0,4.0,4.0,100.0,event
10:33:57.140,0.0,0.0,0.0,0.0,0.0,0.0,0.0,0.0,0.0,0.0,0.0,0.0,0.0,0.0,0.0,0.0,0.0,0.0,0.0,0.0,793.36993,812.71063,798.20514,1545.641,691.4286,-0.4368896484375,0.15087890625,0.88348388671875,0.351409912109375,4.508514404296875,3.46923828125,0.0,4.0,4.0,4.0,4.0,100.0,event
10:33:57.140,0.0,0.0,0.0,0.0,0.0,0.0,0.0,0.0,0.0,0.0,0.0,0.0,0.0,0.0,0.0,0.0,0.0,0.0,0.0,0.0,834.4689,813.1135,790.9524,1601.6483,744.61536,-0.4368896484375,0.15087890625,0.88348388671875,0.351409912109375,4.508514404296875,3.46923828125,0.0,4.0,4.0,4.0,4.0,100.0,event
10:33:57.141,0.0,0.0,0.0,0.0,0.0,0.0,0.0,0.0,0.0,0.0,0.0,0.0,0.0,0.0,0.0,0.0,0.0,0.0,0.0,0.0,827.2161,815.12823,792.5641,579.011,707.1429,-0.4368896484375,0.15087890625,0.88348388671875,0.351409912109375,4.508514404296875,3.46923828125,0.0,4.0,4.0,4.0,4.0,100.0,event
10:33:57.141,0.0,0.0,0.0,0.0,0.0,0.0,0.0,0.0,0.0,0.0,0.0,0.0,0.0,0.0,0.0,0.0,0.0,0.0,0.0,0.0,859.0476,815.5311,788.1319,1178.5714,786.9231,-0.4368896484375,0.15087890625,0.88348388671875,0.351409912109375,4.508514404296875,3.46923828125,0.0,4.0,4.0,4.0,4.0,100.0,event
10:33:57.142,0.0,0.0,0.0,0.0,0.0,0.0,0.0,0.0,0.0,0.0,0.0,0.0,0.0,0.0,0.0,0.0,0.0,0.0,0.0,0.0,776.4469,815.9341,794.57874,247.8022,769.59705,-0.4368896484375,0.15087890625,0.88348388671875,0.351409912109375,4.508514404296875,3.46923828125,0.0,4.0,4.0,4.0,4.0,100.0,event
10:33:57.145,0.0,0.0,0.0,0.0,0.0,0.0,0.0,0.0,0.0,0.0,0.0,0.0,0.0,0.0,0.0,0.0,0.0,0.0,0.0,0.0,776.4469,817.1429,793.7729,66.48351,821.1722,-0.4368896484375,0.15087890625,0.88348388671875,0.351409912109375,4.508514404296875,3.46923828125,0.0,4.0,4.0,4.0,4.0,100.0,event
10:33:57.146,0.0,0.0,0.0,0.0,0.0,0.0,0.0,0.0,0.0,0.0,0.0,0.0,0.0,0.0,0.0,0.0,0.0,0.0,0.0,0.0,810.293,815.5311,792.96704,1.6117216,1030.6959,-0.4368896484375,0.15087890625,0.88348388671875,0.351409912109375,4.508514404296875,3.46923828125,0.0,4.0,4.0,4.0,4.0,100.0,event
10:33:57.147,0.0,0.0,0.0,0.0,0.0,0.0,0.0,0.0,0.0,0.0,0.0,0.0,0.0,0.0,0.0,0.0,0.0,0.0,0.0,0.0,850.18317,817.9487,792.1612,0.0,946.08057,-0.4368896484375,0.15087890625,0.88348388671875,0.351409912109375,4.508514404296875,3.46923828125,0.0,4.0,4.0,4.0,4.0,100.0,event
10:33:57.147,0.0,0.0,0.0,0.0,0.0,0.0,0.0,0.0,0.0,0.0,0.0,0.0,0.0,0.0,0.0,0.0,0.0,0.0,0.0,0.0,843.3333,818.3516,789.7436,45.531136,645.09155,-0.4368896484375,0.15087890625,0.88348388671875,0.351409912109375,4.508514404296875,3.46923828125,0.0,4.0,4.0,4.0,4.0,100.0,event
10:33:57.148,0.0,0.0,0.0,0.0,0.0,0.0,0.0,0.0,0.0,0.0,0.0,0.0,0.0,0.0,0.0,0.0,0.0,0.0,0.0,0.0,788.1319,817.5458,784.5055,354.1758,689.011,-0.4368896484375,0.15087890625,0.88348388671875,0.351409912109375,4.508514404296875,3.46923828125,0.0,4.0,4.0,4.0,4.0,100.0,event
10:33:57.149,0.0,0.0,0.0,0.0,0.0,0.0,0.0,0.0,0.0,0.0,0.0,0.0,0.0,0.0,0.0,0.0,0.0,0.0,0.0,0.0,768.7912,814.3223,782.49084,480.69598,682.1612,-0.4368896484375,0.15087890625,0.88348388671875,0.351409912109375,4.508514404296875,3.46923828125,0.0,4.0,4.0,4.0,4.0,100.0,event
10:33:57.204,0.0,0.0,0.0,0.0,0.0,0.0,0.0,0.0,0.0,0.0,0.0,0.0,0.0,0.0,0.0,0.0,0.0,0.0,0.0,0.0,811.9048,817.5458,781.28204,570.14655,601.5751,-0.46893310546875,0.1402587890625,0.8687744140625,-0.426177978515625,-1.06170654296875,4.747772216796875,0.0,4.0,4.0,4.0,4.0,100.0,event
10:33:57.205,0.0,0.0,0.0,0.0,0.0,0.0,0.0,0.0,0.0,0.0,0.0,0.0,0.0,0.0,0.0,0.0,0.0,0.0,0.0,0.0,858.24176,824.3956,794.57874,742.1978,669.2674,-0.46893310546875,0.1402587890625,0.8687744140625,-0.426177978515625,-1.06170654296875,4.747772216796875,0.0,4.0,4.0,4.0,4.0,100.0,event
10:33:57.206,0.0,0.0,0.0,0.0,0.0,0.0,0.0,0.0,0.0,0.0,0.0,0.0,0.0,0.0,0.0,0.0,0.0,0.0,0.0,0.0,834.87177,822.381,807.8755,570.54944,835.2747,-0.46893310546875,0.1402587890625,0.8687744140625,-0.426177978515625,-1.06170654296875,4.747772216796875,0.0,4.0,4.0,4.0,4.0,100.0,event
10:33:57.207,0.0,0.0,0.0,0.0,0.0,0.0,0.0,0.0,0.0,0.0,0.0,0.0,0.0,0.0,0.0,0.0,0.0,0.0,0.0,0.0,765.16486,822.381,797.8022,251.8315,690.6227,-0.46893310546875,0.1402587890625,0.8687744140625,-0.426177978515625,-1.06170654296875,4.747772216796875,0.0,4.0,4.0,4.0,4.0,100.0,event
10:33:57.207,0.0,0.0,0.0,0.0,0.0,0.0,0.0,0.0,0.0,0.0,0.0,0.0,0.0,0.0,0.0,0.0,0.0,0.0,0.0,0.0,779.67035,821.5751,803.8461,367.47253,804.2491,-0.46893310546875,0.1402587890625,0.8687744140625,-0.426177978515625,-1.06170654296875,4.747772216796875,0.0,4.0,4.0,4.0,4.0,100.0,event
10:33:57.208,0.0,0.0,0.0,0.0,0.0,0.0,0.0,0.0,0.0,0.0,0.0,0.0,0.0,0.0,0.0,0.0,0.0,0.0,0.0,0.0,796.99634,818.3516,791.75824,100.7326,753.8828,-0.46893310546875,0.1402587890625,0.8687744140625,-0.426177978515625,-1.06170654296875,4.747772216796875,0.0,4.0,4.0,4.0,4.0,100.0,event
10:33:57.208,0.0,0.0,0.0,0.0,0.0,0.0,0.0,0.0,0.0,0.0,0.0,0.0,0.0,0.0,0.0,0.0,0.0,0.0,0.0,0.0,839.304,819.9634,792.1612,0.0,953.3333,-0.46893310546875,0.1402587890625,0.8687744140625,-0.426177978515625,-1.06170654296875,4.747772216796875,0.0,4.0,4.0,4.0,4.0,100.0,event
10:33:57.208,0.0,0.0,0.0,0.0,0.0,0.0,0.0,0.0,0.0,0.0,0.0,0.0,0.0,0.0,0.0,0.0,0.0,0.0,0.0,0.0,842.1245,826.4103,794.17584,84.212456,1064.5421,-0.46893310546875,0.1402587890625,0.8687744140625,-0.426177978515625,-1.06170654296875,4.747772216796875,0.0,4.0,4.0,4.0,4.0,100.0,event
10:33:57.209,0.0,0.0,0.0,0.0,0.0,0.0,0.0,0.0,0.0,0.0,0.0,0.0,0.0,0.0,0.0,0.0,0.0,0.0,0.0,0.0,800.2198,822.381,786.1172,680.14655,807.47253,-0.46893310546875,0.1402587890625,0.8687744140625,-0.426177978515625,-1.06170654296875,4.747772216796875,0.0,4.0,4.0,4.0,4.0,100.0,event
10:33:57.209,0.0,0.0,0.0,0.0,0.0,0.0,0.0,0.0,0.0,0.0,0.0,0.0,0.0,0.0,0.0,0.0,0.0,0.0,0.0,0.0,775.2381,816.337,783.69965,1023.0403,771.6117,-0.46893310546875,0.1402587890625,0.8687744140625,-0.426177978515625,-1.06170654296875,4.747772216796875,0.0,4.0,4.0,4.0,4.0,100.0,event
10:33:57.210,0.0,0.0,0.0,0.0,0.0,0.0,0.0,0.0,0.0,0.0,0.0,0.0,0.0,0.0,0.0,0.0,0.0,0.0,0.0,0.0,795.78754,814.7253,790.54944,981.9414,949.707,-0.46893310546875,0.1402587890625,0.8687744140625,-0.426177978515625,-1.06170654296875,4.747772216796875,0.0,4.0,4.0,4.0,4.0,100.0,event
10:33:57.210,0.0,0.0,0.0,0.0,0.0,0.0,0.0,0.0,0.0,0.0,0.0,0.0,0.0,0.0,0.0,0.0,0.0,0.0,0.0,0.0,843.73627,815.5311,795.78754,1068.1685,913.8461,-0.46893310546875,0.1402587890625,0.8687744140625,-0.426177978515625,-1.06170654296875,4.747772216796875,0.0,4.0,4.0,4.0,4.0,100.0,event
10:33:57.237,0.0,0.0,0.0,0.0,0.0,0.0,0.0,0.0,0.0,0.0,0.0,0.0,0.0,0.0,0.0,0.0,0.0,0.0,0.0,0.0,853.8095,816.7399,792.5641,1042.7839,857.03296,-0.47479248046875,0.14715576171875,0.852783203125,1.375732421875,-3.835601806640625,1.084136962890625,0.0,4.0,4.0,4.0,4.0,100.0,event
10:33:57.237,0.0,0.0,0.0,0.0,0.0,0.0,0.0,0.0,0.0,0.0,0.0,0.0,0.0,0.0,0.0,0.0,0.0,0.0,0.0,0.0,804.65204,815.9341,790.14655,705.9341,816.337,-0.47479248046875,0.14715576171875,0.852783203125,1.375732421875,-3.835601806640625,1.084136962890625,0.0,4.0,4.0,4.0,4.0,100.0,event
10:33:57.238,0.0,0.0,0.0,0.0,0.0,0.0,0.0,0.0,0.0,0.0,0.0,0.0,0.0,0.0,0.0,0.0,0.0,0.0,0.0,0.0,792.1612,817.5458,793.36993,702.71063,701.0989,-0.47479248046875,0.14715576171875,0.852783203125,1.375732421875,-3.835601806640625,1.084136962890625,0.0,4.0,4.0,4.0,4.0,100.0,event
10:33:57.238,0.0,0.0,0.0,0.0,0.0,0.0,0.0,0.0,0.0,0.0,0.0,0.0,0.0,0.0,0.0,0.0,0.0,0.0,0.0,0.0,839.707,818.3516,796.5934,596.7399,722.8571,-0.47479248046875,0.14715576171875,0.852783203125,1.375732421875,-3.835601806640625,1.084136962890625,0.0,4.0,4.0,4.0,4.0,100.0,event
10:33:57.238,0.0,0.0,0.0,0.0,0.0,0.0,0.0,0.0,0.0,0.0,0.0,0.0,0.0,0.0,0.0,0.0,0.0,0.0,0.0,0.0,773.22345,815.12823,790.54944,492.38095,753.0769,-0.47479248046875,0.14715576171875,0.852783203125,1.375732421875,-3.835601806640625,1.084136962890625,0.0,4.0,4.0,4.0,4.0,100.0,event
10:33:57.239,0.0,0.0,0.0,0.0,0.0,0.0,0.0,0.0,0.0,0.0,0.0,0.0,0.0,0.0,0.0,0.0,0.0,0.0,0.0,0.0,852.1978,818.3516,796.1905,366.26373,947.6923,-0.47479248046875,0.14715576171875,0.852783203125,1.375732421875,-3.835601806640625,1.084136962890625,0.0,4.0,4.0,4.0,4.0,100.0,event
10:33:57.239,0.0,0.0,0.0,0.0,0.0,0.0,0.0,0.0,0.0,0.0,0.0,0.0,0.0,0.0,0.0,0.0,0.0,0.0,0.0,0.0,805.05493,819.5604,798.20514,506.0806,1124.5787,-0.47479248046875,0.14715576171875,0.852783203125,1.375732421875,-3.835601806640625,1.084136962890625,0.0,4.0,4.0,4.0,4.0,100.0,event
10:33:57.239,0.0,0.0,0.0,0.0,0.0,0.0,0.0,0.0,0.0,0.0,0.0,0.0,0.0,0.0,0.0,0.0,0.0,0.0,0.0,0.0,782.0879,817.5458,794.57874,684.9817,912.23444,-0.47479248046875,0.14715576171875,0.852783203125,1.375732421875,-3.835601806640625,1.084136962890625,0.0,4.0,4.0,4.0,4.0,100.0,event
10:33:57.241,0.0,0.0,0.0,0.0,0.0,0.0,0.0,0.0,0.0,0.0,0.0,0.0,0.0,0.0,0.0,0.0,0.0,0.0,0.0,0.0,809.0842,816.337,788.5348,753.0769,639.45056,-0.47479248046875,0.14715576171875,0.852783203125,1.375732421875,-3.835601806640625,1.084136962890625,0.0,4.0,4.0,4.0,4.0,100.0,event
10:33:57.242,0.0,0.0,0.0,0.0,0.0,0.0,0.0,0.0,0.0,0.0,0.0,0.0,0.0,0.0,0.0,0.0,0.0,0.0,0.0,0.0,847.3626,819.5604,792.96704,834.4689,702.71063,-0.47479248046875,0.14715576171875,0.852783203125,1.375732421875,-3.835601806640625,1.084136962890625,0.0,4.0,4.0,4.0,4.0,100.0,event
10:33:57.243,0.0,0.0,0.0,0.0,0.0,0.0,0.0,0.0,0.0,0.0,0.0,0.0,0.0,0.0,0.0,0.0,0.0,0.0,0.0,0.0,861.4652,818.3516,797.3993,882.8205,810.696,-0.47479248046875,0.14715576171875,0.852783203125,1.375732421875,-3.835601806640625,1.084136962890625,0.0,4.0,4.0,4.0,4.0,100.0,event
10:33:57.243,0.0,0.0,0.0,0.0,0.0,0.0,0.0,0.0,0.0,0.0,0.0,0.0,0.0,0.0,0.0,0.0,0.0,0.0,0.0,0.0,829.2308,815.5311,792.1612,1041.978,747.4359,-0.47479248046875,0.14715576171875,0.852783203125,1.375732421875,-3.835601806640625,1.084136962890625,0.0,4.0,4.0,4.0,4.0,100.0,event
10:33:57.306,0.0,0.0,0.0,0.0,0.0,0.0,0.0,0.0,0.0,0.0,0.0,0.0,0.0,0.0,0.0,0.0,0.0,0.0,0.0,0.0,786.52014,815.5311,787.326,1369.9634,683.7729,-0.46014404296875,0.1529541015625,0.864013671875,2.67669677734375,-3.27484130859375,-0.545806884765625,0.0,4.0,4.0,4.0,4.0,100.0,event
10:33:57.307,0.0,0.0,0.0,0.0,0.0,0.0,0.0,0.0,0.0,0.0,0.0,0.0,0.0,0.0,0.0,0.0,0.0,0.0,0.0,0.0,787.326,815.5311,796.99634,1602.8572,788.93774,-0.46014404296875,0.1529541015625,0.864013671875,2.67669677734375,-3.27484130859375,-0.545806884765625,0.0,4.0,4.0,4.0,4.0,100.0,event
10:33:57.308,0.0,0.0,0.0,0.0,0.0,0.0,0.0,0.0,0.0,0.0,0.0,0.0,0.0,0.0,0.0,0.0,0.0,0.0,0.0,0.0,831.2454,817.1429,802.23444,1630.2565,938.8278,-0.46014404296875,0.1529541015625,0.864013671875,2.67669677734375,-3.27484130859375,-0.545806884765625,0.0,4.0,4.0,4.0,4.0,100.0,event
10:33:57.309,0.0,0.0,0.0,0.0,0.0,0.0,0.0,0.0,0.0,0.0,0.0,0.0,0.0,0.0,0.0,0.0,0.0,0.0,0.0,0.0,862.27106,819.5604,799.011,1621.7949,789.7436,-0.46014404296875,0.1529541015625,0.864013671875,2.67669677734375,-3.27484130859375,-0.545806884765625,0.0,4.0,4.0,4.0,4.0,100.0,event
10:33:57.310,0.0,0.0,0.0,0.0,0.0,0.0,0.0,0.0,0.0,0.0,0.0,0.0,0.0,0.0,0.0,0.0,0.0,0.0,0.0,0.0,783.69965,812.3077,797.8022,1628.6447,794.9817,-0.46014404296875,0.1529541015625,0.864013671875,2.67669677734375,-3.27484130859375,-0.545806884765625,0.0,4.0,4.0,4.0,4.0,100.0,event
10:33:57.310,0.0,0.0,0.0,0.0,0.0,0.0,0.0,0.0,0.0,0.0,0.0,0.0,0.0,0.0,0.0,0.0,0.0,0.0,0.0,0.0,828.4249,818.3516,798.60803,1630.2565,670.4762,-0.46014404296875,0.1529541015625,0.864013671875,2.67669677734375,-3.27484130859375,-0.545806884765625,0.0,4.0,4.0,4.0,4.0,100.0,event
10:33:57.311,0.0,0.0,0.0,0.0,0.0,0.0,0.0,0.0,0.0,0.0,0.0,0.0,0.0,0.0,0.0,0.0,0.0,0.0,0.0,0.0,794.9817,816.7399,801.4286,1628.2417,843.73627,-0.46014404296875,0.1529541015625,0.864013671875,2.67669677734375,-3.27484130859375,-0.545806884765625,0.0,4.0,4.0,4.0,4.0,100.0,event
10:33:57.312,0.0,0.0,0.0,0.0,0.0,0.0,0.0,0.0,0.0,0.0,0.0,0.0,0.0,0.0,0.0,0.0,0.0,0.0,0.0,0.0,839.707,820.7692,806.6667,1628.2417,781.685,-0.46014404296875,0.1529541015625,0.864013671875,2.67669677734375,-3.27484130859375,-0.545806884765625,0.0,4.0,4.0,4.0,4.0,100.0,event
10:33:57.312,0.0,0.0,0.0,0.0,0.0,0.0,0.0,0.0,0.0,0.0,0.0,0.0,0.0,0.0,0.0,0.0,0.0,0.0,0.0,0.0,870.32965,814.3223,799.011,1628.2417,720.84247,-0.46014404296875,0.1529541015625,0.864013671875,2.67669677734375,-3.27484130859375,-0.545806884765625,0.0,4.0,4.0,4.0,4.0,100.0,event
10:33:57.313,0.0,0.0,0.0,0.0,0.0,0.0,0.0,0.0,0.0,0.0,0.0,0.0,0.0,0.0,0.0,0.0,0.0,0.0,0.0,0.0,844.5421,813.91943,789.34064,1628.2417,852.6007,-0.46014404296875,0.1529541015625,0.864013671875,2.67669677734375,-3.27484130859375,-0.545806884765625,0.0,4.0,4.0,4.0,4.0,100.0,event
10:33:57.313,0.0,0.0,0.0,0.0,0.0,0.0,0.0,0.0,0.0,0.0,0.0,0.0,0.0,0.0,0.0,0.0,0.0,0.0,0.0,0.0,795.78754,817.5458,794.17584,1628.2417,856.63007,-0.46014404296875,0.1529541015625,0.864013671875,2.67669677734375,-3.27484130859375,-0.545806884765625,0.0,4.0,4.0,4.0,4.0,100.0,event
10:33:57.314,0.0,0.0,0.0,0.0,0.0,0.0,0.0,0.0,0.0,0.0,0.0,0.0,0.0,0.0,0.0,0.0,0.0,0.0,0.0,0.0,795.38464,818.3516,801.8315,1628.2417,672.8938,-0.46014404296875,0.1529541015625,0.864013671875,2.67669677734375,-3.27484130859375,-0.545806884765625,0.0,4.0,4.0,4.0,4.0,100.0,event
10:33:57.354,0.0,0.0,0.0,0.0,0.0,0.0,0.0,0.0,0.0,0.0,0.0,0.0,0.0,0.0,0.0,0.0,0.0,0.0,0.0,0.0,834.4689,817.9487,796.99634,1628.2417,736.1539,-0.46014404296875,0.1529541015625,0.864013671875,2.67669677734375,-3.27484130859375,-0.545806884765625,0.0,4.0,4.0,4.0,4.0,100.0,event
10:33:57.355,0.0,0.0,0.0,0.0,0.0,0.0,0.0,0.0,0.0,0.0,0.0,0.0,0.0,0.0,0.0,0.0,0.0,0.0,0.0,0.0,859.85345,814.7253,790.9524,1629.4506,855.82416,-0.46014404296875,0.1529541015625,0.864013671875,2.67669677734375,-3.27484130859375,-0.545806884765625,0.0,4.0,4.0,4.0,4.0,100.0,event
10:33:57.356,0.0,0.0,0.0,0.0,0.0,0.0,0.0,0.0,0.0,0.0,0.0,0.0,0.0,0.0,0.0,0.0,0.0,0.0,0.0,0.0,837.6923,812.3077,792.96704,1626.63,772.8205,-0.46014404296875,0.1529541015625,0.864013671875,2.67669677734375,-3.27484130859375,-0.545806884765625,0.0,4.0,4.0,4.0,4.0,100.0,event
10:33:57.356,0.0,0.0,0.0,0.0,0.0,0.0,0.0,0.0,0.0,0.0,0.0,0.0,0.0,0.0,0.0,0.0,0.0,0.0,0.0,0.0,792.1612,816.337,791.3553,1614.9451,725.2747,-0.46014404296875,0.1529541015625,0.864013671875,2.67669677734375,-3.27484130859375,-0.545806884765625,0.0,4.0,4.0,4.0,4.0,100.0,event
10:33:57.357,0.0,0.0,0.0,0.0,0.0,0.0,0.0,0.0,0.0,0.0,0.0,0.0,0.0,0.0,0.0,0.0,0.0,0.0,0.0,0.0,812.3077,812.3077,794.9817,1416.7032,1085.0916,-0.46014404296875,0.1529541015625,0.864013671875,2.67669677734375,-3.27484130859375,-0.545806884765625,0.0,4.0,4.0,4.0,4.0,100.0,event
10:33:57.357,0.0,0.0,0.0,0.0,0.0,0.0,0.0,0.0,0.0,0.0,0.0,0.0,0.0,0.0,0.0,0.0,0.0,0.0,0.0,0.0,783.69965,815.9341,791.3553,0.8058608,833.2601,-0.46014404296875,0.1529541015625,0.864013671875,2.67669677734375,-3.27484130859375,-0.545806884765625,0.0,4.0,4.0,4.0,4.0,100.0,event
10:33:57.358,0.0,0.0,0.0,0.0,0.0,0.0,0.0,0.0,0.0,0.0,0.0,0.0,0.0,0.0,0.0,0.0,0.0,0.0,0.0,0.0,855.42126,813.5165,797.3993,1039.5604,1031.9048,-0.46014404296875,0.1529541015625,0.864013671875,2.67669677734375,-3.27484130859375,-0.545806884765625,0.0,4.0,4.0,4.0,4.0,100.0,event
10:33:57.358,0.0,0.0,0.0,0.0,0.0,0.0,0.0,0.0,0.0,0.0,0.0,0.0,0.0,0.0,0.0,0.0,0.0,0.0,0.0,0.0,848.1685,818.3516,803.44324,1066.9597,776.4469,-0.46014404296875,0.1529541015625,0.864013671875,2.67669677734375,-3.27484130859375,-0.545806884765625,0.0,4.0,4.0,4.0,4.0,100.0,event
10:33:57.359,0.0,0.0,0.0,0.0,0.0,0.0,0.0,0.0,0.0,0.0,0.0,0.0,0.0,0.0,0.0,0.0,0.0,0.0,0.0,0.0,794.17584,819.9634,808.68134,1064.9451,779.67035,-0.46014404296875,0.1529541015625,0.864013671875,2.67669677734375,-3.27484130859375,-0.545806884765625,0.0,4.0,4.0,4.0,4.0,100.0,event
10:33:57.359,0.0,0.0,0.0,0.0,0.0,0.0,0.0,0.0,0.0,0.0,0.0,0.0,0.0,0.0,0.0,0.0,0.0,0.0,0.0,0.0,778.86444,817.5458,801.02563,676.1172,874.7619,-0.46014404296875,0.1529541015625,0.864013671875,2.67669677734375,-3.27484130859375,-0.545806884765625,0.0,4.0,4.0,4.0,4.0,100.0,event
10:33:57.362,0.0,0.0,0.0,0.0,0.0,0.0,0.0,0.0,0.0,0.0,0.0,0.0,0.0,0.0,0.0,0.0,0.0,0.0,0.0,0.0,814.7253,816.7399,794.57874,89.45055,717.619,-0.46014404296875,0.1529541015625,0.864013671875,2.67669677734375,-3.27484130859375,-0.545806884765625,0.0,4.0,4.0,4.0,4.0,100.0,event
10:33:57.363,0.0,0.0,0.0,0.0,0.0,0.0,0.0,0.0,0.0,0.0,0.0,0.0,0.0,0.0,0.0,0.0,0.0,0.0,0.0,0.0,853.4066,817.1429,797.3993,0.0,653.1502,-0.46014404296875,0.1529541015625,0.864013671875,2.67669677734375,-3.27484130859375,-0.545806884765625,0.0,4.0,4.0,4.0,4.0,100.0,event
10:33:57.404,0.0,0.0,0.0,0.0,0.0,0.0,0.0,0.0,0.0,0.0,0.0,0.0,0.0,0.0,0.0,0.0,0.0,0.0,0.0,0.0,846.55676,815.9341,795.38464,130.54945,812.71063,-0.46307373046875,0.15460205078125,0.8653564453125,2.086029052734375,-4.59075927734375,-0.351409912109375,0.0,4.0,4.0,4.0,4.0,100.0,event
10:33:57.405,0.0,0.0,0.0,0.0,0.0,0.0,0.0,0.0,0.0,0.0,0.0,0.0,0.0,0.0,0.0,0.0,0.0,0.0,0.0,0.0,808.2784,815.5311,793.7729,213.55312,836.8865,-0.46307373046875,0.15460205078125,0.8653564453125,2.086029052734375,-4.59075927734375,-0.351409912109375,0.0,4.0,4.0,4.0,4.0,100.0,event
10:33:57.405,0.0,0.0,0.0,0.0,0.0,0.0,0.0,0.0,0.0,0.0,0.0,0.0,0.0,0.0,0.0,0.0,0.0,0.0,0.0,0.0,788.1319,813.1135,794.57874,401.3187,712.381,-0.46307373046875,0.15460205078125,0.8653564453125,2.086029052734375,-4.59075927734375,-0.351409912109375,0.0,4.0,4.0,4.0,4.0,100.0,event
10:33:57.406,0.0,0.0,0.0,0.0,0.0,0.0,0.0,0.0,0.0,0.0,0.0,0.0,0.0,0.0,0.0,0.0,0.0,0.0,0.0,0.0,815.5311,813.91943,795.78754,549.59705,653.1502,-0.46307373046875,0.15460205078125,0.8653564453125,2.086029052734375,-4.59075927734375,-0.351409912109375,0.0,4.0,4.0,4.0,4.0,100.0,event
10:33:57.406,0.0,0.0,0.0,0.0,0.0,0.0,0.0,0.0,0.0,0.0,0.0,0.0,0.0,0.0,0.0,0.0,0.0,0.0,0.0,0.0,857.8388,814.7253,792.96704,588.2784,768.3883,-0.46307373046875,0.15460205078125,0.8653564453125,2.086029052734375,-4.59075927734375,-0.351409912109375,0.0,4.0,4.0,4.0,4.0,100.0,event
10:33:57.407,0.0,0.0,0.0,0.0,0.0,0.0,0.0,0.0,0.0,0.0,0.0,0.0,0.0,0.0,0.0,0.0,0.0,0.0,0.0,0.0,798.60803,815.5311,802.6374,751.06226,877.1795,-0.46307373046875,0.15460205078125,0.8653564453125,2.086029052734375,-4.59075927734375,-0.351409912109375,0.0,4.0,4.0,4.0,4.0,100.0,event
10:33:57.407,0.0,0.0,0.0,0.0,0.0,0.0,0.0,0.0,0.0,0.0,0.0,0.0,0.0,0.0,0.0,0.0,0.0,0.0,0.0,0.0,848.97437,813.91943,795.78754,678.1319,891.685,-0.46307373046875,0.15460205078125,0.8653564453125,2.086029052734375,-4.59075927734375,-0.351409912109375,0.0,4.0,4.0,4.0,4.0,100.0,event
10:33:57.408,0.0,0.0,0.0,0.0,0.0,0.0,0.0,0.0,0.0,0.0,0.0,0.0,0.0,0.0,0.0,0.0,0.0,0.0,0.0,0.0,850.989,815.12823,796.99634,968.6447,1097.5824,-0.46307373046875,0.15460205078125,0.8653564453125,2.086029052734375,-4.59075927734375,-0.351409912109375,0.0,4.0,4.0,4.0,4.0,100.0,event
10:33:57.408,0.0,0.0,0.0,0.0,0.0,0.0,0.0,0.0,0.0,0.0,0.0,0.0,0.0,0.0,0.0,0.0,0.0,0.0,0.0,0.0,811.50183,816.337,801.4286,807.47253,912.23444,-0.46307373046875,0.15460205078125,0.8653564453125,2.086029052734375,-4.59075927734375,-0.351409912109375,0.0,4.0,4.0,4.0,4.0,100.0,event
10:33:57.408,0.0,0.0,0.0,0.0,0.0,0.0,0.0,0.0,0.0,0.0,0.0,0.0,0.0,0.0,0.0,0.0,0.0,0.0,0.0,0.0,782.0879,818.3516,805.4579,838.0952,784.90845,-0.46307373046875,0.15460205078125,0.8653564453125,2.086029052734375,-4.59075927734375,-0.351409912109375,0.0,4.0,4.0,4.0,4.0,100.0,event
10:33:57.409,0.0,0.0,0.0,0.0,0.0,0.0,0.0,0.0,0.0,0.0,0.0,0.0,0.0,0.0,0.0,0.0,0.0,0.0,0.0,0.0,867.9121,815.5311,792.96704,1184.2124,855.42126,-0.46307373046875,0.15460205078125,0.8653564453125,2.086029052734375,-4.59075927734375,-0.351409912109375,0.0,4.0,4.0,4.0,4.0,100.0,event
10:33:57.409,0.0,0.0,0.0,0.0,0.0,0.0,0.0,0.0,0.0,0.0,0.0,0.0,0.0,0.0,0.0,0.0,0.0,0.0,0.0,0.0,825.2015,814.3223,796.5934,1010.14655,738.1685,-0.46307373046875,0.15460205078125,0.8653564453125,2.086029052734375,-4.59075927734375,-0.351409912109375,0.0,4.0,4.0,4.0,4.0,100.0,event
10:33:57.438,0.0,0.0,0.0,0.0,0.0,0.0,0.0,0.0,0.0,0.0,0.0,0.0,0.0,0.0,0.0,0.0,0.0,0.0,0.0,0.0,788.1319,813.5165,798.60803,936.4103,799.41394,-0.462646484375,0.1502685546875,0.8594970703125,1.592559814453125,-4.8150634765625,-0.7476806640625,0.0,4.0,4.0,4.0,4.0,100.0,event
10:33:57.439,0.0,0.0,0.0,0.0,0.0,0.0,0.0,0.0,0.0,0.0,0.0,0.0,0.0,0.0,0.0,0.0,0.0,0.0,0.0,0.0,805.8608,815.12823,788.5348,853.00366,698.68134,-0.462646484375,0.1502685546875,0.8594970703125,1.592559814453125,-4.8150634765625,-0.7476806640625,0.0,4.0,4.0,4.0,4.0,100.0,event
10:33:57.440,0.0,0.0,0.0,0.0,0.0,0.0,0.0,0.0,0.0,0.0,0.0,0.0,0.0,0.0,0.0,0.0,0.0,0.0,0.0,0.0,859.45056,817.5458,786.52014,564.10254,718.022,-0.462646484375,0.1502685546875,0.8594970703125,1.592559814453125,-4.8150634765625,-0.7476806640625,0.0,4.0,4.0,4.0,4.0,100.0,event
10:33:57.441,0.0,0.0,0.0,0.0,0.0,0.0,0.0,0.0,0.0,0.0,0.0,0.0,0.0,0.0,0.0,0.0,0.0,0.0,0.0,0.0,875.56775,816.7399,794.17584,340.4762,817.1429,-0.462646484375,0.1502685546875,0.8594970703125,1.592559814453125,-4.8150634765625,-0.7476806640625,0.0,4.0,4.0,4.0,4.0,100.0,event
10:33:57.442,0.0,0.0,0.0,0.0,0.0,0.0,0.0,0.0,0.0,0.0,0.0,0.0,0.0,0.0,0.0,0.0,0.0,0.0,0.0,0.0,826.0073,813.5165,797.3993,426.30035,811.9048,-0.462646484375,0.1502685546875,0.8594970703125,1.592559814453125,-4.8150634765625,-0.7476806640625,0.0,4.0,4.0,4.0,4.0,100.0,event
10:33:57.443,0.0,0.0,0.0,0.0,0.0,0.0,0.0,0.0,0.0,0.0,0.0,0.0,0.0,0.0,0.0,0.0,0.0,0.0,0.0,0.0,789.7436,812.71063,795.78754,238.93773,799.41394,-0.462646484375,0.1502685546875,0.8594970703125,1.592559814453125,-4.8150634765625,-0.7476806640625,0.0,4.0,4.0,4.0,4.0,100.0,event
10:33:57.443,0.0,0.0,0.0,0.0,0.0,0.0,0.0,0.0,0.0,0.0,0.0,0.0,0.0,0.0,0.0,0.0,0.0,0.0,0.0,0.0,807.8755,813.5165,794.17584,0.0,771.2088,-0.462646484375,0.1502685546875,0.8594970703125,1.592559814453125,-4.8150634765625,-0.7476806640625,0.0,4.0,4.0,4.0,4.0,100.0,event
10:33:57.444,0.0,0.0,0.0,0.0,0.0,0.0,0.0,0.0,0.0,0.0,0.0,0.0,0.0,0.0,0.0,0.0,0.0,0.0,0.0,0.0,847.76556,809.4872,795.38464,9.67033,828.022,-0.462646484375,0.1502685546875,0.8594970703125,1.592559814453125,-4.8150634765625,-0.7476806640625,0.0,4.0,4.0,4.0,4.0,100.0,event
10:33:57.445,0.0,0.0,0.0,0.0,0.0,0.0,0.0,0.0,0.0,0.0,0.0,0.0,0.0,0.0,0.0,0.0,0.0,0.0,0.0,0.0,861.8681,809.0842,796.5934,2.014652,992.4176,-0.462646484375,0.1502685546875,0.8594970703125,1.592559814453125,-4.8150634765625,-0.7476806640625,0.0,4.0,4.0,4.0,4.0,100.0,event
10:33:57.446,0.0,0.0,0.0,0.0,0.0,0.0,0.0,0.0,0.0,0.0,0.0,0.0,0.0,0.0,0.0,0.0,0.0,0.0,0.0,0.0,827.619,810.696,796.5934,0.0,855.0183,-0.462646484375,0.1502685546875,0.8594970703125,1.592559814453125,-4.8150634765625,-0.7476806640625,0.0,4.0,4.0,4.0,4.0,100.0,event
10:33:57.447,0.0,0.0,0.0,0.0,0.0,0.0,0.0,0.0,0.0,0.0,0.0,0.0,0.0,0.0,0.0,0.0,0.0,0.0,0.0,0.0,787.72894,807.47253,787.72894,0.0,639.0476,-0.462646484375,0.1502685546875,0.8594970703125,1.592559814453125,-4.8150634765625,-0.7476806640625,0.0,4.0,4.0,4.0,4.0,100.0,event
10:33:57.448,0.0,0.0,0.0,0.0,0.0,0.0,0.0,0.0,0.0,0.0,0.0,0.0,0.0,0.0,0.0,0.0,0.0,0.0,0.0,0.0,791.75824,805.4579,784.90845,0.0,706.337,-0.462646484375,0.1502685546875,0.8594970703125,1.592559814453125,-4.8150634765625,-0.7476806640625,0.0,4.0,4.0,4.0,4.0,100.0,event
10:33:57.489,0.0,0.0,0.0,0.0,0.0,0.0,0.0,0.0,0.0,0.0,0.0,0.0,0.0,0.0,0.0,0.0,0.0,0.0,0.0,0.0,832.8571,807.47253,795.38464,0.0,850.58606,-0.458984375,0.15509033203125,0.87176513671875,2.026214599609375,-4.344024658203125,-0.76263427734375,0.0,4.0,4.0,4.0,4.0,100.0,event
10:33:57.490,0.0,0.0,0.0,0.0,0.0,0.0,0.0,0.0,0.0,0.0,0.0,0.0,0.0,0.0,0.0,0.0,0.0,0.0,0.0,0.0,868.315,806.26373,797.8022,5.2380953,761.13556,-0.458984375,0.15509033203125,0.87176513671875,2.026214599609375,-4.344024658203125,-0.76263427734375,0.0,4.0,4.0,4.0,4.0,100.0,event
10:33:57.491,0.0,0.0,0.0,0.0,0.0,0.0,0.0,0.0,0.0,0.0,0.0,0.0,0.0,0.0,0.0,0.0,0.0,0.0,0.0,0.0,837.6923,807.8755,797.8022,0.0,718.022,-0.458984375,0.15509033203125,0.87176513671875,2.026214599609375,-4.344024658203125,-0.76263427734375,0.0,4.0,4.0,4.0,4.0,100.0,event
10:33:57.492,0.0,0.0,0.0,0.0,0.0,0.0,0.0,0.0,0.0,0.0,0.0,0.0,0.0,0.0,0.0,0.0,0.0,0.0,0.0,0.0,794.17584,808.68134,805.05493,16.923077,753.8828,-0.458984375,0.15509033203125,0.87176513671875,2.026214599609375,-4.344024658203125,-0.76263427734375,0.0,4.0,4.0,4.0,4.0,100.0,event
10:33:57.493,0.0,0.0,0.0,0.0,0.0,0.0,0.0,0.0,0.0,0.0,0.0,0.0,0.0,0.0,0.0,0.0,0.0,0.0,0.0,0.0,805.8608,804.2491,799.41394,187.76556,693.44324,-0.458984375,0.15509033203125,0.87176513671875,2.026214599609375,-4.344024658203125,-0.76263427734375,0.0,4.0,4.0,4.0,4.0,100.0,event
10:33:57.493,0.0,0.0,0.0,0.0,0.0,0.0,0.0,0.0,0.0,0.0,0.0,0.0,0.0,0.0,0.0,0.0,0.0,0.0,0.0,0.0,836.4835,805.4579,788.1319,408.1685,761.13556,-0.458984375,0.15509033203125,0.87176513671875,2.026214599609375,-4.344024658203125,-0.76263427734375,0.0,4.0,4.0,4.0,4.0,100.0,event
10:33:57.494,0.0,0.0,0.0,0.0,0.0,0.0,0.0,0.0,0.0,0.0,0.0,0.0,0.0,0.0,0.0,0.0,0.0,0.0,0.0,0.0,862.27106,803.8461,791.75824,630.18317,880.80585,-0.458984375,0.15509033203125,0.87176513671875,2.026214599609375,-4.344024658203125,-0.76263427734375,0.0,4.0,4.0,4.0,4.0,100.0,event
10:33:57.495,0.0,0.0,0.0,0.0,0.0,0.0,0.0,0.0,0.0,0.0,0.0,0.0,0.0,0.0,0.0,0.0,0.0,0.0,0.0,0.0,838.0952,802.23444,793.36993,343.69965,958.1685,-0.458984375,0.15509033203125,0.87176513671875,2.026214599609375,-4.344024658203125,-0.76263427734375,0.0,4.0,4.0,4.0,4.0,100.0,event
10:33:57.496,0.0,0.0,0.0,0.0,0.0,0.0,0.0,0.0,0.0,0.0,0.0,0.0,0.0,0.0,0.0,0.0,0.0,0.0,0.0,0.0,784.90845,804.65204,792.5641,21.35531,927.5458,-0.458984375,0.15509033203125,0.87176513671875,2.026214599609375,-4.344024658203125,-0.76263427734375,0.0,4.0,4.0,4.0,4.0,100.0,event
10:33:57.497,0.0,0.0,0.0,0.0,0.0,0.0,0.0,0.0,0.0,0.0,0.0,0.0,0.0,0.0,0.0,0.0,0.0,0.0,0.0,0.0,784.10254,801.4286,790.54944,654.35895,681.75824,-0.458984375,0.15509033203125,0.87176513671875,2.026214599609375,-4.344024658203125,-0.76263427734375,0.0,4.0,4.0,4.0,4.0,100.0,event
10:33:57.498,0.0,0.0,0.0,0.0,0.0,0.0,0.0,0.0,0.0,0.0,0.0,0.0,0.0,0.0,0.0,0.0,0.0,0.0,0.0,0.0,817.5458,799.011,794.9817,1367.5458,684.57874,-0.458984375,0.15509033203125,0.87176513671875,2.026214599609375,-4.344024658203125,-0.76263427734375,0.0,4.0,4.0,4.0,4.0,100.0,event
10:33:57.499,0.0,0.0,0.0,0.0,0.0,0.0,0.0,0.0,0.0,0.0,0.0,0.0,0.0,0.0,0.0,0.0,0.0,0.0,0.0,0.0,844.5421,797.8022,795.38464,1583.5165,866.7033,-0.458984375,0.15509033203125,0.87176513671875,2.026214599609375,-4.344024658203125,-0.76263427734375,0.0,4.0,4.0,4.0,4.0,100.0,event
10:33:57.544,0.0,0.0,0.0,0.0,0.0,0.0,0.0,0.0,0.0,0.0,0.0,0.0,0.0,0.0,0.0,0.0,0.0,0.0,0.0,0.0,828.4249,797.8022,788.1319,1627.4359,817.1429,-0.4556884765625,0.1513671875,0.864013671875,1.6748046875,-4.844970703125,-0.16448974609375,0.0,4.0,4.0,4.0,4.0,100.0,event
10:33:57.545,0.0,0.0,0.0,0.0,0.0,0.0,0.0,0.0,0.0,0.0,0.0,0.0,0.0,0.0,0.0,0.0,0.0,0.0,0.0,0.0,779.2674,799.41394,785.7143,1616.1538,744.61536,-0.4556884765625,0.1513671875,0.864013671875,1.6748046875,-4.844970703125,-0.16448974609375,0.0,4.0,4.0,4.0,4.0,100.0,event
10:33:57.546,0.0,0.0,0.0,0.0,0.0,0.0,0.0,0.0,0.0,0.0,0.0,0.0,0.0,0.0,0.0,0.0,0.0,0.0,0.0,0.0,760.7326,796.5934,783.2967,1630.6593,719.6337,-0.4556884765625,0.1513671875,0.864013671875,1.6748046875,-4.844970703125,-0.16448974609375,0.0,4.0,4.0,4.0,4.0,100.0,event
10:33:57.546,0.0,0.0,0.0,0.0,0.0,0.0,0.0,0.0,0.0,0.0,0.0,0.0,0.0,0.0,0.0,0.0,0.0,0.0,0.0,0.0,793.7729,796.99634,785.7143,1622.6007,839.304,-0.4556884765625,0.1513671875,0.864013671875,1.6748046875,-4.844970703125,-0.16448974609375,0.0,4.0,4.0,4.0,4.0,100.0,event
10:33:57.547,0.0,0.0,0.0,0.0,0.0,0.0,0.0,0.0,0.0,0.0,0.0,0.0,0.0,0.0,0.0,0.0,0.0,0.0,0.0,0.0,844.1392,800.2198,790.54944,1300.2565,838.9011,-0.4556884765625,0.1513671875,0.864013671875,1.6748046875,-4.844970703125,-0.16448974609375,0.0,4.0,4.0,4.0,4.0,100.0,event
10:33:57.547,0.0,0.0,0.0,0.0,0.0,0.0,0.0,0.0,0.0,0.0,0.0,0.0,0.0,0.0,0.0,0.0,0.0,0.0,0.0,0.0,836.4835,796.99634,789.7436,1074.2124,789.7436,-0.4556884765625,0.1513671875,0.864013671875,1.6748046875,-4.844970703125,-0.16448974609375,0.0,4.0,4.0,4.0,4.0,100.0,event
10:33:57.548,0.0,0.0,0.0,0.0,0.0,0.0,0.0,0.0,0.0,0.0,0.0,0.0,0.0,0.0,0.0,0.0,0.0,0.0,0.0,0.0,781.685,798.60803,792.5641,1079.0476,841.31866,-0.4556884765625,0.1513671875,0.864013671875,1.6748046875,-4.844970703125,-0.16448974609375,0.0,4.0,4.0,4.0,4.0,100.0,event
10:33:57.549,0.0,0.0,0.0,0.0,0.0,0.0,0.0,0.0,0.0,0.0,0.0,0.0,0.0,0.0,0.0,0.0,0.0,0.0,0.0,0.0,757.1062,801.02563,800.2198,1244.249,1000.4762,-0.4556884765625,0.1513671875,0.864013671875,1.6748046875,-4.844970703125,-0.16448974609375,0.0,4.0,4.0,4.0,4.0,100.0,event
10:33:57.549,0.0,0.0,0.0,0.0,0.0,0.0,0.0,0.0,0.0,0.0,0.0,0.0,0.0,0.0,0.0,0.0,0.0,0.0,0.0,0.0,798.60803,799.011,799.011,1452.5641,882.4176,-0.4556884765625,0.1513671875,0.864013671875,1.6748046875,-4.844970703125,-0.16448974609375,0.0,4.0,4.0,4.0,4.0,100.0,event
10:33:57.550,0.0,0.0,0.0,0.0,0.0,0.0,0.0,0.0,0.0,0.0,0.0,0.0,0.0,0.0,0.0,0.0,0.0,0.0,0.0,0.0,851.39197,798.20514,791.3553,1364.3224,737.3626,-0.4556884765625,0.1513671875,0.864013671875,1.6748046875,-4.844970703125,-0.16448974609375,0.0,4.0,4.0,4.0,4.0,100.0,event
10:33:57.551,0.0,0.0,0.0,0.0,0.0,0.0,0.0,0.0,0.0,0.0,0.0,0.0,0.0,0.0,0.0,0.0,0.0,0.0,0.0,0.0,846.1539,797.8022,786.9231,1550.0732,792.1612,-0.4556884765625,0.1513671875,0.864013671875,1.6748046875,-4.844970703125,-0.16448974609375,0.0,4.0,4.0,4.0,4.0,100.0,event
10:33:57.551,0.0,0.0,0.0,0.0,0.0,0.0,0.0,0.0,0.0,0.0,0.0,0.0,0.0,0.0,0.0,0.0,0.0,0.0,0.0,0.0,802.6374,796.5934,793.7729,7.655678,772.01465,-0.4556884765625,0.1513671875,0.864013671875,1.6748046875,-4.844970703125,-0.16448974609375,0.0,4.0,4.0,4.0,4.0,100.0,event
10:33:57.577,0.0,0.0,0.0,0.0,0.0,0.0,0.0,0.0,0.0,0.0,0.0,0.0,0.0,0.0,0.0,0.0,0.0,0.0,0.0,0.0,780.07324,794.57874,792.96704,1607.2894,727.6923,-0.4556884765625,0.1513671875,0.864013671875,1.6748046875,-4.844970703125,-0.16448974609375,0.0,4.0,4.0,4.0,4.0,100.0,event
10:33:57.579,0.0,0.0,0.0,0.0,0.0,0.0,0.0,0.0,0.0,0.0,0.0,0.0,0.0,0.0,0.0,0.0,0.0,0.0,0.0,0.0,801.8315,791.3553,788.1319,1630.2565,740.58606,-0.4556884765625,0.1513671875,0.864013671875,1.6748046875,-4.844970703125,-0.16448974609375,0.0,4.0,4.0,4.0,4.0,100.0,event
10:33:57.583,0.0,0.0,0.0,0.0,0.0,0.0,0.0,0.0,0.0,0.0,0.0,0.0,0.0,0.0,0.0,0.0,0.0,0.0,0.0,0.0,846.55676,792.1612,792.5641,1632.674,817.9487,-0.4556884765625,0.1513671875,0.864013671875,1.6748046875,-4.844970703125,-0.16448974609375,0.0,4.0,4.0,4.0,4.0,100.0,event
10:33:57.583,0.0,0.0,0.0,0.0,0.0,0.0,0.0,0.0,0.0,0.0,0.0,0.0,0.0,0.0,0.0,0.0,0.0,0.0,0.0,0.0,857.8388,796.5934,794.17584,1328.4615,875.16486,-0.4556884765625,0.1513671875,0.864013671875,1.6748046875,-4.844970703125,-0.16448974609375,0.0,4.0,4.0,4.0,4.0,100.0,event
10:33:57.584,0.0,0.0,0.0,0.0,0.0,0.0,0.0,0.0,0.0,0.0,0.0,0.0,0.0,0.0,0.0,0.0,0.0,0.0,0.0,0.0,803.8461,799.41394,794.9817,1112.0879,812.71063,-0.4556884765625,0.1513671875,0.864013671875,1.6748046875,-4.844970703125,-0.16448974609375,0.0,4.0,4.0,4.0,4.0,100.0,event
10:33:57.584,0.0,0.0,0.0,0.0,0.0,0.0,0.0,0.0,0.0,0.0,0.0,0.0,0.0,0.0,0.0,0.0,0.0,0.0,0.0,0.0,768.3883,799.41394,795.38464,1026.6666,811.0989,-0.4556884765625,0.1513671875,0.864013671875,1.6748046875,-4.844970703125,-0.16448974609375,0.0,4.0,4.0,4.0,4.0,100.0,event
10:33:57.585,0.0,0.0,0.0,0.0,0.0,0.0,0.0,0.0,0.0,0.0,0.0,0.0,0.0,0.0,0.0,0.0,0.0,0.0,0.0,0.0,785.31134,794.9817,791.3553,255.45787,857.8388,-0.4556884765625,0.1513671875,0.864013671875,1.6748046875,-4.844970703125,-0.16448974609375,0.0,4.0,4.0,4.0,4.0,100.0,event
10:33:57.586,0.0,0.0,0.0,0.0,0.0,0.0,0.0,0.0,0.0,0.0,0.0,0.0,0.0,0.0,0.0,0.0,0.0,0.0,0.0,0.0,825.6044,793.7729,789.34064,0.0,774.83514,-0.4556884765625,0.1513671875,0.864013671875,1.6748046875,-4.844970703125,-0.16448974609375,0.0,4.0,4.0,4.0,4.0,100.0,event
10:33:57.586,0.0,0.0,0.0,0.0,0.0,0.0,0.0,0.0,0.0,0.0,0.0,0.0,0.0,0.0,0.0,0.0,0.0,0.0,0.0,0.0,857.03296,793.7729,794.17584,39.084248,667.6557,-0.4556884765625,0.1513671875,0.864013671875,1.6748046875,-4.844970703125,-0.16448974609375,0.0,4.0,4.0,4.0,4.0,100.0,event
10:33:57.587,0.0,0.0,0.0,0.0,0.0,0.0,0.0,0.0,0.0,0.0,0.0,0.0,0.0,0.0,0.0,0.0,0.0,0.0,0.0,0.0,820.3663,792.96704,795.78754,0.0,630.989,-0.4556884765625,0.1513671875,0.864013671875,1.6748046875,-4.844970703125,-0.16448974609375,0.0,4.0,4.0,4.0,4.0,100.0,event
10:33:57.588,0.0,0.0,0.0,0.0,0.0,0.0,0.0,0.0,0.0,0.0,0.0,0.0,0.0,0.0,0.0,0.0,0.0,0.0,0.0,0.0,790.9524,796.99634,791.3553,0.0,850.58606,-0.4556884765625,0.1513671875,0.864013671875,1.6748046875,-4.844970703125,-0.16448974609375,0.0,4.0,4.0,4.0,4.0,100.0,event
10:33:57.588,0.0,0.0,0.0,0.0,0.0,0.0,0.0,0.0,0.0,0.0,0.0,0.0,0.0,0.0,0.0,0.0,0.0,0.0,0.0,0.0,773.6264,795.78754,793.7729,0.0,777.25275,-0.4556884765625,0.1513671875,0.864013671875,1.6748046875,-4.844970703125,-0.16448974609375,0.0,4.0,4.0,4.0,4.0,100.0,event
10:33:57.615,0.0,0.0,0.0,0.0,0.0,0.0,0.0,0.0,0.0,0.0,0.0,0.0,0.0,0.0,0.0,0.0,0.0,0.0,0.0,0.0,846.1539,793.36993,789.7436,0.0,677.72894,-0.45574951171875,0.1453857421875,0.8701171875,1.981353759765625,-4.71038818359375,-0.25421142578125,0.0,4.0,4.0,4.0,4.0,100.0,event
10:33:57.616,0.0,0.0,0.0,0.0,0.0,0.0,0.0,0.0,0.0,0.0,0.0,0.0,0.0,0.0,0.0,0.0,0.0,0.0,0.0,0.0,862.674,787.72894,787.72894,33.443222,735.7509,-0.45574951171875,0.1453857421875,0.8701171875,1.981353759765625,-4.71038818359375,-0.25421142578125,0.0,4.0,4.0,4.0,4.0,100.0,event
10:33:57.617,0.0,0.0,0.0,0.0,0.0,0.0,0.0,0.0,0.0,0.0,0.0,0.0,0.0,0.0,0.0,0.0,0.0,0.0,0.0,0.0,819.15753,790.54944,791.3553,0.0,772.01465,-0.45574951171875,0.1453857421875,0.8701171875,1.981353759765625,-4.71038818359375,-0.25421142578125,0.0,4.0,4.0,4.0,4.0,100.0,event
10:33:57.617,0.0,0.0,0.0,0.0,0.0,0.0,0.0,0.0,0.0,0.0,0.0,0.0,0.0,0.0,0.0,0.0,0.0,0.0,0.0,0.0,782.8938,795.78754,796.5934,236.52014,675.7143,-0.45574951171875,0.1453857421875,0.8701171875,1.981353759765625,-4.71038818359375,-0.25421142578125,0.0,4.0,4.0,4.0,4.0,100.0,event
10:33:57.618,0.0,0.0,0.0,0.0,0.0,0.0,0.0,0.0,0.0,0.0,0.0,0.0,0.0,0.0,0.0,0.0,0.0,0.0,0.0,0.0,788.1319,791.75824,793.36993,915.4579,684.9817,-0.45574951171875,0.1453857421875,0.8701171875,1.981353759765625,-4.71038818359375,-0.25421142578125,0.0,4.0,4.0,4.0,4.0,100.0,event
10:33:57.619,0.0,0.0,0.0,0.0,0.0,0.0,0.0,0.0,0.0,0.0,0.0,0.0,0.0,0.0,0.0,0.0,0.0,0.0,0.0,0.0,820.7692,790.14655,793.7729,571.75824,791.3553,-0.45574951171875,0.1453857421875,0.8701171875,1.981353759765625,-4.71038818359375,-0.25421142578125,0.0,4.0,4.0,4.0,4.0,100.0,event
10:33:57.619,0.0,0.0,0.0,0.0,0.0,0.0,0.0,0.0,0.0,0.0,0.0,0.0,0.0,0.0,0.0,0.0,0.0,0.0,0.0,0.0,842.1245,789.34064,793.36993,1031.9048,1064.9451,-0.45574951171875,0.1453857421875,0.8701171875,1.981353759765625,-4.71038818359375,-0.25421142578125,0.0,4.0,4.0,4.0,4.0,100.0,event
10:33:57.620,0.0,0.0,0.0,0.0,0.0,0.0,0.0,0.0,0.0,0.0,0.0,0.0,0.0,0.0,0.0,0.0,0.0,0.0,0.0,0.0,820.3663,790.54944,792.5641,57.216118,975.89746,-0.45574951171875,0.1453857421875,0.8701171875,1.981353759765625,-4.71038818359375,-0.25421142578125,0.0,4.0,4.0,4.0,4.0,100.0,event
10:33:57.621,0.0,0.0,0.0,0.0,0.0,0.0,0.0,0.0,0.0,0.0,0.0,0.0,0.0,0.0,0.0,0.0,0.0,0.0,0.0,0.0,778.0586,794.17584,794.17584,1597.2161,751.06226,-0.45574951171875,0.1453857421875,0.8701171875,1.981353759765625,-4.71038818359375,-0.25421142578125,0.0,4.0,4.0,4.0,4.0,100.0,event
10:33:57.621,0.0,0.0,0.0,0.0,0.0,0.0,0.0,0.0,0.0,0.0,0.0,0.0,0.0,0.0,0.0,0.0,0.0,0.0,0.0,0.0,772.8205,790.14655,792.96704,1624.2124,832.4542,-0.45574951171875,0.1453857421875,0.8701171875,1.981353759765625,-4.71038818359375,-0.25421142578125,0.0,4.0,4.0,4.0,4.0,100.0,event
10:33:57.622,0.0,0.0,0.0,0.0,0.0,0.0,0.0,0.0,0.0,0.0,0.0,0.0,0.0,0.0,0.0,0.0,0.0,0.0,0.0,0.0,811.9048,789.34064,795.78754,1630.6593,985.56775,-0.45574951171875,0.1453857421875,0.8701171875,1.981353759765625,-4.71038818359375,-0.25421142578125,0.0,4.0,4.0,4.0,4.0,100.0,event
10:33:57.623,0.0,0.0,0.0,0.0,0.0,0.0,0.0,0.0,0.0,0.0,0.0,0.0,0.0,0.0,0.0,0.0,0.0,0.0,0.0,0.0,857.4359,789.34064,794.57874,1628.2417,946.8865,-0.45574951171875,0.1453857421875,0.8701171875,1.981353759765625,-4.71038818359375,-0.25421142578125,0.0,4.0,4.0,4.0,4.0,100.0,event
10:33:57.677,0.0,0.0,0.0,0.0,0.0,0.0,0.0,0.0,0.0,0.0,0.0,0.0,0.0,0.0,0.0,0.0,0.0,0.0,0.0,0.0,833.663,786.52014,794.17584,1628.2417,863.0769,-0.4539794921875,0.14849853515625,0.87127685546875,2.093505859375,-4.5758056640625,-0.665435791015625,0.0,4.0,4.0,4.0,4.0,100.0,event
10:33:57.678,0.0,0.0,0.0,0.0,0.0,0.0,0.0,0.0,0.0,0.0,0.0,0.0,0.0,0.0,0.0,0.0,0.0,0.0,0.0,0.0,780.4762,785.31134,799.81683,1628.2417,882.01465,-0.4539794921875,0.14849853515625,0.87127685546875,2.093505859375,-4.5758056640625,-0.665435791015625,0.0,4.0,4.0,4.0,4.0,100.0,event
10:33:57.679,0.0,0.0,0.0,0.0,0.0,0.0,0.0,0.0,0.0,0.0,0.0,0.0,0.0,0.0,0.0,0.0,0.0,0.0,0.0,0.0,778.0586,783.2967,796.99634,1628.2417,815.5311,-0.4539794921875,0.14849853515625,0.87127685546875,2.093505859375,-4.5758056640625,-0.665435791015625,0.0,4.0,4.0,4.0,4.0,100.0,event
10:33:57.680,0.0,0.0,0.0,0.0,0.0,0.0,0.0,0.0,0.0,0.0,0.0,0.0,0.0,0.0,0.0,0.0,0.0,0.0,0.0,0.0,818.3516,785.31134,790.54944,1628.2417,726.08057,-0.4539794921875,0.14849853515625,0.87127685546875,2.093505859375,-4.5758056640625,-0.665435791015625,0.0,4.0,4.0,4.0,4.0,100.0,event
10:33:57.684,0.0,0.0,0.0,0.0,0.0,0.0,0.0,0.0,0.0,0.0,0.0,0.0,0.0,0.0,0.0,0.0,0.0,0.0,0.0,0.0,850.989,788.1319,789.7436,1628.2417,756.7033,-0.4539794921875,0.14849853515625,0.87127685546875,2.093505859375,-4.5758056640625,-0.665435791015625,0.0,4.0,4.0,4.0,4.0,100.0,event
10:33:57.685,0.0,0.0,0.0,0.0,0.0,0.0,0.0,0.0,0.0,0.0,0.0,0.0,0.0,0.0,0.0,0.0,0.0,0.0,0.0,0.0,828.4249,786.9231,792.5641,1628.2417,907.3993,-0.4539794921875,0.14849853515625,0.87127685546875,2.093505859375,-4.5758056640625,-0.665435791015625,0.0,4.0,4.0,4.0,4.0,100.0,event
10:33:57.686,0.0,0.0,0.0,0.0,0.0,0.0,0.0,0.0,0.0,0.0,0.0,0.0,0.0,0.0,0.0,0.0,0.0,0.0,0.0,0.0,780.87915,788.5348,794.9817,1631.8682,902.1612,-0.4539794921875,0.14849853515625,0.87127685546875,2.093505859375,-4.5758056640625,-0.665435791015625,0.0,4.0,4.0,4.0,4.0,100.0,event
10:33:57.687,0.0,0.0,0.0,0.0,0.0,0.0,0.0,0.0,0.0,0.0,0.0,0.0,0.0,0.0,0.0,0.0,0.0,0.0,0.0,0.0,765.56775,790.54944,791.75824,1619.7803,829.2308,-0.4539794921875,0.14849853515625,0.87127685546875,2.093505859375,-4.5758056640625,-0.665435791015625,0.0,4.0,4.0,4.0,4.0,100.0,event
10:33:57.687,0.0,0.0,0.0,0.0,0.0,0.0,0.0,0.0,0.0,0.0,0.0,0.0,0.0,0.0,0.0,0.0,0.0,0.0,0.0,0.0,801.8315,791.75824,794.57874,1623.8096,774.43225,-0.4539794921875,0.14849853515625,0.87127685546875,2.093505859375,-4.5758056640625,-0.665435791015625,0.0,4.0,4.0,4.0,4.0,100.0,event
10:33:57.688,0.0,0.0,0.0,0.0,0.0,0.0,0.0,0.0,0.0,0.0,0.0,0.0,0.0,0.0,0.0,0.0,0.0,0.0,0.0,0.0,841.31866,792.1612,799.011,1619.7803,902.1612,-0.4539794921875,0.14849853515625,0.87127685546875,2.093505859375,-4.5758056640625,-0.665435791015625,0.0,4.0,4.0,4.0,4.0,100.0,event
10:33:57.689,0.0,0.0,0.0,0.0,0.0,0.0,0.0,0.0,0.0,0.0,0.0,0.0,0.0,0.0,0.0,0.0,0.0,0.0,0.0,0.0,832.4542,791.75824,796.5934,1201.1355,1052.0513,-0.4539794921875,0.14849853515625,0.87127685546875,2.093505859375,-4.5758056640625,-0.665435791015625,0.0,4.0,4.0,4.0,4.0,100.0,event
10:33:57.689,0.0,0.0,0.0,0.0,0.0,0.0,0.0,0.0,0.0,0.0,0.0,0.0,0.0,0.0,0.0,0.0,0.0,0.0,0.0,0.0,795.38464,787.72894,794.17584,597.9487,796.99634,-0.4539794921875,0.14849853515625,0.87127685546875,2.093505859375,-4.5758056640625,-0.665435791015625,0.0,4.0,4.0,4.0,4.0,100.0,event
10:33:57.712,0.0,0.0,0.0,0.0,0.0,0.0,0.0,0.0,0.0,0.0,0.0,0.0,0.0,0.0,0.0,0.0,0.0,0.0,0.0,0.0,778.86444,784.90845,784.90845,126.11722,666.4469,-0.45098876953125,0.14654541015625,0.86846923828125,2.1533203125,-4.3963623046875,-0.11962890625,0.0,4.0,4.0,4.0,4.0,100.0,event
10:33:57.713,0.0,0.0,0.0,0.0,0.0,0.0,0.0,0.0,0.0,0.0,0.0,0.0,0.0,0.0,0.0,0.0,0.0,0.0,0.0,0.0,788.93774,785.31134,782.8938,112.01465,798.20514,-0.45098876953125,0.14654541015625,0.86846923828125,2.1533203125,-4.3963623046875,-0.11962890625,0.0,4.0,4.0,4.0,4.0,100.0,event
10:33:57.714,0.0,0.0,0.0,0.0,0.0,0.0,0.0,0.0,0.0,0.0,0.0,0.0,0.0,0.0,0.0,0.0,0.0,0.0,0.0,0.0,824.3956,783.2967,787.72894,555.2381,745.0183,-0.45098876953125,0.14654541015625,0.86846923828125,2.1533203125,-4.3963623046875,-0.11962890625,0.0,4.0,4.0,4.0,4.0,100.0,event
10:33:57.714,0.0,0.0,0.0,0.0,0.0,0.0,0.0,0.0,0.0,0.0,0.0,0.0,0.0,0.0,0.0,0.0,0.0,0.0,0.0,0.0,831.6484,784.5055,788.5348,928.3516,655.9707,-0.45098876953125,0.14654541015625,0.86846923828125,2.1533203125,-4.3963623046875,-0.11962890625,0.0,4.0,4.0,4.0,4.0,100.0,event
10:33:57.715,0.0,0.0,0.0,0.0,0.0,0.0,0.0,0.0,0.0,0.0,0.0,0.0,0.0,0.0,0.0,0.0,0.0,0.0,0.0,0.0,782.0879,788.5348,790.14655,1112.0879,746.2271,-0.45098876953125,0.14654541015625,0.86846923828125,2.1533203125,-4.3963623046875,-0.11962890625,0.0,4.0,4.0,4.0,4.0,100.0,event
10:33:57.715,0.0,0.0,0.0,0.0,0.0,0.0,0.0,0.0,0.0,0.0,0.0,0.0,0.0,0.0,0.0,0.0,0.0,0.0,0.0,0.0,754.68866,788.1319,790.9524,799.011,896.1172,-0.45098876953125,0.14654541015625,0.86846923828125,2.1533203125,-4.3963623046875,-0.11962890625,0.0,4.0,4.0,4.0,4.0,100.0,event
10:33:57.716,0.0,0.0,0.0,0.0,0.0,0.0,0.0,0.0,0.0,0.0,0.0,0.0,0.0,0.0,0.0,0.0,0.0,0.0,0.0,0.0,788.1319,786.9231,790.9524,136.99634,863.47986,-0.45098876953125,0.14654541015625,0.86846923828125,2.1533203125,-4.3963623046875,-0.11962890625,0.0,4.0,4.0,4.0,4.0,100.0,event
10:33:57.717,0.0,0.0,0.0,0.0,0.0,0.0,0.0,0.0,0.0,0.0,0.0,0.0,0.0,0.0,0.0,0.0,0.0,0.0,0.0,0.0,834.4689,788.1319,788.1319,0.0,684.57874,-0.45098876953125,0.14654541015625,0.86846923828125,2.1533203125,-4.3963623046875,-0.11962890625,0.0,4.0,4.0,4.0,4.0,100.0,event
10:33:57.717,0.0,0.0,0.0,0.0,0.0,0.0,0.0,0.0,0.0,0.0,0.0,0.0,0.0,0.0,0.0,0.0,0.0,0.0,0.0,0.0,844.1392,789.7436,784.5055,26.996338,738.97437,-0.45098876953125,0.14654541015625,0.86846923828125,2.1533203125,-4.3963623046875,-0.11962890625,0.0,4.0,4.0,4.0,4.0,100.0,event
10:33:57.718,0.0,0.0,0.0,0.0,0.0,0.0,0.0,0.0,0.0,0.0,0.0,0.0,0.0,0.0,0.0,0.0,0.0,0.0,0.0,0.0,788.93774,786.9231,790.9524,0.0,964.61536,-0.45098876953125,0.14654541015625,0.86846923828125,2.1533203125,-4.3963623046875,-0.11962890625,0.0,4.0,4.0,4.0,4.0,100.0,event
10:33:57.718,0.0,0.0,0.0,0.0,0.0,0.0,0.0,0.0,0.0,0.0,0.0,0.0,0.0,0.0,0.0,0.0,0.0,0.0,0.0,0.0,750.65936,783.69965,796.99634,2.014652,800.6227,-0.45098876953125,0.14654541015625,0.86846923828125,2.1533203125,-4.3963623046875,-0.11962890625,0.0,4.0,4.0,4.0,4.0,100.0,event
10:33:57.719,0.0,0.0,0.0,0.0,0.0,0.0,0.0,0.0,0.0,0.0,0.0,0.0,0.0,0.0,0.0,0.0,0.0,0.0,0.0,0.0,785.31134,787.72894,796.5934,163.18681,670.07324,-0.45098876953125,0.14654541015625,0.86846923828125,2.1533203125,-4.3963623046875,-0.11962890625,0.0,4.0,4.0,4.0,4.0,100.0,event
10:33:57.746,0.0,0.0,0.0,0.0,0.0,0.0,0.0,0.0,0.0,0.0,0.0,0.0,0.0,0.0,0.0,0.0,0.0,0.0,0.0,0.0,830.84247,787.72894,793.7729,386.00732,774.83514,-0.45562744140625,0.14898681640625,0.8736572265625,2.564544677734375,-3.521575927734375,0.650482177734375,0.0,4.0,4.0,4.0,4.0,100.0,event
10:33:57.747,0.0,0.0,0.0,0.0,0.0,0.0,0.0,0.0,0.0,0.0,0.0,0.0,0.0,0.0,0.0,0.0,0.0,0.0,0.0,0.0,835.6777,783.2967,790.9524,466.5934,841.31866,-0.45562744140625,0.14898681640625,0.8736572265625,2.564544677734375,-3.521575927734375,0.650482177734375,0.0,4.0,4.0,4.0,4.0,100.0,event
10:33:57.748,0.0,0.0,0.0,0.0,0.0,0.0,0.0,0.0,0.0,0.0,0.0,0.0,0.0,0.0,0.0,0.0,0.0,0.0,0.0,0.0,799.011,782.8938,794.17584,476.26373,811.0989,-0.45562744140625,0.14898681640625,0.8736572265625,2.564544677734375,-3.521575927734375,0.650482177734375,0.0,4.0,4.0,4.0,4.0,100.0,event
10:33:57.749,0.0,0.0,0.0,0.0,0.0,0.0,0.0,0.0,0.0,0.0,0.0,0.0,0.0,0.0,0.0,0.0,0.0,0.0,0.0,0.0,770.80585,784.10254,794.17584,311.86813,660.80585,-0.45562744140625,0.14898681640625,0.8736572265625,2.564544677734375,-3.521575927734375,0.650482177734375,0.0,4.0,4.0,4.0,4.0,100.0,event
10:33:57.749,0.0,0.0,0.0,0.0,0.0,0.0,0.0,0.0,0.0,0.0,0.0,0.0,0.0,0.0,0.0,0.0,0.0,0.0,0.0,0.0,782.49084,783.69965,791.3553,37.472527,703.1135,-0.45562744140625,0.14898681640625,0.8736572265625,2.564544677734375,-3.521575927734375,0.650482177734375,0.0,4.0,4.0,4.0,4.0,100.0,event
10:33:57.750,0.0,0.0,0.0,0.0,0.0,0.0,0.0,0.0,0.0,0.0,0.0,0.0,0.0,0.0,0.0,0.0,0.0,0.0,0.0,0.0,823.5897,782.49084,786.52014,0.0,876.77655,-0.45562744140625,0.14898681640625,0.8736572265625,2.564544677734375,-3.521575927734375,0.650482177734375,0.0,4.0,4.0,4.0,4.0,100.0,event
10:33:57.754,0.0,0.0,0.0,0.0,0.0,0.0,0.0,0.0,0.0,0.0,0.0,0.0,0.0,0.0,0.0,0.0,0.0,0.0,0.0,0.0,850.58606,784.10254,792.5641,8.058608,889.2674,-0.45562744140625,0.14898681640625,0.8736572265625,2.564544677734375,-3.521575927734375,0.650482177734375,0.0,4.0,4.0,4.0,4.0,100.0,event
10:33:57.755,0.0,0.0,0.0,0.0,0.0,0.0,0.0,0.0,0.0,0.0,0.0,0.0,0.0,0.0,0.0,0.0,0.0,0.0,0.0,0.0,808.2784,783.69965,801.02563,0.0,747.8388,-0.45562744140625,0.14898681640625,0.8736572265625,2.564544677734375,-3.521575927734375,0.650482177734375,0.0,4.0,4.0,4.0,4.0,100.0,event
10:33:57.755,0.0,0.0,0.0,0.0,0.0,0.0,0.0,0.0,0.0,0.0,0.0,0.0,0.0,0.0,0.0,0.0,0.0,0.0,0.0,0.0,759.5238,778.86444,800.2198,10.879121,779.2674,-0.45562744140625,0.14898681640625,0.8736572265625,2.564544677734375,-3.521575927734375,0.650482177734375,0.0,4.0,4.0,4.0,4.0,100.0,event
10:33:57.756,0.0,0.0,0.0,0.0,0.0,0.0,0.0,0.0,0.0,0.0,0.0,0.0,0.0,0.0,0.0,0.0,0.0,0.0,0.0,0.0,776.8498,782.8938,800.2198,1.2087913,858.6447,-0.45562744140625,0.14898681640625,0.8736572265625,2.564544677734375,-3.521575927734375,0.650482177734375,0.0,4.0,4.0,4.0,4.0,100.0,event
10:33:57.756,0.0,0.0,0.0,0.0,0.0,0.0,0.0,0.0,0.0,0.0,0.0,0.0,0.0,0.0,0.0,0.0,0.0,0.0,0.0,0.0,824.3956,786.9231,800.2198,1.6117216,682.1612,-0.45562744140625,0.14898681640625,0.8736572265625,2.564544677734375,-3.521575927734375,0.650482177734375,0.0,4.0,4.0,4.0,4.0,100.0,event
10:33:57.757,0.0,0.0,0.0,0.0,0.0,0.0,0.0,0.0,0.0,0.0,0.0,0.0,0.0,0.0,0.0,0.0,0.0,0.0,0.0,0.0,847.76556,787.72894,800.2198,0.0,675.31134,-0.45562744140625,0.14898681640625,0.8736572265625,2.564544677734375,-3.521575927734375,0.650482177734375,0.0,4.0,4.0,4.0,4.0,100.0,event
10:33:57.805,0.0,0.0,0.0,0.0,0.0,0.0,0.0,0.0,0.0,0.0,0.0,0.0,0.0,0.0,0.0,0.0,0.0,0.0,0.0,0.0,813.1135,786.1172,794.57874,11.282051,746.2271,-0.45562744140625,0.14898681640625,0.8736572265625,2.564544677734375,-3.521575927734375,0.650482177734375,0.0,4.0,4.0,4.0,4.0,100.0,event
10:33:57.807,0.0,0.0,0.0,0.0,0.0,0.0,0.0,0.0,0.0,0.0,0.0,0.0,0.0,0.0,0.0,0.0,0.0,0.0,0.0,0.0,768.7912,781.28204,791.3553,51.17216,658.3883,-0.45562744140625,0.14898681640625,0.8736572265625,2.564544677734375,-3.521575927734375,0.650482177734375,0.0,4.0,4.0,4.0,4.0,100.0,event
10:33:57.810,0.0,0.0,0.0,0.0,0.0,0.0,0.0,0.0,0.0,0.0,0.0,0.0,0.0,0.0,0.0,0.0,0.0,0.0,0.0,0.0,771.2088,782.0879,793.7729,7.252747,597.5458,-0.45562744140625,0.14898681640625,0.8736572265625,2.564544677734375,-3.521575927734375,0.650482177734375,0.0,4.0,4.0,4.0,4.0,100.0,event
10:33:57.811,0.0,0.0,0.0,0.0,0.0,0.0,0.0,0.0,0.0,0.0,0.0,0.0,0.0,0.0,0.0,0.0,0.0,0.0,0.0,0.0,809.0842,784.5055,788.5348,0.0,647.1062,-0.45562744140625,0.14898681640625,0.8736572265625,2.564544677734375,-3.521575927734375,0.650482177734375,0.0,4.0,4.0,4.0,4.0,100.0,event
10:33:57.813,0.0,0.0,0.0,0.0,0.0,0.0,0.0,0.0,0.0,0.0,0.0,0.0,0.0,0.0,0.0,0.0,0.0,0.0,0.0,0.0,843.3333,786.52014,786.9231,74.94505,783.2967,-0.45562744140625,0.14898681640625,0.8736572265625,2.564544677734375,-3.521575927734375,0.650482177734375,0.0,4.0,4.0,4.0,4.0,100.0,event
10:33:57.815,0.0,0.0,0.0,0.0,0.0,0.0,0.0,0.0,0.0,0.0,0.0,0.0,0.0,0.0,0.0,0.0,0.0,0.0,0.0,0.0,823.9927,787.72894,794.9817,99.92674,789.34064,-0.45562744140625,0.14898681640625,0.8736572265625,2.564544677734375,-3.521575927734375,0.650482177734375,0.0,4.0,4.0,4.0,4.0,100.0,event
10:33:57.817,0.0,0.0,0.0,0.0,0.0,0.0,0.0,0.0,0.0,0.0,0.0,0.0,0.0,0.0,0.0,0.0,0.0,0.0,0.0,0.0,780.4762,786.52014,799.41394,58.021976,710.7692,-0.45562744140625,0.14898681640625,0.8736572265625,2.564544677734375,-3.521575927734375,0.650482177734375,0.0,4.0,4.0,4.0,4.0,100.0,event
10:33:57.819,0.0,0.0,0.0,0.0,0.0,0.0,0.0,0.0,0.0,0.0,0.0,0.0,0.0,0.0,0.0,0.0,0.0,0.0,0.0,0.0,773.6264,783.69965,796.99634,150.29305,774.83514,-0.45562744140625,0.14898681640625,0.8736572265625,2.564544677734375,-3.521575927734375,0.650482177734375,0.0,4.0,4.0,4.0,4.0,100.0,event
10:33:57.821,0.0,0.0,0.0,0.0,0.0,0.0,0.0,0.0,0.0,0.0,0.0,0.0,0.0,0.0,0.0,0.0,0.0,0.0,0.0,0.0,802.23444,780.07324,796.1905,196.63004,1014.17584,-0.45562744140625,0.14898681640625,0.8736572265625,2.564544677734375,-3.521575927734375,0.650482177734375,0.0,4.0,4.0,4.0,4.0,100.0,event
10:33:57.822,0.0,0.0,0.0,0.0,0.0,0.0,0.0,0.0,0.0,0.0,0.0,0.0,0.0,0.0,0.0,0.0,0.0,0.0,0.0,0.0,838.9011,780.4762,796.5934,232.49084,1037.1428,-0.45562744140625,0.14898681640625,0.8736572265625,2.564544677734375,-3.521575927734375,0.650482177734375,0.0,4.0,4.0,4.0,4.0,100.0,event
10:33:57.824,0.0,0.0,0.0,0.0,0.0,0.0,0.0,0.0,0.0,0.0,0.0,0.0,0.0,0.0,0.0,0.0,0.0,0.0,0.0,0.0,832.0513,784.5055,799.41394,222.82051,798.20514,-0.45562744140625,0.14898681640625,0.8736572265625,2.564544677734375,-3.521575927734375,0.650482177734375,0.0,4.0,4.0,4.0,4.0,100.0,event
10:33:57.825,0.0,0.0,0.0,0.0,0.0,0.0,0.0,0.0,0.0,0.0,0.0,0.0,0.0,0.0,0.0,0.0,0.0,0.0,0.0,0.0,786.52014,787.326,800.2198,125.311356,714.3956,-0.45562744140625,0.14898681640625,0.8736572265625,2.564544677734375,-3.521575927734375,0.650482177734375,0.0,4.0,4.0,4.0,4.0,100.0,event
10:33:57.869,0.0,0.0,0.0,0.0,0.0,0.0,0.0,0.0,0.0,0.0,0.0,0.0,0.0,0.0,0.0,0.0,0.0,0.0,0.0,0.0,769.19415,785.31134,794.17584,197.83882,682.96704,-0.4510498046875,0.15277099609375,0.86285400390625,2.250518798828125,-4.366455078125,0.605621337890625,0.0,4.0,4.0,4.0,4.0,100.0,event
10:33:57.871,0.0,0.0,0.0,0.0,0.0,0.0,0.0,0.0,0.0,0.0,0.0,0.0,0.0,0.0,0.0,0.0,0.0,0.0,0.0,0.0,801.02563,781.685,788.93774,114.029305,684.57874,-0.4510498046875,0.15277099609375,0.86285400390625,2.250518798828125,-4.366455078125,0.605621337890625,0.0,4.0,4.0,4.0,4.0,100.0,event
10:33:57.872,0.0,0.0,0.0,0.0,0.0,0.0,0.0,0.0,0.0,0.0,0.0,0.0,0.0,0.0,0.0,0.0,0.0,0.0,0.0,0.0,844.94507,784.10254,794.17584,156.33699,741.79486,-0.4510498046875,0.15277099609375,0.86285400390625,2.250518798828125,-4.366455078125,0.605621337890625,0.0,4.0,4.0,4.0,4.0,100.0,event
10:33:57.874,0.0,0.0,0.0,0.0,0.0,0.0,0.0,0.0,0.0,0.0,0.0,0.0,0.0,0.0,0.0,0.0,0.0,0.0,0.0,0.0,830.0366,786.9231,799.011,371.50183,798.20514,-0.4510498046875,0.15277099609375,0.86285400390625,2.250518798828125,-4.366455078125,0.605621337890625,0.0,4.0,4.0,4.0,4.0,100.0,event
10:33:57.875,0.0,0.0,0.0,0.0,0.0,0.0,0.0,0.0,0.0,0.0,0.0,0.0,0.0,0.0,0.0,0.0,0.0,0.0,0.0,0.0,776.4469,782.8938,797.8022,390.43958,798.20514,-0.4510498046875,0.15277099609375,0.86285400390625,2.250518798828125,-4.366455078125,0.605621337890625,0.0,4.0,4.0,4.0,4.0,100.0,event
10:33:57.877,0.0,0.0,0.0,0.0,0.0,0.0,0.0,0.0,0.0,0.0,0.0,0.0,0.0,0.0,0.0,0.0,0.0,0.0,0.0,0.0,761.53845,782.0879,798.60803,399.70697,716.0073,-0.4510498046875,0.15277099609375,0.86285400390625,2.250518798828125,-4.366455078125,0.605621337890625,0.0,4.0,4.0,4.0,4.0,100.0,event
10:33:57.878,0.0,0.0,0.0,0.0,0.0,0.0,0.0,0.0,0.0,0.0,0.0,0.0,0.0,0.0,0.0,0.0,0.0,0.0,0.0,0.0,793.36993,784.90845,798.60803,253.44322,642.674,-0.4510498046875,0.15277099609375,0.86285400390625,2.250518798828125,-4.366455078125,0.605621337890625,0.0,4.0,4.0,4.0,4.0,100.0,event
10:33:57.880,0.0,0.0,0.0,0.0,0.0,0.0,0.0,0.0,0.0,0.0,0.0,0.0,0.0,0.0,0.0,0.0,0.0,0.0,0.0,0.0,833.663,781.685,790.9524,342.49084,908.20514,-0.4510498046875,0.15277099609375,0.86285400390625,2.250518798828125,-4.366455078125,0.605621337890625,0.0,4.0,4.0,4.0,4.0,100.0,event
10:33:57.884,0.0,0.0,0.0,0.0,0.0,0.0,0.0,0.0,0.0,0.0,0.0,0.0,0.0,0.0,0.0,0.0,0.0,0.0,0.0,0.0,830.4396,784.10254,792.5641,740.989,1230.1465,-0.4510498046875,0.15277099609375,0.86285400390625,2.250518798828125,-4.366455078125,0.605621337890625,0.0,4.0,4.0,4.0,4.0,100.0,event
10:33:57.885,0.0,0.0,0.0,0.0,0.0,0.0,0.0,0.0,0.0,0.0,0.0,0.0,0.0,0.0,0.0,0.0,0.0,0.0,0.0,0.0,790.54944,784.90845,797.3993,1018.20514,872.74725,-0.4510498046875,0.15277099609375,0.86285400390625,2.250518798828125,-4.366455078125,0.605621337890625,0.0,4.0,4.0,4.0,4.0,100.0,event
10:33:57.886,0.0,0.0,0.0,0.0,0.0,0.0,0.0,0.0,0.0,0.0,0.0,0.0,0.0,0.0,0.0,0.0,0.0,0.0,0.0,0.0,766.3736,781.28204,798.20514,1118.1318,683.7729,-0.4510498046875,0.15277099609375,0.86285400390625,2.250518798828125,-4.366455078125,0.605621337890625,0.0,4.0,4.0,4.0,4.0,100.0,event
10:33:57.887,0.0,0.0,0.0,0.0,0.0,0.0,0.0,0.0,0.0,0.0,0.0,0.0,0.0,0.0,0.0,0.0,0.0,0.0,0.0,0.0,782.8938,780.4762,793.7729,1417.5092,908.20514,-0.4510498046875,0.15277099609375,0.86285400390625,2.250518798828125,-4.366455078125,0.605621337890625,0.0,4.0,4.0,4.0,4.0,100.0,event
10:33:57.913,0.0,0.0,0.0,0.0,0.0,0.0,0.0,0.0,0.0,0.0,0.0,0.0,0.0,0.0,0.0,0.0,0.0,0.0,0.0,0.0,834.4689,781.28204,790.54944,1468.2784,890.07324,-0.455078125,0.15386962890625,0.8707275390625,2.729034423828125,-4.2169189453125,1.06170654296875,0.0,4.0,4.0,4.0,4.0,100.0,event
10:33:57.914,0.0,0.0,0.0,0.0,0.0,0.0,0.0,0.0,0.0,0.0,0.0,0.0,0.0,0.0,0.0,0.0,0.0,0.0,0.0,0.0,842.52747,781.28204,794.57874,1245.8608,746.63007,-0.455078125,0.15386962890625,0.8707275390625,2.729034423828125,-4.2169189453125,1.06170654296875,0.0,4.0,4.0,4.0,4.0,100.0,event
10:33:57.915,0.0,0.0,0.0,0.0,0.0,0.0,0.0,0.0,0.0,0.0,0.0,0.0,0.0,0.0,0.0,0.0,0.0,0.0,0.0,0.0,792.5641,779.67035,795.38464,1579.0842,756.30035,-0.455078125,0.15386962890625,0.8707275390625,2.729034423828125,-4.2169189453125,1.06170654296875,0.0,4.0,4.0,4.0,4.0,100.0,event
10:33:57.915,0.0,0.0,0.0,0.0,0.0,0.0,0.0,0.0,0.0,0.0,0.0,0.0,0.0,0.0,0.0,0.0,0.0,0.0,0.0,0.0,776.8498,777.6557,793.36993,1104.0293,779.67035,-0.455078125,0.15386962890625,0.8707275390625,2.729034423828125,-4.2169189453125,1.06170654296875,0.0,4.0,4.0,4.0,4.0,100.0,event
10:33:57.916,0.0,0.0,0.0,0.0,0.0,0.0,0.0,0.0,0.0,0.0,0.0,0.0,0.0,0.0,0.0,0.0,0.0,0.0,0.0,0.0,817.5458,778.86444,796.5934,1251.0989,775.64105,-0.455078125,0.15386962890625,0.8707275390625,2.729034423828125,-4.2169189453125,1.06170654296875,0.0,4.0,4.0,4.0,4.0,100.0,event
10:33:57.916,0.0,0.0,0.0,0.0,0.0,0.0,0.0,0.0,0.0,0.0,0.0,0.0,0.0,0.0,0.0,0.0,0.0,0.0,0.0,0.0,793.7729,776.8498,797.3993,533.8828,723.663,-0.455078125,0.15386962890625,0.8707275390625,2.729034423828125,-4.2169189453125,1.06170654296875,0.0,4.0,4.0,4.0,4.0,100.0,event
10:33:57.917,0.0,0.0,0.0,0.0,0.0,0.0,0.0,0.0,0.0,0.0,0.0,0.0,0.0,0.0,0.0,0.0,0.0,0.0,0.0,0.0,821.1722,779.2674,796.5934,60.43956,940.84247,-0.455078125,0.15386962890625,0.8707275390625,2.729034423828125,-4.2169189453125,1.06170654296875,0.0,4.0,4.0,4.0,4.0,100.0,event
10:33:57.918,0.0,0.0,0.0,0.0,0.0,0.0,0.0,0.0,0.0,0.0,0.0,0.0,0.0,0.0,0.0,0.0,0.0,0.0,0.0,0.0,765.16486,777.6557,802.6374,1455.7876,1131.4286,-0.455078125,0.15386962890625,0.8707275390625,2.729034423828125,-4.2169189453125,1.06170654296875,0.0,4.0,4.0,4.0,4.0,100.0,event
10:33:57.918,0.0,0.0,0.0,0.0,0.0,0.0,0.0,0.0,0.0,0.0,0.0,0.0,0.0,0.0,0.0,0.0,0.0,0.0,0.0,0.0,743.8095,780.87915,807.0696,601.1722,929.9634,-0.455078125,0.15386962890625,0.8707275390625,2.729034423828125,-4.2169189453125,1.06170654296875,0.0,4.0,4.0,4.0,4.0,100.0,event
10:33:57.919,0.0,0.0,0.0,0.0,0.0,0.0,0.0,0.0,0.0,0.0,0.0,0.0,0.0,0.0,0.0,0.0,0.0,0.0,0.0,0.0,775.64105,781.685,802.6374,426.30035,674.90845,-0.455078125,0.15386962890625,0.8707275390625,2.729034423828125,-4.2169189453125,1.06170654296875,0.0,4.0,4.0,4.0,4.0,100.0,event
10:33:57.920,0.0,0.0,0.0,0.0,0.0,0.0,0.0,0.0,0.0,0.0,0.0,0.0,0.0,0.0,0.0,0.0,0.0,0.0,0.0,0.0,815.9341,778.86444,796.99634,1089.5238,762.74725,-0.455078125,0.15386962890625,0.8707275390625,2.729034423828125,-4.2169189453125,1.06170654296875,0.0,4.0,4.0,4.0,4.0,100.0,event
10:33:57.920,0.0,0.0,0.0,0.0,0.0,0.0,0.0,0.0,0.0,0.0,0.0,0.0,0.0,0.0,0.0,0.0,0.0,0.0,0.0,0.0,833.663,780.87915,805.4579,1372.7839,817.1429,-0.455078125,0.15386962890625,0.8707275390625,2.729034423828125,-4.2169189453125,1.06170654296875,0.0,4.0,4.0,4.0,4.0,100.0,event
10:33:57.977,0.0,0.0,0.0,0.0,0.0,0.0,0.0,0.0,0.0,0.0,0.0,0.0,0.0,0.0,0.0,0.0,0.0,0.0,0.0,0.0,791.3553,783.2967,807.8755,1532.3444,765.16486,-0.45233154296875,0.1546630859375,0.8690185546875,1.816864013671875,-4.605712890625,0.934600830078125,0.0,4.0,4.0,4.0,4.0,100.0,event
10:33:57.979,0.0,0.0,0.0,0.0,0.0,0.0,0.0,0.0,0.0,0.0,0.0,0.0,0.0,0.0,0.0,0.0,0.0,0.0,0.0,0.0,762.3443,780.4762,801.02563,1641.5385,728.0952,-0.45233154296875,0.1546630859375,0.8690185546875,1.816864013671875,-4.605712890625,0.934600830078125,0.0,4.0,4.0,4.0,4.0,100.0,event
10:33:57.979,0.0,0.0,0.0,0.0,0.0,0.0,0.0,0.0,0.0,0.0,0.0,0.0,0.0,0.0,0.0,0.0,0.0,0.0,0.0,0.0,778.0586,778.0586,801.8315,1621.392,790.9524,-0.45233154296875,0.1546630859375,0.8690185546875,1.816864013671875,-4.605712890625,0.934600830078125,0.0,4.0,4.0,4.0,4.0,100.0,event
10:33:57.980,0.0,0.0,0.0,0.0,0.0,0.0,0.0,0.0,0.0,0.0,0.0,0.0,0.0,0.0,0.0,0.0,0.0,0.0,0.0,0.0,812.71063,778.86444,801.4286,1629.4506,822.381,-0.45233154296875,0.1546630859375,0.8690185546875,1.816864013671875,-4.605712890625,0.934600830078125,0.0,4.0,4.0,4.0,4.0,100.0,event
10:33:57.981,0.0,0.0,0.0,0.0,0.0,0.0,0.0,0.0,0.0,0.0,0.0,0.0,0.0,0.0,0.0,0.0,0.0,0.0,0.0,0.0,845.7509,779.67035,795.78754,1628.2417,757.1062,-0.45233154296875,0.1546630859375,0.8690185546875,1.816864013671875,-4.605712890625,0.934600830078125,0.0,4.0,4.0,4.0,4.0,100.0,event
10:33:57.982,0.0,0.0,0.0,0.0,0.0,0.0,0.0,0.0,0.0,0.0,0.0,0.0,0.0,0.0,0.0,0.0,0.0,0.0,0.0,0.0,758.71796,780.4762,795.38464,1628.2417,959.7802,-0.45233154296875,0.1546630859375,0.8690185546875,1.816864013671875,-4.605712890625,0.934600830078125,0.0,4.0,4.0,4.0,4.0,100.0,event
10:33:57.982,0.0,0.0,0.0,0.0,0.0,0.0,0.0,0.0,0.0,0.0,0.0,0.0,0.0,0.0,0.0,0.0,0.0,0.0,0.0,0.0,807.0696,780.07324,792.96704,1628.2417,816.337,-0.45233154296875,0.1546630859375,0.8690185546875,1.816864013671875,-4.605712890625,0.934600830078125,0.0,4.0,4.0,4.0,4.0,100.0,event
10:33:57.983,0.0,0.0,0.0,0.0,0.0,0.0,0.0,0.0,0.0,0.0,0.0,0.0,0.0,0.0,0.0,0.0,0.0,0.0,0.0,0.0,770.0,782.0879,796.1905,1628.6447,1032.3077,-0.45233154296875,0.1546630859375,0.8690185546875,1.816864013671875,-4.605712890625,0.934600830078125,0.0,4.0,4.0,4.0,4.0,100.0,event
10:33:57.984,0.0,0.0,0.0,0.0,0.0,0.0,0.0,0.0,0.0,0.0,0.0,0.0,0.0,0.0,0.0,0.0,0.0,0.0,0.0,0.0,820.3663,778.86444,797.3993,1628.2417,813.1135,-0.45233154296875,0.1546630859375,0.8690185546875,1.816864013671875,-4.605712890625,0.934600830078125,0.0,4.0,4.0,4.0,4.0,100.0,event
10:33:57.984,0.0,0.0,0.0,0.0,0.0,0.0,0.0,0.0,0.0,0.0,0.0,0.0,0.0,0.0,0.0,0.0,0.0,0.0,0.0,0.0,859.45056,778.0586,799.41394,1628.6447,735.7509,-0.45233154296875,0.1546630859375,0.8690185546875,1.816864013671875,-4.605712890625,0.934600830078125,0.0,4.0,4.0,4.0,4.0,100.0,event
10:33:57.988,0.0,0.0,0.0,0.0,0.0,0.0,0.0,0.0,0.0,0.0,0.0,0.0,0.0,0.0,0.0,0.0,0.0,0.0,0.0,0.0,837.6923,781.28204,799.81683,1623.4066,823.5897,-0.45233154296875,0.1546630859375,0.8690185546875,1.816864013671875,-4.605712890625,0.934600830078125,0.0,4.0,4.0,4.0,4.0,100.0,event
10:33:57.989,0.0,0.0,0.0,0.0,0.0,0.0,0.0,0.0,0.0,0.0,0.0,0.0,0.0,0.0,0.0,0.0,0.0,0.0,0.0,0.0,790.54944,778.86444,793.7729,1577.0696,709.15753,-0.45233154296875,0.1546630859375,0.8690185546875,1.816864013671875,-4.605712890625,0.934600830078125,0.0,4.0,4.0,4.0,4.0,100.0,event
10:33:58.012,0.0,0.0,0.0,0.0,0.0,0.0,0.0,0.0,0.0,0.0,0.0,0.0,0.0,0.0,0.0,0.0,0.0,0.0,0.0,0.0,780.4762,776.04395,790.54944,1477.9487,627.76556,-0.45233154296875,0.1546630859375,0.8690185546875,1.816864013671875,-4.605712890625,0.934600830078125,0.0,4.0,4.0,4.0,4.0,100.0,event
10:33:58.014,0.0,0.0,0.0,0.0,0.0,0.0,0.0,0.0,0.0,0.0,0.0,0.0,0.0,0.0,0.0,0.0,0.0,0.0,0.0,0.0,813.5165,777.25275,794.17584,1012.5641,700.293,-0.45233154296875,0.1546630859375,0.8690185546875,1.816864013671875,-4.605712890625,0.934600830078125,0.0,4.0,4.0,4.0,4.0,100.0,event
10:33:58.015,0.0,0.0,0.0,0.0,0.0,0.0,0.0,0.0,0.0,0.0,0.0,0.0,0.0,0.0,0.0,0.0,0.0,0.0,0.0,0.0,841.31866,776.04395,790.54944,284.06595,838.49817,-0.45233154296875,0.1546630859375,0.8690185546875,1.816864013671875,-4.605712890625,0.934600830078125,0.0,4.0,4.0,4.0,4.0,100.0,event
10:33:58.016,0.0,0.0,0.0,0.0,0.0,0.0,0.0,0.0,0.0,0.0,0.0,0.0,0.0,0.0,0.0,0.0,0.0,0.0,0.0,0.0,828.8278,775.2381,790.9524,386.41025,813.91943,-0.45233154296875,0.1546630859375,0.8690185546875,1.816864013671875,-4.605712890625,0.934600830078125,0.0,4.0,4.0,4.0,4.0,100.0,event
10:33:58.017,0.0,0.0,0.0,0.0,0.0,0.0,0.0,0.0,0.0,0.0,0.0,0.0,0.0,0.0,0.0,0.0,0.0,0.0,0.0,0.0,783.69965,775.64105,794.9817,922.3077,726.08057,-0.45233154296875,0.1546630859375,0.8690185546875,1.816864013671875,-4.605712890625,0.934600830078125,0.0,4.0,4.0,4.0,4.0,100.0,event
10:33:58.018,0.0,0.0,0.0,0.0,0.0,0.0,0.0,0.0,0.0,0.0,0.0,0.0,0.0,0.0,0.0,0.0,0.0,0.0,0.0,0.0,768.7912,774.43225,793.36993,1065.751,831.2454,-0.45233154296875,0.1546630859375,0.8690185546875,1.816864013671875,-4.605712890625,0.934600830078125,0.0,4.0,4.0,4.0,4.0,100.0,event
10:33:58.019,0.0,0.0,0.0,0.0,0.0,0.0,0.0,0.0,0.0,0.0,0.0,0.0,0.0,0.0,0.0,0.0,0.0,0.0,0.0,0.0,810.293,769.59705,788.93774,1154.7986,994.83514,-0.45233154296875,0.1546630859375,0.8690185546875,1.816864013671875,-4.605712890625,0.934600830078125,0.0,4.0,4.0,4.0,4.0,100.0,event
10:33:58.020,0.0,0.0,0.0,0.0,0.0,0.0,0.0,0.0,0.0,0.0,0.0,0.0,0.0,0.0,0.0,0.0,0.0,0.0,0.0,0.0,861.06226,769.19415,790.54944,1178.5714,869.5238,-0.45233154296875,0.1546630859375,0.8690185546875,1.816864013671875,-4.605712890625,0.934600830078125,0.0,4.0,4.0,4.0,4.0,100.0,event
10:33:58.021,0.0,0.0,0.0,0.0,0.0,0.0,0.0,0.0,0.0,0.0,0.0,0.0,0.0,0.0,0.0,0.0,0.0,0.0,0.0,0.0,844.5421,771.6117,793.36993,1126.5934,730.9158,-0.45233154296875,0.1546630859375,0.8690185546875,1.816864013671875,-4.605712890625,0.934600830078125,0.0,4.0,4.0,4.0,4.0,100.0,event
10:33:58.021,0.0,0.0,0.0,0.0,0.0,0.0,0.0,0.0,0.0,0.0,0.0,0.0,0.0,0.0,0.0,0.0,0.0,0.0,0.0,0.0,796.1905,770.80585,796.5934,1270.4396,779.67035,-0.45233154296875,0.1546630859375,0.8690185546875,1.816864013671875,-4.605712890625,0.934600830078125,0.0,4.0,4.0,4.0,4.0,100.0,event
10:33:58.022,0.0,0.0,0.0,0.0,0.0,0.0,0.0,0.0,0.0,0.0,0.0,0.0,0.0,0.0,0.0,0.0,0.0,0.0,0.0,0.0,778.0586,773.6264,797.3993,1236.1904,990.0,-0.45233154296875,0.1546630859375,0.8690185546875,1.816864013671875,-4.605712890625,0.934600830078125,0.0,4.0,4.0,4.0,4.0,100.0,event
10:33:58.023,0.0,0.0,0.0,0.0,0.0,0.0,0.0,0.0,0.0,0.0,0.0,0.0,0.0,0.0,0.0,0.0,0.0,0.0,0.0,0.0,816.7399,777.25275,796.5934,1084.2858,901.3553,-0.45233154296875,0.1546630859375,0.8690185546875,1.816864013671875,-4.605712890625,0.934600830078125,0.0,4.0,4.0,4.0,4.0,100.0,event
10:33:58.055,0.0,0.0,0.0,0.0,0.0,0.0,0.0,0.0,0.0,0.0,0.0,0.0,0.0,0.0,0.0,0.0,0.0,0.0,0.0,0.0,869.12085,776.8498,797.8022,1212.8206,766.3736,-0.4510498046875,0.1497802734375,0.87054443359375,1.8841552734375,-4.658050537109375,-0.052337646484375,0.0,4.0,4.0,4.0,4.0,100.0,event
10:33:58.056,0.0,0.0,0.0,0.0,0.0,0.0,0.0,0.0,0.0,0.0,0.0,0.0,0.0,0.0,0.0,0.0,0.0,0.0,0.0,0.0,861.06226,776.04395,798.60803,1378.8279,812.71063,-0.4510498046875,0.1497802734375,0.87054443359375,1.8841552734375,-4.658050537109375,-0.052337646484375,0.0,4.0,4.0,4.0,4.0,100.0,event
10:33:58.056,0.0,0.0,0.0,0.0,0.0,0.0,0.0,0.0,0.0,0.0,0.0,0.0,0.0,0.0,0.0,0.0,0.0,0.0,0.0,0.0,811.50183,777.25275,799.011,1338.5348,748.24176,-0.4510498046875,0.1497802734375,0.87054443359375,1.8841552734375,-4.658050537109375,-0.052337646484375,0.0,4.0,4.0,4.0,4.0,100.0,event
10:33:58.056,0.0,0.0,0.0,0.0,0.0,0.0,0.0,0.0,0.0,0.0,0.0,0.0,0.0,0.0,0.0,0.0,0.0,0.0,0.0,0.0,785.7143,776.8498,795.78754,1422.7472,684.57874,-0.4510498046875,0.1497802734375,0.87054443359375,1.8841552734375,-4.658050537109375,-0.052337646484375,0.0,4.0,4.0,4.0,4.0,100.0,event
10:33:58.057,0.0,0.0,0.0,0.0,0.0,0.0,0.0,0.0,0.0,0.0,0.0,0.0,0.0,0.0,0.0,0.0,0.0,0.0,0.0,0.0,807.47253,774.0293,792.5641,1603.663,734.1392,-0.4510498046875,0.1497802734375,0.87054443359375,1.8841552734375,-4.658050537109375,-0.052337646484375,0.0,4.0,4.0,4.0,4.0,100.0,event
10:33:58.057,0.0,0.0,0.0,0.0,0.0,0.0,0.0,0.0,0.0,0.0,0.0,0.0,0.0,0.0,0.0,0.0,0.0,0.0,0.0,0.0,848.5714,774.0293,798.60803,1615.751,946.08057,-0.4510498046875,0.1497802734375,0.87054443359375,1.8841552734375,-4.658050537109375,-0.052337646484375,0.0,4.0,4.0,4.0,4.0,100.0,event
10:33:58.058,0.0,0.0,0.0,0.0,0.0,0.0,0.0,0.0,0.0,0.0,0.0,0.0,0.0,0.0,0.0,0.0,0.0,0.0,0.0,0.0,859.45056,775.2381,801.4286,1635.8975,1048.8279,-0.4510498046875,0.1497802734375,0.87054443359375,1.8841552734375,-4.658050537109375,-0.052337646484375,0.0,4.0,4.0,4.0,4.0,100.0,event
10:33:58.060,0.0,0.0,0.0,0.0,0.0,0.0,0.0,0.0,0.0,0.0,0.0,0.0,0.0,0.0,0.0,0.0,0.0,0.0,0.0,0.0,812.3077,775.64105,793.36993,1614.9451,944.4689,-0.4510498046875,0.1497802734375,0.87054443359375,1.8841552734375,-4.658050537109375,-0.052337646484375,0.0,4.0,4.0,4.0,4.0,100.0,event
10:33:58.060,0.0,0.0,0.0,0.0,0.0,0.0,0.0,0.0,0.0,0.0,0.0,0.0,0.0,0.0,0.0,0.0,0.0,0.0,0.0,0.0,780.07324,778.46155,793.7729,1490.4396,748.24176,-0.4510498046875,0.1497802734375,0.87054443359375,1.8841552734375,-4.658050537109375,-0.052337646484375,0.0,4.0,4.0,4.0,4.0,100.0,event
10:33:58.061,0.0,0.0,0.0,0.0,0.0,0.0,0.0,0.0,0.0,0.0,0.0,0.0,0.0,0.0,0.0,0.0,0.0,0.0,0.0,0.0,798.20514,777.25275,797.8022,1582.7106,807.47253,-0.4510498046875,0.1497802734375,0.87054443359375,1.8841552734375,-4.658050537109375,-0.052337646484375,0.0,4.0,4.0,4.0,4.0,100.0,event
10:33:58.061,0.0,0.0,0.0,0.0,0.0,0.0,0.0,0.0,0.0,0.0,0.0,0.0,0.0,0.0,0.0,0.0,0.0,0.0,0.0,0.0,837.28937,777.25275,795.38464,1648.7913,979.92676,-0.4510498046875,0.1497802734375,0.87054443359375,1.8841552734375,-4.658050537109375,-0.052337646484375,0.0,4.0,4.0,4.0,4.0,100.0,event
10:33:58.062,0.0,0.0,0.0,0.0,0.0,0.0,0.0,0.0,0.0,0.0,0.0,0.0,0.0,0.0,0.0,0.0,0.0,0.0,0.0,0.0,854.61536,776.04395,792.1612,1602.4542,790.14655,-0.4510498046875,0.1497802734375,0.87054443359375,1.8841552734375,-4.658050537109375,-0.052337646484375,0.0,4.0,4.0,4.0,4.0,100.0,event
10:33:58.106,0.0,0.0,0.0,0.0,0.0,0.0,0.0,0.0,0.0,0.0,0.0,0.0,0.0,0.0,0.0,0.0,0.0,0.0,0.0,0.0,814.3223,774.0293,797.8022,1639.5238,742.1978,-0.4461669921875,0.15142822265625,0.872314453125,2.2430419921875,-4.314117431640625,-0.530853271484375,0.0,4.0,4.0,4.0,4.0,100.0,event
10:33:58.107,0.0,0.0,0.0,0.0,0.0,0.0,0.0,0.0,0.0,0.0,0.0,0.0,0.0,0.0,0.0,0.0,0.0,0.0,0.0,0.0,781.685,774.83514,801.8315,1482.381,809.89014,-0.4461669921875,0.15142822265625,0.872314453125,2.2430419921875,-4.314117431640625,-0.530853271484375,0.0,4.0,4.0,4.0,4.0,100.0,event
10:33:58.108,0.0,0.0,0.0,0.0,0.0,0.0,0.0,0.0,0.0,0.0,0.0,0.0,0.0,0.0,0.0,0.0,0.0,0.0,0.0,0.0,802.6374,775.2381,792.1612,822.381,723.663,-0.4461669921875,0.15142822265625,0.872314453125,2.2430419921875,-4.314117431640625,-0.530853271484375,0.0,4.0,4.0,4.0,4.0,100.0,event
10:33:58.108,0.0,0.0,0.0,0.0,0.0,0.0,0.0,0.0,0.0,0.0,0.0,0.0,0.0,0.0,0.0,0.0,0.0,0.0,0.0,0.0,844.94507,776.04395,783.2967,520.58606,650.32965,-0.4461669921875,0.15142822265625,0.872314453125,2.2430419921875,-4.314117431640625,-0.530853271484375,0.0,4.0,4.0,4.0,4.0,100.0,event
10:33:58.109,0.0,0.0,0.0,0.0,0.0,0.0,0.0,0.0,0.0,0.0,0.0,0.0,0.0,0.0,0.0,0.0,0.0,0.0,0.0,0.0,858.24176,776.04395,790.14655,800.6227,734.1392,-0.4461669921875,0.15142822265625,0.872314453125,2.2430419921875,-4.314117431640625,-0.530853271484375,0.0,4.0,4.0,4.0,4.0,100.0,event
10:33:58.109,0.0,0.0,0.0,0.0,0.0,0.0,0.0,0.0,0.0,0.0,0.0,0.0,0.0,0.0,0.0,0.0,0.0,0.0,0.0,0.0,811.50183,772.8205,794.57874,546.77655,894.90845,-0.4461669921875,0.15142822265625,0.872314453125,2.2430419921875,-4.314117431640625,-0.530853271484375,0.0,4.0,4.0,4.0,4.0,100.0,event
10:33:58.110,0.0,0.0,0.0,0.0,0.0,0.0,0.0,0.0,0.0,0.0,0.0,0.0,0.0,0.0,0.0,0.0,0.0,0.0,0.0,0.0,790.9524,776.8498,794.57874,38.27839,735.7509,-0.4461669921875,0.15142822265625,0.872314453125,2.2430419921875,-4.314117431640625,-0.530853271484375,0.0,4.0,4.0,4.0,4.0,100.0,event
10:33:58.110,0.0,0.0,0.0,0.0,0.0,0.0,0.0,0.0,0.0,0.0,0.0,0.0,0.0,0.0,0.0,0.0,0.0,0.0,0.0,0.0,825.6044,772.4176,792.1612,56.813187,812.3077,-0.4461669921875,0.15142822265625,0.872314453125,2.2430419921875,-4.314117431640625,-0.530853271484375,0.0,4.0,4.0,4.0,4.0,100.0,event
10:33:58.110,0.0,0.0,0.0,0.0,0.0,0.0,0.0,0.0,0.0,0.0,0.0,0.0,0.0,0.0,0.0,0.0,0.0,0.0,0.0,0.0,775.64105,775.2381,794.17584,66.08059,829.6337,-0.4461669921875,0.15142822265625,0.872314453125,2.2430419921875,-4.314117431640625,-0.530853271484375,0.0,4.0,4.0,4.0,4.0,100.0,event
10:33:58.111,0.0,0.0,0.0,0.0,0.0,0.0,0.0,0.0,0.0,0.0,0.0,0.0,0.0,0.0,0.0,0.0,0.0,0.0,0.0,0.0,848.97437,772.01465,790.9524,0.0,1033.5165,-0.4461669921875,0.15142822265625,0.872314453125,2.2430419921875,-4.314117431640625,-0.530853271484375,0.0,4.0,4.0,4.0,4.0,100.0,event
10:33:58.111,0.0,0.0,0.0,0.0,0.0,0.0,0.0,0.0,0.0,0.0,0.0,0.0,0.0,0.0,0.0,0.0,0.0,0.0,0.0,0.0,830.4396,774.0293,798.20514,416.2271,954.1392,-0.4461669921875,0.15142822265625,0.872314453125,2.2430419921875,-4.314117431640625,-0.530853271484375,0.0,4.0,4.0,4.0,4.0,100.0,event
10:33:58.112,0.0,0.0,0.0,0.0,0.0,0.0,0.0,0.0,0.0,0.0,0.0,0.0,0.0,0.0,0.0,0.0,0.0,0.0,0.0,0.0,782.8938,775.64105,807.0696,945.6777,683.7729,-0.4461669921875,0.15142822265625,0.872314453125,2.2430419921875,-4.314117431640625,-0.530853271484375,0.0,4.0,4.0,4.0,4.0,100.0,event
10:33:58.141,0.0,0.0,0.0,0.0,0.0,0.0,0.0,0.0,0.0,0.0,0.0,0.0,0.0,0.0,0.0,0.0,0.0,0.0,0.0,0.0,779.2674,772.01465,804.2491,1201.1355,731.31866,-0.4471435546875,0.14898681640625,0.8699951171875,2.175750732421875,-3.775787353515625,0.067291259765625,0.0,4.0,4.0,4.0,4.0,100.0,event
10:33:58.142,0.0,0.0,0.0,0.0,0.0,0.0,0.0,0.0,0.0,0.0,0.0,0.0,0.0,0.0,0.0,0.0,0.0,0.0,0.0,0.0,819.9634,771.6117,798.60803,1549.6703,793.7729,-0.4471435546875,0.14898681640625,0.8699951171875,2.175750732421875,-3.775787353515625,0.067291259765625,0.0,4.0,4.0,4.0,4.0,100.0,event
10:33:58.143,0.0,0.0,0.0,0.0,0.0,0.0,0.0,0.0,0.0,0.0,0.0,0.0,0.0,0.0,0.0,0.0,0.0,0.0,0.0,0.0,843.73627,774.0293,796.1905,1648.3883,803.0403,-0.4471435546875,0.14898681640625,0.8699951171875,2.175750732421875,-3.775787353515625,0.067291259765625,0.0,4.0,4.0,4.0,4.0,100.0,event
10:33:58.143,0.0,0.0,0.0,0.0,0.0,0.0,0.0,0.0,0.0,0.0,0.0,0.0,0.0,0.0,0.0,0.0,0.0,0.0,0.0,0.0,813.91943,772.01465,796.1905,1614.1392,836.8865,-0.4471435546875,0.14898681640625,0.8699951171875,2.175750732421875,-3.775787353515625,0.067291259765625,0.0,4.0,4.0,4.0,4.0,100.0,event
10:33:58.144,0.0,0.0,0.0,0.0,0.0,0.0,0.0,0.0,0.0,0.0,0.0,0.0,0.0,0.0,0.0,0.0,0.0,0.0,0.0,0.0,764.7619,771.6117,799.011,1631.8682,781.685,-0.4471435546875,0.14898681640625,0.8699951171875,2.175750732421875,-3.775787353515625,0.067291259765625,0.0,4.0,4.0,4.0,4.0,100.0,event
10:33:58.144,0.0,0.0,0.0,0.0,0.0,0.0,0.0,0.0,0.0,0.0,0.0,0.0,0.0,0.0,0.0,0.0,0.0,0.0,0.0,0.0,770.0,770.80585,800.2198,1628.2417,893.69965,-0.4471435546875,0.14898681640625,0.8699951171875,2.175750732421875,-3.775787353515625,0.067291259765625,0.0,4.0,4.0,4.0,4.0,100.0,event
10:33:58.145,0.0,0.0,0.0,0.0,0.0,0.0,0.0,0.0,0.0,0.0,0.0,0.0,0.0,0.0,0.0,0.0,0.0,0.0,0.0,0.0,812.3077,771.2088,797.8022,1628.2417,985.9707,-0.4471435546875,0.14898681640625,0.8699951171875,2.175750732421875,-3.775787353515625,0.067291259765625,0.0,4.0,4.0,4.0,4.0,100.0,event
10:33:58.146,0.0,0.0,0.0,0.0,0.0,0.0,0.0,0.0,0.0,0.0,0.0,0.0,0.0,0.0,0.0,0.0,0.0,0.0,0.0,0.0,827.619,773.22345,796.1905,1628.2417,890.87915,-0.4471435546875,0.14898681640625,0.8699951171875,2.175750732421875,-3.775787353515625,0.067291259765625,0.0,4.0,4.0,4.0,4.0,100.0,event
10:33:58.146,0.0,0.0,0.0,0.0,0.0,0.0,0.0,0.0,0.0,0.0,0.0,0.0,0.0,0.0,0.0,0.0,0.0,0.0,0.0,0.0,850.18317,772.4176,795.38464,1628.2417,825.2015,-0.4471435546875,0.14898681640625,0.8699951171875,2.175750732421875,-3.775787353515625,0.067291259765625,0.0,4.0,4.0,4.0,4.0,100.0,event
10:33:58.147,0.0,0.0,0.0,0.0,0.0,0.0,0.0,0.0,0.0,0.0,0.0,0.0,0.0,0.0,0.0,0.0,0.0,0.0,0.0,0.0,782.0879,777.25275,796.5934,1628.2417,1014.17584,-0.4471435546875,0.14898681640625,0.8699951171875,2.175750732421875,-3.775787353515625,0.067291259765625,0.0,4.0,4.0,4.0,4.0,100.0,event
10:33:58.147,0.0,0.0,0.0,0.0,0.0,0.0,0.0,0.0,0.0,0.0,0.0,0.0,0.0,0.0,0.0,0.0,0.0,0.0,0.0,0.0,786.1172,780.87915,794.17584,1628.2417,746.2271,-0.4471435546875,0.14898681640625,0.8699951171875,2.175750732421875,-3.775787353515625,0.067291259765625,0.0,4.0,4.0,4.0,4.0,100.0,event
10:33:58.148,0.0,0.0,0.0,0.0,0.0,0.0,0.0,0.0,0.0,0.0,0.0,0.0,0.0,0.0,0.0,0.0,0.0,0.0,0.0,0.0,820.3663,775.64105,794.17584,1628.6447,757.9121,-0.4471435546875,0.14898681640625,0.8699951171875,2.175750732421875,-3.775787353515625,0.067291259765625,0.0,4.0,4.0,4.0,4.0,100.0,event
10:33:58.191,0.0,0.0,0.0,0.0,0.0,0.0,0.0,0.0,0.0,0.0,0.0,0.0,0.0,0.0,0.0,0.0,0.0,0.0,0.0,0.0,855.0183,775.2381,795.38464,1626.227,927.5458,-0.4454345703125,0.14984130859375,0.8712158203125,2.250518798828125,-3.46923828125,0.650482177734375,0.0,4.0,4.0,4.0,4.0,100.0,event
10:33:58.192,0.0,0.0,0.0,0.0,0.0,0.0,0.0,0.0,0.0,0.0,0.0,0.0,0.0,0.0,0.0,0.0,0.0,0.0,0.0,0.0,846.9597,780.87915,794.17584,1631.0623,828.4249,-0.4454345703125,0.14984130859375,0.8712158203125,2.250518798828125,-3.46923828125,0.650482177734375,0.0,4.0,4.0,4.0,4.0,100.0,event
10:33:58.196,0.0,0.0,0.0,0.0,0.0,0.0,0.0,0.0,0.0,0.0,0.0,0.0,0.0,0.0,0.0,0.0,0.0,0.0,0.0,0.0,794.57874,782.49084,792.96704,1626.63,700.696,-0.4454345703125,0.14984130859375,0.8712158203125,2.250518798828125,-3.46923828125,0.650482177734375,0.0,4.0,4.0,4.0,4.0,100.0,event
10:33:58.197,0.0,0.0,0.0,0.0,0.0,0.0,0.0,0.0,0.0,0.0,0.0,0.0,0.0,0.0,0.0,0.0,0.0,0.0,0.0,0.0,780.87915,782.0879,795.38464,1579.4872,663.6264,-0.4454345703125,0.14984130859375,0.8712158203125,2.250518798828125,-3.46923828125,0.650482177734375,0.0,4.0,4.0,4.0,4.0,100.0,event
10:33:58.197,0.0,0.0,0.0,0.0,0.0,0.0,0.0,0.0,0.0,0.0,0.0,0.0,0.0,0.0,0.0,0.0,0.0,0.0,0.0,0.0,817.9487,780.87915,796.5934,1591.978,750.65936,-0.4454345703125,0.14984130859375,0.8712158203125,2.250518798828125,-3.46923828125,0.650482177734375,0.0,4.0,4.0,4.0,4.0,100.0,event
10:33:58.198,0.0,0.0,0.0,0.0,0.0,0.0,0.0,0.0,0.0,0.0,0.0,0.0,0.0,0.0,0.0,0.0,0.0,0.0,0.0,0.0,858.24176,779.2674,795.78754,1633.8828,909.41394,-0.4454345703125,0.14984130859375,0.8712158203125,2.250518798828125,-3.46923828125,0.650482177734375,0.0,4.0,4.0,4.0,4.0,100.0,event
10:33:58.199,0.0,0.0,0.0,0.0,0.0,0.0,0.0,0.0,0.0,0.0,0.0,0.0,0.0,0.0,0.0,0.0,0.0,0.0,0.0,0.0,856.2271,780.87915,796.5934,1571.8315,962.6007,-0.4454345703125,0.14984130859375,0.8712158203125,2.250518798828125,-3.46923828125,0.650482177734375,0.0,4.0,4.0,4.0,4.0,100.0,event
10:33:58.199,0.0,0.0,0.0,0.0,0.0,0.0,0.0,0.0,0.0,0.0,0.0,0.0,0.0,0.0,0.0,0.0,0.0,0.0,0.0,0.0,804.2491,780.4762,799.011,1242.2344,845.7509,-0.4454345703125,0.14984130859375,0.8712158203125,2.250518798828125,-3.46923828125,0.650482177734375,0.0,4.0,4.0,4.0,4.0,100.0,event
10:33:58.200,0.0,0.0,0.0,0.0,0.0,0.0,0.0,0.0,0.0,0.0,0.0,0.0,0.0,0.0,0.0,0.0,0.0,0.0,0.0,0.0,773.6264,776.8498,799.41394,1102.0146,944.87177,-0.4454345703125,0.14984130859375,0.8712158203125,2.250518798828125,-3.46923828125,0.650482177734375,0.0,4.0,4.0,4.0,4.0,100.0,event
10:33:58.201,0.0,0.0,0.0,0.0,0.0,0.0,0.0,0.0,0.0,0.0,0.0,0.0,0.0,0.0,0.0,0.0,0.0,0.0,0.0,0.0,844.5421,769.59705,792.1612,1268.8279,743.8095,-0.4454345703125,0.14984130859375,0.8712158203125,2.250518798828125,-3.46923828125,0.650482177734375,0.0,4.0,4.0,4.0,4.0,100.0,event
10:33:58.201,0.0,0.0,0.0,0.0,0.0,0.0,0.0,0.0,0.0,0.0,0.0,0.0,0.0,0.0,0.0,0.0,0.0,0.0,0.0,0.0,804.2491,774.83514,794.17584,1289.7803,929.9634,-0.4454345703125,0.14984130859375,0.8712158203125,2.250518798828125,-3.46923828125,0.650482177734375,0.0,4.0,4.0,4.0,4.0,100.0,event
10:33:58.202,0.0,0.0,0.0,0.0,0.0,0.0,0.0,0.0,0.0,0.0,0.0,0.0,0.0,0.0,0.0,0.0,0.0,0.0,0.0,0.0,843.73627,770.80585,798.20514,1255.9341,703.5165,-0.4454345703125,0.14984130859375,0.8712158203125,2.250518798828125,-3.46923828125,0.650482177734375,0.0,4.0,4.0,4.0,4.0,100.0,event
10:33:58.252,0.0,0.0,0.0,0.0,0.0,0.0,0.0,0.0,0.0,0.0,0.0,0.0,0.0,0.0,0.0,0.0,0.0,0.0,0.0,0.0,797.3993,775.64105,803.44324,1337.7289,721.6484,-0.4454345703125,0.14984130859375,0.8712158203125,2.250518798828125,-3.46923828125,0.650482177734375,0.0,4.0,4.0,4.0,4.0,100.0,event
10:33:58.254,0.0,0.0,0.0,0.0,0.0,0.0,0.0,0.0,0.0,0.0,0.0,0.0,0.0,0.0,0.0,0.0,0.0,0.0,0.0,0.0,769.59705,776.04395,801.8315,1385.6776,703.5165,-0.4454345703125,0.14984130859375,0.8712158203125,2.250518798828125,-3.46923828125,0.650482177734375,0.0,4.0,4.0,4.0,4.0,100.0,event
10:33:58.256,0.0,0.0,0.0,0.0,0.0,0.0,0.0,0.0,0.0,0.0,0.0,0.0,0.0,0.0,0.0,0.0,0.0,0.0,0.0,0.0,802.23444,771.6117,798.20514,1509.3773,727.28937,-0.4454345703125,0.14984130859375,0.8712158203125,2.250518798828125,-3.46923828125,0.650482177734375,0.0,4.0,4.0,4.0,4.0,100.0,event
10:33:58.257,0.0,0.0,0.0,0.0,0.0,0.0,0.0,0.0,0.0,0.0,0.0,0.0,0.0,0.0,0.0,0.0,0.0,0.0,0.0,0.0,844.94507,769.59705,796.5934,1615.751,846.1539,-0.4454345703125,0.14984130859375,0.8712158203125,2.250518798828125,-3.46923828125,0.650482177734375,0.0,4.0,4.0,4.0,4.0,100.0,event
10:33:58.259,0.0,0.0,0.0,0.0,0.0,0.0,0.0,0.0,0.0,0.0,0.0,0.0,0.0,0.0,0.0,0.0,0.0,0.0,0.0,0.0,844.5421,771.6117,795.38464,1628.6447,869.5238,-0.4454345703125,0.14984130859375,0.8712158203125,2.250518798828125,-3.46923828125,0.650482177734375,0.0,4.0,4.0,4.0,4.0,100.0,event
10:33:58.259,0.0,0.0,0.0,0.0,0.0,0.0,0.0,0.0,0.0,0.0,0.0,0.0,0.0,0.0,0.0,0.0,0.0,0.0,0.0,0.0,801.8315,770.80585,796.99634,1627.4359,856.63007,-0.4454345703125,0.14984130859375,0.8712158203125,2.250518798828125,-3.46923828125,0.650482177734375,0.0,4.0,4.0,4.0,4.0,100.0,event
10:33:58.260,0.0,0.0,0.0,0.0,0.0,0.0,0.0,0.0,0.0,0.0,0.0,0.0,0.0,0.0,0.0,0.0,0.0,0.0,0.0,0.0,772.8205,773.22345,795.38464,1624.6154,748.24176,-0.4454345703125,0.14984130859375,0.8712158203125,2.250518798828125,-3.46923828125,0.650482177734375,0.0,4.0,4.0,4.0,4.0,100.0,event
10:33:58.261,0.0,0.0,0.0,0.0,0.0,0.0,0.0,0.0,0.0,0.0,0.0,0.0,0.0,0.0,0.0,0.0,0.0,0.0,0.0,0.0,794.17584,772.8205,789.7436,1627.4359,804.65204,-0.4454345703125,0.14984130859375,0.8712158203125,2.250518798828125,-3.46923828125,0.650482177734375,0.0,4.0,4.0,4.0,4.0,100.0,event
10:33:58.261,0.0,0.0,0.0,0.0,0.0,0.0,0.0,0.0,0.0,0.0,0.0,0.0,0.0,0.0,0.0,0.0,0.0,0.0,0.0,0.0,837.28937,776.8498,794.57874,1630.6593,989.59705,-0.4454345703125,0.14984130859375,0.8712158203125,2.250518798828125,-3.46923828125,0.650482177734375,0.0,4.0,4.0,4.0,4.0,100.0,event
10:33:58.262,0.0,0.0,0.0,0.0,0.0,0.0,0.0,0.0,0.0,0.0,0.0,0.0,0.0,0.0,0.0,0.0,0.0,0.0,0.0,0.0,861.06226,780.07324,801.4286,1445.7142,826.8132,-0.4454345703125,0.14984130859375,0.8712158203125,2.250518798828125,-3.46923828125,0.650482177734375,0.0,4.0,4.0,4.0,4.0,100.0,event
10:33:58.263,0.0,0.0,0.0,0.0,0.0,0.0,0.0,0.0,0.0,0.0,0.0,0.0,0.0,0.0,0.0,0.0,0.0,0.0,0.0,0.0,778.46155,773.6264,800.6227,1316.7766,801.8315,-0.4454345703125,0.14984130859375,0.8712158203125,2.250518798828125,-3.46923828125,0.650482177734375,0.0,4.0,4.0,4.0,4.0,100.0,event
10:33:58.263,0.0,0.0,0.0,0.0,0.0,0.0,0.0,0.0,0.0,0.0,0.0,0.0,0.0,0.0,0.0,0.0,0.0,0.0,0.0,0.0,818.7546,776.8498,799.41394,1299.0476,729.304,-0.4454345703125,0.14984130859375,0.8712158203125,2.250518798828125,-3.46923828125,0.650482177734375,0.0,4.0,4.0,4.0,4.0,100.0,event
10:33:58.285,0.0,0.0,0.0,0.0,0.0,0.0,0.0,0.0,0.0,0.0,0.0,0.0,0.0,0.0,0.0,0.0,0.0,0.0,0.0,0.0,798.20514,770.0,800.2198,1304.6886,763.95605,-0.45220947265625,0.14739990234375,0.87225341796875,2.19818115234375,-3.18511962890625,0.55328369140625,0.0,4.0,4.0,4.0,4.0,100.0,event
10:33:58.286,0.0,0.0,0.0,0.0,0.0,0.0,0.0,0.0,0.0,0.0,0.0,0.0,0.0,0.0,0.0,0.0,0.0,0.0,0.0,0.0,840.10986,770.0,797.8022,1332.4908,732.1245,-0.45220947265625,0.14739990234375,0.87225341796875,2.19818115234375,-3.18511962890625,0.55328369140625,0.0,4.0,4.0,4.0,4.0,100.0,event
10:33:58.287,0.0,0.0,0.0,0.0,0.0,0.0,0.0,0.0,0.0,0.0,0.0,0.0,0.0,0.0,0.0,0.0,0.0,0.0,0.0,0.0,859.85345,775.64105,798.60803,1265.2014,823.5897,-0.45220947265625,0.14739990234375,0.87225341796875,2.19818115234375,-3.18511962890625,0.55328369140625,0.0,4.0,4.0,4.0,4.0,100.0,event
10:33:58.287,0.0,0.0,0.0,0.0,0.0,0.0,0.0,0.0,0.0,0.0,0.0,0.0,0.0,0.0,0.0,0.0,0.0,0.0,0.0,0.0,818.7546,778.0586,798.60803,1162.0513,807.0696,-0.45220947265625,0.14739990234375,0.87225341796875,2.19818115234375,-3.18511962890625,0.55328369140625,0.0,4.0,4.0,4.0,4.0,100.0,event
10:33:58.292,0.0,0.0,0.0,0.0,0.0,0.0,0.0,0.0,0.0,0.0,0.0,0.0,0.0,0.0,0.0,0.0,0.0,0.0,0.0,0.0,773.22345,774.43225,792.1612,986.3736,648.71796,-0.45220947265625,0.14739990234375,0.87225341796875,2.19818115234375,-3.18511962890625,0.55328369140625,0.0,4.0,4.0,4.0,4.0,100.0,event
10:33:58.292,0.0,0.0,0.0,0.0,0.0,0.0,0.0,0.0,0.0,0.0,0.0,0.0,0.0,0.0,0.0,0.0,0.0,0.0,0.0,0.0,779.67035,773.6264,789.7436,735.7509,666.04395,-0.45220947265625,0.14739990234375,0.87225341796875,2.19818115234375,-3.18511962890625,0.55328369140625,0.0,4.0,4.0,4.0,4.0,100.0,event
10:33:58.293,0.0,0.0,0.0,0.0,0.0,0.0,0.0,0.0,0.0,0.0,0.0,0.0,0.0,0.0,0.0,0.0,0.0,0.0,0.0,0.0,820.7692,776.8498,792.5641,575.38464,756.30035,-0.45220947265625,0.14739990234375,0.87225341796875,2.19818115234375,-3.18511962890625,0.55328369140625,0.0,4.0,4.0,4.0,4.0,100.0,event
10:33:58.294,0.0,0.0,0.0,0.0,0.0,0.0,0.0,0.0,0.0,0.0,0.0,0.0,0.0,0.0,0.0,0.0,0.0,0.0,0.0,0.0,859.0476,775.2381,792.5641,694.65204,1050.4396,-0.45220947265625,0.14739990234375,0.87225341796875,2.19818115234375,-3.18511962890625,0.55328369140625,0.0,4.0,4.0,4.0,4.0,100.0,event
10:33:58.294,0.0,0.0,0.0,0.0,0.0,0.0,0.0,0.0,0.0,0.0,0.0,0.0,0.0,0.0,0.0,0.0,0.0,0.0,0.0,0.0,832.0513,772.4176,797.3993,767.1795,1033.5165,-0.45220947265625,0.14739990234375,0.87225341796875,2.19818115234375,-3.18511962890625,0.55328369140625,0.0,4.0,4.0,4.0,4.0,100.0,event
10:33:58.295,0.0,0.0,0.0,0.0,0.0,0.0,0.0,0.0,0.0,0.0,0.0,0.0,0.0,0.0,0.0,0.0,0.0,0.0,0.0,0.0,784.90845,774.43225,800.2198,672.0879,638.6447,-0.45220947265625,0.14739990234375,0.87225341796875,2.19818115234375,-3.18511962890625,0.55328369140625,0.0,4.0,4.0,4.0,4.0,100.0,event
10:33:58.296,0.0,0.0,0.0,0.0,0.0,0.0,0.0,0.0,0.0,0.0,0.0,0.0,0.0,0.0,0.0,0.0,0.0,0.0,0.0,0.0,788.1319,773.22345,799.011,724.4689,603.1868,-0.45220947265625,0.14739990234375,0.87225341796875,2.19818115234375,-3.18511962890625,0.55328369140625,0.0,4.0,4.0,4.0,4.0,100.0,event
10:33:58.297,0.0,0.0,0.0,0.0,0.0,0.0,0.0,0.0,0.0,0.0,0.0,0.0,0.0,0.0,0.0,0.0,0.0,0.0,0.0,0.0,829.2308,772.8205,798.60803,790.54944,681.75824,-0.45220947265625,0.14739990234375,0.87225341796875,2.19818115234375,-3.18511962890625,0.55328369140625,0.0,4.0,4.0,4.0,4.0,100.0,event
10:33:58.338,0.0,0.0,0.0,0.0,0.0,0.0,0.0,0.0,0.0,0.0,0.0,0.0,0.0,0.0,0.0,0.0,0.0,0.0,0.0,0.0,867.50916,776.4469,796.99634,713.1868,715.2015,-0.4503173828125,0.1497802734375,0.867919921875,2.43743896484375,-3.267364501953125,-0.01495361328125,0.0,4.0,4.0,4.0,4.0,100.0,event
10:33:58.339,0.0,0.0,0.0,0.0,0.0,0.0,0.0,0.0,0.0,0.0,0.0,0.0,0.0,0.0,0.0,0.0,0.0,0.0,0.0,0.0,852.1978,778.0586,803.8461,695.05493,739.3773,-0.4503173828125,0.1497802734375,0.867919921875,2.43743896484375,-3.267364501953125,-0.01495361328125,0.0,4.0,4.0,4.0,4.0,100.0,event
10:33:58.340,0.0,0.0,0.0,0.0,0.0,0.0,0.0,0.0,0.0,0.0,0.0,0.0,0.0,0.0,0.0,0.0,0.0,0.0,0.0,0.0,808.2784,778.46155,805.05493,693.0403,713.1868,-0.4503173828125,0.1497802734375,0.867919921875,2.43743896484375,-3.267364501953125,-0.01495361328125,0.0,4.0,4.0,4.0,4.0,100.0,event
10:33:58.340,0.0,0.0,0.0,0.0,0.0,0.0,0.0,0.0,0.0,0.0,0.0,0.0,0.0,0.0,0.0,0.0,0.0,0.0,0.0,0.0,795.78754,777.25275,795.78754,671.685,736.1539,-0.4503173828125,0.1497802734375,0.867919921875,2.43743896484375,-3.267364501953125,-0.01495361328125,0.0,4.0,4.0,4.0,4.0,100.0,event
10:33:58.341,0.0,0.0,0.0,0.0,0.0,0.0,0.0,0.0,0.0,0.0,0.0,0.0,0.0,0.0,0.0,0.0,0.0,0.0,0.0,0.0,817.1429,779.67035,793.7729,542.3443,759.5238,-0.4503173828125,0.1497802734375,0.867919921875,2.43743896484375,-3.267364501953125,-0.01495361328125,0.0,4.0,4.0,4.0,4.0,100.0,event
10:33:58.342,0.0,0.0,0.0,0.0,0.0,0.0,0.0,0.0,0.0,0.0,0.0,0.0,0.0,0.0,0.0,0.0,0.0,0.0,0.0,0.0,850.58606,783.2967,796.99634,381.17215,774.83514,-0.4503173828125,0.1497802734375,0.867919921875,2.43743896484375,-3.267364501953125,-0.01495361328125,0.0,4.0,4.0,4.0,4.0,100.0,event
10:33:58.342,0.0,0.0,0.0,0.0,0.0,0.0,0.0,0.0,0.0,0.0,0.0,0.0,0.0,0.0,0.0,0.0,0.0,0.0,0.0,0.0,838.9011,781.28204,797.8022,398.9011,900.9524,-0.4503173828125,0.1497802734375,0.867919921875,2.43743896484375,-3.267364501953125,-0.01495361328125,0.0,4.0,4.0,4.0,4.0,100.0,event
10:33:58.343,0.0,0.0,0.0,0.0,0.0,0.0,0.0,0.0,0.0,0.0,0.0,0.0,0.0,0.0,0.0,0.0,0.0,0.0,0.0,0.0,784.10254,780.4762,798.20514,339.67032,992.4176,-0.4503173828125,0.1497802734375,0.867919921875,2.43743896484375,-3.267364501953125,-0.01495361328125,0.0,4.0,4.0,4.0,4.0,100.0,event
10:33:58.344,0.0,0.0,0.0,0.0,0.0,0.0,0.0,0.0,0.0,0.0,0.0,0.0,0.0,0.0,0.0,0.0,0.0,0.0,0.0,0.0,780.4762,781.685,794.17584,317.10623,788.5348,-0.4503173828125,0.1497802734375,0.867919921875,2.43743896484375,-3.267364501953125,-0.01495361328125,0.0,4.0,4.0,4.0,4.0,100.0,event
10:33:58.345,0.0,0.0,0.0,0.0,0.0,0.0,0.0,0.0,0.0,0.0,0.0,0.0,0.0,0.0,0.0,0.0,0.0,0.0,0.0,0.0,817.1429,780.07324,793.36993,500.8425,778.46155,-0.4503173828125,0.1497802734375,0.867919921875,2.43743896484375,-3.267364501953125,-0.01495361328125,0.0,4.0,4.0,4.0,4.0,100.0,event
10:33:58.346,0.0,0.0,0.0,0.0,0.0,0.0,0.0,0.0,0.0,0.0,0.0,0.0,0.0,0.0,0.0,0.0,0.0,0.0,0.0,0.0,854.21246,777.6557,800.2198,657.5824,884.83514,-0.4503173828125,0.1497802734375,0.867919921875,2.43743896484375,-3.267364501953125,-0.01495361328125,0.0,4.0,4.0,4.0,4.0,100.0,event
10:33:58.347,0.0,0.0,0.0,0.0,0.0,0.0,0.0,0.0,0.0,0.0,0.0,0.0,0.0,0.0,0.0,0.0,0.0,0.0,0.0,0.0,850.989,780.4762,800.2198,759.5238,819.15753,-0.4503173828125,0.1497802734375,0.867919921875,2.43743896484375,-3.267364501953125,-0.01495361328125,0.0,4.0,4.0,4.0,4.0,100.0,event
10:33:58.383,0.0,0.0,0.0,0.0,0.0,0.0,0.0,0.0,0.0,0.0,0.0,0.0,0.0,0.0,0.0,0.0,0.0,0.0,0.0,0.0,813.5165,782.49084,794.9817,742.1978,695.05493,-0.451416015625,0.15045166015625,0.8773193359375,2.474822998046875,-4.015045166015625,0.874786376953125,0.0,4.0,4.0,4.0,4.0,100.0,event
10:33:58.384,0.0,0.0,0.0,0.0,0.0,0.0,0.0,0.0,0.0,0.0,0.0,0.0,0.0,0.0,0.0,0.0,0.0,0.0,0.0,0.0,794.17584,779.67035,794.9817,543.5531,675.31134,-0.451416015625,0.15045166015625,0.8773193359375,2.474822998046875,-4.015045166015625,0.874786376953125,0.0,4.0,4.0,4.0,4.0,100.0,event
10:33:58.386,0.0,0.0,0.0,0.0,0.0,0.0,0.0,0.0,0.0,0.0,0.0,0.0,0.0,0.0,0.0,0.0,0.0,0.0,0.0,0.0,814.7253,776.8498,792.96704,233.69963,729.707,-0.451416015625,0.15045166015625,0.8773193359375,2.474822998046875,-4.015045166015625,0.874786376953125,0.0,4.0,4.0,4.0,4.0,100.0,event
10:33:58.387,0.0,0.0,0.0,0.0,0.0,0.0,0.0,0.0,0.0,0.0,0.0,0.0,0.0,0.0,0.0,0.0,0.0,0.0,0.0,0.0,857.8388,778.46155,787.72894,24.175825,708.3516,-0.451416015625,0.15045166015625,0.8773193359375,2.474822998046875,-4.015045166015625,0.874786376953125,0.0,4.0,4.0,4.0,4.0,100.0,event
10:33:58.388,0.0,0.0,0.0,0.0,0.0,0.0,0.0,0.0,0.0,0.0,0.0,0.0,0.0,0.0,0.0,0.0,0.0,0.0,0.0,0.0,848.5714,779.2674,787.72894,3.6263735,704.7253,-0.451416015625,0.15045166015625,0.8773193359375,2.474822998046875,-4.015045166015625,0.874786376953125,0.0,4.0,4.0,4.0,4.0,100.0,event
10:33:58.388,0.0,0.0,0.0,0.0,0.0,0.0,0.0,0.0,0.0,0.0,0.0,0.0,0.0,0.0,0.0,0.0,0.0,0.0,0.0,0.0,791.75824,779.67035,789.7436,4.4322343,836.8865,-0.451416015625,0.15045166015625,0.8773193359375,2.474822998046875,-4.015045166015625,0.874786376953125,0.0,4.0,4.0,4.0,4.0,100.0,event
10:33:58.392,0.0,0.0,0.0,0.0,0.0,0.0,0.0,0.0,0.0,0.0,0.0,0.0,0.0,0.0,0.0,0.0,0.0,0.0,0.0,0.0,761.53845,780.4762,792.1612,242.16118,1067.7656,-0.451416015625,0.15045166015625,0.8773193359375,2.474822998046875,-4.015045166015625,0.874786376953125,0.0,4.0,4.0,4.0,4.0,100.0,event
10:33:58.393,0.0,0.0,0.0,0.0,0.0,0.0,0.0,0.0,0.0,0.0,0.0,0.0,0.0,0.0,0.0,0.0,0.0,0.0,0.0,0.0,791.75824,778.86444,792.5641,541.13556,868.71796,-0.451416015625,0.15045166015625,0.8773193359375,2.474822998046875,-4.015045166015625,0.874786376953125,0.0,4.0,4.0,4.0,4.0,100.0,event
10:33:58.394,0.0,0.0,0.0,0.0,0.0,0.0,0.0,0.0,0.0,0.0,0.0,0.0,0.0,0.0,0.0,0.0,0.0,0.0,0.0,0.0,844.1392,776.8498,790.14655,412.60074,662.01465,-0.451416015625,0.15045166015625,0.8773193359375,2.474822998046875,-4.015045166015625,0.874786376953125,0.0,4.0,4.0,4.0,4.0,100.0,event
10:33:58.394,0.0,0.0,0.0,0.0,0.0,0.0,0.0,0.0,0.0,0.0,0.0,0.0,0.0,0.0,0.0,0.0,0.0,0.0,0.0,0.0,849.3773,778.86444,790.14655,76.95971,759.5238,-0.451416015625,0.15045166015625,0.8773193359375,2.474822998046875,-4.015045166015625,0.874786376953125,0.0,4.0,4.0,4.0,4.0,100.0,event
10:33:58.395,0.0,0.0,0.0,0.0,0.0,0.0,0.0,0.0,0.0,0.0,0.0,0.0,0.0,0.0,0.0,0.0,0.0,0.0,0.0,0.0,805.05493,782.0879,790.9524,0.0,784.5055,-0.451416015625,0.15045166015625,0.8773193359375,2.474822998046875,-4.015045166015625,0.874786376953125,0.0,4.0,4.0,4.0,4.0,100.0,event
10:33:58.396,0.0,0.0,0.0,0.0,0.0,0.0,0.0,0.0,0.0,0.0,0.0,0.0,0.0,0.0,0.0,0.0,0.0,0.0,0.0,0.0,780.4762,782.0879,789.7436,12.087913,659.59705,-0.451416015625,0.15045166015625,0.8773193359375,2.474822998046875,-4.015045166015625,0.874786376953125,0.0,4.0,4.0,4.0,4.0,100.0,event
10:33:58.440,0.0,0.0,0.0,0.0,0.0,0.0,0.0,0.0,0.0,0.0,0.0,0.0,0.0,0.0,0.0,0.0,0.0,0.0,0.0,0.0,797.8022,779.2674,790.54944,0.0,673.2967,-0.447509765625,0.15155029296875,0.86785888671875,2.026214599609375,-4.508514404296875,0.3289794921875,0.0,4.0,4.0,4.0,4.0,100.0,event
10:33:58.442,0.0,0.0,0.0,0.0,0.0,0.0,0.0,0.0,0.0,0.0,0.0,0.0,0.0,0.0,0.0,0.0,0.0,0.0,0.0,0.0,840.10986,778.0586,791.3553,0.0,782.8938,-0.447509765625,0.15155029296875,0.86785888671875,2.026214599609375,-4.508514404296875,0.3289794921875,0.0,4.0,4.0,4.0,4.0,100.0,event
10:33:58.444,0.0,0.0,0.0,0.0,0.0,0.0,0.0,0.0,0.0,0.0,0.0,0.0,0.0,0.0,0.0,0.0,0.0,0.0,0.0,0.0,863.0769,779.2674,790.14655,8.058608,819.15753,-0.447509765625,0.15155029296875,0.86785888671875,2.026214599609375,-4.508514404296875,0.3289794921875,0.0,4.0,4.0,4.0,4.0,100.0,event
10:33:58.446,0.0,0.0,0.0,0.0,0.0,0.0,0.0,0.0,0.0,0.0,0.0,0.0,0.0,0.0,0.0,0.0,0.0,0.0,0.0,0.0,814.3223,776.4469,792.1612,2.8205128,738.97437,-0.447509765625,0.15155029296875,0.86785888671875,2.026214599609375,-4.508514404296875,0.3289794921875,0.0,4.0,4.0,4.0,4.0,100.0,event
10:33:58.448,0.0,0.0,0.0,0.0,0.0,0.0,0.0,0.0,0.0,0.0,0.0,0.0,0.0,0.0,0.0,0.0,0.0,0.0,0.0,0.0,768.7912,770.80585,792.5641,11.282051,616.4835,-0.447509765625,0.15155029296875,0.86785888671875,2.026214599609375,-4.508514404296875,0.3289794921875,0.0,4.0,4.0,4.0,4.0,100.0,event
10:33:58.450,0.0,0.0,0.0,0.0,0.0,0.0,0.0,0.0,0.0,0.0,0.0,0.0,0.0,0.0,0.0,0.0,0.0,0.0,0.0,0.0,781.28204,770.40295,789.34064,351.75824,741.79486,-0.447509765625,0.15155029296875,0.86785888671875,2.026214599609375,-4.508514404296875,0.3289794921875,0.0,4.0,4.0,4.0,4.0,100.0,event
10:33:58.451,0.0,0.0,0.0,0.0,0.0,0.0,0.0,0.0,0.0,0.0,0.0,0.0,0.0,0.0,0.0,0.0,0.0,0.0,0.0,0.0,819.9634,774.0293,791.3553,810.293,941.2454,-0.447509765625,0.15155029296875,0.86785888671875,2.026214599609375,-4.508514404296875,0.3289794921875,0.0,4.0,4.0,4.0,4.0,100.0,event
10:33:58.453,0.0,0.0,0.0,0.0,0.0,0.0,0.0,0.0,0.0,0.0,0.0,0.0,0.0,0.0,0.0,0.0,0.0,0.0,0.0,0.0,848.1685,773.22345,791.75824,685.78754,863.47986,-0.447509765625,0.15155029296875,0.86785888671875,2.026214599609375,-4.508514404296875,0.3289794921875,0.0,4.0,4.0,4.0,4.0,100.0,event
10:33:58.454,0.0,0.0,0.0,0.0,0.0,0.0,0.0,0.0,0.0,0.0,0.0,0.0,0.0,0.0,0.0,0.0,0.0,0.0,0.0,0.0,814.3223,772.4176,795.78754,157.54579,701.9048,-0.447509765625,0.15155029296875,0.86785888671875,2.026214599609375,-4.508514404296875,0.3289794921875,0.0,4.0,4.0,4.0,4.0,100.0,event
10:33:58.456,0.0,0.0,0.0,0.0,0.0,0.0,0.0,0.0,0.0,0.0,0.0,0.0,0.0,0.0,0.0,0.0,0.0,0.0,0.0,0.0,761.13556,769.19415,797.3993,324.7619,852.1978,-0.447509765625,0.15155029296875,0.86785888671875,2.026214599609375,-4.508514404296875,0.3289794921875,0.0,4.0,4.0,4.0,4.0,100.0,event
10:33:58.458,0.0,0.0,0.0,0.0,0.0,0.0,0.0,0.0,0.0,0.0,0.0,0.0,0.0,0.0,0.0,0.0,0.0,0.0,0.0,0.0,770.40295,766.77655,792.5641,814.3223,951.31866,-0.447509765625,0.15155029296875,0.86785888671875,2.026214599609375,-4.508514404296875,0.3289794921875,0.0,4.0,4.0,4.0,4.0,100.0,event
10:33:58.459,0.0,0.0,0.0,0.0,0.0,0.0,0.0,0.0,0.0,0.0,0.0,0.0,0.0,0.0,0.0,0.0,0.0,0.0,0.0,0.0,833.2601,768.7912,792.5641,1028.2784,767.98535,-0.447509765625,0.15155029296875,0.86785888671875,2.026214599609375,-4.508514404296875,0.3289794921875,0.0,4.0,4.0,4.0,4.0,100.0,event
10:33:58.506,0.0,0.0,0.0,0.0,0.0,0.0,0.0,0.0,0.0,0.0,0.0,0.0,0.0,0.0,0.0,0.0,0.0,0.0,0.0,0.0,862.27106,771.2088,792.1612,1133.8462,802.6374,-0.447509765625,0.15155029296875,0.86785888671875,2.026214599609375,-4.508514404296875,0.3289794921875,0.0,4.0,4.0,4.0,4.0,100.0,event
10:33:58.508,0.0,0.0,0.0,0.0,0.0,0.0,0.0,0.0,0.0,0.0,0.0,0.0,0.0,0.0,0.0,0.0,0.0,0.0,0.0,0.0,821.1722,773.6264,794.57874,1180.989,866.30035,-0.447509765625,0.15155029296875,0.86785888671875,2.026214599609375,-4.508514404296875,0.3289794921875,0.0,4.0,4.0,4.0,4.0,100.0,event
10:33:58.509,0.0,0.0,0.0,0.0,0.0,0.0,0.0,0.0,0.0,0.0,0.0,0.0,0.0,0.0,0.0,0.0,0.0,0.0,0.0,0.0,779.2674,773.6264,793.7729,1284.1392,792.96704,-0.447509765625,0.15155029296875,0.86785888671875,2.026214599609375,-4.508514404296875,0.3289794921875,0.0,4.0,4.0,4.0,4.0,100.0,event
10:33:58.511,0.0,0.0,0.0,0.0,0.0,0.0,0.0,0.0,0.0,0.0,0.0,0.0,0.0,0.0,0.0,0.0,0.0,0.0,0.0,0.0,786.9231,775.64105,789.7436,1415.4945,807.8755,-0.447509765625,0.15155029296875,0.86785888671875,2.026214599609375,-4.508514404296875,0.3289794921875,0.0,4.0,4.0,4.0,4.0,100.0,event
10:33:58.512,0.0,0.0,0.0,0.0,0.0,0.0,0.0,0.0,0.0,0.0,0.0,0.0,0.0,0.0,0.0,0.0,0.0,0.0,0.0,0.0,817.5458,774.43225,793.7729,1492.4542,907.3993,-0.447509765625,0.15155029296875,0.86785888671875,2.026214599609375,-4.508514404296875,0.3289794921875,0.0,4.0,4.0,4.0,4.0,100.0,event
10:33:58.514,0.0,0.0,0.0,0.0,0.0,0.0,0.0,0.0,0.0,0.0,0.0,0.0,0.0,0.0,0.0,0.0,0.0,0.0,0.0,0.0,843.3333,772.4176,796.99634,1534.359,1158.8279,-0.447509765625,0.15155029296875,0.86785888671875,2.026214599609375,-4.508514404296875,0.3289794921875,0.0,4.0,4.0,4.0,4.0,100.0,event
10:33:58.515,0.0,0.0,0.0,0.0,0.0,0.0,0.0,0.0,0.0,0.0,0.0,0.0,0.0,0.0,0.0,0.0,0.0,0.0,0.0,0.0,825.2015,774.0293,792.5641,1612.9304,1031.0989,-0.447509765625,0.15155029296875,0.86785888671875,2.026214599609375,-4.508514404296875,0.3289794921875,0.0,4.0,4.0,4.0,4.0,100.0,event
10:33:58.516,0.0,0.0,0.0,0.0,0.0,0.0,0.0,0.0,0.0,0.0,0.0,0.0,0.0,0.0,0.0,0.0,0.0,0.0,0.0,0.0,786.9231,774.83514,793.36993,1634.2858,743.00366,-0.447509765625,0.15155029296875,0.86785888671875,2.026214599609375,-4.508514404296875,0.3289794921875,0.0,4.0,4.0,4.0,4.0,100.0,event
10:33:58.520,0.0,0.0,0.0,0.0,0.0,0.0,0.0,0.0,0.0,0.0,0.0,0.0,0.0,0.0,0.0,0.0,0.0,0.0,0.0,0.0,789.34064,775.2381,795.78754,1619.3773,739.3773,-0.447509765625,0.15155029296875,0.86785888671875,2.026214599609375,-4.508514404296875,0.3289794921875,0.0,4.0,4.0,4.0,4.0,100.0,event
10:33:58.520,0.0,0.0,0.0,0.0,0.0,0.0,0.0,0.0,0.0,0.0,0.0,0.0,0.0,0.0,0.0,0.0,0.0,0.0,0.0,0.0,820.3663,774.83514,793.36993,1533.1501,907.3993,-0.447509765625,0.15155029296875,0.86785888671875,2.026214599609375,-4.508514404296875,0.3289794921875,0.0,4.0,4.0,4.0,4.0,100.0,event
10:33:58.521,0.0,0.0,0.0,0.0,0.0,0.0,0.0,0.0,0.0,0.0,0.0,0.0,0.0,0.0,0.0,0.0,0.0,0.0,0.0,0.0,854.61536,771.6117,792.96704,1415.8975,894.10254,-0.447509765625,0.15155029296875,0.86785888671875,2.026214599609375,-4.508514404296875,0.3289794921875,0.0,4.0,4.0,4.0,4.0,100.0,event
10:33:58.521,0.0,0.0,0.0,0.0,0.0,0.0,0.0,0.0,0.0,0.0,0.0,0.0,0.0,0.0,0.0,0.0,0.0,0.0,0.0,0.0,835.6777,772.4176,792.96704,1151.1721,757.9121,-0.447509765625,0.15155029296875,0.86785888671875,2.026214599609375,-4.508514404296875,0.3289794921875,0.0,4.0,4.0,4.0,4.0,100.0,event
10:33:58.564,0.0,0.0,0.0,0.0,0.0,0.0,0.0,0.0,0.0,0.0,0.0,0.0,0.0,0.0,0.0,0.0,0.0,0.0,0.0,0.0,782.0879,773.22345,792.1612,762.74725,736.9597,-0.4482421875,0.152587890625,0.87579345703125,2.220611572265625,-4.074859619140625,-0.16448974609375,0.0,4.0,4.0,4.0,4.0,100.0,event
10:33:58.565,0.0,0.0,0.0,0.0,0.0,0.0,0.0,0.0,0.0,0.0,0.0,0.0,0.0,0.0,0.0,0.0,0.0,0.0,0.0,0.0,825.2015,772.4176,788.93774,589.89014,668.46155,-0.4482421875,0.152587890625,0.87579345703125,2.220611572265625,-4.074859619140625,-0.16448974609375,0.0,4.0,4.0,4.0,4.0,100.0,event
10:33:58.565,0.0,0.0,0.0,0.0,0.0,0.0,0.0,0.0,0.0,0.0,0.0,0.0,0.0,0.0,0.0,0.0,0.0,0.0,0.0,0.0,781.28204,772.01465,791.3553,568.93774,701.50183,-0.4482421875,0.152587890625,0.87579345703125,2.220611572265625,-4.074859619140625,-0.16448974609375,0.0,4.0,4.0,4.0,4.0,100.0,event
10:33:58.566,0.0,0.0,0.0,0.0,0.0,0.0,0.0,0.0,0.0,0.0,0.0,0.0,0.0,0.0,0.0,0.0,0.0,0.0,0.0,0.0,866.30035,772.01465,788.93774,746.2271,731.31866,-0.4482421875,0.152587890625,0.87579345703125,2.220611572265625,-4.074859619140625,-0.16448974609375,0.0,4.0,4.0,4.0,4.0,100.0,event
10:33:58.567,0.0,0.0,0.0,0.0,0.0,0.0,0.0,0.0,0.0,0.0,0.0,0.0,0.0,0.0,0.0,0.0,0.0,0.0,0.0,0.0,849.7802,774.43225,794.9817,811.0989,805.05493,-0.4482421875,0.152587890625,0.87579345703125,2.220611572265625,-4.074859619140625,-0.16448974609375,0.0,4.0,4.0,4.0,4.0,100.0,event
10:33:58.568,0.0,0.0,0.0,0.0,0.0,0.0,0.0,0.0,0.0,0.0,0.0,0.0,0.0,0.0,0.0,0.0,0.0,0.0,0.0,0.0,793.36993,777.6557,796.1905,678.93774,864.68866,-0.4482421875,0.152587890625,0.87579345703125,2.220611572265625,-4.074859619140625,-0.16448974609375,0.0,4.0,4.0,4.0,4.0,100.0,event
10:33:58.568,0.0,0.0,0.0,0.0,0.0,0.0,0.0,0.0,0.0,0.0,0.0,0.0,0.0,0.0,0.0,0.0,0.0,0.0,0.0,0.0,777.6557,775.64105,793.7729,596.7399,850.18317,-0.4482421875,0.152587890625,0.87579345703125,2.220611572265625,-4.074859619140625,-0.16448974609375,0.0,4.0,4.0,4.0,4.0,100.0,event
10:33:58.569,0.0,0.0,0.0,0.0,0.0,0.0,0.0,0.0,0.0,0.0,0.0,0.0,0.0,0.0,0.0,0.0,0.0,0.0,0.0,0.0,811.0989,773.22345,791.3553,554.0293,830.4396,-0.4482421875,0.152587890625,0.87579345703125,2.220611572265625,-4.074859619140625,-0.16448974609375,0.0,4.0,4.0,4.0,4.0,100.0,event
10:33:58.570,0.0,0.0,0.0,0.0,0.0,0.0,0.0,0.0,0.0,0.0,0.0,0.0,0.0,0.0,0.0,0.0,0.0,0.0,0.0,0.0,852.1978,774.43225,792.1612,595.5311,942.0513,-0.4482421875,0.152587890625,0.87579345703125,2.220611572265625,-4.074859619140625,-0.16448974609375,0.0,4.0,4.0,4.0,4.0,100.0,event
10:33:58.570,0.0,0.0,0.0,0.0,0.0,0.0,0.0,0.0,0.0,0.0,0.0,0.0,0.0,0.0,0.0,0.0,0.0,0.0,0.0,0.0,844.5421,778.0586,799.41394,565.31134,1124.1758,-0.4482421875,0.152587890625,0.87579345703125,2.220611572265625,-4.074859619140625,-0.16448974609375,0.0,4.0,4.0,4.0,4.0,100.0,event
10:33:58.571,0.0,0.0,0.0,0.0,0.0,0.0,0.0,0.0,0.0,0.0,0.0,0.0,0.0,0.0,0.0,0.0,0.0,0.0,0.0,0.0,803.44324,780.87915,799.011,226.44688,840.10986,-0.4482421875,0.152587890625,0.87579345703125,2.220611572265625,-4.074859619140625,-0.16448974609375,0.0,4.0,4.0,4.0,4.0,100.0,event
10:33:58.572,0.0,0.0,0.0,0.0,0.0,0.0,0.0,0.0,0.0,0.0,0.0,0.0,0.0,0.0,0.0,0.0,0.0,0.0,0.0,0.0,795.38464,778.46155,794.9817,43.113552,604.7985,-0.4482421875,0.152587890625,0.87579345703125,2.220611572265625,-4.074859619140625,-0.16448974609375,0.0,4.0,4.0,4.0,4.0,100.0,event
10:33:58.573,0.0,0.0,0.0,0.0,0.0,0.0,0.0,0.0,0.0,0.0,0.0,0.0,0.0,0.0,0.0,0.0,0.0,0.0,0.0,0.0,848.5714,773.22345,798.60803,0.0,666.4469,-0.44512939453125,0.15283203125,0.872314453125,2.220611572265625,-4.179534912109375,-0.186920166015625,0.0,4.0,4.0,4.0,4.0,100.0,event
10:33:58.573,0.0,0.0,0.0,0.0,0.0,0.0,0.0,0.0,0.0,0.0,0.0,0.0,0.0,0.0,0.0,0.0,0.0,0.0,0.0,0.0,817.5458,774.83514,796.1905,8.058608,682.5641,-0.44512939453125,0.15283203125,0.872314453125,2.220611572265625,-4.179534912109375,-0.186920166015625,0.0,4.0,4.0,4.0,4.0,100.0,event
10:33:58.574,0.0,0.0,0.0,0.0,0.0,0.0,0.0,0.0,0.0,0.0,0.0,0.0,0.0,0.0,0.0,0.0,0.0,0.0,0.0,0.0,846.55676,773.6264,798.20514,0.0,657.98535,-0.44512939453125,0.15283203125,0.872314453125,2.220611572265625,-4.179534912109375,-0.186920166015625,0.0,4.0,4.0,4.0,4.0,100.0,event
10:33:58.575,0.0,0.0,0.0,0.0,0.0,0.0,0.0,0.0,0.0,0.0,0.0,0.0,0.0,0.0,0.0,0.0,0.0,0.0,0.0,0.0,797.8022,772.8205,795.38464,0.0,693.8461,-0.44512939453125,0.15283203125,0.872314453125,2.220611572265625,-4.179534912109375,-0.186920166015625,0.0,4.0,4.0,4.0,4.0,100.0,event
10:33:58.575,0.0,0.0,0.0,0.0,0.0,0.0,0.0,0.0,0.0,0.0,0.0,0.0,0.0,0.0,0.0,0.0,0.0,0.0,0.0,0.0,771.6117,775.2381,792.1612,0.0,759.92676,-0.44512939453125,0.15283203125,0.872314453125,2.220611572265625,-4.179534912109375,-0.186920166015625,0.0,4.0,4.0,4.0,4.0,100.0,event
10:33:58.576,0.0,0.0,0.0,0.0,0.0,0.0,0.0,0.0,0.0,0.0,0.0,0.0,0.0,0.0,0.0,0.0,0.0,0.0,0.0,0.0,799.011,778.0586,794.57874,3.6263735,788.93774,-0.44512939453125,0.15283203125,0.872314453125,2.220611572265625,-4.179534912109375,-0.186920166015625,0.0,4.0,4.0,4.0,4.0,100.0,event
10:33:58.577,0.0,0.0,0.0,0.0,0.0,0.0,0.0,0.0,0.0,0.0,0.0,0.0,0.0,0.0,0.0,0.0,0.0,0.0,0.0,0.0,838.9011,776.04395,794.9817,0.0,782.0879,-0.44512939453125,0.15283203125,0.872314453125,2.220611572265625,-4.179534912109375,-0.186920166015625,0.0,4.0,4.0,4.0,4.0,100.0,event
10:33:58.577,0.0,0.0,0.0,0.0,0.0,0.0,0.0,0.0,0.0,0.0,0.0,0.0,0.0,0.0,0.0,0.0,0.0,0.0,0.0,0.0,840.10986,776.4469,794.9817,3.2234433,792.1612,-0.44512939453125,0.15283203125,0.872314453125,2.220611572265625,-4.179534912109375,-0.186920166015625,0.0,4.0,4.0,4.0,4.0,100.0,event
10:33:58.578,0.0,0.0,0.0,0.0,0.0,0.0,0.0,0.0,0.0,0.0,0.0,0.0,0.0,0.0,0.0,0.0,0.0,0.0,0.0,0.0,790.54944,777.25275,795.78754,99.12088,974.2857,-0.44512939453125,0.15283203125,0.872314453125,2.220611572265625,-4.179534912109375,-0.186920166015625,0.0,4.0,4.0,4.0,4.0,100.0,event
10:33:58.579,0.0,0.0,0.0,0.0,0.0,0.0,0.0,0.0,0.0,0.0,0.0,0.0,0.0,0.0,0.0,0.0,0.0,0.0,0.0,0.0,764.35895,777.6557,795.38464,68.49817,913.0403,-0.44512939453125,0.15283203125,0.872314453125,2.220611572265625,-4.179534912109375,-0.186920166015625,0.0,4.0,4.0,4.0,4.0,100.0,event
10:33:58.582,0.0,0.0,0.0,0.0,0.0,0.0,0.0,0.0,0.0,0.0,0.0,0.0,0.0,0.0,0.0,0.0,0.0,0.0,0.0,0.0,789.7436,776.8498,794.57874,17.326008,684.57874,-0.44512939453125,0.15283203125,0.872314453125,2.220611572265625,-4.179534912109375,-0.186920166015625,0.0,4.0,4.0,4.0,4.0,100.0,event
10:33:58.583,0.0,0.0,0.0,0.0,0.0,0.0,0.0,0.0,0.0,0.0,0.0,0.0,0.0,0.0,0.0,0.0,0.0,0.0,0.0,0.0,830.0366,772.8205,791.3553,163.99268,755.4945,-0.44512939453125,0.15283203125,0.872314453125,2.220611572265625,-4.179534912109375,-0.186920166015625,0.0,4.0,4.0,4.0,4.0,100.0,event
10:33:58.624,0.0,0.0,0.0,0.0,0.0,0.0,0.0,0.0,0.0,0.0,0.0,0.0,0.0,0.0,0.0,0.0,0.0,0.0,0.0,0.0,843.73627,773.6264,791.75824,345.31134,848.1685,-0.44921875,0.14813232421875,0.87432861328125,1.981353759765625,-3.207550048828125,-0.11962890625,0.0,4.0,4.0,4.0,4.0,100.0,event
10:33:58.625,0.0,0.0,0.0,0.0,0.0,0.0,0.0,0.0,0.0,0.0,0.0,0.0,0.0,0.0,0.0,0.0,0.0,0.0,0.0,0.0,811.50183,776.04395,793.36993,317.91208,711.978,-0.44921875,0.14813232421875,0.87432861328125,1.981353759765625,-3.207550048828125,-0.11962890625,0.0,4.0,4.0,4.0,4.0,100.0,event
10:33:58.626,0.0,0.0,0.0,0.0,0.0,0.0,0.0,0.0,0.0,0.0,0.0,0.0,0.0,0.0,0.0,0.0,0.0,0.0,0.0,0.0,768.3883,774.43225,792.5641,320.7326,659.19415,-0.44921875,0.14813232421875,0.87432861328125,1.981353759765625,-3.207550048828125,-0.11962890625,0.0,4.0,4.0,4.0,4.0,100.0,event
10:33:58.626,0.0,0.0,0.0,0.0,0.0,0.0,0.0,0.0,0.0,0.0,0.0,0.0,0.0,0.0,0.0,0.0,0.0,0.0,0.0,0.0,780.87915,771.6117,790.14655,478.6813,744.21246,-0.44921875,0.14813232421875,0.87432861328125,1.981353759765625,-3.207550048828125,-0.11962890625,0.0,4.0,4.0,4.0,4.0,100.0,event
10:33:58.627,0.0,0.0,0.0,0.0,0.0,0.0,0.0,0.0,0.0,0.0,0.0,0.0,0.0,0.0,0.0,0.0,0.0,0.0,0.0,0.0,826.0073,774.0293,791.3553,603.9927,794.9817,-0.44921875,0.14813232421875,0.87432861328125,1.981353759765625,-3.207550048828125,-0.11962890625,0.0,4.0,4.0,4.0,4.0,100.0,event
10:33:58.628,0.0,0.0,0.0,0.0,0.0,0.0,0.0,0.0,0.0,0.0,0.0,0.0,0.0,0.0,0.0,0.0,0.0,0.0,0.0,0.0,847.76556,774.0293,792.96704,481.0989,832.4542,-0.44921875,0.14813232421875,0.87432861328125,1.981353759765625,-3.207550048828125,-0.11962890625,0.0,4.0,4.0,4.0,4.0,100.0,event
10:33:58.629,0.0,0.0,0.0,0.0,0.0,0.0,0.0,0.0,0.0,0.0,0.0,0.0,0.0,0.0,0.0,0.0,0.0,0.0,0.0,0.0,821.5751,772.8205,792.96704,146.66667,758.315,-0.44921875,0.14813232421875,0.87432861328125,1.981353759765625,-3.207550048828125,-0.11962890625,0.0,4.0,4.0,4.0,4.0,100.0,event
10:33:58.630,0.0,0.0,0.0,0.0,0.0,0.0,0.0,0.0,0.0,0.0,0.0,0.0,0.0,0.0,0.0,0.0,0.0,0.0,0.0,0.0,778.0586,773.22345,792.1612,94.688644,803.44324,-0.44921875,0.14813232421875,0.87432861328125,1.981353759765625,-3.207550048828125,-0.11962890625,0.0,4.0,4.0,4.0,4.0,100.0,event
10:33:58.631,0.0,0.0,0.0,0.0,0.0,0.0,0.0,0.0,0.0,0.0,0.0,0.0,0.0,0.0,0.0,0.0,0.0,0.0,0.0,0.0,781.685,772.01465,788.93774,289.70697,927.5458,-0.44921875,0.14813232421875,0.87432861328125,1.981353759765625,-3.207550048828125,-0.11962890625,0.0,4.0,4.0,4.0,4.0,100.0,event
10:33:58.631,0.0,0.0,0.0,0.0,0.0,0.0,0.0,0.0,0.0,0.0,0.0,0.0,0.0,0.0,0.0,0.0,0.0,0.0,0.0,0.0,824.3956,771.6117,790.9524,442.01465,751.06226,-0.44921875,0.14813232421875,0.87432861328125,1.981353759765625,-3.207550048828125,-0.11962890625,0.0,4.0,4.0,4.0,4.0,100.0,event
10:33:58.632,0.0,0.0,0.0,0.0,0.0,0.0,0.0,0.0,0.0,0.0,0.0,0.0,0.0,0.0,0.0,0.0,0.0,0.0,0.0,0.0,863.8828,774.0293,791.75824,441.61172,703.1135,-0.44921875,0.14813232421875,0.87432861328125,1.981353759765625,-3.207550048828125,-0.11962890625,0.0,4.0,4.0,4.0,4.0,100.0,event
10:33:58.633,0.0,0.0,0.0,0.0,0.0,0.0,0.0,0.0,0.0,0.0,0.0,0.0,0.0,0.0,0.0,0.0,0.0,0.0,0.0,0.0,834.87177,774.83514,792.1612,455.31134,787.326,-0.44921875,0.14813232421875,0.87432861328125,1.981353759765625,-3.207550048828125,-0.11962890625,0.0,4.0,4.0,4.0,4.0,100.0,event
10:33:58.664,0.0,0.0,0.0,0.0,0.0,0.0,0.0,0.0,0.0,0.0,0.0,0.0,0.0,0.0,0.0,0.0,0.0,0.0,0.0,0.0,778.0586,775.64105,794.17584,479.48718,792.5641,-0.448974609375,0.153564453125,0.87554931640625,2.6318359375,-3.6785888671875,0.46356201171875,0.0,4.0,4.0,4.0,4.0,100.0,event
10:33:58.666,0.0,0.0,0.0,0.0,0.0,0.0,0.0,0.0,0.0,0.0,0.0,0.0,0.0,0.0,0.0,0.0,0.0,0.0,0.0,0.0,789.7436,776.04395,794.57874,475.4579,729.707,-0.448974609375,0.153564453125,0.87554931640625,2.6318359375,-3.6785888671875,0.46356201171875,0.0,4.0,4.0,4.0,4.0,100.0,event
10:33:58.666,0.0,0.0,0.0,0.0,0.0,0.0,0.0,0.0,0.0,0.0,0.0,0.0,0.0,0.0,0.0,0.0,0.0,0.0,0.0,0.0,835.6777,771.6117,791.75824,499.6337,779.67035,-0.448974609375,0.153564453125,0.87554931640625,2.6318359375,-3.6785888671875,0.46356201171875,0.0,4.0,4.0,4.0,4.0,100.0,event
10:33:58.667,0.0,0.0,0.0,0.0,0.0,0.0,0.0,0.0,0.0,0.0,0.0,0.0,0.0,0.0,0.0,0.0,0.0,0.0,0.0,0.0,850.18317,772.8205,790.9524,530.2564,958.1685,-0.448974609375,0.153564453125,0.87554931640625,2.6318359375,-3.6785888671875,0.46356201171875,0.0,4.0,4.0,4.0,4.0,100.0,event
10:33:58.667,0.0,0.0,0.0,0.0,0.0,0.0,0.0,0.0,0.0,0.0,0.0,0.0,0.0,0.0,0.0,0.0,0.0,0.0,0.0,0.0,835.6777,776.8498,793.36993,379.96338,856.2271,-0.448974609375,0.153564453125,0.87554931640625,2.6318359375,-3.6785888671875,0.46356201171875,0.0,4.0,4.0,4.0,4.0,100.0,event
10:33:58.668,0.0,0.0,0.0,0.0,0.0,0.0,0.0,0.0,0.0,0.0,0.0,0.0,0.0,0.0,0.0,0.0,0.0,0.0,0.0,0.0,795.78754,777.25275,799.011,280.43958,709.15753,-0.448974609375,0.153564453125,0.87554931640625,2.6318359375,-3.6785888671875,0.46356201171875,0.0,4.0,4.0,4.0,4.0,100.0,event
10:33:58.669,0.0,0.0,0.0,0.0,0.0,0.0,0.0,0.0,0.0,0.0,0.0,0.0,0.0,0.0,0.0,0.0,0.0,0.0,0.0,0.0,778.46155,776.4469,798.20514,279.6337,787.72894,-0.448974609375,0.153564453125,0.87554931640625,2.6318359375,-3.6785888671875,0.46356201171875,0.0,4.0,4.0,4.0,4.0,100.0,event
10:33:58.670,0.0,0.0,0.0,0.0,0.0,0.0,0.0,0.0,0.0,0.0,0.0,0.0,0.0,0.0,0.0,0.0,0.0,0.0,0.0,0.0,814.7253,776.4469,792.96704,165.20146,1025.4579,-0.448974609375,0.153564453125,0.87554931640625,2.6318359375,-3.6785888671875,0.46356201171875,0.0,4.0,4.0,4.0,4.0,100.0,event
10:33:58.672,0.0,0.0,0.0,0.0,0.0,0.0,0.0,0.0,0.0,0.0,0.0,0.0,0.0,0.0,0.0,0.0,0.0,0.0,0.0,0.0,864.2857,776.4469,797.3993,92.673996,920.696,-0.448974609375,0.153564453125,0.87554931640625,2.6318359375,-3.6785888671875,0.46356201171875,0.0,4.0,4.0,4.0,4.0,100.0,event
10:33:58.673,0.0,0.0,0.0,0.0,0.0,0.0,0.0,0.0,0.0,0.0,0.0,0.0,0.0,0.0,0.0,0.0,0.0,0.0,0.0,0.0,853.00366,779.2674,799.81683,135.38461,718.022,-0.448974609375,0.153564453125,0.87554931640625,2.6318359375,-3.6785888671875,0.46356201171875,0.0,4.0,4.0,4.0,4.0,100.0,event
10:33:58.674,0.0,0.0,0.0,0.0,0.0,0.0,0.0,0.0,0.0,0.0,0.0,0.0,0.0,0.0,0.0,0.0,0.0,0.0,0.0,0.0,801.4286,782.0879,793.7729,242.16118,758.315,-0.448974609375,0.153564453125,0.87554931640625,2.6318359375,-3.6785888671875,0.46356201171875,0.0,4.0,4.0,4.0,4.0,100.0,event
10:33:58.675,0.0,0.0,0.0,0.0,0.0,0.0,0.0,0.0,0.0,0.0,0.0,0.0,0.0,0.0,0.0,0.0,0.0,0.0,0.0,0.0,791.75824,779.67035,793.7729,400.1099,777.25275,-0.448974609375,0.153564453125,0.87554931640625,2.6318359375,-3.6785888671875,0.46356201171875,0.0,4.0,4.0,4.0,4.0,100.0,event
10:33:58.728,0.0,0.0,0.0,0.0,0.0,0.0,0.0,0.0,0.0,0.0,0.0,0.0,0.0,0.0,0.0,0.0,0.0,0.0,0.0,0.0,830.0366,778.86444,792.5641,583.44324,766.3736,-0.448974609375,0.153564453125,0.87554931640625,2.6318359375,-3.6785888671875,0.46356201171875,0.0,4.0,4.0,4.0,4.0,100.0,event
10:33:58.729,0.0,0.0,0.0,0.0,0.0,0.0,0.0,0.0,0.0,0.0,0.0,0.0,0.0,0.0,0.0,0.0,0.0,0.0,0.0,0.0,873.5531,784.10254,792.1612,720.0366,790.14655,-0.448974609375,0.153564453125,0.87554931640625,2.6318359375,-3.6785888671875,0.46356201171875,0.0,4.0,4.0,4.0,4.0,100.0,event
10:33:58.730,0.0,0.0,0.0,0.0,0.0,0.0,0.0,0.0,0.0,0.0,0.0,0.0,0.0,0.0,0.0,0.0,0.0,0.0,0.0,0.0,868.315,786.1172,792.96704,728.0952,826.4103,-0.448974609375,0.153564453125,0.87554931640625,2.6318359375,-3.6785888671875,0.46356201171875,0.0,4.0,4.0,4.0,4.0,100.0,event
10:33:58.731,0.0,0.0,0.0,0.0,0.0,0.0,0.0,0.0,0.0,0.0,0.0,0.0,0.0,0.0,0.0,0.0,0.0,0.0,0.0,0.0,819.15753,782.0879,793.7729,685.38464,823.5897,-0.448974609375,0.153564453125,0.87554931640625,2.6318359375,-3.6785888671875,0.46356201171875,0.0,4.0,4.0,4.0,4.0,100.0,event
10:33:58.731,0.0,0.0,0.0,0.0,0.0,0.0,0.0,0.0,0.0,0.0,0.0,0.0,0.0,0.0,0.0,0.0,0.0,0.0,0.0,0.0,804.65204,779.67035,798.60803,738.97437,761.13556,-0.448974609375,0.153564453125,0.87554931640625,2.6318359375,-3.6785888671875,0.46356201171875,0.0,4.0,4.0,4.0,4.0,100.0,event
10:33:58.732,0.0,0.0,0.0,0.0,0.0,0.0,0.0,0.0,0.0,0.0,0.0,0.0,0.0,0.0,0.0,0.0,0.0,0.0,0.0,0.0,829.2308,776.8498,799.81683,824.7985,789.34064,-0.448974609375,0.153564453125,0.87554931640625,2.6318359375,-3.6785888671875,0.46356201171875,0.0,4.0,4.0,4.0,4.0,100.0,event
10:33:58.733,0.0,0.0,0.0,0.0,0.0,0.0,0.0,0.0,0.0,0.0,0.0,0.0,0.0,0.0,0.0,0.0,0.0,0.0,0.0,0.0,867.1062,776.04395,790.54944,799.81683,1053.663,-0.448974609375,0.153564453125,0.87554931640625,2.6318359375,-3.6785888671875,0.46356201171875,0.0,4.0,4.0,4.0,4.0,100.0,event
10:33:58.733,0.0,0.0,0.0,0.0,0.0,0.0,0.0,0.0,0.0,0.0,0.0,0.0,0.0,0.0,0.0,0.0,0.0,0.0,0.0,0.0,859.85345,774.43225,794.9817,842.1245,1061.7216,-0.448974609375,0.153564453125,0.87554931640625,2.6318359375,-3.6785888671875,0.46356201171875,0.0,4.0,4.0,4.0,4.0,100.0,event
10:33:58.734,0.0,0.0,0.0,0.0,0.0,0.0,0.0,0.0,0.0,0.0,0.0,0.0,0.0,0.0,0.0,0.0,0.0,0.0,0.0,0.0,832.0513,778.0586,794.9817,758.71796,769.59705,-0.448974609375,0.153564453125,0.87554931640625,2.6318359375,-3.6785888671875,0.46356201171875,0.0,4.0,4.0,4.0,4.0,100.0,event
10:33:58.735,0.0,0.0,0.0,0.0,0.0,0.0,0.0,0.0,0.0,0.0,0.0,0.0,0.0,0.0,0.0,0.0,0.0,0.0,0.0,0.0,799.41394,777.6557,801.02563,882.01465,657.1795,-0.448974609375,0.153564453125,0.87554931640625,2.6318359375,-3.6785888671875,0.46356201171875,0.0,4.0,4.0,4.0,4.0,100.0,event
10:33:58.735,0.0,0.0,0.0,0.0,0.0,0.0,0.0,0.0,0.0,0.0,0.0,0.0,0.0,0.0,0.0,0.0,0.0,0.0,0.0,0.0,819.5604,777.6557,799.81683,1029.0842,843.3333,-0.448974609375,0.153564453125,0.87554931640625,2.6318359375,-3.6785888671875,0.46356201171875,0.0,4.0,4.0,4.0,4.0,100.0,event
10:33:58.736,0.0,0.0,0.0,0.0,0.0,0.0,0.0,0.0,0.0,0.0,0.0,0.0,0.0,0.0,0.0,0.0,0.0,0.0,0.0,0.0,862.674,777.25275,796.5934,1000.07324,1059.3041,-0.448974609375,0.153564453125,0.87554931640625,2.6318359375,-3.6785888671875,0.46356201171875,0.0,4.0,4.0,4.0,4.0,100.0,event
10:33:58.765,0.0,0.0,0.0,0.0,0.0,0.0,0.0,0.0,0.0,0.0,0.0,0.0,0.0,0.0,0.0,0.0,0.0,0.0,0.0,0.0,872.3443,774.43225,794.57874,994.43225,843.73627,-0.44549560546875,0.15155029296875,0.8663330078125,2.130889892578125,-3.745880126953125,0.142059326171875,0.0,4.0,4.0,4.0,4.0,100.0,event
10:33:58.766,0.0,0.0,0.0,0.0,0.0,0.0,0.0,0.0,0.0,0.0,0.0,0.0,0.0,0.0,0.0,0.0,0.0,0.0,0.0,0.0,832.0513,776.4469,793.36993,1051.6483,736.55676,-0.44549560546875,0.15155029296875,0.8663330078125,2.130889892578125,-3.745880126953125,0.142059326171875,0.0,4.0,4.0,4.0,4.0,100.0,event
10:33:58.767,0.0,0.0,0.0,0.0,0.0,0.0,0.0,0.0,0.0,0.0,0.0,0.0,0.0,0.0,0.0,0.0,0.0,0.0,0.0,0.0,793.36993,777.25275,792.96704,1063.3334,793.36993,-0.44549560546875,0.15155029296875,0.8663330078125,2.130889892578125,-3.745880126953125,0.142059326171875,0.0,4.0,4.0,4.0,4.0,100.0,event
10:33:58.768,0.0,0.0,0.0,0.0,0.0,0.0,0.0,0.0,0.0,0.0,0.0,0.0,0.0,0.0,0.0,0.0,0.0,0.0,0.0,0.0,819.5604,774.83514,791.3553,1009.7436,696.26373,-0.44549560546875,0.15155029296875,0.8663330078125,2.130889892578125,-3.745880126953125,0.142059326171875,0.0,4.0,4.0,4.0,4.0,100.0,event
10:33:58.768,0.0,0.0,0.0,0.0,0.0,0.0,0.0,0.0,0.0,0.0,0.0,0.0,0.0,0.0,0.0,0.0,0.0,0.0,0.0,0.0,867.50916,779.67035,792.5641,1011.3553,588.68134,-0.44549560546875,0.15155029296875,0.8663330078125,2.130889892578125,-3.745880126953125,0.142059326171875,0.0,4.0,4.0,4.0,4.0,100.0,event
10:33:58.769,0.0,0.0,0.0,0.0,0.0,0.0,0.0,0.0,0.0,0.0,0.0,0.0,0.0,0.0,0.0,0.0,0.0,0.0,0.0,0.0,877.98535,780.07324,792.5641,1074.2124,788.93774,-0.44549560546875,0.15155029296875,0.8663330078125,2.130889892578125,-3.745880126953125,0.142059326171875,0.0,4.0,4.0,4.0,4.0,100.0,event
10:33:58.770,0.0,0.0,0.0,0.0,0.0,0.0,0.0,0.0,0.0,0.0,0.0,0.0,0.0,0.0,0.0,0.0,0.0,0.0,0.0,0.0,802.23444,779.67035,796.1905,1050.0366,916.26373,-0.44549560546875,0.15155029296875,0.8663330078125,2.130889892578125,-3.745880126953125,0.142059326171875,0.0,4.0,4.0,4.0,4.0,100.0,event
10:33:58.770,0.0,0.0,0.0,0.0,0.0,0.0,0.0,0.0,0.0,0.0,0.0,0.0,0.0,0.0,0.0,0.0,0.0,0.0,0.0,0.0,836.8865,778.46155,789.34064,1060.5128,1037.1428,-0.44549560546875,0.15155029296875,0.8663330078125,2.130889892578125,-3.745880126953125,0.142059326171875,0.0,4.0,4.0,4.0,4.0,100.0,event
10:33:58.771,0.0,0.0,0.0,0.0,0.0,0.0,0.0,0.0,0.0,0.0,0.0,0.0,0.0,0.0,0.0,0.0,0.0,0.0,0.0,0.0,811.0989,778.86444,797.3993,902.96704,720.0366,-0.44549560546875,0.15155029296875,0.8663330078125,2.130889892578125,-3.745880126953125,0.142059326171875,0.0,4.0,4.0,4.0,4.0,100.0,event
10:33:58.771,0.0,0.0,0.0,0.0,0.0,0.0,0.0,0.0,0.0,0.0,0.0,0.0,0.0,0.0,0.0,0.0,0.0,0.0,0.0,0.0,840.10986,778.46155,798.20514,830.4396,737.76556,-0.44549560546875,0.15155029296875,0.8663330078125,2.130889892578125,-3.745880126953125,0.142059326171875,0.0,4.0,4.0,4.0,4.0,100.0,event
10:33:58.772,0.0,0.0,0.0,0.0,0.0,0.0,0.0,0.0,0.0,0.0,0.0,0.0,0.0,0.0,0.0,0.0,0.0,0.0,0.0,0.0,861.06226,776.04395,801.02563,946.8865,991.6117,-0.44549560546875,0.15155029296875,0.8663330078125,2.130889892578125,-3.745880126953125,0.142059326171875,0.0,4.0,4.0,4.0,4.0,100.0,event
10:33:58.773,0.0,0.0,0.0,0.0,0.0,0.0,0.0,0.0,0.0,0.0,0.0,0.0,0.0,0.0,0.0,0.0,0.0,0.0,0.0,0.0,834.87177,775.64105,791.75824,1066.9597,859.0476,-0.44549560546875,0.15155029296875,0.8663330078125,2.130889892578125,-3.745880126953125,0.142059326171875,0.0,4.0,4.0,4.0,4.0,100.0,event
10:33:58.797,0.0,0.0,0.0,0.0,0.0,0.0,0.0,0.0,0.0,0.0,0.0,0.0,0.0,0.0,0.0,0.0,0.0,0.0,0.0,0.0,795.38464,774.43225,785.31134,1077.4359,688.20514,-0.4447021484375,0.152587890625,0.87310791015625,2.61688232421875,-3.70849609375,0.291595458984375,0.0,4.0,4.0,4.0,4.0,100.0,event
10:33:58.798,0.0,0.0,0.0,0.0,0.0,0.0,0.0,0.0,0.0,0.0,0.0,0.0,0.0,0.0,0.0,0.0,0.0,0.0,0.0,0.0,805.8608,774.43225,788.1319,1037.5458,794.17584,-0.4447021484375,0.152587890625,0.87310791015625,2.61688232421875,-3.70849609375,0.291595458984375,0.0,4.0,4.0,4.0,4.0,100.0,event
10:33:58.803,0.0,0.0,0.0,0.0,0.0,0.0,0.0,0.0,0.0,0.0,0.0,0.0,0.0,0.0,0.0,0.0,0.0,0.0,0.0,0.0,844.94507,775.64105,790.14655,889.2674,813.5165,-0.4447021484375,0.152587890625,0.87310791015625,2.61688232421875,-3.70849609375,0.291595458984375,0.0,4.0,4.0,4.0,4.0,100.0,event
10:33:58.803,0.0,0.0,0.0,0.0,0.0,0.0,0.0,0.0,0.0,0.0,0.0,0.0,0.0,0.0,0.0,0.0,0.0,0.0,0.0,0.0,870.7326,777.25275,788.1319,806.26373,741.79486,-0.4447021484375,0.152587890625,0.87310791015625,2.61688232421875,-3.70849609375,0.291595458984375,0.0,4.0,4.0,4.0,4.0,100.0,event
10:33:58.804,0.0,0.0,0.0,0.0,0.0,0.0,0.0,0.0,0.0,0.0,0.0,0.0,0.0,0.0,0.0,0.0,0.0,0.0,0.0,0.0,846.1539,777.25275,791.3553,942.4542,686.1905,-0.4447021484375,0.152587890625,0.87310791015625,2.61688232421875,-3.70849609375,0.291595458984375,0.0,4.0,4.0,4.0,4.0,100.0,event
10:33:58.805,0.0,0.0,0.0,0.0,0.0,0.0,0.0,0.0,0.0,0.0,0.0,0.0,0.0,0.0,0.0,0.0,0.0,0.0,0.0,0.0,783.2967,778.0586,793.7729,924.3223,904.9817,-0.4447021484375,0.152587890625,0.87310791015625,2.61688232421875,-3.70849609375,0.291595458984375,0.0,4.0,4.0,4.0,4.0,100.0,event
10:33:58.805,0.0,0.0,0.0,0.0,0.0,0.0,0.0,0.0,0.0,0.0,0.0,0.0,0.0,0.0,0.0,0.0,0.0,0.0,0.0,0.0,791.3553,778.46155,798.20514,1002.49084,832.0513,-0.4447021484375,0.152587890625,0.87310791015625,2.61688232421875,-3.70849609375,0.291595458984375,0.0,4.0,4.0,4.0,4.0,100.0,event
10:33:58.806,0.0,0.0,0.0,0.0,0.0,0.0,0.0,0.0,0.0,0.0,0.0,0.0,0.0,0.0,0.0,0.0,0.0,0.0,0.0,0.0,871.53845,779.67035,787.326,997.6557,724.4689,-0.4447021484375,0.152587890625,0.87310791015625,2.61688232421875,-3.70849609375,0.291595458984375,0.0,4.0,4.0,4.0,4.0,100.0,event
10:33:58.806,0.0,0.0,0.0,0.0,0.0,0.0,0.0,0.0,0.0,0.0,0.0,0.0,0.0,0.0,0.0,0.0,0.0,0.0,0.0,0.0,830.0366,775.64105,786.9231,921.50183,756.7033,-0.4447021484375,0.152587890625,0.87310791015625,2.61688232421875,-3.70849609375,0.291595458984375,0.0,4.0,4.0,4.0,4.0,100.0,event
10:33:58.807,0.0,0.0,0.0,0.0,0.0,0.0,0.0,0.0,0.0,0.0,0.0,0.0,0.0,0.0,0.0,0.0,0.0,0.0,0.0,0.0,850.18317,781.685,792.96704,1008.1319,944.0659,-0.4447021484375,0.152587890625,0.87310791015625,2.61688232421875,-3.70849609375,0.291595458984375,0.0,4.0,4.0,4.0,4.0,100.0,event
10:33:58.808,0.0,0.0,0.0,0.0,0.0,0.0,0.0,0.0,0.0,0.0,0.0,0.0,0.0,0.0,0.0,0.0,0.0,0.0,0.0,0.0,801.02563,779.2674,795.38464,994.0293,1012.1612,-0.4447021484375,0.152587890625,0.87310791015625,2.61688232421875,-3.70849609375,0.291595458984375,0.0,4.0,4.0,4.0,4.0,100.0,event
10:33:58.808,0.0,0.0,0.0,0.0,0.0,0.0,0.0,0.0,0.0,0.0,0.0,0.0,0.0,0.0,0.0,0.0,0.0,0.0,0.0,0.0,796.1905,776.8498,790.54944,1003.2967,769.19415,-0.4447021484375,0.152587890625,0.87310791015625,2.61688232421875,-3.70849609375,0.291595458984375,0.0,4.0,4.0,4.0,4.0,100.0,event
10:33:58.842,0.0,0.0,0.0,0.0,0.0,0.0,0.0,0.0,0.0,0.0,0.0,0.0,0.0,0.0,0.0,0.0,0.0,0.0,0.0,0.0,835.6777,779.2674,788.5348,1064.5421,747.4359,-0.44598388671875,0.15777587890625,0.87628173828125,1.921539306640625,-4.388885498046875,0.725250244140625,0.0,4.0,4.0,4.0,4.0,100.0,event
10:33:58.843,0.0,0.0,0.0,0.0,0.0,0.0,0.0,0.0,0.0,0.0,0.0,0.0,0.0,0.0,0.0,0.0,0.0,0.0,0.0,0.0,879.59705,782.8938,791.75824,987.5824,852.1978,-0.44598388671875,0.15777587890625,0.87628173828125,1.921539306640625,-4.388885498046875,0.725250244140625,0.0,4.0,4.0,4.0,4.0,100.0,event
10:33:58.844,0.0,0.0,0.0,0.0,0.0,0.0,0.0,0.0,0.0,0.0,0.0,0.0,0.0,0.0,0.0,0.0,0.0,0.0,0.0,0.0,872.3443,783.69965,790.54944,850.58606,821.978,-0.44598388671875,0.15777587890625,0.87628173828125,1.921539306640625,-4.388885498046875,0.725250244140625,0.0,4.0,4.0,4.0,4.0,100.0,event
10:33:58.844,0.0,0.0,0.0,0.0,0.0,0.0,0.0,0.0,0.0,0.0,0.0,0.0,0.0,0.0,0.0,0.0,0.0,0.0,0.0,0.0,819.15753,780.87915,789.7436,926.7399,755.09155,-0.44598388671875,0.15777587890625,0.87628173828125,1.921539306640625,-4.388885498046875,0.725250244140625,0.0,4.0,4.0,4.0,4.0,100.0,event
10:33:58.845,0.0,0.0,0.0,0.0,0.0,0.0,0.0,0.0,0.0,0.0,0.0,0.0,0.0,0.0,0.0,0.0,0.0,0.0,0.0,0.0,800.2198,781.28204,792.1612,1087.1062,747.8388,-0.44598388671875,0.15777587890625,0.87628173828125,1.921539306640625,-4.388885498046875,0.725250244140625,0.0,4.0,4.0,4.0,4.0,100.0,event
10:33:58.846,0.0,0.0,0.0,0.0,0.0,0.0,0.0,0.0,0.0,0.0,0.0,0.0,0.0,0.0,0.0,0.0,0.0,0.0,0.0,0.0,832.4542,786.52014,792.1612,1153.5897,834.0659,-0.44598388671875,0.15777587890625,0.87628173828125,1.921539306640625,-4.388885498046875,0.725250244140625,0.0,4.0,4.0,4.0,4.0,100.0,event
10:33:58.846,0.0,0.0,0.0,0.0,0.0,0.0,0.0,0.0,0.0,0.0,0.0,0.0,0.0,0.0,0.0,0.0,0.0,0.0,0.0,0.0,872.74725,786.52014,788.5348,1044.3956,871.53845,-0.44598388671875,0.15777587890625,0.87628173828125,1.921539306640625,-4.388885498046875,0.725250244140625,0.0,4.0,4.0,4.0,4.0,100.0,event
10:33:58.847,0.0,0.0,0.0,0.0,0.0,0.0,0.0,0.0,0.0,0.0,0.0,0.0,0.0,0.0,0.0,0.0,0.0,0.0,0.0,0.0,869.92676,780.07324,783.2967,891.28204,828.8278,-0.44598388671875,0.15777587890625,0.87628173828125,1.921539306640625,-4.388885498046875,0.725250244140625,0.0,4.0,4.0,4.0,4.0,100.0,event
10:33:58.848,0.0,0.0,0.0,0.0,0.0,0.0,0.0,0.0,0.0,0.0,0.0,0.0,0.0,0.0,0.0,0.0,0.0,0.0,0.0,0.0,799.011,778.86444,796.1905,848.5714,868.315,-0.44598388671875,0.15777587890625,0.87628173828125,1.921539306640625,-4.388885498046875,0.725250244140625,0.0,4.0,4.0,4.0,4.0,100.0,event
10:33:58.848,0.0,0.0,0.0,0.0,0.0,0.0,0.0,0.0,0.0,0.0,0.0,0.0,0.0,0.0,0.0,0.0,0.0,0.0,0.0,0.0,819.15753,778.0586,787.72894,842.52747,826.4103,-0.44598388671875,0.15777587890625,0.87628173828125,1.921539306640625,-4.388885498046875,0.725250244140625,0.0,4.0,4.0,4.0,4.0,100.0,event
10:33:58.849,0.0,0.0,0.0,0.0,0.0,0.0,0.0,0.0,0.0,0.0,0.0,0.0,0.0,0.0,0.0,0.0,0.0,0.0,0.0,0.0,834.4689,778.46155,794.57874,876.3736,751.8681,-0.44598388671875,0.15777587890625,0.87628173828125,1.921539306640625,-4.388885498046875,0.725250244140625,0.0,4.0,4.0,4.0,4.0,100.0,event
10:33:58.849,0.0,0.0,0.0,0.0,0.0,0.0,0.0,0.0,0.0,0.0,0.0,0.0,0.0,0.0,0.0,0.0,0.0,0.0,0.0,0.0,873.1502,782.0879,792.1612,866.7033,699.0842,-0.44598388671875,0.15777587890625,0.87628173828125,1.921539306640625,-4.388885498046875,0.725250244140625,0.0,4.0,4.0,4.0,4.0,100.0,event
10:33:58.895,0.0,0.0,0.0,0.0,0.0,0.0,0.0,0.0,0.0,0.0,0.0,0.0,0.0,0.0,0.0,0.0,0.0,0.0,0.0,0.0,862.674,781.28204,796.1905,695.05493,867.9121,-0.44805908203125,0.1512451171875,0.8709716796875,1.637420654296875,-4.284210205078125,-0.261688232421875,0.0,4.0,4.0,4.0,4.0,100.0,event
10:33:58.896,0.0,0.0,0.0,0.0,0.0,0.0,0.0,0.0,0.0,0.0,0.0,0.0,0.0,0.0,0.0,0.0,0.0,0.0,0.0,0.0,820.3663,782.49084,799.011,485.93405,974.2857,-0.44805908203125,0.1512451171875,0.8709716796875,1.637420654296875,-4.284210205078125,-0.261688232421875,0.0,4.0,4.0,4.0,4.0,100.0,event
10:33:58.897,0.0,0.0,0.0,0.0,0.0,0.0,0.0,0.0,0.0,0.0,0.0,0.0,0.0,0.0,0.0,0.0,0.0,0.0,0.0,0.0,801.8315,782.49084,792.5641,420.2564,730.9158,-0.44805908203125,0.1512451171875,0.8709716796875,1.637420654296875,-4.284210205078125,-0.261688232421875,0.0,4.0,4.0,4.0,4.0,100.0,event
10:33:58.899,0.0,0.0,0.0,0.0,0.0,0.0,0.0,0.0,0.0,0.0,0.0,0.0,0.0,0.0,0.0,0.0,0.0,0.0,0.0,0.0,822.381,777.6557,786.1172,563.69965,682.96704,-0.44805908203125,0.1512451171875,0.8709716796875,1.637420654296875,-4.284210205078125,-0.261688232421875,0.0,4.0,4.0,4.0,4.0,100.0,event
10:33:58.903,0.0,0.0,0.0,0.0,0.0,0.0,0.0,0.0,0.0,0.0,0.0,0.0,0.0,0.0,0.0,0.0,0.0,0.0,0.0,0.0,867.1062,778.0586,786.9231,738.1685,761.9414,-0.44805908203125,0.1512451171875,0.8709716796875,1.637420654296875,-4.284210205078125,-0.261688232421875,0.0,4.0,4.0,4.0,4.0,100.0,event
10:33:58.904,0.0,0.0,0.0,0.0,0.0,0.0,0.0,0.0,0.0,0.0,0.0,0.0,0.0,0.0,0.0,0.0,0.0,0.0,0.0,0.0,879.59705,778.86444,793.36993,654.7619,832.0513,-0.44805908203125,0.1512451171875,0.8709716796875,1.637420654296875,-4.284210205078125,-0.261688232421875,0.0,4.0,4.0,4.0,4.0,100.0,event
10:33:58.904,0.0,0.0,0.0,0.0,0.0,0.0,0.0,0.0,0.0,0.0,0.0,0.0,0.0,0.0,0.0,0.0,0.0,0.0,0.0,0.0,830.4396,780.07324,792.1612,358.60806,833.2601,-0.44805908203125,0.1512451171875,0.8709716796875,1.637420654296875,-4.284210205078125,-0.261688232421875,0.0,4.0,4.0,4.0,4.0,100.0,event
10:33:58.905,0.0,0.0,0.0,0.0,0.0,0.0,0.0,0.0,0.0,0.0,0.0,0.0,0.0,0.0,0.0,0.0,0.0,0.0,0.0,0.0,798.60803,783.2967,789.34064,95.091576,652.3443,-0.44805908203125,0.1512451171875,0.8709716796875,1.637420654296875,-4.284210205078125,-0.261688232421875,0.0,4.0,4.0,4.0,4.0,100.0,event
10:33:58.906,0.0,0.0,0.0,0.0,0.0,0.0,0.0,0.0,0.0,0.0,0.0,0.0,0.0,0.0,0.0,0.0,0.0,0.0,0.0,0.0,861.06226,783.69965,790.14655,3.6263735,953.73627,-0.44805908203125,0.1512451171875,0.8709716796875,1.637420654296875,-4.284210205078125,-0.261688232421875,0.0,4.0,4.0,4.0,4.0,100.0,event
10:33:58.906,0.0,0.0,0.0,0.0,0.0,0.0,0.0,0.0,0.0,0.0,0.0,0.0,0.0,0.0,0.0,0.0,0.0,0.0,0.0,0.0,818.7546,782.0879,790.54944,6.849817,732.52747,-0.44805908203125,0.1512451171875,0.8709716796875,1.637420654296875,-4.284210205078125,-0.261688232421875,0.0,4.0,4.0,4.0,4.0,100.0,event
10:33:58.907,0.0,0.0,0.0,0.0,0.0,0.0,0.0,0.0,0.0,0.0,0.0,0.0,0.0,0.0,0.0,0.0,0.0,0.0,0.0,0.0,891.685,785.7143,789.34064,0.0,785.31134,-0.44805908203125,0.1512451171875,0.8709716796875,1.637420654296875,-4.284210205078125,-0.261688232421875,0.0,4.0,4.0,4.0,4.0,100.0,event
10:33:58.907,0.0,0.0,0.0,0.0,0.0,0.0,0.0,0.0,0.0,0.0,0.0,0.0,0.0,0.0,0.0,0.0,0.0,0.0,0.0,0.0,846.9597,787.72894,796.5934,0.0,660.0,-0.44805908203125,0.1512451171875,0.8709716796875,1.637420654296875,-4.284210205078125,-0.261688232421875,0.0,4.0,4.0,4.0,4.0,100.0,event
10:33:58.935,0.0,0.0,0.0,0.0,0.0,0.0,0.0,0.0,0.0,0.0,0.0,0.0,0.0,0.0,0.0,0.0,0.0,0.0,0.0,0.0,800.6227,786.52014,797.3993,3.2234433,697.0696,-0.44805908203125,0.1512451171875,0.8709716796875,1.637420654296875,-4.284210205078125,-0.261688232421875,0.0,4.0,4.0,4.0,4.0,100.0,event
10:33:58.938,0.0,0.0,0.0,0.0,0.0,0.0,0.0,0.0,0.0,0.0,0.0,0.0,0.0,0.0,0.0,0.0,0.0,0.0,0.0,0.0,817.1429,784.5055,792.1612,2.8205128,623.73627,-0.44805908203125,0.1512451171875,0.8709716796875,1.637420654296875,-4.284210205078125,-0.261688232421875,0.0,4.0,4.0,4.0,4.0,100.0,event
10:33:58.939,0.0,0.0,0.0,0.0,0.0,0.0,0.0,0.0,0.0,0.0,0.0,0.0,0.0,0.0,0.0,0.0,0.0,0.0,0.0,0.0,855.42126,781.685,792.96704,0.4029304,606.4103,-0.44805908203125,0.1512451171875,0.8709716796875,1.637420654296875,-4.284210205078125,-0.261688232421875,0.0,4.0,4.0,4.0,4.0,100.0,event
10:33:58.940,0.0,0.0,0.0,0.0,0.0,0.0,0.0,0.0,0.0,0.0,0.0,0.0,0.0,0.0,0.0,0.0,0.0,0.0,0.0,0.0,876.3736,781.28204,791.75824,193.80952,745.0183,-0.44805908203125,0.1512451171875,0.8709716796875,1.637420654296875,-4.284210205078125,-0.261688232421875,0.0,4.0,4.0,4.0,4.0,100.0,event
10:33:58.940,0.0,0.0,0.0,0.0,0.0,0.0,0.0,0.0,0.0,0.0,0.0,0.0,0.0,0.0,0.0,0.0,0.0,0.0,0.0,0.0,836.4835,783.69965,792.1612,466.1905,879.59705,-0.44805908203125,0.1512451171875,0.8709716796875,1.637420654296875,-4.284210205078125,-0.261688232421875,0.0,4.0,4.0,4.0,4.0,100.0,event
10:33:58.942,0.0,0.0,0.0,0.0,0.0,0.0,0.0,0.0,0.0,0.0,0.0,0.0,0.0,0.0,0.0,0.0,0.0,0.0,0.0,0.0,795.78754,782.8938,790.14655,648.71796,872.74725,-0.44805908203125,0.1512451171875,0.8709716796875,1.637420654296875,-4.284210205078125,-0.261688232421875,0.0,4.0,4.0,4.0,4.0,100.0,event
10:33:58.943,0.0,0.0,0.0,0.0,0.0,0.0,0.0,0.0,0.0,0.0,0.0,0.0,0.0,0.0,0.0,0.0,0.0,0.0,0.0,0.0,819.5604,782.0879,788.1319,820.7692,877.1795,-0.44805908203125,0.1512451171875,0.8709716796875,1.637420654296875,-4.284210205078125,-0.261688232421875,0.0,4.0,4.0,4.0,4.0,100.0,event
10:33:58.945,0.0,0.0,0.0,0.0,0.0,0.0,0.0,0.0,0.0,0.0,0.0,0.0,0.0,0.0,0.0,0.0,0.0,0.0,0.0,0.0,868.315,782.0879,783.69965,938.022,902.5641,-0.44805908203125,0.1512451171875,0.8709716796875,1.637420654296875,-4.284210205078125,-0.261688232421875,0.0,4.0,4.0,4.0,4.0,100.0,event
10:33:58.946,0.0,0.0,0.0,0.0,0.0,0.0,0.0,0.0,0.0,0.0,0.0,0.0,0.0,0.0,0.0,0.0,0.0,0.0,0.0,0.0,892.8938,783.69965,783.69965,1037.5458,1125.3846,-0.44805908203125,0.1512451171875,0.8709716796875,1.637420654296875,-4.284210205078125,-0.261688232421875,0.0,4.0,4.0,4.0,4.0,100.0,event
10:33:58.947,0.0,0.0,0.0,0.0,0.0,0.0,0.0,0.0,0.0,0.0,0.0,0.0,0.0,0.0,0.0,0.0,0.0,0.0,0.0,0.0,813.91943,784.90845,796.99634,996.8498,750.65936,-0.44805908203125,0.1512451171875,0.8709716796875,1.637420654296875,-4.284210205078125,-0.261688232421875,0.0,4.0,4.0,4.0,4.0,100.0,event
10:33:58.947,0.0,0.0,0.0,0.0,0.0,0.0,0.0,0.0,0.0,0.0,0.0,0.0,0.0,0.0,0.0,0.0,0.0,0.0,0.0,0.0,859.45056,785.7143,790.54944,1042.381,1029.0842,-0.44805908203125,0.1512451171875,0.8709716796875,1.637420654296875,-4.284210205078125,-0.261688232421875,0.0,4.0,4.0,4.0,4.0,100.0,event
10:33:58.948,0.0,0.0,0.0,0.0,0.0,0.0,0.0,0.0,0.0,0.0,0.0,0.0,0.0,0.0,0.0,0.0,0.0,0.0,0.0,0.0,812.71063,784.90845,802.23444,990.80585,772.8205,-0.44805908203125,0.1512451171875,0.8709716796875,1.637420654296875,-4.284210205078125,-0.261688232421875,0.0,4.0,4.0,4.0,4.0,100.0,event
10:33:58.977,0.0,0.0,0.0,0.0,0.0,0.0,0.0,0.0,0.0,0.0,0.0,0.0,0.0,0.0,0.0,0.0,0.0,0.0,0.0,0.0,856.2271,784.90845,798.60803,925.12823,785.7143,-0.444580078125,0.1531982421875,0.87567138671875,2.190704345703125,-4.02252197265625,-1.114044189453125,0.0,4.0,4.0,4.0,4.0,100.0,event
10:33:58.978,0.0,0.0,0.0,0.0,0.0,0.0,0.0,0.0,0.0,0.0,0.0,0.0,0.0,0.0,0.0,0.0,0.0,0.0,0.0,0.0,894.90845,783.2967,795.38464,889.67035,745.82416,-0.444580078125,0.1531982421875,0.87567138671875,2.190704345703125,-4.02252197265625,-1.114044189453125,0.0,4.0,4.0,4.0,4.0,100.0,event
10:33:58.978,0.0,0.0,0.0,0.0,0.0,0.0,0.0,0.0,0.0,0.0,0.0,0.0,0.0,0.0,0.0,0.0,0.0,0.0,0.0,0.0,861.8681,784.90845,795.78754,855.82416,757.1062,-0.444580078125,0.1531982421875,0.87567138671875,2.190704345703125,-4.02252197265625,-1.114044189453125,0.0,4.0,4.0,4.0,4.0,100.0,event
10:33:58.979,0.0,0.0,0.0,0.0,0.0,0.0,0.0,0.0,0.0,0.0,0.0,0.0,0.0,0.0,0.0,0.0,0.0,0.0,0.0,0.0,803.0403,784.90845,793.7729,729.707,787.326,-0.444580078125,0.1531982421875,0.87567138671875,2.190704345703125,-4.02252197265625,-1.114044189453125,0.0,4.0,4.0,4.0,4.0,100.0,event
10:33:58.980,0.0,0.0,0.0,0.0,0.0,0.0,0.0,0.0,0.0,0.0,0.0,0.0,0.0,0.0,0.0,0.0,0.0,0.0,0.0,0.0,801.4286,782.8938,792.5641,620.10986,693.0403,-0.444580078125,0.1531982421875,0.87567138671875,2.190704345703125,-4.02252197265625,-1.114044189453125,0.0,4.0,4.0,4.0,4.0,100.0,event
10:33:58.981,0.0,0.0,0.0,0.0,0.0,0.0,0.0,0.0,0.0,0.0,0.0,0.0,0.0,0.0,0.0,0.0,0.0,0.0,0.0,0.0,835.6777,781.685,790.14655,658.7912,764.7619,-0.444580078125,0.1531982421875,0.87567138671875,2.190704345703125,-4.02252197265625,-1.114044189453125,0.0,4.0,4.0,4.0,4.0,100.0,event
10:33:58.984,0.0,0.0,0.0,0.0,0.0,0.0,0.0,0.0,0.0,0.0,0.0,0.0,0.0,0.0,0.0,0.0,0.0,0.0,0.0,0.0,868.71796,780.07324,795.78754,793.7729,874.7619,-0.444580078125,0.1531982421875,0.87567138671875,2.190704345703125,-4.02252197265625,-1.114044189453125,0.0,4.0,4.0,4.0,4.0,100.0,event
10:33:58.985,0.0,0.0,0.0,0.0,0.0,0.0,0.0,0.0,0.0,0.0,0.0,0.0,0.0,0.0,0.0,0.0,0.0,0.0,0.0,0.0,798.60803,784.10254,791.75824,871.9414,1076.227,-0.444580078125,0.1531982421875,0.87567138671875,2.190704345703125,-4.02252197265625,-1.114044189453125,0.0,4.0,4.0,4.0,4.0,100.0,event
10:33:58.985,0.0,0.0,0.0,0.0,0.0,0.0,0.0,0.0,0.0,0.0,0.0,0.0,0.0,0.0,0.0,0.0,0.0,0.0,0.0,0.0,860.65936,782.0879,801.02563,870.32965,925.9341,-0.444580078125,0.1531982421875,0.87567138671875,2.190704345703125,-4.02252197265625,-1.114044189453125,0.0,4.0,4.0,4.0,4.0,100.0,event
10:33:58.986,0.0,0.0,0.0,0.0,0.0,0.0,0.0,0.0,0.0,0.0,0.0,0.0,0.0,0.0,0.0,0.0,0.0,0.0,0.0,0.0,787.326,780.87915,789.34064,939.2308,848.5714,-0.444580078125,0.1531982421875,0.87567138671875,2.190704345703125,-4.02252197265625,-1.114044189453125,0.0,4.0,4.0,4.0,4.0,100.0,event
10:33:58.987,0.0,0.0,0.0,0.0,0.0,0.0,0.0,0.0,0.0,0.0,0.0,0.0,0.0,0.0,0.0,0.0,0.0,0.0,0.0,0.0,836.4835,781.28204,790.9524,1082.674,663.6264,-0.444580078125,0.1531982421875,0.87567138671875,2.190704345703125,-4.02252197265625,-1.114044189453125,0.0,4.0,4.0,4.0,4.0,100.0,event
10:33:58.988,0.0,0.0,0.0,0.0,0.0,0.0,0.0,0.0,0.0,0.0,0.0,0.0,0.0,0.0,0.0,0.0,0.0,0.0,0.0,0.0,861.8681,783.2967,788.1319,1158.4249,801.02563,-0.444580078125,0.1531982421875,0.87567138671875,2.190704345703125,-4.02252197265625,-1.114044189453125,0.0,4.0,4.0,4.0,4.0,100.0,event
10:33:59.030,0.0,0.0,0.0,0.0,0.0,0.0,0.0,0.0,0.0,0.0,0.0,0.0,0.0,0.0,0.0,0.0,0.0,0.0,0.0,0.0,851.79486,780.87915,796.1905,1100.0,791.75824,-0.44207763671875,0.15179443359375,0.87335205078125,1.79443359375,-4.11224365234375,-0.276641845703125,0.0,4.0,4.0,4.0,4.0,100.0,event
10:33:59.031,0.0,0.0,0.0,0.0,0.0,0.0,0.0,0.0,0.0,0.0,0.0,0.0,0.0,0.0,0.0,0.0,0.0,0.0,0.0,0.0,815.12823,781.685,798.60803,1091.9414,671.685,-0.44207763671875,0.15179443359375,0.87335205078125,1.79443359375,-4.11224365234375,-0.276641845703125,0.0,4.0,4.0,4.0,4.0,100.0,event
10:33:59.032,0.0,0.0,0.0,0.0,0.0,0.0,0.0,0.0,0.0,0.0,0.0,0.0,0.0,0.0,0.0,0.0,0.0,0.0,0.0,0.0,797.8022,782.49084,795.38464,1144.7252,704.7253,-0.44207763671875,0.15179443359375,0.87335205078125,1.79443359375,-4.11224365234375,-0.276641845703125,0.0,4.0,4.0,4.0,4.0,100.0,event
10:33:59.034,0.0,0.0,0.0,0.0,0.0,0.0,0.0,0.0,0.0,0.0,0.0,0.0,0.0,0.0,0.0,0.0,0.0,0.0,0.0,0.0,823.5897,781.685,794.17584,1198.7179,759.92676,-0.44207763671875,0.15179443359375,0.87335205078125,1.79443359375,-4.11224365234375,-0.276641845703125,0.0,4.0,4.0,4.0,4.0,100.0,event
10:33:59.035,0.0,0.0,0.0,0.0,0.0,0.0,0.0,0.0,0.0,0.0,0.0,0.0,0.0,0.0,0.0,0.0,0.0,0.0,0.0,0.0,869.12085,777.6557,794.17584,1270.4396,794.17584,-0.44207763671875,0.15179443359375,0.87335205078125,1.79443359375,-4.11224365234375,-0.276641845703125,0.0,4.0,4.0,4.0,4.0,100.0,event
10:33:59.035,0.0,0.0,0.0,0.0,0.0,0.0,0.0,0.0,0.0,0.0,0.0,0.0,0.0,0.0,0.0,0.0,0.0,0.0,0.0,0.0,866.7033,778.0586,794.9817,1188.6447,837.28937,-0.44207763671875,0.15179443359375,0.87335205078125,1.79443359375,-4.11224365234375,-0.276641845703125,0.0,4.0,4.0,4.0,4.0,100.0,event
10:33:59.036,0.0,0.0,0.0,0.0,0.0,0.0,0.0,0.0,0.0,0.0,0.0,0.0,0.0,0.0,0.0,0.0,0.0,0.0,0.0,0.0,819.5604,783.69965,796.99634,1075.8242,833.2601,-0.44207763671875,0.15179443359375,0.87335205078125,1.79443359375,-4.11224365234375,-0.276641845703125,0.0,4.0,4.0,4.0,4.0,100.0,event
10:33:59.037,0.0,0.0,0.0,0.0,0.0,0.0,0.0,0.0,0.0,0.0,0.0,0.0,0.0,0.0,0.0,0.0,0.0,0.0,0.0,0.0,795.78754,783.2967,798.60803,1093.1501,1001.28204,-0.44207763671875,0.15179443359375,0.87335205078125,1.79443359375,-4.11224365234375,-0.276641845703125,0.0,4.0,4.0,4.0,4.0,100.0,event
10:33:59.037,0.0,0.0,0.0,0.0,0.0,0.0,0.0,0.0,0.0,0.0,0.0,0.0,0.0,0.0,0.0,0.0,0.0,0.0,0.0,0.0,821.978,781.28204,794.57874,1027.4725,892.8938,-0.44207763671875,0.15179443359375,0.87335205078125,1.79443359375,-4.11224365234375,-0.276641845703125,0.0,4.0,4.0,4.0,4.0,100.0,event
10:33:59.038,0.0,0.0,0.0,0.0,0.0,0.0,0.0,0.0,0.0,0.0,0.0,0.0,0.0,0.0,0.0,0.0,0.0,0.0,0.0,0.0,869.92676,781.685,792.1612,1142.3077,762.74725,-0.44207763671875,0.15179443359375,0.87335205078125,1.79443359375,-4.11224365234375,-0.276641845703125,0.0,4.0,4.0,4.0,4.0,100.0,event
10:33:59.039,0.0,0.0,0.0,0.0,0.0,0.0,0.0,0.0,0.0,0.0,0.0,0.0,0.0,0.0,0.0,0.0,0.0,0.0,0.0,0.0,823.5897,782.0879,798.20514,1131.0256,892.0879,-0.44207763671875,0.15179443359375,0.87335205078125,1.79443359375,-4.11224365234375,-0.276641845703125,0.0,4.0,4.0,4.0,4.0,100.0,event
10:33:59.039,0.0,0.0,0.0,0.0,0.0,0.0,0.0,0.0,0.0,0.0,0.0,0.0,0.0,0.0,0.0,0.0,0.0,0.0,0.0,0.0,875.16486,780.87915,796.5934,1267.2161,919.4872,-0.44207763671875,0.15179443359375,0.87335205078125,1.79443359375,-4.11224365234375,-0.276641845703125,0.0,4.0,4.0,4.0,4.0,100.0,event
10:33:59.064,0.0,0.0,0.0,0.0,0.0,0.0,0.0,0.0,0.0,0.0,0.0,0.0,0.0,0.0,0.0,0.0,0.0,0.0,0.0,0.0,801.8315,784.5055,799.011,1083.8828,726.8865,-0.4486083984375,0.146728515625,0.87255859375,1.891632080078125,-3.880462646484375,0.112152099609375,0.0,4.0,4.0,4.0,4.0,100.0,event
10:33:59.064,0.0,0.0,0.0,0.0,0.0,0.0,0.0,0.0,0.0,0.0,0.0,0.0,0.0,0.0,0.0,0.0,0.0,0.0,0.0,0.0,831.6484,780.87915,798.60803,1164.0659,686.1905,-0.4486083984375,0.146728515625,0.87255859375,1.891632080078125,-3.880462646484375,0.112152099609375,0.0,4.0,4.0,4.0,4.0,100.0,event
10:33:59.065,0.0,0.0,0.0,0.0,0.0,0.0,0.0,0.0,0.0,0.0,0.0,0.0,0.0,0.0,0.0,0.0,0.0,0.0,0.0,0.0,867.9121,776.8498,792.5641,1322.0146,739.3773,-0.4486083984375,0.146728515625,0.87255859375,1.891632080078125,-3.880462646484375,0.112152099609375,0.0,4.0,4.0,4.0,4.0,100.0,event
10:33:59.066,0.0,0.0,0.0,0.0,0.0,0.0,0.0,0.0,0.0,0.0,0.0,0.0,0.0,0.0,0.0,0.0,0.0,0.0,0.0,0.0,880.40295,778.86444,789.34064,1450.5494,750.65936,-0.4486083984375,0.146728515625,0.87255859375,1.891632080078125,-3.880462646484375,0.112152099609375,0.0,4.0,4.0,4.0,4.0,100.0,event
10:33:59.066,0.0,0.0,0.0,0.0,0.0,0.0,0.0,0.0,0.0,0.0,0.0,0.0,0.0,0.0,0.0,0.0,0.0,0.0,0.0,0.0,843.3333,784.10254,796.1905,1399.7803,703.1135,-0.4486083984375,0.146728515625,0.87255859375,1.891632080078125,-3.880462646484375,0.112152099609375,0.0,4.0,4.0,4.0,4.0,100.0,event
10:33:59.067,0.0,0.0,0.0,0.0,0.0,0.0,0.0,0.0,0.0,0.0,0.0,0.0,0.0,0.0,0.0,0.0,0.0,0.0,0.0,0.0,807.0696,784.10254,795.78754,1334.9084,767.98535,-0.4486083984375,0.146728515625,0.87255859375,1.891632080078125,-3.880462646484375,0.112152099609375,0.0,4.0,4.0,4.0,4.0,100.0,event
10:33:59.068,0.0,0.0,0.0,0.0,0.0,0.0,0.0,0.0,0.0,0.0,0.0,0.0,0.0,0.0,0.0,0.0,0.0,0.0,0.0,0.0,815.9341,779.2674,790.9524,1329.2675,929.15753,-0.4486083984375,0.146728515625,0.87255859375,1.891632080078125,-3.880462646484375,0.112152099609375,0.0,4.0,4.0,4.0,4.0,100.0,event
10:33:59.068,0.0,0.0,0.0,0.0,0.0,0.0,0.0,0.0,0.0,0.0,0.0,0.0,0.0,0.0,0.0,0.0,0.0,0.0,0.0,0.0,854.21246,777.6557,791.75824,1332.4908,1031.9048,-0.4486083984375,0.146728515625,0.87255859375,1.891632080078125,-3.880462646484375,0.112152099609375,0.0,4.0,4.0,4.0,4.0,100.0,event
10:33:59.072,0.0,0.0,0.0,0.0,0.0,0.0,0.0,0.0,0.0,0.0,0.0,0.0,0.0,0.0,0.0,0.0,0.0,0.0,0.0,0.0,886.8498,777.25275,794.17584,1238.2051,826.8132,-0.4486083984375,0.146728515625,0.87255859375,1.891632080078125,-3.880462646484375,0.112152099609375,0.0,4.0,4.0,4.0,4.0,100.0,event
10:33:59.072,0.0,0.0,0.0,0.0,0.0,0.0,0.0,0.0,0.0,0.0,0.0,0.0,0.0,0.0,0.0,0.0,0.0,0.0,0.0,0.0,857.03296,775.2381,796.1905,1073.0037,737.76556,-0.4486083984375,0.146728515625,0.87255859375,1.891632080078125,-3.880462646484375,0.112152099609375,0.0,4.0,4.0,4.0,4.0,100.0,event
10:33:59.073,0.0,0.0,0.0,0.0,0.0,0.0,0.0,0.0,0.0,0.0,0.0,0.0,0.0,0.0,0.0,0.0,0.0,0.0,0.0,0.0,817.9487,779.67035,796.1905,823.5897,688.60803,-0.4486083984375,0.146728515625,0.87255859375,1.891632080078125,-3.880462646484375,0.112152099609375,0.0,4.0,4.0,4.0,4.0,100.0,event
10:33:59.073,0.0,0.0,0.0,0.0,0.0,0.0,0.0,0.0,0.0,0.0,0.0,0.0,0.0,0.0,0.0,0.0,0.0,0.0,0.0,0.0,811.9048,777.25275,795.78754,921.9048,738.97437,-0.4486083984375,0.146728515625,0.87255859375,1.891632080078125,-3.880462646484375,0.112152099609375,0.0,4.0,4.0,4.0,4.0,100.0,event
10:33:59.143,0.0,0.0,0.0,0.0,0.0,0.0,0.0,0.0,0.0,0.0,0.0,0.0,0.0,0.0,0.0,0.0,0.0,0.0,0.0,0.0,861.4652,774.83514,793.36993,775.64105,666.4469,-0.4443359375,0.14581298828125,0.86993408203125,2.175750732421875,-4.05242919921875,-0.306549072265625,0.0,4.0,4.0,4.0,4.0,100.0,event
10:33:59.144,0.0,0.0,0.0,0.0,0.0,0.0,0.0,0.0,0.0,0.0,0.0,0.0,0.0,0.0,0.0,0.0,0.0,0.0,0.0,0.0,886.04395,773.22345,792.1612,691.02563,801.4286,-0.4443359375,0.14581298828125,0.86993408203125,2.175750732421875,-4.05242919921875,-0.306549072265625,0.0,4.0,4.0,4.0,4.0,100.0,event
10:33:59.145,0.0,0.0,0.0,0.0,0.0,0.0,0.0,0.0,0.0,0.0,0.0,0.0,0.0,0.0,0.0,0.0,0.0,0.0,0.0,0.0,846.1539,772.8205,794.17584,558.86444,938.4249,-0.4443359375,0.14581298828125,0.86993408203125,2.175750732421875,-4.05242919921875,-0.306549072265625,0.0,4.0,4.0,4.0,4.0,100.0,event
10:33:59.147,0.0,0.0,0.0,0.0,0.0,0.0,0.0,0.0,0.0,0.0,0.0,0.0,0.0,0.0,0.0,0.0,0.0,0.0,0.0,0.0,803.0403,773.22345,792.96704,539.12085,738.97437,-0.4443359375,0.14581298828125,0.86993408203125,2.175750732421875,-4.05242919921875,-0.306549072265625,0.0,4.0,4.0,4.0,4.0,100.0,event
10:33:59.148,0.0,0.0,0.0,0.0,0.0,0.0,0.0,0.0,0.0,0.0,0.0,0.0,0.0,0.0,0.0,0.0,0.0,0.0,0.0,0.0,813.1135,773.6264,794.17584,617.28937,589.0842,-0.4443359375,0.14581298828125,0.86993408203125,2.175750732421875,-4.05242919921875,-0.306549072265625,0.0,4.0,4.0,4.0,4.0,100.0,event
10:33:59.149,0.0,0.0,0.0,0.0,0.0,0.0,0.0,0.0,0.0,0.0,0.0,0.0,0.0,0.0,0.0,0.0,0.0,0.0,0.0,0.0,853.4066,777.25275,797.3993,659.19415,758.71796,-0.4443359375,0.14581298828125,0.86993408203125,2.175750732421875,-4.05242919921875,-0.306549072265625,0.0,4.0,4.0,4.0,4.0,100.0,event
10:33:59.150,0.0,0.0,0.0,0.0,0.0,0.0,0.0,0.0,0.0,0.0,0.0,0.0,0.0,0.0,0.0,0.0,0.0,0.0,0.0,0.0,880.0,780.07324,794.57874,591.0989,1085.8975,-0.4443359375,0.14581298828125,0.86993408203125,2.175750732421875,-4.05242919921875,-0.306549072265625,0.0,4.0,4.0,4.0,4.0,100.0,event
10:33:59.151,0.0,0.0,0.0,0.0,0.0,0.0,0.0,0.0,0.0,0.0,0.0,0.0,0.0,0.0,0.0,0.0,0.0,0.0,0.0,0.0,853.4066,779.67035,791.3553,448.86447,931.5751,-0.4443359375,0.14581298828125,0.86993408203125,2.175750732421875,-4.05242919921875,-0.306549072265625,0.0,4.0,4.0,4.0,4.0,100.0,event
10:33:59.152,0.0,0.0,0.0,0.0,0.0,0.0,0.0,0.0,0.0,0.0,0.0,0.0,0.0,0.0,0.0,0.0,0.0,0.0,0.0,0.0,807.47253,781.28204,795.38464,347.72894,668.0586,-0.4443359375,0.14581298828125,0.86993408203125,2.175750732421875,-4.05242919921875,-0.306549072265625,0.0,4.0,4.0,4.0,4.0,100.0,event
10:33:59.152,0.0,0.0,0.0,0.0,0.0,0.0,0.0,0.0,0.0,0.0,0.0,0.0,0.0,0.0,0.0,0.0,0.0,0.0,0.0,0.0,805.8608,778.0586,793.36993,293.33334,713.1868,-0.4443359375,0.14581298828125,0.86993408203125,2.175750732421875,-4.05242919921875,-0.306549072265625,0.0,4.0,4.0,4.0,4.0,100.0,event
10:33:59.153,0.0,0.0,0.0,0.0,0.0,0.0,0.0,0.0,0.0,0.0,0.0,0.0,0.0,0.0,0.0,0.0,0.0,0.0,0.0,0.0,881.2088,782.8938,793.7729,270.3663,830.4396,-0.4443359375,0.14581298828125,0.86993408203125,2.175750732421875,-4.05242919921875,-0.306549072265625,0.0,4.0,4.0,4.0,4.0,100.0,event
10:33:59.153,0.0,0.0,0.0,0.0,0.0,0.0,0.0,0.0,0.0,0.0,0.0,0.0,0.0,0.0,0.0,0.0,0.0,0.0,0.0,0.0,840.5128,778.0586,792.5641,261.0989,779.67035,-0.4443359375,0.14581298828125,0.86993408203125,2.175750732421875,-4.05242919921875,-0.306549072265625,0.0,4.0,4.0,4.0,4.0,100.0,event
10:33:59.195,0.0,0.0,0.0,0.0,0.0,0.0,0.0,0.0,0.0,0.0,0.0,0.0,0.0,0.0,0.0,0.0,0.0,0.0,0.0,0.0,859.0476,784.10254,792.96704,297.36264,774.43225,-0.4443359375,0.14581298828125,0.86993408203125,2.175750732421875,-4.05242919921875,-0.306549072265625,0.0,4.0,4.0,4.0,4.0,100.0,event
10:33:59.197,0.0,0.0,0.0,0.0,0.0,0.0,0.0,0.0,0.0,0.0,0.0,0.0,0.0,0.0,0.0,0.0,0.0,0.0,0.0,0.0,808.2784,780.87915,795.38464,229.67033,724.0659,-0.4443359375,0.14581298828125,0.86993408203125,2.175750732421875,-4.05242919921875,-0.306549072265625,0.0,4.0,4.0,4.0,4.0,100.0,event
10:33:59.199,0.0,0.0,0.0,0.0,0.0,0.0,0.0,0.0,0.0,0.0,0.0,0.0,0.0,0.0,0.0,0.0,0.0,0.0,0.0,0.0,799.81683,781.685,796.5934,148.68132,692.23444,-0.4443359375,0.14581298828125,0.86993408203125,2.175750732421875,-4.05242919921875,-0.306549072265625,0.0,4.0,4.0,4.0,4.0,100.0,event
10:33:59.200,0.0,0.0,0.0,0.0,0.0,0.0,0.0,0.0,0.0,0.0,0.0,0.0,0.0,0.0,0.0,0.0,0.0,0.0,0.0,0.0,828.4249,780.4762,792.5641,111.20879,667.6557,-0.4443359375,0.14581298828125,0.86993408203125,2.175750732421875,-4.05242919921875,-0.306549072265625,0.0,4.0,4.0,4.0,4.0,100.0,event
10:33:59.202,0.0,0.0,0.0,0.0,0.0,0.0,0.0,0.0,0.0,0.0,0.0,0.0,0.0,0.0,0.0,0.0,0.0,0.0,0.0,0.0,857.8388,777.25275,789.34064,138.60806,724.4689,-0.4443359375,0.14581298828125,0.86993408203125,2.175750732421875,-4.05242919921875,-0.306549072265625,0.0,4.0,4.0,4.0,4.0,100.0,event
10:33:59.203,0.0,0.0,0.0,0.0,0.0,0.0,0.0,0.0,0.0,0.0,0.0,0.0,0.0,0.0,0.0,0.0,0.0,0.0,0.0,0.0,844.1392,780.07324,790.9524,237.326,967.03296,-0.4443359375,0.14581298828125,0.86993408203125,2.175750732421875,-4.05242919921875,-0.306549072265625,0.0,4.0,4.0,4.0,4.0,100.0,event
10:33:59.203,0.0,0.0,0.0,0.0,0.0,0.0,0.0,0.0,0.0,0.0,0.0,0.0,0.0,0.0,0.0,0.0,0.0,0.0,0.0,0.0,792.96704,779.2674,791.3553,222.01465,1174.1392,-0.4443359375,0.14581298828125,0.86993408203125,2.175750732421875,-4.05242919921875,-0.306549072265625,0.0,4.0,4.0,4.0,4.0,100.0,event
10:33:59.204,0.0,0.0,0.0,0.0,0.0,0.0,0.0,0.0,0.0,0.0,0.0,0.0,0.0,0.0,0.0,0.0,0.0,0.0,0.0,0.0,778.0586,781.28204,792.5641,54.395603,855.0183,-0.4443359375,0.14581298828125,0.86993408203125,2.175750732421875,-4.05242919921875,-0.306549072265625,0.0,4.0,4.0,4.0,4.0,100.0,event
10:33:59.205,0.0,0.0,0.0,0.0,0.0,0.0,0.0,0.0,0.0,0.0,0.0,0.0,0.0,0.0,0.0,0.0,0.0,0.0,0.0,0.0,813.5165,780.87915,789.7436,0.0,664.83514,-0.4443359375,0.14581298828125,0.86993408203125,2.175750732421875,-4.05242919921875,-0.306549072265625,0.0,4.0,4.0,4.0,4.0,100.0,event
10:33:59.206,0.0,0.0,0.0,0.0,0.0,0.0,0.0,0.0,0.0,0.0,0.0,0.0,0.0,0.0,0.0,0.0,0.0,0.0,0.0,0.0,850.18317,781.28204,792.1612,6.0439563,834.4689,-0.4443359375,0.14581298828125,0.86993408203125,2.175750732421875,-4.05242919921875,-0.306549072265625,0.0,4.0,4.0,4.0,4.0,100.0,event
10:33:59.209,0.0,0.0,0.0,0.0,0.0,0.0,0.0,0.0,0.0,0.0,0.0,0.0,0.0,0.0,0.0,0.0,0.0,0.0,0.0,0.0,844.1392,784.5055,796.99634,0.0,830.84247,-0.4443359375,0.14581298828125,0.86993408203125,2.175750732421875,-4.05242919921875,-0.306549072265625,0.0,4.0,4.0,4.0,4.0,100.0,event
10:33:59.210,0.0,0.0,0.0,0.0,0.0,0.0,0.0,0.0,0.0,0.0,0.0,0.0,0.0,0.0,0.0,0.0,0.0,0.0,0.0,0.0,808.68134,784.90845,799.41394,0.0,705.9341,-0.4443359375,0.14581298828125,0.86993408203125,2.175750732421875,-4.05242919921875,-0.306549072265625,0.0,4.0,4.0,4.0,4.0,100.0,event
10:33:59.244,0.0,0.0,0.0,0.0,0.0,0.0,0.0,0.0,0.0,0.0,0.0,0.0,0.0,0.0,0.0,0.0,0.0,0.0,0.0,0.0,786.1172,784.10254,800.2198,1.6117216,675.31134,-0.44183349609375,0.14410400390625,0.8719482421875,2.684173583984375,-4.44122314453125,-0.9271240234375,0.0,4.0,4.0,4.0,4.0,100.0,event
10:33:59.245,0.0,0.0,0.0,0.0,0.0,0.0,0.0,0.0,0.0,0.0,0.0,0.0,0.0,0.0,0.0,0.0,0.0,0.0,0.0,0.0,807.8755,779.67035,798.60803,0.0,721.6484,-0.44183349609375,0.14410400390625,0.8719482421875,2.684173583984375,-4.44122314453125,-0.9271240234375,0.0,4.0,4.0,4.0,4.0,100.0,event
10:33:59.245,0.0,0.0,0.0,0.0,0.0,0.0,0.0,0.0,0.0,0.0,0.0,0.0,0.0,0.0,0.0,0.0,0.0,0.0,0.0,0.0,869.92676,779.2674,798.60803,5.6410255,712.381,-0.44183349609375,0.14410400390625,0.8719482421875,2.684173583984375,-4.44122314453125,-0.9271240234375,0.0,4.0,4.0,4.0,4.0,100.0,event
10:33:59.246,0.0,0.0,0.0,0.0,0.0,0.0,0.0,0.0,0.0,0.0,0.0,0.0,0.0,0.0,0.0,0.0,0.0,0.0,0.0,0.0,870.32965,782.49084,795.78754,59.6337,731.7216,-0.44183349609375,0.14410400390625,0.8719482421875,2.684173583984375,-4.44122314453125,-0.9271240234375,0.0,4.0,4.0,4.0,4.0,100.0,event
10:33:59.247,0.0,0.0,0.0,0.0,0.0,0.0,0.0,0.0,0.0,0.0,0.0,0.0,0.0,0.0,0.0,0.0,0.0,0.0,0.0,0.0,812.71063,783.2967,794.17584,77.36264,783.69965,-0.44183349609375,0.14410400390625,0.8719482421875,2.684173583984375,-4.44122314453125,-0.9271240234375,0.0,4.0,4.0,4.0,4.0,100.0,event
10:33:59.247,0.0,0.0,0.0,0.0,0.0,0.0,0.0,0.0,0.0,0.0,0.0,0.0,0.0,0.0,0.0,0.0,0.0,0.0,0.0,0.0,778.0586,782.0879,796.99634,108.388275,844.1392,-0.44183349609375,0.14410400390625,0.8719482421875,2.684173583984375,-4.44122314453125,-0.9271240234375,0.0,4.0,4.0,4.0,4.0,100.0,event
10:33:59.248,0.0,0.0,0.0,0.0,0.0,0.0,0.0,0.0,0.0,0.0,0.0,0.0,0.0,0.0,0.0,0.0,0.0,0.0,0.0,0.0,803.44324,778.46155,795.78754,261.50183,798.60803,-0.44183349609375,0.14410400390625,0.8719482421875,2.684173583984375,-4.44122314453125,-0.9271240234375,0.0,4.0,4.0,4.0,4.0,100.0,event
10:33:59.249,0.0,0.0,0.0,0.0,0.0,0.0,0.0,0.0,0.0,0.0,0.0,0.0,0.0,0.0,0.0,0.0,0.0,0.0,0.0,0.0,855.42126,778.86444,791.3553,544.35895,777.25275,-0.44183349609375,0.14410400390625,0.8719482421875,2.684173583984375,-4.44122314453125,-0.9271240234375,0.0,4.0,4.0,4.0,4.0,100.0,event
10:33:59.249,0.0,0.0,0.0,0.0,0.0,0.0,0.0,0.0,0.0,0.0,0.0,0.0,0.0,0.0,0.0,0.0,0.0,0.0,0.0,0.0,866.30035,781.685,791.3553,668.46155,835.6777,-0.44183349609375,0.14410400390625,0.8719482421875,2.684173583984375,-4.44122314453125,-0.9271240234375,0.0,4.0,4.0,4.0,4.0,100.0,event
10:33:59.250,0.0,0.0,0.0,0.0,0.0,0.0,0.0,0.0,0.0,0.0,0.0,0.0,0.0,0.0,0.0,0.0,0.0,0.0,0.0,0.0,819.15753,778.0586,792.1612,664.43225,1045.2014,-0.44183349609375,0.14410400390625,0.8719482421875,2.684173583984375,-4.44122314453125,-0.9271240234375,0.0,4.0,4.0,4.0,4.0,100.0,event
10:33:59.251,0.0,0.0,0.0,0.0,0.0,0.0,0.0,0.0,0.0,0.0,0.0,0.0,0.0,0.0,0.0,0.0,0.0,0.0,0.0,0.0,792.96704,773.22345,791.75824,699.0842,917.0696,-0.44183349609375,0.14410400390625,0.8719482421875,2.684173583984375,-4.44122314453125,-0.9271240234375,0.0,4.0,4.0,4.0,4.0,100.0,event
10:33:59.251,0.0,0.0,0.0,0.0,0.0,0.0,0.0,0.0,0.0,0.0,0.0,0.0,0.0,0.0,0.0,0.0,0.0,0.0,0.0,0.0,814.7253,777.25275,791.75824,806.26373,675.7143,-0.44183349609375,0.14410400390625,0.8719482421875,2.684173583984375,-4.44122314453125,-0.9271240234375,0.0,4.0,4.0,4.0,4.0,100.0,event
10:33:59.295,0.0,0.0,0.0,0.0,0.0,0.0,0.0,0.0,0.0,0.0,0.0,0.0,0.0,0.0,0.0,0.0,0.0,0.0,0.0,0.0,846.9597,776.8498,790.14655,954.94507,792.5641,-0.431396484375,0.15582275390625,0.87713623046875,2.504730224609375,-4.246826171875,1.33087158203125,0.0,4.0,4.0,4.0,4.0,100.0,event
10:33:59.296,0.0,0.0,0.0,0.0,0.0,0.0,0.0,0.0,0.0,0.0,0.0,0.0,0.0,0.0,0.0,0.0,0.0,0.0,0.0,0.0,869.92676,773.6264,787.326,1069.7803,889.2674,-0.431396484375,0.15582275390625,0.87713623046875,2.504730224609375,-4.246826171875,1.33087158203125,0.0,4.0,4.0,4.0,4.0,100.0,event
10:33:59.297,0.0,0.0,0.0,0.0,0.0,0.0,0.0,0.0,0.0,0.0,0.0,0.0,0.0,0.0,0.0,0.0,0.0,0.0,0.0,0.0,839.707,777.6557,790.14655,1061.3187,806.6667,-0.431396484375,0.15582275390625,0.87713623046875,2.504730224609375,-4.246826171875,1.33087158203125,0.0,4.0,4.0,4.0,4.0,100.0,event
10:33:59.299,0.0,0.0,0.0,0.0,0.0,0.0,0.0,0.0,0.0,0.0,0.0,0.0,0.0,0.0,0.0,0.0,0.0,0.0,0.0,0.0,803.0403,780.4762,793.7729,1025.0549,729.707,-0.431396484375,0.15582275390625,0.87713623046875,2.504730224609375,-4.246826171875,1.33087158203125,0.0,4.0,4.0,4.0,4.0,100.0,event
10:33:59.300,0.0,0.0,0.0,0.0,0.0,0.0,0.0,0.0,0.0,0.0,0.0,0.0,0.0,0.0,0.0,0.0,0.0,0.0,0.0,0.0,798.60803,782.49084,792.5641,1003.2967,797.3993,-0.431396484375,0.15582275390625,0.87713623046875,2.504730224609375,-4.246826171875,1.33087158203125,0.0,4.0,4.0,4.0,4.0,100.0,event
10:33:59.301,0.0,0.0,0.0,0.0,0.0,0.0,0.0,0.0,0.0,0.0,0.0,0.0,0.0,0.0,0.0,0.0,0.0,0.0,0.0,0.0,822.7839,780.87915,788.93774,898.1319,940.0366,-0.431396484375,0.15582275390625,0.87713623046875,2.504730224609375,-4.246826171875,1.33087158203125,0.0,4.0,4.0,4.0,4.0,100.0,event
10:33:59.302,0.0,0.0,0.0,0.0,0.0,0.0,0.0,0.0,0.0,0.0,0.0,0.0,0.0,0.0,0.0,0.0,0.0,0.0,0.0,0.0,844.94507,781.28204,786.9231,787.72894,985.9707,-0.431396484375,0.15582275390625,0.87713623046875,2.504730224609375,-4.246826171875,1.33087158203125,0.0,4.0,4.0,4.0,4.0,100.0,event
10:33:59.303,0.0,0.0,0.0,0.0,0.0,0.0,0.0,0.0,0.0,0.0,0.0,0.0,0.0,0.0,0.0,0.0,0.0,0.0,0.0,0.0,814.3223,784.5055,790.54944,504.06595,825.6044,-0.431396484375,0.15582275390625,0.87713623046875,2.504730224609375,-4.246826171875,1.33087158203125,0.0,4.0,4.0,4.0,4.0,100.0,event
10:33:59.304,0.0,0.0,0.0,0.0,0.0,0.0,0.0,0.0,0.0,0.0,0.0,0.0,0.0,0.0,0.0,0.0,0.0,0.0,0.0,0.0,766.77655,780.4762,792.5641,322.34433,808.68134,-0.431396484375,0.15582275390625,0.87713623046875,2.504730224609375,-4.246826171875,1.33087158203125,0.0,4.0,4.0,4.0,4.0,100.0,event
10:33:59.304,0.0,0.0,0.0,0.0,0.0,0.0,0.0,0.0,0.0,0.0,0.0,0.0,0.0,0.0,0.0,0.0,0.0,0.0,0.0,0.0,771.2088,777.25275,786.9231,413.4066,886.04395,-0.431396484375,0.15582275390625,0.87713623046875,2.504730224609375,-4.246826171875,1.33087158203125,0.0,4.0,4.0,4.0,4.0,100.0,event
10:33:59.305,0.0,0.0,0.0,0.0,0.0,0.0,0.0,0.0,0.0,0.0,0.0,0.0,0.0,0.0,0.0,0.0,0.0,0.0,0.0,0.0,816.337,776.4469,784.5055,556.4469,755.09155,-0.431396484375,0.15582275390625,0.87713623046875,2.504730224609375,-4.246826171875,1.33087158203125,0.0,4.0,4.0,4.0,4.0,100.0,event
10:33:59.306,0.0,0.0,0.0,0.0,0.0,0.0,0.0,0.0,0.0,0.0,0.0,0.0,0.0,0.0,0.0,0.0,0.0,0.0,0.0,0.0,848.97437,776.8498,789.7436,653.1502,858.6447,-0.431396484375,0.15582275390625,0.87713623046875,2.504730224609375,-4.246826171875,1.33087158203125,0.0,4.0,4.0,4.0,4.0,100.0,event
10:33:59.352,0.0,0.0,0.0,0.0,0.0,0.0,0.0,0.0,0.0,0.0,0.0,0.0,0.0,0.0,0.0,0.0,0.0,0.0,0.0,0.0,827.2161,778.86444,793.7729,518.97437,955.34796,-0.4405517578125,0.1502685546875,0.87432861328125,1.682281494140625,-3.805694580078125,2.400054931640625,0.0,4.0,4.0,4.0,4.0,100.0,event
10:33:59.353,0.0,0.0,0.0,0.0,0.0,0.0,0.0,0.0,0.0,0.0,0.0,0.0,0.0,0.0,0.0,0.0,0.0,0.0,0.0,0.0,781.28204,781.685,794.57874,311.4652,809.89014,-0.4405517578125,0.1502685546875,0.87432861328125,1.682281494140625,-3.805694580078125,2.400054931640625,0.0,4.0,4.0,4.0,4.0,100.0,event
10:33:59.355,0.0,0.0,0.0,0.0,0.0,0.0,0.0,0.0,0.0,0.0,0.0,0.0,0.0,0.0,0.0,0.0,0.0,0.0,0.0,0.0,785.7143,778.0586,795.38464,174.46887,657.5824,-0.4405517578125,0.1502685546875,0.87432861328125,1.682281494140625,-3.805694580078125,2.400054931640625,0.0,4.0,4.0,4.0,4.0,100.0,event
10:33:59.355,0.0,0.0,0.0,0.0,0.0,0.0,0.0,0.0,0.0,0.0,0.0,0.0,0.0,0.0,0.0,0.0,0.0,0.0,0.0,0.0,822.7839,775.64105,791.75824,240.14651,656.3736,-0.4405517578125,0.1502685546875,0.87432861328125,1.682281494140625,-3.805694580078125,2.400054931640625,0.0,4.0,4.0,4.0,4.0,100.0,event
10:33:59.356,0.0,0.0,0.0,0.0,0.0,0.0,0.0,0.0,0.0,0.0,0.0,0.0,0.0,0.0,0.0,0.0,0.0,0.0,0.0,0.0,853.4066,776.8498,786.52014,354.9817,730.9158,-0.4405517578125,0.1502685546875,0.87432861328125,1.682281494140625,-3.805694580078125,2.400054931640625,0.0,4.0,4.0,4.0,4.0,100.0,event
10:33:59.357,0.0,0.0,0.0,0.0,0.0,0.0,0.0,0.0,0.0,0.0,0.0,0.0,0.0,0.0,0.0,0.0,0.0,0.0,0.0,0.0,838.9011,780.07324,788.5348,432.34433,800.6227,-0.4405517578125,0.1502685546875,0.87432861328125,1.682281494140625,-3.805694580078125,2.400054931640625,0.0,4.0,4.0,4.0,4.0,100.0,event
10:33:59.357,0.0,0.0,0.0,0.0,0.0,0.0,0.0,0.0,0.0,0.0,0.0,0.0,0.0,0.0,0.0,0.0,0.0,0.0,0.0,0.0,788.93774,780.87915,792.96704,605.6044,755.89746,-0.4405517578125,0.1502685546875,0.87432861328125,1.682281494140625,-3.805694580078125,2.400054931640625,0.0,4.0,4.0,4.0,4.0,100.0,event
10:33:59.358,0.0,0.0,0.0,0.0,0.0,0.0,0.0,0.0,0.0,0.0,0.0,0.0,0.0,0.0,0.0,0.0,0.0,0.0,0.0,0.0,788.1319,778.0586,795.78754,812.71063,747.8388,-0.4405517578125,0.1502685546875,0.87432861328125,1.682281494140625,-3.805694580078125,2.400054931640625,0.0,4.0,4.0,4.0,4.0,100.0,event
10:33:59.359,0.0,0.0,0.0,0.0,0.0,0.0,0.0,0.0,0.0,0.0,0.0,0.0,0.0,0.0,0.0,0.0,0.0,0.0,0.0,0.0,828.022,780.07324,796.99634,1065.751,971.8681,-0.4405517578125,0.1502685546875,0.87432861328125,1.682281494140625,-3.805694580078125,2.400054931640625,0.0,4.0,4.0,4.0,4.0,100.0,event
10:33:59.359,0.0,0.0,0.0,0.0,0.0,0.0,0.0,0.0,0.0,0.0,0.0,0.0,0.0,0.0,0.0,0.0,0.0,0.0,0.0,0.0,861.06226,781.685,788.1319,1296.63,923.5165,-0.4405517578125,0.1502685546875,0.87432861328125,1.682281494140625,-3.805694580078125,2.400054931640625,0.0,4.0,4.0,4.0,4.0,100.0,event
10:33:59.360,0.0,0.0,0.0,0.0,0.0,0.0,0.0,0.0,0.0,0.0,0.0,0.0,0.0,0.0,0.0,0.0,0.0,0.0,0.0,0.0,848.5714,774.83514,786.9231,1391.7216,716.8132,-0.4405517578125,0.1502685546875,0.87432861328125,1.682281494140625,-3.805694580078125,2.400054931640625,0.0,4.0,4.0,4.0,4.0,100.0,event
10:33:59.361,0.0,0.0,0.0,0.0,0.0,0.0,0.0,0.0,0.0,0.0,0.0,0.0,0.0,0.0,0.0,0.0,0.0,0.0,0.0,0.0,795.78754,771.2088,794.17584,1388.9011,726.4835,-0.4405517578125,0.1502685546875,0.87432861328125,1.682281494140625,-3.805694580078125,2.400054931640625,0.0,4.0,4.0,4.0,4.0,100.0,event
10:33:59.362,0.0,0.0,0.0,0.0,0.0,0.0,0.0,0.0,0.0,0.0,0.0,0.0,0.0,0.0,0.0,0.0,0.0,0.0,0.0,0.0,782.8938,775.2381,793.36993,1305.0916,745.82416,-0.44586181640625,0.15057373046875,0.87786865234375,2.400054931640625,-3.641204833984375,1.18133544921875,0.0,4.0,4.0,4.0,4.0,100.0,event
10:33:59.362,0.0,0.0,0.0,0.0,0.0,0.0,0.0,0.0,0.0,0.0,0.0,0.0,0.0,0.0,0.0,0.0,0.0,0.0,0.0,0.0,821.5751,776.4469,791.75824,1197.1062,753.47986,-0.44586181640625,0.15057373046875,0.87786865234375,2.400054931640625,-3.641204833984375,1.18133544921875,0.0,4.0,4.0,4.0,4.0,100.0,event
10:33:59.363,0.0,0.0,0.0,0.0,0.0,0.0,0.0,0.0,0.0,0.0,0.0,0.0,0.0,0.0,0.0,0.0,0.0,0.0,0.0,0.0,861.4652,774.83514,791.75824,1239.011,820.3663,-0.44586181640625,0.15057373046875,0.87786865234375,2.400054931640625,-3.641204833984375,1.18133544921875,0.0,4.0,4.0,4.0,4.0,100.0,event
10:33:59.364,0.0,0.0,0.0,0.0,0.0,0.0,0.0,0.0,0.0,0.0,0.0,0.0,0.0,0.0,0.0,0.0,0.0,0.0,0.0,0.0,862.674,778.86444,799.41394,1354.652,880.0,-0.44586181640625,0.15057373046875,0.87786865234375,2.400054931640625,-3.641204833984375,1.18133544921875,0.0,4.0,4.0,4.0,4.0,100.0,event
10:33:59.365,0.0,0.0,0.0,0.0,0.0,0.0,0.0,0.0,0.0,0.0,0.0,0.0,0.0,0.0,0.0,0.0,0.0,0.0,0.0,0.0,816.337,782.49084,802.6374,1359.0842,940.0366,-0.44586181640625,0.15057373046875,0.87786865234375,2.400054931640625,-3.641204833984375,1.18133544921875,0.0,4.0,4.0,4.0,4.0,100.0,event
10:33:59.366,0.0,0.0,0.0,0.0,0.0,0.0,0.0,0.0,0.0,0.0,0.0,0.0,0.0,0.0,0.0,0.0,0.0,0.0,0.0,0.0,787.326,782.49084,797.8022,1415.4945,906.5934,-0.44586181640625,0.15057373046875,0.87786865234375,2.400054931640625,-3.641204833984375,1.18133544921875,0.0,4.0,4.0,4.0,4.0,100.0,event
10:33:59.367,0.0,0.0,0.0,0.0,0.0,0.0,0.0,0.0,0.0,0.0,0.0,0.0,0.0,0.0,0.0,0.0,0.0,0.0,0.0,0.0,813.1135,784.10254,797.3993,1571.4286,821.978,-0.44586181640625,0.15057373046875,0.87786865234375,2.400054931640625,-3.641204833984375,1.18133544921875,0.0,4.0,4.0,4.0,4.0,100.0,event
10:33:59.368,0.0,0.0,0.0,0.0,0.0,0.0,0.0,0.0,0.0,0.0,0.0,0.0,0.0,0.0,0.0,0.0,0.0,0.0,0.0,0.0,853.8095,786.1172,797.8022,1622.1978,938.022,-0.44586181640625,0.15057373046875,0.87786865234375,2.400054931640625,-3.641204833984375,1.18133544921875,0.0,4.0,4.0,4.0,4.0,100.0,event
10:33:59.369,0.0,0.0,0.0,0.0,0.0,0.0,0.0,0.0,0.0,0.0,0.0,0.0,0.0,0.0,0.0,0.0,0.0,0.0,0.0,0.0,853.00366,784.90845,799.81683,1630.6593,1126.1904,-0.44586181640625,0.15057373046875,0.87786865234375,2.400054931640625,-3.641204833984375,1.18133544921875,0.0,4.0,4.0,4.0,4.0,100.0,event
10:33:59.369,0.0,0.0,0.0,0.0,0.0,0.0,0.0,0.0,0.0,0.0,0.0,0.0,0.0,0.0,0.0,0.0,0.0,0.0,0.0,0.0,815.12823,784.5055,801.8315,1606.0806,889.2674,-0.44586181640625,0.15057373046875,0.87786865234375,2.400054931640625,-3.641204833984375,1.18133544921875,0.0,4.0,4.0,4.0,4.0,100.0,event
10:33:59.370,0.0,0.0,0.0,0.0,0.0,0.0,0.0,0.0,0.0,0.0,0.0,0.0,0.0,0.0,0.0,0.0,0.0,0.0,0.0,0.0,790.54944,785.7143,801.02563,1460.6227,716.0073,-0.44586181640625,0.15057373046875,0.87786865234375,2.400054931640625,-3.641204833984375,1.18133544921875,0.0,4.0,4.0,4.0,4.0,100.0,event
10:33:59.371,0.0,0.0,0.0,0.0,0.0,0.0,0.0,0.0,0.0,0.0,0.0,0.0,0.0,0.0,0.0,0.0,0.0,0.0,0.0,0.0,815.9341,783.2967,799.011,1388.0952,755.09155,-0.44586181640625,0.15057373046875,0.87786865234375,2.400054931640625,-3.641204833984375,1.18133544921875,0.0,4.0,4.0,4.0,4.0,100.0,event
10:33:59.395,0.0,0.0,0.0,0.0,0.0,0.0,0.0,0.0,0.0,0.0,0.0,0.0,0.0,0.0,0.0,0.0,0.0,0.0,0.0,0.0,855.0183,782.49084,794.57874,1417.5092,753.8828,-0.44586181640625,0.15057373046875,0.87786865234375,2.400054931640625,-3.641204833984375,1.18133544921875,0.0,4.0,4.0,4.0,4.0,100.0,event
10:33:59.396,0.0,0.0,0.0,0.0,0.0,0.0,0.0,0.0,0.0,0.0,0.0,0.0,0.0,0.0,0.0,0.0,0.0,0.0,0.0,0.0,867.1062,777.6557,792.1612,1419.5238,749.85345,-0.44586181640625,0.15057373046875,0.87786865234375,2.400054931640625,-3.641204833984375,1.18133544921875,0.0,4.0,4.0,4.0,4.0,100.0,event
10:33:59.401,0.0,0.0,0.0,0.0,0.0,0.0,0.0,0.0,0.0,0.0,0.0,0.0,0.0,0.0,0.0,0.0,0.0,0.0,0.0,0.0,817.9487,775.64105,796.99634,1337.7289,757.1062,-0.44586181640625,0.15057373046875,0.87786865234375,2.400054931640625,-3.641204833984375,1.18133544921875,0.0,4.0,4.0,4.0,4.0,100.0,event
10:33:59.402,0.0,0.0,0.0,0.0,0.0,0.0,0.0,0.0,0.0,0.0,0.0,0.0,0.0,0.0,0.0,0.0,0.0,0.0,0.0,0.0,811.50183,781.28204,794.57874,1346.5934,738.5714,-0.44586181640625,0.15057373046875,0.87786865234375,2.400054931640625,-3.641204833984375,1.18133544921875,0.0,4.0,4.0,4.0,4.0,100.0,event
10:33:59.402,0.0,0.0,0.0,0.0,0.0,0.0,0.0,0.0,0.0,0.0,0.0,0.0,0.0,0.0,0.0,0.0,0.0,0.0,0.0,0.0,778.46155,780.07324,796.5934,1281.3187,746.2271,-0.44586181640625,0.15057373046875,0.87786865234375,2.400054931640625,-3.641204833984375,1.18133544921875,0.0,4.0,4.0,4.0,4.0,100.0,event
10:33:59.403,0.0,0.0,0.0,0.0,0.0,0.0,0.0,0.0,0.0,0.0,0.0,0.0,0.0,0.0,0.0,0.0,0.0,0.0,0.0,0.0,846.55676,780.87915,792.1612,1373.9927,839.707,-0.44586181640625,0.15057373046875,0.87786865234375,2.400054931640625,-3.641204833984375,1.18133544921875,0.0,4.0,4.0,4.0,4.0,100.0,event
10:33:59.404,0.0,0.0,0.0,0.0,0.0,0.0,0.0,0.0,0.0,0.0,0.0,0.0,0.0,0.0,0.0,0.0,0.0,0.0,0.0,0.0,855.0183,781.28204,790.14655,1346.9963,987.1795,-0.44586181640625,0.15057373046875,0.87786865234375,2.400054931640625,-3.641204833984375,1.18133544921875,0.0,4.0,4.0,4.0,4.0,100.0,event
10:33:59.404,0.0,0.0,0.0,0.0,0.0,0.0,0.0,0.0,0.0,0.0,0.0,0.0,0.0,0.0,0.0,0.0,0.0,0.0,0.0,0.0,816.337,782.0879,795.78754,1263.1868,1162.4542,-0.44586181640625,0.15057373046875,0.87786865234375,2.400054931640625,-3.641204833984375,1.18133544921875,0.0,4.0,4.0,4.0,4.0,100.0,event
10:33:59.405,0.0,0.0,0.0,0.0,0.0,0.0,0.0,0.0,0.0,0.0,0.0,0.0,0.0,0.0,0.0,0.0,0.0,0.0,0.0,0.0,779.2674,780.87915,800.6227,1114.5055,1016.1905,-0.44586181640625,0.15057373046875,0.87786865234375,2.400054931640625,-3.641204833984375,1.18133544921875,0.0,4.0,4.0,4.0,4.0,100.0,event
10:33:59.405,0.0,0.0,0.0,0.0,0.0,0.0,0.0,0.0,0.0,0.0,0.0,0.0,0.0,0.0,0.0,0.0,0.0,0.0,0.0,0.0,798.60803,773.6264,797.8022,1086.3004,723.2601,-0.44586181640625,0.15057373046875,0.87786865234375,2.400054931640625,-3.641204833984375,1.18133544921875,0.0,4.0,4.0,4.0,4.0,100.0,event
10:33:59.406,0.0,0.0,0.0,0.0,0.0,0.0,0.0,0.0,0.0,0.0,0.0,0.0,0.0,0.0,0.0,0.0,0.0,0.0,0.0,0.0,843.73627,773.22345,794.57874,1169.7069,701.9048,-0.44586181640625,0.15057373046875,0.87786865234375,2.400054931640625,-3.641204833984375,1.18133544921875,0.0,4.0,4.0,4.0,4.0,100.0,event
10:33:59.407,0.0,0.0,0.0,0.0,0.0,0.0,0.0,0.0,0.0,0.0,0.0,0.0,0.0,0.0,0.0,0.0,0.0,0.0,0.0,0.0,864.2857,776.4469,792.96704,1217.6556,756.7033,-0.44586181640625,0.15057373046875,0.87786865234375,2.400054931640625,-3.641204833984375,1.18133544921875,0.0,4.0,4.0,4.0,4.0,100.0,event
10:33:59.447,0.0,0.0,0.0,0.0,0.0,0.0,0.0,0.0,0.0,0.0,0.0,0.0,0.0,0.0,0.0,0.0,0.0,0.0,0.0,0.0,822.7839,778.46155,793.7729,1130.2197,765.16486,-0.43768310546875,0.15155029296875,0.87493896484375,2.13836669921875,-3.3795166015625,-0.186920166015625,0.0,4.0,4.0,4.0,4.0,100.0,event
10:33:59.448,0.0,0.0,0.0,0.0,0.0,0.0,0.0,0.0,0.0,0.0,0.0,0.0,0.0,0.0,0.0,0.0,0.0,0.0,0.0,0.0,783.2967,776.8498,793.36993,958.5714,733.3333,-0.43768310546875,0.15155029296875,0.87493896484375,2.13836669921875,-3.3795166015625,-0.186920166015625,0.0,4.0,4.0,4.0,4.0,100.0,event
10:33:59.449,0.0,0.0,0.0,0.0,0.0,0.0,0.0,0.0,0.0,0.0,0.0,0.0,0.0,0.0,0.0,0.0,0.0,0.0,0.0,0.0,794.17584,774.83514,793.36993,917.8755,737.76556,-0.43768310546875,0.15155029296875,0.87493896484375,2.13836669921875,-3.3795166015625,-0.186920166015625,0.0,4.0,4.0,4.0,4.0,100.0,event
10:33:59.450,0.0,0.0,0.0,0.0,0.0,0.0,0.0,0.0,0.0,0.0,0.0,0.0,0.0,0.0,0.0,0.0,0.0,0.0,0.0,0.0,834.4689,774.83514,791.75824,989.59705,734.5421,-0.43768310546875,0.15155029296875,0.87493896484375,2.13836669921875,-3.3795166015625,-0.186920166015625,0.0,4.0,4.0,4.0,4.0,100.0,event
10:33:59.451,0.0,0.0,0.0,0.0,0.0,0.0,0.0,0.0,0.0,0.0,0.0,0.0,0.0,0.0,0.0,0.0,0.0,0.0,0.0,0.0,864.2857,772.01465,790.54944,986.77655,734.94507,-0.43768310546875,0.15155029296875,0.87493896484375,2.13836669921875,-3.3795166015625,-0.186920166015625,0.0,4.0,4.0,4.0,4.0,100.0,event
10:33:59.454,0.0,0.0,0.0,0.0,0.0,0.0,0.0,0.0,0.0,0.0,0.0,0.0,0.0,0.0,0.0,0.0,0.0,0.0,0.0,0.0,837.28937,774.43225,790.14655,924.3223,751.8681,-0.43768310546875,0.15155029296875,0.87493896484375,2.13836669921875,-3.3795166015625,-0.186920166015625,0.0,4.0,4.0,4.0,4.0,100.0,event
10:33:59.455,0.0,0.0,0.0,0.0,0.0,0.0,0.0,0.0,0.0,0.0,0.0,0.0,0.0,0.0,0.0,0.0,0.0,0.0,0.0,0.0,781.685,775.64105,792.5641,925.9341,885.2381,-0.43768310546875,0.15155029296875,0.87493896484375,2.13836669921875,-3.3795166015625,-0.186920166015625,0.0,4.0,4.0,4.0,4.0,100.0,event
10:33:59.456,0.0,0.0,0.0,0.0,0.0,0.0,0.0,0.0,0.0,0.0,0.0,0.0,0.0,0.0,0.0,0.0,0.0,0.0,0.0,0.0,782.0879,776.8498,791.3553,967.03296,1000.87915,-0.43768310546875,0.15155029296875,0.87493896484375,2.13836669921875,-3.3795166015625,-0.186920166015625,0.0,4.0,4.0,4.0,4.0,100.0,event
10:33:59.457,0.0,0.0,0.0,0.0,0.0,0.0,0.0,0.0,0.0,0.0,0.0,0.0,0.0,0.0,0.0,0.0,0.0,0.0,0.0,0.0,829.6337,776.04395,784.5055,969.85345,851.79486,-0.43768310546875,0.15155029296875,0.87493896484375,2.13836669921875,-3.3795166015625,-0.186920166015625,0.0,4.0,4.0,4.0,4.0,100.0,event
10:33:59.459,0.0,0.0,0.0,0.0,0.0,0.0,0.0,0.0,0.0,0.0,0.0,0.0,0.0,0.0,0.0,0.0,0.0,0.0,0.0,0.0,855.82416,773.6264,784.90845,961.39197,714.3956,-0.43768310546875,0.15155029296875,0.87493896484375,2.13836669921875,-3.3795166015625,-0.186920166015625,0.0,4.0,4.0,4.0,4.0,100.0,event
10:33:59.460,0.0,0.0,0.0,0.0,0.0,0.0,0.0,0.0,0.0,0.0,0.0,0.0,0.0,0.0,0.0,0.0,0.0,0.0,0.0,0.0,827.2161,773.22345,788.93774,921.0989,807.8755,-0.43768310546875,0.15155029296875,0.87493896484375,2.13836669921875,-3.3795166015625,-0.186920166015625,0.0,4.0,4.0,4.0,4.0,100.0,event
10:33:59.461,0.0,0.0,0.0,0.0,0.0,0.0,0.0,0.0,0.0,0.0,0.0,0.0,0.0,0.0,0.0,0.0,0.0,0.0,0.0,0.0,790.14655,776.04395,795.38464,787.326,717.619,-0.43768310546875,0.15155029296875,0.87493896484375,2.13836669921875,-3.3795166015625,-0.186920166015625,0.0,4.0,4.0,4.0,4.0,100.0,event
10:33:59.495,0.0,0.0,0.0,0.0,0.0,0.0,0.0,0.0,0.0,0.0,0.0,0.0,0.0,0.0,0.0,0.0,0.0,0.0,0.0,0.0,787.326,776.8498,797.8022,511.3187,536.7033,-0.44573974609375,0.1497802734375,0.8763427734375,1.6448974609375,-3.2598876953125,0.35888671875,0.0,4.0,4.0,4.0,4.0,100.0,event
10:33:59.496,0.0,0.0,0.0,0.0,0.0,0.0,0.0,0.0,0.0,0.0,0.0,0.0,0.0,0.0,0.0,0.0,0.0,0.0,0.0,0.0,820.3663,777.25275,794.57874,410.989,615.6777,-0.44573974609375,0.1497802734375,0.8763427734375,1.6448974609375,-3.2598876953125,0.35888671875,0.0,4.0,4.0,4.0,4.0,100.0,event
10:33:59.497,0.0,0.0,0.0,0.0,0.0,0.0,0.0,0.0,0.0,0.0,0.0,0.0,0.0,0.0,0.0,0.0,0.0,0.0,0.0,0.0,852.6007,775.2381,789.34064,405.348,699.0842,-0.44573974609375,0.1497802734375,0.8763427734375,1.6448974609375,-3.2598876953125,0.35888671875,0.0,4.0,4.0,4.0,4.0,100.0,event
10:33:59.499,0.0,0.0,0.0,0.0,0.0,0.0,0.0,0.0,0.0,0.0,0.0,0.0,0.0,0.0,0.0,0.0,0.0,0.0,0.0,0.0,840.5128,776.04395,788.1319,355.78754,662.01465,-0.44573974609375,0.1497802734375,0.8763427734375,1.6448974609375,-3.2598876953125,0.35888671875,0.0,4.0,4.0,4.0,4.0,100.0,event
10:33:59.503,0.0,0.0,0.0,0.0,0.0,0.0,0.0,0.0,0.0,0.0,0.0,0.0,0.0,0.0,0.0,0.0,0.0,0.0,0.0,0.0,778.86444,780.07324,790.54944,212.74725,738.97437,-0.44573974609375,0.1497802734375,0.8763427734375,1.6448974609375,-3.2598876953125,0.35888671875,0.0,4.0,4.0,4.0,4.0,100.0,event
10:33:59.503,0.0,0.0,0.0,0.0,0.0,0.0,0.0,0.0,0.0,0.0,0.0,0.0,0.0,0.0,0.0,0.0,0.0,0.0,0.0,0.0,799.011,778.86444,790.54944,280.8425,599.9634,-0.44573974609375,0.1497802734375,0.8763427734375,1.6448974609375,-3.2598876953125,0.35888671875,0.0,4.0,4.0,4.0,4.0,100.0,event
10:33:59.504,0.0,0.0,0.0,0.0,0.0,0.0,0.0,0.0,0.0,0.0,0.0,0.0,0.0,0.0,0.0,0.0,0.0,0.0,0.0,0.0,813.1135,779.67035,792.1612,234.10257,1019.41394,-0.44573974609375,0.1497802734375,0.8763427734375,1.6448974609375,-3.2598876953125,0.35888671875,0.0,4.0,4.0,4.0,4.0,100.0,event
10:33:59.504,0.0,0.0,0.0,0.0,0.0,0.0,0.0,0.0,0.0,0.0,0.0,0.0,0.0,0.0,0.0,0.0,0.0,0.0,0.0,0.0,862.674,778.0586,792.5641,265.1282,894.10254,-0.44573974609375,0.1497802734375,0.8763427734375,1.6448974609375,-3.2598876953125,0.35888671875,0.0,4.0,4.0,4.0,4.0,100.0,event
10:33:59.504,0.0,0.0,0.0,0.0,0.0,0.0,0.0,0.0,0.0,0.0,0.0,0.0,0.0,0.0,0.0,0.0,0.0,0.0,0.0,0.0,861.8681,774.83514,793.36993,234.90843,688.20514,-0.44573974609375,0.1497802734375,0.8763427734375,1.6448974609375,-3.2598876953125,0.35888671875,0.0,4.0,4.0,4.0,4.0,100.0,event
10:33:59.505,0.0,0.0,0.0,0.0,0.0,0.0,0.0,0.0,0.0,0.0,0.0,0.0,0.0,0.0,0.0,0.0,0.0,0.0,0.0,0.0,813.1135,773.22345,792.1612,220.40292,753.47986,-0.44573974609375,0.1497802734375,0.8763427734375,1.6448974609375,-3.2598876953125,0.35888671875,0.0,4.0,4.0,4.0,4.0,100.0,event
10:33:59.505,0.0,0.0,0.0,0.0,0.0,0.0,0.0,0.0,0.0,0.0,0.0,0.0,0.0,0.0,0.0,0.0,0.0,0.0,0.0,0.0,784.5055,771.6117,791.3553,204.68864,794.57874,-0.44573974609375,0.1497802734375,0.8763427734375,1.6448974609375,-3.2598876953125,0.35888671875,0.0,4.0,4.0,4.0,4.0,100.0,event
10:33:59.506,0.0,0.0,0.0,0.0,0.0,0.0,0.0,0.0,0.0,0.0,0.0,0.0,0.0,0.0,0.0,0.0,0.0,0.0,0.0,0.0,813.91943,773.6264,794.57874,280.8425,759.5238,-0.44573974609375,0.1497802734375,0.8763427734375,1.6448974609375,-3.2598876953125,0.35888671875,0.0,4.0,4.0,4.0,4.0,100.0,event
10:33:59.547,0.0,0.0,0.0,0.0,0.0,0.0,0.0,0.0,0.0,0.0,0.0,0.0,0.0,0.0,0.0,0.0,0.0,0.0,0.0,0.0,865.4945,780.07324,790.14655,454.90842,761.53845,-0.4451904296875,0.15087890625,0.8717041015625,1.757049560546875,-3.36456298828125,0.471038818359375,0.0,4.0,4.0,4.0,4.0,100.0,event
10:33:59.549,0.0,0.0,0.0,0.0,0.0,0.0,0.0,0.0,0.0,0.0,0.0,0.0,0.0,0.0,0.0,0.0,0.0,0.0,0.0,0.0,867.1062,778.46155,788.5348,531.06226,839.707,-0.4451904296875,0.15087890625,0.8717041015625,1.757049560546875,-3.36456298828125,0.471038818359375,0.0,4.0,4.0,4.0,4.0,100.0,event
10:33:59.550,0.0,0.0,0.0,0.0,0.0,0.0,0.0,0.0,0.0,0.0,0.0,0.0,0.0,0.0,0.0,0.0,0.0,0.0,0.0,0.0,811.0989,777.6557,796.1905,576.5934,787.72894,-0.4451904296875,0.15087890625,0.8717041015625,1.757049560546875,-3.36456298828125,0.471038818359375,0.0,4.0,4.0,4.0,4.0,100.0,event
10:33:59.550,0.0,0.0,0.0,0.0,0.0,0.0,0.0,0.0,0.0,0.0,0.0,0.0,0.0,0.0,0.0,0.0,0.0,0.0,0.0,0.0,784.10254,777.6557,793.7729,667.25275,662.8205,-0.4451904296875,0.15087890625,0.8717041015625,1.757049560546875,-3.36456298828125,0.471038818359375,0.0,4.0,4.0,4.0,4.0,100.0,event
10:33:59.551,0.0,0.0,0.0,0.0,0.0,0.0,0.0,0.0,0.0,0.0,0.0,0.0,0.0,0.0,0.0,0.0,0.0,0.0,0.0,0.0,808.68134,774.83514,790.14655,713.1868,629.3773,-0.4451904296875,0.15087890625,0.8717041015625,1.757049560546875,-3.36456298828125,0.471038818359375,0.0,4.0,4.0,4.0,4.0,100.0,event
10:33:59.552,0.0,0.0,0.0,0.0,0.0,0.0,0.0,0.0,0.0,0.0,0.0,0.0,0.0,0.0,0.0,0.0,0.0,0.0,0.0,0.0,877.98535,779.2674,791.3553,672.0879,1080.6593,-0.4451904296875,0.15087890625,0.8717041015625,1.757049560546875,-3.36456298828125,0.471038818359375,0.0,4.0,4.0,4.0,4.0,100.0,event
10:33:59.552,0.0,0.0,0.0,0.0,0.0,0.0,0.0,0.0,0.0,0.0,0.0,0.0,0.0,0.0,0.0,0.0,0.0,0.0,0.0,0.0,857.03296,777.25275,793.7729,678.1319,820.3663,-0.4451904296875,0.15087890625,0.8717041015625,1.757049560546875,-3.36456298828125,0.471038818359375,0.0,4.0,4.0,4.0,4.0,100.0,event
10:33:59.553,0.0,0.0,0.0,0.0,0.0,0.0,0.0,0.0,0.0,0.0,0.0,0.0,0.0,0.0,0.0,0.0,0.0,0.0,0.0,0.0,830.0366,778.86444,792.96704,674.90845,871.9414,-0.4451904296875,0.15087890625,0.8717041015625,1.757049560546875,-3.36456298828125,0.471038818359375,0.0,4.0,4.0,4.0,4.0,100.0,event
10:33:59.554,0.0,0.0,0.0,0.0,0.0,0.0,0.0,0.0,0.0,0.0,0.0,0.0,0.0,0.0,0.0,0.0,0.0,0.0,0.0,0.0,786.9231,772.8205,792.1612,674.5055,674.10254,-0.4451904296875,0.15087890625,0.8717041015625,1.757049560546875,-3.36456298828125,0.471038818359375,0.0,4.0,4.0,4.0,4.0,100.0,event
10:33:59.554,0.0,0.0,0.0,0.0,0.0,0.0,0.0,0.0,0.0,0.0,0.0,0.0,0.0,0.0,0.0,0.0,0.0,0.0,0.0,0.0,799.011,769.59705,789.34064,676.9231,818.7546,-0.4451904296875,0.15087890625,0.8717041015625,1.757049560546875,-3.36456298828125,0.471038818359375,0.0,4.0,4.0,4.0,4.0,100.0,event
10:33:59.555,0.0,0.0,0.0,0.0,0.0,0.0,0.0,0.0,0.0,0.0,0.0,0.0,0.0,0.0,0.0,0.0,0.0,0.0,0.0,0.0,844.94507,773.22345,791.3553,676.52014,874.7619,-0.4451904296875,0.15087890625,0.8717041015625,1.757049560546875,-3.36456298828125,0.471038818359375,0.0,4.0,4.0,4.0,4.0,100.0,event
10:33:59.556,0.0,0.0,0.0,0.0,0.0,0.0,0.0,0.0,0.0,0.0,0.0,0.0,0.0,0.0,0.0,0.0,0.0,0.0,0.0,0.0,859.85345,772.4176,787.72894,686.5934,789.34064,-0.4451904296875,0.15087890625,0.8717041015625,1.757049560546875,-3.36456298828125,0.471038818359375,0.0,4.0,4.0,4.0,4.0,100.0,event
10:33:59.582,0.0,0.0,0.0,0.0,0.0,0.0,0.0,0.0,0.0,0.0,0.0,0.0,0.0,0.0,0.0,0.0,0.0,0.0,0.0,0.0,812.3077,771.2088,788.93774,657.1795,730.5128,-0.4451904296875,0.15087890625,0.8717041015625,1.757049560546875,-3.36456298828125,0.471038818359375,0.0,4.0,4.0,4.0,4.0,100.0,event
10:33:59.583,0.0,0.0,0.0,0.0,0.0,0.0,0.0,0.0,0.0,0.0,0.0,0.0,0.0,0.0,0.0,0.0,0.0,0.0,0.0,0.0,776.4469,773.6264,795.78754,613.663,815.12823,-0.4451904296875,0.15087890625,0.8717041015625,1.757049560546875,-3.36456298828125,0.471038818359375,0.0,4.0,4.0,4.0,4.0,100.0,event
10:33:59.584,0.0,0.0,0.0,0.0,0.0,0.0,0.0,0.0,0.0,0.0,0.0,0.0,0.0,0.0,0.0,0.0,0.0,0.0,0.0,0.0,784.90845,775.64105,793.36993,631.79486,875.16486,-0.4451904296875,0.15087890625,0.8717041015625,1.757049560546875,-3.36456298828125,0.471038818359375,0.0,4.0,4.0,4.0,4.0,100.0,event
10:33:59.585,0.0,0.0,0.0,0.0,0.0,0.0,0.0,0.0,0.0,0.0,0.0,0.0,0.0,0.0,0.0,0.0,0.0,0.0,0.0,0.0,822.7839,778.0586,792.5641,619.707,774.43225,-0.4451904296875,0.15087890625,0.8717041015625,1.757049560546875,-3.36456298828125,0.471038818359375,0.0,4.0,4.0,4.0,4.0,100.0,event
10:33:59.586,0.0,0.0,0.0,0.0,0.0,0.0,0.0,0.0,0.0,0.0,0.0,0.0,0.0,0.0,0.0,0.0,0.0,0.0,0.0,0.0,853.00366,778.86444,792.5641,668.86444,835.6777,-0.4451904296875,0.15087890625,0.8717041015625,1.757049560546875,-3.36456298828125,0.471038818359375,0.0,4.0,4.0,4.0,4.0,100.0,event
10:33:59.587,0.0,0.0,0.0,0.0,0.0,0.0,0.0,0.0,0.0,0.0,0.0,0.0,0.0,0.0,0.0,0.0,0.0,0.0,0.0,0.0,814.7253,777.6557,792.96704,672.49084,1111.6849,-0.4451904296875,0.15087890625,0.8717041015625,1.757049560546875,-3.36456298828125,0.471038818359375,0.0,4.0,4.0,4.0,4.0,100.0,event
10:33:59.591,0.0,0.0,0.0,0.0,0.0,0.0,0.0,0.0,0.0,0.0,0.0,0.0,0.0,0.0,0.0,0.0,0.0,0.0,0.0,0.0,765.9707,779.67035,794.17584,685.78754,1052.4542,-0.4451904296875,0.15087890625,0.8717041015625,1.757049560546875,-3.36456298828125,0.471038818359375,0.0,4.0,4.0,4.0,4.0,100.0,event
10:33:59.592,0.0,0.0,0.0,0.0,0.0,0.0,0.0,0.0,0.0,0.0,0.0,0.0,0.0,0.0,0.0,0.0,0.0,0.0,0.0,0.0,782.49084,778.46155,793.7729,695.4579,777.6557,-0.4451904296875,0.15087890625,0.8717041015625,1.757049560546875,-3.36456298828125,0.471038818359375,0.0,4.0,4.0,4.0,4.0,100.0,event
10:33:59.593,0.0,0.0,0.0,0.0,0.0,0.0,0.0,0.0,0.0,0.0,0.0,0.0,0.0,0.0,0.0,0.0,0.0,0.0,0.0,0.0,825.6044,774.83514,791.75824,475.4579,730.9158,-0.4451904296875,0.15087890625,0.8717041015625,1.757049560546875,-3.36456298828125,0.471038818359375,0.0,4.0,4.0,4.0,4.0,100.0,event
10:33:59.594,0.0,0.0,0.0,0.0,0.0,0.0,0.0,0.0,0.0,0.0,0.0,0.0,0.0,0.0,0.0,0.0,0.0,0.0,0.0,0.0,841.7216,774.0293,786.1172,365.8608,907.8022,-0.4451904296875,0.15087890625,0.8717041015625,1.757049560546875,-3.36456298828125,0.471038818359375,0.0,4.0,4.0,4.0,4.0,100.0,event
10:33:59.595,0.0,0.0,0.0,0.0,0.0,0.0,0.0,0.0,0.0,0.0,0.0,0.0,0.0,0.0,0.0,0.0,0.0,0.0,0.0,0.0,818.3516,781.685,788.93774,386.41025,785.7143,-0.4451904296875,0.15087890625,0.8717041015625,1.757049560546875,-3.36456298828125,0.471038818359375,0.0,4.0,4.0,4.0,4.0,100.0,event
10:33:59.595,0.0,0.0,0.0,0.0,0.0,0.0,0.0,0.0,0.0,0.0,0.0,0.0,0.0,0.0,0.0,0.0,0.0,0.0,0.0,0.0,778.46155,779.2674,794.17584,281.24542,680.14655,-0.4451904296875,0.15087890625,0.8717041015625,1.757049560546875,-3.36456298828125,0.471038818359375,0.0,4.0,4.0,4.0,4.0,100.0,event
10:33:59.644,0.0,0.0,0.0,0.0,0.0,0.0,0.0,0.0,0.0,0.0,0.0,0.0,0.0,0.0,0.0,0.0,0.0,0.0,0.0,0.0,781.28204,771.2088,792.5641,179.30403,766.3736,-0.44268798828125,0.14825439453125,0.87689208984375,1.77947998046875,-3.828125,0.31402587890625,0.0,4.0,4.0,4.0,4.0,100.0,event
10:33:59.645,0.0,0.0,0.0,0.0,0.0,0.0,0.0,0.0,0.0,0.0,0.0,0.0,0.0,0.0,0.0,0.0,0.0,0.0,0.0,0.0,817.9487,772.4176,789.7436,142.23444,778.0586,-0.44268798828125,0.14825439453125,0.87689208984375,1.77947998046875,-3.828125,0.31402587890625,0.0,4.0,4.0,4.0,4.0,100.0,event
10:33:59.645,0.0,0.0,0.0,0.0,0.0,0.0,0.0,0.0,0.0,0.0,0.0,0.0,0.0,0.0,0.0,0.0,0.0,0.0,0.0,0.0,850.58606,775.64105,789.7436,175.67766,767.1795,-0.44268798828125,0.14825439453125,0.87689208984375,1.77947998046875,-3.828125,0.31402587890625,0.0,4.0,4.0,4.0,4.0,100.0,event
10:33:59.646,0.0,0.0,0.0,0.0,0.0,0.0,0.0,0.0,0.0,0.0,0.0,0.0,0.0,0.0,0.0,0.0,0.0,0.0,0.0,0.0,832.8571,774.83514,792.1612,311.06226,749.45056,-0.44268798828125,0.14825439453125,0.87689208984375,1.77947998046875,-3.828125,0.31402587890625,0.0,4.0,4.0,4.0,4.0,100.0,event
10:33:59.647,0.0,0.0,0.0,0.0,0.0,0.0,0.0,0.0,0.0,0.0,0.0,0.0,0.0,0.0,0.0,0.0,0.0,0.0,0.0,0.0,789.34064,775.64105,794.9817,460.54944,774.0293,-0.44268798828125,0.14825439453125,0.87689208984375,1.77947998046875,-3.828125,0.31402587890625,0.0,4.0,4.0,4.0,4.0,100.0,event
10:33:59.648,0.0,0.0,0.0,0.0,0.0,0.0,0.0,0.0,0.0,0.0,0.0,0.0,0.0,0.0,0.0,0.0,0.0,0.0,0.0,0.0,777.25275,780.07324,797.3993,580.2198,837.6923,-0.44268798828125,0.14825439453125,0.87689208984375,1.77947998046875,-3.828125,0.31402587890625,0.0,4.0,4.0,4.0,4.0,100.0,event
10:33:59.649,0.0,0.0,0.0,0.0,0.0,0.0,0.0,0.0,0.0,0.0,0.0,0.0,0.0,0.0,0.0,0.0,0.0,0.0,0.0,0.0,817.1429,780.07324,797.8022,666.4469,845.7509,-0.44268798828125,0.14825439453125,0.87689208984375,1.77947998046875,-3.828125,0.31402587890625,0.0,4.0,4.0,4.0,4.0,100.0,event
10:33:59.651,0.0,0.0,0.0,0.0,0.0,0.0,0.0,0.0,0.0,0.0,0.0,0.0,0.0,0.0,0.0,0.0,0.0,0.0,0.0,0.0,861.06226,779.67035,793.7729,686.1905,792.5641,-0.44268798828125,0.14825439453125,0.87689208984375,1.77947998046875,-3.828125,0.31402587890625,0.0,4.0,4.0,4.0,4.0,100.0,event
10:33:59.652,0.0,0.0,0.0,0.0,0.0,0.0,0.0,0.0,0.0,0.0,0.0,0.0,0.0,0.0,0.0,0.0,0.0,0.0,0.0,0.0,845.7509,781.28204,795.38464,583.0403,896.52014,-0.44268798828125,0.14825439453125,0.87689208984375,1.77947998046875,-3.828125,0.31402587890625,0.0,4.0,4.0,4.0,4.0,100.0,event
10:33:59.652,0.0,0.0,0.0,0.0,0.0,0.0,0.0,0.0,0.0,0.0,0.0,0.0,0.0,0.0,0.0,0.0,0.0,0.0,0.0,0.0,789.7436,782.0879,796.5934,452.49084,1116.1172,-0.44268798828125,0.14825439453125,0.87689208984375,1.77947998046875,-3.828125,0.31402587890625,0.0,4.0,4.0,4.0,4.0,100.0,event
10:33:59.653,0.0,0.0,0.0,0.0,0.0,0.0,0.0,0.0,0.0,0.0,0.0,0.0,0.0,0.0,0.0,0.0,0.0,0.0,0.0,0.0,782.49084,783.2967,794.9817,430.32968,822.7839,-0.44268798828125,0.14825439453125,0.87689208984375,1.77947998046875,-3.828125,0.31402587890625,0.0,4.0,4.0,4.0,4.0,100.0,event
10:33:59.654,0.0,0.0,0.0,0.0,0.0,0.0,0.0,0.0,0.0,0.0,0.0,0.0,0.0,0.0,0.0,0.0,0.0,0.0,0.0,0.0,820.3663,779.2674,797.8022,309.0476,648.315,-0.44268798828125,0.14825439453125,0.87689208984375,1.77947998046875,-3.828125,0.31402587890625,0.0,4.0,4.0,4.0,4.0,100.0,event
10:33:59.695,0.0,0.0,0.0,0.0,0.0,0.0,0.0,0.0,0.0,0.0,0.0,0.0,0.0,0.0,0.0,0.0,0.0,0.0,0.0,0.0,860.65936,780.4762,799.81683,96.30037,805.4579,-0.43853759765625,0.15264892578125,0.87261962890625,2.40753173828125,-3.30474853515625,0.456085205078125,0.0,4.0,4.0,4.0,4.0,100.0,event
10:33:59.696,0.0,0.0,0.0,0.0,0.0,0.0,0.0,0.0,0.0,0.0,0.0,0.0,0.0,0.0,0.0,0.0,0.0,0.0,0.0,0.0,855.82416,783.2967,799.011,2.8205128,774.43225,-0.43853759765625,0.15264892578125,0.87261962890625,2.40753173828125,-3.30474853515625,0.456085205078125,0.0,4.0,4.0,4.0,4.0,100.0,event
10:33:59.698,0.0,0.0,0.0,0.0,0.0,0.0,0.0,0.0,0.0,0.0,0.0,0.0,0.0,0.0,0.0,0.0,0.0,0.0,0.0,0.0,805.05493,784.10254,797.8022,2.4175825,687.3993,-0.43853759765625,0.15264892578125,0.87261962890625,2.40753173828125,-3.30474853515625,0.456085205078125,0.0,4.0,4.0,4.0,4.0,100.0,event
10:33:59.699,0.0,0.0,0.0,0.0,0.0,0.0,0.0,0.0,0.0,0.0,0.0,0.0,0.0,0.0,0.0,0.0,0.0,0.0,0.0,0.0,782.8938,785.7143,796.5934,0.8058608,658.3883,-0.43853759765625,0.15264892578125,0.87261962890625,2.40753173828125,-3.30474853515625,0.456085205078125,0.0,4.0,4.0,4.0,4.0,100.0,event
10:33:59.700,0.0,0.0,0.0,0.0,0.0,0.0,0.0,0.0,0.0,0.0,0.0,0.0,0.0,0.0,0.0,0.0,0.0,0.0,0.0,0.0,814.3223,782.49084,793.7729,0.0,718.8278,-0.43853759765625,0.15264892578125,0.87261962890625,2.40753173828125,-3.30474853515625,0.456085205078125,0.0,4.0,4.0,4.0,4.0,100.0,event
10:33:59.701,0.0,0.0,0.0,0.0,0.0,0.0,0.0,0.0,0.0,0.0,0.0,0.0,0.0,0.0,0.0,0.0,0.0,0.0,0.0,0.0,855.82416,782.0879,791.3553,0.0,771.2088,-0.43853759765625,0.15264892578125,0.87261962890625,2.40753173828125,-3.30474853515625,0.456085205078125,0.0,4.0,4.0,4.0,4.0,100.0,event
10:33:59.702,0.0,0.0,0.0,0.0,0.0,0.0,0.0,0.0,0.0,0.0,0.0,0.0,0.0,0.0,0.0,0.0,0.0,0.0,0.0,0.0,852.1978,784.5055,794.9817,0.0,763.5531,-0.43853759765625,0.15264892578125,0.87261962890625,2.40753173828125,-3.30474853515625,0.456085205078125,0.0,4.0,4.0,4.0,4.0,100.0,event
10:33:59.703,0.0,0.0,0.0,0.0,0.0,0.0,0.0,0.0,0.0,0.0,0.0,0.0,0.0,0.0,0.0,0.0,0.0,0.0,0.0,0.0,809.4872,783.69965,799.81683,0.0,801.02563,-0.43853759765625,0.15264892578125,0.87261962890625,2.40753173828125,-3.30474853515625,0.456085205078125,0.0,4.0,4.0,4.0,4.0,100.0,event
10:33:59.706,0.0,0.0,0.0,0.0,0.0,0.0,0.0,0.0,0.0,0.0,0.0,0.0,0.0,0.0,0.0,0.0,0.0,0.0,0.0,0.0,780.07324,779.67035,795.78754,0.0,1067.3627,-0.43853759765625,0.15264892578125,0.87261962890625,2.40753173828125,-3.30474853515625,0.456085205078125,0.0,4.0,4.0,4.0,4.0,100.0,event
10:33:59.707,0.0,0.0,0.0,0.0,0.0,0.0,0.0,0.0,0.0,0.0,0.0,0.0,0.0,0.0,0.0,0.0,0.0,0.0,0.0,0.0,805.05493,782.0879,790.14655,0.0,944.0659,-0.43853759765625,0.15264892578125,0.87261962890625,2.40753173828125,-3.30474853515625,0.456085205078125,0.0,4.0,4.0,4.0,4.0,100.0,event
10:33:59.708,0.0,0.0,0.0,0.0,0.0,0.0,0.0,0.0,0.0,0.0,0.0,0.0,0.0,0.0,0.0,0.0,0.0,0.0,0.0,0.0,848.1685,782.49084,790.14655,0.0,661.6117,-0.43853759765625,0.15264892578125,0.87261962890625,2.40753173828125,-3.30474853515625,0.456085205078125,0.0,4.0,4.0,4.0,4.0,100.0,event
10:33:59.708,0.0,0.0,0.0,0.0,0.0,0.0,0.0,0.0,0.0,0.0,0.0,0.0,0.0,0.0,0.0,0.0,0.0,0.0,0.0,0.0,844.5421,779.67035,791.3553,6.0439563,809.0842,-0.43853759765625,0.15264892578125,0.87261962890625,2.40753173828125,-3.30474853515625,0.456085205078125,0.0,4.0,4.0,4.0,4.0,100.0,event
10:33:59.746,0.0,0.0,0.0,0.0,0.0,0.0,0.0,0.0,0.0,0.0,0.0,0.0,0.0,0.0,0.0,0.0,0.0,0.0,0.0,0.0,790.9524,784.90845,796.99634,0.4029304,820.7692,-0.44561767578125,0.15167236328125,0.8785400390625,2.145843505859375,-3.835601806640625,0.35888671875,0.0,4.0,4.0,4.0,4.0,100.0,event
10:33:59.747,0.0,0.0,0.0,0.0,0.0,0.0,0.0,0.0,0.0,0.0,0.0,0.0,0.0,0.0,0.0,0.0,0.0,0.0,0.0,0.0,751.4652,784.90845,800.2198,6.0439563,699.0842,-0.44561767578125,0.15167236328125,0.8785400390625,2.145843505859375,-3.835601806640625,0.35888671875,0.0,4.0,4.0,4.0,4.0,100.0,event
10:33:59.748,0.0,0.0,0.0,0.0,0.0,0.0,0.0,0.0,0.0,0.0,0.0,0.0,0.0,0.0,0.0,0.0,0.0,0.0,0.0,0.0,757.9121,779.67035,793.7729,257.87546,664.43225,-0.44561767578125,0.15167236328125,0.8785400390625,2.145843505859375,-3.835601806640625,0.35888671875,0.0,4.0,4.0,4.0,4.0,100.0,event
10:33:59.748,0.0,0.0,0.0,0.0,0.0,0.0,0.0,0.0,0.0,0.0,0.0,0.0,0.0,0.0,0.0,0.0,0.0,0.0,0.0,0.0,783.69965,778.86444,789.7436,565.31134,708.3516,-0.44561767578125,0.15167236328125,0.8785400390625,2.145843505859375,-3.835601806640625,0.35888671875,0.0,4.0,4.0,4.0,4.0,100.0,event
10:33:59.749,0.0,0.0,0.0,0.0,0.0,0.0,0.0,0.0,0.0,0.0,0.0,0.0,0.0,0.0,0.0,0.0,0.0,0.0,0.0,0.0,794.17584,782.0879,792.96704,639.0476,746.63007,-0.44561767578125,0.15167236328125,0.8785400390625,2.145843505859375,-3.835601806640625,0.35888671875,0.0,4.0,4.0,4.0,4.0,100.0,event
10:33:59.750,0.0,0.0,0.0,0.0,0.0,0.0,0.0,0.0,0.0,0.0,0.0,0.0,0.0,0.0,0.0,0.0,0.0,0.0,0.0,0.0,699.0842,781.685,794.57874,780.4762,811.9048,-0.44561767578125,0.15167236328125,0.8785400390625,2.145843505859375,-3.835601806640625,0.35888671875,0.0,4.0,4.0,4.0,4.0,100.0,event
10:33:59.750,0.0,0.0,0.0,0.0,0.0,0.0,0.0,0.0,0.0,0.0,0.0,0.0,0.0,0.0,0.0,0.0,0.0,0.0,0.0,0.0,750.65936,784.10254,796.5934,642.674,818.7546,-0.44561767578125,0.15167236328125,0.8785400390625,2.145843505859375,-3.835601806640625,0.35888671875,0.0,4.0,4.0,4.0,4.0,100.0,event
10:33:59.751,0.0,0.0,0.0,0.0,0.0,0.0,0.0,0.0,0.0,0.0,0.0,0.0,0.0,0.0,0.0,0.0,0.0,0.0,0.0,0.0,690.2198,780.87915,795.78754,944.0659,838.49817,-0.44561767578125,0.15167236328125,0.8785400390625,2.145843505859375,-3.835601806640625,0.35888671875,0.0,4.0,4.0,4.0,4.0,100.0,event
10:33:59.751,0.0,0.0,0.0,0.0,0.0,0.0,0.0,0.0,0.0,0.0,0.0,0.0,0.0,0.0,0.0,0.0,0.0,0.0,0.0,0.0,728.9011,782.8938,796.5934,1004.10254,993.22345,-0.44561767578125,0.15167236328125,0.8785400390625,2.145843505859375,-3.835601806640625,0.35888671875,0.0,4.0,4.0,4.0,4.0,100.0,event
10:33:59.752,0.0,0.0,0.0,0.0,0.0,0.0,0.0,0.0,0.0,0.0,0.0,0.0,0.0,0.0,0.0,0.0,0.0,0.0,0.0,0.0,743.4066,782.0879,793.7729,1065.348,815.12823,-0.44561767578125,0.15167236328125,0.8785400390625,2.145843505859375,-3.835601806640625,0.35888671875,0.0,4.0,4.0,4.0,4.0,100.0,event
10:33:59.753,0.0,0.0,0.0,0.0,0.0,0.0,0.0,0.0,0.0,0.0,0.0,0.0,0.0,0.0,0.0,0.0,0.0,0.0,0.0,0.0,689.41394,779.67035,795.78754,1100.0,756.30035,-0.44561767578125,0.15167236328125,0.8785400390625,2.145843505859375,-3.835601806640625,0.35888671875,0.0,4.0,4.0,4.0,4.0,100.0,event
10:33:59.753,0.0,0.0,0.0,0.0,0.0,0.0,0.0,0.0,0.0,0.0,0.0,0.0,0.0,0.0,0.0,0.0,0.0,0.0,0.0,0.0,636.2271,780.07324,799.81683,1104.0293,836.4835,-0.44561767578125,0.15167236328125,0.8785400390625,2.145843505859375,-3.835601806640625,0.35888671875,0.0,4.0,4.0,4.0,4.0,100.0,event
10:33:59.795,0.0,0.0,0.0,0.0,0.0,0.0,0.0,0.0,0.0,0.0,0.0,0.0,0.0,0.0,0.0,0.0,0.0,0.0,0.0,0.0,633.00366,779.67035,805.05493,1148.7546,762.3443,-0.446044921875,0.1505126953125,0.87347412109375,1.607513427734375,-4.02252197265625,0.2093505859375,0.0,4.0,4.0,4.0,4.0,100.0,event
10:33:59.797,0.0,0.0,0.0,0.0,0.0,0.0,0.0,0.0,0.0,0.0,0.0,0.0,0.0,0.0,0.0,0.0,0.0,0.0,0.0,0.0,660.80585,778.46155,799.41394,1232.967,680.14655,-0.446044921875,0.1505126953125,0.87347412109375,1.607513427734375,-4.02252197265625,0.2093505859375,0.0,4.0,4.0,4.0,4.0,100.0,event
10:33:59.798,0.0,0.0,0.0,0.0,0.0,0.0,0.0,0.0,0.0,0.0,0.0,0.0,0.0,0.0,0.0,0.0,0.0,0.0,0.0,0.0,682.96704,772.8205,794.9817,1339.3407,775.2381,-0.446044921875,0.1505126953125,0.87347412109375,1.607513427734375,-4.02252197265625,0.2093505859375,0.0,4.0,4.0,4.0,4.0,100.0,event
10:33:59.799,0.0,0.0,0.0,0.0,0.0,0.0,0.0,0.0,0.0,0.0,0.0,0.0,0.0,0.0,0.0,0.0,0.0,0.0,0.0,0.0,655.56775,773.6264,800.2198,1358.6813,967.4359,-0.446044921875,0.1505126953125,0.87347412109375,1.607513427734375,-4.02252197265625,0.2093505859375,0.0,4.0,4.0,4.0,4.0,100.0,event
10:33:59.801,0.0,0.0,0.0,0.0,0.0,0.0,0.0,0.0,0.0,0.0,0.0,0.0,0.0,0.0,0.0,0.0,0.0,0.0,0.0,0.0,616.4835,777.25275,799.81683,1252.7106,838.49817,-0.446044921875,0.1505126953125,0.87347412109375,1.607513427734375,-4.02252197265625,0.2093505859375,0.0,4.0,4.0,4.0,4.0,100.0,event
10:33:59.802,0.0,0.0,0.0,0.0,0.0,0.0,0.0,0.0,0.0,0.0,0.0,0.0,0.0,0.0,0.0,0.0,0.0,0.0,0.0,0.0,620.10986,776.4469,793.36993,1134.249,780.07324,-0.446044921875,0.1505126953125,0.87347412109375,1.607513427734375,-4.02252197265625,0.2093505859375,0.0,4.0,4.0,4.0,4.0,100.0,event
10:33:59.803,0.0,0.0,0.0,0.0,0.0,0.0,0.0,0.0,0.0,0.0,0.0,0.0,0.0,0.0,0.0,0.0,0.0,0.0,0.0,0.0,663.22345,777.25275,791.3553,1139.0842,872.3443,-0.446044921875,0.1505126953125,0.87347412109375,1.607513427734375,-4.02252197265625,0.2093505859375,0.0,4.0,4.0,4.0,4.0,100.0,event
10:33:59.804,0.0,0.0,0.0,0.0,0.0,0.0,0.0,0.0,0.0,0.0,0.0,0.0,0.0,0.0,0.0,0.0,0.0,0.0,0.0,0.0,689.41394,778.86444,801.02563,1101.6117,999.67035,-0.446044921875,0.1505126953125,0.87347412109375,1.607513427734375,-4.02252197265625,0.2093505859375,0.0,4.0,4.0,4.0,4.0,100.0,event
10:33:59.804,0.0,0.0,0.0,0.0,0.0,0.0,0.0,0.0,0.0,0.0,0.0,0.0,0.0,0.0,0.0,0.0,0.0,0.0,0.0,0.0,701.0989,777.6557,795.38464,1181.7949,1079.4506,-0.446044921875,0.1505126953125,0.87347412109375,1.607513427734375,-4.02252197265625,0.2093505859375,0.0,4.0,4.0,4.0,4.0,100.0,event
10:33:59.805,0.0,0.0,0.0,0.0,0.0,0.0,0.0,0.0,0.0,0.0,0.0,0.0,0.0,0.0,0.0,0.0,0.0,0.0,0.0,0.0,662.01465,776.8498,799.41394,1016.99634,670.4762,-0.446044921875,0.1505126953125,0.87347412109375,1.607513427734375,-4.02252197265625,0.2093505859375,0.0,4.0,4.0,4.0,4.0,100.0,event
10:33:59.808,0.0,0.0,0.0,0.0,0.0,0.0,0.0,0.0,0.0,0.0,0.0,0.0,0.0,0.0,0.0,0.0,0.0,0.0,0.0,0.0,721.6484,774.83514,802.6374,1156.4103,711.978,-0.446044921875,0.1505126953125,0.87347412109375,1.607513427734375,-4.02252197265625,0.2093505859375,0.0,4.0,4.0,4.0,4.0,100.0,event
10:33:59.808,0.0,0.0,0.0,0.0,0.0,0.0,0.0,0.0,0.0,0.0,0.0,0.0,0.0,0.0,0.0,0.0,0.0,0.0,0.0,0.0,672.0879,774.83514,800.2198,1071.392,625.7509,-0.446044921875,0.1505126953125,0.87347412109375,1.607513427734375,-4.02252197265625,0.2093505859375,0.0,4.0,4.0,4.0,4.0,100.0,event
10:33:59.837,0.0,0.0,0.0,0.0,0.0,0.0,0.0,0.0,0.0,0.0,0.0,0.0,0.0,0.0,0.0,0.0,0.0,0.0,0.0,0.0,768.3883,776.8498,801.02563,1177.7656,773.6264,-0.446044921875,0.1505126953125,0.87347412109375,1.607513427734375,-4.02252197265625,0.2093505859375,0.0,4.0,4.0,4.0,4.0,100.0,event
10:33:59.838,0.0,0.0,0.0,0.0,0.0,0.0,0.0,0.0,0.0,0.0,0.0,0.0,0.0,0.0,0.0,0.0,0.0,0.0,0.0,0.0,769.59705,775.64105,796.1905,1237.8022,771.2088,-0.446044921875,0.1505126953125,0.87347412109375,1.607513427734375,-4.02252197265625,0.2093505859375,0.0,4.0,4.0,4.0,4.0,100.0,event
10:33:59.838,0.0,0.0,0.0,0.0,0.0,0.0,0.0,0.0,0.0,0.0,0.0,0.0,0.0,0.0,0.0,0.0,0.0,0.0,0.0,0.0,728.9011,775.2381,793.36993,1279.3041,809.89014,-0.446044921875,0.1505126953125,0.87347412109375,1.607513427734375,-4.02252197265625,0.2093505859375,0.0,4.0,4.0,4.0,4.0,100.0,event
10:33:59.838,0.0,0.0,0.0,0.0,0.0,0.0,0.0,0.0,0.0,0.0,0.0,0.0,0.0,0.0,0.0,0.0,0.0,0.0,0.0,0.0,731.7216,778.0586,795.78754,1234.1758,758.315,-0.446044921875,0.1505126953125,0.87347412109375,1.607513427734375,-4.02252197265625,0.2093505859375,0.0,4.0,4.0,4.0,4.0,100.0,event
10:33:59.838,0.0,0.0,0.0,0.0,0.0,0.0,0.0,0.0,0.0,0.0,0.0,0.0,0.0,0.0,0.0,0.0,0.0,0.0,0.0,0.0,787.72894,781.28204,798.60803,1190.6593,692.23444,-0.446044921875,0.1505126953125,0.87347412109375,1.607513427734375,-4.02252197265625,0.2093505859375,0.0,4.0,4.0,4.0,4.0,100.0,event
10:33:59.839,0.0,0.0,0.0,0.0,0.0,0.0,0.0,0.0,0.0,0.0,0.0,0.0,0.0,0.0,0.0,0.0,0.0,0.0,0.0,0.0,838.49817,782.0879,796.1905,1206.7766,793.7729,-0.446044921875,0.1505126953125,0.87347412109375,1.607513427734375,-4.02252197265625,0.2093505859375,0.0,4.0,4.0,4.0,4.0,100.0,event
10:33:59.839,0.0,0.0,0.0,0.0,0.0,0.0,0.0,0.0,0.0,0.0,0.0,0.0,0.0,0.0,0.0,0.0,0.0,0.0,0.0,0.0,835.2747,777.6557,790.54944,1261.1721,1009.34064,-0.446044921875,0.1505126953125,0.87347412109375,1.607513427734375,-4.02252197265625,0.2093505859375,0.0,4.0,4.0,4.0,4.0,100.0,event
10:33:59.839,0.0,0.0,0.0,0.0,0.0,0.0,0.0,0.0,0.0,0.0,0.0,0.0,0.0,0.0,0.0,0.0,0.0,0.0,0.0,0.0,792.1612,776.4469,790.14655,1248.2784,1119.7435,-0.446044921875,0.1505126953125,0.87347412109375,1.607513427734375,-4.02252197265625,0.2093505859375,0.0,4.0,4.0,4.0,4.0,100.0,event
10:33:59.839,0.0,0.0,0.0,0.0,0.0,0.0,0.0,0.0,0.0,0.0,0.0,0.0,0.0,0.0,0.0,0.0,0.0,0.0,0.0,0.0,793.7729,779.2674,794.17584,1140.2931,793.7729,-0.446044921875,0.1505126953125,0.87347412109375,1.607513427734375,-4.02252197265625,0.2093505859375,0.0,4.0,4.0,4.0,4.0,100.0,event
10:33:59.840,0.0,0.0,0.0,0.0,0.0,0.0,0.0,0.0,0.0,0.0,0.0,0.0,0.0,0.0,0.0,0.0,0.0,0.0,0.0,0.0,882.8205,781.28204,798.60803,993.6264,732.9304,-0.446044921875,0.1505126953125,0.87347412109375,1.607513427734375,-4.02252197265625,0.2093505859375,0.0,4.0,4.0,4.0,4.0,100.0,event
10:33:59.840,0.0,0.0,0.0,0.0,0.0,0.0,0.0,0.0,0.0,0.0,0.0,0.0,0.0,0.0,0.0,0.0,0.0,0.0,0.0,0.0,877.5824,780.07324,799.81683,1134.249,781.28204,-0.446044921875,0.1505126953125,0.87347412109375,1.607513427734375,-4.02252197265625,0.2093505859375,0.0,4.0,4.0,4.0,4.0,100.0,event
10:33:59.840,0.0,0.0,0.0,0.0,0.0,0.0,0.0,0.0,0.0,0.0,0.0,0.0,0.0,0.0,0.0,0.0,0.0,0.0,0.0,0.0,833.663,780.4762,796.99634,1113.2968,651.53845,-0.446044921875,0.1505126953125,0.87347412109375,1.607513427734375,-4.02252197265625,0.2093505859375,0.0,4.0,4.0,4.0,4.0,100.0,event
10:33:59.879,0.0,0.0,0.0,0.0,0.0,0.0,0.0,0.0,0.0,0.0,0.0,0.0,0.0,0.0,0.0,0.0,0.0,0.0,0.0,0.0,839.304,780.07324,797.8022,860.65936,624.1392,-0.4373779296875,0.14581298828125,0.8717041015625,2.213134765625,-3.7384033203125,-0.7476806640625,0.0,4.0,4.0,4.0,4.0,100.0,event
10:33:59.880,0.0,0.0,0.0,0.0,0.0,0.0,0.0,0.0,0.0,0.0,0.0,0.0,0.0,0.0,0.0,0.0,0.0,0.0,0.0,0.0,817.5458,776.4469,795.78754,837.6923,647.50916,-0.4373779296875,0.14581298828125,0.8717041015625,2.213134765625,-3.7384033203125,-0.7476806640625,0.0,4.0,4.0,4.0,4.0,100.0,event
10:33:59.881,0.0,0.0,0.0,0.0,0.0,0.0,0.0,0.0,0.0,0.0,0.0,0.0,0.0,0.0,0.0,0.0,0.0,0.0,0.0,0.0,845.7509,778.86444,796.5934,932.7839,758.315,-0.4373779296875,0.14581298828125,0.8717041015625,2.213134765625,-3.7384033203125,-0.7476806640625,0.0,4.0,4.0,4.0,4.0,100.0,event
10:33:59.881,0.0,0.0,0.0,0.0,0.0,0.0,0.0,0.0,0.0,0.0,0.0,0.0,0.0,0.0,0.0,0.0,0.0,0.0,0.0,0.0,899.34064,782.49084,797.8022,1000.07324,786.1172,-0.4373779296875,0.14581298828125,0.8717041015625,2.213134765625,-3.7384033203125,-0.7476806640625,0.0,4.0,4.0,4.0,4.0,100.0,event
10:33:59.882,0.0,0.0,0.0,0.0,0.0,0.0,0.0,0.0,0.0,0.0,0.0,0.0,0.0,0.0,0.0,0.0,0.0,0.0,0.0,0.0,905.78754,786.52014,797.8022,916.26373,759.12085,-0.4373779296875,0.14581298828125,0.8717041015625,2.213134765625,-3.7384033203125,-0.7476806640625,0.0,4.0,4.0,4.0,4.0,100.0,event
10:33:59.882,0.0,0.0,0.0,0.0,0.0,0.0,0.0,0.0,0.0,0.0,0.0,0.0,0.0,0.0,0.0,0.0,0.0,0.0,0.0,0.0,846.9597,785.31134,794.17584,807.0696,818.3516,-0.4373779296875,0.14581298828125,0.8717041015625,2.213134765625,-3.7384033203125,-0.7476806640625,0.0,4.0,4.0,4.0,4.0,100.0,event
10:33:59.883,0.0,0.0,0.0,0.0,0.0,0.0,0.0,0.0,0.0,0.0,0.0,0.0,0.0,0.0,0.0,0.0,0.0,0.0,0.0,0.0,813.5165,778.0586,793.36993,821.1722,1054.8718,-0.4373779296875,0.14581298828125,0.8717041015625,2.213134765625,-3.7384033203125,-0.7476806640625,0.0,4.0,4.0,4.0,4.0,100.0,event
10:33:59.883,0.0,0.0,0.0,0.0,0.0,0.0,0.0,0.0,0.0,0.0,0.0,0.0,0.0,0.0,0.0,0.0,0.0,0.0,0.0,0.0,843.3333,778.86444,797.8022,869.5238,941.6484,-0.4373779296875,0.14581298828125,0.8717041015625,2.213134765625,-3.7384033203125,-0.7476806640625,0.0,4.0,4.0,4.0,4.0,100.0,event
10:33:59.884,0.0,0.0,0.0,0.0,0.0,0.0,0.0,0.0,0.0,0.0,0.0,0.0,0.0,0.0,0.0,0.0,0.0,0.0,0.0,0.0,890.4762,780.87915,793.36993,797.8022,755.4945,-0.4373779296875,0.14581298828125,0.8717041015625,2.213134765625,-3.7384033203125,-0.7476806640625,0.0,4.0,4.0,4.0,4.0,100.0,event
10:33:59.884,0.0,0.0,0.0,0.0,0.0,0.0,0.0,0.0,0.0,0.0,0.0,0.0,0.0,0.0,0.0,0.0,0.0,0.0,0.0,0.0,899.7436,778.86444,788.1319,792.96704,842.1245,-0.4373779296875,0.14581298828125,0.8717041015625,2.213134765625,-3.7384033203125,-0.7476806640625,0.0,4.0,4.0,4.0,4.0,100.0,event
10:33:59.885,0.0,0.0,0.0,0.0,0.0,0.0,0.0,0.0,0.0,0.0,0.0,0.0,0.0,0.0,0.0,0.0,0.0,0.0,0.0,0.0,826.0073,786.52014,795.38464,873.1502,785.7143,-0.4373779296875,0.14581298828125,0.8717041015625,2.213134765625,-3.7384033203125,-0.7476806640625,0.0,4.0,4.0,4.0,4.0,100.0,event
10:33:59.885,0.0,0.0,0.0,0.0,0.0,0.0,0.0,0.0,0.0,0.0,0.0,0.0,0.0,0.0,0.0,0.0,0.0,0.0,0.0,0.0,848.97437,783.2967,791.75824,831.6484,989.59705,-0.4373779296875,0.14581298828125,0.8717041015625,2.213134765625,-3.7384033203125,-0.7476806640625,0.0,4.0,4.0,4.0,4.0,100.0,event
10:33:59.911,0.0,0.0,0.0,0.0,0.0,0.0,0.0,0.0,0.0,0.0,0.0,0.0,0.0,0.0,0.0,0.0,0.0,0.0,0.0,0.0,846.1539,783.2967,792.5641,775.2381,555.2381,-0.43804931640625,0.15069580078125,0.87640380859375,2.190704345703125,-3.312225341796875,0.07476806640625,0.0,4.0,4.0,4.0,4.0,100.0,event
10:33:59.913,0.0,0.0,0.0,0.0,0.0,0.0,0.0,0.0,0.0,0.0,0.0,0.0,0.0,0.0,0.0,0.0,0.0,0.0,0.0,0.0,879.19415,782.8938,793.36993,669.2674,638.6447,-0.43804931640625,0.15069580078125,0.87640380859375,2.190704345703125,-3.312225341796875,0.07476806640625,0.0,4.0,4.0,4.0,4.0,100.0,event
10:33:59.914,0.0,0.0,0.0,0.0,0.0,0.0,0.0,0.0,0.0,0.0,0.0,0.0,0.0,0.0,0.0,0.0,0.0,0.0,0.0,0.0,902.96704,786.52014,797.3993,587.0696,729.304,-0.43804931640625,0.15069580078125,0.87640380859375,2.190704345703125,-3.312225341796875,0.07476806640625,0.0,4.0,4.0,4.0,4.0,100.0,event
10:33:59.915,0.0,0.0,0.0,0.0,0.0,0.0,0.0,0.0,0.0,0.0,0.0,0.0,0.0,0.0,0.0,0.0,0.0,0.0,0.0,0.0,867.1062,785.31134,801.4286,298.57144,687.8022,-0.43804931640625,0.15069580078125,0.87640380859375,2.190704345703125,-3.312225341796875,0.07476806640625,0.0,4.0,4.0,4.0,4.0,100.0,event
10:33:59.915,0.0,0.0,0.0,0.0,0.0,0.0,0.0,0.0,0.0,0.0,0.0,0.0,0.0,0.0,0.0,0.0,0.0,0.0,0.0,0.0,819.15753,784.10254,796.99634,100.7326,607.2161,-0.43804931640625,0.15069580078125,0.87640380859375,2.190704345703125,-3.312225341796875,0.07476806640625,0.0,4.0,4.0,4.0,4.0,100.0,event
10:33:59.916,0.0,0.0,0.0,0.0,0.0,0.0,0.0,0.0,0.0,0.0,0.0,0.0,0.0,0.0,0.0,0.0,0.0,0.0,0.0,0.0,828.8278,781.685,791.3553,63.260075,765.16486,-0.43804931640625,0.15069580078125,0.87640380859375,2.190704345703125,-3.312225341796875,0.07476806640625,0.0,4.0,4.0,4.0,4.0,100.0,event
10:33:59.917,0.0,0.0,0.0,0.0,0.0,0.0,0.0,0.0,0.0,0.0,0.0,0.0,0.0,0.0,0.0,0.0,0.0,0.0,0.0,0.0,869.92676,778.86444,790.9524,120.87912,873.95605,-0.43804931640625,0.15069580078125,0.87640380859375,2.190704345703125,-3.312225341796875,0.07476806640625,0.0,4.0,4.0,4.0,4.0,100.0,event
10:33:59.918,0.0,0.0,0.0,0.0,0.0,0.0,0.0,0.0,0.0,0.0,0.0,0.0,0.0,0.0,0.0,0.0,0.0,0.0,0.0,0.0,903.7729,780.87915,792.1612,160.3663,761.13556,-0.43804931640625,0.15069580078125,0.87640380859375,2.190704345703125,-3.312225341796875,0.07476806640625,0.0,4.0,4.0,4.0,4.0,100.0,event
10:33:59.919,0.0,0.0,0.0,0.0,0.0,0.0,0.0,0.0,0.0,0.0,0.0,0.0,0.0,0.0,0.0,0.0,0.0,0.0,0.0,0.0,874.7619,781.28204,800.6227,89.04762,699.4872,-0.43804931640625,0.15069580078125,0.87640380859375,2.190704345703125,-3.312225341796875,0.07476806640625,0.0,4.0,4.0,4.0,4.0,100.0,event
10:33:59.919,0.0,0.0,0.0,0.0,0.0,0.0,0.0,0.0,0.0,0.0,0.0,0.0,0.0,0.0,0.0,0.0,0.0,0.0,0.0,0.0,821.978,784.10254,802.23444,10.476191,877.5824,-0.43804931640625,0.15069580078125,0.87640380859375,2.190704345703125,-3.312225341796875,0.07476806640625,0.0,4.0,4.0,4.0,4.0,100.0,event
10:33:59.920,0.0,0.0,0.0,0.0,0.0,0.0,0.0,0.0,0.0,0.0,0.0,0.0,0.0,0.0,0.0,0.0,0.0,0.0,0.0,0.0,831.6484,786.1172,789.7436,0.0,946.08057,-0.43804931640625,0.15069580078125,0.87640380859375,2.190704345703125,-3.312225341796875,0.07476806640625,0.0,4.0,4.0,4.0,4.0,100.0,event
10:33:59.921,0.0,0.0,0.0,0.0,0.0,0.0,0.0,0.0,0.0,0.0,0.0,0.0,0.0,0.0,0.0,0.0,0.0,0.0,0.0,0.0,867.50916,785.31134,787.326,2.014652,697.47253,-0.43804931640625,0.15069580078125,0.87640380859375,2.190704345703125,-3.312225341796875,0.07476806640625,0.0,4.0,4.0,4.0,4.0,100.0,event
10:33:59.965,0.0,0.0,0.0,0.0,0.0,0.0,0.0,0.0,0.0,0.0,0.0,0.0,0.0,0.0,0.0,0.0,0.0,0.0,0.0,0.0,898.5348,786.1172,794.9817,0.0,703.91943,-0.43994140625,0.150634765625,0.874755859375,2.13836669921875,-3.289794921875,0.55328369140625,0.0,4.0,4.0,4.0,4.0,100.0,event
10:33:59.966,0.0,0.0,0.0,0.0,0.0,0.0,0.0,0.0,0.0,0.0,0.0,0.0,0.0,0.0,0.0,0.0,0.0,0.0,0.0,0.0,874.35895,789.34064,794.57874,16.117216,793.36993,-0.43994140625,0.150634765625,0.874755859375,2.13836669921875,-3.289794921875,0.55328369140625,0.0,4.0,4.0,4.0,4.0,100.0,event
10:33:59.967,0.0,0.0,0.0,0.0,0.0,0.0,0.0,0.0,0.0,0.0,0.0,0.0,0.0,0.0,0.0,0.0,0.0,0.0,0.0,0.0,824.7985,786.52014,790.54944,0.0,709.15753,-0.43994140625,0.150634765625,0.874755859375,2.13836669921875,-3.289794921875,0.55328369140625,0.0,4.0,4.0,4.0,4.0,100.0,event
10:33:59.968,0.0,0.0,0.0,0.0,0.0,0.0,0.0,0.0,0.0,0.0,0.0,0.0,0.0,0.0,0.0,0.0,0.0,0.0,0.0,0.0,828.4249,785.7143,789.7436,74.13919,637.4359,-0.43994140625,0.150634765625,0.874755859375,2.13836669921875,-3.289794921875,0.55328369140625,0.0,4.0,4.0,4.0,4.0,100.0,event
10:33:59.968,0.0,0.0,0.0,0.0,0.0,0.0,0.0,0.0,0.0,0.0,0.0,0.0,0.0,0.0,0.0,0.0,0.0,0.0,0.0,0.0,864.2857,790.14655,789.7436,625.34796,720.84247,-0.43994140625,0.150634765625,0.874755859375,2.13836669921875,-3.289794921875,0.55328369140625,0.0,4.0,4.0,4.0,4.0,100.0,event
10:33:59.969,0.0,0.0,0.0,0.0,0.0,0.0,0.0,0.0,0.0,0.0,0.0,0.0,0.0,0.0,0.0,0.0,0.0,0.0,0.0,0.0,891.28204,790.14655,792.5641,988.7912,930.7692,-0.43994140625,0.150634765625,0.874755859375,2.13836669921875,-3.289794921875,0.55328369140625,0.0,4.0,4.0,4.0,4.0,100.0,event
10:33:59.969,0.0,0.0,0.0,0.0,0.0,0.0,0.0,0.0,0.0,0.0,0.0,0.0,0.0,0.0,0.0,0.0,0.0,0.0,0.0,0.0,875.9707,790.9524,799.81683,883.6264,1006.52014,-0.43994140625,0.150634765625,0.874755859375,2.13836669921875,-3.289794921875,0.55328369140625,0.0,4.0,4.0,4.0,4.0,100.0,event
10:33:59.970,0.0,0.0,0.0,0.0,0.0,0.0,0.0,0.0,0.0,0.0,0.0,0.0,0.0,0.0,0.0,0.0,0.0,0.0,0.0,0.0,832.4542,787.72894,796.99634,890.4762,761.9414,-0.43994140625,0.150634765625,0.874755859375,2.13836669921875,-3.289794921875,0.55328369140625,0.0,4.0,4.0,4.0,4.0,100.0,event
10:33:59.971,0.0,0.0,0.0,0.0,0.0,0.0,0.0,0.0,0.0,0.0,0.0,0.0,0.0,0.0,0.0,0.0,0.0,0.0,0.0,0.0,815.5311,785.7143,788.5348,911.8315,713.9927,-0.43994140625,0.150634765625,0.874755859375,2.13836669921875,-3.289794921875,0.55328369140625,0.0,4.0,4.0,4.0,4.0,100.0,event
10:33:59.971,0.0,0.0,0.0,0.0,0.0,0.0,0.0,0.0,0.0,0.0,0.0,0.0,0.0,0.0,0.0,0.0,0.0,0.0,0.0,0.0,846.1539,785.31134,784.5055,1031.0989,967.4359,-0.43994140625,0.150634765625,0.874755859375,2.13836669921875,-3.289794921875,0.55328369140625,0.0,4.0,4.0,4.0,4.0,100.0,event
10:33:59.972,0.0,0.0,0.0,0.0,0.0,0.0,0.0,0.0,0.0,0.0,0.0,0.0,0.0,0.0,0.0,0.0,0.0,0.0,0.0,0.0,877.98535,787.326,793.7729,1319.597,776.04395,-0.43994140625,0.150634765625,0.874755859375,2.13836669921875,-3.289794921875,0.55328369140625,0.0,4.0,4.0,4.0,4.0,100.0,event
10:33:59.972,0.0,0.0,0.0,0.0,0.0,0.0,0.0,0.0,0.0,0.0,0.0,0.0,0.0,0.0,0.0,0.0,0.0,0.0,0.0,0.0,890.07324,785.31134,786.1172,1290.989,886.4469,-0.43994140625,0.150634765625,0.874755859375,2.13836669921875,-3.289794921875,0.55328369140625,0.0,4.0,4.0,4.0,4.0,100.0,event
10:34:00.000,0.0,0.0,0.0,0.0,0.0,0.0,0.0,0.0,0.0,0.0,0.0,0.0,0.0,0.0,0.0,0.0,0.0,0.0,0.0,0.0,823.9927,789.34064,798.60803,1224.5055,852.6007,-0.44732666015625,0.1497802734375,0.87750244140625,2.2430419921875,-3.4393310546875,0.22430419921875,0.0,4.0,4.0,4.0,4.0,100.0,event
10:34:00.001,0.0,0.0,0.0,0.0,0.0,0.0,0.0,0.0,0.0,0.0,0.0,0.0,0.0,0.0,0.0,0.0,0.0,0.0,0.0,0.0,813.5165,791.3553,799.41394,1264.3956,931.1722,-0.44732666015625,0.1497802734375,0.87750244140625,2.2430419921875,-3.4393310546875,0.22430419921875,0.0,4.0,4.0,4.0,4.0,100.0,event
10:34:00.004,0.0,0.0,0.0,0.0,0.0,0.0,0.0,0.0,0.0,0.0,0.0,0.0,0.0,0.0,0.0,0.0,0.0,0.0,0.0,0.0,851.79486,789.7436,796.1905,1355.0549,806.6667,-0.44732666015625,0.1497802734375,0.87750244140625,2.2430419921875,-3.4393310546875,0.22430419921875,0.0,4.0,4.0,4.0,4.0,100.0,event
10:34:00.004,0.0,0.0,0.0,0.0,0.0,0.0,0.0,0.0,0.0,0.0,0.0,0.0,0.0,0.0,0.0,0.0,0.0,0.0,0.0,0.0,888.46155,788.5348,790.9524,1454.1758,750.2564,-0.44732666015625,0.1497802734375,0.87750244140625,2.2430419921875,-3.4393310546875,0.22430419921875,0.0,4.0,4.0,4.0,4.0,100.0,event
10:34:00.005,0.0,0.0,0.0,0.0,0.0,0.0,0.0,0.0,0.0,0.0,0.0,0.0,0.0,0.0,0.0,0.0,0.0,0.0,0.0,0.0,882.8205,790.14655,790.9524,1559.7435,838.49817,-0.44732666015625,0.1497802734375,0.87750244140625,2.2430419921875,-3.4393310546875,0.22430419921875,0.0,4.0,4.0,4.0,4.0,100.0,event
10:34:00.005,0.0,0.0,0.0,0.0,0.0,0.0,0.0,0.0,0.0,0.0,0.0,0.0,0.0,0.0,0.0,0.0,0.0,0.0,0.0,0.0,830.0366,786.1172,794.17584,1543.6263,848.1685,-0.44732666015625,0.1497802734375,0.87750244140625,2.2430419921875,-3.4393310546875,0.22430419921875,0.0,4.0,4.0,4.0,4.0,100.0,event
10:34:00.007,0.0,0.0,0.0,0.0,0.0,0.0,0.0,0.0,0.0,0.0,0.0,0.0,0.0,0.0,0.0,0.0,0.0,0.0,0.0,0.0,799.011,781.685,795.78754,1496.0806,843.73627,-0.44732666015625,0.1497802734375,0.87750244140625,2.2430419921875,-3.4393310546875,0.22430419921875,0.0,4.0,4.0,4.0,4.0,100.0,event
10:34:00.008,0.0,0.0,0.0,0.0,0.0,0.0,0.0,0.0,0.0,0.0,0.0,0.0,0.0,0.0,0.0,0.0,0.0,0.0,0.0,0.0,834.4689,784.90845,792.5641,1532.7472,787.326,-0.44732666015625,0.1497802734375,0.87750244140625,2.2430419921875,-3.4393310546875,0.22430419921875,0.0,4.0,4.0,4.0,4.0,100.0,event
10:34:00.009,0.0,0.0,0.0,0.0,0.0,0.0,0.0,0.0,0.0,0.0,0.0,0.0,0.0,0.0,0.0,0.0,0.0,0.0,0.0,0.0,880.0,784.5055,790.14655,1531.1355,923.5165,-0.44732666015625,0.1497802734375,0.87750244140625,2.2430419921875,-3.4393310546875,0.22430419921875,0.0,4.0,4.0,4.0,4.0,100.0,event
10:34:00.010,0.0,0.0,0.0,0.0,0.0,0.0,0.0,0.0,0.0,0.0,0.0,0.0,0.0,0.0,0.0,0.0,0.0,0.0,0.0,0.0,882.01465,786.1172,794.17584,1403.8096,1070.989,-0.44732666015625,0.1497802734375,0.87750244140625,2.2430419921875,-3.4393310546875,0.22430419921875,0.0,4.0,4.0,4.0,4.0,100.0,event
10:34:00.011,0.0,0.0,0.0,0.0,0.0,0.0,0.0,0.0,0.0,0.0,0.0,0.0,0.0,0.0,0.0,0.0,0.0,0.0,0.0,0.0,845.34796,786.52014,797.3993,1258.3517,801.02563,-0.44732666015625,0.1497802734375,0.87750244140625,2.2430419921875,-3.4393310546875,0.22430419921875,0.0,4.0,4.0,4.0,4.0,100.0,event
10:34:00.012,0.0,0.0,0.0,0.0,0.0,0.0,0.0,0.0,0.0,0.0,0.0,0.0,0.0,0.0,0.0,0.0,0.0,0.0,0.0,0.0,806.26373,783.2967,795.38464,1218.4615,726.4835,-0.44732666015625,0.1497802734375,0.87750244140625,2.2430419921875,-3.4393310546875,0.22430419921875,0.0,4.0,4.0,4.0,4.0,100.0,event
10:34:00.043,0.0,0.0,0.0,0.0,0.0,0.0,0.0,0.0,0.0,0.0,0.0,0.0,0.0,0.0,0.0,0.0,0.0,0.0,0.0,0.0,825.6044,784.10254,794.9817,1142.7106,807.47253,-0.44732666015625,0.1497802734375,0.87750244140625,2.2430419921875,-3.4393310546875,0.22430419921875,0.0,4.0,4.0,4.0,4.0,100.0,event
10:34:00.044,0.0,0.0,0.0,0.0,0.0,0.0,0.0,0.0,0.0,0.0,0.0,0.0,0.0,0.0,0.0,0.0,0.0,0.0,0.0,0.0,873.5531,783.69965,792.5641,962.6007,726.08057,-0.44732666015625,0.1497802734375,0.87750244140625,2.2430419921875,-3.4393310546875,0.22430419921875,0.0,4.0,4.0,4.0,4.0,100.0,event
10:34:00.044,0.0,0.0,0.0,0.0,0.0,0.0,0.0,0.0,0.0,0.0,0.0,0.0,0.0,0.0,0.0,0.0,0.0,0.0,0.0,0.0,873.1502,785.31134,794.17584,1004.90845,743.00366,-0.44732666015625,0.1497802734375,0.87750244140625,2.2430419921875,-3.4393310546875,0.22430419921875,0.0,4.0,4.0,4.0,4.0,100.0,event
10:34:00.045,0.0,0.0,0.0,0.0,0.0,0.0,0.0,0.0,0.0,0.0,0.0,0.0,0.0,0.0,0.0,0.0,0.0,0.0,0.0,0.0,827.619,786.52014,790.9524,872.3443,815.5311,-0.44732666015625,0.1497802734375,0.87750244140625,2.2430419921875,-3.4393310546875,0.22430419921875,0.0,4.0,4.0,4.0,4.0,100.0,event
10:34:00.045,0.0,0.0,0.0,0.0,0.0,0.0,0.0,0.0,0.0,0.0,0.0,0.0,0.0,0.0,0.0,0.0,0.0,0.0,0.0,0.0,792.5641,788.5348,790.9524,765.9707,841.7216,-0.44732666015625,0.1497802734375,0.87750244140625,2.2430419921875,-3.4393310546875,0.22430419921875,0.0,4.0,4.0,4.0,4.0,100.0,event
10:34:00.046,0.0,0.0,0.0,0.0,0.0,0.0,0.0,0.0,0.0,0.0,0.0,0.0,0.0,0.0,0.0,0.0,0.0,0.0,0.0,0.0,806.6667,784.5055,791.3553,776.8498,785.7143,-0.44732666015625,0.1497802734375,0.87750244140625,2.2430419921875,-3.4393310546875,0.22430419921875,0.0,4.0,4.0,4.0,4.0,100.0,event
10:34:00.046,0.0,0.0,0.0,0.0,0.0,0.0,0.0,0.0,0.0,0.0,0.0,0.0,0.0,0.0,0.0,0.0,0.0,0.0,0.0,0.0,848.1685,784.10254,794.57874,927.9487,823.9927,-0.44732666015625,0.1497802734375,0.87750244140625,2.2430419921875,-3.4393310546875,0.22430419921875,0.0,4.0,4.0,4.0,4.0,100.0,event
10:34:00.047,0.0,0.0,0.0,0.0,0.0,0.0,0.0,0.0,0.0,0.0,0.0,0.0,0.0,0.0,0.0,0.0,0.0,0.0,0.0,0.0,873.1502,786.1172,794.9817,1100.0,872.3443,-0.44732666015625,0.1497802734375,0.87750244140625,2.2430419921875,-3.4393310546875,0.22430419921875,0.0,4.0,4.0,4.0,4.0,100.0,event
10:34:00.047,0.0,0.0,0.0,0.0,0.0,0.0,0.0,0.0,0.0,0.0,0.0,0.0,0.0,0.0,0.0,0.0,0.0,0.0,0.0,0.0,833.2601,784.90845,796.1905,1095.1648,1007.326,-0.44732666015625,0.1497802734375,0.87750244140625,2.2430419921875,-3.4393310546875,0.22430419921875,0.0,4.0,4.0,4.0,4.0,100.0,event
10:34:00.048,0.0,0.0,0.0,0.0,0.0,0.0,0.0,0.0,0.0,0.0,0.0,0.0,0.0,0.0,0.0,0.0,0.0,0.0,0.0,0.0,807.8755,784.90845,799.011,1100.0,844.1392,-0.44732666015625,0.1497802734375,0.87750244140625,2.2430419921875,-3.4393310546875,0.22430419921875,0.0,4.0,4.0,4.0,4.0,100.0,event
10:34:00.049,0.0,0.0,0.0,0.0,0.0,0.0,0.0,0.0,0.0,0.0,0.0,0.0,0.0,0.0,0.0,0.0,0.0,0.0,0.0,0.0,828.4249,785.31134,796.99634,1198.7179,616.8865,-0.44732666015625,0.1497802734375,0.87750244140625,2.2430419921875,-3.4393310546875,0.22430419921875,0.0,4.0,4.0,4.0,4.0,100.0,event
10:34:00.050,0.0,0.0,0.0,0.0,0.0,0.0,0.0,0.0,0.0,0.0,0.0,0.0,0.0,0.0,0.0,0.0,0.0,0.0,0.0,0.0,860.65936,783.69965,793.36993,1283.3334,746.63007,-0.44732666015625,0.1497802734375,0.87750244140625,2.2430419921875,-3.4393310546875,0.22430419921875,0.0,4.0,4.0,4.0,4.0,100.0,event
10:34:00.094,0.0,0.0,0.0,0.0,0.0,0.0,0.0,0.0,0.0,0.0,0.0,0.0,0.0,0.0,0.0,0.0,0.0,0.0,0.0,0.0,882.01465,785.31134,794.9817,1299.0476,857.4359,-0.446533203125,0.15155029296875,0.8739013671875,2.392578125,-3.21502685546875,-0.19439697265625,0.0,4.0,4.0,4.0,4.0,100.0,event
10:34:00.095,0.0,0.0,0.0,0.0,0.0,0.0,0.0,0.0,0.0,0.0,0.0,0.0,0.0,0.0,0.0,0.0,0.0,0.0,0.0,0.0,842.52747,785.7143,796.5934,1112.4908,778.86444,-0.446533203125,0.15155029296875,0.8739013671875,2.392578125,-3.21502685546875,-0.19439697265625,0.0,4.0,4.0,4.0,4.0,100.0,event
10:34:00.096,0.0,0.0,0.0,0.0,0.0,0.0,0.0,0.0,0.0,0.0,0.0,0.0,0.0,0.0,0.0,0.0,0.0,0.0,0.0,0.0,800.6227,787.72894,794.17584,564.90845,796.99634,-0.446533203125,0.15155029296875,0.8739013671875,2.392578125,-3.21502685546875,-0.19439697265625,0.0,4.0,4.0,4.0,4.0,100.0,event
10:34:00.096,0.0,0.0,0.0,0.0,0.0,0.0,0.0,0.0,0.0,0.0,0.0,0.0,0.0,0.0,0.0,0.0,0.0,0.0,0.0,0.0,798.20514,787.72894,794.9817,788.5348,784.90845,-0.446533203125,0.15155029296875,0.8739013671875,2.392578125,-3.21502685546875,-0.19439697265625,0.0,4.0,4.0,4.0,4.0,100.0,event
10:34:00.099,0.0,0.0,0.0,0.0,0.0,0.0,0.0,0.0,0.0,0.0,0.0,0.0,0.0,0.0,0.0,0.0,0.0,0.0,0.0,0.0,834.0659,782.49084,790.14655,587.47253,724.87177,-0.446533203125,0.15155029296875,0.8739013671875,2.392578125,-3.21502685546875,-0.19439697265625,0.0,4.0,4.0,4.0,4.0,100.0,event
10:34:00.100,0.0,0.0,0.0,0.0,0.0,0.0,0.0,0.0,0.0,0.0,0.0,0.0,0.0,0.0,0.0,0.0,0.0,0.0,0.0,0.0,862.27106,782.0879,786.9231,751.8681,842.52747,-0.446533203125,0.15155029296875,0.8739013671875,2.392578125,-3.21502685546875,-0.19439697265625,0.0,4.0,4.0,4.0,4.0,100.0,event
10:34:00.100,0.0,0.0,0.0,0.0,0.0,0.0,0.0,0.0,0.0,0.0,0.0,0.0,0.0,0.0,0.0,0.0,0.0,0.0,0.0,0.0,838.0952,785.31134,792.1612,908.60803,873.1502,-0.446533203125,0.15155029296875,0.8739013671875,2.392578125,-3.21502685546875,-0.19439697265625,0.0,4.0,4.0,4.0,4.0,100.0,event
10:34:00.101,0.0,0.0,0.0,0.0,0.0,0.0,0.0,0.0,0.0,0.0,0.0,0.0,0.0,0.0,0.0,0.0,0.0,0.0,0.0,0.0,790.14655,786.9231,794.9817,1013.36993,933.1868,-0.446533203125,0.15155029296875,0.8739013671875,2.392578125,-3.21502685546875,-0.19439697265625,0.0,4.0,4.0,4.0,4.0,100.0,event
10:34:00.102,0.0,0.0,0.0,0.0,0.0,0.0,0.0,0.0,0.0,0.0,0.0,0.0,0.0,0.0,0.0,0.0,0.0,0.0,0.0,0.0,788.1319,785.31134,790.54944,996.8498,1056.0806,-0.446533203125,0.15155029296875,0.8739013671875,2.392578125,-3.21502685546875,-0.19439697265625,0.0,4.0,4.0,4.0,4.0,100.0,event
10:34:00.102,0.0,0.0,0.0,0.0,0.0,0.0,0.0,0.0,0.0,0.0,0.0,0.0,0.0,0.0,0.0,0.0,0.0,0.0,0.0,0.0,828.8278,781.28204,784.5055,957.3626,760.7326,-0.446533203125,0.15155029296875,0.8739013671875,2.392578125,-3.21502685546875,-0.19439697265625,0.0,4.0,4.0,4.0,4.0,100.0,event
10:34:00.103,0.0,0.0,0.0,0.0,0.0,0.0,0.0,0.0,0.0,0.0,0.0,0.0,0.0,0.0,0.0,0.0,0.0,0.0,0.0,0.0,864.68866,780.4762,784.5055,1030.6959,642.27106,-0.446533203125,0.15155029296875,0.8739013671875,2.392578125,-3.21502685546875,-0.19439697265625,0.0,4.0,4.0,4.0,4.0,100.0,event
10:34:00.103,0.0,0.0,0.0,0.0,0.0,0.0,0.0,0.0,0.0,0.0,0.0,0.0,0.0,0.0,0.0,0.0,0.0,0.0,0.0,0.0,857.03296,786.52014,790.54944,1095.9707,787.72894,-0.446533203125,0.15155029296875,0.8739013671875,2.392578125,-3.21502685546875,-0.19439697265625,0.0,4.0,4.0,4.0,4.0,100.0,event
10:34:00.147,0.0,0.0,0.0,0.0,0.0,0.0,0.0,0.0,0.0,0.0,0.0,0.0,0.0,0.0,0.0,0.0,0.0,0.0,0.0,0.0,817.9487,791.3553,795.38464,1172.5275,730.9158,-0.44720458984375,0.14605712890625,0.87396240234375,1.9439697265625,-3.289794921875,-0.844879150390625,0.0,4.0,4.0,4.0,4.0,100.0,event
10:34:00.149,0.0,0.0,0.0,0.0,0.0,0.0,0.0,0.0,0.0,0.0,0.0,0.0,0.0,0.0,0.0,0.0,0.0,0.0,0.0,0.0,799.41394,788.5348,792.5641,1249.8901,650.32965,-0.44720458984375,0.14605712890625,0.87396240234375,1.9439697265625,-3.289794921875,-0.844879150390625,0.0,4.0,4.0,4.0,4.0,100.0,event
10:34:00.150,0.0,0.0,0.0,0.0,0.0,0.0,0.0,0.0,0.0,0.0,0.0,0.0,0.0,0.0,0.0,0.0,0.0,0.0,0.0,0.0,834.0659,785.7143,795.78754,1316.7766,757.1062,-0.44720458984375,0.14605712890625,0.87396240234375,1.9439697265625,-3.289794921875,-0.844879150390625,0.0,4.0,4.0,4.0,4.0,100.0,event
10:34:00.151,0.0,0.0,0.0,0.0,0.0,0.0,0.0,0.0,0.0,0.0,0.0,0.0,0.0,0.0,0.0,0.0,0.0,0.0,0.0,0.0,871.9414,784.90845,799.011,1338.5348,859.0476,-0.44720458984375,0.14605712890625,0.87396240234375,1.9439697265625,-3.289794921875,-0.844879150390625,0.0,4.0,4.0,4.0,4.0,100.0,event
10:34:00.153,0.0,0.0,0.0,0.0,0.0,0.0,0.0,0.0,0.0,0.0,0.0,0.0,0.0,0.0,0.0,0.0,0.0,0.0,0.0,0.0,860.65936,782.8938,796.1905,1205.1648,766.3736,-0.44720458984375,0.14605712890625,0.87396240234375,1.9439697265625,-3.289794921875,-0.844879150390625,0.0,4.0,4.0,4.0,4.0,100.0,event
10:34:00.154,0.0,0.0,0.0,0.0,0.0,0.0,0.0,0.0,0.0,0.0,0.0,0.0,0.0,0.0,0.0,0.0,0.0,0.0,0.0,0.0,807.8755,786.52014,799.011,1116.1172,723.2601,-0.44720458984375,0.14605712890625,0.87396240234375,1.9439697265625,-3.289794921875,-0.844879150390625,0.0,4.0,4.0,4.0,4.0,100.0,event
10:34:00.155,0.0,0.0,0.0,0.0,0.0,0.0,0.0,0.0,0.0,0.0,0.0,0.0,0.0,0.0,0.0,0.0,0.0,0.0,0.0,0.0,790.14655,784.10254,797.8022,1090.7325,816.7399,-0.44720458984375,0.14605712890625,0.87396240234375,1.9439697265625,-3.289794921875,-0.844879150390625,0.0,4.0,4.0,4.0,4.0,100.0,event
10:34:00.156,0.0,0.0,0.0,0.0,0.0,0.0,0.0,0.0,0.0,0.0,0.0,0.0,0.0,0.0,0.0,0.0,0.0,0.0,0.0,0.0,823.1868,782.0879,795.38464,1093.956,1007.72894,-0.44720458984375,0.14605712890625,0.87396240234375,1.9439697265625,-3.289794921875,-0.844879150390625,0.0,4.0,4.0,4.0,4.0,100.0,event
10:34:00.156,0.0,0.0,0.0,0.0,0.0,0.0,0.0,0.0,0.0,0.0,0.0,0.0,0.0,0.0,0.0,0.0,0.0,0.0,0.0,0.0,861.06226,782.49084,791.75824,1149.5604,908.20514,-0.44720458984375,0.14605712890625,0.87396240234375,1.9439697265625,-3.289794921875,-0.844879150390625,0.0,4.0,4.0,4.0,4.0,100.0,event
10:34:00.157,0.0,0.0,0.0,0.0,0.0,0.0,0.0,0.0,0.0,0.0,0.0,0.0,0.0,0.0,0.0,0.0,0.0,0.0,0.0,0.0,863.47986,781.28204,787.72894,1172.5275,767.98535,-0.44720458984375,0.14605712890625,0.87396240234375,1.9439697265625,-3.289794921875,-0.844879150390625,0.0,4.0,4.0,4.0,4.0,100.0,event
10:34:00.158,0.0,0.0,0.0,0.0,0.0,0.0,0.0,0.0,0.0,0.0,0.0,0.0,0.0,0.0,0.0,0.0,0.0,0.0,0.0,0.0,822.381,783.2967,792.96704,1073.0037,838.0952,-0.44720458984375,0.14605712890625,0.87396240234375,1.9439697265625,-3.289794921875,-0.844879150390625,0.0,4.0,4.0,4.0,4.0,100.0,event
10:34:00.159,0.0,0.0,0.0,0.0,0.0,0.0,0.0,0.0,0.0,0.0,0.0,0.0,0.0,0.0,0.0,0.0,0.0,0.0,0.0,0.0,800.6227,784.90845,797.8022,1110.4762,856.2271,-0.44720458984375,0.14605712890625,0.87396240234375,1.9439697265625,-3.289794921875,-0.844879150390625,0.0,4.0,4.0,4.0,4.0,100.0,event
10:34:00.197,0.0,0.0,0.0,0.0,0.0,0.0,0.0,0.0,0.0,0.0,0.0,0.0,0.0,0.0,0.0,0.0,0.0,0.0,0.0,0.0,826.8132,783.69965,797.8022,1208.3883,791.75824,-0.446533203125,0.14825439453125,0.88275146484375,2.489776611328125,-3.648681640625,0.216827392578125,0.0,4.0,4.0,4.0,4.0,100.0,event
10:34:00.198,0.0,0.0,0.0,0.0,0.0,0.0,0.0,0.0,0.0,0.0,0.0,0.0,0.0,0.0,0.0,0.0,0.0,0.0,0.0,0.0,872.74725,781.685,798.20514,1066.9597,817.1429,-0.446533203125,0.14825439453125,0.88275146484375,2.489776611328125,-3.648681640625,0.216827392578125,0.0,4.0,4.0,4.0,4.0,100.0,event
10:34:00.199,0.0,0.0,0.0,0.0,0.0,0.0,0.0,0.0,0.0,0.0,0.0,0.0,0.0,0.0,0.0,0.0,0.0,0.0,0.0,0.0,825.6044,783.2967,794.9817,1043.5897,748.6447,-0.446533203125,0.14825439453125,0.88275146484375,2.489776611328125,-3.648681640625,0.216827392578125,0.0,4.0,4.0,4.0,4.0,100.0,event
10:34:00.199,0.0,0.0,0.0,0.0,0.0,0.0,0.0,0.0,0.0,0.0,0.0,0.0,0.0,0.0,0.0,0.0,0.0,0.0,0.0,0.0,874.7619,782.49084,797.3993,917.47253,836.08057,-0.446533203125,0.14825439453125,0.88275146484375,2.489776611328125,-3.648681640625,0.216827392578125,0.0,4.0,4.0,4.0,4.0,100.0,event
10:34:00.200,0.0,0.0,0.0,0.0,0.0,0.0,0.0,0.0,0.0,0.0,0.0,0.0,0.0,0.0,0.0,0.0,0.0,0.0,0.0,0.0,817.5458,782.8938,791.75824,1317.5824,699.0842,-0.446533203125,0.14825439453125,0.88275146484375,2.489776611328125,-3.648681640625,0.216827392578125,0.0,4.0,4.0,4.0,4.0,100.0,event
10:34:00.200,0.0,0.0,0.0,0.0,0.0,0.0,0.0,0.0,0.0,0.0,0.0,0.0,0.0,0.0,0.0,0.0,0.0,0.0,0.0,0.0,796.99634,783.2967,791.3553,1281.3187,667.25275,-0.446533203125,0.14825439453125,0.88275146484375,2.489776611328125,-3.648681640625,0.216827392578125,0.0,4.0,4.0,4.0,4.0,100.0,event
10:34:00.204,0.0,0.0,0.0,0.0,0.0,0.0,0.0,0.0,0.0,0.0,0.0,0.0,0.0,0.0,0.0,0.0,0.0,0.0,0.0,0.0,848.97437,782.49084,796.99634,1107.2528,977.50916,-0.446533203125,0.14825439453125,0.88275146484375,2.489776611328125,-3.648681640625,0.216827392578125,0.0,4.0,4.0,4.0,4.0,100.0,event
10:34:00.205,0.0,0.0,0.0,0.0,0.0,0.0,0.0,0.0,0.0,0.0,0.0,0.0,0.0,0.0,0.0,0.0,0.0,0.0,0.0,0.0,856.2271,784.5055,795.78754,931.5751,1241.8315,-0.446533203125,0.14825439453125,0.88275146484375,2.489776611328125,-3.648681640625,0.216827392578125,0.0,4.0,4.0,4.0,4.0,100.0,event
10:34:00.206,0.0,0.0,0.0,0.0,0.0,0.0,0.0,0.0,0.0,0.0,0.0,0.0,0.0,0.0,0.0,0.0,0.0,0.0,0.0,0.0,821.1722,788.5348,794.9817,927.5458,921.9048,-0.446533203125,0.14825439453125,0.88275146484375,2.489776611328125,-3.648681640625,0.216827392578125,0.0,4.0,4.0,4.0,4.0,100.0,event
10:34:00.206,0.0,0.0,0.0,0.0,0.0,0.0,0.0,0.0,0.0,0.0,0.0,0.0,0.0,0.0,0.0,0.0,0.0,0.0,0.0,0.0,786.9231,785.7143,798.60803,1318.3883,696.6667,-0.446533203125,0.14825439453125,0.88275146484375,2.489776611328125,-3.648681640625,0.216827392578125,0.0,4.0,4.0,4.0,4.0,100.0,event
10:34:00.207,0.0,0.0,0.0,0.0,0.0,0.0,0.0,0.0,0.0,0.0,0.0,0.0,0.0,0.0,0.0,0.0,0.0,0.0,0.0,0.0,797.3993,780.4762,796.5934,1612.1245,804.65204,-0.446533203125,0.14825439453125,0.88275146484375,2.489776611328125,-3.648681640625,0.216827392578125,0.0,4.0,4.0,4.0,4.0,100.0,event
10:34:00.208,0.0,0.0,0.0,0.0,0.0,0.0,0.0,0.0,0.0,0.0,0.0,0.0,0.0,0.0,0.0,0.0,0.0,0.0,0.0,0.0,838.49817,779.67035,792.96704,1643.956,809.89014,-0.446533203125,0.14825439453125,0.88275146484375,2.489776611328125,-3.648681640625,0.216827392578125,0.0,4.0,4.0,4.0,4.0,100.0,event
10:34:00.246,0.0,0.0,0.0,0.0,0.0,0.0,0.0,0.0,0.0,0.0,0.0,0.0,0.0,0.0,0.0,0.0,0.0,0.0,0.0,0.0,859.45056,780.07324,792.5641,1546.8499,809.4872,-0.44146728515625,0.14190673828125,0.87493896484375,2.01873779296875,-4.3963623046875,-0.37384033203125,0.0,4.0,4.0,4.0,4.0,100.0,event
10:34:00.247,0.0,0.0,0.0,0.0,0.0,0.0,0.0,0.0,0.0,0.0,0.0,0.0,0.0,0.0,0.0,0.0,0.0,0.0,0.0,0.0,809.0842,784.10254,798.60803,1249.4872,786.9231,-0.44146728515625,0.14190673828125,0.87493896484375,2.01873779296875,-4.3963623046875,-0.37384033203125,0.0,4.0,4.0,4.0,4.0,100.0,event
10:34:00.248,0.0,0.0,0.0,0.0,0.0,0.0,0.0,0.0,0.0,0.0,0.0,0.0,0.0,0.0,0.0,0.0,0.0,0.0,0.0,0.0,763.95605,782.8938,797.8022,1219.2675,811.9048,-0.44146728515625,0.14190673828125,0.87493896484375,2.01873779296875,-4.3963623046875,-0.37384033203125,0.0,4.0,4.0,4.0,4.0,100.0,event
10:34:00.249,0.0,0.0,0.0,0.0,0.0,0.0,0.0,0.0,0.0,0.0,0.0,0.0,0.0,0.0,0.0,0.0,0.0,0.0,0.0,0.0,783.69965,778.0586,797.3993,1056.8865,720.84247,-0.44146728515625,0.14190673828125,0.87493896484375,2.01873779296875,-4.3963623046875,-0.37384033203125,0.0,4.0,4.0,4.0,4.0,100.0,event
10:34:00.249,0.0,0.0,0.0,0.0,0.0,0.0,0.0,0.0,0.0,0.0,0.0,0.0,0.0,0.0,0.0,0.0,0.0,0.0,0.0,0.0,822.7839,777.6557,796.1905,914.65204,604.3956,-0.44146728515625,0.14190673828125,0.87493896484375,2.01873779296875,-4.3963623046875,-0.37384033203125,0.0,4.0,4.0,4.0,4.0,100.0,event
10:34:00.250,0.0,0.0,0.0,0.0,0.0,0.0,0.0,0.0,0.0,0.0,0.0,0.0,0.0,0.0,0.0,0.0,0.0,0.0,0.0,0.0,854.21246,779.2674,794.9817,1162.8572,800.2198,-0.44146728515625,0.14190673828125,0.87493896484375,2.01873779296875,-4.3963623046875,-0.37384033203125,0.0,4.0,4.0,4.0,4.0,100.0,event
10:34:00.251,0.0,0.0,0.0,0.0,0.0,0.0,0.0,0.0,0.0,0.0,0.0,0.0,0.0,0.0,0.0,0.0,0.0,0.0,0.0,0.0,828.022,780.87915,797.8022,1130.2197,1099.1941,-0.44146728515625,0.14190673828125,0.87493896484375,2.01873779296875,-4.3963623046875,-0.37384033203125,0.0,4.0,4.0,4.0,4.0,100.0,event
10:34:00.252,0.0,0.0,0.0,0.0,0.0,0.0,0.0,0.0,0.0,0.0,0.0,0.0,0.0,0.0,0.0,0.0,0.0,0.0,0.0,0.0,779.2674,782.49084,795.38464,690.2198,826.0073,-0.44146728515625,0.14190673828125,0.87493896484375,2.01873779296875,-4.3963623046875,-0.37384033203125,0.0,4.0,4.0,4.0,4.0,100.0,event
10:34:00.253,0.0,0.0,0.0,0.0,0.0,0.0,0.0,0.0,0.0,0.0,0.0,0.0,0.0,0.0,0.0,0.0,0.0,0.0,0.0,0.0,795.38464,783.2967,794.9817,568.93774,589.0842,-0.44146728515625,0.14190673828125,0.87493896484375,2.01873779296875,-4.3963623046875,-0.37384033203125,0.0,4.0,4.0,4.0,4.0,100.0,event
10:34:00.253,0.0,0.0,0.0,0.0,0.0,0.0,0.0,0.0,0.0,0.0,0.0,0.0,0.0,0.0,0.0,0.0,0.0,0.0,0.0,0.0,839.707,783.2967,798.60803,622.52747,673.69965,-0.44146728515625,0.14190673828125,0.87493896484375,2.01873779296875,-4.3963623046875,-0.37384033203125,0.0,4.0,4.0,4.0,4.0,100.0,event
10:34:00.254,0.0,0.0,0.0,0.0,0.0,0.0,0.0,0.0,0.0,0.0,0.0,0.0,0.0,0.0,0.0,0.0,0.0,0.0,0.0,0.0,865.4945,785.31134,795.78754,597.1429,751.8681,-0.44146728515625,0.14190673828125,0.87493896484375,2.01873779296875,-4.3963623046875,-0.37384033203125,0.0,4.0,4.0,4.0,4.0,100.0,event
10:34:00.255,0.0,0.0,0.0,0.0,0.0,0.0,0.0,0.0,0.0,0.0,0.0,0.0,0.0,0.0,0.0,0.0,0.0,0.0,0.0,0.0,861.06226,789.7436,795.38464,464.57877,749.85345,-0.44146728515625,0.14190673828125,0.87493896484375,2.01873779296875,-4.3963623046875,-0.37384033203125,0.0,4.0,4.0,4.0,4.0,100.0,event
10:34:00.298,0.0,0.0,0.0,0.0,0.0,0.0,0.0,0.0,0.0,0.0,0.0,0.0,0.0,0.0,0.0,0.0,0.0,0.0,0.0,0.0,818.7546,788.93774,800.2198,66.08059,657.1795,-0.44146728515625,0.14190673828125,0.87493896484375,2.01873779296875,-4.3963623046875,-0.37384033203125,0.0,4.0,4.0,4.0,4.0,100.0,event
10:34:00.299,0.0,0.0,0.0,0.0,0.0,0.0,0.0,0.0,0.0,0.0,0.0,0.0,0.0,0.0,0.0,0.0,0.0,0.0,0.0,0.0,811.50183,789.34064,799.81683,0.0,650.7326,-0.44146728515625,0.14190673828125,0.87493896484375,2.01873779296875,-4.3963623046875,-0.37384033203125,0.0,4.0,4.0,4.0,4.0,100.0,event
10:34:00.300,0.0,0.0,0.0,0.0,0.0,0.0,0.0,0.0,0.0,0.0,0.0,0.0,0.0,0.0,0.0,0.0,0.0,0.0,0.0,0.0,852.6007,789.7436,794.57874,16.520147,760.32965,-0.44146728515625,0.14190673828125,0.87493896484375,2.01873779296875,-4.3963623046875,-0.37384033203125,0.0,4.0,4.0,4.0,4.0,100.0,event
10:34:00.302,0.0,0.0,0.0,0.0,0.0,0.0,0.0,0.0,0.0,0.0,0.0,0.0,0.0,0.0,0.0,0.0,0.0,0.0,0.0,0.0,885.2381,784.5055,793.7729,0.0,814.3223,-0.44146728515625,0.14190673828125,0.87493896484375,2.01873779296875,-4.3963623046875,-0.37384033203125,0.0,4.0,4.0,4.0,4.0,100.0,event
10:34:00.303,0.0,0.0,0.0,0.0,0.0,0.0,0.0,0.0,0.0,0.0,0.0,0.0,0.0,0.0,0.0,0.0,0.0,0.0,0.0,0.0,869.92676,784.10254,798.60803,0.0,768.3883,-0.44146728515625,0.14190673828125,0.87493896484375,2.01873779296875,-4.3963623046875,-0.37384033203125,0.0,4.0,4.0,4.0,4.0,100.0,event
10:34:00.304,0.0,0.0,0.0,0.0,0.0,0.0,0.0,0.0,0.0,0.0,0.0,0.0,0.0,0.0,0.0,0.0,0.0,0.0,0.0,0.0,815.5311,782.8938,800.2198,0.0,862.27106,-0.44146728515625,0.14190673828125,0.87493896484375,2.01873779296875,-4.3963623046875,-0.37384033203125,0.0,4.0,4.0,4.0,4.0,100.0,event
10:34:00.305,0.0,0.0,0.0,0.0,0.0,0.0,0.0,0.0,0.0,0.0,0.0,0.0,0.0,0.0,0.0,0.0,0.0,0.0,0.0,0.0,803.8461,779.2674,796.99634,4.835165,1091.1355,-0.44146728515625,0.14190673828125,0.87493896484375,2.01873779296875,-4.3963623046875,-0.37384033203125,0.0,4.0,4.0,4.0,4.0,100.0,event
10:34:00.307,0.0,0.0,0.0,0.0,0.0,0.0,0.0,0.0,0.0,0.0,0.0,0.0,0.0,0.0,0.0,0.0,0.0,0.0,0.0,0.0,849.7802,781.28204,795.38464,0.4029304,897.326,-0.44146728515625,0.14190673828125,0.87493896484375,2.01873779296875,-4.3963623046875,-0.37384033203125,0.0,4.0,4.0,4.0,4.0,100.0,event
10:34:00.311,0.0,0.0,0.0,0.0,0.0,0.0,0.0,0.0,0.0,0.0,0.0,0.0,0.0,0.0,0.0,0.0,0.0,0.0,0.0,0.0,884.43225,783.2967,795.78754,1.2087913,724.4689,-0.44146728515625,0.14190673828125,0.87493896484375,2.01873779296875,-4.3963623046875,-0.37384033203125,0.0,4.0,4.0,4.0,4.0,100.0,event
10:34:00.311,0.0,0.0,0.0,0.0,0.0,0.0,0.0,0.0,0.0,0.0,0.0,0.0,0.0,0.0,0.0,0.0,0.0,0.0,0.0,0.0,864.2857,780.4762,798.60803,227.65567,770.80585,-0.44146728515625,0.14190673828125,0.87493896484375,2.01873779296875,-4.3963623046875,-0.37384033203125,0.0,4.0,4.0,4.0,4.0,100.0,event
10:34:00.312,0.0,0.0,0.0,0.0,0.0,0.0,0.0,0.0,0.0,0.0,0.0,0.0,0.0,0.0,0.0,0.0,0.0,0.0,0.0,0.0,821.5751,781.28204,801.8315,417.43588,732.1245,-0.44146728515625,0.14190673828125,0.87493896484375,2.01873779296875,-4.3963623046875,-0.37384033203125,0.0,4.0,4.0,4.0,4.0,100.0,event
10:34:00.313,0.0,0.0,0.0,0.0,0.0,0.0,0.0,0.0,0.0,0.0,0.0,0.0,0.0,0.0,0.0,0.0,0.0,0.0,0.0,0.0,805.05493,781.28204,795.38464,458.13187,651.13556,-0.44146728515625,0.14190673828125,0.87493896484375,2.01873779296875,-4.3963623046875,-0.37384033203125,0.0,4.0,4.0,4.0,4.0,100.0,event
10:34:00.344,0.0,0.0,0.0,0.0,0.0,0.0,0.0,0.0,0.0,0.0,0.0,0.0,0.0,0.0,0.0,0.0,0.0,0.0,0.0,0.0,835.6777,776.8498,793.7729,626.1539,686.1905,-0.43896484375,0.1475830078125,0.87493896484375,3.46923828125,-3.925323486328125,0.299072265625,0.0,4.0,4.0,4.0,4.0,100.0,event
10:34:00.345,0.0,0.0,0.0,0.0,0.0,0.0,0.0,0.0,0.0,0.0,0.0,0.0,0.0,0.0,0.0,0.0,0.0,0.0,0.0,0.0,868.71796,776.8498,790.9524,825.6044,817.1429,-0.43896484375,0.1475830078125,0.87493896484375,3.46923828125,-3.925323486328125,0.299072265625,0.0,4.0,4.0,4.0,4.0,100.0,event
10:34:00.345,0.0,0.0,0.0,0.0,0.0,0.0,0.0,0.0,0.0,0.0,0.0,0.0,0.0,0.0,0.0,0.0,0.0,0.0,0.0,0.0,859.85345,778.0586,791.75824,979.92676,797.8022,-0.43896484375,0.1475830078125,0.87493896484375,3.46923828125,-3.925323486328125,0.299072265625,0.0,4.0,4.0,4.0,4.0,100.0,event
10:34:00.346,0.0,0.0,0.0,0.0,0.0,0.0,0.0,0.0,0.0,0.0,0.0,0.0,0.0,0.0,0.0,0.0,0.0,0.0,0.0,0.0,810.696,779.67035,797.8022,1050.4396,704.7253,-0.43896484375,0.1475830078125,0.87493896484375,3.46923828125,-3.925323486328125,0.299072265625,0.0,4.0,4.0,4.0,4.0,100.0,event
10:34:00.346,0.0,0.0,0.0,0.0,0.0,0.0,0.0,0.0,0.0,0.0,0.0,0.0,0.0,0.0,0.0,0.0,0.0,0.0,0.0,0.0,784.90845,779.2674,798.20514,1211.6117,761.13556,-0.43896484375,0.1475830078125,0.87493896484375,3.46923828125,-3.925323486328125,0.299072265625,0.0,4.0,4.0,4.0,4.0,100.0,event
10:34:00.347,0.0,0.0,0.0,0.0,0.0,0.0,0.0,0.0,0.0,0.0,0.0,0.0,0.0,0.0,0.0,0.0,0.0,0.0,0.0,0.0,814.3223,775.2381,796.1905,1306.3004,883.22345,-0.43896484375,0.1475830078125,0.87493896484375,3.46923828125,-3.925323486328125,0.299072265625,0.0,4.0,4.0,4.0,4.0,100.0,event
10:34:00.347,0.0,0.0,0.0,0.0,0.0,0.0,0.0,0.0,0.0,0.0,0.0,0.0,0.0,0.0,0.0,0.0,0.0,0.0,0.0,0.0,863.47986,775.64105,793.36993,1212.4176,844.94507,-0.43896484375,0.1475830078125,0.87493896484375,3.46923828125,-3.925323486328125,0.299072265625,0.0,4.0,4.0,4.0,4.0,100.0,event
10:34:00.347,0.0,0.0,0.0,0.0,0.0,0.0,0.0,0.0,0.0,0.0,0.0,0.0,0.0,0.0,0.0,0.0,0.0,0.0,0.0,0.0,864.68866,778.46155,794.17584,1120.5494,801.02563,-0.43896484375,0.1475830078125,0.87493896484375,3.46923828125,-3.925323486328125,0.299072265625,0.0,4.0,4.0,4.0,4.0,100.0,event
10:34:00.348,0.0,0.0,0.0,0.0,0.0,0.0,0.0,0.0,0.0,0.0,0.0,0.0,0.0,0.0,0.0,0.0,0.0,0.0,0.0,0.0,777.6557,774.83514,791.3553,1094.762,1009.7436,-0.43896484375,0.1475830078125,0.87493896484375,3.46923828125,-3.925323486328125,0.299072265625,0.0,4.0,4.0,4.0,4.0,100.0,event
10:34:00.348,0.0,0.0,0.0,0.0,0.0,0.0,0.0,0.0,0.0,0.0,0.0,0.0,0.0,0.0,0.0,0.0,0.0,0.0,0.0,0.0,803.8461,776.4469,792.1612,1126.9963,836.08057,-0.43896484375,0.1475830078125,0.87493896484375,3.46923828125,-3.925323486328125,0.299072265625,0.0,4.0,4.0,4.0,4.0,100.0,event
10:34:00.349,0.0,0.0,0.0,0.0,0.0,0.0,0.0,0.0,0.0,0.0,0.0,0.0,0.0,0.0,0.0,0.0,0.0,0.0,0.0,0.0,811.50183,779.67035,794.57874,1033.9194,915.05493,-0.43896484375,0.1475830078125,0.87493896484375,3.46923828125,-3.925323486328125,0.299072265625,0.0,4.0,4.0,4.0,4.0,100.0,event
10:34:00.349,0.0,0.0,0.0,0.0,0.0,0.0,0.0,0.0,0.0,0.0,0.0,0.0,0.0,0.0,0.0,0.0,0.0,0.0,0.0,0.0,848.1685,780.07324,796.1905,989.19415,681.75824,-0.43896484375,0.1475830078125,0.87493896484375,3.46923828125,-3.925323486328125,0.299072265625,0.0,4.0,4.0,4.0,4.0,100.0,event
10:34:00.378,0.0,0.0,0.0,0.0,0.0,0.0,0.0,0.0,0.0,0.0,0.0,0.0,0.0,0.0,0.0,0.0,0.0,0.0,0.0,0.0,851.79486,776.04395,792.96704,874.35895,710.7692,-0.4373779296875,0.156982421875,0.87725830078125,2.803802490234375,-3.282318115234375,1.0467529296875,0.0,4.0,4.0,4.0,4.0,100.0,event
10:34:00.379,0.0,0.0,0.0,0.0,0.0,0.0,0.0,0.0,0.0,0.0,0.0,0.0,0.0,0.0,0.0,0.0,0.0,0.0,0.0,0.0,807.8755,778.46155,793.7729,651.9414,770.0,-0.4373779296875,0.156982421875,0.87725830078125,2.803802490234375,-3.282318115234375,1.0467529296875,0.0,4.0,4.0,4.0,4.0,100.0,event
10:34:00.380,0.0,0.0,0.0,0.0,0.0,0.0,0.0,0.0,0.0,0.0,0.0,0.0,0.0,0.0,0.0,0.0,0.0,0.0,0.0,0.0,781.685,776.8498,795.78754,614.87177,742.6007,-0.4373779296875,0.156982421875,0.87725830078125,2.803802490234375,-3.282318115234375,1.0467529296875,0.0,4.0,4.0,4.0,4.0,100.0,event
10:34:00.381,0.0,0.0,0.0,0.0,0.0,0.0,0.0,0.0,0.0,0.0,0.0,0.0,0.0,0.0,0.0,0.0,0.0,0.0,0.0,0.0,799.41394,770.80585,794.57874,1089.9268,719.6337,-0.4373779296875,0.156982421875,0.87725830078125,2.803802490234375,-3.282318115234375,1.0467529296875,0.0,4.0,4.0,4.0,4.0,100.0,event
10:34:00.381,0.0,0.0,0.0,0.0,0.0,0.0,0.0,0.0,0.0,0.0,0.0,0.0,0.0,0.0,0.0,0.0,0.0,0.0,0.0,0.0,835.2747,770.40295,794.9817,1565.7876,877.98535,-0.4373779296875,0.156982421875,0.87725830078125,2.803802490234375,-3.282318115234375,1.0467529296875,0.0,4.0,4.0,4.0,4.0,100.0,event
10:34:00.382,0.0,0.0,0.0,0.0,0.0,0.0,0.0,0.0,0.0,0.0,0.0,0.0,0.0,0.0,0.0,0.0,0.0,0.0,0.0,0.0,850.58606,772.4176,792.96704,1636.3004,966.2271,-0.4373779296875,0.156982421875,0.87725830078125,2.803802490234375,-3.282318115234375,1.0467529296875,0.0,4.0,4.0,4.0,4.0,100.0,event
10:34:00.383,0.0,0.0,0.0,0.0,0.0,0.0,0.0,0.0,0.0,0.0,0.0,0.0,0.0,0.0,0.0,0.0,0.0,0.0,0.0,0.0,826.4103,773.6264,789.34064,1614.1392,846.55676,-0.4373779296875,0.156982421875,0.87725830078125,2.803802490234375,-3.282318115234375,1.0467529296875,0.0,4.0,4.0,4.0,4.0,100.0,event
10:34:00.383,0.0,0.0,0.0,0.0,0.0,0.0,0.0,0.0,0.0,0.0,0.0,0.0,0.0,0.0,0.0,0.0,0.0,0.0,0.0,0.0,794.9817,773.22345,794.9817,1631.8682,738.5714,-0.4373779296875,0.156982421875,0.87725830078125,2.803802490234375,-3.282318115234375,1.0467529296875,0.0,4.0,4.0,4.0,4.0,100.0,event
10:34:00.384,0.0,0.0,0.0,0.0,0.0,0.0,0.0,0.0,0.0,0.0,0.0,0.0,0.0,0.0,0.0,0.0,0.0,0.0,0.0,0.0,809.89014,772.8205,793.7729,1628.6447,1024.249,-0.4373779296875,0.156982421875,0.87725830078125,2.803802490234375,-3.282318115234375,1.0467529296875,0.0,4.0,4.0,4.0,4.0,100.0,event
10:34:00.384,0.0,0.0,0.0,0.0,0.0,0.0,0.0,0.0,0.0,0.0,0.0,0.0,0.0,0.0,0.0,0.0,0.0,0.0,0.0,0.0,780.87915,773.6264,799.41394,1628.2417,844.94507,-0.4373779296875,0.156982421875,0.87725830078125,2.803802490234375,-3.282318115234375,1.0467529296875,0.0,4.0,4.0,4.0,4.0,100.0,event
10:34:00.388,0.0,0.0,0.0,0.0,0.0,0.0,0.0,0.0,0.0,0.0,0.0,0.0,0.0,0.0,0.0,0.0,0.0,0.0,0.0,0.0,856.2271,775.64105,792.1612,1628.2417,946.4835,-0.4373779296875,0.156982421875,0.87725830078125,2.803802490234375,-3.282318115234375,1.0467529296875,0.0,4.0,4.0,4.0,4.0,100.0,event
10:34:00.388,0.0,0.0,0.0,0.0,0.0,0.0,0.0,0.0,0.0,0.0,0.0,0.0,0.0,0.0,0.0,0.0,0.0,0.0,0.0,0.0,825.6044,776.4469,795.38464,1628.2417,889.2674,-0.4373779296875,0.156982421875,0.87725830078125,2.803802490234375,-3.282318115234375,1.0467529296875,0.0,4.0,4.0,4.0,4.0,100.0,event
10:34:00.437,0.0,0.0,0.0,0.0,0.0,0.0,0.0,0.0,0.0,0.0,0.0,0.0,0.0,0.0,0.0,0.0,0.0,0.0,0.0,0.0,770.0,772.4176,794.57874,1628.2417,952.52747,-0.44903564453125,0.15191650390625,0.87457275390625,1.757049560546875,-2.340240478515625,0.635528564453125,0.0,4.0,4.0,4.0,4.0,100.0,event
10:34:00.438,0.0,0.0,0.0,0.0,0.0,0.0,0.0,0.0,0.0,0.0,0.0,0.0,0.0,0.0,0.0,0.0,0.0,0.0,0.0,0.0,786.1172,774.83514,795.38464,1628.6447,847.3626,-0.44903564453125,0.15191650390625,0.87457275390625,1.757049560546875,-2.340240478515625,0.635528564453125,0.0,4.0,4.0,4.0,4.0,100.0,event
10:34:00.439,0.0,0.0,0.0,0.0,0.0,0.0,0.0,0.0,0.0,0.0,0.0,0.0,0.0,0.0,0.0,0.0,0.0,0.0,0.0,0.0,829.6337,776.4469,793.7729,1628.2417,739.3773,-0.44903564453125,0.15191650390625,0.87457275390625,1.757049560546875,-2.340240478515625,0.635528564453125,0.0,4.0,4.0,4.0,4.0,100.0,event
10:34:00.440,0.0,0.0,0.0,0.0,0.0,0.0,0.0,0.0,0.0,0.0,0.0,0.0,0.0,0.0,0.0,0.0,0.0,0.0,0.0,0.0,845.34796,774.83514,792.96704,1629.4506,811.0989,-0.44903564453125,0.15191650390625,0.87457275390625,1.757049560546875,-2.340240478515625,0.635528564453125,0.0,4.0,4.0,4.0,4.0,100.0,event
10:34:00.440,0.0,0.0,0.0,0.0,0.0,0.0,0.0,0.0,0.0,0.0,0.0,0.0,0.0,0.0,0.0,0.0,0.0,0.0,0.0,0.0,821.5751,775.64105,795.78754,1629.8535,831.2454,-0.44903564453125,0.15191650390625,0.87457275390625,1.757049560546875,-2.340240478515625,0.635528564453125,0.0,4.0,4.0,4.0,4.0,100.0,event
10:34:00.441,0.0,0.0,0.0,0.0,0.0,0.0,0.0,0.0,0.0,0.0,0.0,0.0,0.0,0.0,0.0,0.0,0.0,0.0,0.0,0.0,775.2381,773.6264,795.38464,1600.8425,832.0513,-0.44903564453125,0.15191650390625,0.87457275390625,1.757049560546875,-2.340240478515625,0.635528564453125,0.0,4.0,4.0,4.0,4.0,100.0,event
10:34:00.442,0.0,0.0,0.0,0.0,0.0,0.0,0.0,0.0,0.0,0.0,0.0,0.0,0.0,0.0,0.0,0.0,0.0,0.0,0.0,0.0,773.22345,775.64105,796.1905,9.267399,854.61536,-0.44903564453125,0.15191650390625,0.87457275390625,1.757049560546875,-2.340240478515625,0.635528564453125,0.0,4.0,4.0,4.0,4.0,100.0,event
10:34:00.442,0.0,0.0,0.0,0.0,0.0,0.0,0.0,0.0,0.0,0.0,0.0,0.0,0.0,0.0,0.0,0.0,0.0,0.0,0.0,0.0,809.4872,776.04395,795.38464,1336.9231,770.80585,-0.44903564453125,0.15191650390625,0.87457275390625,1.757049560546875,-2.340240478515625,0.635528564453125,0.0,4.0,4.0,4.0,4.0,100.0,event
10:34:00.443,0.0,0.0,0.0,0.0,0.0,0.0,0.0,0.0,0.0,0.0,0.0,0.0,0.0,0.0,0.0,0.0,0.0,0.0,0.0,0.0,841.7216,778.0586,794.57874,468.20514,907.3993,-0.44903564453125,0.15191650390625,0.87457275390625,1.757049560546875,-2.340240478515625,0.635528564453125,0.0,4.0,4.0,4.0,4.0,100.0,event
10:34:00.444,0.0,0.0,0.0,0.0,0.0,0.0,0.0,0.0,0.0,0.0,0.0,0.0,0.0,0.0,0.0,0.0,0.0,0.0,0.0,0.0,776.8498,779.67035,795.38464,72.52747,612.8571,-0.44903564453125,0.15191650390625,0.87457275390625,1.757049560546875,-2.340240478515625,0.635528564453125,0.0,4.0,4.0,4.0,4.0,100.0,event
10:34:00.444,0.0,0.0,0.0,0.0,0.0,0.0,0.0,0.0,0.0,0.0,0.0,0.0,0.0,0.0,0.0,0.0,0.0,0.0,0.0,0.0,820.7692,782.8938,796.1905,127.326004,833.2601,-0.44903564453125,0.15191650390625,0.87457275390625,1.757049560546875,-2.340240478515625,0.635528564453125,0.0,4.0,4.0,4.0,4.0,100.0,event
10:34:00.445,0.0,0.0,0.0,0.0,0.0,0.0,0.0,0.0,0.0,0.0,0.0,0.0,0.0,0.0,0.0,0.0,0.0,0.0,0.0,0.0,784.10254,777.6557,792.96704,0.0,674.90845,-0.44903564453125,0.15191650390625,0.87457275390625,1.757049560546875,-2.340240478515625,0.635528564453125,0.0,4.0,4.0,4.0,4.0,100.0,event
10:34:00.476,0.0,0.0,0.0,0.0,0.0,0.0,0.0,0.0,0.0,0.0,0.0,0.0,0.0,0.0,0.0,0.0,0.0,0.0,0.0,0.0,821.5751,776.8498,792.96704,79.37729,788.93774,-0.45172119140625,0.15185546875,0.87176513671875,2.46734619140625,-2.75146484375,-0.179443359375,0.0,4.0,4.0,4.0,4.0,100.0,event
10:34:00.478,0.0,0.0,0.0,0.0,0.0,0.0,0.0,0.0,0.0,0.0,0.0,0.0,0.0,0.0,0.0,0.0,0.0,0.0,0.0,0.0,855.82416,773.22345,790.9524,591.50183,846.55676,-0.45172119140625,0.15185546875,0.87176513671875,2.46734619140625,-2.75146484375,-0.179443359375,0.0,4.0,4.0,4.0,4.0,100.0,event
10:34:00.479,0.0,0.0,0.0,0.0,0.0,0.0,0.0,0.0,0.0,0.0,0.0,0.0,0.0,0.0,0.0,0.0,0.0,0.0,0.0,0.0,844.5421,775.2381,795.38464,880.0,777.6557,-0.45172119140625,0.15185546875,0.87176513671875,2.46734619140625,-2.75146484375,-0.179443359375,0.0,4.0,4.0,4.0,4.0,100.0,event
10:34:00.481,0.0,0.0,0.0,0.0,0.0,0.0,0.0,0.0,0.0,0.0,0.0,0.0,0.0,0.0,0.0,0.0,0.0,0.0,0.0,0.0,794.9817,775.2381,799.41394,678.5348,737.76556,-0.45172119140625,0.15185546875,0.87176513671875,2.46734619140625,-2.75146484375,-0.179443359375,0.0,4.0,4.0,4.0,4.0,100.0,event
10:34:00.483,0.0,0.0,0.0,0.0,0.0,0.0,0.0,0.0,0.0,0.0,0.0,0.0,0.0,0.0,0.0,0.0,0.0,0.0,0.0,0.0,782.49084,774.43225,797.8022,943.663,788.1319,-0.45172119140625,0.15185546875,0.87176513671875,2.46734619140625,-2.75146484375,-0.179443359375,0.0,4.0,4.0,4.0,4.0,100.0,event
10:34:00.483,0.0,0.0,0.0,0.0,0.0,0.0,0.0,0.0,0.0,0.0,0.0,0.0,0.0,0.0,0.0,0.0,0.0,0.0,0.0,0.0,827.2161,774.83514,790.54944,1110.8792,807.0696,-0.45172119140625,0.15185546875,0.87176513671875,2.46734619140625,-2.75146484375,-0.179443359375,0.0,4.0,4.0,4.0,4.0,100.0,event
10:34:00.484,0.0,0.0,0.0,0.0,0.0,0.0,0.0,0.0,0.0,0.0,0.0,0.0,0.0,0.0,0.0,0.0,0.0,0.0,0.0,0.0,869.5238,777.25275,788.93774,533.47986,828.4249,-0.45172119140625,0.15185546875,0.87176513671875,2.46734619140625,-2.75146484375,-0.179443359375,0.0,4.0,4.0,4.0,4.0,100.0,event
10:34:00.485,0.0,0.0,0.0,0.0,0.0,0.0,0.0,0.0,0.0,0.0,0.0,0.0,0.0,0.0,0.0,0.0,0.0,0.0,0.0,0.0,860.2564,780.87915,796.1905,45.934067,930.3663,-0.45172119140625,0.15185546875,0.87176513671875,2.46734619140625,-2.75146484375,-0.179443359375,0.0,4.0,4.0,4.0,4.0,100.0,event
10:34:00.486,0.0,0.0,0.0,0.0,0.0,0.0,0.0,0.0,0.0,0.0,0.0,0.0,0.0,0.0,0.0,0.0,0.0,0.0,0.0,0.0,809.0842,780.07324,796.1905,0.0,961.39197,-0.45172119140625,0.15185546875,0.87176513671875,2.46734619140625,-2.75146484375,-0.179443359375,0.0,4.0,4.0,4.0,4.0,100.0,event
10:34:00.486,0.0,0.0,0.0,0.0,0.0,0.0,0.0,0.0,0.0,0.0,0.0,0.0,0.0,0.0,0.0,0.0,0.0,0.0,0.0,0.0,794.57874,778.0586,794.57874,134.57875,691.02563,-0.45172119140625,0.15185546875,0.87176513671875,2.46734619140625,-2.75146484375,-0.179443359375,0.0,4.0,4.0,4.0,4.0,100.0,event
10:34:00.487,0.0,0.0,0.0,0.0,0.0,0.0,0.0,0.0,0.0,0.0,0.0,0.0,0.0,0.0,0.0,0.0,0.0,0.0,0.0,0.0,823.1868,775.2381,794.17584,743.00366,669.2674,-0.45172119140625,0.15185546875,0.87176513671875,2.46734619140625,-2.75146484375,-0.179443359375,0.0,4.0,4.0,4.0,4.0,100.0,event
10:34:00.488,0.0,0.0,0.0,0.0,0.0,0.0,0.0,0.0,0.0,0.0,0.0,0.0,0.0,0.0,0.0,0.0,0.0,0.0,0.0,0.0,847.3626,774.0293,796.1905,1320.0,799.011,-0.45172119140625,0.15185546875,0.87176513671875,2.46734619140625,-2.75146484375,-0.179443359375,0.0,4.0,4.0,4.0,4.0,100.0,event
10:34:00.525,0.0,0.0,0.0,0.0,0.0,0.0,0.0,0.0,0.0,0.0,0.0,0.0,0.0,0.0,0.0,0.0,0.0,0.0,0.0,0.0,844.94507,773.6264,797.3993,1456.1904,761.9414,-0.45172119140625,0.15185546875,0.87176513671875,2.46734619140625,-2.75146484375,-0.179443359375,0.0,4.0,4.0,4.0,4.0,100.0,event
10:34:00.526,0.0,0.0,0.0,0.0,0.0,0.0,0.0,0.0,0.0,0.0,0.0,0.0,0.0,0.0,0.0,0.0,0.0,0.0,0.0,0.0,801.4286,771.6117,793.36993,1569.8169,691.4286,-0.45172119140625,0.15185546875,0.87176513671875,2.46734619140625,-2.75146484375,-0.179443359375,0.0,4.0,4.0,4.0,4.0,100.0,event
10:34:00.527,0.0,0.0,0.0,0.0,0.0,0.0,0.0,0.0,0.0,0.0,0.0,0.0,0.0,0.0,0.0,0.0,0.0,0.0,0.0,0.0,772.8205,770.40295,792.5641,1635.8975,715.6044,-0.45172119140625,0.15185546875,0.87176513671875,2.46734619140625,-2.75146484375,-0.179443359375,0.0,4.0,4.0,4.0,4.0,100.0,event
10:34:00.527,0.0,0.0,0.0,0.0,0.0,0.0,0.0,0.0,0.0,0.0,0.0,0.0,0.0,0.0,0.0,0.0,0.0,0.0,0.0,0.0,807.0696,772.8205,800.2198,1464.652,791.3553,-0.45172119140625,0.15185546875,0.87176513671875,2.46734619140625,-2.75146484375,-0.179443359375,0.0,4.0,4.0,4.0,4.0,100.0,event
10:34:00.528,0.0,0.0,0.0,0.0,0.0,0.0,0.0,0.0,0.0,0.0,0.0,0.0,0.0,0.0,0.0,0.0,0.0,0.0,0.0,0.0,857.03296,774.83514,801.02563,1364.3224,810.696,-0.45172119140625,0.15185546875,0.87176513671875,2.46734619140625,-2.75146484375,-0.179443359375,0.0,4.0,4.0,4.0,4.0,100.0,event
10:34:00.529,0.0,0.0,0.0,0.0,0.0,0.0,0.0,0.0,0.0,0.0,0.0,0.0,0.0,0.0,0.0,0.0,0.0,0.0,0.0,0.0,853.00366,777.6557,796.99634,1582.3077,828.8278,-0.45172119140625,0.15185546875,0.87176513671875,2.46734619140625,-2.75146484375,-0.179443359375,0.0,4.0,4.0,4.0,4.0,100.0,event
10:34:00.529,0.0,0.0,0.0,0.0,0.0,0.0,0.0,0.0,0.0,0.0,0.0,0.0,0.0,0.0,0.0,0.0,0.0,0.0,0.0,0.0,807.0696,779.2674,794.57874,1638.7179,903.7729,-0.45172119140625,0.15185546875,0.87176513671875,2.46734619140625,-2.75146484375,-0.179443359375,0.0,4.0,4.0,4.0,4.0,100.0,event
10:34:00.530,0.0,0.0,0.0,0.0,0.0,0.0,0.0,0.0,0.0,0.0,0.0,0.0,0.0,0.0,0.0,0.0,0.0,0.0,0.0,0.0,778.46155,780.4762,800.6227,1508.9744,1044.7986,-0.45172119140625,0.15185546875,0.87176513671875,2.46734619140625,-2.75146484375,-0.179443359375,0.0,4.0,4.0,4.0,4.0,100.0,event
10:34:00.530,0.0,0.0,0.0,0.0,0.0,0.0,0.0,0.0,0.0,0.0,0.0,0.0,0.0,0.0,0.0,0.0,0.0,0.0,0.0,0.0,800.6227,781.685,801.8315,1280.9158,996.4469,-0.45172119140625,0.15185546875,0.87176513671875,2.46734619140625,-2.75146484375,-0.179443359375,0.0,4.0,4.0,4.0,4.0,100.0,event
10:34:00.531,0.0,0.0,0.0,0.0,0.0,0.0,0.0,0.0,0.0,0.0,0.0,0.0,0.0,0.0,0.0,0.0,0.0,0.0,0.0,0.0,849.3773,780.4762,795.38464,921.9048,790.54944,-0.45172119140625,0.15185546875,0.87176513671875,2.46734619140625,-2.75146484375,-0.179443359375,0.0,4.0,4.0,4.0,4.0,100.0,event
10:34:00.532,0.0,0.0,0.0,0.0,0.0,0.0,0.0,0.0,0.0,0.0,0.0,0.0,0.0,0.0,0.0,0.0,0.0,0.0,0.0,0.0,821.5751,781.28204,803.44324,464.57877,658.3883,-0.45172119140625,0.15185546875,0.87176513671875,2.46734619140625,-2.75146484375,-0.179443359375,0.0,4.0,4.0,4.0,4.0,100.0,event
10:34:00.532,0.0,0.0,0.0,0.0,0.0,0.0,0.0,0.0,0.0,0.0,0.0,0.0,0.0,0.0,0.0,0.0,0.0,0.0,0.0,0.0,859.45056,782.0879,798.60803,570.9524,707.9487,-0.45172119140625,0.15185546875,0.87176513671875,2.46734619140625,-2.75146484375,-0.179443359375,0.0,4.0,4.0,4.0,4.0,100.0,event
10:34:00.570,0.0,0.0,0.0,0.0,0.0,0.0,0.0,0.0,0.0,0.0,0.0,0.0,0.0,0.0,0.0,0.0,0.0,0.0,0.0,0.0,782.0879,776.04395,797.8022,743.8095,584.65204,-0.44287109375,0.15142822265625,0.8740234375,1.5850830078125,-3.90289306640625,-0.299072265625,0.0,4.0,4.0,4.0,4.0,100.0,event
10:34:00.572,0.0,0.0,0.0,0.0,0.0,0.0,0.0,0.0,0.0,0.0,0.0,0.0,0.0,0.0,0.0,0.0,0.0,0.0,0.0,0.0,789.7436,776.04395,792.5641,667.6557,613.663,-0.44287109375,0.15142822265625,0.8740234375,1.5850830078125,-3.90289306640625,-0.299072265625,0.0,4.0,4.0,4.0,4.0,100.0,event
10:34:00.574,0.0,0.0,0.0,0.0,0.0,0.0,0.0,0.0,0.0,0.0,0.0,0.0,0.0,0.0,0.0,0.0,0.0,0.0,0.0,0.0,843.3333,781.28204,794.57874,367.47253,678.1319,-0.44287109375,0.15142822265625,0.8740234375,1.5850830078125,-3.90289306640625,-0.299072265625,0.0,4.0,4.0,4.0,4.0,100.0,event
10:34:00.575,0.0,0.0,0.0,0.0,0.0,0.0,0.0,0.0,0.0,0.0,0.0,0.0,0.0,0.0,0.0,0.0,0.0,0.0,0.0,0.0,869.12085,780.07324,793.36993,568.1319,728.9011,-0.44287109375,0.15142822265625,0.8740234375,1.5850830078125,-3.90289306640625,-0.299072265625,0.0,4.0,4.0,4.0,4.0,100.0,event
10:34:00.576,0.0,0.0,0.0,0.0,0.0,0.0,0.0,0.0,0.0,0.0,0.0,0.0,0.0,0.0,0.0,0.0,0.0,0.0,0.0,0.0,836.8865,775.64105,796.5934,872.3443,767.98535,-0.44287109375,0.15142822265625,0.8740234375,1.5850830078125,-3.90289306640625,-0.299072265625,0.0,4.0,4.0,4.0,4.0,100.0,event
10:34:00.576,0.0,0.0,0.0,0.0,0.0,0.0,0.0,0.0,0.0,0.0,0.0,0.0,0.0,0.0,0.0,0.0,0.0,0.0,0.0,0.0,796.1905,773.22345,796.5934,849.3773,795.38464,-0.44287109375,0.15142822265625,0.8740234375,1.5850830078125,-3.90289306640625,-0.299072265625,0.0,4.0,4.0,4.0,4.0,100.0,event
10:34:00.577,0.0,0.0,0.0,0.0,0.0,0.0,0.0,0.0,0.0,0.0,0.0,0.0,0.0,0.0,0.0,0.0,0.0,0.0,0.0,0.0,795.38464,770.80585,792.96704,797.3993,944.0659,-0.44287109375,0.15142822265625,0.8740234375,1.5850830078125,-3.90289306640625,-0.299072265625,0.0,4.0,4.0,4.0,4.0,100.0,event
10:34:00.578,0.0,0.0,0.0,0.0,0.0,0.0,0.0,0.0,0.0,0.0,0.0,0.0,0.0,0.0,0.0,0.0,0.0,0.0,0.0,0.0,823.1868,772.8205,792.96704,1053.663,1160.8425,-0.44287109375,0.15142822265625,0.8740234375,1.5850830078125,-3.90289306640625,-0.299072265625,0.0,4.0,4.0,4.0,4.0,100.0,event
10:34:00.579,0.0,0.0,0.0,0.0,0.0,0.0,0.0,0.0,0.0,0.0,0.0,0.0,0.0,0.0,0.0,0.0,0.0,0.0,0.0,0.0,866.30035,775.2381,789.7436,1137.8755,950.5128,-0.44287109375,0.15142822265625,0.8740234375,1.5850830078125,-3.90289306640625,-0.299072265625,0.0,4.0,4.0,4.0,4.0,100.0,event
10:34:00.580,0.0,0.0,0.0,0.0,0.0,0.0,0.0,0.0,0.0,0.0,0.0,0.0,0.0,0.0,0.0,0.0,0.0,0.0,0.0,0.0,847.76556,776.04395,788.5348,1051.2454,701.9048,-0.44287109375,0.15142822265625,0.8740234375,1.5850830078125,-3.90289306640625,-0.299072265625,0.0,4.0,4.0,4.0,4.0,100.0,event
10:34:00.580,0.0,0.0,0.0,0.0,0.0,0.0,0.0,0.0,0.0,0.0,0.0,0.0,0.0,0.0,0.0,0.0,0.0,0.0,0.0,0.0,786.9231,778.0586,792.1612,812.71063,709.5604,-0.44287109375,0.15142822265625,0.8740234375,1.5850830078125,-3.90289306640625,-0.299072265625,0.0,4.0,4.0,4.0,4.0,100.0,event
10:34:00.581,0.0,0.0,0.0,0.0,0.0,0.0,0.0,0.0,0.0,0.0,0.0,0.0,0.0,0.0,0.0,0.0,0.0,0.0,0.0,0.0,791.3553,776.8498,793.36993,547.1795,681.3553,-0.44287109375,0.15142822265625,0.8740234375,1.5850830078125,-3.90289306640625,-0.299072265625,0.0,4.0,4.0,4.0,4.0,100.0,event
10:34:00.627,0.0,0.0,0.0,0.0,0.0,0.0,0.0,0.0,0.0,0.0,0.0,0.0,0.0,0.0,0.0,0.0,0.0,0.0,0.0,0.0,832.8571,774.43225,788.93774,735.7509,614.4689,-0.44305419921875,0.14892578125,0.8665771484375,2.55706787109375,-3.760833740234375,0.650482177734375,0.0,4.0,4.0,4.0,4.0,100.0,event
10:34:00.630,0.0,0.0,0.0,0.0,0.0,0.0,0.0,0.0,0.0,0.0,0.0,0.0,0.0,0.0,0.0,0.0,0.0,0.0,0.0,0.0,869.5238,774.0293,790.14655,865.4945,674.5055,-0.44305419921875,0.14892578125,0.8665771484375,2.55706787109375,-3.760833740234375,0.650482177734375,0.0,4.0,4.0,4.0,4.0,100.0,event
10:34:00.638,0.0,0.0,0.0,0.0,0.0,0.0,0.0,0.0,0.0,0.0,0.0,0.0,0.0,0.0,0.0,0.0,0.0,0.0,0.0,0.0,850.58606,777.25275,795.78754,605.6044,823.1868,-0.44305419921875,0.14892578125,0.8665771484375,2.55706787109375,-3.760833740234375,0.650482177734375,0.0,4.0,4.0,4.0,4.0,100.0,event
10:34:00.640,0.0,0.0,0.0,0.0,0.0,0.0,0.0,0.0,0.0,0.0,0.0,0.0,0.0,0.0,0.0,0.0,0.0,0.0,0.0,0.0,805.8608,777.6557,791.3553,492.78387,726.08057,-0.44305419921875,0.14892578125,0.8665771484375,2.55706787109375,-3.760833740234375,0.650482177734375,0.0,4.0,4.0,4.0,4.0,100.0,event
10:34:00.641,0.0,0.0,0.0,0.0,0.0,0.0,0.0,0.0,0.0,0.0,0.0,0.0,0.0,0.0,0.0,0.0,0.0,0.0,0.0,0.0,805.05493,778.86444,786.52014,686.1905,628.1685,-0.44305419921875,0.14892578125,0.8665771484375,2.55706787109375,-3.760833740234375,0.650482177734375,0.0,4.0,4.0,4.0,4.0,100.0,event
10:34:00.643,0.0,0.0,0.0,0.0,0.0,0.0,0.0,0.0,0.0,0.0,0.0,0.0,0.0,0.0,0.0,0.0,0.0,0.0,0.0,0.0,841.31866,776.04395,788.5348,841.7216,814.3223,-0.44305419921875,0.14892578125,0.8665771484375,2.55706787109375,-3.760833740234375,0.650482177734375,0.0,4.0,4.0,4.0,4.0,100.0,event
10:34:00.644,0.0,0.0,0.0,0.0,0.0,0.0,0.0,0.0,0.0,0.0,0.0,0.0,0.0,0.0,0.0,0.0,0.0,0.0,0.0,0.0,873.95605,774.83514,794.9817,925.9341,1134.652,-0.44305419921875,0.14892578125,0.8665771484375,2.55706787109375,-3.760833740234375,0.650482177734375,0.0,4.0,4.0,4.0,4.0,100.0,event
10:34:00.646,0.0,0.0,0.0,0.0,0.0,0.0,0.0,0.0,0.0,0.0,0.0,0.0,0.0,0.0,0.0,0.0,0.0,0.0,0.0,0.0,859.85345,779.67035,799.81683,960.989,1014.17584,-0.44305419921875,0.14892578125,0.8665771484375,2.55706787109375,-3.760833740234375,0.650482177734375,0.0,4.0,4.0,4.0,4.0,100.0,event
10:34:00.647,0.0,0.0,0.0,0.0,0.0,0.0,0.0,0.0,0.0,0.0,0.0,0.0,0.0,0.0,0.0,0.0,0.0,0.0,0.0,0.0,815.12823,778.46155,803.0403,861.4652,651.13556,-0.44305419921875,0.14892578125,0.8665771484375,2.55706787109375,-3.760833740234375,0.650482177734375,0.0,4.0,4.0,4.0,4.0,100.0,event
10:34:00.649,0.0,0.0,0.0,0.0,0.0,0.0,0.0,0.0,0.0,0.0,0.0,0.0,0.0,0.0,0.0,0.0,0.0,0.0,0.0,0.0,805.4579,777.6557,803.44324,911.4286,667.6557,-0.44305419921875,0.14892578125,0.8665771484375,2.55706787109375,-3.760833740234375,0.650482177734375,0.0,4.0,4.0,4.0,4.0,100.0,event
10:34:00.651,0.0,0.0,0.0,0.0,0.0,0.0,0.0,0.0,0.0,0.0,0.0,0.0,0.0,0.0,0.0,0.0,0.0,0.0,0.0,0.0,832.0513,779.2674,797.3993,1093.5531,874.35895,-0.44305419921875,0.14892578125,0.8665771484375,2.55706787109375,-3.760833740234375,0.650482177734375,0.0,4.0,4.0,4.0,4.0,100.0,event
10:34:00.651,0.0,0.0,0.0,0.0,0.0,0.0,0.0,0.0,0.0,0.0,0.0,0.0,0.0,0.0,0.0,0.0,0.0,0.0,0.0,0.0,871.53845,776.8498,794.57874,1102.0146,818.7546,-0.44305419921875,0.14892578125,0.8665771484375,2.55706787109375,-3.760833740234375,0.650482177734375,0.0,4.0,4.0,4.0,4.0,100.0,event
10:34:00.686,0.0,0.0,0.0,0.0,0.0,0.0,0.0,0.0,0.0,0.0,0.0,0.0,0.0,0.0,0.0,0.0,0.0,0.0,0.0,0.0,869.5238,778.86444,796.99634,928.7546,708.7546,-0.4437255859375,0.15234375,0.87884521484375,3.132781982421875,-4.35150146484375,1.06170654296875,0.0,4.0,4.0,4.0,4.0,100.0,event
10:34:00.688,0.0,0.0,0.0,0.0,0.0,0.0,0.0,0.0,0.0,0.0,0.0,0.0,0.0,0.0,0.0,0.0,0.0,0.0,0.0,0.0,797.3993,780.4762,793.36993,1252.7106,842.52747,-0.4437255859375,0.15234375,0.87884521484375,3.132781982421875,-4.35150146484375,1.06170654296875,0.0,4.0,4.0,4.0,4.0,100.0,event
10:34:00.688,0.0,0.0,0.0,0.0,0.0,0.0,0.0,0.0,0.0,0.0,0.0,0.0,0.0,0.0,0.0,0.0,0.0,0.0,0.0,0.0,818.7546,780.87915,797.8022,988.7912,741.79486,-0.4437255859375,0.15234375,0.87884521484375,3.132781982421875,-4.35150146484375,1.06170654296875,0.0,4.0,4.0,4.0,4.0,100.0,event
10:34:00.689,0.0,0.0,0.0,0.0,0.0,0.0,0.0,0.0,0.0,0.0,0.0,0.0,0.0,0.0,0.0,0.0,0.0,0.0,0.0,0.0,827.2161,783.69965,790.54944,523.00366,750.2564,-0.4437255859375,0.15234375,0.87884521484375,3.132781982421875,-4.35150146484375,1.06170654296875,0.0,4.0,4.0,4.0,4.0,100.0,event
10:34:00.690,0.0,0.0,0.0,0.0,0.0,0.0,0.0,0.0,0.0,0.0,0.0,0.0,0.0,0.0,0.0,0.0,0.0,0.0,0.0,0.0,871.9414,781.685,792.1612,0.0,659.59705,-0.4437255859375,0.15234375,0.87884521484375,3.132781982421875,-4.35150146484375,1.06170654296875,0.0,4.0,4.0,4.0,4.0,100.0,event
10:34:00.690,0.0,0.0,0.0,0.0,0.0,0.0,0.0,0.0,0.0,0.0,0.0,0.0,0.0,0.0,0.0,0.0,0.0,0.0,0.0,0.0,868.71796,779.67035,796.1905,33.846153,823.5897,-0.4437255859375,0.15234375,0.87884521484375,3.132781982421875,-4.35150146484375,1.06170654296875,0.0,4.0,4.0,4.0,4.0,100.0,event
10:34:00.691,0.0,0.0,0.0,0.0,0.0,0.0,0.0,0.0,0.0,0.0,0.0,0.0,0.0,0.0,0.0,0.0,0.0,0.0,0.0,0.0,814.3223,781.685,794.17584,2.4175825,880.80585,-0.4437255859375,0.15234375,0.87884521484375,3.132781982421875,-4.35150146484375,1.06170654296875,0.0,4.0,4.0,4.0,4.0,100.0,event
10:34:00.692,0.0,0.0,0.0,0.0,0.0,0.0,0.0,0.0,0.0,0.0,0.0,0.0,0.0,0.0,0.0,0.0,0.0,0.0,0.0,0.0,788.93774,779.2674,796.1905,1.6117216,668.0586,-0.4437255859375,0.15234375,0.87884521484375,3.132781982421875,-4.35150146484375,1.06170654296875,0.0,4.0,4.0,4.0,4.0,100.0,event
10:34:00.692,0.0,0.0,0.0,0.0,0.0,0.0,0.0,0.0,0.0,0.0,0.0,0.0,0.0,0.0,0.0,0.0,0.0,0.0,0.0,0.0,812.3077,780.07324,792.96704,6.0439563,566.52014,-0.4437255859375,0.15234375,0.87884521484375,3.132781982421875,-4.35150146484375,1.06170654296875,0.0,4.0,4.0,4.0,4.0,100.0,event
10:34:00.693,0.0,0.0,0.0,0.0,0.0,0.0,0.0,0.0,0.0,0.0,0.0,0.0,0.0,0.0,0.0,0.0,0.0,0.0,0.0,0.0,853.4066,778.86444,788.1319,81.79487,774.0293,-0.4437255859375,0.15234375,0.87884521484375,3.132781982421875,-4.35150146484375,1.06170654296875,0.0,4.0,4.0,4.0,4.0,100.0,event
10:34:00.693,0.0,0.0,0.0,0.0,0.0,0.0,0.0,0.0,0.0,0.0,0.0,0.0,0.0,0.0,0.0,0.0,0.0,0.0,0.0,0.0,855.0183,779.67035,795.38464,339.2674,881.2088,-0.4437255859375,0.15234375,0.87884521484375,3.132781982421875,-4.35150146484375,1.06170654296875,0.0,4.0,4.0,4.0,4.0,100.0,event
10:34:00.694,0.0,0.0,0.0,0.0,0.0,0.0,0.0,0.0,0.0,0.0,0.0,0.0,0.0,0.0,0.0,0.0,0.0,0.0,0.0,0.0,801.8315,784.10254,799.41394,744.61536,755.4945,-0.4437255859375,0.15234375,0.87884521484375,3.132781982421875,-4.35150146484375,1.06170654296875,0.0,4.0,4.0,4.0,4.0,100.0,event
10:34:00.715,0.0,0.0,0.0,0.0,0.0,0.0,0.0,0.0,0.0,0.0,0.0,0.0,0.0,0.0,0.0,0.0,0.0,0.0,0.0,0.0,772.8205,784.10254,797.8022,796.99634,737.76556,-0.4434814453125,0.151123046875,0.8753662109375,2.056121826171875,-3.925323486328125,1.18133544921875,0.0,4.0,4.0,4.0,4.0,100.0,event
10:34:00.717,0.0,0.0,0.0,0.0,0.0,0.0,0.0,0.0,0.0,0.0,0.0,0.0,0.0,0.0,0.0,0.0,0.0,0.0,0.0,0.0,844.1392,778.0586,793.7729,523.00366,768.3883,-0.4434814453125,0.151123046875,0.8753662109375,2.056121826171875,-3.925323486328125,1.18133544921875,0.0,4.0,4.0,4.0,4.0,100.0,event
10:34:00.717,0.0,0.0,0.0,0.0,0.0,0.0,0.0,0.0,0.0,0.0,0.0,0.0,0.0,0.0,0.0,0.0,0.0,0.0,0.0,0.0,797.3993,782.8938,797.3993,548.3883,815.12823,-0.4434814453125,0.151123046875,0.8753662109375,2.056121826171875,-3.925323486328125,1.18133544921875,0.0,4.0,4.0,4.0,4.0,100.0,event
10:34:00.718,0.0,0.0,0.0,0.0,0.0,0.0,0.0,0.0,0.0,0.0,0.0,0.0,0.0,0.0,0.0,0.0,0.0,0.0,0.0,0.0,861.4652,778.0586,794.57874,528.6447,725.2747,-0.4434814453125,0.151123046875,0.8753662109375,2.056121826171875,-3.925323486328125,1.18133544921875,0.0,4.0,4.0,4.0,4.0,100.0,event
10:34:00.722,0.0,0.0,0.0,0.0,0.0,0.0,0.0,0.0,0.0,0.0,0.0,0.0,0.0,0.0,0.0,0.0,0.0,0.0,0.0,0.0,817.9487,779.2674,798.60803,620.9158,820.7692,-0.4434814453125,0.151123046875,0.8753662109375,2.056121826171875,-3.925323486328125,1.18133544921875,0.0,4.0,4.0,4.0,4.0,100.0,event
10:34:00.723,0.0,0.0,0.0,0.0,0.0,0.0,0.0,0.0,0.0,0.0,0.0,0.0,0.0,0.0,0.0,0.0,0.0,0.0,0.0,0.0,778.86444,776.8498,798.60803,567.72894,926.7399,-0.4434814453125,0.151123046875,0.8753662109375,2.056121826171875,-3.925323486328125,1.18133544921875,0.0,4.0,4.0,4.0,4.0,100.0,event
10:34:00.724,0.0,0.0,0.0,0.0,0.0,0.0,0.0,0.0,0.0,0.0,0.0,0.0,0.0,0.0,0.0,0.0,0.0,0.0,0.0,0.0,784.10254,776.4469,796.5934,538.71796,895.7143,-0.4434814453125,0.151123046875,0.8753662109375,2.056121826171875,-3.925323486328125,1.18133544921875,0.0,4.0,4.0,4.0,4.0,100.0,event
10:34:00.724,0.0,0.0,0.0,0.0,0.0,0.0,0.0,0.0,0.0,0.0,0.0,0.0,0.0,0.0,0.0,0.0,0.0,0.0,0.0,0.0,828.8278,778.86444,798.20514,885.64105,815.9341,-0.4434814453125,0.151123046875,0.8753662109375,2.056121826171875,-3.925323486328125,1.18133544921875,0.0,4.0,4.0,4.0,4.0,100.0,event
10:34:00.725,0.0,0.0,0.0,0.0,0.0,0.0,0.0,0.0,0.0,0.0,0.0,0.0,0.0,0.0,0.0,0.0,0.0,0.0,0.0,0.0,857.03296,781.28204,800.2198,1046.8132,863.0769,-0.4434814453125,0.151123046875,0.8753662109375,2.056121826171875,-3.925323486328125,1.18133544921875,0.0,4.0,4.0,4.0,4.0,100.0,event
10:34:00.726,0.0,0.0,0.0,0.0,0.0,0.0,0.0,0.0,0.0,0.0,0.0,0.0,0.0,0.0,0.0,0.0,0.0,0.0,0.0,0.0,816.337,780.07324,800.6227,924.7253,1087.5092,-0.4434814453125,0.151123046875,0.8753662109375,2.056121826171875,-3.925323486328125,1.18133544921875,0.0,4.0,4.0,4.0,4.0,100.0,event
10:34:00.726,0.0,0.0,0.0,0.0,0.0,0.0,0.0,0.0,0.0,0.0,0.0,0.0,0.0,0.0,0.0,0.0,0.0,0.0,0.0,0.0,776.04395,775.2381,796.99634,768.3883,938.4249,-0.4434814453125,0.151123046875,0.8753662109375,2.056121826171875,-3.925323486328125,1.18133544921875,0.0,4.0,4.0,4.0,4.0,100.0,event
10:34:00.727,0.0,0.0,0.0,0.0,0.0,0.0,0.0,0.0,0.0,0.0,0.0,0.0,0.0,0.0,0.0,0.0,0.0,0.0,0.0,0.0,788.1319,771.6117,792.96704,603.9927,713.5897,-0.4434814453125,0.151123046875,0.8753662109375,2.056121826171875,-3.925323486328125,1.18133544921875,0.0,4.0,4.0,4.0,4.0,100.0,event
10:34:00.751,0.0,0.0,0.0,0.0,0.0,0.0,0.0,0.0,0.0,0.0,0.0,0.0,0.0,0.0,0.0,0.0,0.0,0.0,0.0,0.0,832.0513,772.4176,794.9817,132.96703,793.36993,-0.4434814453125,0.151123046875,0.8753662109375,2.056121826171875,-3.925323486328125,1.18133544921875,0.0,4.0,4.0,4.0,4.0,100.0,event
10:34:00.752,0.0,0.0,0.0,0.0,0.0,0.0,0.0,0.0,0.0,0.0,0.0,0.0,0.0,0.0,0.0,0.0,0.0,0.0,0.0,0.0,862.674,774.43225,798.60803,0.0,824.7985,-0.4434814453125,0.151123046875,0.8753662109375,2.056121826171875,-3.925323486328125,1.18133544921875,0.0,4.0,4.0,4.0,4.0,100.0,event
10:34:00.753,0.0,0.0,0.0,0.0,0.0,0.0,0.0,0.0,0.0,0.0,0.0,0.0,0.0,0.0,0.0,0.0,0.0,0.0,0.0,0.0,836.4835,775.2381,797.3993,23.369963,701.0989,-0.4434814453125,0.151123046875,0.8753662109375,2.056121826171875,-3.925323486328125,1.18133544921875,0.0,4.0,4.0,4.0,4.0,100.0,event
10:34:00.754,0.0,0.0,0.0,0.0,0.0,0.0,0.0,0.0,0.0,0.0,0.0,0.0,0.0,0.0,0.0,0.0,0.0,0.0,0.0,0.0,788.1319,773.6264,795.78754,0.0,623.3333,-0.4434814453125,0.151123046875,0.8753662109375,2.056121826171875,-3.925323486328125,1.18133544921875,0.0,4.0,4.0,4.0,4.0,100.0,event
10:34:00.754,0.0,0.0,0.0,0.0,0.0,0.0,0.0,0.0,0.0,0.0,0.0,0.0,0.0,0.0,0.0,0.0,0.0,0.0,0.0,0.0,782.49084,774.43225,799.011,0.0,710.3663,-0.4434814453125,0.151123046875,0.8753662109375,2.056121826171875,-3.925323486328125,1.18133544921875,0.0,4.0,4.0,4.0,4.0,100.0,event
10:34:00.755,0.0,0.0,0.0,0.0,0.0,0.0,0.0,0.0,0.0,0.0,0.0,0.0,0.0,0.0,0.0,0.0,0.0,0.0,0.0,0.0,819.15753,777.6557,797.3993,0.0,807.0696,-0.4434814453125,0.151123046875,0.8753662109375,2.056121826171875,-3.925323486328125,1.18133544921875,0.0,4.0,4.0,4.0,4.0,100.0,event
10:34:00.756,0.0,0.0,0.0,0.0,0.0,0.0,0.0,0.0,0.0,0.0,0.0,0.0,0.0,0.0,0.0,0.0,0.0,0.0,0.0,0.0,852.1978,778.46155,796.5934,0.0,854.61536,-0.4434814453125,0.151123046875,0.8753662109375,2.056121826171875,-3.925323486328125,1.18133544921875,0.0,4.0,4.0,4.0,4.0,100.0,event
10:34:00.756,0.0,0.0,0.0,0.0,0.0,0.0,0.0,0.0,0.0,0.0,0.0,0.0,0.0,0.0,0.0,0.0,0.0,0.0,0.0,0.0,827.2161,776.4469,797.8022,0.0,848.5714,-0.4434814453125,0.151123046875,0.8753662109375,2.056121826171875,-3.925323486328125,1.18133544921875,0.0,4.0,4.0,4.0,4.0,100.0,event
10:34:00.757,0.0,0.0,0.0,0.0,0.0,0.0,0.0,0.0,0.0,0.0,0.0,0.0,0.0,0.0,0.0,0.0,0.0,0.0,0.0,0.0,779.67035,777.25275,796.1905,0.0,892.8938,-0.4434814453125,0.151123046875,0.8753662109375,2.056121826171875,-3.925323486328125,1.18133544921875,0.0,4.0,4.0,4.0,4.0,100.0,event
10:34:00.758,0.0,0.0,0.0,0.0,0.0,0.0,0.0,0.0,0.0,0.0,0.0,0.0,0.0,0.0,0.0,0.0,0.0,0.0,0.0,0.0,768.7912,775.2381,795.38464,0.0,1006.9231,-0.4434814453125,0.151123046875,0.8753662109375,2.056121826171875,-3.925323486328125,1.18133544921875,0.0,4.0,4.0,4.0,4.0,100.0,event
10:34:00.758,0.0,0.0,0.0,0.0,0.0,0.0,0.0,0.0,0.0,0.0,0.0,0.0,0.0,0.0,0.0,0.0,0.0,0.0,0.0,0.0,810.293,773.22345,796.1905,0.0,795.38464,-0.4434814453125,0.151123046875,0.8753662109375,2.056121826171875,-3.925323486328125,1.18133544921875,0.0,4.0,4.0,4.0,4.0,100.0,event
10:34:00.759,0.0,0.0,0.0,0.0,0.0,0.0,0.0,0.0,0.0,0.0,0.0,0.0,0.0,0.0,0.0,0.0,0.0,0.0,0.0,0.0,857.03296,776.8498,800.6227,0.0,732.9304,-0.4434814453125,0.151123046875,0.8753662109375,2.056121826171875,-3.925323486328125,1.18133544921875,0.0,4.0,4.0,4.0,4.0,100.0,event
10:34:00.787,0.0,0.0,0.0,0.0,0.0,0.0,0.0,0.0,0.0,0.0,0.0,0.0,0.0,0.0,0.0,0.0,0.0,0.0,0.0,0.0,838.49817,782.0879,798.60803,0.0,852.6007,-0.4407958984375,0.1490478515625,0.8702392578125,1.921539306640625,-3.6187744140625,0.3887939453125,0.0,4.0,4.0,4.0,4.0,100.0,event
10:34:00.788,0.0,0.0,0.0,0.0,0.0,0.0,0.0,0.0,0.0,0.0,0.0,0.0,0.0,0.0,0.0,0.0,0.0,0.0,0.0,0.0,786.52014,781.685,794.9817,0.0,801.8315,-0.4407958984375,0.1490478515625,0.8702392578125,1.921539306640625,-3.6187744140625,0.3887939453125,0.0,4.0,4.0,4.0,4.0,100.0,event
10:34:00.789,0.0,0.0,0.0,0.0,0.0,0.0,0.0,0.0,0.0,0.0,0.0,0.0,0.0,0.0,0.0,0.0,0.0,0.0,0.0,0.0,780.4762,778.46155,793.7729,0.0,663.22345,-0.4407958984375,0.1490478515625,0.8702392578125,1.921539306640625,-3.6187744140625,0.3887939453125,0.0,4.0,4.0,4.0,4.0,100.0,event
10:34:00.789,0.0,0.0,0.0,0.0,0.0,0.0,0.0,0.0,0.0,0.0,0.0,0.0,0.0,0.0,0.0,0.0,0.0,0.0,0.0,0.0,813.91943,776.4469,790.14655,0.0,699.89014,-0.4407958984375,0.1490478515625,0.8702392578125,1.921539306640625,-3.6187744140625,0.3887939453125,0.0,4.0,4.0,4.0,4.0,100.0,event
10:34:00.790,0.0,0.0,0.0,0.0,0.0,0.0,0.0,0.0,0.0,0.0,0.0,0.0,0.0,0.0,0.0,0.0,0.0,0.0,0.0,0.0,855.82416,777.25275,789.34064,0.0,786.52014,-0.4407958984375,0.1490478515625,0.8702392578125,1.921539306640625,-3.6187744140625,0.3887939453125,0.0,4.0,4.0,4.0,4.0,100.0,event
10:34:00.791,0.0,0.0,0.0,0.0,0.0,0.0,0.0,0.0,0.0,0.0,0.0,0.0,0.0,0.0,0.0,0.0,0.0,0.0,0.0,0.0,849.7802,778.86444,794.9817,0.0,866.30035,-0.4407958984375,0.1490478515625,0.8702392578125,1.921539306640625,-3.6187744140625,0.3887939453125,0.0,4.0,4.0,4.0,4.0,100.0,event
10:34:00.794,0.0,0.0,0.0,0.0,0.0,0.0,0.0,0.0,0.0,0.0,0.0,0.0,0.0,0.0,0.0,0.0,0.0,0.0,0.0,0.0,793.7729,776.8498,796.5934,0.0,885.2381,-0.4407958984375,0.1490478515625,0.8702392578125,1.921539306640625,-3.6187744140625,0.3887939453125,0.0,4.0,4.0,4.0,4.0,100.0,event
10:34:00.795,0.0,0.0,0.0,0.0,0.0,0.0,0.0,0.0,0.0,0.0,0.0,0.0,0.0,0.0,0.0,0.0,0.0,0.0,0.0,0.0,774.83514,772.8205,794.57874,0.0,795.38464,-0.4407958984375,0.1490478515625,0.8702392578125,1.921539306640625,-3.6187744140625,0.3887939453125,0.0,4.0,4.0,4.0,4.0,100.0,event
10:34:00.796,0.0,0.0,0.0,0.0,0.0,0.0,0.0,0.0,0.0,0.0,0.0,0.0,0.0,0.0,0.0,0.0,0.0,0.0,0.0,0.0,808.68134,774.0293,794.9817,0.0,975.4945,-0.4407958984375,0.1490478515625,0.8702392578125,1.921539306640625,-3.6187744140625,0.3887939453125,0.0,4.0,4.0,4.0,4.0,100.0,event
10:34:00.796,0.0,0.0,0.0,0.0,0.0,0.0,0.0,0.0,0.0,0.0,0.0,0.0,0.0,0.0,0.0,0.0,0.0,0.0,0.0,0.0,852.6007,777.25275,791.75824,0.0,981.53845,-0.4407958984375,0.1490478515625,0.8702392578125,1.921539306640625,-3.6187744140625,0.3887939453125,0.0,4.0,4.0,4.0,4.0,100.0,event
10:34:00.797,0.0,0.0,0.0,0.0,0.0,0.0,0.0,0.0,0.0,0.0,0.0,0.0,0.0,0.0,0.0,0.0,0.0,0.0,0.0,0.0,850.18317,776.04395,796.5934,0.0,739.3773,-0.4407958984375,0.1490478515625,0.8702392578125,1.921539306640625,-3.6187744140625,0.3887939453125,0.0,4.0,4.0,4.0,4.0,100.0,event
10:34:00.798,0.0,0.0,0.0,0.0,0.0,0.0,0.0,0.0,0.0,0.0,0.0,0.0,0.0,0.0,0.0,0.0,0.0,0.0,0.0,0.0,799.011,775.64105,801.02563,0.0,731.7216,-0.4407958984375,0.1490478515625,0.8702392578125,1.921539306640625,-3.6187744140625,0.3887939453125,0.0,4.0,4.0,4.0,4.0,100.0,event
10:34:00.890,0.0,0.0,0.0,0.0,0.0,0.0,0.0,0.0,0.0,0.0,0.0,0.0,0.0,0.0,0.0,0.0,0.0,0.0,0.0,0.0,772.4176,776.04395,798.20514,0.0,708.7546,-0.440673828125,0.15185546875,0.876708984375,2.16827392578125,-3.99261474609375,-0.037384033203125,0.0,4.0,4.0,4.0,4.0,100.0,event
10:34:00.891,0.0,0.0,0.0,0.0,0.0,0.0,0.0,0.0,0.0,0.0,0.0,0.0,0.0,0.0,0.0,0.0,0.0,0.0,0.0,0.0,804.65204,774.43225,796.1905,0.0,681.75824,-0.440673828125,0.15185546875,0.876708984375,2.16827392578125,-3.99261474609375,-0.037384033203125,0.0,4.0,4.0,4.0,4.0,100.0,event
10:34:00.893,0.0,0.0,0.0,0.0,0.0,0.0,0.0,0.0,0.0,0.0,0.0,0.0,0.0,0.0,0.0,0.0,0.0,0.0,0.0,0.0,854.61536,772.4176,794.17584,0.0,739.7802,-0.440673828125,0.15185546875,0.876708984375,2.16827392578125,-3.99261474609375,-0.037384033203125,0.0,4.0,4.0,4.0,4.0,100.0,event
10:34:00.895,0.0,0.0,0.0,0.0,0.0,0.0,0.0,0.0,0.0,0.0,0.0,0.0,0.0,0.0,0.0,0.0,0.0,0.0,0.0,0.0,858.24176,777.6557,792.96704,0.0,791.3553,-0.440673828125,0.15185546875,0.876708984375,2.16827392578125,-3.99261474609375,-0.037384033203125,0.0,4.0,4.0,4.0,4.0,100.0,event
10:34:00.896,0.0,0.0,0.0,0.0,0.0,0.0,0.0,0.0,0.0,0.0,0.0,0.0,0.0,0.0,0.0,0.0,0.0,0.0,0.0,0.0,807.8755,782.0879,794.57874,0.0,778.46155,-0.440673828125,0.15185546875,0.876708984375,2.16827392578125,-3.99261474609375,-0.037384033203125,0.0,4.0,4.0,4.0,4.0,100.0,event
10:34:00.898,0.0,0.0,0.0,0.0,0.0,0.0,0.0,0.0,0.0,0.0,0.0,0.0,0.0,0.0,0.0,0.0,0.0,0.0,0.0,0.0,786.9231,779.67035,794.9817,0.0,799.011,-0.440673828125,0.15185546875,0.876708984375,2.16827392578125,-3.99261474609375,-0.037384033203125,0.0,4.0,4.0,4.0,4.0,100.0,event
10:34:00.899,0.0,0.0,0.0,0.0,0.0,0.0,0.0,0.0,0.0,0.0,0.0,0.0,0.0,0.0,0.0,0.0,0.0,0.0,0.0,0.0,808.2784,779.67035,794.17584,0.0,822.381,-0.440673828125,0.15185546875,0.876708984375,2.16827392578125,-3.99261474609375,-0.037384033203125,0.0,4.0,4.0,4.0,4.0,100.0,event
10:34:00.901,0.0,0.0,0.0,0.0,0.0,0.0,0.0,0.0,0.0,0.0,0.0,0.0,0.0,0.0,0.0,0.0,0.0,0.0,0.0,0.0,843.3333,781.28204,796.1905,0.0,881.6117,-0.440673828125,0.15185546875,0.876708984375,2.16827392578125,-3.99261474609375,-0.037384033203125,0.0,4.0,4.0,4.0,4.0,100.0,event
10:34:00.903,0.0,0.0,0.0,0.0,0.0,0.0,0.0,0.0,0.0,0.0,0.0,0.0,0.0,0.0,0.0,0.0,0.0,0.0,0.0,0.0,848.97437,779.2674,794.17584,0.0,1010.14655,-0.440673828125,0.15185546875,0.876708984375,2.16827392578125,-3.99261474609375,-0.037384033203125,0.0,4.0,4.0,4.0,4.0,100.0,event
10:34:00.904,0.0,0.0,0.0,0.0,0.0,0.0,0.0,0.0,0.0,0.0,0.0,0.0,0.0,0.0,0.0,0.0,0.0,0.0,0.0,0.0,804.65204,775.64105,791.75824,0.0,782.0879,-0.440673828125,0.15185546875,0.876708984375,2.16827392578125,-3.99261474609375,-0.037384033203125,0.0,4.0,4.0,4.0,4.0,100.0,event
10:34:00.904,0.0,0.0,0.0,0.0,0.0,0.0,0.0,0.0,0.0,0.0,0.0,0.0,0.0,0.0,0.0,0.0,0.0,0.0,0.0,0.0,778.46155,774.0293,793.7729,0.0,705.12823,-0.440673828125,0.15185546875,0.876708984375,2.16827392578125,-3.99261474609375,-0.037384033203125,0.0,4.0,4.0,4.0,4.0,100.0,event
10:34:00.905,0.0,0.0,0.0,0.0,0.0,0.0,0.0,0.0,0.0,0.0,0.0,0.0,0.0,0.0,0.0,0.0,0.0,0.0,0.0,0.0,790.9524,775.64105,796.1905,0.0,919.0842,-0.440673828125,0.15185546875,0.876708984375,2.16827392578125,-3.99261474609375,-0.037384033203125,0.0,4.0,4.0,4.0,4.0,100.0,event
10:34:00.906,0.0,0.0,0.0,0.0,0.0,0.0,0.0,0.0,0.0,0.0,0.0,0.0,0.0,0.0,0.0,0.0,0.0,0.0,0.0,0.0,832.8571,775.64105,794.17584,0.0,848.1685,-0.44158935546875,0.15277099609375,0.877685546875,1.996307373046875,-4.134674072265625,0.52337646484375,0.0,4.0,4.0,4.0,4.0,100.0,event
10:34:00.907,0.0,0.0,0.0,0.0,0.0,0.0,0.0,0.0,0.0,0.0,0.0,0.0,0.0,0.0,0.0,0.0,0.0,0.0,0.0,0.0,854.21246,773.22345,790.14655,0.0,746.63007,-0.44158935546875,0.15277099609375,0.877685546875,1.996307373046875,-4.134674072265625,0.52337646484375,0.0,4.0,4.0,4.0,4.0,100.0,event
10:34:00.908,0.0,0.0,0.0,0.0,0.0,0.0,0.0,0.0,0.0,0.0,0.0,0.0,0.0,0.0,0.0,0.0,0.0,0.0,0.0,0.0,807.8755,774.83514,793.7729,0.0,745.0183,-0.44158935546875,0.15277099609375,0.877685546875,1.996307373046875,-4.134674072265625,0.52337646484375,0.0,4.0,4.0,4.0,4.0,100.0,event
10:34:00.909,0.0,0.0,0.0,0.0,0.0,0.0,0.0,0.0,0.0,0.0,0.0,0.0,0.0,0.0,0.0,0.0,0.0,0.0,0.0,0.0,761.13556,774.0293,795.38464,0.0,728.0952,-0.44158935546875,0.15277099609375,0.877685546875,1.996307373046875,-4.134674072265625,0.52337646484375,0.0,4.0,4.0,4.0,4.0,100.0,event
10:34:00.910,0.0,0.0,0.0,0.0,0.0,0.0,0.0,0.0,0.0,0.0,0.0,0.0,0.0,0.0,0.0,0.0,0.0,0.0,0.0,0.0,780.87915,772.8205,792.96704,2.014652,711.1722,-0.44158935546875,0.15277099609375,0.877685546875,1.996307373046875,-4.134674072265625,0.52337646484375,0.0,4.0,4.0,4.0,4.0,100.0,event
10:34:00.910,0.0,0.0,0.0,0.0,0.0,0.0,0.0,0.0,0.0,0.0,0.0,0.0,0.0,0.0,0.0,0.0,0.0,0.0,0.0,0.0,827.619,772.4176,789.7436,24.981686,729.304,-0.44158935546875,0.15277099609375,0.877685546875,1.996307373046875,-4.134674072265625,0.52337646484375,0.0,4.0,4.0,4.0,4.0,100.0,event
10:34:00.911,0.0,0.0,0.0,0.0,0.0,0.0,0.0,0.0,0.0,0.0,0.0,0.0,0.0,0.0,0.0,0.0,0.0,0.0,0.0,0.0,859.85345,774.83514,790.14655,76.55678,855.42126,-0.44158935546875,0.15277099609375,0.877685546875,1.996307373046875,-4.134674072265625,0.52337646484375,0.0,4.0,4.0,4.0,4.0,100.0,event
10:34:00.912,0.0,0.0,0.0,0.0,0.0,0.0,0.0,0.0,0.0,0.0,0.0,0.0,0.0,0.0,0.0,0.0,0.0,0.0,0.0,0.0,823.1868,778.86444,795.38464,93.07692,1047.619,-0.44158935546875,0.15277099609375,0.877685546875,1.996307373046875,-4.134674072265625,0.52337646484375,0.0,4.0,4.0,4.0,4.0,100.0,event
10:34:00.915,0.0,0.0,0.0,0.0,0.0,0.0,0.0,0.0,0.0,0.0,0.0,0.0,0.0,0.0,0.0,0.0,0.0,0.0,0.0,0.0,772.01465,777.6557,792.96704,64.06593,940.84247,-0.44158935546875,0.15277099609375,0.877685546875,1.996307373046875,-4.134674072265625,0.52337646484375,0.0,4.0,4.0,4.0,4.0,100.0,event
10:34:00.916,0.0,0.0,0.0,0.0,0.0,0.0,0.0,0.0,0.0,0.0,0.0,0.0,0.0,0.0,0.0,0.0,0.0,0.0,0.0,0.0,788.1319,776.04395,790.9524,83.40659,694.2491,-0.44158935546875,0.15277099609375,0.877685546875,1.996307373046875,-4.134674072265625,0.52337646484375,0.0,4.0,4.0,4.0,4.0,100.0,event
10:34:00.917,0.0,0.0,0.0,0.0,0.0,0.0,0.0,0.0,0.0,0.0,0.0,0.0,0.0,0.0,0.0,0.0,0.0,0.0,0.0,0.0,831.6484,777.25275,793.36993,138.60806,674.5055,-0.44158935546875,0.15277099609375,0.877685546875,1.996307373046875,-4.134674072265625,0.52337646484375,0.0,4.0,4.0,4.0,4.0,100.0,event
10:34:00.917,0.0,0.0,0.0,0.0,0.0,0.0,0.0,0.0,0.0,0.0,0.0,0.0,0.0,0.0,0.0,0.0,0.0,0.0,0.0,0.0,851.39197,775.64105,792.96704,185.75092,730.5128,-0.44158935546875,0.15277099609375,0.877685546875,1.996307373046875,-4.134674072265625,0.52337646484375,0.0,4.0,4.0,4.0,4.0,100.0,event
10:34:00.972,0.0,0.0,0.0,0.0,0.0,0.0,0.0,0.0,0.0,0.0,0.0,0.0,0.0,0.0,0.0,0.0,0.0,0.0,0.0,0.0,828.022,777.25275,796.99634,204.68864,735.7509,-0.44091796875,0.1502685546875,0.87579345703125,1.65985107421875,-3.84307861328125,0.560760498046875,0.0,4.0,4.0,4.0,4.0,100.0,event
10:34:00.973,0.0,0.0,0.0,0.0,0.0,0.0,0.0,0.0,0.0,0.0,0.0,0.0,0.0,0.0,0.0,0.0,0.0,0.0,0.0,0.0,790.14655,779.2674,799.41394,194.21245,753.47986,-0.44091796875,0.1502685546875,0.87579345703125,1.65985107421875,-3.84307861328125,0.560760498046875,0.0,4.0,4.0,4.0,4.0,100.0,event
10:34:00.975,0.0,0.0,0.0,0.0,0.0,0.0,0.0,0.0,0.0,0.0,0.0,0.0,0.0,0.0,0.0,0.0,0.0,0.0,0.0,0.0,786.52014,776.04395,793.36993,213.15018,837.6923,-0.44091796875,0.1502685546875,0.87579345703125,1.65985107421875,-3.84307861328125,0.560760498046875,0.0,4.0,4.0,4.0,4.0,100.0,event
10:34:00.976,0.0,0.0,0.0,0.0,0.0,0.0,0.0,0.0,0.0,0.0,0.0,0.0,0.0,0.0,0.0,0.0,0.0,0.0,0.0,0.0,828.022,774.0293,786.9231,268.75458,893.2967,-0.44091796875,0.1502685546875,0.87579345703125,1.65985107421875,-3.84307861328125,0.560760498046875,0.0,4.0,4.0,4.0,4.0,100.0,event
10:34:00.978,0.0,0.0,0.0,0.0,0.0,0.0,0.0,0.0,0.0,0.0,0.0,0.0,0.0,0.0,0.0,0.0,0.0,0.0,0.0,0.0,862.674,775.2381,789.34064,317.50916,850.18317,-0.44091796875,0.1502685546875,0.87579345703125,1.65985107421875,-3.84307861328125,0.560760498046875,0.0,4.0,4.0,4.0,4.0,100.0,event
10:34:00.979,0.0,0.0,0.0,0.0,0.0,0.0,0.0,0.0,0.0,0.0,0.0,0.0,0.0,0.0,0.0,0.0,0.0,0.0,0.0,0.0,831.2454,774.83514,794.57874,326.77655,800.6227,-0.44091796875,0.1502685546875,0.87579345703125,1.65985107421875,-3.84307861328125,0.560760498046875,0.0,4.0,4.0,4.0,4.0,100.0,event
10:34:00.980,0.0,0.0,0.0,0.0,0.0,0.0,0.0,0.0,0.0,0.0,0.0,0.0,0.0,0.0,0.0,0.0,0.0,0.0,0.0,0.0,776.8498,775.64105,794.57874,302.60074,938.8278,-0.44091796875,0.1502685546875,0.87579345703125,1.65985107421875,-3.84307861328125,0.560760498046875,0.0,4.0,4.0,4.0,4.0,100.0,event
10:34:00.981,0.0,0.0,0.0,0.0,0.0,0.0,0.0,0.0,0.0,0.0,0.0,0.0,0.0,0.0,0.0,0.0,0.0,0.0,0.0,0.0,764.7619,778.0586,791.3553,295.75092,1057.6923,-0.44091796875,0.1502685546875,0.87579345703125,1.65985107421875,-3.84307861328125,0.560760498046875,0.0,4.0,4.0,4.0,4.0,100.0,event
10:34:00.982,0.0,0.0,0.0,0.0,0.0,0.0,0.0,0.0,0.0,0.0,0.0,0.0,0.0,0.0,0.0,0.0,0.0,0.0,0.0,0.0,802.23444,778.0586,792.96704,350.54944,769.19415,-0.44091796875,0.1502685546875,0.87579345703125,1.65985107421875,-3.84307861328125,0.560760498046875,0.0,4.0,4.0,4.0,4.0,100.0,event
10:34:00.983,0.0,0.0,0.0,0.0,0.0,0.0,0.0,0.0,0.0,0.0,0.0,0.0,0.0,0.0,0.0,0.0,0.0,0.0,0.0,0.0,846.1539,777.6557,792.1612,440.80585,762.74725,-0.44091796875,0.1502685546875,0.87579345703125,1.65985107421875,-3.84307861328125,0.560760498046875,0.0,4.0,4.0,4.0,4.0,100.0,event
10:34:00.984,0.0,0.0,0.0,0.0,0.0,0.0,0.0,0.0,0.0,0.0,0.0,0.0,0.0,0.0,0.0,0.0,0.0,0.0,0.0,0.0,833.663,776.4469,791.3553,466.5934,839.304,-0.44091796875,0.1502685546875,0.87579345703125,1.65985107421875,-3.84307861328125,0.560760498046875,0.0,4.0,4.0,4.0,4.0,100.0,event
10:34:00.985,0.0,0.0,0.0,0.0,0.0,0.0,0.0,0.0,0.0,0.0,0.0,0.0,0.0,0.0,0.0,0.0,0.0,0.0,0.0,0.0,788.5348,777.25275,791.75824,425.09158,759.92676,-0.44091796875,0.1502685546875,0.87579345703125,1.65985107421875,-3.84307861328125,0.560760498046875,0.0,4.0,4.0,4.0,4.0,100.0,event
10:34:01.034,0.0,0.0,0.0,0.0,0.0,0.0,0.0,0.0,0.0,0.0,0.0,0.0,0.0,0.0,0.0,0.0,0.0,0.0,0.0,0.0,788.5348,776.04395,787.72894,435.9707,704.3223,-0.44091796875,0.1502685546875,0.87579345703125,1.65985107421875,-3.84307861328125,0.560760498046875,0.0,4.0,4.0,4.0,4.0,100.0,event
10:34:01.035,0.0,0.0,0.0,0.0,0.0,0.0,0.0,0.0,0.0,0.0,0.0,0.0,0.0,0.0,0.0,0.0,0.0,0.0,0.0,0.0,821.1722,776.8498,786.9231,462.96704,706.7399,-0.44091796875,0.1502685546875,0.87579345703125,1.65985107421875,-3.84307861328125,0.560760498046875,0.0,4.0,4.0,4.0,4.0,100.0,event
10:34:01.036,0.0,0.0,0.0,0.0,0.0,0.0,0.0,0.0,0.0,0.0,0.0,0.0,0.0,0.0,0.0,0.0,0.0,0.0,0.0,0.0,853.4066,779.67035,790.9524,453.69965,832.4542,-0.44091796875,0.1502685546875,0.87579345703125,1.65985107421875,-3.84307861328125,0.560760498046875,0.0,4.0,4.0,4.0,4.0,100.0,event
10:34:01.036,0.0,0.0,0.0,0.0,0.0,0.0,0.0,0.0,0.0,0.0,0.0,0.0,0.0,0.0,0.0,0.0,0.0,0.0,0.0,0.0,855.42126,780.07324,795.78754,446.4469,801.4286,-0.44091796875,0.1502685546875,0.87579345703125,1.65985107421875,-3.84307861328125,0.560760498046875,0.0,4.0,4.0,4.0,4.0,100.0,event
10:34:01.037,0.0,0.0,0.0,0.0,0.0,0.0,0.0,0.0,0.0,0.0,0.0,0.0,0.0,0.0,0.0,0.0,0.0,0.0,0.0,0.0,798.60803,778.46155,795.38464,446.4469,687.8022,-0.44091796875,0.1502685546875,0.87579345703125,1.65985107421875,-3.84307861328125,0.560760498046875,0.0,4.0,4.0,4.0,4.0,100.0,event
10:34:01.037,0.0,0.0,0.0,0.0,0.0,0.0,0.0,0.0,0.0,0.0,0.0,0.0,0.0,0.0,0.0,0.0,0.0,0.0,0.0,0.0,775.64105,777.6557,796.1905,472.23444,760.32965,-0.44091796875,0.1502685546875,0.87579345703125,1.65985107421875,-3.84307861328125,0.560760498046875,0.0,4.0,4.0,4.0,4.0,100.0,event
10:34:01.038,0.0,0.0,0.0,0.0,0.0,0.0,0.0,0.0,0.0,0.0,0.0,0.0,0.0,0.0,0.0,0.0,0.0,0.0,0.0,0.0,801.02563,780.07324,803.8461,493.58975,1091.1355,-0.44091796875,0.1502685546875,0.87579345703125,1.65985107421875,-3.84307861328125,0.560760498046875,0.0,4.0,4.0,4.0,4.0,100.0,event
10:34:01.039,0.0,0.0,0.0,0.0,0.0,0.0,0.0,0.0,0.0,0.0,0.0,0.0,0.0,0.0,0.0,0.0,0.0,0.0,0.0,0.0,844.1392,782.8938,792.5641,558.86444,691.8315,-0.44091796875,0.1502685546875,0.87579345703125,1.65985107421875,-3.84307861328125,0.560760498046875,0.0,4.0,4.0,4.0,4.0,100.0,event
10:34:01.039,0.0,0.0,0.0,0.0,0.0,0.0,0.0,0.0,0.0,0.0,0.0,0.0,0.0,0.0,0.0,0.0,0.0,0.0,0.0,0.0,837.6923,783.2967,803.0403,513.3333,1033.9194,-0.44091796875,0.1502685546875,0.87579345703125,1.65985107421875,-3.84307861328125,0.560760498046875,0.0,4.0,4.0,4.0,4.0,100.0,event
10:34:01.040,0.0,0.0,0.0,0.0,0.0,0.0,0.0,0.0,0.0,0.0,0.0,0.0,0.0,0.0,0.0,0.0,0.0,0.0,0.0,0.0,796.5934,777.6557,790.54944,602.381,707.1429,-0.44091796875,0.1502685546875,0.87579345703125,1.65985107421875,-3.84307861328125,0.560760498046875,0.0,4.0,4.0,4.0,4.0,100.0,event
10:34:01.044,0.0,0.0,0.0,0.0,0.0,0.0,0.0,0.0,0.0,0.0,0.0,0.0,0.0,0.0,0.0,0.0,0.0,0.0,0.0,0.0,767.5824,775.64105,794.9817,611.6484,820.7692,-0.44091796875,0.1502685546875,0.87579345703125,1.65985107421875,-3.84307861328125,0.560760498046875,0.0,4.0,4.0,4.0,4.0,100.0,event
10:34:01.045,0.0,0.0,0.0,0.0,0.0,0.0,0.0,0.0,0.0,0.0,0.0,0.0,0.0,0.0,0.0,0.0,0.0,0.0,0.0,0.0,794.57874,774.0293,790.9524,581.8315,741.39197,-0.44091796875,0.1502685546875,0.87579345703125,1.65985107421875,-3.84307861328125,0.560760498046875,0.0,4.0,4.0,4.0,4.0,100.0,event
10:34:01.067,0.0,0.0,0.0,0.0,0.0,0.0,0.0,0.0,0.0,0.0,0.0,0.0,0.0,0.0,0.0,0.0,0.0,0.0,0.0,0.0,834.4689,771.2088,789.7436,566.52014,736.1539,-0.4423828125,0.15118408203125,0.871826171875,1.906585693359375,-3.177642822265625,0.179443359375,0.0,4.0,4.0,4.0,4.0,100.0,event
10:34:01.068,0.0,0.0,0.0,0.0,0.0,0.0,0.0,0.0,0.0,0.0,0.0,0.0,0.0,0.0,0.0,0.0,0.0,0.0,0.0,0.0,843.3333,772.01465,795.38464,593.5165,782.8938,-0.4423828125,0.15118408203125,0.871826171875,1.906585693359375,-3.177642822265625,0.179443359375,0.0,4.0,4.0,4.0,4.0,100.0,event
10:34:01.068,0.0,0.0,0.0,0.0,0.0,0.0,0.0,0.0,0.0,0.0,0.0,0.0,0.0,0.0,0.0,0.0,0.0,0.0,0.0,0.0,806.26373,778.0586,796.99634,601.5751,816.7399,-0.4423828125,0.15118408203125,0.871826171875,1.906585693359375,-3.177642822265625,0.179443359375,0.0,4.0,4.0,4.0,4.0,100.0,event
10:34:01.069,0.0,0.0,0.0,0.0,0.0,0.0,0.0,0.0,0.0,0.0,0.0,0.0,0.0,0.0,0.0,0.0,0.0,0.0,0.0,0.0,766.77655,781.685,798.60803,609.2308,758.71796,-0.4423828125,0.15118408203125,0.871826171875,1.906585693359375,-3.177642822265625,0.179443359375,0.0,4.0,4.0,4.0,4.0,100.0,event
10:34:01.070,0.0,0.0,0.0,0.0,0.0,0.0,0.0,0.0,0.0,0.0,0.0,0.0,0.0,0.0,0.0,0.0,0.0,0.0,0.0,0.0,783.69965,780.4762,797.3993,628.1685,679.34064,-0.4423828125,0.15118408203125,0.871826171875,1.906585693359375,-3.177642822265625,0.179443359375,0.0,4.0,4.0,4.0,4.0,100.0,event
10:34:01.070,0.0,0.0,0.0,0.0,0.0,0.0,0.0,0.0,0.0,0.0,0.0,0.0,0.0,0.0,0.0,0.0,0.0,0.0,0.0,0.0,832.4542,781.28204,786.9231,659.19415,882.8205,-0.4423828125,0.15118408203125,0.871826171875,1.906585693359375,-3.177642822265625,0.179443359375,0.0,4.0,4.0,4.0,4.0,100.0,event
10:34:01.071,0.0,0.0,0.0,0.0,0.0,0.0,0.0,0.0,0.0,0.0,0.0,0.0,0.0,0.0,0.0,0.0,0.0,0.0,0.0,0.0,857.03296,780.07324,789.34064,670.87915,1037.1428,-0.4423828125,0.15118408203125,0.871826171875,1.906585693359375,-3.177642822265625,0.179443359375,0.0,4.0,4.0,4.0,4.0,100.0,event
10:34:01.072,0.0,0.0,0.0,0.0,0.0,0.0,0.0,0.0,0.0,0.0,0.0,0.0,0.0,0.0,0.0,0.0,0.0,0.0,0.0,0.0,750.65936,770.40295,799.011,669.2674,735.34796,-0.4423828125,0.15118408203125,0.871826171875,1.906585693359375,-3.177642822265625,0.179443359375,0.0,4.0,4.0,4.0,4.0,100.0,event
10:34:01.072,0.0,0.0,0.0,0.0,0.0,0.0,0.0,0.0,0.0,0.0,0.0,0.0,0.0,0.0,0.0,0.0,0.0,0.0,0.0,0.0,803.0403,776.04395,799.011,659.19415,839.304,-0.4423828125,0.15118408203125,0.871826171875,1.906585693359375,-3.177642822265625,0.179443359375,0.0,4.0,4.0,4.0,4.0,100.0,event
10:34:01.073,0.0,0.0,0.0,0.0,0.0,0.0,0.0,0.0,0.0,0.0,0.0,0.0,0.0,0.0,0.0,0.0,0.0,0.0,0.0,0.0,771.6117,770.0,796.99634,680.9524,829.6337,-0.4423828125,0.15118408203125,0.871826171875,1.906585693359375,-3.177642822265625,0.179443359375,0.0,4.0,4.0,4.0,4.0,100.0,event
10:34:01.074,0.0,0.0,0.0,0.0,0.0,0.0,0.0,0.0,0.0,0.0,0.0,0.0,0.0,0.0,0.0,0.0,0.0,0.0,0.0,0.0,819.15753,775.64105,792.1612,696.26373,927.5458,-0.4423828125,0.15118408203125,0.871826171875,1.906585693359375,-3.177642822265625,0.179443359375,0.0,4.0,4.0,4.0,4.0,100.0,event
10:34:01.074,0.0,0.0,0.0,0.0,0.0,0.0,0.0,0.0,0.0,0.0,0.0,0.0,0.0,0.0,0.0,0.0,0.0,0.0,0.0,0.0,850.58606,779.2674,793.7729,727.28937,760.7326,-0.4423828125,0.15118408203125,0.871826171875,1.906585693359375,-3.177642822265625,0.179443359375,0.0,4.0,4.0,4.0,4.0,100.0,event
10:34:01.075,0.0,0.0,0.0,0.0,0.0,0.0,0.0,0.0,0.0,0.0,0.0,0.0,0.0,0.0,0.0,0.0,0.0,0.0,0.0,0.0,817.5458,780.07324,795.38464,721.2454,695.4579,-0.4404296875,0.15234375,0.87127685546875,1.786956787109375,-3.715972900390625,-0.25421142578125,0.0,4.0,4.0,4.0,4.0,100.0,event
10:34:01.076,0.0,0.0,0.0,0.0,0.0,0.0,0.0,0.0,0.0,0.0,0.0,0.0,0.0,0.0,0.0,0.0,0.0,0.0,0.0,0.0,771.2088,783.2967,796.5934,718.4249,786.9231,-0.4404296875,0.15234375,0.87127685546875,1.786956787109375,-3.715972900390625,-0.25421142578125,0.0,4.0,4.0,4.0,4.0,100.0,event
10:34:01.077,0.0,0.0,0.0,0.0,0.0,0.0,0.0,0.0,0.0,0.0,0.0,0.0,0.0,0.0,0.0,0.0,0.0,0.0,0.0,0.0,784.5055,784.5055,798.20514,726.8865,736.55676,-0.4404296875,0.15234375,0.87127685546875,1.786956787109375,-3.715972900390625,-0.25421142578125,0.0,4.0,4.0,4.0,4.0,100.0,event
10:34:01.078,0.0,0.0,0.0,0.0,0.0,0.0,0.0,0.0,0.0,0.0,0.0,0.0,0.0,0.0,0.0,0.0,0.0,0.0,0.0,0.0,830.0366,780.07324,795.78754,728.9011,700.293,-0.4404296875,0.15234375,0.87127685546875,1.786956787109375,-3.715972900390625,-0.25421142578125,0.0,4.0,4.0,4.0,4.0,100.0,event
10:34:01.079,0.0,0.0,0.0,0.0,0.0,0.0,0.0,0.0,0.0,0.0,0.0,0.0,0.0,0.0,0.0,0.0,0.0,0.0,0.0,0.0,845.7509,780.4762,796.5934,743.4066,799.41394,-0.4404296875,0.15234375,0.87127685546875,1.786956787109375,-3.715972900390625,-0.25421142578125,0.0,4.0,4.0,4.0,4.0,100.0,event
10:34:01.079,0.0,0.0,0.0,0.0,0.0,0.0,0.0,0.0,0.0,0.0,0.0,0.0,0.0,0.0,0.0,0.0,0.0,0.0,0.0,0.0,813.1135,783.2967,801.8315,735.7509,915.8608,-0.4404296875,0.15234375,0.87127685546875,1.786956787109375,-3.715972900390625,-0.25421142578125,0.0,4.0,4.0,4.0,4.0,100.0,event
10:34:01.080,0.0,0.0,0.0,0.0,0.0,0.0,0.0,0.0,0.0,0.0,0.0,0.0,0.0,0.0,0.0,0.0,0.0,0.0,0.0,0.0,775.64105,779.67035,802.6374,730.10986,853.4066,-0.4404296875,0.15234375,0.87127685546875,1.786956787109375,-3.715972900390625,-0.25421142578125,0.0,4.0,4.0,4.0,4.0,100.0,event
10:34:01.081,0.0,0.0,0.0,0.0,0.0,0.0,0.0,0.0,0.0,0.0,0.0,0.0,0.0,0.0,0.0,0.0,0.0,0.0,0.0,0.0,784.10254,777.6557,796.99634,738.1685,686.99634,-0.4404296875,0.15234375,0.87127685546875,1.786956787109375,-3.715972900390625,-0.25421142578125,0.0,4.0,4.0,4.0,4.0,100.0,event
10:34:01.081,0.0,0.0,0.0,0.0,0.0,0.0,0.0,0.0,0.0,0.0,0.0,0.0,0.0,0.0,0.0,0.0,0.0,0.0,0.0,0.0,825.2015,779.2674,794.57874,728.9011,749.0476,-0.4404296875,0.15234375,0.87127685546875,1.786956787109375,-3.715972900390625,-0.25421142578125,0.0,4.0,4.0,4.0,4.0,100.0,event
10:34:01.082,0.0,0.0,0.0,0.0,0.0,0.0,0.0,0.0,0.0,0.0,0.0,0.0,0.0,0.0,0.0,0.0,0.0,0.0,0.0,0.0,853.00366,780.07324,794.17584,717.619,1011.75824,-0.4404296875,0.15234375,0.87127685546875,1.786956787109375,-3.715972900390625,-0.25421142578125,0.0,4.0,4.0,4.0,4.0,100.0,event
10:34:01.083,0.0,0.0,0.0,0.0,0.0,0.0,0.0,0.0,0.0,0.0,0.0,0.0,0.0,0.0,0.0,0.0,0.0,0.0,0.0,0.0,842.9304,778.86444,794.57874,705.12823,908.20514,-0.4404296875,0.15234375,0.87127685546875,1.786956787109375,-3.715972900390625,-0.25421142578125,0.0,4.0,4.0,4.0,4.0,100.0,event
10:34:01.083,0.0,0.0,0.0,0.0,0.0,0.0,0.0,0.0,0.0,0.0,0.0,0.0,0.0,0.0,0.0,0.0,0.0,0.0,0.0,0.0,796.1905,776.4469,794.17584,670.07324,761.53845,-0.4404296875,0.15234375,0.87127685546875,1.786956787109375,-3.715972900390625,-0.25421142578125,0.0,4.0,4.0,4.0,4.0,100.0,event
10:34:01.172,0.0,0.0,0.0,0.0,0.0,0.0,0.0,0.0,0.0,0.0,0.0,0.0,0.0,0.0,0.0,0.0,0.0,0.0,0.0,0.0,780.87915,776.4469,793.36993,664.43225,808.68134,-0.4378662109375,0.15216064453125,0.8770751953125,2.370147705078125,-3.7384033203125,0.6280517578125,0.0,4.0,4.0,4.0,4.0,100.0,event
10:34:01.174,0.0,0.0,0.0,0.0,0.0,0.0,0.0,0.0,0.0,0.0,0.0,0.0,0.0,0.0,0.0,0.0,0.0,0.0,0.0,0.0,813.1135,776.04395,800.2198,656.3736,835.2747,-0.4378662109375,0.15216064453125,0.8770751953125,2.370147705078125,-3.7384033203125,0.6280517578125,0.0,4.0,4.0,4.0,4.0,100.0,event
10:34:01.176,0.0,0.0,0.0,0.0,0.0,0.0,0.0,0.0,0.0,0.0,0.0,0.0,0.0,0.0,0.0,0.0,0.0,0.0,0.0,0.0,848.5714,775.64105,798.60803,593.5165,759.12085,-0.4378662109375,0.15216064453125,0.8770751953125,2.370147705078125,-3.7384033203125,0.6280517578125,0.0,4.0,4.0,4.0,4.0,100.0,event
10:34:01.177,0.0,0.0,0.0,0.0,0.0,0.0,0.0,0.0,0.0,0.0,0.0,0.0,0.0,0.0,0.0,0.0,0.0,0.0,0.0,0.0,838.49817,777.25275,797.8022,543.1502,714.7985,-0.4378662109375,0.15216064453125,0.8770751953125,2.370147705078125,-3.7384033203125,0.6280517578125,0.0,4.0,4.0,4.0,4.0,100.0,event
10:34:01.179,0.0,0.0,0.0,0.0,0.0,0.0,0.0,0.0,0.0,0.0,0.0,0.0,0.0,0.0,0.0,0.0,0.0,0.0,0.0,0.0,789.34064,778.86444,800.6227,519.3773,814.3223,-0.4378662109375,0.15216064453125,0.8770751953125,2.370147705078125,-3.7384033203125,0.6280517578125,0.0,4.0,4.0,4.0,4.0,100.0,event
10:34:01.180,0.0,0.0,0.0,0.0,0.0,0.0,0.0,0.0,0.0,0.0,0.0,0.0,0.0,0.0,0.0,0.0,0.0,0.0,0.0,0.0,771.6117,778.0586,796.1905,453.2967,922.71063,-0.4378662109375,0.15216064453125,0.8770751953125,2.370147705078125,-3.7384033203125,0.6280517578125,0.0,4.0,4.0,4.0,4.0,100.0,event
10:34:01.182,0.0,0.0,0.0,0.0,0.0,0.0,0.0,0.0,0.0,0.0,0.0,0.0,0.0,0.0,0.0,0.0,0.0,0.0,0.0,0.0,805.05493,780.87915,795.78754,471.02563,865.4945,-0.4378662109375,0.15216064453125,0.8770751953125,2.370147705078125,-3.7384033203125,0.6280517578125,0.0,4.0,4.0,4.0,4.0,100.0,event
10:34:01.183,0.0,0.0,0.0,0.0,0.0,0.0,0.0,0.0,0.0,0.0,0.0,0.0,0.0,0.0,0.0,0.0,0.0,0.0,0.0,0.0,849.3773,781.28204,792.1612,571.75824,757.50916,-0.4378662109375,0.15216064453125,0.8770751953125,2.370147705078125,-3.7384033203125,0.6280517578125,0.0,4.0,4.0,4.0,4.0,100.0,event
10:34:01.184,0.0,0.0,0.0,0.0,0.0,0.0,0.0,0.0,0.0,0.0,0.0,0.0,0.0,0.0,0.0,0.0,0.0,0.0,0.0,0.0,834.4689,778.86444,790.14655,593.91943,917.0696,-0.4378662109375,0.15216064453125,0.8770751953125,2.370147705078125,-3.7384033203125,0.6280517578125,0.0,4.0,4.0,4.0,4.0,100.0,event
10:34:01.185,0.0,0.0,0.0,0.0,0.0,0.0,0.0,0.0,0.0,0.0,0.0,0.0,0.0,0.0,0.0,0.0,0.0,0.0,0.0,0.0,772.4176,776.4469,797.8022,655.16486,773.22345,-0.4378662109375,0.15216064453125,0.8770751953125,2.370147705078125,-3.7384033203125,0.6280517578125,0.0,4.0,4.0,4.0,4.0,100.0,event
10:34:01.185,0.0,0.0,0.0,0.0,0.0,0.0,0.0,0.0,0.0,0.0,0.0,0.0,0.0,0.0,0.0,0.0,0.0,0.0,0.0,0.0,782.0879,778.46155,794.57874,583.0403,1020.6227,-0.4378662109375,0.15216064453125,0.8770751953125,2.370147705078125,-3.7384033203125,0.6280517578125,0.0,4.0,4.0,4.0,4.0,100.0,event
10:34:01.186,0.0,0.0,0.0,0.0,0.0,0.0,0.0,0.0,0.0,0.0,0.0,0.0,0.0,0.0,0.0,0.0,0.0,0.0,0.0,0.0,801.02563,774.43225,801.8315,693.0403,716.0073,-0.4378662109375,0.15216064453125,0.8770751953125,2.370147705078125,-3.7384033203125,0.6280517578125,0.0,4.0,4.0,4.0,4.0,100.0,event
10:34:01.227,0.0,0.0,0.0,0.0,0.0,0.0,0.0,0.0,0.0,0.0,0.0,0.0,0.0,0.0,0.0,0.0,0.0,0.0,0.0,0.0,842.9304,776.8498,795.78754,665.64105,804.65204,-0.4378662109375,0.15216064453125,0.8770751953125,2.370147705078125,-3.7384033203125,0.6280517578125,0.0,4.0,4.0,4.0,4.0,100.0,event
10:34:01.230,0.0,0.0,0.0,0.0,0.0,0.0,0.0,0.0,0.0,0.0,0.0,0.0,0.0,0.0,0.0,0.0,0.0,0.0,0.0,0.0,847.3626,782.0879,794.17584,637.4359,783.69965,-0.4378662109375,0.15216064453125,0.8770751953125,2.370147705078125,-3.7384033203125,0.6280517578125,0.0,4.0,4.0,4.0,4.0,100.0,event
10:34:01.232,0.0,0.0,0.0,0.0,0.0,0.0,0.0,0.0,0.0,0.0,0.0,0.0,0.0,0.0,0.0,0.0,0.0,0.0,0.0,0.0,799.011,786.1172,799.81683,617.28937,701.0989,-0.4378662109375,0.15216064453125,0.8770751953125,2.370147705078125,-3.7384033203125,0.6280517578125,0.0,4.0,4.0,4.0,4.0,100.0,event
10:34:01.233,0.0,0.0,0.0,0.0,0.0,0.0,0.0,0.0,0.0,0.0,0.0,0.0,0.0,0.0,0.0,0.0,0.0,0.0,0.0,0.0,770.0,781.28204,798.60803,676.52014,678.5348,-0.4378662109375,0.15216064453125,0.8770751953125,2.370147705078125,-3.7384033203125,0.6280517578125,0.0,4.0,4.0,4.0,4.0,100.0,event
10:34:01.235,0.0,0.0,0.0,0.0,0.0,0.0,0.0,0.0,0.0,0.0,0.0,0.0,0.0,0.0,0.0,0.0,0.0,0.0,0.0,0.0,790.14655,777.25275,796.99634,806.26373,836.08057,-0.4378662109375,0.15216064453125,0.8770751953125,2.370147705078125,-3.7384033203125,0.6280517578125,0.0,4.0,4.0,4.0,4.0,100.0,event
10:34:01.237,0.0,0.0,0.0,0.0,0.0,0.0,0.0,0.0,0.0,0.0,0.0,0.0,0.0,0.0,0.0,0.0,0.0,0.0,0.0,0.0,830.0366,780.4762,797.8022,892.49084,891.28204,-0.4378662109375,0.15216064453125,0.8770751953125,2.370147705078125,-3.7384033203125,0.6280517578125,0.0,4.0,4.0,4.0,4.0,100.0,event
10:34:01.239,0.0,0.0,0.0,0.0,0.0,0.0,0.0,0.0,0.0,0.0,0.0,0.0,0.0,0.0,0.0,0.0,0.0,0.0,0.0,0.0,846.9597,782.8938,798.20514,915.8608,824.7985,-0.4378662109375,0.15216064453125,0.8770751953125,2.370147705078125,-3.7384033203125,0.6280517578125,0.0,4.0,4.0,4.0,4.0,100.0,event
10:34:01.240,0.0,0.0,0.0,0.0,0.0,0.0,0.0,0.0,0.0,0.0,0.0,0.0,0.0,0.0,0.0,0.0,0.0,0.0,0.0,0.0,800.6227,784.10254,803.44324,908.60803,790.9524,-0.4378662109375,0.15216064453125,0.8770751953125,2.370147705078125,-3.7384033203125,0.6280517578125,0.0,4.0,4.0,4.0,4.0,100.0,event
10:34:01.242,0.0,0.0,0.0,0.0,0.0,0.0,0.0,0.0,0.0,0.0,0.0,0.0,0.0,0.0,0.0,0.0,0.0,0.0,0.0,0.0,765.9707,782.49084,807.47253,885.2381,913.8461,-0.4378662109375,0.15216064453125,0.8770751953125,2.370147705078125,-3.7384033203125,0.6280517578125,0.0,4.0,4.0,4.0,4.0,100.0,event
10:34:01.244,0.0,0.0,0.0,0.0,0.0,0.0,0.0,0.0,0.0,0.0,0.0,0.0,0.0,0.0,0.0,0.0,0.0,0.0,0.0,0.0,798.20514,784.90845,799.41394,884.43225,859.85345,-0.4378662109375,0.15216064453125,0.8770751953125,2.370147705078125,-3.7384033203125,0.6280517578125,0.0,4.0,4.0,4.0,4.0,100.0,event
10:34:01.245,0.0,0.0,0.0,0.0,0.0,0.0,0.0,0.0,0.0,0.0,0.0,0.0,0.0,0.0,0.0,0.0,0.0,0.0,0.0,0.0,839.304,782.0879,794.57874,892.0879,690.2198,-0.4378662109375,0.15216064453125,0.8770751953125,2.370147705078125,-3.7384033203125,0.6280517578125,0.0,4.0,4.0,4.0,4.0,100.0,event
10:34:01.247,0.0,0.0,0.0,0.0,0.0,0.0,0.0,0.0,0.0,0.0,0.0,0.0,0.0,0.0,0.0,0.0,0.0,0.0,0.0,0.0,848.97437,778.46155,800.2198,881.6117,720.0366,-0.4378662109375,0.15216064453125,0.8770751953125,2.370147705078125,-3.7384033203125,0.6280517578125,0.0,4.0,4.0,4.0,4.0,100.0,event
10:34:01.249,0.0,0.0,0.0,0.0,0.0,0.0,0.0,0.0,0.0,0.0,0.0,0.0,0.0,0.0,0.0,0.0,0.0,0.0,0.0,0.0,812.3077,780.87915,798.20514,882.01465,763.95605,-0.443359375,0.14471435546875,0.86956787109375,2.40753173828125,-3.46923828125,-0.575714111328125,0.0,4.0,4.0,4.0,4.0,100.0,event
10:34:01.250,0.0,0.0,0.0,0.0,0.0,0.0,0.0,0.0,0.0,0.0,0.0,0.0,0.0,0.0,0.0,0.0,0.0,0.0,0.0,0.0,780.07324,782.49084,797.3993,871.13556,718.022,-0.443359375,0.14471435546875,0.86956787109375,2.40753173828125,-3.46923828125,-0.575714111328125,0.0,4.0,4.0,4.0,4.0,100.0,event
10:34:01.255,0.0,0.0,0.0,0.0,0.0,0.0,0.0,0.0,0.0,0.0,0.0,0.0,0.0,0.0,0.0,0.0,0.0,0.0,0.0,0.0,793.7729,779.2674,801.8315,859.0476,660.40295,-0.443359375,0.14471435546875,0.86956787109375,2.40753173828125,-3.46923828125,-0.575714111328125,0.0,4.0,4.0,4.0,4.0,100.0,event
10:34:01.256,0.0,0.0,0.0,0.0,0.0,0.0,0.0,0.0,0.0,0.0,0.0,0.0,0.0,0.0,0.0,0.0,0.0,0.0,0.0,0.0,831.6484,779.2674,803.44324,872.74725,702.71063,-0.443359375,0.14471435546875,0.86956787109375,2.40753173828125,-3.46923828125,-0.575714111328125,0.0,4.0,4.0,4.0,4.0,100.0,event
10:34:01.256,0.0,0.0,0.0,0.0,0.0,0.0,0.0,0.0,0.0,0.0,0.0,0.0,0.0,0.0,0.0,0.0,0.0,0.0,0.0,0.0,859.0476,784.5055,804.2491,879.59705,825.2015,-0.443359375,0.14471435546875,0.86956787109375,2.40753173828125,-3.46923828125,-0.575714111328125,0.0,4.0,4.0,4.0,4.0,100.0,event
10:34:01.257,0.0,0.0,0.0,0.0,0.0,0.0,0.0,0.0,0.0,0.0,0.0,0.0,0.0,0.0,0.0,0.0,0.0,0.0,0.0,0.0,823.5897,782.8938,803.44324,871.13556,867.1062,-0.443359375,0.14471435546875,0.86956787109375,2.40753173828125,-3.46923828125,-0.575714111328125,0.0,4.0,4.0,4.0,4.0,100.0,event
10:34:01.258,0.0,0.0,0.0,0.0,0.0,0.0,0.0,0.0,0.0,0.0,0.0,0.0,0.0,0.0,0.0,0.0,0.0,0.0,0.0,0.0,780.07324,780.4762,802.23444,868.315,827.619,-0.443359375,0.14471435546875,0.86956787109375,2.40753173828125,-3.46923828125,-0.575714111328125,0.0,4.0,4.0,4.0,4.0,100.0,event
10:34:01.258,0.0,0.0,0.0,0.0,0.0,0.0,0.0,0.0,0.0,0.0,0.0,0.0,0.0,0.0,0.0,0.0,0.0,0.0,0.0,0.0,794.57874,783.69965,799.011,875.9707,969.45056,-0.443359375,0.14471435546875,0.86956787109375,2.40753173828125,-3.46923828125,-0.575714111328125,0.0,4.0,4.0,4.0,4.0,100.0,event
10:34:01.259,0.0,0.0,0.0,0.0,0.0,0.0,0.0,0.0,0.0,0.0,0.0,0.0,0.0,0.0,0.0,0.0,0.0,0.0,0.0,0.0,834.0659,785.31134,794.9817,893.2967,1200.7325,-0.443359375,0.14471435546875,0.86956787109375,2.40753173828125,-3.46923828125,-0.575714111328125,0.0,4.0,4.0,4.0,4.0,100.0,event
10:34:01.260,0.0,0.0,0.0,0.0,0.0,0.0,0.0,0.0,0.0,0.0,0.0,0.0,0.0,0.0,0.0,0.0,0.0,0.0,0.0,0.0,855.82416,781.28204,793.36993,879.19415,899.7436,-0.443359375,0.14471435546875,0.86956787109375,2.40753173828125,-3.46923828125,-0.575714111328125,0.0,4.0,4.0,4.0,4.0,100.0,event
10:34:01.260,0.0,0.0,0.0,0.0,0.0,0.0,0.0,0.0,0.0,0.0,0.0,0.0,0.0,0.0,0.0,0.0,0.0,0.0,0.0,0.0,823.5897,778.86444,798.60803,842.52747,695.05493,-0.443359375,0.14471435546875,0.86956787109375,2.40753173828125,-3.46923828125,-0.575714111328125,0.0,4.0,4.0,4.0,4.0,100.0,event
10:34:01.261,0.0,0.0,0.0,0.0,0.0,0.0,0.0,0.0,0.0,0.0,0.0,0.0,0.0,0.0,0.0,0.0,0.0,0.0,0.0,0.0,776.04395,778.46155,802.6374,817.1429,857.8388,-0.443359375,0.14471435546875,0.86956787109375,2.40753173828125,-3.46923828125,-0.575714111328125,0.0,4.0,4.0,4.0,4.0,100.0,event
10:34:01.307,0.0,0.0,0.0,0.0,0.0,0.0,0.0,0.0,0.0,0.0,0.0,0.0,0.0,0.0,0.0,0.0,0.0,0.0,0.0,0.0,774.83514,778.86444,796.5934,847.76556,785.7143,-0.43634033203125,0.15167236328125,0.883056640625,2.998199462890625,-3.985137939453125,-0.97198486328125,0.0,4.0,4.0,4.0,4.0,100.0,event
10:34:01.308,0.0,0.0,0.0,0.0,0.0,0.0,0.0,0.0,0.0,0.0,0.0,0.0,0.0,0.0,0.0,0.0,0.0,0.0,0.0,0.0,815.9341,780.4762,792.5641,898.93774,651.13556,-0.43634033203125,0.15167236328125,0.883056640625,2.998199462890625,-3.985137939453125,-0.97198486328125,0.0,4.0,4.0,4.0,4.0,100.0,event
10:34:01.310,0.0,0.0,0.0,0.0,0.0,0.0,0.0,0.0,0.0,0.0,0.0,0.0,0.0,0.0,0.0,0.0,0.0,0.0,0.0,0.0,853.4066,780.87915,796.5934,920.696,722.8571,-0.43634033203125,0.15167236328125,0.883056640625,2.998199462890625,-3.985137939453125,-0.97198486328125,0.0,4.0,4.0,4.0,4.0,100.0,event
10:34:01.311,0.0,0.0,0.0,0.0,0.0,0.0,0.0,0.0,0.0,0.0,0.0,0.0,0.0,0.0,0.0,0.0,0.0,0.0,0.0,0.0,824.7985,780.87915,800.6227,896.52014,795.38464,-0.43634033203125,0.15167236328125,0.883056640625,2.998199462890625,-3.985137939453125,-0.97198486328125,0.0,4.0,4.0,4.0,4.0,100.0,event
10:34:01.312,0.0,0.0,0.0,0.0,0.0,0.0,0.0,0.0,0.0,0.0,0.0,0.0,0.0,0.0,0.0,0.0,0.0,0.0,0.0,0.0,767.5824,780.07324,804.2491,871.13556,718.022,-0.43634033203125,0.15167236328125,0.883056640625,2.998199462890625,-3.985137939453125,-0.97198486328125,0.0,4.0,4.0,4.0,4.0,100.0,event
10:34:01.314,0.0,0.0,0.0,0.0,0.0,0.0,0.0,0.0,0.0,0.0,0.0,0.0,0.0,0.0,0.0,0.0,0.0,0.0,0.0,0.0,766.77655,778.86444,801.8315,878.7912,705.5311,-0.43634033203125,0.15167236328125,0.883056640625,2.998199462890625,-3.985137939453125,-0.97198486328125,0.0,4.0,4.0,4.0,4.0,100.0,event
10:34:01.315,0.0,0.0,0.0,0.0,0.0,0.0,0.0,0.0,0.0,0.0,0.0,0.0,0.0,0.0,0.0,0.0,0.0,0.0,0.0,0.0,808.68134,779.2674,797.3993,888.0586,830.84247,-0.43634033203125,0.15167236328125,0.883056640625,2.998199462890625,-3.985137939453125,-0.97198486328125,0.0,4.0,4.0,4.0,4.0,100.0,event
10:34:01.317,0.0,0.0,0.0,0.0,0.0,0.0,0.0,0.0,0.0,0.0,0.0,0.0,0.0,0.0,0.0,0.0,0.0,0.0,0.0,0.0,836.8865,778.86444,797.8022,889.2674,1039.5604,-0.43634033203125,0.15167236328125,0.883056640625,2.998199462890625,-3.985137939453125,-0.97198486328125,0.0,4.0,4.0,4.0,4.0,100.0,event
10:34:01.319,0.0,0.0,0.0,0.0,0.0,0.0,0.0,0.0,0.0,0.0,0.0,0.0,0.0,0.0,0.0,0.0,0.0,0.0,0.0,0.0,818.3516,780.4762,796.5934,871.13556,964.61536,-0.43634033203125,0.15167236328125,0.883056640625,2.998199462890625,-3.985137939453125,-0.97198486328125,0.0,4.0,4.0,4.0,4.0,100.0,event
10:34:01.319,0.0,0.0,0.0,0.0,0.0,0.0,0.0,0.0,0.0,0.0,0.0,0.0,0.0,0.0,0.0,0.0,0.0,0.0,0.0,0.0,775.64105,781.685,796.5934,835.2747,782.0879,-0.43634033203125,0.15167236328125,0.883056640625,2.998199462890625,-3.985137939453125,-0.97198486328125,0.0,4.0,4.0,4.0,4.0,100.0,event
10:34:01.320,0.0,0.0,0.0,0.0,0.0,0.0,0.0,0.0,0.0,0.0,0.0,0.0,0.0,0.0,0.0,0.0,0.0,0.0,0.0,0.0,768.7912,778.0586,794.9817,818.7546,782.49084,-0.43634033203125,0.15167236328125,0.883056640625,2.998199462890625,-3.985137939453125,-0.97198486328125,0.0,4.0,4.0,4.0,4.0,100.0,event
10:34:01.321,0.0,0.0,0.0,0.0,0.0,0.0,0.0,0.0,0.0,0.0,0.0,0.0,0.0,0.0,0.0,0.0,0.0,0.0,0.0,0.0,801.02563,776.8498,793.7729,834.4689,940.0366,-0.43634033203125,0.15167236328125,0.883056640625,2.998199462890625,-3.985137939453125,-0.97198486328125,0.0,4.0,4.0,4.0,4.0,100.0,event
10:34:01.344,0.0,0.0,0.0,0.0,0.0,0.0,0.0,0.0,0.0,0.0,0.0,0.0,0.0,0.0,0.0,0.0,0.0,0.0,0.0,0.0,841.31866,778.0586,791.3553,863.0769,854.61536,-0.435546875,0.1558837890625,0.87939453125,1.6748046875,-3.768310546875,0.635528564453125,0.0,4.0,4.0,4.0,4.0,100.0,event
10:34:01.345,0.0,0.0,0.0,0.0,0.0,0.0,0.0,0.0,0.0,0.0,0.0,0.0,0.0,0.0,0.0,0.0,0.0,0.0,0.0,0.0,835.2747,779.2674,792.96704,863.0769,742.6007,-0.435546875,0.1558837890625,0.87939453125,1.6748046875,-3.768310546875,0.635528564453125,0.0,4.0,4.0,4.0,4.0,100.0,event
10:34:01.346,0.0,0.0,0.0,0.0,0.0,0.0,0.0,0.0,0.0,0.0,0.0,0.0,0.0,0.0,0.0,0.0,0.0,0.0,0.0,0.0,790.9524,780.87915,797.8022,847.76556,780.4762,-0.435546875,0.1558837890625,0.87939453125,1.6748046875,-3.768310546875,0.635528564453125,0.0,4.0,4.0,4.0,4.0,100.0,event
10:34:01.347,0.0,0.0,0.0,0.0,0.0,0.0,0.0,0.0,0.0,0.0,0.0,0.0,0.0,0.0,0.0,0.0,0.0,0.0,0.0,0.0,777.25275,779.67035,799.011,864.68866,726.4835,-0.435546875,0.1558837890625,0.87939453125,1.6748046875,-3.768310546875,0.635528564453125,0.0,4.0,4.0,4.0,4.0,100.0,event
10:34:01.351,0.0,0.0,0.0,0.0,0.0,0.0,0.0,0.0,0.0,0.0,0.0,0.0,0.0,0.0,0.0,0.0,0.0,0.0,0.0,0.0,809.89014,780.87915,801.4286,897.326,734.1392,-0.435546875,0.1558837890625,0.87939453125,1.6748046875,-3.768310546875,0.635528564453125,0.0,4.0,4.0,4.0,4.0,100.0,event
10:34:01.352,0.0,0.0,0.0,0.0,0.0,0.0,0.0,0.0,0.0,0.0,0.0,0.0,0.0,0.0,0.0,0.0,0.0,0.0,0.0,0.0,844.94507,778.46155,796.99634,869.5238,821.978,-0.435546875,0.1558837890625,0.87939453125,1.6748046875,-3.768310546875,0.635528564453125,0.0,4.0,4.0,4.0,4.0,100.0,event
10:34:01.352,0.0,0.0,0.0,0.0,0.0,0.0,0.0,0.0,0.0,0.0,0.0,0.0,0.0,0.0,0.0,0.0,0.0,0.0,0.0,0.0,838.0952,775.64105,794.17584,739.3773,898.5348,-0.435546875,0.1558837890625,0.87939453125,1.6748046875,-3.768310546875,0.635528564453125,0.0,4.0,4.0,4.0,4.0,100.0,event
10:34:01.353,0.0,0.0,0.0,0.0,0.0,0.0,0.0,0.0,0.0,0.0,0.0,0.0,0.0,0.0,0.0,0.0,0.0,0.0,0.0,0.0,789.34064,779.67035,799.011,794.17584,1001.685,-0.435546875,0.1558837890625,0.87939453125,1.6748046875,-3.768310546875,0.635528564453125,0.0,4.0,4.0,4.0,4.0,100.0,event
10:34:01.354,0.0,0.0,0.0,0.0,0.0,0.0,0.0,0.0,0.0,0.0,0.0,0.0,0.0,0.0,0.0,0.0,0.0,0.0,0.0,0.0,771.6117,781.28204,804.2491,894.90845,770.40295,-0.435546875,0.1558837890625,0.87939453125,1.6748046875,-3.768310546875,0.635528564453125,0.0,4.0,4.0,4.0,4.0,100.0,event
10:34:01.354,0.0,0.0,0.0,0.0,0.0,0.0,0.0,0.0,0.0,0.0,0.0,0.0,0.0,0.0,0.0,0.0,0.0,0.0,0.0,0.0,796.5934,778.86444,797.8022,905.38464,678.1319,-0.435546875,0.1558837890625,0.87939453125,1.6748046875,-3.768310546875,0.635528564453125,0.0,4.0,4.0,4.0,4.0,100.0,event
10:34:01.355,0.0,0.0,0.0,0.0,0.0,0.0,0.0,0.0,0.0,0.0,0.0,0.0,0.0,0.0,0.0,0.0,0.0,0.0,0.0,0.0,835.2747,777.25275,790.9524,931.5751,793.7729,-0.435546875,0.1558837890625,0.87939453125,1.6748046875,-3.768310546875,0.635528564453125,0.0,4.0,4.0,4.0,4.0,100.0,event
10:34:01.356,0.0,0.0,0.0,0.0,0.0,0.0,0.0,0.0,0.0,0.0,0.0,0.0,0.0,0.0,0.0,0.0,0.0,0.0,0.0,0.0,846.9597,779.67035,798.20514,921.9048,823.5897,-0.435546875,0.1558837890625,0.87939453125,1.6748046875,-3.768310546875,0.635528564453125,0.0,4.0,4.0,4.0,4.0,100.0,event
10:34:01.397,0.0,0.0,0.0,0.0,0.0,0.0,0.0,0.0,0.0,0.0,0.0,0.0,0.0,0.0,0.0,0.0,0.0,0.0,0.0,0.0,805.4579,781.28204,801.8315,875.16486,757.9121,-0.44818115234375,0.14678955078125,0.86993408203125,1.278533935546875,-3.00567626953125,0.351409912109375,0.0,4.0,4.0,4.0,4.0,100.0,event
10:34:01.398,0.0,0.0,0.0,0.0,0.0,0.0,0.0,0.0,0.0,0.0,0.0,0.0,0.0,0.0,0.0,0.0,0.0,0.0,0.0,0.0,772.01465,777.25275,795.38464,861.4652,666.4469,-0.44818115234375,0.14678955078125,0.86993408203125,1.278533935546875,-3.00567626953125,0.351409912109375,0.0,4.0,4.0,4.0,4.0,100.0,event
10:34:01.399,0.0,0.0,0.0,0.0,0.0,0.0,0.0,0.0,0.0,0.0,0.0,0.0,0.0,0.0,0.0,0.0,0.0,0.0,0.0,0.0,790.54944,774.83514,790.14655,896.52014,767.5824,-0.44818115234375,0.14678955078125,0.86993408203125,1.278533935546875,-3.00567626953125,0.351409912109375,0.0,4.0,4.0,4.0,4.0,100.0,event
10:34:01.399,0.0,0.0,0.0,0.0,0.0,0.0,0.0,0.0,0.0,0.0,0.0,0.0,0.0,0.0,0.0,0.0,0.0,0.0,0.0,0.0,838.9011,779.2674,793.7729,901.75824,786.9231,-0.44818115234375,0.14678955078125,0.86993408203125,1.278533935546875,-3.00567626953125,0.351409912109375,0.0,4.0,4.0,4.0,4.0,100.0,event
10:34:01.400,0.0,0.0,0.0,0.0,0.0,0.0,0.0,0.0,0.0,0.0,0.0,0.0,0.0,0.0,0.0,0.0,0.0,0.0,0.0,0.0,863.8828,781.28204,798.20514,888.46155,676.1172,-0.44818115234375,0.14678955078125,0.86993408203125,1.278533935546875,-3.00567626953125,0.351409912109375,0.0,4.0,4.0,4.0,4.0,100.0,event
10:34:01.400,0.0,0.0,0.0,0.0,0.0,0.0,0.0,0.0,0.0,0.0,0.0,0.0,0.0,0.0,0.0,0.0,0.0,0.0,0.0,0.0,819.15753,782.8938,796.99634,879.19415,801.02563,-0.44818115234375,0.14678955078125,0.86993408203125,1.278533935546875,-3.00567626953125,0.351409912109375,0.0,4.0,4.0,4.0,4.0,100.0,event
10:34:01.401,0.0,0.0,0.0,0.0,0.0,0.0,0.0,0.0,0.0,0.0,0.0,0.0,0.0,0.0,0.0,0.0,0.0,0.0,0.0,0.0,765.56775,779.2674,796.5934,857.4359,1052.4542,-0.44818115234375,0.14678955078125,0.86993408203125,1.278533935546875,-3.00567626953125,0.351409912109375,0.0,4.0,4.0,4.0,4.0,100.0,event
10:34:01.402,0.0,0.0,0.0,0.0,0.0,0.0,0.0,0.0,0.0,0.0,0.0,0.0,0.0,0.0,0.0,0.0,0.0,0.0,0.0,0.0,781.685,774.0293,794.57874,828.8278,879.59705,-0.44818115234375,0.14678955078125,0.86993408203125,1.278533935546875,-3.00567626953125,0.351409912109375,0.0,4.0,4.0,4.0,4.0,100.0,event
10:34:01.403,0.0,0.0,0.0,0.0,0.0,0.0,0.0,0.0,0.0,0.0,0.0,0.0,0.0,0.0,0.0,0.0,0.0,0.0,0.0,0.0,830.4396,779.2674,790.54944,837.6923,703.1135,-0.44818115234375,0.14678955078125,0.86993408203125,1.278533935546875,-3.00567626953125,0.351409912109375,0.0,4.0,4.0,4.0,4.0,100.0,event
10:34:01.404,0.0,0.0,0.0,0.0,0.0,0.0,0.0,0.0,0.0,0.0,0.0,0.0,0.0,0.0,0.0,0.0,0.0,0.0,0.0,0.0,856.2271,780.4762,788.93774,886.8498,798.20514,-0.44818115234375,0.14678955078125,0.86993408203125,1.278533935546875,-3.00567626953125,0.351409912109375,0.0,4.0,4.0,4.0,4.0,100.0,event
10:34:01.404,0.0,0.0,0.0,0.0,0.0,0.0,0.0,0.0,0.0,0.0,0.0,0.0,0.0,0.0,0.0,0.0,0.0,0.0,0.0,0.0,816.337,777.25275,792.5641,842.52747,819.9634,-0.44818115234375,0.14678955078125,0.86993408203125,1.278533935546875,-3.00567626953125,0.351409912109375,0.0,4.0,4.0,4.0,4.0,100.0,event
10:34:01.405,0.0,0.0,0.0,0.0,0.0,0.0,0.0,0.0,0.0,0.0,0.0,0.0,0.0,0.0,0.0,0.0,0.0,0.0,0.0,0.0,762.3443,778.0586,789.34064,805.8608,774.0293,-0.44818115234375,0.14678955078125,0.86993408203125,1.278533935546875,-3.00567626953125,0.351409912109375,0.0,4.0,4.0,4.0,4.0,100.0,event
10:34:01.450,0.0,0.0,0.0,0.0,0.0,0.0,0.0,0.0,0.0,0.0,0.0,0.0,0.0,0.0,0.0,0.0,0.0,0.0,0.0,0.0,766.77655,778.86444,788.93774,815.5311,770.80585,-0.44818115234375,0.14678955078125,0.86993408203125,1.278533935546875,-3.00567626953125,0.351409912109375,0.0,4.0,4.0,4.0,4.0,100.0,event
10:34:01.451,0.0,0.0,0.0,0.0,0.0,0.0,0.0,0.0,0.0,0.0,0.0,0.0,0.0,0.0,0.0,0.0,0.0,0.0,0.0,0.0,808.68134,776.8498,790.54944,778.46155,756.7033,-0.44818115234375,0.14678955078125,0.86993408203125,1.278533935546875,-3.00567626953125,0.351409912109375,0.0,4.0,4.0,4.0,4.0,100.0,event
10:34:01.452,0.0,0.0,0.0,0.0,0.0,0.0,0.0,0.0,0.0,0.0,0.0,0.0,0.0,0.0,0.0,0.0,0.0,0.0,0.0,0.0,838.0952,779.2674,790.54944,733.3333,796.5934,-0.44818115234375,0.14678955078125,0.86993408203125,1.278533935546875,-3.00567626953125,0.351409912109375,0.0,4.0,4.0,4.0,4.0,100.0,event
10:34:01.453,0.0,0.0,0.0,0.0,0.0,0.0,0.0,0.0,0.0,0.0,0.0,0.0,0.0,0.0,0.0,0.0,0.0,0.0,0.0,0.0,816.337,781.685,794.17584,724.87177,880.80585,-0.44818115234375,0.14678955078125,0.86993408203125,1.278533935546875,-3.00567626953125,0.351409912109375,0.0,4.0,4.0,4.0,4.0,100.0,event
10:34:01.454,0.0,0.0,0.0,0.0,0.0,0.0,0.0,0.0,0.0,0.0,0.0,0.0,0.0,0.0,0.0,0.0,0.0,0.0,0.0,0.0,783.2967,780.87915,791.75824,771.2088,787.326,-0.44818115234375,0.14678955078125,0.86993408203125,1.278533935546875,-3.00567626953125,0.351409912109375,0.0,4.0,4.0,4.0,4.0,100.0,event
10:34:01.455,0.0,0.0,0.0,0.0,0.0,0.0,0.0,0.0,0.0,0.0,0.0,0.0,0.0,0.0,0.0,0.0,0.0,0.0,0.0,0.0,784.5055,778.46155,790.54944,651.13556,833.663,-0.44818115234375,0.14678955078125,0.86993408203125,1.278533935546875,-3.00567626953125,0.351409912109375,0.0,4.0,4.0,4.0,4.0,100.0,event
10:34:01.460,0.0,0.0,0.0,0.0,0.0,0.0,0.0,0.0,0.0,0.0,0.0,0.0,0.0,0.0,0.0,0.0,0.0,0.0,0.0,0.0,817.1429,778.86444,797.3993,492.38095,955.34796,-0.44818115234375,0.14678955078125,0.86993408203125,1.278533935546875,-3.00567626953125,0.351409912109375,0.0,4.0,4.0,4.0,4.0,100.0,event
10:34:01.460,0.0,0.0,0.0,0.0,0.0,0.0,0.0,0.0,0.0,0.0,0.0,0.0,0.0,0.0,0.0,0.0,0.0,0.0,0.0,0.0,853.8095,780.07324,803.44324,620.5128,824.3956,-0.44818115234375,0.14678955078125,0.86993408203125,1.278533935546875,-3.00567626953125,0.351409912109375,0.0,4.0,4.0,4.0,4.0,100.0,event
10:34:01.461,0.0,0.0,0.0,0.0,0.0,0.0,0.0,0.0,0.0,0.0,0.0,0.0,0.0,0.0,0.0,0.0,0.0,0.0,0.0,0.0,828.8278,777.6557,798.20514,740.58606,628.97437,-0.44818115234375,0.14678955078125,0.86993408203125,1.278533935546875,-3.00567626953125,0.351409912109375,0.0,4.0,4.0,4.0,4.0,100.0,event
10:34:01.462,0.0,0.0,0.0,0.0,0.0,0.0,0.0,0.0,0.0,0.0,0.0,0.0,0.0,0.0,0.0,0.0,0.0,0.0,0.0,0.0,775.2381,782.8938,794.57874,730.9158,742.1978,-0.44818115234375,0.14678955078125,0.86993408203125,1.278533935546875,-3.00567626953125,0.351409912109375,0.0,4.0,4.0,4.0,4.0,100.0,event
10:34:01.462,0.0,0.0,0.0,0.0,0.0,0.0,0.0,0.0,0.0,0.0,0.0,0.0,0.0,0.0,0.0,0.0,0.0,0.0,0.0,0.0,773.6264,787.326,796.1905,699.0842,925.12823,-0.44818115234375,0.14678955078125,0.86993408203125,1.278533935546875,-3.00567626953125,0.351409912109375,0.0,4.0,4.0,4.0,4.0,100.0,event
10:34:01.463,0.0,0.0,0.0,0.0,0.0,0.0,0.0,0.0,0.0,0.0,0.0,0.0,0.0,0.0,0.0,0.0,0.0,0.0,0.0,0.0,821.5751,780.07324,788.5348,739.3773,751.4652,-0.44818115234375,0.14678955078125,0.86993408203125,1.278533935546875,-3.00567626953125,0.351409912109375,0.0,4.0,4.0,4.0,4.0,100.0,event
10:34:01.498,0.0,0.0,0.0,0.0,0.0,0.0,0.0,0.0,0.0,0.0,0.0,0.0,0.0,0.0,0.0,0.0,0.0,0.0,0.0,0.0,859.45056,779.2674,786.1172,810.696,768.7912,-0.443115234375,0.1519775390625,0.871337890625,2.340240478515625,-2.85614013671875,-0.321502685546875,0.0,4.0,4.0,4.0,4.0,100.0,event
10:34:01.499,0.0,0.0,0.0,0.0,0.0,0.0,0.0,0.0,0.0,0.0,0.0,0.0,0.0,0.0,0.0,0.0,0.0,0.0,0.0,0.0,831.6484,781.685,792.1612,811.9048,884.83514,-0.443115234375,0.1519775390625,0.871337890625,2.340240478515625,-2.85614013671875,-0.321502685546875,0.0,4.0,4.0,4.0,4.0,100.0,event
10:34:01.499,0.0,0.0,0.0,0.0,0.0,0.0,0.0,0.0,0.0,0.0,0.0,0.0,0.0,0.0,0.0,0.0,0.0,0.0,0.0,0.0,784.90845,782.0879,796.5934,789.34064,806.26373,-0.443115234375,0.1519775390625,0.871337890625,2.340240478515625,-2.85614013671875,-0.321502685546875,0.0,4.0,4.0,4.0,4.0,100.0,event
10:34:01.500,0.0,0.0,0.0,0.0,0.0,0.0,0.0,0.0,0.0,0.0,0.0,0.0,0.0,0.0,0.0,0.0,0.0,0.0,0.0,0.0,800.2198,779.67035,794.17584,783.2967,780.4762,-0.443115234375,0.1519775390625,0.871337890625,2.340240478515625,-2.85614013671875,-0.321502685546875,0.0,4.0,4.0,4.0,4.0,100.0,event
10:34:01.500,0.0,0.0,0.0,0.0,0.0,0.0,0.0,0.0,0.0,0.0,0.0,0.0,0.0,0.0,0.0,0.0,0.0,0.0,0.0,0.0,775.2381,781.685,794.57874,774.43225,716.0073,-0.443115234375,0.1519775390625,0.871337890625,2.340240478515625,-2.85614013671875,-0.321502685546875,0.0,4.0,4.0,4.0,4.0,100.0,event
10:34:01.501,0.0,0.0,0.0,0.0,0.0,0.0,0.0,0.0,0.0,0.0,0.0,0.0,0.0,0.0,0.0,0.0,0.0,0.0,0.0,0.0,827.2161,777.6557,797.3993,813.91943,986.3736,-0.443115234375,0.1519775390625,0.871337890625,2.340240478515625,-2.85614013671875,-0.321502685546875,0.0,4.0,4.0,4.0,4.0,100.0,event
10:34:01.502,0.0,0.0,0.0,0.0,0.0,0.0,0.0,0.0,0.0,0.0,0.0,0.0,0.0,0.0,0.0,0.0,0.0,0.0,0.0,0.0,814.7253,777.25275,798.60803,846.1539,940.4396,-0.443115234375,0.1519775390625,0.871337890625,2.340240478515625,-2.85614013671875,-0.321502685546875,0.0,4.0,4.0,4.0,4.0,100.0,event
10:34:01.502,0.0,0.0,0.0,0.0,0.0,0.0,0.0,0.0,0.0,0.0,0.0,0.0,0.0,0.0,0.0,0.0,0.0,0.0,0.0,0.0,774.83514,778.86444,799.41394,844.1392,825.6044,-0.443115234375,0.1519775390625,0.871337890625,2.340240478515625,-2.85614013671875,-0.321502685546875,0.0,4.0,4.0,4.0,4.0,100.0,event
10:34:01.503,0.0,0.0,0.0,0.0,0.0,0.0,0.0,0.0,0.0,0.0,0.0,0.0,0.0,0.0,0.0,0.0,0.0,0.0,0.0,0.0,756.30035,780.87915,793.36993,704.3223,799.81683,-0.443115234375,0.1519775390625,0.871337890625,2.340240478515625,-2.85614013671875,-0.321502685546875,0.0,4.0,4.0,4.0,4.0,100.0,event
10:34:01.504,0.0,0.0,0.0,0.0,0.0,0.0,0.0,0.0,0.0,0.0,0.0,0.0,0.0,0.0,0.0,0.0,0.0,0.0,0.0,0.0,788.5348,781.28204,789.34064,620.5128,803.44324,-0.443115234375,0.1519775390625,0.871337890625,2.340240478515625,-2.85614013671875,-0.321502685546875,0.0,4.0,4.0,4.0,4.0,100.0,event
10:34:01.504,0.0,0.0,0.0,0.0,0.0,0.0,0.0,0.0,0.0,0.0,0.0,0.0,0.0,0.0,0.0,0.0,0.0,0.0,0.0,0.0,836.8865,779.2674,792.5641,763.5531,812.3077,-0.443115234375,0.1519775390625,0.871337890625,2.340240478515625,-2.85614013671875,-0.321502685546875,0.0,4.0,4.0,4.0,4.0,100.0,event
10:34:01.505,0.0,0.0,0.0,0.0,0.0,0.0,0.0,0.0,0.0,0.0,0.0,0.0,0.0,0.0,0.0,0.0,0.0,0.0,0.0,0.0,834.4689,779.2674,793.7729,846.1539,724.0659,-0.443115234375,0.1519775390625,0.871337890625,2.340240478515625,-2.85614013671875,-0.321502685546875,0.0,4.0,4.0,4.0,4.0,100.0,event
10:34:01.506,0.0,0.0,0.0,0.0,0.0,0.0,0.0,0.0,0.0,0.0,0.0,0.0,0.0,0.0,0.0,0.0,0.0,0.0,0.0,0.0,786.9231,780.07324,796.5934,845.7509,761.53845,-0.44287109375,0.1458740234375,0.87408447265625,1.128997802734375,-3.7982177734375,-0.052337646484375,0.0,4.0,4.0,4.0,4.0,100.0,event
10:34:01.507,0.0,0.0,0.0,0.0,0.0,0.0,0.0,0.0,0.0,0.0,0.0,0.0,0.0,0.0,0.0,0.0,0.0,0.0,0.0,0.0,755.09155,777.25275,798.60803,842.1245,1030.6959,-0.44287109375,0.1458740234375,0.87408447265625,1.128997802734375,-3.7982177734375,-0.052337646484375,0.0,4.0,4.0,4.0,4.0,100.0,event
10:34:01.507,0.0,0.0,0.0,0.0,0.0,0.0,0.0,0.0,0.0,0.0,0.0,0.0,0.0,0.0,0.0,0.0,0.0,0.0,0.0,0.0,789.7436,776.8498,794.9817,839.707,973.8828,-0.44287109375,0.1458740234375,0.87408447265625,1.128997802734375,-3.7982177734375,-0.052337646484375,0.0,4.0,4.0,4.0,4.0,100.0,event
10:34:01.508,0.0,0.0,0.0,0.0,0.0,0.0,0.0,0.0,0.0,0.0,0.0,0.0,0.0,0.0,0.0,0.0,0.0,0.0,0.0,0.0,840.5128,782.8938,800.2198,832.0513,837.28937,-0.44287109375,0.1458740234375,0.87408447265625,1.128997802734375,-3.7982177734375,-0.052337646484375,0.0,4.0,4.0,4.0,4.0,100.0,event
10:34:01.508,0.0,0.0,0.0,0.0,0.0,0.0,0.0,0.0,0.0,0.0,0.0,0.0,0.0,0.0,0.0,0.0,0.0,0.0,0.0,0.0,844.94507,781.685,795.78754,832.8571,829.2308,-0.44287109375,0.1458740234375,0.87408447265625,1.128997802734375,-3.7982177734375,-0.052337646484375,0.0,4.0,4.0,4.0,4.0,100.0,event
10:34:01.509,0.0,0.0,0.0,0.0,0.0,0.0,0.0,0.0,0.0,0.0,0.0,0.0,0.0,0.0,0.0,0.0,0.0,0.0,0.0,0.0,788.1319,775.2381,799.81683,808.68134,859.0476,-0.44287109375,0.1458740234375,0.87408447265625,1.128997802734375,-3.7982177734375,-0.052337646484375,0.0,4.0,4.0,4.0,4.0,100.0,event
10:34:01.510,0.0,0.0,0.0,0.0,0.0,0.0,0.0,0.0,0.0,0.0,0.0,0.0,0.0,0.0,0.0,0.0,0.0,0.0,0.0,0.0,762.3443,774.0293,799.41394,794.57874,872.3443,-0.44287109375,0.1458740234375,0.87408447265625,1.128997802734375,-3.7982177734375,-0.052337646484375,0.0,4.0,4.0,4.0,4.0,100.0,event
10:34:01.510,0.0,0.0,0.0,0.0,0.0,0.0,0.0,0.0,0.0,0.0,0.0,0.0,0.0,0.0,0.0,0.0,0.0,0.0,0.0,0.0,786.9231,776.04395,797.8022,809.89014,749.0476,-0.44287109375,0.1458740234375,0.87408447265625,1.128997802734375,-3.7982177734375,-0.052337646484375,0.0,4.0,4.0,4.0,4.0,100.0,event
10:34:01.514,0.0,0.0,0.0,0.0,0.0,0.0,0.0,0.0,0.0,0.0,0.0,0.0,0.0,0.0,0.0,0.0,0.0,0.0,0.0,0.0,824.7985,776.8498,796.99634,812.71063,842.9304,-0.44287109375,0.1458740234375,0.87408447265625,1.128997802734375,-3.7982177734375,-0.052337646484375,0.0,4.0,4.0,4.0,4.0,100.0,event
10:34:01.515,0.0,0.0,0.0,0.0,0.0,0.0,0.0,0.0,0.0,0.0,0.0,0.0,0.0,0.0,0.0,0.0,0.0,0.0,0.0,0.0,832.8571,778.86444,792.1612,801.8315,1164.0659,-0.44287109375,0.1458740234375,0.87408447265625,1.128997802734375,-3.7982177734375,-0.052337646484375,0.0,4.0,4.0,4.0,4.0,100.0,event
10:34:01.515,0.0,0.0,0.0,0.0,0.0,0.0,0.0,0.0,0.0,0.0,0.0,0.0,0.0,0.0,0.0,0.0,0.0,0.0,0.0,0.0,791.75824,778.0586,791.3553,765.9707,876.77655,-0.44287109375,0.1458740234375,0.87408447265625,1.128997802734375,-3.7982177734375,-0.052337646484375,0.0,4.0,4.0,4.0,4.0,100.0,event
10:34:01.516,0.0,0.0,0.0,0.0,0.0,0.0,0.0,0.0,0.0,0.0,0.0,0.0,0.0,0.0,0.0,0.0,0.0,0.0,0.0,0.0,757.1062,779.2674,790.9524,730.9158,605.2015,-0.44287109375,0.1458740234375,0.87408447265625,1.128997802734375,-3.7982177734375,-0.052337646484375,0.0,4.0,4.0,4.0,4.0,100.0,event
10:34:01.552,0.0,0.0,0.0,0.0,0.0,0.0,0.0,0.0,0.0,0.0,0.0,0.0,0.0,0.0,0.0,0.0,0.0,0.0,0.0,0.0,771.2088,782.0879,790.14655,744.61536,740.18317,-0.445068359375,0.1456298828125,0.87286376953125,1.98883056640625,-4.17205810546875,0.46356201171875,0.0,4.0,4.0,4.0,4.0,100.0,event
10:34:01.553,0.0,0.0,0.0,0.0,0.0,0.0,0.0,0.0,0.0,0.0,0.0,0.0,0.0,0.0,0.0,0.0,0.0,0.0,0.0,0.0,815.5311,780.4762,792.96704,749.45056,771.6117,-0.445068359375,0.1456298828125,0.87286376953125,1.98883056640625,-4.17205810546875,0.46356201171875,0.0,4.0,4.0,4.0,4.0,100.0,event
10:34:01.554,0.0,0.0,0.0,0.0,0.0,0.0,0.0,0.0,0.0,0.0,0.0,0.0,0.0,0.0,0.0,0.0,0.0,0.0,0.0,0.0,836.08057,777.6557,800.2198,724.87177,726.08057,-0.445068359375,0.1456298828125,0.87286376953125,1.98883056640625,-4.17205810546875,0.46356201171875,0.0,4.0,4.0,4.0,4.0,100.0,event
10:34:01.555,0.0,0.0,0.0,0.0,0.0,0.0,0.0,0.0,0.0,0.0,0.0,0.0,0.0,0.0,0.0,0.0,0.0,0.0,0.0,0.0,792.1612,780.4762,811.0989,710.7692,693.0403,-0.445068359375,0.1456298828125,0.87286376953125,1.98883056640625,-4.17205810546875,0.46356201171875,0.0,4.0,4.0,4.0,4.0,100.0,event
10:34:01.557,0.0,0.0,0.0,0.0,0.0,0.0,0.0,0.0,0.0,0.0,0.0,0.0,0.0,0.0,0.0,0.0,0.0,0.0,0.0,0.0,745.82416,779.2674,812.3077,712.7839,726.08057,-0.445068359375,0.1456298828125,0.87286376953125,1.98883056640625,-4.17205810546875,0.46356201171875,0.0,4.0,4.0,4.0,4.0,100.0,event
10:34:01.558,0.0,0.0,0.0,0.0,0.0,0.0,0.0,0.0,0.0,0.0,0.0,0.0,0.0,0.0,0.0,0.0,0.0,0.0,0.0,0.0,753.0769,775.2381,809.4872,731.31866,755.89746,-0.445068359375,0.1456298828125,0.87286376953125,1.98883056640625,-4.17205810546875,0.46356201171875,0.0,4.0,4.0,4.0,4.0,100.0,event
10:34:01.559,0.0,0.0,0.0,0.0,0.0,0.0,0.0,0.0,0.0,0.0,0.0,0.0,0.0,0.0,0.0,0.0,0.0,0.0,0.0,0.0,804.65204,775.64105,805.4579,753.47986,714.7985,-0.445068359375,0.1456298828125,0.87286376953125,1.98883056640625,-4.17205810546875,0.46356201171875,0.0,4.0,4.0,4.0,4.0,100.0,event
10:34:01.560,0.0,0.0,0.0,0.0,0.0,0.0,0.0,0.0,0.0,0.0,0.0,0.0,0.0,0.0,0.0,0.0,0.0,0.0,0.0,0.0,838.9011,776.8498,802.23444,785.31134,740.58606,-0.445068359375,0.1456298828125,0.87286376953125,1.98883056640625,-4.17205810546875,0.46356201171875,0.0,4.0,4.0,4.0,4.0,100.0,event
10:34:01.561,0.0,0.0,0.0,0.0,0.0,0.0,0.0,0.0,0.0,0.0,0.0,0.0,0.0,0.0,0.0,0.0,0.0,0.0,0.0,0.0,807.8755,779.2674,806.26373,765.16486,969.85345,-0.445068359375,0.1456298828125,0.87286376953125,1.98883056640625,-4.17205810546875,0.46356201171875,0.0,4.0,4.0,4.0,4.0,100.0,event
10:34:01.561,0.0,0.0,0.0,0.0,0.0,0.0,0.0,0.0,0.0,0.0,0.0,0.0,0.0,0.0,0.0,0.0,0.0,0.0,0.0,0.0,771.2088,779.2674,808.2784,716.0073,863.47986,-0.445068359375,0.1456298828125,0.87286376953125,1.98883056640625,-4.17205810546875,0.46356201171875,0.0,4.0,4.0,4.0,4.0,100.0,event
10:34:01.562,0.0,0.0,0.0,0.0,0.0,0.0,0.0,0.0,0.0,0.0,0.0,0.0,0.0,0.0,0.0,0.0,0.0,0.0,0.0,0.0,784.10254,777.25275,798.60803,720.84247,617.28937,-0.445068359375,0.1456298828125,0.87286376953125,1.98883056640625,-4.17205810546875,0.46356201171875,0.0,4.0,4.0,4.0,4.0,100.0,event
10:34:01.562,0.0,0.0,0.0,0.0,0.0,0.0,0.0,0.0,0.0,0.0,0.0,0.0,0.0,0.0,0.0,0.0,0.0,0.0,0.0,0.0,827.619,776.4469,793.7729,740.58606,663.6264,-0.445068359375,0.1456298828125,0.87286376953125,1.98883056640625,-4.17205810546875,0.46356201171875,0.0,4.0,4.0,4.0,4.0,100.0,event
10:34:01.586,0.0,0.0,0.0,0.0,0.0,0.0,0.0,0.0,0.0,0.0,0.0,0.0,0.0,0.0,0.0,0.0,0.0,0.0,0.0,0.0,857.4359,778.46155,799.81683,782.49084,823.5897,-0.44140625,0.14752197265625,0.8785400390625,2.041168212890625,-3.850555419921875,0.2093505859375,0.0,4.0,4.0,4.0,4.0,100.0,event
10:34:01.587,0.0,0.0,0.0,0.0,0.0,0.0,0.0,0.0,0.0,0.0,0.0,0.0,0.0,0.0,0.0,0.0,0.0,0.0,0.0,0.0,830.0366,780.4762,801.4286,780.4762,812.71063,-0.44140625,0.14752197265625,0.8785400390625,2.041168212890625,-3.850555419921875,0.2093505859375,0.0,4.0,4.0,4.0,4.0,100.0,event
10:34:01.588,0.0,0.0,0.0,0.0,0.0,0.0,0.0,0.0,0.0,0.0,0.0,0.0,0.0,0.0,0.0,0.0,0.0,0.0,0.0,0.0,782.0879,778.86444,802.6374,768.3883,697.47253,-0.44140625,0.14752197265625,0.8785400390625,2.041168212890625,-3.850555419921875,0.2093505859375,0.0,4.0,4.0,4.0,4.0,100.0,event
10:34:01.588,0.0,0.0,0.0,0.0,0.0,0.0,0.0,0.0,0.0,0.0,0.0,0.0,0.0,0.0,0.0,0.0,0.0,0.0,0.0,0.0,774.83514,773.22345,803.44324,759.12085,746.2271,-0.44140625,0.14752197265625,0.8785400390625,2.041168212890625,-3.850555419921875,0.2093505859375,0.0,4.0,4.0,4.0,4.0,100.0,event
10:34:01.589,0.0,0.0,0.0,0.0,0.0,0.0,0.0,0.0,0.0,0.0,0.0,0.0,0.0,0.0,0.0,0.0,0.0,0.0,0.0,0.0,854.61536,778.0586,797.8022,738.5714,820.7692,-0.44140625,0.14752197265625,0.8785400390625,2.041168212890625,-3.850555419921875,0.2093505859375,0.0,4.0,4.0,4.0,4.0,100.0,event
10:34:01.589,0.0,0.0,0.0,0.0,0.0,0.0,0.0,0.0,0.0,0.0,0.0,0.0,0.0,0.0,0.0,0.0,0.0,0.0,0.0,0.0,817.5458,772.4176,798.20514,735.34796,846.1539,-0.44140625,0.14752197265625,0.8785400390625,2.041168212890625,-3.850555419921875,0.2093505859375,0.0,4.0,4.0,4.0,4.0,100.0,event
10:34:01.590,0.0,0.0,0.0,0.0,0.0,0.0,0.0,0.0,0.0,0.0,0.0,0.0,0.0,0.0,0.0,0.0,0.0,0.0,0.0,0.0,838.9011,777.6557,801.4286,709.15753,792.96704,-0.44140625,0.14752197265625,0.8785400390625,2.041168212890625,-3.850555419921875,0.2093505859375,0.0,4.0,4.0,4.0,4.0,100.0,event
10:34:01.591,0.0,0.0,0.0,0.0,0.0,0.0,0.0,0.0,0.0,0.0,0.0,0.0,0.0,0.0,0.0,0.0,0.0,0.0,0.0,0.0,791.3553,771.6117,797.3993,682.1612,870.7326,-0.44140625,0.14752197265625,0.8785400390625,2.041168212890625,-3.850555419921875,0.2093505859375,0.0,4.0,4.0,4.0,4.0,100.0,event
10:34:01.591,0.0,0.0,0.0,0.0,0.0,0.0,0.0,0.0,0.0,0.0,0.0,0.0,0.0,0.0,0.0,0.0,0.0,0.0,0.0,0.0,779.67035,773.6264,798.60803,714.3956,949.304,-0.44140625,0.14752197265625,0.8785400390625,2.041168212890625,-3.850555419921875,0.2093505859375,0.0,4.0,4.0,4.0,4.0,100.0,event
10:34:01.592,0.0,0.0,0.0,0.0,0.0,0.0,0.0,0.0,0.0,0.0,0.0,0.0,0.0,0.0,0.0,0.0,0.0,0.0,0.0,0.0,819.15753,776.4469,794.17584,719.2308,752.674,-0.44140625,0.14752197265625,0.8785400390625,2.041168212890625,-3.850555419921875,0.2093505859375,0.0,4.0,4.0,4.0,4.0,100.0,event
10:34:01.596,0.0,0.0,0.0,0.0,0.0,0.0,0.0,0.0,0.0,0.0,0.0,0.0,0.0,0.0,0.0,0.0,0.0,0.0,0.0,0.0,854.21246,778.46155,784.5055,719.2308,691.8315,-0.44140625,0.14752197265625,0.8785400390625,2.041168212890625,-3.850555419921875,0.2093505859375,0.0,4.0,4.0,4.0,4.0,100.0,event
10:34:01.597,0.0,0.0,0.0,0.0,0.0,0.0,0.0,0.0,0.0,0.0,0.0,0.0,0.0,0.0,0.0,0.0,0.0,0.0,0.0,0.0,839.304,782.49084,795.78754,750.2564,816.7399,-0.44140625,0.14752197265625,0.8785400390625,2.041168212890625,-3.850555419921875,0.2093505859375,0.0,4.0,4.0,4.0,4.0,100.0,event
10:34:01.652,0.0,0.0,0.0,0.0,0.0,0.0,0.0,0.0,0.0,0.0,0.0,0.0,0.0,0.0,0.0,0.0,0.0,0.0,0.0,0.0,785.7143,781.28204,809.0842,740.989,752.674,-0.44140625,0.14752197265625,0.8785400390625,2.041168212890625,-3.850555419921875,0.2093505859375,0.0,4.0,4.0,4.0,4.0,100.0,event
10:34:01.653,0.0,0.0,0.0,0.0,0.0,0.0,0.0,0.0,0.0,0.0,0.0,0.0,0.0,0.0,0.0,0.0,0.0,0.0,0.0,0.0,770.40295,776.4469,802.6374,718.022,664.83514,-0.44140625,0.14752197265625,0.8785400390625,2.041168212890625,-3.850555419921875,0.2093505859375,0.0,4.0,4.0,4.0,4.0,100.0,event
10:34:01.654,0.0,0.0,0.0,0.0,0.0,0.0,0.0,0.0,0.0,0.0,0.0,0.0,0.0,0.0,0.0,0.0,0.0,0.0,0.0,0.0,800.6227,771.6117,793.36993,716.8132,757.1062,-0.44140625,0.14752197265625,0.8785400390625,2.041168212890625,-3.850555419921875,0.2093505859375,0.0,4.0,4.0,4.0,4.0,100.0,event
10:34:01.654,0.0,0.0,0.0,0.0,0.0,0.0,0.0,0.0,0.0,0.0,0.0,0.0,0.0,0.0,0.0,0.0,0.0,0.0,0.0,0.0,828.4249,773.22345,796.5934,751.4652,928.3516,-0.44140625,0.14752197265625,0.8785400390625,2.041168212890625,-3.850555419921875,0.2093505859375,0.0,4.0,4.0,4.0,4.0,100.0,event
10:34:01.655,0.0,0.0,0.0,0.0,0.0,0.0,0.0,0.0,0.0,0.0,0.0,0.0,0.0,0.0,0.0,0.0,0.0,0.0,0.0,0.0,786.9231,777.25275,800.6227,760.7326,813.91943,-0.44140625,0.14752197265625,0.8785400390625,2.041168212890625,-3.850555419921875,0.2093505859375,0.0,4.0,4.0,4.0,4.0,100.0,event
10:34:01.655,0.0,0.0,0.0,0.0,0.0,0.0,0.0,0.0,0.0,0.0,0.0,0.0,0.0,0.0,0.0,0.0,0.0,0.0,0.0,0.0,826.8132,776.04395,801.02563,778.46155,870.32965,-0.44140625,0.14752197265625,0.8785400390625,2.041168212890625,-3.850555419921875,0.2093505859375,0.0,4.0,4.0,4.0,4.0,100.0,event
10:34:01.656,0.0,0.0,0.0,0.0,0.0,0.0,0.0,0.0,0.0,0.0,0.0,0.0,0.0,0.0,0.0,0.0,0.0,0.0,0.0,0.0,764.35895,777.6557,792.96704,745.82416,864.68866,-0.44140625,0.14752197265625,0.8785400390625,2.041168212890625,-3.850555419921875,0.2093505859375,0.0,4.0,4.0,4.0,4.0,100.0,event
10:34:01.657,0.0,0.0,0.0,0.0,0.0,0.0,0.0,0.0,0.0,0.0,0.0,0.0,0.0,0.0,0.0,0.0,0.0,0.0,0.0,0.0,790.54944,775.64105,784.90845,767.1795,1041.978,-0.44140625,0.14752197265625,0.8785400390625,2.041168212890625,-3.850555419921875,0.2093505859375,0.0,4.0,4.0,4.0,4.0,100.0,event
10:34:01.658,0.0,0.0,0.0,0.0,0.0,0.0,0.0,0.0,0.0,0.0,0.0,0.0,0.0,0.0,0.0,0.0,0.0,0.0,0.0,0.0,838.0952,776.4469,789.7436,783.69965,999.67035,-0.44140625,0.14752197265625,0.8785400390625,2.041168212890625,-3.850555419921875,0.2093505859375,0.0,4.0,4.0,4.0,4.0,100.0,event
10:34:01.659,0.0,0.0,0.0,0.0,0.0,0.0,0.0,0.0,0.0,0.0,0.0,0.0,0.0,0.0,0.0,0.0,0.0,0.0,0.0,0.0,849.7802,778.86444,800.6227,771.2088,762.74725,-0.44140625,0.14752197265625,0.8785400390625,2.041168212890625,-3.850555419921875,0.2093505859375,0.0,4.0,4.0,4.0,4.0,100.0,event
10:34:01.659,0.0,0.0,0.0,0.0,0.0,0.0,0.0,0.0,0.0,0.0,0.0,0.0,0.0,0.0,0.0,0.0,0.0,0.0,0.0,0.0,802.23444,778.46155,800.2198,760.32965,766.77655,-0.44140625,0.14752197265625,0.8785400390625,2.041168212890625,-3.850555419921875,0.2093505859375,0.0,4.0,4.0,4.0,4.0,100.0,event
10:34:01.660,0.0,0.0,0.0,0.0,0.0,0.0,0.0,0.0,0.0,0.0,0.0,0.0,0.0,0.0,0.0,0.0,0.0,0.0,0.0,0.0,770.0,776.4469,798.20514,777.25275,778.86444,-0.44140625,0.14752197265625,0.8785400390625,2.041168212890625,-3.850555419921875,0.2093505859375,0.0,4.0,4.0,4.0,4.0,100.0,event
10:34:01.691,0.0,0.0,0.0,0.0,0.0,0.0,0.0,0.0,0.0,0.0,0.0,0.0,0.0,0.0,0.0,0.0,0.0,0.0,0.0,0.0,789.7436,771.2088,797.8022,810.293,708.3516,-0.43927001953125,0.1466064453125,0.87615966796875,1.936492919921875,-3.850555419921875,0.22430419921875,0.0,4.0,4.0,4.0,4.0,100.0,event
10:34:01.693,0.0,0.0,0.0,0.0,0.0,0.0,0.0,0.0,0.0,0.0,0.0,0.0,0.0,0.0,0.0,0.0,0.0,0.0,0.0,0.0,835.2747,772.01465,792.1612,831.2454,751.06226,-0.43927001953125,0.1466064453125,0.87615966796875,1.936492919921875,-3.850555419921875,0.22430419921875,0.0,4.0,4.0,4.0,4.0,100.0,event
10:34:01.695,0.0,0.0,0.0,0.0,0.0,0.0,0.0,0.0,0.0,0.0,0.0,0.0,0.0,0.0,0.0,0.0,0.0,0.0,0.0,0.0,854.21246,777.6557,789.7436,827.2161,853.00366,-0.43927001953125,0.1466064453125,0.87615966796875,1.936492919921875,-3.850555419921875,0.22430419921875,0.0,4.0,4.0,4.0,4.0,100.0,event
10:34:01.696,0.0,0.0,0.0,0.0,0.0,0.0,0.0,0.0,0.0,0.0,0.0,0.0,0.0,0.0,0.0,0.0,0.0,0.0,0.0,0.0,805.8608,780.87915,792.5641,827.2161,786.52014,-0.43927001953125,0.1466064453125,0.87615966796875,1.936492919921875,-3.850555419921875,0.22430419921875,0.0,4.0,4.0,4.0,4.0,100.0,event
10:34:01.698,0.0,0.0,0.0,0.0,0.0,0.0,0.0,0.0,0.0,0.0,0.0,0.0,0.0,0.0,0.0,0.0,0.0,0.0,0.0,0.0,769.19415,776.04395,793.7729,843.3333,740.989,-0.43927001953125,0.1466064453125,0.87615966796875,1.936492919921875,-3.850555419921875,0.22430419921875,0.0,4.0,4.0,4.0,4.0,100.0,event
10:34:01.699,0.0,0.0,0.0,0.0,0.0,0.0,0.0,0.0,0.0,0.0,0.0,0.0,0.0,0.0,0.0,0.0,0.0,0.0,0.0,0.0,790.54944,775.64105,784.5055,844.1392,782.8938,-0.43927001953125,0.1466064453125,0.87615966796875,1.936492919921875,-3.850555419921875,0.22430419921875,0.0,4.0,4.0,4.0,4.0,100.0,event
10:34:01.700,0.0,0.0,0.0,0.0,0.0,0.0,0.0,0.0,0.0,0.0,0.0,0.0,0.0,0.0,0.0,0.0,0.0,0.0,0.0,0.0,848.1685,781.28204,794.9817,781.685,1148.3517,-0.43927001953125,0.1466064453125,0.87615966796875,1.936492919921875,-3.850555419921875,0.22430419921875,0.0,4.0,4.0,4.0,4.0,100.0,event
10:34:01.700,0.0,0.0,0.0,0.0,0.0,0.0,0.0,0.0,0.0,0.0,0.0,0.0,0.0,0.0,0.0,0.0,0.0,0.0,0.0,0.0,834.0659,779.2674,783.69965,851.79486,927.5458,-0.43927001953125,0.1466064453125,0.87615966796875,1.936492919921875,-3.850555419921875,0.22430419921875,0.0,4.0,4.0,4.0,4.0,100.0,event
10:34:01.701,0.0,0.0,0.0,0.0,0.0,0.0,0.0,0.0,0.0,0.0,0.0,0.0,0.0,0.0,0.0,0.0,0.0,0.0,0.0,0.0,815.5311,781.28204,797.8022,716.8132,774.0293,-0.43927001953125,0.1466064453125,0.87615966796875,1.936492919921875,-3.850555419921875,0.22430419921875,0.0,4.0,4.0,4.0,4.0,100.0,event
10:34:01.702,0.0,0.0,0.0,0.0,0.0,0.0,0.0,0.0,0.0,0.0,0.0,0.0,0.0,0.0,0.0,0.0,0.0,0.0,0.0,0.0,776.8498,781.28204,800.6227,715.2015,499.6337,-0.43927001953125,0.1466064453125,0.87615966796875,1.936492919921875,-3.850555419921875,0.22430419921875,0.0,4.0,4.0,4.0,4.0,100.0,event
10:34:01.703,0.0,0.0,0.0,0.0,0.0,0.0,0.0,0.0,0.0,0.0,0.0,0.0,0.0,0.0,0.0,0.0,0.0,0.0,0.0,0.0,782.8938,781.28204,795.78754,720.4396,668.0586,-0.43927001953125,0.1466064453125,0.87615966796875,1.936492919921875,-3.850555419921875,0.22430419921875,0.0,4.0,4.0,4.0,4.0,100.0,event
10:34:01.704,0.0,0.0,0.0,0.0,0.0,0.0,0.0,0.0,0.0,0.0,0.0,0.0,0.0,0.0,0.0,0.0,0.0,0.0,0.0,0.0,829.2308,780.87915,793.7729,733.73627,698.68134,-0.43927001953125,0.1466064453125,0.87615966796875,1.936492919921875,-3.850555419921875,0.22430419921875,0.0,4.0,4.0,4.0,4.0,100.0,event
10:34:01.729,0.0,0.0,0.0,0.0,0.0,0.0,0.0,0.0,0.0,0.0,0.0,0.0,0.0,0.0,0.0,0.0,0.0,0.0,0.0,0.0,861.06226,780.07324,793.7729,739.7802,722.8571,-0.43798828125,0.14385986328125,0.87359619140625,2.03369140625,-3.162689208984375,0.22430419921875,0.0,4.0,4.0,4.0,4.0,100.0,event
10:34:01.730,0.0,0.0,0.0,0.0,0.0,0.0,0.0,0.0,0.0,0.0,0.0,0.0,0.0,0.0,0.0,0.0,0.0,0.0,0.0,0.0,833.663,782.8938,790.14655,736.9597,743.8095,-0.43798828125,0.14385986328125,0.87359619140625,2.03369140625,-3.162689208984375,0.22430419921875,0.0,4.0,4.0,4.0,4.0,100.0,event
10:34:01.731,0.0,0.0,0.0,0.0,0.0,0.0,0.0,0.0,0.0,0.0,0.0,0.0,0.0,0.0,0.0,0.0,0.0,0.0,0.0,0.0,792.5641,783.2967,796.1905,736.9597,718.022,-0.43798828125,0.14385986328125,0.87359619140625,2.03369140625,-3.162689208984375,0.22430419921875,0.0,4.0,4.0,4.0,4.0,100.0,event
10:34:01.732,0.0,0.0,0.0,0.0,0.0,0.0,0.0,0.0,0.0,0.0,0.0,0.0,0.0,0.0,0.0,0.0,0.0,0.0,0.0,0.0,789.7436,778.46155,802.6374,734.1392,720.4396,-0.43798828125,0.14385986328125,0.87359619140625,2.03369140625,-3.162689208984375,0.22430419921875,0.0,4.0,4.0,4.0,4.0,100.0,event
10:34:01.732,0.0,0.0,0.0,0.0,0.0,0.0,0.0,0.0,0.0,0.0,0.0,0.0,0.0,0.0,0.0,0.0,0.0,0.0,0.0,0.0,831.2454,777.25275,799.41394,741.39197,721.2454,-0.43798828125,0.14385986328125,0.87359619140625,2.03369140625,-3.162689208984375,0.22430419921875,0.0,4.0,4.0,4.0,4.0,100.0,event
10:34:01.733,0.0,0.0,0.0,0.0,0.0,0.0,0.0,0.0,0.0,0.0,0.0,0.0,0.0,0.0,0.0,0.0,0.0,0.0,0.0,0.0,862.27106,775.2381,784.10254,761.53845,811.50183,-0.43798828125,0.14385986328125,0.87359619140625,2.03369140625,-3.162689208984375,0.22430419921875,0.0,4.0,4.0,4.0,4.0,100.0,event
10:34:01.734,0.0,0.0,0.0,0.0,0.0,0.0,0.0,0.0,0.0,0.0,0.0,0.0,0.0,0.0,0.0,0.0,0.0,0.0,0.0,0.0,794.57874,778.0586,794.17584,709.15753,896.52014,-0.43798828125,0.14385986328125,0.87359619140625,2.03369140625,-3.162689208984375,0.22430419921875,0.0,4.0,4.0,4.0,4.0,100.0,event
10:34:01.734,0.0,0.0,0.0,0.0,0.0,0.0,0.0,0.0,0.0,0.0,0.0,0.0,0.0,0.0,0.0,0.0,0.0,0.0,0.0,0.0,834.0659,776.4469,784.90845,742.6007,1025.4579,-0.43798828125,0.14385986328125,0.87359619140625,2.03369140625,-3.162689208984375,0.22430419921875,0.0,4.0,4.0,4.0,4.0,100.0,event
10:34:01.735,0.0,0.0,0.0,0.0,0.0,0.0,0.0,0.0,0.0,0.0,0.0,0.0,0.0,0.0,0.0,0.0,0.0,0.0,0.0,0.0,796.99634,776.04395,796.5934,718.8278,679.34064,-0.43798828125,0.14385986328125,0.87359619140625,2.03369140625,-3.162689208984375,0.22430419921875,0.0,4.0,4.0,4.0,4.0,100.0,event
10:34:01.735,0.0,0.0,0.0,0.0,0.0,0.0,0.0,0.0,0.0,0.0,0.0,0.0,0.0,0.0,0.0,0.0,0.0,0.0,0.0,0.0,834.87177,778.46155,798.20514,729.707,789.34064,-0.43798828125,0.14385986328125,0.87359619140625,2.03369140625,-3.162689208984375,0.22430419921875,0.0,4.0,4.0,4.0,4.0,100.0,event
10:34:01.736,0.0,0.0,0.0,0.0,0.0,0.0,0.0,0.0,0.0,0.0,0.0,0.0,0.0,0.0,0.0,0.0,0.0,0.0,0.0,0.0,870.32965,779.67035,795.38464,738.5714,883.22345,-0.43798828125,0.14385986328125,0.87359619140625,2.03369140625,-3.162689208984375,0.22430419921875,0.0,4.0,4.0,4.0,4.0,100.0,event
10:34:01.737,0.0,0.0,0.0,0.0,0.0,0.0,0.0,0.0,0.0,0.0,0.0,0.0,0.0,0.0,0.0,0.0,0.0,0.0,0.0,0.0,851.79486,778.86444,797.8022,743.8095,762.74725,-0.43798828125,0.14385986328125,0.87359619140625,2.03369140625,-3.162689208984375,0.22430419921875,0.0,4.0,4.0,4.0,4.0,100.0,event
10:34:01.823,0.0,0.0,0.0,0.0,0.0,0.0,0.0,0.0,0.0,0.0,0.0,0.0,0.0,0.0,0.0,0.0,0.0,0.0,0.0,0.0,796.99634,781.685,800.6227,727.28937,657.1795,-0.43988037109375,0.14556884765625,0.87908935546875,2.011260986328125,-3.461761474609375,0.157012939453125,0.0,4.0,4.0,4.0,4.0,100.0,event
10:34:01.824,0.0,0.0,0.0,0.0,0.0,0.0,0.0,0.0,0.0,0.0,0.0,0.0,0.0,0.0,0.0,0.0,0.0,0.0,0.0,0.0,784.10254,781.28204,795.38464,731.7216,689.81683,-0.43988037109375,0.14556884765625,0.87908935546875,2.011260986328125,-3.461761474609375,0.157012939453125,0.0,4.0,4.0,4.0,4.0,100.0,event
10:34:01.826,0.0,0.0,0.0,0.0,0.0,0.0,0.0,0.0,0.0,0.0,0.0,0.0,0.0,0.0,0.0,0.0,0.0,0.0,0.0,0.0,819.9634,778.46155,791.75824,757.50916,753.47986,-0.43988037109375,0.14556884765625,0.87908935546875,2.011260986328125,-3.461761474609375,0.157012939453125,0.0,4.0,4.0,4.0,4.0,100.0,event
10:34:01.828,0.0,0.0,0.0,0.0,0.0,0.0,0.0,0.0,0.0,0.0,0.0,0.0,0.0,0.0,0.0,0.0,0.0,0.0,0.0,0.0,867.50916,780.07324,794.9817,768.3883,758.315,-0.43988037109375,0.14556884765625,0.87908935546875,2.011260986328125,-3.461761474609375,0.157012939453125,0.0,4.0,4.0,4.0,4.0,100.0,event
10:34:01.830,0.0,0.0,0.0,0.0,0.0,0.0,0.0,0.0,0.0,0.0,0.0,0.0,0.0,0.0,0.0,0.0,0.0,0.0,0.0,0.0,859.0476,783.69965,795.38464,744.21246,710.3663,-0.43988037109375,0.14556884765625,0.87908935546875,2.011260986328125,-3.461761474609375,0.157012939453125,0.0,4.0,4.0,4.0,4.0,100.0,event
10:34:01.831,0.0,0.0,0.0,0.0,0.0,0.0,0.0,0.0,0.0,0.0,0.0,0.0,0.0,0.0,0.0,0.0,0.0,0.0,0.0,0.0,802.6374,784.90845,794.57874,721.2454,821.1722,-0.43988037109375,0.14556884765625,0.87908935546875,2.011260986328125,-3.461761474609375,0.157012939453125,0.0,4.0,4.0,4.0,4.0,100.0,event
10:34:01.833,0.0,0.0,0.0,0.0,0.0,0.0,0.0,0.0,0.0,0.0,0.0,0.0,0.0,0.0,0.0,0.0,0.0,0.0,0.0,0.0,780.07324,782.8938,799.011,733.3333,1001.28204,-0.43988037109375,0.14556884765625,0.87908935546875,2.011260986328125,-3.461761474609375,0.157012939453125,0.0,4.0,4.0,4.0,4.0,100.0,event
10:34:01.834,0.0,0.0,0.0,0.0,0.0,0.0,0.0,0.0,0.0,0.0,0.0,0.0,0.0,0.0,0.0,0.0,0.0,0.0,0.0,0.0,810.293,777.6557,799.81683,768.7912,889.2674,-0.43988037109375,0.14556884765625,0.87908935546875,2.011260986328125,-3.461761474609375,0.157012939453125,0.0,4.0,4.0,4.0,4.0,100.0,event
10:34:01.836,0.0,0.0,0.0,0.0,0.0,0.0,0.0,0.0,0.0,0.0,0.0,0.0,0.0,0.0,0.0,0.0,0.0,0.0,0.0,0.0,848.1685,775.64105,797.3993,799.011,801.8315,-0.43988037109375,0.14556884765625,0.87908935546875,2.011260986328125,-3.461761474609375,0.157012939453125,0.0,4.0,4.0,4.0,4.0,100.0,event
10:34:01.838,0.0,0.0,0.0,0.0,0.0,0.0,0.0,0.0,0.0,0.0,0.0,0.0,0.0,0.0,0.0,0.0,0.0,0.0,0.0,0.0,841.31866,777.6557,796.1905,794.57874,867.9121,-0.43988037109375,0.14556884765625,0.87908935546875,2.011260986328125,-3.461761474609375,0.157012939453125,0.0,4.0,4.0,4.0,4.0,100.0,event
10:34:01.839,0.0,0.0,0.0,0.0,0.0,0.0,0.0,0.0,0.0,0.0,0.0,0.0,0.0,0.0,0.0,0.0,0.0,0.0,0.0,0.0,793.36993,779.67035,795.78754,730.9158,839.707,-0.43988037109375,0.14556884765625,0.87908935546875,2.011260986328125,-3.461761474609375,0.157012939453125,0.0,4.0,4.0,4.0,4.0,100.0,event
10:34:01.841,0.0,0.0,0.0,0.0,0.0,0.0,0.0,0.0,0.0,0.0,0.0,0.0,0.0,0.0,0.0,0.0,0.0,0.0,0.0,0.0,771.2088,778.86444,796.5934,683.7729,695.8608,-0.43988037109375,0.14556884765625,0.87908935546875,2.011260986328125,-3.461761474609375,0.157012939453125,0.0,4.0,4.0,4.0,4.0,100.0,event
10:34:01.874,0.0,0.0,0.0,0.0,0.0,0.0,0.0,0.0,0.0,0.0,0.0,0.0,0.0,0.0,0.0,0.0,0.0,0.0,0.0,0.0,798.60803,776.8498,796.99634,668.46155,718.8278,-0.43878173828125,0.1480712890625,0.8734130859375,1.92901611328125,-3.4991455078125,0.710296630859375,0.0,4.0,4.0,4.0,4.0,100.0,event
10:34:01.876,0.0,0.0,0.0,0.0,0.0,0.0,0.0,0.0,0.0,0.0,0.0,0.0,0.0,0.0,0.0,0.0,0.0,0.0,0.0,0.0,837.28937,776.04395,792.1612,691.4286,895.31134,-0.43878173828125,0.1480712890625,0.8734130859375,1.92901611328125,-3.4991455078125,0.710296630859375,0.0,4.0,4.0,4.0,4.0,100.0,event
10:34:01.881,0.0,0.0,0.0,0.0,0.0,0.0,0.0,0.0,0.0,0.0,0.0,0.0,0.0,0.0,0.0,0.0,0.0,0.0,0.0,0.0,844.1392,778.0586,788.93774,714.7985,874.35895,-0.43878173828125,0.1480712890625,0.8734130859375,1.92901611328125,-3.4991455078125,0.710296630859375,0.0,4.0,4.0,4.0,4.0,100.0,event
10:34:01.883,0.0,0.0,0.0,0.0,0.0,0.0,0.0,0.0,0.0,0.0,0.0,0.0,0.0,0.0,0.0,0.0,0.0,0.0,0.0,0.0,801.8315,777.6557,790.9524,701.0989,709.9634,-0.43878173828125,0.1480712890625,0.8734130859375,1.92901611328125,-3.4991455078125,0.710296630859375,0.0,4.0,4.0,4.0,4.0,100.0,event
10:34:01.883,0.0,0.0,0.0,0.0,0.0,0.0,0.0,0.0,0.0,0.0,0.0,0.0,0.0,0.0,0.0,0.0,0.0,0.0,0.0,0.0,770.80585,776.4469,794.9817,724.0659,649.92676,-0.43878173828125,0.1480712890625,0.8734130859375,1.92901611328125,-3.4991455078125,0.710296630859375,0.0,4.0,4.0,4.0,4.0,100.0,event
10:34:01.884,0.0,0.0,0.0,0.0,0.0,0.0,0.0,0.0,0.0,0.0,0.0,0.0,0.0,0.0,0.0,0.0,0.0,0.0,0.0,0.0,789.34064,775.64105,791.75824,746.63007,814.3223,-0.43878173828125,0.1480712890625,0.8734130859375,1.92901611328125,-3.4991455078125,0.710296630859375,0.0,4.0,4.0,4.0,4.0,100.0,event
10:34:01.884,0.0,0.0,0.0,0.0,0.0,0.0,0.0,0.0,0.0,0.0,0.0,0.0,0.0,0.0,0.0,0.0,0.0,0.0,0.0,0.0,838.0952,778.0586,786.1172,753.8828,935.6044,-0.43878173828125,0.1480712890625,0.8734130859375,1.92901611328125,-3.4991455078125,0.710296630859375,0.0,4.0,4.0,4.0,4.0,100.0,event
10:34:01.885,0.0,0.0,0.0,0.0,0.0,0.0,0.0,0.0,0.0,0.0,0.0,0.0,0.0,0.0,0.0,0.0,0.0,0.0,0.0,0.0,854.61536,779.2674,785.7143,781.28204,828.4249,-0.43878173828125,0.1480712890625,0.8734130859375,1.92901611328125,-3.4991455078125,0.710296630859375,0.0,4.0,4.0,4.0,4.0,100.0,event
10:34:01.886,0.0,0.0,0.0,0.0,0.0,0.0,0.0,0.0,0.0,0.0,0.0,0.0,0.0,0.0,0.0,0.0,0.0,0.0,0.0,0.0,805.8608,776.04395,790.9524,784.10254,764.7619,-0.43878173828125,0.1480712890625,0.8734130859375,1.92901611328125,-3.4991455078125,0.710296630859375,0.0,4.0,4.0,4.0,4.0,100.0,event
10:34:01.886,0.0,0.0,0.0,0.0,0.0,0.0,0.0,0.0,0.0,0.0,0.0,0.0,0.0,0.0,0.0,0.0,0.0,0.0,0.0,0.0,760.32965,774.43225,794.17584,765.56775,979.5238,-0.43878173828125,0.1480712890625,0.8734130859375,1.92901611328125,-3.4991455078125,0.710296630859375,0.0,4.0,4.0,4.0,4.0,100.0,event
10:34:01.887,0.0,0.0,0.0,0.0,0.0,0.0,0.0,0.0,0.0,0.0,0.0,0.0,0.0,0.0,0.0,0.0,0.0,0.0,0.0,0.0,841.31866,776.04395,790.14655,806.6667,755.09155,-0.43878173828125,0.1480712890625,0.8734130859375,1.92901611328125,-3.4991455078125,0.710296630859375,0.0,4.0,4.0,4.0,4.0,100.0,event
10:34:01.887,0.0,0.0,0.0,0.0,0.0,0.0,0.0,0.0,0.0,0.0,0.0,0.0,0.0,0.0,0.0,0.0,0.0,0.0,0.0,0.0,790.54944,774.0293,789.34064,775.64105,879.59705,-0.43878173828125,0.1480712890625,0.8734130859375,1.92901611328125,-3.4991455078125,0.710296630859375,0.0,4.0,4.0,4.0,4.0,100.0,event
10:34:01.888,0.0,0.0,0.0,0.0,0.0,0.0,0.0,0.0,0.0,0.0,0.0,0.0,0.0,0.0,0.0,0.0,0.0,0.0,0.0,0.0,847.76556,775.2381,794.57874,821.978,808.2784,-0.43878173828125,0.1480712890625,0.8734130859375,1.92901611328125,-3.4991455078125,0.710296630859375,0.0,4.0,4.0,4.0,4.0,100.0,event
10:34:01.889,0.0,0.0,0.0,0.0,0.0,0.0,0.0,0.0,0.0,0.0,0.0,0.0,0.0,0.0,0.0,0.0,0.0,0.0,0.0,0.0,810.293,772.4176,793.7729,819.5604,801.4286,-0.43878173828125,0.1480712890625,0.8734130859375,1.92901611328125,-3.4991455078125,0.710296630859375,0.0,4.0,4.0,4.0,4.0,100.0,event
10:34:01.889,0.0,0.0,0.0,0.0,0.0,0.0,0.0,0.0,0.0,0.0,0.0,0.0,0.0,0.0,0.0,0.0,0.0,0.0,0.0,0.0,777.25275,777.25275,799.011,808.2784,766.3736,-0.43878173828125,0.1480712890625,0.8734130859375,1.92901611328125,-3.4991455078125,0.710296630859375,0.0,4.0,4.0,4.0,4.0,100.0,event
10:34:01.890,0.0,0.0,0.0,0.0,0.0,0.0,0.0,0.0,0.0,0.0,0.0,0.0,0.0,0.0,0.0,0.0,0.0,0.0,0.0,0.0,788.1319,778.46155,798.20514,799.011,739.3773,-0.43878173828125,0.1480712890625,0.8734130859375,1.92901611328125,-3.4991455078125,0.710296630859375,0.0,4.0,4.0,4.0,4.0,100.0,event
10:34:01.891,0.0,0.0,0.0,0.0,0.0,0.0,0.0,0.0,0.0,0.0,0.0,0.0,0.0,0.0,0.0,0.0,0.0,0.0,0.0,0.0,815.12823,774.83514,792.5641,806.6667,824.3956,-0.43878173828125,0.1480712890625,0.8734130859375,1.92901611328125,-3.4991455078125,0.710296630859375,0.0,4.0,4.0,4.0,4.0,100.0,event
10:34:01.891,0.0,0.0,0.0,0.0,0.0,0.0,0.0,0.0,0.0,0.0,0.0,0.0,0.0,0.0,0.0,0.0,0.0,0.0,0.0,0.0,833.2601,774.43225,793.36993,823.1868,904.57874,-0.43878173828125,0.1480712890625,0.8734130859375,1.92901611328125,-3.4991455078125,0.710296630859375,0.0,4.0,4.0,4.0,4.0,100.0,event
10:34:01.892,0.0,0.0,0.0,0.0,0.0,0.0,0.0,0.0,0.0,0.0,0.0,0.0,0.0,0.0,0.0,0.0,0.0,0.0,0.0,0.0,807.47253,774.43225,790.54944,812.3077,840.10986,-0.43878173828125,0.1480712890625,0.8734130859375,1.92901611328125,-3.4991455078125,0.710296630859375,0.0,4.0,4.0,4.0,4.0,100.0,event
10:34:01.892,0.0,0.0,0.0,0.0,0.0,0.0,0.0,0.0,0.0,0.0,0.0,0.0,0.0,0.0,0.0,0.0,0.0,0.0,0.0,0.0,770.40295,774.43225,792.96704,812.71063,683.36993,-0.43878173828125,0.1480712890625,0.8734130859375,1.92901611328125,-3.4991455078125,0.710296630859375,0.0,4.0,4.0,4.0,4.0,100.0,event
10:34:01.893,0.0,0.0,0.0,0.0,0.0,0.0,0.0,0.0,0.0,0.0,0.0,0.0,0.0,0.0,0.0,0.0,0.0,0.0,0.0,0.0,774.0293,774.43225,800.6227,833.2601,776.8498,-0.43878173828125,0.1480712890625,0.8734130859375,1.92901611328125,-3.4991455078125,0.710296630859375,0.0,4.0,4.0,4.0,4.0,100.0,event
10:34:01.893,0.0,0.0,0.0,0.0,0.0,0.0,0.0,0.0,0.0,0.0,0.0,0.0,0.0,0.0,0.0,0.0,0.0,0.0,0.0,0.0,806.6667,776.4469,798.20514,837.28937,1056.4835,-0.43878173828125,0.1480712890625,0.8734130859375,1.92901611328125,-3.4991455078125,0.710296630859375,0.0,4.0,4.0,4.0,4.0,100.0,event
10:34:01.894,0.0,0.0,0.0,0.0,0.0,0.0,0.0,0.0,0.0,0.0,0.0,0.0,0.0,0.0,0.0,0.0,0.0,0.0,0.0,0.0,832.0513,778.86444,787.72894,812.3077,635.0183,-0.43878173828125,0.1480712890625,0.8734130859375,1.92901611328125,-3.4991455078125,0.710296630859375,0.0,4.0,4.0,4.0,4.0,100.0,event
10:34:01.894,0.0,0.0,0.0,0.0,0.0,0.0,0.0,0.0,0.0,0.0,0.0,0.0,0.0,0.0,0.0,0.0,0.0,0.0,0.0,0.0,847.76556,779.67035,790.9524,834.0659,826.0073,-0.43878173828125,0.1480712890625,0.8734130859375,1.92901611328125,-3.4991455078125,0.710296630859375,0.0,4.0,4.0,4.0,4.0,100.0,event
10:34:01.952,0.0,0.0,0.0,0.0,0.0,0.0,0.0,0.0,0.0,0.0,0.0,0.0,0.0,0.0,0.0,0.0,0.0,0.0,0.0,0.0,779.2674,779.2674,792.5641,799.011,722.8571,-0.44342041015625,0.144775390625,0.87908935546875,1.92901611328125,-3.566436767578125,0.2691650390625,0.0,4.0,4.0,4.0,4.0,100.0,event
10:34:01.953,0.0,0.0,0.0,0.0,0.0,0.0,0.0,0.0,0.0,0.0,0.0,0.0,0.0,0.0,0.0,0.0,0.0,0.0,0.0,0.0,776.04395,777.6557,797.8022,835.6777,674.5055,-0.44342041015625,0.144775390625,0.87908935546875,1.92901611328125,-3.566436767578125,0.2691650390625,0.0,4.0,4.0,4.0,4.0,100.0,event
10:34:01.954,0.0,0.0,0.0,0.0,0.0,0.0,0.0,0.0,0.0,0.0,0.0,0.0,0.0,0.0,0.0,0.0,0.0,0.0,0.0,0.0,810.696,774.0293,798.20514,864.2857,688.20514,-0.44342041015625,0.144775390625,0.87908935546875,1.92901611328125,-3.566436767578125,0.2691650390625,0.0,4.0,4.0,4.0,4.0,100.0,event
10:34:01.955,0.0,0.0,0.0,0.0,0.0,0.0,0.0,0.0,0.0,0.0,0.0,0.0,0.0,0.0,0.0,0.0,0.0,0.0,0.0,0.0,850.58606,776.04395,797.3993,873.5531,730.9158,-0.44342041015625,0.144775390625,0.87908935546875,1.92901611328125,-3.566436767578125,0.2691650390625,0.0,4.0,4.0,4.0,4.0,100.0,event
10:34:01.959,0.0,0.0,0.0,0.0,0.0,0.0,0.0,0.0,0.0,0.0,0.0,0.0,0.0,0.0,0.0,0.0,0.0,0.0,0.0,0.0,834.0659,775.64105,799.41394,862.27106,768.7912,-0.44342041015625,0.144775390625,0.87908935546875,1.92901611328125,-3.566436767578125,0.2691650390625,0.0,4.0,4.0,4.0,4.0,100.0,event
10:34:01.960,0.0,0.0,0.0,0.0,0.0,0.0,0.0,0.0,0.0,0.0,0.0,0.0,0.0,0.0,0.0,0.0,0.0,0.0,0.0,0.0,785.31134,774.83514,798.60803,859.45056,819.9634,-0.44342041015625,0.144775390625,0.87908935546875,1.92901611328125,-3.566436767578125,0.2691650390625,0.0,4.0,4.0,4.0,4.0,100.0,event
10:34:01.960,0.0,0.0,0.0,0.0,0.0,0.0,0.0,0.0,0.0,0.0,0.0,0.0,0.0,0.0,0.0,0.0,0.0,0.0,0.0,0.0,787.72894,776.04395,796.5934,877.98535,814.3223,-0.44342041015625,0.144775390625,0.87908935546875,1.92901611328125,-3.566436767578125,0.2691650390625,0.0,4.0,4.0,4.0,4.0,100.0,event
10:34:01.961,0.0,0.0,0.0,0.0,0.0,0.0,0.0,0.0,0.0,0.0,0.0,0.0,0.0,0.0,0.0,0.0,0.0,0.0,0.0,0.0,832.4542,777.25275,792.96704,881.2088,782.8938,-0.44342041015625,0.144775390625,0.87908935546875,1.92901611328125,-3.566436767578125,0.2691650390625,0.0,4.0,4.0,4.0,4.0,100.0,event
10:34:01.962,0.0,0.0,0.0,0.0,0.0,0.0,0.0,0.0,0.0,0.0,0.0,0.0,0.0,0.0,0.0,0.0,0.0,0.0,0.0,0.0,862.27106,780.07324,797.8022,868.315,1061.7216,-0.44342041015625,0.144775390625,0.87908935546875,1.92901611328125,-3.566436767578125,0.2691650390625,0.0,4.0,4.0,4.0,4.0,100.0,event
10:34:01.962,0.0,0.0,0.0,0.0,0.0,0.0,0.0,0.0,0.0,0.0,0.0,0.0,0.0,0.0,0.0,0.0,0.0,0.0,0.0,0.0,846.9597,777.25275,799.41394,839.707,1060.5128,-0.44342041015625,0.144775390625,0.87908935546875,1.92901611328125,-3.566436767578125,0.2691650390625,0.0,4.0,4.0,4.0,4.0,100.0,event
10:34:01.963,0.0,0.0,0.0,0.0,0.0,0.0,0.0,0.0,0.0,0.0,0.0,0.0,0.0,0.0,0.0,0.0,0.0,0.0,0.0,0.0,790.54944,779.67035,806.26373,880.40295,703.5165,-0.44342041015625,0.144775390625,0.87908935546875,1.92901611328125,-3.566436767578125,0.2691650390625,0.0,4.0,4.0,4.0,4.0,100.0,event
10:34:01.963,0.0,0.0,0.0,0.0,0.0,0.0,0.0,0.0,0.0,0.0,0.0,0.0,0.0,0.0,0.0,0.0,0.0,0.0,0.0,0.0,805.8608,776.8498,801.4286,829.2308,723.663,-0.44342041015625,0.144775390625,0.87908935546875,1.92901611328125,-3.566436767578125,0.2691650390625,0.0,4.0,4.0,4.0,4.0,100.0,event
10:34:01.986,0.0,0.0,0.0,0.0,0.0,0.0,0.0,0.0,0.0,0.0,0.0,0.0,0.0,0.0,0.0,0.0,0.0,0.0,0.0,0.0,823.1868,779.67035,802.23444,922.71063,751.06226,-0.43536376953125,0.14501953125,0.8726806640625,1.846771240234375,-3.955230712890625,0.657958984375,0.0,4.0,4.0,4.0,4.0,100.0,event
10:34:01.988,0.0,0.0,0.0,0.0,0.0,0.0,0.0,0.0,0.0,0.0,0.0,0.0,0.0,0.0,0.0,0.0,0.0,0.0,0.0,0.0,864.2857,780.4762,802.23444,915.8608,695.05493,-0.43536376953125,0.14501953125,0.8726806640625,1.846771240234375,-3.955230712890625,0.657958984375,0.0,4.0,4.0,4.0,4.0,100.0,event
10:34:01.989,0.0,0.0,0.0,0.0,0.0,0.0,0.0,0.0,0.0,0.0,0.0,0.0,0.0,0.0,0.0,0.0,0.0,0.0,0.0,0.0,857.4359,778.46155,803.0403,888.46155,675.31134,-0.43536376953125,0.14501953125,0.8726806640625,1.846771240234375,-3.955230712890625,0.657958984375,0.0,4.0,4.0,4.0,4.0,100.0,event
10:34:01.990,0.0,0.0,0.0,0.0,0.0,0.0,0.0,0.0,0.0,0.0,0.0,0.0,0.0,0.0,0.0,0.0,0.0,0.0,0.0,0.0,806.6667,777.25275,804.2491,826.4103,732.52747,-0.43536376953125,0.14501953125,0.8726806640625,1.846771240234375,-3.955230712890625,0.657958984375,0.0,4.0,4.0,4.0,4.0,100.0,event
10:34:01.990,0.0,0.0,0.0,0.0,0.0,0.0,0.0,0.0,0.0,0.0,0.0,0.0,0.0,0.0,0.0,0.0,0.0,0.0,0.0,0.0,776.4469,778.86444,805.4579,771.6117,750.65936,-0.43536376953125,0.14501953125,0.8726806640625,1.846771240234375,-3.955230712890625,0.657958984375,0.0,4.0,4.0,4.0,4.0,100.0,event
10:34:01.991,0.0,0.0,0.0,0.0,0.0,0.0,0.0,0.0,0.0,0.0,0.0,0.0,0.0,0.0,0.0,0.0,0.0,0.0,0.0,0.0,802.23444,778.0586,802.23444,779.67035,830.0366,-0.43536376953125,0.14501953125,0.8726806640625,1.846771240234375,-3.955230712890625,0.657958984375,0.0,4.0,4.0,4.0,4.0,100.0,event
10:34:01.992,0.0,0.0,0.0,0.0,0.0,0.0,0.0,0.0,0.0,0.0,0.0,0.0,0.0,0.0,0.0,0.0,0.0,0.0,0.0,0.0,852.1978,780.07324,803.44324,805.4579,883.6264,-0.43536376953125,0.14501953125,0.8726806640625,1.846771240234375,-3.955230712890625,0.657958984375,0.0,4.0,4.0,4.0,4.0,100.0,event
10:34:01.992,0.0,0.0,0.0,0.0,0.0,0.0,0.0,0.0,0.0,0.0,0.0,0.0,0.0,0.0,0.0,0.0,0.0,0.0,0.0,0.0,856.63007,780.07324,799.41394,788.5348,840.5128,-0.43536376953125,0.14501953125,0.8726806640625,1.846771240234375,-3.955230712890625,0.657958984375,0.0,4.0,4.0,4.0,4.0,100.0,event
10:34:01.993,0.0,0.0,0.0,0.0,0.0,0.0,0.0,0.0,0.0,0.0,0.0,0.0,0.0,0.0,0.0,0.0,0.0,0.0,0.0,0.0,811.9048,779.2674,796.99634,784.10254,915.8608,-0.43536376953125,0.14501953125,0.8726806640625,1.846771240234375,-3.955230712890625,0.657958984375,0.0,4.0,4.0,4.0,4.0,100.0,event
10:34:01.994,0.0,0.0,0.0,0.0,0.0,0.0,0.0,0.0,0.0,0.0,0.0,0.0,0.0,0.0,0.0,0.0,0.0,0.0,0.0,0.0,817.5458,776.8498,797.3993,779.2674,660.80585,-0.43536376953125,0.14501953125,0.8726806640625,1.846771240234375,-3.955230712890625,0.657958984375,0.0,4.0,4.0,4.0,4.0,100.0,event
10:34:01.994,0.0,0.0,0.0,0.0,0.0,0.0,0.0,0.0,0.0,0.0,0.0,0.0,0.0,0.0,0.0,0.0,0.0,0.0,0.0,0.0,791.75824,778.46155,797.8022,773.6264,723.663,-0.43536376953125,0.14501953125,0.8726806640625,1.846771240234375,-3.955230712890625,0.657958984375,0.0,4.0,4.0,4.0,4.0,100.0,event
10:34:01.995,0.0,0.0,0.0,0.0,0.0,0.0,0.0,0.0,0.0,0.0,0.0,0.0,0.0,0.0,0.0,0.0,0.0,0.0,0.0,0.0,853.00366,781.28204,799.41394,792.96704,818.7546,-0.43536376953125,0.14501953125,0.8726806640625,1.846771240234375,-3.955230712890625,0.657958984375,0.0,4.0,4.0,4.0,4.0,100.0,event
10:34:02.019,0.0,0.0,0.0,0.0,0.0,0.0,0.0,0.0,0.0,0.0,0.0,0.0,0.0,0.0,0.0,0.0,0.0,0.0,0.0,0.0,867.50916,783.69965,804.2491,758.315,828.8278,-0.4459228515625,0.14569091796875,0.87774658203125,1.71966552734375,-3.0804443359375,0.5084228515625,0.0,4.0,4.0,4.0,4.0,100.0,event
10:34:02.020,0.0,0.0,0.0,0.0,0.0,0.0,0.0,0.0,0.0,0.0,0.0,0.0,0.0,0.0,0.0,0.0,0.0,0.0,0.0,0.0,816.337,779.67035,803.44324,710.7692,784.90845,-0.4459228515625,0.14569091796875,0.87774658203125,1.71966552734375,-3.0804443359375,0.5084228515625,0.0,4.0,4.0,4.0,4.0,100.0,event
10:34:02.021,0.0,0.0,0.0,0.0,0.0,0.0,0.0,0.0,0.0,0.0,0.0,0.0,0.0,0.0,0.0,0.0,0.0,0.0,0.0,0.0,770.0,778.0586,797.8022,673.69965,761.53845,-0.4459228515625,0.14569091796875,0.87774658203125,1.71966552734375,-3.0804443359375,0.5084228515625,0.0,4.0,4.0,4.0,4.0,100.0,event
10:34:02.022,0.0,0.0,0.0,0.0,0.0,0.0,0.0,0.0,0.0,0.0,0.0,0.0,0.0,0.0,0.0,0.0,0.0,0.0,0.0,0.0,792.96704,779.2674,794.9817,720.0366,789.34064,-0.4459228515625,0.14569091796875,0.87774658203125,1.71966552734375,-3.0804443359375,0.5084228515625,0.0,4.0,4.0,4.0,4.0,100.0,event
10:34:02.023,0.0,0.0,0.0,0.0,0.0,0.0,0.0,0.0,0.0,0.0,0.0,0.0,0.0,0.0,0.0,0.0,0.0,0.0,0.0,0.0,844.94507,779.2674,794.57874,778.46155,787.326,-0.4459228515625,0.14569091796875,0.87774658203125,1.71966552734375,-3.0804443359375,0.5084228515625,0.0,4.0,4.0,4.0,4.0,100.0,event
10:34:02.024,0.0,0.0,0.0,0.0,0.0,0.0,0.0,0.0,0.0,0.0,0.0,0.0,0.0,0.0,0.0,0.0,0.0,0.0,0.0,0.0,863.0769,777.25275,791.75824,783.69965,856.63007,-0.4459228515625,0.14569091796875,0.87774658203125,1.71966552734375,-3.0804443359375,0.5084228515625,0.0,4.0,4.0,4.0,4.0,100.0,event
10:34:02.028,0.0,0.0,0.0,0.0,0.0,0.0,0.0,0.0,0.0,0.0,0.0,0.0,0.0,0.0,0.0,0.0,0.0,0.0,0.0,0.0,819.15753,781.28204,798.20514,780.07324,949.707,-0.4459228515625,0.14569091796875,0.87774658203125,1.71966552734375,-3.0804443359375,0.5084228515625,0.0,4.0,4.0,4.0,4.0,100.0,event
10:34:02.029,0.0,0.0,0.0,0.0,0.0,0.0,0.0,0.0,0.0,0.0,0.0,0.0,0.0,0.0,0.0,0.0,0.0,0.0,0.0,0.0,778.86444,783.69965,801.8315,742.1978,1000.4762,-0.4459228515625,0.14569091796875,0.87774658203125,1.71966552734375,-3.0804443359375,0.5084228515625,0.0,4.0,4.0,4.0,4.0,100.0,event
10:34:02.029,0.0,0.0,0.0,0.0,0.0,0.0,0.0,0.0,0.0,0.0,0.0,0.0,0.0,0.0,0.0,0.0,0.0,0.0,0.0,0.0,794.57874,781.28204,792.5641,711.5751,847.3626,-0.4459228515625,0.14569091796875,0.87774658203125,1.71966552734375,-3.0804443359375,0.5084228515625,0.0,4.0,4.0,4.0,4.0,100.0,event
10:34:02.030,0.0,0.0,0.0,0.0,0.0,0.0,0.0,0.0,0.0,0.0,0.0,0.0,0.0,0.0,0.0,0.0,0.0,0.0,0.0,0.0,842.1245,779.67035,788.1319,672.8938,687.3993,-0.4459228515625,0.14569091796875,0.87774658203125,1.71966552734375,-3.0804443359375,0.5084228515625,0.0,4.0,4.0,4.0,4.0,100.0,event
10:34:02.030,0.0,0.0,0.0,0.0,0.0,0.0,0.0,0.0,0.0,0.0,0.0,0.0,0.0,0.0,0.0,0.0,0.0,0.0,0.0,0.0,861.4652,779.2674,792.1612,668.86444,770.0,-0.4459228515625,0.14569091796875,0.87774658203125,1.71966552734375,-3.0804443359375,0.5084228515625,0.0,4.0,4.0,4.0,4.0,100.0,event
10:34:02.031,0.0,0.0,0.0,0.0,0.0,0.0,0.0,0.0,0.0,0.0,0.0,0.0,0.0,0.0,0.0,0.0,0.0,0.0,0.0,0.0,823.1868,778.46155,794.9817,673.69965,796.1905,-0.4459228515625,0.14569091796875,0.87774658203125,1.71966552734375,-3.0804443359375,0.5084228515625,0.0,4.0,4.0,4.0,4.0,100.0,event
10:34:02.058,0.0,0.0,0.0,0.0,0.0,0.0,0.0,0.0,0.0,0.0,0.0,0.0,0.0,0.0,0.0,0.0,0.0,0.0,0.0,0.0,778.86444,776.8498,794.17584,716.0073,719.2308,-0.44281005859375,0.146728515625,0.8731689453125,1.80938720703125,-2.923431396484375,0.19439697265625,0.0,4.0,4.0,4.0,4.0,100.0,event
10:34:02.059,0.0,0.0,0.0,0.0,0.0,0.0,0.0,0.0,0.0,0.0,0.0,0.0,0.0,0.0,0.0,0.0,0.0,0.0,0.0,0.0,783.69965,780.4762,799.011,800.6227,724.87177,-0.44281005859375,0.146728515625,0.8731689453125,1.80938720703125,-2.923431396484375,0.19439697265625,0.0,4.0,4.0,4.0,4.0,100.0,event
10:34:02.060,0.0,0.0,0.0,0.0,0.0,0.0,0.0,0.0,0.0,0.0,0.0,0.0,0.0,0.0,0.0,0.0,0.0,0.0,0.0,0.0,820.7692,781.28204,799.81683,848.1685,772.8205,-0.44281005859375,0.146728515625,0.8731689453125,1.80938720703125,-2.923431396484375,0.19439697265625,0.0,4.0,4.0,4.0,4.0,100.0,event
10:34:02.061,0.0,0.0,0.0,0.0,0.0,0.0,0.0,0.0,0.0,0.0,0.0,0.0,0.0,0.0,0.0,0.0,0.0,0.0,0.0,0.0,853.00366,775.2381,792.5641,853.4066,797.8022,-0.44281005859375,0.146728515625,0.8731689453125,1.80938720703125,-2.923431396484375,0.19439697265625,0.0,4.0,4.0,4.0,4.0,100.0,event
10:34:02.062,0.0,0.0,0.0,0.0,0.0,0.0,0.0,0.0,0.0,0.0,0.0,0.0,0.0,0.0,0.0,0.0,0.0,0.0,0.0,0.0,825.2015,773.6264,793.7729,825.2015,772.8205,-0.44281005859375,0.146728515625,0.8731689453125,1.80938720703125,-2.923431396484375,0.19439697265625,0.0,4.0,4.0,4.0,4.0,100.0,event
10:34:02.063,0.0,0.0,0.0,0.0,0.0,0.0,0.0,0.0,0.0,0.0,0.0,0.0,0.0,0.0,0.0,0.0,0.0,0.0,0.0,0.0,772.8205,774.83514,796.1905,793.7729,741.79486,-0.44281005859375,0.146728515625,0.8731689453125,1.80938720703125,-2.923431396484375,0.19439697265625,0.0,4.0,4.0,4.0,4.0,100.0,event
10:34:02.064,0.0,0.0,0.0,0.0,0.0,0.0,0.0,0.0,0.0,0.0,0.0,0.0,0.0,0.0,0.0,0.0,0.0,0.0,0.0,0.0,779.67035,775.2381,793.7729,789.7436,836.8865,-0.44281005859375,0.146728515625,0.8731689453125,1.80938720703125,-2.923431396484375,0.19439697265625,0.0,4.0,4.0,4.0,4.0,100.0,event
10:34:02.064,0.0,0.0,0.0,0.0,0.0,0.0,0.0,0.0,0.0,0.0,0.0,0.0,0.0,0.0,0.0,0.0,0.0,0.0,0.0,0.0,820.7692,777.25275,794.9817,801.02563,1010.54944,-0.44281005859375,0.146728515625,0.8731689453125,1.80938720703125,-2.923431396484375,0.19439697265625,0.0,4.0,4.0,4.0,4.0,100.0,event
10:34:02.065,0.0,0.0,0.0,0.0,0.0,0.0,0.0,0.0,0.0,0.0,0.0,0.0,0.0,0.0,0.0,0.0,0.0,0.0,0.0,0.0,859.45056,776.4469,796.1905,792.5641,857.8388,-0.44281005859375,0.146728515625,0.8731689453125,1.80938720703125,-2.923431396484375,0.19439697265625,0.0,4.0,4.0,4.0,4.0,100.0,event
10:34:02.065,0.0,0.0,0.0,0.0,0.0,0.0,0.0,0.0,0.0,0.0,0.0,0.0,0.0,0.0,0.0,0.0,0.0,0.0,0.0,0.0,836.08057,772.01465,792.1612,805.8608,700.293,-0.44281005859375,0.146728515625,0.8731689453125,1.80938720703125,-2.923431396484375,0.19439697265625,0.0,4.0,4.0,4.0,4.0,100.0,event
10:34:02.065,0.0,0.0,0.0,0.0,0.0,0.0,0.0,0.0,0.0,0.0,0.0,0.0,0.0,0.0,0.0,0.0,0.0,0.0,0.0,0.0,787.72894,769.59705,792.1612,797.3993,726.8865,-0.44281005859375,0.146728515625,0.8731689453125,1.80938720703125,-2.923431396484375,0.19439697265625,0.0,4.0,4.0,4.0,4.0,100.0,event
10:34:02.066,0.0,0.0,0.0,0.0,0.0,0.0,0.0,0.0,0.0,0.0,0.0,0.0,0.0,0.0,0.0,0.0,0.0,0.0,0.0,0.0,784.10254,772.4176,799.011,749.45056,731.7216,-0.44281005859375,0.146728515625,0.8731689453125,1.80938720703125,-2.923431396484375,0.19439697265625,0.0,4.0,4.0,4.0,4.0,100.0,event
10:34:02.125,0.0,0.0,0.0,0.0,0.0,0.0,0.0,0.0,0.0,0.0,0.0,0.0,0.0,0.0,0.0,0.0,0.0,0.0,0.0,0.0,817.9487,772.01465,795.78754,749.85345,693.44324,-0.44281005859375,0.146728515625,0.8731689453125,1.80938720703125,-2.923431396484375,0.19439697265625,0.0,4.0,4.0,4.0,4.0,100.0,event
10:34:02.127,0.0,0.0,0.0,0.0,0.0,0.0,0.0,0.0,0.0,0.0,0.0,0.0,0.0,0.0,0.0,0.0,0.0,0.0,0.0,0.0,836.4835,770.40295,794.57874,635.42126,823.1868,-0.44281005859375,0.146728515625,0.8731689453125,1.80938720703125,-2.923431396484375,0.19439697265625,0.0,4.0,4.0,4.0,4.0,100.0,event
10:34:02.127,0.0,0.0,0.0,0.0,0.0,0.0,0.0,0.0,0.0,0.0,0.0,0.0,0.0,0.0,0.0,0.0,0.0,0.0,0.0,0.0,857.8388,769.59705,791.3553,667.25275,725.6777,-0.44281005859375,0.146728515625,0.8731689453125,1.80938720703125,-2.923431396484375,0.19439697265625,0.0,4.0,4.0,4.0,4.0,100.0,event
10:34:02.128,0.0,0.0,0.0,0.0,0.0,0.0,0.0,0.0,0.0,0.0,0.0,0.0,0.0,0.0,0.0,0.0,0.0,0.0,0.0,0.0,782.8938,776.4469,794.9817,718.4249,790.9524,-0.44281005859375,0.146728515625,0.8731689453125,1.80938720703125,-2.923431396484375,0.19439697265625,0.0,4.0,4.0,4.0,4.0,100.0,event
10:34:02.129,0.0,0.0,0.0,0.0,0.0,0.0,0.0,0.0,0.0,0.0,0.0,0.0,0.0,0.0,0.0,0.0,0.0,0.0,0.0,0.0,769.59705,776.4469,787.72894,795.38464,764.35895,-0.44281005859375,0.146728515625,0.8731689453125,1.80938720703125,-2.923431396484375,0.19439697265625,0.0,4.0,4.0,4.0,4.0,100.0,event
10:34:02.129,0.0,0.0,0.0,0.0,0.0,0.0,0.0,0.0,0.0,0.0,0.0,0.0,0.0,0.0,0.0,0.0,0.0,0.0,0.0,0.0,803.0403,776.04395,788.1319,848.1685,874.7619,-0.44281005859375,0.146728515625,0.8731689453125,1.80938720703125,-2.923431396484375,0.19439697265625,0.0,4.0,4.0,4.0,4.0,100.0,event
10:34:02.130,0.0,0.0,0.0,0.0,0.0,0.0,0.0,0.0,0.0,0.0,0.0,0.0,0.0,0.0,0.0,0.0,0.0,0.0,0.0,0.0,832.8571,779.67035,793.7729,847.3626,1081.4652,-0.44281005859375,0.146728515625,0.8731689453125,1.80938720703125,-2.923431396484375,0.19439697265625,0.0,4.0,4.0,4.0,4.0,100.0,event
10:34:02.131,0.0,0.0,0.0,0.0,0.0,0.0,0.0,0.0,0.0,0.0,0.0,0.0,0.0,0.0,0.0,0.0,0.0,0.0,0.0,0.0,828.022,779.2674,795.38464,818.7546,1010.14655,-0.44281005859375,0.146728515625,0.8731689453125,1.80938720703125,-2.923431396484375,0.19439697265625,0.0,4.0,4.0,4.0,4.0,100.0,event
10:34:02.134,0.0,0.0,0.0,0.0,0.0,0.0,0.0,0.0,0.0,0.0,0.0,0.0,0.0,0.0,0.0,0.0,0.0,0.0,0.0,0.0,799.41394,777.6557,803.0403,833.2601,712.7839,-0.44281005859375,0.146728515625,0.8731689453125,1.80938720703125,-2.923431396484375,0.19439697265625,0.0,4.0,4.0,4.0,4.0,100.0,event
10:34:02.135,0.0,0.0,0.0,0.0,0.0,0.0,0.0,0.0,0.0,0.0,0.0,0.0,0.0,0.0,0.0,0.0,0.0,0.0,0.0,0.0,772.8205,774.83514,803.0403,844.94507,706.7399,-0.44281005859375,0.146728515625,0.8731689453125,1.80938720703125,-2.923431396484375,0.19439697265625,0.0,4.0,4.0,4.0,4.0,100.0,event
10:34:02.135,0.0,0.0,0.0,0.0,0.0,0.0,0.0,0.0,0.0,0.0,0.0,0.0,0.0,0.0,0.0,0.0,0.0,0.0,0.0,0.0,798.60803,777.6557,792.5641,828.022,752.27106,-0.44281005859375,0.146728515625,0.8731689453125,1.80938720703125,-2.923431396484375,0.19439697265625,0.0,4.0,4.0,4.0,4.0,100.0,event
10:34:02.136,0.0,0.0,0.0,0.0,0.0,0.0,0.0,0.0,0.0,0.0,0.0,0.0,0.0,0.0,0.0,0.0,0.0,0.0,0.0,0.0,848.97437,780.4762,790.9524,773.22345,751.06226,-0.44281005859375,0.146728515625,0.8731689453125,1.80938720703125,-2.923431396484375,0.19439697265625,0.0,4.0,4.0,4.0,4.0,100.0,event
10:34:02.166,0.0,0.0,0.0,0.0,0.0,0.0,0.0,0.0,0.0,0.0,0.0,0.0,0.0,0.0,0.0,0.0,0.0,0.0,0.0,0.0,852.6007,776.8498,794.57874,751.4652,754.2857,-0.44659423828125,0.146484375,0.873046875,1.233673095703125,-4.134674072265625,-0.11962890625,0.0,4.0,4.0,4.0,4.0,100.0,event
10:34:02.167,0.0,0.0,0.0,0.0,0.0,0.0,0.0,0.0,0.0,0.0,0.0,0.0,0.0,0.0,0.0,0.0,0.0,0.0,0.0,0.0,803.8461,777.6557,792.5641,784.10254,774.0293,-0.44659423828125,0.146484375,0.873046875,1.233673095703125,-4.134674072265625,-0.11962890625,0.0,4.0,4.0,4.0,4.0,100.0,event
10:34:02.168,0.0,0.0,0.0,0.0,0.0,0.0,0.0,0.0,0.0,0.0,0.0,0.0,0.0,0.0,0.0,0.0,0.0,0.0,0.0,0.0,775.2381,778.0586,795.38464,797.3993,764.7619,-0.44659423828125,0.146484375,0.873046875,1.233673095703125,-4.134674072265625,-0.11962890625,0.0,4.0,4.0,4.0,4.0,100.0,event
10:34:02.169,0.0,0.0,0.0,0.0,0.0,0.0,0.0,0.0,0.0,0.0,0.0,0.0,0.0,0.0,0.0,0.0,0.0,0.0,0.0,0.0,801.02563,777.25275,795.38464,798.60803,718.022,-0.44659423828125,0.146484375,0.873046875,1.233673095703125,-4.134674072265625,-0.11962890625,0.0,4.0,4.0,4.0,4.0,100.0,event
10:34:02.169,0.0,0.0,0.0,0.0,0.0,0.0,0.0,0.0,0.0,0.0,0.0,0.0,0.0,0.0,0.0,0.0,0.0,0.0,0.0,0.0,850.58606,777.25275,789.7436,819.9634,788.5348,-0.44659423828125,0.146484375,0.873046875,1.233673095703125,-4.134674072265625,-0.11962890625,0.0,4.0,4.0,4.0,4.0,100.0,event
10:34:02.170,0.0,0.0,0.0,0.0,0.0,0.0,0.0,0.0,0.0,0.0,0.0,0.0,0.0,0.0,0.0,0.0,0.0,0.0,0.0,0.0,860.65936,776.4469,787.326,839.707,1010.54944,-0.44659423828125,0.146484375,0.873046875,1.233673095703125,-4.134674072265625,-0.11962890625,0.0,4.0,4.0,4.0,4.0,100.0,event
10:34:02.171,0.0,0.0,0.0,0.0,0.0,0.0,0.0,0.0,0.0,0.0,0.0,0.0,0.0,0.0,0.0,0.0,0.0,0.0,0.0,0.0,812.3077,778.86444,787.72894,841.7216,1079.8535,-0.44659423828125,0.146484375,0.873046875,1.233673095703125,-4.134674072265625,-0.11962890625,0.0,4.0,4.0,4.0,4.0,100.0,event
10:34:02.171,0.0,0.0,0.0,0.0,0.0,0.0,0.0,0.0,0.0,0.0,0.0,0.0,0.0,0.0,0.0,0.0,0.0,0.0,0.0,0.0,783.69965,778.46155,794.57874,830.84247,858.24176,-0.44659423828125,0.146484375,0.873046875,1.233673095703125,-4.134674072265625,-0.11962890625,0.0,4.0,4.0,4.0,4.0,100.0,event
10:34:02.172,0.0,0.0,0.0,0.0,0.0,0.0,0.0,0.0,0.0,0.0,0.0,0.0,0.0,0.0,0.0,0.0,0.0,0.0,0.0,0.0,808.68134,774.83514,806.6667,836.8865,716.0073,-0.44659423828125,0.146484375,0.873046875,1.233673095703125,-4.134674072265625,-0.11962890625,0.0,4.0,4.0,4.0,4.0,100.0,event
10:34:02.172,0.0,0.0,0.0,0.0,0.0,0.0,0.0,0.0,0.0,0.0,0.0,0.0,0.0,0.0,0.0,0.0,0.0,0.0,0.0,0.0,848.1685,778.0586,806.26373,853.00366,888.46155,-0.44659423828125,0.146484375,0.873046875,1.233673095703125,-4.134674072265625,-0.11962890625,0.0,4.0,4.0,4.0,4.0,100.0,event
10:34:02.173,0.0,0.0,0.0,0.0,0.0,0.0,0.0,0.0,0.0,0.0,0.0,0.0,0.0,0.0,0.0,0.0,0.0,0.0,0.0,0.0,855.42126,777.6557,797.8022,864.2857,979.5238,-0.44659423828125,0.146484375,0.873046875,1.233673095703125,-4.134674072265625,-0.11962890625,0.0,4.0,4.0,4.0,4.0,100.0,event
10:34:02.174,0.0,0.0,0.0,0.0,0.0,0.0,0.0,0.0,0.0,0.0,0.0,0.0,0.0,0.0,0.0,0.0,0.0,0.0,0.0,0.0,816.7399,774.83514,803.8461,867.50916,719.6337,-0.44659423828125,0.146484375,0.873046875,1.233673095703125,-4.134674072265625,-0.11962890625,0.0,4.0,4.0,4.0,4.0,100.0,event
10:34:02.218,0.0,0.0,0.0,0.0,0.0,0.0,0.0,0.0,0.0,0.0,0.0,0.0,0.0,0.0,0.0,0.0,0.0,0.0,0.0,0.0,783.2967,776.04395,808.2784,862.674,633.8095,-0.43902587890625,0.14288330078125,0.8759765625,1.80938720703125,-4.448699951171875,-0.082244873046875,0.0,4.0,4.0,4.0,4.0,100.0,event
10:34:02.220,0.0,0.0,0.0,0.0,0.0,0.0,0.0,0.0,0.0,0.0,0.0,0.0,0.0,0.0,0.0,0.0,0.0,0.0,0.0,0.0,796.1905,774.83514,800.2198,856.63007,735.34796,-0.43902587890625,0.14288330078125,0.8759765625,1.80938720703125,-4.448699951171875,-0.082244873046875,0.0,4.0,4.0,4.0,4.0,100.0,event
10:34:02.221,0.0,0.0,0.0,0.0,0.0,0.0,0.0,0.0,0.0,0.0,0.0,0.0,0.0,0.0,0.0,0.0,0.0,0.0,0.0,0.0,840.10986,776.4469,794.57874,865.4945,780.87915,-0.43902587890625,0.14288330078125,0.8759765625,1.80938720703125,-4.448699951171875,-0.082244873046875,0.0,4.0,4.0,4.0,4.0,100.0,event
10:34:02.223,0.0,0.0,0.0,0.0,0.0,0.0,0.0,0.0,0.0,0.0,0.0,0.0,0.0,0.0,0.0,0.0,0.0,0.0,0.0,0.0,826.8132,777.25275,796.1905,871.13556,796.99634,-0.43902587890625,0.14288330078125,0.8759765625,1.80938720703125,-4.448699951171875,-0.082244873046875,0.0,4.0,4.0,4.0,4.0,100.0,event
10:34:02.223,0.0,0.0,0.0,0.0,0.0,0.0,0.0,0.0,0.0,0.0,0.0,0.0,0.0,0.0,0.0,0.0,0.0,0.0,0.0,0.0,867.9121,778.46155,794.9817,884.0293,755.4945,-0.43902587890625,0.14288330078125,0.8759765625,1.80938720703125,-4.448699951171875,-0.082244873046875,0.0,4.0,4.0,4.0,4.0,100.0,event
10:34:02.224,0.0,0.0,0.0,0.0,0.0,0.0,0.0,0.0,0.0,0.0,0.0,0.0,0.0,0.0,0.0,0.0,0.0,0.0,0.0,0.0,784.5055,778.86444,800.2198,864.2857,986.3736,-0.43902587890625,0.14288330078125,0.8759765625,1.80938720703125,-4.448699951171875,-0.082244873046875,0.0,4.0,4.0,4.0,4.0,100.0,event
10:34:02.225,0.0,0.0,0.0,0.0,0.0,0.0,0.0,0.0,0.0,0.0,0.0,0.0,0.0,0.0,0.0,0.0,0.0,0.0,0.0,0.0,803.44324,779.67035,800.2198,879.59705,952.1245,-0.43902587890625,0.14288330078125,0.8759765625,1.80938720703125,-4.448699951171875,-0.082244873046875,0.0,4.0,4.0,4.0,4.0,100.0,event
10:34:02.225,0.0,0.0,0.0,0.0,0.0,0.0,0.0,0.0,0.0,0.0,0.0,0.0,0.0,0.0,0.0,0.0,0.0,0.0,0.0,0.0,844.5421,780.4762,797.8022,860.65936,804.65204,-0.43902587890625,0.14288330078125,0.8759765625,1.80938720703125,-4.448699951171875,-0.082244873046875,0.0,4.0,4.0,4.0,4.0,100.0,event
10:34:02.226,0.0,0.0,0.0,0.0,0.0,0.0,0.0,0.0,0.0,0.0,0.0,0.0,0.0,0.0,0.0,0.0,0.0,0.0,0.0,0.0,865.09155,778.0586,797.8022,862.27106,884.83514,-0.43902587890625,0.14288330078125,0.8759765625,1.80938720703125,-4.448699951171875,-0.082244873046875,0.0,4.0,4.0,4.0,4.0,100.0,event
10:34:02.227,0.0,0.0,0.0,0.0,0.0,0.0,0.0,0.0,0.0,0.0,0.0,0.0,0.0,0.0,0.0,0.0,0.0,0.0,0.0,0.0,819.5604,774.83514,801.4286,860.2564,1017.8022,-0.43902587890625,0.14288330078125,0.8759765625,1.80938720703125,-4.448699951171875,-0.082244873046875,0.0,4.0,4.0,4.0,4.0,100.0,event
10:34:02.231,0.0,0.0,0.0,0.0,0.0,0.0,0.0,0.0,0.0,0.0,0.0,0.0,0.0,0.0,0.0,0.0,0.0,0.0,0.0,0.0,777.6557,776.4469,802.23444,829.2308,875.16486,-0.43902587890625,0.14288330078125,0.8759765625,1.80938720703125,-4.448699951171875,-0.082244873046875,0.0,4.0,4.0,4.0,4.0,100.0,event
10:34:02.232,0.0,0.0,0.0,0.0,0.0,0.0,0.0,0.0,0.0,0.0,0.0,0.0,0.0,0.0,0.0,0.0,0.0,0.0,0.0,0.0,785.7143,772.01465,795.38464,832.0513,674.5055,-0.43902587890625,0.14288330078125,0.8759765625,1.80938720703125,-4.448699951171875,-0.082244873046875,0.0,4.0,4.0,4.0,4.0,100.0,event
10:34:02.255,0.0,0.0,0.0,0.0,0.0,0.0,0.0,0.0,0.0,0.0,0.0,0.0,0.0,0.0,0.0,0.0,0.0,0.0,0.0,0.0,811.50183,770.0,796.1905,864.2857,734.5421,-0.4395751953125,0.14202880859375,0.87908935546875,2.056121826171875,-4.2169189453125,0.1495361328125,0.0,4.0,4.0,4.0,4.0,100.0,event
10:34:02.256,0.0,0.0,0.0,0.0,0.0,0.0,0.0,0.0,0.0,0.0,0.0,0.0,0.0,0.0,0.0,0.0,0.0,0.0,0.0,0.0,847.76556,774.83514,796.1905,888.0586,880.40295,-0.4395751953125,0.14202880859375,0.87908935546875,2.056121826171875,-4.2169189453125,0.1495361328125,0.0,4.0,4.0,4.0,4.0,100.0,event
10:34:02.256,0.0,0.0,0.0,0.0,0.0,0.0,0.0,0.0,0.0,0.0,0.0,0.0,0.0,0.0,0.0,0.0,0.0,0.0,0.0,0.0,841.31866,775.2381,792.1612,863.8828,792.96704,-0.4395751953125,0.14202880859375,0.87908935546875,2.056121826171875,-4.2169189453125,0.1495361328125,0.0,4.0,4.0,4.0,4.0,100.0,event
10:34:02.257,0.0,0.0,0.0,0.0,0.0,0.0,0.0,0.0,0.0,0.0,0.0,0.0,0.0,0.0,0.0,0.0,0.0,0.0,0.0,0.0,786.52014,774.83514,799.41394,817.5458,718.4249,-0.4395751953125,0.14202880859375,0.87908935546875,2.056121826171875,-4.2169189453125,0.1495361328125,0.0,4.0,4.0,4.0,4.0,100.0,event
10:34:02.258,0.0,0.0,0.0,0.0,0.0,0.0,0.0,0.0,0.0,0.0,0.0,0.0,0.0,0.0,0.0,0.0,0.0,0.0,0.0,0.0,815.12823,776.8498,791.75824,851.39197,848.97437,-0.4395751953125,0.14202880859375,0.87908935546875,2.056121826171875,-4.2169189453125,0.1495361328125,0.0,4.0,4.0,4.0,4.0,100.0,event
10:34:02.258,0.0,0.0,0.0,0.0,0.0,0.0,0.0,0.0,0.0,0.0,0.0,0.0,0.0,0.0,0.0,0.0,0.0,0.0,0.0,0.0,773.6264,776.04395,798.60803,820.7692,759.5238,-0.4395751953125,0.14202880859375,0.87908935546875,2.056121826171875,-4.2169189453125,0.1495361328125,0.0,4.0,4.0,4.0,4.0,100.0,event
10:34:02.259,0.0,0.0,0.0,0.0,0.0,0.0,0.0,0.0,0.0,0.0,0.0,0.0,0.0,0.0,0.0,0.0,0.0,0.0,0.0,0.0,855.0183,778.0586,790.54944,868.315,858.6447,-0.4395751953125,0.14202880859375,0.87908935546875,2.056121826171875,-4.2169189453125,0.1495361328125,0.0,4.0,4.0,4.0,4.0,100.0,event
10:34:02.260,0.0,0.0,0.0,0.0,0.0,0.0,0.0,0.0,0.0,0.0,0.0,0.0,0.0,0.0,0.0,0.0,0.0,0.0,0.0,0.0,837.6923,776.04395,796.99634,844.1392,784.90845,-0.4395751953125,0.14202880859375,0.87908935546875,2.056121826171875,-4.2169189453125,0.1495361328125,0.0,4.0,4.0,4.0,4.0,100.0,event
10:34:02.260,0.0,0.0,0.0,0.0,0.0,0.0,0.0,0.0,0.0,0.0,0.0,0.0,0.0,0.0,0.0,0.0,0.0,0.0,0.0,0.0,784.5055,775.2381,803.0403,824.7985,846.55676,-0.4395751953125,0.14202880859375,0.87908935546875,2.056121826171875,-4.2169189453125,0.1495361328125,0.0,4.0,4.0,4.0,4.0,100.0,event
10:34:02.261,0.0,0.0,0.0,0.0,0.0,0.0,0.0,0.0,0.0,0.0,0.0,0.0,0.0,0.0,0.0,0.0,0.0,0.0,0.0,0.0,766.77655,778.86444,801.4286,821.1722,992.8205,-0.4395751953125,0.14202880859375,0.87908935546875,2.056121826171875,-4.2169189453125,0.1495361328125,0.0,4.0,4.0,4.0,4.0,100.0,event
10:34:02.262,0.0,0.0,0.0,0.0,0.0,0.0,0.0,0.0,0.0,0.0,0.0,0.0,0.0,0.0,0.0,0.0,0.0,0.0,0.0,0.0,804.2491,776.8498,799.41394,800.6227,808.2784,-0.4395751953125,0.14202880859375,0.87908935546875,2.056121826171875,-4.2169189453125,0.1495361328125,0.0,4.0,4.0,4.0,4.0,100.0,event
10:34:02.262,0.0,0.0,0.0,0.0,0.0,0.0,0.0,0.0,0.0,0.0,0.0,0.0,0.0,0.0,0.0,0.0,0.0,0.0,0.0,0.0,845.7509,775.64105,794.9817,791.75824,692.6374,-0.4395751953125,0.14202880859375,0.87908935546875,2.056121826171875,-4.2169189453125,0.1495361328125,0.0,4.0,4.0,4.0,4.0,100.0,event
10:34:02.289,0.0,0.0,0.0,0.0,0.0,0.0,0.0,0.0,0.0,0.0,0.0,0.0,0.0,0.0,0.0,0.0,0.0,0.0,0.0,0.0,818.3516,775.2381,794.17584,768.3883,768.3883,-0.437255859375,0.1416015625,0.87615966796875,2.130889892578125,-3.730926513671875,0.34393310546875,0.0,4.0,4.0,4.0,4.0,100.0,event
10:34:02.291,0.0,0.0,0.0,0.0,0.0,0.0,0.0,0.0,0.0,0.0,0.0,0.0,0.0,0.0,0.0,0.0,0.0,0.0,0.0,0.0,769.59705,773.6264,794.9817,747.4359,755.09155,-0.437255859375,0.1416015625,0.87615966796875,2.130889892578125,-3.730926513671875,0.34393310546875,0.0,4.0,4.0,4.0,4.0,100.0,event
10:34:02.291,0.0,0.0,0.0,0.0,0.0,0.0,0.0,0.0,0.0,0.0,0.0,0.0,0.0,0.0,0.0,0.0,0.0,0.0,0.0,0.0,761.53845,775.2381,792.1612,763.1502,713.1868,-0.437255859375,0.1416015625,0.87615966796875,2.130889892578125,-3.730926513671875,0.34393310546875,0.0,4.0,4.0,4.0,4.0,100.0,event
10:34:02.292,0.0,0.0,0.0,0.0,0.0,0.0,0.0,0.0,0.0,0.0,0.0,0.0,0.0,0.0,0.0,0.0,0.0,0.0,0.0,0.0,838.9011,777.25275,796.5934,788.1319,1008.93774,-0.437255859375,0.1416015625,0.87615966796875,2.130889892578125,-3.730926513671875,0.34393310546875,0.0,4.0,4.0,4.0,4.0,100.0,event
10:34:02.292,0.0,0.0,0.0,0.0,0.0,0.0,0.0,0.0,0.0,0.0,0.0,0.0,0.0,0.0,0.0,0.0,0.0,0.0,0.0,0.0,796.5934,775.2381,788.5348,791.3553,736.1539,-0.437255859375,0.1416015625,0.87615966796875,2.130889892578125,-3.730926513671875,0.34393310546875,0.0,4.0,4.0,4.0,4.0,100.0,event
10:34:02.292,0.0,0.0,0.0,0.0,0.0,0.0,0.0,0.0,0.0,0.0,0.0,0.0,0.0,0.0,0.0,0.0,0.0,0.0,0.0,0.0,846.9597,775.2381,790.9524,799.011,916.6667,-0.437255859375,0.1416015625,0.87615966796875,2.130889892578125,-3.730926513671875,0.34393310546875,0.0,4.0,4.0,4.0,4.0,100.0,event
10:34:02.293,0.0,0.0,0.0,0.0,0.0,0.0,0.0,0.0,0.0,0.0,0.0,0.0,0.0,0.0,0.0,0.0,0.0,0.0,0.0,0.0,784.5055,776.8498,793.7729,754.68866,946.4835,-0.437255859375,0.1416015625,0.87615966796875,2.130889892578125,-3.730926513671875,0.34393310546875,0.0,4.0,4.0,4.0,4.0,100.0,event
10:34:02.293,0.0,0.0,0.0,0.0,0.0,0.0,0.0,0.0,0.0,0.0,0.0,0.0,0.0,0.0,0.0,0.0,0.0,0.0,0.0,0.0,788.5348,775.64105,797.8022,771.6117,922.3077,-0.437255859375,0.1416015625,0.87615966796875,2.130889892578125,-3.730926513671875,0.34393310546875,0.0,4.0,4.0,4.0,4.0,100.0,event
10:34:02.293,0.0,0.0,0.0,0.0,0.0,0.0,0.0,0.0,0.0,0.0,0.0,0.0,0.0,0.0,0.0,0.0,0.0,0.0,0.0,0.0,761.13556,774.83514,794.9817,761.9414,846.55676,-0.437255859375,0.1416015625,0.87615966796875,2.130889892578125,-3.730926513671875,0.34393310546875,0.0,4.0,4.0,4.0,4.0,100.0,event
10:34:02.294,0.0,0.0,0.0,0.0,0.0,0.0,0.0,0.0,0.0,0.0,0.0,0.0,0.0,0.0,0.0,0.0,0.0,0.0,0.0,0.0,823.5897,776.8498,794.17584,728.9011,914.2491,-0.437255859375,0.1416015625,0.87615966796875,2.130889892578125,-3.730926513671875,0.34393310546875,0.0,4.0,4.0,4.0,4.0,100.0,event
10:34:02.294,0.0,0.0,0.0,0.0,0.0,0.0,0.0,0.0,0.0,0.0,0.0,0.0,0.0,0.0,0.0,0.0,0.0,0.0,0.0,0.0,830.0366,772.4176,787.72894,738.1685,721.6484,-0.437255859375,0.1416015625,0.87615966796875,2.130889892578125,-3.730926513671875,0.34393310546875,0.0,4.0,4.0,4.0,4.0,100.0,event
10:34:02.295,0.0,0.0,0.0,0.0,0.0,0.0,0.0,0.0,0.0,0.0,0.0,0.0,0.0,0.0,0.0,0.0,0.0,0.0,0.0,0.0,792.1612,773.6264,792.96704,759.12085,744.61536,-0.437255859375,0.1416015625,0.87615966796875,2.130889892578125,-3.730926513671875,0.34393310546875,0.0,4.0,4.0,4.0,4.0,100.0,event
10:34:02.380,0.0,0.0,0.0,0.0,0.0,0.0,0.0,0.0,0.0,0.0,0.0,0.0,0.0,0.0,0.0,0.0,0.0,0.0,0.0,0.0,766.3736,778.0586,794.9817,761.53845,774.43225,-0.437255859375,0.1416015625,0.87615966796875,2.130889892578125,-3.730926513671875,0.34393310546875,0.0,4.0,4.0,4.0,4.0,100.0,event
10:34:02.381,0.0,0.0,0.0,0.0,0.0,0.0,0.0,0.0,0.0,0.0,0.0,0.0,0.0,0.0,0.0,0.0,0.0,0.0,0.0,0.0,789.7436,776.8498,790.9524,784.5055,701.9048,-0.437255859375,0.1416015625,0.87615966796875,2.130889892578125,-3.730926513671875,0.34393310546875,0.0,4.0,4.0,4.0,4.0,100.0,event
10:34:02.383,0.0,0.0,0.0,0.0,0.0,0.0,0.0,0.0,0.0,0.0,0.0,0.0,0.0,0.0,0.0,0.0,0.0,0.0,0.0,0.0,834.0659,774.83514,792.96704,800.6227,669.67035,-0.437255859375,0.1416015625,0.87615966796875,2.130889892578125,-3.730926513671875,0.34393310546875,0.0,4.0,4.0,4.0,4.0,100.0,event
10:34:02.384,0.0,0.0,0.0,0.0,0.0,0.0,0.0,0.0,0.0,0.0,0.0,0.0,0.0,0.0,0.0,0.0,0.0,0.0,0.0,0.0,846.1539,776.8498,797.3993,802.6374,722.0513,-0.437255859375,0.1416015625,0.87615966796875,2.130889892578125,-3.730926513671875,0.34393310546875,0.0,4.0,4.0,4.0,4.0,100.0,event
10:34:02.386,0.0,0.0,0.0,0.0,0.0,0.0,0.0,0.0,0.0,0.0,0.0,0.0,0.0,0.0,0.0,0.0,0.0,0.0,0.0,0.0,799.011,774.43225,796.1905,796.99634,767.1795,-0.437255859375,0.1416015625,0.87615966796875,2.130889892578125,-3.730926513671875,0.34393310546875,0.0,4.0,4.0,4.0,4.0,100.0,event
10:34:02.387,0.0,0.0,0.0,0.0,0.0,0.0,0.0,0.0,0.0,0.0,0.0,0.0,0.0,0.0,0.0,0.0,0.0,0.0,0.0,0.0,763.1502,772.4176,794.57874,792.1612,751.8681,-0.437255859375,0.1416015625,0.87615966796875,2.130889892578125,-3.730926513671875,0.34393310546875,0.0,4.0,4.0,4.0,4.0,100.0,event
10:34:02.389,0.0,0.0,0.0,0.0,0.0,0.0,0.0,0.0,0.0,0.0,0.0,0.0,0.0,0.0,0.0,0.0,0.0,0.0,0.0,0.0,778.0586,772.4176,797.3993,815.9341,735.34796,-0.437255859375,0.1416015625,0.87615966796875,2.130889892578125,-3.730926513671875,0.34393310546875,0.0,4.0,4.0,4.0,4.0,100.0,event
10:34:02.390,0.0,0.0,0.0,0.0,0.0,0.0,0.0,0.0,0.0,0.0,0.0,0.0,0.0,0.0,0.0,0.0,0.0,0.0,0.0,0.0,821.978,768.3883,794.57874,858.24176,869.12085,-0.437255859375,0.1416015625,0.87615966796875,2.130889892578125,-3.730926513671875,0.34393310546875,0.0,4.0,4.0,4.0,4.0,100.0,event
10:34:02.391,0.0,0.0,0.0,0.0,0.0,0.0,0.0,0.0,0.0,0.0,0.0,0.0,0.0,0.0,0.0,0.0,0.0,0.0,0.0,0.0,844.1392,767.98535,792.96704,849.7802,1127.3993,-0.437255859375,0.1416015625,0.87615966796875,2.130889892578125,-3.730926513671875,0.34393310546875,0.0,4.0,4.0,4.0,4.0,100.0,event
10:34:02.392,0.0,0.0,0.0,0.0,0.0,0.0,0.0,0.0,0.0,0.0,0.0,0.0,0.0,0.0,0.0,0.0,0.0,0.0,0.0,0.0,819.15753,769.59705,794.57874,828.022,943.2601,-0.437255859375,0.1416015625,0.87615966796875,2.130889892578125,-3.730926513671875,0.34393310546875,0.0,4.0,4.0,4.0,4.0,100.0,event
10:34:02.392,0.0,0.0,0.0,0.0,0.0,0.0,0.0,0.0,0.0,0.0,0.0,0.0,0.0,0.0,0.0,0.0,0.0,0.0,0.0,0.0,788.5348,771.2088,794.9817,832.4542,777.6557,-0.437255859375,0.1416015625,0.87615966796875,2.130889892578125,-3.730926513671875,0.34393310546875,0.0,4.0,4.0,4.0,4.0,100.0,event
10:34:02.393,0.0,0.0,0.0,0.0,0.0,0.0,0.0,0.0,0.0,0.0,0.0,0.0,0.0,0.0,0.0,0.0,0.0,0.0,0.0,0.0,794.17584,767.1795,796.5934,829.2308,853.4066,-0.437255859375,0.1416015625,0.87615966796875,2.130889892578125,-3.730926513671875,0.34393310546875,0.0,4.0,4.0,4.0,4.0,100.0,event
10:34:02.430,0.0,0.0,0.0,0.0,0.0,0.0,0.0,0.0,0.0,0.0,0.0,0.0,0.0,0.0,0.0,0.0,0.0,0.0,0.0,0.0,829.2308,767.5824,801.8315,831.6484,763.95605,-0.4368896484375,0.14508056640625,0.86962890625,2.444915771484375,-3.3197021484375,0.11962890625,0.0,4.0,4.0,4.0,4.0,100.0,event
10:34:02.432,0.0,0.0,0.0,0.0,0.0,0.0,0.0,0.0,0.0,0.0,0.0,0.0,0.0,0.0,0.0,0.0,0.0,0.0,0.0,0.0,853.4066,771.6117,802.6374,830.0366,738.97437,-0.4368896484375,0.14508056640625,0.86962890625,2.444915771484375,-3.3197021484375,0.11962890625,0.0,4.0,4.0,4.0,4.0,100.0,event
10:34:02.432,0.0,0.0,0.0,0.0,0.0,0.0,0.0,0.0,0.0,0.0,0.0,0.0,0.0,0.0,0.0,0.0,0.0,0.0,0.0,0.0,822.381,769.59705,802.6374,823.9927,765.9707,-0.4368896484375,0.14508056640625,0.86962890625,2.444915771484375,-3.3197021484375,0.11962890625,0.0,4.0,4.0,4.0,4.0,100.0,event
10:34:02.433,0.0,0.0,0.0,0.0,0.0,0.0,0.0,0.0,0.0,0.0,0.0,0.0,0.0,0.0,0.0,0.0,0.0,0.0,0.0,0.0,772.4176,767.98535,795.78754,814.3223,807.0696,-0.4368896484375,0.14508056640625,0.86962890625,2.444915771484375,-3.3197021484375,0.11962890625,0.0,4.0,4.0,4.0,4.0,100.0,event
10:34:02.434,0.0,0.0,0.0,0.0,0.0,0.0,0.0,0.0,0.0,0.0,0.0,0.0,0.0,0.0,0.0,0.0,0.0,0.0,0.0,0.0,769.59705,767.1795,792.96704,809.0842,756.7033,-0.4368896484375,0.14508056640625,0.86962890625,2.444915771484375,-3.3197021484375,0.11962890625,0.0,4.0,4.0,4.0,4.0,100.0,event
10:34:02.434,0.0,0.0,0.0,0.0,0.0,0.0,0.0,0.0,0.0,0.0,0.0,0.0,0.0,0.0,0.0,0.0,0.0,0.0,0.0,0.0,815.12823,765.9707,793.7729,823.5897,774.43225,-0.4368896484375,0.14508056640625,0.86962890625,2.444915771484375,-3.3197021484375,0.11962890625,0.0,4.0,4.0,4.0,4.0,100.0,event
10:34:02.435,0.0,0.0,0.0,0.0,0.0,0.0,0.0,0.0,0.0,0.0,0.0,0.0,0.0,0.0,0.0,0.0,0.0,0.0,0.0,0.0,852.1978,767.98535,792.96704,837.28937,866.7033,-0.4368896484375,0.14508056640625,0.86962890625,2.444915771484375,-3.3197021484375,0.11962890625,0.0,4.0,4.0,4.0,4.0,100.0,event
10:34:02.436,0.0,0.0,0.0,0.0,0.0,0.0,0.0,0.0,0.0,0.0,0.0,0.0,0.0,0.0,0.0,0.0,0.0,0.0,0.0,0.0,770.0,770.40295,796.5934,806.6667,1060.1099,-0.4368896484375,0.14508056640625,0.86962890625,2.444915771484375,-3.3197021484375,0.11962890625,0.0,4.0,4.0,4.0,4.0,100.0,event
10:34:02.436,0.0,0.0,0.0,0.0,0.0,0.0,0.0,0.0,0.0,0.0,0.0,0.0,0.0,0.0,0.0,0.0,0.0,0.0,0.0,0.0,813.5165,768.3883,794.9817,832.4542,1078.2417,-0.4368896484375,0.14508056640625,0.86962890625,2.444915771484375,-3.3197021484375,0.11962890625,0.0,4.0,4.0,4.0,4.0,100.0,event
10:34:02.437,0.0,0.0,0.0,0.0,0.0,0.0,0.0,0.0,0.0,0.0,0.0,0.0,0.0,0.0,0.0,0.0,0.0,0.0,0.0,0.0,777.25275,767.98535,795.78754,797.8022,707.9487,-0.4368896484375,0.14508056640625,0.86962890625,2.444915771484375,-3.3197021484375,0.11962890625,0.0,4.0,4.0,4.0,4.0,100.0,event
10:34:02.438,0.0,0.0,0.0,0.0,0.0,0.0,0.0,0.0,0.0,0.0,0.0,0.0,0.0,0.0,0.0,0.0,0.0,0.0,0.0,0.0,816.7399,764.35895,791.75824,817.1429,689.011,-0.4368896484375,0.14508056640625,0.86962890625,2.444915771484375,-3.3197021484375,0.11962890625,0.0,4.0,4.0,4.0,4.0,100.0,event
10:34:02.438,0.0,0.0,0.0,0.0,0.0,0.0,0.0,0.0,0.0,0.0,0.0,0.0,0.0,0.0,0.0,0.0,0.0,0.0,0.0,0.0,854.21246,768.7912,791.3553,800.6227,744.61536,-0.4368896484375,0.14508056640625,0.86962890625,2.444915771484375,-3.3197021484375,0.11962890625,0.0,4.0,4.0,4.0,4.0,100.0,event
10:34:02.482,0.0,0.0,0.0,0.0,0.0,0.0,0.0,0.0,0.0,0.0,0.0,0.0,0.0,0.0,0.0,0.0,0.0,0.0,0.0,0.0,828.8278,773.22345,793.36993,765.9707,653.1502,-0.44122314453125,0.14593505859375,0.88470458984375,1.996307373046875,-3.18511962890625,0.456085205078125,0.0,4.0,4.0,4.0,4.0,100.0,event
10:34:02.484,0.0,0.0,0.0,0.0,0.0,0.0,0.0,0.0,0.0,0.0,0.0,0.0,0.0,0.0,0.0,0.0,0.0,0.0,0.0,0.0,772.8205,774.0293,796.1905,772.4176,635.42126,-0.44122314453125,0.14593505859375,0.88470458984375,1.996307373046875,-3.18511962890625,0.456085205078125,0.0,4.0,4.0,4.0,4.0,100.0,event
10:34:02.488,0.0,0.0,0.0,0.0,0.0,0.0,0.0,0.0,0.0,0.0,0.0,0.0,0.0,0.0,0.0,0.0,0.0,0.0,0.0,0.0,762.74725,774.83514,797.3993,812.3077,716.4103,-0.44122314453125,0.14593505859375,0.88470458984375,1.996307373046875,-3.18511962890625,0.456085205078125,0.0,4.0,4.0,4.0,4.0,100.0,event
10:34:02.489,0.0,0.0,0.0,0.0,0.0,0.0,0.0,0.0,0.0,0.0,0.0,0.0,0.0,0.0,0.0,0.0,0.0,0.0,0.0,0.0,800.2198,768.3883,794.57874,826.4103,788.1319,-0.44122314453125,0.14593505859375,0.88470458984375,1.996307373046875,-3.18511962890625,0.456085205078125,0.0,4.0,4.0,4.0,4.0,100.0,event
10:34:02.490,0.0,0.0,0.0,0.0,0.0,0.0,0.0,0.0,0.0,0.0,0.0,0.0,0.0,0.0,0.0,0.0,0.0,0.0,0.0,0.0,840.5128,766.3736,794.57874,829.2308,808.2784,-0.44122314453125,0.14593505859375,0.88470458984375,1.996307373046875,-3.18511962890625,0.456085205078125,0.0,4.0,4.0,4.0,4.0,100.0,event
10:34:02.491,0.0,0.0,0.0,0.0,0.0,0.0,0.0,0.0,0.0,0.0,0.0,0.0,0.0,0.0,0.0,0.0,0.0,0.0,0.0,0.0,826.4103,769.59705,792.96704,823.5897,828.4249,-0.44122314453125,0.14593505859375,0.88470458984375,1.996307373046875,-3.18511962890625,0.456085205078125,0.0,4.0,4.0,4.0,4.0,100.0,event
10:34:02.492,0.0,0.0,0.0,0.0,0.0,0.0,0.0,0.0,0.0,0.0,0.0,0.0,0.0,0.0,0.0,0.0,0.0,0.0,0.0,0.0,774.83514,771.6117,789.34064,821.978,903.7729,-0.44122314453125,0.14593505859375,0.88470458984375,1.996307373046875,-3.18511962890625,0.456085205078125,0.0,4.0,4.0,4.0,4.0,100.0,event
10:34:02.492,0.0,0.0,0.0,0.0,0.0,0.0,0.0,0.0,0.0,0.0,0.0,0.0,0.0,0.0,0.0,0.0,0.0,0.0,0.0,0.0,759.5238,771.2088,786.1172,803.0403,1014.57874,-0.44122314453125,0.14593505859375,0.88470458984375,1.996307373046875,-3.18511962890625,0.456085205078125,0.0,4.0,4.0,4.0,4.0,100.0,event
10:34:02.493,0.0,0.0,0.0,0.0,0.0,0.0,0.0,0.0,0.0,0.0,0.0,0.0,0.0,0.0,0.0,0.0,0.0,0.0,0.0,0.0,801.4286,763.95605,786.1172,796.1905,815.9341,-0.44122314453125,0.14593505859375,0.88470458984375,1.996307373046875,-3.18511962890625,0.456085205078125,0.0,4.0,4.0,4.0,4.0,100.0,event
10:34:02.494,0.0,0.0,0.0,0.0,0.0,0.0,0.0,0.0,0.0,0.0,0.0,0.0,0.0,0.0,0.0,0.0,0.0,0.0,0.0,0.0,836.08057,764.7619,793.36993,826.0073,636.2271,-0.44122314453125,0.14593505859375,0.88470458984375,1.996307373046875,-3.18511962890625,0.456085205078125,0.0,4.0,4.0,4.0,4.0,100.0,event
10:34:02.494,0.0,0.0,0.0,0.0,0.0,0.0,0.0,0.0,0.0,0.0,0.0,0.0,0.0,0.0,0.0,0.0,0.0,0.0,0.0,0.0,824.3956,767.98535,794.57874,815.12823,760.32965,-0.44122314453125,0.14593505859375,0.88470458984375,1.996307373046875,-3.18511962890625,0.456085205078125,0.0,4.0,4.0,4.0,4.0,100.0,event
10:34:02.495,0.0,0.0,0.0,0.0,0.0,0.0,0.0,0.0,0.0,0.0,0.0,0.0,0.0,0.0,0.0,0.0,0.0,0.0,0.0,0.0,784.10254,767.98535,792.1612,787.72894,815.5311,-0.44122314453125,0.14593505859375,0.88470458984375,1.996307373046875,-3.18511962890625,0.456085205078125,0.0,4.0,4.0,4.0,4.0,100.0,event
10:34:02.534,0.0,0.0,0.0,0.0,0.0,0.0,0.0,0.0,0.0,0.0,0.0,0.0,0.0,0.0,0.0,0.0,0.0,0.0,0.0,0.0,767.1795,772.01465,792.1612,788.93774,686.99634,-0.44268798828125,0.14208984375,0.87109375,2.609405517578125,-3.297271728515625,0.70281982421875,0.0,4.0,4.0,4.0,4.0,100.0,event
10:34:02.535,0.0,0.0,0.0,0.0,0.0,0.0,0.0,0.0,0.0,0.0,0.0,0.0,0.0,0.0,0.0,0.0,0.0,0.0,0.0,0.0,793.36993,773.6264,790.14655,815.5311,643.0769,-0.44268798828125,0.14208984375,0.87109375,2.609405517578125,-3.297271728515625,0.70281982421875,0.0,4.0,4.0,4.0,4.0,100.0,event
10:34:02.536,0.0,0.0,0.0,0.0,0.0,0.0,0.0,0.0,0.0,0.0,0.0,0.0,0.0,0.0,0.0,0.0,0.0,0.0,0.0,0.0,837.6923,770.40295,790.9524,825.6044,805.4579,-0.44268798828125,0.14208984375,0.87109375,2.609405517578125,-3.297271728515625,0.70281982421875,0.0,4.0,4.0,4.0,4.0,100.0,event
10:34:02.536,0.0,0.0,0.0,0.0,0.0,0.0,0.0,0.0,0.0,0.0,0.0,0.0,0.0,0.0,0.0,0.0,0.0,0.0,0.0,0.0,850.989,770.0,796.1905,820.3663,798.20514,-0.44268798828125,0.14208984375,0.87109375,2.609405517578125,-3.297271728515625,0.70281982421875,0.0,4.0,4.0,4.0,4.0,100.0,event
10:34:02.537,0.0,0.0,0.0,0.0,0.0,0.0,0.0,0.0,0.0,0.0,0.0,0.0,0.0,0.0,0.0,0.0,0.0,0.0,0.0,0.0,805.8608,770.80585,795.78754,811.0989,676.1172,-0.44268798828125,0.14208984375,0.87109375,2.609405517578125,-3.297271728515625,0.70281982421875,0.0,4.0,4.0,4.0,4.0,100.0,event
10:34:02.538,0.0,0.0,0.0,0.0,0.0,0.0,0.0,0.0,0.0,0.0,0.0,0.0,0.0,0.0,0.0,0.0,0.0,0.0,0.0,0.0,765.16486,771.6117,791.75824,796.5934,794.17584,-0.44268798828125,0.14208984375,0.87109375,2.609405517578125,-3.297271728515625,0.70281982421875,0.0,4.0,4.0,4.0,4.0,100.0,event
10:34:02.538,0.0,0.0,0.0,0.0,0.0,0.0,0.0,0.0,0.0,0.0,0.0,0.0,0.0,0.0,0.0,0.0,0.0,0.0,0.0,0.0,777.6557,770.40295,791.75824,797.8022,906.99634,-0.44268798828125,0.14208984375,0.87109375,2.609405517578125,-3.297271728515625,0.70281982421875,0.0,4.0,4.0,4.0,4.0,100.0,event
10:34:02.539,0.0,0.0,0.0,0.0,0.0,0.0,0.0,0.0,0.0,0.0,0.0,0.0,0.0,0.0,0.0,0.0,0.0,0.0,0.0,0.0,830.0366,770.0,794.57874,821.1722,858.24176,-0.44268798828125,0.14208984375,0.87109375,2.609405517578125,-3.297271728515625,0.70281982421875,0.0,4.0,4.0,4.0,4.0,100.0,event
10:34:02.539,0.0,0.0,0.0,0.0,0.0,0.0,0.0,0.0,0.0,0.0,0.0,0.0,0.0,0.0,0.0,0.0,0.0,0.0,0.0,0.0,849.7802,772.01465,798.20514,811.0989,728.0952,-0.44268798828125,0.14208984375,0.87109375,2.609405517578125,-3.297271728515625,0.70281982421875,0.0,4.0,4.0,4.0,4.0,100.0,event
10:34:02.540,0.0,0.0,0.0,0.0,0.0,0.0,0.0,0.0,0.0,0.0,0.0,0.0,0.0,0.0,0.0,0.0,0.0,0.0,0.0,0.0,804.65204,772.8205,794.57874,775.64105,725.6777,-0.44268798828125,0.14208984375,0.87109375,2.609405517578125,-3.297271728515625,0.70281982421875,0.0,4.0,4.0,4.0,4.0,100.0,event
10:34:02.541,0.0,0.0,0.0,0.0,0.0,0.0,0.0,0.0,0.0,0.0,0.0,0.0,0.0,0.0,0.0,0.0,0.0,0.0,0.0,0.0,766.3736,777.25275,791.75824,769.19415,994.0293,-0.44268798828125,0.14208984375,0.87109375,2.609405517578125,-3.297271728515625,0.70281982421875,0.0,4.0,4.0,4.0,4.0,100.0,event
10:34:02.541,0.0,0.0,0.0,0.0,0.0,0.0,0.0,0.0,0.0,0.0,0.0,0.0,0.0,0.0,0.0,0.0,0.0,0.0,0.0,0.0,785.7143,777.6557,792.5641,742.1978,910.6227,-0.44268798828125,0.14208984375,0.87109375,2.609405517578125,-3.297271728515625,0.70281982421875,0.0,4.0,4.0,4.0,4.0,100.0,event
10:34:02.542,0.0,0.0,0.0,0.0,0.0,0.0,0.0,0.0,0.0,0.0,0.0,0.0,0.0,0.0,0.0,0.0,0.0,0.0,0.0,0.0,836.08057,775.64105,793.36993,736.55676,703.91943,-0.44268798828125,0.14208984375,0.87109375,2.609405517578125,-3.297271728515625,0.70281982421875,0.0,4.0,4.0,4.0,4.0,100.0,event
10:34:02.543,0.0,0.0,0.0,0.0,0.0,0.0,0.0,0.0,0.0,0.0,0.0,0.0,0.0,0.0,0.0,0.0,0.0,0.0,0.0,0.0,850.989,774.0293,788.1319,749.45056,757.50916,-0.44268798828125,0.14208984375,0.87109375,2.609405517578125,-3.297271728515625,0.70281982421875,0.0,4.0,4.0,4.0,4.0,100.0,event
10:34:02.543,0.0,0.0,0.0,0.0,0.0,0.0,0.0,0.0,0.0,0.0,0.0,0.0,0.0,0.0,0.0,0.0,0.0,0.0,0.0,0.0,805.05493,768.7912,782.8938,700.696,795.38464,-0.44268798828125,0.14208984375,0.87109375,2.609405517578125,-3.297271728515625,0.70281982421875,0.0,4.0,4.0,4.0,4.0,100.0,event
10:34:02.544,0.0,0.0,0.0,0.0,0.0,0.0,0.0,0.0,0.0,0.0,0.0,0.0,0.0,0.0,0.0,0.0,0.0,0.0,0.0,0.0,768.3883,770.40295,786.1172,659.19415,733.3333,-0.44268798828125,0.14208984375,0.87109375,2.609405517578125,-3.297271728515625,0.70281982421875,0.0,4.0,4.0,4.0,4.0,100.0,event
10:34:02.547,0.0,0.0,0.0,0.0,0.0,0.0,0.0,0.0,0.0,0.0,0.0,0.0,0.0,0.0,0.0,0.0,0.0,0.0,0.0,0.0,790.54944,772.01465,787.326,705.5311,705.9341,-0.44268798828125,0.14208984375,0.87109375,2.609405517578125,-3.297271728515625,0.70281982421875,0.0,4.0,4.0,4.0,4.0,100.0,event
10:34:02.548,0.0,0.0,0.0,0.0,0.0,0.0,0.0,0.0,0.0,0.0,0.0,0.0,0.0,0.0,0.0,0.0,0.0,0.0,0.0,0.0,834.0659,767.1795,785.31134,749.85345,868.71796,-0.44268798828125,0.14208984375,0.87109375,2.609405517578125,-3.297271728515625,0.70281982421875,0.0,4.0,4.0,4.0,4.0,100.0,event
10:34:02.549,0.0,0.0,0.0,0.0,0.0,0.0,0.0,0.0,0.0,0.0,0.0,0.0,0.0,0.0,0.0,0.0,0.0,0.0,0.0,0.0,858.6447,767.5824,781.685,728.0952,1164.8718,-0.44268798828125,0.14208984375,0.87109375,2.609405517578125,-3.297271728515625,0.70281982421875,0.0,4.0,4.0,4.0,4.0,100.0,event
10:34:02.549,0.0,0.0,0.0,0.0,0.0,0.0,0.0,0.0,0.0,0.0,0.0,0.0,0.0,0.0,0.0,0.0,0.0,0.0,0.0,0.0,831.2454,772.01465,787.326,715.6044,919.89014,-0.44268798828125,0.14208984375,0.87109375,2.609405517578125,-3.297271728515625,0.70281982421875,0.0,4.0,4.0,4.0,4.0,100.0,event
10:34:02.550,0.0,0.0,0.0,0.0,0.0,0.0,0.0,0.0,0.0,0.0,0.0,0.0,0.0,0.0,0.0,0.0,0.0,0.0,0.0,0.0,776.8498,770.0,792.1612,729.304,654.7619,-0.44268798828125,0.14208984375,0.87109375,2.609405517578125,-3.297271728515625,0.70281982421875,0.0,4.0,4.0,4.0,4.0,100.0,event
10:34:02.551,0.0,0.0,0.0,0.0,0.0,0.0,0.0,0.0,0.0,0.0,0.0,0.0,0.0,0.0,0.0,0.0,0.0,0.0,0.0,0.0,780.87915,769.59705,794.17584,737.3626,728.9011,-0.44268798828125,0.14208984375,0.87109375,2.609405517578125,-3.297271728515625,0.70281982421875,0.0,4.0,4.0,4.0,4.0,100.0,event
10:34:02.552,0.0,0.0,0.0,0.0,0.0,0.0,0.0,0.0,0.0,0.0,0.0,0.0,0.0,0.0,0.0,0.0,0.0,0.0,0.0,0.0,852.6007,775.64105,794.9817,809.4872,799.81683,-0.44268798828125,0.14208984375,0.87109375,2.609405517578125,-3.297271728515625,0.70281982421875,0.0,4.0,4.0,4.0,4.0,100.0,event
10:34:02.552,0.0,0.0,0.0,0.0,0.0,0.0,0.0,0.0,0.0,0.0,0.0,0.0,0.0,0.0,0.0,0.0,0.0,0.0,0.0,0.0,829.6337,772.4176,794.9817,784.90845,727.28937,-0.44268798828125,0.14208984375,0.87109375,2.609405517578125,-3.297271728515625,0.70281982421875,0.0,4.0,4.0,4.0,4.0,100.0,event
10:34:02.585,0.0,0.0,0.0,0.0,0.0,0.0,0.0,0.0,0.0,0.0,0.0,0.0,0.0,0.0,0.0,0.0,0.0,0.0,0.0,0.0,817.9487,778.0586,802.23444,794.17584,852.6007,-0.4437255859375,0.147705078125,0.88037109375,2.4822998046875,-3.46923828125,0.097198486328125,0.0,4.0,4.0,4.0,4.0,100.0,event
10:34:02.586,0.0,0.0,0.0,0.0,0.0,0.0,0.0,0.0,0.0,0.0,0.0,0.0,0.0,0.0,0.0,0.0,0.0,0.0,0.0,0.0,774.83514,778.0586,799.41394,790.9524,767.98535,-0.4437255859375,0.147705078125,0.88037109375,2.4822998046875,-3.46923828125,0.097198486328125,0.0,4.0,4.0,4.0,4.0,100.0,event
10:34:02.587,0.0,0.0,0.0,0.0,0.0,0.0,0.0,0.0,0.0,0.0,0.0,0.0,0.0,0.0,0.0,0.0,0.0,0.0,0.0,0.0,776.4469,775.2381,794.17584,800.6227,724.87177,-0.4437255859375,0.147705078125,0.88037109375,2.4822998046875,-3.46923828125,0.097198486328125,0.0,4.0,4.0,4.0,4.0,100.0,event
10:34:02.590,0.0,0.0,0.0,0.0,0.0,0.0,0.0,0.0,0.0,0.0,0.0,0.0,0.0,0.0,0.0,0.0,0.0,0.0,0.0,0.0,811.50183,775.2381,797.3993,812.3077,697.0696,-0.4437255859375,0.147705078125,0.88037109375,2.4822998046875,-3.46923828125,0.097198486328125,0.0,4.0,4.0,4.0,4.0,100.0,event
10:34:02.591,0.0,0.0,0.0,0.0,0.0,0.0,0.0,0.0,0.0,0.0,0.0,0.0,0.0,0.0,0.0,0.0,0.0,0.0,0.0,0.0,847.3626,777.25275,795.38464,798.60803,788.5348,-0.4437255859375,0.147705078125,0.88037109375,2.4822998046875,-3.46923828125,0.097198486328125,0.0,4.0,4.0,4.0,4.0,100.0,event
10:34:02.592,0.0,0.0,0.0,0.0,0.0,0.0,0.0,0.0,0.0,0.0,0.0,0.0,0.0,0.0,0.0,0.0,0.0,0.0,0.0,0.0,831.2454,777.6557,795.78754,785.7143,1021.4286,-0.4437255859375,0.147705078125,0.88037109375,2.4822998046875,-3.46923828125,0.097198486328125,0.0,4.0,4.0,4.0,4.0,100.0,event
10:34:02.592,0.0,0.0,0.0,0.0,0.0,0.0,0.0,0.0,0.0,0.0,0.0,0.0,0.0,0.0,0.0,0.0,0.0,0.0,0.0,0.0,782.8938,777.25275,794.17584,782.49084,994.43225,-0.4437255859375,0.147705078125,0.88037109375,2.4822998046875,-3.46923828125,0.097198486328125,0.0,4.0,4.0,4.0,4.0,100.0,event
10:34:02.594,0.0,0.0,0.0,0.0,0.0,0.0,0.0,0.0,0.0,0.0,0.0,0.0,0.0,0.0,0.0,0.0,0.0,0.0,0.0,0.0,776.04395,778.86444,793.36993,770.80585,822.381,-0.4437255859375,0.147705078125,0.88037109375,2.4822998046875,-3.46923828125,0.097198486328125,0.0,4.0,4.0,4.0,4.0,100.0,event
10:34:02.595,0.0,0.0,0.0,0.0,0.0,0.0,0.0,0.0,0.0,0.0,0.0,0.0,0.0,0.0,0.0,0.0,0.0,0.0,0.0,0.0,811.0989,780.07324,793.36993,784.5055,762.3443,-0.4437255859375,0.147705078125,0.88037109375,2.4822998046875,-3.46923828125,0.097198486328125,0.0,4.0,4.0,4.0,4.0,100.0,event
10:34:02.596,0.0,0.0,0.0,0.0,0.0,0.0,0.0,0.0,0.0,0.0,0.0,0.0,0.0,0.0,0.0,0.0,0.0,0.0,0.0,0.0,839.707,778.46155,790.54944,803.44324,1019.41394,-0.4437255859375,0.147705078125,0.88037109375,2.4822998046875,-3.46923828125,0.097198486328125,0.0,4.0,4.0,4.0,4.0,100.0,event
10:34:02.597,0.0,0.0,0.0,0.0,0.0,0.0,0.0,0.0,0.0,0.0,0.0,0.0,0.0,0.0,0.0,0.0,0.0,0.0,0.0,0.0,833.2601,778.0586,789.7436,784.10254,1010.9524,-0.4437255859375,0.147705078125,0.88037109375,2.4822998046875,-3.46923828125,0.097198486328125,0.0,4.0,4.0,4.0,4.0,100.0,event
10:34:02.598,0.0,0.0,0.0,0.0,0.0,0.0,0.0,0.0,0.0,0.0,0.0,0.0,0.0,0.0,0.0,0.0,0.0,0.0,0.0,0.0,796.5934,775.64105,791.3553,786.9231,749.85345,-0.4437255859375,0.147705078125,0.88037109375,2.4822998046875,-3.46923828125,0.097198486328125,0.0,4.0,4.0,4.0,4.0,100.0,event
10:34:02.668,0.0,0.0,0.0,0.0,0.0,0.0,0.0,0.0,0.0,0.0,0.0,0.0,0.0,0.0,0.0,0.0,0.0,0.0,0.0,0.0,771.2088,772.4176,790.9524,780.07324,671.28204,-0.4444580078125,0.147705078125,0.87841796875,1.996307373046875,-3.955230712890625,0.35888671875,0.0,4.0,4.0,4.0,4.0,100.0,event
10:34:02.669,0.0,0.0,0.0,0.0,0.0,0.0,0.0,0.0,0.0,0.0,0.0,0.0,0.0,0.0,0.0,0.0,0.0,0.0,0.0,0.0,803.8461,772.4176,790.54944,749.45056,700.696,-0.4444580078125,0.147705078125,0.87841796875,1.996307373046875,-3.955230712890625,0.35888671875,0.0,4.0,4.0,4.0,4.0,100.0,event
10:34:02.670,0.0,0.0,0.0,0.0,0.0,0.0,0.0,0.0,0.0,0.0,0.0,0.0,0.0,0.0,0.0,0.0,0.0,0.0,0.0,0.0,852.1978,772.4176,792.5641,747.8388,777.6557,-0.4444580078125,0.147705078125,0.87841796875,1.996307373046875,-3.955230712890625,0.35888671875,0.0,4.0,4.0,4.0,4.0,100.0,event
10:34:02.670,0.0,0.0,0.0,0.0,0.0,0.0,0.0,0.0,0.0,0.0,0.0,0.0,0.0,0.0,0.0,0.0,0.0,0.0,0.0,0.0,842.52747,771.6117,793.7729,757.9121,757.9121,-0.4444580078125,0.147705078125,0.87841796875,1.996307373046875,-3.955230712890625,0.35888671875,0.0,4.0,4.0,4.0,4.0,100.0,event
10:34:02.671,0.0,0.0,0.0,0.0,0.0,0.0,0.0,0.0,0.0,0.0,0.0,0.0,0.0,0.0,0.0,0.0,0.0,0.0,0.0,0.0,791.3553,772.4176,794.17584,749.45056,719.2308,-0.4444580078125,0.147705078125,0.87841796875,1.996307373046875,-3.955230712890625,0.35888671875,0.0,4.0,4.0,4.0,4.0,100.0,event
10:34:02.671,0.0,0.0,0.0,0.0,0.0,0.0,0.0,0.0,0.0,0.0,0.0,0.0,0.0,0.0,0.0,0.0,0.0,0.0,0.0,0.0,772.4176,775.2381,794.17584,759.92676,805.05493,-0.4444580078125,0.147705078125,0.87841796875,1.996307373046875,-3.955230712890625,0.35888671875,0.0,4.0,4.0,4.0,4.0,100.0,event
10:34:02.676,0.0,0.0,0.0,0.0,0.0,0.0,0.0,0.0,0.0,0.0,0.0,0.0,0.0,0.0,0.0,0.0,0.0,0.0,0.0,0.0,809.4872,775.64105,790.54944,793.36993,871.53845,-0.4444580078125,0.147705078125,0.87841796875,1.996307373046875,-3.955230712890625,0.35888671875,0.0,4.0,4.0,4.0,4.0,100.0,event
10:34:02.676,0.0,0.0,0.0,0.0,0.0,0.0,0.0,0.0,0.0,0.0,0.0,0.0,0.0,0.0,0.0,0.0,0.0,0.0,0.0,0.0,862.27106,773.22345,791.3553,811.0989,789.34064,-0.4444580078125,0.147705078125,0.87841796875,1.996307373046875,-3.955230712890625,0.35888671875,0.0,4.0,4.0,4.0,4.0,100.0,event
10:34:02.677,0.0,0.0,0.0,0.0,0.0,0.0,0.0,0.0,0.0,0.0,0.0,0.0,0.0,0.0,0.0,0.0,0.0,0.0,0.0,0.0,864.68866,773.22345,792.5641,808.2784,900.54944,-0.4444580078125,0.147705078125,0.87841796875,1.996307373046875,-3.955230712890625,0.35888671875,0.0,4.0,4.0,4.0,4.0,100.0,event
10:34:02.678,0.0,0.0,0.0,0.0,0.0,0.0,0.0,0.0,0.0,0.0,0.0,0.0,0.0,0.0,0.0,0.0,0.0,0.0,0.0,0.0,820.3663,775.64105,792.5641,797.8022,1133.0403,-0.4444580078125,0.147705078125,0.87841796875,1.996307373046875,-3.955230712890625,0.35888671875,0.0,4.0,4.0,4.0,4.0,100.0,event
10:34:02.678,0.0,0.0,0.0,0.0,0.0,0.0,0.0,0.0,0.0,0.0,0.0,0.0,0.0,0.0,0.0,0.0,0.0,0.0,0.0,0.0,790.9524,776.4469,800.2198,776.04395,809.0842,-0.4444580078125,0.147705078125,0.87841796875,1.996307373046875,-3.955230712890625,0.35888671875,0.0,4.0,4.0,4.0,4.0,100.0,event
10:34:02.679,0.0,0.0,0.0,0.0,0.0,0.0,0.0,0.0,0.0,0.0,0.0,0.0,0.0,0.0,0.0,0.0,0.0,0.0,0.0,0.0,801.8315,778.0586,801.02563,757.1062,647.1062,-0.4444580078125,0.147705078125,0.87841796875,1.996307373046875,-3.955230712890625,0.35888671875,0.0,4.0,4.0,4.0,4.0,100.0,event
10:34:02.680,0.0,0.0,0.0,0.0,0.0,0.0,0.0,0.0,0.0,0.0,0.0,0.0,0.0,0.0,0.0,0.0,0.0,0.0,0.0,0.0,849.7802,778.46155,794.9817,759.5238,831.6484,-0.44232177734375,0.14312744140625,0.874755859375,2.086029052734375,-3.641204833984375,-0.171966552734375,0.0,4.0,4.0,4.0,4.0,100.0,event
10:34:02.681,0.0,0.0,0.0,0.0,0.0,0.0,0.0,0.0,0.0,0.0,0.0,0.0,0.0,0.0,0.0,0.0,0.0,0.0,0.0,0.0,867.1062,779.67035,797.8022,763.1502,801.4286,-0.44232177734375,0.14312744140625,0.874755859375,2.086029052734375,-3.641204833984375,-0.171966552734375,0.0,4.0,4.0,4.0,4.0,100.0,event
10:34:02.682,0.0,0.0,0.0,0.0,0.0,0.0,0.0,0.0,0.0,0.0,0.0,0.0,0.0,0.0,0.0,0.0,0.0,0.0,0.0,0.0,817.5458,779.67035,800.2198,752.27106,738.1685,-0.44232177734375,0.14312744140625,0.874755859375,2.086029052734375,-3.641204833984375,-0.171966552734375,0.0,4.0,4.0,4.0,4.0,100.0,event
10:34:02.682,0.0,0.0,0.0,0.0,0.0,0.0,0.0,0.0,0.0,0.0,0.0,0.0,0.0,0.0,0.0,0.0,0.0,0.0,0.0,0.0,782.49084,781.28204,801.4286,757.50916,743.8095,-0.44232177734375,0.14312744140625,0.874755859375,2.086029052734375,-3.641204833984375,-0.171966552734375,0.0,4.0,4.0,4.0,4.0,100.0,event
10:34:02.683,0.0,0.0,0.0,0.0,0.0,0.0,0.0,0.0,0.0,0.0,0.0,0.0,0.0,0.0,0.0,0.0,0.0,0.0,0.0,0.0,802.23444,781.685,802.6374,772.4176,809.0842,-0.44232177734375,0.14312744140625,0.874755859375,2.086029052734375,-3.641204833984375,-0.171966552734375,0.0,4.0,4.0,4.0,4.0,100.0,event
10:34:02.684,0.0,0.0,0.0,0.0,0.0,0.0,0.0,0.0,0.0,0.0,0.0,0.0,0.0,0.0,0.0,0.0,0.0,0.0,0.0,0.0,849.3773,780.4762,799.41394,764.35895,900.9524,-0.44232177734375,0.14312744140625,0.874755859375,2.086029052734375,-3.641204833984375,-0.171966552734375,0.0,4.0,4.0,4.0,4.0,100.0,event
10:34:02.684,0.0,0.0,0.0,0.0,0.0,0.0,0.0,0.0,0.0,0.0,0.0,0.0,0.0,0.0,0.0,0.0,0.0,0.0,0.0,0.0,870.32965,779.2674,800.6227,743.8095,900.14655,-0.44232177734375,0.14312744140625,0.874755859375,2.086029052734375,-3.641204833984375,-0.171966552734375,0.0,4.0,4.0,4.0,4.0,100.0,event
10:34:02.685,0.0,0.0,0.0,0.0,0.0,0.0,0.0,0.0,0.0,0.0,0.0,0.0,0.0,0.0,0.0,0.0,0.0,0.0,0.0,0.0,831.2454,778.86444,804.65204,729.304,840.10986,-0.44232177734375,0.14312744140625,0.874755859375,2.086029052734375,-3.641204833984375,-0.171966552734375,0.0,4.0,4.0,4.0,4.0,100.0,event
10:34:02.685,0.0,0.0,0.0,0.0,0.0,0.0,0.0,0.0,0.0,0.0,0.0,0.0,0.0,0.0,0.0,0.0,0.0,0.0,0.0,0.0,786.52014,777.25275,801.02563,734.94507,879.59705,-0.44232177734375,0.14312744140625,0.874755859375,2.086029052734375,-3.641204833984375,-0.171966552734375,0.0,4.0,4.0,4.0,4.0,100.0,event
10:34:02.686,0.0,0.0,0.0,0.0,0.0,0.0,0.0,0.0,0.0,0.0,0.0,0.0,0.0,0.0,0.0,0.0,0.0,0.0,0.0,0.0,796.5934,772.8205,792.5641,740.58606,754.68866,-0.44232177734375,0.14312744140625,0.874755859375,2.086029052734375,-3.641204833984375,-0.171966552734375,0.0,4.0,4.0,4.0,4.0,100.0,event
10:34:02.687,0.0,0.0,0.0,0.0,0.0,0.0,0.0,0.0,0.0,0.0,0.0,0.0,0.0,0.0,0.0,0.0,0.0,0.0,0.0,0.0,839.707,771.2088,792.1612,747.8388,697.8755,-0.44232177734375,0.14312744140625,0.874755859375,2.086029052734375,-3.641204833984375,-0.171966552734375,0.0,4.0,4.0,4.0,4.0,100.0,event
10:34:02.687,0.0,0.0,0.0,0.0,0.0,0.0,0.0,0.0,0.0,0.0,0.0,0.0,0.0,0.0,0.0,0.0,0.0,0.0,0.0,0.0,866.30035,773.6264,794.17584,757.50916,867.9121,-0.44232177734375,0.14312744140625,0.874755859375,2.086029052734375,-3.641204833984375,-0.171966552734375,0.0,4.0,4.0,4.0,4.0,100.0,event
10:34:02.745,0.0,0.0,0.0,0.0,0.0,0.0,0.0,0.0,0.0,0.0,0.0,0.0,0.0,0.0,0.0,0.0,0.0,0.0,0.0,0.0,826.0073,774.0293,792.1612,741.39197,974.68866,-0.43792724609375,0.14605712890625,0.8773193359375,2.3028564453125,-3.656158447265625,0.0299072265625,0.0,4.0,4.0,4.0,4.0,100.0,event
10:34:02.747,0.0,0.0,0.0,0.0,0.0,0.0,0.0,0.0,0.0,0.0,0.0,0.0,0.0,0.0,0.0,0.0,0.0,0.0,0.0,0.0,780.4762,773.6264,790.14655,741.79486,772.01465,-0.43792724609375,0.14605712890625,0.8773193359375,2.3028564453125,-3.656158447265625,0.0299072265625,0.0,4.0,4.0,4.0,4.0,100.0,event
10:34:02.748,0.0,0.0,0.0,0.0,0.0,0.0,0.0,0.0,0.0,0.0,0.0,0.0,0.0,0.0,0.0,0.0,0.0,0.0,0.0,0.0,793.36993,770.0,788.93774,776.04395,663.6264,-0.43792724609375,0.14605712890625,0.8773193359375,2.3028564453125,-3.656158447265625,0.0299072265625,0.0,4.0,4.0,4.0,4.0,100.0,event
10:34:02.749,0.0,0.0,0.0,0.0,0.0,0.0,0.0,0.0,0.0,0.0,0.0,0.0,0.0,0.0,0.0,0.0,0.0,0.0,0.0,0.0,830.4396,767.98535,791.75824,810.293,766.3736,-0.43792724609375,0.14605712890625,0.8773193359375,2.3028564453125,-3.656158447265625,0.0299072265625,0.0,4.0,4.0,4.0,4.0,100.0,event
10:34:02.751,0.0,0.0,0.0,0.0,0.0,0.0,0.0,0.0,0.0,0.0,0.0,0.0,0.0,0.0,0.0,0.0,0.0,0.0,0.0,0.0,858.24176,774.0293,796.5934,826.4103,800.6227,-0.43792724609375,0.14605712890625,0.8773193359375,2.3028564453125,-3.656158447265625,0.0299072265625,0.0,4.0,4.0,4.0,4.0,100.0,event
10:34:02.752,0.0,0.0,0.0,0.0,0.0,0.0,0.0,0.0,0.0,0.0,0.0,0.0,0.0,0.0,0.0,0.0,0.0,0.0,0.0,0.0,834.0659,778.86444,799.011,803.44324,853.8095,-0.43792724609375,0.14605712890625,0.8773193359375,2.3028564453125,-3.656158447265625,0.0299072265625,0.0,4.0,4.0,4.0,4.0,100.0,event
10:34:02.754,0.0,0.0,0.0,0.0,0.0,0.0,0.0,0.0,0.0,0.0,0.0,0.0,0.0,0.0,0.0,0.0,0.0,0.0,0.0,0.0,788.5348,776.8498,796.1905,786.9231,791.75824,-0.43792724609375,0.14605712890625,0.8773193359375,2.3028564453125,-3.656158447265625,0.0299072265625,0.0,4.0,4.0,4.0,4.0,100.0,event
10:34:02.755,0.0,0.0,0.0,0.0,0.0,0.0,0.0,0.0,0.0,0.0,0.0,0.0,0.0,0.0,0.0,0.0,0.0,0.0,0.0,0.0,791.3553,773.22345,796.1905,809.0842,791.75824,-0.43792724609375,0.14605712890625,0.8773193359375,2.3028564453125,-3.656158447265625,0.0299072265625,0.0,4.0,4.0,4.0,4.0,100.0,event
10:34:02.759,0.0,0.0,0.0,0.0,0.0,0.0,0.0,0.0,0.0,0.0,0.0,0.0,0.0,0.0,0.0,0.0,0.0,0.0,0.0,0.0,817.5458,772.8205,799.41394,828.4249,1054.4689,-0.43792724609375,0.14605712890625,0.8773193359375,2.3028564453125,-3.656158447265625,0.0299072265625,0.0,4.0,4.0,4.0,4.0,100.0,event
10:34:02.759,0.0,0.0,0.0,0.0,0.0,0.0,0.0,0.0,0.0,0.0,0.0,0.0,0.0,0.0,0.0,0.0,0.0,0.0,0.0,0.0,853.4066,774.83514,795.38464,815.12823,944.87177,-0.43792724609375,0.14605712890625,0.8773193359375,2.3028564453125,-3.656158447265625,0.0299072265625,0.0,4.0,4.0,4.0,4.0,100.0,event
10:34:02.760,0.0,0.0,0.0,0.0,0.0,0.0,0.0,0.0,0.0,0.0,0.0,0.0,0.0,0.0,0.0,0.0,0.0,0.0,0.0,0.0,846.9597,772.4176,797.3993,792.1612,780.07324,-0.43792724609375,0.14605712890625,0.8773193359375,2.3028564453125,-3.656158447265625,0.0299072265625,0.0,4.0,4.0,4.0,4.0,100.0,event
10:34:02.761,0.0,0.0,0.0,0.0,0.0,0.0,0.0,0.0,0.0,0.0,0.0,0.0,0.0,0.0,0.0,0.0,0.0,0.0,0.0,0.0,796.5934,773.22345,795.78754,774.43225,830.4396,-0.43792724609375,0.14605712890625,0.8773193359375,2.3028564453125,-3.656158447265625,0.0299072265625,0.0,4.0,4.0,4.0,4.0,100.0,event
10:34:02.782,0.0,0.0,0.0,0.0,0.0,0.0,0.0,0.0,0.0,0.0,0.0,0.0,0.0,0.0,0.0,0.0,0.0,0.0,0.0,0.0,789.7436,774.43225,791.75824,768.3883,761.9414,-0.43792724609375,0.14605712890625,0.8773193359375,2.3028564453125,-3.656158447265625,0.0299072265625,0.0,4.0,4.0,4.0,4.0,100.0,event
10:34:02.784,0.0,0.0,0.0,0.0,0.0,0.0,0.0,0.0,0.0,0.0,0.0,0.0,0.0,0.0,0.0,0.0,0.0,0.0,0.0,0.0,856.63007,774.0293,792.1612,780.4762,768.3883,-0.43792724609375,0.14605712890625,0.8773193359375,2.3028564453125,-3.656158447265625,0.0299072265625,0.0,4.0,4.0,4.0,4.0,100.0,event
10:34:02.784,0.0,0.0,0.0,0.0,0.0,0.0,0.0,0.0,0.0,0.0,0.0,0.0,0.0,0.0,0.0,0.0,0.0,0.0,0.0,0.0,819.9634,773.6264,790.9524,781.28204,685.78754,-0.43792724609375,0.14605712890625,0.8773193359375,2.3028564453125,-3.656158447265625,0.0299072265625,0.0,4.0,4.0,4.0,4.0,100.0,event
10:34:02.786,0.0,0.0,0.0,0.0,0.0,0.0,0.0,0.0,0.0,0.0,0.0,0.0,0.0,0.0,0.0,0.0,0.0,0.0,0.0,0.0,845.34796,772.8205,789.34064,763.1502,921.50183,-0.43792724609375,0.14605712890625,0.8773193359375,2.3028564453125,-3.656158447265625,0.0299072265625,0.0,4.0,4.0,4.0,4.0,100.0,event
10:34:02.786,0.0,0.0,0.0,0.0,0.0,0.0,0.0,0.0,0.0,0.0,0.0,0.0,0.0,0.0,0.0,0.0,0.0,0.0,0.0,0.0,790.9524,773.6264,788.1319,743.00366,799.011,-0.43792724609375,0.14605712890625,0.8773193359375,2.3028564453125,-3.656158447265625,0.0299072265625,0.0,4.0,4.0,4.0,4.0,100.0,event
10:34:02.787,0.0,0.0,0.0,0.0,0.0,0.0,0.0,0.0,0.0,0.0,0.0,0.0,0.0,0.0,0.0,0.0,0.0,0.0,0.0,0.0,780.07324,775.2381,793.7729,735.7509,733.73627,-0.43792724609375,0.14605712890625,0.8773193359375,2.3028564453125,-3.656158447265625,0.0299072265625,0.0,4.0,4.0,4.0,4.0,100.0,event
10:34:02.788,0.0,0.0,0.0,0.0,0.0,0.0,0.0,0.0,0.0,0.0,0.0,0.0,0.0,0.0,0.0,0.0,0.0,0.0,0.0,0.0,815.5311,774.0293,795.78754,760.32965,862.674,-0.43792724609375,0.14605712890625,0.8773193359375,2.3028564453125,-3.656158447265625,0.0299072265625,0.0,4.0,4.0,4.0,4.0,100.0,event
10:34:02.788,0.0,0.0,0.0,0.0,0.0,0.0,0.0,0.0,0.0,0.0,0.0,0.0,0.0,0.0,0.0,0.0,0.0,0.0,0.0,0.0,849.3773,776.8498,798.20514,806.6667,950.5128,-0.43792724609375,0.14605712890625,0.8773193359375,2.3028564453125,-3.656158447265625,0.0299072265625,0.0,4.0,4.0,4.0,4.0,100.0,event
10:34:02.789,0.0,0.0,0.0,0.0,0.0,0.0,0.0,0.0,0.0,0.0,0.0,0.0,0.0,0.0,0.0,0.0,0.0,0.0,0.0,0.0,845.34796,778.46155,796.99634,809.89014,854.61536,-0.43792724609375,0.14605712890625,0.8773193359375,2.3028564453125,-3.656158447265625,0.0299072265625,0.0,4.0,4.0,4.0,4.0,100.0,event
10:34:02.790,0.0,0.0,0.0,0.0,0.0,0.0,0.0,0.0,0.0,0.0,0.0,0.0,0.0,0.0,0.0,0.0,0.0,0.0,0.0,0.0,801.4286,777.25275,794.17584,792.96704,722.4542,-0.43792724609375,0.14605712890625,0.8773193359375,2.3028564453125,-3.656158447265625,0.0299072265625,0.0,4.0,4.0,4.0,4.0,100.0,event
10:34:02.790,0.0,0.0,0.0,0.0,0.0,0.0,0.0,0.0,0.0,0.0,0.0,0.0,0.0,0.0,0.0,0.0,0.0,0.0,0.0,0.0,778.46155,772.01465,794.17584,799.81683,700.696,-0.43792724609375,0.14605712890625,0.8773193359375,2.3028564453125,-3.656158447265625,0.0299072265625,0.0,4.0,4.0,4.0,4.0,100.0,event
10:34:02.791,0.0,0.0,0.0,0.0,0.0,0.0,0.0,0.0,0.0,0.0,0.0,0.0,0.0,0.0,0.0,0.0,0.0,0.0,0.0,0.0,808.68134,771.6117,795.38464,809.89014,703.91943,-0.43792724609375,0.14605712890625,0.8773193359375,2.3028564453125,-3.656158447265625,0.0299072265625,0.0,4.0,4.0,4.0,4.0,100.0,event
10:34:02.829,0.0,0.0,0.0,0.0,0.0,0.0,0.0,0.0,0.0,0.0,0.0,0.0,0.0,0.0,0.0,0.0,0.0,0.0,0.0,0.0,845.34796,776.04395,796.5934,821.5751,708.3516,-0.43896484375,0.14556884765625,0.8782958984375,2.093505859375,-3.4393310546875,0.6280517578125,0.0,4.0,4.0,4.0,4.0,100.0,event
10:34:02.830,0.0,0.0,0.0,0.0,0.0,0.0,0.0,0.0,0.0,0.0,0.0,0.0,0.0,0.0,0.0,0.0,0.0,0.0,0.0,0.0,839.707,773.6264,798.20514,806.6667,664.83514,-0.43896484375,0.14556884765625,0.8782958984375,2.093505859375,-3.4393310546875,0.6280517578125,0.0,4.0,4.0,4.0,4.0,100.0,event
10:34:02.831,0.0,0.0,0.0,0.0,0.0,0.0,0.0,0.0,0.0,0.0,0.0,0.0,0.0,0.0,0.0,0.0,0.0,0.0,0.0,0.0,778.0586,773.22345,789.34064,783.69965,713.9927,-0.43896484375,0.14556884765625,0.8782958984375,2.093505859375,-3.4393310546875,0.6280517578125,0.0,4.0,4.0,4.0,4.0,100.0,event
10:34:02.831,0.0,0.0,0.0,0.0,0.0,0.0,0.0,0.0,0.0,0.0,0.0,0.0,0.0,0.0,0.0,0.0,0.0,0.0,0.0,0.0,797.3993,772.01465,796.5934,792.5641,668.0586,-0.43896484375,0.14556884765625,0.8782958984375,2.093505859375,-3.4393310546875,0.6280517578125,0.0,4.0,4.0,4.0,4.0,100.0,event
10:34:02.832,0.0,0.0,0.0,0.0,0.0,0.0,0.0,0.0,0.0,0.0,0.0,0.0,0.0,0.0,0.0,0.0,0.0,0.0,0.0,0.0,801.4286,770.40295,787.326,745.42126,735.7509,-0.43896484375,0.14556884765625,0.8782958984375,2.093505859375,-3.4393310546875,0.6280517578125,0.0,4.0,4.0,4.0,4.0,100.0,event
10:34:02.833,0.0,0.0,0.0,0.0,0.0,0.0,0.0,0.0,0.0,0.0,0.0,0.0,0.0,0.0,0.0,0.0,0.0,0.0,0.0,0.0,847.76556,773.6264,792.1612,744.61536,778.0586,-0.43896484375,0.14556884765625,0.8782958984375,2.093505859375,-3.4393310546875,0.6280517578125,0.0,4.0,4.0,4.0,4.0,100.0,event
10:34:02.833,0.0,0.0,0.0,0.0,0.0,0.0,0.0,0.0,0.0,0.0,0.0,0.0,0.0,0.0,0.0,0.0,0.0,0.0,0.0,0.0,856.2271,774.83514,794.9817,769.59705,986.77655,-0.43896484375,0.14556884765625,0.8782958984375,2.093505859375,-3.4393310546875,0.6280517578125,0.0,4.0,4.0,4.0,4.0,100.0,event
10:34:02.834,0.0,0.0,0.0,0.0,0.0,0.0,0.0,0.0,0.0,0.0,0.0,0.0,0.0,0.0,0.0,0.0,0.0,0.0,0.0,0.0,805.8608,775.2381,798.20514,751.8681,1199.9268,-0.43896484375,0.14556884765625,0.8782958984375,2.093505859375,-3.4393310546875,0.6280517578125,0.0,4.0,4.0,4.0,4.0,100.0,event
10:34:02.835,0.0,0.0,0.0,0.0,0.0,0.0,0.0,0.0,0.0,0.0,0.0,0.0,0.0,0.0,0.0,0.0,0.0,0.0,0.0,0.0,776.4469,775.64105,799.011,718.022,849.7802,-0.43896484375,0.14556884765625,0.8782958984375,2.093505859375,-3.4393310546875,0.6280517578125,0.0,4.0,4.0,4.0,4.0,100.0,event
10:34:02.835,0.0,0.0,0.0,0.0,0.0,0.0,0.0,0.0,0.0,0.0,0.0,0.0,0.0,0.0,0.0,0.0,0.0,0.0,0.0,0.0,793.36993,771.6117,794.9817,695.8608,619.707,-0.43896484375,0.14556884765625,0.8782958984375,2.093505859375,-3.4393310546875,0.6280517578125,0.0,4.0,4.0,4.0,4.0,100.0,event
10:34:02.839,0.0,0.0,0.0,0.0,0.0,0.0,0.0,0.0,0.0,0.0,0.0,0.0,0.0,0.0,0.0,0.0,0.0,0.0,0.0,0.0,828.4249,767.5824,792.5641,745.42126,791.3553,-0.43896484375,0.14556884765625,0.8782958984375,2.093505859375,-3.4393310546875,0.6280517578125,0.0,4.0,4.0,4.0,4.0,100.0,event
10:34:02.840,0.0,0.0,0.0,0.0,0.0,0.0,0.0,0.0,0.0,0.0,0.0,0.0,0.0,0.0,0.0,0.0,0.0,0.0,0.0,0.0,847.3626,770.40295,789.7436,802.23444,799.41394,-0.43896484375,0.14556884765625,0.8782958984375,2.093505859375,-3.4393310546875,0.6280517578125,0.0,4.0,4.0,4.0,4.0,100.0,event
10:34:02.876,0.0,0.0,0.0,0.0,0.0,0.0,0.0,0.0,0.0,0.0,0.0,0.0,0.0,0.0,0.0,0.0,0.0,0.0,0.0,0.0,806.26373,772.4176,789.34064,775.64105,713.5897,-0.44305419921875,0.14801025390625,0.873779296875,2.340240478515625,-3.54400634765625,-0.0299072265625,0.0,4.0,4.0,4.0,4.0,100.0,event
10:34:02.878,0.0,0.0,0.0,0.0,0.0,0.0,0.0,0.0,0.0,0.0,0.0,0.0,0.0,0.0,0.0,0.0,0.0,0.0,0.0,0.0,765.56775,771.2088,793.36993,780.4762,702.3077,-0.44305419921875,0.14801025390625,0.873779296875,2.340240478515625,-3.54400634765625,-0.0299072265625,0.0,4.0,4.0,4.0,4.0,100.0,event
10:34:02.878,0.0,0.0,0.0,0.0,0.0,0.0,0.0,0.0,0.0,0.0,0.0,0.0,0.0,0.0,0.0,0.0,0.0,0.0,0.0,0.0,779.2674,773.22345,792.1612,788.1319,737.76556,-0.44305419921875,0.14801025390625,0.873779296875,2.340240478515625,-3.54400634765625,-0.0299072265625,0.0,4.0,4.0,4.0,4.0,100.0,event
10:34:02.879,0.0,0.0,0.0,0.0,0.0,0.0,0.0,0.0,0.0,0.0,0.0,0.0,0.0,0.0,0.0,0.0,0.0,0.0,0.0,0.0,823.9927,775.2381,792.5641,808.68134,786.1172,-0.44305419921875,0.14801025390625,0.873779296875,2.340240478515625,-3.54400634765625,-0.0299072265625,0.0,4.0,4.0,4.0,4.0,100.0,event
10:34:02.880,0.0,0.0,0.0,0.0,0.0,0.0,0.0,0.0,0.0,0.0,0.0,0.0,0.0,0.0,0.0,0.0,0.0,0.0,0.0,0.0,852.6007,773.22345,792.5641,824.3956,771.2088,-0.44305419921875,0.14801025390625,0.873779296875,2.340240478515625,-3.54400634765625,-0.0299072265625,0.0,4.0,4.0,4.0,4.0,100.0,event
10:34:02.880,0.0,0.0,0.0,0.0,0.0,0.0,0.0,0.0,0.0,0.0,0.0,0.0,0.0,0.0,0.0,0.0,0.0,0.0,0.0,0.0,815.9341,771.6117,789.7436,791.3553,839.304,-0.44305419921875,0.14801025390625,0.873779296875,2.340240478515625,-3.54400634765625,-0.0299072265625,0.0,4.0,4.0,4.0,4.0,100.0,event
10:34:02.881,0.0,0.0,0.0,0.0,0.0,0.0,0.0,0.0,0.0,0.0,0.0,0.0,0.0,0.0,0.0,0.0,0.0,0.0,0.0,0.0,764.35895,773.22345,792.1612,793.7729,1031.5018,-0.44305419921875,0.14801025390625,0.873779296875,2.340240478515625,-3.54400634765625,-0.0299072265625,0.0,4.0,4.0,4.0,4.0,100.0,event
10:34:02.881,0.0,0.0,0.0,0.0,0.0,0.0,0.0,0.0,0.0,0.0,0.0,0.0,0.0,0.0,0.0,0.0,0.0,0.0,0.0,0.0,781.28204,772.8205,793.7729,788.93774,873.5531,-0.44305419921875,0.14801025390625,0.873779296875,2.340240478515625,-3.54400634765625,-0.0299072265625,0.0,4.0,4.0,4.0,4.0,100.0,event
10:34:02.882,0.0,0.0,0.0,0.0,0.0,0.0,0.0,0.0,0.0,0.0,0.0,0.0,0.0,0.0,0.0,0.0,0.0,0.0,0.0,0.0,826.8132,774.0293,793.36993,785.31134,694.2491,-0.44305419921875,0.14801025390625,0.873779296875,2.340240478515625,-3.54400634765625,-0.0299072265625,0.0,4.0,4.0,4.0,4.0,100.0,event
10:34:02.883,0.0,0.0,0.0,0.0,0.0,0.0,0.0,0.0,0.0,0.0,0.0,0.0,0.0,0.0,0.0,0.0,0.0,0.0,0.0,0.0,850.989,775.64105,791.75824,782.8938,799.011,-0.44305419921875,0.14801025390625,0.873779296875,2.340240478515625,-3.54400634765625,-0.0299072265625,0.0,4.0,4.0,4.0,4.0,100.0,event
10:34:02.883,0.0,0.0,0.0,0.0,0.0,0.0,0.0,0.0,0.0,0.0,0.0,0.0,0.0,0.0,0.0,0.0,0.0,0.0,0.0,0.0,824.3956,777.25275,796.5934,758.71796,878.3883,-0.44305419921875,0.14801025390625,0.873779296875,2.340240478515625,-3.54400634765625,-0.0299072265625,0.0,4.0,4.0,4.0,4.0,100.0,event
10:34:02.884,0.0,0.0,0.0,0.0,0.0,0.0,0.0,0.0,0.0,0.0,0.0,0.0,0.0,0.0,0.0,0.0,0.0,0.0,0.0,0.0,780.87915,777.6557,800.2198,755.09155,758.71796,-0.44305419921875,0.14801025390625,0.873779296875,2.340240478515625,-3.54400634765625,-0.0299072265625,0.0,4.0,4.0,4.0,4.0,100.0,event
10:34:02.931,0.0,0.0,0.0,0.0,0.0,0.0,0.0,0.0,0.0,0.0,0.0,0.0,0.0,0.0,0.0,0.0,0.0,0.0,0.0,0.0,784.90845,777.6557,799.41394,776.8498,657.1795,-0.440185546875,0.1463623046875,0.8760986328125,1.652374267578125,-3.36456298828125,-0.590667724609375,0.0,4.0,4.0,4.0,4.0,100.0,event
10:34:02.932,0.0,0.0,0.0,0.0,0.0,0.0,0.0,0.0,0.0,0.0,0.0,0.0,0.0,0.0,0.0,0.0,0.0,0.0,0.0,0.0,827.2161,776.8498,795.78754,769.59705,792.96704,-0.440185546875,0.1463623046875,0.8760986328125,1.652374267578125,-3.36456298828125,-0.590667724609375,0.0,4.0,4.0,4.0,4.0,100.0,event
10:34:02.933,0.0,0.0,0.0,0.0,0.0,0.0,0.0,0.0,0.0,0.0,0.0,0.0,0.0,0.0,0.0,0.0,0.0,0.0,0.0,0.0,858.6447,772.4176,794.57874,761.13556,864.2857,-0.440185546875,0.1463623046875,0.8760986328125,1.652374267578125,-3.36456298828125,-0.590667724609375,0.0,4.0,4.0,4.0,4.0,100.0,event
10:34:02.933,0.0,0.0,0.0,0.0,0.0,0.0,0.0,0.0,0.0,0.0,0.0,0.0,0.0,0.0,0.0,0.0,0.0,0.0,0.0,0.0,838.0952,772.8205,801.8315,783.2967,782.49084,-0.440185546875,0.1463623046875,0.8760986328125,1.652374267578125,-3.36456298828125,-0.590667724609375,0.0,4.0,4.0,4.0,4.0,100.0,event
10:34:02.934,0.0,0.0,0.0,0.0,0.0,0.0,0.0,0.0,0.0,0.0,0.0,0.0,0.0,0.0,0.0,0.0,0.0,0.0,0.0,0.0,791.3553,778.46155,802.23444,796.5934,727.28937,-0.440185546875,0.1463623046875,0.8760986328125,1.652374267578125,-3.36456298828125,-0.590667724609375,0.0,4.0,4.0,4.0,4.0,100.0,event
10:34:02.935,0.0,0.0,0.0,0.0,0.0,0.0,0.0,0.0,0.0,0.0,0.0,0.0,0.0,0.0,0.0,0.0,0.0,0.0,0.0,0.0,782.0879,776.8498,796.99634,803.0403,806.26373,-0.440185546875,0.1463623046875,0.8760986328125,1.652374267578125,-3.36456298828125,-0.590667724609375,0.0,4.0,4.0,4.0,4.0,100.0,event
10:34:02.936,0.0,0.0,0.0,0.0,0.0,0.0,0.0,0.0,0.0,0.0,0.0,0.0,0.0,0.0,0.0,0.0,0.0,0.0,0.0,0.0,819.15753,774.43225,791.3553,797.8022,902.1612,-0.440185546875,0.1463623046875,0.8760986328125,1.652374267578125,-3.36456298828125,-0.590667724609375,0.0,4.0,4.0,4.0,4.0,100.0,event
10:34:02.936,0.0,0.0,0.0,0.0,0.0,0.0,0.0,0.0,0.0,0.0,0.0,0.0,0.0,0.0,0.0,0.0,0.0,0.0,0.0,0.0,858.24176,775.2381,788.1319,774.43225,812.71063,-0.440185546875,0.1463623046875,0.8760986328125,1.652374267578125,-3.36456298828125,-0.590667724609375,0.0,4.0,4.0,4.0,4.0,100.0,event
10:34:02.937,0.0,0.0,0.0,0.0,0.0,0.0,0.0,0.0,0.0,0.0,0.0,0.0,0.0,0.0,0.0,0.0,0.0,0.0,0.0,0.0,836.8865,772.01465,792.5641,755.89746,742.1978,-0.440185546875,0.1463623046875,0.8760986328125,1.652374267578125,-3.36456298828125,-0.590667724609375,0.0,4.0,4.0,4.0,4.0,100.0,event
10:34:02.938,0.0,0.0,0.0,0.0,0.0,0.0,0.0,0.0,0.0,0.0,0.0,0.0,0.0,0.0,0.0,0.0,0.0,0.0,0.0,0.0,783.2967,766.3736,792.5641,761.53845,855.82416,-0.440185546875,0.1463623046875,0.8760986328125,1.652374267578125,-3.36456298828125,-0.590667724609375,0.0,4.0,4.0,4.0,4.0,100.0,event
10:34:02.939,0.0,0.0,0.0,0.0,0.0,0.0,0.0,0.0,0.0,0.0,0.0,0.0,0.0,0.0,0.0,0.0,0.0,0.0,0.0,0.0,774.83514,768.3883,787.72894,770.80585,876.3736,-0.440185546875,0.1463623046875,0.8760986328125,1.652374267578125,-3.36456298828125,-0.590667724609375,0.0,4.0,4.0,4.0,4.0,100.0,event
10:34:02.939,0.0,0.0,0.0,0.0,0.0,0.0,0.0,0.0,0.0,0.0,0.0,0.0,0.0,0.0,0.0,0.0,0.0,0.0,0.0,0.0,817.1429,771.6117,793.36993,775.64105,842.52747,-0.440185546875,0.1463623046875,0.8760986328125,1.652374267578125,-3.36456298828125,-0.590667724609375,0.0,4.0,4.0,4.0,4.0,100.0,event
10:34:02.971,0.0,0.0,0.0,0.0,0.0,0.0,0.0,0.0,0.0,0.0,0.0,0.0,0.0,0.0,0.0,0.0,0.0,0.0,0.0,0.0,860.2564,772.8205,793.7729,763.5531,880.0,-0.434326171875,0.14752197265625,0.87176513671875,2.27294921875,-2.94586181640625,-0.13458251953125,0.0,4.0,4.0,4.0,4.0,100.0,event
10:34:02.972,0.0,0.0,0.0,0.0,0.0,0.0,0.0,0.0,0.0,0.0,0.0,0.0,0.0,0.0,0.0,0.0,0.0,0.0,0.0,0.0,844.94507,772.8205,793.36993,789.7436,919.0842,-0.434326171875,0.14752197265625,0.87176513671875,2.27294921875,-2.94586181640625,-0.13458251953125,0.0,4.0,4.0,4.0,4.0,100.0,event
10:34:02.973,0.0,0.0,0.0,0.0,0.0,0.0,0.0,0.0,0.0,0.0,0.0,0.0,0.0,0.0,0.0,0.0,0.0,0.0,0.0,0.0,793.7729,773.6264,795.78754,800.2198,805.05493,-0.434326171875,0.14752197265625,0.87176513671875,2.27294921875,-2.94586181640625,-0.13458251953125,0.0,4.0,4.0,4.0,4.0,100.0,event
10:34:02.974,0.0,0.0,0.0,0.0,0.0,0.0,0.0,0.0,0.0,0.0,0.0,0.0,0.0,0.0,0.0,0.0,0.0,0.0,0.0,0.0,777.6557,772.4176,791.3553,756.7033,621.7216,-0.434326171875,0.14752197265625,0.87176513671875,2.27294921875,-2.94586181640625,-0.13458251953125,0.0,4.0,4.0,4.0,4.0,100.0,event
10:34:02.975,0.0,0.0,0.0,0.0,0.0,0.0,0.0,0.0,0.0,0.0,0.0,0.0,0.0,0.0,0.0,0.0,0.0,0.0,0.0,0.0,807.0696,772.4176,787.72894,711.5751,740.18317,-0.434326171875,0.14752197265625,0.87176513671875,2.27294921875,-2.94586181640625,-0.13458251953125,0.0,4.0,4.0,4.0,4.0,100.0,event
10:34:02.976,0.0,0.0,0.0,0.0,0.0,0.0,0.0,0.0,0.0,0.0,0.0,0.0,0.0,0.0,0.0,0.0,0.0,0.0,0.0,0.0,833.2601,770.80585,795.38464,761.13556,918.2784,-0.434326171875,0.14752197265625,0.87176513671875,2.27294921875,-2.94586181640625,-0.13458251953125,0.0,4.0,4.0,4.0,4.0,100.0,event
10:34:02.976,0.0,0.0,0.0,0.0,0.0,0.0,0.0,0.0,0.0,0.0,0.0,0.0,0.0,0.0,0.0,0.0,0.0,0.0,0.0,0.0,835.6777,772.01465,790.54944,722.8571,939.6337,-0.434326171875,0.14752197265625,0.87176513671875,2.27294921875,-2.94586181640625,-0.13458251953125,0.0,4.0,4.0,4.0,4.0,100.0,event
10:34:02.978,0.0,0.0,0.0,0.0,0.0,0.0,0.0,0.0,0.0,0.0,0.0,0.0,0.0,0.0,0.0,0.0,0.0,0.0,0.0,0.0,795.38464,772.01465,797.3993,747.4359,706.7399,-0.434326171875,0.14752197265625,0.87176513671875,2.27294921875,-2.94586181640625,-0.13458251953125,0.0,4.0,4.0,4.0,4.0,100.0,event
10:34:02.979,0.0,0.0,0.0,0.0,0.0,0.0,0.0,0.0,0.0,0.0,0.0,0.0,0.0,0.0,0.0,0.0,0.0,0.0,0.0,0.0,767.98535,770.0,794.17584,712.7839,637.8388,-0.434326171875,0.14752197265625,0.87176513671875,2.27294921875,-2.94586181640625,-0.13458251953125,0.0,4.0,4.0,4.0,4.0,100.0,event
10:34:02.980,0.0,0.0,0.0,0.0,0.0,0.0,0.0,0.0,0.0,0.0,0.0,0.0,0.0,0.0,0.0,0.0,0.0,0.0,0.0,0.0,786.52014,770.40295,791.3553,699.89014,887.25275,-0.434326171875,0.14752197265625,0.87176513671875,2.27294921875,-2.94586181640625,-0.13458251953125,0.0,4.0,4.0,4.0,4.0,100.0,event
10:34:02.981,0.0,0.0,0.0,0.0,0.0,0.0,0.0,0.0,0.0,0.0,0.0,0.0,0.0,0.0,0.0,0.0,0.0,0.0,0.0,0.0,836.08057,772.01465,789.7436,745.82416,826.4103,-0.434326171875,0.14752197265625,0.87176513671875,2.27294921875,-2.94586181640625,-0.13458251953125,0.0,4.0,4.0,4.0,4.0,100.0,event
10:34:02.983,0.0,0.0,0.0,0.0,0.0,0.0,0.0,0.0,0.0,0.0,0.0,0.0,0.0,0.0,0.0,0.0,0.0,0.0,0.0,0.0,851.39197,769.59705,784.90845,749.45056,664.83514,-0.434326171875,0.14752197265625,0.87176513671875,2.27294921875,-2.94586181640625,-0.13458251953125,0.0,4.0,4.0,4.0,4.0,100.0,event
10:34:03.030,0.0,0.0,0.0,0.0,0.0,0.0,0.0,0.0,0.0,0.0,0.0,0.0,0.0,0.0,0.0,0.0,0.0,0.0,0.0,0.0,808.68134,768.7912,786.52014,714.3956,685.38464,-0.434326171875,0.14752197265625,0.87176513671875,2.27294921875,-2.94586181640625,-0.13458251953125,0.0,4.0,4.0,4.0,4.0,100.0,event
10:34:03.031,0.0,0.0,0.0,0.0,0.0,0.0,0.0,0.0,0.0,0.0,0.0,0.0,0.0,0.0,0.0,0.0,0.0,0.0,0.0,0.0,785.31134,769.19415,790.54944,707.1429,646.7033,-0.434326171875,0.14752197265625,0.87176513671875,2.27294921875,-2.94586181640625,-0.13458251953125,0.0,4.0,4.0,4.0,4.0,100.0,event
10:34:03.032,0.0,0.0,0.0,0.0,0.0,0.0,0.0,0.0,0.0,0.0,0.0,0.0,0.0,0.0,0.0,0.0,0.0,0.0,0.0,0.0,797.8022,769.59705,784.90845,755.4945,656.77655,-0.434326171875,0.14752197265625,0.87176513671875,2.27294921875,-2.94586181640625,-0.13458251953125,0.0,4.0,4.0,4.0,4.0,100.0,event
10:34:03.033,0.0,0.0,0.0,0.0,0.0,0.0,0.0,0.0,0.0,0.0,0.0,0.0,0.0,0.0,0.0,0.0,0.0,0.0,0.0,0.0,831.6484,771.2088,784.90845,761.9414,790.54944,-0.434326171875,0.14752197265625,0.87176513671875,2.27294921875,-2.94586181640625,-0.13458251953125,0.0,4.0,4.0,4.0,4.0,100.0,event
10:34:03.033,0.0,0.0,0.0,0.0,0.0,0.0,0.0,0.0,0.0,0.0,0.0,0.0,0.0,0.0,0.0,0.0,0.0,0.0,0.0,0.0,844.1392,774.0293,791.75824,728.9011,857.03296,-0.434326171875,0.14752197265625,0.87176513671875,2.27294921875,-2.94586181640625,-0.13458251953125,0.0,4.0,4.0,4.0,4.0,100.0,event
10:34:03.034,0.0,0.0,0.0,0.0,0.0,0.0,0.0,0.0,0.0,0.0,0.0,0.0,0.0,0.0,0.0,0.0,0.0,0.0,0.0,0.0,758.71796,774.43225,795.78754,698.2784,834.87177,-0.434326171875,0.14752197265625,0.87176513671875,2.27294921875,-2.94586181640625,-0.13458251953125,0.0,4.0,4.0,4.0,4.0,100.0,event
10:34:03.034,0.0,0.0,0.0,0.0,0.0,0.0,0.0,0.0,0.0,0.0,0.0,0.0,0.0,0.0,0.0,0.0,0.0,0.0,0.0,0.0,795.38464,772.01465,799.011,702.3077,895.7143,-0.434326171875,0.14752197265625,0.87176513671875,2.27294921875,-2.94586181640625,-0.13458251953125,0.0,4.0,4.0,4.0,4.0,100.0,event
10:34:03.035,0.0,0.0,0.0,0.0,0.0,0.0,0.0,0.0,0.0,0.0,0.0,0.0,0.0,0.0,0.0,0.0,0.0,0.0,0.0,0.0,780.87915,774.83514,791.75824,718.022,641.4652,-0.434326171875,0.14752197265625,0.87176513671875,2.27294921875,-2.94586181640625,-0.13458251953125,0.0,4.0,4.0,4.0,4.0,100.0,event
10:34:03.036,0.0,0.0,0.0,0.0,0.0,0.0,0.0,0.0,0.0,0.0,0.0,0.0,0.0,0.0,0.0,0.0,0.0,0.0,0.0,0.0,827.619,772.01465,793.7729,738.97437,803.44324,-0.434326171875,0.14752197265625,0.87176513671875,2.27294921875,-2.94586181640625,-0.13458251953125,0.0,4.0,4.0,4.0,4.0,100.0,event
10:34:03.036,0.0,0.0,0.0,0.0,0.0,0.0,0.0,0.0,0.0,0.0,0.0,0.0,0.0,0.0,0.0,0.0,0.0,0.0,0.0,0.0,839.707,775.64105,796.1905,743.4066,1079.0476,-0.434326171875,0.14752197265625,0.87176513671875,2.27294921875,-2.94586181640625,-0.13458251953125,0.0,4.0,4.0,4.0,4.0,100.0,event
10:34:03.037,0.0,0.0,0.0,0.0,0.0,0.0,0.0,0.0,0.0,0.0,0.0,0.0,0.0,0.0,0.0,0.0,0.0,0.0,0.0,0.0,800.6227,777.25275,796.99634,732.52747,831.6484,-0.434326171875,0.14752197265625,0.87176513671875,2.27294921875,-2.94586181640625,-0.13458251953125,0.0,4.0,4.0,4.0,4.0,100.0,event
10:34:03.038,0.0,0.0,0.0,0.0,0.0,0.0,0.0,0.0,0.0,0.0,0.0,0.0,0.0,0.0,0.0,0.0,0.0,0.0,0.0,0.0,765.56775,773.6264,794.9817,741.39197,674.5055,-0.434326171875,0.14752197265625,0.87176513671875,2.27294921875,-2.94586181640625,-0.13458251953125,0.0,4.0,4.0,4.0,4.0,100.0,event
10:34:03.071,0.0,0.0,0.0,0.0,0.0,0.0,0.0,0.0,0.0,0.0,0.0,0.0,0.0,0.0,0.0,0.0,0.0,0.0,0.0,0.0,776.4469,769.59705,790.14655,752.674,776.04395,-0.44512939453125,0.14306640625,0.87628173828125,2.07855224609375,-3.18511962890625,0.16448974609375,0.0,4.0,4.0,4.0,4.0,100.0,event
10:34:03.072,0.0,0.0,0.0,0.0,0.0,0.0,0.0,0.0,0.0,0.0,0.0,0.0,0.0,0.0,0.0,0.0,0.0,0.0,0.0,0.0,817.5458,771.2088,787.326,746.63007,757.9121,-0.44512939453125,0.14306640625,0.87628173828125,2.07855224609375,-3.18511962890625,0.16448974609375,0.0,4.0,4.0,4.0,4.0,100.0,event
10:34:03.076,0.0,0.0,0.0,0.0,0.0,0.0,0.0,0.0,0.0,0.0,0.0,0.0,0.0,0.0,0.0,0.0,0.0,0.0,0.0,0.0,847.76556,771.6117,788.93774,734.1392,719.6337,-0.44512939453125,0.14306640625,0.87628173828125,2.07855224609375,-3.18511962890625,0.16448974609375,0.0,4.0,4.0,4.0,4.0,100.0,event
10:34:03.077,0.0,0.0,0.0,0.0,0.0,0.0,0.0,0.0,0.0,0.0,0.0,0.0,0.0,0.0,0.0,0.0,0.0,0.0,0.0,0.0,807.8755,768.3883,789.7436,730.5128,770.80585,-0.44512939453125,0.14306640625,0.87628173828125,2.07855224609375,-3.18511962890625,0.16448974609375,0.0,4.0,4.0,4.0,4.0,100.0,event
10:34:03.078,0.0,0.0,0.0,0.0,0.0,0.0,0.0,0.0,0.0,0.0,0.0,0.0,0.0,0.0,0.0,0.0,0.0,0.0,0.0,0.0,759.12085,771.2088,788.5348,745.42126,803.44324,-0.44512939453125,0.14306640625,0.87628173828125,2.07855224609375,-3.18511962890625,0.16448974609375,0.0,4.0,4.0,4.0,4.0,100.0,event
10:34:03.078,0.0,0.0,0.0,0.0,0.0,0.0,0.0,0.0,0.0,0.0,0.0,0.0,0.0,0.0,0.0,0.0,0.0,0.0,0.0,0.0,778.46155,772.8205,789.34064,736.55676,832.8571,-0.44512939453125,0.14306640625,0.87628173828125,2.07855224609375,-3.18511962890625,0.16448974609375,0.0,4.0,4.0,4.0,4.0,100.0,event
10:34:03.079,0.0,0.0,0.0,0.0,0.0,0.0,0.0,0.0,0.0,0.0,0.0,0.0,0.0,0.0,0.0,0.0,0.0,0.0,0.0,0.0,846.9597,774.0293,793.36993,760.32965,875.9707,-0.44512939453125,0.14306640625,0.87628173828125,2.07855224609375,-3.18511962890625,0.16448974609375,0.0,4.0,4.0,4.0,4.0,100.0,event
10:34:03.079,0.0,0.0,0.0,0.0,0.0,0.0,0.0,0.0,0.0,0.0,0.0,0.0,0.0,0.0,0.0,0.0,0.0,0.0,0.0,0.0,817.9487,771.6117,790.54944,724.4689,853.4066,-0.44512939453125,0.14306640625,0.87628173828125,2.07855224609375,-3.18511962890625,0.16448974609375,0.0,4.0,4.0,4.0,4.0,100.0,event
10:34:03.080,0.0,0.0,0.0,0.0,0.0,0.0,0.0,0.0,0.0,0.0,0.0,0.0,0.0,0.0,0.0,0.0,0.0,0.0,0.0,0.0,823.9927,776.8498,795.38464,768.7912,1091.5385,-0.44512939453125,0.14306640625,0.87628173828125,2.07855224609375,-3.18511962890625,0.16448974609375,0.0,4.0,4.0,4.0,4.0,100.0,event
10:34:03.081,0.0,0.0,0.0,0.0,0.0,0.0,0.0,0.0,0.0,0.0,0.0,0.0,0.0,0.0,0.0,0.0,0.0,0.0,0.0,0.0,770.0,776.04395,790.54944,746.2271,1057.6923,-0.44512939453125,0.14306640625,0.87628173828125,2.07855224609375,-3.18511962890625,0.16448974609375,0.0,4.0,4.0,4.0,4.0,100.0,event
10:34:03.081,0.0,0.0,0.0,0.0,0.0,0.0,0.0,0.0,0.0,0.0,0.0,0.0,0.0,0.0,0.0,0.0,0.0,0.0,0.0,0.0,776.4469,774.43225,788.5348,743.00366,722.0513,-0.44512939453125,0.14306640625,0.87628173828125,2.07855224609375,-3.18511962890625,0.16448974609375,0.0,4.0,4.0,4.0,4.0,100.0,event
10:34:03.082,0.0,0.0,0.0,0.0,0.0,0.0,0.0,0.0,0.0,0.0,0.0,0.0,0.0,0.0,0.0,0.0,0.0,0.0,0.0,0.0,825.6044,779.67035,793.36993,756.30035,712.7839,-0.44512939453125,0.14306640625,0.87628173828125,2.07855224609375,-3.18511962890625,0.16448974609375,0.0,4.0,4.0,4.0,4.0,100.0,event
10:34:03.107,0.0,0.0,0.0,0.0,0.0,0.0,0.0,0.0,0.0,0.0,0.0,0.0,0.0,0.0,0.0,0.0,0.0,0.0,0.0,0.0,860.2564,780.87915,795.78754,776.4469,804.65204,-0.44537353515625,0.1456298828125,0.8746337890625,2.325286865234375,-3.27484130859375,0.142059326171875,0.0,4.0,4.0,4.0,4.0,100.0,event
10:34:03.108,0.0,0.0,0.0,0.0,0.0,0.0,0.0,0.0,0.0,0.0,0.0,0.0,0.0,0.0,0.0,0.0,0.0,0.0,0.0,0.0,842.9304,775.64105,794.9817,788.1319,750.2564,-0.44537353515625,0.1456298828125,0.8746337890625,2.325286865234375,-3.27484130859375,0.142059326171875,0.0,4.0,4.0,4.0,4.0,100.0,event
10:34:03.109,0.0,0.0,0.0,0.0,0.0,0.0,0.0,0.0,0.0,0.0,0.0,0.0,0.0,0.0,0.0,0.0,0.0,0.0,0.0,0.0,793.7729,774.83514,795.78754,796.99634,697.0696,-0.44537353515625,0.1456298828125,0.8746337890625,2.325286865234375,-3.27484130859375,0.142059326171875,0.0,4.0,4.0,4.0,4.0,100.0,event
10:34:03.110,0.0,0.0,0.0,0.0,0.0,0.0,0.0,0.0,0.0,0.0,0.0,0.0,0.0,0.0,0.0,0.0,0.0,0.0,0.0,0.0,784.90845,774.0293,792.5641,803.0403,751.06226,-0.44537353515625,0.1456298828125,0.8746337890625,2.325286865234375,-3.27484130859375,0.142059326171875,0.0,4.0,4.0,4.0,4.0,100.0,event
10:34:03.110,0.0,0.0,0.0,0.0,0.0,0.0,0.0,0.0,0.0,0.0,0.0,0.0,0.0,0.0,0.0,0.0,0.0,0.0,0.0,0.0,825.2015,775.64105,797.3993,799.41394,759.92676,-0.44537353515625,0.1456298828125,0.8746337890625,2.325286865234375,-3.27484130859375,0.142059326171875,0.0,4.0,4.0,4.0,4.0,100.0,event
10:34:03.111,0.0,0.0,0.0,0.0,0.0,0.0,0.0,0.0,0.0,0.0,0.0,0.0,0.0,0.0,0.0,0.0,0.0,0.0,0.0,0.0,857.03296,776.4469,800.6227,790.14655,886.04395,-0.44537353515625,0.1456298828125,0.8746337890625,2.325286865234375,-3.27484130859375,0.142059326171875,0.0,4.0,4.0,4.0,4.0,100.0,event
10:34:03.112,0.0,0.0,0.0,0.0,0.0,0.0,0.0,0.0,0.0,0.0,0.0,0.0,0.0,0.0,0.0,0.0,0.0,0.0,0.0,0.0,843.73627,776.4469,796.5934,784.90845,932.381,-0.44537353515625,0.1456298828125,0.8746337890625,2.325286865234375,-3.27484130859375,0.142059326171875,0.0,4.0,4.0,4.0,4.0,100.0,event
10:34:03.112,0.0,0.0,0.0,0.0,0.0,0.0,0.0,0.0,0.0,0.0,0.0,0.0,0.0,0.0,0.0,0.0,0.0,0.0,0.0,0.0,790.54944,775.2381,799.41394,786.1172,859.0476,-0.44537353515625,0.1456298828125,0.8746337890625,2.325286865234375,-3.27484130859375,0.142059326171875,0.0,4.0,4.0,4.0,4.0,100.0,event
10:34:03.113,0.0,0.0,0.0,0.0,0.0,0.0,0.0,0.0,0.0,0.0,0.0,0.0,0.0,0.0,0.0,0.0,0.0,0.0,0.0,0.0,770.0,776.4469,799.41394,795.78754,981.13556,-0.44537353515625,0.1456298828125,0.8746337890625,2.325286865234375,-3.27484130859375,0.142059326171875,0.0,4.0,4.0,4.0,4.0,100.0,event
10:34:03.114,0.0,0.0,0.0,0.0,0.0,0.0,0.0,0.0,0.0,0.0,0.0,0.0,0.0,0.0,0.0,0.0,0.0,0.0,0.0,0.0,807.8755,776.8498,796.99634,804.65204,884.83514,-0.44537353515625,0.1456298828125,0.8746337890625,2.325286865234375,-3.27484130859375,0.142059326171875,0.0,4.0,4.0,4.0,4.0,100.0,event
10:34:03.114,0.0,0.0,0.0,0.0,0.0,0.0,0.0,0.0,0.0,0.0,0.0,0.0,0.0,0.0,0.0,0.0,0.0,0.0,0.0,0.0,850.58606,778.46155,795.78754,815.9341,715.6044,-0.44537353515625,0.1456298828125,0.8746337890625,2.325286865234375,-3.27484130859375,0.142059326171875,0.0,4.0,4.0,4.0,4.0,100.0,event
10:34:03.115,0.0,0.0,0.0,0.0,0.0,0.0,0.0,0.0,0.0,0.0,0.0,0.0,0.0,0.0,0.0,0.0,0.0,0.0,0.0,0.0,848.97437,778.46155,792.1612,815.9341,784.5055,-0.44537353515625,0.1456298828125,0.8746337890625,2.325286865234375,-3.27484130859375,0.142059326171875,0.0,4.0,4.0,4.0,4.0,100.0,event
10:34:03.138,0.0,0.0,0.0,0.0,0.0,0.0,0.0,0.0,0.0,0.0,0.0,0.0,0.0,0.0,0.0,0.0,0.0,0.0,0.0,0.0,811.50183,774.43225,793.36993,816.7399,837.28937,-0.44580078125,0.142822265625,0.87408447265625,2.1234130859375,-3.9776611328125,-0.2691650390625,0.0,4.0,4.0,4.0,4.0,100.0,event
10:34:03.140,0.0,0.0,0.0,0.0,0.0,0.0,0.0,0.0,0.0,0.0,0.0,0.0,0.0,0.0,0.0,0.0,0.0,0.0,0.0,0.0,781.28204,772.8205,793.36993,811.9048,745.0183,-0.44580078125,0.142822265625,0.87408447265625,2.1234130859375,-3.9776611328125,-0.2691650390625,0.0,4.0,4.0,4.0,4.0,100.0,event
10:34:03.141,0.0,0.0,0.0,0.0,0.0,0.0,0.0,0.0,0.0,0.0,0.0,0.0,0.0,0.0,0.0,0.0,0.0,0.0,0.0,0.0,790.14655,773.22345,792.1612,806.6667,736.9597,-0.44580078125,0.142822265625,0.87408447265625,2.1234130859375,-3.9776611328125,-0.2691650390625,0.0,4.0,4.0,4.0,4.0,100.0,event
10:34:03.142,0.0,0.0,0.0,0.0,0.0,0.0,0.0,0.0,0.0,0.0,0.0,0.0,0.0,0.0,0.0,0.0,0.0,0.0,0.0,0.0,830.4396,774.43225,795.38464,830.84247,814.3223,-0.44580078125,0.142822265625,0.87408447265625,2.1234130859375,-3.9776611328125,-0.2691650390625,0.0,4.0,4.0,4.0,4.0,100.0,event
10:34:03.146,0.0,0.0,0.0,0.0,0.0,0.0,0.0,0.0,0.0,0.0,0.0,0.0,0.0,0.0,0.0,0.0,0.0,0.0,0.0,0.0,838.9011,770.0,792.96704,857.8388,833.2601,-0.44580078125,0.142822265625,0.87408447265625,2.1234130859375,-3.9776611328125,-0.2691650390625,0.0,4.0,4.0,4.0,4.0,100.0,event
10:34:03.147,0.0,0.0,0.0,0.0,0.0,0.0,0.0,0.0,0.0,0.0,0.0,0.0,0.0,0.0,0.0,0.0,0.0,0.0,0.0,0.0,792.96704,767.98535,795.38464,847.76556,841.7216,-0.44580078125,0.142822265625,0.87408447265625,2.1234130859375,-3.9776611328125,-0.2691650390625,0.0,4.0,4.0,4.0,4.0,100.0,event
10:34:03.148,0.0,0.0,0.0,0.0,0.0,0.0,0.0,0.0,0.0,0.0,0.0,0.0,0.0,0.0,0.0,0.0,0.0,0.0,0.0,0.0,767.1795,768.3883,798.60803,815.9341,893.69965,-0.44580078125,0.142822265625,0.87408447265625,2.1234130859375,-3.9776611328125,-0.2691650390625,0.0,4.0,4.0,4.0,4.0,100.0,event
10:34:03.149,0.0,0.0,0.0,0.0,0.0,0.0,0.0,0.0,0.0,0.0,0.0,0.0,0.0,0.0,0.0,0.0,0.0,0.0,0.0,0.0,793.7729,770.40295,797.8022,776.4469,922.71063,-0.44580078125,0.142822265625,0.87408447265625,2.1234130859375,-3.9776611328125,-0.2691650390625,0.0,4.0,4.0,4.0,4.0,100.0,event
10:34:03.150,0.0,0.0,0.0,0.0,0.0,0.0,0.0,0.0,0.0,0.0,0.0,0.0,0.0,0.0,0.0,0.0,0.0,0.0,0.0,0.0,860.2564,778.0586,789.34064,786.52014,628.5714,-0.44580078125,0.142822265625,0.87408447265625,2.1234130859375,-3.9776611328125,-0.2691650390625,0.0,4.0,4.0,4.0,4.0,100.0,event
10:34:03.150,0.0,0.0,0.0,0.0,0.0,0.0,0.0,0.0,0.0,0.0,0.0,0.0,0.0,0.0,0.0,0.0,0.0,0.0,0.0,0.0,845.34796,776.4469,792.96704,772.4176,751.8681,-0.44580078125,0.142822265625,0.87408447265625,2.1234130859375,-3.9776611328125,-0.2691650390625,0.0,4.0,4.0,4.0,4.0,100.0,event
10:34:03.151,0.0,0.0,0.0,0.0,0.0,0.0,0.0,0.0,0.0,0.0,0.0,0.0,0.0,0.0,0.0,0.0,0.0,0.0,0.0,0.0,813.5165,772.01465,792.5641,772.4176,673.69965,-0.44580078125,0.142822265625,0.87408447265625,2.1234130859375,-3.9776611328125,-0.2691650390625,0.0,4.0,4.0,4.0,4.0,100.0,event
10:34:03.152,0.0,0.0,0.0,0.0,0.0,0.0,0.0,0.0,0.0,0.0,0.0,0.0,0.0,0.0,0.0,0.0,0.0,0.0,0.0,0.0,765.16486,768.7912,792.96704,768.7912,995.2381,-0.44580078125,0.142822265625,0.87408447265625,2.1234130859375,-3.9776611328125,-0.2691650390625,0.0,4.0,4.0,4.0,4.0,100.0,event
10:34:03.175,0.0,0.0,0.0,0.0,0.0,0.0,0.0,0.0,0.0,0.0,0.0,0.0,0.0,0.0,0.0,0.0,0.0,0.0,0.0,0.0,778.86444,774.83514,794.9817,783.69965,953.3333,-0.43841552734375,0.1446533203125,0.8812255859375,2.071075439453125,-4.463653564453125,0.11962890625,0.0,4.0,4.0,4.0,4.0,100.0,event
10:34:03.176,0.0,0.0,0.0,0.0,0.0,0.0,0.0,0.0,0.0,0.0,0.0,0.0,0.0,0.0,0.0,0.0,0.0,0.0,0.0,0.0,825.2015,777.6557,794.57874,785.7143,669.67035,-0.43841552734375,0.1446533203125,0.8812255859375,2.071075439453125,-4.463653564453125,0.11962890625,0.0,4.0,4.0,4.0,4.0,100.0,event
10:34:03.177,0.0,0.0,0.0,0.0,0.0,0.0,0.0,0.0,0.0,0.0,0.0,0.0,0.0,0.0,0.0,0.0,0.0,0.0,0.0,0.0,844.1392,775.64105,794.9817,788.93774,714.7985,-0.43841552734375,0.1446533203125,0.8812255859375,2.071075439453125,-4.463653564453125,0.11962890625,0.0,4.0,4.0,4.0,4.0,100.0,event
10:34:03.177,0.0,0.0,0.0,0.0,0.0,0.0,0.0,0.0,0.0,0.0,0.0,0.0,0.0,0.0,0.0,0.0,0.0,0.0,0.0,0.0,811.9048,780.4762,797.3993,789.34064,804.2491,-0.43841552734375,0.1446533203125,0.8812255859375,2.071075439453125,-4.463653564453125,0.11962890625,0.0,4.0,4.0,4.0,4.0,100.0,event
10:34:03.178,0.0,0.0,0.0,0.0,0.0,0.0,0.0,0.0,0.0,0.0,0.0,0.0,0.0,0.0,0.0,0.0,0.0,0.0,0.0,0.0,778.0586,783.69965,798.20514,787.72894,734.5421,-0.43841552734375,0.1446533203125,0.8812255859375,2.071075439453125,-4.463653564453125,0.11962890625,0.0,4.0,4.0,4.0,4.0,100.0,event
10:34:03.178,0.0,0.0,0.0,0.0,0.0,0.0,0.0,0.0,0.0,0.0,0.0,0.0,0.0,0.0,0.0,0.0,0.0,0.0,0.0,0.0,794.57874,779.2674,797.3993,800.6227,751.06226,-0.43841552734375,0.1446533203125,0.8812255859375,2.071075439453125,-4.463653564453125,0.11962890625,0.0,4.0,4.0,4.0,4.0,100.0,event
10:34:03.179,0.0,0.0,0.0,0.0,0.0,0.0,0.0,0.0,0.0,0.0,0.0,0.0,0.0,0.0,0.0,0.0,0.0,0.0,0.0,0.0,834.87177,775.2381,792.96704,809.89014,879.19415,-0.43841552734375,0.1446533203125,0.8812255859375,2.071075439453125,-4.463653564453125,0.11962890625,0.0,4.0,4.0,4.0,4.0,100.0,event
10:34:03.179,0.0,0.0,0.0,0.0,0.0,0.0,0.0,0.0,0.0,0.0,0.0,0.0,0.0,0.0,0.0,0.0,0.0,0.0,0.0,0.0,853.8095,776.4469,791.3553,818.7546,1025.4579,-0.43841552734375,0.1446533203125,0.8812255859375,2.071075439453125,-4.463653564453125,0.11962890625,0.0,4.0,4.0,4.0,4.0,100.0,event
10:34:03.180,0.0,0.0,0.0,0.0,0.0,0.0,0.0,0.0,0.0,0.0,0.0,0.0,0.0,0.0,0.0,0.0,0.0,0.0,0.0,0.0,831.6484,779.67035,797.3993,806.6667,792.1612,-0.43841552734375,0.1446533203125,0.8812255859375,2.071075439453125,-4.463653564453125,0.11962890625,0.0,4.0,4.0,4.0,4.0,100.0,event
10:34:03.181,0.0,0.0,0.0,0.0,0.0,0.0,0.0,0.0,0.0,0.0,0.0,0.0,0.0,0.0,0.0,0.0,0.0,0.0,0.0,0.0,792.5641,776.8498,797.8022,818.7546,752.674,-0.43841552734375,0.1446533203125,0.8812255859375,2.071075439453125,-4.463653564453125,0.11962890625,0.0,4.0,4.0,4.0,4.0,100.0,event
10:34:03.181,0.0,0.0,0.0,0.0,0.0,0.0,0.0,0.0,0.0,0.0,0.0,0.0,0.0,0.0,0.0,0.0,0.0,0.0,0.0,0.0,786.1172,778.86444,801.8315,796.5934,664.43225,-0.43841552734375,0.1446533203125,0.8812255859375,2.071075439453125,-4.463653564453125,0.11962890625,0.0,4.0,4.0,4.0,4.0,100.0,event
10:34:03.182,0.0,0.0,0.0,0.0,0.0,0.0,0.0,0.0,0.0,0.0,0.0,0.0,0.0,0.0,0.0,0.0,0.0,0.0,0.0,0.0,844.1392,774.0293,793.36993,821.1722,728.9011,-0.43841552734375,0.1446533203125,0.8812255859375,2.071075439453125,-4.463653564453125,0.11962890625,0.0,4.0,4.0,4.0,4.0,100.0,event
10:34:03.243,0.0,0.0,0.0,0.0,0.0,0.0,0.0,0.0,0.0,0.0,0.0,0.0,0.0,0.0,0.0,0.0,0.0,0.0,0.0,0.0,865.4945,771.6117,794.57874,807.47253,666.8498,-0.43841552734375,0.1446533203125,0.8812255859375,2.071075439453125,-4.463653564453125,0.11962890625,0.0,4.0,4.0,4.0,4.0,100.0,event
10:34:03.245,0.0,0.0,0.0,0.0,0.0,0.0,0.0,0.0,0.0,0.0,0.0,0.0,0.0,0.0,0.0,0.0,0.0,0.0,0.0,0.0,833.663,772.01465,796.99634,865.4945,706.337,-0.43841552734375,0.1446533203125,0.8812255859375,2.071075439453125,-4.463653564453125,0.11962890625,0.0,4.0,4.0,4.0,4.0,100.0,event
10:34:03.247,0.0,0.0,0.0,0.0,0.0,0.0,0.0,0.0,0.0,0.0,0.0,0.0,0.0,0.0,0.0,0.0,0.0,0.0,0.0,0.0,791.3553,776.04395,803.0403,902.96704,796.5934,-0.43841552734375,0.1446533203125,0.8812255859375,2.071075439453125,-4.463653564453125,0.11962890625,0.0,4.0,4.0,4.0,4.0,100.0,event
10:34:03.248,0.0,0.0,0.0,0.0,0.0,0.0,0.0,0.0,0.0,0.0,0.0,0.0,0.0,0.0,0.0,0.0,0.0,0.0,0.0,0.0,785.31134,779.2674,799.011,823.5897,761.53845,-0.43841552734375,0.1446533203125,0.8812255859375,2.071075439453125,-4.463653564453125,0.11962890625,0.0,4.0,4.0,4.0,4.0,100.0,event
10:34:03.249,0.0,0.0,0.0,0.0,0.0,0.0,0.0,0.0,0.0,0.0,0.0,0.0,0.0,0.0,0.0,0.0,0.0,0.0,0.0,0.0,821.5751,781.685,792.96704,792.96704,688.20514,-0.43841552734375,0.1446533203125,0.8812255859375,2.071075439453125,-4.463653564453125,0.11962890625,0.0,4.0,4.0,4.0,4.0,100.0,event
10:34:03.250,0.0,0.0,0.0,0.0,0.0,0.0,0.0,0.0,0.0,0.0,0.0,0.0,0.0,0.0,0.0,0.0,0.0,0.0,0.0,0.0,855.82416,781.28204,797.3993,803.8461,791.3553,-0.43841552734375,0.1446533203125,0.8812255859375,2.071075439453125,-4.463653564453125,0.11962890625,0.0,4.0,4.0,4.0,4.0,100.0,event
10:34:03.255,0.0,0.0,0.0,0.0,0.0,0.0,0.0,0.0,0.0,0.0,0.0,0.0,0.0,0.0,0.0,0.0,0.0,0.0,0.0,0.0,831.6484,781.685,796.99634,806.26373,1123.773,-0.43841552734375,0.1446533203125,0.8812255859375,2.071075439453125,-4.463653564453125,0.11962890625,0.0,4.0,4.0,4.0,4.0,100.0,event
10:34:03.255,0.0,0.0,0.0,0.0,0.0,0.0,0.0,0.0,0.0,0.0,0.0,0.0,0.0,0.0,0.0,0.0,0.0,0.0,0.0,0.0,785.31134,782.49084,796.99634,849.3773,1059.7069,-0.43841552734375,0.1446533203125,0.8812255859375,2.071075439453125,-4.463653564453125,0.11962890625,0.0,4.0,4.0,4.0,4.0,100.0,event
10:34:03.256,0.0,0.0,0.0,0.0,0.0,0.0,0.0,0.0,0.0,0.0,0.0,0.0,0.0,0.0,0.0,0.0,0.0,0.0,0.0,0.0,786.9231,779.2674,795.38464,861.8681,666.8498,-0.43841552734375,0.1446533203125,0.8812255859375,2.071075439453125,-4.463653564453125,0.11962890625,0.0,4.0,4.0,4.0,4.0,100.0,event
10:34:03.257,0.0,0.0,0.0,0.0,0.0,0.0,0.0,0.0,0.0,0.0,0.0,0.0,0.0,0.0,0.0,0.0,0.0,0.0,0.0,0.0,865.09155,777.25275,789.34064,897.72894,814.3223,-0.43841552734375,0.1446533203125,0.8812255859375,2.071075439453125,-4.463653564453125,0.11962890625,0.0,4.0,4.0,4.0,4.0,100.0,event
10:34:03.257,0.0,0.0,0.0,0.0,0.0,0.0,0.0,0.0,0.0,0.0,0.0,0.0,0.0,0.0,0.0,0.0,0.0,0.0,0.0,0.0,826.8132,779.67035,792.1612,864.68866,695.4579,-0.43841552734375,0.1446533203125,0.8812255859375,2.071075439453125,-4.463653564453125,0.11962890625,0.0,4.0,4.0,4.0,4.0,100.0,event
10:34:03.258,0.0,0.0,0.0,0.0,0.0,0.0,0.0,0.0,0.0,0.0,0.0,0.0,0.0,0.0,0.0,0.0,0.0,0.0,0.0,0.0,855.0183,772.4176,793.36993,900.54944,736.1539,-0.43841552734375,0.1446533203125,0.8812255859375,2.071075439453125,-4.463653564453125,0.11962890625,0.0,4.0,4.0,4.0,4.0,100.0,event
10:34:03.303,0.0,0.0,0.0,0.0,0.0,0.0,0.0,0.0,0.0,0.0,0.0,0.0,0.0,0.0,0.0,0.0,0.0,0.0,0.0,0.0,816.337,772.4176,797.3993,887.6557,671.28204,-0.43035888671875,0.14056396484375,0.8707275390625,2.27294921875,-4.127197265625,-0.5084228515625,0.0,4.0,4.0,4.0,4.0,100.0,event
10:34:03.304,0.0,0.0,0.0,0.0,0.0,0.0,0.0,0.0,0.0,0.0,0.0,0.0,0.0,0.0,0.0,0.0,0.0,0.0,0.0,0.0,798.20514,776.4469,797.8022,880.0,660.0,-0.43035888671875,0.14056396484375,0.8707275390625,2.27294921875,-4.127197265625,-0.5084228515625,0.0,4.0,4.0,4.0,4.0,100.0,event
10:34:03.305,0.0,0.0,0.0,0.0,0.0,0.0,0.0,0.0,0.0,0.0,0.0,0.0,0.0,0.0,0.0,0.0,0.0,0.0,0.0,0.0,814.7253,777.25275,796.99634,913.0403,738.97437,-0.43035888671875,0.14056396484375,0.8707275390625,2.27294921875,-4.127197265625,-0.5084228515625,0.0,4.0,4.0,4.0,4.0,100.0,event
10:34:03.307,0.0,0.0,0.0,0.0,0.0,0.0,0.0,0.0,0.0,0.0,0.0,0.0,0.0,0.0,0.0,0.0,0.0,0.0,0.0,0.0,851.39197,774.0293,794.57874,996.8498,783.69965,-0.43035888671875,0.14056396484375,0.8707275390625,2.27294921875,-4.127197265625,-0.5084228515625,0.0,4.0,4.0,4.0,4.0,100.0,event
10:34:03.308,0.0,0.0,0.0,0.0,0.0,0.0,0.0,0.0,0.0,0.0,0.0,0.0,0.0,0.0,0.0,0.0,0.0,0.0,0.0,0.0,849.3773,778.46155,796.5934,1013.36993,772.8205,-0.43035888671875,0.14056396484375,0.8707275390625,2.27294921875,-4.127197265625,-0.5084228515625,0.0,4.0,4.0,4.0,4.0,100.0,event
10:34:03.309,0.0,0.0,0.0,0.0,0.0,0.0,0.0,0.0,0.0,0.0,0.0,0.0,0.0,0.0,0.0,0.0,0.0,0.0,0.0,0.0,796.5934,780.4762,798.20514,962.6007,911.8315,-0.43035888671875,0.14056396484375,0.8707275390625,2.27294921875,-4.127197265625,-0.5084228515625,0.0,4.0,4.0,4.0,4.0,100.0,event
10:34:03.310,0.0,0.0,0.0,0.0,0.0,0.0,0.0,0.0,0.0,0.0,0.0,0.0,0.0,0.0,0.0,0.0,0.0,0.0,0.0,0.0,769.19415,776.4469,793.36993,896.52014,1027.8755,-0.43035888671875,0.14056396484375,0.8707275390625,2.27294921875,-4.127197265625,-0.5084228515625,0.0,4.0,4.0,4.0,4.0,100.0,event
10:34:03.311,0.0,0.0,0.0,0.0,0.0,0.0,0.0,0.0,0.0,0.0,0.0,0.0,0.0,0.0,0.0,0.0,0.0,0.0,0.0,0.0,799.41394,775.2381,793.7729,884.0293,888.0586,-0.43035888671875,0.14056396484375,0.8707275390625,2.27294921875,-4.127197265625,-0.5084228515625,0.0,4.0,4.0,4.0,4.0,100.0,event
10:34:03.312,0.0,0.0,0.0,0.0,0.0,0.0,0.0,0.0,0.0,0.0,0.0,0.0,0.0,0.0,0.0,0.0,0.0,0.0,0.0,0.0,841.31866,776.8498,796.5934,900.9524,711.978,-0.43035888671875,0.14056396484375,0.8707275390625,2.27294921875,-4.127197265625,-0.5084228515625,0.0,4.0,4.0,4.0,4.0,100.0,event
10:34:03.314,0.0,0.0,0.0,0.0,0.0,0.0,0.0,0.0,0.0,0.0,0.0,0.0,0.0,0.0,0.0,0.0,0.0,0.0,0.0,0.0,839.707,778.86444,799.41394,911.8315,856.2271,-0.43035888671875,0.14056396484375,0.8707275390625,2.27294921875,-4.127197265625,-0.5084228515625,0.0,4.0,4.0,4.0,4.0,100.0,event
10:34:03.315,0.0,0.0,0.0,0.0,0.0,0.0,0.0,0.0,0.0,0.0,0.0,0.0,0.0,0.0,0.0,0.0,0.0,0.0,0.0,0.0,790.9524,781.28204,803.0403,916.6667,983.95605,-0.43035888671875,0.14056396484375,0.8707275390625,2.27294921875,-4.127197265625,-0.5084228515625,0.0,4.0,4.0,4.0,4.0,100.0,event
10:34:03.316,0.0,0.0,0.0,0.0,0.0,0.0,0.0,0.0,0.0,0.0,0.0,0.0,0.0,0.0,0.0,0.0,0.0,0.0,0.0,0.0,775.64105,782.0879,801.8315,885.64105,771.6117,-0.43035888671875,0.14056396484375,0.8707275390625,2.27294921875,-4.127197265625,-0.5084228515625,0.0,4.0,4.0,4.0,4.0,100.0,event
10:34:03.351,0.0,0.0,0.0,0.0,0.0,0.0,0.0,0.0,0.0,0.0,0.0,0.0,0.0,0.0,0.0,0.0,0.0,0.0,0.0,0.0,803.0403,777.6557,799.81683,898.93774,703.1135,-0.4364013671875,0.144775390625,0.87591552734375,2.94586181640625,-2.51220703125,0.560760498046875,0.0,4.0,4.0,4.0,4.0,100.0,event
10:34:03.352,0.0,0.0,0.0,0.0,0.0,0.0,0.0,0.0,0.0,0.0,0.0,0.0,0.0,0.0,0.0,0.0,0.0,0.0,0.0,0.0,838.49817,778.86444,796.5934,940.84247,805.8608,-0.4364013671875,0.144775390625,0.87591552734375,2.94586181640625,-2.51220703125,0.560760498046875,0.0,4.0,4.0,4.0,4.0,100.0,event
10:34:03.353,0.0,0.0,0.0,0.0,0.0,0.0,0.0,0.0,0.0,0.0,0.0,0.0,0.0,0.0,0.0,0.0,0.0,0.0,0.0,0.0,845.34796,782.49084,795.38464,977.9121,830.84247,-0.4364013671875,0.144775390625,0.87591552734375,2.94586181640625,-2.51220703125,0.560760498046875,0.0,4.0,4.0,4.0,4.0,100.0,event
10:34:03.354,0.0,0.0,0.0,0.0,0.0,0.0,0.0,0.0,0.0,0.0,0.0,0.0,0.0,0.0,0.0,0.0,0.0,0.0,0.0,0.0,802.6374,779.2674,797.3993,1102.4176,718.8278,-0.4364013671875,0.144775390625,0.87591552734375,2.94586181640625,-2.51220703125,0.560760498046875,0.0,4.0,4.0,4.0,4.0,100.0,event
10:34:03.354,0.0,0.0,0.0,0.0,0.0,0.0,0.0,0.0,0.0,0.0,0.0,0.0,0.0,0.0,0.0,0.0,0.0,0.0,0.0,0.0,770.0,776.04395,794.57874,1216.4469,672.0879,-0.4364013671875,0.144775390625,0.87591552734375,2.94586181640625,-2.51220703125,0.560760498046875,0.0,4.0,4.0,4.0,4.0,100.0,event
10:34:03.355,0.0,0.0,0.0,0.0,0.0,0.0,0.0,0.0,0.0,0.0,0.0,0.0,0.0,0.0,0.0,0.0,0.0,0.0,0.0,0.0,784.5055,769.19415,790.14655,1212.4176,825.6044,-0.4364013671875,0.144775390625,0.87591552734375,2.94586181640625,-2.51220703125,0.560760498046875,0.0,4.0,4.0,4.0,4.0,100.0,event
10:34:03.356,0.0,0.0,0.0,0.0,0.0,0.0,0.0,0.0,0.0,0.0,0.0,0.0,0.0,0.0,0.0,0.0,0.0,0.0,0.0,0.0,822.7839,769.19415,788.93774,1177.3627,909.011,-0.4364013671875,0.144775390625,0.87591552734375,2.94586181640625,-2.51220703125,0.560760498046875,0.0,4.0,4.0,4.0,4.0,100.0,event
10:34:03.356,0.0,0.0,0.0,0.0,0.0,0.0,0.0,0.0,0.0,0.0,0.0,0.0,0.0,0.0,0.0,0.0,0.0,0.0,0.0,0.0,846.55676,774.0293,788.93774,1155.2014,793.36993,-0.4364013671875,0.144775390625,0.87591552734375,2.94586181640625,-2.51220703125,0.560760498046875,0.0,4.0,4.0,4.0,4.0,100.0,event
10:34:03.360,0.0,0.0,0.0,0.0,0.0,0.0,0.0,0.0,0.0,0.0,0.0,0.0,0.0,0.0,0.0,0.0,0.0,0.0,0.0,0.0,813.1135,772.4176,789.34064,1163.2601,701.9048,-0.4364013671875,0.144775390625,0.87591552734375,2.94586181640625,-2.51220703125,0.560760498046875,0.0,4.0,4.0,4.0,4.0,100.0,event
10:34:03.360,0.0,0.0,0.0,0.0,0.0,0.0,0.0,0.0,0.0,0.0,0.0,0.0,0.0,0.0,0.0,0.0,0.0,0.0,0.0,0.0,764.7619,773.6264,787.326,1129.8169,983.5531,-0.4364013671875,0.144775390625,0.87591552734375,2.94586181640625,-2.51220703125,0.560760498046875,0.0,4.0,4.0,4.0,4.0,100.0,event
10:34:03.361,0.0,0.0,0.0,0.0,0.0,0.0,0.0,0.0,0.0,0.0,0.0,0.0,0.0,0.0,0.0,0.0,0.0,0.0,0.0,0.0,784.5055,776.04395,790.14655,1116.9231,967.4359,-0.4364013671875,0.144775390625,0.87591552734375,2.94586181640625,-2.51220703125,0.560760498046875,0.0,4.0,4.0,4.0,4.0,100.0,event
10:34:03.362,0.0,0.0,0.0,0.0,0.0,0.0,0.0,0.0,0.0,0.0,0.0,0.0,0.0,0.0,0.0,0.0,0.0,0.0,0.0,0.0,829.2308,772.4176,797.8022,1129.8169,695.4579,-0.4364013671875,0.144775390625,0.87591552734375,2.94586181640625,-2.51220703125,0.560760498046875,0.0,4.0,4.0,4.0,4.0,100.0,event
10:34:03.405,0.0,0.0,0.0,0.0,0.0,0.0,0.0,0.0,0.0,0.0,0.0,0.0,0.0,0.0,0.0,0.0,0.0,0.0,0.0,0.0,851.79486,774.43225,796.5934,1151.5751,761.53845,-0.44207763671875,0.14678955078125,0.87347412109375,2.669219970703125,-2.639312744140625,1.517791748046875,0.0,4.0,4.0,4.0,4.0,100.0,event
10:34:03.406,0.0,0.0,0.0,0.0,0.0,0.0,0.0,0.0,0.0,0.0,0.0,0.0,0.0,0.0,0.0,0.0,0.0,0.0,0.0,0.0,821.5751,779.67035,795.38464,1166.4835,899.7436,-0.44207763671875,0.14678955078125,0.87347412109375,2.669219970703125,-2.639312744140625,1.517791748046875,0.0,4.0,4.0,4.0,4.0,100.0,event
10:34:03.407,0.0,0.0,0.0,0.0,0.0,0.0,0.0,0.0,0.0,0.0,0.0,0.0,0.0,0.0,0.0,0.0,0.0,0.0,0.0,0.0,771.2088,780.07324,800.2198,1102.0146,764.35895,-0.44207763671875,0.14678955078125,0.87347412109375,2.669219970703125,-2.639312744140625,1.517791748046875,0.0,4.0,4.0,4.0,4.0,100.0,event
10:34:03.408,0.0,0.0,0.0,0.0,0.0,0.0,0.0,0.0,0.0,0.0,0.0,0.0,0.0,0.0,0.0,0.0,0.0,0.0,0.0,0.0,778.86444,779.2674,798.60803,969.0476,667.25275,-0.44207763671875,0.14678955078125,0.87347412109375,2.669219970703125,-2.639312744140625,1.517791748046875,0.0,4.0,4.0,4.0,4.0,100.0,event
10:34:03.410,0.0,0.0,0.0,0.0,0.0,0.0,0.0,0.0,0.0,0.0,0.0,0.0,0.0,0.0,0.0,0.0,0.0,0.0,0.0,0.0,821.978,778.0586,793.7729,936.4103,737.3626,-0.44207763671875,0.14678955078125,0.87347412109375,2.669219970703125,-2.639312744140625,1.517791748046875,0.0,4.0,4.0,4.0,4.0,100.0,event
10:34:03.411,0.0,0.0,0.0,0.0,0.0,0.0,0.0,0.0,0.0,0.0,0.0,0.0,0.0,0.0,0.0,0.0,0.0,0.0,0.0,0.0,855.42126,782.0879,793.7729,937.619,826.0073,-0.44207763671875,0.14678955078125,0.87347412109375,2.669219970703125,-2.639312744140625,1.517791748046875,0.0,4.0,4.0,4.0,4.0,100.0,event
10:34:03.412,0.0,0.0,0.0,0.0,0.0,0.0,0.0,0.0,0.0,0.0,0.0,0.0,0.0,0.0,0.0,0.0,0.0,0.0,0.0,0.0,830.0366,785.31134,795.78754,958.1685,893.69965,-0.44207763671875,0.14678955078125,0.87347412109375,2.669219970703125,-2.639312744140625,1.517791748046875,0.0,4.0,4.0,4.0,4.0,100.0,event
10:34:03.413,0.0,0.0,0.0,0.0,0.0,0.0,0.0,0.0,0.0,0.0,0.0,0.0,0.0,0.0,0.0,0.0,0.0,0.0,0.0,0.0,780.07324,781.28204,795.38464,904.17584,790.54944,-0.44207763671875,0.14678955078125,0.87347412109375,2.669219970703125,-2.639312744140625,1.517791748046875,0.0,4.0,4.0,4.0,4.0,100.0,event
10:34:03.415,0.0,0.0,0.0,0.0,0.0,0.0,0.0,0.0,0.0,0.0,0.0,0.0,0.0,0.0,0.0,0.0,0.0,0.0,0.0,0.0,777.6557,778.86444,794.9817,770.0,737.76556,-0.44207763671875,0.14678955078125,0.87347412109375,2.669219970703125,-2.639312744140625,1.517791748046875,0.0,4.0,4.0,4.0,4.0,100.0,event
10:34:03.415,0.0,0.0,0.0,0.0,0.0,0.0,0.0,0.0,0.0,0.0,0.0,0.0,0.0,0.0,0.0,0.0,0.0,0.0,0.0,0.0,807.47253,779.67035,796.99634,676.9231,899.34064,-0.44207763671875,0.14678955078125,0.87347412109375,2.669219970703125,-2.639312744140625,1.517791748046875,0.0,4.0,4.0,4.0,4.0,100.0,event
10:34:03.416,0.0,0.0,0.0,0.0,0.0,0.0,0.0,0.0,0.0,0.0,0.0,0.0,0.0,0.0,0.0,0.0,0.0,0.0,0.0,0.0,847.76556,780.07324,796.99634,772.4176,821.978,-0.44207763671875,0.14678955078125,0.87347412109375,2.669219970703125,-2.639312744140625,1.517791748046875,0.0,4.0,4.0,4.0,4.0,100.0,event
10:34:03.416,0.0,0.0,0.0,0.0,0.0,0.0,0.0,0.0,0.0,0.0,0.0,0.0,0.0,0.0,0.0,0.0,0.0,0.0,0.0,0.0,829.6337,776.4469,794.9817,944.4689,710.7692,-0.44207763671875,0.14678955078125,0.87347412109375,2.669219970703125,-2.639312744140625,1.517791748046875,0.0,4.0,4.0,4.0,4.0,100.0,event
10:34:03.448,0.0,0.0,0.0,0.0,0.0,0.0,0.0,0.0,0.0,0.0,0.0,0.0,0.0,0.0,0.0,0.0,0.0,0.0,0.0,0.0,770.40295,776.04395,793.36993,979.12085,829.6337,-0.44915771484375,0.1473388671875,0.871337890625,2.82623291015625,-2.564544677734375,1.487884521484375,0.0,4.0,4.0,4.0,4.0,100.0,event
10:34:03.449,0.0,0.0,0.0,0.0,0.0,0.0,0.0,0.0,0.0,0.0,0.0,0.0,0.0,0.0,0.0,0.0,0.0,0.0,0.0,0.0,767.1795,778.86444,792.5641,963.8095,845.34796,-0.44915771484375,0.1473388671875,0.871337890625,2.82623291015625,-2.564544677734375,1.487884521484375,0.0,4.0,4.0,4.0,4.0,100.0,event
10:34:03.450,0.0,0.0,0.0,0.0,0.0,0.0,0.0,0.0,0.0,0.0,0.0,0.0,0.0,0.0,0.0,0.0,0.0,0.0,0.0,0.0,813.1135,780.4762,792.1612,940.4396,729.707,-0.44915771484375,0.1473388671875,0.871337890625,2.82623291015625,-2.564544677734375,1.487884521484375,0.0,4.0,4.0,4.0,4.0,100.0,event
10:34:03.451,0.0,0.0,0.0,0.0,0.0,0.0,0.0,0.0,0.0,0.0,0.0,0.0,0.0,0.0,0.0,0.0,0.0,0.0,0.0,0.0,846.9597,781.28204,789.34064,899.7436,753.0769,-0.44915771484375,0.1473388671875,0.871337890625,2.82623291015625,-2.564544677734375,1.487884521484375,0.0,4.0,4.0,4.0,4.0,100.0,event
10:34:03.452,0.0,0.0,0.0,0.0,0.0,0.0,0.0,0.0,0.0,0.0,0.0,0.0,0.0,0.0,0.0,0.0,0.0,0.0,0.0,0.0,834.87177,780.4762,791.75824,882.01465,877.98535,-0.44915771484375,0.1473388671875,0.871337890625,2.82623291015625,-2.564544677734375,1.487884521484375,0.0,4.0,4.0,4.0,4.0,100.0,event
10:34:03.452,0.0,0.0,0.0,0.0,0.0,0.0,0.0,0.0,0.0,0.0,0.0,0.0,0.0,0.0,0.0,0.0,0.0,0.0,0.0,0.0,790.54944,779.2674,795.78754,867.9121,867.1062,-0.44915771484375,0.1473388671875,0.871337890625,2.82623291015625,-2.564544677734375,1.487884521484375,0.0,4.0,4.0,4.0,4.0,100.0,event
10:34:03.453,0.0,0.0,0.0,0.0,0.0,0.0,0.0,0.0,0.0,0.0,0.0,0.0,0.0,0.0,0.0,0.0,0.0,0.0,0.0,0.0,772.01465,780.4762,792.1612,869.12085,821.5751,-0.44915771484375,0.1473388671875,0.871337890625,2.82623291015625,-2.564544677734375,1.487884521484375,0.0,4.0,4.0,4.0,4.0,100.0,event
10:34:03.454,0.0,0.0,0.0,0.0,0.0,0.0,0.0,0.0,0.0,0.0,0.0,0.0,0.0,0.0,0.0,0.0,0.0,0.0,0.0,0.0,804.65204,783.69965,787.72894,916.6667,819.15753,-0.44915771484375,0.1473388671875,0.871337890625,2.82623291015625,-2.564544677734375,1.487884521484375,0.0,4.0,4.0,4.0,4.0,100.0,event
10:34:03.455,0.0,0.0,0.0,0.0,0.0,0.0,0.0,0.0,0.0,0.0,0.0,0.0,0.0,0.0,0.0,0.0,0.0,0.0,0.0,0.0,843.3333,786.52014,789.7436,948.9011,964.21246,-0.44915771484375,0.1473388671875,0.871337890625,2.82623291015625,-2.564544677734375,1.487884521484375,0.0,4.0,4.0,4.0,4.0,100.0,event
10:34:03.455,0.0,0.0,0.0,0.0,0.0,0.0,0.0,0.0,0.0,0.0,0.0,0.0,0.0,0.0,0.0,0.0,0.0,0.0,0.0,0.0,837.28937,786.1172,796.1905,976.7033,901.3553,-0.44915771484375,0.1473388671875,0.871337890625,2.82623291015625,-2.564544677734375,1.487884521484375,0.0,4.0,4.0,4.0,4.0,100.0,event
10:34:03.459,0.0,0.0,0.0,0.0,0.0,0.0,0.0,0.0,0.0,0.0,0.0,0.0,0.0,0.0,0.0,0.0,0.0,0.0,0.0,0.0,792.96704,780.87915,794.9817,1033.5165,740.989,-0.44915771484375,0.1473388671875,0.871337890625,2.82623291015625,-2.564544677734375,1.487884521484375,0.0,4.0,4.0,4.0,4.0,100.0,event
10:34:03.462,0.0,0.0,0.0,0.0,0.0,0.0,0.0,0.0,0.0,0.0,0.0,0.0,0.0,0.0,0.0,0.0,0.0,0.0,0.0,0.0,772.01465,780.87915,790.9524,1175.348,757.9121,-0.44915771484375,0.1473388671875,0.871337890625,2.82623291015625,-2.564544677734375,1.487884521484375,0.0,4.0,4.0,4.0,4.0,100.0,event
10:34:03.515,0.0,0.0,0.0,0.0,0.0,0.0,0.0,0.0,0.0,0.0,0.0,0.0,0.0,0.0,0.0,0.0,0.0,0.0,0.0,0.0,803.0403,782.8938,793.36993,1297.4359,766.77655,-0.44915771484375,0.1473388671875,0.871337890625,2.82623291015625,-2.564544677734375,1.487884521484375,0.0,4.0,4.0,4.0,4.0,100.0,event
10:34:03.517,0.0,0.0,0.0,0.0,0.0,0.0,0.0,0.0,0.0,0.0,0.0,0.0,0.0,0.0,0.0,0.0,0.0,0.0,0.0,0.0,843.3333,780.87915,794.57874,1320.403,751.4652,-0.44915771484375,0.1473388671875,0.871337890625,2.82623291015625,-2.564544677734375,1.487884521484375,0.0,4.0,4.0,4.0,4.0,100.0,event
10:34:03.518,0.0,0.0,0.0,0.0,0.0,0.0,0.0,0.0,0.0,0.0,0.0,0.0,0.0,0.0,0.0,0.0,0.0,0.0,0.0,0.0,845.7509,782.8938,794.17584,1399.3773,733.3333,-0.44915771484375,0.1473388671875,0.871337890625,2.82623291015625,-2.564544677734375,1.487884521484375,0.0,4.0,4.0,4.0,4.0,100.0,event
10:34:03.520,0.0,0.0,0.0,0.0,0.0,0.0,0.0,0.0,0.0,0.0,0.0,0.0,0.0,0.0,0.0,0.0,0.0,0.0,0.0,0.0,799.011,782.49084,792.5641,1591.1721,774.0293,-0.44915771484375,0.1473388671875,0.871337890625,2.82623291015625,-2.564544677734375,1.487884521484375,0.0,4.0,4.0,4.0,4.0,100.0,event
10:34:03.522,0.0,0.0,0.0,0.0,0.0,0.0,0.0,0.0,0.0,0.0,0.0,0.0,0.0,0.0,0.0,0.0,0.0,0.0,0.0,0.0,770.40295,781.28204,790.9524,1639.5238,845.34796,-0.44915771484375,0.1473388671875,0.871337890625,2.82623291015625,-2.564544677734375,1.487884521484375,0.0,4.0,4.0,4.0,4.0,100.0,event
10:34:03.523,0.0,0.0,0.0,0.0,0.0,0.0,0.0,0.0,0.0,0.0,0.0,0.0,0.0,0.0,0.0,0.0,0.0,0.0,0.0,0.0,799.41394,782.0879,789.34064,1620.1831,867.9121,-0.44915771484375,0.1473388671875,0.871337890625,2.82623291015625,-2.564544677734375,1.487884521484375,0.0,4.0,4.0,4.0,4.0,100.0,event
10:34:03.524,0.0,0.0,0.0,0.0,0.0,0.0,0.0,0.0,0.0,0.0,0.0,0.0,0.0,0.0,0.0,0.0,0.0,0.0,0.0,0.0,842.52747,783.2967,785.31134,1630.2565,864.2857,-0.44915771484375,0.1473388671875,0.871337890625,2.82623291015625,-2.564544677734375,1.487884521484375,0.0,4.0,4.0,4.0,4.0,100.0,event
10:34:03.524,0.0,0.0,0.0,0.0,0.0,0.0,0.0,0.0,0.0,0.0,0.0,0.0,0.0,0.0,0.0,0.0,0.0,0.0,0.0,0.0,850.18317,782.49084,790.9524,1628.2417,925.9341,-0.44915771484375,0.1473388671875,0.871337890625,2.82623291015625,-2.564544677734375,1.487884521484375,0.0,4.0,4.0,4.0,4.0,100.0,event
10:34:03.525,0.0,0.0,0.0,0.0,0.0,0.0,0.0,0.0,0.0,0.0,0.0,0.0,0.0,0.0,0.0,0.0,0.0,0.0,0.0,0.0,794.9817,780.07324,794.17584,1628.2417,1106.8499,-0.44915771484375,0.1473388671875,0.871337890625,2.82623291015625,-2.564544677734375,1.487884521484375,0.0,4.0,4.0,4.0,4.0,100.0,event
10:34:03.526,0.0,0.0,0.0,0.0,0.0,0.0,0.0,0.0,0.0,0.0,0.0,0.0,0.0,0.0,0.0,0.0,0.0,0.0,0.0,0.0,767.5824,781.28204,788.93774,1628.2417,877.1795,-0.44915771484375,0.1473388671875,0.871337890625,2.82623291015625,-2.564544677734375,1.487884521484375,0.0,4.0,4.0,4.0,4.0,100.0,event
10:34:03.526,0.0,0.0,0.0,0.0,0.0,0.0,0.0,0.0,0.0,0.0,0.0,0.0,0.0,0.0,0.0,0.0,0.0,0.0,0.0,0.0,796.99634,782.0879,789.7436,1628.2417,687.3993,-0.44915771484375,0.1473388671875,0.871337890625,2.82623291015625,-2.564544677734375,1.487884521484375,0.0,4.0,4.0,4.0,4.0,100.0,event
10:34:03.527,0.0,0.0,0.0,0.0,0.0,0.0,0.0,0.0,0.0,0.0,0.0,0.0,0.0,0.0,0.0,0.0,0.0,0.0,0.0,0.0,829.6337,778.46155,796.1905,1628.2417,793.36993,-0.44915771484375,0.1473388671875,0.871337890625,2.82623291015625,-2.564544677734375,1.487884521484375,0.0,4.0,4.0,4.0,4.0,100.0,event
10:34:03.550,0.0,0.0,0.0,0.0,0.0,0.0,0.0,0.0,0.0,0.0,0.0,0.0,0.0,0.0,0.0,0.0,0.0,0.0,0.0,0.0,843.3333,781.685,799.81683,1628.2417,820.7692,-0.44830322265625,0.15216064453125,0.8758544921875,2.026214599609375,-3.955230712890625,-0.097198486328125,0.0,4.0,4.0,4.0,4.0,100.0,event
10:34:03.551,0.0,0.0,0.0,0.0,0.0,0.0,0.0,0.0,0.0,0.0,0.0,0.0,0.0,0.0,0.0,0.0,0.0,0.0,0.0,0.0,803.8461,782.8938,799.41394,1628.2417,727.28937,-0.44830322265625,0.15216064453125,0.8758544921875,2.026214599609375,-3.955230712890625,-0.097198486328125,0.0,4.0,4.0,4.0,4.0,100.0,event
10:34:03.552,0.0,0.0,0.0,0.0,0.0,0.0,0.0,0.0,0.0,0.0,0.0,0.0,0.0,0.0,0.0,0.0,0.0,0.0,0.0,0.0,765.56775,780.87915,798.20514,1628.2417,666.4469,-0.44830322265625,0.15216064453125,0.8758544921875,2.026214599609375,-3.955230712890625,-0.097198486328125,0.0,4.0,4.0,4.0,4.0,100.0,event
10:34:03.553,0.0,0.0,0.0,0.0,0.0,0.0,0.0,0.0,0.0,0.0,0.0,0.0,0.0,0.0,0.0,0.0,0.0,0.0,0.0,0.0,780.87915,780.87915,796.99634,1628.2417,721.2454,-0.44830322265625,0.15216064453125,0.8758544921875,2.026214599609375,-3.955230712890625,-0.097198486328125,0.0,4.0,4.0,4.0,4.0,100.0,event
10:34:03.553,0.0,0.0,0.0,0.0,0.0,0.0,0.0,0.0,0.0,0.0,0.0,0.0,0.0,0.0,0.0,0.0,0.0,0.0,0.0,0.0,818.7546,782.0879,794.57874,1628.2417,751.06226,-0.44830322265625,0.15216064453125,0.8758544921875,2.026214599609375,-3.955230712890625,-0.097198486328125,0.0,4.0,4.0,4.0,4.0,100.0,event
10:34:03.554,0.0,0.0,0.0,0.0,0.0,0.0,0.0,0.0,0.0,0.0,0.0,0.0,0.0,0.0,0.0,0.0,0.0,0.0,0.0,0.0,850.18317,788.5348,792.96704,1628.2417,830.0366,-0.44830322265625,0.15216064453125,0.8758544921875,2.026214599609375,-3.955230712890625,-0.097198486328125,0.0,4.0,4.0,4.0,4.0,100.0,event
10:34:03.555,0.0,0.0,0.0,0.0,0.0,0.0,0.0,0.0,0.0,0.0,0.0,0.0,0.0,0.0,0.0,0.0,0.0,0.0,0.0,0.0,822.381,788.93774,792.5641,1628.2417,887.25275,-0.44830322265625,0.15216064453125,0.8758544921875,2.026214599609375,-3.955230712890625,-0.097198486328125,0.0,4.0,4.0,4.0,4.0,100.0,event
10:34:03.555,0.0,0.0,0.0,0.0,0.0,0.0,0.0,0.0,0.0,0.0,0.0,0.0,0.0,0.0,0.0,0.0,0.0,0.0,0.0,0.0,773.6264,787.326,793.7729,1628.2417,1103.2234,-0.44830322265625,0.15216064453125,0.8758544921875,2.026214599609375,-3.955230712890625,-0.097198486328125,0.0,4.0,4.0,4.0,4.0,100.0,event
10:34:03.556,0.0,0.0,0.0,0.0,0.0,0.0,0.0,0.0,0.0,0.0,0.0,0.0,0.0,0.0,0.0,0.0,0.0,0.0,0.0,0.0,783.2967,786.52014,794.17584,1628.6447,1028.6813,-0.44830322265625,0.15216064453125,0.8758544921875,2.026214599609375,-3.955230712890625,-0.097198486328125,0.0,4.0,4.0,4.0,4.0,100.0,event
10:34:03.557,0.0,0.0,0.0,0.0,0.0,0.0,0.0,0.0,0.0,0.0,0.0,0.0,0.0,0.0,0.0,0.0,0.0,0.0,0.0,0.0,819.9634,781.685,792.1612,1628.2417,722.4542,-0.44830322265625,0.15216064453125,0.8758544921875,2.026214599609375,-3.955230712890625,-0.097198486328125,0.0,4.0,4.0,4.0,4.0,100.0,event
10:34:03.558,0.0,0.0,0.0,0.0,0.0,0.0,0.0,0.0,0.0,0.0,0.0,0.0,0.0,0.0,0.0,0.0,0.0,0.0,0.0,0.0,846.9597,783.69965,791.75824,1628.6447,782.49084,-0.44830322265625,0.15216064453125,0.8758544921875,2.026214599609375,-3.955230712890625,-0.097198486328125,0.0,4.0,4.0,4.0,4.0,100.0,event
10:34:03.558,0.0,0.0,0.0,0.0,0.0,0.0,0.0,0.0,0.0,0.0,0.0,0.0,0.0,0.0,0.0,0.0,0.0,0.0,0.0,0.0,815.9341,788.93774,796.99634,1628.2417,815.12823,-0.44830322265625,0.15216064453125,0.8758544921875,2.026214599609375,-3.955230712890625,-0.097198486328125,0.0,4.0,4.0,4.0,4.0,100.0,event
10:34:03.562,0.0,0.0,0.0,0.0,0.0,0.0,0.0,0.0,0.0,0.0,0.0,0.0,0.0,0.0,0.0,0.0,0.0,0.0,0.0,0.0,771.2088,788.5348,797.3993,1628.2417,727.6923,-0.44390869140625,0.1434326171875,0.873291015625,1.79443359375,-3.48419189453125,-1.06170654296875,0.0,4.0,4.0,4.0,4.0,100.0,event
10:34:03.563,0.0,0.0,0.0,0.0,0.0,0.0,0.0,0.0,0.0,0.0,0.0,0.0,0.0,0.0,0.0,0.0,0.0,0.0,0.0,0.0,776.04395,787.72894,792.5641,1628.6447,718.4249,-0.44390869140625,0.1434326171875,0.873291015625,1.79443359375,-3.48419189453125,-1.06170654296875,0.0,4.0,4.0,4.0,4.0,100.0,event
10:34:03.563,0.0,0.0,0.0,0.0,0.0,0.0,0.0,0.0,0.0,0.0,0.0,0.0,0.0,0.0,0.0,0.0,0.0,0.0,0.0,0.0,811.50183,786.9231,791.75824,1628.2417,774.83514,-0.44390869140625,0.1434326171875,0.873291015625,1.79443359375,-3.48419189453125,-1.06170654296875,0.0,4.0,4.0,4.0,4.0,100.0,event
10:34:03.564,0.0,0.0,0.0,0.0,0.0,0.0,0.0,0.0,0.0,0.0,0.0,0.0,0.0,0.0,0.0,0.0,0.0,0.0,0.0,0.0,851.39197,786.1172,792.1612,1628.2417,840.5128,-0.44390869140625,0.1434326171875,0.873291015625,1.79443359375,-3.48419189453125,-1.06170654296875,0.0,4.0,4.0,4.0,4.0,100.0,event
10:34:03.565,0.0,0.0,0.0,0.0,0.0,0.0,0.0,0.0,0.0,0.0,0.0,0.0,0.0,0.0,0.0,0.0,0.0,0.0,0.0,0.0,838.0952,784.90845,791.3553,1630.6593,796.5934,-0.44390869140625,0.1434326171875,0.873291015625,1.79443359375,-3.48419189453125,-1.06170654296875,0.0,4.0,4.0,4.0,4.0,100.0,event
10:34:03.565,0.0,0.0,0.0,0.0,0.0,0.0,0.0,0.0,0.0,0.0,0.0,0.0,0.0,0.0,0.0,0.0,0.0,0.0,0.0,0.0,788.1319,784.5055,790.54944,1623.0037,788.93774,-0.44390869140625,0.1434326171875,0.873291015625,1.79443359375,-3.48419189453125,-1.06170654296875,0.0,4.0,4.0,4.0,4.0,100.0,event
10:34:03.566,0.0,0.0,0.0,0.0,0.0,0.0,0.0,0.0,0.0,0.0,0.0,0.0,0.0,0.0,0.0,0.0,0.0,0.0,0.0,0.0,782.49084,783.2967,792.5641,1628.6447,924.3223,-0.44390869140625,0.1434326171875,0.873291015625,1.79443359375,-3.48419189453125,-1.06170654296875,0.0,4.0,4.0,4.0,4.0,100.0,event
10:34:03.567,0.0,0.0,0.0,0.0,0.0,0.0,0.0,0.0,0.0,0.0,0.0,0.0,0.0,0.0,0.0,0.0,0.0,0.0,0.0,0.0,813.5165,779.67035,787.72894,1614.5421,1093.5531,-0.44390869140625,0.1434326171875,0.873291015625,1.79443359375,-3.48419189453125,-1.06170654296875,0.0,4.0,4.0,4.0,4.0,100.0,event
10:34:03.567,0.0,0.0,0.0,0.0,0.0,0.0,0.0,0.0,0.0,0.0,0.0,0.0,0.0,0.0,0.0,0.0,0.0,0.0,0.0,0.0,853.8095,781.28204,787.326,1384.0659,848.5714,-0.44390869140625,0.1434326171875,0.873291015625,1.79443359375,-3.48419189453125,-1.06170654296875,0.0,4.0,4.0,4.0,4.0,100.0,event
10:34:03.568,0.0,0.0,0.0,0.0,0.0,0.0,0.0,0.0,0.0,0.0,0.0,0.0,0.0,0.0,0.0,0.0,0.0,0.0,0.0,0.0,844.94507,784.90845,790.9524,1015.38464,714.7985,-0.44390869140625,0.1434326171875,0.873291015625,1.79443359375,-3.48419189453125,-1.06170654296875,0.0,4.0,4.0,4.0,4.0,100.0,event
10:34:03.568,0.0,0.0,0.0,0.0,0.0,0.0,0.0,0.0,0.0,0.0,0.0,0.0,0.0,0.0,0.0,0.0,0.0,0.0,0.0,0.0,789.7436,784.10254,792.1612,593.1135,809.0842,-0.44390869140625,0.1434326171875,0.873291015625,1.79443359375,-3.48419189453125,-1.06170654296875,0.0,4.0,4.0,4.0,4.0,100.0,event
10:34:03.569,0.0,0.0,0.0,0.0,0.0,0.0,0.0,0.0,0.0,0.0,0.0,0.0,0.0,0.0,0.0,0.0,0.0,0.0,0.0,0.0,775.2381,786.52014,792.1612,255.86081,730.10986,-0.44390869140625,0.1434326171875,0.873291015625,1.79443359375,-3.48419189453125,-1.06170654296875,0.0,4.0,4.0,4.0,4.0,100.0,event
10:34:03.635,0.0,0.0,0.0,0.0,0.0,0.0,0.0,0.0,0.0,0.0,0.0,0.0,0.0,0.0,0.0,0.0,0.0,0.0,0.0,0.0,805.8608,783.69965,786.9231,157.94872,673.69965,-0.4423828125,0.14874267578125,0.87506103515625,2.235565185546875,-3.6187744140625,-0.665435791015625,0.0,4.0,4.0,4.0,4.0,100.0,event
10:34:03.636,0.0,0.0,0.0,0.0,0.0,0.0,0.0,0.0,0.0,0.0,0.0,0.0,0.0,0.0,0.0,0.0,0.0,0.0,0.0,0.0,838.0952,780.87915,786.52014,114.83517,700.696,-0.4423828125,0.14874267578125,0.87506103515625,2.235565185546875,-3.6187744140625,-0.665435791015625,0.0,4.0,4.0,4.0,4.0,100.0,event
10:34:03.637,0.0,0.0,0.0,0.0,0.0,0.0,0.0,0.0,0.0,0.0,0.0,0.0,0.0,0.0,0.0,0.0,0.0,0.0,0.0,0.0,826.4103,782.8938,786.52014,13.699634,759.12085,-0.4423828125,0.14874267578125,0.87506103515625,2.235565185546875,-3.6187744140625,-0.665435791015625,0.0,4.0,4.0,4.0,4.0,100.0,event
10:34:03.638,0.0,0.0,0.0,0.0,0.0,0.0,0.0,0.0,0.0,0.0,0.0,0.0,0.0,0.0,0.0,0.0,0.0,0.0,0.0,0.0,778.46155,787.326,796.99634,3.6263735,597.1429,-0.4423828125,0.14874267578125,0.87506103515625,2.235565185546875,-3.6187744140625,-0.665435791015625,0.0,4.0,4.0,4.0,4.0,100.0,event
10:34:03.638,0.0,0.0,0.0,0.0,0.0,0.0,0.0,0.0,0.0,0.0,0.0,0.0,0.0,0.0,0.0,0.0,0.0,0.0,0.0,0.0,784.90845,786.1172,791.75824,0.0,659.59705,-0.4423828125,0.14874267578125,0.87506103515625,2.235565185546875,-3.6187744140625,-0.665435791015625,0.0,4.0,4.0,4.0,4.0,100.0,event
10:34:03.639,0.0,0.0,0.0,0.0,0.0,0.0,0.0,0.0,0.0,0.0,0.0,0.0,0.0,0.0,0.0,0.0,0.0,0.0,0.0,0.0,803.44324,783.69965,792.5641,0.0,759.92676,-0.4423828125,0.14874267578125,0.87506103515625,2.235565185546875,-3.6187744140625,-0.665435791015625,0.0,4.0,4.0,4.0,4.0,100.0,event
10:34:03.640,0.0,0.0,0.0,0.0,0.0,0.0,0.0,0.0,0.0,0.0,0.0,0.0,0.0,0.0,0.0,0.0,0.0,0.0,0.0,0.0,837.6923,781.28204,786.9231,0.0,945.6777,-0.4423828125,0.14874267578125,0.87506103515625,2.235565185546875,-3.6187744140625,-0.665435791015625,0.0,4.0,4.0,4.0,4.0,100.0,event
10:34:03.640,0.0,0.0,0.0,0.0,0.0,0.0,0.0,0.0,0.0,0.0,0.0,0.0,0.0,0.0,0.0,0.0,0.0,0.0,0.0,0.0,840.5128,780.87915,786.9231,0.0,838.49817,-0.4423828125,0.14874267578125,0.87506103515625,2.235565185546875,-3.6187744140625,-0.665435791015625,0.0,4.0,4.0,4.0,4.0,100.0,event
10:34:03.641,0.0,0.0,0.0,0.0,0.0,0.0,0.0,0.0,0.0,0.0,0.0,0.0,0.0,0.0,0.0,0.0,0.0,0.0,0.0,0.0,795.38464,783.69965,796.1905,0.0,643.0769,-0.4423828125,0.14874267578125,0.87506103515625,2.235565185546875,-3.6187744140625,-0.665435791015625,0.0,4.0,4.0,4.0,4.0,100.0,event
10:34:03.642,0.0,0.0,0.0,0.0,0.0,0.0,0.0,0.0,0.0,0.0,0.0,0.0,0.0,0.0,0.0,0.0,0.0,0.0,0.0,0.0,772.8205,786.9231,797.3993,0.0,673.69965,-0.4423828125,0.14874267578125,0.87506103515625,2.235565185546875,-3.6187744140625,-0.665435791015625,0.0,4.0,4.0,4.0,4.0,100.0,event
10:34:03.642,0.0,0.0,0.0,0.0,0.0,0.0,0.0,0.0,0.0,0.0,0.0,0.0,0.0,0.0,0.0,0.0,0.0,0.0,0.0,0.0,798.60803,786.1172,790.14655,0.0,735.34796,-0.4423828125,0.14874267578125,0.87506103515625,2.235565185546875,-3.6187744140625,-0.665435791015625,0.0,4.0,4.0,4.0,4.0,100.0,event
10:34:03.643,0.0,0.0,0.0,0.0,0.0,0.0,0.0,0.0,0.0,0.0,0.0,0.0,0.0,0.0,0.0,0.0,0.0,0.0,0.0,0.0,838.49817,786.1172,790.14655,0.0,695.8608,-0.4423828125,0.14874267578125,0.87506103515625,2.235565185546875,-3.6187744140625,-0.665435791015625,0.0,4.0,4.0,4.0,4.0,100.0,event
10:34:03.690,0.0,0.0,0.0,0.0,0.0,0.0,0.0,0.0,0.0,0.0,0.0,0.0,0.0,0.0,0.0,0.0,0.0,0.0,0.0,0.0,845.34796,786.9231,793.36993,0.0,712.381,-0.44317626953125,0.147705078125,0.875732421875,1.95892333984375,-3.820648193359375,0.037384033203125,0.0,4.0,4.0,4.0,4.0,100.0,event
10:34:03.691,0.0,0.0,0.0,0.0,0.0,0.0,0.0,0.0,0.0,0.0,0.0,0.0,0.0,0.0,0.0,0.0,0.0,0.0,0.0,0.0,792.96704,786.52014,792.5641,0.0,837.28937,-0.44317626953125,0.147705078125,0.875732421875,1.95892333984375,-3.820648193359375,0.037384033203125,0.0,4.0,4.0,4.0,4.0,100.0,event
10:34:03.695,0.0,0.0,0.0,0.0,0.0,0.0,0.0,0.0,0.0,0.0,0.0,0.0,0.0,0.0,0.0,0.0,0.0,0.0,0.0,0.0,758.71796,786.1172,799.41394,0.0,830.0366,-0.44317626953125,0.147705078125,0.875732421875,1.95892333984375,-3.820648193359375,0.037384033203125,0.0,4.0,4.0,4.0,4.0,100.0,event
10:34:03.696,0.0,0.0,0.0,0.0,0.0,0.0,0.0,0.0,0.0,0.0,0.0,0.0,0.0,0.0,0.0,0.0,0.0,0.0,0.0,0.0,783.2967,785.31134,802.6374,0.0,710.3663,-0.44317626953125,0.147705078125,0.875732421875,1.95892333984375,-3.820648193359375,0.037384033203125,0.0,4.0,4.0,4.0,4.0,100.0,event
10:34:03.698,0.0,0.0,0.0,0.0,0.0,0.0,0.0,0.0,0.0,0.0,0.0,0.0,0.0,0.0,0.0,0.0,0.0,0.0,0.0,0.0,829.6337,784.90845,799.011,0.0,677.326,-0.44317626953125,0.147705078125,0.875732421875,1.95892333984375,-3.820648193359375,0.037384033203125,0.0,4.0,4.0,4.0,4.0,100.0,event
10:34:03.699,0.0,0.0,0.0,0.0,0.0,0.0,0.0,0.0,0.0,0.0,0.0,0.0,0.0,0.0,0.0,0.0,0.0,0.0,0.0,0.0,841.31866,786.9231,799.011,0.0,907.8022,-0.44317626953125,0.147705078125,0.875732421875,1.95892333984375,-3.820648193359375,0.037384033203125,0.0,4.0,4.0,4.0,4.0,100.0,event
10:34:03.699,0.0,0.0,0.0,0.0,0.0,0.0,0.0,0.0,0.0,0.0,0.0,0.0,0.0,0.0,0.0,0.0,0.0,0.0,0.0,0.0,799.41394,785.31134,797.8022,0.0,1070.1831,-0.44317626953125,0.147705078125,0.875732421875,1.95892333984375,-3.820648193359375,0.037384033203125,0.0,4.0,4.0,4.0,4.0,100.0,event
10:34:03.700,0.0,0.0,0.0,0.0,0.0,0.0,0.0,0.0,0.0,0.0,0.0,0.0,0.0,0.0,0.0,0.0,0.0,0.0,0.0,0.0,769.19415,786.1172,792.5641,0.0,758.71796,-0.44317626953125,0.147705078125,0.875732421875,1.95892333984375,-3.820648193359375,0.037384033203125,0.0,4.0,4.0,4.0,4.0,100.0,event
10:34:03.701,0.0,0.0,0.0,0.0,0.0,0.0,0.0,0.0,0.0,0.0,0.0,0.0,0.0,0.0,0.0,0.0,0.0,0.0,0.0,0.0,798.20514,787.326,791.75824,0.0,643.0769,-0.44317626953125,0.147705078125,0.875732421875,1.95892333984375,-3.820648193359375,0.037384033203125,0.0,4.0,4.0,4.0,4.0,100.0,event
10:34:03.701,0.0,0.0,0.0,0.0,0.0,0.0,0.0,0.0,0.0,0.0,0.0,0.0,0.0,0.0,0.0,0.0,0.0,0.0,0.0,0.0,840.9158,784.5055,799.81683,0.0,805.4579,-0.44317626953125,0.147705078125,0.875732421875,1.95892333984375,-3.820648193359375,0.037384033203125,0.0,4.0,4.0,4.0,4.0,100.0,event
10:34:03.702,0.0,0.0,0.0,0.0,0.0,0.0,0.0,0.0,0.0,0.0,0.0,0.0,0.0,0.0,0.0,0.0,0.0,0.0,0.0,0.0,840.9158,786.1172,797.3993,0.0,781.685,-0.44317626953125,0.147705078125,0.875732421875,1.95892333984375,-3.820648193359375,0.037384033203125,0.0,4.0,4.0,4.0,4.0,100.0,event
10:34:03.703,0.0,0.0,0.0,0.0,0.0,0.0,0.0,0.0,0.0,0.0,0.0,0.0,0.0,0.0,0.0,0.0,0.0,0.0,0.0,0.0,813.5165,789.7436,794.17584,0.0,672.0879,-0.44317626953125,0.147705078125,0.875732421875,1.95892333984375,-3.820648193359375,0.037384033203125,0.0,4.0,4.0,4.0,4.0,100.0,event
10:34:03.735,0.0,0.0,0.0,0.0,0.0,0.0,0.0,0.0,0.0,0.0,0.0,0.0,0.0,0.0,0.0,0.0,0.0,0.0,0.0,0.0,783.2967,788.1319,798.20514,0.0,685.38464,-0.44317626953125,0.147705078125,0.875732421875,1.95892333984375,-3.820648193359375,0.037384033203125,0.0,4.0,4.0,4.0,4.0,100.0,event
10:34:03.736,0.0,0.0,0.0,0.0,0.0,0.0,0.0,0.0,0.0,0.0,0.0,0.0,0.0,0.0,0.0,0.0,0.0,0.0,0.0,0.0,782.0879,785.7143,794.57874,0.0,738.5714,-0.44317626953125,0.147705078125,0.875732421875,1.95892333984375,-3.820648193359375,0.037384033203125,0.0,4.0,4.0,4.0,4.0,100.0,event
10:34:03.737,0.0,0.0,0.0,0.0,0.0,0.0,0.0,0.0,0.0,0.0,0.0,0.0,0.0,0.0,0.0,0.0,0.0,0.0,0.0,0.0,817.9487,787.326,794.57874,0.0,745.0183,-0.44317626953125,0.147705078125,0.875732421875,1.95892333984375,-3.820648193359375,0.037384033203125,0.0,4.0,4.0,4.0,4.0,100.0,event
10:34:03.738,0.0,0.0,0.0,0.0,0.0,0.0,0.0,0.0,0.0,0.0,0.0,0.0,0.0,0.0,0.0,0.0,0.0,0.0,0.0,0.0,846.9597,786.52014,796.1905,0.0,712.381,-0.44317626953125,0.147705078125,0.875732421875,1.95892333984375,-3.820648193359375,0.037384033203125,0.0,4.0,4.0,4.0,4.0,100.0,event
10:34:03.739,0.0,0.0,0.0,0.0,0.0,0.0,0.0,0.0,0.0,0.0,0.0,0.0,0.0,0.0,0.0,0.0,0.0,0.0,0.0,0.0,767.5824,776.04395,796.99634,0.0,1031.9048,-0.44317626953125,0.147705078125,0.875732421875,1.95892333984375,-3.820648193359375,0.037384033203125,0.0,4.0,4.0,4.0,4.0,100.0,event
10:34:03.739,0.0,0.0,0.0,0.0,0.0,0.0,0.0,0.0,0.0,0.0,0.0,0.0,0.0,0.0,0.0,0.0,0.0,0.0,0.0,0.0,811.0989,779.2674,792.96704,0.0,789.34064,-0.44317626953125,0.147705078125,0.875732421875,1.95892333984375,-3.820648193359375,0.037384033203125,0.0,4.0,4.0,4.0,4.0,100.0,event
10:34:03.740,0.0,0.0,0.0,0.0,0.0,0.0,0.0,0.0,0.0,0.0,0.0,0.0,0.0,0.0,0.0,0.0,0.0,0.0,0.0,0.0,779.67035,780.4762,799.011,0.0,974.2857,-0.44317626953125,0.147705078125,0.875732421875,1.95892333984375,-3.820648193359375,0.037384033203125,0.0,4.0,4.0,4.0,4.0,100.0,event
10:34:03.741,0.0,0.0,0.0,0.0,0.0,0.0,0.0,0.0,0.0,0.0,0.0,0.0,0.0,0.0,0.0,0.0,0.0,0.0,0.0,0.0,819.9634,781.685,796.5934,0.0,740.58606,-0.44317626953125,0.147705078125,0.875732421875,1.95892333984375,-3.820648193359375,0.037384033203125,0.0,4.0,4.0,4.0,4.0,100.0,event
10:34:03.742,0.0,0.0,0.0,0.0,0.0,0.0,0.0,0.0,0.0,0.0,0.0,0.0,0.0,0.0,0.0,0.0,0.0,0.0,0.0,0.0,855.42126,782.49084,791.75824,0.0,774.0293,-0.44317626953125,0.147705078125,0.875732421875,1.95892333984375,-3.820648193359375,0.037384033203125,0.0,4.0,4.0,4.0,4.0,100.0,event
10:34:03.743,0.0,0.0,0.0,0.0,0.0,0.0,0.0,0.0,0.0,0.0,0.0,0.0,0.0,0.0,0.0,0.0,0.0,0.0,0.0,0.0,835.6777,782.8938,793.7729,0.0,915.8608,-0.44317626953125,0.147705078125,0.875732421875,1.95892333984375,-3.820648193359375,0.037384033203125,0.0,4.0,4.0,4.0,4.0,100.0,event
10:34:03.743,0.0,0.0,0.0,0.0,0.0,0.0,0.0,0.0,0.0,0.0,0.0,0.0,0.0,0.0,0.0,0.0,0.0,0.0,0.0,0.0,790.14655,784.5055,797.3993,4.4322343,770.80585,-0.44317626953125,0.147705078125,0.875732421875,1.95892333984375,-3.820648193359375,0.037384033203125,0.0,4.0,4.0,4.0,4.0,100.0,event
10:34:03.744,0.0,0.0,0.0,0.0,0.0,0.0,0.0,0.0,0.0,0.0,0.0,0.0,0.0,0.0,0.0,0.0,0.0,0.0,0.0,0.0,797.8022,786.1172,795.78754,0.0,624.94507,-0.44317626953125,0.147705078125,0.875732421875,1.95892333984375,-3.820648193359375,0.037384033203125,0.0,4.0,4.0,4.0,4.0,100.0,event
10:34:03.765,0.0,0.0,0.0,0.0,0.0,0.0,0.0,0.0,0.0,0.0,0.0,0.0,0.0,0.0,0.0,0.0,0.0,0.0,0.0,0.0,838.49817,786.9231,788.5348,33.443222,733.3333,-0.44219970703125,0.14642333984375,0.87310791015625,1.996307373046875,-3.955230712890625,0.3289794921875,0.0,4.0,4.0,4.0,4.0,100.0,event
10:34:03.766,0.0,0.0,0.0,0.0,0.0,0.0,0.0,0.0,0.0,0.0,0.0,0.0,0.0,0.0,0.0,0.0,0.0,0.0,0.0,0.0,867.1062,786.52014,788.1319,238.13187,800.2198,-0.44219970703125,0.14642333984375,0.87310791015625,1.996307373046875,-3.955230712890625,0.3289794921875,0.0,4.0,4.0,4.0,4.0,100.0,event
10:34:03.767,0.0,0.0,0.0,0.0,0.0,0.0,0.0,0.0,0.0,0.0,0.0,0.0,0.0,0.0,0.0,0.0,0.0,0.0,0.0,0.0,844.1392,786.52014,798.60803,350.54944,751.06226,-0.44219970703125,0.14642333984375,0.87310791015625,1.996307373046875,-3.955230712890625,0.3289794921875,0.0,4.0,4.0,4.0,4.0,100.0,event
10:34:03.767,0.0,0.0,0.0,0.0,0.0,0.0,0.0,0.0,0.0,0.0,0.0,0.0,0.0,0.0,0.0,0.0,0.0,0.0,0.0,0.0,796.1905,787.72894,799.81683,295.75092,705.12823,-0.44219970703125,0.14642333984375,0.87310791015625,1.996307373046875,-3.955230712890625,0.3289794921875,0.0,4.0,4.0,4.0,4.0,100.0,event
10:34:03.770,0.0,0.0,0.0,0.0,0.0,0.0,0.0,0.0,0.0,0.0,0.0,0.0,0.0,0.0,0.0,0.0,0.0,0.0,0.0,0.0,781.28204,785.31134,800.2198,458.93774,757.1062,-0.44219970703125,0.14642333984375,0.87310791015625,1.996307373046875,-3.955230712890625,0.3289794921875,0.0,4.0,4.0,4.0,4.0,100.0,event
10:34:03.771,0.0,0.0,0.0,0.0,0.0,0.0,0.0,0.0,0.0,0.0,0.0,0.0,0.0,0.0,0.0,0.0,0.0,0.0,0.0,0.0,811.50183,783.69965,796.99634,725.2747,894.10254,-0.44219970703125,0.14642333984375,0.87310791015625,1.996307373046875,-3.955230712890625,0.3289794921875,0.0,4.0,4.0,4.0,4.0,100.0,event
10:34:03.772,0.0,0.0,0.0,0.0,0.0,0.0,0.0,0.0,0.0,0.0,0.0,0.0,0.0,0.0,0.0,0.0,0.0,0.0,0.0,0.0,846.9597,786.52014,797.3993,817.1429,980.32965,-0.44219970703125,0.14642333984375,0.87310791015625,1.996307373046875,-3.955230712890625,0.3289794921875,0.0,4.0,4.0,4.0,4.0,100.0,event
10:34:03.772,0.0,0.0,0.0,0.0,0.0,0.0,0.0,0.0,0.0,0.0,0.0,0.0,0.0,0.0,0.0,0.0,0.0,0.0,0.0,0.0,840.10986,788.1319,800.2198,857.4359,928.7546,-0.44219970703125,0.14642333984375,0.87310791015625,1.996307373046875,-3.955230712890625,0.3289794921875,0.0,4.0,4.0,4.0,4.0,100.0,event
10:34:03.773,0.0,0.0,0.0,0.0,0.0,0.0,0.0,0.0,0.0,0.0,0.0,0.0,0.0,0.0,0.0,0.0,0.0,0.0,0.0,0.0,792.1612,783.2967,798.60803,814.7253,875.9707,-0.44219970703125,0.14642333984375,0.87310791015625,1.996307373046875,-3.955230712890625,0.3289794921875,0.0,4.0,4.0,4.0,4.0,100.0,event
10:34:03.774,0.0,0.0,0.0,0.0,0.0,0.0,0.0,0.0,0.0,0.0,0.0,0.0,0.0,0.0,0.0,0.0,0.0,0.0,0.0,0.0,766.77655,780.4762,793.7729,786.1172,1019.81683,-0.44219970703125,0.14642333984375,0.87310791015625,1.996307373046875,-3.955230712890625,0.3289794921875,0.0,4.0,4.0,4.0,4.0,100.0,event
10:34:03.774,0.0,0.0,0.0,0.0,0.0,0.0,0.0,0.0,0.0,0.0,0.0,0.0,0.0,0.0,0.0,0.0,0.0,0.0,0.0,0.0,792.5641,782.0879,791.3553,878.7912,932.7839,-0.44219970703125,0.14642333984375,0.87310791015625,1.996307373046875,-3.955230712890625,0.3289794921875,0.0,4.0,4.0,4.0,4.0,100.0,event
10:34:03.775,0.0,0.0,0.0,0.0,0.0,0.0,0.0,0.0,0.0,0.0,0.0,0.0,0.0,0.0,0.0,0.0,0.0,0.0,0.0,0.0,838.0952,782.0879,794.57874,940.4396,861.06226,-0.44219970703125,0.14642333984375,0.87310791015625,1.996307373046875,-3.955230712890625,0.3289794921875,0.0,4.0,4.0,4.0,4.0,100.0,event
10:34:03.816,0.0,0.0,0.0,0.0,0.0,0.0,0.0,0.0,0.0,0.0,0.0,0.0,0.0,0.0,0.0,0.0,0.0,0.0,0.0,0.0,839.707,780.4762,799.011,1007.72894,890.87915,-0.4453125,0.1409912109375,0.8775634765625,2.011260986328125,-3.880462646484375,-0.19439697265625,0.0,4.0,4.0,4.0,4.0,100.0,event
10:34:03.818,0.0,0.0,0.0,0.0,0.0,0.0,0.0,0.0,0.0,0.0,0.0,0.0,0.0,0.0,0.0,0.0,0.0,0.0,0.0,0.0,791.3553,783.69965,801.02563,1008.5348,852.6007,-0.4453125,0.1409912109375,0.8775634765625,2.011260986328125,-3.880462646484375,-0.19439697265625,0.0,4.0,4.0,4.0,4.0,100.0,event
10:34:03.819,0.0,0.0,0.0,0.0,0.0,0.0,0.0,0.0,0.0,0.0,0.0,0.0,0.0,0.0,0.0,0.0,0.0,0.0,0.0,0.0,772.4176,787.326,799.011,879.59705,789.34064,-0.4453125,0.1409912109375,0.8775634765625,2.011260986328125,-3.880462646484375,-0.19439697265625,0.0,4.0,4.0,4.0,4.0,100.0,event
10:34:03.820,0.0,0.0,0.0,0.0,0.0,0.0,0.0,0.0,0.0,0.0,0.0,0.0,0.0,0.0,0.0,0.0,0.0,0.0,0.0,0.0,802.6374,790.14655,796.5934,732.1245,778.0586,-0.4453125,0.1409912109375,0.8775634765625,2.011260986328125,-3.880462646484375,-0.19439697265625,0.0,4.0,4.0,4.0,4.0,100.0,event
10:34:03.821,0.0,0.0,0.0,0.0,0.0,0.0,0.0,0.0,0.0,0.0,0.0,0.0,0.0,0.0,0.0,0.0,0.0,0.0,0.0,0.0,848.97437,791.3553,796.1905,537.9121,827.619,-0.4453125,0.1409912109375,0.8775634765625,2.011260986328125,-3.880462646484375,-0.19439697265625,0.0,4.0,4.0,4.0,4.0,100.0,event
10:34:03.822,0.0,0.0,0.0,0.0,0.0,0.0,0.0,0.0,0.0,0.0,0.0,0.0,0.0,0.0,0.0,0.0,0.0,0.0,0.0,0.0,800.6227,786.1172,792.96704,862.27106,835.6777,-0.4453125,0.1409912109375,0.8775634765625,2.011260986328125,-3.880462646484375,-0.19439697265625,0.0,4.0,4.0,4.0,4.0,100.0,event
10:34:03.822,0.0,0.0,0.0,0.0,0.0,0.0,0.0,0.0,0.0,0.0,0.0,0.0,0.0,0.0,0.0,0.0,0.0,0.0,0.0,0.0,855.82416,788.5348,794.17584,622.1245,834.4689,-0.4453125,0.1409912109375,0.8775634765625,2.011260986328125,-3.880462646484375,-0.19439697265625,0.0,4.0,4.0,4.0,4.0,100.0,event
10:34:03.823,0.0,0.0,0.0,0.0,0.0,0.0,0.0,0.0,0.0,0.0,0.0,0.0,0.0,0.0,0.0,0.0,0.0,0.0,0.0,0.0,772.8205,787.72894,796.1905,869.12085,804.2491,-0.4453125,0.1409912109375,0.8775634765625,2.011260986328125,-3.880462646484375,-0.19439697265625,0.0,4.0,4.0,4.0,4.0,100.0,event
10:34:03.824,0.0,0.0,0.0,0.0,0.0,0.0,0.0,0.0,0.0,0.0,0.0,0.0,0.0,0.0,0.0,0.0,0.0,0.0,0.0,0.0,790.54944,786.52014,794.17584,807.47253,917.8755,-0.4453125,0.1409912109375,0.8775634765625,2.011260986328125,-3.880462646484375,-0.19439697265625,0.0,4.0,4.0,4.0,4.0,100.0,event
10:34:03.824,0.0,0.0,0.0,0.0,0.0,0.0,0.0,0.0,0.0,0.0,0.0,0.0,0.0,0.0,0.0,0.0,0.0,0.0,0.0,0.0,823.5897,783.2967,787.326,794.57874,890.4762,-0.4453125,0.1409912109375,0.8775634765625,2.011260986328125,-3.880462646484375,-0.19439697265625,0.0,4.0,4.0,4.0,4.0,100.0,event
10:34:03.825,0.0,0.0,0.0,0.0,0.0,0.0,0.0,0.0,0.0,0.0,0.0,0.0,0.0,0.0,0.0,0.0,0.0,0.0,0.0,0.0,846.1539,784.10254,786.52014,645.89746,770.0,-0.4453125,0.1409912109375,0.8775634765625,2.011260986328125,-3.880462646484375,-0.19439697265625,0.0,4.0,4.0,4.0,4.0,100.0,event
10:34:03.826,0.0,0.0,0.0,0.0,0.0,0.0,0.0,0.0,0.0,0.0,0.0,0.0,0.0,0.0,0.0,0.0,0.0,0.0,0.0,0.0,803.8461,782.49084,789.34064,403.33334,796.99634,-0.4453125,0.1409912109375,0.8775634765625,2.011260986328125,-3.880462646484375,-0.19439697265625,0.0,4.0,4.0,4.0,4.0,100.0,event
10:34:03.862,0.0,0.0,0.0,0.0,0.0,0.0,0.0,0.0,0.0,0.0,0.0,0.0,0.0,0.0,0.0,0.0,0.0,0.0,0.0,0.0,765.16486,784.5055,793.7729,138.20512,807.8755,-0.4407958984375,0.14080810546875,0.87786865234375,2.0635986328125,-3.835601806640625,-0.650482177734375,0.0,4.0,4.0,4.0,4.0,100.0,event
10:34:03.864,0.0,0.0,0.0,0.0,0.0,0.0,0.0,0.0,0.0,0.0,0.0,0.0,0.0,0.0,0.0,0.0,0.0,0.0,0.0,0.0,798.60803,790.54944,796.5934,0.0,722.4542,-0.4407958984375,0.14080810546875,0.87786865234375,2.0635986328125,-3.835601806640625,-0.650482177734375,0.0,4.0,4.0,4.0,4.0,100.0,event
10:34:03.865,0.0,0.0,0.0,0.0,0.0,0.0,0.0,0.0,0.0,0.0,0.0,0.0,0.0,0.0,0.0,0.0,0.0,0.0,0.0,0.0,847.3626,787.72894,794.57874,70.10989,666.04395,-0.4407958984375,0.14080810546875,0.87786865234375,2.0635986328125,-3.835601806640625,-0.650482177734375,0.0,4.0,4.0,4.0,4.0,100.0,event
10:34:03.865,0.0,0.0,0.0,0.0,0.0,0.0,0.0,0.0,0.0,0.0,0.0,0.0,0.0,0.0,0.0,0.0,0.0,0.0,0.0,0.0,861.8681,781.28204,793.7729,348.13187,731.31866,-0.4407958984375,0.14080810546875,0.87786865234375,2.0635986328125,-3.835601806640625,-0.650482177734375,0.0,4.0,4.0,4.0,4.0,100.0,event
10:34:03.866,0.0,0.0,0.0,0.0,0.0,0.0,0.0,0.0,0.0,0.0,0.0,0.0,0.0,0.0,0.0,0.0,0.0,0.0,0.0,0.0,820.7692,783.2967,799.41394,606.0073,772.4176,-0.4407958984375,0.14080810546875,0.87786865234375,2.0635986328125,-3.835601806640625,-0.650482177734375,0.0,4.0,4.0,4.0,4.0,100.0,event
10:34:03.867,0.0,0.0,0.0,0.0,0.0,0.0,0.0,0.0,0.0,0.0,0.0,0.0,0.0,0.0,0.0,0.0,0.0,0.0,0.0,0.0,775.64105,786.52014,794.9817,818.3516,831.6484,-0.4407958984375,0.14080810546875,0.87786865234375,2.0635986328125,-3.835601806640625,-0.650482177734375,0.0,4.0,4.0,4.0,4.0,100.0,event
10:34:03.871,0.0,0.0,0.0,0.0,0.0,0.0,0.0,0.0,0.0,0.0,0.0,0.0,0.0,0.0,0.0,0.0,0.0,0.0,0.0,0.0,785.31134,784.90845,788.1319,957.76556,841.7216,-0.4407958984375,0.14080810546875,0.87786865234375,2.0635986328125,-3.835601806640625,-0.650482177734375,0.0,4.0,4.0,4.0,4.0,100.0,event
10:34:03.872,0.0,0.0,0.0,0.0,0.0,0.0,0.0,0.0,0.0,0.0,0.0,0.0,0.0,0.0,0.0,0.0,0.0,0.0,0.0,0.0,832.0513,783.2967,794.9817,945.2747,873.95605,-0.4407958984375,0.14080810546875,0.87786865234375,2.0635986328125,-3.835601806640625,-0.650482177734375,0.0,4.0,4.0,4.0,4.0,100.0,event
10:34:03.873,0.0,0.0,0.0,0.0,0.0,0.0,0.0,0.0,0.0,0.0,0.0,0.0,0.0,0.0,0.0,0.0,0.0,0.0,0.0,0.0,856.2271,784.5055,800.2198,880.40295,1085.4945,-0.4407958984375,0.14080810546875,0.87786865234375,2.0635986328125,-3.835601806640625,-0.650482177734375,0.0,4.0,4.0,4.0,4.0,100.0,event
10:34:03.873,0.0,0.0,0.0,0.0,0.0,0.0,0.0,0.0,0.0,0.0,0.0,0.0,0.0,0.0,0.0,0.0,0.0,0.0,0.0,0.0,820.7692,787.72894,800.2198,923.5165,875.56775,-0.4407958984375,0.14080810546875,0.87786865234375,2.0635986328125,-3.835601806640625,-0.650482177734375,0.0,4.0,4.0,4.0,4.0,100.0,event
10:34:03.874,0.0,0.0,0.0,0.0,0.0,0.0,0.0,0.0,0.0,0.0,0.0,0.0,0.0,0.0,0.0,0.0,0.0,0.0,0.0,0.0,773.22345,786.1172,797.8022,890.87915,680.14655,-0.4407958984375,0.14080810546875,0.87786865234375,2.0635986328125,-3.835601806640625,-0.650482177734375,0.0,4.0,4.0,4.0,4.0,100.0,event
10:34:03.875,0.0,0.0,0.0,0.0,0.0,0.0,0.0,0.0,0.0,0.0,0.0,0.0,0.0,0.0,0.0,0.0,0.0,0.0,0.0,0.0,776.4469,779.2674,790.9524,931.1722,799.011,-0.4407958984375,0.14080810546875,0.87786865234375,2.0635986328125,-3.835601806640625,-0.650482177734375,0.0,4.0,4.0,4.0,4.0,100.0,event
10:34:03.916,0.0,0.0,0.0,0.0,0.0,0.0,0.0,0.0,0.0,0.0,0.0,0.0,0.0,0.0,0.0,0.0,0.0,0.0,0.0,0.0,819.9634,780.87915,790.54944,899.34064,795.78754,-0.44189453125,0.14385986328125,0.88214111328125,2.295379638671875,-4.0374755859375,0.725250244140625,0.0,4.0,4.0,4.0,4.0,100.0,event
10:34:03.917,0.0,0.0,0.0,0.0,0.0,0.0,0.0,0.0,0.0,0.0,0.0,0.0,0.0,0.0,0.0,0.0,0.0,0.0,0.0,0.0,847.76556,785.7143,795.38464,644.2857,834.0659,-0.44189453125,0.14385986328125,0.88214111328125,2.295379638671875,-4.0374755859375,0.725250244140625,0.0,4.0,4.0,4.0,4.0,100.0,event
10:34:03.918,0.0,0.0,0.0,0.0,0.0,0.0,0.0,0.0,0.0,0.0,0.0,0.0,0.0,0.0,0.0,0.0,0.0,0.0,0.0,0.0,821.978,784.90845,793.7729,718.022,888.46155,-0.44189453125,0.14385986328125,0.88214111328125,2.295379638671875,-4.0374755859375,0.725250244140625,0.0,4.0,4.0,4.0,4.0,100.0,event
10:34:03.919,0.0,0.0,0.0,0.0,0.0,0.0,0.0,0.0,0.0,0.0,0.0,0.0,0.0,0.0,0.0,0.0,0.0,0.0,0.0,0.0,777.6557,786.1172,797.3993,778.86444,851.39197,-0.44189453125,0.14385986328125,0.88214111328125,2.295379638671875,-4.0374755859375,0.725250244140625,0.0,4.0,4.0,4.0,4.0,100.0,event
10:34:03.919,0.0,0.0,0.0,0.0,0.0,0.0,0.0,0.0,0.0,0.0,0.0,0.0,0.0,0.0,0.0,0.0,0.0,0.0,0.0,0.0,782.8938,788.1319,799.011,704.7253,772.4176,-0.44189453125,0.14385986328125,0.88214111328125,2.295379638671875,-4.0374755859375,0.725250244140625,0.0,4.0,4.0,4.0,4.0,100.0,event
10:34:03.920,0.0,0.0,0.0,0.0,0.0,0.0,0.0,0.0,0.0,0.0,0.0,0.0,0.0,0.0,0.0,0.0,0.0,0.0,0.0,0.0,822.7839,788.1319,790.54944,660.80585,817.5458,-0.44189453125,0.14385986328125,0.88214111328125,2.295379638671875,-4.0374755859375,0.725250244140625,0.0,4.0,4.0,4.0,4.0,100.0,event
10:34:03.921,0.0,0.0,0.0,0.0,0.0,0.0,0.0,0.0,0.0,0.0,0.0,0.0,0.0,0.0,0.0,0.0,0.0,0.0,0.0,0.0,835.6777,787.72894,790.54944,602.381,1037.1428,-0.44189453125,0.14385986328125,0.88214111328125,2.295379638671875,-4.0374755859375,0.725250244140625,0.0,4.0,4.0,4.0,4.0,100.0,event
10:34:03.921,0.0,0.0,0.0,0.0,0.0,0.0,0.0,0.0,0.0,0.0,0.0,0.0,0.0,0.0,0.0,0.0,0.0,0.0,0.0,0.0,853.8095,788.93774,788.5348,626.9597,945.2747,-0.44189453125,0.14385986328125,0.88214111328125,2.295379638671875,-4.0374755859375,0.725250244140625,0.0,4.0,4.0,4.0,4.0,100.0,event
10:34:03.922,0.0,0.0,0.0,0.0,0.0,0.0,0.0,0.0,0.0,0.0,0.0,0.0,0.0,0.0,0.0,0.0,0.0,0.0,0.0,0.0,783.69965,786.1172,795.38464,590.293,850.989,-0.44189453125,0.14385986328125,0.88214111328125,2.295379638671875,-4.0374755859375,0.725250244140625,0.0,4.0,4.0,4.0,4.0,100.0,event
10:34:03.923,0.0,0.0,0.0,0.0,0.0,0.0,0.0,0.0,0.0,0.0,0.0,0.0,0.0,0.0,0.0,0.0,0.0,0.0,0.0,0.0,767.98535,785.31134,799.011,704.7253,635.42126,-0.44189453125,0.14385986328125,0.88214111328125,2.295379638671875,-4.0374755859375,0.725250244140625,0.0,4.0,4.0,4.0,4.0,100.0,event
10:34:03.924,0.0,0.0,0.0,0.0,0.0,0.0,0.0,0.0,0.0,0.0,0.0,0.0,0.0,0.0,0.0,0.0,0.0,0.0,0.0,0.0,802.6374,784.5055,797.8022,925.5311,704.7253,-0.44189453125,0.14385986328125,0.88214111328125,2.295379638671875,-4.0374755859375,0.725250244140625,0.0,4.0,4.0,4.0,4.0,100.0,event
10:34:03.925,0.0,0.0,0.0,0.0,0.0,0.0,0.0,0.0,0.0,0.0,0.0,0.0,0.0,0.0,0.0,0.0,0.0,0.0,0.0,0.0,842.52747,785.7143,796.99634,1145.1282,765.16486,-0.44189453125,0.14385986328125,0.88214111328125,2.295379638671875,-4.0374755859375,0.725250244140625,0.0,4.0,4.0,4.0,4.0,100.0,event
10:34:03.957,0.0,0.0,0.0,0.0,0.0,0.0,0.0,0.0,0.0,0.0,0.0,0.0,0.0,0.0,0.0,0.0,0.0,0.0,0.0,0.0,829.2308,786.9231,796.99634,1010.9524,721.6484,-0.44189453125,0.14385986328125,0.88214111328125,2.295379638671875,-4.0374755859375,0.725250244140625,0.0,4.0,4.0,4.0,4.0,100.0,event
10:34:03.958,0.0,0.0,0.0,0.0,0.0,0.0,0.0,0.0,0.0,0.0,0.0,0.0,0.0,0.0,0.0,0.0,0.0,0.0,0.0,0.0,774.0293,786.9231,798.60803,646.30035,623.3333,-0.44189453125,0.14385986328125,0.88214111328125,2.295379638671875,-4.0374755859375,0.725250244140625,0.0,4.0,4.0,4.0,4.0,100.0,event
10:34:03.959,0.0,0.0,0.0,0.0,0.0,0.0,0.0,0.0,0.0,0.0,0.0,0.0,0.0,0.0,0.0,0.0,0.0,0.0,0.0,0.0,757.50916,784.90845,795.38464,563.2967,651.53845,-0.44189453125,0.14385986328125,0.88214111328125,2.295379638671875,-4.0374755859375,0.725250244140625,0.0,4.0,4.0,4.0,4.0,100.0,event
10:34:03.960,0.0,0.0,0.0,0.0,0.0,0.0,0.0,0.0,0.0,0.0,0.0,0.0,0.0,0.0,0.0,0.0,0.0,0.0,0.0,0.0,799.81683,782.49084,794.9817,576.99634,702.3077,-0.44189453125,0.14385986328125,0.88214111328125,2.295379638671875,-4.0374755859375,0.725250244140625,0.0,4.0,4.0,4.0,4.0,100.0,event
10:34:03.960,0.0,0.0,0.0,0.0,0.0,0.0,0.0,0.0,0.0,0.0,0.0,0.0,0.0,0.0,0.0,0.0,0.0,0.0,0.0,0.0,847.3626,782.8938,792.96704,549.19415,749.0476,-0.44189453125,0.14385986328125,0.88214111328125,2.295379638671875,-4.0374755859375,0.725250244140625,0.0,4.0,4.0,4.0,4.0,100.0,event
10:34:03.961,0.0,0.0,0.0,0.0,0.0,0.0,0.0,0.0,0.0,0.0,0.0,0.0,0.0,0.0,0.0,0.0,0.0,0.0,0.0,0.0,789.34064,784.5055,798.20514,954.1392,916.6667,-0.44189453125,0.14385986328125,0.88214111328125,2.295379638671875,-4.0374755859375,0.725250244140625,0.0,4.0,4.0,4.0,4.0,100.0,event
10:34:03.961,0.0,0.0,0.0,0.0,0.0,0.0,0.0,0.0,0.0,0.0,0.0,0.0,0.0,0.0,0.0,0.0,0.0,0.0,0.0,0.0,838.0952,785.31134,791.3553,644.2857,838.0952,-0.44189453125,0.14385986328125,0.88214111328125,2.295379638671875,-4.0374755859375,0.725250244140625,0.0,4.0,4.0,4.0,4.0,100.0,event
10:34:03.962,0.0,0.0,0.0,0.0,0.0,0.0,0.0,0.0,0.0,0.0,0.0,0.0,0.0,0.0,0.0,0.0,0.0,0.0,0.0,0.0,763.5531,783.69965,797.8022,984.7619,1114.1025,-0.44189453125,0.14385986328125,0.88214111328125,2.295379638671875,-4.0374755859375,0.725250244140625,0.0,4.0,4.0,4.0,4.0,100.0,event
10:34:03.966,0.0,0.0,0.0,0.0,0.0,0.0,0.0,0.0,0.0,0.0,0.0,0.0,0.0,0.0,0.0,0.0,0.0,0.0,0.0,0.0,799.41394,781.28204,792.5641,761.13556,844.1392,-0.44189453125,0.14385986328125,0.88214111328125,2.295379638671875,-4.0374755859375,0.725250244140625,0.0,4.0,4.0,4.0,4.0,100.0,event
10:34:03.967,0.0,0.0,0.0,0.0,0.0,0.0,0.0,0.0,0.0,0.0,0.0,0.0,0.0,0.0,0.0,0.0,0.0,0.0,0.0,0.0,842.1245,780.4762,794.57874,785.7143,682.96704,-0.44189453125,0.14385986328125,0.88214111328125,2.295379638671875,-4.0374755859375,0.725250244140625,0.0,4.0,4.0,4.0,4.0,100.0,event
10:34:03.968,0.0,0.0,0.0,0.0,0.0,0.0,0.0,0.0,0.0,0.0,0.0,0.0,0.0,0.0,0.0,0.0,0.0,0.0,0.0,0.0,841.31866,784.10254,798.20514,1045.6044,755.89746,-0.44189453125,0.14385986328125,0.88214111328125,2.295379638671875,-4.0374755859375,0.725250244140625,0.0,4.0,4.0,4.0,4.0,100.0,event
10:34:03.969,0.0,0.0,0.0,0.0,0.0,0.0,0.0,0.0,0.0,0.0,0.0,0.0,0.0,0.0,0.0,0.0,0.0,0.0,0.0,0.0,798.20514,786.1172,799.81683,1259.1575,732.52747,-0.44189453125,0.14385986328125,0.88214111328125,2.295379638671875,-4.0374755859375,0.725250244140625,0.0,4.0,4.0,4.0,4.0,100.0,event
10:34:04.000,0.0,0.0,0.0,0.0,0.0,0.0,0.0,0.0,0.0,0.0,0.0,0.0,0.0,0.0,0.0,0.0,0.0,0.0,0.0,0.0,770.80585,788.5348,801.02563,1173.7362,654.7619,-0.439697265625,0.14495849609375,0.87322998046875,1.891632080078125,-3.701019287109375,0.216827392578125,0.0,4.0,4.0,4.0,4.0,100.0,event
10:34:04.002,0.0,0.0,0.0,0.0,0.0,0.0,0.0,0.0,0.0,0.0,0.0,0.0,0.0,0.0,0.0,0.0,0.0,0.0,0.0,0.0,798.20514,787.326,796.1905,913.8461,624.94507,-0.439697265625,0.14495849609375,0.87322998046875,1.891632080078125,-3.701019287109375,0.216827392578125,0.0,4.0,4.0,4.0,4.0,100.0,event
10:34:04.004,0.0,0.0,0.0,0.0,0.0,0.0,0.0,0.0,0.0,0.0,0.0,0.0,0.0,0.0,0.0,0.0,0.0,0.0,0.0,0.0,838.9011,786.1172,790.54944,521.39197,763.95605,-0.439697265625,0.14495849609375,0.87322998046875,1.891632080078125,-3.701019287109375,0.216827392578125,0.0,4.0,4.0,4.0,4.0,100.0,event
10:34:04.005,0.0,0.0,0.0,0.0,0.0,0.0,0.0,0.0,0.0,0.0,0.0,0.0,0.0,0.0,0.0,0.0,0.0,0.0,0.0,0.0,847.76556,785.7143,790.9524,294.5421,822.7839,-0.439697265625,0.14495849609375,0.87322998046875,1.891632080078125,-3.701019287109375,0.216827392578125,0.0,4.0,4.0,4.0,4.0,100.0,event
10:34:04.005,0.0,0.0,0.0,0.0,0.0,0.0,0.0,0.0,0.0,0.0,0.0,0.0,0.0,0.0,0.0,0.0,0.0,0.0,0.0,0.0,810.293,782.8938,797.3993,282.45422,789.34064,-0.439697265625,0.14495849609375,0.87322998046875,1.891632080078125,-3.701019287109375,0.216827392578125,0.0,4.0,4.0,4.0,4.0,100.0,event
10:34:04.006,0.0,0.0,0.0,0.0,0.0,0.0,0.0,0.0,0.0,0.0,0.0,0.0,0.0,0.0,0.0,0.0,0.0,0.0,0.0,0.0,775.2381,784.10254,802.6374,422.27106,832.8571,-0.439697265625,0.14495849609375,0.87322998046875,1.891632080078125,-3.701019287109375,0.216827392578125,0.0,4.0,4.0,4.0,4.0,100.0,event
10:34:04.007,0.0,0.0,0.0,0.0,0.0,0.0,0.0,0.0,0.0,0.0,0.0,0.0,0.0,0.0,0.0,0.0,0.0,0.0,0.0,0.0,813.5165,786.9231,795.78754,708.7546,1005.31134,-0.439697265625,0.14495849609375,0.87322998046875,1.891632080078125,-3.701019287109375,0.216827392578125,0.0,4.0,4.0,4.0,4.0,100.0,event
10:34:04.007,0.0,0.0,0.0,0.0,0.0,0.0,0.0,0.0,0.0,0.0,0.0,0.0,0.0,0.0,0.0,0.0,0.0,0.0,0.0,0.0,781.685,786.1172,798.20514,520.18317,1043.1868,-0.439697265625,0.14495849609375,0.87322998046875,1.891632080078125,-3.701019287109375,0.216827392578125,0.0,4.0,4.0,4.0,4.0,100.0,event
10:34:04.008,0.0,0.0,0.0,0.0,0.0,0.0,0.0,0.0,0.0,0.0,0.0,0.0,0.0,0.0,0.0,0.0,0.0,0.0,0.0,0.0,724.87177,786.52014,796.1905,692.6374,854.21246,-0.439697265625,0.14495849609375,0.87322998046875,1.891632080078125,-3.701019287109375,0.216827392578125,0.0,4.0,4.0,4.0,4.0,100.0,event
10:34:04.008,0.0,0.0,0.0,0.0,0.0,0.0,0.0,0.0,0.0,0.0,0.0,0.0,0.0,0.0,0.0,0.0,0.0,0.0,0.0,0.0,783.2967,786.52014,798.60803,689.011,794.9817,-0.439697265625,0.14495849609375,0.87322998046875,1.891632080078125,-3.701019287109375,0.216827392578125,0.0,4.0,4.0,4.0,4.0,100.0,event
10:34:04.008,0.0,0.0,0.0,0.0,0.0,0.0,0.0,0.0,0.0,0.0,0.0,0.0,0.0,0.0,0.0,0.0,0.0,0.0,0.0,0.0,834.4689,786.9231,799.81683,874.35895,837.28937,-0.439697265625,0.14495849609375,0.87322998046875,1.891632080078125,-3.701019287109375,0.216827392578125,0.0,4.0,4.0,4.0,4.0,100.0,event
10:34:04.009,0.0,0.0,0.0,0.0,0.0,0.0,0.0,0.0,0.0,0.0,0.0,0.0,0.0,0.0,0.0,0.0,0.0,0.0,0.0,0.0,731.7216,784.10254,798.20514,746.2271,740.58606,-0.439697265625,0.14495849609375,0.87322998046875,1.891632080078125,-3.701019287109375,0.216827392578125,0.0,4.0,4.0,4.0,4.0,100.0,event
10:34:04.092,0.0,0.0,0.0,0.0,0.0,0.0,0.0,0.0,0.0,0.0,0.0,0.0,0.0,0.0,0.0,0.0,0.0,0.0,0.0,0.0,765.16486,782.0879,800.6227,500.43958,638.6447,-0.44110107421875,0.14593505859375,0.87774658203125,2.444915771484375,-3.81317138671875,-0.291595458984375,0.0,4.0,4.0,4.0,4.0,100.0,event
10:34:04.093,0.0,0.0,0.0,0.0,0.0,0.0,0.0,0.0,0.0,0.0,0.0,0.0,0.0,0.0,0.0,0.0,0.0,0.0,0.0,0.0,777.25275,787.72894,798.20514,485.1282,737.76556,-0.44110107421875,0.14593505859375,0.87774658203125,2.444915771484375,-3.81317138671875,-0.291595458984375,0.0,4.0,4.0,4.0,4.0,100.0,event
10:34:04.094,0.0,0.0,0.0,0.0,0.0,0.0,0.0,0.0,0.0,0.0,0.0,0.0,0.0,0.0,0.0,0.0,0.0,0.0,0.0,0.0,724.0659,787.326,799.41394,483.9194,784.90845,-0.44110107421875,0.14593505859375,0.87774658203125,2.444915771484375,-3.81317138671875,-0.291595458984375,0.0,4.0,4.0,4.0,4.0,100.0,event
10:34:04.094,0.0,0.0,0.0,0.0,0.0,0.0,0.0,0.0,0.0,0.0,0.0,0.0,0.0,0.0,0.0,0.0,0.0,0.0,0.0,0.0,664.43225,784.5055,799.41394,335.2381,707.5458,-0.44110107421875,0.14593505859375,0.87774658203125,2.444915771484375,-3.81317138671875,-0.291595458984375,0.0,4.0,4.0,4.0,4.0,100.0,event
10:34:04.095,0.0,0.0,0.0,0.0,0.0,0.0,0.0,0.0,0.0,0.0,0.0,0.0,0.0,0.0,0.0,0.0,0.0,0.0,0.0,0.0,663.22345,781.28204,792.5641,264.72528,627.3626,-0.44110107421875,0.14593505859375,0.87774658203125,2.444915771484375,-3.81317138671875,-0.291595458984375,0.0,4.0,4.0,4.0,4.0,100.0,event
10:34:04.096,0.0,0.0,0.0,0.0,0.0,0.0,0.0,0.0,0.0,0.0,0.0,0.0,0.0,0.0,0.0,0.0,0.0,0.0,0.0,0.0,690.6227,778.86444,789.34064,104.35897,767.1795,-0.44110107421875,0.14593505859375,0.87774658203125,2.444915771484375,-3.81317138671875,-0.291595458984375,0.0,4.0,4.0,4.0,4.0,100.0,event
10:34:04.096,0.0,0.0,0.0,0.0,0.0,0.0,0.0,0.0,0.0,0.0,0.0,0.0,0.0,0.0,0.0,0.0,0.0,0.0,0.0,0.0,707.1429,780.4762,788.5348,0.0,954.1392,-0.44110107421875,0.14593505859375,0.87774658203125,2.444915771484375,-3.81317138671875,-0.291595458984375,0.0,4.0,4.0,4.0,4.0,100.0,event
10:34:04.097,0.0,0.0,0.0,0.0,0.0,0.0,0.0,0.0,0.0,0.0,0.0,0.0,0.0,0.0,0.0,0.0,0.0,0.0,0.0,0.0,674.90845,782.8938,794.17584,5.6410255,858.24176,-0.44110107421875,0.14593505859375,0.87774658203125,2.444915771484375,-3.81317138671875,-0.291595458984375,0.0,4.0,4.0,4.0,4.0,100.0,event
10:34:04.098,0.0,0.0,0.0,0.0,0.0,0.0,0.0,0.0,0.0,0.0,0.0,0.0,0.0,0.0,0.0,0.0,0.0,0.0,0.0,0.0,625.34796,776.8498,806.26373,0.0,765.56775,-0.44110107421875,0.14593505859375,0.87774658203125,2.444915771484375,-3.81317138671875,-0.291595458984375,0.0,4.0,4.0,4.0,4.0,100.0,event
10:34:04.098,0.0,0.0,0.0,0.0,0.0,0.0,0.0,0.0,0.0,0.0,0.0,0.0,0.0,0.0,0.0,0.0,0.0,0.0,0.0,0.0,627.3626,780.4762,803.0403,0.0,674.10254,-0.44110107421875,0.14593505859375,0.87774658203125,2.444915771484375,-3.81317138671875,-0.291595458984375,0.0,4.0,4.0,4.0,4.0,100.0,event
10:34:04.102,0.0,0.0,0.0,0.0,0.0,0.0,0.0,0.0,0.0,0.0,0.0,0.0,0.0,0.0,0.0,0.0,0.0,0.0,0.0,0.0,666.04395,778.86444,803.44324,0.0,1050.4396,-0.44110107421875,0.14593505859375,0.87774658203125,2.444915771484375,-3.81317138671875,-0.291595458984375,0.0,4.0,4.0,4.0,4.0,100.0,event
10:34:04.103,0.0,0.0,0.0,0.0,0.0,0.0,0.0,0.0,0.0,0.0,0.0,0.0,0.0,0.0,0.0,0.0,0.0,0.0,0.0,0.0,724.87177,780.07324,792.1612,0.0,996.04395,-0.44110107421875,0.14593505859375,0.87774658203125,2.444915771484375,-3.81317138671875,-0.291595458984375,0.0,4.0,4.0,4.0,4.0,100.0,event
10:34:04.151,0.0,0.0,0.0,0.0,0.0,0.0,0.0,0.0,0.0,0.0,0.0,0.0,0.0,0.0,0.0,0.0,0.0,0.0,0.0,0.0,740.58606,780.07324,793.36993,0.0,825.2015,-0.4425048828125,0.14678955078125,0.87872314453125,1.996307373046875,-3.3795166015625,-0.3289794921875,0.0,4.0,4.0,4.0,4.0,100.0,event
10:34:04.152,0.0,0.0,0.0,0.0,0.0,0.0,0.0,0.0,0.0,0.0,0.0,0.0,0.0,0.0,0.0,0.0,0.0,0.0,0.0,0.0,707.1429,778.0586,802.23444,0.0,861.8681,-0.4425048828125,0.14678955078125,0.87872314453125,1.996307373046875,-3.3795166015625,-0.3289794921875,0.0,4.0,4.0,4.0,4.0,100.0,event
10:34:04.154,0.0,0.0,0.0,0.0,0.0,0.0,0.0,0.0,0.0,0.0,0.0,0.0,0.0,0.0,0.0,0.0,0.0,0.0,0.0,0.0,707.9487,776.04395,801.02563,0.8058608,766.3736,-0.4425048828125,0.14678955078125,0.87872314453125,1.996307373046875,-3.3795166015625,-0.3289794921875,0.0,4.0,4.0,4.0,4.0,100.0,event
10:34:04.156,0.0,0.0,0.0,0.0,0.0,0.0,0.0,0.0,0.0,0.0,0.0,0.0,0.0,0.0,0.0,0.0,0.0,0.0,0.0,0.0,754.2857,778.46155,801.02563,0.0,649.5238,-0.4425048828125,0.14678955078125,0.87872314453125,1.996307373046875,-3.3795166015625,-0.3289794921875,0.0,4.0,4.0,4.0,4.0,100.0,event
10:34:04.157,0.0,0.0,0.0,0.0,0.0,0.0,0.0,0.0,0.0,0.0,0.0,0.0,0.0,0.0,0.0,0.0,0.0,0.0,0.0,0.0,808.2784,778.86444,803.44324,6.4468865,765.16486,-0.4425048828125,0.14678955078125,0.87872314453125,1.996307373046875,-3.3795166015625,-0.3289794921875,0.0,4.0,4.0,4.0,4.0,100.0,event
10:34:04.159,0.0,0.0,0.0,0.0,0.0,0.0,0.0,0.0,0.0,0.0,0.0,0.0,0.0,0.0,0.0,0.0,0.0,0.0,0.0,0.0,806.26373,780.87915,803.8461,44.322346,891.685,-0.4425048828125,0.14678955078125,0.87872314453125,1.996307373046875,-3.3795166015625,-0.3289794921875,0.0,4.0,4.0,4.0,4.0,100.0,event
10:34:04.161,0.0,0.0,0.0,0.0,0.0,0.0,0.0,0.0,0.0,0.0,0.0,0.0,0.0,0.0,0.0,0.0,0.0,0.0,0.0,0.0,769.59705,781.685,796.99634,82.60073,844.5421,-0.4425048828125,0.14678955078125,0.87872314453125,1.996307373046875,-3.3795166015625,-0.3289794921875,0.0,4.0,4.0,4.0,4.0,100.0,event
10:34:04.162,0.0,0.0,0.0,0.0,0.0,0.0,0.0,0.0,0.0,0.0,0.0,0.0,0.0,0.0,0.0,0.0,0.0,0.0,0.0,0.0,768.3883,778.86444,794.57874,116.849815,711.5751,-0.4425048828125,0.14678955078125,0.87872314453125,1.996307373046875,-3.3795166015625,-0.3289794921875,0.0,4.0,4.0,4.0,4.0,100.0,event
10:34:04.164,0.0,0.0,0.0,0.0,0.0,0.0,0.0,0.0,0.0,0.0,0.0,0.0,0.0,0.0,0.0,0.0,0.0,0.0,0.0,0.0,794.9817,776.8498,793.36993,191.79488,757.9121,-0.4425048828125,0.14678955078125,0.87872314453125,1.996307373046875,-3.3795166015625,-0.3289794921875,0.0,4.0,4.0,4.0,4.0,100.0,event
10:34:04.166,0.0,0.0,0.0,0.0,0.0,0.0,0.0,0.0,0.0,0.0,0.0,0.0,0.0,0.0,0.0,0.0,0.0,0.0,0.0,0.0,838.9011,777.6557,779.67035,323.5531,902.5641,-0.4425048828125,0.14678955078125,0.87872314453125,1.996307373046875,-3.3795166015625,-0.3289794921875,0.0,4.0,4.0,4.0,4.0,100.0,event
10:34:04.167,0.0,0.0,0.0,0.0,0.0,0.0,0.0,0.0,0.0,0.0,0.0,0.0,0.0,0.0,0.0,0.0,0.0,0.0,0.0,0.0,858.6447,780.87915,782.49084,400.1099,807.8755,-0.4425048828125,0.14678955078125,0.87872314453125,1.996307373046875,-3.3795166015625,-0.3289794921875,0.0,4.0,4.0,4.0,4.0,100.0,event
10:34:04.168,0.0,0.0,0.0,0.0,0.0,0.0,0.0,0.0,0.0,0.0,0.0,0.0,0.0,0.0,0.0,0.0,0.0,0.0,0.0,0.0,823.1868,777.25275,805.4579,403.73627,670.07324,-0.4425048828125,0.14678955078125,0.87872314453125,1.996307373046875,-3.3795166015625,-0.3289794921875,0.0,4.0,4.0,4.0,4.0,100.0,event
10:34:04.170,0.0,0.0,0.0,0.0,0.0,0.0,0.0,0.0,0.0,0.0,0.0,0.0,0.0,0.0,0.0,0.0,0.0,0.0,0.0,0.0,791.75824,776.04395,810.293,357.8022,714.7985,-0.4425048828125,0.14678955078125,0.87872314453125,1.996307373046875,-3.3795166015625,-0.3289794921875,0.0,4.0,4.0,4.0,4.0,100.0,event
10:34:04.171,0.0,0.0,0.0,0.0,0.0,0.0,0.0,0.0,0.0,0.0,0.0,0.0,0.0,0.0,0.0,0.0,0.0,0.0,0.0,0.0,819.15753,780.07324,799.41394,348.5348,959.3773,-0.4425048828125,0.14678955078125,0.87872314453125,1.996307373046875,-3.3795166015625,-0.3289794921875,0.0,4.0,4.0,4.0,4.0,100.0,event
10:34:04.172,0.0,0.0,0.0,0.0,0.0,0.0,0.0,0.0,0.0,0.0,0.0,0.0,0.0,0.0,0.0,0.0,0.0,0.0,0.0,0.0,871.13556,780.4762,796.5934,391.64835,917.0696,-0.4425048828125,0.14678955078125,0.87872314453125,1.996307373046875,-3.3795166015625,-0.3289794921875,0.0,4.0,4.0,4.0,4.0,100.0,event
10:34:04.174,0.0,0.0,0.0,0.0,0.0,0.0,0.0,0.0,0.0,0.0,0.0,0.0,0.0,0.0,0.0,0.0,0.0,0.0,0.0,0.0,875.56775,783.69965,795.38464,408.97437,770.40295,-0.4425048828125,0.14678955078125,0.87872314453125,1.996307373046875,-3.3795166015625,-0.3289794921875,0.0,4.0,4.0,4.0,4.0,100.0,event
10:34:04.175,0.0,0.0,0.0,0.0,0.0,0.0,0.0,0.0,0.0,0.0,0.0,0.0,0.0,0.0,0.0,0.0,0.0,0.0,0.0,0.0,827.2161,781.685,794.57874,396.48352,756.30035,-0.4425048828125,0.14678955078125,0.87872314453125,1.996307373046875,-3.3795166015625,-0.3289794921875,0.0,4.0,4.0,4.0,4.0,100.0,event
10:34:04.176,0.0,0.0,0.0,0.0,0.0,0.0,0.0,0.0,0.0,0.0,0.0,0.0,0.0,0.0,0.0,0.0,0.0,0.0,0.0,0.0,807.0696,780.07324,786.1172,402.9304,852.1978,-0.4425048828125,0.14678955078125,0.87872314453125,1.996307373046875,-3.3795166015625,-0.3289794921875,0.0,4.0,4.0,4.0,4.0,100.0,event
10:34:04.176,0.0,0.0,0.0,0.0,0.0,0.0,0.0,0.0,0.0,0.0,0.0,0.0,0.0,0.0,0.0,0.0,0.0,0.0,0.0,0.0,838.9011,782.8938,783.2967,437.98535,870.7326,-0.4425048828125,0.14678955078125,0.87872314453125,1.996307373046875,-3.3795166015625,-0.3289794921875,0.0,4.0,4.0,4.0,4.0,100.0,event
10:34:04.177,0.0,0.0,0.0,0.0,0.0,0.0,0.0,0.0,0.0,0.0,0.0,0.0,0.0,0.0,0.0,0.0,0.0,0.0,0.0,0.0,875.9707,778.86444,795.78754,474.24908,693.8461,-0.4425048828125,0.14678955078125,0.87872314453125,1.996307373046875,-3.3795166015625,-0.3289794921875,0.0,4.0,4.0,4.0,4.0,100.0,event
10:34:04.178,0.0,0.0,0.0,0.0,0.0,0.0,0.0,0.0,0.0,0.0,0.0,0.0,0.0,0.0,0.0,0.0,0.0,0.0,0.0,0.0,873.95605,774.0293,800.6227,457.72894,770.80585,-0.4425048828125,0.14678955078125,0.87872314453125,1.996307373046875,-3.3795166015625,-0.3289794921875,0.0,4.0,4.0,4.0,4.0,100.0,event
10:34:04.178,0.0,0.0,0.0,0.0,0.0,0.0,0.0,0.0,0.0,0.0,0.0,0.0,0.0,0.0,0.0,0.0,0.0,0.0,0.0,0.0,823.5897,778.86444,792.96704,464.57877,950.5128,-0.4425048828125,0.14678955078125,0.87872314453125,1.996307373046875,-3.3795166015625,-0.3289794921875,0.0,4.0,4.0,4.0,4.0,100.0,event
10:34:04.179,0.0,0.0,0.0,0.0,0.0,0.0,0.0,0.0,0.0,0.0,0.0,0.0,0.0,0.0,0.0,0.0,0.0,0.0,0.0,0.0,805.4579,779.2674,793.36993,557.25275,775.64105,-0.4425048828125,0.14678955078125,0.87872314453125,1.996307373046875,-3.3795166015625,-0.3289794921875,0.0,4.0,4.0,4.0,4.0,100.0,event
10:34:04.180,0.0,0.0,0.0,0.0,0.0,0.0,0.0,0.0,0.0,0.0,0.0,0.0,0.0,0.0,0.0,0.0,0.0,0.0,0.0,0.0,830.0366,778.46155,796.5934,618.9011,701.9048,-0.4425048828125,0.14678955078125,0.87872314453125,1.996307373046875,-3.3795166015625,-0.3289794921875,0.0,4.0,4.0,4.0,4.0,100.0,event
10:34:04.232,0.0,0.0,0.0,0.0,0.0,0.0,0.0,0.0,0.0,0.0,0.0,0.0,0.0,0.0,0.0,0.0,0.0,0.0,0.0,0.0,860.65936,782.8938,795.38464,670.4762,755.09155,-0.447265625,0.141845703125,0.873291015625,1.83929443359375,-3.09539794921875,-0.560760498046875,0.0,4.0,4.0,4.0,4.0,100.0,event
10:34:04.233,0.0,0.0,0.0,0.0,0.0,0.0,0.0,0.0,0.0,0.0,0.0,0.0,0.0,0.0,0.0,0.0,0.0,0.0,0.0,0.0,880.80585,784.10254,795.38464,664.83514,738.97437,-0.447265625,0.141845703125,0.873291015625,1.83929443359375,-3.09539794921875,-0.560760498046875,0.0,4.0,4.0,4.0,4.0,100.0,event
10:34:04.235,0.0,0.0,0.0,0.0,0.0,0.0,0.0,0.0,0.0,0.0,0.0,0.0,0.0,0.0,0.0,0.0,0.0,0.0,0.0,0.0,856.63007,786.52014,796.5934,649.92676,714.7985,-0.447265625,0.141845703125,0.873291015625,1.83929443359375,-3.09539794921875,-0.560760498046875,0.0,4.0,4.0,4.0,4.0,100.0,event
10:34:04.236,0.0,0.0,0.0,0.0,0.0,0.0,0.0,0.0,0.0,0.0,0.0,0.0,0.0,0.0,0.0,0.0,0.0,0.0,0.0,0.0,823.5897,790.9524,791.75824,759.5238,740.58606,-0.447265625,0.141845703125,0.873291015625,1.83929443359375,-3.09539794921875,-0.560760498046875,0.0,4.0,4.0,4.0,4.0,100.0,event
10:34:04.238,0.0,0.0,0.0,0.0,0.0,0.0,0.0,0.0,0.0,0.0,0.0,0.0,0.0,0.0,0.0,0.0,0.0,0.0,0.0,0.0,835.6777,793.7729,792.1612,907.3993,829.6337,-0.447265625,0.141845703125,0.873291015625,1.83929443359375,-3.09539794921875,-0.560760498046875,0.0,4.0,4.0,4.0,4.0,100.0,event
10:34:04.239,0.0,0.0,0.0,0.0,0.0,0.0,0.0,0.0,0.0,0.0,0.0,0.0,0.0,0.0,0.0,0.0,0.0,0.0,0.0,0.0,876.3736,794.9817,794.9817,989.19415,887.6557,-0.447265625,0.141845703125,0.873291015625,1.83929443359375,-3.09539794921875,-0.560760498046875,0.0,4.0,4.0,4.0,4.0,100.0,event
10:34:04.241,0.0,0.0,0.0,0.0,0.0,0.0,0.0,0.0,0.0,0.0,0.0,0.0,0.0,0.0,0.0,0.0,0.0,0.0,0.0,0.0,902.5641,792.5641,797.8022,986.77655,934.7985,-0.447265625,0.141845703125,0.873291015625,1.83929443359375,-3.09539794921875,-0.560760498046875,0.0,4.0,4.0,4.0,4.0,100.0,event
10:34:04.242,0.0,0.0,0.0,0.0,0.0,0.0,0.0,0.0,0.0,0.0,0.0,0.0,0.0,0.0,0.0,0.0,0.0,0.0,0.0,0.0,868.315,787.326,799.81683,974.2857,920.696,-0.447265625,0.141845703125,0.873291015625,1.83929443359375,-3.09539794921875,-0.560760498046875,0.0,4.0,4.0,4.0,4.0,100.0,event
10:34:04.243,0.0,0.0,0.0,0.0,0.0,0.0,0.0,0.0,0.0,0.0,0.0,0.0,0.0,0.0,0.0,0.0,0.0,0.0,0.0,0.0,816.7399,786.9231,800.2198,902.96704,979.92676,-0.447265625,0.141845703125,0.873291015625,1.83929443359375,-3.09539794921875,-0.560760498046875,0.0,4.0,4.0,4.0,4.0,100.0,event
10:34:04.244,0.0,0.0,0.0,0.0,0.0,0.0,0.0,0.0,0.0,0.0,0.0,0.0,0.0,0.0,0.0,0.0,0.0,0.0,0.0,0.0,823.5897,784.90845,796.5934,855.82416,1080.6593,-0.447265625,0.141845703125,0.873291015625,1.83929443359375,-3.09539794921875,-0.560760498046875,0.0,4.0,4.0,4.0,4.0,100.0,event
10:34:04.244,0.0,0.0,0.0,0.0,0.0,0.0,0.0,0.0,0.0,0.0,0.0,0.0,0.0,0.0,0.0,0.0,0.0,0.0,0.0,0.0,869.92676,782.0879,797.8022,835.2747,861.4652,-0.447265625,0.141845703125,0.873291015625,1.83929443359375,-3.09539794921875,-0.560760498046875,0.0,4.0,4.0,4.0,4.0,100.0,event
10:34:04.245,0.0,0.0,0.0,0.0,0.0,0.0,0.0,0.0,0.0,0.0,0.0,0.0,0.0,0.0,0.0,0.0,0.0,0.0,0.0,0.0,900.14655,782.8938,802.6374,798.60803,815.12823,-0.447265625,0.141845703125,0.873291015625,1.83929443359375,-3.09539794921875,-0.560760498046875,0.0,4.0,4.0,4.0,4.0,100.0,event
10:34:04.246,0.0,0.0,0.0,0.0,0.0,0.0,0.0,0.0,0.0,0.0,0.0,0.0,0.0,0.0,0.0,0.0,0.0,0.0,0.0,0.0,868.71796,784.10254,802.23444,814.7253,851.79486,-0.44830322265625,0.1435546875,0.88092041015625,2.519683837890625,-2.85614013671875,-0.67291259765625,0.0,4.0,4.0,4.0,4.0,100.0,event
10:34:04.247,0.0,0.0,0.0,0.0,0.0,0.0,0.0,0.0,0.0,0.0,0.0,0.0,0.0,0.0,0.0,0.0,0.0,0.0,0.0,0.0,823.1868,782.49084,797.8022,869.5238,736.1539,-0.44830322265625,0.1435546875,0.88092041015625,2.519683837890625,-2.85614013671875,-0.67291259765625,0.0,4.0,4.0,4.0,4.0,100.0,event
10:34:04.247,0.0,0.0,0.0,0.0,0.0,0.0,0.0,0.0,0.0,0.0,0.0,0.0,0.0,0.0,0.0,0.0,0.0,0.0,0.0,0.0,821.978,782.0879,792.1612,680.9524,701.50183,-0.44830322265625,0.1435546875,0.88092041015625,2.519683837890625,-2.85614013671875,-0.67291259765625,0.0,4.0,4.0,4.0,4.0,100.0,event
10:34:04.248,0.0,0.0,0.0,0.0,0.0,0.0,0.0,0.0,0.0,0.0,0.0,0.0,0.0,0.0,0.0,0.0,0.0,0.0,0.0,0.0,857.4359,784.5055,792.1612,779.67035,777.25275,-0.44830322265625,0.1435546875,0.88092041015625,2.519683837890625,-2.85614013671875,-0.67291259765625,0.0,4.0,4.0,4.0,4.0,100.0,event
10:34:04.249,0.0,0.0,0.0,0.0,0.0,0.0,0.0,0.0,0.0,0.0,0.0,0.0,0.0,0.0,0.0,0.0,0.0,0.0,0.0,0.0,888.46155,784.90845,795.78754,1316.3737,855.82416,-0.44830322265625,0.1435546875,0.88092041015625,2.519683837890625,-2.85614013671875,-0.67291259765625,0.0,4.0,4.0,4.0,4.0,100.0,event
10:34:04.249,0.0,0.0,0.0,0.0,0.0,0.0,0.0,0.0,0.0,0.0,0.0,0.0,0.0,0.0,0.0,0.0,0.0,0.0,0.0,0.0,863.8828,783.69965,793.7729,1602.4542,901.3553,-0.44830322265625,0.1435546875,0.88092041015625,2.519683837890625,-2.85614013671875,-0.67291259765625,0.0,4.0,4.0,4.0,4.0,100.0,event
10:34:04.250,0.0,0.0,0.0,0.0,0.0,0.0,0.0,0.0,0.0,0.0,0.0,0.0,0.0,0.0,0.0,0.0,0.0,0.0,0.0,0.0,811.9048,782.8938,791.75824,1620.989,834.4689,-0.44830322265625,0.1435546875,0.88092041015625,2.519683837890625,-2.85614013671875,-0.67291259765625,0.0,4.0,4.0,4.0,4.0,100.0,event
10:34:04.251,0.0,0.0,0.0,0.0,0.0,0.0,0.0,0.0,0.0,0.0,0.0,0.0,0.0,0.0,0.0,0.0,0.0,0.0,0.0,0.0,808.68134,781.28204,791.75824,1624.2124,838.9011,-0.44830322265625,0.1435546875,0.88092041015625,2.519683837890625,-2.85614013671875,-0.67291259765625,0.0,4.0,4.0,4.0,4.0,100.0,event
10:34:04.251,0.0,0.0,0.0,0.0,0.0,0.0,0.0,0.0,0.0,0.0,0.0,0.0,0.0,0.0,0.0,0.0,0.0,0.0,0.0,0.0,850.58606,781.28204,792.1612,1629.0476,1016.1905,-0.44830322265625,0.1435546875,0.88092041015625,2.519683837890625,-2.85614013671875,-0.67291259765625,0.0,4.0,4.0,4.0,4.0,100.0,event
10:34:04.252,0.0,0.0,0.0,0.0,0.0,0.0,0.0,0.0,0.0,0.0,0.0,0.0,0.0,0.0,0.0,0.0,0.0,0.0,0.0,0.0,886.8498,784.90845,796.1905,1628.2417,843.3333,-0.44830322265625,0.1435546875,0.88092041015625,2.519683837890625,-2.85614013671875,-0.67291259765625,0.0,4.0,4.0,4.0,4.0,100.0,event
10:34:04.252,0.0,0.0,0.0,0.0,0.0,0.0,0.0,0.0,0.0,0.0,0.0,0.0,0.0,0.0,0.0,0.0,0.0,0.0,0.0,0.0,875.56775,785.31134,797.3993,1631.0623,682.96704,-0.44830322265625,0.1435546875,0.88092041015625,2.519683837890625,-2.85614013671875,-0.67291259765625,0.0,4.0,4.0,4.0,4.0,100.0,event
10:34:04.253,0.0,0.0,0.0,0.0,0.0,0.0,0.0,0.0,0.0,0.0,0.0,0.0,0.0,0.0,0.0,0.0,0.0,0.0,0.0,0.0,829.6337,784.90845,796.99634,1608.4982,818.7546,-0.44830322265625,0.1435546875,0.88092041015625,2.519683837890625,-2.85614013671875,-0.67291259765625,0.0,4.0,4.0,4.0,4.0,100.0,event
10:34:04.279,0.0,0.0,0.0,0.0,0.0,0.0,0.0,0.0,0.0,0.0,0.0,0.0,0.0,0.0,0.0,0.0,0.0,0.0,0.0,0.0,822.7839,785.31134,791.3553,1612.5275,782.0879,-0.4395751953125,0.14031982421875,0.87518310546875,1.891632080078125,-4.1571044921875,-0.426177978515625,0.0,4.0,4.0,4.0,4.0,100.0,event
10:34:04.280,0.0,0.0,0.0,0.0,0.0,0.0,0.0,0.0,0.0,0.0,0.0,0.0,0.0,0.0,0.0,0.0,0.0,0.0,0.0,0.0,846.9597,786.52014,790.54944,1615.751,643.47986,-0.4395751953125,0.14031982421875,0.87518310546875,1.891632080078125,-4.1571044921875,-0.426177978515625,0.0,4.0,4.0,4.0,4.0,100.0,event
10:34:04.285,0.0,0.0,0.0,0.0,0.0,0.0,0.0,0.0,0.0,0.0,0.0,0.0,0.0,0.0,0.0,0.0,0.0,0.0,0.0,0.0,876.77655,785.7143,792.96704,1441.2821,709.5604,-0.4395751953125,0.14031982421875,0.87518310546875,1.891632080078125,-4.1571044921875,-0.426177978515625,0.0,4.0,4.0,4.0,4.0,100.0,event
10:34:04.286,0.0,0.0,0.0,0.0,0.0,0.0,0.0,0.0,0.0,0.0,0.0,0.0,0.0,0.0,0.0,0.0,0.0,0.0,0.0,0.0,871.9414,784.90845,795.38464,1288.1685,811.50183,-0.4395751953125,0.14031982421875,0.87518310546875,1.891632080078125,-4.1571044921875,-0.426177978515625,0.0,4.0,4.0,4.0,4.0,100.0,event
10:34:04.286,0.0,0.0,0.0,0.0,0.0,0.0,0.0,0.0,0.0,0.0,0.0,0.0,0.0,0.0,0.0,0.0,0.0,0.0,0.0,0.0,829.2308,789.7436,806.6667,1545.238,752.27106,-0.4395751953125,0.14031982421875,0.87518310546875,1.891632080078125,-4.1571044921875,-0.426177978515625,0.0,4.0,4.0,4.0,4.0,100.0,event
10:34:04.287,0.0,0.0,0.0,0.0,0.0,0.0,0.0,0.0,0.0,0.0,0.0,0.0,0.0,0.0,0.0,0.0,0.0,0.0,0.0,0.0,809.0842,790.54944,807.47253,8.461538,767.98535,-0.4395751953125,0.14031982421875,0.87518310546875,1.891632080078125,-4.1571044921875,-0.426177978515625,0.0,4.0,4.0,4.0,4.0,100.0,event
10:34:04.288,0.0,0.0,0.0,0.0,0.0,0.0,0.0,0.0,0.0,0.0,0.0,0.0,0.0,0.0,0.0,0.0,0.0,0.0,0.0,0.0,830.4396,784.90845,800.6227,1611.3187,855.82416,-0.4395751953125,0.14031982421875,0.87518310546875,1.891632080078125,-4.1571044921875,-0.426177978515625,0.0,4.0,4.0,4.0,4.0,100.0,event
10:34:04.288,0.0,0.0,0.0,0.0,0.0,0.0,0.0,0.0,0.0,0.0,0.0,0.0,0.0,0.0,0.0,0.0,0.0,0.0,0.0,0.0,871.53845,784.90845,797.3993,1631.8682,1006.52014,-0.4395751953125,0.14031982421875,0.87518310546875,1.891632080078125,-4.1571044921875,-0.426177978515625,0.0,4.0,4.0,4.0,4.0,100.0,event
10:34:04.289,0.0,0.0,0.0,0.0,0.0,0.0,0.0,0.0,0.0,0.0,0.0,0.0,0.0,0.0,0.0,0.0,0.0,0.0,0.0,0.0,877.98535,788.1319,792.96704,1628.2417,958.97437,-0.4395751953125,0.14031982421875,0.87518310546875,1.891632080078125,-4.1571044921875,-0.426177978515625,0.0,4.0,4.0,4.0,4.0,100.0,event
10:34:04.290,0.0,0.0,0.0,0.0,0.0,0.0,0.0,0.0,0.0,0.0,0.0,0.0,0.0,0.0,0.0,0.0,0.0,0.0,0.0,0.0,830.84247,786.52014,796.5934,1628.2417,724.0659,-0.4395751953125,0.14031982421875,0.87518310546875,1.891632080078125,-4.1571044921875,-0.426177978515625,0.0,4.0,4.0,4.0,4.0,100.0,event
10:34:04.291,0.0,0.0,0.0,0.0,0.0,0.0,0.0,0.0,0.0,0.0,0.0,0.0,0.0,0.0,0.0,0.0,0.0,0.0,0.0,0.0,801.02563,784.5055,798.60803,1628.2417,722.4542,-0.4395751953125,0.14031982421875,0.87518310546875,1.891632080078125,-4.1571044921875,-0.426177978515625,0.0,4.0,4.0,4.0,4.0,100.0,event
10:34:04.292,0.0,0.0,0.0,0.0,0.0,0.0,0.0,0.0,0.0,0.0,0.0,0.0,0.0,0.0,0.0,0.0,0.0,0.0,0.0,0.0,822.381,779.67035,796.5934,1628.2417,866.7033,-0.4395751953125,0.14031982421875,0.87518310546875,1.891632080078125,-4.1571044921875,-0.426177978515625,0.0,4.0,4.0,4.0,4.0,100.0,event
10:34:04.314,0.0,0.0,0.0,0.0,0.0,0.0,0.0,0.0,0.0,0.0,0.0,0.0,0.0,0.0,0.0,0.0,0.0,0.0,0.0,0.0,860.65936,781.28204,799.011,1628.2417,822.7839,-0.43701171875,0.1417236328125,0.8746337890625,2.811279296875,-3.66363525390625,0.7177734375,0.0,4.0,4.0,4.0,4.0,100.0,event
10:34:04.315,0.0,0.0,0.0,0.0,0.0,0.0,0.0,0.0,0.0,0.0,0.0,0.0,0.0,0.0,0.0,0.0,0.0,0.0,0.0,0.0,863.47986,782.49084,794.17584,1628.2417,736.1539,-0.43701171875,0.1417236328125,0.8746337890625,2.811279296875,-3.66363525390625,0.7177734375,0.0,4.0,4.0,4.0,4.0,100.0,event
10:34:04.316,0.0,0.0,0.0,0.0,0.0,0.0,0.0,0.0,0.0,0.0,0.0,0.0,0.0,0.0,0.0,0.0,0.0,0.0,0.0,0.0,821.978,779.67035,789.7436,1628.2417,793.7729,-0.43701171875,0.1417236328125,0.8746337890625,2.811279296875,-3.66363525390625,0.7177734375,0.0,4.0,4.0,4.0,4.0,100.0,event
10:34:04.317,0.0,0.0,0.0,0.0,0.0,0.0,0.0,0.0,0.0,0.0,0.0,0.0,0.0,0.0,0.0,0.0,0.0,0.0,0.0,0.0,794.17584,782.0879,792.5641,1628.2417,805.4579,-0.43701171875,0.1417236328125,0.8746337890625,2.811279296875,-3.66363525390625,0.7177734375,0.0,4.0,4.0,4.0,4.0,100.0,event
10:34:04.318,0.0,0.0,0.0,0.0,0.0,0.0,0.0,0.0,0.0,0.0,0.0,0.0,0.0,0.0,0.0,0.0,0.0,0.0,0.0,0.0,815.12823,783.69965,790.14655,1628.2417,720.0366,-0.43701171875,0.1417236328125,0.8746337890625,2.811279296875,-3.66363525390625,0.7177734375,0.0,4.0,4.0,4.0,4.0,100.0,event
10:34:04.319,0.0,0.0,0.0,0.0,0.0,0.0,0.0,0.0,0.0,0.0,0.0,0.0,0.0,0.0,0.0,0.0,0.0,0.0,0.0,0.0,836.8865,780.87915,792.96704,1628.2417,792.96704,-0.43701171875,0.1417236328125,0.8746337890625,2.811279296875,-3.66363525390625,0.7177734375,0.0,4.0,4.0,4.0,4.0,100.0,event
10:34:04.320,0.0,0.0,0.0,0.0,0.0,0.0,0.0,0.0,0.0,0.0,0.0,0.0,0.0,0.0,0.0,0.0,0.0,0.0,0.0,0.0,858.6447,779.2674,804.65204,1628.2417,1037.9487,-0.43701171875,0.1417236328125,0.8746337890625,2.811279296875,-3.66363525390625,0.7177734375,0.0,4.0,4.0,4.0,4.0,100.0,event
10:34:04.320,0.0,0.0,0.0,0.0,0.0,0.0,0.0,0.0,0.0,0.0,0.0,0.0,0.0,0.0,0.0,0.0,0.0,0.0,0.0,0.0,834.4689,786.1172,807.0696,1629.4506,1131.4286,-0.43701171875,0.1417236328125,0.8746337890625,2.811279296875,-3.66363525390625,0.7177734375,0.0,4.0,4.0,4.0,4.0,100.0,event
10:34:04.321,0.0,0.0,0.0,0.0,0.0,0.0,0.0,0.0,0.0,0.0,0.0,0.0,0.0,0.0,0.0,0.0,0.0,0.0,0.0,0.0,789.34064,788.93774,799.41394,1625.0183,801.8315,-0.43701171875,0.1417236328125,0.8746337890625,2.811279296875,-3.66363525390625,0.7177734375,0.0,4.0,4.0,4.0,4.0,100.0,event
10:34:04.322,0.0,0.0,0.0,0.0,0.0,0.0,0.0,0.0,0.0,0.0,0.0,0.0,0.0,0.0,0.0,0.0,0.0,0.0,0.0,0.0,799.011,782.49084,796.99634,1632.674,624.5421,-0.43701171875,0.1417236328125,0.8746337890625,2.811279296875,-3.66363525390625,0.7177734375,0.0,4.0,4.0,4.0,4.0,100.0,event
10:34:04.323,0.0,0.0,0.0,0.0,0.0,0.0,0.0,0.0,0.0,0.0,0.0,0.0,0.0,0.0,0.0,0.0,0.0,0.0,0.0,0.0,836.4835,784.90845,797.3993,1616.1538,735.34796,-0.43701171875,0.1417236328125,0.8746337890625,2.811279296875,-3.66363525390625,0.7177734375,0.0,4.0,4.0,4.0,4.0,100.0,event
10:34:04.324,0.0,0.0,0.0,0.0,0.0,0.0,0.0,0.0,0.0,0.0,0.0,0.0,0.0,0.0,0.0,0.0,0.0,0.0,0.0,0.0,859.0476,787.326,798.20514,1521.4652,781.685,-0.43701171875,0.1417236328125,0.8746337890625,2.811279296875,-3.66363525390625,0.7177734375,0.0,4.0,4.0,4.0,4.0,100.0,event
10:34:04.376,0.0,0.0,0.0,0.0,0.0,0.0,0.0,0.0,0.0,0.0,0.0,0.0,0.0,0.0,0.0,0.0,0.0,0.0,0.0,0.0,830.0366,784.10254,805.4579,1393.3334,672.49084,-0.43701171875,0.1417236328125,0.8746337890625,2.811279296875,-3.66363525390625,0.7177734375,0.0,4.0,4.0,4.0,4.0,100.0,event
10:34:04.378,0.0,0.0,0.0,0.0,0.0,0.0,0.0,0.0,0.0,0.0,0.0,0.0,0.0,0.0,0.0,0.0,0.0,0.0,0.0,0.0,797.8022,782.0879,795.38464,438.38828,745.82416,-0.43701171875,0.1417236328125,0.8746337890625,2.811279296875,-3.66363525390625,0.7177734375,0.0,4.0,4.0,4.0,4.0,100.0,event
10:34:04.378,0.0,0.0,0.0,0.0,0.0,0.0,0.0,0.0,0.0,0.0,0.0,0.0,0.0,0.0,0.0,0.0,0.0,0.0,0.0,0.0,788.5348,782.49084,803.44324,1175.348,615.2747,-0.43701171875,0.1417236328125,0.8746337890625,2.811279296875,-3.66363525390625,0.7177734375,0.0,4.0,4.0,4.0,4.0,100.0,event
10:34:04.379,0.0,0.0,0.0,0.0,0.0,0.0,0.0,0.0,0.0,0.0,0.0,0.0,0.0,0.0,0.0,0.0,0.0,0.0,0.0,0.0,836.4835,782.8938,791.3553,0.0,711.1722,-0.43701171875,0.1417236328125,0.8746337890625,2.811279296875,-3.66363525390625,0.7177734375,0.0,4.0,4.0,4.0,4.0,100.0,event
10:34:04.383,0.0,0.0,0.0,0.0,0.0,0.0,0.0,0.0,0.0,0.0,0.0,0.0,0.0,0.0,0.0,0.0,0.0,0.0,0.0,0.0,862.27106,783.2967,790.54944,137.8022,648.71796,-0.43701171875,0.1417236328125,0.8746337890625,2.811279296875,-3.66363525390625,0.7177734375,0.0,4.0,4.0,4.0,4.0,100.0,event
10:34:04.383,0.0,0.0,0.0,0.0,0.0,0.0,0.0,0.0,0.0,0.0,0.0,0.0,0.0,0.0,0.0,0.0,0.0,0.0,0.0,0.0,830.0366,782.49084,798.60803,23.772894,760.7326,-0.43701171875,0.1417236328125,0.8746337890625,2.811279296875,-3.66363525390625,0.7177734375,0.0,4.0,4.0,4.0,4.0,100.0,event
10:34:04.384,0.0,0.0,0.0,0.0,0.0,0.0,0.0,0.0,0.0,0.0,0.0,0.0,0.0,0.0,0.0,0.0,0.0,0.0,0.0,0.0,773.6264,783.69965,797.8022,25.384615,921.9048,-0.43701171875,0.1417236328125,0.8746337890625,2.811279296875,-3.66363525390625,0.7177734375,0.0,4.0,4.0,4.0,4.0,100.0,event
10:34:04.385,0.0,0.0,0.0,0.0,0.0,0.0,0.0,0.0,0.0,0.0,0.0,0.0,0.0,0.0,0.0,0.0,0.0,0.0,0.0,0.0,774.43225,784.90845,794.9817,664.43225,928.3516,-0.43701171875,0.1417236328125,0.8746337890625,2.811279296875,-3.66363525390625,0.7177734375,0.0,4.0,4.0,4.0,4.0,100.0,event
10:34:04.385,0.0,0.0,0.0,0.0,0.0,0.0,0.0,0.0,0.0,0.0,0.0,0.0,0.0,0.0,0.0,0.0,0.0,0.0,0.0,0.0,823.9927,784.5055,798.20514,827.619,703.1135,-0.43701171875,0.1417236328125,0.8746337890625,2.811279296875,-3.66363525390625,0.7177734375,0.0,4.0,4.0,4.0,4.0,100.0,event
10:34:04.386,0.0,0.0,0.0,0.0,0.0,0.0,0.0,0.0,0.0,0.0,0.0,0.0,0.0,0.0,0.0,0.0,0.0,0.0,0.0,0.0,849.7802,782.49084,799.41394,175.27472,653.5531,-0.43701171875,0.1417236328125,0.8746337890625,2.811279296875,-3.66363525390625,0.7177734375,0.0,4.0,4.0,4.0,4.0,100.0,event
10:34:04.387,0.0,0.0,0.0,0.0,0.0,0.0,0.0,0.0,0.0,0.0,0.0,0.0,0.0,0.0,0.0,0.0,0.0,0.0,0.0,0.0,816.7399,784.10254,800.2198,0.0,718.4249,-0.43701171875,0.1417236328125,0.8746337890625,2.811279296875,-3.66363525390625,0.7177734375,0.0,4.0,4.0,4.0,4.0,100.0,event
10:34:04.387,0.0,0.0,0.0,0.0,0.0,0.0,0.0,0.0,0.0,0.0,0.0,0.0,0.0,0.0,0.0,0.0,0.0,0.0,0.0,0.0,773.6264,783.69965,799.41394,28.608059,660.80585,-0.43701171875,0.1417236328125,0.8746337890625,2.811279296875,-3.66363525390625,0.7177734375,0.0,4.0,4.0,4.0,4.0,100.0,event
10:34:04.434,0.0,0.0,0.0,0.0,0.0,0.0,0.0,0.0,0.0,0.0,0.0,0.0,0.0,0.0,0.0,0.0,0.0,0.0,0.0,0.0,764.7619,783.2967,793.7729,73.333336,608.8278,-0.4403076171875,0.14886474609375,0.88092041015625,2.85614013671875,-3.715972900390625,1.65985107421875,0.0,4.0,4.0,4.0,4.0,100.0,event
10:34:04.436,0.0,0.0,0.0,0.0,0.0,0.0,0.0,0.0,0.0,0.0,0.0,0.0,0.0,0.0,0.0,0.0,0.0,0.0,0.0,0.0,796.1905,782.0879,788.5348,161.97803,705.12823,-0.4403076171875,0.14886474609375,0.88092041015625,2.85614013671875,-3.715972900390625,1.65985107421875,0.0,4.0,4.0,4.0,4.0,100.0,event
10:34:04.438,0.0,0.0,0.0,0.0,0.0,0.0,0.0,0.0,0.0,0.0,0.0,0.0,0.0,0.0,0.0,0.0,0.0,0.0,0.0,0.0,843.73627,780.4762,793.7729,625.34796,779.2674,-0.4403076171875,0.14886474609375,0.88092041015625,2.85614013671875,-3.715972900390625,1.65985107421875,0.0,4.0,4.0,4.0,4.0,100.0,event
10:34:04.440,0.0,0.0,0.0,0.0,0.0,0.0,0.0,0.0,0.0,0.0,0.0,0.0,0.0,0.0,0.0,0.0,0.0,0.0,0.0,0.0,835.6777,782.8938,800.2198,1023.0403,748.24176,-0.4403076171875,0.14886474609375,0.88092041015625,2.85614013671875,-3.715972900390625,1.65985107421875,0.0,4.0,4.0,4.0,4.0,100.0,event
10:34:04.442,0.0,0.0,0.0,0.0,0.0,0.0,0.0,0.0,0.0,0.0,0.0,0.0,0.0,0.0,0.0,0.0,0.0,0.0,0.0,0.0,785.31134,781.685,794.9817,284.46887,721.6484,-0.4403076171875,0.14886474609375,0.88092041015625,2.85614013671875,-3.715972900390625,1.65985107421875,0.0,4.0,4.0,4.0,4.0,100.0,event
10:34:04.443,0.0,0.0,0.0,0.0,0.0,0.0,0.0,0.0,0.0,0.0,0.0,0.0,0.0,0.0,0.0,0.0,0.0,0.0,0.0,0.0,771.2088,781.28204,796.1905,286.88644,848.1685,-0.4403076171875,0.14886474609375,0.88092041015625,2.85614013671875,-3.715972900390625,1.65985107421875,0.0,4.0,4.0,4.0,4.0,100.0,event
10:34:04.445,0.0,0.0,0.0,0.0,0.0,0.0,0.0,0.0,0.0,0.0,0.0,0.0,0.0,0.0,0.0,0.0,0.0,0.0,0.0,0.0,803.0403,781.685,797.3993,1301.8682,1015.78754,-0.4403076171875,0.14886474609375,0.88092041015625,2.85614013671875,-3.715972900390625,1.65985107421875,0.0,4.0,4.0,4.0,4.0,100.0,event
10:34:04.447,0.0,0.0,0.0,0.0,0.0,0.0,0.0,0.0,0.0,0.0,0.0,0.0,0.0,0.0,0.0,0.0,0.0,0.0,0.0,0.0,847.76556,780.07324,796.1905,8.461538,979.92676,-0.4403076171875,0.14886474609375,0.88092041015625,2.85614013671875,-3.715972900390625,1.65985107421875,0.0,4.0,4.0,4.0,4.0,100.0,event
10:34:04.448,0.0,0.0,0.0,0.0,0.0,0.0,0.0,0.0,0.0,0.0,0.0,0.0,0.0,0.0,0.0,0.0,0.0,0.0,0.0,0.0,846.9597,782.0879,799.81683,1602.0513,809.89014,-0.4403076171875,0.14886474609375,0.88092041015625,2.85614013671875,-3.715972900390625,1.65985107421875,0.0,4.0,4.0,4.0,4.0,100.0,event
10:34:04.450,0.0,0.0,0.0,0.0,0.0,0.0,0.0,0.0,0.0,0.0,0.0,0.0,0.0,0.0,0.0,0.0,0.0,0.0,0.0,0.0,792.5641,786.52014,802.6374,1137.0696,805.4579,-0.4403076171875,0.14886474609375,0.88092041015625,2.85614013671875,-3.715972900390625,1.65985107421875,0.0,4.0,4.0,4.0,4.0,100.0,event
10:34:04.451,0.0,0.0,0.0,0.0,0.0,0.0,0.0,0.0,0.0,0.0,0.0,0.0,0.0,0.0,0.0,0.0,0.0,0.0,0.0,0.0,768.3883,784.10254,803.44324,1043.9927,990.80585,-0.4403076171875,0.14886474609375,0.88092041015625,2.85614013671875,-3.715972900390625,1.65985107421875,0.0,4.0,4.0,4.0,4.0,100.0,event
10:34:04.452,0.0,0.0,0.0,0.0,0.0,0.0,0.0,0.0,0.0,0.0,0.0,0.0,0.0,0.0,0.0,0.0,0.0,0.0,0.0,0.0,804.2491,776.8498,795.38464,1511.392,796.1905,-0.4403076171875,0.14886474609375,0.88092041015625,2.85614013671875,-3.715972900390625,1.65985107421875,0.0,4.0,4.0,4.0,4.0,100.0,event
10:34:04.502,0.0,0.0,0.0,0.0,0.0,0.0,0.0,0.0,0.0,0.0,0.0,0.0,0.0,0.0,0.0,0.0,0.0,0.0,0.0,0.0,850.989,776.04395,792.96704,1587.5458,704.7253,-0.4503173828125,0.1456298828125,0.87432861328125,2.549591064453125,-3.12530517578125,0.538330078125,0.0,4.0,4.0,4.0,4.0,100.0,event
10:34:04.504,0.0,0.0,0.0,0.0,0.0,0.0,0.0,0.0,0.0,0.0,0.0,0.0,0.0,0.0,0.0,0.0,0.0,0.0,0.0,0.0,848.97437,777.6557,791.3553,1034.7252,832.4542,-0.4503173828125,0.1456298828125,0.87432861328125,2.549591064453125,-3.12530517578125,0.538330078125,0.0,4.0,4.0,4.0,4.0,100.0,event
10:34:04.506,0.0,0.0,0.0,0.0,0.0,0.0,0.0,0.0,0.0,0.0,0.0,0.0,0.0,0.0,0.0,0.0,0.0,0.0,0.0,0.0,801.02563,778.86444,793.36993,858.24176,779.67035,-0.4503173828125,0.1456298828125,0.87432861328125,2.549591064453125,-3.12530517578125,0.538330078125,0.0,4.0,4.0,4.0,4.0,100.0,event
10:34:04.507,0.0,0.0,0.0,0.0,0.0,0.0,0.0,0.0,0.0,0.0,0.0,0.0,0.0,0.0,0.0,0.0,0.0,0.0,0.0,0.0,776.8498,777.25275,800.6227,806.26373,668.0586,-0.4503173828125,0.1456298828125,0.87432861328125,2.549591064453125,-3.12530517578125,0.538330078125,0.0,4.0,4.0,4.0,4.0,100.0,event
10:34:04.509,0.0,0.0,0.0,0.0,0.0,0.0,0.0,0.0,0.0,0.0,0.0,0.0,0.0,0.0,0.0,0.0,0.0,0.0,0.0,0.0,815.12823,776.4469,794.57874,313.88278,694.65204,-0.4503173828125,0.1456298828125,0.87432861328125,2.549591064453125,-3.12530517578125,0.538330078125,0.0,4.0,4.0,4.0,4.0,100.0,event
10:34:04.511,0.0,0.0,0.0,0.0,0.0,0.0,0.0,0.0,0.0,0.0,0.0,0.0,0.0,0.0,0.0,0.0,0.0,0.0,0.0,0.0,857.8388,775.64105,788.5348,516.55676,908.60803,-0.4503173828125,0.1456298828125,0.87432861328125,2.549591064453125,-3.12530517578125,0.538330078125,0.0,4.0,4.0,4.0,4.0,100.0,event
10:34:04.515,0.0,0.0,0.0,0.0,0.0,0.0,0.0,0.0,0.0,0.0,0.0,0.0,0.0,0.0,0.0,0.0,0.0,0.0,0.0,0.0,857.4359,778.0586,787.72894,210.32967,899.34064,-0.4503173828125,0.1456298828125,0.87432861328125,2.549591064453125,-3.12530517578125,0.538330078125,0.0,4.0,4.0,4.0,4.0,100.0,event
10:34:04.517,0.0,0.0,0.0,0.0,0.0,0.0,0.0,0.0,0.0,0.0,0.0,0.0,0.0,0.0,0.0,0.0,0.0,0.0,0.0,0.0,817.1429,778.86444,785.7143,0.0,693.44324,-0.4503173828125,0.1456298828125,0.87432861328125,2.549591064453125,-3.12530517578125,0.538330078125,0.0,4.0,4.0,4.0,4.0,100.0,event
10:34:04.518,0.0,0.0,0.0,0.0,0.0,0.0,0.0,0.0,0.0,0.0,0.0,0.0,0.0,0.0,0.0,0.0,0.0,0.0,0.0,0.0,789.7436,777.6557,792.96704,32.637363,708.3516,-0.4503173828125,0.1456298828125,0.87432861328125,2.549591064453125,-3.12530517578125,0.538330078125,0.0,4.0,4.0,4.0,4.0,100.0,event
10:34:04.519,0.0,0.0,0.0,0.0,0.0,0.0,0.0,0.0,0.0,0.0,0.0,0.0,0.0,0.0,0.0,0.0,0.0,0.0,0.0,0.0,800.2198,778.46155,799.011,0.0,999.2674,-0.4503173828125,0.1456298828125,0.87432861328125,2.549591064453125,-3.12530517578125,0.538330078125,0.0,4.0,4.0,4.0,4.0,100.0,event
10:34:04.520,0.0,0.0,0.0,0.0,0.0,0.0,0.0,0.0,0.0,0.0,0.0,0.0,0.0,0.0,0.0,0.0,0.0,0.0,0.0,0.0,840.5128,779.2674,797.8022,421.06226,892.49084,-0.4503173828125,0.1456298828125,0.87432861328125,2.549591064453125,-3.12530517578125,0.538330078125,0.0,4.0,4.0,4.0,4.0,100.0,event
10:34:04.520,0.0,0.0,0.0,0.0,0.0,0.0,0.0,0.0,0.0,0.0,0.0,0.0,0.0,0.0,0.0,0.0,0.0,0.0,0.0,0.0,864.2857,778.86444,796.99634,791.75824,728.49817,-0.4503173828125,0.1456298828125,0.87432861328125,2.549591064453125,-3.12530517578125,0.538330078125,0.0,4.0,4.0,4.0,4.0,100.0,event
10:34:04.543,0.0,0.0,0.0,0.0,0.0,0.0,0.0,0.0,0.0,0.0,0.0,0.0,0.0,0.0,0.0,0.0,0.0,0.0,0.0,0.0,827.2161,778.0586,795.78754,610.0366,804.65204,-0.4432373046875,0.1494140625,0.8763427734375,2.61688232421875,-3.416900634765625,-0.46356201171875,0.0,4.0,4.0,4.0,4.0,100.0,event
10:34:04.544,0.0,0.0,0.0,0.0,0.0,0.0,0.0,0.0,0.0,0.0,0.0,0.0,0.0,0.0,0.0,0.0,0.0,0.0,0.0,0.0,789.7436,776.4469,793.36993,483.51648,788.1319,-0.4432373046875,0.1494140625,0.8763427734375,2.61688232421875,-3.416900634765625,-0.46356201171875,0.0,4.0,4.0,4.0,4.0,100.0,event
10:34:04.545,0.0,0.0,0.0,0.0,0.0,0.0,0.0,0.0,0.0,0.0,0.0,0.0,0.0,0.0,0.0,0.0,0.0,0.0,0.0,0.0,792.96704,774.43225,790.54944,528.24176,690.2198,-0.4432373046875,0.1494140625,0.8763427734375,2.61688232421875,-3.416900634765625,-0.46356201171875,0.0,4.0,4.0,4.0,4.0,100.0,event
10:34:04.546,0.0,0.0,0.0,0.0,0.0,0.0,0.0,0.0,0.0,0.0,0.0,0.0,0.0,0.0,0.0,0.0,0.0,0.0,0.0,0.0,829.2308,776.4469,784.90845,526.2271,649.12085,-0.4432373046875,0.1494140625,0.8763427734375,2.61688232421875,-3.416900634765625,-0.46356201171875,0.0,4.0,4.0,4.0,4.0,100.0,event
10:34:04.547,0.0,0.0,0.0,0.0,0.0,0.0,0.0,0.0,0.0,0.0,0.0,0.0,0.0,0.0,0.0,0.0,0.0,0.0,0.0,0.0,822.7839,778.46155,790.54944,320.32968,846.55676,-0.4432373046875,0.1494140625,0.8763427734375,2.61688232421875,-3.416900634765625,-0.46356201171875,0.0,4.0,4.0,4.0,4.0,100.0,event
10:34:04.547,0.0,0.0,0.0,0.0,0.0,0.0,0.0,0.0,0.0,0.0,0.0,0.0,0.0,0.0,0.0,0.0,0.0,0.0,0.0,0.0,857.8388,778.0586,781.685,487.14285,703.1135,-0.4432373046875,0.1494140625,0.8763427734375,2.61688232421875,-3.416900634765625,-0.46356201171875,0.0,4.0,4.0,4.0,4.0,100.0,event
10:34:04.548,0.0,0.0,0.0,0.0,0.0,0.0,0.0,0.0,0.0,0.0,0.0,0.0,0.0,0.0,0.0,0.0,0.0,0.0,0.0,0.0,776.8498,778.0586,797.3993,178.09525,869.5238,-0.4432373046875,0.1494140625,0.8763427734375,2.61688232421875,-3.416900634765625,-0.46356201171875,0.0,4.0,4.0,4.0,4.0,100.0,event
10:34:04.548,0.0,0.0,0.0,0.0,0.0,0.0,0.0,0.0,0.0,0.0,0.0,0.0,0.0,0.0,0.0,0.0,0.0,0.0,0.0,0.0,792.1612,776.8498,796.99634,197.03297,682.1612,-0.4432373046875,0.1494140625,0.8763427734375,2.61688232421875,-3.416900634765625,-0.46356201171875,0.0,4.0,4.0,4.0,4.0,100.0,event
10:34:04.549,0.0,0.0,0.0,0.0,0.0,0.0,0.0,0.0,0.0,0.0,0.0,0.0,0.0,0.0,0.0,0.0,0.0,0.0,0.0,0.0,830.0366,777.25275,796.1905,347.72894,799.011,-0.4432373046875,0.1494140625,0.8763427734375,2.61688232421875,-3.416900634765625,-0.46356201171875,0.0,4.0,4.0,4.0,4.0,100.0,event
10:34:04.550,0.0,0.0,0.0,0.0,0.0,0.0,0.0,0.0,0.0,0.0,0.0,0.0,0.0,0.0,0.0,0.0,0.0,0.0,0.0,0.0,858.24176,778.46155,790.54944,441.61172,1039.1575,-0.4432373046875,0.1494140625,0.8763427734375,2.61688232421875,-3.416900634765625,-0.46356201171875,0.0,4.0,4.0,4.0,4.0,100.0,event
10:34:04.550,0.0,0.0,0.0,0.0,0.0,0.0,0.0,0.0,0.0,0.0,0.0,0.0,0.0,0.0,0.0,0.0,0.0,0.0,0.0,0.0,843.3333,784.10254,791.3553,446.04395,856.2271,-0.4432373046875,0.1494140625,0.8763427734375,2.61688232421875,-3.416900634765625,-0.46356201171875,0.0,4.0,4.0,4.0,4.0,100.0,event
10:34:04.551,0.0,0.0,0.0,0.0,0.0,0.0,0.0,0.0,0.0,0.0,0.0,0.0,0.0,0.0,0.0,0.0,0.0,0.0,0.0,0.0,788.5348,782.8938,798.20514,424.2857,727.28937,-0.4432373046875,0.1494140625,0.8763427734375,2.61688232421875,-3.416900634765625,-0.46356201171875,0.0,4.0,4.0,4.0,4.0,100.0,event
10:34:04.552,0.0,0.0,0.0,0.0,0.0,0.0,0.0,0.0,0.0,0.0,0.0,0.0,0.0,0.0,0.0,0.0,0.0,0.0,0.0,0.0,783.69965,777.6557,795.78754,447.25275,839.707,-0.44598388671875,0.14923095703125,0.8726806640625,1.891632080078125,-3.529052734375,0.306549072265625,0.0,4.0,4.0,4.0,4.0,100.0,event
10:34:04.553,0.0,0.0,0.0,0.0,0.0,0.0,0.0,0.0,0.0,0.0,0.0,0.0,0.0,0.0,0.0,0.0,0.0,0.0,0.0,0.0,833.663,781.28204,789.34064,477.0696,845.7509,-0.44598388671875,0.14923095703125,0.8726806640625,1.891632080078125,-3.529052734375,0.306549072265625,0.0,4.0,4.0,4.0,4.0,100.0,event
10:34:04.553,0.0,0.0,0.0,0.0,0.0,0.0,0.0,0.0,0.0,0.0,0.0,0.0,0.0,0.0,0.0,0.0,0.0,0.0,0.0,0.0,857.4359,779.67035,787.72894,476.26373,822.381,-0.44598388671875,0.14923095703125,0.8726806640625,1.891632080078125,-3.529052734375,0.306549072265625,0.0,4.0,4.0,4.0,4.0,100.0,event
10:34:04.554,0.0,0.0,0.0,0.0,0.0,0.0,0.0,0.0,0.0,0.0,0.0,0.0,0.0,0.0,0.0,0.0,0.0,0.0,0.0,0.0,787.326,776.4469,798.60803,182.12454,852.1978,-0.44598388671875,0.14923095703125,0.8726806640625,1.891632080078125,-3.529052734375,0.306549072265625,0.0,4.0,4.0,4.0,4.0,100.0,event
10:34:04.554,0.0,0.0,0.0,0.0,0.0,0.0,0.0,0.0,0.0,0.0,0.0,0.0,0.0,0.0,0.0,0.0,0.0,0.0,0.0,0.0,832.0513,774.83514,794.9817,413.8095,816.7399,-0.44598388671875,0.14923095703125,0.8726806640625,1.891632080078125,-3.529052734375,0.306549072265625,0.0,4.0,4.0,4.0,4.0,100.0,event
10:34:04.555,0.0,0.0,0.0,0.0,0.0,0.0,0.0,0.0,0.0,0.0,0.0,0.0,0.0,0.0,0.0,0.0,0.0,0.0,0.0,0.0,781.28204,777.6557,791.3553,47.545788,887.25275,-0.44598388671875,0.14923095703125,0.8726806640625,1.891632080078125,-3.529052734375,0.306549072265625,0.0,4.0,4.0,4.0,4.0,100.0,event
10:34:04.556,0.0,0.0,0.0,0.0,0.0,0.0,0.0,0.0,0.0,0.0,0.0,0.0,0.0,0.0,0.0,0.0,0.0,0.0,0.0,0.0,829.2308,779.2674,788.1319,100.32967,788.1319,-0.44598388671875,0.14923095703125,0.8726806640625,1.891632080078125,-3.529052734375,0.306549072265625,0.0,4.0,4.0,4.0,4.0,100.0,event
10:34:04.556,0.0,0.0,0.0,0.0,0.0,0.0,0.0,0.0,0.0,0.0,0.0,0.0,0.0,0.0,0.0,0.0,0.0,0.0,0.0,0.0,869.12085,782.0879,784.5055,204.68864,772.4176,-0.44598388671875,0.14923095703125,0.8726806640625,1.891632080078125,-3.529052734375,0.306549072265625,0.0,4.0,4.0,4.0,4.0,100.0,event
10:34:04.560,0.0,0.0,0.0,0.0,0.0,0.0,0.0,0.0,0.0,0.0,0.0,0.0,0.0,0.0,0.0,0.0,0.0,0.0,0.0,0.0,844.1392,780.07324,784.5055,358.20514,984.35895,-0.44598388671875,0.14923095703125,0.8726806640625,1.891632080078125,-3.529052734375,0.306549072265625,0.0,4.0,4.0,4.0,4.0,100.0,event
10:34:04.561,0.0,0.0,0.0,0.0,0.0,0.0,0.0,0.0,0.0,0.0,0.0,0.0,0.0,0.0,0.0,0.0,0.0,0.0,0.0,0.0,796.5934,778.0586,788.1319,549.59705,880.80585,-0.44598388671875,0.14923095703125,0.8726806640625,1.891632080078125,-3.529052734375,0.306549072265625,0.0,4.0,4.0,4.0,4.0,100.0,event
10:34:04.562,0.0,0.0,0.0,0.0,0.0,0.0,0.0,0.0,0.0,0.0,0.0,0.0,0.0,0.0,0.0,0.0,0.0,0.0,0.0,0.0,799.81683,778.46155,789.34064,632.1978,680.9524,-0.44598388671875,0.14923095703125,0.8726806640625,1.891632080078125,-3.529052734375,0.306549072265625,0.0,4.0,4.0,4.0,4.0,100.0,event
10:34:04.562,0.0,0.0,0.0,0.0,0.0,0.0,0.0,0.0,0.0,0.0,0.0,0.0,0.0,0.0,0.0,0.0,0.0,0.0,0.0,0.0,835.2747,780.07324,782.8938,815.9341,740.989,-0.44598388671875,0.14923095703125,0.8726806640625,1.891632080078125,-3.529052734375,0.306549072265625,0.0,4.0,4.0,4.0,4.0,100.0,event
10:34:04.584,0.0,0.0,0.0,0.0,0.0,0.0,0.0,0.0,0.0,0.0,0.0,0.0,0.0,0.0,0.0,0.0,0.0,0.0,0.0,0.0,863.8828,778.0586,782.49084,1265.6044,831.6484,-0.44598388671875,0.14923095703125,0.8726806640625,1.891632080078125,-3.529052734375,0.306549072265625,0.0,4.0,4.0,4.0,4.0,100.0,event
10:34:04.585,0.0,0.0,0.0,0.0,0.0,0.0,0.0,0.0,0.0,0.0,0.0,0.0,0.0,0.0,0.0,0.0,0.0,0.0,0.0,0.0,856.63007,776.04395,788.1319,1573.8462,793.7729,-0.44598388671875,0.14923095703125,0.8726806640625,1.891632080078125,-3.529052734375,0.306549072265625,0.0,4.0,4.0,4.0,4.0,100.0,event
10:34:04.586,0.0,0.0,0.0,0.0,0.0,0.0,0.0,0.0,0.0,0.0,0.0,0.0,0.0,0.0,0.0,0.0,0.0,0.0,0.0,0.0,811.50183,778.0586,791.75824,1624.6154,722.4542,-0.44598388671875,0.14923095703125,0.8726806640625,1.891632080078125,-3.529052734375,0.306549072265625,0.0,4.0,4.0,4.0,4.0,100.0,event
10:34:04.588,0.0,0.0,0.0,0.0,0.0,0.0,0.0,0.0,0.0,0.0,0.0,0.0,0.0,0.0,0.0,0.0,0.0,0.0,0.0,0.0,788.93774,777.25275,792.5641,1623.4066,846.1539,-0.44598388671875,0.14923095703125,0.8726806640625,1.891632080078125,-3.529052734375,0.306549072265625,0.0,4.0,4.0,4.0,4.0,100.0,event
10:34:04.589,0.0,0.0,0.0,0.0,0.0,0.0,0.0,0.0,0.0,0.0,0.0,0.0,0.0,0.0,0.0,0.0,0.0,0.0,0.0,0.0,822.7839,778.0586,793.36993,1629.0476,880.40295,-0.44598388671875,0.14923095703125,0.8726806640625,1.891632080078125,-3.529052734375,0.306549072265625,0.0,4.0,4.0,4.0,4.0,100.0,event
10:34:04.590,0.0,0.0,0.0,0.0,0.0,0.0,0.0,0.0,0.0,0.0,0.0,0.0,0.0,0.0,0.0,0.0,0.0,0.0,0.0,0.0,866.7033,780.87915,792.5641,1628.6447,877.5824,-0.44598388671875,0.14923095703125,0.8726806640625,1.891632080078125,-3.529052734375,0.306549072265625,0.0,4.0,4.0,4.0,4.0,100.0,event
10:34:04.591,0.0,0.0,0.0,0.0,0.0,0.0,0.0,0.0,0.0,0.0,0.0,0.0,0.0,0.0,0.0,0.0,0.0,0.0,0.0,0.0,819.15753,780.4762,796.99634,1628.6447,899.7436,-0.44598388671875,0.14923095703125,0.8726806640625,1.891632080078125,-3.529052734375,0.306549072265625,0.0,4.0,4.0,4.0,4.0,100.0,event
10:34:04.591,0.0,0.0,0.0,0.0,0.0,0.0,0.0,0.0,0.0,0.0,0.0,0.0,0.0,0.0,0.0,0.0,0.0,0.0,0.0,0.0,867.50916,779.2674,794.17584,1628.2417,890.87915,-0.44598388671875,0.14923095703125,0.8726806640625,1.891632080078125,-3.529052734375,0.306549072265625,0.0,4.0,4.0,4.0,4.0,100.0,event
10:34:04.592,0.0,0.0,0.0,0.0,0.0,0.0,0.0,0.0,0.0,0.0,0.0,0.0,0.0,0.0,0.0,0.0,0.0,0.0,0.0,0.0,776.4469,781.685,792.96704,1628.6447,1021.02563,-0.44598388671875,0.14923095703125,0.8726806640625,1.891632080078125,-3.529052734375,0.306549072265625,0.0,4.0,4.0,4.0,4.0,100.0,event
10:34:04.593,0.0,0.0,0.0,0.0,0.0,0.0,0.0,0.0,0.0,0.0,0.0,0.0,0.0,0.0,0.0,0.0,0.0,0.0,0.0,0.0,808.68134,781.28204,789.34064,1628.2417,804.2491,-0.44598388671875,0.14923095703125,0.8726806640625,1.891632080078125,-3.529052734375,0.306549072265625,0.0,4.0,4.0,4.0,4.0,100.0,event
10:34:04.593,0.0,0.0,0.0,0.0,0.0,0.0,0.0,0.0,0.0,0.0,0.0,0.0,0.0,0.0,0.0,0.0,0.0,0.0,0.0,0.0,863.47986,782.0879,791.3553,1628.2417,726.08057,-0.44598388671875,0.14923095703125,0.8726806640625,1.891632080078125,-3.529052734375,0.306549072265625,0.0,4.0,4.0,4.0,4.0,100.0,event
10:34:04.594,0.0,0.0,0.0,0.0,0.0,0.0,0.0,0.0,0.0,0.0,0.0,0.0,0.0,0.0,0.0,0.0,0.0,0.0,0.0,0.0,863.0769,780.4762,793.7729,1628.2417,873.1502,-0.44598388671875,0.14923095703125,0.8726806640625,1.891632080078125,-3.529052734375,0.306549072265625,0.0,4.0,4.0,4.0,4.0,100.0,event
10:34:04.644,0.0,0.0,0.0,0.0,0.0,0.0,0.0,0.0,0.0,0.0,0.0,0.0,0.0,0.0,0.0,0.0,0.0,0.0,0.0,0.0,809.4872,777.25275,792.96704,1628.2417,809.4872,-0.44720458984375,0.1448974609375,0.87255859375,2.03369140625,-3.7982177734375,-0.127105712890625,0.0,4.0,4.0,4.0,4.0,100.0,event
10:34:04.645,0.0,0.0,0.0,0.0,0.0,0.0,0.0,0.0,0.0,0.0,0.0,0.0,0.0,0.0,0.0,0.0,0.0,0.0,0.0,0.0,779.67035,779.2674,792.5641,1628.2417,712.7839,-0.44720458984375,0.1448974609375,0.87255859375,2.03369140625,-3.7982177734375,-0.127105712890625,0.0,4.0,4.0,4.0,4.0,100.0,event
10:34:04.646,0.0,0.0,0.0,0.0,0.0,0.0,0.0,0.0,0.0,0.0,0.0,0.0,0.0,0.0,0.0,0.0,0.0,0.0,0.0,0.0,803.0403,779.2674,797.8022,1628.2417,748.24176,-0.44720458984375,0.1448974609375,0.87255859375,2.03369140625,-3.7982177734375,-0.127105712890625,0.0,4.0,4.0,4.0,4.0,100.0,event
10:34:04.647,0.0,0.0,0.0,0.0,0.0,0.0,0.0,0.0,0.0,0.0,0.0,0.0,0.0,0.0,0.0,0.0,0.0,0.0,0.0,0.0,842.52747,777.6557,801.8315,1628.2417,854.21246,-0.44720458984375,0.1448974609375,0.87255859375,2.03369140625,-3.7982177734375,-0.127105712890625,0.0,4.0,4.0,4.0,4.0,100.0,event
10:34:04.650,0.0,0.0,0.0,0.0,0.0,0.0,0.0,0.0,0.0,0.0,0.0,0.0,0.0,0.0,0.0,0.0,0.0,0.0,0.0,0.0,850.989,777.6557,797.8022,1628.2417,878.3883,-0.44720458984375,0.1448974609375,0.87255859375,2.03369140625,-3.7982177734375,-0.127105712890625,0.0,4.0,4.0,4.0,4.0,100.0,event
10:34:04.651,0.0,0.0,0.0,0.0,0.0,0.0,0.0,0.0,0.0,0.0,0.0,0.0,0.0,0.0,0.0,0.0,0.0,0.0,0.0,0.0,808.68134,781.685,793.7729,1628.2417,881.2088,-0.44720458984375,0.1448974609375,0.87255859375,2.03369140625,-3.7982177734375,-0.127105712890625,0.0,4.0,4.0,4.0,4.0,100.0,event
10:34:04.651,0.0,0.0,0.0,0.0,0.0,0.0,0.0,0.0,0.0,0.0,0.0,0.0,0.0,0.0,0.0,0.0,0.0,0.0,0.0,0.0,775.64105,782.8938,789.7436,1628.6447,868.71796,-0.44720458984375,0.1448974609375,0.87255859375,2.03369140625,-3.7982177734375,-0.127105712890625,0.0,4.0,4.0,4.0,4.0,100.0,event
10:34:04.652,0.0,0.0,0.0,0.0,0.0,0.0,0.0,0.0,0.0,0.0,0.0,0.0,0.0,0.0,0.0,0.0,0.0,0.0,0.0,0.0,838.9011,776.4469,797.3993,1628.2417,1113.2968,-0.44720458984375,0.1448974609375,0.87255859375,2.03369140625,-3.7982177734375,-0.127105712890625,0.0,4.0,4.0,4.0,4.0,100.0,event
10:34:04.652,0.0,0.0,0.0,0.0,0.0,0.0,0.0,0.0,0.0,0.0,0.0,0.0,0.0,0.0,0.0,0.0,0.0,0.0,0.0,0.0,790.14655,775.64105,793.7729,1628.2417,1067.3627,-0.44720458984375,0.1448974609375,0.87255859375,2.03369140625,-3.7982177734375,-0.127105712890625,0.0,4.0,4.0,4.0,4.0,100.0,event
10:34:04.653,0.0,0.0,0.0,0.0,0.0,0.0,0.0,0.0,0.0,0.0,0.0,0.0,0.0,0.0,0.0,0.0,0.0,0.0,0.0,0.0,870.32965,779.2674,794.17584,1628.2417,848.5714,-0.44720458984375,0.1448974609375,0.87255859375,2.03369140625,-3.7982177734375,-0.127105712890625,0.0,4.0,4.0,4.0,4.0,100.0,event
10:34:04.657,0.0,0.0,0.0,0.0,0.0,0.0,0.0,0.0,0.0,0.0,0.0,0.0,0.0,0.0,0.0,0.0,0.0,0.0,0.0,0.0,832.8571,779.2674,793.36993,1628.2417,740.58606,-0.44720458984375,0.1448974609375,0.87255859375,2.03369140625,-3.7982177734375,-0.127105712890625,0.0,4.0,4.0,4.0,4.0,100.0,event
10:34:04.658,0.0,0.0,0.0,0.0,0.0,0.0,0.0,0.0,0.0,0.0,0.0,0.0,0.0,0.0,0.0,0.0,0.0,0.0,0.0,0.0,790.9524,777.6557,794.9817,1628.2417,683.36993,-0.44720458984375,0.1448974609375,0.87255859375,2.03369140625,-3.7982177734375,-0.127105712890625,0.0,4.0,4.0,4.0,4.0,100.0,event
10:34:04.702,0.0,0.0,0.0,0.0,0.0,0.0,0.0,0.0,0.0,0.0,0.0,0.0,0.0,0.0,0.0,0.0,0.0,0.0,0.0,0.0,793.36993,774.43225,796.1905,1628.2417,651.9414,-0.44171142578125,0.1435546875,0.87530517578125,2.1533203125,-3.72344970703125,0.07476806640625,0.0,4.0,4.0,4.0,4.0,100.0,event
10:34:04.704,0.0,0.0,0.0,0.0,0.0,0.0,0.0,0.0,0.0,0.0,0.0,0.0,0.0,0.0,0.0,0.0,0.0,0.0,0.0,0.0,824.3956,774.83514,794.57874,1628.2417,642.674,-0.44171142578125,0.1435546875,0.87530517578125,2.1533203125,-3.72344970703125,0.07476806640625,0.0,4.0,4.0,4.0,4.0,100.0,event
10:34:04.704,0.0,0.0,0.0,0.0,0.0,0.0,0.0,0.0,0.0,0.0,0.0,0.0,0.0,0.0,0.0,0.0,0.0,0.0,0.0,0.0,857.4359,779.2674,793.7729,1628.2417,718.4249,-0.44171142578125,0.1435546875,0.87530517578125,2.1533203125,-3.72344970703125,0.07476806640625,0.0,4.0,4.0,4.0,4.0,100.0,event
10:34:04.705,0.0,0.0,0.0,0.0,0.0,0.0,0.0,0.0,0.0,0.0,0.0,0.0,0.0,0.0,0.0,0.0,0.0,0.0,0.0,0.0,830.0366,782.0879,799.41394,1628.2417,752.27106,-0.44171142578125,0.1435546875,0.87530517578125,2.1533203125,-3.72344970703125,0.07476806640625,0.0,4.0,4.0,4.0,4.0,100.0,event
10:34:04.706,0.0,0.0,0.0,0.0,0.0,0.0,0.0,0.0,0.0,0.0,0.0,0.0,0.0,0.0,0.0,0.0,0.0,0.0,0.0,0.0,782.0879,783.2967,799.81683,1628.2417,679.7436,-0.44171142578125,0.1435546875,0.87530517578125,2.1533203125,-3.72344970703125,0.07476806640625,0.0,4.0,4.0,4.0,4.0,100.0,event
10:34:04.706,0.0,0.0,0.0,0.0,0.0,0.0,0.0,0.0,0.0,0.0,0.0,0.0,0.0,0.0,0.0,0.0,0.0,0.0,0.0,0.0,788.93774,782.49084,795.78754,1628.2417,762.3443,-0.44171142578125,0.1435546875,0.87530517578125,2.1533203125,-3.72344970703125,0.07476806640625,0.0,4.0,4.0,4.0,4.0,100.0,event
10:34:04.707,0.0,0.0,0.0,0.0,0.0,0.0,0.0,0.0,0.0,0.0,0.0,0.0,0.0,0.0,0.0,0.0,0.0,0.0,0.0,0.0,836.4835,785.7143,796.1905,1628.2417,875.9707,-0.44171142578125,0.1435546875,0.87530517578125,2.1533203125,-3.72344970703125,0.07476806640625,0.0,4.0,4.0,4.0,4.0,100.0,event
10:34:04.708,0.0,0.0,0.0,0.0,0.0,0.0,0.0,0.0,0.0,0.0,0.0,0.0,0.0,0.0,0.0,0.0,0.0,0.0,0.0,0.0,830.84247,791.75824,804.2491,1628.2417,879.19415,-0.44171142578125,0.1435546875,0.87530517578125,2.1533203125,-3.72344970703125,0.07476806640625,0.0,4.0,4.0,4.0,4.0,100.0,event
10:34:04.708,0.0,0.0,0.0,0.0,0.0,0.0,0.0,0.0,0.0,0.0,0.0,0.0,0.0,0.0,0.0,0.0,0.0,0.0,0.0,0.0,861.8681,792.5641,800.2198,1628.2417,1040.3663,-0.44171142578125,0.1435546875,0.87530517578125,2.1533203125,-3.72344970703125,0.07476806640625,0.0,4.0,4.0,4.0,4.0,100.0,event
10:34:04.709,0.0,0.0,0.0,0.0,0.0,0.0,0.0,0.0,0.0,0.0,0.0,0.0,0.0,0.0,0.0,0.0,0.0,0.0,0.0,0.0,795.38464,784.90845,799.011,1628.2417,712.7839,-0.44171142578125,0.1435546875,0.87530517578125,2.1533203125,-3.72344970703125,0.07476806640625,0.0,4.0,4.0,4.0,4.0,100.0,event
10:34:04.710,0.0,0.0,0.0,0.0,0.0,0.0,0.0,0.0,0.0,0.0,0.0,0.0,0.0,0.0,0.0,0.0,0.0,0.0,0.0,0.0,799.41394,783.2967,796.5934,1628.2417,837.28937,-0.44171142578125,0.1435546875,0.87530517578125,2.1533203125,-3.72344970703125,0.07476806640625,0.0,4.0,4.0,4.0,4.0,100.0,event
10:34:04.710,0.0,0.0,0.0,0.0,0.0,0.0,0.0,0.0,0.0,0.0,0.0,0.0,0.0,0.0,0.0,0.0,0.0,0.0,0.0,0.0,832.8571,786.52014,801.02563,1628.2417,830.0366,-0.44171142578125,0.1435546875,0.87530517578125,2.1533203125,-3.72344970703125,0.07476806640625,0.0,4.0,4.0,4.0,4.0,100.0,event
10:34:04.741,0.0,0.0,0.0,0.0,0.0,0.0,0.0,0.0,0.0,0.0,0.0,0.0,0.0,0.0,0.0,0.0,0.0,0.0,0.0,0.0,861.8681,786.9231,802.6374,1628.2417,745.0183,-0.4515380859375,0.14654541015625,0.87841796875,2.175750732421875,-3.4393310546875,0.530853271484375,0.0,4.0,4.0,4.0,4.0,100.0,event
10:34:04.743,0.0,0.0,0.0,0.0,0.0,0.0,0.0,0.0,0.0,0.0,0.0,0.0,0.0,0.0,0.0,0.0,0.0,0.0,0.0,0.0,837.28937,787.326,805.05493,1630.2565,754.68866,-0.4515380859375,0.14654541015625,0.87841796875,2.175750732421875,-3.4393310546875,0.530853271484375,0.0,4.0,4.0,4.0,4.0,100.0,event
10:34:04.743,0.0,0.0,0.0,0.0,0.0,0.0,0.0,0.0,0.0,0.0,0.0,0.0,0.0,0.0,0.0,0.0,0.0,0.0,0.0,0.0,782.49084,785.31134,800.6227,1623.0037,816.337,-0.4515380859375,0.14654541015625,0.87841796875,2.175750732421875,-3.4393310546875,0.530853271484375,0.0,4.0,4.0,4.0,4.0,100.0,event
10:34:04.744,0.0,0.0,0.0,0.0,0.0,0.0,0.0,0.0,0.0,0.0,0.0,0.0,0.0,0.0,0.0,0.0,0.0,0.0,0.0,0.0,774.43225,782.49084,792.5641,1627.033,726.4835,-0.4515380859375,0.14654541015625,0.87841796875,2.175750732421875,-3.4393310546875,0.530853271484375,0.0,4.0,4.0,4.0,4.0,100.0,event
10:34:04.744,0.0,0.0,0.0,0.0,0.0,0.0,0.0,0.0,0.0,0.0,0.0,0.0,0.0,0.0,0.0,0.0,0.0,0.0,0.0,0.0,810.696,782.49084,792.5641,1621.392,649.92676,-0.4515380859375,0.14654541015625,0.87841796875,2.175750732421875,-3.4393310546875,0.530853271484375,0.0,4.0,4.0,4.0,4.0,100.0,event
10:34:04.745,0.0,0.0,0.0,0.0,0.0,0.0,0.0,0.0,0.0,0.0,0.0,0.0,0.0,0.0,0.0,0.0,0.0,0.0,0.0,0.0,856.2271,784.10254,793.7729,1376.8132,795.38464,-0.4515380859375,0.14654541015625,0.87841796875,2.175750732421875,-3.4393310546875,0.530853271484375,0.0,4.0,4.0,4.0,4.0,100.0,event
10:34:04.746,0.0,0.0,0.0,0.0,0.0,0.0,0.0,0.0,0.0,0.0,0.0,0.0,0.0,0.0,0.0,0.0,0.0,0.0,0.0,0.0,781.28204,782.8938,799.81683,884.43225,923.5165,-0.4515380859375,0.14654541015625,0.87841796875,2.175750732421875,-3.4393310546875,0.530853271484375,0.0,4.0,4.0,4.0,4.0,100.0,event
10:34:04.746,0.0,0.0,0.0,0.0,0.0,0.0,0.0,0.0,0.0,0.0,0.0,0.0,0.0,0.0,0.0,0.0,0.0,0.0,0.0,0.0,834.87177,784.10254,799.011,1054.0659,1068.9744,-0.4515380859375,0.14654541015625,0.87841796875,2.175750732421875,-3.4393310546875,0.530853271484375,0.0,4.0,4.0,4.0,4.0,100.0,event
10:34:04.747,0.0,0.0,0.0,0.0,0.0,0.0,0.0,0.0,0.0,0.0,0.0,0.0,0.0,0.0,0.0,0.0,0.0,0.0,0.0,0.0,772.4176,781.28204,795.38464,711.5751,635.0183,-0.4515380859375,0.14654541015625,0.87841796875,2.175750732421875,-3.4393310546875,0.530853271484375,0.0,4.0,4.0,4.0,4.0,100.0,event
10:34:04.748,0.0,0.0,0.0,0.0,0.0,0.0,0.0,0.0,0.0,0.0,0.0,0.0,0.0,0.0,0.0,0.0,0.0,0.0,0.0,0.0,803.0403,780.4762,798.20514,367.47253,635.82416,-0.4515380859375,0.14654541015625,0.87841796875,2.175750732421875,-3.4393310546875,0.530853271484375,0.0,4.0,4.0,4.0,4.0,100.0,event
10:34:04.749,0.0,0.0,0.0,0.0,0.0,0.0,0.0,0.0,0.0,0.0,0.0,0.0,0.0,0.0,0.0,0.0,0.0,0.0,0.0,0.0,843.73627,783.2967,795.78754,265.1282,646.30035,-0.4515380859375,0.14654541015625,0.87841796875,2.175750732421875,-3.4393310546875,0.530853271484375,0.0,4.0,4.0,4.0,4.0,100.0,event
10:34:04.750,0.0,0.0,0.0,0.0,0.0,0.0,0.0,0.0,0.0,0.0,0.0,0.0,0.0,0.0,0.0,0.0,0.0,0.0,0.0,0.0,835.6777,784.10254,789.7436,208.71794,671.685,-0.4515380859375,0.14654541015625,0.87841796875,2.175750732421875,-3.4393310546875,0.530853271484375,0.0,4.0,4.0,4.0,4.0,100.0,event
10:34:04.801,0.0,0.0,0.0,0.0,0.0,0.0,0.0,0.0,0.0,0.0,0.0,0.0,0.0,0.0,0.0,0.0,0.0,0.0,0.0,0.0,798.20514,782.8938,790.54944,19.34066,719.6337,-0.44244384765625,0.14642333984375,0.87530517578125,1.562652587890625,-3.745880126953125,0.55328369140625,0.0,4.0,4.0,4.0,4.0,100.0,event
10:34:04.803,0.0,0.0,0.0,0.0,0.0,0.0,0.0,0.0,0.0,0.0,0.0,0.0,0.0,0.0,0.0,0.0,0.0,0.0,0.0,0.0,780.07324,782.0879,793.7729,2.014652,687.8022,-0.44244384765625,0.14642333984375,0.87530517578125,1.562652587890625,-3.745880126953125,0.55328369140625,0.0,4.0,4.0,4.0,4.0,100.0,event
10:34:04.805,0.0,0.0,0.0,0.0,0.0,0.0,0.0,0.0,0.0,0.0,0.0,0.0,0.0,0.0,0.0,0.0,0.0,0.0,0.0,0.0,800.2198,782.49084,798.20514,8.058608,709.5604,-0.44244384765625,0.14642333984375,0.87530517578125,1.562652587890625,-3.745880126953125,0.55328369140625,0.0,4.0,4.0,4.0,4.0,100.0,event
10:34:04.807,0.0,0.0,0.0,0.0,0.0,0.0,0.0,0.0,0.0,0.0,0.0,0.0,0.0,0.0,0.0,0.0,0.0,0.0,0.0,0.0,842.1245,784.10254,802.23444,0.0,696.6667,-0.44244384765625,0.14642333984375,0.87530517578125,1.562652587890625,-3.745880126953125,0.55328369140625,0.0,4.0,4.0,4.0,4.0,100.0,event
10:34:04.808,0.0,0.0,0.0,0.0,0.0,0.0,0.0,0.0,0.0,0.0,0.0,0.0,0.0,0.0,0.0,0.0,0.0,0.0,0.0,0.0,848.97437,783.2967,800.2198,292.9304,739.3773,-0.44244384765625,0.14642333984375,0.87530517578125,1.562652587890625,-3.745880126953125,0.55328369140625,0.0,4.0,4.0,4.0,4.0,100.0,event
10:34:04.810,0.0,0.0,0.0,0.0,0.0,0.0,0.0,0.0,0.0,0.0,0.0,0.0,0.0,0.0,0.0,0.0,0.0,0.0,0.0,0.0,811.9048,783.69965,798.20514,532.674,848.5714,-0.44244384765625,0.14642333984375,0.87530517578125,1.562652587890625,-3.745880126953125,0.55328369140625,0.0,4.0,4.0,4.0,4.0,100.0,event
10:34:04.811,0.0,0.0,0.0,0.0,0.0,0.0,0.0,0.0,0.0,0.0,0.0,0.0,0.0,0.0,0.0,0.0,0.0,0.0,0.0,0.0,781.685,785.31134,799.81683,203.07692,835.2747,-0.44244384765625,0.14642333984375,0.87530517578125,1.562652587890625,-3.745880126953125,0.55328369140625,0.0,4.0,4.0,4.0,4.0,100.0,event
10:34:04.813,0.0,0.0,0.0,0.0,0.0,0.0,0.0,0.0,0.0,0.0,0.0,0.0,0.0,0.0,0.0,0.0,0.0,0.0,0.0,0.0,799.81683,782.8938,795.78754,0.0,739.3773,-0.44244384765625,0.14642333984375,0.87530517578125,1.562652587890625,-3.745880126953125,0.55328369140625,0.0,4.0,4.0,4.0,4.0,100.0,event
10:34:04.814,0.0,0.0,0.0,0.0,0.0,0.0,0.0,0.0,0.0,0.0,0.0,0.0,0.0,0.0,0.0,0.0,0.0,0.0,0.0,0.0,851.79486,779.2674,792.1612,11.684981,694.2491,-0.44244384765625,0.14642333984375,0.87530517578125,1.562652587890625,-3.745880126953125,0.55328369140625,0.0,4.0,4.0,4.0,4.0,100.0,event
10:34:04.816,0.0,0.0,0.0,0.0,0.0,0.0,0.0,0.0,0.0,0.0,0.0,0.0,0.0,0.0,0.0,0.0,0.0,0.0,0.0,0.0,859.45056,782.8938,796.5934,1.2087913,798.60803,-0.44244384765625,0.14642333984375,0.87530517578125,1.562652587890625,-3.745880126953125,0.55328369140625,0.0,4.0,4.0,4.0,4.0,100.0,event
10:34:04.817,0.0,0.0,0.0,0.0,0.0,0.0,0.0,0.0,0.0,0.0,0.0,0.0,0.0,0.0,0.0,0.0,0.0,0.0,0.0,0.0,816.337,786.9231,801.02563,0.0,842.9304,-0.44244384765625,0.14642333984375,0.87530517578125,1.562652587890625,-3.745880126953125,0.55328369140625,0.0,4.0,4.0,4.0,4.0,100.0,event
10:34:04.819,0.0,0.0,0.0,0.0,0.0,0.0,0.0,0.0,0.0,0.0,0.0,0.0,0.0,0.0,0.0,0.0,0.0,0.0,0.0,0.0,784.10254,779.67035,799.41394,0.0,681.3553,-0.44244384765625,0.14642333984375,0.87530517578125,1.562652587890625,-3.745880126953125,0.55328369140625,0.0,4.0,4.0,4.0,4.0,100.0,event
10:34:04.866,0.0,0.0,0.0,0.0,0.0,0.0,0.0,0.0,0.0,0.0,0.0,0.0,0.0,0.0,0.0,0.0,0.0,0.0,0.0,0.0,804.65204,777.25275,793.7729,0.0,662.8205,-0.44244384765625,0.14642333984375,0.87530517578125,1.562652587890625,-3.745880126953125,0.55328369140625,0.0,4.0,4.0,4.0,4.0,100.0,event
10:34:04.868,0.0,0.0,0.0,0.0,0.0,0.0,0.0,0.0,0.0,0.0,0.0,0.0,0.0,0.0,0.0,0.0,0.0,0.0,0.0,0.0,848.5714,779.2674,796.1905,0.0,781.685,-0.44244384765625,0.14642333984375,0.87530517578125,1.562652587890625,-3.745880126953125,0.55328369140625,0.0,4.0,4.0,4.0,4.0,100.0,event
10:34:04.870,0.0,0.0,0.0,0.0,0.0,0.0,0.0,0.0,0.0,0.0,0.0,0.0,0.0,0.0,0.0,0.0,0.0,0.0,0.0,0.0,863.8828,777.25275,802.6374,0.0,742.6007,-0.44244384765625,0.14642333984375,0.87530517578125,1.562652587890625,-3.745880126953125,0.55328369140625,0.0,4.0,4.0,4.0,4.0,100.0,event
10:34:04.871,0.0,0.0,0.0,0.0,0.0,0.0,0.0,0.0,0.0,0.0,0.0,0.0,0.0,0.0,0.0,0.0,0.0,0.0,0.0,0.0,823.9927,779.67035,799.41394,0.0,707.5458,-0.44244384765625,0.14642333984375,0.87530517578125,1.562652587890625,-3.745880126953125,0.55328369140625,0.0,4.0,4.0,4.0,4.0,100.0,event
10:34:04.873,0.0,0.0,0.0,0.0,0.0,0.0,0.0,0.0,0.0,0.0,0.0,0.0,0.0,0.0,0.0,0.0,0.0,0.0,0.0,0.0,784.5055,778.0586,793.7729,0.0,761.53845,-0.44244384765625,0.14642333984375,0.87530517578125,1.562652587890625,-3.745880126953125,0.55328369140625,0.0,4.0,4.0,4.0,4.0,100.0,event
10:34:04.874,0.0,0.0,0.0,0.0,0.0,0.0,0.0,0.0,0.0,0.0,0.0,0.0,0.0,0.0,0.0,0.0,0.0,0.0,0.0,0.0,797.8022,776.8498,795.78754,0.0,973.47986,-0.44244384765625,0.14642333984375,0.87530517578125,1.562652587890625,-3.745880126953125,0.55328369140625,0.0,4.0,4.0,4.0,4.0,100.0,event
10:34:04.876,0.0,0.0,0.0,0.0,0.0,0.0,0.0,0.0,0.0,0.0,0.0,0.0,0.0,0.0,0.0,0.0,0.0,0.0,0.0,0.0,835.6777,777.25275,797.3993,0.0,1126.9963,-0.44244384765625,0.14642333984375,0.87530517578125,1.562652587890625,-3.745880126953125,0.55328369140625,0.0,4.0,4.0,4.0,4.0,100.0,event
10:34:04.878,0.0,0.0,0.0,0.0,0.0,0.0,0.0,0.0,0.0,0.0,0.0,0.0,0.0,0.0,0.0,0.0,0.0,0.0,0.0,0.0,861.4652,775.64105,798.60803,4.029304,856.63007,-0.44244384765625,0.14642333984375,0.87530517578125,1.562652587890625,-3.745880126953125,0.55328369140625,0.0,4.0,4.0,4.0,4.0,100.0,event
10:34:04.879,0.0,0.0,0.0,0.0,0.0,0.0,0.0,0.0,0.0,0.0,0.0,0.0,0.0,0.0,0.0,0.0,0.0,0.0,0.0,0.0,820.7692,774.0293,799.41394,7.655678,736.9597,-0.44244384765625,0.14642333984375,0.87530517578125,1.562652587890625,-3.745880126953125,0.55328369140625,0.0,4.0,4.0,4.0,4.0,100.0,event
10:34:04.881,0.0,0.0,0.0,0.0,0.0,0.0,0.0,0.0,0.0,0.0,0.0,0.0,0.0,0.0,0.0,0.0,0.0,0.0,0.0,0.0,757.50916,774.0293,797.3993,12.490843,877.1795,-0.44244384765625,0.14642333984375,0.87530517578125,1.562652587890625,-3.745880126953125,0.55328369140625,0.0,4.0,4.0,4.0,4.0,100.0,event
10:34:04.882,0.0,0.0,0.0,0.0,0.0,0.0,0.0,0.0,0.0,0.0,0.0,0.0,0.0,0.0,0.0,0.0,0.0,0.0,0.0,0.0,772.4176,775.2381,792.5641,300.989,790.54944,-0.44244384765625,0.14642333984375,0.87530517578125,1.562652587890625,-3.745880126953125,0.55328369140625,0.0,4.0,4.0,4.0,4.0,100.0,event
10:34:04.883,0.0,0.0,0.0,0.0,0.0,0.0,0.0,0.0,0.0,0.0,0.0,0.0,0.0,0.0,0.0,0.0,0.0,0.0,0.0,0.0,834.87177,776.8498,789.7436,1001.685,732.52747,-0.44244384765625,0.14642333984375,0.87530517578125,1.562652587890625,-3.745880126953125,0.55328369140625,0.0,4.0,4.0,4.0,4.0,100.0,event
10:34:04.907,0.0,0.0,0.0,0.0,0.0,0.0,0.0,0.0,0.0,0.0,0.0,0.0,0.0,0.0,0.0,0.0,0.0,0.0,0.0,0.0,850.989,778.46155,799.011,1376.8132,850.18317,-0.44512939453125,0.1422119140625,0.87725830078125,1.57012939453125,-4.254302978515625,0.31402587890625,0.0,4.0,4.0,4.0,4.0,100.0,event
10:34:04.909,0.0,0.0,0.0,0.0,0.0,0.0,0.0,0.0,0.0,0.0,0.0,0.0,0.0,0.0,0.0,0.0,0.0,0.0,0.0,0.0,809.0842,780.4762,800.2198,1440.4762,869.12085,-0.44512939453125,0.1422119140625,0.87725830078125,1.57012939453125,-4.254302978515625,0.31402587890625,0.0,4.0,4.0,4.0,4.0,100.0,event
10:34:04.913,0.0,0.0,0.0,0.0,0.0,0.0,0.0,0.0,0.0,0.0,0.0,0.0,0.0,0.0,0.0,0.0,0.0,0.0,0.0,0.0,756.7033,778.46155,796.5934,1546.8499,772.8205,-0.44512939453125,0.1422119140625,0.87725830078125,1.57012939453125,-4.254302978515625,0.31402587890625,0.0,4.0,4.0,4.0,4.0,100.0,event
10:34:04.914,0.0,0.0,0.0,0.0,0.0,0.0,0.0,0.0,0.0,0.0,0.0,0.0,0.0,0.0,0.0,0.0,0.0,0.0,0.0,0.0,753.8828,773.6264,799.011,1136.2638,776.04395,-0.44512939453125,0.1422119140625,0.87725830078125,1.57012939453125,-4.254302978515625,0.31402587890625,0.0,4.0,4.0,4.0,4.0,100.0,event
10:34:04.915,0.0,0.0,0.0,0.0,0.0,0.0,0.0,0.0,0.0,0.0,0.0,0.0,0.0,0.0,0.0,0.0,0.0,0.0,0.0,0.0,803.0403,775.2381,793.7729,296.55676,786.52014,-0.44512939453125,0.1422119140625,0.87725830078125,1.57012939453125,-4.254302978515625,0.31402587890625,0.0,4.0,4.0,4.0,4.0,100.0,event
10:34:04.916,0.0,0.0,0.0,0.0,0.0,0.0,0.0,0.0,0.0,0.0,0.0,0.0,0.0,0.0,0.0,0.0,0.0,0.0,0.0,0.0,836.8865,779.67035,792.1612,0.0,803.8461,-0.44512939453125,0.1422119140625,0.87725830078125,1.57012939453125,-4.254302978515625,0.31402587890625,0.0,4.0,4.0,4.0,4.0,100.0,event
10:34:04.917,0.0,0.0,0.0,0.0,0.0,0.0,0.0,0.0,0.0,0.0,0.0,0.0,0.0,0.0,0.0,0.0,0.0,0.0,0.0,0.0,818.3516,778.0586,795.78754,240.95238,862.27106,-0.44512939453125,0.1422119140625,0.87725830078125,1.57012939453125,-4.254302978515625,0.31402587890625,0.0,4.0,4.0,4.0,4.0,100.0,event
10:34:04.917,0.0,0.0,0.0,0.0,0.0,0.0,0.0,0.0,0.0,0.0,0.0,0.0,0.0,0.0,0.0,0.0,0.0,0.0,0.0,0.0,773.22345,776.04395,796.5934,1012.96704,848.5714,-0.44512939453125,0.1422119140625,0.87725830078125,1.57012939453125,-4.254302978515625,0.31402587890625,0.0,4.0,4.0,4.0,4.0,100.0,event
10:34:04.918,0.0,0.0,0.0,0.0,0.0,0.0,0.0,0.0,0.0,0.0,0.0,0.0,0.0,0.0,0.0,0.0,0.0,0.0,0.0,0.0,760.7326,774.83514,798.20514,1556.9231,894.90845,-0.44512939453125,0.1422119140625,0.87725830078125,1.57012939453125,-4.254302978515625,0.31402587890625,0.0,4.0,4.0,4.0,4.0,100.0,event
10:34:04.919,0.0,0.0,0.0,0.0,0.0,0.0,0.0,0.0,0.0,0.0,0.0,0.0,0.0,0.0,0.0,0.0,0.0,0.0,0.0,0.0,853.4066,775.64105,796.99634,1620.989,948.0952,-0.44512939453125,0.1422119140625,0.87725830078125,1.57012939453125,-4.254302978515625,0.31402587890625,0.0,4.0,4.0,4.0,4.0,100.0,event
10:34:04.919,0.0,0.0,0.0,0.0,0.0,0.0,0.0,0.0,0.0,0.0,0.0,0.0,0.0,0.0,0.0,0.0,0.0,0.0,0.0,0.0,800.6227,774.0293,799.81683,1615.348,1106.044,-0.44512939453125,0.1422119140625,0.87725830078125,1.57012939453125,-4.254302978515625,0.31402587890625,0.0,4.0,4.0,4.0,4.0,100.0,event
10:34:04.920,0.0,0.0,0.0,0.0,0.0,0.0,0.0,0.0,0.0,0.0,0.0,0.0,0.0,0.0,0.0,0.0,0.0,0.0,0.0,0.0,842.52747,774.0293,790.14655,1629.8535,721.2454,-0.44512939453125,0.1422119140625,0.87725830078125,1.57012939453125,-4.254302978515625,0.31402587890625,0.0,4.0,4.0,4.0,4.0,100.0,event
10:34:04.948,0.0,0.0,0.0,0.0,0.0,0.0,0.0,0.0,0.0,0.0,0.0,0.0,0.0,0.0,0.0,0.0,0.0,0.0,0.0,0.0,799.011,774.0293,792.5641,1634.2858,711.1722,-0.4393310546875,0.14141845703125,0.87451171875,2.093505859375,-4.164581298828125,-0.07476806640625,0.0,4.0,4.0,4.0,4.0,100.0,event
10:34:04.949,0.0,0.0,0.0,0.0,0.0,0.0,0.0,0.0,0.0,0.0,0.0,0.0,0.0,0.0,0.0,0.0,0.0,0.0,0.0,0.0,790.9524,774.0293,799.41394,1608.9011,663.22345,-0.4393310546875,0.14141845703125,0.87451171875,2.093505859375,-4.164581298828125,-0.07476806640625,0.0,4.0,4.0,4.0,4.0,100.0,event
10:34:04.950,0.0,0.0,0.0,0.0,0.0,0.0,0.0,0.0,0.0,0.0,0.0,0.0,0.0,0.0,0.0,0.0,0.0,0.0,0.0,0.0,827.619,779.2674,801.4286,1633.8828,664.0293,-0.4393310546875,0.14141845703125,0.87451171875,2.093505859375,-4.164581298828125,-0.07476806640625,0.0,4.0,4.0,4.0,4.0,100.0,event
10:34:04.951,0.0,0.0,0.0,0.0,0.0,0.0,0.0,0.0,0.0,0.0,0.0,0.0,0.0,0.0,0.0,0.0,0.0,0.0,0.0,0.0,861.4652,781.685,799.41394,1618.1685,747.8388,-0.4393310546875,0.14141845703125,0.87451171875,2.093505859375,-4.164581298828125,-0.07476806640625,0.0,4.0,4.0,4.0,4.0,100.0,event
10:34:04.952,0.0,0.0,0.0,0.0,0.0,0.0,0.0,0.0,0.0,0.0,0.0,0.0,0.0,0.0,0.0,0.0,0.0,0.0,0.0,0.0,840.5128,776.8498,798.60803,968.24176,848.1685,-0.4393310546875,0.14141845703125,0.87451171875,2.093505859375,-4.164581298828125,-0.07476806640625,0.0,4.0,4.0,4.0,4.0,100.0,event
10:34:04.952,0.0,0.0,0.0,0.0,0.0,0.0,0.0,0.0,0.0,0.0,0.0,0.0,0.0,0.0,0.0,0.0,0.0,0.0,0.0,0.0,792.5641,778.0586,800.2198,487.54578,911.02563,-0.4393310546875,0.14141845703125,0.87451171875,2.093505859375,-4.164581298828125,-0.07476806640625,0.0,4.0,4.0,4.0,4.0,100.0,event
10:34:04.953,0.0,0.0,0.0,0.0,0.0,0.0,0.0,0.0,0.0,0.0,0.0,0.0,0.0,0.0,0.0,0.0,0.0,0.0,0.0,0.0,781.28204,781.28204,799.81683,478.27838,811.50183,-0.4393310546875,0.14141845703125,0.87451171875,2.093505859375,-4.164581298828125,-0.07476806640625,0.0,4.0,4.0,4.0,4.0,100.0,event
10:34:04.954,0.0,0.0,0.0,0.0,0.0,0.0,0.0,0.0,0.0,0.0,0.0,0.0,0.0,0.0,0.0,0.0,0.0,0.0,0.0,0.0,812.71063,779.67035,796.99634,343.69965,646.30035,-0.4393310546875,0.14141845703125,0.87451171875,2.093505859375,-4.164581298828125,-0.07476806640625,0.0,4.0,4.0,4.0,4.0,100.0,event
10:34:04.957,0.0,0.0,0.0,0.0,0.0,0.0,0.0,0.0,0.0,0.0,0.0,0.0,0.0,0.0,0.0,0.0,0.0,0.0,0.0,0.0,849.7802,778.86444,796.1905,353.7729,867.50916,-0.4393310546875,0.14141845703125,0.87451171875,2.093505859375,-4.164581298828125,-0.07476806640625,0.0,4.0,4.0,4.0,4.0,100.0,event
10:34:04.958,0.0,0.0,0.0,0.0,0.0,0.0,0.0,0.0,0.0,0.0,0.0,0.0,0.0,0.0,0.0,0.0,0.0,0.0,0.0,0.0,849.7802,775.2381,792.5641,515.7509,933.1868,-0.4393310546875,0.14141845703125,0.87451171875,2.093505859375,-4.164581298828125,-0.07476806640625,0.0,4.0,4.0,4.0,4.0,100.0,event
10:34:04.959,0.0,0.0,0.0,0.0,0.0,0.0,0.0,0.0,0.0,0.0,0.0,0.0,0.0,0.0,0.0,0.0,0.0,0.0,0.0,0.0,811.9048,779.67035,799.011,460.9524,736.1539,-0.4393310546875,0.14141845703125,0.87451171875,2.093505859375,-4.164581298828125,-0.07476806640625,0.0,4.0,4.0,4.0,4.0,100.0,event
10:34:04.960,0.0,0.0,0.0,0.0,0.0,0.0,0.0,0.0,0.0,0.0,0.0,0.0,0.0,0.0,0.0,0.0,0.0,0.0,0.0,0.0,792.1612,783.2967,800.6227,90.25641,730.10986,-0.4393310546875,0.14141845703125,0.87451171875,2.093505859375,-4.164581298828125,-0.07476806640625,0.0,4.0,4.0,4.0,4.0,100.0,event
10:34:05.004,0.0,0.0,0.0,0.0,0.0,0.0,0.0,0.0,0.0,0.0,0.0,0.0,0.0,0.0,0.0,0.0,0.0,0.0,0.0,0.0,808.2784,776.04395,797.3993,0.0,801.8315,-0.43621826171875,0.143798828125,0.87744140625,2.04864501953125,-4.000091552734375,0.052337646484375,0.0,4.0,4.0,4.0,4.0,100.0,event
10:34:05.005,0.0,0.0,0.0,0.0,0.0,0.0,0.0,0.0,0.0,0.0,0.0,0.0,0.0,0.0,0.0,0.0,0.0,0.0,0.0,0.0,857.03296,778.0586,802.23444,17.728937,723.663,-0.43621826171875,0.143798828125,0.87744140625,2.04864501953125,-4.000091552734375,0.052337646484375,0.0,4.0,4.0,4.0,4.0,100.0,event
10:34:05.006,0.0,0.0,0.0,0.0,0.0,0.0,0.0,0.0,0.0,0.0,0.0,0.0,0.0,0.0,0.0,0.0,0.0,0.0,0.0,0.0,866.7033,779.2674,802.6374,0.0,672.49084,-0.43621826171875,0.143798828125,0.87744140625,2.04864501953125,-4.000091552734375,0.052337646484375,0.0,4.0,4.0,4.0,4.0,100.0,event
10:34:05.007,0.0,0.0,0.0,0.0,0.0,0.0,0.0,0.0,0.0,0.0,0.0,0.0,0.0,0.0,0.0,0.0,0.0,0.0,0.0,0.0,805.8608,774.0293,799.81683,6.849817,674.5055,-0.43621826171875,0.143798828125,0.87744140625,2.04864501953125,-4.000091552734375,0.052337646484375,0.0,4.0,4.0,4.0,4.0,100.0,event
10:34:05.010,0.0,0.0,0.0,0.0,0.0,0.0,0.0,0.0,0.0,0.0,0.0,0.0,0.0,0.0,0.0,0.0,0.0,0.0,0.0,0.0,772.4176,774.83514,797.8022,0.0,700.293,-0.43621826171875,0.143798828125,0.87744140625,2.04864501953125,-4.000091552734375,0.052337646484375,0.0,4.0,4.0,4.0,4.0,100.0,event
10:34:05.011,0.0,0.0,0.0,0.0,0.0,0.0,0.0,0.0,0.0,0.0,0.0,0.0,0.0,0.0,0.0,0.0,0.0,0.0,0.0,0.0,798.20514,775.2381,797.3993,12.490843,803.44324,-0.43621826171875,0.143798828125,0.87744140625,2.04864501953125,-4.000091552734375,0.052337646484375,0.0,4.0,4.0,4.0,4.0,100.0,event
10:34:05.012,0.0,0.0,0.0,0.0,0.0,0.0,0.0,0.0,0.0,0.0,0.0,0.0,0.0,0.0,0.0,0.0,0.0,0.0,0.0,0.0,844.5421,772.01465,799.81683,118.05861,837.28937,-0.43621826171875,0.143798828125,0.87744140625,2.04864501953125,-4.000091552734375,0.052337646484375,0.0,4.0,4.0,4.0,4.0,100.0,event
10:34:05.012,0.0,0.0,0.0,0.0,0.0,0.0,0.0,0.0,0.0,0.0,0.0,0.0,0.0,0.0,0.0,0.0,0.0,0.0,0.0,0.0,865.89746,774.43225,797.8022,48.754578,908.20514,-0.43621826171875,0.143798828125,0.87744140625,2.04864501953125,-4.000091552734375,0.052337646484375,0.0,4.0,4.0,4.0,4.0,100.0,event
10:34:05.013,0.0,0.0,0.0,0.0,0.0,0.0,0.0,0.0,0.0,0.0,0.0,0.0,0.0,0.0,0.0,0.0,0.0,0.0,0.0,0.0,819.5604,774.83514,793.7729,0.0,1057.6923,-0.43621826171875,0.143798828125,0.87744140625,2.04864501953125,-4.000091552734375,0.052337646484375,0.0,4.0,4.0,4.0,4.0,100.0,event
10:34:05.014,0.0,0.0,0.0,0.0,0.0,0.0,0.0,0.0,0.0,0.0,0.0,0.0,0.0,0.0,0.0,0.0,0.0,0.0,0.0,0.0,780.87915,773.22345,793.36993,6.4468865,815.9341,-0.43621826171875,0.143798828125,0.87744140625,2.04864501953125,-4.000091552734375,0.052337646484375,0.0,4.0,4.0,4.0,4.0,100.0,event
10:34:05.015,0.0,0.0,0.0,0.0,0.0,0.0,0.0,0.0,0.0,0.0,0.0,0.0,0.0,0.0,0.0,0.0,0.0,0.0,0.0,0.0,800.2198,774.0293,792.5641,0.0,694.2491,-0.43621826171875,0.143798828125,0.87744140625,2.04864501953125,-4.000091552734375,0.052337646484375,0.0,4.0,4.0,4.0,4.0,100.0,event
10:34:05.016,0.0,0.0,0.0,0.0,0.0,0.0,0.0,0.0,0.0,0.0,0.0,0.0,0.0,0.0,0.0,0.0,0.0,0.0,0.0,0.0,843.3333,776.04395,795.38464,0.0,824.3956,-0.43621826171875,0.143798828125,0.87744140625,2.04864501953125,-4.000091552734375,0.052337646484375,0.0,4.0,4.0,4.0,4.0,100.0,event
10:34:05.055,0.0,0.0,0.0,0.0,0.0,0.0,0.0,0.0,0.0,0.0,0.0,0.0,0.0,0.0,0.0,0.0,0.0,0.0,0.0,0.0,826.4103,773.6264,794.57874,0.0,784.10254,-0.44036865234375,0.147705078125,0.87469482421875,1.79443359375,-3.4393310546875,0.530853271484375,0.0,4.0,4.0,4.0,4.0,100.0,event
10:34:05.055,0.0,0.0,0.0,0.0,0.0,0.0,0.0,0.0,0.0,0.0,0.0,0.0,0.0,0.0,0.0,0.0,0.0,0.0,0.0,0.0,865.09155,773.22345,793.36993,0.0,838.49817,-0.44036865234375,0.147705078125,0.87469482421875,1.79443359375,-3.4393310546875,0.530853271484375,0.0,4.0,4.0,4.0,4.0,100.0,event
10:34:05.056,0.0,0.0,0.0,0.0,0.0,0.0,0.0,0.0,0.0,0.0,0.0,0.0,0.0,0.0,0.0,0.0,0.0,0.0,0.0,0.0,784.10254,778.0586,798.60803,0.0,715.6044,-0.44036865234375,0.147705078125,0.87469482421875,1.79443359375,-3.4393310546875,0.530853271484375,0.0,4.0,4.0,4.0,4.0,100.0,event
10:34:05.057,0.0,0.0,0.0,0.0,0.0,0.0,0.0,0.0,0.0,0.0,0.0,0.0,0.0,0.0,0.0,0.0,0.0,0.0,0.0,0.0,793.7729,777.25275,797.3993,0.0,751.4652,-0.44036865234375,0.147705078125,0.87469482421875,1.79443359375,-3.4393310546875,0.530853271484375,0.0,4.0,4.0,4.0,4.0,100.0,event
10:34:05.057,0.0,0.0,0.0,0.0,0.0,0.0,0.0,0.0,0.0,0.0,0.0,0.0,0.0,0.0,0.0,0.0,0.0,0.0,0.0,0.0,829.6337,774.83514,803.44324,0.0,718.022,-0.44036865234375,0.147705078125,0.87469482421875,1.79443359375,-3.4393310546875,0.530853271484375,0.0,4.0,4.0,4.0,4.0,100.0,event
10:34:05.058,0.0,0.0,0.0,0.0,0.0,0.0,0.0,0.0,0.0,0.0,0.0,0.0,0.0,0.0,0.0,0.0,0.0,0.0,0.0,0.0,858.24176,775.64105,805.4579,0.0,785.31134,-0.44036865234375,0.147705078125,0.87469482421875,1.79443359375,-3.4393310546875,0.530853271484375,0.0,4.0,4.0,4.0,4.0,100.0,event
10:34:05.058,0.0,0.0,0.0,0.0,0.0,0.0,0.0,0.0,0.0,0.0,0.0,0.0,0.0,0.0,0.0,0.0,0.0,0.0,0.0,0.0,831.6484,778.0586,801.02563,1.6117216,893.69965,-0.44036865234375,0.147705078125,0.87469482421875,1.79443359375,-3.4393310546875,0.530853271484375,0.0,4.0,4.0,4.0,4.0,100.0,event
10:34:05.059,0.0,0.0,0.0,0.0,0.0,0.0,0.0,0.0,0.0,0.0,0.0,0.0,0.0,0.0,0.0,0.0,0.0,0.0,0.0,0.0,779.2674,773.6264,799.011,6.849817,954.5421,-0.44036865234375,0.147705078125,0.87469482421875,1.79443359375,-3.4393310546875,0.530853271484375,0.0,4.0,4.0,4.0,4.0,100.0,event
10:34:05.059,0.0,0.0,0.0,0.0,0.0,0.0,0.0,0.0,0.0,0.0,0.0,0.0,0.0,0.0,0.0,0.0,0.0,0.0,0.0,0.0,784.90845,772.01465,796.99634,0.0,895.31134,-0.44036865234375,0.147705078125,0.87469482421875,1.79443359375,-3.4393310546875,0.530853271484375,0.0,4.0,4.0,4.0,4.0,100.0,event
10:34:05.060,0.0,0.0,0.0,0.0,0.0,0.0,0.0,0.0,0.0,0.0,0.0,0.0,0.0,0.0,0.0,0.0,0.0,0.0,0.0,0.0,821.1722,774.43225,792.96704,151.90475,697.0696,-0.44036865234375,0.147705078125,0.87469482421875,1.79443359375,-3.4393310546875,0.530853271484375,0.0,4.0,4.0,4.0,4.0,100.0,event
10:34:05.060,0.0,0.0,0.0,0.0,0.0,0.0,0.0,0.0,0.0,0.0,0.0,0.0,0.0,0.0,0.0,0.0,0.0,0.0,0.0,0.0,848.5714,777.25275,795.38464,477.0696,774.83514,-0.44036865234375,0.147705078125,0.87469482421875,1.79443359375,-3.4393310546875,0.530853271484375,0.0,4.0,4.0,4.0,4.0,100.0,event
10:34:05.061,0.0,0.0,0.0,0.0,0.0,0.0,0.0,0.0,0.0,0.0,0.0,0.0,0.0,0.0,0.0,0.0,0.0,0.0,0.0,0.0,838.0952,780.4762,796.1905,451.28204,847.76556,-0.44036865234375,0.147705078125,0.87469482421875,1.79443359375,-3.4393310546875,0.530853271484375,0.0,4.0,4.0,4.0,4.0,100.0,event
10:34:05.062,0.0,0.0,0.0,0.0,0.0,0.0,0.0,0.0,0.0,0.0,0.0,0.0,0.0,0.0,0.0,0.0,0.0,0.0,0.0,0.0,782.49084,775.64105,796.99634,460.1465,667.6557,-0.44036865234375,0.147705078125,0.87469482421875,1.79443359375,-3.4393310546875,0.530853271484375,0.0,4.0,4.0,4.0,4.0,100.0,event
10:34:05.062,0.0,0.0,0.0,0.0,0.0,0.0,0.0,0.0,0.0,0.0,0.0,0.0,0.0,0.0,0.0,0.0,0.0,0.0,0.0,0.0,797.3993,779.2674,793.36993,329.59708,716.0073,-0.44036865234375,0.147705078125,0.87469482421875,1.79443359375,-3.4393310546875,0.530853271484375,0.0,4.0,4.0,4.0,4.0,100.0,event
10:34:05.063,0.0,0.0,0.0,0.0,0.0,0.0,0.0,0.0,0.0,0.0,0.0,0.0,0.0,0.0,0.0,0.0,0.0,0.0,0.0,0.0,811.50183,775.64105,797.8022,468.20514,751.06226,-0.44036865234375,0.147705078125,0.87469482421875,1.79443359375,-3.4393310546875,0.530853271484375,0.0,4.0,4.0,4.0,4.0,100.0,event
10:34:05.063,0.0,0.0,0.0,0.0,0.0,0.0,0.0,0.0,0.0,0.0,0.0,0.0,0.0,0.0,0.0,0.0,0.0,0.0,0.0,0.0,849.7802,778.46155,798.20514,133.77289,848.1685,-0.44036865234375,0.147705078125,0.87469482421875,1.79443359375,-3.4393310546875,0.530853271484375,0.0,4.0,4.0,4.0,4.0,100.0,event
10:34:05.064,0.0,0.0,0.0,0.0,0.0,0.0,0.0,0.0,0.0,0.0,0.0,0.0,0.0,0.0,0.0,0.0,0.0,0.0,0.0,0.0,830.4396,781.28204,801.4286,139.41393,855.82416,-0.44036865234375,0.147705078125,0.87469482421875,1.79443359375,-3.4393310546875,0.530853271484375,0.0,4.0,4.0,4.0,4.0,100.0,event
10:34:05.064,0.0,0.0,0.0,0.0,0.0,0.0,0.0,0.0,0.0,0.0,0.0,0.0,0.0,0.0,0.0,0.0,0.0,0.0,0.0,0.0,776.04395,777.6557,800.6227,303.00366,761.13556,-0.44036865234375,0.147705078125,0.87469482421875,1.79443359375,-3.4393310546875,0.530853271484375,0.0,4.0,4.0,4.0,4.0,100.0,event
10:34:05.067,0.0,0.0,0.0,0.0,0.0,0.0,0.0,0.0,0.0,0.0,0.0,0.0,0.0,0.0,0.0,0.0,0.0,0.0,0.0,0.0,762.3443,769.59705,796.99634,353.7729,842.1245,-0.44036865234375,0.147705078125,0.87469482421875,1.79443359375,-3.4393310546875,0.530853271484375,0.0,4.0,4.0,4.0,4.0,100.0,event
10:34:05.068,0.0,0.0,0.0,0.0,0.0,0.0,0.0,0.0,0.0,0.0,0.0,0.0,0.0,0.0,0.0,0.0,0.0,0.0,0.0,0.0,799.011,770.40295,788.5348,548.7912,1096.7766,-0.44036865234375,0.147705078125,0.87469482421875,1.79443359375,-3.4393310546875,0.530853271484375,0.0,4.0,4.0,4.0,4.0,100.0,event
10:34:05.068,0.0,0.0,0.0,0.0,0.0,0.0,0.0,0.0,0.0,0.0,0.0,0.0,0.0,0.0,0.0,0.0,0.0,0.0,0.0,0.0,847.76556,774.43225,791.3553,806.26373,1014.9817,-0.44036865234375,0.147705078125,0.87469482421875,1.79443359375,-3.4393310546875,0.530853271484375,0.0,4.0,4.0,4.0,4.0,100.0,event
10:34:05.069,0.0,0.0,0.0,0.0,0.0,0.0,0.0,0.0,0.0,0.0,0.0,0.0,0.0,0.0,0.0,0.0,0.0,0.0,0.0,0.0,842.9304,772.01465,794.9817,937.2161,809.0842,-0.44036865234375,0.147705078125,0.87469482421875,1.79443359375,-3.4393310546875,0.530853271484375,0.0,4.0,4.0,4.0,4.0,100.0,event
10:34:05.069,0.0,0.0,0.0,0.0,0.0,0.0,0.0,0.0,0.0,0.0,0.0,0.0,0.0,0.0,0.0,0.0,0.0,0.0,0.0,0.0,790.9524,772.4176,795.78754,998.0586,812.3077,-0.44036865234375,0.147705078125,0.87469482421875,1.79443359375,-3.4393310546875,0.530853271484375,0.0,4.0,4.0,4.0,4.0,100.0,event
10:34:05.070,0.0,0.0,0.0,0.0,0.0,0.0,0.0,0.0,0.0,0.0,0.0,0.0,0.0,0.0,0.0,0.0,0.0,0.0,0.0,0.0,776.04395,776.8498,801.4286,995.64105,761.9414,-0.44036865234375,0.147705078125,0.87469482421875,1.79443359375,-3.4393310546875,0.530853271484375,0.0,4.0,4.0,4.0,4.0,100.0,event
10:34:05.139,0.0,0.0,0.0,0.0,0.0,0.0,0.0,0.0,0.0,0.0,0.0,0.0,0.0,0.0,0.0,0.0,0.0,0.0,0.0,0.0,812.3077,774.83514,796.99634,567.326,692.6374,-0.44580078125,0.14324951171875,0.86883544921875,1.966400146484375,-3.282318115234375,-0.575714111328125,0.0,4.0,4.0,4.0,4.0,100.0,event
10:34:05.140,0.0,0.0,0.0,0.0,0.0,0.0,0.0,0.0,0.0,0.0,0.0,0.0,0.0,0.0,0.0,0.0,0.0,0.0,0.0,0.0,852.1978,775.2381,790.9524,256.26373,743.4066,-0.44580078125,0.14324951171875,0.86883544921875,1.966400146484375,-3.282318115234375,-0.575714111328125,0.0,4.0,4.0,4.0,4.0,100.0,event
10:34:05.141,0.0,0.0,0.0,0.0,0.0,0.0,0.0,0.0,0.0,0.0,0.0,0.0,0.0,0.0,0.0,0.0,0.0,0.0,0.0,0.0,848.5714,778.0586,792.5641,206.7033,793.36993,-0.44580078125,0.14324951171875,0.86883544921875,1.966400146484375,-3.282318115234375,-0.575714111328125,0.0,4.0,4.0,4.0,4.0,100.0,event
10:34:05.142,0.0,0.0,0.0,0.0,0.0,0.0,0.0,0.0,0.0,0.0,0.0,0.0,0.0,0.0,0.0,0.0,0.0,0.0,0.0,0.0,805.8608,773.22345,790.9524,191.79488,674.90845,-0.44580078125,0.14324951171875,0.86883544921875,1.966400146484375,-3.282318115234375,-0.575714111328125,0.0,4.0,4.0,4.0,4.0,100.0,event
10:34:05.142,0.0,0.0,0.0,0.0,0.0,0.0,0.0,0.0,0.0,0.0,0.0,0.0,0.0,0.0,0.0,0.0,0.0,0.0,0.0,0.0,784.10254,771.2088,792.96704,336.04395,665.2381,-0.44580078125,0.14324951171875,0.86883544921875,1.966400146484375,-3.282318115234375,-0.575714111328125,0.0,4.0,4.0,4.0,4.0,100.0,event
10:34:05.143,0.0,0.0,0.0,0.0,0.0,0.0,0.0,0.0,0.0,0.0,0.0,0.0,0.0,0.0,0.0,0.0,0.0,0.0,0.0,0.0,810.696,772.4176,797.8022,100.7326,827.2161,-0.44580078125,0.14324951171875,0.86883544921875,1.966400146484375,-3.282318115234375,-0.575714111328125,0.0,4.0,4.0,4.0,4.0,100.0,event
10:34:05.144,0.0,0.0,0.0,0.0,0.0,0.0,0.0,0.0,0.0,0.0,0.0,0.0,0.0,0.0,0.0,0.0,0.0,0.0,0.0,0.0,857.03296,773.6264,799.81683,0.0,1072.6007,-0.44580078125,0.14324951171875,0.86883544921875,1.966400146484375,-3.282318115234375,-0.575714111328125,0.0,4.0,4.0,4.0,4.0,100.0,event
10:34:05.144,0.0,0.0,0.0,0.0,0.0,0.0,0.0,0.0,0.0,0.0,0.0,0.0,0.0,0.0,0.0,0.0,0.0,0.0,0.0,0.0,867.50916,778.86444,792.96704,16.923077,1051.2454,-0.44580078125,0.14324951171875,0.86883544921875,1.966400146484375,-3.282318115234375,-0.575714111328125,0.0,4.0,4.0,4.0,4.0,100.0,event
10:34:05.145,0.0,0.0,0.0,0.0,0.0,0.0,0.0,0.0,0.0,0.0,0.0,0.0,0.0,0.0,0.0,0.0,0.0,0.0,0.0,0.0,814.7253,776.4469,790.14655,0.0,704.3223,-0.44580078125,0.14324951171875,0.86883544921875,1.966400146484375,-3.282318115234375,-0.575714111328125,0.0,4.0,4.0,4.0,4.0,100.0,event
10:34:05.146,0.0,0.0,0.0,0.0,0.0,0.0,0.0,0.0,0.0,0.0,0.0,0.0,0.0,0.0,0.0,0.0,0.0,0.0,0.0,0.0,774.43225,773.6264,796.1905,0.0,678.5348,-0.44580078125,0.14324951171875,0.86883544921875,1.966400146484375,-3.282318115234375,-0.575714111328125,0.0,4.0,4.0,4.0,4.0,100.0,event
10:34:05.146,0.0,0.0,0.0,0.0,0.0,0.0,0.0,0.0,0.0,0.0,0.0,0.0,0.0,0.0,0.0,0.0,0.0,0.0,0.0,0.0,795.38464,776.4469,797.3993,0.0,801.02563,-0.44580078125,0.14324951171875,0.86883544921875,1.966400146484375,-3.282318115234375,-0.575714111328125,0.0,4.0,4.0,4.0,4.0,100.0,event
10:34:05.147,0.0,0.0,0.0,0.0,0.0,0.0,0.0,0.0,0.0,0.0,0.0,0.0,0.0,0.0,0.0,0.0,0.0,0.0,0.0,0.0,840.5128,777.25275,790.9524,0.0,755.89746,-0.44580078125,0.14324951171875,0.86883544921875,1.966400146484375,-3.282318115234375,-0.575714111328125,0.0,4.0,4.0,4.0,4.0,100.0,event
10:34:05.192,0.0,0.0,0.0,0.0,0.0,0.0,0.0,0.0,0.0,0.0,0.0,0.0,0.0,0.0,0.0,0.0,0.0,0.0,0.0,0.0,859.85345,778.0586,791.75824,0.0,706.7399,-0.4423828125,0.1405029296875,0.87847900390625,2.01873779296875,-3.887939453125,-0.88226318359375,0.0,4.0,4.0,4.0,4.0,100.0,event
10:34:05.194,0.0,0.0,0.0,0.0,0.0,0.0,0.0,0.0,0.0,0.0,0.0,0.0,0.0,0.0,0.0,0.0,0.0,0.0,0.0,0.0,817.9487,777.6557,794.9817,0.0,689.41394,-0.4423828125,0.1405029296875,0.87847900390625,2.01873779296875,-3.887939453125,-0.88226318359375,0.0,4.0,4.0,4.0,4.0,100.0,event
10:34:05.195,0.0,0.0,0.0,0.0,0.0,0.0,0.0,0.0,0.0,0.0,0.0,0.0,0.0,0.0,0.0,0.0,0.0,0.0,0.0,0.0,782.8938,778.46155,795.78754,0.0,665.2381,-0.4423828125,0.1405029296875,0.87847900390625,2.01873779296875,-3.887939453125,-0.88226318359375,0.0,4.0,4.0,4.0,4.0,100.0,event
10:34:05.197,0.0,0.0,0.0,0.0,0.0,0.0,0.0,0.0,0.0,0.0,0.0,0.0,0.0,0.0,0.0,0.0,0.0,0.0,0.0,0.0,800.2198,779.2674,793.7729,7.655678,669.67035,-0.4423828125,0.1405029296875,0.87847900390625,2.01873779296875,-3.887939453125,-0.88226318359375,0.0,4.0,4.0,4.0,4.0,100.0,event
10:34:05.198,0.0,0.0,0.0,0.0,0.0,0.0,0.0,0.0,0.0,0.0,0.0,0.0,0.0,0.0,0.0,0.0,0.0,0.0,0.0,0.0,838.9011,777.6557,791.75824,0.0,711.1722,-0.4423828125,0.1405029296875,0.87847900390625,2.01873779296875,-3.887939453125,-0.88226318359375,0.0,4.0,4.0,4.0,4.0,100.0,event
10:34:05.199,0.0,0.0,0.0,0.0,0.0,0.0,0.0,0.0,0.0,0.0,0.0,0.0,0.0,0.0,0.0,0.0,0.0,0.0,0.0,0.0,856.63007,777.6557,792.1612,42.71062,838.49817,-0.4423828125,0.1405029296875,0.87847900390625,2.01873779296875,-3.887939453125,-0.88226318359375,0.0,4.0,4.0,4.0,4.0,100.0,event
10:34:05.200,0.0,0.0,0.0,0.0,0.0,0.0,0.0,0.0,0.0,0.0,0.0,0.0,0.0,0.0,0.0,0.0,0.0,0.0,0.0,0.0,815.12823,776.04395,794.9817,203.07692,968.6447,-0.4423828125,0.1405029296875,0.87847900390625,2.01873779296875,-3.887939453125,-0.88226318359375,0.0,4.0,4.0,4.0,4.0,100.0,event
10:34:05.200,0.0,0.0,0.0,0.0,0.0,0.0,0.0,0.0,0.0,0.0,0.0,0.0,0.0,0.0,0.0,0.0,0.0,0.0,0.0,0.0,777.25275,776.8498,793.7729,364.24908,800.6227,-0.4423828125,0.1405029296875,0.87847900390625,2.01873779296875,-3.887939453125,-0.88226318359375,0.0,4.0,4.0,4.0,4.0,100.0,event
10:34:05.204,0.0,0.0,0.0,0.0,0.0,0.0,0.0,0.0,0.0,0.0,0.0,0.0,0.0,0.0,0.0,0.0,0.0,0.0,0.0,0.0,795.78754,778.0586,791.75824,810.293,751.8681,-0.4423828125,0.1405029296875,0.87847900390625,2.01873779296875,-3.887939453125,-0.88226318359375,0.0,4.0,4.0,4.0,4.0,100.0,event
10:34:05.205,0.0,0.0,0.0,0.0,0.0,0.0,0.0,0.0,0.0,0.0,0.0,0.0,0.0,0.0,0.0,0.0,0.0,0.0,0.0,0.0,832.0513,774.43225,792.5641,690.6227,917.8755,-0.4423828125,0.1405029296875,0.87847900390625,2.01873779296875,-3.887939453125,-0.88226318359375,0.0,4.0,4.0,4.0,4.0,100.0,event
10:34:05.206,0.0,0.0,0.0,0.0,0.0,0.0,0.0,0.0,0.0,0.0,0.0,0.0,0.0,0.0,0.0,0.0,0.0,0.0,0.0,0.0,860.65936,778.0586,789.34064,839.304,1045.6044,-0.4423828125,0.1405029296875,0.87847900390625,2.01873779296875,-3.887939453125,-0.88226318359375,0.0,4.0,4.0,4.0,4.0,100.0,event
10:34:05.207,0.0,0.0,0.0,0.0,0.0,0.0,0.0,0.0,0.0,0.0,0.0,0.0,0.0,0.0,0.0,0.0,0.0,0.0,0.0,0.0,840.5128,785.31134,795.78754,1560.1465,893.2967,-0.4423828125,0.1405029296875,0.87847900390625,2.01873779296875,-3.887939453125,-0.88226318359375,0.0,4.0,4.0,4.0,4.0,100.0,event
10:34:05.265,0.0,0.0,0.0,0.0,0.0,0.0,0.0,0.0,0.0,0.0,0.0,0.0,0.0,0.0,0.0,0.0,0.0,0.0,0.0,0.0,784.10254,785.7143,800.2198,1644.359,754.2857,-0.4417724609375,0.1405029296875,0.8753662109375,1.951446533203125,-3.7982177734375,0.37384033203125,0.0,4.0,4.0,4.0,4.0,100.0,event
10:34:05.266,0.0,0.0,0.0,0.0,0.0,0.0,0.0,0.0,0.0,0.0,0.0,0.0,0.0,0.0,0.0,0.0,0.0,0.0,0.0,0.0,774.83514,777.25275,800.6227,1607.2894,871.53845,-0.4417724609375,0.1405029296875,0.8753662109375,1.951446533203125,-3.7982177734375,0.37384033203125,0.0,4.0,4.0,4.0,4.0,100.0,event
10:34:05.268,0.0,0.0,0.0,0.0,0.0,0.0,0.0,0.0,0.0,0.0,0.0,0.0,0.0,0.0,0.0,0.0,0.0,0.0,0.0,0.0,821.5751,774.0293,799.011,1633.0769,894.90845,-0.4417724609375,0.1405029296875,0.8753662109375,1.951446533203125,-3.7982177734375,0.37384033203125,0.0,4.0,4.0,4.0,4.0,100.0,event
10:34:05.269,0.0,0.0,0.0,0.0,0.0,0.0,0.0,0.0,0.0,0.0,0.0,0.0,0.0,0.0,0.0,0.0,0.0,0.0,0.0,0.0,858.6447,776.4469,800.6227,1628.2417,842.9304,-0.4417724609375,0.1405029296875,0.8753662109375,1.951446533203125,-3.7982177734375,0.37384033203125,0.0,4.0,4.0,4.0,4.0,100.0,event
10:34:05.271,0.0,0.0,0.0,0.0,0.0,0.0,0.0,0.0,0.0,0.0,0.0,0.0,0.0,0.0,0.0,0.0,0.0,0.0,0.0,0.0,832.4542,776.8498,798.20514,1628.6447,865.4945,-0.4417724609375,0.1405029296875,0.8753662109375,1.951446533203125,-3.7982177734375,0.37384033203125,0.0,4.0,4.0,4.0,4.0,100.0,event
10:34:05.272,0.0,0.0,0.0,0.0,0.0,0.0,0.0,0.0,0.0,0.0,0.0,0.0,0.0,0.0,0.0,0.0,0.0,0.0,0.0,0.0,779.67035,779.2674,793.36993,1628.6447,993.6264,-0.4417724609375,0.1405029296875,0.8753662109375,1.951446533203125,-3.7982177734375,0.37384033203125,0.0,4.0,4.0,4.0,4.0,100.0,event
10:34:05.274,0.0,0.0,0.0,0.0,0.0,0.0,0.0,0.0,0.0,0.0,0.0,0.0,0.0,0.0,0.0,0.0,0.0,0.0,0.0,0.0,776.04395,778.0586,794.57874,1628.2417,1018.60803,-0.4417724609375,0.1405029296875,0.8753662109375,1.951446533203125,-3.7982177734375,0.37384033203125,0.0,4.0,4.0,4.0,4.0,100.0,event
10:34:05.275,0.0,0.0,0.0,0.0,0.0,0.0,0.0,0.0,0.0,0.0,0.0,0.0,0.0,0.0,0.0,0.0,0.0,0.0,0.0,0.0,819.5604,777.6557,794.9817,1628.2417,867.1062,-0.4417724609375,0.1405029296875,0.8753662109375,1.951446533203125,-3.7982177734375,0.37384033203125,0.0,4.0,4.0,4.0,4.0,100.0,event
10:34:05.276,0.0,0.0,0.0,0.0,0.0,0.0,0.0,0.0,0.0,0.0,0.0,0.0,0.0,0.0,0.0,0.0,0.0,0.0,0.0,0.0,858.6447,780.4762,799.011,1628.2417,822.7839,-0.4417724609375,0.1405029296875,0.8753662109375,1.951446533203125,-3.7982177734375,0.37384033203125,0.0,4.0,4.0,4.0,4.0,100.0,event
10:34:05.276,0.0,0.0,0.0,0.0,0.0,0.0,0.0,0.0,0.0,0.0,0.0,0.0,0.0,0.0,0.0,0.0,0.0,0.0,0.0,0.0,836.4835,780.87915,803.0403,1628.2417,1042.381,-0.4417724609375,0.1405029296875,0.8753662109375,1.951446533203125,-3.7982177734375,0.37384033203125,0.0,4.0,4.0,4.0,4.0,100.0,event
10:34:05.277,0.0,0.0,0.0,0.0,0.0,0.0,0.0,0.0,0.0,0.0,0.0,0.0,0.0,0.0,0.0,0.0,0.0,0.0,0.0,0.0,787.72894,783.69965,792.96704,1628.2417,918.68134,-0.4417724609375,0.1405029296875,0.8753662109375,1.951446533203125,-3.7982177734375,0.37384033203125,0.0,4.0,4.0,4.0,4.0,100.0,event
10:34:05.278,0.0,0.0,0.0,0.0,0.0,0.0,0.0,0.0,0.0,0.0,0.0,0.0,0.0,0.0,0.0,0.0,0.0,0.0,0.0,0.0,786.9231,780.87915,787.326,1628.2417,713.1868,-0.4417724609375,0.1405029296875,0.8753662109375,1.951446533203125,-3.7982177734375,0.37384033203125,0.0,4.0,4.0,4.0,4.0,100.0,event
10:34:05.301,0.0,0.0,0.0,0.0,0.0,0.0,0.0,0.0,0.0,0.0,0.0,0.0,0.0,0.0,0.0,0.0,0.0,0.0,0.0,0.0,809.89014,774.0293,793.36993,1628.2417,781.28204,-0.44219970703125,0.14166259765625,0.87750244140625,2.429962158203125,-3.69354248046875,0.5682373046875,0.0,4.0,4.0,4.0,4.0,100.0,event
10:34:05.302,0.0,0.0,0.0,0.0,0.0,0.0,0.0,0.0,0.0,0.0,0.0,0.0,0.0,0.0,0.0,0.0,0.0,0.0,0.0,0.0,838.0952,776.04395,798.20514,1628.2417,834.87177,-0.44219970703125,0.14166259765625,0.87750244140625,2.429962158203125,-3.69354248046875,0.5682373046875,0.0,4.0,4.0,4.0,4.0,100.0,event
10:34:05.303,0.0,0.0,0.0,0.0,0.0,0.0,0.0,0.0,0.0,0.0,0.0,0.0,0.0,0.0,0.0,0.0,0.0,0.0,0.0,0.0,800.6227,777.6557,802.23444,1628.2417,813.91943,-0.44219970703125,0.14166259765625,0.87750244140625,2.429962158203125,-3.69354248046875,0.5682373046875,0.0,4.0,4.0,4.0,4.0,100.0,event
10:34:05.303,0.0,0.0,0.0,0.0,0.0,0.0,0.0,0.0,0.0,0.0,0.0,0.0,0.0,0.0,0.0,0.0,0.0,0.0,0.0,0.0,840.10986,779.67035,804.65204,1628.2417,866.30035,-0.44219970703125,0.14166259765625,0.87750244140625,2.429962158203125,-3.69354248046875,0.5682373046875,0.0,4.0,4.0,4.0,4.0,100.0,event
10:34:05.304,0.0,0.0,0.0,0.0,0.0,0.0,0.0,0.0,0.0,0.0,0.0,0.0,0.0,0.0,0.0,0.0,0.0,0.0,0.0,0.0,783.2967,774.43225,790.54944,1632.674,793.36993,-0.44219970703125,0.14166259765625,0.87750244140625,2.429962158203125,-3.69354248046875,0.5682373046875,0.0,4.0,4.0,4.0,4.0,100.0,event
10:34:05.305,0.0,0.0,0.0,0.0,0.0,0.0,0.0,0.0,0.0,0.0,0.0,0.0,0.0,0.0,0.0,0.0,0.0,0.0,0.0,0.0,816.337,775.64105,789.34064,1616.1538,933.5897,-0.44219970703125,0.14166259765625,0.87750244140625,2.429962158203125,-3.69354248046875,0.5682373046875,0.0,4.0,4.0,4.0,4.0,100.0,event
10:34:05.305,0.0,0.0,0.0,0.0,0.0,0.0,0.0,0.0,0.0,0.0,0.0,0.0,0.0,0.0,0.0,0.0,0.0,0.0,0.0,0.0,847.3626,777.25275,791.3553,1619.3773,879.19415,-0.44219970703125,0.14166259765625,0.87750244140625,2.429962158203125,-3.69354248046875,0.5682373046875,0.0,4.0,4.0,4.0,4.0,100.0,event
10:34:05.306,0.0,0.0,0.0,0.0,0.0,0.0,0.0,0.0,0.0,0.0,0.0,0.0,0.0,0.0,0.0,0.0,0.0,0.0,0.0,0.0,846.1539,781.28204,796.5934,1639.9268,748.6447,-0.44219970703125,0.14166259765625,0.87750244140625,2.429962158203125,-3.69354248046875,0.5682373046875,0.0,4.0,4.0,4.0,4.0,100.0,event
10:34:05.307,0.0,0.0,0.0,0.0,0.0,0.0,0.0,0.0,0.0,0.0,0.0,0.0,0.0,0.0,0.0,0.0,0.0,0.0,0.0,0.0,802.6374,776.04395,799.41394,1064.1392,813.91943,-0.44219970703125,0.14166259765625,0.87750244140625,2.429962158203125,-3.69354248046875,0.5682373046875,0.0,4.0,4.0,4.0,4.0,100.0,event
10:34:05.307,0.0,0.0,0.0,0.0,0.0,0.0,0.0,0.0,0.0,0.0,0.0,0.0,0.0,0.0,0.0,0.0,0.0,0.0,0.0,0.0,774.0293,773.22345,801.8315,447.25275,1053.2601,-0.44219970703125,0.14166259765625,0.87750244140625,2.429962158203125,-3.69354248046875,0.5682373046875,0.0,4.0,4.0,4.0,4.0,100.0,event
10:34:05.310,0.0,0.0,0.0,0.0,0.0,0.0,0.0,0.0,0.0,0.0,0.0,0.0,0.0,0.0,0.0,0.0,0.0,0.0,0.0,0.0,805.8608,779.2674,802.23444,678.5348,861.8681,-0.44219970703125,0.14166259765625,0.87750244140625,2.429962158203125,-3.69354248046875,0.5682373046875,0.0,4.0,4.0,4.0,4.0,100.0,event
10:34:05.311,0.0,0.0,0.0,0.0,0.0,0.0,0.0,0.0,0.0,0.0,0.0,0.0,0.0,0.0,0.0,0.0,0.0,0.0,0.0,0.0,847.76556,778.46155,799.81683,1101.2087,737.76556,-0.44219970703125,0.14166259765625,0.87750244140625,2.429962158203125,-3.69354248046875,0.5682373046875,0.0,4.0,4.0,4.0,4.0,100.0,event
10:34:05.312,0.0,0.0,0.0,0.0,0.0,0.0,0.0,0.0,0.0,0.0,0.0,0.0,0.0,0.0,0.0,0.0,0.0,0.0,0.0,0.0,854.61536,777.6557,800.6227,1316.3737,919.0842,-0.44219970703125,0.14166259765625,0.87750244140625,2.429962158203125,-3.69354248046875,0.5682373046875,0.0,4.0,4.0,4.0,4.0,100.0,event
10:34:05.312,0.0,0.0,0.0,0.0,0.0,0.0,0.0,0.0,0.0,0.0,0.0,0.0,0.0,0.0,0.0,0.0,0.0,0.0,0.0,0.0,806.6667,778.86444,795.78754,1563.773,820.7692,-0.44219970703125,0.14166259765625,0.87750244140625,2.429962158203125,-3.69354248046875,0.5682373046875,0.0,4.0,4.0,4.0,4.0,100.0,event
10:34:05.313,0.0,0.0,0.0,0.0,0.0,0.0,0.0,0.0,0.0,0.0,0.0,0.0,0.0,0.0,0.0,0.0,0.0,0.0,0.0,0.0,773.22345,776.4469,792.5641,1643.1501,668.46155,-0.44219970703125,0.14166259765625,0.87750244140625,2.429962158203125,-3.69354248046875,0.5682373046875,0.0,4.0,4.0,4.0,4.0,100.0,event
10:34:05.314,0.0,0.0,0.0,0.0,0.0,0.0,0.0,0.0,0.0,0.0,0.0,0.0,0.0,0.0,0.0,0.0,0.0,0.0,0.0,0.0,832.4542,776.8498,793.7729,1630.6593,834.87177,-0.44219970703125,0.14166259765625,0.87750244140625,2.429962158203125,-3.69354248046875,0.5682373046875,0.0,4.0,4.0,4.0,4.0,100.0,event
10:34:05.314,0.0,0.0,0.0,0.0,0.0,0.0,0.0,0.0,0.0,0.0,0.0,0.0,0.0,0.0,0.0,0.0,0.0,0.0,0.0,0.0,792.1612,777.25275,794.17584,1618.1685,704.3223,-0.44219970703125,0.14166259765625,0.87750244140625,2.429962158203125,-3.69354248046875,0.5682373046875,0.0,4.0,4.0,4.0,4.0,100.0,event
10:34:05.315,0.0,0.0,0.0,0.0,0.0,0.0,0.0,0.0,0.0,0.0,0.0,0.0,0.0,0.0,0.0,0.0,0.0,0.0,0.0,0.0,843.73627,773.22345,795.38464,1628.2417,892.49084,-0.44219970703125,0.14166259765625,0.87750244140625,2.429962158203125,-3.69354248046875,0.5682373046875,0.0,4.0,4.0,4.0,4.0,100.0,event
10:34:05.315,0.0,0.0,0.0,0.0,0.0,0.0,0.0,0.0,0.0,0.0,0.0,0.0,0.0,0.0,0.0,0.0,0.0,0.0,0.0,0.0,798.20514,775.2381,797.8022,1628.2417,850.989,-0.44219970703125,0.14166259765625,0.87750244140625,2.429962158203125,-3.69354248046875,0.5682373046875,0.0,4.0,4.0,4.0,4.0,100.0,event
10:34:05.315,0.0,0.0,0.0,0.0,0.0,0.0,0.0,0.0,0.0,0.0,0.0,0.0,0.0,0.0,0.0,0.0,0.0,0.0,0.0,0.0,769.59705,775.2381,794.57874,1628.2417,814.7253,-0.44219970703125,0.14166259765625,0.87750244140625,2.429962158203125,-3.69354248046875,0.5682373046875,0.0,4.0,4.0,4.0,4.0,100.0,event
10:34:05.316,0.0,0.0,0.0,0.0,0.0,0.0,0.0,0.0,0.0,0.0,0.0,0.0,0.0,0.0,0.0,0.0,0.0,0.0,0.0,0.0,781.28204,772.01465,791.3553,1629.0476,943.2601,-0.44219970703125,0.14166259765625,0.87750244140625,2.429962158203125,-3.69354248046875,0.5682373046875,0.0,4.0,4.0,4.0,4.0,100.0,event
10:34:05.316,0.0,0.0,0.0,0.0,0.0,0.0,0.0,0.0,0.0,0.0,0.0,0.0,0.0,0.0,0.0,0.0,0.0,0.0,0.0,0.0,811.0989,774.83514,792.1612,1625.0183,1004.5055,-0.44219970703125,0.14166259765625,0.87750244140625,2.429962158203125,-3.69354248046875,0.5682373046875,0.0,4.0,4.0,4.0,4.0,100.0,event
10:34:05.317,0.0,0.0,0.0,0.0,0.0,0.0,0.0,0.0,0.0,0.0,0.0,0.0,0.0,0.0,0.0,0.0,0.0,0.0,0.0,0.0,828.4249,776.8498,793.36993,1633.4799,747.03296,-0.44219970703125,0.14166259765625,0.87750244140625,2.429962158203125,-3.69354248046875,0.5682373046875,0.0,4.0,4.0,4.0,4.0,100.0,event
10:34:05.318,0.0,0.0,0.0,0.0,0.0,0.0,0.0,0.0,0.0,0.0,0.0,0.0,0.0,0.0,0.0,0.0,0.0,0.0,0.0,0.0,780.4762,776.8498,796.1905,1620.989,684.17584,-0.44219970703125,0.14166259765625,0.87750244140625,2.429962158203125,-3.69354248046875,0.5682373046875,0.0,4.0,4.0,4.0,4.0,100.0,event
10:34:05.355,0.0,0.0,0.0,0.0,0.0,0.0,0.0,0.0,0.0,0.0,0.0,0.0,0.0,0.0,0.0,0.0,0.0,0.0,0.0,0.0,742.1978,780.87915,799.81683,1560.1465,706.7399,-0.4422607421875,0.14385986328125,0.87542724609375,2.056121826171875,-3.5888671875,0.8074951171875,0.0,4.0,4.0,4.0,4.0,100.0,event
10:34:05.356,0.0,0.0,0.0,0.0,0.0,0.0,0.0,0.0,0.0,0.0,0.0,0.0,0.0,0.0,0.0,0.0,0.0,0.0,0.0,0.0,746.2271,782.49084,800.6227,1604.0659,710.3663,-0.4422607421875,0.14385986328125,0.87542724609375,2.056121826171875,-3.5888671875,0.8074951171875,0.0,4.0,4.0,4.0,4.0,100.0,event
10:34:05.356,0.0,0.0,0.0,0.0,0.0,0.0,0.0,0.0,0.0,0.0,0.0,0.0,0.0,0.0,0.0,0.0,0.0,0.0,0.0,0.0,778.46155,778.86444,799.81683,1639.1208,745.82416,-0.4422607421875,0.14385986328125,0.87542724609375,2.056121826171875,-3.5888671875,0.8074951171875,0.0,4.0,4.0,4.0,4.0,100.0,event
10:34:05.357,0.0,0.0,0.0,0.0,0.0,0.0,0.0,0.0,0.0,0.0,0.0,0.0,0.0,0.0,0.0,0.0,0.0,0.0,0.0,0.0,721.6484,779.2674,791.75824,1608.9011,813.1135,-0.4422607421875,0.14385986328125,0.87542724609375,2.056121826171875,-3.5888671875,0.8074951171875,0.0,4.0,4.0,4.0,4.0,100.0,event
10:34:05.357,0.0,0.0,0.0,0.0,0.0,0.0,0.0,0.0,0.0,0.0,0.0,0.0,0.0,0.0,0.0,0.0,0.0,0.0,0.0,0.0,776.4469,781.685,796.99634,1637.5092,772.01465,-0.4422607421875,0.14385986328125,0.87542724609375,2.056121826171875,-3.5888671875,0.8074951171875,0.0,4.0,4.0,4.0,4.0,100.0,event
10:34:05.357,0.0,0.0,0.0,0.0,0.0,0.0,0.0,0.0,0.0,0.0,0.0,0.0,0.0,0.0,0.0,0.0,0.0,0.0,0.0,0.0,808.68134,778.46155,796.99634,1616.5568,736.9597,-0.4422607421875,0.14385986328125,0.87542724609375,2.056121826171875,-3.5888671875,0.8074951171875,0.0,4.0,4.0,4.0,4.0,100.0,event
10:34:05.358,0.0,0.0,0.0,0.0,0.0,0.0,0.0,0.0,0.0,0.0,0.0,0.0,0.0,0.0,0.0,0.0,0.0,0.0,0.0,0.0,711.5751,780.87915,792.96704,1449.3407,811.50183,-0.4422607421875,0.14385986328125,0.87542724609375,2.056121826171875,-3.5888671875,0.8074951171875,0.0,4.0,4.0,4.0,4.0,100.0,event
10:34:05.358,0.0,0.0,0.0,0.0,0.0,0.0,0.0,0.0,0.0,0.0,0.0,0.0,0.0,0.0,0.0,0.0,0.0,0.0,0.0,0.0,734.1392,780.07324,803.0403,1395.348,889.67035,-0.4422607421875,0.14385986328125,0.87542724609375,2.056121826171875,-3.5888671875,0.8074951171875,0.0,4.0,4.0,4.0,4.0,100.0,event
10:34:05.359,0.0,0.0,0.0,0.0,0.0,0.0,0.0,0.0,0.0,0.0,0.0,0.0,0.0,0.0,0.0,0.0,0.0,0.0,0.0,0.0,758.71796,776.8498,801.02563,1420.3297,949.707,-0.4422607421875,0.14385986328125,0.87542724609375,2.056121826171875,-3.5888671875,0.8074951171875,0.0,4.0,4.0,4.0,4.0,100.0,event
10:34:05.360,0.0,0.0,0.0,0.0,0.0,0.0,0.0,0.0,0.0,0.0,0.0,0.0,0.0,0.0,0.0,0.0,0.0,0.0,0.0,0.0,731.7216,776.4469,796.99634,1344.9817,770.40295,-0.4422607421875,0.14385986328125,0.87542724609375,2.056121826171875,-3.5888671875,0.8074951171875,0.0,4.0,4.0,4.0,4.0,100.0,event
10:34:05.361,0.0,0.0,0.0,0.0,0.0,0.0,0.0,0.0,0.0,0.0,0.0,0.0,0.0,0.0,0.0,0.0,0.0,0.0,0.0,0.0,668.46155,774.0293,802.6374,1206.7766,583.8461,-0.4422607421875,0.14385986328125,0.87542724609375,2.056121826171875,-3.5888671875,0.8074951171875,0.0,4.0,4.0,4.0,4.0,100.0,event
10:34:05.361,0.0,0.0,0.0,0.0,0.0,0.0,0.0,0.0,0.0,0.0,0.0,0.0,0.0,0.0,0.0,0.0,0.0,0.0,0.0,0.0,645.09155,776.04395,805.05493,1193.8828,741.39197,-0.4422607421875,0.14385986328125,0.87542724609375,2.056121826171875,-3.5888671875,0.8074951171875,0.0,4.0,4.0,4.0,4.0,100.0,event
10:34:05.407,0.0,0.0,0.0,0.0,0.0,0.0,0.0,0.0,0.0,0.0,0.0,0.0,0.0,0.0,0.0,0.0,0.0,0.0,0.0,0.0,666.04395,778.86444,802.6374,1043.5897,1037.9487,-0.4443359375,0.143798828125,0.8724365234375,1.876678466796875,-3.715972900390625,0.246734619140625,0.0,4.0,4.0,4.0,4.0,100.0,event
10:34:05.408,0.0,0.0,0.0,0.0,0.0,0.0,0.0,0.0,0.0,0.0,0.0,0.0,0.0,0.0,0.0,0.0,0.0,0.0,0.0,0.0,698.68134,779.2674,798.20514,548.3883,797.3993,-0.4443359375,0.143798828125,0.8724365234375,1.876678466796875,-3.715972900390625,0.246734619140625,0.0,4.0,4.0,4.0,4.0,100.0,event
10:34:05.409,0.0,0.0,0.0,0.0,0.0,0.0,0.0,0.0,0.0,0.0,0.0,0.0,0.0,0.0,0.0,0.0,0.0,0.0,0.0,0.0,680.9524,779.67035,792.1612,406.15384,645.4945,-0.4443359375,0.143798828125,0.8724365234375,1.876678466796875,-3.715972900390625,0.246734619140625,0.0,4.0,4.0,4.0,4.0,100.0,event
10:34:05.409,0.0,0.0,0.0,0.0,0.0,0.0,0.0,0.0,0.0,0.0,0.0,0.0,0.0,0.0,0.0,0.0,0.0,0.0,0.0,0.0,621.31866,776.8498,800.6227,591.9048,684.57874,-0.4443359375,0.143798828125,0.8724365234375,1.876678466796875,-3.715972900390625,0.246734619140625,0.0,4.0,4.0,4.0,4.0,100.0,event
10:34:05.410,0.0,0.0,0.0,0.0,0.0,0.0,0.0,0.0,0.0,0.0,0.0,0.0,0.0,0.0,0.0,0.0,0.0,0.0,0.0,0.0,654.35895,770.0,792.5641,1053.2601,693.0403,-0.4443359375,0.143798828125,0.8724365234375,1.876678466796875,-3.715972900390625,0.246734619140625,0.0,4.0,4.0,4.0,4.0,100.0,event
10:34:05.410,0.0,0.0,0.0,0.0,0.0,0.0,0.0,0.0,0.0,0.0,0.0,0.0,0.0,0.0,0.0,0.0,0.0,0.0,0.0,0.0,604.7985,772.8205,803.44324,863.47986,600.3663,-0.4443359375,0.143798828125,0.8724365234375,1.876678466796875,-3.715972900390625,0.246734619140625,0.0,4.0,4.0,4.0,4.0,100.0,event
10:34:05.411,0.0,0.0,0.0,0.0,0.0,0.0,0.0,0.0,0.0,0.0,0.0,0.0,0.0,0.0,0.0,0.0,0.0,0.0,0.0,0.0,688.60803,770.80585,804.65204,1100.0,963.4066,-0.4443359375,0.143798828125,0.8724365234375,1.876678466796875,-3.715972900390625,0.246734619140625,0.0,4.0,4.0,4.0,4.0,100.0,event
10:34:05.411,0.0,0.0,0.0,0.0,0.0,0.0,0.0,0.0,0.0,0.0,0.0,0.0,0.0,0.0,0.0,0.0,0.0,0.0,0.0,0.0,649.5238,771.2088,803.8461,1133.4432,850.58606,-0.4443359375,0.143798828125,0.8724365234375,1.876678466796875,-3.715972900390625,0.246734619140625,0.0,4.0,4.0,4.0,4.0,100.0,event
10:34:05.411,0.0,0.0,0.0,0.0,0.0,0.0,0.0,0.0,0.0,0.0,0.0,0.0,0.0,0.0,0.0,0.0,0.0,0.0,0.0,0.0,703.5165,772.01465,796.5934,1190.2565,816.337,-0.4443359375,0.143798828125,0.8724365234375,1.876678466796875,-3.715972900390625,0.246734619140625,0.0,4.0,4.0,4.0,4.0,100.0,event
10:34:05.412,0.0,0.0,0.0,0.0,0.0,0.0,0.0,0.0,0.0,0.0,0.0,0.0,0.0,0.0,0.0,0.0,0.0,0.0,0.0,0.0,655.9707,772.8205,805.8608,1109.2675,657.5824,-0.4443359375,0.143798828125,0.8724365234375,1.876678466796875,-3.715972900390625,0.246734619140625,0.0,4.0,4.0,4.0,4.0,100.0,event
10:34:05.412,0.0,0.0,0.0,0.0,0.0,0.0,0.0,0.0,0.0,0.0,0.0,0.0,0.0,0.0,0.0,0.0,0.0,0.0,0.0,0.0,703.5165,769.59705,806.26373,553.22345,737.76556,-0.4443359375,0.143798828125,0.8724365234375,1.876678466796875,-3.715972900390625,0.246734619140625,0.0,4.0,4.0,4.0,4.0,100.0,event
10:34:05.413,0.0,0.0,0.0,0.0,0.0,0.0,0.0,0.0,0.0,0.0,0.0,0.0,0.0,0.0,0.0,0.0,0.0,0.0,0.0,0.0,763.5531,769.59705,807.47253,76.15385,772.01465,-0.4443359375,0.143798828125,0.8724365234375,1.876678466796875,-3.715972900390625,0.246734619140625,0.0,4.0,4.0,4.0,4.0,100.0,event
10:34:05.439,0.0,0.0,0.0,0.0,0.0,0.0,0.0,0.0,0.0,0.0,0.0,0.0,0.0,0.0,0.0,0.0,0.0,0.0,0.0,0.0,778.0586,770.80585,807.0696,0.0,658.7912,-0.44244384765625,0.141357421875,0.87445068359375,2.452392578125,-3.760833740234375,-0.2392578125,0.0,4.0,4.0,4.0,4.0,100.0,event
10:34:05.440,0.0,0.0,0.0,0.0,0.0,0.0,0.0,0.0,0.0,0.0,0.0,0.0,0.0,0.0,0.0,0.0,0.0,0.0,0.0,0.0,741.39197,771.6117,806.6667,14.102564,622.1245,-0.44244384765625,0.141357421875,0.87445068359375,2.452392578125,-3.760833740234375,-0.2392578125,0.0,4.0,4.0,4.0,4.0,100.0,event
10:34:05.441,0.0,0.0,0.0,0.0,0.0,0.0,0.0,0.0,0.0,0.0,0.0,0.0,0.0,0.0,0.0,0.0,0.0,0.0,0.0,0.0,729.304,773.6264,803.44324,0.0,674.90845,-0.44244384765625,0.141357421875,0.87445068359375,2.452392578125,-3.760833740234375,-0.2392578125,0.0,4.0,4.0,4.0,4.0,100.0,event
10:34:05.442,0.0,0.0,0.0,0.0,0.0,0.0,0.0,0.0,0.0,0.0,0.0,0.0,0.0,0.0,0.0,0.0,0.0,0.0,0.0,0.0,774.43225,773.6264,791.3553,0.0,709.9634,-0.44244384765625,0.141357421875,0.87445068359375,2.452392578125,-3.760833740234375,-0.2392578125,0.0,4.0,4.0,4.0,4.0,100.0,event
10:34:05.443,0.0,0.0,0.0,0.0,0.0,0.0,0.0,0.0,0.0,0.0,0.0,0.0,0.0,0.0,0.0,0.0,0.0,0.0,0.0,0.0,832.4542,772.8205,790.54944,0.0,676.9231,-0.44244384765625,0.141357421875,0.87445068359375,2.452392578125,-3.760833740234375,-0.2392578125,0.0,4.0,4.0,4.0,4.0,100.0,event
10:34:05.444,0.0,0.0,0.0,0.0,0.0,0.0,0.0,0.0,0.0,0.0,0.0,0.0,0.0,0.0,0.0,0.0,0.0,0.0,0.0,0.0,838.49817,772.4176,793.7729,0.0,754.68866,-0.44244384765625,0.141357421875,0.87445068359375,2.452392578125,-3.760833740234375,-0.2392578125,0.0,4.0,4.0,4.0,4.0,100.0,event
10:34:05.445,0.0,0.0,0.0,0.0,0.0,0.0,0.0,0.0,0.0,0.0,0.0,0.0,0.0,0.0,0.0,0.0,0.0,0.0,0.0,0.0,795.38464,773.22345,795.78754,0.0,860.65936,-0.44244384765625,0.141357421875,0.87445068359375,2.452392578125,-3.760833740234375,-0.2392578125,0.0,4.0,4.0,4.0,4.0,100.0,event
10:34:05.446,0.0,0.0,0.0,0.0,0.0,0.0,0.0,0.0,0.0,0.0,0.0,0.0,0.0,0.0,0.0,0.0,0.0,0.0,0.0,0.0,782.0879,773.6264,796.99634,0.0,952.9304,-0.44244384765625,0.141357421875,0.87445068359375,2.452392578125,-3.760833740234375,-0.2392578125,0.0,4.0,4.0,4.0,4.0,100.0,event
10:34:05.447,0.0,0.0,0.0,0.0,0.0,0.0,0.0,0.0,0.0,0.0,0.0,0.0,0.0,0.0,0.0,0.0,0.0,0.0,0.0,0.0,860.65936,770.40295,801.02563,0.0,657.98535,-0.44244384765625,0.141357421875,0.87445068359375,2.452392578125,-3.760833740234375,-0.2392578125,0.0,4.0,4.0,4.0,4.0,100.0,event
10:34:05.447,0.0,0.0,0.0,0.0,0.0,0.0,0.0,0.0,0.0,0.0,0.0,0.0,0.0,0.0,0.0,0.0,0.0,0.0,0.0,0.0,812.3077,771.2088,794.9817,0.0,778.0586,-0.44244384765625,0.141357421875,0.87445068359375,2.452392578125,-3.760833740234375,-0.2392578125,0.0,4.0,4.0,4.0,4.0,100.0,event
10:34:05.448,0.0,0.0,0.0,0.0,0.0,0.0,0.0,0.0,0.0,0.0,0.0,0.0,0.0,0.0,0.0,0.0,0.0,0.0,0.0,0.0,880.80585,769.59705,803.0403,0.0,747.4359,-0.44244384765625,0.141357421875,0.87445068359375,2.452392578125,-3.760833740234375,-0.2392578125,0.0,4.0,4.0,4.0,4.0,100.0,event
10:34:05.449,0.0,0.0,0.0,0.0,0.0,0.0,0.0,0.0,0.0,0.0,0.0,0.0,0.0,0.0,0.0,0.0,0.0,0.0,0.0,0.0,839.707,772.01465,799.41394,0.0,771.2088,-0.44244384765625,0.141357421875,0.87445068359375,2.452392578125,-3.760833740234375,-0.2392578125,0.0,4.0,4.0,4.0,4.0,100.0,event
10:34:05.485,0.0,0.0,0.0,0.0,0.0,0.0,0.0,0.0,0.0,0.0,0.0,0.0,0.0,0.0,0.0,0.0,0.0,0.0,0.0,0.0,812.3077,778.0586,797.8022,0.0,684.17584,-0.43505859375,0.14404296875,0.876953125,1.906585693359375,-4.059906005859375,0.19439697265625,0.0,4.0,4.0,4.0,4.0,100.0,event
10:34:05.486,0.0,0.0,0.0,0.0,0.0,0.0,0.0,0.0,0.0,0.0,0.0,0.0,0.0,0.0,0.0,0.0,0.0,0.0,0.0,0.0,840.10986,778.46155,795.38464,0.0,664.83514,-0.43505859375,0.14404296875,0.876953125,1.906585693359375,-4.059906005859375,0.19439697265625,0.0,4.0,4.0,4.0,4.0,100.0,event
10:34:05.489,0.0,0.0,0.0,0.0,0.0,0.0,0.0,0.0,0.0,0.0,0.0,0.0,0.0,0.0,0.0,0.0,0.0,0.0,0.0,0.0,871.9414,777.25275,795.38464,0.0,910.2198,-0.43505859375,0.14404296875,0.876953125,1.906585693359375,-4.059906005859375,0.19439697265625,0.0,4.0,4.0,4.0,4.0,100.0,event
10:34:05.490,0.0,0.0,0.0,0.0,0.0,0.0,0.0,0.0,0.0,0.0,0.0,0.0,0.0,0.0,0.0,0.0,0.0,0.0,0.0,0.0,895.7143,779.2674,792.1612,0.0,910.2198,-0.43505859375,0.14404296875,0.876953125,1.906585693359375,-4.059906005859375,0.19439697265625,0.0,4.0,4.0,4.0,4.0,100.0,event
10:34:05.490,0.0,0.0,0.0,0.0,0.0,0.0,0.0,0.0,0.0,0.0,0.0,0.0,0.0,0.0,0.0,0.0,0.0,0.0,0.0,0.0,866.7033,780.07324,793.36993,0.0,692.23444,-0.43505859375,0.14404296875,0.876953125,1.906585693359375,-4.059906005859375,0.19439697265625,0.0,4.0,4.0,4.0,4.0,100.0,event
10:34:05.491,0.0,0.0,0.0,0.0,0.0,0.0,0.0,0.0,0.0,0.0,0.0,0.0,0.0,0.0,0.0,0.0,0.0,0.0,0.0,0.0,823.5897,780.4762,798.20514,0.0,749.0476,-0.43505859375,0.14404296875,0.876953125,1.906585693359375,-4.059906005859375,0.19439697265625,0.0,4.0,4.0,4.0,4.0,100.0,event
10:34:05.491,0.0,0.0,0.0,0.0,0.0,0.0,0.0,0.0,0.0,0.0,0.0,0.0,0.0,0.0,0.0,0.0,0.0,0.0,0.0,0.0,833.2601,780.87915,798.20514,0.4029304,937.2161,-0.43505859375,0.14404296875,0.876953125,1.906585693359375,-4.059906005859375,0.19439697265625,0.0,4.0,4.0,4.0,4.0,100.0,event
10:34:05.491,0.0,0.0,0.0,0.0,0.0,0.0,0.0,0.0,0.0,0.0,0.0,0.0,0.0,0.0,0.0,0.0,0.0,0.0,0.0,0.0,878.3883,779.2674,796.5934,3.2234433,895.7143,-0.43505859375,0.14404296875,0.876953125,1.906585693359375,-4.059906005859375,0.19439697265625,0.0,4.0,4.0,4.0,4.0,100.0,event
10:34:05.492,0.0,0.0,0.0,0.0,0.0,0.0,0.0,0.0,0.0,0.0,0.0,0.0,0.0,0.0,0.0,0.0,0.0,0.0,0.0,0.0,877.98535,775.2381,789.34064,83.00366,704.3223,-0.43505859375,0.14404296875,0.876953125,1.906585693359375,-4.059906005859375,0.19439697265625,0.0,4.0,4.0,4.0,4.0,100.0,event
10:34:05.492,0.0,0.0,0.0,0.0,0.0,0.0,0.0,0.0,0.0,0.0,0.0,0.0,0.0,0.0,0.0,0.0,0.0,0.0,0.0,0.0,913.0403,775.2381,795.38464,0.8058608,738.97437,-0.43505859375,0.14404296875,0.876953125,1.906585693359375,-4.059906005859375,0.19439697265625,0.0,4.0,4.0,4.0,4.0,100.0,event
10:34:05.493,0.0,0.0,0.0,0.0,0.0,0.0,0.0,0.0,0.0,0.0,0.0,0.0,0.0,0.0,0.0,0.0,0.0,0.0,0.0,0.0,832.0513,774.0293,785.31134,313.07693,718.8278,-0.43505859375,0.14404296875,0.876953125,1.906585693359375,-4.059906005859375,0.19439697265625,0.0,4.0,4.0,4.0,4.0,100.0,event
10:34:05.494,0.0,0.0,0.0,0.0,0.0,0.0,0.0,0.0,0.0,0.0,0.0,0.0,0.0,0.0,0.0,0.0,0.0,0.0,0.0,0.0,844.5421,775.2381,790.14655,551.2088,698.2784,-0.43505859375,0.14404296875,0.876953125,1.906585693359375,-4.059906005859375,0.19439697265625,0.0,4.0,4.0,4.0,4.0,100.0,event
10:34:05.519,0.0,0.0,0.0,0.0,0.0,0.0,0.0,0.0,0.0,0.0,0.0,0.0,0.0,0.0,0.0,0.0,0.0,0.0,0.0,0.0,886.04395,776.8498,795.78754,563.69965,693.44324,-0.43505859375,0.14404296875,0.876953125,1.906585693359375,-4.059906005859375,0.19439697265625,0.0,4.0,4.0,4.0,4.0,100.0,event
10:34:05.519,0.0,0.0,0.0,0.0,0.0,0.0,0.0,0.0,0.0,0.0,0.0,0.0,0.0,0.0,0.0,0.0,0.0,0.0,0.0,0.0,913.8461,776.04395,802.6374,873.5531,793.7729,-0.43505859375,0.14404296875,0.876953125,1.906585693359375,-4.059906005859375,0.19439697265625,0.0,4.0,4.0,4.0,4.0,100.0,event
10:34:05.520,0.0,0.0,0.0,0.0,0.0,0.0,0.0,0.0,0.0,0.0,0.0,0.0,0.0,0.0,0.0,0.0,0.0,0.0,0.0,0.0,886.8498,777.6557,805.4579,1323.6263,863.8828,-0.43505859375,0.14404296875,0.876953125,1.906585693359375,-4.059906005859375,0.19439697265625,0.0,4.0,4.0,4.0,4.0,100.0,event
10:34:05.520,0.0,0.0,0.0,0.0,0.0,0.0,0.0,0.0,0.0,0.0,0.0,0.0,0.0,0.0,0.0,0.0,0.0,0.0,0.0,0.0,840.10986,780.4762,796.99634,1249.0842,786.9231,-0.43505859375,0.14404296875,0.876953125,1.906585693359375,-4.059906005859375,0.19439697265625,0.0,4.0,4.0,4.0,4.0,100.0,event
10:34:05.520,0.0,0.0,0.0,0.0,0.0,0.0,0.0,0.0,0.0,0.0,0.0,0.0,0.0,0.0,0.0,0.0,0.0,0.0,0.0,0.0,846.9597,779.2674,786.52014,1116.5201,712.381,-0.43505859375,0.14404296875,0.876953125,1.906585693359375,-4.059906005859375,0.19439697265625,0.0,4.0,4.0,4.0,4.0,100.0,event
10:34:05.521,0.0,0.0,0.0,0.0,0.0,0.0,0.0,0.0,0.0,0.0,0.0,0.0,0.0,0.0,0.0,0.0,0.0,0.0,0.0,0.0,881.2088,777.6557,788.93774,1501.3187,903.36993,-0.43505859375,0.14404296875,0.876953125,1.906585693359375,-4.059906005859375,0.19439697265625,0.0,4.0,4.0,4.0,4.0,100.0,event
10:34:05.521,0.0,0.0,0.0,0.0,0.0,0.0,0.0,0.0,0.0,0.0,0.0,0.0,0.0,0.0,0.0,0.0,0.0,0.0,0.0,0.0,899.34064,778.0586,794.57874,18.131868,1089.1208,-0.43505859375,0.14404296875,0.876953125,1.906585693359375,-4.059906005859375,0.19439697265625,0.0,4.0,4.0,4.0,4.0,100.0,event
10:34:05.522,0.0,0.0,0.0,0.0,0.0,0.0,0.0,0.0,0.0,0.0,0.0,0.0,0.0,0.0,0.0,0.0,0.0,0.0,0.0,0.0,831.2454,778.0586,796.5934,1632.2711,708.7546,-0.43505859375,0.14404296875,0.876953125,1.906585693359375,-4.059906005859375,0.19439697265625,0.0,4.0,4.0,4.0,4.0,100.0,event
10:34:05.522,0.0,0.0,0.0,0.0,0.0,0.0,0.0,0.0,0.0,0.0,0.0,0.0,0.0,0.0,0.0,0.0,0.0,0.0,0.0,0.0,826.4103,772.4176,790.9524,1628.2417,748.24176,-0.43505859375,0.14404296875,0.876953125,1.906585693359375,-4.059906005859375,0.19439697265625,0.0,4.0,4.0,4.0,4.0,100.0,event
10:34:05.522,0.0,0.0,0.0,0.0,0.0,0.0,0.0,0.0,0.0,0.0,0.0,0.0,0.0,0.0,0.0,0.0,0.0,0.0,0.0,0.0,875.56775,777.6557,797.3993,1606.4835,938.8278,-0.43505859375,0.14404296875,0.876953125,1.906585693359375,-4.059906005859375,0.19439697265625,0.0,4.0,4.0,4.0,4.0,100.0,event
10:34:05.523,0.0,0.0,0.0,0.0,0.0,0.0,0.0,0.0,0.0,0.0,0.0,0.0,0.0,0.0,0.0,0.0,0.0,0.0,0.0,0.0,865.09155,772.8205,793.7729,1628.2417,949.304,-0.43505859375,0.14404296875,0.876953125,1.906585693359375,-4.059906005859375,0.19439697265625,0.0,4.0,4.0,4.0,4.0,100.0,event
10:34:05.523,0.0,0.0,0.0,0.0,0.0,0.0,0.0,0.0,0.0,0.0,0.0,0.0,0.0,0.0,0.0,0.0,0.0,0.0,0.0,0.0,905.38464,774.83514,794.57874,1628.2417,895.31134,-0.43505859375,0.14404296875,0.876953125,1.906585693359375,-4.059906005859375,0.19439697265625,0.0,4.0,4.0,4.0,4.0,100.0,event
10:34:05.585,0.0,0.0,0.0,0.0,0.0,0.0,0.0,0.0,0.0,0.0,0.0,0.0,0.0,0.0,0.0,0.0,0.0,0.0,0.0,0.0,889.67035,776.8498,794.57874,1628.6447,822.7839,-0.44134521484375,0.140625,0.8780517578125,2.04864501953125,-3.70849609375,0.097198486328125,0.0,4.0,4.0,4.0,4.0,100.0,event
10:34:05.586,0.0,0.0,0.0,0.0,0.0,0.0,0.0,0.0,0.0,0.0,0.0,0.0,0.0,0.0,0.0,0.0,0.0,0.0,0.0,0.0,837.6923,777.6557,798.20514,1628.2417,817.5458,-0.44134521484375,0.140625,0.8780517578125,2.04864501953125,-3.70849609375,0.097198486328125,0.0,4.0,4.0,4.0,4.0,100.0,event
10:34:05.587,0.0,0.0,0.0,0.0,0.0,0.0,0.0,0.0,0.0,0.0,0.0,0.0,0.0,0.0,0.0,0.0,0.0,0.0,0.0,0.0,821.1722,776.8498,801.02563,1628.2417,799.81683,-0.44134521484375,0.140625,0.8780517578125,2.04864501953125,-3.70849609375,0.097198486328125,0.0,4.0,4.0,4.0,4.0,100.0,event
10:34:05.587,0.0,0.0,0.0,0.0,0.0,0.0,0.0,0.0,0.0,0.0,0.0,0.0,0.0,0.0,0.0,0.0,0.0,0.0,0.0,0.0,853.4066,777.25275,795.78754,1628.2417,781.685,-0.44134521484375,0.140625,0.8780517578125,2.04864501953125,-3.70849609375,0.097198486328125,0.0,4.0,4.0,4.0,4.0,100.0,event
10:34:05.589,0.0,0.0,0.0,0.0,0.0,0.0,0.0,0.0,0.0,0.0,0.0,0.0,0.0,0.0,0.0,0.0,0.0,0.0,0.0,0.0,894.10254,772.8205,784.5055,1628.2417,881.2088,-0.44134521484375,0.140625,0.8780517578125,2.04864501953125,-3.70849609375,0.097198486328125,0.0,4.0,4.0,4.0,4.0,100.0,event
10:34:05.590,0.0,0.0,0.0,0.0,0.0,0.0,0.0,0.0,0.0,0.0,0.0,0.0,0.0,0.0,0.0,0.0,0.0,0.0,0.0,0.0,885.64105,774.43225,782.0879,1628.2417,1074.2124,-0.44134521484375,0.140625,0.8780517578125,2.04864501953125,-3.70849609375,0.097198486328125,0.0,4.0,4.0,4.0,4.0,100.0,event
10:34:05.590,0.0,0.0,0.0,0.0,0.0,0.0,0.0,0.0,0.0,0.0,0.0,0.0,0.0,0.0,0.0,0.0,0.0,0.0,0.0,0.0,839.304,776.8498,786.52014,1628.2417,970.65936,-0.44134521484375,0.140625,0.8780517578125,2.04864501953125,-3.70849609375,0.097198486328125,0.0,4.0,4.0,4.0,4.0,100.0,event
10:34:05.591,0.0,0.0,0.0,0.0,0.0,0.0,0.0,0.0,0.0,0.0,0.0,0.0,0.0,0.0,0.0,0.0,0.0,0.0,0.0,0.0,825.2015,775.2381,796.99634,1628.2417,718.4249,-0.44134521484375,0.140625,0.8780517578125,2.04864501953125,-3.70849609375,0.097198486328125,0.0,4.0,4.0,4.0,4.0,100.0,event
10:34:05.591,0.0,0.0,0.0,0.0,0.0,0.0,0.0,0.0,0.0,0.0,0.0,0.0,0.0,0.0,0.0,0.0,0.0,0.0,0.0,0.0,841.7216,772.8205,799.011,1628.2417,749.45056,-0.44134521484375,0.140625,0.8780517578125,2.04864501953125,-3.70849609375,0.097198486328125,0.0,4.0,4.0,4.0,4.0,100.0,event
10:34:05.592,0.0,0.0,0.0,0.0,0.0,0.0,0.0,0.0,0.0,0.0,0.0,0.0,0.0,0.0,0.0,0.0,0.0,0.0,0.0,0.0,890.07324,779.67035,799.011,1628.6447,1036.337,-0.44134521484375,0.140625,0.8780517578125,2.04864501953125,-3.70849609375,0.097198486328125,0.0,4.0,4.0,4.0,4.0,100.0,event
10:34:05.592,0.0,0.0,0.0,0.0,0.0,0.0,0.0,0.0,0.0,0.0,0.0,0.0,0.0,0.0,0.0,0.0,0.0,0.0,0.0,0.0,875.56775,775.64105,797.8022,1628.2417,1041.5751,-0.44134521484375,0.140625,0.8780517578125,2.04864501953125,-3.70849609375,0.097198486328125,0.0,4.0,4.0,4.0,4.0,100.0,event
10:34:05.593,0.0,0.0,0.0,0.0,0.0,0.0,0.0,0.0,0.0,0.0,0.0,0.0,0.0,0.0,0.0,0.0,0.0,0.0,0.0,0.0,854.61536,781.28204,797.3993,1628.2417,736.1539,-0.44134521484375,0.140625,0.8780517578125,2.04864501953125,-3.70849609375,0.097198486328125,0.0,4.0,4.0,4.0,4.0,100.0,event
10:34:05.620,0.0,0.0,0.0,0.0,0.0,0.0,0.0,0.0,0.0,0.0,0.0,0.0,0.0,0.0,0.0,0.0,0.0,0.0,0.0,0.0,830.84247,779.67035,794.17584,1628.2417,714.7985,-0.44049072265625,0.1376953125,0.87432861328125,1.861724853515625,-3.805694580078125,0.04486083984375,0.0,4.0,4.0,4.0,4.0,100.0,event
10:34:05.620,0.0,0.0,0.0,0.0,0.0,0.0,0.0,0.0,0.0,0.0,0.0,0.0,0.0,0.0,0.0,0.0,0.0,0.0,0.0,0.0,852.1978,777.25275,796.5934,1628.2417,751.4652,-0.44049072265625,0.1376953125,0.87432861328125,1.861724853515625,-3.805694580078125,0.04486083984375,0.0,4.0,4.0,4.0,4.0,100.0,event
10:34:05.621,0.0,0.0,0.0,0.0,0.0,0.0,0.0,0.0,0.0,0.0,0.0,0.0,0.0,0.0,0.0,0.0,0.0,0.0,0.0,0.0,888.0586,777.25275,803.44324,1630.6593,719.6337,-0.44049072265625,0.1376953125,0.87432861328125,1.861724853515625,-3.805694580078125,0.04486083984375,0.0,4.0,4.0,4.0,4.0,100.0,event
10:34:05.622,0.0,0.0,0.0,0.0,0.0,0.0,0.0,0.0,0.0,0.0,0.0,0.0,0.0,0.0,0.0,0.0,0.0,0.0,0.0,0.0,890.4762,778.0586,803.44324,1619.3773,706.7399,-0.44049072265625,0.1376953125,0.87432861328125,1.861724853515625,-3.805694580078125,0.04486083984375,0.0,4.0,4.0,4.0,4.0,100.0,event
10:34:05.622,0.0,0.0,0.0,0.0,0.0,0.0,0.0,0.0,0.0,0.0,0.0,0.0,0.0,0.0,0.0,0.0,0.0,0.0,0.0,0.0,838.0952,776.8498,803.44324,1636.7032,793.36993,-0.44049072265625,0.1376953125,0.87432861328125,1.861724853515625,-3.805694580078125,0.04486083984375,0.0,4.0,4.0,4.0,4.0,100.0,event
10:34:05.622,0.0,0.0,0.0,0.0,0.0,0.0,0.0,0.0,0.0,0.0,0.0,0.0,0.0,0.0,0.0,0.0,0.0,0.0,0.0,0.0,803.0403,777.6557,801.02563,1606.8865,959.3773,-0.44049072265625,0.1376953125,0.87432861328125,1.861724853515625,-3.805694580078125,0.04486083984375,0.0,4.0,4.0,4.0,4.0,100.0,event
10:34:05.623,0.0,0.0,0.0,0.0,0.0,0.0,0.0,0.0,0.0,0.0,0.0,0.0,0.0,0.0,0.0,0.0,0.0,0.0,0.0,0.0,824.7985,776.4469,800.2198,1386.8865,932.381,-0.44049072265625,0.1376953125,0.87432861328125,1.861724853515625,-3.805694580078125,0.04486083984375,0.0,4.0,4.0,4.0,4.0,100.0,event
10:34:05.623,0.0,0.0,0.0,0.0,0.0,0.0,0.0,0.0,0.0,0.0,0.0,0.0,0.0,0.0,0.0,0.0,0.0,0.0,0.0,0.0,867.1062,774.0293,803.8461,1272.8572,721.6484,-0.44049072265625,0.1376953125,0.87432861328125,1.861724853515625,-3.805694580078125,0.04486083984375,0.0,4.0,4.0,4.0,4.0,100.0,event
10:34:05.624,0.0,0.0,0.0,0.0,0.0,0.0,0.0,0.0,0.0,0.0,0.0,0.0,0.0,0.0,0.0,0.0,0.0,0.0,0.0,0.0,830.84247,772.01465,795.38464,1387.6923,1015.38464,-0.44049072265625,0.1376953125,0.87432861328125,1.861724853515625,-3.805694580078125,0.04486083984375,0.0,4.0,4.0,4.0,4.0,100.0,event
10:34:05.624,0.0,0.0,0.0,0.0,0.0,0.0,0.0,0.0,0.0,0.0,0.0,0.0,0.0,0.0,0.0,0.0,0.0,0.0,0.0,0.0,800.2198,771.6117,788.93774,1424.359,736.9597,-0.44049072265625,0.1376953125,0.87432861328125,1.861724853515625,-3.805694580078125,0.04486083984375,0.0,4.0,4.0,4.0,4.0,100.0,event
10:34:05.624,0.0,0.0,0.0,0.0,0.0,0.0,0.0,0.0,0.0,0.0,0.0,0.0,0.0,0.0,0.0,0.0,0.0,0.0,0.0,0.0,874.35895,772.8205,798.60803,1330.0732,802.23444,-0.44049072265625,0.1376953125,0.87432861328125,1.861724853515625,-3.805694580078125,0.04486083984375,0.0,4.0,4.0,4.0,4.0,100.0,event
10:34:05.625,0.0,0.0,0.0,0.0,0.0,0.0,0.0,0.0,0.0,0.0,0.0,0.0,0.0,0.0,0.0,0.0,0.0,0.0,0.0,0.0,819.15753,770.0,788.1319,1457.3993,666.4469,-0.44049072265625,0.1376953125,0.87432861328125,1.861724853515625,-3.805694580078125,0.04486083984375,0.0,4.0,4.0,4.0,4.0,100.0,event
10:34:05.686,0.0,0.0,0.0,0.0,0.0,0.0,0.0,0.0,0.0,0.0,0.0,0.0,0.0,0.0,0.0,0.0,0.0,0.0,0.0,0.0,854.61536,770.0,793.36993,1495.2748,862.27106,-0.43939208984375,0.1385498046875,0.8779296875,2.489776611328125,-4.388885498046875,0.157012939453125,0.0,4.0,4.0,4.0,4.0,100.0,event
10:34:05.686,0.0,0.0,0.0,0.0,0.0,0.0,0.0,0.0,0.0,0.0,0.0,0.0,0.0,0.0,0.0,0.0,0.0,0.0,0.0,0.0,882.8205,774.0293,789.7436,1606.4835,819.9634,-0.43939208984375,0.1385498046875,0.8779296875,2.489776611328125,-4.388885498046875,0.157012939453125,0.0,4.0,4.0,4.0,4.0,100.0,event
10:34:05.687,0.0,0.0,0.0,0.0,0.0,0.0,0.0,0.0,0.0,0.0,0.0,0.0,0.0,0.0,0.0,0.0,0.0,0.0,0.0,0.0,849.7802,773.22345,790.54944,1634.6886,680.14655,-0.43939208984375,0.1385498046875,0.8779296875,2.489776611328125,-4.388885498046875,0.157012939453125,0.0,4.0,4.0,4.0,4.0,100.0,event
10:34:05.687,0.0,0.0,0.0,0.0,0.0,0.0,0.0,0.0,0.0,0.0,0.0,0.0,0.0,0.0,0.0,0.0,0.0,0.0,0.0,0.0,797.8022,770.0,794.57874,1598.4249,704.3223,-0.43939208984375,0.1385498046875,0.8779296875,2.489776611328125,-4.388885498046875,0.157012939453125,0.0,4.0,4.0,4.0,4.0,100.0,event
10:34:05.687,0.0,0.0,0.0,0.0,0.0,0.0,0.0,0.0,0.0,0.0,0.0,0.0,0.0,0.0,0.0,0.0,0.0,0.0,0.0,0.0,809.0842,771.2088,799.41394,1617.7656,786.1172,-0.43939208984375,0.1385498046875,0.8779296875,2.489776611328125,-4.388885498046875,0.157012939453125,0.0,4.0,4.0,4.0,4.0,100.0,event
10:34:05.688,0.0,0.0,0.0,0.0,0.0,0.0,0.0,0.0,0.0,0.0,0.0,0.0,0.0,0.0,0.0,0.0,0.0,0.0,0.0,0.0,842.52747,772.4176,799.41394,1612.1245,804.65204,-0.43939208984375,0.1385498046875,0.8779296875,2.489776611328125,-4.388885498046875,0.157012939453125,0.0,4.0,4.0,4.0,4.0,100.0,event
10:34:05.689,0.0,0.0,0.0,0.0,0.0,0.0,0.0,0.0,0.0,0.0,0.0,0.0,0.0,0.0,0.0,0.0,0.0,0.0,0.0,0.0,869.12085,770.80585,786.9231,8.461538,899.34064,-0.43939208984375,0.1385498046875,0.8779296875,2.489776611328125,-4.388885498046875,0.157012939453125,0.0,4.0,4.0,4.0,4.0,100.0,event
10:34:05.690,0.0,0.0,0.0,0.0,0.0,0.0,0.0,0.0,0.0,0.0,0.0,0.0,0.0,0.0,0.0,0.0,0.0,0.0,0.0,0.0,800.2198,774.83514,789.7436,1294.6154,941.2454,-0.43939208984375,0.1385498046875,0.8779296875,2.489776611328125,-4.388885498046875,0.157012939453125,0.0,4.0,4.0,4.0,4.0,100.0,event
10:34:05.690,0.0,0.0,0.0,0.0,0.0,0.0,0.0,0.0,0.0,0.0,0.0,0.0,0.0,0.0,0.0,0.0,0.0,0.0,0.0,0.0,844.5421,770.0,789.34064,1508.1685,892.0879,-0.43939208984375,0.1385498046875,0.8779296875,2.489776611328125,-4.388885498046875,0.157012939453125,0.0,4.0,4.0,4.0,4.0,100.0,event
10:34:05.690,0.0,0.0,0.0,0.0,0.0,0.0,0.0,0.0,0.0,0.0,0.0,0.0,0.0,0.0,0.0,0.0,0.0,0.0,0.0,0.0,791.75824,771.6117,794.9817,1097.1794,953.3333,-0.43939208984375,0.1385498046875,0.8779296875,2.489776611328125,-4.388885498046875,0.157012939453125,0.0,4.0,4.0,4.0,4.0,100.0,event
10:34:05.691,0.0,0.0,0.0,0.0,0.0,0.0,0.0,0.0,0.0,0.0,0.0,0.0,0.0,0.0,0.0,0.0,0.0,0.0,0.0,0.0,859.45056,770.0,798.60803,1552.4908,752.674,-0.43939208984375,0.1385498046875,0.8779296875,2.489776611328125,-4.388885498046875,0.157012939453125,0.0,4.0,4.0,4.0,4.0,100.0,event
10:34:05.691,0.0,0.0,0.0,0.0,0.0,0.0,0.0,0.0,0.0,0.0,0.0,0.0,0.0,0.0,0.0,0.0,0.0,0.0,0.0,0.0,835.2747,772.01465,791.75824,1638.3151,717.2161,-0.43939208984375,0.1385498046875,0.8779296875,2.489776611328125,-4.388885498046875,0.157012939453125,0.0,4.0,4.0,4.0,4.0,100.0,event
10:34:05.719,0.0,0.0,0.0,0.0,0.0,0.0,0.0,0.0,0.0,0.0,0.0,0.0,0.0,0.0,0.0,0.0,0.0,0.0,0.0,0.0,849.3773,776.04395,800.2198,1303.0769,781.685,-0.43939208984375,0.1385498046875,0.8779296875,2.489776611328125,-4.388885498046875,0.157012939453125,0.0,4.0,4.0,4.0,4.0,100.0,event
10:34:05.719,0.0,0.0,0.0,0.0,0.0,0.0,0.0,0.0,0.0,0.0,0.0,0.0,0.0,0.0,0.0,0.0,0.0,0.0,0.0,0.0,803.0403,775.2381,799.81683,1271.2454,725.2747,-0.43939208984375,0.1385498046875,0.8779296875,2.489776611328125,-4.388885498046875,0.157012939453125,0.0,4.0,4.0,4.0,4.0,100.0,event
10:34:05.720,0.0,0.0,0.0,0.0,0.0,0.0,0.0,0.0,0.0,0.0,0.0,0.0,0.0,0.0,0.0,0.0,0.0,0.0,0.0,0.0,784.5055,772.4176,792.96704,1501.3187,754.68866,-0.43939208984375,0.1385498046875,0.8779296875,2.489776611328125,-4.388885498046875,0.157012939453125,0.0,4.0,4.0,4.0,4.0,100.0,event
10:34:05.720,0.0,0.0,0.0,0.0,0.0,0.0,0.0,0.0,0.0,0.0,0.0,0.0,0.0,0.0,0.0,0.0,0.0,0.0,0.0,0.0,813.5165,774.83514,787.326,1634.6886,780.4762,-0.43939208984375,0.1385498046875,0.8779296875,2.489776611328125,-4.388885498046875,0.157012939453125,0.0,4.0,4.0,4.0,4.0,100.0,event
10:34:05.721,0.0,0.0,0.0,0.0,0.0,0.0,0.0,0.0,0.0,0.0,0.0,0.0,0.0,0.0,0.0,0.0,0.0,0.0,0.0,0.0,852.6007,774.0293,786.1172,1622.6007,857.8388,-0.43939208984375,0.1385498046875,0.8779296875,2.489776611328125,-4.388885498046875,0.157012939453125,0.0,4.0,4.0,4.0,4.0,100.0,event
10:34:05.722,0.0,0.0,0.0,0.0,0.0,0.0,0.0,0.0,0.0,0.0,0.0,0.0,0.0,0.0,0.0,0.0,0.0,0.0,0.0,0.0,848.5714,775.64105,785.31134,1627.4359,906.5934,-0.43939208984375,0.1385498046875,0.8779296875,2.489776611328125,-4.388885498046875,0.157012939453125,0.0,4.0,4.0,4.0,4.0,100.0,event
10:34:05.722,0.0,0.0,0.0,0.0,0.0,0.0,0.0,0.0,0.0,0.0,0.0,0.0,0.0,0.0,0.0,0.0,0.0,0.0,0.0,0.0,803.0403,781.28204,790.14655,1627.033,855.42126,-0.43939208984375,0.1385498046875,0.8779296875,2.489776611328125,-4.388885498046875,0.157012939453125,0.0,4.0,4.0,4.0,4.0,100.0,event
10:34:05.723,0.0,0.0,0.0,0.0,0.0,0.0,0.0,0.0,0.0,0.0,0.0,0.0,0.0,0.0,0.0,0.0,0.0,0.0,0.0,0.0,788.5348,778.46155,799.011,1636.7032,813.5165,-0.43939208984375,0.1385498046875,0.8779296875,2.489776611328125,-4.388885498046875,0.157012939453125,0.0,4.0,4.0,4.0,4.0,100.0,event
10:34:05.723,0.0,0.0,0.0,0.0,0.0,0.0,0.0,0.0,0.0,0.0,0.0,0.0,0.0,0.0,0.0,0.0,0.0,0.0,0.0,0.0,811.0989,774.43225,799.011,1590.3663,940.0366,-0.43939208984375,0.1385498046875,0.8779296875,2.489776611328125,-4.388885498046875,0.157012939453125,0.0,4.0,4.0,4.0,4.0,100.0,event
10:34:05.724,0.0,0.0,0.0,0.0,0.0,0.0,0.0,0.0,0.0,0.0,0.0,0.0,0.0,0.0,0.0,0.0,0.0,0.0,0.0,0.0,856.2271,773.6264,793.36993,1571.8315,798.60803,-0.43939208984375,0.1385498046875,0.8779296875,2.489776611328125,-4.388885498046875,0.157012939453125,0.0,4.0,4.0,4.0,4.0,100.0,event
10:34:05.724,0.0,0.0,0.0,0.0,0.0,0.0,0.0,0.0,0.0,0.0,0.0,0.0,0.0,0.0,0.0,0.0,0.0,0.0,0.0,0.0,854.21246,772.8205,791.75824,1363.9194,722.4542,-0.43939208984375,0.1385498046875,0.8779296875,2.489776611328125,-4.388885498046875,0.157012939453125,0.0,4.0,4.0,4.0,4.0,100.0,event
10:34:05.725,0.0,0.0,0.0,0.0,0.0,0.0,0.0,0.0,0.0,0.0,0.0,0.0,0.0,0.0,0.0,0.0,0.0,0.0,0.0,0.0,795.38464,772.01465,789.7436,342.49084,771.2088,-0.43939208984375,0.1385498046875,0.8779296875,2.489776611328125,-4.388885498046875,0.157012939453125,0.0,4.0,4.0,4.0,4.0,100.0,event
10:34:05.754,0.0,0.0,0.0,0.0,0.0,0.0,0.0,0.0,0.0,0.0,0.0,0.0,0.0,0.0,0.0,0.0,0.0,0.0,0.0,0.0,776.04395,771.2088,788.93774,0.0,705.9341,-0.4344482421875,0.13958740234375,0.87738037109375,2.2430419921875,-3.9178466796875,0.904693603515625,0.0,4.0,4.0,4.0,4.0,100.0,event
10:34:05.755,0.0,0.0,0.0,0.0,0.0,0.0,0.0,0.0,0.0,0.0,0.0,0.0,0.0,0.0,0.0,0.0,0.0,0.0,0.0,0.0,815.5311,776.04395,788.5348,48.35165,652.74725,-0.4344482421875,0.13958740234375,0.87738037109375,2.2430419921875,-3.9178466796875,0.904693603515625,0.0,4.0,4.0,4.0,4.0,100.0,event
10:34:05.756,0.0,0.0,0.0,0.0,0.0,0.0,0.0,0.0,0.0,0.0,0.0,0.0,0.0,0.0,0.0,0.0,0.0,0.0,0.0,0.0,863.0769,778.46155,791.3553,0.0,652.3443,-0.4344482421875,0.13958740234375,0.87738037109375,2.2430419921875,-3.9178466796875,0.904693603515625,0.0,4.0,4.0,4.0,4.0,100.0,event
10:34:05.757,0.0,0.0,0.0,0.0,0.0,0.0,0.0,0.0,0.0,0.0,0.0,0.0,0.0,0.0,0.0,0.0,0.0,0.0,0.0,0.0,857.03296,778.0586,792.5641,0.0,737.76556,-0.4344482421875,0.13958740234375,0.87738037109375,2.2430419921875,-3.9178466796875,0.904693603515625,0.0,4.0,4.0,4.0,4.0,100.0,event
10:34:05.757,0.0,0.0,0.0,0.0,0.0,0.0,0.0,0.0,0.0,0.0,0.0,0.0,0.0,0.0,0.0,0.0,0.0,0.0,0.0,0.0,801.8315,777.25275,794.57874,0.0,726.8865,-0.4344482421875,0.13958740234375,0.87738037109375,2.2430419921875,-3.9178466796875,0.904693603515625,0.0,4.0,4.0,4.0,4.0,100.0,event
10:34:05.758,0.0,0.0,0.0,0.0,0.0,0.0,0.0,0.0,0.0,0.0,0.0,0.0,0.0,0.0,0.0,0.0,0.0,0.0,0.0,0.0,772.01465,775.64105,796.5934,0.0,672.0879,-0.4344482421875,0.13958740234375,0.87738037109375,2.2430419921875,-3.9178466796875,0.904693603515625,0.0,4.0,4.0,4.0,4.0,100.0,event
10:34:05.759,0.0,0.0,0.0,0.0,0.0,0.0,0.0,0.0,0.0,0.0,0.0,0.0,0.0,0.0,0.0,0.0,0.0,0.0,0.0,0.0,796.99634,776.04395,795.78754,0.0,660.40295,-0.4344482421875,0.13958740234375,0.87738037109375,2.2430419921875,-3.9178466796875,0.904693603515625,0.0,4.0,4.0,4.0,4.0,100.0,event
10:34:05.760,0.0,0.0,0.0,0.0,0.0,0.0,0.0,0.0,0.0,0.0,0.0,0.0,0.0,0.0,0.0,0.0,0.0,0.0,0.0,0.0,838.49817,776.4469,787.326,0.0,950.5128,-0.4344482421875,0.13958740234375,0.87738037109375,2.2430419921875,-3.9178466796875,0.904693603515625,0.0,4.0,4.0,4.0,4.0,100.0,event
10:34:05.762,0.0,0.0,0.0,0.0,0.0,0.0,0.0,0.0,0.0,0.0,0.0,0.0,0.0,0.0,0.0,0.0,0.0,0.0,0.0,0.0,842.52747,775.2381,786.9231,0.0,1064.9451,-0.4344482421875,0.13958740234375,0.87738037109375,2.2430419921875,-3.9178466796875,0.904693603515625,0.0,4.0,4.0,4.0,4.0,100.0,event
10:34:05.763,0.0,0.0,0.0,0.0,0.0,0.0,0.0,0.0,0.0,0.0,0.0,0.0,0.0,0.0,0.0,0.0,0.0,0.0,0.0,0.0,799.41394,776.8498,799.41394,0.0,673.69965,-0.4344482421875,0.13958740234375,0.87738037109375,2.2430419921875,-3.9178466796875,0.904693603515625,0.0,4.0,4.0,4.0,4.0,100.0,event
10:34:05.763,0.0,0.0,0.0,0.0,0.0,0.0,0.0,0.0,0.0,0.0,0.0,0.0,0.0,0.0,0.0,0.0,0.0,0.0,0.0,0.0,772.4176,774.0293,796.99634,0.0,566.9231,-0.4344482421875,0.13958740234375,0.87738037109375,2.2430419921875,-3.9178466796875,0.904693603515625,0.0,4.0,4.0,4.0,4.0,100.0,event
10:34:05.764,0.0,0.0,0.0,0.0,0.0,0.0,0.0,0.0,0.0,0.0,0.0,0.0,0.0,0.0,0.0,0.0,0.0,0.0,0.0,0.0,786.1172,771.2088,787.326,0.0,697.0696,-0.4344482421875,0.13958740234375,0.87738037109375,2.2430419921875,-3.9178466796875,0.904693603515625,0.0,4.0,4.0,4.0,4.0,100.0,event
10:34:05.824,0.0,0.0,0.0,0.0,0.0,0.0,0.0,0.0,0.0,0.0,0.0,0.0,0.0,0.0,0.0,0.0,0.0,0.0,0.0,0.0,830.84247,774.0293,790.9524,0.0,752.27106,-0.44390869140625,0.14251708984375,0.87841796875,1.921539306640625,-3.7982177734375,1.158905029296875,0.0,4.0,4.0,4.0,4.0,100.0,event
10:34:05.826,0.0,0.0,0.0,0.0,0.0,0.0,0.0,0.0,0.0,0.0,0.0,0.0,0.0,0.0,0.0,0.0,0.0,0.0,0.0,0.0,800.6227,775.2381,796.99634,0.0,730.10986,-0.44390869140625,0.14251708984375,0.87841796875,1.921539306640625,-3.7982177734375,1.158905029296875,0.0,4.0,4.0,4.0,4.0,100.0,event
10:34:05.826,0.0,0.0,0.0,0.0,0.0,0.0,0.0,0.0,0.0,0.0,0.0,0.0,0.0,0.0,0.0,0.0,0.0,0.0,0.0,0.0,847.76556,774.83514,794.57874,0.0,718.4249,-0.44390869140625,0.14251708984375,0.87841796875,1.921539306640625,-3.7982177734375,1.158905029296875,0.0,4.0,4.0,4.0,4.0,100.0,event
10:34:05.827,0.0,0.0,0.0,0.0,0.0,0.0,0.0,0.0,0.0,0.0,0.0,0.0,0.0,0.0,0.0,0.0,0.0,0.0,0.0,0.0,760.7326,778.46155,803.0403,0.0,719.2308,-0.44390869140625,0.14251708984375,0.87841796875,1.921539306640625,-3.7982177734375,1.158905029296875,0.0,4.0,4.0,4.0,4.0,100.0,event
10:34:05.828,0.0,0.0,0.0,0.0,0.0,0.0,0.0,0.0,0.0,0.0,0.0,0.0,0.0,0.0,0.0,0.0,0.0,0.0,0.0,0.0,775.2381,777.25275,800.6227,0.0,666.04395,-0.44390869140625,0.14251708984375,0.87841796875,1.921539306640625,-3.7982177734375,1.158905029296875,0.0,4.0,4.0,4.0,4.0,100.0,event
10:34:05.830,0.0,0.0,0.0,0.0,0.0,0.0,0.0,0.0,0.0,0.0,0.0,0.0,0.0,0.0,0.0,0.0,0.0,0.0,0.0,0.0,820.7692,772.8205,790.9524,0.0,699.4872,-0.44390869140625,0.14251708984375,0.87841796875,1.921539306640625,-3.7982177734375,1.158905029296875,0.0,4.0,4.0,4.0,4.0,100.0,event
10:34:05.831,0.0,0.0,0.0,0.0,0.0,0.0,0.0,0.0,0.0,0.0,0.0,0.0,0.0,0.0,0.0,0.0,0.0,0.0,0.0,0.0,842.1245,776.04395,792.1612,0.0,854.21246,-0.44390869140625,0.14251708984375,0.87841796875,1.921539306640625,-3.7982177734375,1.158905029296875,0.0,4.0,4.0,4.0,4.0,100.0,event
10:34:05.831,0.0,0.0,0.0,0.0,0.0,0.0,0.0,0.0,0.0,0.0,0.0,0.0,0.0,0.0,0.0,0.0,0.0,0.0,0.0,0.0,803.0403,776.04395,792.1612,40.29304,1009.34064,-0.44390869140625,0.14251708984375,0.87841796875,1.921539306640625,-3.7982177734375,1.158905029296875,0.0,4.0,4.0,4.0,4.0,100.0,event
10:34:05.832,0.0,0.0,0.0,0.0,0.0,0.0,0.0,0.0,0.0,0.0,0.0,0.0,0.0,0.0,0.0,0.0,0.0,0.0,0.0,0.0,766.77655,772.4176,788.93774,0.0,868.71796,-0.44390869140625,0.14251708984375,0.87841796875,1.921539306640625,-3.7982177734375,1.158905029296875,0.0,4.0,4.0,4.0,4.0,100.0,event
10:34:05.833,0.0,0.0,0.0,0.0,0.0,0.0,0.0,0.0,0.0,0.0,0.0,0.0,0.0,0.0,0.0,0.0,0.0,0.0,0.0,0.0,774.0293,770.40295,788.93774,250.62271,726.4835,-0.44390869140625,0.14251708984375,0.87841796875,1.921539306640625,-3.7982177734375,1.158905029296875,0.0,4.0,4.0,4.0,4.0,100.0,event
10:34:05.834,0.0,0.0,0.0,0.0,0.0,0.0,0.0,0.0,0.0,0.0,0.0,0.0,0.0,0.0,0.0,0.0,0.0,0.0,0.0,0.0,817.9487,770.40295,789.7436,946.4835,820.3663,-0.44390869140625,0.14251708984375,0.87841796875,1.921539306640625,-3.7982177734375,1.158905029296875,0.0,4.0,4.0,4.0,4.0,100.0,event
10:34:05.835,0.0,0.0,0.0,0.0,0.0,0.0,0.0,0.0,0.0,0.0,0.0,0.0,0.0,0.0,0.0,0.0,0.0,0.0,0.0,0.0,852.6007,775.2381,792.96704,286.88644,882.01465,-0.44390869140625,0.14251708984375,0.87841796875,1.921539306640625,-3.7982177734375,1.158905029296875,0.0,4.0,4.0,4.0,4.0,100.0,event
10:34:05.872,0.0,0.0,0.0,0.0,0.0,0.0,0.0,0.0,0.0,0.0,0.0,0.0,0.0,0.0,0.0,0.0,0.0,0.0,0.0,0.0,827.619,782.49084,797.8022,0.0,738.5714,-0.439208984375,0.14227294921875,0.8741455078125,2.041168212890625,-3.072967529296875,0.46356201171875,0.0,4.0,4.0,4.0,4.0,100.0,event
10:34:05.874,0.0,0.0,0.0,0.0,0.0,0.0,0.0,0.0,0.0,0.0,0.0,0.0,0.0,0.0,0.0,0.0,0.0,0.0,0.0,0.0,782.49084,777.25275,790.14655,24.175825,770.80585,-0.439208984375,0.14227294921875,0.8741455078125,2.041168212890625,-3.072967529296875,0.46356201171875,0.0,4.0,4.0,4.0,4.0,100.0,event
10:34:05.874,0.0,0.0,0.0,0.0,0.0,0.0,0.0,0.0,0.0,0.0,0.0,0.0,0.0,0.0,0.0,0.0,0.0,0.0,0.0,0.0,780.87915,782.49084,794.17584,39.48718,718.4249,-0.439208984375,0.14227294921875,0.8741455078125,2.041168212890625,-3.072967529296875,0.46356201171875,0.0,4.0,4.0,4.0,4.0,100.0,event
10:34:05.875,0.0,0.0,0.0,0.0,0.0,0.0,0.0,0.0,0.0,0.0,0.0,0.0,0.0,0.0,0.0,0.0,0.0,0.0,0.0,0.0,829.2308,775.2381,795.38464,0.0,760.32965,-0.439208984375,0.14227294921875,0.8741455078125,2.041168212890625,-3.072967529296875,0.46356201171875,0.0,4.0,4.0,4.0,4.0,100.0,event
10:34:05.876,0.0,0.0,0.0,0.0,0.0,0.0,0.0,0.0,0.0,0.0,0.0,0.0,0.0,0.0,0.0,0.0,0.0,0.0,0.0,0.0,865.89746,775.2381,797.3993,38.68132,740.58606,-0.439208984375,0.14227294921875,0.8741455078125,2.041168212890625,-3.072967529296875,0.46356201171875,0.0,4.0,4.0,4.0,4.0,100.0,event
10:34:05.876,0.0,0.0,0.0,0.0,0.0,0.0,0.0,0.0,0.0,0.0,0.0,0.0,0.0,0.0,0.0,0.0,0.0,0.0,0.0,0.0,844.1392,774.0293,791.3553,1078.2417,773.6264,-0.439208984375,0.14227294921875,0.8741455078125,2.041168212890625,-3.072967529296875,0.46356201171875,0.0,4.0,4.0,4.0,4.0,100.0,event
10:34:05.877,0.0,0.0,0.0,0.0,0.0,0.0,0.0,0.0,0.0,0.0,0.0,0.0,0.0,0.0,0.0,0.0,0.0,0.0,0.0,0.0,792.5641,775.2381,793.36993,48.35165,1023.44324,-0.439208984375,0.14227294921875,0.8741455078125,2.041168212890625,-3.072967529296875,0.46356201171875,0.0,4.0,4.0,4.0,4.0,100.0,event
10:34:05.878,0.0,0.0,0.0,0.0,0.0,0.0,0.0,0.0,0.0,0.0,0.0,0.0,0.0,0.0,0.0,0.0,0.0,0.0,0.0,0.0,794.9817,777.25275,796.5934,1574.249,979.5238,-0.439208984375,0.14227294921875,0.8741455078125,2.041168212890625,-3.072967529296875,0.46356201171875,0.0,4.0,4.0,4.0,4.0,100.0,event
10:34:05.879,0.0,0.0,0.0,0.0,0.0,0.0,0.0,0.0,0.0,0.0,0.0,0.0,0.0,0.0,0.0,0.0,0.0,0.0,0.0,0.0,842.9304,780.87915,790.14655,1643.956,720.84247,-0.439208984375,0.14227294921875,0.8741455078125,2.041168212890625,-3.072967529296875,0.46356201171875,0.0,4.0,4.0,4.0,4.0,100.0,event
10:34:05.879,0.0,0.0,0.0,0.0,0.0,0.0,0.0,0.0,0.0,0.0,0.0,0.0,0.0,0.0,0.0,0.0,0.0,0.0,0.0,0.0,863.8828,780.07324,790.54944,1614.9451,784.5055,-0.439208984375,0.14227294921875,0.8741455078125,2.041168212890625,-3.072967529296875,0.46356201171875,0.0,4.0,4.0,4.0,4.0,100.0,event
10:34:05.883,0.0,0.0,0.0,0.0,0.0,0.0,0.0,0.0,0.0,0.0,0.0,0.0,0.0,0.0,0.0,0.0,0.0,0.0,0.0,0.0,836.4835,775.2381,791.3553,1302.2711,855.0183,-0.439208984375,0.14227294921875,0.8741455078125,2.041168212890625,-3.072967529296875,0.46356201171875,0.0,4.0,4.0,4.0,4.0,100.0,event
10:34:05.884,0.0,0.0,0.0,0.0,0.0,0.0,0.0,0.0,0.0,0.0,0.0,0.0,0.0,0.0,0.0,0.0,0.0,0.0,0.0,0.0,797.3993,772.4176,795.38464,1447.326,809.4872,-0.439208984375,0.14227294921875,0.8741455078125,2.041168212890625,-3.072967529296875,0.46356201171875,0.0,4.0,4.0,4.0,4.0,100.0,event
10:34:05.921,0.0,0.0,0.0,0.0,0.0,0.0,0.0,0.0,0.0,0.0,0.0,0.0,0.0,0.0,0.0,0.0,0.0,0.0,0.0,0.0,790.54944,775.2381,801.02563,14.505494,752.27106,-0.43756103515625,0.14178466796875,0.8775634765625,1.55517578125,-3.805694580078125,-0.6280517578125,0.0,4.0,4.0,4.0,4.0,100.0,event
10:34:05.922,0.0,0.0,0.0,0.0,0.0,0.0,0.0,0.0,0.0,0.0,0.0,0.0,0.0,0.0,0.0,0.0,0.0,0.0,0.0,0.0,817.1429,775.64105,800.6227,1615.751,800.6227,-0.43756103515625,0.14178466796875,0.8775634765625,1.55517578125,-3.805694580078125,-0.6280517578125,0.0,4.0,4.0,4.0,4.0,100.0,event
10:34:05.923,0.0,0.0,0.0,0.0,0.0,0.0,0.0,0.0,0.0,0.0,0.0,0.0,0.0,0.0,0.0,0.0,0.0,0.0,0.0,0.0,847.76556,772.8205,794.57874,1635.4945,991.2088,-0.43756103515625,0.14178466796875,0.8775634765625,1.55517578125,-3.805694580078125,-0.6280517578125,0.0,4.0,4.0,4.0,4.0,100.0,event
10:34:05.924,0.0,0.0,0.0,0.0,0.0,0.0,0.0,0.0,0.0,0.0,0.0,0.0,0.0,0.0,0.0,0.0,0.0,0.0,0.0,0.0,812.3077,776.8498,800.6227,1530.7325,714.7985,-0.43756103515625,0.14178466796875,0.8775634765625,1.55517578125,-3.805694580078125,-0.6280517578125,0.0,4.0,4.0,4.0,4.0,100.0,event
10:34:05.924,0.0,0.0,0.0,0.0,0.0,0.0,0.0,0.0,0.0,0.0,0.0,0.0,0.0,0.0,0.0,0.0,0.0,0.0,0.0,0.0,852.1978,776.8498,796.5934,1477.1428,867.50916,-0.43756103515625,0.14178466796875,0.8775634765625,1.55517578125,-3.805694580078125,-0.6280517578125,0.0,4.0,4.0,4.0,4.0,100.0,event
10:34:05.925,0.0,0.0,0.0,0.0,0.0,0.0,0.0,0.0,0.0,0.0,0.0,0.0,0.0,0.0,0.0,0.0,0.0,0.0,0.0,0.0,780.87915,776.04395,796.99634,6.849817,802.23444,-0.43756103515625,0.14178466796875,0.8775634765625,1.55517578125,-3.805694580078125,-0.6280517578125,0.0,4.0,4.0,4.0,4.0,100.0,event
10:34:05.926,0.0,0.0,0.0,0.0,0.0,0.0,0.0,0.0,0.0,0.0,0.0,0.0,0.0,0.0,0.0,0.0,0.0,0.0,0.0,0.0,805.4579,778.86444,794.9817,1602.0513,968.6447,-0.43756103515625,0.14178466796875,0.8775634765625,1.55517578125,-3.805694580078125,-0.6280517578125,0.0,4.0,4.0,4.0,4.0,100.0,event
10:34:05.927,0.0,0.0,0.0,0.0,0.0,0.0,0.0,0.0,0.0,0.0,0.0,0.0,0.0,0.0,0.0,0.0,0.0,0.0,0.0,0.0,862.674,777.6557,794.9817,7.655678,877.1795,-0.43756103515625,0.14178466796875,0.8775634765625,1.55517578125,-3.805694580078125,-0.6280517578125,0.0,4.0,4.0,4.0,4.0,100.0,event
10:34:05.927,0.0,0.0,0.0,0.0,0.0,0.0,0.0,0.0,0.0,0.0,0.0,0.0,0.0,0.0,0.0,0.0,0.0,0.0,0.0,0.0,866.7033,774.83514,798.20514,1573.0403,764.35895,-0.43756103515625,0.14178466796875,0.8775634765625,1.55517578125,-3.805694580078125,-0.6280517578125,0.0,4.0,4.0,4.0,4.0,100.0,event
10:34:05.928,0.0,0.0,0.0,0.0,0.0,0.0,0.0,0.0,0.0,0.0,0.0,0.0,0.0,0.0,0.0,0.0,0.0,0.0,0.0,0.0,811.9048,774.0293,800.6227,1320.8059,832.0513,-0.43756103515625,0.14178466796875,0.8775634765625,1.55517578125,-3.805694580078125,-0.6280517578125,0.0,4.0,4.0,4.0,4.0,100.0,event
10:34:05.929,0.0,0.0,0.0,0.0,0.0,0.0,0.0,0.0,0.0,0.0,0.0,0.0,0.0,0.0,0.0,0.0,0.0,0.0,0.0,0.0,786.1172,776.4469,800.6227,1546.4469,929.9634,-0.43756103515625,0.14178466796875,0.8775634765625,1.55517578125,-3.805694580078125,-0.6280517578125,0.0,4.0,4.0,4.0,4.0,100.0,event
10:34:05.929,0.0,0.0,0.0,0.0,0.0,0.0,0.0,0.0,0.0,0.0,0.0,0.0,0.0,0.0,0.0,0.0,0.0,0.0,0.0,0.0,815.5311,777.25275,798.20514,14.505494,801.4286,-0.43756103515625,0.14178466796875,0.8775634765625,1.55517578125,-3.805694580078125,-0.6280517578125,0.0,4.0,4.0,4.0,4.0,100.0,event
10:34:05.971,0.0,0.0,0.0,0.0,0.0,0.0,0.0,0.0,0.0,0.0,0.0,0.0,0.0,0.0,0.0,0.0,0.0,0.0,0.0,0.0,860.2564,776.8498,796.1905,1608.9011,729.707,-0.43756103515625,0.14178466796875,0.8775634765625,1.55517578125,-3.805694580078125,-0.6280517578125,0.0,4.0,4.0,4.0,4.0,100.0,event
10:34:05.972,0.0,0.0,0.0,0.0,0.0,0.0,0.0,0.0,0.0,0.0,0.0,0.0,0.0,0.0,0.0,0.0,0.0,0.0,0.0,0.0,867.9121,774.83514,796.5934,1625.0183,839.707,-0.43756103515625,0.14178466796875,0.8775634765625,1.55517578125,-3.805694580078125,-0.6280517578125,0.0,4.0,4.0,4.0,4.0,100.0,event
10:34:05.972,0.0,0.0,0.0,0.0,0.0,0.0,0.0,0.0,0.0,0.0,0.0,0.0,0.0,0.0,0.0,0.0,0.0,0.0,0.0,0.0,813.5165,770.0,796.1905,1634.6886,865.09155,-0.43756103515625,0.14178466796875,0.8775634765625,1.55517578125,-3.805694580078125,-0.6280517578125,0.0,4.0,4.0,4.0,4.0,100.0,event
10:34:05.972,0.0,0.0,0.0,0.0,0.0,0.0,0.0,0.0,0.0,0.0,0.0,0.0,0.0,0.0,0.0,0.0,0.0,0.0,0.0,0.0,773.22345,767.98535,797.3993,1532.7472,816.337,-0.43756103515625,0.14178466796875,0.8775634765625,1.55517578125,-3.805694580078125,-0.6280517578125,0.0,4.0,4.0,4.0,4.0,100.0,event
10:34:05.973,0.0,0.0,0.0,0.0,0.0,0.0,0.0,0.0,0.0,0.0,0.0,0.0,0.0,0.0,0.0,0.0,0.0,0.0,0.0,0.0,832.8571,768.3883,790.9524,1172.9304,999.67035,-0.43756103515625,0.14178466796875,0.8775634765625,1.55517578125,-3.805694580078125,-0.6280517578125,0.0,4.0,4.0,4.0,4.0,100.0,event
10:34:05.973,0.0,0.0,0.0,0.0,0.0,0.0,0.0,0.0,0.0,0.0,0.0,0.0,0.0,0.0,0.0,0.0,0.0,0.0,0.0,0.0,794.17584,768.3883,798.20514,1252.3077,733.73627,-0.43756103515625,0.14178466796875,0.8775634765625,1.55517578125,-3.805694580078125,-0.6280517578125,0.0,4.0,4.0,4.0,4.0,100.0,event
10:34:05.974,0.0,0.0,0.0,0.0,0.0,0.0,0.0,0.0,0.0,0.0,0.0,0.0,0.0,0.0,0.0,0.0,0.0,0.0,0.0,0.0,842.9304,768.3883,788.93774,1388.9011,1127.3993,-0.43756103515625,0.14178466796875,0.8775634765625,1.55517578125,-3.805694580078125,-0.6280517578125,0.0,4.0,4.0,4.0,4.0,100.0,event
10:34:05.974,0.0,0.0,0.0,0.0,0.0,0.0,0.0,0.0,0.0,0.0,0.0,0.0,0.0,0.0,0.0,0.0,0.0,0.0,0.0,0.0,810.293,770.0,795.78754,1452.967,802.6374,-0.43756103515625,0.14178466796875,0.8775634765625,1.55517578125,-3.805694580078125,-0.6280517578125,0.0,4.0,4.0,4.0,4.0,100.0,event
10:34:05.975,0.0,0.0,0.0,0.0,0.0,0.0,0.0,0.0,0.0,0.0,0.0,0.0,0.0,0.0,0.0,0.0,0.0,0.0,0.0,0.0,785.7143,772.01465,793.7729,1466.6666,673.2967,-0.43756103515625,0.14178466796875,0.8775634765625,1.55517578125,-3.805694580078125,-0.6280517578125,0.0,4.0,4.0,4.0,4.0,100.0,event
10:34:05.975,0.0,0.0,0.0,0.0,0.0,0.0,0.0,0.0,0.0,0.0,0.0,0.0,0.0,0.0,0.0,0.0,0.0,0.0,0.0,0.0,798.20514,774.43225,794.57874,1459.8169,794.9817,-0.43756103515625,0.14178466796875,0.8775634765625,1.55517578125,-3.805694580078125,-0.6280517578125,0.0,4.0,4.0,4.0,4.0,100.0,event
10:34:05.976,0.0,0.0,0.0,0.0,0.0,0.0,0.0,0.0,0.0,0.0,0.0,0.0,0.0,0.0,0.0,0.0,0.0,0.0,0.0,0.0,831.2454,775.2381,797.3993,1288.9744,792.96704,-0.43756103515625,0.14178466796875,0.8775634765625,1.55517578125,-3.805694580078125,-0.6280517578125,0.0,4.0,4.0,4.0,4.0,100.0,event
10:34:05.976,0.0,0.0,0.0,0.0,0.0,0.0,0.0,0.0,0.0,0.0,0.0,0.0,0.0,0.0,0.0,0.0,0.0,0.0,0.0,0.0,854.61536,774.83514,801.8315,1247.0696,711.5751,-0.43756103515625,0.14178466796875,0.8775634765625,1.55517578125,-3.805694580078125,-0.6280517578125,0.0,4.0,4.0,4.0,4.0,100.0,event
10:34:06.023,0.0,0.0,0.0,0.0,0.0,0.0,0.0,0.0,0.0,0.0,0.0,0.0,0.0,0.0,0.0,0.0,0.0,0.0,0.0,0.0,816.337,774.43225,805.4579,1425.1648,750.65936,-0.4381103515625,0.1446533203125,0.88323974609375,1.727142333984375,-4.044952392578125,-0.201873779296875,0.0,4.0,4.0,4.0,4.0,100.0,event
10:34:06.024,0.0,0.0,0.0,0.0,0.0,0.0,0.0,0.0,0.0,0.0,0.0,0.0,0.0,0.0,0.0,0.0,0.0,0.0,0.0,0.0,774.0293,765.56775,800.2198,1369.5604,762.74725,-0.4381103515625,0.1446533203125,0.88323974609375,1.727142333984375,-4.044952392578125,-0.201873779296875,0.0,4.0,4.0,4.0,4.0,100.0,event
10:34:06.025,0.0,0.0,0.0,0.0,0.0,0.0,0.0,0.0,0.0,0.0,0.0,0.0,0.0,0.0,0.0,0.0,0.0,0.0,0.0,0.0,791.3553,765.56775,798.20514,682.96704,699.0842,-0.4381103515625,0.1446533203125,0.88323974609375,1.727142333984375,-4.044952392578125,-0.201873779296875,0.0,4.0,4.0,4.0,4.0,100.0,event
10:34:06.026,0.0,0.0,0.0,0.0,0.0,0.0,0.0,0.0,0.0,0.0,0.0,0.0,0.0,0.0,0.0,0.0,0.0,0.0,0.0,0.0,833.2601,772.01465,800.2198,570.9524,687.3993,-0.4381103515625,0.1446533203125,0.88323974609375,1.727142333984375,-4.044952392578125,-0.201873779296875,0.0,4.0,4.0,4.0,4.0,100.0,event
10:34:06.027,0.0,0.0,0.0,0.0,0.0,0.0,0.0,0.0,0.0,0.0,0.0,0.0,0.0,0.0,0.0,0.0,0.0,0.0,0.0,0.0,848.97437,774.43225,795.38464,882.4176,790.14655,-0.4381103515625,0.1446533203125,0.88323974609375,1.727142333984375,-4.044952392578125,-0.201873779296875,0.0,4.0,4.0,4.0,4.0,100.0,event
10:34:06.028,0.0,0.0,0.0,0.0,0.0,0.0,0.0,0.0,0.0,0.0,0.0,0.0,0.0,0.0,0.0,0.0,0.0,0.0,0.0,0.0,821.978,777.25275,793.36993,1106.8499,900.14655,-0.4381103515625,0.1446533203125,0.88323974609375,1.727142333984375,-4.044952392578125,-0.201873779296875,0.0,4.0,4.0,4.0,4.0,100.0,event
10:34:06.029,0.0,0.0,0.0,0.0,0.0,0.0,0.0,0.0,0.0,0.0,0.0,0.0,0.0,0.0,0.0,0.0,0.0,0.0,0.0,0.0,780.87915,774.83514,797.3993,1286.1538,906.1905,-0.4381103515625,0.1446533203125,0.88323974609375,1.727142333984375,-4.044952392578125,-0.201873779296875,0.0,4.0,4.0,4.0,4.0,100.0,event
10:34:06.030,0.0,0.0,0.0,0.0,0.0,0.0,0.0,0.0,0.0,0.0,0.0,0.0,0.0,0.0,0.0,0.0,0.0,0.0,0.0,0.0,784.10254,775.64105,796.1905,939.6337,817.5458,-0.4381103515625,0.1446533203125,0.88323974609375,1.727142333984375,-4.044952392578125,-0.201873779296875,0.0,4.0,4.0,4.0,4.0,100.0,event
10:34:06.030,0.0,0.0,0.0,0.0,0.0,0.0,0.0,0.0,0.0,0.0,0.0,0.0,0.0,0.0,0.0,0.0,0.0,0.0,0.0,0.0,817.5458,774.83514,792.5641,864.68866,830.84247,-0.4381103515625,0.1446533203125,0.88323974609375,1.727142333984375,-4.044952392578125,-0.201873779296875,0.0,4.0,4.0,4.0,4.0,100.0,event
10:34:06.031,0.0,0.0,0.0,0.0,0.0,0.0,0.0,0.0,0.0,0.0,0.0,0.0,0.0,0.0,0.0,0.0,0.0,0.0,0.0,0.0,840.5128,771.6117,791.3553,1190.6593,1116.1172,-0.4381103515625,0.1446533203125,0.88323974609375,1.727142333984375,-4.044952392578125,-0.201873779296875,0.0,4.0,4.0,4.0,4.0,100.0,event
10:34:06.031,0.0,0.0,0.0,0.0,0.0,0.0,0.0,0.0,0.0,0.0,0.0,0.0,0.0,0.0,0.0,0.0,0.0,0.0,0.0,0.0,832.0513,776.8498,794.17584,1312.7472,942.4542,-0.4381103515625,0.1446533203125,0.88323974609375,1.727142333984375,-4.044952392578125,-0.201873779296875,0.0,4.0,4.0,4.0,4.0,100.0,event
10:34:06.032,0.0,0.0,0.0,0.0,0.0,0.0,0.0,0.0,0.0,0.0,0.0,0.0,0.0,0.0,0.0,0.0,0.0,0.0,0.0,0.0,793.36993,777.25275,801.4286,1398.1685,674.10254,-0.4381103515625,0.1446533203125,0.88323974609375,1.727142333984375,-4.044952392578125,-0.201873779296875,0.0,4.0,4.0,4.0,4.0,100.0,event
10:34:06.073,0.0,0.0,0.0,0.0,0.0,0.0,0.0,0.0,0.0,0.0,0.0,0.0,0.0,0.0,0.0,0.0,0.0,0.0,0.0,0.0,785.31134,772.8205,804.2491,1489.6337,709.5604,-0.435791015625,0.13720703125,0.872802734375,1.435546875,-3.75335693359375,-0.829925537109375,0.0,4.0,4.0,4.0,4.0,100.0,event
10:34:06.074,0.0,0.0,0.0,0.0,0.0,0.0,0.0,0.0,0.0,0.0,0.0,0.0,0.0,0.0,0.0,0.0,0.0,0.0,0.0,0.0,816.7399,771.2088,798.60803,1611.3187,724.0659,-0.435791015625,0.13720703125,0.872802734375,1.435546875,-3.75335693359375,-0.829925537109375,0.0,4.0,4.0,4.0,4.0,100.0,event
10:34:06.075,0.0,0.0,0.0,0.0,0.0,0.0,0.0,0.0,0.0,0.0,0.0,0.0,0.0,0.0,0.0,0.0,0.0,0.0,0.0,0.0,853.4066,770.80585,799.41394,1634.2858,716.8132,-0.435791015625,0.13720703125,0.872802734375,1.435546875,-3.75335693359375,-0.829925537109375,0.0,4.0,4.0,4.0,4.0,100.0,event
10:34:06.075,0.0,0.0,0.0,0.0,0.0,0.0,0.0,0.0,0.0,0.0,0.0,0.0,0.0,0.0,0.0,0.0,0.0,0.0,0.0,0.0,840.10986,772.8205,804.2491,1625.0183,806.6667,-0.435791015625,0.13720703125,0.872802734375,1.435546875,-3.75335693359375,-0.829925537109375,0.0,4.0,4.0,4.0,4.0,100.0,event
10:34:06.076,0.0,0.0,0.0,0.0,0.0,0.0,0.0,0.0,0.0,0.0,0.0,0.0,0.0,0.0,0.0,0.0,0.0,0.0,0.0,0.0,778.46155,773.22345,796.5934,1629.8535,884.0293,-0.435791015625,0.13720703125,0.872802734375,1.435546875,-3.75335693359375,-0.829925537109375,0.0,4.0,4.0,4.0,4.0,100.0,event
10:34:06.076,0.0,0.0,0.0,0.0,0.0,0.0,0.0,0.0,0.0,0.0,0.0,0.0,0.0,0.0,0.0,0.0,0.0,0.0,0.0,0.0,789.7436,773.6264,800.2198,1623.4066,881.2088,-0.435791015625,0.13720703125,0.872802734375,1.435546875,-3.75335693359375,-0.829925537109375,0.0,4.0,4.0,4.0,4.0,100.0,event
10:34:06.077,0.0,0.0,0.0,0.0,0.0,0.0,0.0,0.0,0.0,0.0,0.0,0.0,0.0,0.0,0.0,0.0,0.0,0.0,0.0,0.0,816.7399,773.22345,800.6227,1612.5275,930.3663,-0.435791015625,0.13720703125,0.872802734375,1.435546875,-3.75335693359375,-0.829925537109375,0.0,4.0,4.0,4.0,4.0,100.0,event
10:34:06.077,0.0,0.0,0.0,0.0,0.0,0.0,0.0,0.0,0.0,0.0,0.0,0.0,0.0,0.0,0.0,0.0,0.0,0.0,0.0,0.0,860.2564,770.80585,801.4286,1378.4249,880.0,-0.435791015625,0.13720703125,0.872802734375,1.435546875,-3.75335693359375,-0.829925537109375,0.0,4.0,4.0,4.0,4.0,100.0,event
10:34:06.078,0.0,0.0,0.0,0.0,0.0,0.0,0.0,0.0,0.0,0.0,0.0,0.0,0.0,0.0,0.0,0.0,0.0,0.0,0.0,0.0,845.7509,774.43225,794.57874,1255.1282,1046.8132,-0.435791015625,0.13720703125,0.872802734375,1.435546875,-3.75335693359375,-0.829925537109375,0.0,4.0,4.0,4.0,4.0,100.0,event
10:34:06.078,0.0,0.0,0.0,0.0,0.0,0.0,0.0,0.0,0.0,0.0,0.0,0.0,0.0,0.0,0.0,0.0,0.0,0.0,0.0,0.0,799.81683,775.2381,797.8022,1519.8535,960.18317,-0.435791015625,0.13720703125,0.872802734375,1.435546875,-3.75335693359375,-0.829925537109375,0.0,4.0,4.0,4.0,4.0,100.0,event
10:34:06.079,0.0,0.0,0.0,0.0,0.0,0.0,0.0,0.0,0.0,0.0,0.0,0.0,0.0,0.0,0.0,0.0,0.0,0.0,0.0,0.0,778.0586,770.0,801.4286,1647.5824,595.5311,-0.435791015625,0.13720703125,0.872802734375,1.435546875,-3.75335693359375,-0.829925537109375,0.0,4.0,4.0,4.0,4.0,100.0,event
10:34:06.079,0.0,0.0,0.0,0.0,0.0,0.0,0.0,0.0,0.0,0.0,0.0,0.0,0.0,0.0,0.0,0.0,0.0,0.0,0.0,0.0,803.0403,770.80585,802.23444,1616.9597,666.8498,-0.435791015625,0.13720703125,0.872802734375,1.435546875,-3.75335693359375,-0.829925537109375,0.0,4.0,4.0,4.0,4.0,100.0,event
10:34:06.129,0.0,0.0,0.0,0.0,0.0,0.0,0.0,0.0,0.0,0.0,0.0,0.0,0.0,0.0,0.0,0.0,0.0,0.0,0.0,0.0,840.10986,768.7912,800.6227,1629.0476,811.50183,-0.4393310546875,0.1376953125,0.88409423828125,2.37762451171875,-3.39447021484375,-0.2691650390625,0.0,4.0,4.0,4.0,4.0,100.0,event
10:34:06.130,0.0,0.0,0.0,0.0,0.0,0.0,0.0,0.0,0.0,0.0,0.0,0.0,0.0,0.0,0.0,0.0,0.0,0.0,0.0,0.0,831.6484,768.7912,793.7729,1628.6447,719.6337,-0.4393310546875,0.1376953125,0.88409423828125,2.37762451171875,-3.39447021484375,-0.2691650390625,0.0,4.0,4.0,4.0,4.0,100.0,event
10:34:06.134,0.0,0.0,0.0,0.0,0.0,0.0,0.0,0.0,0.0,0.0,0.0,0.0,0.0,0.0,0.0,0.0,0.0,0.0,0.0,0.0,785.7143,773.22345,794.57874,1628.2417,679.34064,-0.4393310546875,0.1376953125,0.88409423828125,2.37762451171875,-3.39447021484375,-0.2691650390625,0.0,4.0,4.0,4.0,4.0,100.0,event
10:34:06.135,0.0,0.0,0.0,0.0,0.0,0.0,0.0,0.0,0.0,0.0,0.0,0.0,0.0,0.0,0.0,0.0,0.0,0.0,0.0,0.0,782.8938,768.3883,802.23444,1631.4652,803.0403,-0.4393310546875,0.1376953125,0.88409423828125,2.37762451171875,-3.39447021484375,-0.2691650390625,0.0,4.0,4.0,4.0,4.0,100.0,event
10:34:06.135,0.0,0.0,0.0,0.0,0.0,0.0,0.0,0.0,0.0,0.0,0.0,0.0,0.0,0.0,0.0,0.0,0.0,0.0,0.0,0.0,761.53845,772.01465,799.41394,1628.2417,718.4249,-0.4393310546875,0.1376953125,0.88409423828125,2.37762451171875,-3.39447021484375,-0.2691650390625,0.0,4.0,4.0,4.0,4.0,100.0,event
10:34:06.136,0.0,0.0,0.0,0.0,0.0,0.0,0.0,0.0,0.0,0.0,0.0,0.0,0.0,0.0,0.0,0.0,0.0,0.0,0.0,0.0,819.15753,769.19415,798.20514,1625.4213,869.92676,-0.4393310546875,0.1376953125,0.88409423828125,2.37762451171875,-3.39447021484375,-0.2691650390625,0.0,4.0,4.0,4.0,4.0,100.0,event
10:34:06.137,0.0,0.0,0.0,0.0,0.0,0.0,0.0,0.0,0.0,0.0,0.0,0.0,0.0,0.0,0.0,0.0,0.0,0.0,0.0,0.0,823.1868,767.1795,794.17584,1599.2307,822.381,-0.4393310546875,0.1376953125,0.88409423828125,2.37762451171875,-3.39447021484375,-0.2691650390625,0.0,4.0,4.0,4.0,4.0,100.0,event
10:34:06.138,0.0,0.0,0.0,0.0,0.0,0.0,0.0,0.0,0.0,0.0,0.0,0.0,0.0,0.0,0.0,0.0,0.0,0.0,0.0,0.0,785.31134,764.35895,794.9817,13.699634,834.87177,-0.4393310546875,0.1376953125,0.88409423828125,2.37762451171875,-3.39447021484375,-0.2691650390625,0.0,4.0,4.0,4.0,4.0,100.0,event
10:34:06.140,0.0,0.0,0.0,0.0,0.0,0.0,0.0,0.0,0.0,0.0,0.0,0.0,0.0,0.0,0.0,0.0,0.0,0.0,0.0,0.0,751.8681,769.59705,794.57874,1145.9341,1002.49084,-0.4393310546875,0.1376953125,0.88409423828125,2.37762451171875,-3.39447021484375,-0.2691650390625,0.0,4.0,4.0,4.0,4.0,100.0,event
10:34:06.141,0.0,0.0,0.0,0.0,0.0,0.0,0.0,0.0,0.0,0.0,0.0,0.0,0.0,0.0,0.0,0.0,0.0,0.0,0.0,0.0,766.3736,769.19415,792.1612,146.66667,752.27106,-0.4393310546875,0.1376953125,0.88409423828125,2.37762451171875,-3.39447021484375,-0.2691650390625,0.0,4.0,4.0,4.0,4.0,100.0,event
10:34:06.142,0.0,0.0,0.0,0.0,0.0,0.0,0.0,0.0,0.0,0.0,0.0,0.0,0.0,0.0,0.0,0.0,0.0,0.0,0.0,0.0,805.05493,766.77655,788.5348,0.0,572.5641,-0.4393310546875,0.1376953125,0.88409423828125,2.37762451171875,-3.39447021484375,-0.2691650390625,0.0,4.0,4.0,4.0,4.0,100.0,event
10:34:06.142,0.0,0.0,0.0,0.0,0.0,0.0,0.0,0.0,0.0,0.0,0.0,0.0,0.0,0.0,0.0,0.0,0.0,0.0,0.0,0.0,820.7692,774.0293,788.1319,35.457874,695.05493,-0.4393310546875,0.1376953125,0.88409423828125,2.37762451171875,-3.39447021484375,-0.2691650390625,0.0,4.0,4.0,4.0,4.0,100.0,event
10:34:06.188,0.0,0.0,0.0,0.0,0.0,0.0,0.0,0.0,0.0,0.0,0.0,0.0,0.0,0.0,0.0,0.0,0.0,0.0,0.0,0.0,788.5348,778.0586,790.9524,0.0,700.293,-0.436767578125,0.13470458984375,0.87677001953125,1.996307373046875,-3.6785888671875,0.91217041015625,0.0,4.0,4.0,4.0,4.0,100.0,event
10:34:06.190,0.0,0.0,0.0,0.0,0.0,0.0,0.0,0.0,0.0,0.0,0.0,0.0,0.0,0.0,0.0,0.0,0.0,0.0,0.0,0.0,759.12085,772.01465,796.1905,0.0,653.5531,-0.436767578125,0.13470458984375,0.87677001953125,1.996307373046875,-3.6785888671875,0.91217041015625,0.0,4.0,4.0,4.0,4.0,100.0,event
10:34:06.192,0.0,0.0,0.0,0.0,0.0,0.0,0.0,0.0,0.0,0.0,0.0,0.0,0.0,0.0,0.0,0.0,0.0,0.0,0.0,0.0,771.2088,770.80585,796.99634,0.0,654.7619,-0.436767578125,0.13470458984375,0.87677001953125,1.996307373046875,-3.6785888671875,0.91217041015625,0.0,4.0,4.0,4.0,4.0,100.0,event
10:34:06.193,0.0,0.0,0.0,0.0,0.0,0.0,0.0,0.0,0.0,0.0,0.0,0.0,0.0,0.0,0.0,0.0,0.0,0.0,0.0,0.0,808.2784,776.04395,793.36993,0.0,782.49084,-0.436767578125,0.13470458984375,0.87677001953125,1.996307373046875,-3.6785888671875,0.91217041015625,0.0,4.0,4.0,4.0,4.0,100.0,event
10:34:06.195,0.0,0.0,0.0,0.0,0.0,0.0,0.0,0.0,0.0,0.0,0.0,0.0,0.0,0.0,0.0,0.0,0.0,0.0,0.0,0.0,837.6923,777.6557,792.96704,0.0,785.7143,-0.436767578125,0.13470458984375,0.87677001953125,1.996307373046875,-3.6785888671875,0.91217041015625,0.0,4.0,4.0,4.0,4.0,100.0,event
10:34:06.196,0.0,0.0,0.0,0.0,0.0,0.0,0.0,0.0,0.0,0.0,0.0,0.0,0.0,0.0,0.0,0.0,0.0,0.0,0.0,0.0,809.89014,778.0586,794.9817,18.131868,683.36993,-0.436767578125,0.13470458984375,0.87677001953125,1.996307373046875,-3.6785888671875,0.91217041015625,0.0,4.0,4.0,4.0,4.0,100.0,event
10:34:06.198,0.0,0.0,0.0,0.0,0.0,0.0,0.0,0.0,0.0,0.0,0.0,0.0,0.0,0.0,0.0,0.0,0.0,0.0,0.0,0.0,767.1795,779.2674,793.7729,0.0,761.9414,-0.436767578125,0.13470458984375,0.87677001953125,1.996307373046875,-3.6785888671875,0.91217041015625,0.0,4.0,4.0,4.0,4.0,100.0,event
10:34:06.199,0.0,0.0,0.0,0.0,0.0,0.0,0.0,0.0,0.0,0.0,0.0,0.0,0.0,0.0,0.0,0.0,0.0,0.0,0.0,0.0,766.77655,779.67035,795.78754,11.282051,898.93774,-0.436767578125,0.13470458984375,0.87677001953125,1.996307373046875,-3.6785888671875,0.91217041015625,0.0,4.0,4.0,4.0,4.0,100.0,event
10:34:06.201,0.0,0.0,0.0,0.0,0.0,0.0,0.0,0.0,0.0,0.0,0.0,0.0,0.0,0.0,0.0,0.0,0.0,0.0,0.0,0.0,814.3223,775.64105,796.99634,701.50183,814.3223,-0.436767578125,0.13470458984375,0.87677001953125,1.996307373046875,-3.6785888671875,0.91217041015625,0.0,4.0,4.0,4.0,4.0,100.0,event
10:34:06.202,0.0,0.0,0.0,0.0,0.0,0.0,0.0,0.0,0.0,0.0,0.0,0.0,0.0,0.0,0.0,0.0,0.0,0.0,0.0,0.0,856.2271,775.2381,792.96704,1252.3077,705.12823,-0.436767578125,0.13470458984375,0.87677001953125,1.996307373046875,-3.6785888671875,0.91217041015625,0.0,4.0,4.0,4.0,4.0,100.0,event
10:34:06.204,0.0,0.0,0.0,0.0,0.0,0.0,0.0,0.0,0.0,0.0,0.0,0.0,0.0,0.0,0.0,0.0,0.0,0.0,0.0,0.0,808.2784,775.2381,793.36993,1400.1831,702.71063,-0.436767578125,0.13470458984375,0.87677001953125,1.996307373046875,-3.6785888671875,0.91217041015625,0.0,4.0,4.0,4.0,4.0,100.0,event
10:34:06.205,0.0,0.0,0.0,0.0,0.0,0.0,0.0,0.0,0.0,0.0,0.0,0.0,0.0,0.0,0.0,0.0,0.0,0.0,0.0,0.0,746.2271,776.04395,791.3553,1612.9304,738.1685,-0.436767578125,0.13470458984375,0.87677001953125,1.996307373046875,-3.6785888671875,0.91217041015625,0.0,4.0,4.0,4.0,4.0,100.0,event
10:34:06.253,0.0,0.0,0.0,0.0,0.0,0.0,0.0,0.0,0.0,0.0,0.0,0.0,0.0,0.0,0.0,0.0,0.0,0.0,0.0,0.0,761.53845,774.0293,788.5348,1631.8682,709.9634,-0.436767578125,0.13470458984375,0.87677001953125,1.996307373046875,-3.6785888671875,0.91217041015625,0.0,4.0,4.0,4.0,4.0,100.0,event
10:34:06.254,0.0,0.0,0.0,0.0,0.0,0.0,0.0,0.0,0.0,0.0,0.0,0.0,0.0,0.0,0.0,0.0,0.0,0.0,0.0,0.0,807.47253,774.43225,793.7729,1623.4066,696.26373,-0.436767578125,0.13470458984375,0.87677001953125,1.996307373046875,-3.6785888671875,0.91217041015625,0.0,4.0,4.0,4.0,4.0,100.0,event
10:34:06.256,0.0,0.0,0.0,0.0,0.0,0.0,0.0,0.0,0.0,0.0,0.0,0.0,0.0,0.0,0.0,0.0,0.0,0.0,0.0,0.0,837.28937,778.0586,790.54944,1629.8535,800.2198,-0.436767578125,0.13470458984375,0.87677001953125,1.996307373046875,-3.6785888671875,0.91217041015625,0.0,4.0,4.0,4.0,4.0,100.0,event
10:34:06.257,0.0,0.0,0.0,0.0,0.0,0.0,0.0,0.0,0.0,0.0,0.0,0.0,0.0,0.0,0.0,0.0,0.0,0.0,0.0,0.0,813.91943,776.8498,790.14655,1628.2417,907.3993,-0.436767578125,0.13470458984375,0.87677001953125,1.996307373046875,-3.6785888671875,0.91217041015625,0.0,4.0,4.0,4.0,4.0,100.0,event
10:34:06.261,0.0,0.0,0.0,0.0,0.0,0.0,0.0,0.0,0.0,0.0,0.0,0.0,0.0,0.0,0.0,0.0,0.0,0.0,0.0,0.0,767.98535,775.2381,792.5641,1628.2417,851.79486,-0.436767578125,0.13470458984375,0.87677001953125,1.996307373046875,-3.6785888671875,0.91217041015625,0.0,4.0,4.0,4.0,4.0,100.0,event
10:34:06.262,0.0,0.0,0.0,0.0,0.0,0.0,0.0,0.0,0.0,0.0,0.0,0.0,0.0,0.0,0.0,0.0,0.0,0.0,0.0,0.0,763.5531,774.83514,794.57874,1628.2417,831.6484,-0.436767578125,0.13470458984375,0.87677001953125,1.996307373046875,-3.6785888671875,0.91217041015625,0.0,4.0,4.0,4.0,4.0,100.0,event
10:34:06.263,0.0,0.0,0.0,0.0,0.0,0.0,0.0,0.0,0.0,0.0,0.0,0.0,0.0,0.0,0.0,0.0,0.0,0.0,0.0,0.0,802.6374,777.6557,798.60803,1628.2417,888.46155,-0.436767578125,0.13470458984375,0.87677001953125,1.996307373046875,-3.6785888671875,0.91217041015625,0.0,4.0,4.0,4.0,4.0,100.0,event
10:34:06.264,0.0,0.0,0.0,0.0,0.0,0.0,0.0,0.0,0.0,0.0,0.0,0.0,0.0,0.0,0.0,0.0,0.0,0.0,0.0,0.0,838.49817,777.25275,793.36993,1628.2417,1083.0769,-0.436767578125,0.13470458984375,0.87677001953125,1.996307373046875,-3.6785888671875,0.91217041015625,0.0,4.0,4.0,4.0,4.0,100.0,event
10:34:06.265,0.0,0.0,0.0,0.0,0.0,0.0,0.0,0.0,0.0,0.0,0.0,0.0,0.0,0.0,0.0,0.0,0.0,0.0,0.0,0.0,796.5934,777.25275,797.3993,1628.2417,662.4176,-0.436767578125,0.13470458984375,0.87677001953125,1.996307373046875,-3.6785888671875,0.91217041015625,0.0,4.0,4.0,4.0,4.0,100.0,event
10:34:06.265,0.0,0.0,0.0,0.0,0.0,0.0,0.0,0.0,0.0,0.0,0.0,0.0,0.0,0.0,0.0,0.0,0.0,0.0,0.0,0.0,833.2601,775.64105,790.54944,1628.2417,937.619,-0.436767578125,0.13470458984375,0.87677001953125,1.996307373046875,-3.6785888671875,0.91217041015625,0.0,4.0,4.0,4.0,4.0,100.0,event
10:34:06.266,0.0,0.0,0.0,0.0,0.0,0.0,0.0,0.0,0.0,0.0,0.0,0.0,0.0,0.0,0.0,0.0,0.0,0.0,0.0,0.0,784.90845,774.43225,798.60803,1628.2417,691.4286,-0.436767578125,0.13470458984375,0.87677001953125,1.996307373046875,-3.6785888671875,0.91217041015625,0.0,4.0,4.0,4.0,4.0,100.0,event
10:34:06.267,0.0,0.0,0.0,0.0,0.0,0.0,0.0,0.0,0.0,0.0,0.0,0.0,0.0,0.0,0.0,0.0,0.0,0.0,0.0,0.0,822.381,773.22345,797.8022,1628.2417,718.022,-0.436767578125,0.13470458984375,0.87677001953125,1.996307373046875,-3.6785888671875,0.91217041015625,0.0,4.0,4.0,4.0,4.0,100.0,event
10:34:06.268,0.0,0.0,0.0,0.0,0.0,0.0,0.0,0.0,0.0,0.0,0.0,0.0,0.0,0.0,0.0,0.0,0.0,0.0,0.0,0.0,855.42126,778.0586,795.78754,1628.2417,726.4835,-0.43853759765625,0.14434814453125,0.88018798828125,2.46734619140625,-3.282318115234375,1.338348388671875,0.0,4.0,4.0,4.0,4.0,100.0,event
10:34:06.268,0.0,0.0,0.0,0.0,0.0,0.0,0.0,0.0,0.0,0.0,0.0,0.0,0.0,0.0,0.0,0.0,0.0,0.0,0.0,0.0,833.2601,779.67035,794.9817,1628.2417,765.56775,-0.43853759765625,0.14434814453125,0.88018798828125,2.46734619140625,-3.282318115234375,1.338348388671875,0.0,4.0,4.0,4.0,4.0,100.0,event
10:34:06.269,0.0,0.0,0.0,0.0,0.0,0.0,0.0,0.0,0.0,0.0,0.0,0.0,0.0,0.0,0.0,0.0,0.0,0.0,0.0,0.0,787.326,776.8498,801.8315,1629.0476,787.72894,-0.43853759765625,0.14434814453125,0.88018798828125,2.46734619140625,-3.282318115234375,1.338348388671875,0.0,4.0,4.0,4.0,4.0,100.0,event
10:34:06.270,0.0,0.0,0.0,0.0,0.0,0.0,0.0,0.0,0.0,0.0,0.0,0.0,0.0,0.0,0.0,0.0,0.0,0.0,0.0,0.0,777.25275,776.04395,804.65204,1627.033,769.19415,-0.43853759765625,0.14434814453125,0.88018798828125,2.46734619140625,-3.282318115234375,1.338348388671875,0.0,4.0,4.0,4.0,4.0,100.0,event
10:34:06.270,0.0,0.0,0.0,0.0,0.0,0.0,0.0,0.0,0.0,0.0,0.0,0.0,0.0,0.0,0.0,0.0,0.0,0.0,0.0,0.0,806.6667,776.8498,804.65204,1624.6154,782.8938,-0.43853759765625,0.14434814453125,0.88018798828125,2.46734619140625,-3.282318115234375,1.338348388671875,0.0,4.0,4.0,4.0,4.0,100.0,event
10:34:06.271,0.0,0.0,0.0,0.0,0.0,0.0,0.0,0.0,0.0,0.0,0.0,0.0,0.0,0.0,0.0,0.0,0.0,0.0,0.0,0.0,844.1392,777.6557,806.26373,1611.7216,877.98535,-0.43853759765625,0.14434814453125,0.88018798828125,2.46734619140625,-3.282318115234375,1.338348388671875,0.0,4.0,4.0,4.0,4.0,100.0,event
10:34:06.271,0.0,0.0,0.0,0.0,0.0,0.0,0.0,0.0,0.0,0.0,0.0,0.0,0.0,0.0,0.0,0.0,0.0,0.0,0.0,0.0,841.7216,773.22345,800.6227,1518.2417,1116.9231,-0.43853759765625,0.14434814453125,0.88018798828125,2.46734619140625,-3.282318115234375,1.338348388671875,0.0,4.0,4.0,4.0,4.0,100.0,event
10:34:06.272,0.0,0.0,0.0,0.0,0.0,0.0,0.0,0.0,0.0,0.0,0.0,0.0,0.0,0.0,0.0,0.0,0.0,0.0,0.0,0.0,790.54944,772.4176,799.81683,1169.3041,1106.4469,-0.43853759765625,0.14434814453125,0.88018798828125,2.46734619140625,-3.282318115234375,1.338348388671875,0.0,4.0,4.0,4.0,4.0,100.0,event
10:34:06.273,0.0,0.0,0.0,0.0,0.0,0.0,0.0,0.0,0.0,0.0,0.0,0.0,0.0,0.0,0.0,0.0,0.0,0.0,0.0,0.0,801.8315,773.22345,793.36993,1160.0366,735.34796,-0.43853759765625,0.14434814453125,0.88018798828125,2.46734619140625,-3.282318115234375,1.338348388671875,0.0,4.0,4.0,4.0,4.0,100.0,event
10:34:06.273,0.0,0.0,0.0,0.0,0.0,0.0,0.0,0.0,0.0,0.0,0.0,0.0,0.0,0.0,0.0,0.0,0.0,0.0,0.0,0.0,771.6117,774.0293,799.011,1009.7436,763.5531,-0.43853759765625,0.14434814453125,0.88018798828125,2.46734619140625,-3.282318115234375,1.338348388671875,0.0,4.0,4.0,4.0,4.0,100.0,event
10:34:06.274,0.0,0.0,0.0,0.0,0.0,0.0,0.0,0.0,0.0,0.0,0.0,0.0,0.0,0.0,0.0,0.0,0.0,0.0,0.0,0.0,837.28937,773.22345,794.9817,1145.1282,965.0183,-0.43853759765625,0.14434814453125,0.88018798828125,2.46734619140625,-3.282318115234375,1.338348388671875,0.0,4.0,4.0,4.0,4.0,100.0,event
10:34:06.275,0.0,0.0,0.0,0.0,0.0,0.0,0.0,0.0,0.0,0.0,0.0,0.0,0.0,0.0,0.0,0.0,0.0,0.0,0.0,0.0,857.03296,773.22345,799.81683,1377.619,888.86444,-0.43853759765625,0.14434814453125,0.88018798828125,2.46734619140625,-3.282318115234375,1.338348388671875,0.0,4.0,4.0,4.0,4.0,100.0,event
10:34:06.307,0.0,0.0,0.0,0.0,0.0,0.0,0.0,0.0,0.0,0.0,0.0,0.0,0.0,0.0,0.0,0.0,0.0,0.0,0.0,0.0,816.7399,775.2381,802.23444,1506.5568,755.89746,-0.43798828125,0.14337158203125,0.87786865234375,1.457977294921875,-3.57391357421875,1.375732421875,0.0,4.0,4.0,4.0,4.0,100.0,event
10:34:06.308,0.0,0.0,0.0,0.0,0.0,0.0,0.0,0.0,0.0,0.0,0.0,0.0,0.0,0.0,0.0,0.0,0.0,0.0,0.0,0.0,782.0879,774.0293,797.8022,1191.4652,734.94507,-0.43798828125,0.14337158203125,0.87786865234375,1.457977294921875,-3.57391357421875,1.375732421875,0.0,4.0,4.0,4.0,4.0,100.0,event
10:34:06.308,0.0,0.0,0.0,0.0,0.0,0.0,0.0,0.0,0.0,0.0,0.0,0.0,0.0,0.0,0.0,0.0,0.0,0.0,0.0,0.0,802.6374,771.6117,796.99634,1014.9817,718.8278,-0.43798828125,0.14337158203125,0.87786865234375,1.457977294921875,-3.57391357421875,1.375732421875,0.0,4.0,4.0,4.0,4.0,100.0,event
10:34:06.309,0.0,0.0,0.0,0.0,0.0,0.0,0.0,0.0,0.0,0.0,0.0,0.0,0.0,0.0,0.0,0.0,0.0,0.0,0.0,0.0,838.9011,774.0293,799.81683,664.0293,703.1135,-0.43798828125,0.14337158203125,0.87786865234375,1.457977294921875,-3.57391357421875,1.375732421875,0.0,4.0,4.0,4.0,4.0,100.0,event
10:34:06.310,0.0,0.0,0.0,0.0,0.0,0.0,0.0,0.0,0.0,0.0,0.0,0.0,0.0,0.0,0.0,0.0,0.0,0.0,0.0,0.0,855.0183,776.04395,800.6227,604.7985,726.4835,-0.43798828125,0.14337158203125,0.87786865234375,1.457977294921875,-3.57391357421875,1.375732421875,0.0,4.0,4.0,4.0,4.0,100.0,event
10:34:06.310,0.0,0.0,0.0,0.0,0.0,0.0,0.0,0.0,0.0,0.0,0.0,0.0,0.0,0.0,0.0,0.0,0.0,0.0,0.0,0.0,811.50183,774.83514,798.60803,1291.7949,980.32965,-0.43798828125,0.14337158203125,0.87786865234375,1.457977294921875,-3.57391357421875,1.375732421875,0.0,4.0,4.0,4.0,4.0,100.0,event
10:34:06.314,0.0,0.0,0.0,0.0,0.0,0.0,0.0,0.0,0.0,0.0,0.0,0.0,0.0,0.0,0.0,0.0,0.0,0.0,0.0,0.0,800.6227,774.43225,798.60803,1231.7583,841.31866,-0.43798828125,0.14337158203125,0.87786865234375,1.457977294921875,-3.57391357421875,1.375732421875,0.0,4.0,4.0,4.0,4.0,100.0,event
10:34:06.314,0.0,0.0,0.0,0.0,0.0,0.0,0.0,0.0,0.0,0.0,0.0,0.0,0.0,0.0,0.0,0.0,0.0,0.0,0.0,0.0,775.2381,773.6264,791.75824,1561.7583,1131.0256,-0.43798828125,0.14337158203125,0.87786865234375,1.457977294921875,-3.57391357421875,1.375732421875,0.0,4.0,4.0,4.0,4.0,100.0,event
10:34:06.315,0.0,0.0,0.0,0.0,0.0,0.0,0.0,0.0,0.0,0.0,0.0,0.0,0.0,0.0,0.0,0.0,0.0,0.0,0.0,0.0,838.9011,776.8498,808.68134,1357.8755,738.5714,-0.43798828125,0.14337158203125,0.87786865234375,1.457977294921875,-3.57391357421875,1.375732421875,0.0,4.0,4.0,4.0,4.0,100.0,event
10:34:06.316,0.0,0.0,0.0,0.0,0.0,0.0,0.0,0.0,0.0,0.0,0.0,0.0,0.0,0.0,0.0,0.0,0.0,0.0,0.0,0.0,814.7253,777.25275,809.0842,1624.6154,994.83514,-0.43798828125,0.14337158203125,0.87786865234375,1.457977294921875,-3.57391357421875,1.375732421875,0.0,4.0,4.0,4.0,4.0,100.0,event
10:34:06.316,0.0,0.0,0.0,0.0,0.0,0.0,0.0,0.0,0.0,0.0,0.0,0.0,0.0,0.0,0.0,0.0,0.0,0.0,0.0,0.0,852.6007,776.4469,809.4872,1640.3297,940.0366,-0.43798828125,0.14337158203125,0.87786865234375,1.457977294921875,-3.57391357421875,1.375732421875,0.0,4.0,4.0,4.0,4.0,100.0,event
10:34:06.317,0.0,0.0,0.0,0.0,0.0,0.0,0.0,0.0,0.0,0.0,0.0,0.0,0.0,0.0,0.0,0.0,0.0,0.0,0.0,0.0,780.87915,778.46155,805.4579,1623.0037,777.25275,-0.43798828125,0.14337158203125,0.87786865234375,1.457977294921875,-3.57391357421875,1.375732421875,0.0,4.0,4.0,4.0,4.0,100.0,event
10:34:06.361,0.0,0.0,0.0,0.0,0.0,0.0,0.0,0.0,0.0,0.0,0.0,0.0,0.0,0.0,0.0,0.0,0.0,0.0,0.0,0.0,796.5934,777.6557,800.6227,1630.2565,748.6447,-0.44134521484375,0.14056396484375,0.87530517578125,2.16827392578125,-3.46923828125,0.635528564453125,0.0,4.0,4.0,4.0,4.0,100.0,event
10:34:06.363,0.0,0.0,0.0,0.0,0.0,0.0,0.0,0.0,0.0,0.0,0.0,0.0,0.0,0.0,0.0,0.0,0.0,0.0,0.0,0.0,834.4689,776.8498,803.44324,1628.6447,923.1135,-0.44134521484375,0.14056396484375,0.87530517578125,2.16827392578125,-3.46923828125,0.635528564453125,0.0,4.0,4.0,4.0,4.0,100.0,event
10:34:06.364,0.0,0.0,0.0,0.0,0.0,0.0,0.0,0.0,0.0,0.0,0.0,0.0,0.0,0.0,0.0,0.0,0.0,0.0,0.0,0.0,867.50916,779.2674,805.4579,1628.2417,885.64105,-0.44134521484375,0.14056396484375,0.87530517578125,2.16827392578125,-3.46923828125,0.635528564453125,0.0,4.0,4.0,4.0,4.0,100.0,event
10:34:06.365,0.0,0.0,0.0,0.0,0.0,0.0,0.0,0.0,0.0,0.0,0.0,0.0,0.0,0.0,0.0,0.0,0.0,0.0,0.0,0.0,836.08057,778.86444,800.2198,1628.6447,720.4396,-0.44134521484375,0.14056396484375,0.87530517578125,2.16827392578125,-3.46923828125,0.635528564453125,0.0,4.0,4.0,4.0,4.0,100.0,event
10:34:06.366,0.0,0.0,0.0,0.0,0.0,0.0,0.0,0.0,0.0,0.0,0.0,0.0,0.0,0.0,0.0,0.0,0.0,0.0,0.0,0.0,790.9524,772.8205,800.6227,1628.2417,697.47253,-0.44134521484375,0.14056396484375,0.87530517578125,2.16827392578125,-3.46923828125,0.635528564453125,0.0,4.0,4.0,4.0,4.0,100.0,event
10:34:06.367,0.0,0.0,0.0,0.0,0.0,0.0,0.0,0.0,0.0,0.0,0.0,0.0,0.0,0.0,0.0,0.0,0.0,0.0,0.0,0.0,787.326,770.80585,808.2784,1628.6447,874.7619,-0.44134521484375,0.14056396484375,0.87530517578125,2.16827392578125,-3.46923828125,0.635528564453125,0.0,4.0,4.0,4.0,4.0,100.0,event
10:34:06.368,0.0,0.0,0.0,0.0,0.0,0.0,0.0,0.0,0.0,0.0,0.0,0.0,0.0,0.0,0.0,0.0,0.0,0.0,0.0,0.0,824.3956,776.8498,807.8755,1628.2417,874.7619,-0.44134521484375,0.14056396484375,0.87530517578125,2.16827392578125,-3.46923828125,0.635528564453125,0.0,4.0,4.0,4.0,4.0,100.0,event
10:34:06.370,0.0,0.0,0.0,0.0,0.0,0.0,0.0,0.0,0.0,0.0,0.0,0.0,0.0,0.0,0.0,0.0,0.0,0.0,0.0,0.0,871.13556,781.685,804.2491,1629.0476,795.38464,-0.44134521484375,0.14056396484375,0.87530517578125,2.16827392578125,-3.46923828125,0.635528564453125,0.0,4.0,4.0,4.0,4.0,100.0,event
10:34:06.371,0.0,0.0,0.0,0.0,0.0,0.0,0.0,0.0,0.0,0.0,0.0,0.0,0.0,0.0,0.0,0.0,0.0,0.0,0.0,0.0,848.1685,779.67035,803.44324,1625.8242,794.9817,-0.44134521484375,0.14056396484375,0.87530517578125,2.16827392578125,-3.46923828125,0.635528564453125,0.0,4.0,4.0,4.0,4.0,100.0,event
10:34:06.372,0.0,0.0,0.0,0.0,0.0,0.0,0.0,0.0,0.0,0.0,0.0,0.0,0.0,0.0,0.0,0.0,0.0,0.0,0.0,0.0,802.6374,783.2967,798.20514,1629.0476,940.4396,-0.44134521484375,0.14056396484375,0.87530517578125,2.16827392578125,-3.46923828125,0.635528564453125,0.0,4.0,4.0,4.0,4.0,100.0,event
10:34:06.372,0.0,0.0,0.0,0.0,0.0,0.0,0.0,0.0,0.0,0.0,0.0,0.0,0.0,0.0,0.0,0.0,0.0,0.0,0.0,0.0,795.38464,779.67035,803.0403,1625.0183,995.64105,-0.44134521484375,0.14056396484375,0.87530517578125,2.16827392578125,-3.46923828125,0.635528564453125,0.0,4.0,4.0,4.0,4.0,100.0,event
10:34:06.373,0.0,0.0,0.0,0.0,0.0,0.0,0.0,0.0,0.0,0.0,0.0,0.0,0.0,0.0,0.0,0.0,0.0,0.0,0.0,0.0,834.0659,781.685,795.78754,1628.2417,663.6264,-0.44134521484375,0.14056396484375,0.87530517578125,2.16827392578125,-3.46923828125,0.635528564453125,0.0,4.0,4.0,4.0,4.0,100.0,event
10:34:06.408,0.0,0.0,0.0,0.0,0.0,0.0,0.0,0.0,0.0,0.0,0.0,0.0,0.0,0.0,0.0,0.0,0.0,0.0,0.0,0.0,863.0769,777.25275,803.8461,1628.2417,740.989,-0.43621826171875,0.142333984375,0.87786865234375,2.071075439453125,-3.925323486328125,0.396270751953125,0.0,4.0,4.0,4.0,4.0,100.0,event
10:34:06.409,0.0,0.0,0.0,0.0,0.0,0.0,0.0,0.0,0.0,0.0,0.0,0.0,0.0,0.0,0.0,0.0,0.0,0.0,0.0,0.0,850.18317,780.07324,808.68134,1628.2417,856.2271,-0.43621826171875,0.142333984375,0.87786865234375,2.071075439453125,-3.925323486328125,0.396270751953125,0.0,4.0,4.0,4.0,4.0,100.0,event
10:34:06.409,0.0,0.0,0.0,0.0,0.0,0.0,0.0,0.0,0.0,0.0,0.0,0.0,0.0,0.0,0.0,0.0,0.0,0.0,0.0,0.0,807.47253,784.5055,806.6667,1628.6447,726.08057,-0.43621826171875,0.142333984375,0.87786865234375,2.071075439453125,-3.925323486328125,0.396270751953125,0.0,4.0,4.0,4.0,4.0,100.0,event
10:34:06.410,0.0,0.0,0.0,0.0,0.0,0.0,0.0,0.0,0.0,0.0,0.0,0.0,0.0,0.0,0.0,0.0,0.0,0.0,0.0,0.0,800.2198,782.49084,804.65204,1628.6447,655.16486,-0.43621826171875,0.142333984375,0.87786865234375,2.071075439453125,-3.925323486328125,0.396270751953125,0.0,4.0,4.0,4.0,4.0,100.0,event
10:34:06.411,0.0,0.0,0.0,0.0,0.0,0.0,0.0,0.0,0.0,0.0,0.0,0.0,0.0,0.0,0.0,0.0,0.0,0.0,0.0,0.0,830.0366,780.07324,804.65204,1631.0623,694.2491,-0.43621826171875,0.142333984375,0.87786865234375,2.071075439453125,-3.925323486328125,0.396270751953125,0.0,4.0,4.0,4.0,4.0,100.0,event
10:34:06.411,0.0,0.0,0.0,0.0,0.0,0.0,0.0,0.0,0.0,0.0,0.0,0.0,0.0,0.0,0.0,0.0,0.0,0.0,0.0,0.0,865.09155,780.4762,798.60803,1622.1978,867.9121,-0.43621826171875,0.142333984375,0.87786865234375,2.071075439453125,-3.925323486328125,0.396270751953125,0.0,4.0,4.0,4.0,4.0,100.0,event
10:34:06.412,0.0,0.0,0.0,0.0,0.0,0.0,0.0,0.0,0.0,0.0,0.0,0.0,0.0,0.0,0.0,0.0,0.0,0.0,0.0,0.0,859.85345,783.2967,794.9817,1616.5568,907.3993,-0.43621826171875,0.142333984375,0.87786865234375,2.071075439453125,-3.925323486328125,0.396270751953125,0.0,4.0,4.0,4.0,4.0,100.0,event
10:34:06.412,0.0,0.0,0.0,0.0,0.0,0.0,0.0,0.0,0.0,0.0,0.0,0.0,0.0,0.0,0.0,0.0,0.0,0.0,0.0,0.0,809.4872,781.28204,801.02563,2.8205128,763.1502,-0.43621826171875,0.142333984375,0.87786865234375,2.071075439453125,-3.925323486328125,0.396270751953125,0.0,4.0,4.0,4.0,4.0,100.0,event
10:34:06.416,0.0,0.0,0.0,0.0,0.0,0.0,0.0,0.0,0.0,0.0,0.0,0.0,0.0,0.0,0.0,0.0,0.0,0.0,0.0,0.0,784.10254,777.25275,806.6667,1235.7876,791.3553,-0.43621826171875,0.142333984375,0.87786865234375,2.071075439453125,-3.925323486328125,0.396270751953125,0.0,4.0,4.0,4.0,4.0,100.0,event
10:34:06.416,0.0,0.0,0.0,0.0,0.0,0.0,0.0,0.0,0.0,0.0,0.0,0.0,0.0,0.0,0.0,0.0,0.0,0.0,0.0,0.0,815.9341,777.6557,803.0403,772.01465,986.77655,-0.43621826171875,0.142333984375,0.87786865234375,2.071075439453125,-3.925323486328125,0.396270751953125,0.0,4.0,4.0,4.0,4.0,100.0,event
10:34:06.417,0.0,0.0,0.0,0.0,0.0,0.0,0.0,0.0,0.0,0.0,0.0,0.0,0.0,0.0,0.0,0.0,0.0,0.0,0.0,0.0,861.06226,780.4762,804.2491,778.46155,853.00366,-0.43621826171875,0.142333984375,0.87786865234375,2.071075439453125,-3.925323486328125,0.396270751953125,0.0,4.0,4.0,4.0,4.0,100.0,event
10:34:06.418,0.0,0.0,0.0,0.0,0.0,0.0,0.0,0.0,0.0,0.0,0.0,0.0,0.0,0.0,0.0,0.0,0.0,0.0,0.0,0.0,859.45056,782.8938,807.0696,494.3956,692.23444,-0.43621826171875,0.142333984375,0.87786865234375,2.071075439453125,-3.925323486328125,0.396270751953125,0.0,4.0,4.0,4.0,4.0,100.0,event
