TimeStamp,X,Y,Event
15:38:46.6478,632.2,565.4,fixation
15:38:46.6483,629.7,566.5,fixation
15:38:46.6488,628.1,566.7,fixation
15:38:46.6493,626.4,565.8,fixation
15:38:46.6498,628.6,565.2,fixation
15:38:46.6503,630.6,567.4,fixation
15:38:46.6508,632.2,570.0,fixation
15:38:46.6513,631.2,570.3,fixation
15:38:46.6518,630.4,567.0,fixation
15:38:46.6523,629.9,563.6,fixation
15:38:46.6528,629.9,562.0,fixation
15:38:46.6533,629.8,561.0,fixation
15:38:46.6538,630.0,560.0,fixation
15:38:46.6543,631.0,559.6,fixation
15:38:46.6548,631.9,559.5,fixation
15:38:46.6553,632.6,559.5,fixation
15:38:46.6558,632.3,563.2,fixation
15:38:46.6563,631.5,567.1,fixation
15:38:46.6568,630.8,570.6,fixation
15:38:46.6573,630.6,570.2,fixation
15:38:46.6578,631.3,570.1,fixation
15:38:46.6583,631.8,570.3,fixation
15:38:46.6588,632.5,568.2,fixation
15:38:46.6593,633.0,565.9,fixation
15:38:46.6598,633.7,564.6,fixation
15:38:46.6603,634.0,565.5,fixation
15:38:46.6608,631.4,564.0,fixation
15:38:46.6613,628.2,561.6,fixation
15:38:46.6618,624.8,561.5,fixation
15:38:46.6623,627.0,564.1,fixation
15:38:46.6628,629.3,566.7,fixation
15:38:46.6633,631.4,566.9,fixation
15:38:46.6638,630.6,567.2,fixation
15:38:46.6643,630.1,567.5,fixation
15:38:46.6648,630.2,566.9,fixation
15:38:46.6653,631.0,566.0,fixation
15:38:46.6658,631.6,567.3,fixation
15:38:46.6663,631.9,569.6,fixation
15:38:46.6668,631.8,572.2,fixation
15:38:46.6673,633.5,572.5,fixation
15:38:46.6678,635.2,572.9,fixation
15:38:46.6683,635.4,572.9,fixation
15:38:46.6688,634.2,572.8,fixation
15:38:46.6693,633.0,572.6,fixation
15:38:46.6698,633.3,572.0,fixation
15:38:46.6703,633.1,571.4,fixation
15:38:46.6708,631.0,570.8,fixation
15:38:46.6713,628.9,570.3,fixation
15:38:46.6718,626.7,569.8,fixation
15:38:46.6723,626.5,569.4,fixation
15:38:46.6728,626.4,569.0,fixation
15:38:46.6733,629.1,568.4,fixation
15:38:46.6738,631.9,566.8,fixation
15:38:46.6743,632.3,565.3,fixation
15:38:46.6748,630.0,564.1,fixation
15:38:46.6753,630.1,564.0,fixation
15:38:46.6758,632.6,563.8,fixation
15:38:46.6763,634.7,563.7,fixation
15:38:46.6768,634.3,562.8,fixation
15:38:46.6773,633.7,562.1,fixation
15:38:46.6778,633.2,561.8,fixation
15:38:46.6783,633.0,562.7,fixation
15:38:46.6788,632.7,565.1,fixation
15:38:46.6793,631.2,566.9,fixation
15:38:46.6798,630.2,567.3,fixation
15:38:46.6803,629.6,566.2,fixation
15:38:46.6808,630.8,565.7,fixation
15:38:46.6813,631.5,566.9,fixation
15:38:46.6818,632.0,567.2,fixation
15:38:46.6823,632.1,565.9,fixation
15:38:46.6828,631.8,564.6,fixation
15:38:46.6833,631.4,564.9,fixation
15:38:46.6838,632.1,566.3,fixation
15:38:46.6843,633.3,567.5,fixation
15:38:46.6848,632.1,568.1,fixation
15:38:46.6853,630.0,565.6,fixation
15:38:46.6858,627.9,562.7,fixation
15:38:46.6863,629.4,562.1,fixation
15:38:46.6868,630.7,564.4,fixation
15:38:46.6873,631.3,566.7,fixation
15:38:46.6878,630.6,567.7,fixation
15:38:46.6883,629.7,568.6,fixation
15:38:46.6888,629.4,569.5,fixation
15:38:46.6893,629.8,569.1,fixation
15:38:46.6898,630.5,568.2,fixation
15:38:46.6903,630.7,567.2,fixation
15:38:46.6908,629.7,566.4,fixation
15:38:46.6913,628.2,566.3,fixation
15:38:46.6918,626.7,566.8,fixation
15:38:46.6923,625.7,567.7,fixation
15:38:46.6928,626.8,568.5,fixation
15:38:46.6933,628.4,569.1,fixation
15:38:46.6938,630.0,569.4,fixation
15:38:46.6943,629.3,569.5,fixation
15:38:46.6948,628.7,569.5,fixation
15:38:46.6953,628.2,567.3,fixation
15:38:46.6958,628.4,565.0,fixation
15:38:46.6963,628.8,564.8,fixation
15:38:46.6968,629.0,566.8,fixation
15:38:46.6973,629.2,569.0,fixation
15:38:46.6978,631.3,569.3,fixation
15:38:46.6983,633.4,569.5,fixation
15:38:46.6988,633.9,569.5,fixation
15:38:46.6993,632.3,569.4,fixation
15:38:46.6998,630.4,569.3,fixation
15:38:46.7003,629.7,569.1,fixation
15:38:46.7008,629.7,567.0,fixation
15:38:46.7013,630.3,565.0,fixation
15:38:46.7018,631.3,563.0,fixation
15:38:46.7023,631.3,563.5,fixation
15:38:46.7028,630.7,563.9,fixation
15:38:46.7033,630.0,564.5,fixation
15:38:46.7038,629.6,565.0,fixation
15:38:46.7043,629.3,565.5,fixation
15:38:46.7048,629.0,565.5,fixation
15:38:46.7053,628.7,565.0,fixation
15:38:46.7058,628.5,564.6,fixation
15:38:46.7063,628.3,564.4,fixation
15:38:46.7068,628.1,563.6,fixation
15:38:46.7073,628.1,562.6,fixation
15:38:46.7078,628.3,561.6,fixation
15:38:46.7083,628.7,563.0,fixation
15:38:46.7088,629.0,564.9,fixation
15:38:46.7093,629.1,566.8,fixation
15:38:46.7098,630.3,567.2,fixation
15:38:46.7103,632.0,569.6,fixation
15:38:46.7108,633.8,571.9,fixation
15:38:46.7113,634.2,574.0,fixation
15:38:46.7118,634.4,572.5,fixation
15:38:46.7123,634.6,571.0,fixation
15:38:46.7128,633.2,569.6,fixation
15:38:46.7133,630.7,567.4,fixation
15:38:46.7138,628.2,565.2,fixation
15:38:46.7143,627.3,563.1,fixation
15:38:46.7148,627.6,563.1,fixation
15:38:46.7153,628.8,563.1,fixation
15:38:46.7158,630.1,565.1,fixation
15:38:46.7163,630.3,567.2,fixation
15:38:46.7168,629.0,569.4,fixation
15:38:46.7173,627.2,570.3,fixation
15:38:46.7178,626.4,570.9,fixation
15:38:46.7183,626.6,569.9,fixation
15:38:46.7188,626.3,567.4,fixation
15:38:46.7193,626.0,565.0,fixation
15:38:46.7198,625.6,564.5,fixation
15:38:46.7203,625.7,564.9,fixation
15:38:46.7208,625.9,565.0,fixation
15:38:46.7213,626.2,564.9,fixation
15:38:46.7218,627.9,566.0,fixation
15:38:46.7223,629.5,567.6,fixation
15:38:46.7228,631.1,568.2,fixation
15:38:46.7233,630.7,568.2,fixation
15:38:46.7238,630.0,567.9,fixation
15:38:46.7243,630.8,569.0,fixation
15:38:46.7248,632.3,569.7,fixation
15:38:46.7253,632.5,570.0,fixation
15:38:46.7258,631.2,570.0,fixation
15:38:46.7263,629.9,570.0,fixation
15:38:46.7268,630.0,570.1,fixation
15:38:46.7273,630.1,570.5,fixation
15:38:46.7278,630.1,570.8,fixation
15:38:46.7283,630.3,570.8,fixation
15:38:46.7288,630.4,570.3,fixation
15:38:46.7293,630.3,568.2,fixation
15:38:46.7298,630.1,566.3,fixation
15:38:46.7303,630.4,566.6,fixation
15:38:46.7308,631.1,568.5,fixation
15:38:46.7313,631.7,571.4,fixation
15:38:46.7318,633.7,573.3,fixation
15:38:46.7323,635.5,575.2,fixation
15:38:46.7328,637.4,572.7,fixation
15:38:46.7333,637.2,568.0,fixation
15:38:46.7338,633.6,563.2,fixation
15:38:46.7343,630.0,562.9,fixation
15:38:46.7348,627.7,565.4,fixation
15:38:46.7353,628.8,568.2,fixation
15:38:46.7358,628.6,569.2,fixation
15:38:46.7363,627.2,568.7,fixation
15:38:46.7368,626.7,568.2,fixation
15:38:46.7373,627.7,566.5,fixation
15:38:46.7378,627.6,564.6,fixation
15:38:46.7383,626.5,565.5,fixation
15:38:46.7388,626.1,568.2,fixation
15:38:46.7393,629.3,574.0,fixation
15:38:46.7398,631.8,577.0,fixation
15:38:46.7403,633.1,573.2,fixation
15:38:46.7408,632.2,566.4,fixation
15:38:46.7413,631.9,562.6,fixation
15:38:46.7418,631.9,565.7,fixation
15:38:46.7423,631.5,568.5,fixation
15:38:46.7428,631.1,568.3,fixation
15:38:46.7433,630.5,568.0,fixation
15:38:46.7438,630.2,567.9,fixation
15:38:46.7443,630.2,567.5,fixation
15:38:46.7448,630.9,567.2,fixation
15:38:46.7453,631.9,564.2,fixation
15:38:46.7458,632.0,561.3,fixation
15:38:46.7463,630.6,561.1,fixation
15:38:46.7468,629.1,563.5,fixation
15:38:46.7473,628.2,568.2,fixation
15:38:46.7478,628.4,570.2,fixation
15:38:46.7483,628.3,572.1,fixation
15:38:46.7488,628.5,572.7,fixation
15:38:46.7493,629.3,573.6,fixation
15:38:46.7498,631.2,575.4,fixation
15:38:46.7503,632.7,576.3,fixation
15:38:46.7508,635.3,577.1,fixation
15:38:46.7513,637.2,577.1,fixation
15:38:46.7518,637.3,577.1,fixation
15:38:46.7523,635.8,576.1,fixation
15:38:46.7528,634.2,575.3,fixation
15:38:46.7533,634.3,574.6,fixation
15:38:46.7538,632.7,574.8,fixation
15:38:46.7543,631.2,574.7,fixation
15:38:46.7548,629.6,574.3,fixation
15:38:46.7553,629.6,575.0,fixation
15:38:46.7558,629.7,575.8,fixation
15:38:46.7563,630.0,577.1,fixation
15:38:46.7568,631.8,577.3,fixation
15:38:46.7573,633.6,576.2,fixation
15:38:46.7578,635.2,574.8,fixation
15:38:46.7583,633.2,573.4,fixation
15:38:46.7588,631.2,573.4,fixation
15:38:46.7593,629.3,572.2,fixation
15:38:46.7598,629.5,569.6,fixation
15:38:46.7603,630.1,566.9,fixation
15:38:46.7608,630.5,565.1,fixation
15:38:46.7613,630.9,564.6,fixation
15:38:46.7618,631.5,565.6,fixation
15:38:46.7623,632.0,567.0,fixation
15:38:46.7628,632.9,568.3,fixation
15:38:46.7633,633.3,569.0,fixation
15:38:46.7638,633.7,570.4,fixation
15:38:46.7643,633.5,572.3,fixation
15:38:46.7648,633.4,573.5,fixation
15:38:46.7653,633.5,573.6,fixation
15:38:46.7658,634.0,570.0,fixation
15:38:46.7663,634.3,566.4,fixation
15:38:46.7668,634.4,565.5,fixation
15:38:46.7673,632.1,567.8,fixation
15:38:46.7678,629.6,570.1,fixation
15:38:46.7683,627.5,568.1,fixation
15:38:46.7688,628.1,566.1,fixation
15:38:46.7693,628.7,563.3,fixation
15:38:46.7698,629.5,562.5,fixation
15:38:46.7703,629.3,567.0,fixation
15:38:46.7708,629.0,572.2,fixation
15:38:46.7713,630.6,577.2,fixation
15:38:46.7718,632.7,576.9,fixation
15:38:46.7723,635.9,575.2,fixation
15:38:46.7728,637.2,572.1,fixation
15:38:46.7733,637.9,567.6,fixation
15:38:46.7738,637.6,564.5,fixation
15:38:46.7743,636.9,566.6,fixation
15:38:46.7748,637.0,570.3,fixation
15:38:46.7753,637.0,573.0,fixation
15:38:46.7758,635.1,571.8,fixation
15:38:46.7763,632.3,570.2,fixation
15:38:46.7768,629.4,569.2,fixation
15:38:46.7773,629.1,564.9,fixation
15:38:46.7778,630.8,561.2,fixation
15:38:46.7783,632.4,559.2,fixation
15:38:46.7788,632.6,560.6,fixation
15:38:46.7793,631.4,561.9,fixation
15:38:46.7798,630.2,563.9,fixation
15:38:46.7803,630.2,567.5,fixation
15:38:46.7808,632.5,571.0,fixation
15:38:46.7813,634.8,572.6,fixation
15:38:46.7818,636.7,572.4,fixation
15:38:46.7823,635.9,572.1,fixation
15:38:46.7828,633.9,570.8,fixation
15:38:46.7833,631.2,569.6,fixation
15:38:46.7838,628.8,570.0,fixation
15:38:46.7843,629.4,571.2,fixation
15:38:46.7848,631.2,572.5,fixation
15:38:46.7853,633.7,572.5,fixation
15:38:46.7858,634.3,572.5,fixation
15:38:46.7863,635.5,572.7,fixation
15:38:46.7868,636.4,573.7,fixation
15:38:46.7873,637.3,574.7,fixation
15:38:46.7878,637.2,575.5,fixation
15:38:46.7883,636.9,575.3,fixation
15:38:46.7888,636.6,572.7,fixation
15:38:46.7893,636.5,570.1,fixation
15:38:46.7898,635.8,567.8,fixation
15:38:46.7903,633.9,568.1,fixation
15:38:46.7908,632.1,568.4,fixation
15:38:46.7913,630.7,567.9,fixation
15:38:46.7918,630.5,567.5,fixation
15:38:46.7923,630.1,567.3,fixation
15:38:46.7928,629.7,567.7,fixation
15:38:46.7933,629.4,567.4,fixation
15:38:46.7938,629.6,566.8,fixation
15:38:46.7943,630.3,566.4,fixation
15:38:46.7948,630.9,566.9,fixation
15:38:46.7953,631.4,567.4,fixation
15:38:46.7958,631.6,569.2,fixation
15:38:46.7963,632.0,570.8,fixation
15:38:46.7968,632.4,572.6,fixation
15:38:46.7973,632.9,573.0,fixation
15:38:46.7978,633.1,573.4,fixation
15:38:46.7983,634.1,573.2,fixation
15:38:46.7988,635.1,572.5,fixation
15:38:46.7993,634.2,570.1,fixation
15:38:46.7998,632.2,568.1,fixation
15:38:46.8003,631.3,567.1,fixation
15:38:46.8008,632.3,567.7,fixation
15:38:46.8013,632.0,567.8,fixation
15:38:46.8018,630.7,567.2,fixation
15:38:46.8023,630.5,570.0,fixation
15:38:46.8028,631.6,573.5,fixation
15:38:46.8033,632.8,575.0,fixation
15:38:46.8038,633.3,570.5,fixation
15:38:46.8043,633.1,565.9,fixation
15:38:46.8048,632.1,562.5,fixation
15:38:46.8053,630.6,561.7,fixation
15:38:46.8058,629.6,562.7,fixation
15:38:46.8063,629.3,564.5,fixation
15:38:46.8068,630.1,565.2,fixation
15:38:46.8073,631.6,564.1,fixation
15:38:46.8078,632.9,563.1,fixation
15:38:46.8083,633.5,563.2,fixation
15:38:46.8088,631.1,563.0,fixation
15:38:46.8093,628.7,562.6,fixation
15:38:46.8098,630.3,565.2,fixation
15:38:46.8103,634.4,568.1,fixation
15:38:46.8108,638.6,570.1,fixation
15:38:46.8113,636.1,569.3,fixation
15:38:46.8118,633.6,568.7,fixation
15:38:46.8123,630.9,568.8,fixation
15:38:46.8128,630.8,569.1,fixation
15:38:46.8133,629.7,569.1,fixation
15:38:46.8138,628.4,567.5,fixation
15:38:46.8143,627.1,565.7,fixation
15:38:46.8148,626.6,566.5,fixation
15:38:46.8153,626.3,570.6,fixation
15:38:46.8158,626.6,574.7,fixation
15:38:46.8163,627.5,575.6,fixation
15:38:46.8168,628.4,574.4,fixation
15:38:46.8173,628.9,572.4,fixation
15:38:46.8178,630.5,571.2,fixation
15:38:46.8183,631.5,570.1,fixation
15:38:46.8188,632.5,569.3,fixation
15:38:46.8193,631.9,568.7,fixation
15:38:46.8198,632.2,568.6,fixation
15:38:46.8203,632.3,569.0,fixation
15:38:46.8208,632.0,568.4,fixation
15:38:46.8213,631.7,568.1,fixation
15:38:46.8218,632.3,568.2,fixation
15:38:46.8223,633.2,569.7,fixation
15:38:46.8228,634.2,571.0,fixation
15:38:46.8233,635.4,572.2,fixation
15:38:46.8238,635.9,574.5,fixation
15:38:46.8243,635.6,576.6,fixation
15:38:46.8248,634.3,574.0,fixation
15:38:46.8253,633.8,569.6,fixation
15:38:46.8258,635.3,566.7,fixation
15:38:46.8263,636.5,568.3,fixation
15:38:46.8268,637.9,570.0,fixation
15:38:46.8273,638.0,570.6,fixation
15:38:46.8278,636.7,570.9,fixation
15:38:46.8283,635.3,570.4,fixation
15:38:46.8288,634.0,569.8,fixation
15:38:46.8293,634.1,569.1,fixation
15:38:46.8298,634.0,568.4,fixation
15:38:46.8303,633.0,567.2,fixation
15:38:46.8308,632.1,565.9,fixation
15:38:46.8313,631.1,564.6,fixation
15:38:46.8318,631.2,563.3,fixation
15:38:46.8323,631.4,562.2,fixation
15:38:46.8328,631.4,561.7,fixation
15:38:46.8333,631.4,561.7,fixation
15:38:46.8338,631.0,562.6,fixation
15:38:46.8343,631.0,564.5,fixation
15:38:46.8348,632.3,568.2,fixation
15:38:46.8353,633.3,571.0,fixation
15:38:46.8358,634.0,571.9,fixation
15:38:46.8363,633.3,571.1,fixation
15:38:46.8368,632.5,570.6,fixation
15:38:46.8373,632.0,572.6,fixation
15:38:46.8378,631.3,574.3,fixation
15:38:46.8383,630.9,576.4,fixation
15:38:46.8388,631.5,577.8,fixation
15:38:46.8393,632.2,579.2,fixation
15:38:46.8398,633.0,579.6,fixation
15:38:46.8403,633.1,579.1,fixation
15:38:46.8408,633.9,572.5,fixation
15:38:46.8413,631.6,566.0,fixation
15:38:46.8418,628.8,561.4,fixation
15:38:46.8423,627.9,562.3,fixation
15:38:46.8428,630.1,563.3,fixation
15:38:46.8433,631.4,565.9,fixation
15:38:46.8438,630.4,568.8,fixation
15:38:46.8443,629.4,571.4,fixation
15:38:46.8448,629.4,570.8,fixation
15:38:46.8453,630.9,570.5,fixation
15:38:46.8458,634.1,571.3,fixation
15:38:46.8463,637.3,572.2,fixation
15:38:46.8468,639.1,572.4,fixation
15:38:46.8473,639.2,571.9,fixation
15:38:46.8478,638.3,571.2,fixation
15:38:46.8483,636.9,570.2,fixation
15:38:46.8488,635.0,569.1,fixation
15:38:46.8493,633.9,569.1,fixation
15:38:46.8498,633.4,570.1,fixation
15:38:46.8503,633.4,571.1,fixation
15:38:46.8508,633.5,571.1,fixation
15:38:46.8513,633.8,570.9,fixation
15:38:46.8518,634.1,570.6,fixation
15:38:46.8523,634.3,568.3,fixation
15:38:46.8528,633.8,566.2,fixation
15:38:46.8533,633.9,567.0,fixation
15:38:46.8538,634.1,570.0,fixation
15:38:46.8543,634.6,573.0,fixation
15:38:46.8548,632.8,571.4,fixation
15:38:46.8553,631.0,569.5,fixation
15:38:46.8558,629.9,567.1,fixation
15:38:46.8563,631.0,565.8,fixation
15:38:46.8568,631.8,564.5,fixation
15:38:46.8573,631.7,565.3,fixation
15:38:46.8578,632.1,566.8,fixation
15:38:46.8583,632.8,568.2,fixation
15:38:46.8588,634.7,570.8,fixation
15:38:46.8593,636.0,573.3,fixation
15:38:46.8598,637.3,575.8,fixation
15:38:46.8603,635.9,573.4,fixation
15:38:46.8608,634.4,571.0,fixation
15:38:46.8613,633.8,567.4,fixation
15:38:46.8618,634.6,566.8,fixation
15:38:46.8623,635.3,566.3,fixation
15:38:46.8628,635.5,566.9,fixation
15:38:46.8633,635.8,567.0,fixation
15:38:46.8638,636.3,567.5,fixation
15:38:46.8643,636.5,567.9,fixation
15:38:46.8648,634.5,568.2,fixation
15:38:46.8653,632.3,569.9,fixation
15:38:46.8658,631.1,571.7,fixation
15:38:46.8663,632.1,573.3,fixation
15:38:46.8668,633.4,572.8,fixation
15:38:46.8673,633.8,572.8,fixation
15:38:46.8678,634.1,573.4,fixation
15:38:46.8683,633.4,574.2,fixation
15:38:46.8688,632.2,573.4,fixation
15:38:46.8693,631.1,569.8,fixation
15:38:46.8698,632.7,566.3,fixation
15:38:46.8703,634.6,563.6,fixation
15:38:46.8708,636.6,563.3,fixation
15:38:46.8713,636.9,562.4,fixation
15:38:46.8718,636.9,561.9,fixation
15:38:46.8723,636.5,563.4,fixation
15:38:46.8728,635.9,567.2,fixation
15:38:46.8733,634.2,571.0,fixation
15:38:46.8738,632.7,573.3,fixation
15:38:46.8743,630.9,574.1,fixation
15:38:46.8748,630.5,574.9,fixation
15:38:46.8753,630.0,573.9,fixation
15:38:46.8758,629.9,573.1,fixation
15:38:46.8763,630.8,572.3,fixation
15:38:46.8768,632.0,571.9,fixation
15:38:46.8773,633.9,571.6,fixation
15:38:46.8778,634.8,571.2,fixation
15:38:46.8783,635.6,572.3,fixation
15:38:46.8788,635.6,572.6,fixation
15:38:46.8793,633.4,573.3,fixation
15:38:46.8798,631.3,574.1,fixation
15:38:46.8803,630.5,575.0,fixation
15:38:46.8808,631.8,574.5,fixation
15:38:46.8813,633.7,573.5,fixation
15:38:46.8818,634.5,571.0,fixation
15:38:46.8823,634.7,569.9,fixation
15:38:46.8828,634.3,569.3,fixation
15:38:46.8833,635.2,574.4,fixation
15:38:46.8838,636.5,579.1,fixation
15:38:46.8843,638.2,581.4,fixation
15:38:46.8848,638.7,577.7,fixation
15:38:46.8853,638.3,573.6,fixation
15:38:46.8858,636.1,570.8,fixation
15:38:46.8863,633.6,570.6,fixation
15:38:46.8868,632.0,571.1,fixation
15:38:46.8873,631.9,572.1,fixation
15:38:46.8878,631.9,572.6,fixation
15:38:46.8883,631.9,572.9,fixation
15:38:46.8888,632.3,573.1,fixation
15:38:46.8893,632.6,572.7,fixation
15:38:46.8898,633.0,572.3,fixation
15:38:46.8903,633.8,574.2,fixation
15:38:46.8908,634.6,576.1,fixation
15:38:46.8913,634.7,577.8,fixation
15:38:46.8918,633.3,574.7,fixation
15:38:46.8923,632.4,569.0,fixation
15:38:46.8928,632.7,563.6,fixation
15:38:46.8933,633.5,561.7,fixation
15:38:46.8938,634.5,563.0,fixation
15:38:46.8943,635.8,566.0,fixation
15:38:46.8948,637.1,568.7,fixation
15:38:46.8953,638.3,570.8,fixation
15:38:46.8958,638.9,571.2,fixation
15:38:46.8963,639.4,571.2,fixation
15:38:46.8968,639.1,571.2,fixation
15:38:46.8973,636.9,571.1,fixation
15:38:46.8978,634.8,570.8,fixation
15:38:46.8983,632.7,570.5,fixation
15:38:46.8988,633.3,570.8,fixation
15:38:46.8993,634.0,571.7,fixation
15:38:46.8998,634.4,573.6,fixation
15:38:46.9003,631.8,575.0,fixation
15:38:46.9008,629.6,572.2,fixation
15:38:46.9013,629.8,568.5,fixation
15:38:46.9018,631.9,566.0,fixation
15:38:46.9023,634.0,567.3,fixation
15:38:46.9028,634.0,568.5,fixation
15:38:46.9033,634.0,567.9,fixation
15:38:46.9038,634.1,567.3,fixation
15:38:46.9043,634.4,566.7,fixation
15:38:46.9048,634.6,567.7,fixation
15:38:46.9053,634.5,569.5,fixation
15:38:46.9058,634.2,571.3,fixation
15:38:46.9063,633.7,573.6,fixation
15:38:46.9068,633.4,575.2,fixation
15:38:46.9073,633.1,576.4,fixation
15:38:46.9078,633.1,576.0,fixation
15:38:46.9083,634.8,575.4,fixation
15:38:46.9088,636.6,575.1,fixation
15:38:46.9093,637.1,572.7,fixation
15:38:46.9098,635.7,570.4,fixation
15:38:46.9103,634.9,568.2,fixation
15:38:46.9108,635.4,566.9,fixation
15:38:46.9113,636.7,565.7,fixation
15:38:46.9118,637.5,565.2,fixation
15:38:46.9123,636.4,566.6,fixation
15:38:46.9128,634.6,568.6,fixation
15:38:46.9133,632.8,570.0,fixation
15:38:46.9138,633.6,570.8,fixation
15:38:46.9143,634.6,568.8,fixation
15:38:46.9148,635.4,566.5,fixation
15:38:46.9153,635.1,565.9,fixation
15:38:46.9158,634.2,568.2,fixation
15:38:46.9163,633.3,570.5,fixation
15:38:46.9168,632.1,571.0,fixation
15:38:46.9173,631.3,571.9,fixation
15:38:46.9178,630.4,572.7,fixation
15:38:46.9183,630.1,572.7,fixation
15:38:46.9188,630.4,572.1,fixation
15:38:46.9193,632.4,571.8,fixation
15:38:46.9198,635.4,574.4,fixation
15:38:46.9203,637.7,576.7,fixation
15:38:46.9208,638.7,578.9,fixation
15:38:46.9213,638.8,579.1,fixation
15:38:46.9218,637.0,576.2,fixation
15:38:46.9223,635.3,573.0,fixation
15:38:46.9228,634.1,569.9,fixation
15:38:46.9233,634.8,569.1,fixation
15:38:46.9238,633.4,567.4,fixation
15:38:46.9243,630.0,565.9,fixation
15:38:46.9248,626.6,565.5,fixation
15:38:46.9253,625.0,565.4,fixation
15:38:46.9258,625.0,565.4,fixation
15:38:46.9263,627.0,565.1,fixation
15:38:46.9268,629.1,565.8,fixation
15:38:46.9273,630.8,566.2,fixation
15:38:46.9278,630.5,566.4,fixation
15:38:46.9283,630.0,568.4,fixation
15:38:46.9288,629.8,570.5,fixation
15:38:46.9293,629.4,572.6,fixation
15:38:46.9298,629.1,570.5,fixation
15:38:46.9303,628.9,568.3,fixation
15:38:46.9308,628.5,567.9,fixation
15:38:46.9313,628.6,569.7,fixation
15:38:46.9318,629.3,571.5,fixation
15:38:46.9323,630.2,573.0,fixation
15:38:46.9328,630.5,574.4,fixation
15:38:46.9333,629.9,573.0,fixation
15:38:46.9338,629.6,570.3,fixation
15:38:46.9343,629.5,567.5,fixation
15:38:46.9348,629.7,567.9,fixation
15:38:46.9353,628.8,568.3,fixation
15:38:46.9358,627.8,568.6,fixation
15:38:46.9363,627.7,568.6,fixation
15:38:46.9368,629.0,569.7,fixation
15:38:46.9373,630.7,570.9,fixation
15:38:46.9378,630.7,573.2,fixation
15:38:46.9383,630.2,574.6,fixation
15:38:46.9388,629.8,576.0,fixation
15:38:46.9393,630.8,575.9,fixation
15:38:46.9398,631.9,575.1,fixation
15:38:46.9403,632.6,574.3,fixation
15:38:46.9408,632.6,572.7,fixation
15:38:46.9413,632.5,571.7,fixation
15:38:46.9418,632.8,573.8,fixation
15:38:46.9423,632.9,577.0,fixation
15:38:46.9428,632.9,580.7,fixation
15:38:46.9433,632.4,581.1,fixation
15:38:46.9438,633.0,581.3,fixation
15:38:46.9443,633.7,580.8,fixation
15:38:46.9448,631.7,576.6,fixation
15:38:46.9453,629.0,572.7,fixation
15:38:46.9458,627.0,568.4,fixation
15:38:46.9463,627.9,567.8,fixation
15:38:46.9468,629.6,567.4,fixation
15:38:46.9473,630.6,566.8,fixation
15:38:46.9478,631.2,566.0,fixation
15:38:46.9483,630.6,566.7,fixation
15:38:46.9488,629.8,571.3,fixation
15:38:46.9493,629.8,575.8,fixation
15:38:46.9498,630.0,578.6,fixation
15:38:46.9503,630.2,577.7,fixation
15:38:46.9508,627.7,576.3,fixation
15:38:46.9513,625.5,575.1,fixation
15:38:46.9518,624.4,574.6,fixation
15:38:46.9523,626.5,574.7,fixation
15:38:46.9528,628.6,574.8,fixation
15:38:46.9533,630.2,571.2,fixation
15:38:46.9538,631.0,567.6,fixation
15:38:46.9543,632.4,564.9,fixation
15:38:46.9548,633.3,566.0,fixation
15:38:46.9553,634.3,567.1,fixation
15:38:46.9558,634.3,571.5,fixation
15:38:46.9563,631.9,575.6,fixation
15:38:46.9568,629.2,579.1,fixation
15:38:46.9573,627.9,574.8,fixation
15:38:46.9578,628.7,570.5,fixation
15:38:46.9583,629.4,566.3,fixation
15:38:46.9588,630.2,566.1,fixation
15:38:46.9593,631.1,568.4,fixation
15:38:46.9598,631.8,571.1,fixation
15:38:46.9603,631.2,575.1,fixation
15:38:46.9608,630.9,576.3,fixation
15:38:46.9613,630.7,577.3,fixation
15:38:46.9618,629.7,572.2,fixation
15:38:46.9623,628.6,567.3,fixation
15:38:46.9628,628.7,562.2,fixation
15:38:46.9633,629.9,561.8,fixation
15:38:46.9638,630.6,565.5,fixation
15:38:46.9643,630.1,569.6,fixation
15:38:46.9648,629.5,572.4,fixation
15:38:46.9653,629.4,570.9,fixation
15:38:46.9658,629.4,569.6,fixation
15:38:46.9663,629.6,569.8,fixation
15:38:46.9668,629.8,569.9,fixation
15:38:46.9673,630.2,568.4,fixation
15:38:46.9678,630.7,566.8,fixation
15:38:46.9683,631.2,565.3,fixation
15:38:46.9688,631.5,564.6,fixation
15:38:46.9693,631.5,563.9,fixation
15:38:46.9698,631.2,567.1,fixation
15:38:46.9703,630.9,570.9,fixation
15:38:46.9708,630.3,574.0,fixation
15:38:46.9713,630.2,572.8,fixation
15:38:46.9718,630.1,571.1,fixation
15:38:46.9723,628.3,569.7,fixation
15:38:46.9728,626.5,567.7,fixation
15:38:46.9733,627.6,566.3,fixation
15:38:46.9738,629.8,565.7,fixation
15:38:46.9743,631.9,566.6,fixation
15:38:46.9748,631.3,568.1,fixation
15:38:46.9753,631.4,570.0,fixation
15:38:46.9758,631.5,571.6,fixation
15:38:46.9763,630.7,572.2,fixation
15:38:46.9768,630.0,572.0,fixation
15:38:46.9773,629.4,571.7,fixation
15:38:46.9778,629.9,571.5,fixation
15:38:46.9783,630.3,571.4,fixation
15:38:46.9788,631.1,571.8,fixation
15:38:46.9793,631.6,572.4,fixation
15:38:46.9798,631.8,572.8,fixation
15:38:46.9803,631.6,572.6,fixation
15:38:46.9808,631.0,572.9,fixation
15:38:46.9813,630.7,573.3,fixation
15:38:46.9818,630.3,572.7,fixation
15:38:46.9823,630.1,571.5,fixation
15:38:46.9828,629.8,570.3,fixation
15:38:46.9833,632.2,570.4,fixation
15:38:46.9838,634.8,570.6,fixation
15:38:46.9843,636.1,570.6,fixation
15:38:46.9848,634.8,570.3,fixation
15:38:46.9853,633.6,569.7,fixation
15:38:46.9858,633.4,569.1,fixation
15:38:46.9863,632.8,569.0,fixation
15:38:46.9868,631.3,569.2,fixation
15:38:46.9873,630.1,569.5,fixation
15:38:46.9878,629.1,569.6,fixation
15:38:46.9883,629.5,569.6,fixation
15:38:46.9888,630.0,569.7,fixation
15:38:46.9893,630.5,568.7,fixation
15:38:46.9898,630.7,567.6,fixation
15:38:46.9903,630.8,567.9,fixation
15:38:46.9908,630.6,568.6,fixation
15:38:46.9913,630.3,569.4,fixation
15:38:46.9918,630.1,568.5,fixation
15:38:46.9923,630.1,568.2,fixation
15:38:46.9928,630.7,569.6,fixation
15:38:46.9933,631.2,571.3,fixation
15:38:46.9938,631.8,573.0,fixation
15:38:46.9943,631.8,573.3,fixation
15:38:46.9948,631.7,573.7,fixation
15:38:46.9953,631.9,573.9,fixation
15:38:46.9958,632.1,573.9,fixation
15:38:46.9963,632.4,573.9,fixation
15:38:46.9968,631.9,573.9,fixation
15:38:46.9973,631.0,573.7,fixation
15:38:46.9978,630.1,573.4,fixation
15:38:46.9983,630.4,573.3,fixation
15:38:46.9988,631.3,573.6,fixation
15:38:46.9993,632.1,574.1,fixation
15:38:46.9998,630.4,573.3,fixation
15:38:47.0003,628.7,572.0,fixation
15:38:47.0008,629.7,574.3,fixation
15:38:47.0013,632.3,577.9,fixation
15:38:47.0018,634.1,580.7,fixation
15:38:47.0023,632.3,579.4,fixation
15:38:47.0028,630.6,578.1,fixation
15:38:47.0033,630.6,577.4,fixation
15:38:47.0038,631.5,576.9,fixation
15:38:47.0043,633.0,576.0,fixation
15:38:47.0048,634.1,575.4,fixation
15:38:47.0053,635.1,575.0,fixation
15:38:47.0058,633.4,573.9,fixation
15:38:47.0063,631.3,573.0,fixation
15:38:47.0068,628.7,572.2,fixation
15:38:47.0073,627.8,572.5,fixation
15:38:47.0078,626.3,572.0,fixation
15:38:47.0083,625.3,570.8,fixation
15:38:47.0088,624.9,569.7,fixation
15:38:47.0093,627.0,569.4,fixation
15:38:47.0098,629.0,569.6,fixation
15:38:47.0103,630.9,569.9,fixation
15:38:47.0108,630.5,572.7,fixation
15:38:47.0113,629.9,575.6,fixation
15:38:47.0118,629.3,577.6,fixation
15:38:47.0123,629.2,575.9,fixation
15:38:47.0128,630.6,574.5,fixation
15:38:47.0133,632.0,574.4,fixation
15:38:47.0138,632.8,575.0,fixation
15:38:47.0143,632.3,575.3,fixation
15:38:47.0148,632.0,575.1,fixation
15:38:47.0153,632.4,574.8,fixation
15:38:47.0158,632.7,574.6,fixation
15:38:47.0163,632.6,574.5,fixation
15:38:47.0168,632.4,574.3,fixation
15:38:47.0173,632.4,572.3,fixation
15:38:47.0178,631.8,570.4,fixation
15:38:47.0183,630.8,568.4,fixation
15:38:47.0188,629.7,568.3,fixation
15:38:47.0193,630.1,569.2,fixation
15:38:47.0198,630.8,570.1,fixation
15:38:47.0203,631.4,569.9,fixation
15:38:47.0208,630.9,567.4,fixation
15:38:47.0213,630.8,565.0,fixation
15:38:47.0218,631.1,563.0,fixation
15:38:47.0223,629.6,562.0,fixation
15:38:47.0228,627.7,562.6,fixation
15:38:47.0233,626.6,564.1,fixation
15:38:47.0238,629.0,565.8,fixation
15:38:47.0243,631.5,566.0,fixation
15:38:47.0248,632.8,565.0,fixation
15:38:47.0253,632.8,564.0,fixation
15:38:47.0258,633.0,561.8,fixation
15:38:47.0263,633.5,560.5,fixation
15:38:47.0268,633.5,560.9,fixation
15:38:47.0273,632.7,562.3,fixation
15:38:47.0278,632.1,563.8,fixation
15:38:47.0283,631.6,564.2,fixation
15:38:47.0288,630.7,565.2,fixation
15:38:47.0293,629.4,566.3,fixation
15:38:47.0298,627.6,566.8,fixation
15:38:47.0303,627.7,566.2,fixation
15:38:47.0308,627.9,564.8,fixation
15:38:47.0313,629.1,563.4,fixation
15:38:47.0318,629.5,563.1,fixation
15:38:47.0323,629.8,563.7,fixation
15:38:47.0328,630.0,566.0,fixation
15:38:47.0333,630.1,567.0,fixation
15:38:47.0338,630.2,566.9,fixation
15:38:47.0343,630.5,565.0,fixation
15:38:47.0348,630.9,563.8,fixation
15:38:47.0353,631.2,563.5,fixation
15:38:47.0358,631.0,563.0,fixation
15:38:47.0363,630.7,562.5,fixation
15:38:47.0368,630.3,563.0,fixation
15:38:47.0373,629.3,564.9,saccade
15:38:47.0378,628.4,564.8,saccade
15:38:47.0383,627.4,561.2,saccade
15:38:47.0388,626.7,557.7,saccade
15:38:47.0393,627.0,554.1,saccade
15:38:47.0398,626.9,554.1,saccade
15:38:47.0403,627.0,551.0,saccade
15:38:47.0408,626.9,547.8,saccade
15:38:47.0413,627.6,544.7,saccade
15:38:47.0418,628.6,544.7,saccade
15:38:47.0423,630.5,544.8,saccade
15:38:47.0428,632.3,546.2,saccade
15:38:47.0433,632.3,547.6,saccade
15:38:47.0438,630.7,538.7,saccade
15:38:47.0443,629.3,528.5,saccade
15:38:47.0448,628.7,519.3,saccade
15:38:47.0453,629.4,521.2,saccade
15:38:47.0458,629.8,526.3,saccade
15:38:47.0463,630.1,530.5,saccade
15:38:47.0468,628.2,532.0,saccade
15:38:47.0473,626.6,530.3,saccade
15:38:47.0478,625.1,528.6,saccade
15:38:47.0483,624.6,529.9,saccade
15:38:47.0488,624.1,532.6,saccade
15:38:47.0493,623.8,536.6,saccade
15:38:47.0498,624.0,541.7,saccade
15:38:47.0503,624.3,545.3,saccade
15:38:47.0508,624.2,547.4,saccade
15:38:47.0513,623.8,547.3,saccade
15:38:47.0518,624.1,547.6,saccade
15:38:47.0523,624.5,547.3,saccade
15:38:47.0528,625.1,546.4,saccade
15:38:47.0533,624.3,545.1,saccade
15:38:47.0538,622.4,546.6,saccade
15:38:47.0543,620.8,550.7,saccade
15:38:47.0548,619.9,559.3,saccade
15:38:47.0553,620.3,562.1,saccade
15:38:47.0558,620.1,559.5,saccade
15:38:47.0563,619.3,552.4,saccade
15:38:47.0568,618.3,549.2,saccade
15:38:47.0573,617.8,548.4,saccade
15:38:47.0578,618.0,547.6,saccade
15:38:47.0583,616.9,546.8,saccade
15:38:47.0588,615.4,547.9,saccade
15:38:47.0593,613.9,549.0,saccade
15:38:47.0598,613.9,550.2,saccade
15:38:47.0603,616.3,564.7,saccade
15:38:47.0608,618.6,579.2,saccade
15:38:47.0613,619.7,593.9,saccade
15:38:47.0618,619.0,594.3,saccade
15:38:47.0623,617.3,611.0,saccade
15:38:47.0628,616.1,636.6,saccade
15:38:47.0633,615.0,662.1,saccade
15:38:47.0638,618.6,678.8,saccade
15:38:47.0643,621.5,698.7,saccade
15:38:47.0648,637.6,751.9,saccade
15:38:47.0653,644.8,797.9,saccade
15:38:47.0658,653.1,831.8,saccade
15:38:47.0663,659.2,869.5,saccade
15:38:47.0668,679.7,924.5,saccade
15:38:47.0673,700.3,980.1,saccade
15:38:47.0678,736.8,1036.2,saccade
15:38:47.0683,765.1,1086.2,saccade
15:38:47.0688,793.5,1136.7,saccade
15:38:47.0693,671.8,1091.6,saccade
15:38:47.0698,548.4,1049.7,saccade
15:38:47.0703,425.0,1018.6,saccade
15:38:47.0708,417.9,1034.7,saccade
15:38:47.0713,407.1,1057.0,saccade
15:38:47.0718,395.7,1078.9,saccade
15:38:47.0723,375.1,1102.9,saccade
15:38:47.0728,361.0,1127.0,saccade
15:38:47.0733,330.1,1148.6,saccade
15:38:47.0738,309.0,1171.1,saccade
15:38:47.0743,282.2,1196.8,saccade
15:38:47.0748,268.3,1227.4,saccade
15:38:47.0753,255.0,1251.0,saccade
15:38:47.0758,246.9,1273.1,saccade
15:38:47.0763,243.7,1298.3,saccade
15:38:47.0768,241.5,1331.6,saccade
15:38:47.0773,.,.,blink
15:38:47.0778,.,.,blink
15:38:47.0783,.,.,blink
15:38:47.0788,.,.,blink
15:38:47.0793,.,.,blink
15:38:47.0798,.,.,blink
15:38:47.0803,.,.,blink
15:38:47.0808,.,.,blink
15:38:47.0813,.,.,blink
15:38:47.0818,.,.,blink
15:38:47.0823,.,.,blink
15:38:47.0828,.,.,blink
15:38:47.0833,.,.,blink
15:38:47.0838,.,.,blink
15:38:47.0843,.,.,blink
15:38:47.0848,.,.,blink
15:38:47.0853,.,.,blink
15:38:47.0858,.,.,blink
15:38:47.0863,.,.,blink
15:38:47.0868,.,.,blink
15:38:47.0873,.,.,blink
15:38:47.0878,.,.,blink
15:38:47.0883,.,.,blink
15:38:47.0888,.,.,blink
15:38:47.0893,.,.,blink
15:38:47.0898,.,.,blink
15:38:47.0903,.,.,blink
15:38:47.0908,.,.,blink
15:38:47.0913,.,.,blink
15:38:47.0918,.,.,blink
15:38:47.0923,.,.,blink
15:38:47.0928,.,.,blink
15:38:47.0933,.,.,blink
15:38:47.0938,.,.,blink
15:38:47.0943,.,.,blink
15:38:47.0948,.,.,blink
15:38:47.0953,.,.,blink
15:38:47.0958,.,.,blink
15:38:47.0963,.,.,blink
15:38:47.0968,.,.,blink
15:38:47.0973,.,.,blink
15:38:47.0978,.,.,blink
15:38:47.0983,.,.,blink
15:38:47.0988,.,.,blink
15:38:47.0993,.,.,blink
15:38:47.0998,.,.,blink
15:38:47.1003,.,.,blink
15:38:47.1008,.,.,blink
15:38:47.1013,.,.,blink
15:38:47.1018,.,.,blink
15:38:47.1023,.,.,blink
15:38:47.1028,.,.,blink
15:38:47.1033,.,.,blink
15:38:47.1038,.,.,blink
15:38:47.1043,.,.,blink
15:38:47.1048,.,.,blink
15:38:47.1053,.,.,blink
15:38:47.1058,.,.,blink
15:38:47.1063,.,.,blink
15:38:47.1068,.,.,blink
15:38:47.1073,.,.,blink
15:38:47.1078,.,.,blink
15:38:47.1083,.,.,blink
15:38:47.1088,.,.,blink
15:38:47.1093,.,.,blink
15:38:47.1098,.,.,blink
15:38:47.1103,.,.,blink
15:38:47.1108,.,.,blink
15:38:47.1113,.,.,blink
15:38:47.1118,.,.,blink
15:38:47.1123,.,.,blink
15:38:47.1128,.,.,blink
15:38:47.1133,.,.,blink
15:38:47.1138,.,.,blink
15:38:47.1143,.,.,blink
15:38:47.1148,.,.,blink
15:38:47.1153,.,.,blink
15:38:47.1158,.,.,blink
15:38:47.1163,.,.,blink
15:38:47.1168,.,.,blink
15:38:47.1173,.,.,blink
15:38:47.1178,.,.,blink
15:38:47.1183,.,.,blink
15:38:47.1188,.,.,blink
15:38:47.1193,.,.,blink
15:38:47.1198,.,.,blink
15:38:47.1203,.,.,blink
15:38:47.1208,.,.,blink
15:38:47.1213,.,.,blink
15:38:47.1218,.,.,blink
15:38:47.1223,.,.,blink
15:38:47.1228,.,.,blink
15:38:47.1233,.,.,blink
15:38:47.1238,.,.,blink
15:38:47.1243,.,.,blink
15:38:47.1248,.,.,blink
15:38:47.1253,.,.,blink
15:38:47.1258,.,.,blink
15:38:47.1263,.,.,blink
15:38:47.1268,.,.,blink
15:38:47.1273,.,.,blink
15:38:47.1278,.,.,blink
15:38:47.1283,.,.,blink
15:38:47.1288,.,.,blink
15:38:47.1293,.,.,blink
15:38:47.1298,.,.,blink
15:38:47.1303,.,.,blink
15:38:47.1308,.,.,blink
15:38:47.1313,.,.,blink
15:38:47.1318,.,.,blink
15:38:47.1323,.,.,blink
15:38:47.1328,.,.,blink
15:38:47.1333,.,.,blink
15:38:47.1338,.,.,blink
15:38:47.1343,.,.,blink
15:38:47.1348,.,.,blink
15:38:47.1353,.,.,blink
15:38:47.1358,.,.,blink
15:38:47.1363,.,.,blink
15:38:47.1368,.,.,blink
15:38:47.1373,.,.,blink
15:38:47.1378,.,.,blink
15:38:47.1383,.,.,blink
15:38:47.1388,.,.,blink
15:38:47.1393,.,.,blink
15:38:47.1398,.,.,blink
15:38:47.1403,.,.,blink
15:38:47.1408,.,.,blink
15:38:47.1413,.,.,blink
15:38:47.1418,.,.,blink
15:38:47.1423,.,.,blink
15:38:47.1428,.,.,blink
15:38:47.1433,.,.,blink
15:38:47.1438,.,.,blink
15:38:47.1443,.,.,blink
15:38:47.1448,.,.,blink
15:38:47.1453,.,.,blink
15:38:47.1458,.,.,blink
15:38:47.1463,.,.,blink
15:38:47.1468,.,.,blink
15:38:47.1473,.,.,blink
15:38:47.1478,.,.,blink
15:38:47.1483,.,.,blink
15:38:47.1488,.,.,blink
15:38:47.1493,.,.,blink
15:38:47.1498,.,.,blink
15:38:47.1503,.,.,blink
15:38:47.1508,.,.,blink
15:38:47.1513,.,.,blink
15:38:47.1518,.,.,blink
15:38:47.1523,.,.,blink
15:38:47.1528,.,.,blink
15:38:47.1533,.,.,blink
15:38:47.1538,.,.,blink
15:38:47.1543,.,.,blink
15:38:47.1548,.,.,blink
15:38:47.1553,.,.,blink
15:38:47.1558,.,.,blink
15:38:47.1563,.,.,blink
15:38:47.1568,.,.,blink
15:38:47.1573,.,.,blink
15:38:47.1578,.,.,blink
15:38:47.1583,.,.,blink
15:38:47.1588,.,.,blink
15:38:47.1593,.,.,blink
15:38:47.1598,.,.,blink
15:38:47.1603,.,.,blink
15:38:47.1608,.,.,blink
15:38:47.1613,.,.,blink
15:38:47.1618,.,.,blink
15:38:47.1623,.,.,blink
15:38:47.1628,.,.,blink
15:38:47.1633,.,.,blink
15:38:47.1638,.,.,blink
15:38:47.1643,.,.,blink
15:38:47.1648,.,.,blink
15:38:47.1653,.,.,blink
15:38:47.1658,.,.,blink
15:38:47.1663,.,.,blink
15:38:47.1668,.,.,blink
15:38:47.1673,.,.,blink
15:38:47.1678,.,.,blink
15:38:47.1683,.,.,blink
15:38:47.1688,.,.,blink
15:38:47.1693,.,.,blink
15:38:47.1698,.,.,blink
15:38:47.1703,.,.,blink
15:38:47.1708,.,.,blink
15:38:47.1713,.,.,blink
15:38:47.1718,.,.,blink
15:38:47.1723,.,.,blink
15:38:47.1728,.,.,blink
15:38:47.1733,.,.,blink
15:38:47.1738,.,.,blink
15:38:47.1743,.,.,blink
15:38:47.1748,.,.,blink
15:38:47.1753,.,.,blink
15:38:47.1758,.,.,blink
15:38:47.1763,.,.,blink
15:38:47.1768,.,.,blink
15:38:47.1773,.,.,blink
15:38:47.1778,.,.,blink
15:38:47.1783,.,.,blink
15:38:47.1788,.,.,blink
15:38:47.1793,.,.,blink
15:38:47.1798,.,.,blink
15:38:47.1803,.,.,blink
15:38:47.1808,.,.,blink
15:38:47.1813,.,.,blink
15:38:47.1818,.,.,blink
15:38:47.1823,.,.,blink
15:38:47.1828,.,.,blink
15:38:47.1833,.,.,blink
15:38:47.1838,.,.,blink
15:38:47.1843,.,.,blink
15:38:47.1848,.,.,blink
15:38:47.1853,.,.,blink
15:38:47.1858,.,.,blink
15:38:47.1863,.,.,blink
15:38:47.1868,.,.,blink
15:38:47.1873,.,.,blink
15:38:47.1878,.,.,blink
15:38:47.1883,.,.,blink
15:38:47.1888,.,.,blink
15:38:47.1893,.,.,blink
15:38:47.1898,.,.,blink
15:38:47.1903,.,.,blink
15:38:47.1908,.,.,blink
15:38:47.1913,.,.,blink
15:38:47.1918,.,.,blink
15:38:47.1923,.,.,blink
15:38:47.1928,.,.,blink
15:38:47.1933,.,.,blink
15:38:47.1938,.,.,blink
15:38:47.1943,.,.,blink
15:38:47.1948,.,.,blink
15:38:47.1953,.,.,blink
15:38:47.1958,687.3,891.3,fixation
15:38:47.1963,686.7,890.3,fixation
15:38:47.1968,686.0,888.9,fixation
15:38:47.1973,685.2,888.3,fixation
15:38:47.1978,686.1,889.5,fixation
15:38:47.1983,687.2,887.7,fixation
15:38:47.1988,688.1,885.4,fixation
15:38:47.1993,688.6,881.2,fixation
15:38:47.1998,688.9,881.5,fixation
15:38:47.2003,689.4,882.2,fixation
15:38:47.2008,689.2,885.3,fixation
15:38:47.2013,689.3,887.4,fixation
15:38:47.2018,688.9,890.5,fixation
15:38:47.2023,688.6,891.4,fixation
15:38:47.2028,688.4,891.2,fixation
15:38:47.2033,686.3,888.6,fixation
15:38:47.2038,684.4,885.2,fixation
15:38:47.2043,685.8,883.4,fixation
15:38:47.2048,689.5,883.0,fixation
15:38:47.2053,691.6,883.1,fixation
15:38:47.2058,690.4,880.6,fixation
15:38:47.2063,690.7,878.3,fixation
15:38:47.2068,692.5,876.0,fixation
15:38:47.2073,693.9,876.0,fixation
15:38:47.2078,693.6,876.0,fixation
15:38:47.2083,693.4,875.5,fixation
15:38:47.2088,693.9,875.2,fixation
15:38:47.2093,694.3,875.1,fixation
15:38:47.2098,693.8,876.5,fixation
15:38:47.2103,692.7,880.5,fixation
15:38:47.2108,691.2,884.4,fixation
15:38:47.2113,690.6,886.6,fixation
15:38:47.2118,690.0,885.4,fixation
15:38:47.2123,689.6,883.6,fixation
15:38:47.2128,689.2,881.8,fixation
15:38:47.2133,689.4,879.8,fixation
15:38:47.2138,690.2,877.6,fixation
15:38:47.2143,692.6,875.3,fixation
15:38:47.2148,694.7,872.9,fixation
15:38:47.2153,694.1,871.0,fixation
15:38:47.2158,691.3,874.5,fixation
15:38:47.2163,690.8,879.1,fixation
15:38:47.2168,692.8,882.1,fixation
15:38:47.2173,695.4,878.7,fixation
15:38:47.2178,696.4,875.2,fixation
15:38:47.2183,697.1,877.9,fixation
15:38:47.2188,696.5,882.4,fixation
15:38:47.2193,695.3,882.2,fixation
15:38:47.2198,694.9,877.0,fixation
15:38:47.2203,696.0,872.0,fixation
15:38:47.2208,696.8,870.6,fixation
15:38:47.2213,696.9,869.8,fixation
15:38:47.2218,696.8,868.9,fixation
15:38:47.2223,696.7,869.0,fixation
15:38:47.2228,697.0,869.2,fixation
15:38:47.2233,696.8,869.6,fixation
15:38:47.2238,696.5,870.0,fixation
15:38:47.2243,696.7,869.4,fixation
15:38:47.2248,697.5,867.6,fixation
15:38:47.2253,698.2,865.9,fixation
15:38:47.2258,697.6,868.2,fixation
15:38:47.2263,696.8,872.0,fixation
15:38:47.2268,696.0,875.7,fixation
15:38:47.2273,695.9,875.7,fixation
15:38:47.2278,696.1,875.2,fixation
15:38:47.2283,696.4,874.2,fixation
15:38:47.2288,696.8,873.2,fixation
15:38:47.2293,696.9,872.1,fixation
15:38:47.2298,697.6,870.6,fixation
15:38:47.2303,698.3,869.7,fixation
15:38:47.2308,698.6,872.6,fixation
15:38:47.2313,698.4,876.0,fixation
15:38:47.2318,697.9,878.8,fixation
15:38:47.2323,698.1,873.2,fixation
15:38:47.2328,700.6,868.4,fixation
15:38:47.2333,703.3,865.0,fixation
15:38:47.2338,703.9,865.8,fixation
15:38:47.2343,702.1,867.3,fixation
15:38:47.2348,700.4,868.7,fixation
15:38:47.2353,698.9,871.2,fixation
15:38:47.2358,697.6,872.9,fixation
15:38:47.2363,696.3,873.0,fixation
15:38:47.2368,696.3,872.2,fixation
15:38:47.2373,698.1,871.6,fixation
15:38:47.2378,699.8,871.7,fixation
15:38:47.2383,701.5,873.3,fixation
15:38:47.2388,701.3,876.2,fixation
15:38:47.2393,698.7,878.8,fixation
15:38:47.2398,696.3,880.3,fixation
15:38:47.2403,693.9,880.4,fixation
15:38:47.2408,693.6,881.8,fixation
15:38:47.2413,693.4,882.8,fixation
15:38:47.2418,693.6,879.2,fixation
15:38:47.2423,694.4,871.6,fixation
15:38:47.2428,696.5,864.1,fixation
15:38:47.2433,698.3,861.5,fixation
15:38:47.2438,699.3,862.0,fixation
15:38:47.2443,698.7,863.8,fixation
15:38:47.2448,698.1,866.7,fixation
15:38:47.2453,697.7,872.5,fixation
15:38:47.2458,698.0,876.9,fixation
15:38:47.2463,698.5,877.0,fixation
15:38:47.2468,698.4,874.0,fixation
15:38:47.2473,697.7,870.9,fixation
15:38:47.2478,696.6,873.7,fixation
15:38:47.2483,696.7,876.5,fixation
15:38:47.2488,696.5,877.7,fixation
15:38:47.2493,696.7,872.6,fixation
15:38:47.2498,696.5,867.5,fixation
15:38:47.2503,696.3,865.9,fixation
15:38:47.2508,696.2,869.8,fixation
15:38:47.2513,696.5,873.2,fixation
15:38:47.2518,697.0,874.4,fixation
15:38:47.2523,697.5,873.6,fixation
15:38:47.2528,698.3,873.3,fixation
15:38:47.2533,699.4,874.0,fixation
15:38:47.2538,700.3,874.8,fixation
15:38:47.2543,700.9,875.5,fixation
15:38:47.2548,701.3,874.6,fixation
15:38:47.2553,700.6,873.6,fixation
15:38:47.2558,699.7,872.6,fixation
15:38:47.2563,698.8,872.5,fixation
