TimeStamp,X,Y,Event
10:25:24.4276,826.7,493.0,fixation
10:25:24.4281,826.3,494.0,fixation
10:25:24.4286,825.6,495.0,fixation
10:25:24.4291,825.2,495.6,fixation
10:25:24.4295,825.5,496.4,fixation
10:25:24.43,825.8,497.2,fixation
10:25:24.4305,826.4,498.1,fixation
10:25:24.4309,826.8,498.1,fixation
10:25:24.4314,827.2,497.1,fixation
10:25:24.4319,826.9,496.0,fixation
10:25:24.4323,826.8,494.2,fixation
10:25:24.4328,826.6,493.4,fixation
10:25:24.4333,826.6,492.5,fixation
10:25:24.4337,826.7,492.4,fixation
10:25:24.4342,826.8,492.3,fixation
10:25:24.4347,826.8,492.9,fixation
10:25:24.4352,826.6,493.6,fixation
10:25:24.4356,826.5,494.4,fixation
10:25:24.4361,826.5,494.5,fixation
10:25:24.4366,826.3,494.5,fixation
10:25:24.4370,826.0,494.5,fixation
10:25:24.4375,825.8,494.7,fixation
10:25:24.438,825.8,494.9,fixation
10:25:24.4384,825.7,495.2,fixation
10:25:24.4389,825.6,494.7,fixation
10:25:24.4394,825.4,494.1,fixation
10:25:24.4398,825.2,494.7,fixation
10:25:24.4403,825.4,496.4,fixation
10:25:24.4408,825.8,498.0,fixation
10:25:24.4413,826.3,498.4,fixation
10:25:24.4417,826.4,499.2,fixation
10:25:24.4422,826.6,500.0,fixation
10:25:24.4427,827.1,500.5,fixation
10:25:24.4431,827.7,499.7,fixation
10:25:24.4436,826.9,498.9,fixation
10:25:24.4441,825.7,498.6,fixation
10:25:24.4445,824.5,499.1,fixation
10:25:24.445,824.8,499.5,fixation
10:25:24.4455,825.2,499.3,fixation
10:25:24.4459,825.7,498.3,fixation
10:25:24.4464,825.8,497.4,fixation
10:25:24.4469,825.4,497.4,fixation
10:25:24.4474,824.9,497.7,fixation
10:25:24.4478,824.3,498.0,fixation
10:25:24.4483,823.9,498.0,fixation
10:25:24.4488,823.5,497.5,fixation
10:25:24.4492,823.3,497.0,fixation
10:25:24.4497,824.3,496.6,fixation
10:25:24.4502,825.4,495.4,fixation
10:25:24.4506,826.5,494.3,fixation
10:25:24.4511,826.5,493.6,fixation
10:25:24.4516,826.8,494.3,fixation
10:25:24.4520,827.0,495.4,fixation
10:25:24.4525,827.2,495.9,fixation
10:25:24.453,827.0,496.4,fixation
10:25:24.4535,825.9,496.3,fixation
10:25:24.4539,825.3,496.6,fixation
10:25:24.4544,824.7,496.8,fixation
10:25:24.4549,824.1,497.0,fixation
10:25:24.4553,823.2,496.7,fixation
10:25:24.4558,822.3,496.3,fixation
10:25:24.4563,822.5,496.1,fixation
10:25:24.4567,822.9,496.2,fixation
10:25:24.4572,823.4,496.2,fixation
10:25:24.4577,823.7,496.1,fixation
10:25:24.4581,823.7,495.5,fixation
10:25:24.4586,824.7,495.2,fixation
10:25:24.4591,825.5,496.6,fixation
10:25:24.4596,826.2,498.3,fixation
10:25:24.4600,826.1,498.9,fixation
10:25:24.4605,826.1,497.7,fixation
10:25:24.461,825.6,496.4,fixation
10:25:24.4614,825.0,496.5,fixation
10:25:24.4619,824.1,498.7,fixation
10:25:24.4624,824.0,501.0,fixation
10:25:24.4628,823.9,503.2,fixation
10:25:24.4633,823.6,503.3,fixation
10:25:24.4638,823.3,503.4,fixation
10:25:24.4642,823.9,502.0,fixation
10:25:24.4647,824.9,499.4,fixation
10:25:24.4652,825.8,496.7,fixation
10:25:24.4657,825.6,495.4,fixation
10:25:24.4661,825.1,495.3,fixation
10:25:24.4666,824.7,494.9,fixation
10:25:24.4671,824.3,494.6,fixation
10:25:24.4675,823.9,494.7,fixation
10:25:24.468,823.4,495.1,fixation
10:25:24.4685,823.1,495.4,fixation
10:25:24.4689,823.6,495.2,fixation
10:25:24.4694,824.4,494.0,fixation
10:25:24.4699,825.2,493.0,fixation
10:25:24.4703,825.4,492.3,fixation
10:25:24.4708,824.9,492.6,fixation
10:25:24.4713,824.2,492.6,fixation
10:25:24.4717,822.6,492.4,fixation
10:25:24.4721,821.6,492.2,fixation
10:25:24.4726,821.8,492.3,fixation
10:25:24.4731,822.8,492.5,fixation
10:25:24.4735,823.4,492.6,fixation
10:25:24.474,822.9,493.9,fixation
10:25:24.4745,822.8,495.2,fixation
10:25:24.4749,823.5,495.7,fixation
10:25:24.4754,824.0,494.7,fixation
10:25:24.4759,824.0,494.1,fixation
10:25:24.4763,824.2,494.6,fixation
10:25:24.4767,824.8,494.2,fixation
10:25:24.4772,825.4,493.4,fixation
10:25:24.4777,825.5,492.5,fixation
10:25:24.4781,824.9,492.7,fixation
10:25:24.4786,824.3,492.8,fixation
10:25:24.4791,823.7,493.0,fixation
10:25:24.4795,823.8,493.0,fixation
10:25:24.48,824.1,493.1,fixation
10:25:24.4805,824.5,492.9,fixation
10:25:24.4809,824.9,492.7,fixation
10:25:24.4813,825.2,491.9,fixation
10:25:24.4818,825.5,491.1,fixation
10:25:24.4823,825.0,490.1,fixation
10:25:24.4827,824.5,490.4,fixation
10:25:24.4832,823.9,492.9,fixation
10:25:24.4837,823.8,495.6,fixation
10:25:24.4841,823.4,497.0,fixation
10:25:24.4846,823.0,496.5,fixation
10:25:24.4851,822.4,496.0,fixation
10:25:24.4855,821.8,496.2,fixation
10:25:24.4859,821.4,496.4,fixation
10:25:24.4864,821.3,495.9,fixation
10:25:24.4869,821.1,495.3,fixation
10:25:24.4873,820.9,494.3,fixation
10:25:24.4878,820.7,493.8,fixation
10:25:24.4883,820.9,493.2,fixation
10:25:24.4887,821.0,493.5,fixation
10:25:24.4892,820.9,494.0,fixation
10:25:24.4897,821.6,494.3,fixation
10:25:24.4901,822.5,494.0,fixation
10:25:24.4906,823.4,493.5,fixation
10:25:24.4911,823.7,492.9,fixation
10:25:24.4916,823.9,492.2,fixation
10:25:24.4920,823.0,491.8,fixation
10:25:24.4925,821.9,491.6,fixation
10:25:24.493,820.8,491.3,fixation
10:25:24.4934,820.9,491.1,fixation
10:25:24.4939,821.1,490.8,fixation
10:25:24.4944,821.3,490.8,fixation
10:25:24.4948,821.3,491.2,fixation
10:25:24.4953,821.3,491.9,fixation
10:25:24.4958,821.6,492.5,fixation
10:25:24.4962,821.7,494.1,fixation
10:25:24.4967,821.8,495.5,fixation
10:25:24.4972,821.6,496.2,fixation
10:25:24.4977,821.0,495.6,fixation
10:25:24.4981,820.3,496.3,fixation
10:25:24.4986,819.5,497.8,fixation
10:25:24.4991,819.9,497.1,fixation
10:25:24.4995,820.4,494.9,fixation
10:25:24.5,821.0,492.3,fixation
10:25:24.5005,821.1,491.8,fixation
10:25:24.5009,820.4,492.1,fixation
10:25:24.5014,819.6,492.8,fixation
10:25:24.5019,818.9,493.4,fixation
10:25:24.5023,818.9,493.4,fixation
10:25:24.5028,819.0,493.3,fixation
10:25:24.5033,819.4,493.0,fixation
10:25:24.5038,820.4,492.8,fixation
10:25:24.5042,822.3,491.9,fixation
10:25:24.5047,823.6,491.2,fixation
10:25:24.5052,824.1,490.4,fixation
10:25:24.5056,822.7,490.4,fixation
10:25:24.5061,821.3,490.3,fixation
10:25:24.5066,820.4,490.0,fixation
10:25:24.5070,820.5,489.7,fixation
10:25:24.5075,820.7,488.7,fixation
10:25:24.508,820.7,488.1,fixation
10:25:24.5084,820.6,487.7,fixation
10:25:24.5089,821.4,489.4,fixation
10:25:24.5094,822.4,491.4,fixation
10:25:24.5099,822.7,493.0,fixation
10:25:24.5103,821.5,493.0,fixation
10:25:24.5108,820.2,492.8,fixation
10:25:24.5113,819.6,492.7,fixation
10:25:24.5117,819.3,492.5,fixation
10:25:24.5122,819.3,492.2,fixation
10:25:24.5127,819.2,491.9,fixation
10:25:24.5131,819.4,491.4,fixation
10:25:24.5136,819.3,491.1,fixation
10:25:24.5141,819.2,492.1,fixation
10:25:24.5145,818.8,494.1,fixation
10:25:24.515,818.4,496.2,fixation
10:25:24.5155,818.1,496.8,fixation
10:25:24.516,819.0,496.8,fixation
10:25:24.5164,819.9,496.7,fixation
10:25:24.5169,820.9,494.5,fixation
10:25:24.5174,821.1,492.1,fixation
10:25:24.5178,821.1,490.8,fixation
10:25:24.5183,820.4,491.7,fixation
10:25:24.5188,819.8,491.9,fixation
10:25:24.5192,819.2,491.5,fixation
10:25:24.5197,819.5,491.6,fixation
10:25:24.5202,819.8,492.5,fixation
10:25:24.5206,820.3,493.2,fixation
10:25:24.5211,820.6,493.4,fixation
10:25:24.5216,820.8,493.5,fixation
10:25:24.5221,821.1,493.1,fixation
10:25:24.5225,821.4,492.7,fixation
10:25:24.523,820.4,492.3,fixation
10:25:24.5235,819.2,492.9,fixation
10:25:24.5239,817.4,493.4,fixation
10:25:24.5244,816.8,493.2,fixation
10:25:24.5249,815.9,492.4,fixation
10:25:24.5253,815.5,490.8,fixation
10:25:24.5258,815.1,490.0,fixation
10:25:24.5263,815.1,489.0,fixation
10:25:24.5267,815.9,488.8,fixation
10:25:24.5272,816.7,488.4,fixation
10:25:24.5277,817.4,488.3,fixation
10:25:24.5282,817.2,487.9,fixation
10:25:24.5286,817.6,487.7,fixation
10:25:24.5291,819.0,488.9,fixation
10:25:24.5296,820.3,491.0,fixation
10:25:24.5300,821.0,493.1,fixation
10:25:24.5305,821.1,493.2,fixation
10:25:24.531,821.2,492.6,fixation
10:25:24.5314,821.4,491.1,fixation
10:25:24.5319,821.6,490.1,fixation
10:25:24.5324,821.6,489.3,fixation
10:25:24.5328,821.2,489.7,fixation
10:25:24.5333,820.8,490.5,fixation
10:25:24.5338,820.5,491.5,fixation
10:25:24.5342,819.9,492.2,fixation
10:25:24.5346,819.1,491.4,fixation
10:25:24.5351,818.2,489.9,fixation
10:25:24.5356,817.9,488.4,fixation
10:25:24.5360,817.7,487.8,fixation
10:25:24.5365,817.6,487.6,fixation
10:25:24.537,817.6,489.1,fixation
10:25:24.5374,817.7,490.7,fixation
10:25:24.5379,817.2,492.3,fixation
10:25:24.5384,816.6,492.5,fixation
10:25:24.5388,815.9,492.6,fixation
10:25:24.5392,817.1,492.6,fixation
10:25:24.5397,818.3,492.5,fixation
10:25:24.5402,819.4,493.1,fixation
10:25:24.5406,819.4,493.8,fixation
10:25:24.5411,819.6,493.6,fixation
10:25:24.5416,819.8,493.6,fixation
10:25:24.5420,820.1,493.2,fixation
10:25:24.5425,820.1,493.6,fixation
10:25:24.543,820.1,493.3,fixation
10:25:24.5434,819.8,493.8,fixation
10:25:24.5438,819.4,494.8,fixation
10:25:24.5443,819.0,496.1,fixation
10:25:24.5448,818.8,497.0,fixation
10:25:24.5452,819.1,497.0,fixation
10:25:24.5457,819.5,496.2,fixation
10:25:24.5462,820.0,494.7,fixation
10:25:24.5466,820.2,493.7,fixation
10:25:24.5471,820.4,493.2,fixation
10:25:24.5476,819.9,493.1,fixation
10:25:24.5480,819.2,492.9,fixation
10:25:24.5484,818.0,492.6,fixation
10:25:24.5489,817.2,492.8,fixation
10:25:24.5494,816.8,493.0,fixation
10:25:24.5498,817.1,493.3,fixation
10:25:24.5503,817.4,493.3,fixation
10:25:24.5508,817.6,493.2,fixation
10:25:24.5512,818.2,493.3,fixation
10:25:24.5517,818.7,492.5,fixation
10:25:24.5522,819.2,490.9,fixation
10:25:24.5526,819.0,489.4,fixation
10:25:24.5531,817.8,490.1,fixation
10:25:24.5536,816.8,491.6,fixation
10:25:24.5541,815.3,491.7,fixation
10:25:24.5545,815.0,490.4,fixation
10:25:24.555,814.5,489.6,fixation
10:25:24.5555,814.7,490.0,fixation
10:25:24.5559,814.7,488.6,fixation
10:25:24.5564,815.0,486.8,fixation
10:25:24.5569,815.1,485.2,fixation
10:25:24.5573,815.0,485.5,fixation
10:25:24.5578,815.1,485.8,fixation
10:25:24.5583,815.5,485.8,fixation
10:25:24.5587,815.8,488.0,fixation
10:25:24.5592,815.8,490.1,fixation
10:25:24.5597,815.5,491.3,fixation
10:25:24.5602,815.4,489.7,fixation
10:25:24.5606,815.7,488.2,fixation
10:25:24.5611,816.1,488.3,fixation
10:25:24.5616,817.5,489.1,fixation
10:25:24.5620,818.5,489.9,fixation
10:25:24.5625,818.5,489.6,fixation
10:25:24.563,817.5,489.0,fixation
10:25:24.5634,816.4,488.8,fixation
10:25:24.5639,816.2,489.0,fixation
10:25:24.5644,816.0,488.5,fixation
10:25:24.5648,816.6,487.5,fixation
10:25:24.5653,817.3,486.4,fixation
10:25:24.5658,817.6,485.8,fixation
10:25:24.5663,817.2,485.2,fixation
10:25:24.5667,817.0,484.7,fixation
10:25:24.5672,817.3,484.7,fixation
10:25:24.5677,817.7,484.7,fixation
10:25:24.5681,817.6,484.7,fixation
10:25:24.5686,817.2,484.7,fixation
10:25:24.5691,816.8,484.2,fixation
10:25:24.5695,816.7,483.8,fixation
10:25:24.57,816.5,485.4,fixation
10:25:24.5705,816.3,488.0,fixation
10:25:24.5709,815.9,490.7,fixation
10:25:24.5714,816.0,489.4,fixation
10:25:24.5719,816.3,487.7,fixation
10:25:24.5724,816.7,486.0,fixation
10:25:24.5728,816.3,486.1,fixation
10:25:24.5733,815.7,486.1,fixation
10:25:24.5738,815.2,487.8,fixation
10:25:24.5742,815.4,489.6,fixation
10:25:24.5747,815.6,491.5,fixation
10:25:24.5752,815.7,492.0,fixation
10:25:24.5756,815.8,492.5,fixation
10:25:24.5761,816.0,491.4,fixation
10:25:24.5766,815.8,490.0,fixation
10:25:24.5770,815.6,488.6,fixation
10:25:24.5775,814.9,488.5,fixation
10:25:24.578,814.5,488.4,fixation
10:25:24.5785,815.8,489.0,fixation
10:25:24.5789,817.5,489.8,fixation
10:25:24.5794,819.2,490.6,fixation
10:25:24.5799,819.2,489.8,fixation
10:25:24.5803,819.2,488.7,fixation
10:25:24.5808,819.0,487.7,fixation
10:25:24.5813,818.4,487.8,fixation
10:25:24.5817,817.9,488.8,fixation
10:25:24.5822,817.6,489.7,fixation
10:25:24.5827,817.5,490.5,fixation
10:25:24.5831,817.5,490.4,fixation
10:25:24.5836,817.4,490.2,fixation
10:25:24.5841,817.3,489.9,fixation
10:25:24.5846,817.2,488.9,fixation
10:25:24.5850,817.3,487.9,fixation
10:25:24.5855,817.1,487.1,fixation
10:25:24.586,816.9,486.4,fixation
10:25:24.5864,816.7,485.6,fixation
10:25:24.5869,817.1,484.8,fixation
10:25:24.5874,817.3,485.4,fixation
10:25:24.5878,817.2,487.9,fixation
10:25:24.5883,816.8,489.8,fixation
10:25:24.5888,816.5,490.4,fixation
10:25:24.5892,816.6,486.6,fixation
10:25:24.5897,817.1,483.4,fixation
10:25:24.5902,817.6,481.6,fixation
10:25:24.5907,817.8,483.2,fixation
10:25:24.5911,816.9,488.4,fixation
10:25:24.5916,816.1,492.8,fixation
10:25:24.5921,815.3,493.8,fixation
10:25:24.5925,815.3,491.3,fixation
10:25:24.593,815.3,488.8,fixation
10:25:24.5935,815.5,488.7,fixation
10:25:24.5939,815.6,488.7,fixation
10:25:24.5944,815.8,488.5,fixation
10:25:24.5949,816.3,488.5,fixation
10:25:24.5953,816.8,489.7,fixation
10:25:24.5958,817.4,491.0,fixation
10:25:24.5963,817.3,491.6,fixation
10:25:24.5967,817.4,490.4,fixation
10:25:24.5971,817.1,489.2,fixation
10:25:24.5976,816.7,489.8,fixation
10:25:24.5981,816.3,490.9,fixation
10:25:24.5985,816.0,492.0,fixation
10:25:24.599,815.9,492.0,fixation
10:25:24.5995,815.8,490.5,fixation
10:25:24.5999,815.9,489.1,fixation
10:25:24.6004,815.9,487.7,fixation
10:25:24.6009,815.7,487.2,fixation
10:25:24.6013,815.9,486.7,fixation
10:25:24.6017,816.4,486.5,fixation
10:25:24.6022,816.9,486.8,fixation
10:25:24.6027,816.9,487.0,fixation
10:25:24.6031,816.7,487.0,fixation
10:25:24.6036,816.4,486.8,fixation
10:25:24.6041,816.2,486.8,fixation
10:25:24.6045,816.0,486.0,fixation
10:25:24.605,815.9,485.2,fixation
10:25:24.6055,815.9,484.5,fixation
10:25:24.6059,815.8,484.6,fixation
10:25:24.6063,815.1,484.5,fixation
10:25:24.6068,814.4,484.5,fixation
10:25:24.6073,813.2,485.6,fixation
10:25:24.6077,812.5,487.9,fixation
10:25:24.6082,811.7,490.2,fixation
10:25:24.6087,811.6,490.6,fixation
10:25:24.6091,812.1,489.9,fixation
10:25:24.6096,812.5,489.1,fixation
10:25:24.6101,812.6,489.2,fixation
10:25:24.6105,812.6,489.1,fixation
10:25:24.6109,812.7,489.1,fixation
10:25:24.6114,812.4,488.5,fixation
10:25:24.6119,812.1,488.1,fixation
10:25:24.6123,813.7,487.7,fixation
10:25:24.6128,815.5,487.8,fixation
10:25:24.6133,817.5,488.0,fixation
10:25:24.6137,817.5,489.1,fixation
10:25:24.6142,817.5,490.2,fixation
10:25:24.6147,817.6,489.3,fixation
10:25:24.6151,817.4,487.5,fixation
10:25:24.6156,817.3,485.1,fixation
10:25:24.6161,817.1,484.5,fixation
10:25:24.6166,816.9,486.8,fixation
10:25:24.6170,816.5,489.6,fixation
10:25:24.6175,815.9,492.4,fixation
10:25:24.618,815.1,492.3,fixation
10:25:24.6184,814.5,492.0,fixation
10:25:24.6189,814.2,491.4,fixation
10:25:24.6194,814.2,490.1,fixation
10:25:24.6198,814.0,489.1,fixation
10:25:24.6203,813.6,488.6,fixation
10:25:24.6208,813.1,489.0,fixation
10:25:24.6212,813.6,489.7,fixation
10:25:24.6217,814.1,491.5,fixation
10:25:24.6222,814.4,493.1,fixation
10:25:24.6227,813.4,493.0,fixation
10:25:24.6231,812.5,491.5,fixation
10:25:24.6236,811.9,489.9,fixation
10:25:24.6241,811.9,489.8,fixation
10:25:24.6245,811.8,489.9,fixation
10:25:24.625,811.7,489.8,fixation
10:25:24.6255,811.7,489.3,fixation
10:25:24.6259,811.6,488.5,fixation
10:25:24.6264,811.5,488.1,fixation
10:25:24.6269,811.6,487.6,fixation
10:25:24.6273,811.9,486.7,fixation
10:25:24.6278,812.9,485.9,fixation
10:25:24.6283,813.6,487.2,fixation
10:25:24.6288,814.1,488.8,fixation
10:25:24.6292,813.9,490.3,fixation
10:25:24.6297,812.6,490.5,fixation
10:25:24.6302,810.9,490.9,fixation
10:25:24.6306,809.2,491.8,fixation
10:25:24.6311,809.9,492.3,fixation
10:25:24.6316,811.4,492.3,fixation
10:25:24.6320,812.9,492.0,fixation
10:25:24.6325,813.2,491.7,fixation
10:25:24.633,813.0,491.9,fixation
10:25:24.6334,812.9,491.9,fixation
10:25:24.6339,812.9,491.7,fixation
10:25:24.6344,813.3,491.6,fixation
10:25:24.6349,814.2,491.7,fixation
10:25:24.6353,815.2,491.3,fixation
10:25:24.6358,815.9,490.9,fixation
10:25:24.6363,815.7,491.2,fixation
10:25:24.6367,815.0,492.2,fixation
10:25:24.6372,813.4,493.3,fixation
10:25:24.6377,812.2,493.7,fixation
10:25:24.6381,811.5,494.1,fixation
10:25:24.6386,811.8,492.3,fixation
10:25:24.6391,812.3,490.3,fixation
10:25:24.6395,812.8,488.6,fixation
10:25:24.64,813.1,489.3,fixation
10:25:24.6405,812.6,489.9,fixation
10:25:24.641,811.0,489.9,fixation
10:25:24.6414,809.5,489.5,fixation
10:25:24.6419,808.8,489.1,fixation
10:25:24.6424,809.3,489.0,fixation
10:25:24.6428,811.3,488.7,fixation
10:25:24.6433,813.2,488.2,fixation
10:25:24.6438,812.8,487.6,fixation
10:25:24.6442,810.8,486.8,fixation
10:25:24.6447,809.8,486.3,fixation
10:25:24.6452,811.5,486.8,fixation
10:25:24.6456,813.4,488.2,fixation
10:25:24.6461,814.0,489.4,fixation
10:25:24.6466,813.8,490.5,fixation
10:25:24.6471,813.3,491.3,fixation
10:25:24.6475,813.4,492.1,fixation
10:25:24.648,813.8,492.3,fixation
10:25:24.6485,813.1,492.0,fixation
10:25:24.6489,812.2,491.5,fixation
10:25:24.6494,811.5,491.1,fixation
10:25:24.6499,812.2,490.9,fixation
10:25:24.6503,812.6,491.2,fixation
10:25:24.6508,812.3,491.4,fixation
10:25:24.6513,811.8,490.5,fixation
10:25:24.6517,811.6,489.4,fixation
10:25:24.6522,811.4,490.8,fixation
10:25:24.6527,810.0,493.3,fixation
10:25:24.6532,808.7,494.0,fixation
10:25:24.6536,810.3,492.5,fixation
10:25:24.6541,813.1,490.6,fixation
10:25:24.6546,813.9,490.2,fixation
10:25:24.6550,812.2,489.5,fixation
10:25:24.6555,810.3,489.3,fixation
10:25:24.656,810.4,489.7,fixation
10:25:24.6564,810.6,490.2,fixation
10:25:24.6569,811.7,490.6,fixation
10:25:24.6574,813.4,490.6,fixation
10:25:24.6578,815.0,490.7,fixation
10:25:24.6583,814.2,490.7,fixation
10:25:24.6588,812.5,491.0,fixation
10:25:24.6592,810.6,491.1,fixation
10:25:24.6596,810.2,489.8,fixation
10:25:24.6601,810.0,488.2,fixation
10:25:24.6606,810.0,487.7,fixation
10:25:24.6610,809.9,488.8,fixation
10:25:24.6615,809.9,489.9,fixation
10:25:24.662,809.9,489.9,fixation
10:25:24.6624,810.2,489.7,fixation
10:25:24.6629,810.9,489.6,fixation
10:25:24.6634,812.0,489.3,fixation
10:25:24.6638,812.8,489.2,fixation
10:25:24.6642,813.0,489.7,fixation
10:25:24.6647,812.6,490.3,fixation
10:25:24.6652,812.4,490.4,fixation
10:25:24.6656,812.3,489.9,fixation
10:25:24.6661,812.4,489.4,fixation
10:25:24.6666,812.3,490.3,fixation
10:25:24.6670,811.9,491.2,fixation
10:25:24.6675,811.7,491.1,fixation
10:25:24.668,811.6,490.5,fixation
10:25:24.6684,811.8,490.0,fixation
10:25:24.6688,812.2,490.8,fixation
10:25:24.6693,812.5,491.2,fixation
10:25:24.6698,813.0,491.6,fixation
10:25:24.6702,813.2,491.6,fixation
10:25:24.6707,813.3,491.7,fixation
10:25:24.6712,813.4,491.0,fixation
10:25:24.6716,812.6,489.0,fixation
10:25:24.6721,812.3,486.9,fixation
10:25:24.6726,811.9,485.6,fixation
10:25:24.6730,811.8,485.4,fixation
10:25:24.6734,811.2,485.3,fixation
10:25:24.6739,810.6,486.0,fixation
10:25:24.6744,810.9,487.6,fixation
10:25:24.6748,811.2,489.1,fixation
10:25:24.6753,811.5,489.8,fixation
10:25:24.6758,811.2,489.8,fixation
10:25:24.6762,811.0,489.8,fixation
10:25:24.6767,810.5,489.8,fixation
10:25:24.6772,810.1,489.8,fixation
10:25:24.6776,810.3,489.9,fixation
10:25:24.6781,810.9,490.1,fixation
10:25:24.6786,811.5,489.7,fixation
10:25:24.6791,811.4,489.3,fixation
10:25:24.6795,811.4,488.4,fixation
10:25:24.68,811.4,488.0,fixation
10:25:24.6805,811.5,487.4,fixation
10:25:24.6809,811.3,487.9,saccade
10:25:24.6814,811.0,488.8,saccade
10:25:24.6819,810.7,487.7,saccade
10:25:24.6823,810.6,485.5,saccade
10:25:24.6828,810.6,483.2,saccade
10:25:24.6833,809.7,484.8,saccade
10:25:24.6837,808.6,487.2,saccade
10:25:24.6842,808.4,489.8,saccade
10:25:24.6847,809.2,489.8,saccade
10:25:24.6852,809.8,488.6,saccade
10:25:24.6856,809.3,487.2,saccade
10:25:24.6861,808.4,486.9,saccade
10:25:24.6866,807.7,487.2,saccade
10:25:24.6870,806.8,487.5,saccade
10:25:24.6875,805.0,486.4,saccade
10:25:24.688,803.2,484.3,saccade
10:25:24.6884,802.0,480.0,saccade
10:25:24.6889,799.8,474.7,saccade
10:25:24.6894,796.0,470.3,saccade
10:25:24.6898,790.8,466.4,saccade
10:25:24.6903,784.1,457.8,saccade
10:25:24.6908,778.3,447.1,saccade
10:25:24.6913,771.4,435.3,saccade
10:25:24.6917,765.9,426.6,saccade
10:25:24.6922,758.1,417.2,saccade
10:25:24.6927,750.6,406.8,saccade
10:25:24.6931,740.2,393.9,saccade
10:25:24.6936,729.6,383.7,saccade
10:25:24.6941,718.9,372.2,saccade
10:25:24.6945,709.9,363.2,saccade
10:25:24.695,701.4,349.9,saccade
10:25:24.6955,692.1,338.3,saccade
10:25:24.6959,682.2,327.4,saccade
10:25:24.6964,672.8,317.7,saccade
10:25:24.6969,664.1,308.5,saccade
10:25:24.6974,656.7,296.2,saccade
10:25:24.6978,649.5,283.7,saccade
10:25:24.6983,641.0,270.8,saccade
10:25:24.6988,634.0,263.0,saccade
10:25:24.6992,626.4,255.5,saccade
10:25:24.6997,620.2,248.0,saccade
10:25:24.7002,612.0,237.5,saccade
10:25:24.7006,603.6,228.7,saccade
10:25:24.7011,595.7,219.6,saccade
10:25:24.7016,589.7,213.5,saccade
10:25:24.7020,582.9,205.8,saccade
10:25:24.7025,575.7,199.0,saccade
10:25:24.703,568.1,190.5,saccade
10:25:24.7035,561.5,182.5,saccade
10:25:24.7039,555.0,177.3,saccade
10:25:24.7044,548.0,171.9,saccade
10:25:24.7049,541.4,168.8,saccade
10:25:24.7053,535.8,162.9,saccade
10:25:24.7058,530.7,159.4,saccade
10:25:24.7063,524.6,155.8,saccade
10:25:24.7067,519.1,154.0,saccade
10:25:24.7072,513.8,150.3,saccade
10:25:24.7077,510.7,147.0,saccade
10:25:24.7081,507.4,145.2,saccade
10:25:24.7086,503.3,144.5,saccade
10:25:24.7091,500.4,143.5,saccade
10:25:24.7096,497.6,142.3,saccade
10:25:24.7100,496.8,142.2,saccade
10:25:24.7105,494.2,142.4,saccade
10:25:24.711,491.2,142.7,saccade
10:25:24.7114,488.2,142.7,saccade
10:25:24.7119,486.8,144.6,saccade
10:25:24.7124,484.9,148.2,saccade
10:25:24.7128,482.8,152.0,saccade
10:25:24.7133,480.7,154.0,saccade
10:25:24.7138,480.3,154.7,saccade
10:25:24.7142,479.9,157.2,saccade
10:25:24.7147,479.5,161.7,saccade
10:25:24.7152,479.5,165.9,saccade
10:25:24.7157,480.0,168.0,saccade
10:25:24.7161,481.3,169.3,saccade
10:25:24.7166,481.9,172.5,saccade
10:25:24.7171,482.1,175.7,saccade
10:25:24.7175,483.9,178.7,saccade
10:25:24.718,486.7,181.3,saccade
10:25:24.7185,489.4,184.4,saccade
10:25:24.7189,490.9,186.4,saccade
10:25:24.7194,494.4,187.3,saccade
10:25:24.7199,498.0,186.9,saccade
10:25:24.7203,500.8,186.3,saccade
10:25:24.7208,501.2,185.5,saccade
10:25:24.7213,503.1,185.6,saccade
10:25:24.7217,504.9,185.8,saccade
10:25:24.7221,505.8,185.9,saccade
10:25:24.7226,505.0,185.9,saccade
10:25:24.7231,505.7,186.0,saccade
10:25:24.7235,507.2,186.2,saccade
10:25:24.724,507.6,184.7,saccade
10:25:24.7245,505.6,183.0,saccade
10:25:24.7249,502.7,180.9,saccade
10:25:24.7254,500.1,177.2,fixation
10:25:24.7259,499.8,174.3,fixation
10:25:24.7263,499.5,171.4,fixation
10:25:24.7267,499.2,171.1,fixation
10:25:24.7272,499.3,170.7,fixation
10:25:24.7277,497.8,170.1,fixation
10:25:24.7281,496.4,169.5,fixation
10:25:24.7286,494.7,167.7,fixation
10:25:24.7291,492.8,165.9,fixation
10:25:24.7295,490.9,164.5,fixation
10:25:24.73,489.9,164.5,fixation
10:25:24.7305,490.6,164.0,fixation
10:25:24.7309,491.0,163.3,fixation
10:25:24.7313,490.6,162.4,fixation
10:25:24.7318,490.1,162.3,fixation
10:25:24.7323,491.0,162.2,fixation
10:25:24.7327,492.0,162.1,fixation
10:25:24.7332,491.8,162.9,fixation
10:25:24.7337,489.7,164.4,fixation
10:25:24.7341,487.5,165.8,fixation
10:25:24.7346,486.4,166.3,fixation
10:25:24.7351,487.1,166.4,fixation
10:25:24.7355,488.0,166.4,fixation
10:25:24.7359,488.9,166.6,fixation
10:25:24.7364,489.0,166.7,fixation
10:25:24.7369,489.4,167.0,fixation
10:25:24.7373,489.7,167.3,fixation
10:25:24.7378,489.9,167.5,fixation
10:25:24.7383,489.8,167.6,fixation
10:25:24.7387,491.1,167.6,fixation
10:25:24.7392,492.4,167.8,fixation
10:25:24.7397,492.4,167.8,fixation
10:25:24.7401,491.0,167.5,fixation
10:25:24.7406,490.4,167.3,fixation
10:25:24.7411,491.3,167.3,fixation
10:25:24.7416,492.2,167.7,fixation
10:25:24.7420,492.2,168.4,fixation
10:25:24.7425,492.2,169.1,fixation
10:25:24.743,492.4,169.4,fixation
10:25:24.7434,492.7,168.8,fixation
10:25:24.7439,493.1,167.7,fixation
10:25:24.7444,493.2,166.7,fixation
10:25:24.7448,493.2,166.2,fixation
10:25:24.7453,493.3,165.9,fixation
10:25:24.7458,493.3,165.6,fixation
10:25:24.7462,493.1,165.3,fixation
10:25:24.7467,492.1,165.5,fixation
10:25:24.7472,491.1,165.6,fixation
10:25:24.7477,490.3,165.7,fixation
10:25:24.7481,490.7,165.5,fixation
10:25:24.7486,491.2,165.4,fixation
10:25:24.7491,491.5,166.2,fixation
10:25:24.7495,491.7,167.0,fixation
10:25:24.75,491.8,167.9,fixation
10:25:24.7505,491.9,168.0,fixation
10:25:24.7509,492.1,168.8,fixation
10:25:24.7514,492.3,170.0,fixation
10:25:24.7519,492.1,171.2,fixation
10:25:24.7523,491.9,170.4,fixation
10:25:24.7528,491.7,169.2,fixation
10:25:24.7533,492.2,168.2,fixation
10:25:24.7538,492.4,168.4,fixation
10:25:24.7542,492.7,168.5,fixation
10:25:24.7547,492.4,169.5,fixation
10:25:24.7552,491.9,170.5,fixation
10:25:24.7556,490.7,171.4,fixation
10:25:24.7561,489.5,171.2,fixation
10:25:24.7566,489.4,170.9,fixation
10:25:24.7570,490.2,170.2,fixation
10:25:24.7575,490.8,169.5,fixation
10:25:24.758,490.6,169.1,fixation
10:25:24.7584,490.3,169.2,fixation
10:25:24.7589,490.9,169.5,fixation
10:25:24.7594,491.7,169.7,fixation
10:25:24.7599,492.5,169.8,fixation
10:25:24.7603,491.9,169.8,fixation
10:25:24.7608,491.1,170.8,fixation
10:25:24.7613,490.6,171.9,fixation
10:25:24.7617,491.0,172.4,fixation
10:25:24.7622,491.4,171.8,fixation
10:25:24.7627,490.3,170.4,fixation
10:25:24.7631,489.2,169.7,fixation
10:25:24.7636,488.5,168.9,fixation
10:25:24.7641,489.6,168.5,fixation
10:25:24.7645,490.5,168.0,fixation
10:25:24.765,489.7,167.6,fixation
10:25:24.7655,488.0,167.8,fixation
10:25:24.766,486.4,168.6,fixation
10:25:24.7664,486.1,169.6,fixation
10:25:24.7669,486.0,170.2,fixation
10:25:24.7674,487.0,170.7,fixation
10:25:24.7678,488.1,171.1,fixation
10:25:24.7683,489.3,170.1,fixation
10:25:24.7688,489.4,168.9,fixation
10:25:24.7692,489.6,167.6,fixation
10:25:24.7697,489.3,167.6,fixation
10:25:24.7702,488.7,168.9,fixation
10:25:24.7706,488.2,170.2,fixation
10:25:24.7711,488.1,170.6,fixation
10:25:24.7716,488.4,169.7,fixation
10:25:24.7721,489.1,168.8,fixation
10:25:24.7725,489.6,169.0,fixation
10:25:24.773,490.0,169.1,fixation
10:25:24.7735,489.9,169.8,fixation
10:25:24.7739,488.4,170.2,fixation
10:25:24.7744,486.9,170.6,fixation
10:25:24.7749,486.3,170.6,fixation
10:25:24.7753,487.2,170.7,fixation
10:25:24.7758,488.1,170.8,fixation
10:25:24.7763,488.2,170.1,fixation
10:25:24.7767,487.6,169.1,fixation
10:25:24.7772,487.0,168.2,fixation
10:25:24.7777,487.5,168.1,fixation
10:25:24.7782,488.4,168.4,fixation
10:25:24.7786,489.2,168.6,fixation
10:25:24.7791,488.6,168.6,fixation
10:25:24.7796,487.6,168.3,fixation
10:25:24.7800,486.6,168.3,fixation
10:25:24.7805,485.8,168.6,fixation
10:25:24.781,486.2,169.0,fixation
10:25:24.7814,487.2,169.9,fixation
10:25:24.7819,488.3,170.7,fixation
10:25:24.7824,489.2,171.6,fixation
10:25:24.7828,489.5,171.8,fixation
10:25:24.7833,489.9,171.2,fixation
10:25:24.7838,490.4,170.4,fixation
10:25:24.7842,490.5,169.4,fixation
10:25:24.7846,489.9,168.4,fixation
10:25:24.7851,488.9,167.4,fixation
10:25:24.7856,488.5,167.3,fixation
10:25:24.7860,488.3,168.2,fixation
10:25:24.7865,488.3,169.4,fixation
10:25:24.787,488.1,169.8,fixation
10:25:24.7874,487.9,169.2,fixation
10:25:24.7879,487.9,168.0,fixation
10:25:24.7884,488.0,166.9,fixation
10:25:24.7888,488.7,167.1,fixation
10:25:24.7892,489.3,168.1,fixation
10:25:24.7897,489.9,169.2,fixation
10:25:24.7902,489.0,168.6,fixation
10:25:24.7906,488.1,167.3,fixation
10:25:24.7911,488.1,166.1,fixation
10:25:24.7916,489.0,166.7,fixation
10:25:24.7920,490.0,167.8,fixation
10:25:24.7925,490.1,168.8,fixation
10:25:24.793,490.3,169.2,fixation
10:25:24.7934,491.1,168.4,fixation
10:25:24.7938,491.9,167.7,fixation
10:25:24.7943,492.7,167.0,fixation
10:25:24.7948,492.4,167.2,fixation
10:25:24.7952,492.2,167.5,fixation
10:25:24.7957,491.9,167.8,fixation
10:25:24.7962,491.8,168.9,fixation
10:25:24.7966,491.2,169.6,fixation
10:25:24.7971,489.9,170.3,fixation
10:25:24.7976,488.6,170.0,fixation
10:25:24.7980,488.7,169.2,fixation
10:25:24.7984,489.6,168.1,fixation
10:25:24.7989,490.0,167.2,fixation
10:25:24.7994,489.5,167.2,fixation
10:25:24.7998,490.0,167.7,fixation
10:25:24.8003,490.9,168.3,fixation
10:25:24.8008,491.7,168.5,fixation
10:25:24.8012,491.0,169.0,fixation
10:25:24.8017,490.5,169.7,fixation
10:25:24.8022,490.3,170.4,fixation
10:25:24.8026,490.5,169.8,fixation
10:25:24.8031,490.2,169.0,fixation
10:25:24.8036,489.5,168.2,fixation
10:25:24.8041,488.8,168.1,fixation
10:25:24.8045,488.5,168.0,fixation
10:25:24.805,488.5,167.7,fixation
10:25:24.8055,488.4,167.5,fixation
10:25:24.8059,488.2,167.4,fixation
10:25:24.8064,487.8,167.5,fixation
10:25:24.8069,487.4,167.8,fixation
10:25:24.8073,487.0,167.9,fixation
10:25:24.8078,487.1,167.9,fixation
10:25:24.8083,487.3,167.9,fixation
10:25:24.8087,487.7,168.0,fixation
10:25:24.8092,488.3,168.2,fixation
10:25:24.8097,489.0,168.5,fixation
10:25:24.8102,489.5,168.8,fixation
10:25:24.8106,489.2,169.1,fixation
10:25:24.8111,488.6,169.1,fixation
10:25:24.8116,488.1,168.3,fixation
10:25:24.8120,488.4,167.5,fixation
10:25:24.8125,489.0,166.8,fixation
10:25:24.813,488.7,166.8,fixation
10:25:24.8134,487.1,167.6,fixation
10:25:24.8139,485.4,168.3,fixation
10:25:24.8144,484.9,168.9,fixation
10:25:24.8148,485.3,168.3,fixation
10:25:24.8153,485.9,167.8,fixation
10:25:24.8158,486.3,167.8,fixation
10:25:24.8163,486.8,168.2,fixation
10:25:24.8167,487.0,168.6,fixation
10:25:24.8172,487.0,168.7,fixation
10:25:24.8177,487.0,168.1,fixation
10:25:24.8181,487.1,167.7,fixation
10:25:24.8186,487.4,167.5,fixation
10:25:24.8191,487.7,167.8,fixation
10:25:24.8195,487.9,167.8,fixation
10:25:24.82,487.8,168.1,fixation
10:25:24.8205,487.6,168.8,fixation
10:25:24.8209,487.2,169.5,fixation
10:25:24.8214,486.5,169.8,fixation
10:25:24.8219,485.7,170.1,fixation
10:25:24.8224,485.1,170.5,fixation
10:25:24.8228,485.9,170.4,fixation
10:25:24.8233,487.0,169.8,fixation
10:25:24.8238,486.8,169.1,fixation
10:25:24.8242,485.5,170.0,fixation
10:25:24.8247,485.3,171.1,fixation
10:25:24.8252,486.2,172.2,fixation
10:25:24.8256,487.7,172.0,fixation
10:25:24.8261,488.2,172.0,fixation
10:25:24.8266,488.7,172.1,fixation
10:25:24.8270,488.8,172.1,fixation
10:25:24.8275,488.8,172.1,fixation
10:25:24.828,488.6,172.2,fixation
10:25:24.8285,488.4,172.4,fixation
10:25:24.8289,488.2,172.5,fixation
10:25:24.8294,488.5,171.3,fixation
10:25:24.8299,488.7,170.1,fixation
10:25:24.8303,489.0,168.8,fixation
10:25:24.8308,489.1,168.5,fixation
10:25:24.8313,488.6,167.8,fixation
10:25:24.8317,488.1,167.4,fixation
10:25:24.8322,487.5,167.2,fixation
10:25:24.8327,486.7,167.3,fixation
10:25:24.8331,485.8,167.3,fixation
10:25:24.8336,485.4,167.3,fixation
10:25:24.8341,485.9,166.9,fixation
10:25:24.8346,486.2,166.5,fixation
10:25:24.8350,486.1,167.2,fixation
10:25:24.8355,486.3,168.2,fixation
10:25:24.836,487.2,169.3,fixation
10:25:24.8364,487.9,169.3,fixation
10:25:24.8369,488.2,168.7,fixation
10:25:24.8374,488.4,168.1,fixation
10:25:24.8378,489.5,169.1,fixation
10:25:24.8383,490.6,170.7,fixation
10:25:24.8388,491.5,171.4,fixation
10:25:24.8392,490.5,170.6,fixation
10:25:24.8397,489.5,169.9,fixation
10:25:24.8402,488.5,169.9,fixation
10:25:24.8407,488.8,170.0,fixation
10:25:24.8411,489.0,170.1,fixation
10:25:24.8416,489.0,169.8,fixation
10:25:24.8421,488.9,169.0,fixation
10:25:24.8425,488.7,168.1,fixation
10:25:24.843,488.5,168.1,fixation
10:25:24.8435,488.3,168.5,fixation
10:25:24.8439,488.3,169.0,fixation
10:25:24.8444,488.5,167.6,fixation
10:25:24.8449,488.6,166.1,fixation
10:25:24.8453,489.0,165.3,fixation
10:25:24.8458,490.2,166.8,fixation
10:25:24.8463,491.5,168.2,fixation
10:25:24.8467,492.1,169.0,fixation
10:25:24.8471,491.2,170.1,fixation
10:25:24.8476,489.7,171.0,fixation
10:25:24.8481,488.6,171.8,fixation
10:25:24.8485,488.5,171.5,fixation
10:25:24.849,489.1,171.7,fixation
10:25:24.8495,489.7,172.0,fixation
10:25:24.8499,489.8,171.5,fixation
10:25:24.8504,489.5,170.7,fixation
10:25:24.8509,489.3,169.3,fixation
10:25:24.8513,489.1,168.4,fixation
10:25:24.8517,488.4,167.4,fixation
10:25:24.8522,487.6,166.9,fixation
10:25:24.8527,486.7,166.9,fixation
10:25:24.8531,486.8,167.1,fixation
10:25:24.8536,487.3,167.3,fixation
10:25:24.8541,487.7,167.8,fixation
10:25:24.8545,487.8,168.1,fixation
10:25:24.855,487.6,167.5,fixation
10:25:24.8555,487.5,166.5,fixation
10:25:24.8559,487.7,165.8,fixation
10:25:24.8563,488.0,166.1,fixation
10:25:24.8568,488.1,166.7,fixation
10:25:24.8573,488.1,167.1,fixation
10:25:24.8577,490.0,167.8,fixation
10:25:24.8582,492.0,168.4,fixation
10:25:24.8587,492.9,169.2,fixation
10:25:24.8591,490.7,169.6,fixation
10:25:24.8596,488.5,169.9,fixation
10:25:24.8601,487.4,169.8,fixation
10:25:24.8605,486.9,169.6,fixation
10:25:24.8609,486.3,169.4,fixation
10:25:24.8614,487.2,169.3,fixation
10:25:24.8619,488.6,169.3,fixation
10:25:24.8623,489.9,169.5,fixation
10:25:24.8628,489.6,169.4,fixation
10:25:24.8633,489.4,169.5,fixation
10:25:24.8637,489.3,169.6,fixation
10:25:24.8642,488.9,169.7,fixation
10:25:24.8647,488.6,169.7,fixation
10:25:24.8651,488.4,169.3,fixation
10:25:24.8656,488.0,169.0,fixation
10:25:24.8661,487.7,169.0,fixation
10:25:24.8666,487.4,169.4,fixation
10:25:24.8670,487.6,169.8,fixation
10:25:24.8675,487.8,169.7,fixation
10:25:24.868,487.9,169.6,fixation
10:25:24.8684,487.8,169.6,fixation
10:25:24.8689,487.6,169.8,fixation
10:25:24.8694,487.5,169.0,fixation
10:25:24.8698,487.6,168.1,fixation
10:25:24.8703,487.7,167.2,fixation
10:25:24.8708,487.8,167.3,fixation
10:25:24.8712,487.9,167.3,fixation
10:25:24.8717,487.9,166.8,fixation
10:25:24.8722,487.9,166.9,fixation
10:25:24.8727,488.1,167.2,fixation
10:25:24.8731,488.3,167.7,fixation
10:25:24.8736,487.8,167.6,fixation
10:25:24.8741,487.0,166.7,fixation
10:25:24.8745,486.4,166.1,fixation
10:25:24.875,486.6,165.8,fixation
10:25:24.8755,487.7,166.2,fixation
10:25:24.8759,488.7,166.5,fixation
10:25:24.8764,489.4,166.6,fixation
10:25:24.8769,488.1,166.5,fixation
10:25:24.8773,486.8,166.3,fixation
10:25:24.8778,486.0,166.0,fixation
10:25:24.8783,486.3,165.8,fixation
10:25:24.8788,487.0,166.4,fixation
10:25:24.8792,487.6,166.8,fixation
10:25:24.8797,488.4,167.0,fixation
10:25:24.8802,488.6,166.5,fixation
10:25:24.8806,488.8,166.1,fixation
10:25:24.8811,488.1,165.8,fixation
10:25:24.8816,487.4,165.6,fixation
10:25:24.8820,487.3,165.7,fixation
10:25:24.8825,488.2,166.2,fixation
10:25:24.883,489.5,166.8,fixation
10:25:24.8834,490.3,167.2,fixation
10:25:24.8839,489.8,168.5,fixation
10:25:24.8844,489.0,169.4,fixation
10:25:24.8849,488.4,170.6,fixation
10:25:24.8853,489.2,170.9,fixation
10:25:24.8858,489.8,171.2,fixation
10:25:24.8863,489.9,171.2,fixation
10:25:24.8867,489.4,170.9,fixation
10:25:24.8872,489.1,170.5,fixation
10:25:24.8877,489.2,169.6,fixation
10:25:24.8881,489.7,168.8,fixation
10:25:24.8886,490.4,167.9,fixation
10:25:24.8891,490.9,167.7,fixation
10:25:24.8895,491.2,167.4,fixation
10:25:24.89,491.0,167.8,fixation
10:25:24.8905,490.8,168.7,fixation
10:25:24.891,490.7,170.1,fixation
10:25:24.8914,490.7,171.1,fixation
10:25:24.8919,491.4,170.7,fixation
10:25:24.8924,492.2,169.8,fixation
10:25:24.8928,493.0,169.0,fixation
10:25:24.8933,492.0,168.9,fixation
10:25:24.8938,490.9,168.7,fixation
10:25:24.8942,490.0,168.1,fixation
10:25:24.8947,490.1,167.7,fixation
10:25:24.8952,489.8,167.3,fixation
10:25:24.8956,489.5,167.3,fixation
10:25:24.8961,490.7,167.5,fixation
10:25:24.8966,492.3,167.6,fixation
10:25:24.8971,492.8,167.6,fixation
10:25:24.8975,491.8,167.2,fixation
10:25:24.898,490.8,166.9,fixation
10:25:24.8985,491.2,167.0,fixation
10:25:24.8989,491.6,167.3,fixation
10:25:24.8994,491.9,167.7,fixation
10:25:24.8999,491.5,167.7,fixation
10:25:24.9003,491.0,168.5,fixation
10:25:24.9008,490.0,169.4,fixation
10:25:24.9013,489.0,169.3,fixation
10:25:24.9017,488.4,168.4,fixation
10:25:24.9022,488.2,167.9,fixation
10:25:24.9027,488.5,168.5,fixation
10:25:24.9032,489.0,168.2,fixation
10:25:24.9036,489.5,167.4,fixation
10:25:24.9041,490.4,167.4,fixation
10:25:24.9046,491.1,168.2,fixation
10:25:24.9050,490.8,168.6,fixation
10:25:24.9055,490.0,167.8,fixation
10:25:24.906,489.4,167.1,fixation
10:25:24.9064,489.4,166.8,fixation
10:25:24.9069,489.2,166.6,fixation
10:25:24.9074,488.3,166.3,fixation
10:25:24.9078,487.6,166.0,fixation
10:25:24.9083,487.4,165.3,fixation
10:25:24.9088,487.7,164.6,fixation
10:25:24.9092,488.0,163.8,fixation
10:25:24.9096,488.0,163.4,fixation
10:25:24.9101,488.1,163.1,fixation
10:25:24.9106,488.3,164.4,fixation
10:25:24.9110,488.5,165.8,fixation
10:25:24.9115,489.3,167.8,fixation
10:25:24.912,490.1,168.4,fixation
10:25:24.9124,490.1,168.9,fixation
10:25:24.9129,489.4,168.7,fixation
10:25:24.9134,488.8,168.5,fixation
10:25:24.9138,489.0,168.9,fixation
10:25:24.9142,489.0,169.2,fixation
10:25:24.9147,489.0,169.2,fixation
10:25:24.9152,489.1,168.6,fixation
10:25:24.9156,489.3,167.4,fixation
10:25:24.9161,489.0,166.5,fixation
10:25:24.9166,488.6,165.8,fixation
10:25:24.9170,488.4,165.9,fixation
10:25:24.9175,488.5,166.1,fixation
10:25:24.918,488.7,166.2,fixation
10:25:24.9184,488.7,166.5,fixation
10:25:24.9188,488.6,166.8,fixation
10:25:24.9193,488.6,167.1,fixation
10:25:24.9198,488.5,167.5,fixation
10:25:24.9202,488.5,167.8,fixation
10:25:24.9207,488.0,167.7,fixation
10:25:24.9212,487.5,167.2,fixation
10:25:24.9216,486.4,166.7,fixation
10:25:24.9221,485.8,166.7,fixation
10:25:24.9226,485.9,166.8,fixation
10:25:24.9230,486.7,166.1,fixation
10:25:24.9234,487.5,165.3,fixation
10:25:24.9239,487.5,165.2,fixation
10:25:24.9244,487.4,166.2,fixation
10:25:24.9248,487.1,167.3,fixation
10:25:24.9253,486.9,167.7,fixation
10:25:24.9258,486.7,167.7,fixation
10:25:24.9262,486.6,166.6,fixation
10:25:24.9267,487.8,165.6,fixation
10:25:24.9272,489.3,164.6,fixation
10:25:24.9276,489.5,166.4,fixation
10:25:24.9281,487.8,167.9,fixation
10:25:24.9286,486.2,169.3,fixation
10:25:24.9291,487.4,169.0,fixation
10:25:24.9295,489.2,168.7,fixation
10:25:24.93,490.4,168.1,fixation
10:25:24.9305,489.8,167.3,fixation
10:25:24.9309,489.2,166.6,fixation
10:25:24.9314,489.0,166.8,fixation
10:25:24.9319,488.8,167.0,fixation
10:25:24.9323,488.1,167.1,fixation
10:25:24.9328,487.5,167.0,fixation
10:25:24.9333,487.8,167.2,fixation
10:25:24.9337,488.8,167.7,fixation
10:25:24.9342,489.8,168.3,fixation
10:25:24.9347,489.6,169.0,fixation
10:25:24.9352,489.4,169.5,fixation
10:25:24.9356,489.6,168.1,fixation
10:25:24.9361,490.5,166.1,fixation
10:25:24.9366,491.3,164.9,fixation
10:25:24.9370,490.4,165.9,fixation
10:25:24.9375,489.2,167.0,fixation
10:25:24.938,488.1,167.5,fixation
10:25:24.9384,488.3,168.0,fixation
10:25:24.9389,488.0,168.8,fixation
10:25:24.9394,487.7,169.3,fixation
10:25:24.9398,488.5,169.7,fixation
10:25:24.9403,489.6,169.8,fixation
10:25:24.9408,490.4,168.6,fixation
10:25:24.9413,490.0,167.3,fixation
10:25:24.9417,489.5,166.0,fixation
10:25:24.9422,489.1,166.0,fixation
10:25:24.9427,488.7,166.4,fixation
10:25:24.9431,488.4,167.3,fixation
10:25:24.9436,488.4,168.2,fixation
10:25:24.9441,488.4,169.3,fixation
10:25:24.9445,488.5,170.0,fixation
10:25:24.945,488.6,169.9,fixation
10:25:24.9455,488.8,168.9,fixation
10:25:24.9459,488.9,167.9,fixation
10:25:24.9464,489.0,167.8,fixation
10:25:24.9469,488.7,168.1,fixation
10:25:24.9474,488.5,168.5,fixation
10:25:24.9478,488.5,168.5,fixation
10:25:24.9483,488.6,168.3,fixation
10:25:24.9488,488.5,168.0,fixation
10:25:24.9492,488.2,168.1,fixation
10:25:24.9497,488.1,168.2,fixation
10:25:24.9502,488.4,167.4,fixation
10:25:24.9506,488.7,166.5,fixation
10:25:24.9511,488.8,165.5,fixation
10:25:24.9516,488.9,165.3,fixation
10:25:24.9520,489.0,165.1,fixation
10:25:24.9525,489.0,165.1,fixation
10:25:24.953,489.0,165.3,fixation
10:25:24.9535,489.1,165.4,fixation
10:25:24.9539,489.0,166.1,fixation
10:25:24.9544,489.0,166.7,fixation
10:25:24.9549,489.3,167.4,fixation
10:25:24.9553,490.1,167.4,fixation
10:25:24.9558,491.0,167.4,fixation
10:25:24.9563,490.7,167.0,fixation
10:25:24.9567,490.1,166.6,fixation
10:25:24.9572,490.0,166.4,fixation
10:25:24.9577,490.6,166.5,fixation
10:25:24.9581,491.1,166.3,fixation
10:25:24.9586,490.9,166.1,fixation
10:25:24.9591,490.7,166.1,fixation
10:25:24.9596,490.5,166.2,fixation
10:25:24.9600,488.8,166.1,fixation
10:25:24.9605,487.2,165.7,fixation
10:25:24.961,486.2,165.6,fixation
10:25:24.9614,487.1,165.8,fixation
10:25:24.9619,488.0,165.8,fixation
10:25:24.9624,488.4,165.4,fixation
10:25:24.9628,488.8,165.0,fixation
10:25:24.9633,489.0,165.9,fixation
10:25:24.9638,489.1,167.7,fixation
10:25:24.9642,489.9,169.5,fixation
10:25:24.9647,490.9,170.0,fixation
10:25:24.9652,491.5,169.7,fixation
10:25:24.9657,490.8,169.0,fixation
10:25:24.9661,489.7,168.5,fixation
10:25:24.9666,488.7,167.8,fixation
10:25:24.9671,488.1,167.4,fixation
10:25:24.9675,487.7,168.0,fixation
10:25:24.968,487.8,169.1,fixation
10:25:24.9685,488.4,170.4,fixation
10:25:24.9689,488.9,170.6,fixation
10:25:24.9694,489.8,170.0,fixation
10:25:24.9699,490.2,169.2,fixation
10:25:24.9703,490.4,168.3,fixation
10:25:24.9708,490.0,169.4,fixation
10:25:24.9713,489.7,170.5,fixation
10:25:24.9717,489.7,170.9,fixation
10:25:24.9721,490.1,170.7,fixation
10:25:24.9726,490.3,170.6,fixation
10:25:24.9731,490.6,170.2,fixation
10:25:24.9735,491.0,168.4,fixation
10:25:24.974,491.4,166.6,fixation
10:25:24.9745,491.5,165.8,fixation
10:25:24.9749,491.2,166.3,fixation
10:25:24.9754,490.3,167.0,fixation
10:25:24.9759,489.5,167.8,fixation
10:25:24.9763,489.0,168.0,fixation
10:25:24.9767,489.2,167.8,fixation
10:25:24.9772,489.3,167.7,fixation
10:25:24.9777,489.4,167.1,fixation
10:25:24.9781,489.6,166.4,fixation
10:25:24.9786,489.7,165.7,fixation
10:25:24.9791,490.0,165.6,fixation
10:25:24.9795,490.2,165.5,fixation
10:25:24.98,490.0,165.6,fixation
10:25:24.9805,489.8,165.6,fixation
10:25:24.9809,489.5,165.8,fixation
10:25:24.9813,489.5,166.1,fixation
10:25:24.9818,490.2,165.8,fixation
10:25:24.9823,490.8,165.5,fixation
10:25:24.9827,490.8,164.9,fixation
10:25:24.9832,490.1,164.8,fixation
10:25:24.9837,489.5,165.3,fixation
10:25:24.9841,489.9,166.0,fixation
10:25:24.9846,490.2,166.9,fixation
10:25:24.9851,490.3,167.0,fixation
10:25:24.9855,489.6,167.3,fixation
10:25:24.9859,488.8,167.5,fixation
10:25:24.9864,488.0,167.5,fixation
10:25:24.9869,488.5,167.5,fixation
10:25:24.9873,489.2,167.0,fixation
10:25:24.9878,489.9,166.6,fixation
10:25:24.9883,489.9,166.1,fixation
10:25:24.9887,490.1,164.9,fixation
10:25:24.9892,490.1,163.8,fixation
10:25:24.9897,489.9,162.8,fixation
10:25:24.9901,490.0,162.4,fixation
10:25:24.9906,490.7,162.0,fixation
10:25:24.9911,491.1,163.9,fixation
10:25:24.9916,491.1,166.5,fixation
10:25:24.9920,490.6,168.7,fixation
10:25:24.9925,490.4,168.2,fixation
10:25:24.993,490.2,167.6,fixation
10:25:24.9934,491.0,167.1,fixation
10:25:24.9939,491.8,166.7,fixation
10:25:24.9944,492.5,165.0,fixation
10:25:24.9948,492.2,163.5,fixation
10:25:24.9953,491.5,163.7,fixation
10:25:24.9958,489.9,165.0,fixation
10:25:24.9962,489.9,166.4,saccade
10:25:24.9967,492.5,166.6,saccade
10:25:24.9972,495.1,166.7,saccade
10:25:24.9977,494.9,166.5,saccade
10:25:24.9981,493.8,166.6,saccade
10:25:24.9986,492.6,166.8,saccade
10:25:24.9991,491.9,166.7,saccade
10:25:24.9995,491.7,166.4,saccade
10:25:25.,491.4,166.0,saccade
10:25:25.0005,491.0,165.9,saccade
10:25:25.0009,490.4,165.8,saccade
10:25:25.0014,489.1,165.8,saccade
10:25:25.0019,487.9,166.8,saccade
10:25:25.0023,486.9,167.8,saccade
10:25:25.0028,486.3,168.7,saccade
10:25:25.0033,483.8,169.1,saccade
10:25:25.0038,481.3,169.2,saccade
10:25:25.0042,477.8,169.1,saccade
10:25:25.0047,475.8,167.7,saccade
10:25:25.0052,471.9,166.2,saccade
10:25:25.0056,469.0,164.0,saccade
10:25:25.0061,464.4,162.6,saccade
10:25:25.0066,461.3,161.0,saccade
10:25:25.0070,456.9,160.3,saccade
10:25:25.0075,454.5,159.7,saccade
10:25:25.008,449.9,160.1,saccade
10:25:25.0084,446.2,159.8,saccade
10:25:25.0089,442.4,159.6,saccade
10:25:25.0094,437.8,158.5,saccade
10:25:25.0099,433.8,160.3,saccade
10:25:25.0103,429.2,161.8,saccade
10:25:25.0108,427.4,163.1,saccade
10:25:25.0113,425.8,162.5,saccade
10:25:25.0117,423.6,161.9,saccade
10:25:25.0122,422.2,161.8,saccade
10:25:25.0127,420.9,162.0,saccade
10:25:25.0131,421.0,162.2,saccade
10:25:25.0136,421.5,161.9,saccade
10:25:25.0141,422.6,160.9,saccade
10:25:25.0145,423.5,159.9,saccade
10:25:25.015,425.2,159.4,saccade
10:25:25.0155,427.5,159.5,saccade
10:25:25.016,429.7,159.5,saccade
10:25:25.0164,430.9,159.5,saccade
10:25:25.0169,432.0,159.6,saccade
10:25:25.0174,433.9,159.7,saccade
10:25:25.0178,436.9,159.4,saccade
10:25:25.0183,439.0,159.1,saccade
10:25:25.0188,440.4,158.9,saccade
10:25:25.0192,441.1,159.0,saccade
10:25:25.0197,442.2,159.8,saccade
10:25:25.0202,443.1,160.6,saccade
10:25:25.0206,443.6,161.1,saccade
10:25:25.0211,444.6,160.9,saccade
10:25:25.0216,445.7,160.8,saccade
10:25:25.0221,447.9,160.8,saccade
10:25:25.0225,449.1,160.8,saccade
10:25:25.023,450.2,161.0,saccade
10:25:25.0235,450.4,161.3,saccade
10:25:25.0239,450.0,161.2,fixation
10:25:25.0244,449.2,160.6,fixation
10:25:25.0249,448.4,160.0,fixation
10:25:25.0253,448.4,160.4,fixation
10:25:25.0258,449.0,161.0,fixation
10:25:25.0263,449.9,161.7,fixation
10:25:25.0267,451.0,162.1,fixation
10:25:25.0272,451.6,162.3,fixation
10:25:25.0277,450.7,162.0,fixation
10:25:25.0282,449.2,161.6,fixation
10:25:25.0286,447.6,163.0,fixation
10:25:25.0291,447.1,164.9,fixation
10:25:25.0296,446.2,165.5,fixation
10:25:25.0300,445.5,163.0,fixation
10:25:25.0305,445.1,160.9,fixation
10:25:25.031,445.6,160.5,fixation
10:25:25.0314,445.7,161.2,fixation
10:25:25.0319,445.3,162.1,fixation
10:25:25.0324,445.6,163.2,fixation
10:25:25.0328,446.4,164.3,fixation
10:25:25.0333,447.2,165.0,fixation
10:25:25.0338,447.0,165.0,fixation
10:25:25.0342,446.7,164.5,fixation
10:25:25.0346,447.1,163.1,fixation
10:25:25.0351,447.9,161.8,fixation
10:25:25.0356,449.0,162.0,fixation
10:25:25.0360,450.1,163.2,fixation
10:25:25.0365,451.1,164.1,fixation
10:25:25.037,451.0,163.8,fixation
10:25:25.0374,450.0,163.6,fixation
10:25:25.0379,449.1,163.6,fixation
10:25:25.0384,449.0,163.7,fixation
10:25:25.0388,449.3,163.6,fixation
10:25:25.0392,449.2,163.2,fixation
10:25:25.0397,448.8,162.7,fixation
10:25:25.0402,447.8,162.1,fixation
10:25:25.0406,447.0,161.9,fixation
10:25:25.0411,446.9,161.6,fixation
10:25:25.0416,447.8,161.6,fixation
10:25:25.0420,448.7,161.6,fixation
10:25:25.0425,448.5,161.5,fixation
10:25:25.043,447.9,161.3,fixation
10:25:25.0434,446.7,161.1,fixation
10:25:25.0438,446.0,161.3,fixation
10:25:25.0443,446.7,161.7,fixation
10:25:25.0448,448.2,161.2,fixation
10:25:25.0452,449.8,160.3,fixation
10:25:25.0457,449.3,159.3,fixation
10:25:25.0462,448.6,161.2,fixation
10:25:25.0466,448.1,163.2,fixation
10:25:25.0471,448.8,165.2,fixation
10:25:25.0476,449.1,165.0,fixation
10:25:25.0480,448.9,163.9,fixation
10:25:25.0484,447.4,162.8,fixation
10:25:25.0489,446.3,163.2,fixation
10:25:25.0494,447.3,164.5,fixation
10:25:25.0498,449.0,163.8,fixation
10:25:25.0503,450.2,161.1,fixation
10:25:25.0508,449.9,158.3,fixation
10:25:25.0512,449.3,159.4,fixation
10:25:25.0517,449.3,161.2,fixation
10:25:25.0522,448.1,161.8,fixation
10:25:25.0526,447.0,160.7,fixation
10:25:25.0531,446.3,159.8,fixation
10:25:25.0536,447.0,160.2,fixation
10:25:25.0541,448.2,160.5,fixation
10:25:25.0545,449.0,160.5,fixation
10:25:25.055,449.5,160.2,fixation
10:25:25.0555,449.6,160.0,fixation
10:25:25.0559,450.3,160.0,fixation
10:25:25.0564,451.0,160.1,fixation
10:25:25.0569,451.3,160.9,fixation
10:25:25.0573,450.8,161.9,fixation
10:25:25.0578,450.3,162.8,fixation
10:25:25.0583,450.3,161.8,fixation
10:25:25.0587,450.5,160.5,fixation
10:25:25.0592,449.9,159.1,fixation
10:25:25.0597,449.0,159.2,fixation
10:25:25.0602,448.3,159.3,fixation
10:25:25.0606,448.3,160.0,fixation
10:25:25.0611,447.9,161.8,fixation
10:25:25.0616,447.4,163.4,fixation
10:25:25.0620,447.1,164.1,fixation
10:25:25.0625,447.4,162.8,fixation
10:25:25.063,447.8,161.5,fixation
10:25:25.0634,448.1,161.3,fixation
10:25:25.0639,447.6,161.8,fixation
10:25:25.0644,447.2,162.3,fixation
10:25:25.0648,448.2,162.3,fixation
10:25:25.0653,449.7,162.6,fixation
10:25:25.0658,450.5,163.2,fixation
10:25:25.0663,449.5,163.8,fixation
10:25:25.0667,448.5,164.5,fixation
10:25:25.0672,448.1,165.1,fixation
10:25:25.0677,447.9,165.4,fixation
10:25:25.0681,448.0,165.4,fixation
10:25:25.0686,448.3,165.0,fixation
10:25:25.0691,448.0,164.6,fixation
10:25:25.0695,447.1,164.3,fixation
10:25:25.07,446.0,164.0,fixation
10:25:25.0705,445.1,163.7,fixation
10:25:25.0709,444.4,163.6,fixation
10:25:25.0714,444.4,163.1,fixation
10:25:25.0719,444.7,162.8,fixation
10:25:25.0724,445.0,162.5,fixation
10:25:25.0728,445.5,163.2,fixation
10:25:25.0733,445.9,163.6,fixation
10:25:25.0738,446.6,164.0,fixation
10:25:25.0742,446.8,164.1,fixation
10:25:25.0747,447.0,164.8,fixation
10:25:25.0752,449.0,165.7,fixation
10:25:25.0756,451.0,166.4,fixation
10:25:25.0761,451.2,166.0,fixation
10:25:25.0766,449.3,163.8,fixation
10:25:25.0770,447.5,161.5,fixation
10:25:25.0775,448.0,159.5,fixation
10:25:25.078,448.2,159.8,fixation
10:25:25.0785,448.5,160.6,fixation
10:25:25.0789,448.1,163.0,fixation
10:25:25.0794,447.7,164.6,fixation
10:25:25.0799,447.4,166.1,fixation
10:25:25.0803,446.7,165.7,fixation
10:25:25.0808,445.9,164.8,fixation
10:25:25.0813,445.2,163.0,fixation
10:25:25.0817,445.3,161.5,fixation
10:25:25.0822,445.4,162.3,fixation
10:25:25.0827,445.9,164.1,fixation
10:25:25.0831,446.8,165.8,fixation
10:25:25.0836,447.8,164.7,fixation
10:25:25.0841,448.2,163.7,fixation
10:25:25.0846,448.2,163.0,fixation
10:25:25.0850,448.2,163.1,fixation
10:25:25.0855,448.2,163.1,fixation
10:25:25.086,448.2,162.5,fixation
10:25:25.0864,448.1,162.0,fixation
10:25:25.0869,448.0,163.3,fixation
10:25:25.0874,448.0,164.8,fixation
10:25:25.0878,448.1,165.8,fixation
10:25:25.0883,447.8,165.2,fixation
10:25:25.0888,447.6,164.4,fixation
10:25:25.0892,447.3,163.7,fixation
10:25:25.0897,447.2,163.2,fixation
10:25:25.0902,447.1,163.0,fixation
10:25:25.0907,447.2,163.1,fixation
10:25:25.0911,447.4,163.3,fixation
10:25:25.0916,448.1,163.6,fixation
10:25:25.0921,448.6,164.6,fixation
10:25:25.0925,449.1,165.4,fixation
10:25:25.093,448.2,163.7,fixation
10:25:25.0935,447.2,161.3,fixation
10:25:25.0939,447.6,160.8,fixation
10:25:25.0944,449.0,162.7,fixation
10:25:25.0949,449.8,162.5,fixation
10:25:25.0953,449.3,160.4,fixation
10:25:25.0958,448.6,159.1,fixation
10:25:25.0963,448.4,160.2,fixation
10:25:25.0967,449.0,162.0,fixation
10:25:25.0971,449.8,163.0,fixation
10:25:25.0976,449.6,164.1,fixation
10:25:25.0981,448.7,164.5,fixation
10:25:25.0985,447.9,164.9,fixation
10:25:25.099,448.1,165.1,fixation
10:25:25.0995,448.4,164.5,fixation
10:25:25.0999,447.5,163.7,fixation
10:25:25.1004,446.6,162.9,fixation
10:25:25.1009,446.4,162.9,fixation
10:25:25.1013,447.1,162.9,fixation
10:25:25.1017,447.8,163.1,fixation
10:25:25.1022,447.9,163.2,fixation
10:25:25.1027,448.6,162.7,fixation
10:25:25.1031,449.4,162.1,fixation
10:25:25.1036,449.9,161.8,fixation
10:25:25.1041,449.9,162.1,fixation
10:25:25.1045,449.9,162.5,fixation
10:25:25.105,450.0,162.4,fixation
10:25:25.1055,450.0,162.3,fixation
10:25:25.1059,448.7,161.7,fixation
10:25:25.1063,447.4,161.3,fixation
10:25:25.1068,446.2,160.9,fixation
10:25:25.1073,446.4,161.1,fixation
10:25:25.1077,446.3,161.1,fixation
10:25:25.1082,446.0,160.7,fixation
10:25:25.1087,445.9,159.5,fixation
10:25:25.1091,446.1,158.4,fixation
10:25:25.1096,446.4,159.5,fixation
10:25:25.1101,447.4,161.6,fixation
10:25:25.1105,448.3,163.5,fixation
10:25:25.1109,449.3,163.4,fixation
10:25:25.1114,449.1,163.2,fixation
10:25:25.1119,448.7,163.0,fixation
10:25:25.1123,447.4,162.6,fixation
10:25:25.1128,446.4,162.4,fixation
10:25:25.1133,445.7,162.3,fixation
10:25:25.1137,445.7,162.3,fixation
10:25:25.1142,446.5,161.9,fixation
10:25:25.1147,447.4,161.5,fixation
10:25:25.1151,448.8,161.2,fixation
10:25:25.1156,449.3,162.1,fixation
10:25:25.1161,449.7,163.1,fixation
10:25:25.1166,449.3,163.9,fixation
10:25:25.1170,447.8,163.8,fixation
10:25:25.1175,446.3,163.5,fixation
10:25:25.118,445.1,163.3,fixation
10:25:25.1184,445.1,163.2,fixation
10:25:25.1189,445.0,163.3,fixation
10:25:25.1194,445.9,163.4,fixation
10:25:25.1198,446.8,163.6,fixation
10:25:25.1203,447.2,163.8,fixation
10:25:25.1208,446.3,164.0,fixation
10:25:25.1212,445.5,163.4,fixation
10:25:25.1217,445.6,162.7,fixation
10:25:25.1222,446.0,162.1,fixation
10:25:25.1227,446.4,162.1,fixation
10:25:25.1231,446.4,162.4,fixation
10:25:25.1236,446.3,162.8,fixation
10:25:25.1241,446.3,163.2,fixation
10:25:25.1245,446.7,162.7,fixation
10:25:25.125,447.2,161.8,fixation
10:25:25.1255,447.3,160.9,fixation
10:25:25.1259,447.0,161.2,fixation
10:25:25.1264,446.6,161.7,fixation
10:25:25.1269,446.9,162.4,fixation
10:25:25.1273,447.3,163.4,fixation
10:25:25.1278,447.5,164.4,fixation
10:25:25.1283,447.3,165.2,fixation
10:25:25.1288,446.9,164.9,fixation
10:25:25.1292,446.1,164.6,fixation
10:25:25.1297,445.3,165.0,fixation
10:25:25.1302,445.8,165.7,fixation
10:25:25.1306,446.8,166.2,fixation
10:25:25.1311,447.3,165.4,fixation
10:25:25.1316,446.9,164.5,fixation
10:25:25.1320,446.6,163.1,fixation
10:25:25.1325,446.7,162.3,fixation
10:25:25.133,447.4,162.3,fixation
10:25:25.1334,448.0,162.9,fixation
10:25:25.1339,448.4,163.0,fixation
10:25:25.1344,448.4,162.5,fixation
10:25:25.1349,448.2,163.4,fixation
10:25:25.1353,448.1,164.8,fixation
10:25:25.1358,448.7,166.2,fixation
10:25:25.1363,449.4,165.8,fixation
10:25:25.1367,449.0,165.3,fixation
10:25:25.1372,447.8,164.7,fixation
10:25:25.1377,446.7,163.9,fixation
10:25:25.1381,448.2,163.3,fixation
10:25:25.1386,449.7,163.2,fixation
10:25:25.1391,449.0,163.6,fixation
10:25:25.1395,446.7,164.2,fixation
10:25:25.14,444.6,164.3,fixation
10:25:25.1405,444.5,164.6,fixation
10:25:25.141,444.5,164.6,fixation
10:25:25.1414,444.9,164.9,fixation
10:25:25.1419,445.4,165.2,fixation
10:25:25.1424,445.8,166.1,fixation
10:25:25.1428,445.8,166.6,fixation
10:25:25.1433,445.7,166.1,fixation
10:25:25.1438,445.6,164.7,fixation
10:25:25.1442,445.6,162.6,fixation
10:25:25.1447,445.6,161.5,fixation
10:25:25.1452,445.4,162.0,fixation
10:25:25.1456,445.7,163.3,fixation
10:25:25.1461,447.2,163.8,fixation
10:25:25.1466,448.8,162.8,fixation
10:25:25.1471,449.2,163.7,fixation
10:25:25.1475,448.4,165.4,fixation
10:25:25.148,447.9,167.3,fixation
10:25:25.1485,448.2,167.3,fixation
10:25:25.1489,448.5,167.2,fixation
10:25:25.1494,448.7,166.9,fixation
10:25:25.1499,448.9,166.6,fixation
10:25:25.1503,449.1,166.4,fixation
10:25:25.1508,449.4,165.7,fixation
10:25:25.1513,448.0,164.9,fixation
10:25:25.1517,446.5,164.1,fixation
10:25:25.1522,445.3,164.0,fixation
10:25:25.1527,445.7,164.3,fixation
10:25:25.1532,446.1,164.6,fixation
10:25:25.1536,446.5,164.4,fixation
10:25:25.1541,447.0,163.9,fixation
10:25:25.1546,447.6,163.3,fixation
10:25:25.1550,447.8,163.8,fixation
10:25:25.1555,447.2,165.8,fixation
10:25:25.156,446.7,167.8,fixation
10:25:25.1564,446.7,167.0,fixation
10:25:25.1569,447.7,164.7,fixation
10:25:25.1574,448.7,162.9,fixation
10:25:25.1578,449.0,163.3,fixation
10:25:25.1583,449.0,163.7,fixation
10:25:25.1588,448.6,163.6,fixation
10:25:25.1592,448.3,163.6,fixation
10:25:25.1596,447.6,163.6,fixation
10:25:25.1601,446.5,163.6,fixation
10:25:25.1606,445.6,163.8,fixation
10:25:25.1610,446.1,164.5,fixation
10:25:25.1615,446.8,165.2,fixation
10:25:25.162,447.4,166.1,fixation
10:25:25.1624,447.3,166.7,fixation
10:25:25.1629,447.3,166.4,fixation
10:25:25.1634,447.6,165.1,fixation
10:25:25.1638,447.7,163.7,fixation
10:25:25.1642,447.7,163.9,fixation
10:25:25.1647,447.5,164.4,fixation
10:25:25.1652,447.3,165.0,fixation
10:25:25.1656,447.1,164.6,fixation
10:25:25.1661,447.1,164.3,fixation
10:25:25.1666,447.0,164.0,fixation
10:25:25.1670,446.9,164.2,fixation
10:25:25.1675,447.7,164.6,fixation
10:25:25.168,448.5,165.2,fixation
10:25:25.1684,448.5,165.8,fixation
10:25:25.1688,447.4,167.0,fixation
10:25:25.1693,447.0,168.1,fixation
10:25:25.1698,447.4,168.8,fixation
10:25:25.1702,448.0,168.3,fixation
10:25:25.1707,448.3,166.7,fixation
10:25:25.1712,448.5,165.3,fixation
10:25:25.1716,448.1,164.1,fixation
10:25:25.1721,447.4,164.8,fixation
10:25:25.1726,446.8,165.5,fixation
10:25:25.1730,447.1,166.3,fixation
10:25:25.1734,447.5,166.2,fixation
10:25:25.1739,447.9,166.0,fixation
10:25:25.1744,448.0,165.7,fixation
10:25:25.1748,448.1,165.6,fixation
10:25:25.1753,448.3,165.6,fixation
10:25:25.1758,448.4,165.6,fixation
10:25:25.1762,448.1,165.1,fixation
10:25:25.1767,447.8,165.0,fixation
10:25:25.1772,448.3,165.4,fixation
10:25:25.1776,449.1,167.0,fixation
10:25:25.1781,448.3,168.0,fixation
10:25:25.1786,446.7,168.5,fixation
10:25:25.1791,446.1,167.8,fixation
10:25:25.1795,447.1,166.9,fixation
10:25:25.18,448.2,165.9,fixation
10:25:25.1805,448.4,165.4,fixation
10:25:25.1809,448.5,164.9,fixation
10:25:25.1814,448.5,164.7,fixation
10:25:25.1819,448.5,164.4,fixation
10:25:25.1823,448.5,164.3,fixation
10:25:25.1828,448.8,164.3,fixation
10:25:25.1833,449.2,163.7,fixation
10:25:25.1837,449.0,162.7,fixation
10:25:25.1842,449.3,161.4,fixation
10:25:25.1847,449.3,160.7,fixation
10:25:25.1852,449.7,160.5,fixation
10:25:25.1856,449.4,161.6,fixation
10:25:25.1861,449.0,162.9,fixation
10:25:25.1866,448.5,163.7,fixation
10:25:25.1870,447.1,163.4,fixation
10:25:25.1875,446.0,163.1,fixation
10:25:25.188,445.4,163.1,fixation
10:25:25.1884,445.9,163.3,fixation
10:25:25.1889,446.9,163.4,fixation
10:25:25.1894,447.7,163.8,fixation
10:25:25.1898,448.2,164.5,fixation
10:25:25.1903,448.0,165.2,fixation
10:25:25.1908,447.6,166.0,fixation
10:25:25.1913,447.3,166.5,fixation
10:25:25.1917,447.1,167.0,fixation
10:25:25.1922,446.8,166.9,fixation
10:25:25.1927,446.5,166.9,fixation
10:25:25.1931,446.4,166.7,fixation
10:25:25.1936,446.3,166.1,fixation
10:25:25.1941,446.0,164.4,fixation
10:25:25.1945,445.7,163.2,fixation
10:25:25.195,445.5,162.6,fixation
10:25:25.1955,445.4,163.7,fixation
10:25:25.1959,445.5,164.4,fixation
10:25:25.1964,445.8,164.9,fixation
10:25:25.1969,446.1,163.8,fixation
10:25:25.1974,446.2,162.9,fixation
10:25:25.1978,446.0,162.4,fixation
10:25:25.1983,446.0,162.9,fixation
10:25:25.1988,446.0,162.8,fixation
10:25:25.1992,446.2,162.4,fixation
10:25:25.1997,446.7,162.5,fixation
10:25:25.2002,447.0,163.2,fixation
10:25:25.2006,447.3,163.9,fixation
10:25:25.2011,447.3,164.0,fixation
10:25:25.2016,447.6,164.1,fixation
10:25:25.2020,447.8,164.3,fixation
10:25:25.2025,448.1,162.7,fixation
10:25:25.203,448.2,161.1,fixation
10:25:25.2035,448.0,161.5,fixation
10:25:25.2039,447.8,163.5,fixation
10:25:25.2044,447.5,166.9,fixation
10:25:25.2049,447.4,168.1,fixation
10:25:25.2053,447.2,169.2,fixation
10:25:25.2058,447.1,169.0,fixation
10:25:25.2063,447.2,168.7,fixation
10:25:25.2067,447.3,168.1,fixation
10:25:25.2072,447.4,167.5,fixation
10:25:25.2077,447.3,167.3,fixation
10:25:25.2081,447.2,167.3,fixation
10:25:25.2086,446.5,167.2,fixation
10:25:25.2091,446.0,166.7,fixation
10:25:25.2096,445.4,166.2,fixation
10:25:25.2100,445.4,165.8,fixation
10:25:25.2105,445.3,166.0,fixation
10:25:25.211,445.3,166.4,fixation
10:25:25.2114,445.3,166.7,fixation
10:25:25.2119,445.4,166.1,fixation
10:25:25.2124,445.5,165.2,fixation
10:25:25.2128,445.6,164.5,fixation
10:25:25.2133,446.4,164.9,fixation
10:25:25.2138,447.2,166.6,fixation
10:25:25.2142,446.5,168.0,fixation
10:25:25.2147,444.8,168.9,fixation
10:25:25.2152,445.0,168.7,fixation
10:25:25.2157,446.7,168.7,fixation
10:25:25.2161,448.0,167.6,fixation
10:25:25.2166,447.6,166.3,fixation
10:25:25.2171,447.1,164.4,fixation
10:25:25.2175,447.1,163.7,fixation
10:25:25.218,447.2,164.0,fixation
10:25:25.2185,447.1,166.5,fixation
10:25:25.2189,447.1,169.1,fixation
10:25:25.2194,446.8,170.7,fixation
10:25:25.2199,446.8,170.7,fixation
10:25:25.2203,447.2,169.8,fixation
10:25:25.2208,447.7,169.0,fixation
10:25:25.2213,448.2,168.0,fixation
10:25:25.2217,448.3,167.8,fixation
10:25:25.2221,448.4,167.6,fixation
10:25:25.2226,448.5,167.5,fixation
10:25:25.2231,448.3,167.5,fixation
10:25:25.2235,448.1,166.7,fixation
10:25:25.224,448.0,166.0,fixation
10:25:25.2245,447.9,165.1,fixation
10:25:25.2249,448.3,165.1,fixation
10:25:25.2254,448.6,167.0,fixation
10:25:25.2259,449.4,169.0,fixation
10:25:25.2263,449.7,170.4,fixation
10:25:25.2267,449.6,169.6,fixation
10:25:25.2272,449.0,168.7,fixation
10:25:25.2277,448.0,168.3,fixation
10:25:25.2281,447.4,168.2,fixation
10:25:25.2286,446.8,168.3,fixation
10:25:25.2291,447.1,168.4,fixation
10:25:25.2295,447.6,168.7,fixation
10:25:25.23,447.9,168.9,fixation
10:25:25.2305,447.7,169.0,fixation
10:25:25.2309,447.6,169.0,fixation
10:25:25.2313,447.7,169.1,fixation
10:25:25.2318,447.7,169.7,fixation
10:25:25.2323,447.7,170.2,fixation
10:25:25.2327,447.6,170.4,fixation
10:25:25.2332,447.3,170.0,fixation
10:25:25.2337,447.0,169.7,fixation
10:25:25.2341,446.9,169.8,fixation
10:25:25.2346,446.6,169.8,fixation
10:25:25.2351,446.4,168.1,fixation
10:25:25.2355,446.8,166.4,fixation
10:25:25.2359,447.5,164.8,fixation
10:25:25.2364,448.8,166.9,fixation
10:25:25.2369,449.7,168.9,fixation
10:25:25.2373,450.2,170.9,fixation
10:25:25.2378,449.8,171.1,fixation
10:25:25.2383,449.4,171.2,fixation
10:25:25.2387,449.1,170.1,fixation
10:25:25.2392,448.2,168.8,fixation
10:25:25.2397,446.9,168.4,fixation
10:25:25.2401,445.8,169.1,fixation
10:25:25.2406,446.5,169.8,fixation
10:25:25.2411,447.8,169.0,fixation
10:25:25.2416,449.5,168.5,fixation
10:25:25.2420,450.0,168.1,fixation
10:25:25.2425,450.2,168.2,fixation
10:25:25.243,449.8,168.3,fixation
10:25:25.2434,448.6,168.4,fixation
10:25:25.2439,447.7,168.5,fixation
10:25:25.2444,447.0,168.6,fixation
10:25:25.2448,447.2,169.0,fixation
10:25:25.2453,447.4,169.5,fixation
10:25:25.2458,447.3,168.1,fixation
10:25:25.2462,446.9,166.2,fixation
10:25:25.2467,446.5,165.0,fixation
10:25:25.2472,446.0,166.1,fixation
10:25:25.2477,445.5,167.5,fixation
10:25:25.2481,445.0,168.3,fixation
10:25:25.2486,445.0,168.9,fixation
10:25:25.2491,444.8,169.2,fixation
10:25:25.2495,444.7,169.5,fixation
10:25:25.25,444.5,169.6,fixation
10:25:25.2505,445.1,169.4,fixation
10:25:25.2509,445.8,169.0,fixation
10:25:25.2514,445.2,168.6,fixation
10:25:25.2519,443.9,168.9,fixation
10:25:25.2523,442.8,169.4,fixation
10:25:25.2528,444.1,169.0,fixation
10:25:25.2533,445.3,168.0,fixation
10:25:25.2538,445.8,167.4,fixation
10:25:25.2542,444.7,168.3,fixation
10:25:25.2547,443.7,169.0,fixation
10:25:25.2552,444.6,169.4,fixation
10:25:25.2556,445.8,169.5,fixation
10:25:25.2561,446.9,169.9,fixation
10:25:25.2566,446.7,170.3,fixation
10:25:25.2570,446.7,169.8,fixation
10:25:25.2575,447.1,169.0,fixation
10:25:25.258,447.2,169.4,fixation
10:25:25.2584,447.2,170.5,fixation
10:25:25.2589,447.1,171.4,fixation
10:25:25.2594,447.1,171.0,fixation
10:25:25.2599,446.8,170.8,fixation
10:25:25.2603,446.3,170.7,fixation
10:25:25.2608,445.8,170.5,fixation
10:25:25.2613,445.2,170.0,fixation
10:25:25.2617,445.0,169.6,fixation
10:25:25.2622,445.1,169.6,fixation
10:25:25.2627,445.6,170.1,fixation
10:25:25.2631,446.3,170.6,fixation
10:25:25.2636,446.8,169.1,fixation
10:25:25.2641,447.0,167.2,fixation
10:25:25.2645,446.5,166.3,fixation
10:25:25.265,446.0,167.4,fixation
10:25:25.2655,445.7,168.1,fixation
10:25:25.266,446.3,167.7,fixation
10:25:25.2664,447.0,167.4,fixation
10:25:25.2669,447.6,167.6,fixation
10:25:25.2674,447.7,169.4,fixation
10:25:25.2678,447.4,171.1,fixation
10:25:25.2683,447.2,171.6,fixation
10:25:25.2688,447.3,170.5,fixation
10:25:25.2692,446.1,169.5,fixation
10:25:25.2697,444.8,169.7,fixation
10:25:25.2702,443.5,169.9,fixation
10:25:25.2706,443.8,170.2,fixation
10:25:25.2711,445.4,170.4,fixation
10:25:25.2716,447.0,170.7,fixation
10:25:25.2721,447.5,170.5,fixation
10:25:25.2725,446.7,170.0,fixation
10:25:25.273,446.0,170.1,fixation
10:25:25.2735,446.1,170.8,fixation
10:25:25.2739,446.5,170.7,fixation
10:25:25.2744,447.0,169.9,fixation
10:25:25.2749,446.8,169.1,fixation
10:25:25.2753,446.2,170.3,fixation
10:25:25.2758,445.3,171.7,fixation
10:25:25.2763,444.9,173.2,fixation
10:25:25.2767,444.9,173.5,fixation
10:25:25.2772,446.3,174.0,fixation
10:25:25.2777,447.9,172.6,fixation
10:25:25.2782,447.9,170.5,fixation
10:25:25.2786,446.8,168.2,fixation
10:25:25.2791,445.7,167.6,fixation
10:25:25.2796,445.9,167.6,fixation
10:25:25.2800,446.0,168.6,fixation
10:25:25.2805,446.0,169.7,fixation
10:25:25.281,446.1,170.9,fixation
10:25:25.2814,446.3,171.1,fixation
10:25:25.2819,446.2,170.2,fixation
10:25:25.2824,445.9,169.2,fixation
10:25:25.2828,445.7,167.9,fixation
10:25:25.2833,445.4,167.6,fixation
10:25:25.2838,444.8,169.2,fixation
10:25:25.2842,444.3,171.0,fixation
10:25:25.2846,444.5,171.4,fixation
10:25:25.2851,445.3,170.1,fixation
10:25:25.2856,445.8,169.4,fixation
10:25:25.2860,446.1,170.1,fixation
10:25:25.2865,446.1,170.8,fixation
10:25:25.287,446.3,171.3,fixation
10:25:25.2874,446.5,172.0,fixation
10:25:25.2879,446.7,172.6,fixation
10:25:25.2884,446.7,172.6,fixation
10:25:25.2888,446.8,172.6,fixation
10:25:25.2892,447.1,173.1,fixation
10:25:25.2897,447.8,173.7,fixation
10:25:25.2902,448.5,173.5,fixation
10:25:25.2906,448.6,172.8,fixation
10:25:25.2911,447.9,172.1,fixation
10:25:25.2916,447.1,172.3,fixation
10:25:25.2920,446.4,172.5,fixation
10:25:25.2925,445.8,171.8,fixation
10:25:25.293,445.2,170.8,fixation
10:25:25.2934,446.2,171.5,fixation
10:25:25.2938,447.4,173.3,fixation
10:25:25.2943,448.7,174.5,fixation
10:25:25.2948,447.7,173.5,fixation
10:25:25.2952,446.8,172.3,fixation
10:25:25.2957,446.0,171.4,fixation
10:25:25.2962,446.3,170.9,fixation
10:25:25.2966,447.0,170.6,fixation
10:25:25.2971,447.4,170.4,fixation
10:25:25.2976,447.9,170.5,fixation
10:25:25.2980,448.1,171.2,fixation
10:25:25.2984,448.3,172.5,fixation
10:25:25.2989,448.6,174.4,fixation
10:25:25.2994,448.8,175.6,fixation
10:25:25.2998,448.3,175.2,fixation
10:25:25.3003,447.6,174.3,fixation
10:25:25.3008,446.8,173.4,fixation
10:25:25.3012,446.7,174.1,fixation
10:25:25.3017,446.5,175.3,fixation
10:25:25.3022,446.3,176.5,fixation
10:25:25.3026,446.9,176.3,fixation
10:25:25.3031,447.7,175.7,fixation
10:25:25.3036,448.4,175.2,fixation
10:25:25.3041,448.6,175.6,fixation
10:25:25.3045,448.8,175.8,fixation
10:25:25.305,448.9,175.7,fixation
10:25:25.3055,448.7,175.5,fixation
10:25:25.3059,448.4,175.1,fixation
10:25:25.3064,448.2,175.1,fixation
10:25:25.3069,448.8,175.4,fixation
10:25:25.3073,449.8,174.4,fixation
10:25:25.3078,451.1,173.3,fixation
10:25:25.3083,451.5,172.1,fixation
10:25:25.3087,451.6,172.2,fixation
10:25:25.3092,451.2,172.2,fixation
10:25:25.3097,450.7,173.6,fixation
10:25:25.3102,450.3,175.0,fixation
10:25:25.3106,450.1,176.3,fixation
10:25:25.3111,450.3,176.2,fixation
10:25:25.3116,450.7,175.1,fixation
10:25:25.3120,450.9,174.0,fixation
10:25:25.3125,450.9,173.2,fixation
10:25:25.313,449.6,173.4,fixation
10:25:25.3134,448.4,173.5,fixation
10:25:25.3139,447.1,173.0,fixation
10:25:25.3144,446.8,172.6,fixation
10:25:25.3148,446.2,174.5,fixation
10:25:25.3153,446.2,176.7,fixation
10:25:25.3158,446.8,177.5,fixation
10:25:25.3163,447.1,175.9,fixation
10:25:25.3167,447.4,174.4,fixation
10:25:25.3172,447.1,175.3,fixation
10:25:25.3177,447.0,176.3,fixation
10:25:25.3181,446.4,176.1,fixation
10:25:25.3186,446.8,175.0,fixation
10:25:25.3191,447.4,174.2,fixation
10:25:25.3195,448.2,174.7,fixation
10:25:25.32,448.5,175.5,fixation
10:25:25.3205,448.2,175.9,fixation
10:25:25.3209,447.6,176.1,fixation
10:25:25.3214,446.9,175.4,fixation
10:25:25.3219,446.8,174.9,fixation
10:25:25.3224,446.9,174.1,fixation
10:25:25.3228,447.2,173.9,fixation
10:25:25.3233,447.3,174.3,fixation
10:25:25.3238,447.1,175.4,fixation
10:25:25.3242,445.9,176.7,fixation
10:25:25.3247,445.0,178.3,saccade
10:25:25.3252,446.5,179.0,saccade
10:25:25.3256,447.4,179.6,saccade
10:25:25.3261,446.9,179.4,saccade
10:25:25.3266,446.2,179.8,saccade
10:25:25.3270,446.0,180.2,saccade
10:25:25.3275,445.8,180.4,saccade
10:25:25.328,446.3,180.4,saccade
10:25:25.3285,447.2,181.1,saccade
10:25:25.3289,448.4,183.7,saccade
10:25:25.3294,449.1,186.2,saccade
10:25:25.3299,449.5,188.0,saccade
10:25:25.3303,449.5,188.1,saccade
10:25:25.3308,448.6,189.5,saccade
10:25:25.3313,447.7,190.9,saccade
10:25:25.3317,447.4,195.1,saccade
10:25:25.3322,448.5,198.9,saccade
10:25:25.3327,449.4,204.6,saccade
10:25:25.3331,449.5,208.8,saccade
10:25:25.3336,449.1,211.8,saccade
10:25:25.3341,448.5,216.8,saccade
10:25:25.3346,448.9,221.0,saccade
10:25:25.3350,449.1,228.8,saccade
10:25:25.3355,450.6,236.3,saccade
10:25:25.336,450.8,245.9,saccade
10:25:25.3364,451.0,255.8,saccade
10:25:25.3369,450.2,263.9,saccade
10:25:25.3374,450.4,271.6,saccade
10:25:25.3378,452.4,279.8,saccade
10:25:25.3383,454.2,289.9,saccade
10:25:25.3388,455.1,300.4,saccade
10:25:25.3392,454.3,310.7,saccade
10:25:25.3397,455.3,318.4,saccade
10:25:25.3402,457.9,327.0,saccade
10:25:25.3407,460.5,336.7,saccade
10:25:25.3411,461.1,349.6,saccade
10:25:25.3416,462.0,363.8,saccade
10:25:25.3421,463.1,375.1,saccade
10:25:25.3425,465.8,385.1,saccade
10:25:25.343,468.5,395.9,saccade
10:25:25.3435,471.5,406.6,saccade
10:25:25.3439,473.3,415.6,saccade
10:25:25.3444,475.0,423.1,saccade
10:25:25.3449,478.2,432.1,saccade
10:25:25.3453,481.3,442.6,saccade
10:25:25.3458,483.4,453.5,saccade
10:25:25.3463,483.5,463.1,saccade
10:25:25.3467,483.7,472.4,saccade
10:25:25.3471,483.1,480.2,saccade
10:25:25.3476,484.8,486.9,saccade
10:25:25.3481,487.8,495.1,saccade
10:25:25.3485,491.5,502.4,saccade
10:25:25.349,493.0,509.7,saccade
10:25:25.3495,495.1,516.9,saccade
10:25:25.3499,497.3,522.2,saccade
10:25:25.3504,499.8,527.8,saccade
10:25:25.3509,502.0,533.0,saccade
10:25:25.3513,505.8,540.4,saccade
10:25:25.3517,509.6,546.1,saccade
10:25:25.3522,511.5,552.9,saccade
10:25:25.3527,512.8,559.5,saccade
10:25:25.3531,515.5,569.4,saccade
10:25:25.3536,519.4,576.0,saccade
10:25:25.3541,523.8,582.4,saccade
10:25:25.3545,527.7,586.8,saccade
10:25:25.355,533.6,594.0,saccade
10:25:25.3555,537.2,602.1,saccade
10:25:25.3559,542.7,610.4,saccade
10:25:25.3563,546.2,618.6,saccade
10:25:25.3568,551.4,625.1,saccade
10:25:25.3573,554.3,635.0,saccade
10:25:25.3577,557.8,641.3,saccade
10:25:25.3582,559.4,651.7,saccade
10:25:25.3587,560.4,657.6,saccade
10:25:25.3591,559.7,664.9,saccade
10:25:25.3596,560.7,670.8,saccade
10:25:25.3601,561.4,679.2,saccade
10:25:25.3605,562.6,688.9,saccade
10:25:25.3609,563.3,698.2,saccade
10:25:25.3614,564.3,705.9,saccade
10:25:25.3619,564.4,715.0,saccade
10:25:25.3623,565.0,720.9,saccade
10:25:25.3628,565.4,729.2,saccade
10:25:25.3633,565.5,734.7,saccade
10:25:25.3637,564.3,740.1,saccade
10:25:25.3642,563.5,742.1,saccade
10:25:25.3647,563.1,745.7,saccade
10:25:25.3651,560.8,749.1,saccade
10:25:25.3656,558.5,753.5,saccade
10:25:25.3661,556.3,757.1,saccade
10:25:25.3666,555.5,760.6,saccade
10:25:25.3670,554.4,762.5,saccade
10:25:25.3675,553.3,762.3,saccade
10:25:25.368,552.6,762.2,saccade
10:25:25.3684,552.3,762.2,saccade
10:25:25.3689,551.3,762.0,saccade
10:25:25.3694,550.4,761.6,saccade
10:25:25.3698,549.2,759.8,saccade
10:25:25.3703,548.7,756.9,saccade
10:25:25.3708,547.0,753.5,saccade
10:25:25.3712,545.8,751.1,saccade
10:25:25.3717,547.0,748.7,saccade
10:25:25.3722,549.4,747.0,saccade
10:25:25.3727,551.8,745.4,saccade
10:25:25.3731,552.2,743.4,saccade
10:25:25.3736,552.5,741.4,saccade
10:25:25.3741,553.0,737.1,saccade
10:25:25.3745,553.4,734.5,saccade
10:25:25.375,554.7,733.1,saccade
10:25:25.3755,555.5,734.3,saccade
10:25:25.3759,556.4,735.4,saccade
10:25:25.3764,556.3,735.6,saccade
10:25:25.3769,556.4,736.0,saccade
10:25:25.3773,556.5,736.2,saccade
10:25:25.3778,558.0,736.2,saccade
10:25:25.3783,560.7,735.9,fixation
10:25:25.3788,560.4,735.6,fixation
10:25:25.3792,560.0,735.4,fixation
10:25:25.3797,559.9,735.7,fixation
10:25:25.3802,559.9,735.9,fixation
10:25:25.3806,558.8,735.9,fixation
10:25:25.3811,557.5,736.4,fixation
10:25:25.3816,557.4,739.0,fixation
10:25:25.3820,558.5,741.6,fixation
10:25:25.3825,559.7,743.6,fixation
10:25:25.383,559.7,743.5,fixation
10:25:25.3834,559.8,743.5,fixation
10:25:25.3839,560.1,743.9,fixation
10:25:25.3844,560.4,744.8,fixation
10:25:25.3849,560.3,746.8,fixation
10:25:25.3853,559.6,748.4,fixation
10:25:25.3858,559.1,747.7,fixation
10:25:25.3863,559.1,745.9,fixation
10:25:25.3867,559.3,743.8,fixation
10:25:25.3872,559.0,743.4,fixation
10:25:25.3877,558.7,743.1,fixation
10:25:25.3881,558.3,743.0,fixation
10:25:25.3886,559.0,743.7,fixation
10:25:25.3891,559.6,745.0,fixation
10:25:25.3895,560.3,746.0,fixation
10:25:25.39,560.6,746.4,fixation
10:25:25.3905,560.9,746.4,fixation
10:25:25.391,560.9,746.7,fixation
10:25:25.3914,560.4,747.0,fixation
10:25:25.3919,559.4,747.0,fixation
10:25:25.3924,558.6,746.9,fixation
10:25:25.3928,558.1,747.1,fixation
10:25:25.3933,558.2,747.4,fixation
10:25:25.3938,558.4,747.7,fixation
10:25:25.3942,558.5,748.1,fixation
10:25:25.3947,558.6,748.8,fixation
10:25:25.3952,559.8,749.2,fixation
10:25:25.3956,560.8,749.4,fixation
10:25:25.3961,561.7,749.8,fixation
10:25:25.3966,561.6,750.4,fixation
10:25:25.3971,561.5,751.6,fixation
10:25:25.3975,561.7,752.7,fixation
10:25:25.398,561.4,753.9,fixation
10:25:25.3985,561.0,754.3,fixation
10:25:25.3989,560.6,753.8,fixation
10:25:25.3994,560.8,753.2,fixation
10:25:25.3999,560.7,752.7,fixation
10:25:25.4003,560.5,752.4,fixation
10:25:25.4008,560.3,752.2,fixation
10:25:25.4013,560.3,752.0,fixation
10:25:25.4017,560.9,752.7,fixation
10:25:25.4022,561.6,753.5,fixation
10:25:25.4027,562.1,754.5,fixation
10:25:25.4032,560.0,754.5,fixation
10:25:25.4036,558.1,752.2,fixation
10:25:25.4041,556.6,749.8,fixation
10:25:25.4046,557.1,750.5,fixation
10:25:25.4050,557.4,753.5,fixation
10:25:25.4055,558.0,756.3,fixation
10:25:25.406,558.6,755.8,fixation
10:25:25.4064,559.1,755.4,fixation
10:25:25.4069,558.8,755.1,fixation
10:25:25.4074,558.1,754.9,fixation
10:25:25.4078,557.2,754.5,fixation
10:25:25.4083,556.6,753.4,fixation
10:25:25.4088,558.5,752.4,fixation
10:25:25.4092,560.7,752.1,fixation
10:25:25.4096,562.4,753.0,fixation
10:25:25.4101,560.8,753.7,fixation
10:25:25.4106,559.2,755.2,fixation
10:25:25.4110,558.3,756.3,fixation
10:25:25.4115,558.6,755.0,fixation
10:25:25.412,558.7,752.6,fixation
10:25:25.4124,558.5,750.6,fixation
10:25:25.4129,558.0,750.4,fixation
10:25:25.4134,558.0,750.3,fixation
10:25:25.4138,557.8,751.8,fixation
10:25:25.4142,557.8,753.9,fixation
10:25:25.4147,557.8,755.8,fixation
10:25:25.4152,558.3,755.7,fixation
10:25:25.4156,558.9,755.6,fixation
10:25:25.4161,559.5,754.3,fixation
10:25:25.4166,560.0,753.0,fixation
10:25:25.4170,560.0,753.3,fixation
10:25:25.4175,560.1,755.0,fixation
10:25:25.418,560.2,756.5,fixation
10:25:25.4184,559.8,755.5,fixation
10:25:25.4188,559.2,754.4,fixation
10:25:25.4193,558.5,753.7,fixation
10:25:25.4198,558.5,754.1,fixation
10:25:25.4202,558.6,754.4,fixation
10:25:25.4207,559.1,754.5,fixation
10:25:25.4212,559.3,755.4,fixation
10:25:25.4216,559.2,756.7,fixation
10:25:25.4221,558.9,758.0,fixation
10:25:25.4226,558.0,757.8,fixation
10:25:25.4230,557.2,757.0,fixation
10:25:25.4234,556.5,756.1,fixation
10:25:25.4239,556.5,756.0,fixation
10:25:25.4244,556.6,756.4,fixation
10:25:25.4248,556.5,756.8,fixation
10:25:25.4253,555.8,756.8,fixation
10:25:25.4258,555.1,756.3,fixation
10:25:25.4262,554.2,756.1,fixation
10:25:25.4267,554.1,756.1,fixation
10:25:25.4272,555.2,756.4,fixation
10:25:25.4276,556.7,758.0,fixation
10:25:25.4281,558.2,759.3,fixation
10:25:25.4286,558.7,759.9,fixation
10:25:25.4291,559.0,758.7,fixation
10:25:25.4295,558.0,757.6,fixation
10:25:25.43,556.8,757.3,fixation
10:25:25.4305,555.4,757.6,fixation
10:25:25.4309,555.3,758.1,fixation
10:25:25.4314,555.0,758.5,fixation
10:25:25.4319,554.8,757.5,fixation
10:25:25.4323,555.3,756.1,fixation
10:25:25.4328,556.2,754.8,fixation
10:25:25.4333,556.8,755.2,fixation
10:25:25.4337,556.6,755.9,fixation
10:25:25.4342,557.5,756.9,fixation
10:25:25.4347,558.6,757.6,fixation
10:25:25.4352,558.9,757.7,fixation
10:25:25.4356,557.0,757.4,fixation
10:25:25.4361,555.0,757.2,fixation
10:25:25.4366,555.9,758.2,fixation
10:25:25.4370,557.8,759.9,fixation
10:25:25.4375,559.7,761.0,fixation
10:25:25.438,559.1,760.7,fixation
10:25:25.4384,558.6,759.3,fixation
10:25:25.4389,558.0,758.4,fixation
10:25:25.4394,557.3,757.8,fixation
10:25:25.4398,556.1,758.0,fixation
10:25:25.4403,554.9,759.1,fixation
10:25:25.4408,556.0,760.5,fixation
10:25:25.4413,557.5,761.3,fixation
10:25:25.4417,559.0,761.6,fixation
10:25:25.4422,558.9,761.8,fixation
10:25:25.4427,558.5,760.8,fixation
10:25:25.4431,557.9,759.5,fixation
10:25:25.4436,557.2,758.5,fixation
10:25:25.4441,556.6,758.8,fixation
10:25:25.4445,556.6,759.1,fixation
10:25:25.445,556.6,759.0,fixation
10:25:25.4455,557.2,759.6,fixation
10:25:25.4459,557.6,759.9,fixation
10:25:25.4464,558.5,760.2,fixation
10:25:25.4469,559.2,759.4,fixation
10:25:25.4474,559.9,758.9,fixation
10:25:25.4478,560.1,758.0,fixation
10:25:25.4483,560.2,757.7,fixation
10:25:25.4488,559.9,756.9,fixation
10:25:25.4492,559.6,756.5,fixation
10:25:25.4497,559.2,757.5,fixation
10:25:25.4502,558.7,759.0,fixation
10:25:25.4506,557.4,760.0,fixation
10:25:25.4511,556.4,759.3,fixation
10:25:25.4516,555.8,758.7,fixation
10:25:25.4520,556.4,758.9,fixation
10:25:25.4525,557.0,759.0,fixation
10:25:25.453,556.9,758.4,fixation
10:25:25.4535,556.6,757.5,fixation
10:25:25.4539,556.2,758.2,fixation
10:25:25.4544,556.2,759.7,fixation
10:25:25.4549,557.5,760.2,fixation
10:25:25.4553,558.9,759.2,fixation
10:25:25.4558,560.3,758.3,fixation
10:25:25.4563,559.6,758.5,fixation
10:25:25.4567,558.1,758.7,fixation
10:25:25.4572,556.5,759.2,fixation
10:25:25.4577,556.9,759.6,fixation
10:25:25.4581,558.1,759.3,fixation
10:25:25.4586,559.4,758.5,fixation
10:25:25.4591,559.7,757.9,fixation
10:25:25.4596,560.0,757.7,fixation
10:25:25.4600,560.7,757.6,fixation
10:25:25.4605,561.2,757.8,fixation
10:25:25.461,561.5,758.6,fixation
10:25:25.4614,561.1,759.5,fixation
10:25:25.4619,560.8,759.9,fixation
10:25:25.4624,559.8,759.8,fixation
10:25:25.4628,558.7,760.1,fixation
10:25:25.4633,558.4,760.6,fixation
10:25:25.4638,558.3,760.9,fixation
10:25:25.4642,558.4,761.0,fixation
10:25:25.4647,557.8,760.8,fixation
10:25:25.4652,557.9,761.0,fixation
10:25:25.4657,557.9,761.2,fixation
10:25:25.4661,558.1,760.0,fixation
10:25:25.4666,558.4,758.7,fixation
10:25:25.4671,558.6,758.5,fixation
10:25:25.4675,558.6,759.5,fixation
10:25:25.468,558.3,760.3,fixation
10:25:25.4685,557.8,759.1,fixation
10:25:25.4689,557.0,758.0,fixation
10:25:25.4694,556.2,757.9,fixation
10:25:25.4699,555.6,758.8,fixation
10:25:25.4703,555.2,759.7,fixation
10:25:25.4708,554.8,759.8,fixation
10:25:25.4713,555.6,760.3,fixation
10:25:25.4717,556.8,760.4,fixation
10:25:25.4721,557.8,760.4,fixation
10:25:25.4726,557.6,759.9,fixation
10:25:25.4731,557.1,758.8,fixation
10:25:25.4735,556.8,757.6,fixation
10:25:25.474,556.7,755.9,fixation
10:25:25.4745,556.5,755.4,fixation
10:25:25.4749,556.3,755.1,fixation
10:25:25.4754,556.9,755.9,fixation
10:25:25.4759,557.7,757.1,fixation
10:25:25.4763,558.3,759.0,fixation
10:25:25.4767,558.7,760.4,fixation
10:25:25.4772,559.1,761.0,fixation
10:25:25.4777,559.8,760.6,fixation
10:25:25.4781,559.9,760.2,fixation
10:25:25.4786,559.2,759.9,fixation
10:25:25.4791,558.1,759.7,fixation
10:25:25.4795,556.7,759.6,fixation
10:25:25.48,556.0,761.6,fixation
10:25:25.4805,556.3,763.6,fixation
10:25:25.4809,556.7,765.2,fixation
10:25:25.4813,557.1,764.8,fixation
10:25:25.4818,556.9,764.3,fixation
10:25:25.4823,556.8,764.4,fixation
10:25:25.4827,557.4,764.6,fixation
10:25:25.4832,558.1,763.5,fixation
10:25:25.4837,558.9,761.2,fixation
10:25:25.4841,557.8,758.8,fixation
10:25:25.4846,556.6,757.8,fixation
10:25:25.4851,555.7,758.1,fixation
10:25:25.4855,556.2,759.0,fixation
10:25:25.4859,555.6,759.6,fixation
10:25:25.4864,554.5,760.2,fixation
10:25:25.4869,554.8,760.8,fixation
10:25:25.4873,556.2,761.7,fixation
10:25:25.4878,557.3,763.8,fixation
10:25:25.4883,556.8,765.5,fixation
10:25:25.4887,555.8,766.8,fixation
10:25:25.4892,555.3,766.5,fixation
10:25:25.4897,555.0,766.2,fixation
10:25:25.4901,555.4,766.0,fixation
10:25:25.4906,554.5,764.8,fixation
10:25:25.4911,553.4,763.7,fixation
10:25:25.4916,552.4,762.6,fixation
10:25:25.4920,552.6,762.7,fixation
10:25:25.4925,553.2,761.4,fixation
10:25:25.493,553.8,760.1,fixation
10:25:25.4934,554.2,759.1,fixation
10:25:25.4939,555.5,759.9,fixation
10:25:25.4944,556.9,760.8,fixation
10:25:25.4948,557.9,761.2,fixation
10:25:25.4953,556.9,760.5,fixation
10:25:25.4958,555.8,759.9,fixation
10:25:25.4962,556.0,759.9,fixation
10:25:25.4967,556.9,761.0,fixation
10:25:25.4972,557.6,763.8,fixation
10:25:25.4977,557.4,766.0,fixation
10:25:25.4981,557.5,766.7,fixation
10:25:25.4986,557.9,765.9,fixation
10:25:25.4991,558.2,765.0,fixation
10:25:25.4995,557.5,763.6,fixation
10:25:25.5,556.8,762.1,fixation
10:25:25.5005,556.1,760.4,fixation
10:25:25.5009,556.1,760.3,fixation
10:25:25.5014,556.0,761.6,fixation
10:25:25.5019,555.8,763.5,fixation
10:25:25.5023,555.9,765.4,fixation
10:25:25.5028,556.2,765.0,fixation
10:25:25.5033,556.5,763.8,fixation
10:25:25.5038,556.5,762.5,fixation
10:25:25.5042,556.9,762.1,fixation
10:25:25.5047,557.6,762.5,fixation
10:25:25.5052,558.4,762.9,fixation
10:25:25.5056,557.5,763.1,fixation
10:25:25.5061,556.2,764.0,fixation
10:25:25.5066,556.4,765.9,fixation
10:25:25.5070,557.7,767.9,fixation
10:25:25.5075,558.7,767.5,fixation
10:25:25.508,556.6,766.2,fixation
10:25:25.5084,554.4,764.9,fixation
10:25:25.5089,553.0,764.0,fixation
10:25:25.5094,553.4,762.9,fixation
10:25:25.5099,554.4,762.1,fixation
10:25:25.5103,555.2,762.3,fixation
10:25:25.5108,556.3,762.6,fixation
10:25:25.5113,556.5,762.9,fixation
10:25:25.5117,556.8,763.1,fixation
10:25:25.5122,556.6,763.3,fixation
10:25:25.5127,556.3,763.3,fixation
10:25:25.5131,555.7,763.9,fixation
10:25:25.5136,555.2,764.5,fixation
10:25:25.5141,555.3,765.0,fixation
10:25:25.5145,555.8,765.1,fixation
10:25:25.515,555.6,764.9,fixation
10:25:25.5155,555.0,765.2,fixation
10:25:25.516,553.9,765.3,fixation
10:25:25.5164,553.4,765.5,fixation
10:25:25.5169,554.3,764.7,fixation
10:25:25.5174,555.6,764.3,fixation
10:25:25.5178,556.9,764.0,fixation
10:25:25.5183,557.1,763.9,fixation
10:25:25.5188,557.5,763.5,fixation
10:25:25.5192,557.8,764.5,fixation
10:25:25.5197,558.3,765.8,fixation
10:25:25.5202,558.3,767.1,fixation
10:25:25.5206,558.4,767.0,fixation
10:25:25.5211,557.4,767.3,fixation
10:25:25.5216,556.4,767.5,fixation
10:25:25.5221,555.6,767.8,fixation
10:25:25.5225,555.4,767.7,fixation
10:25:25.523,555.4,767.7,fixation
10:25:25.5235,555.5,767.6,fixation
10:25:25.5239,555.6,767.6,fixation
10:25:25.5244,555.6,767.6,fixation
10:25:25.5249,555.4,767.6,fixation
10:25:25.5253,555.1,767.3,fixation
10:25:25.5258,554.7,766.9,fixation
10:25:25.5263,554.5,766.4,fixation
10:25:25.5267,554.3,766.2,fixation
10:25:25.5272,554.1,766.3,fixation
10:25:25.5277,554.3,766.6,fixation
10:25:25.5282,554.8,766.9,fixation
10:25:25.5286,555.2,767.1,fixation
10:25:25.5291,554.8,766.6,fixation
10:25:25.5296,554.2,766.1,fixation
10:25:25.5300,553.8,765.6,fixation
10:25:25.5305,554.0,765.7,fixation
10:25:25.531,554.2,765.7,fixation
10:25:25.5314,554.5,765.9,fixation
10:25:25.5319,554.8,766.1,fixation
10:25:25.5324,555.3,765.5,fixation
10:25:25.5328,555.4,764.8,fixation
10:25:25.5333,555.6,764.9,fixation
10:25:25.5338,555.7,765.7,fixation
10:25:25.5342,555.8,766.6,fixation
10:25:25.5346,556.1,767.6,fixation
10:25:25.5351,556.7,768.6,fixation
10:25:25.5356,557.3,769.6,fixation
10:25:25.5360,558.1,769.5,fixation
10:25:25.5365,559.0,769.5,fixation
10:25:25.537,560.0,769.4,fixation
10:25:25.5374,558.6,768.2,fixation
10:25:25.5379,556.8,766.2,fixation
10:25:25.5384,555.0,764.5,fixation
10:25:25.5388,555.2,764.2,fixation
10:25:25.5392,555.1,765.0,fixation
10:25:25.5397,555.0,765.8,fixation
10:25:25.5402,553.8,766.7,fixation
10:25:25.5406,552.6,767.0,fixation
10:25:25.5411,551.4,766.7,fixation
10:25:25.5416,551.9,766.3,fixation
10:25:25.5420,552.6,766.7,fixation
10:25:25.5425,554.2,767.7,fixation
10:25:25.543,555.0,768.5,fixation
10:25:25.5434,555.2,768.4,fixation
10:25:25.5438,554.5,768.3,fixation
10:25:25.5443,554.1,768.2,fixation
10:25:25.5448,553.9,768.4,fixation
10:25:25.5452,553.7,768.7,fixation
10:25:25.5457,553.8,768.2,fixation
10:25:25.5462,553.5,767.3,fixation
10:25:25.5466,553.3,766.3,fixation
10:25:25.5471,553.6,767.7,fixation
10:25:25.5476,554.3,769.2,fixation
10:25:25.5480,554.8,771.1,fixation
10:25:25.5484,554.5,771.4,fixation
10:25:25.5489,553.9,771.4,fixation
10:25:25.5494,553.5,771.0,fixation
10:25:25.5498,553.4,770.6,fixation
10:25:25.5503,553.8,768.4,fixation
10:25:25.5508,554.1,766.2,fixation
10:25:25.5512,554.8,764.2,fixation
10:25:25.5517,555.2,764.4,fixation
10:25:25.5522,555.6,765.9,fixation
10:25:25.5526,555.6,767.2,fixation
10:25:25.5531,555.8,767.9,fixation
10:25:25.5536,556.0,767.4,fixation
10:25:25.5541,556.0,769.4,fixation
10:25:25.5545,555.8,772.1,fixation
10:25:25.555,554.5,771.9,fixation
10:25:25.5555,553.7,769.0,fixation
10:25:25.5559,553.1,767.7,fixation
10:25:25.5564,553.5,769.3,fixation
10:25:25.5569,554.4,768.0,fixation
10:25:25.5573,555.1,766.0,fixation
10:25:25.5578,555.2,764.5,fixation
10:25:25.5583,554.4,765.9,fixation
10:25:25.5587,553.9,766.4,fixation
10:25:25.5592,554.3,766.2,fixation
10:25:25.5597,555.0,766.0,fixation
10:25:25.5602,555.4,767.2,fixation
10:25:25.5606,554.6,768.5,fixation
10:25:25.5611,553.5,769.8,fixation
10:25:25.5616,552.4,770.3,fixation
10:25:25.5620,552.8,770.9,fixation
10:25:25.5625,553.6,771.9,fixation
10:25:25.563,554.4,772.8,fixation
10:25:25.5634,554.7,773.7,fixation
10:25:25.5639,554.8,773.6,fixation
10:25:25.5644,555.1,772.4,fixation
10:25:25.5648,555.3,771.6,fixation
10:25:25.5653,555.3,771.6,fixation
10:25:25.5658,555.1,772.2,fixation
10:25:25.5663,555.1,772.1,fixation
10:25:25.5667,554.4,771.6,fixation
10:25:25.5672,553.8,770.8,fixation
10:25:25.5677,553.3,770.5,fixation
10:25:25.5681,553.4,770.3,fixation
10:25:25.5686,553.6,770.4,fixation
10:25:25.5691,554.0,769.5,fixation
10:25:25.5695,554.4,768.5,fixation
10:25:25.57,555.7,770.5,fixation
10:25:25.5705,556.8,773.5,fixation
10:25:25.5709,557.2,776.3,fixation
10:25:25.5714,556.4,776.1,fixation
10:25:25.5719,555.6,775.3,fixation
10:25:25.5724,554.8,773.1,fixation
10:25:25.5728,554.0,771.0,fixation
10:25:25.5733,552.8,769.5,fixation
10:25:25.5738,552.5,769.6,fixation
10:25:25.5742,552.1,769.7,fixation
10:25:25.5747,551.9,772.5,saccade
10:25:25.5752,553.5,774.5,saccade
10:25:25.5756,555.2,775.4,saccade
10:25:25.5761,556.8,775.4,saccade
10:25:25.5766,556.7,775.2,saccade
10:25:25.5770,556.6,775.0,saccade
10:25:25.5775,556.4,774.9,saccade
10:25:25.578,556.1,775.0,saccade
10:25:25.5785,556.9,778.2,saccade
10:25:25.5789,557.9,781.4,saccade
10:25:25.5794,557.8,784.9,saccade
10:25:25.5799,556.5,785.8,saccade
10:25:25.5803,555.6,788.1,saccade
10:25:25.5808,556.3,790.0,saccade
10:25:25.5813,558.7,791.7,saccade
10:25:25.5817,561.2,791.8,saccade
10:25:25.5822,564.1,794.0,saccade
10:25:25.5827,566.7,796.1,saccade
10:25:25.5831,569.5,799.0,saccade
10:25:25.5836,572.1,803.3,saccade
10:25:25.5841,576.8,807.8,saccade
10:25:25.5846,580.8,811.4,saccade
10:25:25.5850,585.9,813.4,saccade
10:25:25.5855,588.4,815.4,saccade
10:25:25.586,592.9,817.5,saccade
10:25:25.5864,596.3,818.0,saccade
10:25:25.5869,600.8,818.6,saccade
10:25:25.5874,605.1,820.6,saccade
10:25:25.5878,609.8,823.7,saccade
10:25:25.5883,615.3,826.7,saccade
10:25:25.5888,619.9,828.3,saccade
10:25:25.5892,625.5,828.5,saccade
10:25:25.5897,628.4,828.4,saccade
10:25:25.5902,632.4,830.2,saccade
10:25:25.5907,634.5,832.0,saccade
10:25:25.5911,636.8,831.3,saccade
10:25:25.5916,638.0,828.9,saccade
10:25:25.5921,639.2,825.9,saccade
10:25:25.5925,640.1,825.5,saccade
10:25:25.593,640.5,825.0,saccade
10:25:25.5935,640.7,825.0,saccade
10:25:25.5939,640.1,827.3,saccade
10:25:25.5944,639.2,829.5,saccade
10:25:25.5949,637.4,830.1,saccade
10:25:25.5953,636.1,828.3,saccade
10:25:25.5958,635.0,826.8,saccade
10:25:25.5963,634.4,827.5,saccade
10:25:25.5967,632.5,828.2,saccade
10:25:25.5971,630.4,826.3,saccade
10:25:25.5976,627.3,822.2,fixation
10:25:25.5981,626.3,822.5,fixation
10:25:25.5985,623.5,822.4,fixation
10:25:25.599,621.0,822.0,fixation
10:25:25.5995,618.9,821.8,fixation
10:25:25.5999,619.1,821.8,fixation
10:25:25.6004,619.2,821.9,fixation
10:25:25.6009,618.7,822.0,fixation
10:25:25.6013,617.5,820.2,fixation
10:25:25.6017,616.3,818.2,fixation
10:25:25.6022,616.0,816.4,fixation
10:25:25.6027,616.4,816.6,fixation
10:25:25.6031,616.5,820.1,fixation
10:25:25.6036,618.2,823.7,fixation
10:25:25.6041,620.0,825.8,fixation
10:25:25.6045,622.3,824.2,fixation
10:25:25.605,622.5,822.4,fixation
10:25:25.6055,621.0,821.8,fixation
10:25:25.6059,619.4,821.8,fixation
10:25:25.6063,617.9,821.8,fixation
10:25:25.6068,618.2,818.6,fixation
10:25:25.6073,618.5,815.3,fixation
10:25:25.6077,619.6,814.6,fixation
10:25:25.6082,620.4,817.2,fixation
10:25:25.6087,621.4,819.9,fixation
10:25:25.6091,621.7,819.9,fixation
10:25:25.6096,622.3,817.8,fixation
10:25:25.6101,622.6,815.7,fixation
10:25:25.6105,622.5,813.1,fixation
10:25:25.6109,621.0,812.6,fixation
10:25:25.6114,619.4,813.0,fixation
10:25:25.6119,618.1,814.5,fixation
10:25:25.6123,617.8,816.6,fixation
10:25:25.6128,617.8,817.8,fixation
10:25:25.6133,620.2,818.4,fixation
10:25:25.6137,622.6,818.5,fixation
10:25:25.6142,624.7,818.5,fixation
10:25:25.6147,623.7,818.3,fixation
10:25:25.6151,622.1,818.2,fixation
10:25:25.6156,620.4,818.9,fixation
10:25:25.6161,619.8,819.7,fixation
10:25:25.6166,619.1,820.4,fixation
10:25:25.6170,618.9,819.4,fixation
10:25:25.6175,619.0,818.3,fixation
10:25:25.618,619.6,818.5,fixation
10:25:25.6184,619.9,819.4,fixation
10:25:25.6189,619.9,820.4,fixation
10:25:25.6194,620.0,820.2,fixation
10:25:25.6198,619.9,820.2,fixation
10:25:25.6203,619.7,820.2,fixation
10:25:25.6208,618.9,820.2,fixation
10:25:25.6212,618.3,820.5,fixation
10:25:25.6217,617.8,820.9,fixation
10:25:25.6222,618.2,820.0,fixation
10:25:25.6227,618.6,818.7,fixation
10:25:25.6231,619.5,817.7,fixation
10:25:25.6236,620.3,818.4,fixation
10:25:25.6241,619.8,819.0,fixation
10:25:25.6245,618.6,819.3,fixation
10:25:25.625,618.4,819.4,fixation
10:25:25.6255,619.3,819.5,fixation
10:25:25.6259,619.4,819.3,fixation
10:25:25.6264,618.4,819.9,fixation
10:25:25.6269,617.5,820.6,fixation
10:25:25.6273,617.5,821.4,fixation
10:25:25.6278,617.6,820.6,fixation
10:25:25.6283,617.8,819.9,fixation
10:25:25.6288,617.9,819.1,fixation
10:25:25.6292,617.8,821.3,fixation
10:25:25.6297,618.5,823.7,fixation
10:25:25.6302,619.3,826.0,fixation
10:25:25.6306,619.5,823.6,fixation
10:25:25.6311,618.6,821.0,fixation
10:25:25.6316,617.4,818.5,fixation
10:25:25.6320,616.9,820.6,fixation
10:25:25.6325,616.5,822.5,fixation
10:25:25.633,616.4,824.3,fixation
10:25:25.6334,617.7,823.8,fixation
10:25:25.6339,618.9,823.4,fixation
10:25:25.6344,620.1,823.1,fixation
10:25:25.6349,619.8,824.9,fixation
10:25:25.6353,619.6,826.7,fixation
10:25:25.6358,619.5,828.3,fixation
10:25:25.6363,619.2,827.8,fixation
10:25:25.6367,619.0,825.3,fixation
10:25:25.6372,618.9,823.1,fixation
10:25:25.6377,619.2,821.1,fixation
10:25:25.6381,619.4,821.3,fixation
10:25:25.6386,619.6,821.9,fixation
10:25:25.6391,619.8,822.9,fixation
10:25:25.6395,619.8,823.8,fixation
10:25:25.64,619.8,823.9,fixation
10:25:25.6405,619.8,823.7,fixation
10:25:25.641,619.6,823.1,fixation
10:25:25.6414,619.0,822.8,fixation
10:25:25.6419,618.5,822.7,fixation
10:25:25.6424,619.0,823.3,fixation
10:25:25.6428,619.8,824.2,fixation
10:25:25.6433,620.9,824.8,fixation
10:25:25.6438,621.1,825.0,fixation
10:25:25.6442,621.2,824.8,fixation
10:25:25.6447,621.3,824.7,fixation
10:25:25.6452,621.4,824.4,fixation
10:25:25.6456,621.8,824.1,fixation
10:25:25.6461,622.0,823.7,fixation
10:25:25.6466,622.0,823.9,fixation
10:25:25.6471,621.6,824.5,fixation
10:25:25.6475,620.1,825.0,fixation
10:25:25.648,618.8,824.8,fixation
10:25:25.6485,617.8,824.2,fixation
10:25:25.6489,618.1,823.7,fixation
10:25:25.6494,618.6,823.2,fixation
10:25:25.6499,619.0,822.8,fixation
10:25:25.6503,619.0,822.0,fixation
10:25:25.6508,618.9,821.4,fixation
10:25:25.6513,618.3,821.2,fixation
10:25:25.6517,618.0,821.4,fixation
10:25:25.6522,618.1,821.0,fixation
10:25:25.6527,619.2,820.5,fixation
10:25:25.6532,620.1,821.2,fixation
10:25:25.6536,620.4,822.6,fixation
10:25:25.6541,620.0,824.0,fixation
10:25:25.6546,619.8,824.2,fixation
10:25:25.6550,620.3,824.5,fixation
10:25:25.6555,621.1,822.7,fixation
10:25:25.656,621.3,820.9,fixation
10:25:25.6564,620.9,818.9,fixation
10:25:25.6569,620.6,818.7,fixation
10:25:25.6574,620.9,818.8,fixation
10:25:25.6578,620.4,819.0,fixation
10:25:25.6583,619.5,820.0,fixation
10:25:25.6588,618.8,821.0,fixation
10:25:25.6592,618.9,821.8,fixation
10:25:25.6596,619.6,824.1,fixation
10:25:25.6601,620.3,826.4,fixation
10:25:25.6606,619.9,828.1,fixation
10:25:25.6610,618.9,827.1,fixation
10:25:25.6615,618.0,824.7,fixation
10:25:25.662,618.0,822.9,fixation
10:25:25.6624,618.0,821.7,fixation
10:25:25.6629,617.8,822.0,fixation
10:25:25.6634,617.8,822.4,fixation
10:25:25.6638,618.0,823.2,fixation
10:25:25.6642,618.2,823.8,fixation
10:25:25.6647,618.3,824.4,fixation
10:25:25.6652,618.2,824.0,fixation
10:25:25.6656,617.4,823.0,fixation
10:25:25.6661,616.6,822.0,fixation
10:25:25.6666,616.1,821.9,fixation
10:25:25.6670,616.8,822.3,fixation
10:25:25.6675,617.6,822.6,fixation
10:25:25.668,618.1,822.5,fixation
10:25:25.6684,618.3,822.6,fixation
10:25:25.6688,618.4,823.0,fixation
10:25:25.6693,619.9,823.5,fixation
10:25:25.6698,621.3,823.8,fixation
10:25:25.6702,622.5,823.6,fixation
10:25:25.6707,622.5,823.4,fixation
10:25:25.6712,622.3,823.8,fixation
10:25:25.6716,622.1,824.8,fixation
10:25:25.6721,622.0,825.8,fixation
10:25:25.6726,622.2,826.6,fixation
10:25:25.6730,622.4,827.2,fixation
10:25:25.6734,623.0,827.8,fixation
10:25:25.6739,623.4,827.8,fixation
10:25:25.6744,622.1,826.1,fixation
10:25:25.6748,620.3,824.3,fixation
10:25:25.6753,619.3,824.2,fixation
10:25:25.6758,620.1,825.9,fixation
10:25:25.6762,621.1,827.4,fixation
10:25:25.6767,620.5,827.1,fixation
10:25:25.6772,619.6,826.7,fixation
10:25:25.6776,619.5,826.7,fixation
10:25:25.6781,620.5,825.9,fixation
10:25:25.6786,621.7,825.0,fixation
10:25:25.6791,621.2,824.5,fixation
10:25:25.6795,620.6,825.0,fixation
10:25:25.68,619.9,825.5,fixation
10:25:25.6805,621.2,825.7,fixation
10:25:25.6809,622.5,825.4,fixation
10:25:25.6814,622.5,825.2,fixation
10:25:25.6819,621.4,824.9,fixation
10:25:25.6823,620.5,825.5,fixation
10:25:25.6828,620.5,826.5,fixation
10:25:25.6833,620.3,827.4,fixation
10:25:25.6837,619.7,828.0,fixation
10:25:25.6842,619.4,828.6,fixation
10:25:25.6847,619.3,829.2,fixation
10:25:25.6852,619.3,829.6,fixation
10:25:25.6856,619.2,829.8,fixation
10:25:25.6861,619.2,830.0,fixation
10:25:25.6866,619.1,830.3,fixation
10:25:25.6870,619.1,830.4,fixation
10:25:25.6875,618.6,830.3,fixation
10:25:25.688,618.5,830.6,fixation
10:25:25.6884,618.9,830.8,fixation
10:25:25.6889,619.8,831.1,fixation
10:25:25.6894,620.3,831.4,fixation
10:25:25.6898,620.3,831.9,fixation
10:25:25.6903,620.3,832.4,fixation
10:25:25.6908,620.2,832.6,fixation
10:25:25.6913,618.2,830.5,fixation
10:25:25.6917,616.3,828.6,fixation
10:25:25.6922,615.2,827.0,fixation
10:25:25.6927,616.6,827.6,fixation
10:25:25.6931,618.0,827.9,fixation
10:25:25.6936,618.4,828.4,fixation
10:25:25.6941,618.0,829.1,fixation
10:25:25.6945,618.4,830.0,fixation
10:25:25.695,619.9,830.6,fixation
10:25:25.6955,621.4,831.1,fixation
10:25:25.6959,622.0,830.7,fixation
10:25:25.6964,621.4,829.6,fixation
10:25:25.6969,620.8,828.2,fixation
10:25:25.6974,620.2,827.6,fixation
10:25:25.6978,620.2,827.5,fixation
10:25:25.6983,620.2,827.4,fixation
10:25:25.6988,620.2,827.3,fixation
10:25:25.6992,620.0,828.5,fixation
10:25:25.6997,619.8,829.6,fixation
10:25:25.7002,619.5,830.6,fixation
10:25:25.7006,619.3,830.5,fixation
10:25:25.7011,619.3,830.4,fixation
10:25:25.7016,619.4,830.6,fixation
10:25:25.7020,619.8,831.1,fixation
10:25:25.7025,620.1,831.5,fixation
10:25:25.703,620.5,830.8,fixation
10:25:25.7035,620.6,829.8,fixation
10:25:25.7039,620.7,828.7,fixation
10:25:25.7044,621.1,828.5,fixation
10:25:25.7049,621.4,829.1,fixation
10:25:25.7053,622.1,830.2,fixation
10:25:25.7058,622.5,831.2,fixation
10:25:25.7063,622.6,830.2,fixation
10:25:25.7067,621.2,828.9,fixation
10:25:25.7072,619.8,827.6,fixation
10:25:25.7077,619.4,829.7,fixation
10:25:25.7081,620.2,831.9,fixation
10:25:25.7086,621.4,832.7,fixation
10:25:25.7091,621.8,831.3,fixation
10:25:25.7096,622.3,830.0,fixation
10:25:25.7100,622.6,830.2,fixation
10:25:25.7105,622.8,830.3,fixation
10:25:25.711,621.4,830.1,fixation
10:25:25.7114,619.8,829.9,fixation
10:25:25.7119,618.3,829.9,fixation
10:25:25.7124,618.4,829.7,fixation
10:25:25.7128,618.5,829.5,fixation
10:25:25.7133,620.5,830.5,fixation
10:25:25.7138,622.5,831.8,fixation
10:25:25.7142,624.6,832.2,fixation
10:25:25.7147,623.5,830.6,fixation
10:25:25.7152,622.3,829.1,fixation
10:25:25.7157,620.9,830.3,fixation
10:25:25.7161,620.4,832.1,fixation
10:25:25.7166,619.8,833.8,fixation
10:25:25.7171,619.2,833.4,fixation
10:25:25.7175,618.7,832.6,fixation
10:25:25.718,617.9,831.8,fixation
10:25:25.7185,617.5,831.2,fixation
10:25:25.7189,617.3,831.1,fixation
10:25:25.7194,617.5,831.0,fixation
10:25:25.7199,616.6,829.4,fixation
10:25:25.7203,615.6,827.8,fixation
10:25:25.7208,614.9,826.2,fixation
10:25:25.7213,615.3,826.4,fixation
10:25:25.7217,615.7,827.3,fixation
10:25:25.7221,616.1,828.9,fixation
10:25:25.7226,616.8,831.1,fixation
10:25:25.7231,618.6,832.7,fixation
10:25:25.7235,620.4,833.3,fixation
10:25:25.724,621.1,832.9,fixation
10:25:25.7245,620.5,832.5,fixation
10:25:25.7249,620.2,833.0,fixation
10:25:25.7254,620.6,833.0,fixation
10:25:25.7259,620.9,832.4,fixation
10:25:25.7263,620.7,831.3,fixation
10:25:25.7267,620.5,831.6,fixation
10:25:25.7272,620.4,832.5,fixation
10:25:25.7277,620.7,833.8,fixation
10:25:25.7281,621.0,834.2,fixation
10:25:25.7286,621.2,834.6,fixation
10:25:25.7291,621.1,834.6,fixation
10:25:25.7295,620.0,833.1,fixation
10:25:25.73,619.2,831.6,fixation
10:25:25.7305,618.6,830.2,fixation
10:25:25.7309,618.6,830.0,fixation
10:25:25.7313,618.5,830.1,fixation
10:25:25.7318,618.7,830.9,fixation
10:25:25.7323,618.9,831.8,fixation
10:25:25.7327,619.2,832.8,fixation
10:25:25.7332,619.5,834.8,fixation
10:25:25.7337,620.0,836.6,fixation
10:25:25.7341,620.7,835.8,fixation
10:25:25.7346,620.9,833.2,fixation
10:25:25.7351,620.7,830.7,fixation
10:25:25.7355,619.9,831.1,fixation
10:25:25.7359,619.0,831.9,fixation
10:25:25.7364,618.7,832.8,fixation
10:25:25.7369,618.7,833.3,fixation
10:25:25.7373,618.8,832.4,fixation
10:25:25.7378,619.1,831.3,fixation
10:25:25.7383,619.4,830.2,fixation
10:25:25.7387,618.6,829.8,fixation
10:25:25.7392,617.4,829.5,fixation
10:25:25.7397,617.5,829.5,fixation
10:25:25.7401,618.7,829.9,fixation
10:25:25.7406,619.9,830.2,fixation
10:25:25.7411,619.1,830.2,fixation
10:25:25.7416,617.5,831.4,fixation
10:25:25.7420,615.9,832.9,fixation
10:25:25.7425,615.7,833.7,fixation
10:25:25.743,616.4,833.0,fixation
10:25:25.7434,617.3,832.1,fixation
10:25:25.7439,617.7,831.8,fixation
10:25:25.7444,619.0,832.2,fixation
10:25:25.7448,620.1,832.9,fixation
10:25:25.7453,621.3,833.1,fixation
10:25:25.7458,621.6,832.2,fixation
10:25:25.7462,621.4,831.3,fixation
10:25:25.7467,620.3,830.9,fixation
10:25:25.7472,619.1,831.6,fixation
10:25:25.7477,618.7,832.2,fixation
10:25:25.7481,619.2,832.8,fixation
10:25:25.7486,620.1,832.7,fixation
10:25:25.7491,620.8,832.6,fixation
10:25:25.7495,621.2,832.6,fixation
10:25:25.75,621.3,831.8,fixation
10:25:25.7505,620.6,830.2,fixation
10:25:25.7509,619.9,828.6,fixation
10:25:25.7514,618.9,830.4,fixation
10:25:25.7519,618.5,832.7,fixation
10:25:25.7523,618.0,835.0,fixation
10:25:25.7528,618.0,835.3,fixation
10:25:25.7533,618.3,835.9,fixation
10:25:25.7538,618.4,835.9,fixation
10:25:25.7542,618.7,832.8,fixation
10:25:25.7547,619.7,829.8,fixation
10:25:25.7552,620.8,828.2,fixation
10:25:25.7556,621.3,829.2,fixation
10:25:25.7561,620.5,830.2,fixation
10:25:25.7566,620.0,830.5,fixation
10:25:25.7570,619.8,830.4,fixation
10:25:25.7575,619.6,830.3,fixation
10:25:25.758,619.2,831.4,fixation
10:25:25.7584,620.5,832.4,fixation
10:25:25.7589,622.2,833.5,fixation
10:25:25.7594,622.7,833.1,fixation
10:25:25.7599,621.3,832.8,fixation
10:25:25.7603,619.8,835.1,fixation
10:25:25.7608,619.6,837.7,fixation
10:25:25.7613,619.7,839.9,fixation
10:25:25.7617,620.6,839.2,fixation
10:25:25.7622,621.6,838.6,fixation
10:25:25.7627,622.3,838.5,fixation
10:25:25.7631,622.4,839.0,fixation
10:25:25.7636,622.6,839.2,fixation
10:25:25.7641,622.3,837.7,fixation
10:25:25.7645,621.3,835.8,fixation
10:25:25.765,619.9,833.8,fixation
10:25:25.7655,619.3,833.9,fixation
10:25:25.766,619.2,834.1,fixation
10:25:25.7664,619.2,834.4,fixation
10:25:25.7669,618.7,834.7,fixation
10:25:25.7674,618.1,834.9,fixation
10:25:25.7678,618.1,835.2,fixation
10:25:25.7683,618.1,835.3,fixation
10:25:25.7688,618.2,835.4,fixation
10:25:25.7692,618.2,835.3,fixation
10:25:25.7697,618.7,835.4,fixation
10:25:25.7702,619.3,835.5,fixation
10:25:25.7706,619.8,835.3,fixation
10:25:25.7711,619.9,835.0,fixation
10:25:25.7716,619.8,835.1,fixation
10:25:25.7721,620.0,835.6,fixation
10:25:25.7725,620.0,836.1,fixation
10:25:25.773,619.6,836.2,fixation
10:25:25.7735,619.2,835.6,fixation
10:25:25.7739,618.8,834.8,fixation
10:25:25.7744,620.5,834.4,fixation
10:25:25.7749,622.1,834.9,fixation
10:25:25.7753,623.4,835.1,fixation
10:25:25.7758,622.6,834.9,fixation
10:25:25.7763,621.9,834.6,fixation
10:25:25.7767,621.7,835.0,fixation
10:25:25.7772,621.8,835.5,fixation
10:25:25.7777,622.0,836.0,fixation
10:25:25.7782,622.1,836.0,fixation
10:25:25.7786,622.2,836.0,fixation
10:25:25.7791,621.7,835.8,fixation
10:25:25.7796,620.3,836.0,fixation
10:25:25.7800,618.8,836.1,fixation
10:25:25.7805,618.0,836.1,fixation
10:25:25.781,618.2,833.9,fixation
10:25:25.7814,619.4,832.1,fixation
10:25:25.7819,620.7,830.3,fixation
10:25:25.7824,621.2,830.3,fixation
10:25:25.7828,620.5,831.3,fixation
10:25:25.7833,619.7,832.3,fixation
10:25:25.7838,619.6,833.3,fixation
10:25:25.7842,619.1,833.2,fixation
10:25:25.7846,618.7,832.1,fixation
10:25:25.7851,618.3,831.1,fixation
10:25:25.7856,617.2,829.9,fixation
10:25:25.7860,615.9,830.7,fixation
10:25:25.7865,615.5,831.7,fixation
10:25:25.787,616.2,832.7,fixation
10:25:25.7874,617.3,830.8,fixation
10:25:25.7879,617.4,828.9,fixation
10:25:25.7884,617.6,827.1,fixation
10:25:25.7888,617.4,828.2,fixation
10:25:25.7892,618.5,829.5,fixation
10:25:25.7897,619.6,830.7,fixation
10:25:25.7902,619.9,829.7,fixation
10:25:25.7906,619.1,828.5,fixation
10:25:25.7911,618.0,829.1,fixation
10:25:25.7916,617.7,830.9,fixation
10:25:25.7920,619.1,834.9,fixation
10:25:25.7925,620.8,837.1,fixation
10:25:25.793,622.9,837.4,fixation
10:25:25.7934,623.3,835.5,fixation
10:25:25.7938,622.7,833.5,fixation
10:25:25.7943,621.7,833.4,fixation
10:25:25.7948,620.6,833.4,fixation
10:25:25.7952,620.6,832.4,fixation
10:25:25.7957,620.7,831.5,fixation
10:25:25.7962,621.0,830.7,fixation
10:25:25.7966,621.3,831.2,fixation
10:25:25.7971,621.4,832.6,fixation
10:25:25.7976,621.4,833.5,fixation
10:25:25.7980,619.8,833.9,fixation
10:25:25.7984,618.1,833.3,fixation
10:25:25.7989,617.6,833.0,fixation
10:25:25.7994,618.8,833.1,fixation
10:25:25.7998,620.3,833.3,fixation
10:25:25.8003,620.7,833.4,fixation
10:25:25.8008,621.0,833.2,fixation
10:25:25.8012,620.4,833.1,fixation
10:25:25.8017,619.8,833.2,fixation
10:25:25.8022,619.1,832.9,fixation
10:25:25.8026,618.8,832.4,fixation
10:25:25.8031,618.4,832.8,fixation
10:25:25.8036,618.0,833.9,fixation
10:25:25.8041,617.9,835.1,fixation
10:25:25.8045,617.3,833.5,fixation
10:25:25.805,616.2,832.1,fixation
10:25:25.8055,615.1,831.4,fixation
10:25:25.8059,615.1,833.0,fixation
10:25:25.8064,617.0,834.5,fixation
10:25:25.8069,619.1,835.4,fixation
10:25:25.8073,619.5,835.3,fixation
10:25:25.8078,618.5,835.0,fixation
10:25:25.8083,618.7,834.8,fixation
10:25:25.8087,620.1,833.0,fixation
10:25:25.8092,621.4,831.1,fixation
10:25:25.8097,621.6,829.3,fixation
10:25:25.8102,621.5,829.4,fixation
10:25:25.8106,621.4,829.5,fixation
10:25:25.8111,621.1,830.1,fixation
10:25:25.8116,620.5,830.9,fixation
10:25:25.8120,619.9,831.2,fixation
10:25:25.8125,619.4,830.7,fixation
10:25:25.813,619.0,830.2,fixation
10:25:25.8134,618.5,830.2,fixation
10:25:25.8139,618.8,830.3,fixation
10:25:25.8144,619.5,830.4,fixation
10:25:25.8148,619.9,831.1,fixation
10:25:25.8153,620.0,831.6,fixation
10:25:25.8158,620.3,832.6,fixation
10:25:25.8163,621.0,832.9,fixation
10:25:25.8167,621.6,834.0,fixation
10:25:25.8172,621.5,834.8,fixation
10:25:25.8177,621.2,834.2,fixation
10:25:25.8181,620.9,833.0,fixation
10:25:25.8186,621.7,833.1,fixation
10:25:25.8191,622.6,834.5,fixation
10:25:25.8195,622.9,836.2,fixation
10:25:25.82,621.8,836.3,fixation
10:25:25.8205,620.7,834.2,fixation
10:25:25.8209,620.2,831.9,fixation
10:25:25.8214,620.3,829.7,fixation
10:25:25.8219,620.3,830.4,fixation
10:25:25.8224,620.0,832.1,fixation
10:25:25.8228,618.2,833.8,fixation
10:25:25.8233,616.5,834.5,fixation
10:25:25.8238,615.4,834.1,fixation
10:25:25.8242,615.6,834.0,fixation
10:25:25.8247,615.7,834.1,fixation
10:25:25.8252,616.2,832.9,fixation
10:25:25.8256,617.1,831.5,fixation
10:25:25.8261,618.1,829.5,fixation
10:25:25.8266,618.4,828.8,fixation
10:25:25.8270,618.7,828.2,fixation
10:25:25.8275,619.8,828.5,fixation
10:25:25.828,621.6,831.5,fixation
10:25:25.8285,623.1,834.4,fixation
10:25:25.8289,622.9,837.1,fixation
10:25:25.8294,622.0,837.2,fixation
10:25:25.8299,621.1,837.3,fixation
10:25:25.8303,620.8,837.4,fixation
10:25:25.8308,620.4,837.2,fixation
10:25:25.8313,620.1,836.6,fixation
10:25:25.8317,620.2,835.7,fixation
10:25:25.8322,620.4,834.9,fixation
10:25:25.8327,620.6,833.3,fixation
10:25:25.8331,620.6,832.0,fixation
10:25:25.8336,620.5,830.2,fixation
10:25:25.8341,620.2,829.6,fixation
10:25:25.8346,620.3,829.0,fixation
10:25:25.8350,620.6,829.2,fixation
10:25:25.8355,620.8,830.8,fixation
10:25:25.836,620.8,832.3,fixation
10:25:25.8364,620.8,832.3,fixation
10:25:25.8369,621.2,830.8,fixation
10:25:25.8374,621.5,830.4,fixation
10:25:25.8378,621.6,832.2,fixation
10:25:25.8383,621.0,833.5,fixation
10:25:25.8388,620.2,833.8,fixation
10:25:25.8392,619.3,833.6,fixation
10:25:25.8397,618.1,833.0,fixation
10:25:25.8402,617.1,832.4,fixation
10:25:25.8407,617.2,831.9,fixation
10:25:25.8411,617.8,831.6,fixation
10:25:25.8416,618.4,831.0,fixation
10:25:25.8421,618.8,830.2,fixation
10:25:25.8425,619.2,830.0,fixation
10:25:25.843,619.6,830.2,fixation
10:25:25.8435,619.3,830.4,fixation
10:25:25.8439,619.3,830.3,fixation
10:25:25.8444,620.0,830.4,fixation
10:25:25.8449,620.7,831.2,fixation
10:25:25.8453,621.5,832.0,fixation
10:25:25.8458,621.9,832.8,fixation
10:25:25.8463,622.5,832.8,fixation
10:25:25.8467,622.9,833.0,fixation
10:25:25.8471,622.8,833.3,fixation
10:25:25.8476,622.5,833.6,fixation
10:25:25.8481,622.7,834.0,fixation
10:25:25.8485,623.2,834.1,fixation
10:25:25.849,623.8,834.0,fixation
10:25:25.8495,623.3,833.7,fixation
10:25:25.8499,622.6,833.1,fixation
10:25:25.8504,621.8,832.4,fixation
10:25:25.8509,620.1,831.8,fixation
10:25:25.8513,618.6,831.7,fixation
10:25:25.8517,618.2,832.0,fixation
10:25:25.8522,619.1,832.4,fixation
10:25:25.8527,620.0,832.2,fixation
10:25:25.8531,620.0,831.9,fixation
10:25:25.8536,620.0,831.5,fixation
10:25:25.8541,620.1,829.8,fixation
10:25:25.8545,620.3,827.2,fixation
10:25:25.855,620.6,824.6,fixation
10:25:25.8555,620.7,825.1,fixation
10:25:25.8559,620.6,827.1,fixation
10:25:25.8563,620.4,829.1,fixation
10:25:25.8568,620.3,829.8,fixation
10:25:25.8573,620.7,831.3,fixation
10:25:25.8577,621.0,832.8,fixation
10:25:25.8582,621.5,832.6,fixation
10:25:25.8587,622.0,831.2,fixation
10:25:25.8591,622.5,829.8,fixation
10:25:25.8596,622.2,830.2,fixation
10:25:25.8601,621.4,830.7,fixation
10:25:25.8605,620.5,831.6,fixation
10:25:25.8609,620.4,832.7,fixation
10:25:25.8614,620.2,833.1,fixation
10:25:25.8619,620.1,833.6,fixation
10:25:25.8623,620.1,834.0,fixation
10:25:25.8628,620.4,834.4,fixation
10:25:25.8633,620.4,834.4,fixation
10:25:25.8637,620.4,834.3,fixation
10:25:25.8642,619.9,834.1,fixation
10:25:25.8647,619.6,833.7,fixation
10:25:25.8651,619.2,833.4,fixation
10:25:25.8656,619.2,832.8,fixation
10:25:25.8661,619.3,831.5,fixation
10:25:25.8666,619.3,830.1,fixation
10:25:25.8670,619.4,829.1,fixation
10:25:25.8675,619.5,828.8,fixation
10:25:25.868,619.5,829.0,fixation
10:25:25.8684,619.3,829.4,fixation
10:25:25.8689,619.0,829.2,fixation
10:25:25.8694,618.7,828.6,fixation
10:25:25.8698,618.4,827.8,fixation
10:25:25.8703,618.3,827.4,fixation
10:25:25.8708,618.4,827.4,fixation
10:25:25.8712,618.5,828.8,fixation
10:25:25.8717,618.8,830.2,fixation
10:25:25.8722,618.9,831.5,fixation
10:25:25.8727,619.3,831.5,fixation
10:25:25.8731,618.7,831.7,fixation
10:25:25.8736,618.0,832.1,fixation
10:25:25.8741,617.9,832.5,fixation
10:25:25.8745,618.5,832.7,fixation
10:25:25.875,619.1,832.6,fixation
10:25:25.8755,619.1,832.8,fixation
10:25:25.8759,619.0,833.1,fixation
10:25:25.8764,619.1,832.1,fixation
10:25:25.8769,619.2,830.8,fixation
10:25:25.8773,619.3,830.7,fixation
10:25:25.8778,619.2,831.9,fixation
10:25:25.8783,619.8,832.6,fixation
10:25:25.8788,620.6,830.6,fixation
10:25:25.8792,621.2,828.6,fixation
10:25:25.8797,620.7,827.3,fixation
10:25:25.8802,619.8,827.6,fixation
10:25:25.8806,619.0,827.8,fixation
10:25:25.8811,618.8,827.5,fixation
10:25:25.8816,618.3,827.1,fixation
10:25:25.8820,617.7,828.2,fixation
10:25:25.8825,617.0,829.7,fixation
10:25:25.883,617.4,831.8,fixation
10:25:25.8834,617.7,832.5,fixation
10:25:25.8839,618.0,833.1,fixation
10:25:25.8844,618.9,833.1,fixation
10:25:25.8849,620.0,833.0,fixation
10:25:25.8853,619.9,831.3,fixation
10:25:25.8858,618.8,829.6,fixation
10:25:25.8863,617.4,830.7,fixation
10:25:25.8867,617.3,833.4,fixation
10:25:25.8872,617.1,836.1,fixation
10:25:25.8877,617.1,836.1,fixation
10:25:25.8881,617.3,834.1,fixation
10:25:25.8886,617.7,832.1,fixation
10:25:25.8891,618.2,830.2,fixation
10:25:25.8895,618.3,830.2,fixation
10:25:25.89,618.2,830.2,fixation
10:25:25.8905,618.6,832.9,fixation
10:25:25.891,619.2,835.7,fixation
10:25:25.8914,619.8,837.6,fixation
10:25:25.8919,620.0,836.8,fixation
10:25:25.8924,620.1,835.8,fixation
10:25:25.8928,620.2,835.3,fixation
10:25:25.8933,620.3,834.8,fixation
10:25:25.8938,620.2,835.6,fixation
10:25:25.8942,620.0,836.6,fixation
10:25:25.8947,620.3,836.3,fixation
10:25:25.8952,620.9,834.9,fixation
10:25:25.8956,621.4,834.1,fixation
10:25:25.8961,621.7,835.3,fixation
10:25:25.8966,621.7,836.5,fixation
10:25:25.8971,621.0,835.5,fixation
10:25:25.8975,620.2,833.9,fixation
10:25:25.898,618.9,833.5,fixation
10:25:25.8985,618.4,834.7,fixation
10:25:25.8989,618.1,835.9,fixation
10:25:25.8994,618.2,836.4,fixation
10:25:25.8999,618.1,836.2,fixation
10:25:25.9003,617.9,835.3,fixation
10:25:25.9008,617.6,834.0,fixation
10:25:25.9013,617.9,834.7,fixation
10:25:25.9017,618.8,836.1,fixation
10:25:25.9022,619.7,836.6,fixation
10:25:25.9027,619.9,835.9,fixation
10:25:25.9032,619.6,834.8,fixation
10:25:25.9036,619.1,834.6,fixation
10:25:25.9041,620.6,834.9,fixation
10:25:25.9046,622.2,835.2,fixation
10:25:25.9050,623.2,835.3,fixation
10:25:25.9055,622.5,834.9,fixation
10:25:25.906,621.8,834.7,fixation
10:25:25.9064,621.9,834.8,fixation
10:25:25.9069,622.0,834.9,fixation
10:25:25.9074,622.3,835.0,fixation
10:25:25.9078,622.6,834.9,fixation
10:25:25.9083,622.9,834.9,fixation
10:25:25.9088,621.6,836.5,saccade
10:25:25.9092,620.2,838.0,saccade
10:25:25.9096,619.3,838.6,saccade
10:25:25.9101,619.8,839.4,saccade
10:25:25.9106,620.5,838.7,saccade
10:25:25.9110,621.0,838.0,saccade
10:25:25.9115,621.2,837.1,saccade
10:25:25.912,621.3,836.6,saccade
10:25:25.9124,621.4,836.2,saccade
10:25:25.9129,622.4,835.5,saccade
10:25:25.9134,623.4,835.0,saccade
10:25:25.9138,624.5,834.3,saccade
10:25:25.9142,625.6,834.3,saccade
10:25:25.9147,626.7,834.2,saccade
10:25:25.9152,629.9,833.7,saccade
10:25:25.9156,632.7,832.7,saccade
10:25:25.9161,636.0,831.3,saccade
10:25:25.9166,639.1,830.5,saccade
10:25:25.9170,642.7,830.1,saccade
10:25:25.9175,647.1,830.7,saccade
10:25:25.918,651.0,831.3,saccade
10:25:25.9184,654.8,831.9,saccade
10:25:25.9188,658.1,828.8,saccade
10:25:25.9193,661.9,825.5,saccade
10:25:25.9198,666.1,822.2,saccade
10:25:25.9202,671.5,823.5,saccade
10:25:25.9207,677.1,825.2,saccade
10:25:25.9212,683.5,826.0,saccade
10:25:25.9216,688.9,824.3,saccade
10:25:25.9221,693.4,822.7,saccade
10:25:25.9226,696.4,823.6,saccade
10:25:25.9230,701.5,825.6,saccade
10:25:25.9234,705.6,826.7,saccade
10:25:25.9239,711.1,826.0,saccade
10:25:25.9244,713.2,824.6,saccade
10:25:25.9248,715.9,824.0,saccade
10:25:25.9253,718.5,823.3,saccade
10:25:25.9258,721.2,823.2,saccade
10:25:25.9262,723.8,823.5,saccade
10:25:25.9267,726.0,824.0,saccade
10:25:25.9272,727.8,825.3,saccade
10:25:25.9276,728.9,826.1,saccade
10:25:25.9281,728.6,827.0,saccade
10:25:25.9286,728.3,827.1,saccade
10:25:25.9291,728.1,826.8,saccade
10:25:25.9295,728.1,826.5,saccade
10:25:25.93,728.0,826.3,saccade
10:25:25.9305,727.8,827.0,saccade
10:25:25.9309,727.5,827.7,saccade
10:25:25.9314,725.9,827.6,saccade
10:25:25.9319,724.4,827.1,saccade
10:25:25.9323,722.0,826.5,saccade
10:25:25.9328,720.3,826.5,saccade
10:25:25.9333,718.1,825.8,saccade
10:25:25.9337,717.0,825.2,saccade
10:25:25.9342,716.5,824.4,saccade
10:25:25.9347,714.1,824.0,saccade
10:25:25.9352,711.5,823.8,saccade
10:25:25.9356,708.6,823.9,saccade
10:25:25.9361,708.0,824.2,saccade
10:25:25.9366,707.6,824.3,saccade
10:25:25.9370,707.4,825.7,saccade
10:25:25.9375,707.2,827.1,saccade
10:25:25.938,707.4,826.3,fixation
10:25:25.9384,707.7,825.4,fixation
10:25:25.9389,708.0,825.5,fixation
10:25:25.9394,706.4,825.6,fixation
10:25:25.9398,704.4,826.7,fixation
10:25:25.9403,702.7,827.8,fixation
10:25:25.9408,703.0,827.0,fixation
10:25:25.9413,703.4,824.5,fixation
10:25:25.9417,703.5,822.2,fixation
10:25:25.9422,703.6,822.1,fixation
10:25:25.9427,704.2,822.2,fixation
10:25:25.9431,704.9,821.9,fixation
10:25:25.9436,705.3,820.9,fixation
10:25:25.9441,705.0,820.2,fixation
10:25:25.9445,704.7,819.5,fixation
10:25:25.945,704.7,819.3,fixation
10:25:25.9455,704.7,819.0,fixation
10:25:25.9459,706.0,819.0,fixation
10:25:25.9464,707.0,821.4,fixation
10:25:25.9469,708.1,823.9,fixation
10:25:25.9474,707.9,826.4,fixation
10:25:25.9478,707.4,825.0,fixation
10:25:25.9483,706.0,824.1,fixation
10:25:25.9488,704.7,823.1,fixation
10:25:25.9492,703.9,823.2,fixation
10:25:25.9497,703.9,823.0,fixation
10:25:25.9502,703.9,822.7,fixation
10:25:25.9506,703.9,822.7,fixation
10:25:25.9511,704.6,822.6,fixation
10:25:25.9516,705.3,822.2,fixation
10:25:25.9520,706.0,821.9,fixation
10:25:25.9525,705.9,820.8,fixation
10:25:25.953,705.6,819.0,fixation
10:25:25.9535,705.5,817.2,fixation
10:25:25.9539,706.1,817.3,fixation
10:25:25.9544,706.8,818.5,fixation
10:25:25.9549,707.7,819.5,fixation
10:25:25.9553,707.8,819.7,fixation
10:25:25.9558,707.7,819.5,fixation
10:25:25.9563,707.5,819.8,fixation
10:25:25.9567,707.2,820.1,fixation
10:25:25.9572,707.1,820.4,fixation
10:25:25.9577,707.1,820.0,fixation
10:25:25.9581,707.1,819.4,fixation
10:25:25.9586,706.6,820.4,fixation
10:25:25.9591,705.9,822.1,fixation
10:25:25.9596,703.7,822.9,fixation
10:25:25.9600,702.0,822.2,fixation
10:25:25.9605,700.8,821.0,fixation
10:25:25.961,701.2,820.2,fixation
10:25:25.9614,701.5,820.0,fixation
10:25:25.9619,702.4,820.6,fixation
10:25:25.9624,703.3,821.7,fixation
10:25:25.9628,704.3,822.2,fixation
10:25:25.9633,704.3,822.2,fixation
10:25:25.9638,704.2,823.4,fixation
10:25:25.9642,704.1,824.6,fixation
10:25:25.9647,703.6,825.8,fixation
10:25:25.9652,703.4,824.9,fixation
10:25:25.9657,704.2,823.9,fixation
10:25:25.9661,706.0,823.1,fixation
10:25:25.9666,707.6,823.5,fixation
10:25:25.9671,708.2,823.8,fixation
10:25:25.9675,707.3,824.0,fixation
10:25:25.968,706.5,824.3,fixation
10:25:25.9685,705.7,824.0,fixation
10:25:25.9689,705.9,823.6,fixation
10:25:25.9694,706.2,823.1,fixation
10:25:25.9699,705.0,823.1,fixation
10:25:25.9703,703.6,823.2,fixation
10:25:25.9708,701.6,823.6,fixation
10:25:25.9713,700.9,824.7,fixation
10:25:25.9717,702.0,826.6,fixation
10:25:25.9721,703.8,827.9,fixation
10:25:25.9726,705.6,828.8,fixation
10:25:25.9731,705.5,828.8,fixation
10:25:25.9735,705.0,828.8,fixation
10:25:25.974,704.5,828.4,fixation
10:25:25.9745,704.5,827.6,fixation
10:25:25.9749,705.1,826.8,fixation
10:25:25.9754,705.8,826.2,fixation
10:25:25.9759,706.1,825.8,fixation
10:25:25.9763,706.5,825.4,fixation
10:25:25.9767,706.8,825.1,fixation
10:25:25.9772,706.9,825.1,fixation
10:25:25.9777,705.5,825.2,fixation
10:25:25.9781,704.2,825.4,fixation
10:25:25.9786,702.7,825.1,fixation
10:25:25.9791,702.6,824.5,fixation
10:25:25.9795,702.2,821.9,fixation
10:25:25.98,701.8,819.8,fixation
10:25:25.9805,701.5,817.7,fixation
10:25:25.9809,701.8,820.4,fixation
10:25:25.9813,702.8,823.2,fixation
10:25:25.9818,704.3,825.9,fixation
10:25:25.9823,705.3,826.0,fixation
10:25:25.9827,705.8,826.0,fixation
10:25:25.9832,705.9,826.8,fixation
10:25:25.9837,706.2,827.5,fixation
10:25:25.9841,706.5,828.2,fixation
10:25:25.9846,706.2,827.9,fixation
10:25:25.9851,705.8,826.9,fixation
10:25:25.9855,705.1,824.7,fixation
10:25:25.9859,705.0,822.7,fixation
10:25:25.9864,704.8,822.5,fixation
10:25:25.9869,704.0,824.0,fixation
10:25:25.9873,701.6,825.4,fixation
10:25:25.9878,699.9,823.8,fixation
10:25:25.9883,698.7,822.2,fixation
10:25:25.9887,699.1,821.0,fixation
10:25:25.9892,699.3,822.7,fixation
10:25:25.9897,699.6,824.1,fixation
10:25:25.9901,699.9,825.0,fixation
10:25:25.9906,700.8,824.6,fixation
10:25:25.9911,701.7,823.7,fixation
10:25:25.9916,702.6,821.2,fixation
10:25:25.9920,702.7,819.1,fixation
10:25:25.9925,703.4,820.3,fixation
10:25:25.993,704.0,823.1,fixation
10:25:25.9934,703.7,824.6,fixation
10:25:25.9939,702.7,822.9,fixation
10:25:25.9944,701.8,821.1,fixation
10:25:25.9948,702.1,822.3,fixation
10:25:25.9953,702.2,823.9,fixation
10:25:25.9958,701.6,824.6,fixation
10:25:25.9962,700.9,822.8,fixation
10:25:25.9967,699.4,821.2,fixation
10:25:25.9972,698.6,820.5,fixation
10:25:25.9977,698.8,821.2,fixation
10:25:25.9981,700.0,822.1,fixation
10:25:25.9986,701.2,822.9,fixation
10:25:25.9991,700.7,822.8,fixation
10:25:25.9995,699.2,821.8,fixation
10:25:26.,697.7,820.8,fixation
10:25:26.0005,698.1,820.4,fixation
10:25:26.0009,699.0,820.6,fixation
10:25:26.0014,699.9,820.6,fixation
10:25:26.0019,699.6,820.6,fixation
10:25:26.0023,699.6,820.5,fixation
10:25:26.0028,699.7,820.5,fixation
10:25:26.0033,699.8,820.7,fixation
10:25:26.0038,699.4,820.8,fixation
10:25:26.0042,699.0,820.7,fixation
10:25:26.0047,698.7,820.4,fixation
10:25:26.0052,698.8,820.2,fixation
10:25:26.0056,698.8,820.5,fixation
10:25:26.0061,698.7,820.7,fixation
10:25:26.0066,698.7,821.0,fixation
10:25:26.0070,698.7,820.6,fixation
10:25:26.0075,698.4,820.1,fixation
10:25:26.008,698.1,819.5,fixation
10:25:26.0084,698.1,817.6,fixation
10:25:26.0089,698.5,815.7,fixation
10:25:26.0094,699.5,816.5,fixation
10:25:26.0099,701.0,819.1,fixation
10:25:26.0103,702.5,821.6,fixation
10:25:26.0108,702.4,821.4,fixation
10:25:26.0113,701.6,820.9,fixation
10:25:26.0117,700.8,820.4,fixation
10:25:26.0122,701.1,819.1,fixation
10:25:26.0127,701.4,818.1,fixation
10:25:26.0131,701.5,817.4,fixation
10:25:26.0136,701.2,817.8,fixation
10:25:26.0141,700.5,818.0,fixation
10:25:26.0145,699.8,817.7,fixation
10:25:26.015,699.4,817.0,fixation
10:25:26.0155,699.5,816.6,fixation
10:25:26.016,699.7,815.9,fixation
10:25:26.0164,699.8,815.5,fixation
10:25:26.0169,699.7,815.2,fixation
10:25:26.0174,699.6,815.1,fixation
10:25:26.0178,699.7,814.8,fixation
10:25:26.0183,700.0,816.2,fixation
10:25:26.0188,700.3,818.0,fixation
10:25:26.0192,700.4,819.7,fixation
10:25:26.0197,700.3,819.7,fixation
10:25:26.0202,700.2,819.2,fixation
10:25:26.0206,700.3,818.3,fixation
10:25:26.0211,700.3,817.4,fixation
10:25:26.0216,700.3,817.0,fixation
10:25:26.0221,701.2,816.3,fixation
10:25:26.0225,702.2,815.5,fixation
10:25:26.023,702.1,814.7,fixation
10:25:26.0235,701.5,814.5,fixation
10:25:26.0239,701.1,815.0,fixation
10:25:26.0244,701.7,815.7,fixation
10:25:26.0249,701.9,816.4,fixation
10:25:26.0253,701.9,816.4,fixation
10:25:26.0258,700.9,816.3,fixation
10:25:26.0263,699.7,816.2,fixation
10:25:26.0267,698.5,816.2,fixation
10:25:26.0272,698.4,816.3,fixation
10:25:26.0277,698.4,816.2,fixation
10:25:26.0282,698.4,816.1,fixation
10:25:26.0286,698.4,815.8,fixation
10:25:26.0291,698.4,815.6,fixation
10:25:26.0296,698.2,815.1,fixation
10:25:26.0300,698.1,814.9,fixation
10:25:26.0305,697.3,814.9,fixation
10:25:26.031,696.8,815.1,fixation
10:25:26.0314,697.4,815.4,fixation
10:25:26.0319,698.7,815.6,fixation
10:25:26.0324,699.9,816.0,fixation
10:25:26.0328,700.0,816.3,fixation
10:25:26.0333,700.0,816.2,fixation
10:25:26.0338,700.4,815.2,fixation
10:25:26.0342,700.9,814.4,fixation
10:25:26.0346,701.3,813.8,fixation
10:25:26.0351,701.4,814.0,fixation
10:25:26.0356,701.2,814.6,fixation
10:25:26.0360,700.6,816.8,fixation
10:25:26.0365,699.7,818.8,fixation
10:25:26.037,699.1,820.2,fixation
10:25:26.0374,699.0,817.7,fixation
10:25:26.0379,697.1,815.1,fixation
10:25:26.0384,695.0,813.2,fixation
10:25:26.0388,694.8,813.7,fixation
10:25:26.0392,696.7,814.3,fixation
10:25:26.0397,698.4,814.5,fixation
10:25:26.0402,697.9,814.5,fixation
10:25:26.0406,696.8,816.1,fixation
10:25:26.0411,696.0,817.6,fixation
10:25:26.0416,695.4,818.9,fixation
10:25:26.0420,695.4,818.0,fixation
10:25:26.0425,696.6,816.5,fixation
10:25:26.043,697.8,815.3,fixation
10:25:26.0434,698.9,814.7,fixation
10:25:26.0438,698.8,813.8,fixation
10:25:26.0443,698.4,812.9,fixation
10:25:26.0448,698.0,814.7,fixation
10:25:26.0452,697.8,817.5,fixation
10:25:26.0457,697.6,820.3,fixation
10:25:26.0462,697.6,820.5,fixation
10:25:26.0466,697.1,820.7,fixation
10:25:26.0471,696.8,820.4,fixation
10:25:26.0476,697.1,819.9,fixation
10:25:26.0480,697.3,819.2,fixation
10:25:26.0484,697.7,817.1,fixation
10:25:26.0489,697.4,815.2,fixation
10:25:26.0494,697.9,813.6,fixation
10:25:26.0498,698.1,814.0,fixation
10:25:26.0503,698.2,814.7,fixation
10:25:26.0508,697.9,815.3,fixation
10:25:26.0512,697.6,815.8,fixation
10:25:26.0517,697.5,815.9,fixation
10:25:26.0522,697.6,816.5,fixation
10:25:26.0526,697.8,817.0,fixation
10:25:26.0531,697.9,817.5,fixation
10:25:26.0536,697.6,817.6,fixation
10:25:26.0541,697.3,817.7,fixation
10:25:26.0545,697.2,818.5,fixation
10:25:26.055,697.2,819.4,fixation
10:25:26.0555,697.2,819.9,fixation
10:25:26.0559,697.3,819.5,fixation
10:25:26.0564,697.1,818.9,fixation
10:25:26.0569,697.2,818.1,fixation
10:25:26.0573,697.3,817.3,fixation
10:25:26.0578,697.3,816.7,fixation
10:25:26.0583,697.4,816.9,fixation
10:25:26.0587,697.6,817.2,fixation
10:25:26.0592,698.2,816.4,fixation
10:25:26.0597,698.4,814.7,fixation
10:25:26.0602,698.6,812.9,fixation
10:25:26.0606,697.5,812.8,fixation
10:25:26.0611,696.3,813.2,fixation
10:25:26.0616,696.6,813.7,fixation
10:25:26.0620,698.0,813.1,fixation
10:25:26.0625,698.3,812.1,fixation
10:25:26.063,696.2,811.0,fixation
10:25:26.0634,694.0,811.5,fixation
10:25:26.0639,694.6,813.1,fixation
10:25:26.0644,696.1,814.8,fixation
10:25:26.0648,697.6,815.4,fixation
10:25:26.0653,697.9,815.7,fixation
10:25:26.0658,698.2,815.9,fixation
10:25:26.0663,698.6,816.4,fixation
10:25:26.0667,698.7,817.0,fixation
10:25:26.0672,698.6,817.5,fixation
10:25:26.0677,698.4,817.7,fixation
10:25:26.0681,698.3,817.9,fixation
10:25:26.0686,698.5,818.2,fixation
10:25:26.0691,698.5,817.2,fixation
10:25:26.0695,698.0,815.9,fixation
10:25:26.07,697.6,814.8,fixation
10:25:26.0705,697.7,814.9,fixation
10:25:26.0709,698.4,815.0,fixation
10:25:26.0714,699.1,815.1,fixation
10:25:26.0719,698.9,815.5,fixation
10:25:26.0724,698.0,815.9,fixation
10:25:26.0728,697.1,815.4,fixation
10:25:26.0733,696.5,814.5,fixation
10:25:26.0738,696.3,813.5,fixation
10:25:26.0742,695.5,813.5,fixation
10:25:26.0747,694.6,813.5,fixation
10:25:26.0752,693.6,813.8,fixation
10:25:26.0756,693.3,814.1,fixation
10:25:26.0761,693.7,814.4,fixation
10:25:26.0766,696.0,814.5,fixation
10:25:26.0770,698.2,814.1,fixation
10:25:26.0775,698.9,813.8,fixation
10:25:26.078,697.7,813.3,fixation
10:25:26.0785,696.0,813.3,fixation
10:25:26.0789,695.7,813.4,fixation
10:25:26.0794,695.5,813.6,fixation
10:25:26.0799,695.7,813.6,fixation
10:25:26.0803,695.6,813.8,fixation
10:25:26.0808,695.0,814.0,fixation
10:25:26.0813,694.6,814.1,fixation
10:25:26.0817,694.0,813.8,fixation
10:25:26.0822,693.8,813.5,fixation
10:25:26.0827,695.0,813.5,fixation
10:25:26.0831,696.3,814.2,fixation
10:25:26.0836,697.5,815.1,fixation
10:25:26.0841,697.3,815.9,fixation
10:25:26.0846,697.4,816.5,fixation
10:25:26.0850,697.6,817.1,fixation
10:25:26.0855,697.8,817.4,fixation
10:25:26.086,697.7,817.7,fixation
10:25:26.0864,697.7,816.6,fixation
10:25:26.0869,697.6,815.7,fixation
10:25:26.0874,697.7,814.9,fixation
10:25:26.0878,697.2,815.0,fixation
10:25:26.0883,696.6,815.6,fixation
10:25:26.0888,696.1,816.3,fixation
10:25:26.0892,696.3,816.8,fixation
10:25:26.0897,696.3,816.2,fixation
10:25:26.0902,695.4,815.1,fixation
10:25:26.0907,694.6,813.9,fixation
10:25:26.0911,693.8,813.0,fixation
10:25:26.0916,693.8,811.9,fixation
10:25:26.0921,693.8,811.3,fixation
10:25:26.0925,694.0,810.6,fixation
10:25:26.093,694.2,810.6,fixation
10:25:26.0935,694.4,810.8,fixation
10:25:26.0939,694.4,810.9,fixation
10:25:26.0944,694.4,811.1,fixation
10:25:26.0949,694.8,810.7,fixation
10:25:26.0953,695.9,809.7,fixation
10:25:26.0958,697.1,808.8,fixation
10:25:26.0963,697.9,808.6,fixation
10:25:26.0967,698.0,809.1,fixation
10:25:26.0971,697.8,809.1,fixation
10:25:26.0976,697.7,809.1,fixation
10:25:26.0981,697.4,808.8,fixation
10:25:26.0985,697.2,808.7,fixation
10:25:26.099,697.0,807.9,fixation
10:25:26.0995,697.0,807.1,fixation
10:25:26.0999,696.8,805.6,fixation
10:25:26.1004,696.6,804.6,fixation
10:25:26.1009,696.4,804.0,fixation
10:25:26.1013,696.5,804.9,fixation
10:25:26.1017,696.3,807.8,fixation
10:25:26.1022,695.5,810.3,fixation
10:25:26.1027,694.9,812.4,fixation
10:25:26.1031,694.4,812.4,fixation
10:25:26.1036,695.1,812.2,fixation
10:25:26.1041,695.7,811.7,fixation
10:25:26.1045,696.2,811.2,fixation
10:25:26.105,696.2,811.3,fixation
10:25:26.1055,696.3,811.5,fixation
10:25:26.1059,697.0,811.6,fixation
10:25:26.1063,697.8,810.7,fixation
10:25:26.1068,697.5,809.2,fixation
10:25:26.1073,696.7,807.9,fixation
10:25:26.1077,695.9,807.4,fixation
10:25:26.1082,695.9,807.7,fixation
10:25:26.1087,695.9,807.9,fixation
10:25:26.1091,695.8,807.9,fixation
10:25:26.1096,695.7,808.0,fixation
10:25:26.1101,695.7,808.1,fixation
10:25:26.1105,695.7,808.2,fixation
10:25:26.1109,695.7,808.4,fixation
10:25:26.1114,695.9,808.6,fixation
10:25:26.1119,696.2,808.7,fixation
10:25:26.1123,696.6,808.6,fixation
10:25:26.1128,695.4,808.3,fixation
10:25:26.1133,694.1,808.2,fixation
10:25:26.1137,693.1,808.3,fixation
10:25:26.1142,693.4,808.6,fixation
10:25:26.1147,693.5,808.5,fixation
10:25:26.1151,693.4,808.4,fixation
10:25:26.1156,693.0,808.5,fixation
10:25:26.1161,692.4,808.8,fixation
10:25:26.1166,691.8,809.4,fixation
10:25:26.1170,691.6,810.1,fixation
10:25:26.1175,692.0,810.8,fixation
10:25:26.118,692.8,809.3,fixation
10:25:26.1184,693.5,807.4,fixation
10:25:26.1189,694.6,806.1,fixation
10:25:26.1194,695.3,806.6,fixation
10:25:26.1198,697.2,807.2,fixation
10:25:26.1203,698.4,806.9,fixation
10:25:26.1208,699.6,806.6,fixation
10:25:26.1212,699.6,806.3,fixation
10:25:26.1217,698.7,807.2,fixation
10:25:26.1222,697.4,808.6,fixation
10:25:26.1227,696.1,809.9,fixation
10:25:26.1231,695.7,810.0,fixation
10:25:26.1236,695.8,809.5,fixation
10:25:26.1241,696.3,810.9,fixation
10:25:26.1245,696.9,812.8,fixation
10:25:26.125,697.5,814.6,fixation
10:25:26.1255,697.4,814.6,fixation
10:25:26.1259,697.1,813.4,fixation
10:25:26.1264,696.9,812.3,fixation
10:25:26.1269,697.0,811.1,fixation
10:25:26.1273,697.1,810.9,fixation
10:25:26.1278,697.1,809.8,fixation
10:25:26.1283,695.5,808.1,fixation
10:25:26.1288,694.0,806.5,fixation
10:25:26.1292,692.3,807.1,fixation
10:25:26.1297,692.2,809.1,fixation
10:25:26.1302,692.4,811.0,fixation
10:25:26.1306,692.6,811.5,fixation
10:25:26.1311,692.5,811.3,fixation
10:25:26.1316,693.1,811.3,fixation
10:25:26.1320,694.1,811.5,fixation
10:25:26.1325,695.1,811.9,fixation
10:25:26.133,695.2,812.1,fixation
10:25:26.1334,695.2,811.5,fixation
10:25:26.1339,695.1,810.9,fixation
10:25:26.1344,694.9,811.2,fixation
10:25:26.1349,694.6,812.2,fixation
10:25:26.1353,694.2,811.6,fixation
10:25:26.1358,693.2,810.0,fixation
10:25:26.1363,692.4,808.4,fixation
10:25:26.1367,692.3,809.3,fixation
10:25:26.1372,693.2,810.2,fixation
10:25:26.1377,694.1,811.0,fixation
10:25:26.1381,694.5,810.8,fixation
10:25:26.1386,694.9,810.7,fixation
10:25:26.1391,695.1,811.0,fixation
10:25:26.1395,695.4,811.3,fixation
10:25:26.14,695.3,812.0,fixation
10:25:26.1405,695.9,812.5,fixation
10:25:26.141,696.6,811.9,fixation
10:25:26.1414,696.7,810.9,fixation
10:25:26.1419,696.0,809.9,fixation
10:25:26.1424,695.3,810.0,fixation
10:25:26.1428,695.2,810.1,fixation
10:25:26.1433,694.4,810.4,fixation
10:25:26.1438,693.5,810.8,fixation
10:25:26.1442,692.6,811.2,fixation
10:25:26.1447,692.5,811.4,fixation
10:25:26.1452,693.7,811.9,fixation
10:25:26.1456,695.0,812.4,fixation
10:25:26.1461,695.3,811.4,fixation
10:25:26.1466,694.4,809.9,fixation
10:25:26.1471,694.0,808.7,fixation
10:25:26.1475,694.5,809.2,fixation
10:25:26.148,695.4,809.9,fixation
10:25:26.1485,695.7,810.3,fixation
10:25:26.1489,696.1,811.7,fixation
10:25:26.1494,696.1,813.0,fixation
10:25:26.1499,696.1,814.2,fixation
10:25:26.1503,696.1,814.1,fixation
10:25:26.1508,696.2,814.5,fixation
10:25:26.1513,696.3,815.0,fixation
10:25:26.1517,695.7,816.1,fixation
10:25:26.1522,695.1,816.8,fixation
10:25:26.1527,693.3,817.2,fixation
10:25:26.1532,692.3,816.8,fixation
10:25:26.1536,691.2,815.0,fixation
10:25:26.1541,691.3,813.4,fixation
10:25:26.1546,691.4,811.9,fixation
10:25:26.1550,691.5,811.9,fixation
10:25:26.1555,691.4,814.0,fixation
10:25:26.156,692.3,816.2,fixation
10:25:26.1564,693.2,818.8,fixation
10:25:26.1569,694.2,819.2,fixation
10:25:26.1574,693.2,818.6,fixation
10:25:26.1578,691.8,816.9,fixation
10:25:26.1583,690.3,815.2,fixation
10:25:26.1588,689.5,814.1,fixation
10:25:26.1592,689.3,813.2,fixation
10:25:26.1596,689.1,812.4,fixation
10:25:26.1601,688.9,813.6,fixation
10:25:26.1606,688.7,815.9,fixation
10:25:26.1610,689.3,818.5,fixation
10:25:26.1615,689.6,819.2,fixation
10:25:26.162,689.8,819.4,fixation
10:25:26.1624,689.6,819.0,fixation
10:25:26.1629,690.0,818.7,fixation
10:25:26.1634,690.3,819.6,fixation
10:25:26.1638,690.3,821.8,fixation
10:25:26.1642,690.2,823.9,fixation
10:25:26.1647,690.1,825.1,fixation
10:25:26.1652,690.3,825.6,fixation
10:25:26.1656,690.7,826.1,fixation
10:25:26.1661,691.3,826.1,fixation
10:25:26.1666,691.7,824.5,fixation
10:25:26.1670,691.7,822.9,fixation
10:25:26.1675,691.5,821.6,fixation
10:25:26.168,691.1,821.5,saccade
10:25:26.1684,690.8,821.8,saccade
10:25:26.1688,690.8,822.2,saccade
10:25:26.1693,690.8,823.0,saccade
10:25:26.1698,691.0,823.8,saccade
10:25:26.1702,690.8,825.6,saccade
10:25:26.1707,690.7,826.6,saccade
10:25:26.1712,690.7,827.7,saccade
10:25:26.1716,690.8,827.7,saccade
10:25:26.1721,691.0,827.7,saccade
10:25:26.1726,691.1,830.2,saccade
10:25:26.1730,691.6,833.6,saccade
10:25:26.1734,691.3,839.8,saccade
10:25:26.1739,691.0,843.0,saccade
10:25:26.1744,688.1,845.3,saccade
10:25:26.1748,685.6,845.7,saccade
10:25:26.1753,683.2,846.4,saccade
10:25:26.1758,682.6,847.9,saccade
10:25:26.1762,680.4,862.0,saccade
10:25:26.1767,678.0,877.3,saccade
10:25:26.1772,673.9,906.8,saccade
10:25:26.1776,670.8,931.9,saccade
10:25:26.1781,666.4,974.9,saccade
10:25:26.1786,663.0,1016.3,saccade
10:25:26.1791,665.0,1065.8,saccade
10:25:26.1795,667.2,1112.9,saccade
10:25:26.18,616.0,1146.7,saccade
10:25:26.1805,533.2,1160.2,saccade
10:25:26.1809,445.8,1167.2,saccade
10:25:26.1814,415.1,1177.0,saccade
10:25:26.1819,.,.,blink
10:25:26.1823,.,.,blink
10:25:26.1828,.,.,blink
10:25:26.1833,.,.,blink
10:25:26.1837,.,.,blink
10:25:26.1842,.,.,blink
10:25:26.1847,.,.,blink
10:25:26.1852,.,.,blink
10:25:26.1856,.,.,blink
10:25:26.1861,.,.,blink
10:25:26.1866,.,.,blink
10:25:26.1870,.,.,blink
10:25:26.1875,.,.,blink
10:25:26.188,.,.,blink
10:25:26.1884,.,.,blink
10:25:26.1889,.,.,blink
10:25:26.1894,.,.,blink
10:25:26.1898,.,.,blink
10:25:26.1903,.,.,blink
10:25:26.1908,.,.,blink
10:25:26.1913,.,.,blink
10:25:26.1917,.,.,blink
10:25:26.1922,.,.,blink
10:25:26.1927,.,.,blink
10:25:26.1931,.,.,blink
10:25:26.1936,.,.,blink
10:25:26.1941,.,.,blink
10:25:26.1945,.,.,blink
10:25:26.195,.,.,blink
10:25:26.1955,.,.,blink
10:25:26.1959,.,.,blink
10:25:26.1964,.,.,blink
10:25:26.1969,.,.,blink
10:25:26.1974,.,.,blink
10:25:26.1978,.,.,blink
10:25:26.1983,.,.,blink
10:25:26.1988,.,.,blink
10:25:26.1992,.,.,blink
10:25:26.1997,.,.,blink
10:25:26.2002,.,.,blink
10:25:26.2006,.,.,blink
10:25:26.2011,.,.,blink
10:25:26.2016,.,.,blink
10:25:26.2020,.,.,blink
10:25:26.2025,.,.,blink
10:25:26.203,.,.,blink
10:25:26.2035,.,.,blink
10:25:26.2039,.,.,blink
10:25:26.2044,.,.,blink
10:25:26.2049,.,.,blink
10:25:26.2053,.,.,blink
10:25:26.2058,.,.,blink
10:25:26.2063,.,.,blink
10:25:26.2067,.,.,blink
10:25:26.2072,.,.,blink
10:25:26.2077,.,.,blink
10:25:26.2081,.,.,blink
10:25:26.2086,.,.,blink
10:25:26.2091,.,.,blink
10:25:26.2096,.,.,blink
10:25:26.2100,.,.,blink
10:25:26.2105,.,.,blink
10:25:26.211,.,.,blink
10:25:26.2114,.,.,blink
10:25:26.2119,.,.,blink
10:25:26.2124,.,.,blink
10:25:26.2128,.,.,blink
10:25:26.2133,.,.,blink
10:25:26.2138,.,.,blink
10:25:26.2142,.,.,blink
10:25:26.2147,.,.,blink
10:25:26.2152,.,.,blink
10:25:26.2157,.,.,blink
10:25:26.2161,.,.,blink
10:25:26.2166,.,.,blink
10:25:26.2171,.,.,blink
10:25:26.2175,.,.,blink
10:25:26.218,.,.,blink
10:25:26.2185,.,.,blink
10:25:26.2189,.,.,blink
10:25:26.2194,.,.,blink
10:25:26.2199,.,.,blink
10:25:26.2203,.,.,blink
10:25:26.2208,.,.,blink
10:25:26.2213,.,.,blink
10:25:26.2217,.,.,blink
10:25:26.2221,.,.,blink
10:25:26.2226,.,.,blink
10:25:26.2231,.,.,blink
10:25:26.2235,.,.,blink
10:25:26.224,.,.,blink
10:25:26.2245,.,.,blink
10:25:26.2249,.,.,blink
10:25:26.2254,.,.,blink
10:25:26.2259,.,.,blink
10:25:26.2263,.,.,blink
10:25:26.2267,.,.,blink
10:25:26.2272,.,.,blink
10:25:26.2277,.,.,blink
10:25:26.2281,.,.,blink
10:25:26.2286,.,.,blink
10:25:26.2291,.,.,blink
10:25:26.2295,.,.,blink
10:25:26.23,.,.,blink
10:25:26.2305,.,.,blink
10:25:26.2309,.,.,blink
10:25:26.2313,.,.,blink
10:25:26.2318,.,.,blink
10:25:26.2323,.,.,blink
10:25:26.2327,.,.,blink
10:25:26.2332,.,.,blink
10:25:26.2337,.,.,blink
10:25:26.2341,.,.,blink
10:25:26.2346,.,.,blink
10:25:26.2351,.,.,blink
10:25:26.2355,.,.,blink
10:25:26.2359,.,.,blink
10:25:26.2364,.,.,blink
10:25:26.2369,.,.,blink
10:25:26.2373,.,.,blink
10:25:26.2378,.,.,blink
10:25:26.2383,.,.,blink
10:25:26.2387,.,.,blink
10:25:26.2392,.,.,blink
10:25:26.2397,.,.,blink
10:25:26.2401,.,.,blink
10:25:26.2406,.,.,blink
10:25:26.2411,.,.,blink
10:25:26.2416,.,.,blink
10:25:26.2420,.,.,blink
10:25:26.2425,.,.,blink
10:25:26.243,.,.,blink
10:25:26.2434,.,.,blink
10:25:26.2439,.,.,blink
10:25:26.2444,.,.,blink
10:25:26.2448,.,.,blink
10:25:26.2453,.,.,blink
10:25:26.2458,.,.,blink
10:25:26.2462,.,.,blink
10:25:26.2467,.,.,blink
10:25:26.2472,.,.,blink
10:25:26.2477,.,.,blink
10:25:26.2481,.,.,blink
10:25:26.2486,.,.,blink
10:25:26.2491,.,.,blink
10:25:26.2495,.,.,blink
10:25:26.25,.,.,blink
10:25:26.2505,.,.,blink
10:25:26.2509,.,.,blink
10:25:26.2514,.,.,blink
10:25:26.2519,.,.,blink
10:25:26.2523,.,.,blink
10:25:26.2528,.,.,blink
10:25:26.2533,.,.,blink
10:25:26.2538,.,.,blink
10:25:26.2542,.,.,blink
10:25:26.2547,.,.,blink
10:25:26.2552,.,.,blink
10:25:26.2556,.,.,blink
10:25:26.2561,445.1,187.4,fixation
10:25:26.2566,445.2,186.8,fixation
10:25:26.2570,445.4,185.2,fixation
10:25:26.2575,445.4,183.5,fixation
10:25:26.258,446.1,183.0,fixation
10:25:26.2584,447.3,183.4,fixation
10:25:26.2589,448.6,184.0,fixation
10:25:26.2594,449.3,184.3,fixation
10:25:26.2599,448.2,184.4,fixation
10:25:26.2603,446.9,184.1,fixation
10:25:26.2608,446.6,183.5,fixation
10:25:26.2613,447.7,183.4,fixation
10:25:26.2617,448.7,183.5,fixation
10:25:26.2622,448.7,183.9,fixation
10:25:26.2627,448.7,183.9,fixation
10:25:26.2631,449.1,183.9,fixation
10:25:26.2636,449.5,184.6,fixation
10:25:26.2641,449.8,185.8,fixation
10:25:26.2645,450.0,188.0,fixation
10:25:26.265,450.4,189.9,fixation
10:25:26.2655,449.8,191.8,fixation
10:25:26.266,448.6,192.6,fixation
10:25:26.2664,447.5,192.1,fixation
10:25:26.2669,447.3,191.1,fixation
10:25:26.2674,447.3,191.0,fixation
10:25:26.2678,448.4,192.2,fixation
10:25:26.2683,449.4,193.5,fixation
10:25:26.2688,449.4,193.8,fixation
10:25:26.2692,448.3,193.8,fixation
10:25:26.2697,447.5,193.7,fixation
10:25:26.2702,448.1,194.3,fixation
10:25:26.2706,448.9,195.0,fixation
10:25:26.2711,449.5,195.2,fixation
10:25:26.2716,449.7,194.9,fixation
10:25:26.2721,449.9,193.7,fixation
10:25:26.2725,450.1,192.9,fixation
10:25:26.273,450.4,192.2,fixation
10:25:26.2735,450.3,194.3,fixation
10:25:26.2739,450.0,196.4,fixation
10:25:26.2744,450.4,196.6,fixation
10:25:26.2749,451.1,194.7,fixation
10:25:26.2753,450.8,192.9,fixation
10:25:26.2758,450.1,193.7,fixation
10:25:26.2763,449.3,194.3,fixation
10:25:26.2767,448.9,194.9,fixation
10:25:26.2772,448.3,194.9,fixation
10:25:26.2777,447.5,193.9,fixation
10:25:26.2782,447.4,192.9,fixation
10:25:26.2786,447.3,192.0,fixation
10:25:26.2791,447.3,192.9,fixation
10:25:26.2796,447.9,193.9,fixation
10:25:26.2800,448.5,194.7,fixation
10:25:26.2805,449.3,194.8,fixation
10:25:26.281,448.3,194.7,fixation
10:25:26.2814,447.3,194.3,fixation
10:25:26.2819,446.3,194.0,fixation
10:25:26.2824,446.5,194.2,fixation
10:25:26.2828,447.8,195.0,fixation
10:25:26.2833,449.0,195.8,fixation
10:25:26.2838,449.2,196.6,fixation
10:25:26.2842,448.2,196.9,fixation
10:25:26.2846,447.2,196.6,fixation
10:25:26.2851,447.4,196.1,fixation
10:25:26.2856,447.6,195.5,fixation
10:25:26.2860,447.8,195.5,fixation
10:25:26.2865,448.1,195.7,fixation
10:25:26.287,448.3,196.0,fixation
10:25:26.2874,448.2,196.3,fixation
10:25:26.2879,447.9,196.5,fixation
10:25:26.2884,448.8,196.8,fixation
10:25:26.2888,450.0,196.8,fixation
10:25:26.2892,450.5,196.6,fixation
10:25:26.2897,449.7,197.8,fixation
10:25:26.2902,448.9,199.2,fixation
10:25:26.2906,449.0,199.7,fixation
10:25:26.2911,449.6,198.6,fixation
10:25:26.2916,450.5,197.5,fixation
10:25:26.2920,451.2,197.6,fixation
10:25:26.2925,451.1,198.0,fixation
10:25:26.293,450.7,198.3,fixation
10:25:26.2934,450.2,198.5,fixation
10:25:26.2938,449.7,198.3,fixation
10:25:26.2943,449.0,198.4,fixation
10:25:26.2948,448.4,198.4,fixation
10:25:26.2952,448.9,198.5,fixation
10:25:26.2957,449.6,198.4,fixation
10:25:26.2962,450.2,198.1,fixation
10:25:26.2966,449.3,197.7,fixation
10:25:26.2971,448.1,197.4,fixation
10:25:26.2976,447.4,197.3,fixation
10:25:26.2980,447.7,197.3,fixation
10:25:26.2984,447.3,197.1,fixation
10:25:26.2989,446.7,196.9,fixation
10:25:26.2994,446.2,196.4,fixation
10:25:26.2998,447.0,196.0,fixation
10:25:26.3003,447.5,195.7,fixation
10:25:26.3008,448.0,196.1,fixation
10:25:26.3012,447.3,196.1,fixation
10:25:26.3017,446.6,196.1,fixation
10:25:26.3022,446.0,196.1,fixation
10:25:26.3026,446.1,196.6,fixation
10:25:26.3031,446.0,197.3,fixation
10:25:26.3036,445.9,197.7,fixation
10:25:26.3041,446.4,197.3,fixation
10:25:26.3045,447.2,195.4,fixation
10:25:26.305,448.0,193.5,fixation
10:25:26.3055,447.5,193.4,fixation
10:25:26.3059,447.0,194.6,fixation
10:25:26.3064,446.6,195.5,fixation
10:25:26.3069,446.8,195.2,fixation
10:25:26.3073,447.3,195.3,fixation
10:25:26.3078,447.8,195.9,fixation
10:25:26.3083,448.3,196.5,fixation
10:25:26.3087,448.7,196.3,fixation
10:25:26.3092,448.9,196.1,fixation
10:25:26.3097,449.1,195.6,fixation
10:25:26.3102,450.0,195.4,fixation
10:25:26.3106,450.8,196.1,fixation
10:25:26.3111,450.9,197.0,fixation
10:25:26.3116,450.3,196.2,fixation
10:25:26.3120,449.8,195.0,fixation
10:25:26.3125,450.0,193.8,fixation
10:25:26.313,449.9,194.0,fixation
10:25:26.3134,449.8,193.7,fixation
10:25:26.3139,449.7,193.3,fixation
10:25:26.3144,449.1,194.4,fixation
10:25:26.3148,448.7,195.6,fixation
10:25:26.3153,448.5,196.9,fixation
10:25:26.3158,449.0,196.9,fixation
10:25:26.3163,448.9,196.8,fixation
10:25:26.3167,448.6,196.6,fixation
10:25:26.3172,448.6,196.4,fixation
10:25:26.3177,448.8,196.2,fixation
10:25:26.3181,448.9,196.2,fixation
10:25:26.3186,448.9,196.1,fixation
10:25:26.3191,448.6,195.4,fixation
10:25:26.3195,447.6,194.8,fixation
10:25:26.32,446.7,194.3,fixation
10:25:26.3205,445.8,194.3,fixation
10:25:26.3209,445.7,194.4,fixation
10:25:26.3214,445.5,194.7,fixation
10:25:26.3219,445.5,195.1,fixation
10:25:26.3224,446.0,197.4,fixation
10:25:26.3228,446.6,199.6,fixation
10:25:26.3233,447.4,199.7,fixation
10:25:26.3238,447.6,197.8,fixation
10:25:26.3242,447.8,195.9,fixation
10:25:26.3247,447.9,195.8,fixation
10:25:26.3252,448.1,195.7,fixation
10:25:26.3256,448.4,195.7,fixation
10:25:26.3261,448.6,196.0,fixation
10:25:26.3266,448.6,196.3,fixation
10:25:26.3270,448.7,196.6,fixation
10:25:26.3275,449.0,196.8,fixation
10:25:26.328,449.0,196.9,fixation
10:25:26.3285,449.1,196.5,fixation
10:25:26.3289,449.2,196.1,fixation
10:25:26.3294,449.5,196.6,fixation
10:25:26.3299,449.7,198.2,fixation
10:25:26.3303,449.7,199.9,fixation
10:25:26.3308,449.9,199.3,fixation
10:25:26.3313,449.9,197.8,fixation
10:25:26.3317,449.8,196.3,fixation
10:25:26.3322,449.7,196.2,fixation
10:25:26.3327,449.7,196.3,fixation
10:25:26.3331,449.9,196.4,fixation
10:25:26.3336,449.8,196.9,fixation
10:25:26.3341,449.2,197.5,fixation
10:25:26.3346,448.6,197.7,fixation
10:25:26.3350,447.1,197.4,fixation
10:25:26.3355,446.2,196.8,fixation
10:25:26.336,445.7,196.6,fixation
10:25:26.3364,446.4,196.4,fixation
10:25:26.3369,447.1,196.3,fixation
10:25:26.3374,447.3,196.2,fixation
10:25:26.3378,447.3,196.2,fixation
10:25:26.3383,447.4,196.1,fixation
10:25:26.3388,447.9,196.4,fixation
10:25:26.3392,448.4,196.6,fixation
10:25:26.3397,448.2,195.7,fixation
10:25:26.3402,447.6,194.5,fixation
10:25:26.3407,447.1,194.2,fixation
10:25:26.3411,447.4,195.0,fixation
10:25:26.3416,447.6,195.8,fixation
10:25:26.3421,447.5,195.5,fixation
10:25:26.3425,447.4,195.2,fixation
10:25:26.343,447.8,195.1,fixation
10:25:26.3435,448.2,195.8,fixation
10:25:26.3439,448.7,196.5,fixation
10:25:26.3444,448.7,196.0,fixation
10:25:26.3449,448.2,195.3,fixation
10:25:26.3453,447.7,195.2,fixation
10:25:26.3458,447.7,196.7,fixation
10:25:26.3463,448.2,197.8,fixation
10:25:26.3467,448.8,197.5,fixation
10:25:26.3471,448.9,196.7,fixation
10:25:26.3476,449.0,195.1,fixation
10:25:26.3481,448.8,194.5,fixation
10:25:26.3485,448.6,194.1,fixation
10:25:26.349,448.7,194.5,fixation
10:25:26.3495,449.1,194.7,fixation
10:25:26.3499,449.0,194.8,fixation
10:25:26.3504,448.4,195.1,fixation
10:25:26.3509,448.1,195.4,fixation
10:25:26.3513,448.5,194.8,fixation
10:25:26.3517,448.6,193.9,fixation
10:25:26.3522,448.5,193.0,fixation
10:25:26.3527,448.3,193.0,fixation
10:25:26.3531,448.1,192.7,fixation
10:25:26.3536,447.7,192.3,fixation
10:25:26.3541,447.4,191.9,fixation
10:25:26.3545,448.5,190.9,fixation
10:25:26.355,449.5,189.9,fixation
10:25:26.3555,450.5,188.7,fixation
10:25:26.3559,449.5,188.3,fixation
10:25:26.3563,448.5,188.7,fixation
10:25:26.3568,447.6,189.3,fixation
10:25:26.3573,447.8,189.8,fixation
10:25:26.3577,448.0,189.6,fixation
10:25:26.3582,448.2,189.8,fixation
10:25:26.3587,448.4,190.1,fixation
10:25:26.3591,448.6,190.3,fixation
10:25:26.3596,448.8,190.0,fixation
10:25:26.3601,448.7,189.6,fixation
10:25:26.3605,448.7,189.4,fixation
10:25:26.3609,448.5,189.4,fixation
10:25:26.3614,448.4,189.4,fixation
10:25:26.3619,448.9,189.4,fixation
10:25:26.3623,449.1,190.0,fixation
10:25:26.3628,449.4,190.4,fixation
10:25:26.3633,449.2,190.4,fixation
10:25:26.3637,449.2,189.5,fixation
10:25:26.3642,449.3,188.5,fixation
10:25:26.3647,449.8,187.9,fixation
10:25:26.3651,450.1,187.4,fixation
10:25:26.3656,450.5,186.1,fixation
10:25:26.3661,450.2,185.0,fixation
10:25:26.3666,449.9,184.1,fixation
10:25:26.3670,449.3,183.9,fixation
10:25:26.3675,448.9,184.0,fixation
10:25:26.368,448.6,184.3,fixation
10:25:26.3684,448.4,184.7,fixation
10:25:26.3689,448.3,184.8,fixation
10:25:26.3694,448.4,184.6,fixation
10:25:26.3698,448.5,184.2,fixation
10:25:26.3703,449.1,183.8,fixation
10:25:26.3708,450.0,184.4,fixation
10:25:26.3712,450.8,185.2,fixation
10:25:26.3717,451.3,185.6,fixation
10:25:26.3722,451.5,185.1,fixation
10:25:26.3727,450.2,184.6,fixation
10:25:26.3731,449.0,183.5,fixation
10:25:26.3736,447.8,182.1,fixation
10:25:26.3741,448.0,181.0,fixation
10:25:26.3745,448.0,181.2,fixation
10:25:26.375,447.7,181.7,fixation
10:25:26.3755,447.5,181.9,fixation
10:25:26.3759,447.2,181.8,fixation
10:25:26.3764,447.2,181.0,fixation
10:25:26.3769,448.4,180.3,fixation
10:25:26.3773,449.8,180.7,fixation
10:25:26.3778,451.0,181.9,fixation
10:25:26.3783,450.9,183.5,fixation
10:25:26.3788,450.6,184.0,fixation
10:25:26.3792,450.4,184.6,fixation
10:25:26.3797,450.8,184.9,fixation
10:25:26.3802,451.4,183.9,fixation
10:25:26.3806,451.0,182.2,fixation
10:25:26.3811,450.3,180.9,fixation
10:25:26.3816,450.0,180.8,fixation
10:25:26.3820,450.5,181.0,fixation
10:25:26.3825,450.9,180.9,fixation
10:25:26.383,450.8,180.7,fixation
10:25:26.3834,450.6,180.3,fixation
10:25:26.3839,448.8,179.9,fixation
10:25:26.3844,447.0,179.6,fixation
10:25:26.3849,446.9,179.6,fixation
10:25:26.3853,448.7,179.7,fixation
10:25:26.3858,449.6,179.6,fixation
10:25:26.3863,448.6,179.4,fixation
10:25:26.3867,447.4,178.9,fixation
10:25:26.3872,447.0,178.6,fixation
10:25:26.3877,448.0,178.8,fixation
10:25:26.3881,449.1,179.2,fixation
10:25:26.3886,450.1,179.1,fixation
10:25:26.3891,450.0,178.0,fixation
10:25:26.3895,449.9,177.0,fixation
10:25:26.39,449.8,176.7,fixation
10:25:26.3905,449.6,176.8,fixation
10:25:26.391,450.4,176.9,fixation
10:25:26.3914,451.4,177.0,fixation
10:25:26.3919,452.6,177.2,fixation
10:25:26.3924,453.0,177.3,fixation
10:25:26.3928,452.3,177.2,fixation
10:25:26.3933,451.8,176.0,fixation
10:25:26.3938,451.2,174.8,fixation
10:25:26.3942,451.7,173.6,fixation
10:25:26.3947,451.2,173.7,fixation
10:25:26.3952,450.8,174.0,fixation
10:25:26.3956,450.4,174.2,fixation
10:25:26.3961,450.3,176.0,fixation
10:25:26.3966,450.1,177.7,fixation
10:25:26.3971,450.1,177.8,fixation
10:25:26.3975,450.4,175.7,fixation
10:25:26.398,450.7,173.6,fixation
10:25:26.3985,451.0,173.3,fixation
10:25:26.3989,451.1,173.7,fixation
10:25:26.3994,451.1,173.9,fixation
10:25:26.3999,451.1,174.1,fixation
10:25:26.4003,451.3,174.1,fixation
10:25:26.4008,451.7,174.3,fixation
10:25:26.4013,451.9,174.5,fixation
10:25:26.4017,451.9,174.5,fixation
10:25:26.4022,451.6,174.2,fixation
10:25:26.4027,451.3,173.9,fixation
10:25:26.4032,451.8,173.8,fixation
10:25:26.4036,452.3,174.5,fixation
10:25:26.4041,452.7,175.3,fixation
10:25:26.4046,452.7,174.8,fixation
10:25:26.4050,451.9,173.7,fixation
10:25:26.4055,450.9,173.3,fixation
10:25:26.406,450.6,174.1,fixation
10:25:26.4064,451.2,174.9,fixation
10:25:26.4069,451.8,175.4,fixation
10:25:26.4074,451.7,175.8,fixation
10:25:26.4078,451.7,175.7,fixation
10:25:26.4083,451.7,173.3,fixation
10:25:26.4088,451.7,170.9,fixation
10:25:26.4092,451.6,170.6,fixation
10:25:26.4096,451.4,172.3,fixation
10:25:26.4101,451.4,173.1,fixation
10:25:26.4106,451.6,172.5,fixation
10:25:26.4110,451.9,172.1,fixation
10:25:26.4115,452.1,172.9,fixation
10:25:26.412,452.3,172.8,fixation
10:25:26.4124,452.5,171.8,fixation
10:25:26.4129,453.0,170.6,fixation
10:25:26.4134,453.2,171.4,fixation
10:25:26.4138,453.3,173.0,fixation
10:25:26.4142,453.2,174.6,fixation
10:25:26.4147,453.1,174.7,fixation
10:25:26.4152,453.2,174.8,fixation
10:25:26.4156,453.3,174.4,fixation
10:25:26.4161,453.4,173.6,fixation
10:25:26.4166,453.8,172.8,fixation
10:25:26.4170,454.6,172.5,fixation
10:25:26.4175,455.3,172.6,fixation
10:25:26.418,455.7,173.6,fixation
10:25:26.4184,455.7,174.5,fixation
10:25:26.4188,455.7,174.6,fixation
10:25:26.4193,455.8,173.8,fixation
10:25:26.4198,455.8,173.0,fixation
10:25:26.4202,456.0,173.0,fixation
10:25:26.4207,456.3,172.6,fixation
10:25:26.4212,456.1,172.1,fixation
10:25:26.4216,455.7,171.4,fixation
10:25:26.4221,455.3,171.2,fixation
10:25:26.4226,455.5,171.4,fixation
10:25:26.4230,455.6,171.8,fixation
10:25:26.4234,455.6,172.2,fixation
10:25:26.4239,455.6,172.2,fixation
10:25:26.4244,455.6,172.3,fixation
10:25:26.4248,455.7,171.9,fixation
10:25:26.4253,455.9,171.5,fixation
10:25:26.4258,455.9,170.8,fixation
10:25:26.4262,455.8,170.3,fixation
10:25:26.4267,455.6,169.8,fixation
10:25:26.4272,454.9,169.5,fixation
10:25:26.4276,454.3,169.7,fixation
10:25:26.4281,453.8,170.3,fixation
10:25:26.4286,454.2,171.0,fixation
10:25:26.4291,454.6,171.6,fixation
10:25:26.4295,455.4,171.7,fixation
10:25:26.43,455.8,171.7,fixation
10:25:26.4305,454.8,171.6,fixation
10:25:26.4309,453.6,171.5,fixation
10:25:26.4314,452.3,171.2,fixation
10:25:26.4319,452.2,171.0,fixation
10:25:26.4323,453.2,171.1,fixation
10:25:26.4328,454.4,171.4,fixation
10:25:26.4333,456.2,171.8,fixation
10:25:26.4337,457.0,171.5,fixation
10:25:26.4342,456.2,170.9,fixation
10:25:26.4347,454.9,170.1,fixation
10:25:26.4352,454.2,169.5,fixation
10:25:26.4356,455.0,169.3,fixation
10:25:26.4361,455.8,169.8,fixation
10:25:26.4366,455.8,170.1,fixation
10:25:26.4370,455.8,170.4,fixation
10:25:26.4375,455.6,171.0,fixation
10:25:26.438,455.8,171.8,fixation
10:25:26.4384,455.9,172.0,fixation
10:25:26.4389,456.1,171.4,fixation
10:25:26.4394,456.9,171.0,fixation
10:25:26.4398,457.8,171.1,fixation
10:25:26.4403,458.8,171.9,fixation
10:25:26.4408,458.5,172.5,fixation
10:25:26.4413,458.2,173.1,fixation
10:25:26.4417,457.7,172.8,fixation
10:25:26.4422,457.4,172.1,fixation
10:25:26.4427,457.2,170.7,fixation
10:25:26.4431,457.7,169.6,fixation
10:25:26.4436,458.4,168.3,fixation
10:25:26.4441,458.5,167.7,fixation
10:25:26.4445,458.0,168.4,fixation
10:25:26.445,457.5,169.8,fixation
10:25:26.4455,457.2,172.4,fixation
10:25:26.4459,456.8,173.6,fixation
10:25:26.4464,456.4,175.1,fixation
10:25:26.4469,456.3,175.4,fixation
10:25:26.4474,456.3,175.2,fixation
10:25:26.4478,456.3,174.7,fixation
10:25:26.4483,457.3,174.2,fixation
10:25:26.4488,458.4,173.4,fixation
10:25:26.4492,458.4,172.6,fixation
10:25:26.4497,457.6,171.6,fixation
10:25:26.4502,456.7,171.2,fixation
10:25:26.4506,456.9,171.3,fixation
10:25:26.4511,457.1,171.6,fixation
10:25:26.4516,458.0,172.7,fixation
10:25:26.4520,458.8,173.4,fixation
10:25:26.4525,459.2,174.0,fixation
10:25:26.453,458.9,173.4,fixation
10:25:26.4535,458.8,172.8,fixation
10:25:26.4539,459.1,172.3,fixation
10:25:26.4544,458.8,172.4,fixation
10:25:26.4549,458.4,173.4,fixation
10:25:26.4553,458.1,174.3,fixation
10:25:26.4558,458.4,175.7,fixation
10:25:26.4563,458.8,176.2,fixation
10:25:26.4567,459.3,175.8,fixation
10:25:26.4572,459.9,174.8,fixation
10:25:26.4577,460.1,173.8,fixation
10:25:26.4581,459.9,175.6,fixation
10:25:26.4586,459.4,177.5,fixation
10:25:26.4591,458.2,177.5,fixation
10:25:26.4596,457.2,175.8,fixation
10:25:26.4600,456.8,174.4,fixation
10:25:26.4605,457.4,175.6,fixation
10:25:26.461,457.9,176.6,fixation
10:25:26.4614,458.1,177.2,fixation
10:25:26.4619,458.2,176.6,fixation
10:25:26.4624,459.1,175.5,fixation
10:25:26.4628,459.9,174.9,fixation
10:25:26.4633,460.4,174.7,fixation
10:25:26.4638,460.7,175.3,fixation
10:25:26.4642,461.0,175.4,fixation
10:25:26.4647,461.0,175.5,fixation
10:25:26.4652,460.5,175.3,fixation
10:25:26.4657,459.8,174.7,fixation
10:25:26.4661,459.1,174.1,fixation
10:25:26.4666,458.9,173.4,fixation
10:25:26.4671,459.1,173.1,fixation
10:25:26.4675,459.0,173.8,fixation
10:25:26.468,458.6,175.0,fixation
10:25:26.4685,458.3,176.2,fixation
10:25:26.4689,458.3,176.4,fixation
10:25:26.4694,459.0,175.2,fixation
10:25:26.4699,459.7,174.0,fixation
10:25:26.4703,460.0,173.9,fixation
10:25:26.4708,459.7,174.9,fixation
10:25:26.4713,459.2,175.5,fixation
10:25:26.4717,459.2,175.0,fixation
10:25:26.4721,459.0,174.1,fixation
10:25:26.4726,459.0,173.5,fixation
10:25:26.4731,459.3,173.0,fixation
10:25:26.4735,459.6,173.0,fixation
10:25:26.474,460.0,172.9,fixation
10:25:26.4745,460.0,172.8,fixation
10:25:26.4749,460.0,172.7,fixation
10:25:26.4754,460.0,172.7,fixation
10:25:26.4759,459.9,173.0,fixation
10:25:26.4763,459.9,173.3,fixation
10:25:26.4767,459.7,173.4,fixation
10:25:26.4772,459.5,173.5,fixation
10:25:26.4777,459.2,173.5,fixation
10:25:26.4781,458.4,173.8,fixation
10:25:26.4786,457.5,174.3,fixation
10:25:26.4791,458.1,175.7,fixation
10:25:26.4795,459.6,176.8,fixation
10:25:26.48,460.7,177.6,fixation
10:25:26.4805,459.7,176.6,fixation
10:25:26.4809,458.6,175.5,fixation
10:25:26.4813,458.0,175.7,fixation
10:25:26.4818,458.3,176.8,fixation
10:25:26.4823,459.4,178.2,fixation
10:25:26.4827,460.4,178.3,fixation
10:25:26.4832,461.0,177.0,fixation
10:25:26.4837,460.4,175.3,fixation
10:25:26.4841,458.8,173.6,fixation
10:25:26.4846,457.5,174.1,fixation
10:25:26.4851,457.0,174.6,fixation
10:25:26.4855,457.9,175.2,fixation
10:25:26.4859,458.8,174.9,fixation
10:25:26.4864,459.1,174.7,fixation
10:25:26.4869,459.0,174.5,fixation
10:25:26.4873,459.3,174.6,fixation
10:25:26.4878,459.5,175.2,fixation
10:25:26.4883,459.8,175.8,fixation
10:25:26.4887,459.7,176.4,fixation
10:25:26.4892,459.7,176.5,fixation
10:25:26.4897,459.6,176.2,fixation
10:25:26.4901,459.6,175.5,fixation
10:25:26.4906,459.7,174.8,fixation
10:25:26.4911,459.8,174.5,fixation
10:25:26.4916,459.8,174.7,fixation
10:25:26.4920,459.7,175.0,fixation
10:25:26.4925,459.4,175.3,fixation
10:25:26.493,459.2,175.4,fixation
10:25:26.4934,459.0,175.4,fixation
10:25:26.4939,459.1,175.3,fixation
10:25:26.4944,459.4,175.3,fixation
10:25:26.4948,459.6,175.3,fixation
10:25:26.4953,459.9,174.7,fixation
10:25:26.4958,460.6,174.1,fixation
10:25:26.4962,461.3,173.6,fixation
10:25:26.4967,462.0,174.0,fixation
10:25:26.4972,462.0,174.6,fixation
10:25:26.4977,461.8,175.7,fixation
10:25:26.4981,461.6,176.6,fixation
10:25:26.4986,461.3,177.2,fixation
10:25:26.4991,461.2,177.3,fixation
10:25:26.4995,461.1,176.7,fixation
10:25:26.5,461.0,175.8,fixation
10:25:26.5005,460.7,176.5,fixation
10:25:26.5009,460.1,177.9,fixation
10:25:26.5014,459.6,179.0,fixation
10:25:26.5019,459.2,178.4,fixation
10:25:26.5023,459.5,177.5,fixation
10:25:26.5028,460.0,176.7,fixation
10:25:26.5033,460.7,176.2,fixation
10:25:26.5038,461.6,176.1,fixation
10:25:26.5042,462.3,176.3,fixation
10:25:26.5047,462.9,176.7,fixation
10:25:26.5052,463.1,176.9,fixation
10:25:26.5056,463.1,177.5,fixation
10:25:26.5061,462.0,178.1,fixation
10:25:26.5066,460.9,178.7,fixation
10:25:26.5070,460.4,177.7,fixation
10:25:26.5075,460.6,176.2,fixation
10:25:26.508,460.7,175.3,fixation
10:25:26.5084,460.6,175.4,fixation
10:25:26.5089,460.5,175.8,fixation
10:25:26.5094,460.7,175.4,fixation
10:25:26.5099,461.0,175.3,fixation
10:25:26.5103,461.2,175.2,fixation
10:25:26.5108,461.1,175.2,fixation
10:25:26.5113,460.9,175.0,fixation
10:25:26.5117,460.7,174.9,fixation
10:25:26.5122,460.6,174.7,fixation
10:25:26.5127,461.7,174.9,fixation
10:25:26.5131,462.9,175.8,fixation
10:25:26.5136,462.8,176.6,fixation
10:25:26.5141,461.5,177.0,fixation
10:25:26.5145,460.1,176.9,fixation
10:25:26.515,459.9,176.8,fixation
10:25:26.5155,459.6,176.8,fixation
10:25:26.516,460.0,176.6,fixation
10:25:26.5164,460.3,176.5,fixation
10:25:26.5169,460.3,176.5,fixation
10:25:26.5174,459.9,176.6,fixation
10:25:26.5178,460.5,175.9,fixation
10:25:26.5183,462.1,175.4,fixation
10:25:26.5188,463.6,175.1,fixation
10:25:26.5192,463.3,175.9,fixation
10:25:26.5197,462.4,176.8,fixation
10:25:26.5202,461.5,177.3,fixation
10:25:26.5206,461.6,177.5,fixation
10:25:26.5211,461.8,177.7,fixation
10:25:26.5216,462.4,178.0,fixation
10:25:26.5221,463.0,178.4,fixation
10:25:26.5225,463.7,178.4,fixation
10:25:26.523,463.8,178.4,fixation
10:25:26.5235,463.1,178.3,fixation
10:25:26.5239,462.3,178.4,fixation
10:25:26.5244,461.5,178.8,fixation
10:25:26.5249,461.4,178.8,fixation
10:25:26.5253,461.2,178.7,fixation
10:25:26.5258,461.1,178.3,fixation
10:25:26.5263,461.0,178.2,fixation
10:25:26.5267,461.3,177.9,fixation
10:25:26.5272,461.7,177.4,fixation
10:25:26.5277,462.0,176.8,fixation
10:25:26.5282,461.8,176.7,fixation
10:25:26.5286,461.9,177.0,fixation
10:25:26.5291,462.2,177.6,fixation
10:25:26.5296,463.5,178.0,fixation
10:25:26.5300,464.3,178.2,fixation
10:25:26.5305,464.7,178.7,fixation
10:25:26.531,464.2,179.1,fixation
10:25:26.5314,463.9,179.6,fixation
10:25:26.5319,464.1,179.6,fixation
10:25:26.5324,464.4,179.7,fixation
10:25:26.5328,464.5,179.6,fixation
10:25:26.5333,464.4,179.7,fixation
10:25:26.5338,464.2,180.0,fixation
10:25:26.5342,464.3,180.5,fixation
10:25:26.5346,464.3,180.8,fixation
10:25:26.5351,464.5,179.5,fixation
10:25:26.5356,464.9,177.9,fixation
10:25:26.5360,465.2,176.2,fixation
10:25:26.5365,465.0,175.9,fixation
10:25:26.537,464.4,176.8,fixation
10:25:26.5374,463.5,179.9,saccade
10:25:26.5379,463.6,180.3,saccade
10:25:26.5384,463.7,180.3,saccade
10:25:26.5388,463.2,180.4,saccade
10:25:26.5392,462.7,180.3,saccade
10:25:26.5397,462.1,180.0,saccade
10:25:26.5402,462.2,179.9,saccade
10:25:26.5406,462.3,180.1,saccade
10:25:26.5411,462.6,181.5,saccade
10:25:26.5416,462.9,182.8,saccade
10:25:26.5420,462.9,183.2,saccade
10:25:26.5425,462.6,182.3,saccade
10:25:26.543,460.4,181.2,saccade
10:25:26.5434,458.2,181.0,saccade
10:25:26.5438,455.0,180.6,saccade
10:25:26.5443,453.7,180.4,saccade
10:25:26.5448,452.4,181.0,saccade
10:25:26.5452,448.7,181.4,saccade
10:25:26.5457,444.4,181.7,saccade
10:25:26.5462,440.3,181.1,saccade
10:25:26.5466,439.7,181.3,saccade
10:25:26.5471,438.1,181.5,saccade
10:25:26.5476,435.6,182.7,saccade
10:25:26.5480,431.1,183.4,saccade
10:25:26.5484,426.5,184.2,saccade
10:25:26.5489,421.6,183.9,saccade
10:25:26.5494,418.8,183.3,saccade
10:25:26.5498,416.3,182.7,saccade
10:25:26.5503,414.1,182.1,saccade
10:25:26.5508,412.0,182.0,saccade
10:25:26.5512,411.0,182.0,saccade
10:25:26.5517,409.8,181.8,saccade
10:25:26.5522,408.7,181.5,saccade
10:25:26.5526,407.5,182.0,saccade
10:25:26.5531,407.4,182.2,saccade
10:25:26.5536,407.7,182.2,saccade
10:25:26.5541,408.4,181.5,saccade
10:25:26.5545,409.6,181.1,saccade
10:25:26.555,410.4,181.0,saccade
10:25:26.5555,410.7,181.1,saccade
10:25:26.5559,411.5,181.9,saccade
10:25:26.5564,412.5,182.7,saccade
10:25:26.5569,414.6,182.6,saccade
10:25:26.5573,416.4,181.7,saccade
10:25:26.5578,419.3,181.5,saccade
10:25:26.5583,422.3,182.3,saccade
10:25:26.5587,425.2,182.7,saccade
10:25:26.5592,427.0,182.2,saccade
10:25:26.5597,427.7,181.5,saccade
10:25:26.5602,428.3,180.1,fixation
10:25:26.5606,428.8,178.9,fixation
10:25:26.5611,429.5,178.4,fixation
10:25:26.5616,430.3,179.5,fixation
10:25:26.5620,431.2,180.5,fixation
10:25:26.5625,431.9,180.2,fixation
10:25:26.563,432.0,179.3,fixation
10:25:26.5634,432.2,178.5,fixation
10:25:26.5639,432.4,177.8,fixation
10:25:26.5644,432.4,177.1,fixation
10:25:26.5648,432.6,177.3,fixation
10:25:26.5653,432.6,179.1,fixation
10:25:26.5658,432.0,180.4,fixation
10:25:26.5663,431.1,180.8,fixation
10:25:26.5667,430.5,180.4,fixation
10:25:26.5672,430.7,180.1,fixation
10:25:26.5677,430.9,179.8,fixation
10:25:26.5681,431.1,181.3,fixation
10:25:26.5686,431.2,183.2,fixation
10:25:26.5691,431.4,184.9,fixation
10:25:26.5695,431.4,184.5,fixation
10:25:26.57,432.0,184.3,fixation
10:25:26.5705,432.6,184.2,fixation
10:25:26.5709,432.0,183.4,fixation
10:25:26.5714,430.8,182.4,fixation
10:25:26.5719,429.6,181.3,fixation
10:25:26.5724,430.1,181.2,fixation
10:25:26.5728,430.6,180.6,fixation
10:25:26.5733,431.1,180.2,fixation
10:25:26.5738,431.2,179.7,fixation
10:25:26.5742,431.2,179.9,fixation
10:25:26.5747,431.0,180.4,fixation
10:25:26.5752,430.7,181.2,fixation
10:25:26.5756,429.9,181.7,fixation
10:25:26.5761,429.4,180.3,fixation
10:25:26.5766,429.2,178.7,fixation
10:25:26.5770,429.4,177.4,fixation
10:25:26.5775,429.7,178.0,fixation
10:25:26.578,430.0,178.6,fixation
10:25:26.5785,430.5,179.5,fixation
10:25:26.5789,430.7,180.2,fixation
10:25:26.5794,430.9,180.8,fixation
10:25:26.5799,430.8,181.0,fixation
10:25:26.5803,430.6,181.2,fixation
10:25:26.5808,430.1,180.5,fixation
10:25:26.5813,429.7,179.7,fixation
10:25:26.5817,429.3,179.9,fixation
10:25:26.5822,429.1,181.1,fixation
10:25:26.5827,429.0,182.3,fixation
10:25:26.5831,429.1,182.7,fixation
10:25:26.5836,429.3,182.8,fixation
10:25:26.5841,429.5,182.1,fixation
10:25:26.5846,429.7,181.2,fixation
10:25:26.5850,429.9,180.2,fixation
10:25:26.5855,430.0,180.0,fixation
10:25:26.586,430.0,180.5,fixation
10:25:26.5864,429.9,181.1,fixation
10:25:26.5869,429.6,181.7,fixation
10:25:26.5874,429.6,181.9,fixation
10:25:26.5878,429.6,182.6,fixation
10:25:26.5883,430.0,183.3,fixation
10:25:26.5888,430.2,183.8,fixation
10:25:26.5892,430.2,183.8,fixation
10:25:26.5897,429.8,183.9,fixation
10:25:26.5902,429.4,183.9,fixation
10:25:26.5907,429.3,183.0,fixation
10:25:26.5911,429.8,182.0,fixation
10:25:26.5916,430.4,181.0,fixation
10:25:26.5921,430.3,180.9,fixation
10:25:26.5925,429.8,180.9,fixation
10:25:26.593,429.4,180.7,fixation
10:25:26.5935,429.6,180.3,fixation
10:25:26.5939,429.0,181.3,fixation
10:25:26.5944,428.4,182.5,fixation
10:25:26.5949,428.8,182.9,fixation
10:25:26.5953,429.9,182.2,fixation
10:25:26.5958,430.7,181.7,fixation
10:25:26.5963,430.2,181.8,fixation
10:25:26.5967,429.4,181.5,fixation
10:25:26.5971,429.1,181.0,fixation
10:25:26.5976,428.9,181.2,fixation
10:25:26.5981,429.0,182.9,fixation
10:25:26.5985,429.1,184.5,fixation
10:25:26.599,429.1,185.3,fixation
10:25:26.5995,429.7,185.1,fixation
10:25:26.5999,430.1,185.0,fixation
10:25:26.6004,430.6,183.7,fixation
10:25:26.6009,430.5,182.5,fixation
10:25:26.6013,430.2,181.9,fixation
10:25:26.6017,430.0,182.5,fixation
10:25:26.6022,430.0,182.8,fixation
10:25:26.6027,430.6,182.3,fixation
10:25:26.6031,431.1,181.6,fixation
10:25:26.6036,431.2,181.2,fixation
10:25:26.6041,430.8,181.4,fixation
10:25:26.6045,430.3,183.0,fixation
10:25:26.605,430.1,184.6,fixation
10:25:26.6055,429.9,184.5,fixation
10:25:26.6059,429.9,183.2,fixation
10:25:26.6063,429.9,181.8,fixation
10:25:26.6068,429.9,181.3,fixation
10:25:26.6073,429.2,180.7,fixation
10:25:26.6077,428.8,180.1,fixation
10:25:26.6082,428.5,179.9,fixation
10:25:26.6087,428.6,179.5,fixation
10:25:26.6091,428.6,179.1,fixation
10:25:26.6096,429.4,179.5,fixation
10:25:26.6101,430.4,180.1,fixation
10:25:26.6105,432.0,180.8,fixation
10:25:26.6109,432.7,180.9,fixation
10:25:26.6114,433.2,181.0,fixation
10:25:26.6119,433.2,181.3,fixation
10:25:26.6123,433.1,181.6,fixation
10:25:26.6128,432.7,182.0,fixation
10:25:26.6133,432.1,182.2,fixation
10:25:26.6137,431.5,182.3,fixation
10:25:26.6142,431.6,182.3,fixation
10:25:26.6147,430.9,182.1,fixation
10:25:26.6151,430.1,181.6,fixation
10:25:26.6156,429.3,181.2,fixation
10:25:26.6161,429.2,180.9,fixation
10:25:26.6166,428.6,181.3,fixation
10:25:26.6170,428.0,181.6,fixation
10:25:26.6175,426.8,181.7,fixation
10:25:26.618,426.1,181.2,fixation
10:25:26.6184,425.4,181.1,fixation
10:25:26.6189,425.5,181.7,fixation
10:25:26.6194,425.5,182.6,fixation
10:25:26.6198,425.6,182.3,fixation
10:25:26.6203,425.6,181.5,fixation
10:25:26.6208,425.5,181.0,fixation
10:25:26.6212,425.6,182.2,fixation
10:25:26.6217,425.8,183.5,fixation
10:25:26.6222,426.1,183.3,fixation
10:25:26.6227,426.5,182.1,fixation
10:25:26.6231,426.7,180.9,fixation
10:25:26.6236,426.8,181.0,fixation
10:25:26.6241,427.0,180.8,fixation
10:25:26.6245,427.1,180.5,fixation
10:25:26.625,427.0,180.6,fixation
10:25:26.6255,426.8,181.1,fixation
10:25:26.6259,426.6,181.7,fixation
10:25:26.6264,426.4,180.9,fixation
10:25:26.6269,426.1,179.8,fixation
10:25:26.6273,425.9,179.6,fixation
10:25:26.6278,426.4,180.1,fixation
10:25:26.6283,427.0,180.5,fixation
10:25:26.6288,427.6,179.9,fixation
10:25:26.6292,427.5,179.7,fixation
10:25:26.6297,427.4,180.1,fixation
10:25:26.6302,427.7,180.7,fixation
10:25:26.6306,428.2,181.4,fixation
10:25:26.6311,429.2,181.1,fixation
10:25:26.6316,430.0,180.5,fixation
10:25:26.6320,430.5,179.1,fixation
10:25:26.6325,430.8,178.0,fixation
10:25:26.633,431.0,177.6,fixation
10:25:26.6334,431.1,178.3,fixation
10:25:26.6339,431.2,178.9,fixation
10:25:26.6344,431.5,179.2,fixation
10:25:26.6349,431.7,179.4,fixation
10:25:26.6353,431.7,179.6,fixation
10:25:26.6358,431.5,179.4,fixation
10:25:26.6363,430.6,179.1,fixation
10:25:26.6367,428.8,178.7,fixation
10:25:26.6372,427.0,178.1,fixation
10:25:26.6377,427.1,178.3,fixation
10:25:26.6381,428.4,179.4,fixation
10:25:26.6386,429.6,181.0,fixation
10:25:26.6391,428.8,181.6,fixation
10:25:26.6395,427.8,181.4,fixation
10:25:26.64,427.3,181.4,fixation
10:25:26.6405,428.5,179.9,fixation
10:25:26.641,429.7,178.4,fixation
10:25:26.6414,430.3,177.1,fixation
10:25:26.6419,430.2,177.2,fixation
10:25:26.6424,430.2,177.5,fixation
10:25:26.6428,430.1,178.9,fixation
10:25:26.6433,428.9,180.8,fixation
10:25:26.6438,427.7,182.5,fixation
10:25:26.6442,426.5,182.7,fixation
10:25:26.6447,426.3,182.0,fixation
10:25:26.6452,426.2,181.2,fixation
10:25:26.6456,426.1,181.0,fixation
10:25:26.6461,426.1,181.4,fixation
10:25:26.6466,426.2,181.7,fixation
10:25:26.6471,426.4,181.9,fixation
10:25:26.6475,426.7,181.6,fixation
10:25:26.648,427.1,181.4,fixation
10:25:26.6485,427.4,181.1,fixation
10:25:26.6489,427.8,181.9,fixation
10:25:26.6494,427.9,182.7,fixation
10:25:26.6499,428.1,183.0,fixation
10:25:26.6503,428.1,182.4,fixation
10:25:26.6508,428.7,181.8,fixation
10:25:26.6513,429.2,182.5,fixation
10:25:26.6517,428.7,183.2,fixation
10:25:26.6522,427.5,184.8,fixation
10:25:26.6527,425.8,185.7,fixation
10:25:26.6532,425.1,186.6,fixation
10:25:26.6536,424.9,186.4,fixation
10:25:26.6541,425.5,186.0,fixation
10:25:26.6546,426.7,185.6,fixation
10:25:26.6550,427.9,184.6,fixation
10:25:26.6555,428.9,182.9,fixation
10:25:26.656,429.4,181.4,fixation
10:25:26.6564,429.5,180.3,fixation
10:25:26.6569,429.5,180.0,fixation
10:25:26.6574,429.3,180.0,fixation
10:25:26.6578,428.3,180.3,fixation
10:25:26.6583,427.4,180.2,fixation
10:25:26.6588,426.8,179.9,fixation
10:25:26.6592,426.8,179.6,fixation
10:25:26.6596,426.7,179.5,fixation
10:25:26.6601,426.6,179.4,fixation
10:25:26.6606,425.6,180.6,fixation
10:25:26.6610,424.6,181.7,fixation
10:25:26.6615,423.9,182.6,fixation
10:25:26.662,424.4,182.3,fixation
10:25:26.6624,424.9,180.9,fixation
10:25:26.6629,425.0,179.8,fixation
10:25:26.6634,425.0,178.7,fixation
10:25:26.6638,425.0,178.7,fixation
10:25:26.6642,425.4,177.7,fixation
10:25:26.6647,426.0,176.7,fixation
10:25:26.6652,426.6,176.1,fixation
10:25:26.6656,427.1,177.0,fixation
10:25:26.6661,427.5,178.8,fixation
10:25:26.6666,427.8,180.2,fixation
10:25:26.6670,428.0,181.3,fixation
10:25:26.6675,428.2,181.4,fixation
10:25:26.668,428.3,181.5,fixation
10:25:26.6684,428.1,181.9,fixation
10:25:26.6688,427.9,182.3,fixation
10:25:26.6693,427.7,182.6,fixation
10:25:26.6698,427.7,182.5,fixation
10:25:26.6702,427.9,182.3,fixation
10:25:26.6707,428.1,181.8,fixation
10:25:26.6712,427.5,181.3,fixation
10:25:26.6716,426.7,180.9,fixation
10:25:26.6721,427.4,181.3,fixation
10:25:26.6726,429.0,181.8,fixation
10:25:26.6730,430.1,181.1,fixation
10:25:26.6734,429.5,179.9,fixation
10:25:26.6739,429.0,178.7,fixation
10:25:26.6744,429.2,179.2,fixation
10:25:26.6748,429.5,179.5,fixation
10:25:26.6753,429.8,179.7,fixation
10:25:26.6758,430.2,179.6,fixation
10:25:26.6762,430.5,179.6,fixation
10:25:26.6767,429.8,179.7,fixation
10:25:26.6772,428.8,178.7,fixation
10:25:26.6776,427.9,177.4,fixation
10:25:26.6781,427.8,176.3,fixation
10:25:26.6786,427.9,176.3,fixation
10:25:26.6791,427.9,177.3,fixation
10:25:26.6795,428.0,178.2,fixation
10:25:26.68,428.0,179.1,fixation
10:25:26.6805,427.9,179.1,fixation
10:25:26.6809,427.8,179.1,fixation
10:25:26.6814,427.8,179.3,fixation
10:25:26.6819,427.7,179.4,fixation
10:25:26.6823,428.1,179.5,fixation
10:25:26.6828,428.4,179.6,fixation
10:25:26.6833,427.4,179.6,fixation
10:25:26.6837,426.1,179.7,fixation
10:25:26.6842,425.4,179.9,fixation
10:25:26.6847,426.1,180.0,fixation
10:25:26.6852,426.0,179.8,fixation
10:25:26.6856,425.4,179.8,fixation
10:25:26.6861,425.2,180.4,fixation
10:25:26.6866,426.0,181.4,fixation
10:25:26.6870,426.9,182.1,fixation
10:25:26.6875,426.6,181.8,fixation
10:25:26.688,426.0,181.3,fixation
10:25:26.6884,425.9,180.9,fixation
10:25:26.6889,426.9,181.3,fixation
10:25:26.6894,427.9,181.5,fixation
10:25:26.6898,427.6,181.3,fixation
10:25:26.6903,427.3,180.9,fixation
10:25:26.6908,427.0,180.7,fixation
10:25:26.6913,427.5,181.1,fixation
10:25:26.6917,427.7,181.3,fixation
10:25:26.6922,427.9,181.4,fixation
10:25:26.6927,428.3,180.9,fixation
10:25:26.6931,428.6,180.8,fixation
10:25:26.6936,428.7,180.8,fixation
10:25:26.6941,428.4,182.5,fixation
10:25:26.6945,428.2,184.3,fixation
10:25:26.695,428.3,184.3,fixation
10:25:26.6955,428.5,182.6,fixation
10:25:26.6959,428.9,180.7,fixation
10:25:26.6964,429.1,180.3,fixation
10:25:26.6969,427.6,179.9,fixation
10:25:26.6974,425.8,180.3,fixation
10:25:26.6978,425.5,181.1,fixation
10:25:26.6983,427.0,181.5,fixation
10:25:26.6988,427.8,181.3,fixation
10:25:26.6992,427.2,180.8,fixation
10:25:26.6997,426.5,180.8,fixation
10:25:26.7002,426.5,180.6,fixation
10:25:26.7006,426.4,180.7,fixation
10:25:26.7011,425.8,180.8,fixation
10:25:26.7016,425.2,181.0,fixation
10:25:26.7020,424.9,181.0,fixation
10:25:26.7025,425.4,181.0,fixation
10:25:26.703,425.8,181.0,fixation
10:25:26.7035,426.1,180.9,fixation
10:25:26.7039,426.5,180.9,fixation
10:25:26.7044,427.1,181.0,fixation
10:25:26.7049,427.6,181.2,fixation
10:25:26.7053,427.8,181.4,fixation
10:25:26.7058,427.7,181.4,fixation
10:25:26.7063,427.7,181.1,fixation
10:25:26.7067,427.2,181.0,fixation
10:25:26.7072,426.6,181.0,fixation
10:25:26.7077,425.8,181.5,fixation
10:25:26.7081,425.5,181.8,fixation
10:25:26.7086,425.3,182.0,fixation
10:25:26.7091,425.1,181.8,fixation
10:25:26.7096,426.1,182.1,fixation
10:25:26.7100,426.8,182.5,fixation
10:25:26.7105,427.2,182.8,fixation
10:25:26.711,426.7,182.9,fixation
10:25:26.7114,426.8,182.7,fixation
10:25:26.7119,427.2,182.0,fixation
10:25:26.7124,427.3,181.3,fixation
10:25:26.7128,426.6,180.9,fixation
10:25:26.7133,425.6,180.2,fixation
10:25:26.7138,424.8,178.7,fixation
10:25:26.7142,425.9,177.4,fixation
10:25:26.7147,427.2,178.0,fixation
10:25:26.7152,428.4,179.0,fixation
10:25:26.7157,428.4,179.8,fixation
10:25:26.7161,428.4,179.3,fixation
10:25:26.7166,427.5,179.0,fixation
10:25:26.7171,426.5,178.8,fixation
10:25:26.7175,425.3,178.5,fixation
10:25:26.718,425.2,178.2,fixation
10:25:26.7185,426.0,179.4,fixation
10:25:26.7189,427.0,180.9,fixation
10:25:26.7194,427.4,181.7,fixation
10:25:26.7199,426.7,181.5,fixation
10:25:26.7203,425.8,181.3,fixation
10:25:26.7208,425.5,181.8,fixation
10:25:26.7213,425.4,180.6,fixation
10:25:26.7217,426.0,179.6,fixation
10:25:26.7221,426.7,178.8,fixation
10:25:26.7226,427.2,179.4,fixation
10:25:26.7231,427.2,179.9,fixation
10:25:26.7235,426.2,180.1,fixation
10:25:26.724,425.6,180.1,fixation
10:25:26.7245,425.4,180.3,fixation
10:25:26.7249,426.2,180.5,fixation
10:25:26.7254,426.8,179.4,fixation
10:25:26.7259,427.1,178.1,fixation
10:25:26.7263,427.4,176.3,fixation
10:25:26.7267,427.6,175.8,fixation
10:25:26.7272,427.5,177.0,fixation
10:25:26.7277,427.2,178.1,fixation
10:25:26.7281,427.0,179.1,fixation
10:25:26.7286,426.9,178.3,fixation
10:25:26.7291,427.5,177.8,fixation
10:25:26.7295,428.0,178.0,fixation
10:25:26.73,427.9,178.9,fixation
10:25:26.7305,427.2,180.0,fixation
10:25:26.7309,426.5,180.9,fixation
10:25:26.7313,426.4,181.2,fixation
10:25:26.7318,426.2,180.6,fixation
10:25:26.7323,426.2,179.8,fixation
10:25:26.7327,426.3,178.6,fixation
10:25:26.7332,426.4,178.4,fixation
10:25:26.7337,427.0,178.3,fixation
10:25:26.7341,427.4,178.4,fixation
10:25:26.7346,427.4,178.5,fixation
10:25:26.7351,427.0,178.3,fixation
10:25:26.7355,426.3,178.2,fixation
10:25:26.7359,425.6,178.0,fixation
10:25:26.7364,425.0,178.0,fixation
10:25:26.7369,424.9,179.0,fixation
10:25:26.7373,424.9,180.0,fixation
10:25:26.7378,424.9,180.9,fixation
10:25:26.7383,425.6,180.5,fixation
10:25:26.7387,426.7,179.8,fixation
10:25:26.7392,427.6,179.2,fixation
10:25:26.7397,426.9,178.8,fixation
10:25:26.7401,426.2,178.8,fixation
10:25:26.7406,424.7,178.7,fixation
10:25:26.7411,423.8,178.7,fixation
10:25:26.7416,423.3,177.7,fixation
10:25:26.7420,423.8,176.7,fixation
10:25:26.7425,425.0,176.1,fixation
10:25:26.743,425.9,176.4,fixation
10:25:26.7434,426.7,176.6,fixation
10:25:26.7439,426.6,176.4,fixation
10:25:26.7444,426.6,176.3,fixation
10:25:26.7448,426.3,177.2,fixation
10:25:26.7453,426.0,178.3,fixation
10:25:26.7458,425.7,179.5,fixation
10:25:26.7462,425.2,179.7,fixation
10:25:26.7467,424.7,180.7,fixation
10:25:26.7472,424.5,181.4,fixation
10:25:26.7477,424.9,180.7,fixation
10:25:26.7481,425.2,179.3,fixation
10:25:26.7486,425.2,177.9,fixation
10:25:26.7491,425.0,179.2,fixation
10:25:26.7495,425.0,180.6,fixation
10:25:26.75,424.9,181.1,fixation
10:25:26.7505,424.8,180.1,fixation
10:25:26.7509,424.9,179.0,fixation
10:25:26.7514,425.0,178.7,fixation
10:25:26.7519,425.2,178.9,fixation
10:25:26.7523,425.0,180.4,fixation
10:25:26.7528,424.9,181.8,fixation
10:25:26.7533,424.8,182.2,fixation
10:25:26.7538,424.7,181.3,fixation
10:25:26.7542,424.6,180.4,fixation
10:25:26.7547,425.1,180.5,fixation
10:25:26.7552,425.9,180.5,fixation
10:25:26.7556,426.3,180.3,fixation
10:25:26.7561,425.8,180.0,fixation
10:25:26.7566,425.1,179.8,fixation
10:25:26.7570,425.0,179.8,fixation
10:25:26.7575,425.1,179.7,fixation
10:25:26.758,425.1,179.7,fixation
10:25:26.7584,424.9,179.8,fixation
10:25:26.7589,424.7,180.1,fixation
10:25:26.7594,424.7,180.6,fixation
10:25:26.7599,424.8,180.9,fixation
10:25:26.7603,424.9,181.0,fixation
10:25:26.7608,424.9,180.9,fixation
10:25:26.7613,425.0,180.8,fixation
10:25:26.7617,425.1,179.9,fixation
10:25:26.7622,424.4,178.8,fixation
10:25:26.7627,423.7,177.7,fixation
10:25:26.7631,423.2,177.6,fixation
10:25:26.7636,423.5,178.1,fixation
10:25:26.7641,423.7,179.0,fixation
10:25:26.7645,423.7,179.8,fixation
10:25:26.765,423.8,180.3,fixation
10:25:26.7655,423.8,180.3,fixation
10:25:26.766,423.8,180.2,fixation
10:25:26.7664,423.7,180.1,fixation
10:25:26.7669,423.6,180.2,fixation
10:25:26.7674,423.9,180.7,fixation
10:25:26.7678,424.4,180.8,fixation
10:25:26.7683,425.2,180.7,fixation
10:25:26.7688,425.4,180.9,fixation
10:25:26.7692,425.6,181.5,fixation
10:25:26.7697,425.6,180.7,fixation
10:25:26.7702,425.6,179.3,fixation
10:25:26.7706,425.6,178.4,fixation
10:25:26.7711,425.4,178.8,fixation
10:25:26.7716,425.3,179.0,fixation
10:25:26.7721,425.4,178.6,fixation
10:25:26.7725,425.5,178.3,fixation
10:25:26.773,425.6,178.0,fixation
10:25:26.7735,425.7,177.7,fixation
10:25:26.7739,425.6,177.3,fixation
10:25:26.7744,425.4,177.2,fixation
10:25:26.7749,425.2,177.2,fixation
10:25:26.7753,425.3,177.3,fixation
10:25:26.7758,425.4,177.7,fixation
10:25:26.7763,424.4,178.5,fixation
10:25:26.7767,423.0,179.1,fixation
10:25:26.7772,421.7,179.4,fixation
10:25:26.7777,422.3,180.3,fixation
10:25:26.7782,423.3,181.2,fixation
10:25:26.7786,424.5,182.0,fixation
10:25:26.7791,424.7,181.9,fixation
10:25:26.7796,425.1,181.9,fixation
10:25:26.7800,425.5,181.7,fixation
10:25:26.7805,425.0,181.4,fixation
10:25:26.781,424.2,180.4,fixation
10:25:26.7814,423.5,180.1,fixation
10:25:26.7819,423.6,179.9,fixation
10:25:26.7824,422.9,180.9,fixation
10:25:26.7828,422.3,181.4,fixation
10:25:26.7833,422.7,180.6,fixation
10:25:26.7838,423.6,179.0,fixation
10:25:26.7842,424.6,177.3,fixation
10:25:26.7846,424.9,178.6,fixation
10:25:26.7851,425.2,180.1,fixation
10:25:26.7856,424.4,180.4,fixation
10:25:26.7860,423.4,179.1,fixation
10:25:26.7865,422.7,178.3,fixation
10:25:26.787,423.4,178.8,fixation
10:25:26.7874,423.9,178.3,fixation
10:25:26.7879,423.9,177.4,fixation
10:25:26.7884,423.5,177.3,fixation
10:25:26.7888,423.2,178.3,fixation
10:25:26.7892,423.1,179.4,fixation
10:25:26.7897,423.3,180.2,fixation
10:25:26.7902,423.6,180.8,fixation
10:25:26.7906,423.9,181.4,fixation
10:25:26.7911,423.8,181.6,fixation
10:25:26.7916,423.7,181.9,fixation
10:25:26.7920,423.6,182.4,fixation
10:25:26.7925,423.6,182.5,fixation
10:25:26.793,423.7,182.7,fixation
10:25:26.7934,423.6,182.7,fixation
10:25:26.7938,423.5,182.7,fixation
10:25:26.7943,423.2,182.7,fixation
10:25:26.7948,422.8,182.8,fixation
10:25:26.7952,422.4,182.9,fixation
10:25:26.7957,422.8,182.3,fixation
10:25:26.7962,423.2,181.8,fixation
10:25:26.7966,423.5,181.5,fixation
10:25:26.7971,423.3,181.7,fixation
10:25:26.7976,423.3,182.2,fixation
10:25:26.7980,423.3,182.7,fixation
10:25:26.7984,423.3,183.3,fixation
10:25:26.7989,423.2,183.2,fixation
10:25:26.7994,423.1,182.4,fixation
10:25:26.7998,423.1,181.5,fixation
10:25:26.8003,423.1,180.4,fixation
10:25:26.8008,423.2,179.7,fixation
10:25:26.8012,424.0,179.1,fixation
10:25:26.8017,424.6,180.0,fixation
10:25:26.8022,424.8,180.8,fixation
10:25:26.8026,424.2,182.1,fixation
10:25:26.8031,423.7,182.4,fixation
10:25:26.8036,424.0,182.8,fixation
10:25:26.8041,424.4,183.1,fixation
10:25:26.8045,423.7,184.0,fixation
10:25:26.805,422.4,184.9,fixation
10:25:26.8055,421.4,184.3,fixation
10:25:26.8059,421.5,183.2,fixation
10:25:26.8064,422.7,182.1,fixation
10:25:26.8069,423.7,182.2,fixation
10:25:26.8073,424.0,182.1,fixation
10:25:26.8078,423.9,181.1,fixation
10:25:26.8083,423.7,180.0,fixation
10:25:26.8087,424.0,179.9,fixation
10:25:26.8092,422.9,180.7,fixation
10:25:26.8097,421.8,181.3,fixation
10:25:26.8102,421.0,181.1,fixation
10:25:26.8106,421.3,181.1,fixation
10:25:26.8111,421.8,182.4,fixation
10:25:26.8116,422.2,183.6,fixation
10:25:26.8120,422.5,184.0,fixation
10:25:26.8125,422.7,183.3,fixation
10:25:26.813,422.9,182.7,fixation
10:25:26.8134,423.1,182.7,fixation
10:25:26.8139,423.4,182.3,fixation
10:25:26.8144,423.5,181.9,fixation
10:25:26.8148,423.6,182.4,fixation
10:25:26.8153,423.8,183.8,fixation
10:25:26.8158,424.1,184.8,fixation
10:25:26.8163,424.5,184.7,fixation
10:25:26.8167,424.6,184.3,fixation
10:25:26.8172,424.5,184.2,fixation
10:25:26.8177,423.6,183.2,fixation
10:25:26.8181,422.7,182.0,fixation
10:25:26.8186,422.7,181.4,fixation
10:25:26.8191,423.5,181.8,fixation
10:25:26.8195,424.4,182.4,fixation
10:25:26.82,424.5,182.4,fixation
10:25:26.8205,424.6,182.4,fixation
10:25:26.8209,424.7,182.4,fixation
10:25:26.8214,424.5,182.2,fixation
10:25:26.8219,424.2,181.8,fixation
10:25:26.8224,423.9,181.4,fixation
10:25:26.8228,424.1,181.5,fixation
10:25:26.8233,424.5,182.0,fixation
10:25:26.8238,424.8,182.7,fixation
10:25:26.8242,423.9,182.9,fixation
10:25:26.8247,423.0,182.8,fixation
10:25:26.8252,423.6,182.7,fixation
10:25:26.8256,425.0,182.3,fixation
10:25:26.8261,426.4,181.7,fixation
10:25:26.8266,426.2,180.9,fixation
10:25:26.8270,426.0,180.5,fixation
10:25:26.8275,425.8,180.9,saccade
10:25:26.828,425.6,181.4,saccade
10:25:26.8285,425.9,182.0,saccade
10:25:26.8289,426.2,182.4,saccade
10:25:26.8294,425.1,182.5,saccade
10:25:26.8299,423.5,182.2,saccade
10:25:26.8303,421.9,181.1,saccade
10:25:26.8308,421.3,180.2,saccade
10:25:26.8313,421.0,179.6,saccade
10:25:26.8317,420.5,179.9,saccade
10:25:26.8322,420.6,180.4,saccade
10:25:26.8327,420.6,180.7,saccade
10:25:26.8331,419.8,180.5,saccade
10:25:26.8336,416.5,179.7,saccade
10:25:26.8341,412.6,177.7,saccade
10:25:26.8346,409.4,175.9,saccade
10:25:26.8350,407.2,175.4,saccade
10:25:26.8355,405.0,176.4,saccade
10:25:26.836,402.6,177.5,saccade
10:25:26.8364,401.1,177.7,saccade
10:25:26.8369,397.1,176.3,saccade
10:25:26.8374,392.7,174.7,saccade
10:25:26.8378,388.7,173.7,saccade
10:25:26.8383,387.6,174.2,saccade
10:25:26.8388,386.8,174.6,saccade
10:25:26.8392,385.6,174.5,saccade
10:25:26.8397,383.5,174.3,saccade
10:25:26.8402,381.9,174.1,saccade
10:25:26.8407,381.6,175.2,saccade
10:25:26.8411,382.4,176.4,saccade
10:25:26.8416,383.3,177.7,saccade
10:25:26.8421,384.3,177.9,saccade
10:25:26.8425,385.5,178.2,saccade
10:25:26.843,387.1,178.0,saccade
10:25:26.8435,389.1,177.8,saccade
10:25:26.8439,390.8,177.5,saccade
10:25:26.8444,392.0,177.8,saccade
10:25:26.8449,392.0,178.1,saccade
10:25:26.8453,393.5,178.6,saccade
10:25:26.8458,395.7,178.8,saccade
10:25:26.8463,398.0,178.8,saccade
10:25:26.8467,399.2,178.6,saccade
10:25:26.8471,400.1,178.1,saccade
10:25:26.8476,401.6,176.9,fixation
10:25:26.8481,401.7,176.2,fixation
10:25:26.8485,401.8,175.5,fixation
10:25:26.849,402.2,174.3,fixation
10:25:26.8495,402.8,173.5,fixation
10:25:26.8499,403.9,174.4,fixation
10:25:26.8504,404.8,176.3,fixation
10:25:26.8509,405.3,178.1,fixation
10:25:26.8513,405.3,177.8,fixation
10:25:26.8517,405.4,176.9,fixation
10:25:26.8522,404.2,175.0,fixation
10:25:26.8527,402.9,173.5,fixation
10:25:26.8531,401.6,173.3,fixation
10:25:26.8536,401.6,174.2,fixation
10:25:26.8541,401.6,175.0,fixation
10:25:26.8545,401.8,174.8,fixation
10:25:26.855,401.9,174.8,fixation
10:25:26.8555,401.9,174.9,fixation
10:25:26.8559,402.3,175.0,fixation
10:25:26.8563,402.7,175.0,fixation
10:25:26.8568,403.1,174.7,fixation
10:25:26.8573,403.0,174.4,fixation
10:25:26.8577,402.8,174.4,fixation
10:25:26.8582,402.6,175.1,fixation
10:25:26.8587,402.4,176.5,fixation
10:25:26.8591,402.7,177.6,fixation
10:25:26.8596,403.1,178.5,fixation
10:25:26.8601,402.9,177.8,fixation
10:25:26.8605,402.4,176.9,fixation
10:25:26.8609,401.6,176.7,fixation
10:25:26.8614,401.1,177.3,fixation
10:25:26.8619,400.7,178.2,fixation
10:25:26.8623,401.7,178.4,fixation
10:25:26.8628,402.9,179.1,fixation
10:25:26.8633,403.9,179.7,fixation
10:25:26.8637,403.2,179.2,fixation
10:25:26.8642,402.5,177.3,fixation
10:25:26.8647,402.3,175.5,fixation
10:25:26.8651,402.5,175.8,fixation
10:25:26.8656,402.6,177.1,fixation
10:25:26.8661,402.3,177.9,fixation
10:25:26.8666,402.5,177.4,fixation
10:25:26.8670,403.1,177.0,fixation
10:25:26.8675,403.8,176.9,fixation
10:25:26.868,403.6,176.7,fixation
10:25:26.8684,403.2,176.7,fixation
10:25:26.8689,402.7,176.9,fixation
10:25:26.8694,401.2,177.1,fixation
10:25:26.8698,399.7,176.8,fixation
10:25:26.8703,398.2,176.4,fixation
10:25:26.8708,398.3,176.2,fixation
10:25:26.8712,398.7,176.3,fixation
10:25:26.8717,399.3,176.3,fixation
10:25:26.8722,401.0,177.9,fixation
10:25:26.8727,402.4,179.5,fixation
10:25:26.8731,403.4,179.9,fixation
10:25:26.8736,403.2,178.8,fixation
10:25:26.8741,402.8,177.9,fixation
10:25:26.8745,402.5,179.0,fixation
10:25:26.875,402.2,180.1,fixation
10:25:26.8755,401.3,180.0,fixation
10:25:26.8759,400.5,179.2,fixation
10:25:26.8764,401.3,178.6,fixation
10:25:26.8769,403.0,178.4,fixation
10:25:26.8773,404.6,178.1,fixation
10:25:26.8778,404.5,177.7,fixation
10:25:26.8783,404.3,177.8,fixation
10:25:26.8788,404.0,177.8,fixation
10:25:26.8792,403.7,177.8,fixation
10:25:26.8797,403.5,177.7,fixation
10:25:26.8802,403.6,177.8,fixation
10:25:26.8806,403.9,177.0,fixation
10:25:26.8811,404.0,176.1,fixation
10:25:26.8816,404.1,175.7,fixation
10:25:26.8820,404.1,176.1,fixation
10:25:26.8825,404.1,176.6,fixation
10:25:26.883,404.7,177.1,fixation
10:25:26.8834,405.3,177.9,fixation
10:25:26.8839,405.9,178.8,fixation
10:25:26.8844,405.9,179.2,fixation
10:25:26.8849,405.9,179.1,fixation
10:25:26.8853,404.2,178.9,fixation
10:25:26.8858,402.5,178.6,fixation
10:25:26.8863,400.9,178.5,fixation
10:25:26.8867,401.1,178.6,fixation
10:25:26.8872,401.1,178.6,fixation
10:25:26.8877,401.2,178.2,fixation
10:25:26.8881,402.2,177.8,fixation
10:25:26.8886,403.4,176.7,fixation
10:25:26.8891,404.2,176.1,fixation
10:25:26.8895,403.3,175.6,fixation
10:25:26.89,401.4,175.7,fixation
10:25:26.8905,399.9,176.0,fixation
10:25:26.891,399.2,176.3,fixation
10:25:26.8914,399.6,177.3,fixation
10:25:26.8919,400.1,178.1,fixation
10:25:26.8924,400.3,178.8,fixation
10:25:26.8928,399.8,178.4,fixation
10:25:26.8933,398.8,178.0,fixation
10:25:26.8938,397.9,177.5,fixation
10:25:26.8942,397.4,177.5,fixation
10:25:26.8947,397.4,177.5,fixation
10:25:26.8952,397.3,177.4,fixation
10:25:26.8956,397.5,177.5,fixation
10:25:26.8961,397.9,177.5,fixation
10:25:26.8966,398.5,177.0,fixation
10:25:26.8971,399.0,175.9,fixation
10:25:26.8975,399.3,174.4,fixation
10:25:26.898,399.5,173.5,fixation
10:25:26.8985,399.7,173.3,fixation
10:25:26.8989,399.8,173.4,fixation
10:25:26.8994,399.8,173.7,fixation
10:25:26.8999,398.9,175.2,fixation
10:25:26.9003,397.9,176.7,fixation
10:25:26.9008,397.3,177.7,fixation
10:25:26.9013,397.7,177.3,fixation
10:25:26.9017,398.7,177.0,fixation
10:25:26.9022,399.4,176.8,fixation
10:25:26.9027,399.9,176.6,fixation
10:25:26.9032,400.7,176.7,fixation
10:25:26.9036,401.7,177.0,fixation
10:25:26.9041,402.5,177.4,fixation
10:25:26.9046,402.1,177.4,fixation
10:25:26.9050,401.7,177.5,fixation
10:25:26.9055,401.1,177.8,fixation
10:25:26.906,400.8,178.2,fixation
10:25:26.9064,400.6,178.3,fixation
10:25:26.9069,400.9,176.9,fixation
10:25:26.9074,402.2,175.5,fixation
10:25:26.9078,403.3,175.1,fixation
10:25:26.9083,403.4,176.1,fixation
10:25:26.9088,402.8,177.2,fixation
10:25:26.9092,402.3,177.3,fixation
10:25:26.9096,401.5,177.3,fixation
10:25:26.9101,400.4,177.2,fixation
10:25:26.9106,399.4,177.2,fixation
10:25:26.9110,399.5,177.4,fixation
10:25:26.9115,399.5,177.7,fixation
10:25:26.912,399.8,178.0,fixation
10:25:26.9124,401.3,178.4,fixation
10:25:26.9129,402.9,177.9,fixation
10:25:26.9134,404.0,177.2,fixation
10:25:26.9138,404.1,176.4,fixation
10:25:26.9142,404.7,176.7,fixation
10:25:26.9147,405.2,177.1,fixation
10:25:26.9152,404.9,177.3,fixation
10:25:26.9156,404.2,178.4,fixation
10:25:26.9161,403.4,179.4,fixation
10:25:26.9166,403.1,179.8,fixation
10:25:26.9170,402.9,178.3,fixation
10:25:26.9175,402.6,176.9,fixation
10:25:26.918,402.8,176.2,fixation
10:25:26.9184,402.6,177.0,fixation
10:25:26.9188,402.1,177.4,fixation
10:25:26.9193,401.5,177.9,fixation
10:25:26.9198,401.7,177.6,fixation
10:25:26.9202,402.3,177.7,fixation
10:25:26.9207,402.2,177.9,fixation
10:25:26.9212,401.6,178.3,fixation
10:25:26.9216,401.7,179.1,fixation
10:25:26.9221,402.5,179.8,fixation
10:25:26.9226,403.2,179.1,fixation
10:25:26.9230,403.0,178.1,fixation
10:25:26.9234,402.2,177.2,fixation
10:25:26.9239,401.7,177.6,fixation
10:25:26.9244,401.4,177.6,fixation
10:25:26.9248,401.8,177.5,fixation
10:25:26.9253,401.7,177.3,fixation
10:25:26.9258,401.4,177.2,fixation
10:25:26.9262,401.3,177.5,fixation
10:25:26.9267,401.7,178.4,fixation
10:25:26.9272,401.8,179.2,fixation
10:25:26.9276,401.7,179.7,fixation
10:25:26.9281,401.4,179.0,fixation
10:25:26.9286,401.4,178.1,fixation
10:25:26.9291,401.4,177.3,fixation
10:25:26.9295,401.2,177.1,fixation
10:25:26.93,401.1,177.1,fixation
10:25:26.9305,401.6,177.4,fixation
10:25:26.9309,402.4,177.5,fixation
10:25:26.9314,403.4,177.6,fixation
10:25:26.9319,403.6,177.5,fixation
10:25:26.9323,403.7,177.6,fixation
10:25:26.9328,403.5,177.9,fixation
10:25:26.9333,403.2,178.3,fixation
10:25:26.9337,403.4,178.5,fixation
10:25:26.9342,403.9,178.5,fixation
10:25:26.9347,404.3,178.6,fixation
10:25:26.9352,404.3,178.6,fixation
10:25:26.9356,404.4,178.7,fixation
10:25:26.9361,404.9,178.6,fixation
10:25:26.9366,405.4,178.5,fixation
10:25:26.9370,405.2,178.3,fixation
10:25:26.9375,405.1,178.9,fixation
10:25:26.938,405.1,179.3,fixation
10:25:26.9384,405.4,179.6,fixation
10:25:26.9389,405.4,179.3,fixation
10:25:26.9394,405.3,179.9,fixation
10:25:26.9398,405.2,180.6,fixation
10:25:26.9403,405.6,180.8,fixation
10:25:26.9408,406.0,180.6,fixation
10:25:26.9413,406.0,180.6,fixation
10:25:26.9417,404.8,181.2,fixation
10:25:26.9422,403.6,181.4,fixation
10:25:26.9427,403.1,180.5,fixation
10:25:26.9431,403.7,179.5,fixation
10:25:26.9436,404.4,178.5,fixation
10:25:26.9441,404.1,179.1,fixation
10:25:26.9445,402.7,179.9,fixation
10:25:26.945,401.5,179.5,fixation
10:25:26.9455,401.3,178.2,fixation
10:25:26.9459,401.7,176.8,fixation
10:25:26.9464,402.1,176.5,fixation
10:25:26.9469,402.1,177.2,fixation
10:25:26.9474,402.5,178.2,fixation
10:25:26.9478,402.8,179.2,fixation
10:25:26.9483,403.1,179.3,fixation
10:25:26.9488,403.1,179.5,fixation
10:25:26.9492,403.0,179.8,fixation
10:25:26.9497,402.5,179.8,fixation
10:25:26.9502,401.9,179.6,fixation
10:25:26.9506,401.4,178.1,fixation
10:25:26.9511,401.6,175.9,fixation
10:25:26.9516,403.2,174.1,fixation
10:25:26.9520,404.6,175.6,fixation
10:25:26.9525,405.7,178.0,fixation
10:25:26.953,405.3,180.2,fixation
10:25:26.9535,404.6,180.1,fixation
10:25:26.9539,404.1,179.7,fixation
10:25:26.9544,403.7,179.0,fixation
10:25:26.9549,403.7,178.4,fixation
10:25:26.9553,404.2,178.1,fixation
10:25:26.9558,405.1,177.7,fixation
10:25:26.9563,406.0,177.6,fixation
10:25:26.9567,405.1,177.4,fixation
10:25:26.9572,403.7,178.0,fixation
10:25:26.9577,402.4,178.1,fixation
10:25:26.9581,403.2,179.1,fixation
10:25:26.9586,404.1,179.7,fixation
10:25:26.9591,405.1,179.6,fixation
10:25:26.9596,405.6,178.8,fixation
10:25:26.9600,406.1,178.0,fixation
10:25:26.9605,405.4,177.8,fixation
10:25:26.961,404.2,177.6,fixation
10:25:26.9614,403.7,177.4,fixation
10:25:26.9619,404.3,177.5,fixation
10:25:26.9624,403.9,177.1,fixation
10:25:26.9628,402.8,176.7,fixation
10:25:26.9633,401.8,176.3,fixation
10:25:26.9638,402.2,176.2,fixation
10:25:26.9642,402.8,176.1,fixation
10:25:26.9647,403.2,178.5,fixation
10:25:26.9652,403.2,181.1,fixation
10:25:26.9657,403.1,182.1,fixation
10:25:26.9661,403.1,180.6,fixation
10:25:26.9666,402.7,179.1,fixation
10:25:26.9671,402.2,179.3,fixation
10:25:26.9675,401.7,179.5,fixation
10:25:26.968,401.6,178.7,fixation
10:25:26.9685,401.6,177.8,fixation
10:25:26.9689,401.9,176.9,fixation
10:25:26.9694,402.4,176.9,fixation
10:25:26.9699,402.8,177.8,fixation
10:25:26.9703,403.1,178.8,fixation
10:25:26.9708,403.1,179.7,fixation
10:25:26.9713,402.6,179.8,fixation
10:25:26.9717,402.1,180.1,fixation
10:25:26.9721,401.1,180.4,fixation
10:25:26.9726,400.6,180.6,fixation
10:25:26.9731,402.1,178.7,fixation
10:25:26.9735,404.0,176.8,fixation
10:25:26.974,406.0,174.9,fixation
10:25:26.9745,405.8,176.4,fixation
10:25:26.9749,405.9,178.6,fixation
10:25:26.9754,406.1,180.9,fixation
10:25:26.9759,406.5,181.7,fixation
10:25:26.9763,406.6,181.9,fixation
10:25:26.9767,406.7,181.4,fixation
10:25:26.9772,406.7,180.2,fixation
10:25:26.9777,406.4,178.9,fixation
10:25:26.9781,405.6,178.5,fixation
10:25:26.9786,404.8,178.7,fixation
10:25:26.9791,404.6,178.8,fixation
10:25:26.9795,404.7,178.3,fixation
10:25:26.98,404.7,177.1,fixation
10:25:26.9805,404.3,176.0,fixation
10:25:26.9809,403.7,176.6,fixation
10:25:26.9813,403.1,178.0,fixation
10:25:26.9818,403.8,178.0,fixation
10:25:26.9823,404.6,176.7,fixation
10:25:26.9827,405.7,176.0,fixation
10:25:26.9832,405.8,176.7,fixation
10:25:26.9837,406.3,177.4,fixation
10:25:26.9841,406.6,177.3,fixation
10:25:26.9846,404.9,177.7,fixation
10:25:26.9851,403.0,178.1,fixation
10:25:26.9855,401.0,178.4,fixation
10:25:26.9859,400.8,178.5,fixation
10:25:26.9864,401.4,178.6,fixation
10:25:26.9869,402.1,178.3,fixation
10:25:26.9873,402.8,177.7,fixation
10:25:26.9878,402.6,177.6,fixation
10:25:26.9883,402.4,177.9,fixation
10:25:26.9887,402.4,177.4,fixation
10:25:26.9892,402.4,175.8,fixation
10:25:26.9897,402.7,174.2,fixation
10:25:26.9901,403.0,173.8,fixation
10:25:26.9906,403.2,174.3,fixation
10:25:26.9911,403.3,175.1,fixation
10:25:26.9916,403.5,175.8,fixation
10:25:26.9920,404.2,176.1,fixation
10:25:26.9925,404.7,176.0,fixation
10:25:26.993,405.1,176.1,fixation
10:25:26.9934,405.0,176.9,fixation
10:25:26.9939,405.0,177.6,fixation
10:25:26.9944,405.9,178.2,fixation
10:25:26.9948,406.9,178.0,fixation
10:25:26.9953,407.9,177.6,fixation
10:25:26.9958,408.0,177.2,fixation
10:25:26.9962,408.1,177.0,fixation
10:25:26.9967,407.9,176.9,fixation
10:25:26.9972,406.3,177.6,fixation
10:25:26.9977,404.7,178.3,fixation
10:25:26.9981,404.2,179.0,fixation
10:25:26.9986,404.3,179.1,fixation
10:25:26.9991,404.4,179.1,fixation
10:25:26.9995,404.0,179.0,fixation
10:25:27.,404.4,180.0,fixation
10:25:27.0005,404.7,181.0,fixation
10:25:27.0009,404.5,180.6,fixation
10:25:27.0014,404.2,179.3,fixation
10:25:27.0019,404.3,178.4,fixation
10:25:27.0023,404.9,178.8,fixation
10:25:27.0028,405.6,178.3,fixation
10:25:27.0033,405.4,177.2,fixation
10:25:27.0038,405.0,176.3,fixation
10:25:27.0042,404.5,176.4,fixation
10:25:27.0047,403.9,176.6,fixation
10:25:27.0052,403.1,176.9,fixation
10:25:27.0056,402.1,177.0,fixation
10:25:27.0061,401.5,177.3,fixation
10:25:27.0066,401.1,177.4,fixation
10:25:27.0070,401.1,177.5,fixation
10:25:27.0075,401.1,177.4,fixation
10:25:27.008,401.3,177.7,fixation
10:25:27.0084,402.4,178.1,fixation
10:25:27.0089,403.4,178.9,fixation
10:25:27.0094,404.2,179.2,fixation
10:25:27.0099,404.0,179.0,fixation
10:25:27.0103,403.9,178.2,fixation
10:25:27.0108,404.0,177.3,fixation
10:25:27.0113,404.1,177.4,fixation
10:25:27.0117,403.9,178.0,fixation
10:25:27.0122,403.7,178.4,fixation
10:25:27.0127,403.8,178.3,fixation
10:25:27.0131,403.9,178.6,fixation
10:25:27.0136,404.0,178.4,fixation
10:25:27.0141,404.4,177.8,fixation
10:25:27.0145,405.1,176.7,fixation
10:25:27.015,405.8,176.7,fixation
10:25:27.0155,406.5,176.8,fixation
10:25:27.016,407.1,176.8,fixation
10:25:27.0164,407.3,176.3,fixation
10:25:27.0169,407.0,176.1,fixation
10:25:27.0174,406.5,176.5,fixation
10:25:27.0178,406.3,177.4,fixation
10:25:27.0183,406.1,178.5,fixation
10:25:27.0188,406.0,178.9,fixation
10:25:27.0192,405.7,179.0,fixation
10:25:27.0197,405.4,178.8,fixation
10:25:27.0202,405.5,178.5,fixation
10:25:27.0206,406.1,177.6,fixation
10:25:27.0211,406.6,176.9,fixation
10:25:27.0216,406.2,177.2,fixation
10:25:27.0221,405.8,177.8,fixation
10:25:27.0225,405.1,178.5,fixation
10:25:27.023,404.7,178.1,fixation
10:25:27.0235,403.5,178.1,fixation
10:25:27.0239,402.4,178.2,fixation
10:25:27.0244,402.5,177.7,fixation
10:25:27.0249,403.5,177.0,fixation
10:25:27.0253,404.5,176.4,fixation
10:25:27.0258,404.5,176.3,fixation
10:25:27.0263,404.5,176.3,fixation
10:25:27.0267,404.4,176.2,fixation
10:25:27.0272,404.6,177.3,fixation
10:25:27.0277,405.2,178.6,fixation
10:25:27.0282,406.0,179.0,fixation
10:25:27.0286,406.6,178.2,fixation
10:25:27.0291,406.6,178.0,fixation
10:25:27.0296,406.2,178.6,fixation
10:25:27.0300,405.4,178.6,fixation
10:25:27.0305,404.7,178.1,fixation
10:25:27.031,404.4,177.7,fixation
10:25:27.0314,404.4,178.2,fixation
10:25:27.0319,404.1,178.5,fixation
10:25:27.0324,403.9,178.7,fixation
10:25:27.0328,403.5,178.6,fixation
10:25:27.0333,403.3,178.4,fixation
10:25:27.0338,403.5,178.1,fixation
10:25:27.0342,403.6,177.4,fixation
10:25:27.0346,403.6,176.8,fixation
10:25:27.0351,403.5,176.8,fixation
10:25:27.0356,403.7,177.3,fixation
10:25:27.0360,403.7,177.7,fixation
10:25:27.0365,403.5,177.7,fixation
10:25:27.037,403.4,177.7,fixation
10:25:27.0374,403.2,177.7,fixation
10:25:27.0379,403.0,177.9,fixation
10:25:27.0384,402.4,178.0,fixation
10:25:27.0388,401.8,178.2,fixation
10:25:27.0392,401.1,178.4,fixation
10:25:27.0397,401.7,178.7,fixation
10:25:27.0402,403.0,179.1,fixation
10:25:27.0406,404.2,179.0,fixation
10:25:27.0411,404.6,178.8,fixation
10:25:27.0416,404.4,178.5,fixation
10:25:27.0420,404.2,178.4,fixation
10:25:27.0425,404.4,178.4,fixation
10:25:27.043,404.7,178.7,fixation
10:25:27.0434,404.4,179.0,fixation
10:25:27.0438,403.8,178.6,fixation
10:25:27.0443,403.1,178.0,fixation
10:25:27.0448,402.9,177.7,fixation
10:25:27.0452,403.2,178.1,fixation
10:25:27.0457,403.3,178.4,fixation
10:25:27.0462,403.4,178.9,fixation
10:25:27.0466,403.3,179.3,fixation
10:25:27.0471,403.4,179.8,fixation
10:25:27.0476,403.3,179.8,fixation
10:25:27.0480,402.9,179.5,fixation
10:25:27.0484,404.7,178.6,fixation
10:25:27.0489,406.9,177.7,fixation
10:25:27.0494,407.1,177.0,fixation
10:25:27.0498,405.2,176.9,fixation
10:25:27.0503,403.2,176.3,fixation
10:25:27.0508,403.1,175.9,fixation
10:25:27.0512,402.8,177.5,fixation
10:25:27.0517,402.9,179.5,fixation
10:25:27.0522,403.0,180.3,fixation
10:25:27.0526,403.2,179.1,fixation
10:25:27.0531,402.9,177.9,fixation
10:25:27.0536,402.6,177.7,fixation
10:25:27.0541,403.0,177.7,fixation
10:25:27.0545,403.6,177.5,fixation
10:25:27.055,403.8,177.3,fixation
10:25:27.0555,403.0,177.1,fixation
10:25:27.0559,402.1,177.1,fixation
10:25:27.0564,403.3,177.4,fixation
10:25:27.0569,404.8,177.4,fixation
10:25:27.0573,406.3,177.2,fixation
10:25:27.0578,406.2,177.9,fixation
10:25:27.0583,405.2,178.8,fixation
10:25:27.0587,404.1,179.9,fixation
10:25:27.0592,403.0,179.9,fixation
10:25:27.0597,402.8,179.2,fixation
10:25:27.0602,402.6,178.4,fixation
10:25:27.0606,402.7,177.8,fixation
10:25:27.0611,402.8,178.0,fixation
10:25:27.0616,402.8,178.3,fixation
10:25:27.0620,402.7,178.8,fixation
10:25:27.0625,401.8,179.3,fixation
10:25:27.063,401.0,177.9,fixation
10:25:27.0634,400.2,175.9,fixation
10:25:27.0639,400.3,174.0,fixation
10:25:27.0644,400.0,175.3,fixation
10:25:27.0648,400.0,176.6,fixation
10:25:27.0653,400.3,177.9,fixation
10:25:27.0658,400.6,177.9,fixation
10:25:27.0663,400.6,179.0,fixation
10:25:27.0667,400.9,180.1,fixation
10:25:27.0672,401.5,180.9,fixation
10:25:27.0677,402.3,180.6,fixation
10:25:27.0681,402.7,180.2,fixation
10:25:27.0686,402.7,179.2,fixation
10:25:27.0691,402.2,178.2,fixation
10:25:27.0695,401.8,177.4,fixation
10:25:27.07,401.7,177.9,fixation
10:25:27.0705,402.3,178.8,fixation
10:25:27.0709,403.0,179.5,fixation
10:25:27.0714,403.6,179.0,fixation
10:25:27.0719,404.0,178.2,fixation
10:25:27.0724,403.6,177.5,fixation
10:25:27.0728,403.2,177.5,fixation
10:25:27.0733,402.8,177.1,fixation
10:25:27.0738,403.0,176.6,fixation
10:25:27.0742,403.0,176.3,fixation
10:25:27.0747,402.9,176.8,fixation
10:25:27.0752,402.7,177.2,fixation
10:25:27.0756,402.4,177.4,fixation
10:25:27.0761,402.4,177.4,fixation
10:25:27.0766,402.4,177.1,fixation
10:25:27.0770,402.9,176.9,fixation
10:25:27.0775,403.6,176.6,fixation
10:25:27.078,404.3,176.7,fixation
10:25:27.0785,404.1,177.2,fixation
10:25:27.0789,403.7,177.7,fixation
10:25:27.0794,403.5,177.8,fixation
10:25:27.0799,403.9,177.5,fixation
10:25:27.0803,404.2,177.1,fixation
10:25:27.0808,404.0,177.3,fixation
10:25:27.0813,403.9,177.7,fixation
10:25:27.0817,403.9,178.5,fixation
10:25:27.0822,404.3,179.0,fixation
10:25:27.0827,404.6,179.5,fixation
10:25:27.0831,404.6,179.4,fixation
10:25:27.0836,404.1,179.2,fixation
10:25:27.0841,403.7,178.9,fixation
10:25:27.0846,403.5,178.1,fixation
10:25:27.0850,403.6,177.4,fixation
10:25:27.0855,403.4,177.0,fixation
10:25:27.086,402.3,177.3,fixation
10:25:27.0864,401.3,177.5,fixation
10:25:27.0869,400.6,177.7,fixation
10:25:27.0874,400.7,177.2,fixation
10:25:27.0878,400.8,176.6,fixation
10:25:27.0883,400.8,176.0,fixation
10:25:27.0888,400.4,175.8,fixation
10:25:27.0892,399.9,175.7,fixation
10:25:27.0897,399.3,175.7,fixation
10:25:27.0902,399.2,175.5,fixation
10:25:27.0907,399.6,175.3,fixation
10:25:27.0911,400.5,176.1,fixation
10:25:27.0916,401.5,177.2,fixation
10:25:27.0921,402.3,177.7,fixation
10:25:27.0925,401.9,177.1,fixation
10:25:27.093,401.1,177.3,fixation
10:25:27.0935,400.6,178.1,fixation
10:25:27.0939,401.0,177.0,fixation
10:25:27.0944,401.5,175.0,fixation
10:25:27.0949,401.4,175.0,fixation
10:25:27.0953,401.2,177.1,fixation
10:25:27.0958,401.0,177.8,fixation
10:25:27.0963,400.9,176.4,fixation
10:25:27.0967,400.7,175.0,fixation
10:25:27.0971,400.4,174.7,fixation
10:25:27.0976,400.5,174.4,fixation
10:25:27.0981,400.3,175.1,fixation
10:25:27.0985,400.1,176.1,fixation
10:25:27.099,400.2,176.8,fixation
10:25:27.0995,400.7,176.4,fixation
10:25:27.0999,401.1,175.9,fixation
10:25:27.1004,400.8,175.7,fixation
10:25:27.1009,400.3,176.4,fixation
10:25:27.1013,400.6,177.2,fixation
10:25:27.1017,401.3,177.9,fixation
10:25:27.1022,402.1,177.8,fixation
10:25:27.1027,402.3,177.1,fixation
10:25:27.1031,402.4,176.3,fixation
10:25:27.1036,403.2,175.4,fixation
10:25:27.1041,403.8,176.1,fixation
10:25:27.1045,403.8,177.2,fixation
10:25:27.105,403.0,178.2,fixation
10:25:27.1055,402.3,177.9,fixation
10:25:27.1059,402.1,177.7,fixation
10:25:27.1063,402.0,177.5,fixation
10:25:27.1068,402.1,177.8,fixation
10:25:27.1073,401.6,178.0,fixation
10:25:27.1077,401.3,178.1,fixation
10:25:27.1082,401.3,178.0,fixation
10:25:27.1087,402.0,177.8,fixation
10:25:27.1091,402.2,177.5,fixation
10:25:27.1096,402.0,177.4,fixation
10:25:27.1101,401.8,177.4,fixation
10:25:27.1105,402.0,177.5,fixation
10:25:27.1109,402.4,177.5,fixation
10:25:27.1114,402.8,177.2,fixation
10:25:27.1119,403.1,177.0,fixation
10:25:27.1123,403.6,176.9,fixation
10:25:27.1128,404.1,176.9,fixation
10:25:27.1133,405.9,177.1,fixation
10:25:27.1137,407.2,177.2,fixation
10:25:27.1142,408.2,177.4,fixation
10:25:27.1147,405.7,177.2,fixation
10:25:27.1151,403.2,177.1,fixation
10:25:27.1156,401.6,177.0,fixation
10:25:27.1161,402.4,176.8,fixation
10:25:27.1166,403.1,176.3,fixation
10:25:27.1170,403.1,175.9,fixation
10:25:27.1175,403.0,176.0,fixation
10:25:27.118,402.9,175.5,fixation
10:25:27.1184,402.7,174.6,fixation
10:25:27.1189,402.5,173.4,fixation
10:25:27.1194,402.3,173.1,fixation
10:25:27.1198,402.0,174.8,fixation
10:25:27.1203,401.9,176.9,fixation
10:25:27.1208,402.2,176.4,fixation
10:25:27.1212,402.8,173.9,fixation
10:25:27.1217,403.6,173.4,fixation
10:25:27.1222,404.0,175.3,fixation
10:25:27.1227,404.1,176.7,fixation
10:25:27.1231,403.9,176.9,fixation
10:25:27.1236,403.7,177.2,fixation
10:25:27.1241,403.6,177.2,fixation
10:25:27.1245,403.6,176.4,fixation
10:25:27.125,403.8,175.7,fixation
10:25:27.1255,403.9,175.6,fixation
10:25:27.1259,404.1,175.4,fixation
10:25:27.1264,403.1,175.2,fixation
10:25:27.1269,402.1,175.0,fixation
10:25:27.1273,401.0,174.9,fixation
10:25:27.1278,401.6,175.2,fixation
10:25:27.1283,402.1,175.6,fixation
10:25:27.1288,402.7,175.8,fixation
10:25:27.1292,402.0,175.7,fixation
10:25:27.1297,401.3,175.7,fixation
10:25:27.1302,402.3,175.9,fixation
10:25:27.1306,403.9,176.0,fixation
10:25:27.1311,405.6,176.0,fixation
10:25:27.1316,405.7,176.1,fixation
10:25:27.1320,405.3,176.2,fixation
10:25:27.1325,404.9,176.1,fixation
10:25:27.133,404.3,176.3,fixation
10:25:27.1334,403.9,176.4,fixation
10:25:27.1339,403.0,176.5,fixation
10:25:27.1344,402.4,176.4,fixation
10:25:27.1349,402.2,176.5,fixation
10:25:27.1353,402.4,177.0,fixation
10:25:27.1358,402.6,177.3,fixation
10:25:27.1363,402.6,176.6,fixation
10:25:27.1367,401.7,175.5,fixation
10:25:27.1372,400.8,174.3,fixation
10:25:27.1377,399.6,175.1,fixation
10:25:27.1381,399.3,177.1,fixation
10:25:27.1386,399.7,179.1,fixation
10:25:27.1391,400.4,179.9,fixation
10:25:27.1395,401.1,179.4,fixation
10:25:27.14,401.0,178.9,fixation
10:25:27.1405,400.8,178.7,fixation
10:25:27.141,400.6,178.9,fixation
10:25:27.1414,400.3,177.9,fixation
10:25:27.1419,399.6,176.4,fixation
10:25:27.1424,398.8,175.3,fixation
10:25:27.1428,398.5,175.3,fixation
10:25:27.1433,398.6,175.3,fixation
10:25:27.1438,401.0,175.0,fixation
10:25:27.1442,403.2,174.6,fixation
10:25:27.1447,403.7,175.9,fixation
10:25:27.1452,402.1,177.1,fixation
10:25:27.1456,400.2,176.8,fixation
10:25:27.1461,399.9,175.3,fixation
10:25:27.1466,400.2,174.9,fixation
10:25:27.1471,400.8,175.7,fixation
10:25:27.1475,401.5,176.6,fixation
10:25:27.148,401.6,176.3,fixation
10:25:27.1485,401.4,176.2,fixation
10:25:27.1489,400.8,176.3,fixation
10:25:27.1494,400.2,176.6,fixation
10:25:27.1499,400.6,178.7,fixation
10:25:27.1503,401.2,180.6,fixation
10:25:27.1508,401.9,181.3,fixation
10:25:27.1513,400.3,180.2,fixation
10:25:27.1517,398.8,178.6,fixation
10:25:27.1522,398.4,178.0,fixation
10:25:27.1527,399.5,177.5,fixation
10:25:27.1532,400.4,177.9,fixation
10:25:27.1536,400.2,178.4,fixation
10:25:27.1541,400.0,178.6,fixation
10:25:27.1546,400.0,178.3,fixation
10:25:27.1550,400.0,178.1,fixation
10:25:27.1555,400.0,178.4,fixation
10:25:27.156,400.0,178.9,fixation
10:25:27.1564,399.8,179.4,fixation
10:25:27.1569,399.7,179.4,fixation
10:25:27.1574,399.6,179.2,fixation
10:25:27.1578,399.6,178.7,fixation
10:25:27.1583,400.5,178.4,fixation
10:25:27.1588,401.5,178.3,fixation
10:25:27.1592,402.4,178.4,fixation
10:25:27.1596,401.2,178.3,fixation
10:25:27.1601,400.0,178.6,fixation
10:25:27.1606,398.9,178.9,fixation
10:25:27.1610,398.9,179.2,fixation
10:25:27.1615,398.8,179.1,fixation
10:25:27.162,398.7,178.9,fixation
10:25:27.1624,397.9,178.3,fixation
10:25:27.1629,397.1,178.0,fixation
10:25:27.1634,397.9,178.1,fixation
10:25:27.1638,399.1,178.6,fixation
10:25:27.1642,400.4,178.8,fixation
10:25:27.1647,400.4,178.6,fixation
10:25:27.1652,400.9,177.9,fixation
10:25:27.1656,401.7,177.5,fixation
10:25:27.1661,402.4,177.2,fixation
10:25:27.1666,402.4,177.8,fixation
10:25:27.1670,401.5,178.6,fixation
10:25:27.1675,400.7,179.2,fixation
10:25:27.168,400.3,179.1,fixation
10:25:27.1684,400.5,178.5,fixation
10:25:27.1688,400.7,178.1,fixation
10:25:27.1693,400.7,177.8,fixation
10:25:27.1698,400.6,178.7,fixation
10:25:27.1702,400.5,180.5,fixation
10:25:27.1707,400.4,182.2,fixation
10:25:27.1712,400.1,181.3,fixation
10:25:27.1716,399.5,179.6,fixation
10:25:27.1721,398.8,178.0,fixation
10:25:27.1726,398.4,178.1,fixation
10:25:27.1730,398.7,178.2,fixation
10:25:27.1734,399.0,178.2,fixation
10:25:27.1739,399.2,178.8,fixation
10:25:27.1744,399.5,179.4,fixation
10:25:27.1748,399.7,179.7,fixation
10:25:27.1753,399.7,179.2,fixation
10:25:27.1758,398.7,178.7,fixation
10:25:27.1762,397.9,178.4,fixation
10:25:27.1767,397.8,178.4,fixation
10:25:27.1772,399.0,178.5,fixation
10:25:27.1776,400.2,178.6,fixation
10:25:27.1781,400.8,178.7,fixation
10:25:27.1786,401.0,179.9,fixation
10:25:27.1791,401.0,181.2,fixation
10:25:27.1795,400.7,181.2,fixation
10:25:27.18,400.5,179.9,fixation
10:25:27.1805,401.1,178.3,fixation
10:25:27.1809,401.9,177.7,fixation
10:25:27.1814,402.0,178.9,fixation
10:25:27.1819,400.5,180.4,fixation
10:25:27.1823,399.1,181.8,fixation
10:25:27.1828,398.5,181.6,fixation
10:25:27.1833,398.6,181.4,fixation
10:25:27.1837,397.5,179.5,saccade
10:25:27.1842,396.3,177.6,saccade
10:25:27.1847,395.6,176.3,saccade
10:25:27.1852,395.8,177.5,saccade
10:25:27.1856,396.0,178.7,saccade
10:25:27.1861,395.8,179.2,saccade
10:25:27.1866,396.4,180.1,saccade
10:25:27.1870,397.0,180.9,saccade
10:25:27.1875,398.0,182.0,saccade
10:25:27.188,398.8,182.4,saccade
10:25:27.1884,399.7,181.8,saccade
10:25:27.1889,400.5,180.9,saccade
10:25:27.1894,401.4,178.6,saccade
10:25:27.1898,402.4,177.2,saccade
10:25:27.1903,404.2,177.8,saccade
10:25:27.1908,405.6,179.8,saccade
10:25:27.1913,406.8,181.8,saccade
10:25:27.1917,410.2,180.1,saccade
10:25:27.1922,413.7,177.5,saccade
10:25:27.1927,419.4,175.1,saccade
10:25:27.1931,423.7,174.2,saccade
10:25:27.1936,428.0,174.1,saccade
10:25:27.1941,432.2,173.5,saccade
10:25:27.1945,434.9,173.3,saccade
10:25:27.195,440.2,173.3,saccade
10:25:27.1955,443.3,173.6,saccade
10:25:27.1959,447.6,171.7,saccade
10:25:27.1964,450.5,169.6,saccade
10:25:27.1969,455.5,168.2,saccade
10:25:27.1974,460.6,169.8,saccade
10:25:27.1978,466.1,171.5,saccade
10:25:27.1983,471.5,173.5,saccade
10:25:27.1988,475.1,174.5,saccade
10:25:27.1992,477.0,174.2,saccade
10:25:27.1997,477.6,172.6,saccade
10:25:27.2002,480.3,171.2,saccade
10:25:27.2006,482.9,171.0,saccade
10:25:27.2011,485.0,171.2,saccade
10:25:27.2016,484.5,173.6,saccade
10:25:27.2020,484.0,176.0,saccade
10:25:27.2025,483.6,176.3,saccade
10:25:27.203,483.7,174.3,saccade
10:25:27.2035,484.0,172.5,saccade
10:25:27.2039,484.3,172.9,saccade
10:25:27.2044,484.1,174.5,saccade
10:25:27.2049,483.5,176.0,saccade
10:25:27.2053,482.6,177.3,saccade
10:25:27.2058,478.3,177.6,fixation
10:25:27.2063,476.0,177.7,fixation
10:25:27.2067,475.3,177.9,fixation
10:25:27.2072,474.1,177.7,fixation
10:25:27.2077,473.3,177.6,fixation
10:25:27.2081,471.2,177.0,fixation
10:25:27.2086,469.9,176.7,fixation
10:25:27.2091,468.2,176.3,fixation
10:25:27.2096,468.1,176.2,fixation
10:25:27.2100,467.9,176.1,fixation
10:25:27.2105,468.1,175.9,fixation
10:25:27.211,468.1,175.9,fixation
10:25:27.2114,466.8,175.8,fixation
10:25:27.2119,465.5,175.6,fixation
10:25:27.2124,464.7,176.3,fixation
10:25:27.2128,465.1,177.2,fixation
10:25:27.2133,465.6,177.7,fixation
10:25:27.2138,465.0,177.2,fixation
10:25:27.2142,464.4,176.9,fixation
10:25:27.2147,463.6,177.1,fixation
10:25:27.2152,463.2,177.6,fixation
10:25:27.2157,462.9,176.3,fixation
10:25:27.2161,462.9,174.6,fixation
10:25:27.2166,463.0,173.1,fixation
10:25:27.2171,464.3,173.4,fixation
10:25:27.2175,465.7,173.8,fixation
10:25:27.218,466.6,174.1,fixation
10:25:27.2185,466.1,174.3,fixation
10:25:27.2189,465.7,174.7,fixation
10:25:27.2194,466.0,175.1,fixation
10:25:27.2199,466.4,175.2,fixation
10:25:27.2203,466.6,175.0,fixation
10:25:27.2208,467.4,174.7,fixation
10:25:27.2213,468.2,174.6,fixation
10:25:27.2217,469.4,174.5,fixation
10:25:27.2221,469.6,175.1,fixation
10:25:27.2226,469.4,175.9,fixation
10:25:27.2231,468.4,176.6,fixation
10:25:27.2235,467.1,176.5,fixation
10:25:27.224,466.2,176.4,fixation
10:25:27.2245,465.4,176.8,fixation
10:25:27.2249,465.4,177.3,fixation
10:25:27.2254,465.4,178.0,fixation
10:25:27.2259,464.2,178.2,fixation
10:25:27.2263,463.0,178.5,fixation
10:25:27.2267,461.8,178.6,fixation
10:25:27.2272,462.5,177.4,fixation
10:25:27.2277,462.7,176.1,fixation
10:25:27.2281,464.0,175.1,fixation
10:25:27.2286,465.3,175.5,fixation
10:25:27.2291,466.5,175.8,fixation
10:25:27.2295,466.6,175.5,fixation
10:25:27.23,466.1,175.4,fixation
10:25:27.2305,465.6,175.3,fixation
10:25:27.2309,465.1,176.1,fixation
10:25:27.2313,465.2,177.2,fixation
10:25:27.2318,465.5,178.3,fixation
10:25:27.2323,465.9,178.0,fixation
10:25:27.2327,466.0,177.2,fixation
10:25:27.2332,466.1,176.3,fixation
10:25:27.2337,466.2,176.0,fixation
10:25:27.2341,466.0,175.8,fixation
10:25:27.2346,465.8,175.9,fixation
10:25:27.2351,465.8,176.3,fixation
10:25:27.2355,465.9,176.7,fixation
10:25:27.2359,465.3,176.9,fixation
10:25:27.2364,464.6,177.0,fixation
10:25:27.2369,463.8,177.2,fixation
10:25:27.2373,464.0,177.2,fixation
10:25:27.2378,464.3,177.4,fixation
10:25:27.2383,464.8,177.6,fixation
10:25:27.2387,465.1,178.0,fixation
10:25:27.2392,465.5,178.2,fixation
10:25:27.2397,466.3,179.0,fixation
10:25:27.2401,467.1,179.5,fixation
10:25:27.2406,467.3,178.9,fixation
10:25:27.2411,466.1,177.6,fixation
10:25:27.2416,464.6,176.9,fixation
10:25:27.2420,463.7,177.7,fixation
10:25:27.2425,463.8,178.8,fixation
10:25:27.243,464.3,179.4,fixation
10:25:27.2434,465.0,179.9,fixation
10:25:27.2439,465.1,179.8,fixation
10:25:27.2444,465.3,179.4,fixation
10:25:27.2448,465.2,179.1,fixation
10:25:27.2453,465.0,179.1,fixation
10:25:27.2458,464.8,178.8,fixation
10:25:27.2462,464.0,178.5,fixation
10:25:27.2467,463.6,178.1,fixation
10:25:27.2472,463.4,178.2,fixation
10:25:27.2477,464.4,178.1,fixation
10:25:27.2481,465.0,178.1,fixation
10:25:27.2486,465.1,178.2,fixation
10:25:27.2491,464.6,178.2,fixation
10:25:27.2495,464.2,177.6,fixation
10:25:27.25,464.1,176.9,fixation
10:25:27.2505,463.8,177.5,fixation
10:25:27.2509,463.4,178.8,fixation
10:25:27.2514,463.3,179.8,fixation
10:25:27.2519,463.9,179.5,fixation
10:25:27.2523,464.7,179.2,fixation
10:25:27.2528,465.2,179.1,fixation
10:25:27.2533,465.4,179.6,fixation
10:25:27.2538,465.5,180.6,fixation
10:25:27.2542,465.6,181.6,fixation
10:25:27.2547,466.3,181.3,fixation
10:25:27.2552,466.8,181.0,fixation
10:25:27.2556,466.7,180.6,fixation
10:25:27.2561,465.6,180.9,fixation
10:25:27.2566,464.5,180.2,fixation
10:25:27.2570,463.8,179.3,fixation
10:25:27.2575,463.5,178.4,fixation
10:25:27.258,463.2,178.5,fixation
10:25:27.2584,463.0,179.0,fixation
10:25:27.2589,462.9,179.7,fixation
10:25:27.2594,462.9,180.6,fixation
10:25:27.2599,464.2,181.2,fixation
10:25:27.2603,465.5,181.7,fixation
10:25:27.2608,466.2,181.6,fixation
10:25:27.2613,465.5,181.0,fixation
10:25:27.2617,464.7,180.4,fixation
10:25:27.2622,464.4,180.6,fixation
10:25:27.2627,464.0,181.2,fixation
10:25:27.2631,463.6,181.8,fixation
10:25:27.2636,463.4,181.2,fixation
10:25:27.2641,463.4,180.7,fixation
10:25:27.2645,463.6,180.2,fixation
10:25:27.265,464.0,179.9,fixation
10:25:27.2655,464.4,179.6,fixation
10:25:27.266,464.7,179.5,fixation
10:25:27.2664,464.7,179.6,fixation
10:25:27.2669,464.5,179.7,fixation
10:25:27.2674,464.3,179.6,fixation
10:25:27.2678,464.1,179.6,fixation
10:25:27.2683,464.1,180.4,fixation
10:25:27.2688,464.1,181.1,fixation
10:25:27.2692,463.9,181.6,fixation
10:25:27.2697,463.8,181.0,fixation
10:25:27.2702,463.6,180.3,fixation
10:25:27.2706,463.5,179.9,fixation
10:25:27.2711,463.3,179.7,fixation
10:25:27.2716,464.7,179.8,fixation
10:25:27.2721,466.0,180.1,fixation
10:25:27.2725,466.7,180.4,fixation
10:25:27.273,465.5,179.9,fixation
10:25:27.2735,464.1,179.3,fixation
10:25:27.2739,463.2,178.8,fixation
10:25:27.2744,463.6,179.1,fixation
10:25:27.2749,464.1,180.2,fixation
10:25:27.2753,465.5,181.3,fixation
10:25:27.2758,466.2,182.1,fixation
10:25:27.2763,466.8,182.1,fixation
10:25:27.2767,465.6,181.7,fixation
10:25:27.2772,464.4,181.5,fixation
10:25:27.2777,463.4,181.2,fixation
10:25:27.2782,463.9,179.5,fixation
10:25:27.2786,464.4,177.9,fixation
10:25:27.2791,465.0,178.1,fixation
10:25:27.2796,465.1,179.9,fixation
10:25:27.2800,464.7,181.7,fixation
10:25:27.2805,464.2,181.8,fixation
10:25:27.281,464.0,182.0,fixation
10:25:27.2814,464.2,181.3,fixation
10:25:27.2819,464.3,180.5,fixation
10:25:27.2824,464.0,180.3,fixation
10:25:27.2828,463.8,181.0,fixation
10:25:27.2833,463.7,181.0,fixation
10:25:27.2838,463.6,180.3,fixation
10:25:27.2842,462.9,180.7,fixation
10:25:27.2846,462.0,181.9,fixation
10:25:27.2851,461.1,183.0,fixation
10:25:27.2856,461.7,183.0,fixation
10:25:27.2860,462.8,182.9,fixation
10:25:27.2865,464.3,182.2,fixation
10:25:27.287,464.9,181.0,fixation
10:25:27.2874,465.4,179.9,fixation
10:25:27.2879,465.4,180.2,fixation
10:25:27.2884,465.3,181.0,fixation
10:25:27.2888,465.2,181.4,fixation
10:25:27.2892,465.1,180.9,fixation
10:25:27.2897,465.2,181.3,fixation
10:25:27.2902,465.4,182.3,fixation
10:25:27.2906,465.7,183.4,fixation
10:25:27.2911,465.9,183.2,fixation
10:25:27.2916,465.2,182.7,fixation
10:25:27.2920,464.2,182.1,fixation
10:25:27.2925,463.3,181.6,fixation
10:25:27.293,463.4,180.7,fixation
10:25:27.2934,463.5,180.2,fixation
10:25:27.2938,463.5,180.1,fixation
10:25:27.2943,463.4,181.0,fixation
10:25:27.2948,463.4,181.5,fixation
10:25:27.2952,463.8,180.9,fixation
10:25:27.2957,464.2,179.9,fixation
10:25:27.2962,464.5,178.9,fixation
10:25:27.2966,464.3,180.9,fixation
10:25:27.2971,464.1,182.8,fixation
10:25:27.2976,464.2,182.6,fixation
10:25:27.2980,464.6,180.0,fixation
10:25:27.2984,464.9,177.7,fixation
10:25:27.2989,464.9,178.0,fixation
10:25:27.2994,464.1,180.2,fixation
10:25:27.2998,463.3,182.1,fixation
10:25:27.3003,462.9,183.4,fixation
10:25:27.3008,463.2,183.1,fixation
10:25:27.3012,463.6,182.9,fixation
10:25:27.3017,463.8,183.0,fixation
10:25:27.3022,464.0,183.3,fixation
10:25:27.3026,464.2,183.5,fixation
10:25:27.3031,464.2,183.5,fixation
10:25:27.3036,463.5,182.3,fixation
10:25:27.3041,463.0,180.2,fixation
10:25:27.3045,462.9,178.3,fixation
10:25:27.305,463.5,177.5,fixation
10:25:27.3055,463.9,177.8,fixation
10:25:27.3059,463.7,179.8,fixation
10:25:27.3064,463.6,181.6,fixation
10:25:27.3069,463.5,183.0,fixation
10:25:27.3073,463.5,182.2,fixation
10:25:27.3078,463.1,181.6,fixation
10:25:27.3083,462.8,181.6,fixation
10:25:27.3087,462.3,182.1,fixation
10:25:27.3092,462.0,182.7,fixation
10:25:27.3097,461.6,182.9,fixation
10:25:27.3102,462.7,183.4,fixation
10:25:27.3106,464.0,183.7,fixation
10:25:27.3111,464.5,183.9,fixation
10:25:27.3116,463.7,183.7,fixation
10:25:27.3120,462.6,183.8,fixation
10:25:27.3125,462.2,184.1,fixation
10:25:27.313,462.2,184.5,fixation
10:25:27.3134,462.5,184.9,fixation
10:25:27.3139,462.8,185.1,fixation
10:25:27.3144,462.6,185.5,fixation
10:25:27.3148,462.4,185.7,fixation
10:25:27.3153,462.4,185.4,fixation
10:25:27.3158,461.8,184.8,fixation
10:25:27.3163,461.2,183.5,fixation
10:25:27.3167,460.7,181.9,fixation
10:25:27.3172,460.7,180.5,fixation
10:25:27.3177,460.5,179.9,fixation
10:25:27.3181,460.5,180.5,fixation
10:25:27.3186,460.5,181.0,fixation
10:25:27.3191,460.4,182.4,fixation
10:25:27.3195,459.9,183.6,fixation
10:25:27.32,459.8,183.0,fixation
10:25:27.3205,460.1,181.4,fixation
10:25:27.3209,460.9,179.8,fixation
10:25:27.3214,461.6,179.9,fixation
10:25:27.3219,461.8,180.1,fixation
10:25:27.3224,461.7,180.4,fixation
10:25:27.3228,461.6,180.6,fixation
10:25:27.3233,461.5,180.7,fixation
10:25:27.3238,461.3,180.7,fixation
10:25:27.3242,461.0,180.8,fixation
10:25:27.3247,460.8,180.9,fixation
10:25:27.3252,461.1,181.2,fixation
10:25:27.3256,461.1,181.5,fixation
10:25:27.3261,461.1,181.8,fixation
10:25:27.3266,460.9,181.0,fixation
10:25:27.3270,461.0,180.1,fixation
10:25:27.3275,461.0,179.3,fixation
10:25:27.328,461.3,180.2,fixation
10:25:27.3285,461.8,181.1,fixation
10:25:27.3289,462.4,181.9,fixation
10:25:27.3294,462.5,181.7,fixation
10:25:27.3299,461.8,181.4,fixation
10:25:27.3303,461.1,181.1,fixation
10:25:27.3308,460.4,180.7,fixation
10:25:27.3313,460.8,181.5,fixation
10:25:27.3317,461.6,182.6,fixation
10:25:27.3322,462.4,183.5,fixation
10:25:27.3327,462.1,183.4,fixation
10:25:27.3331,461.4,183.4,fixation
10:25:27.3336,460.7,183.4,fixation
10:25:27.3341,460.7,183.4,fixation
10:25:27.3346,460.8,183.1,fixation
10:25:27.3350,461.1,182.1,fixation
10:25:27.3355,461.2,181.3,fixation
10:25:27.336,461.3,180.7,fixation
10:25:27.3364,461.4,180.8,fixation
10:25:27.3369,461.5,180.9,fixation
10:25:27.3374,461.8,181.2,fixation
10:25:27.3378,462.0,181.4,fixation
10:25:27.3383,461.8,181.5,fixation
10:25:27.3388,461.6,181.4,fixation
10:25:27.3392,461.4,181.0,fixation
10:25:27.3397,461.6,181.4,fixation
10:25:27.3402,461.9,181.8,fixation
10:25:27.3407,462.1,182.3,fixation
10:25:27.3411,462.3,182.4,fixation
10:25:27.3416,462.8,182.8,fixation
10:25:27.3421,463.6,181.9,fixation
10:25:27.3425,464.4,180.7,fixation
10:25:27.343,464.6,179.4,fixation
10:25:27.3435,463.6,179.5,fixation
10:25:27.3439,462.5,179.5,fixation
10:25:27.3444,461.3,179.4,fixation
10:25:27.3449,460.9,179.3,fixation
10:25:27.3453,460.5,179.3,fixation
10:25:27.3458,461.4,179.5,fixation
10:25:27.3463,462.6,179.4,fixation
10:25:27.3467,463.1,179.2,fixation
10:25:27.3471,462.3,179.1,fixation
10:25:27.3476,461.4,179.4,fixation
10:25:27.3481,461.3,179.8,fixation
10:25:27.3485,461.5,179.8,fixation
10:25:27.349,461.6,179.7,fixation
10:25:27.3495,461.5,179.7,fixation
10:25:27.3499,461.4,179.1,fixation
10:25:27.3504,461.1,178.5,fixation
10:25:27.3509,460.8,177.9,fixation
10:25:27.3513,460.6,177.8,fixation
10:25:27.3517,461.2,177.9,fixation
10:25:27.3522,461.6,179.7,fixation
10:25:27.3527,461.3,181.5,fixation
10:25:27.3531,460.6,183.2,fixation
10:25:27.3536,460.0,182.9,fixation
10:25:27.3541,460.1,182.8,fixation
10:25:27.3545,460.3,182.9,fixation
10:25:27.355,460.4,182.5,fixation
10:25:27.3555,460.6,182.2,fixation
10:25:27.3559,460.5,181.8,fixation
10:25:27.3563,459.7,181.9,fixation
10:25:27.3568,459.0,182.0,fixation
10:25:27.3573,458.7,182.1,fixation
10:25:27.3577,458.6,182.0,fixation
10:25:27.3582,458.5,181.4,fixation
10:25:27.3587,459.1,180.3,fixation
10:25:27.3591,460.2,179.2,fixation
10:25:27.3596,461.2,178.6,fixation
10:25:27.3601,460.2,179.2,fixation
10:25:27.3605,459.3,179.7,fixation
10:25:27.3609,458.9,180.2,fixation
10:25:27.3614,459.7,180.0,fixation
10:25:27.3619,460.3,180.5,fixation
10:25:27.3623,460.2,181.0,fixation
10:25:27.3628,459.5,181.4,fixation
10:25:27.3633,458.9,181.6,fixation
10:25:27.3637,458.6,181.8,fixation
10:25:27.3642,458.6,181.9,fixation
10:25:27.3647,459.2,182.0,fixation
10:25:27.3651,460.2,182.3,fixation
10:25:27.3656,461.6,182.6,fixation
10:25:27.3661,462.4,181.8,fixation
10:25:27.3666,462.7,180.9,fixation
10:25:27.3670,462.3,179.9,fixation
10:25:27.3675,461.6,180.5,fixation
10:25:27.368,461.0,181.1,fixation
10:25:27.3684,460.9,181.8,fixation
10:25:27.3689,461.0,181.8,fixation
10:25:27.3694,461.1,182.2,fixation
10:25:27.3698,461.1,182.8,fixation
10:25:27.3703,461.1,183.4,fixation
10:25:27.3708,461.0,183.4,fixation
10:25:27.3712,462.2,183.2,fixation
10:25:27.3717,463.5,183.1,fixation
10:25:27.3722,463.8,183.2,fixation
10:25:27.3727,462.9,183.7,fixation
10:25:27.3731,462.1,184.2,fixation
10:25:27.3736,462.2,184.2,fixation
10:25:27.3741,462.0,183.6,fixation
10:25:27.3745,461.7,182.9,fixation
10:25:27.375,461.4,182.9,fixation
10:25:27.3755,461.4,182.5,fixation
10:25:27.3759,461.5,182.2,fixation
10:25:27.3764,461.2,181.8,fixation
10:25:27.3769,460.8,181.8,fixation
10:25:27.3773,460.5,181.7,fixation
10:25:27.3778,460.5,181.6,fixation
10:25:27.3783,460.5,181.5,fixation
10:25:27.3788,460.5,181.4,fixation
10:25:27.3792,460.5,181.2,fixation
10:25:27.3797,460.6,181.1,fixation
10:25:27.3802,460.6,181.0,fixation
10:25:27.3806,460.9,181.1,fixation
10:25:27.3811,461.4,181.7,fixation
10:25:27.3816,461.9,182.2,fixation
10:25:27.3820,462.1,182.7,fixation
10:25:27.3825,460.8,182.7,fixation
10:25:27.383,459.4,182.6,fixation
10:25:27.3834,459.5,182.7,fixation
10:25:27.3839,461.1,182.8,fixation
10:25:27.3844,462.4,183.1,fixation
10:25:27.3849,462.1,183.3,fixation
10:25:27.3853,461.8,183.4,fixation
10:25:27.3858,461.8,183.1,fixation
10:25:27.3863,461.8,182.3,fixation
10:25:27.3867,461.3,181.9,fixation
10:25:27.3872,460.6,181.9,fixation
10:25:27.3877,459.9,182.3,fixation
10:25:27.3881,459.7,182.3,fixation
10:25:27.3886,459.7,182.4,fixation
10:25:27.3891,460.6,182.6,fixation
10:25:27.3895,461.4,182.9,fixation
10:25:27.39,462.0,184.2,fixation
10:25:27.3905,461.5,185.4,fixation
10:25:27.391,461.2,185.1,fixation
10:25:27.3914,460.6,183.7,fixation
10:25:27.3919,460.4,182.3,fixation
10:25:27.3924,460.3,182.9,fixation
10:25:27.3928,460.9,183.3,fixation
10:25:27.3933,462.3,182.9,fixation
10:25:27.3938,463.4,182.2,fixation
10:25:27.3942,462.3,182.0,fixation
10:25:27.3947,460.3,182.1,fixation
10:25:27.3952,458.6,182.5,fixation
10:25:27.3956,459.3,182.5,fixation
10:25:27.3961,460.2,183.3,fixation
10:25:27.3966,460.6,183.8,fixation
10:25:27.3971,460.5,184.2,fixation
10:25:27.3975,460.3,184.0,fixation
10:25:27.398,460.0,183.6,fixation
10:25:27.3985,459.9,183.0,fixation
10:25:27.3989,459.8,182.3,fixation
10:25:27.3994,459.8,181.5,fixation
10:25:27.3999,460.2,181.0,fixation
10:25:27.4003,460.7,180.9,fixation
10:25:27.4008,461.2,181.0,fixation
10:25:27.4013,460.3,181.0,fixation
10:25:27.4017,459.2,182.1,fixation
10:25:27.4022,458.1,183.2,fixation
10:25:27.4027,457.5,184.6,fixation
10:25:27.4032,457.1,185.1,fixation
10:25:27.4036,457.7,185.8,fixation
10:25:27.4041,458.8,185.0,fixation
10:25:27.4046,459.5,183.9,fixation
10:25:27.4050,459.2,183.0,fixation
10:25:27.4055,458.0,183.2,fixation
10:25:27.406,457.2,183.4,fixation
10:25:27.4064,456.7,184.2,fixation
10:25:27.4069,457.1,185.1,fixation
10:25:27.4074,457.2,184.9,fixation
10:25:27.4078,457.0,184.2,fixation
10:25:27.4083,457.2,183.6,fixation
10:25:27.4088,457.6,184.1,fixation
10:25:27.4092,457.5,184.3,fixation
10:25:27.4096,457.1,184.1,fixation
10:25:27.4101,456.7,183.9,fixation
10:25:27.4106,457.1,183.6,fixation
10:25:27.4110,457.2,183.3,fixation
10:25:27.4115,457.2,184.1,fixation
10:25:27.412,458.0,185.1,fixation
10:25:27.4124,458.9,186.5,fixation
10:25:27.4129,460.0,186.9,fixation
10:25:27.4134,460.0,185.7,fixation
10:25:27.4138,460.2,184.2,fixation
10:25:27.4142,460.2,183.2,fixation
10:25:27.4147,459.3,183.6,fixation
10:25:27.4152,458.5,184.1,fixation
10:25:27.4156,457.9,183.9,fixation
10:25:27.4161,458.5,183.7,fixation
10:25:27.4166,458.9,183.5,fixation
10:25:27.4170,459.3,183.6,fixation
10:25:27.4175,459.2,184.0,fixation
10:25:27.418,459.2,185.0,fixation
10:25:27.4184,459.4,185.7,fixation
10:25:27.4188,460.1,186.2,fixation
10:25:27.4193,460.7,186.8,fixation
10:25:27.4198,461.1,187.4,fixation
10:25:27.4202,460.9,187.2,fixation
10:25:27.4207,460.4,186.9,fixation
10:25:27.4212,459.9,186.6,fixation
10:25:27.4216,459.9,186.6,fixation
10:25:27.4221,460.8,186.2,fixation
10:25:27.4226,461.8,185.4,fixation
10:25:27.4230,460.3,184.9,fixation
10:25:27.4234,458.1,184.5,fixation
10:25:27.4239,457.5,184.9,fixation
10:25:27.4244,459.0,185.6,fixation
10:25:27.4248,460.4,186.2,fixation
10:25:27.4253,460.2,187.3,fixation
10:25:27.4258,459.8,188.1,fixation
10:25:27.4262,459.7,188.8,fixation
10:25:27.4267,459.7,188.6,fixation
10:25:27.4272,460.0,187.0,fixation
10:25:27.4276,459.8,185.6,fixation
10:25:27.4281,459.4,185.2,fixation
10:25:27.4286,459.5,186.2,fixation
10:25:27.4291,459.9,187.3,fixation
10:25:27.4295,460.3,186.9,fixation
10:25:27.43,459.3,186.1,fixation
10:25:27.4305,458.5,185.2,fixation
10:25:27.4309,457.7,184.7,fixation
10:25:27.4314,457.6,184.7,fixation
10:25:27.4319,457.5,184.9,fixation
10:25:27.4323,457.4,185.4,fixation
10:25:27.4328,457.0,186.8,fixation
10:25:27.4333,456.6,188.0,fixation
10:25:27.4337,457.0,187.5,fixation
10:25:27.4342,457.8,186.2,fixation
10:25:27.4347,458.2,185.2,fixation
10:25:27.4352,457.1,185.7,fixation
10:25:27.4356,456.0,186.3,fixation
10:25:27.4361,455.5,186.5,fixation
10:25:27.4366,455.8,186.3,fixation
10:25:27.4370,457.4,186.2,fixation
10:25:27.4375,458.7,186.9,fixation
10:25:27.438,459.8,187.9,fixation
10:25:27.4384,459.3,187.9,fixation
10:25:27.4389,458.9,187.0,fixation
10:25:27.4394,458.7,185.9,fixation
10:25:27.4398,458.8,185.6,fixation
10:25:27.4403,458.7,185.3,fixation
10:25:27.4408,458.6,186.4,fixation
10:25:27.4413,458.3,187.8,fixation
10:25:27.4417,458.2,188.9,fixation
10:25:27.4422,457.8,188.5,fixation
10:25:27.4427,457.5,187.9,fixation
10:25:27.4431,456.9,187.5,fixation
10:25:27.4436,456.9,187.2,fixation
10:25:27.4441,456.8,186.5,fixation
10:25:27.4445,456.8,185.9,fixation
10:25:27.445,456.6,185.6,fixation
10:25:27.4455,456.5,185.7,fixation
10:25:27.4459,456.4,186.5,fixation
10:25:27.4464,456.6,187.1,fixation
10:25:27.4469,456.8,187.6,fixation
10:25:27.4474,457.1,187.4,fixation
10:25:27.4478,457.1,187.3,fixation
10:25:27.4483,457.2,186.9,fixation
10:25:27.4488,457.1,186.4,fixation
10:25:27.4492,457.0,186.1,fixation
10:25:27.4497,457.1,186.1,fixation
10:25:27.4502,457.4,186.3,fixation
10:25:27.4506,457.8,186.9,fixation
10:25:27.4511,457.7,187.6,fixation
10:25:27.4516,457.4,187.3,fixation
10:25:27.4520,457.1,186.5,fixation
10:25:27.4525,457.9,185.8,fixation
10:25:27.453,458.8,186.5,fixation
10:25:27.4535,459.4,187.1,fixation
10:25:27.4539,458.7,187.4,fixation
10:25:27.4544,457.8,187.2,fixation
10:25:27.4549,457.1,187.0,fixation
10:25:27.4553,456.9,186.8,fixation
10:25:27.4558,457.0,186.6,fixation
10:25:27.4563,457.0,186.6,fixation
10:25:27.4567,456.8,187.3,fixation
10:25:27.4572,457.0,188.1,fixation
10:25:27.4577,457.7,188.9,fixation
10:25:27.4581,458.6,189.0,fixation
10:25:27.4586,458.0,189.4,fixation
10:25:27.4591,457.3,189.8,fixation
10:25:27.4596,456.6,190.1,fixation
10:25:27.4600,456.9,190.2,fixation
10:25:27.4605,457.1,190.2,fixation
10:25:27.461,457.8,189.6,fixation
10:25:27.4614,458.1,189.2,fixation
10:25:27.4619,458.3,188.7,fixation
10:25:27.4624,458.8,188.9,fixation
10:25:27.4628,459.5,189.0,fixation
10:25:27.4633,460.7,188.2,fixation
10:25:27.4638,461.1,187.4,fixation
10:25:27.4642,460.4,186.4,fixation
10:25:27.4647,459.2,186.2,fixation
10:25:27.4652,457.9,185.9,fixation
10:25:27.4657,457.7,185.8,fixation
10:25:27.4661,457.6,186.4,fixation
10:25:27.4666,457.5,187.0,fixation
10:25:27.4671,457.4,187.6,fixation
10:25:27.4675,457.9,187.5,fixation
10:25:27.468,458.3,187.5,fixation
10:25:27.4685,458.7,188.0,fixation
10:25:27.4689,458.5,188.6,fixation
10:25:27.4694,458.4,189.1,fixation
10:25:27.4699,458.4,189.0,fixation
10:25:27.4703,458.4,188.8,fixation
10:25:27.4708,458.7,187.8,fixation
10:25:27.4713,459.4,186.9,fixation
10:25:27.4717,459.8,186.3,fixation
10:25:27.4721,459.7,186.7,fixation
10:25:27.4726,459.0,187.1,fixation
10:25:27.4731,458.3,187.3,fixation
10:25:27.4735,457.9,187.7,fixation
10:25:27.474,457.6,188.0,fixation
10:25:27.4745,458.4,188.2,fixation
10:25:27.4749,459.1,187.9,fixation
10:25:27.4754,459.9,187.9,fixation
10:25:27.4759,460.0,188.0,fixation
10:25:27.4763,460.0,188.2,fixation
10:25:27.4767,459.8,188.1,fixation
10:25:27.4772,459.6,187.8,fixation
10:25:27.4777,459.7,187.5,fixation
10:25:27.4781,459.8,187.2,fixation
10:25:27.4786,460.0,186.9,fixation
10:25:27.4791,460.1,186.7,fixation
10:25:27.4795,460.1,186.4,fixation
10:25:27.48,460.2,186.3,fixation
10:25:27.4805,460.3,186.2,fixation
10:25:27.4809,460.2,186.1,fixation
10:25:27.4813,460.0,186.0,fixation
10:25:27.4818,459.8,186.9,fixation
10:25:27.4823,459.9,187.8,fixation
10:25:27.4827,460.3,187.3,fixation
10:25:27.4832,460.8,185.7,fixation
10:25:27.4837,461.1,184.1,fixation
10:25:27.4841,461.0,184.4,fixation
10:25:27.4846,460.9,185.3,fixation
10:25:27.4851,460.6,187.6,fixation
10:25:27.4855,460.4,189.4,fixation
10:25:27.4859,460.1,190.3,fixation
10:25:27.4864,460.0,190.0,fixation
10:25:27.4869,459.8,189.6,fixation
10:25:27.4873,459.9,188.6,fixation
10:25:27.4878,460.3,187.3,fixation
10:25:27.4883,461.0,185.9,fixation
10:25:27.4887,461.5,186.6,fixation
10:25:27.4892,461.9,187.7,fixation
10:25:27.4897,462.2,188.5,fixation
10:25:27.4901,462.6,188.2,fixation
10:25:27.4906,462.9,187.8,fixation
10:25:27.4911,462.9,187.6,fixation
10:25:27.4916,462.8,188.1,fixation
10:25:27.4920,463.2,188.5,fixation
10:25:27.4925,463.5,188.9,fixation
10:25:27.493,463.6,189.2,fixation
10:25:27.4934,463.1,189.7,fixation
10:25:27.4939,462.4,190.2,fixation
10:25:27.4944,462.0,190.5,fixation
10:25:27.4948,461.8,190.7,fixation
10:25:27.4953,462.4,190.9,fixation
10:25:27.4958,463.0,191.2,fixation
10:25:27.4962,462.8,191.3,fixation
10:25:27.4967,462.2,191.3,fixation
10:25:27.4972,461.6,191.0,fixation
10:25:27.4977,461.7,190.5,fixation
10:25:27.4981,461.6,190.1,fixation
10:25:27.4986,461.5,189.7,fixation
10:25:27.4991,461.5,189.4,fixation
10:25:27.4995,461.5,189.0,fixation
10:25:27.5,461.6,188.1,fixation
10:25:27.5005,461.7,187.4,fixation
10:25:27.5009,461.9,187.8,fixation
10:25:27.5014,462.0,188.8,fixation
10:25:27.5019,462.0,190.4,fixation
10:25:27.5023,461.9,190.9,fixation
10:25:27.5028,462.0,189.4,fixation
10:25:27.5033,462.1,187.5,fixation
10:25:27.5038,461.9,188.1,fixation
10:25:27.5042,461.4,190.7,fixation
10:25:27.5047,461.0,193.0,fixation
10:25:27.5052,461.0,192.3,fixation
10:25:27.5056,461.2,191.4,fixation
10:25:27.5061,461.2,190.9,fixation
10:25:27.5066,461.2,190.8,fixation
10:25:27.5070,460.9,190.5,fixation
10:25:27.5075,460.5,190.1,fixation
10:25:27.508,459.9,189.4,fixation
10:25:27.5084,459.5,189.0,fixation
10:25:27.5089,458.9,189.3,fixation
10:25:27.5094,458.7,189.9,fixation
10:25:27.5099,458.7,190.4,fixation
10:25:27.5103,458.4,190.3,fixation
10:25:27.5108,458.1,190.2,fixation
10:25:27.5113,458.3,189.9,fixation
10:25:27.5117,459.3,189.8,fixation
10:25:27.5122,460.2,190.3,fixation
10:25:27.5127,460.3,190.8,fixation
10:25:27.5131,460.2,190.4,fixation
10:25:27.5136,460.1,189.5,fixation
10:25:27.5141,460.2,190.1,fixation
10:25:27.5145,460.2,191.5,fixation
10:25:27.515,460.2,192.3,fixation
10:25:27.5155,460.1,191.7,fixation
10:25:27.516,459.9,191.1,fixation
10:25:27.5164,460.3,190.5,fixation
10:25:27.5169,461.0,189.9,fixation
10:25:27.5174,461.7,190.4,fixation
10:25:27.5178,461.5,191.5,fixation
10:25:27.5183,461.4,192.4,fixation
10:25:27.5188,461.0,192.0,fixation
10:25:27.5192,460.5,191.6,fixation
10:25:27.5197,460.3,191.4,fixation
10:25:27.5202,460.5,191.4,fixation
10:25:27.5206,460.0,191.3,fixation
10:25:27.5211,459.3,191.1,fixation
10:25:27.5216,459.6,190.9,fixation
10:25:27.5221,460.8,190.7,fixation
10:25:27.5225,461.3,190.4,fixation
10:25:27.523,460.6,189.9,fixation
10:25:27.5235,460.0,189.9,fixation
10:25:27.5239,459.9,190.2,fixation
10:25:27.5244,459.9,190.4,fixation
10:25:27.5249,459.8,190.5,fixation
10:25:27.5253,460.4,190.5,fixation
10:25:27.5258,461.0,190.5,fixation
10:25:27.5263,461.1,190.5,fixation
10:25:27.5267,460.6,190.4,fixation
10:25:27.5272,460.5,190.6,fixation
10:25:27.5277,461.1,190.9,fixation
10:25:27.5282,461.9,191.1,fixation
10:25:27.5286,462.7,191.2,fixation
10:25:27.5291,463.3,191.6,fixation
10:25:27.5296,464.0,192.2,fixation
10:25:27.5300,464.2,192.8,fixation
10:25:27.5305,464.7,192.5,fixation
10:25:27.531,465.0,192.5,fixation
10:25:27.5314,465.2,192.6,fixation
10:25:27.5319,464.8,193.1,fixation
10:25:27.5324,464.2,193.1,fixation
10:25:27.5328,463.0,192.9,fixation
10:25:27.5333,462.4,192.6,fixation
10:25:27.5338,461.9,191.8,fixation
10:25:27.5342,462.3,190.8,fixation
10:25:27.5346,462.8,190.3,fixation
10:25:27.5351,463.3,190.2,fixation
10:25:27.5356,463.2,190.9,fixation
10:25:27.5360,462.2,192.0,fixation
10:25:27.5365,460.6,193.0,fixation
10:25:27.537,459.3,193.0,fixation
10:25:27.5374,459.1,193.1,fixation
10:25:27.5379,459.5,193.2,fixation
10:25:27.5384,460.0,193.4,fixation
10:25:27.5388,460.5,192.8,fixation
10:25:27.5392,461.1,191.3,fixation
10:25:27.5397,462.2,190.2,fixation
10:25:27.5402,463.2,189.3,fixation
10:25:27.5406,463.1,189.1,fixation
10:25:27.5411,462.0,189.2,fixation
10:25:27.5416,461.0,189.6,fixation
10:25:27.5420,461.1,190.0,fixation
10:25:27.5425,461.7,189.8,fixation
10:25:27.543,462.6,189.7,fixation
10:25:27.5434,463.4,189.7,fixation
10:25:27.5438,463.8,189.7,fixation
10:25:27.5443,463.9,189.7,fixation
10:25:27.5448,463.8,189.2,fixation
10:25:27.5452,463.4,188.7,fixation
10:25:27.5457,463.1,188.2,fixation
10:25:27.5462,463.3,188.3,fixation
10:25:27.5466,463.5,189.0,fixation
10:25:27.5471,463.6,189.7,fixation
10:25:27.5476,463.6,188.9,fixation
10:25:27.5480,463.6,188.0,fixation
10:25:27.5484,463.5,187.3,fixation
10:25:27.5489,463.2,188.6,fixation
10:25:27.5494,463.0,189.5,fixation
10:25:27.5498,462.7,190.1,fixation
10:25:27.5503,462.8,190.1,fixation
10:25:27.5508,463.8,189.9,fixation
10:25:27.5512,464.9,189.7,fixation
10:25:27.5517,464.3,189.3,fixation
10:25:27.5522,463.0,189.4,fixation
10:25:27.5526,461.7,189.6,fixation
10:25:27.5531,461.6,189.9,fixation
10:25:27.5536,462.3,189.8,fixation
10:25:27.5541,462.9,189.8,fixation
10:25:27.5545,463.6,189.8,fixation
10:25:27.555,463.7,189.6,fixation
10:25:27.5555,463.7,189.5,fixation
10:25:27.5559,463.5,189.2,fixation
10:25:27.5564,463.0,188.9,fixation
10:25:27.5569,462.4,188.6,fixation
10:25:27.5573,462.0,188.4,fixation
10:25:27.5578,462.9,189.3,fixation
10:25:27.5583,463.9,190.4,fixation
10:25:27.5587,464.8,191.5,fixation
10:25:27.5592,464.4,191.5,fixation
10:25:27.5597,463.4,191.3,fixation
10:25:27.5602,462.4,191.1,fixation
10:25:27.5606,461.8,191.1,fixation
10:25:27.5611,462.6,191.2,fixation
10:25:27.5616,463.5,191.4,fixation
10:25:27.5620,464.2,191.6,fixation
10:25:27.5625,464.2,191.5,fixation
10:25:27.563,464.8,191.4,fixation
10:25:27.5634,465.6,191.3,fixation
10:25:27.5639,466.6,191.3,fixation
10:25:27.5644,466.9,191.3,fixation
10:25:27.5648,467.0,190.9,fixation
10:25:27.5653,466.5,190.5,fixation
10:25:27.5658,465.6,191.0,fixation
10:25:27.5663,464.5,192.3,saccade
10:25:27.5667,464.4,192.5,saccade
10:25:27.5672,464.7,192.8,saccade
10:25:27.5677,464.8,193.2,saccade
10:25:27.5681,464.9,193.2,saccade
10:25:27.5686,465.0,193.2,saccade
10:25:27.5691,465.8,193.4,saccade
10:25:27.5695,466.7,193.6,saccade
10:25:27.57,467.1,193.7,saccade
10:25:27.5705,466.4,193.5,saccade
10:25:27.5709,465.4,193.3,saccade
10:25:27.5714,463.4,193.1,saccade
10:25:27.5719,462.0,191.4,saccade
10:25:27.5724,461.0,189.9,saccade
10:25:27.5728,459.9,188.4,saccade
10:25:27.5733,458.3,189.3,saccade
10:25:27.5738,455.4,190.3,saccade
10:25:27.5742,451.8,191.2,saccade
10:25:27.5747,448.4,191.4,saccade
10:25:27.5752,445.2,191.4,saccade
10:25:27.5756,442.3,191.2,saccade
10:25:27.5761,438.0,190.8,saccade
10:25:27.5766,432.8,191.0,saccade
10:25:27.5770,426.1,192.4,saccade
10:25:27.5775,421.0,194.0,saccade
10:25:27.578,416.0,194.6,saccade
10:25:27.5785,413.4,194.1,saccade
10:25:27.5789,408.3,193.2,saccade
10:25:27.5794,403.0,192.0,saccade
10:25:27.5799,397.1,190.9,saccade
10:25:27.5803,393.9,190.2,saccade
10:25:27.5808,392.7,190.0,saccade
10:25:27.5813,392.4,189.9,saccade
10:25:27.5817,390.8,189.8,saccade
10:25:27.5822,388.8,189.8,saccade
10:25:27.5827,386.9,189.5,saccade
10:25:27.5831,386.2,189.4,saccade
10:25:27.5836,386.0,190.3,saccade
10:25:27.5841,386.0,191.2,saccade
10:25:27.5846,386.1,191.8,saccade
10:25:27.5850,387.6,191.8,saccade
10:25:27.5855,390.8,192.1,saccade
10:25:27.586,394.2,192.9,saccade
10:25:27.5864,397.4,192.2,saccade
10:25:27.5869,399.4,191.3,saccade
10:25:27.5874,402.7,190.8,saccade
10:25:27.5878,405.7,191.6,saccade
10:25:27.5883,408.4,192.2,saccade
10:25:27.5888,411.1,192.0,saccade
10:25:27.5892,413.2,191.4,saccade
10:25:27.5897,415.5,190.2,saccade
10:25:27.5902,417.6,189.4,saccade
10:25:27.5907,419.4,189.0,saccade
10:25:27.5911,420.7,190.5,saccade
10:25:27.5916,420.6,191.9,saccade
10:25:27.5921,421.3,193.4,saccade
10:25:27.5925,422.3,193.6,saccade
10:25:27.593,423.4,193.1,saccade
10:25:27.5935,423.4,192.2,saccade
10:25:27.5939,422.9,189.4,saccade
10:25:27.5944,422.4,187.2,saccade
10:25:27.5949,422.3,188.8,fixation
10:25:27.5953,422.6,190.5,fixation
10:25:27.5958,423.0,190.3,fixation
10:25:27.5963,423.1,189.7,fixation
10:25:27.5967,422.9,189.1,fixation
10:25:27.5971,422.1,189.0,fixation
10:25:27.5976,421.4,189.6,fixation
10:25:27.5981,420.9,190.2,fixation
10:25:27.5985,420.7,190.3,fixation
10:25:27.599,420.3,190.1,fixation
10:25:27.5995,419.5,190.3,fixation
10:25:27.5999,418.7,191.0,fixation
10:25:27.6004,418.2,191.6,fixation
10:25:27.6009,418.3,191.4,fixation
10:25:27.6013,418.5,190.8,fixation
10:25:27.6017,418.7,190.3,fixation
10:25:27.6022,419.1,190.3,fixation
10:25:27.6027,419.6,191.0,fixation
10:25:27.6031,420.1,191.7,fixation
10:25:27.6036,420.2,192.3,fixation
10:25:27.6041,420.2,192.5,fixation
10:25:27.6045,420.2,192.7,fixation
10:25:27.605,421.2,193.0,fixation
10:25:27.6055,422.2,192.9,fixation
10:25:27.6059,423.1,192.9,fixation
10:25:27.6063,422.9,193.0,fixation
10:25:27.6068,421.9,192.9,fixation
10:25:27.6073,420.4,192.6,fixation
10:25:27.6077,419.1,192.4,fixation
10:25:27.6082,419.2,192.4,fixation
10:25:27.6087,419.7,192.1,fixation
10:25:27.6091,420.2,191.7,fixation
10:25:27.6096,419.6,191.0,fixation
10:25:27.6101,419.1,190.4,fixation
10:25:27.6105,418.4,190.6,fixation
10:25:27.6109,418.3,191.2,fixation
10:25:27.6114,418.3,192.1,fixation
10:25:27.6119,418.3,192.2,fixation
10:25:27.6123,418.3,192.6,fixation
10:25:27.6128,418.4,192.9,fixation
10:25:27.6133,418.4,193.2,fixation
10:25:27.6137,418.8,192.3,fixation
10:25:27.6142,419.2,191.3,fixation
10:25:27.6147,419.7,190.1,fixation
10:25:27.6151,419.9,189.8,fixation
10:25:27.6156,420.1,189.7,fixation
10:25:27.6161,420.1,189.9,fixation
10:25:27.6166,419.8,190.0,fixation
10:25:27.6170,419.5,189.9,fixation
10:25:27.6175,419.0,189.8,fixation
10:25:27.618,418.6,190.0,fixation
10:25:27.6184,418.9,190.4,fixation
10:25:27.6189,419.6,190.7,fixation
10:25:27.6194,420.9,190.6,fixation
10:25:27.6198,421.6,190.4,fixation
10:25:27.6203,422.1,189.2,fixation
10:25:27.6208,421.6,188.0,fixation
10:25:27.6212,421.0,187.3,fixation
10:25:27.6217,420.2,188.6,fixation
10:25:27.6222,419.6,191.2,fixation
10:25:27.6227,419.5,193.4,fixation
10:25:27.6231,419.9,194.1,fixation
10:25:27.6236,420.9,193.1,fixation
10:25:27.6241,421.5,192.0,fixation
10:25:27.6245,420.9,191.7,fixation
10:25:27.625,419.8,191.7,fixation
10:25:27.6255,418.9,191.8,fixation
10:25:27.6259,419.6,192.2,fixation
10:25:27.6264,420.2,192.6,fixation
10:25:27.6269,420.6,193.2,fixation
10:25:27.6273,420.2,193.8,fixation
10:25:27.6278,419.4,194.4,fixation
10:25:27.6283,418.8,194.6,fixation
10:25:27.6288,418.6,194.3,fixation
10:25:27.6292,418.8,194.0,fixation
10:25:27.6297,418.8,193.9,fixation
10:25:27.6302,418.9,194.1,fixation
10:25:27.6306,418.9,194.4,fixation
10:25:27.6311,418.6,194.7,fixation
10:25:27.6316,418.5,193.8,fixation
10:25:27.6320,418.4,192.7,fixation
10:25:27.6325,418.2,191.7,fixation
10:25:27.633,417.8,191.7,fixation
10:25:27.6334,418.2,192.0,fixation
10:25:27.6339,418.8,192.1,fixation
10:25:27.6344,419.5,192.0,fixation
10:25:27.6349,419.4,191.9,fixation
10:25:27.6353,419.6,191.8,fixation
10:25:27.6358,419.7,192.1,fixation
10:25:27.6363,419.7,192.4,fixation
10:25:27.6367,418.8,192.4,fixation
10:25:27.6372,418.4,192.7,fixation
10:25:27.6377,418.3,193.0,fixation
10:25:27.6381,418.3,193.4,fixation
10:25:27.6386,417.3,193.6,fixation
10:25:27.6391,416.3,193.7,fixation
10:25:27.6395,415.7,193.6,fixation
10:25:27.64,415.6,193.1,fixation
10:25:27.6405,416.4,192.4,fixation
10:25:27.641,417.3,192.0,fixation
10:25:27.6414,417.4,192.8,fixation
10:25:27.6419,416.6,193.7,fixation
10:25:27.6424,415.6,194.5,fixation
10:25:27.6428,415.5,194.2,fixation
10:25:27.6433,415.7,193.8,fixation
10:25:27.6438,415.9,194.0,fixation
10:25:27.6442,416.4,194.4,fixation
10:25:27.6447,416.9,194.9,fixation
10:25:27.6452,417.5,195.1,fixation
10:25:27.6456,417.3,195.5,fixation
10:25:27.6461,417.0,195.8,fixation
10:25:27.6466,416.8,196.1,fixation
10:25:27.6471,417.1,195.9,fixation
10:25:27.6475,417.2,195.6,fixation
10:25:27.648,417.3,194.3,fixation
10:25:27.6485,416.8,193.1,fixation
10:25:27.6489,416.2,192.1,fixation
10:25:27.6494,415.6,192.4,fixation
10:25:27.6499,416.3,192.7,fixation
10:25:27.6503,416.6,193.0,fixation
10:25:27.6508,416.9,192.9,fixation
10:25:27.6513,416.5,193.0,fixation
10:25:27.6517,416.5,193.1,fixation
10:25:27.6522,416.4,193.1,fixation
10:25:27.6527,416.4,192.9,fixation
10:25:27.6532,416.3,192.0,fixation
10:25:27.6536,416.3,191.3,fixation
10:25:27.6541,416.3,190.4,fixation
10:25:27.6546,416.3,189.9,fixation
10:25:27.6550,416.7,189.3,fixation
10:25:27.6555,417.0,188.8,fixation
10:25:27.656,417.3,188.6,fixation
10:25:27.6564,417.4,188.6,fixation
10:25:27.6569,417.5,188.8,fixation
10:25:27.6574,418.6,189.5,fixation
10:25:27.6578,419.6,190.4,fixation
10:25:27.6583,420.4,191.4,fixation
10:25:27.6588,420.2,191.9,fixation
10:25:27.6592,420.0,192.2,fixation
10:25:27.6596,420.1,192.5,fixation
10:25:27.6601,420.6,192.8,fixation
10:25:27.6606,420.7,192.6,fixation
10:25:27.6610,420.0,191.9,fixation
10:25:27.6615,419.1,191.1,fixation
10:25:27.662,418.8,190.5,fixation
10:25:27.6624,419.1,189.9,fixation
10:25:27.6629,419.9,189.4,fixation
10:25:27.6634,420.6,189.9,fixation
10:25:27.6638,421.0,191.2,fixation
10:25:27.6642,421.0,192.1,fixation
10:25:27.6647,421.0,192.3,fixation
10:25:27.6652,420.1,192.0,fixation
10:25:27.6656,419.2,191.8,fixation
10:25:27.6661,418.3,192.2,fixation
10:25:27.6666,418.0,192.7,fixation
10:25:27.6670,417.4,193.3,fixation
10:25:27.6675,416.8,193.4,fixation
10:25:27.668,416.5,193.4,fixation
10:25:27.6684,416.8,192.6,fixation
10:25:27.6688,417.2,191.8,fixation
10:25:27.6693,417.5,191.2,fixation
10:25:27.6698,417.5,191.6,fixation
10:25:27.6702,417.4,191.8,fixation
10:25:27.6707,417.3,191.7,fixation
10:25:27.6712,417.7,193.0,fixation
10:25:27.6716,418.0,194.4,fixation
10:25:27.6721,418.3,195.6,fixation
10:25:27.6726,418.4,194.0,fixation
10:25:27.6730,418.0,192.6,fixation
10:25:27.6734,417.1,191.1,fixation
10:25:27.6739,416.2,190.9,fixation
10:25:27.6744,415.9,191.9,fixation
10:25:27.6748,415.9,193.2,fixation
10:25:27.6753,415.9,194.7,fixation
10:25:27.6758,416.2,195.1,fixation
10:25:27.6762,416.6,194.4,fixation
10:25:27.6767,416.9,193.9,fixation
10:25:27.6772,417.1,193.2,fixation
10:25:27.6776,417.4,193.4,fixation
10:25:27.6781,417.3,194.0,fixation
10:25:27.6786,416.2,194.6,fixation
10:25:27.6791,415.2,195.2,fixation
10:25:27.6795,415.1,195.0,fixation
10:25:27.68,416.6,195.0,fixation
10:25:27.6805,418.1,194.7,fixation
10:25:27.6809,418.7,194.6,fixation
10:25:27.6814,418.2,194.4,fixation
10:25:27.6819,417.7,194.5,fixation
10:25:27.6823,417.1,194.7,fixation
10:25:27.6828,416.4,195.3,fixation
10:25:27.6833,416.3,196.2,fixation
10:25:27.6837,416.8,197.0,fixation
10:25:27.6842,417.0,196.0,fixation
10:25:27.6847,416.7,194.8,fixation
10:25:27.6852,417.1,193.3,fixation
10:25:27.6856,417.7,193.0,fixation
10:25:27.6861,417.6,192.8,fixation
10:25:27.6866,416.8,192.9,fixation
10:25:27.6870,415.9,192.5,fixation
10:25:27.6875,416.0,192.0,fixation
10:25:27.688,416.1,192.3,fixation
10:25:27.6884,416.1,193.1,fixation
10:25:27.6889,416.1,193.8,fixation
10:25:27.6894,416.5,193.9,fixation
10:25:27.6898,417.0,193.7,fixation
10:25:27.6903,417.4,193.6,fixation
10:25:27.6908,417.3,193.4,fixation
10:25:27.6913,417.1,193.5,fixation
10:25:27.6917,416.9,193.6,fixation
10:25:27.6922,417.0,193.1,fixation
10:25:27.6927,417.2,192.7,fixation
10:25:27.6931,417.2,192.5,fixation
10:25:27.6936,416.8,193.1,fixation
10:25:27.6941,416.7,193.3,fixation
10:25:27.6945,416.8,193.4,fixation
10:25:27.695,417.0,193.8,fixation
10:25:27.6955,417.0,194.2,fixation
10:25:27.6959,417.0,194.3,fixation
10:25:27.6964,417.1,193.8,fixation
10:25:27.6969,417.2,193.4,fixation
10:25:27.6974,417.4,193.2,fixation
10:25:27.6978,417.6,193.0,fixation
10:25:27.6983,417.8,192.7,fixation
10:25:27.6988,417.8,192.6,fixation
10:25:27.6992,417.8,193.1,fixation
10:25:27.6997,417.3,194.3,fixation
10:25:27.7002,416.9,195.5,fixation
10:25:27.7006,416.6,195.9,fixation
10:25:27.7011,416.7,195.8,fixation
10:25:27.7016,416.9,195.6,fixation
10:25:27.7020,416.9,195.5,fixation
10:25:27.7025,416.8,194.9,fixation
10:25:27.703,416.6,194.3,fixation
10:25:27.7035,416.6,193.7,fixation
10:25:27.7039,416.8,193.8,fixation
10:25:27.7044,416.9,194.3,fixation
10:25:27.7049,416.8,194.7,fixation
10:25:27.7053,416.7,194.4,fixation
10:25:27.7058,416.7,193.7,fixation
10:25:27.7063,416.7,193.0,fixation
10:25:27.7067,416.8,192.2,fixation
10:25:27.7072,417.0,191.8,fixation
10:25:27.7077,417.0,191.6,fixation
10:25:27.7081,416.9,192.2,fixation
10:25:27.7086,416.9,193.0,fixation
10:25:27.7091,417.8,193.6,fixation
10:25:27.7096,418.8,193.4,fixation
10:25:27.7100,419.1,192.9,fixation
10:25:27.7105,418.7,192.4,fixation
10:25:27.711,418.1,192.8,fixation
10:25:27.7114,417.9,193.6,fixation
10:25:27.7119,417.8,194.3,fixation
10:25:27.7124,417.9,194.7,fixation
10:25:27.7128,419.2,195.0,fixation
10:25:27.7133,420.5,194.3,fixation
10:25:27.7138,421.5,193.4,fixation
10:25:27.7142,421.0,192.6,fixation
10:25:27.7147,419.8,192.8,fixation
10:25:27.7152,418.7,193.0,fixation
10:25:27.7157,416.7,193.3,fixation
10:25:27.7161,415.3,193.5,fixation
10:25:27.7166,414.3,193.7,fixation
10:25:27.7171,414.9,194.1,fixation
10:25:27.7175,416.1,194.6,fixation
10:25:27.718,417.0,195.1,fixation
10:25:27.7185,417.7,195.2,fixation
10:25:27.7189,417.8,194.2,fixation
10:25:27.7194,418.0,193.2,fixation
10:25:27.7199,418.1,191.7,fixation
10:25:27.7203,418.2,191.2,fixation
10:25:27.7208,418.1,191.3,fixation
10:25:27.7213,417.9,191.9,fixation
10:25:27.7217,417.8,192.6,fixation
10:25:27.7221,417.2,192.7,fixation
10:25:27.7226,416.6,192.7,fixation
10:25:27.7231,416.3,192.6,fixation
10:25:27.7235,416.6,192.3,fixation
10:25:27.724,416.9,192.0,fixation
10:25:27.7245,416.9,191.9,fixation
10:25:27.7249,416.9,192.6,fixation
10:25:27.7254,417.2,193.3,fixation
10:25:27.7259,417.4,193.7,fixation
10:25:27.7263,417.8,193.3,fixation
10:25:27.7267,417.8,192.0,fixation
10:25:27.7272,417.7,190.7,fixation
10:25:27.7277,417.2,190.0,fixation
10:25:27.7281,416.5,190.5,fixation
10:25:27.7286,416.0,192.2,fixation
10:25:27.7291,416.4,193.8,fixation
10:25:27.7295,417.1,195.2,fixation
10:25:27.73,417.9,194.3,fixation
10:25:27.7305,418.0,193.3,fixation
10:25:27.7309,419.2,192.1,fixation
10:25:27.7313,420.2,192.0,fixation
10:25:27.7318,420.9,191.7,fixation
10:25:27.7323,418.7,191.4,fixation
10:25:27.7327,416.4,192.0,fixation
10:25:27.7332,414.6,192.8,fixation
10:25:27.7337,415.6,193.7,fixation
10:25:27.7341,416.9,193.5,fixation
10:25:27.7346,417.2,193.3,fixation
10:25:27.7351,416.3,193.0,fixation
10:25:27.7355,416.5,193.0,fixation
10:25:27.7359,417.6,193.2,fixation
10:25:27.7364,418.7,193.4,fixation
10:25:27.7369,419.0,192.3,fixation
10:25:27.7373,419.2,191.1,fixation
10:25:27.7378,419.7,190.2,fixation
10:25:27.7383,420.3,190.8,fixation
10:25:27.7387,420.8,192.1,fixation
10:25:27.7392,420.7,193.1,fixation
10:25:27.7397,420.1,193.4,fixation
10:25:27.7401,419.4,193.1,fixation
10:25:27.7406,418.4,192.8,fixation
10:25:27.7411,417.6,193.4,fixation
10:25:27.7416,417.5,194.0,fixation
10:25:27.7420,417.7,194.6,fixation
10:25:27.7425,417.9,194.5,fixation
10:25:27.743,417.9,194.2,fixation
10:25:27.7434,418.4,194.0,fixation
10:25:27.7439,418.9,193.9,fixation
10:25:27.7444,419.1,193.9,fixation
10:25:27.7448,419.2,194.1,fixation
10:25:27.7453,419.2,194.2,fixation
10:25:27.7458,419.1,194.3,fixation
10:25:27.7462,419.0,194.4,fixation
10:25:27.7467,419.9,193.8,fixation
10:25:27.7472,420.8,193.3,fixation
10:25:27.7477,421.7,192.8,fixation
10:25:27.7481,421.8,192.9,fixation
10:25:27.7486,421.9,193.0,fixation
10:25:27.7491,421.5,192.9,fixation
10:25:27.7495,421.0,192.9,fixation
10:25:27.75,420.1,194.1,fixation
10:25:27.7505,419.7,195.5,fixation
10:25:27.7509,419.3,196.8,fixation
10:25:27.7514,418.8,196.9,fixation
10:25:27.7519,418.6,196.9,fixation
10:25:27.7523,418.4,195.1,fixation
10:25:27.7528,418.7,193.2,fixation
10:25:27.7533,418.7,192.1,fixation
10:25:27.7538,418.6,193.5,fixation
10:25:27.7542,419.1,195.0,fixation
10:25:27.7547,419.6,195.7,fixation
10:25:27.7552,420.4,195.6,fixation
10:25:27.7556,420.5,195.4,fixation
10:25:27.7561,420.7,195.2,fixation
10:25:27.7566,420.8,195.1,fixation
10:25:27.7570,420.4,195.1,fixation
10:25:27.7575,419.9,195.3,fixation
10:25:27.758,419.5,195.4,fixation
10:25:27.7584,419.9,196.0,fixation
10:25:27.7589,420.0,196.7,fixation
10:25:27.7594,420.1,197.3,fixation
10:25:27.7599,419.6,197.5,fixation
10:25:27.7603,419.2,197.7,fixation
10:25:27.7608,418.9,197.5,fixation
10:25:27.7613,418.4,196.8,fixation
10:25:27.7617,418.0,196.1,fixation
10:25:27.7622,417.5,196.0,fixation
10:25:27.7627,417.6,196.3,fixation
10:25:27.7631,418.2,196.6,fixation
10:25:27.7636,419.3,196.1,fixation
10:25:27.7641,420.1,195.4,fixation
10:25:27.7645,419.9,194.8,fixation
10:25:27.765,419.4,194.2,fixation
10:25:27.7655,419.0,193.7,fixation
10:25:27.766,419.3,192.3,fixation
10:25:27.7664,419.5,191.5,fixation
10:25:27.7669,419.4,193.7,fixation
10:25:27.7674,419.0,196.6,fixation
10:25:27.7678,418.7,199.3,fixation
10:25:27.7683,418.6,199.2,fixation
10:25:27.7688,419.7,199.1,fixation
10:25:27.7692,420.5,199.1,fixation
10:25:27.7697,421.2,197.8,fixation
10:25:27.7702,421.0,196.2,fixation
10:25:27.7706,420.9,194.7,fixation
10:25:27.7711,421.0,194.9,fixation
10:25:27.7716,421.1,195.4,fixation
10:25:27.7721,422.5,195.6,fixation
10:25:27.7725,423.9,195.6,fixation
10:25:27.773,424.6,195.2,fixation
10:25:27.7735,423.5,197.0,fixation
10:25:27.7739,422.4,198.6,fixation
10:25:27.7744,421.7,200.0,fixation
10:25:27.7749,421.5,199.5,fixation
10:25:27.7753,421.0,199.4,fixation
10:25:27.7758,420.6,199.5,fixation
10:25:27.7763,421.1,199.7,fixation
10:25:27.7767,421.6,201.9,fixation
10:25:27.7772,422.1,204.1,fixation
10:25:27.7777,422.0,206.3,fixation
10:25:27.7782,422.1,207.4,fixation
10:25:27.7786,422.0,208.4,fixation
10:25:27.7791,421.5,209.8,fixation
10:25:27.7796,420.2,210.0,fixation
10:25:27.7800,419.0,210.3,fixation
10:25:27.7805,420.8,210.4,fixation
10:25:27.781,423.3,211.8,fixation
10:25:27.7814,423.9,213.0,fixation
10:25:27.7819,422.0,213.9,fixation
10:25:27.7824,420.7,214.8,fixation
10:25:27.7828,421.3,216.1,fixation
10:25:27.7833,422.1,217.4,fixation
10:25:27.7838,422.3,217.6,fixation
10:25:27.7842,422.5,217.6,fixation
10:25:27.7846,422.2,217.8,fixation
10:25:27.7851,421.8,218.5,fixation
10:25:27.7856,423.4,220.3,fixation
10:25:27.7860,425.5,222.0,fixation
10:25:27.7865,427.3,223.3,saccade
10:25:27.787,425.9,223.7,saccade
10:25:27.7874,424.6,224.2,saccade
10:25:27.7879,423.3,224.9,saccade
10:25:27.7884,423.3,225.2,saccade
10:25:27.7888,423.3,225.6,saccade
10:25:27.7892,424.1,226.2,saccade
10:25:27.7897,424.9,227.6,saccade
10:25:27.7902,425.9,228.9,saccade
10:25:27.7906,425.9,231.1,saccade
10:25:27.7911,425.8,233.2,saccade
10:25:27.7916,425.6,235.3,saccade
10:25:27.7920,425.5,236.1,saccade
10:25:27.7925,425.3,236.8,saccade
10:25:27.793,425.0,239.7,saccade
10:25:27.7934,424.4,242.8,saccade
10:25:27.7938,422.5,247.3,saccade
10:25:27.7943,420.6,251.5,saccade
10:25:27.7948,418.2,258.9,saccade
10:25:27.7952,416.7,268.1,saccade
10:25:27.7957,415.6,275.4,saccade
10:25:27.7962,415.9,287.4,saccade
10:25:27.7966,416.1,300.0,saccade
10:25:27.7971,415.1,326.7,saccade
10:25:27.7976,413.2,349.4,saccade
10:25:27.7980,411.9,384.7,saccade
10:25:27.7984,411.5,406.9,saccade
10:25:27.7989,410.2,441.7,saccade
10:25:27.7994,410.7,473.1,saccade
10:25:27.7998,406.9,548.7,saccade
10:25:27.8003,403.5,606.7,saccade
10:25:27.8008,399.3,684.4,saccade
10:25:27.8012,400.1,717.0,saccade
10:25:27.8017,371.8,771.3,saccade
10:25:27.8022,.,.,blink
10:25:27.8026,.,.,blink
10:25:27.8031,.,.,blink
10:25:27.8036,.,.,blink
10:25:27.8041,.,.,blink
10:25:27.8045,.,.,blink
10:25:27.805,.,.,blink
10:25:27.8055,.,.,blink
10:25:27.8059,.,.,blink
10:25:27.8064,.,.,blink
10:25:27.8069,.,.,blink
10:25:27.8073,.,.,blink
10:25:27.8078,.,.,blink
10:25:27.8083,.,.,blink
10:25:27.8087,.,.,blink
10:25:27.8092,.,.,blink
10:25:27.8097,.,.,blink
10:25:27.8102,.,.,blink
10:25:27.8106,.,.,blink
10:25:27.8111,.,.,blink
10:25:27.8116,.,.,blink
10:25:27.8120,.,.,blink
10:25:27.8125,.,.,blink
10:25:27.813,.,.,blink
10:25:27.8134,.,.,blink
10:25:27.8139,.,.,blink
10:25:27.8144,.,.,blink
10:25:27.8148,.,.,blink
10:25:27.8153,.,.,blink
10:25:27.8158,.,.,blink
10:25:27.8163,.,.,blink
10:25:27.8167,.,.,blink
10:25:27.8172,.,.,blink
10:25:27.8177,.,.,blink
10:25:27.8181,.,.,blink
10:25:27.8186,.,.,blink
10:25:27.8191,.,.,blink
10:25:27.8195,.,.,blink
10:25:27.82,.,.,blink
10:25:27.8205,.,.,blink
10:25:27.8209,.,.,blink
10:25:27.8214,.,.,blink
10:25:27.8219,.,.,blink
10:25:27.8224,.,.,blink
10:25:27.8228,.,.,blink
10:25:27.8233,.,.,blink
10:25:27.8238,.,.,blink
10:25:27.8242,.,.,blink
10:25:27.8247,.,.,blink
10:25:27.8252,.,.,blink
10:25:27.8256,.,.,blink
10:25:27.8261,.,.,blink
10:25:27.8266,.,.,blink
10:25:27.8270,.,.,blink
10:25:27.8275,.,.,blink
10:25:27.828,.,.,blink
10:25:27.8285,.,.,blink
10:25:27.8289,.,.,blink
10:25:27.8294,.,.,blink
10:25:27.8299,.,.,blink
10:25:27.8303,.,.,blink
10:25:27.8308,.,.,blink
10:25:27.8313,.,.,blink
10:25:27.8317,.,.,blink
10:25:27.8322,.,.,blink
10:25:27.8327,.,.,blink
10:25:27.8331,.,.,blink
10:25:27.8336,.,.,blink
10:25:27.8341,.,.,blink
10:25:27.8346,.,.,blink
10:25:27.8350,.,.,blink
10:25:27.8355,.,.,blink
10:25:27.836,.,.,blink
10:25:27.8364,.,.,blink
10:25:27.8369,.,.,blink
10:25:27.8374,.,.,blink
10:25:27.8378,.,.,blink
10:25:27.8383,.,.,blink
10:25:27.8388,.,.,blink
10:25:27.8392,.,.,blink
10:25:27.8397,.,.,blink
10:25:27.8402,.,.,blink
10:25:27.8407,.,.,blink
10:25:27.8411,.,.,blink
10:25:27.8416,.,.,blink
10:25:27.8421,.,.,blink
10:25:27.8425,.,.,blink
10:25:27.843,.,.,blink
10:25:27.8435,.,.,blink
10:25:27.8439,.,.,blink
10:25:27.8444,.,.,blink
10:25:27.8449,.,.,blink
10:25:27.8453,.,.,blink
10:25:27.8458,.,.,blink
10:25:27.8463,.,.,blink
10:25:27.8467,.,.,blink
10:25:27.8471,.,.,blink
10:25:27.8476,.,.,blink
10:25:27.8481,.,.,blink
10:25:27.8485,.,.,blink
10:25:27.849,.,.,blink
10:25:27.8495,.,.,blink
10:25:27.8499,.,.,blink
10:25:27.8504,.,.,blink
10:25:27.8509,.,.,blink
10:25:27.8513,.,.,blink
10:25:27.8517,.,.,blink
10:25:27.8522,.,.,blink
10:25:27.8527,.,.,blink
10:25:27.8531,.,.,blink
10:25:27.8536,.,.,blink
10:25:27.8541,.,.,blink
10:25:27.8545,.,.,blink
10:25:27.855,.,.,blink
10:25:27.8555,.,.,blink
10:25:27.8559,.,.,blink
10:25:27.8563,.,.,blink
10:25:27.8568,.,.,blink
10:25:27.8573,.,.,blink
10:25:27.8577,.,.,blink
10:25:27.8582,.,.,blink
10:25:27.8587,.,.,blink
10:25:27.8591,.,.,blink
10:25:27.8596,.,.,blink
10:25:27.8601,.,.,blink
10:25:27.8605,.,.,blink
10:25:27.8609,.,.,blink
10:25:27.8614,.,.,blink
10:25:27.8619,.,.,blink
10:25:27.8623,.,.,blink
10:25:27.8628,.,.,blink
10:25:27.8633,.,.,blink
10:25:27.8637,.,.,blink
10:25:27.8642,.,.,blink
10:25:27.8647,.,.,blink
10:25:27.8651,.,.,blink
10:25:27.8656,.,.,blink
10:25:27.8661,.,.,blink
10:25:27.8666,.,.,blink
10:25:27.8670,.,.,blink
10:25:27.8675,.,.,blink
10:25:27.868,.,.,blink
10:25:27.8684,.,.,blink
10:25:27.8689,.,.,blink
10:25:27.8694,.,.,blink
10:25:27.8698,.,.,blink
10:25:27.8703,.,.,blink
10:25:27.8708,.,.,blink
10:25:27.8712,.,.,blink
10:25:27.8717,408.2,228.5,fixation
10:25:27.8722,408.1,225.9,fixation
10:25:27.8727,408.1,223.1,fixation
10:25:27.8731,408.1,222.1,fixation
10:25:27.8736,408.0,221.9,fixation
10:25:27.8741,407.9,221.5,fixation
10:25:27.8745,407.4,221.1,fixation
10:25:27.875,407.2,220.6,fixation
10:25:27.8755,407.0,220.8,fixation
10:25:27.8759,407.5,221.0,fixation
10:25:27.8764,408.1,217.9,fixation
10:25:27.8769,408.5,214.5,fixation
10:25:27.8773,408.3,211.1,fixation
10:25:27.8778,407.8,210.9,fixation
10:25:27.8783,407.4,210.9,fixation
10:25:27.8788,407.4,210.9,fixation
10:25:27.8792,406.9,210.5,fixation
10:25:27.8797,406.4,209.6,fixation
10:25:27.8802,405.9,208.7,fixation
10:25:27.8806,406.0,208.3,fixation
10:25:27.8811,406.0,208.4,fixation
10:25:27.8816,406.0,208.5,fixation
10:25:27.8820,406.0,206.6,fixation
10:25:27.8825,406.1,204.9,fixation
10:25:27.883,406.1,203.1,fixation
10:25:27.8834,406.2,203.3,fixation
10:25:27.8839,406.5,202.9,fixation
10:25:27.8844,406.7,203.0,fixation
10:25:27.8849,406.8,203.2,fixation
10:25:27.8853,407.0,202.3,fixation
10:25:27.8858,407.4,199.7,fixation
10:25:27.8863,407.8,197.1,fixation
10:25:27.8867,408.4,196.2,fixation
10:25:27.8872,409.4,197.6,fixation
10:25:27.8877,410.5,199.0,fixation
10:25:27.8881,411.0,201.8,fixation
10:25:27.8886,411.1,203.8,fixation
10:25:27.8891,410.9,205.8,fixation
10:25:27.8895,410.7,205.9,fixation
10:25:27.89,410.5,205.9,fixation
10:25:27.8905,410.3,206.6,fixation
10:25:27.891,410.3,207.3,fixation
10:25:27.8914,410.6,207.6,fixation
10:25:27.8919,410.9,207.1,fixation
10:25:27.8924,410.9,206.9,fixation
10:25:27.8928,409.9,208.0,fixation
10:25:27.8933,409.0,209.1,fixation
10:25:27.8938,408.3,210.5,fixation
10:25:27.8942,408.5,211.6,fixation
10:25:27.8947,408.7,212.8,fixation
10:25:27.8952,408.7,213.5,fixation
10:25:27.8956,408.5,213.6,fixation
10:25:27.8961,409.5,213.7,fixation
10:25:27.8966,410.7,213.6,fixation
10:25:27.8971,411.1,212.2,fixation
10:25:27.8975,410.6,210.9,fixation
10:25:27.898,410.0,211.7,fixation
10:25:27.8985,410.2,213.6,fixation
10:25:27.8989,410.1,214.0,fixation
10:25:27.8994,408.8,212.3,fixation
10:25:27.8999,407.4,210.6,fixation
10:25:27.9003,406.0,210.4,fixation
10:25:27.9008,406.0,212.3,fixation
10:25:27.9013,406.0,214.1,fixation
10:25:27.9017,406.0,214.9,fixation
10:25:27.9022,405.9,213.7,fixation
10:25:27.9027,405.6,212.5,fixation
10:25:27.9032,405.3,212.8,fixation
10:25:27.9036,405.1,213.3,fixation
10:25:27.9041,405.1,213.9,fixation
10:25:27.9046,405.2,213.9,fixation
10:25:27.9050,405.5,213.7,fixation
10:25:27.9055,405.9,213.2,fixation
10:25:27.906,406.6,212.8,fixation
10:25:27.9064,407.1,213.2,fixation
10:25:27.9069,407.5,213.9,fixation
10:25:27.9074,407.5,214.5,fixation
10:25:27.9078,407.5,213.4,fixation
10:25:27.9083,407.5,212.4,fixation
10:25:27.9088,407.3,212.1,fixation
10:25:27.9092,407.0,212.7,fixation
10:25:27.9096,406.8,213.1,fixation
10:25:27.9101,407.5,212.8,fixation
10:25:27.9106,408.1,212.6,fixation
10:25:27.9110,408.5,212.5,fixation
10:25:27.9115,408.2,211.8,fixation
10:25:27.912,408.0,211.1,fixation
10:25:27.9124,408.0,210.2,fixation
10:25:27.9129,408.0,209.9,fixation
10:25:27.9134,407.5,209.7,fixation
10:25:27.9138,407.1,209.9,fixation
10:25:27.9142,406.7,211.1,fixation
10:25:27.9147,406.9,211.5,fixation
10:25:27.9152,407.2,210.9,fixation
10:25:27.9156,407.4,209.4,fixation
10:25:27.9161,407.3,209.7,fixation
10:25:27.9166,407.6,212.0,fixation
10:25:27.9170,407.6,214.2,fixation
10:25:27.9175,407.8,214.6,fixation
10:25:27.918,407.5,213.8,fixation
10:25:27.9184,408.0,212.9,fixation
10:25:27.9188,408.5,212.7,fixation
10:25:27.9193,409.0,212.5,fixation
10:25:27.9198,408.2,212.4,fixation
10:25:27.9202,407.3,213.2,fixation
10:25:27.9207,406.5,214.0,fixation
10:25:27.9212,406.5,214.5,fixation
10:25:27.9216,406.7,214.1,fixation
10:25:27.9221,406.8,213.8,fixation
10:25:27.9226,406.9,213.9,fixation
10:25:27.9230,406.9,214.0,fixation
10:25:27.9234,407.0,213.1,fixation
10:25:27.9239,407.6,212.1,fixation
10:25:27.9244,408.2,212.0,fixation
10:25:27.9248,408.8,213.0,fixation
10:25:27.9253,408.7,213.9,fixation
10:25:27.9258,408.6,213.3,fixation
10:25:27.9262,408.3,212.8,fixation
10:25:27.9267,408.1,212.3,fixation
10:25:27.9272,407.6,212.3,fixation
10:25:27.9276,407.1,212.2,fixation
10:25:27.9281,406.6,212.1,fixation
10:25:27.9286,406.5,212.3,fixation
10:25:27.9291,406.4,212.5,fixation
10:25:27.9295,407.1,212.8,fixation
10:25:27.93,408.0,213.0,fixation
10:25:27.9305,408.5,213.2,fixation
10:25:27.9309,408.1,213.3,fixation
10:25:27.9314,407.8,211.8,fixation
10:25:27.9319,407.5,210.2,fixation
10:25:27.9323,407.3,208.8,fixation
10:25:27.9328,407.1,209.7,fixation
10:25:27.9333,407.1,210.7,fixation
10:25:27.9337,407.1,212.1,fixation
10:25:27.9342,407.4,212.7,fixation
10:25:27.9347,407.6,212.7,fixation
10:25:27.9352,407.6,211.9,fixation
10:25:27.9356,407.3,210.8,fixation
10:25:27.9361,407.0,210.3,fixation
10:25:27.9366,406.2,210.0,fixation
10:25:27.9370,405.5,210.0,fixation
10:25:27.9375,404.9,209.9,fixation
10:25:27.938,405.3,209.9,fixation
10:25:27.9384,406.0,209.8,fixation
10:25:27.9389,406.4,210.0,fixation
10:25:27.9394,406.8,209.6,fixation
10:25:27.9398,407.1,209.1,fixation
10:25:27.9403,407.4,208.6,fixation
10:25:27.9408,407.5,208.3,fixation
10:25:27.9413,407.5,208.0,fixation
10:25:27.9417,406.6,208.4,fixation
10:25:27.9422,405.6,209.2,fixation
10:25:27.9427,405.1,209.6,fixation
10:25:27.9431,405.5,209.5,fixation
10:25:27.9436,405.9,209.6,fixation
10:25:27.9441,405.9,210.0,fixation
10:25:27.9445,406.0,210.3,fixation
10:25:27.945,406.0,210.1,fixation
10:25:27.9455,406.2,209.9,fixation
10:25:27.9459,406.6,209.3,fixation
10:25:27.9464,407.0,208.9,fixation
10:25:27.9469,407.6,208.5,fixation
10:25:27.9474,408.0,208.8,fixation
10:25:27.9478,407.7,209.1,fixation
10:25:27.9483,407.0,209.5,fixation
10:25:27.9488,406.5,209.5,fixation
10:25:27.9492,406.6,209.6,fixation
10:25:27.9497,407.1,209.5,fixation
10:25:27.9502,407.8,209.5,fixation
10:25:27.9506,408.6,209.4,fixation
10:25:27.9511,408.8,209.3,fixation
10:25:27.9516,408.4,209.6,fixation
10:25:27.9520,407.9,210.5,fixation
10:25:27.9525,407.5,212.1,fixation
10:25:27.953,407.5,213.2,fixation
10:25:27.9535,407.6,212.9,fixation
10:25:27.9539,407.7,211.9,fixation
10:25:27.9544,407.6,210.7,fixation
10:25:27.9549,406.3,210.3,fixation
10:25:27.9553,404.7,209.7,fixation
10:25:27.9558,403.2,209.4,fixation
10:25:27.9563,403.3,209.1,fixation
10:25:27.9567,404.6,208.9,fixation
10:25:27.9572,405.9,208.8,fixation
10:25:27.9577,407.1,209.8,fixation
10:25:27.9581,407.5,210.9,fixation
10:25:27.9586,407.9,211.5,fixation
10:25:27.9591,407.9,211.5,fixation
10:25:27.9596,407.9,211.5,fixation
10:25:27.9600,408.0,211.6,fixation
10:25:27.9605,408.2,211.2,fixation
10:25:27.961,407.8,211.0,fixation
10:25:27.9614,407.0,211.0,fixation
10:25:27.9619,405.6,211.6,fixation
10:25:27.9624,404.5,212.0,fixation
10:25:27.9628,404.6,211.4,fixation
10:25:27.9633,405.4,210.5,fixation
10:25:27.9638,406.3,209.6,fixation
10:25:27.9642,406.4,209.7,fixation
10:25:27.9647,406.6,209.8,fixation
10:25:27.9652,406.5,209.9,fixation
10:25:27.9657,406.4,209.9,fixation
10:25:27.9661,406.4,208.7,fixation
10:25:27.9666,406.5,207.4,fixation
10:25:27.9671,406.6,206.4,fixation
10:25:27.9675,406.5,206.6,fixation
10:25:27.968,406.2,206.9,fixation
10:25:27.9685,405.8,207.1,fixation
10:25:27.9689,405.5,207.4,fixation
10:25:27.9694,405.3,207.4,fixation
10:25:27.9699,405.0,207.2,fixation
10:25:27.9703,404.7,206.8,fixation
10:25:27.9708,405.0,206.7,fixation
10:25:27.9713,405.4,206.7,fixation
10:25:27.9717,405.8,206.7,fixation
10:25:27.9721,406.0,206.7,fixation
10:25:27.9726,406.0,206.7,fixation
10:25:27.9731,406.1,207.8,fixation
10:25:27.9735,405.8,208.9,fixation
10:25:27.974,405.5,209.6,fixation
10:25:27.9745,405.1,208.9,fixation
10:25:27.9749,405.0,208.4,fixation
10:25:27.9754,404.7,208.5,fixation
10:25:27.9759,404.3,209.0,fixation
10:25:27.9763,405.3,210.2,fixation
10:25:27.9767,406.5,211.1,fixation
10:25:27.9772,407.3,211.2,fixation
10:25:27.9777,406.9,210.6,fixation
10:25:27.9781,406.4,209.9,fixation
10:25:27.9786,406.4,209.7,fixation
10:25:27.9791,406.4,209.6,fixation
10:25:27.9795,406.6,209.5,fixation
10:25:27.98,406.8,209.3,fixation
10:25:27.9805,406.9,209.0,fixation
10:25:27.9809,407.0,208.6,fixation
10:25:27.9813,407.1,208.3,fixation
10:25:27.9818,406.7,208.2,fixation
10:25:27.9823,406.1,208.1,fixation
10:25:27.9827,406.8,209.6,fixation
10:25:27.9832,408.1,211.0,fixation
10:25:27.9837,408.3,211.0,fixation
10:25:27.9841,407.4,209.4,fixation
10:25:27.9846,406.6,207.9,fixation
10:25:27.9851,407.0,208.0,fixation
10:25:27.9855,407.5,207.8,fixation
10:25:27.9859,408.2,207.7,fixation
10:25:27.9864,408.9,207.6,fixation
10:25:27.9869,408.9,207.4,fixation
10:25:27.9873,408.5,207.0,fixation
10:25:27.9878,407.1,206.5,fixation
10:25:27.9883,406.0,206.3,fixation
10:25:27.9887,405.3,206.3,fixation
10:25:27.9892,405.8,206.3,fixation
10:25:27.9897,406.0,206.2,fixation
10:25:27.9901,406.1,206.0,fixation
10:25:27.9906,405.8,206.7,fixation
10:25:27.9911,407.0,207.7,fixation
10:25:27.9916,408.1,207.8,fixation
10:25:27.9920,409.1,207.4,fixation
10:25:27.9925,408.9,206.9,fixation
10:25:27.993,409.1,207.4,fixation
10:25:27.9934,410.3,207.5,fixation
10:25:27.9939,411.6,207.6,fixation
10:25:27.9944,412.8,207.8,fixation
10:25:27.9948,413.2,207.9,fixation
10:25:27.9953,412.1,208.6,fixation
10:25:27.9958,410.9,209.2,fixation
10:25:27.9962,409.9,209.9,fixation
10:25:27.9967,410.4,209.3,fixation
10:25:27.9972,411.0,208.7,fixation
10:25:27.9977,411.0,207.8,fixation
10:25:27.9981,410.7,207.4,fixation
10:25:27.9986,410.4,207.1,fixation
10:25:27.9991,410.3,207.2,fixation
10:25:27.9995,410.3,207.2,fixation
10:25:28.,410.3,207.2,fixation
10:25:28.0005,410.3,206.8,fixation
10:25:28.0009,410.2,206.4,fixation
10:25:28.0014,410.0,205.9,fixation
10:25:28.0019,409.2,205.6,fixation
10:25:28.0023,408.5,205.8,fixation
10:25:28.0028,407.9,206.4,fixation
10:25:28.0033,408.2,207.0,fixation
10:25:28.0038,408.7,206.0,fixation
10:25:28.0042,409.4,204.8,fixation
10:25:28.0047,409.7,205.3,fixation
10:25:28.0052,409.8,207.1,fixation
10:25:28.0056,409.6,208.7,fixation
10:25:28.0061,409.1,208.3,fixation
10:25:28.0066,408.0,206.1,fixation
10:25:28.0070,407.2,204.1,fixation
10:25:28.0075,406.6,203.5,fixation
10:25:28.008,406.6,204.9,fixation
10:25:28.0084,407.4,206.4,fixation
10:25:28.0089,408.4,206.7,fixation
10:25:28.0094,409.6,206.8,fixation
10:25:28.0099,410.0,206.8,fixation
10:25:28.0103,410.2,207.0,fixation
10:25:28.0108,410.2,207.1,fixation
10:25:28.0113,409.0,207.2,fixation
10:25:28.0117,407.9,206.9,fixation
10:25:28.0122,408.2,206.8,fixation
10:25:28.0127,409.7,206.8,fixation
10:25:28.0131,410.7,206.9,fixation
10:25:28.0136,410.1,207.2,fixation
10:25:28.0141,409.9,207.4,fixation
10:25:28.0145,410.4,206.9,fixation
10:25:28.015,411.0,206.1,fixation
10:25:28.0155,411.6,205.6,fixation
10:25:28.016,412.0,206.1,fixation
10:25:28.0164,412.3,206.8,fixation
10:25:28.0169,412.4,206.9,fixation
10:25:28.0174,413.7,206.8,fixation
10:25:28.0178,414.9,207.0,fixation
10:25:28.0183,415.9,207.5,fixation
10:25:28.0188,415.4,208.1,fixation
10:25:28.0192,414.1,208.3,fixation
10:25:28.0197,412.9,208.3,fixation
10:25:28.0202,411.8,208.2,fixation
10:25:28.0206,411.6,208.3,fixation
10:25:28.0211,411.7,208.4,fixation
10:25:28.0216,412.2,208.1,fixation
10:25:28.0221,413.1,207.6,fixation
10:25:28.0225,413.8,206.5,fixation
10:25:28.023,413.9,206.0,fixation
10:25:28.0235,413.5,206.0,fixation
10:25:28.0239,413.4,206.5,fixation
10:25:28.0244,413.6,207.0,fixation
10:25:28.0249,413.9,206.6,fixation
10:25:28.0253,413.9,206.8,fixation
10:25:28.0258,413.7,206.8,fixation
10:25:28.0263,413.4,207.0,fixation
10:25:28.0267,413.2,206.6,fixation
10:25:28.0272,413.0,208.2,fixation
10:25:28.0277,413.0,209.9,fixation
10:25:28.0282,413.0,211.6,fixation
10:25:28.0286,413.2,211.6,fixation
10:25:28.0291,413.3,211.7,fixation
10:25:28.0296,412.9,211.9,fixation
10:25:28.0300,412.6,211.7,fixation
10:25:28.0305,412.4,211.0,fixation
10:25:28.031,412.5,210.2,fixation
10:25:28.0314,412.5,209.7,fixation
10:25:28.0319,412.2,209.6,fixation
10:25:28.0324,411.5,209.6,fixation
10:25:28.0328,411.0,209.7,fixation
10:25:28.0333,411.0,209.6,fixation
10:25:28.0338,411.3,209.5,fixation
10:25:28.0342,411.3,209.8,fixation
10:25:28.0346,411.5,210.1,fixation
10:25:28.0351,411.6,210.3,fixation
10:25:28.0356,411.7,209.9,fixation
10:25:28.0360,411.6,209.5,fixation
10:25:28.0365,411.2,209.3,fixation
10:25:28.037,411.1,209.4,fixation
10:25:28.0374,410.9,209.4,fixation
10:25:28.0379,410.6,208.1,fixation
10:25:28.0384,410.2,206.8,fixation
10:25:28.0388,410.2,207.0,fixation
10:25:28.0392,411.0,208.5,fixation
10:25:28.0397,412.2,208.6,fixation
10:25:28.0402,413.0,207.1,fixation
10:25:28.0406,413.3,206.8,fixation
10:25:28.0411,413.3,208.0,fixation
10:25:28.0416,413.3,209.2,fixation
10:25:28.0420,413.4,209.3,fixation
10:25:28.0425,412.9,209.4,fixation
10:25:28.043,411.8,207.8,fixation
10:25:28.0434,410.8,206.0,fixation
10:25:28.0438,410.9,205.3,fixation
10:25:28.0443,411.5,206.5,fixation
10:25:28.0448,412.0,208.3,fixation
10:25:28.0452,411.5,209.1,fixation
10:25:28.0457,410.2,209.8,fixation
10:25:28.0462,409.0,209.8,fixation
10:25:28.0466,409.2,208.8,fixation
10:25:28.0471,410.2,208.0,fixation
10:25:28.0476,411.3,207.4,fixation
10:25:28.0480,411.3,208.0,fixation
10:25:28.0484,411.4,208.3,fixation
10:25:28.0489,411.0,207.1,fixation
10:25:28.0494,410.6,205.8,fixation
10:25:28.0498,410.8,204.9,fixation
10:25:28.0503,411.3,205.2,fixation
10:25:28.0508,411.8,205.6,fixation
10:25:28.0512,412.0,206.5,fixation
10:25:28.0517,412.3,207.4,fixation
10:25:28.0522,411.8,208.2,fixation
10:25:28.0526,411.1,208.0,fixation
10:25:28.0531,410.3,207.8,fixation
10:25:28.0536,410.2,207.8,fixation
10:25:28.0541,411.0,207.6,fixation
10:25:28.0545,411.9,207.5,fixation
10:25:28.055,412.6,208.3,fixation
10:25:28.0555,412.4,209.0,fixation
10:25:28.0559,412.0,209.9,fixation
10:25:28.0564,411.9,209.9,fixation
10:25:28.0569,412.0,209.6,fixation
10:25:28.0573,412.0,209.3,fixation
10:25:28.0578,411.5,208.9,fixation
10:25:28.0583,411.1,208.8,fixation
10:25:28.0587,411.3,209.1,fixation
10:25:28.0592,411.7,209.4,fixation
10:25:28.0597,412.1,209.5,fixation
10:25:28.0602,412.2,209.0,fixation
10:25:28.0606,412.2,208.1,fixation
10:25:28.0611,412.2,207.4,fixation
10:25:28.0616,412.0,206.9,fixation
10:25:28.0620,411.9,206.7,fixation
10:25:28.0625,411.7,206.9,fixation
10:25:28.063,411.6,207.2,fixation
10:25:28.0634,411.5,207.4,fixation
10:25:28.0639,411.6,207.5,fixation
10:25:28.0644,412.3,207.7,fixation
10:25:28.0648,412.9,208.7,fixation
10:25:28.0653,413.5,209.7,fixation
10:25:28.0658,413.5,210.5,fixation
10:25:28.0663,413.6,210.5,fixation
10:25:28.0667,412.0,210.3,fixation
10:25:28.0672,410.4,210.1,fixation
10:25:28.0677,409.2,210.6,fixation
10:25:28.0681,409.6,211.3,fixation
10:25:28.0686,410.7,212.1,fixation
10:25:28.0691,411.3,212.1,fixation
10:25:28.0695,411.7,212.1,fixation
10:25:28.07,411.6,212.0,fixation
10:25:28.0705,411.4,212.0,fixation
10:25:28.0709,411.4,212.1,fixation
10:25:28.0714,410.9,211.9,fixation
10:25:28.0719,410.4,211.7,fixation
10:25:28.0724,410.0,211.5,fixation
10:25:28.0728,410.1,211.5,fixation
10:25:28.0733,410.3,211.3,fixation
10:25:28.0738,411.1,211.1,fixation
10:25:28.0742,411.9,211.4,fixation
10:25:28.0747,411.8,212.1,fixation
10:25:28.0752,411.1,212.7,fixation
10:25:28.0756,410.3,213.1,fixation
10:25:28.0761,411.3,213.3,fixation
10:25:28.0766,412.4,213.4,fixation
10:25:28.0770,411.9,212.6,fixation
10:25:28.0775,410.4,212.0,fixation
10:25:28.078,408.9,211.7,fixation
10:25:28.0785,408.9,212.0,fixation
10:25:28.0789,409.0,212.0,fixation
10:25:28.0794,409.1,211.8,fixation
10:25:28.0799,409.0,211.0,fixation
10:25:28.0803,408.4,210.4,fixation
10:25:28.0808,407.7,210.9,fixation
10:25:28.0813,407.8,212.0,fixation
10:25:28.0817,408.4,213.0,fixation
10:25:28.0822,408.8,212.8,fixation
10:25:28.0827,408.5,212.6,fixation
10:25:28.0831,409.2,213.0,fixation
10:25:28.0836,410.3,213.4,fixation
10:25:28.0841,411.4,213.0,fixation
10:25:28.0846,411.4,212.2,fixation
10:25:28.0850,411.1,212.0,fixation
10:25:28.0855,409.8,212.3,fixation
10:25:28.086,408.6,212.6,fixation
10:25:28.0864,407.5,213.1,fixation
10:25:28.0869,407.2,213.9,fixation
10:25:28.0874,406.8,213.7,fixation
10:25:28.0878,406.7,212.9,fixation
10:25:28.0883,407.6,212.2,fixation
10:25:28.0888,408.6,212.9,fixation
10:25:28.0892,409.6,213.5,fixation
10:25:28.0897,409.5,213.4,fixation
10:25:28.0902,409.3,212.8,fixation
10:25:28.0907,409.2,211.5,fixation
10:25:28.0911,409.2,210.9,fixation
10:25:28.0916,409.2,210.2,fixation
10:25:28.0921,408.8,210.1,fixation
10:25:28.0925,408.4,209.8,fixation
10:25:28.093,408.3,209.7,fixation
10:25:28.0935,408.6,209.9,fixation
10:25:28.0939,409.1,210.0,fixation
10:25:28.0944,409.2,210.1,fixation
10:25:28.0949,409.5,210.2,fixation
10:25:28.0953,409.5,210.7,fixation
10:25:28.0958,409.5,211.2,fixation
10:25:28.0963,409.4,211.4,fixation
10:25:28.0967,409.4,211.1,fixation
10:25:28.0971,409.5,210.9,fixation
10:25:28.0976,408.8,210.9,fixation
10:25:28.0981,408.1,209.9,fixation
10:25:28.0985,407.3,208.9,fixation
10:25:28.099,407.2,209.3,fixation
10:25:28.0995,407.0,210.8,fixation
10:25:28.0999,406.9,212.1,fixation
10:25:28.1004,406.7,211.9,fixation
10:25:28.1009,406.6,211.5,fixation
10:25:28.1013,406.3,211.3,fixation
10:25:28.1017,406.3,211.1,fixation
10:25:28.1022,406.1,211.0,fixation
10:25:28.1027,406.0,210.9,fixation
10:25:28.1031,406.2,211.3,fixation
10:25:28.1036,406.2,211.6,fixation
10:25:28.1041,406.1,211.7,fixation
10:25:28.1045,405.8,211.3,fixation
10:25:28.105,406.4,210.8,fixation
10:25:28.1055,407.3,210.7,fixation
10:25:28.1059,408.3,210.9,fixation
10:25:28.1063,408.4,211.0,fixation
10:25:28.1068,408.6,211.2,fixation
10:25:28.1073,408.5,211.4,fixation
10:25:28.1077,408.8,211.7,fixation
10:25:28.1082,409.1,212.0,fixation
10:25:28.1087,409.2,212.1,fixation
10:25:28.1091,408.7,212.2,fixation
10:25:28.1096,408.4,211.2,fixation
10:25:28.1101,408.5,210.1,fixation
10:25:28.1105,408.8,209.0,fixation
10:25:28.1109,409.0,209.2,saccade
10:25:28.1114,408.2,209.3,saccade
10:25:28.1119,407.3,209.8,saccade
10:25:28.1123,406.8,210.2,saccade
10:25:28.1128,407.3,209.3,saccade
10:25:28.1133,406.8,208.1,saccade
10:25:28.1137,406.0,206.5,saccade
10:25:28.1142,405.1,206.0,saccade
10:25:28.1147,405.1,206.5,saccade
10:25:28.1151,404.8,207.4,saccade
10:25:28.1156,404.1,208.2,saccade
10:25:28.1161,403.5,208.0,saccade
10:25:28.1166,402.4,208.0,saccade
10:25:28.1170,401.7,207.9,saccade
10:25:28.1175,400.2,206.4,saccade
10:25:28.118,398.2,204.9,saccade
10:25:28.1184,395.6,203.2,saccade
10:25:28.1189,392.6,202.9,saccade
10:25:28.1194,390.0,202.6,saccade
10:25:28.1198,387.6,202.4,saccade
10:25:28.1203,386.3,202.5,saccade
10:25:28.1208,384.8,202.6,saccade
10:25:28.1212,383.6,202.3,saccade
10:25:28.1217,382.1,201.8,saccade
10:25:28.1222,380.5,201.1,saccade
10:25:28.1227,379.2,200.9,saccade
10:25:28.1231,378.6,200.8,saccade
10:25:28.1236,379.4,200.9,saccade
10:25:28.1241,380.1,201.0,saccade
10:25:28.1245,380.4,200.8,saccade
10:25:28.125,380.4,200.4,saccade
10:25:28.1255,381.8,199.9,saccade
10:25:28.1259,383.2,199.6,saccade
10:25:28.1264,385.3,199.9,saccade
10:25:28.1269,386.1,200.1,saccade
10:25:28.1273,387.2,199.6,saccade
10:25:28.1278,390.0,198.7,saccade
10:25:28.1283,392.6,197.8,saccade
10:25:28.1288,394.7,198.5,saccade
10:25:28.1292,394.1,200.4,fixation
10:25:28.1297,394.6,200.5,fixation
10:25:28.1302,395.2,200.2,fixation
10:25:28.1306,395.8,199.8,fixation
10:25:28.1311,396.0,199.5,fixation
10:25:28.1316,396.1,199.0,fixation
10:25:28.1320,396.6,198.6,fixation
10:25:28.1325,396.8,198.3,fixation
10:25:28.133,395.8,198.2,fixation
10:25:28.1334,394.6,198.3,fixation
10:25:28.1339,392.7,198.4,fixation
10:25:28.1344,392.2,199.1,fixation
10:25:28.1349,392.3,199.8,fixation
10:25:28.1353,393.1,199.9,fixation
10:25:28.1358,393.5,199.5,fixation
10:25:28.1363,393.1,199.1,fixation
10:25:28.1367,392.8,199.5,fixation
10:25:28.1372,392.8,199.9,fixation
10:25:28.1377,392.8,200.4,fixation
10:25:28.1381,392.7,200.0,fixation
10:25:28.1386,392.6,199.5,fixation
10:25:28.1391,393.0,200.3,fixation
10:25:28.1395,393.5,201.4,fixation
10:25:28.14,394.3,202.6,fixation
10:25:28.1405,394.5,203.7,fixation
10:25:28.141,394.7,204.9,fixation
10:25:28.1414,394.6,204.6,fixation
10:25:28.1419,394.7,203.2,fixation
10:25:28.1424,394.5,201.8,fixation
10:25:28.1428,394.0,201.7,fixation
10:25:28.1433,393.5,201.7,fixation
10:25:28.1438,393.5,201.6,fixation
10:25:28.1442,393.6,201.5,fixation
10:25:28.1447,393.7,201.3,fixation
10:25:28.1452,394.2,201.4,fixation
10:25:28.1456,394.7,202.7,fixation
10:25:28.1461,395.2,204.3,fixation
10:25:28.1466,395.0,205.9,fixation
10:25:28.1471,395.2,207.2,fixation
10:25:28.1475,395.4,208.0,fixation
10:25:28.148,395.6,207.8,fixation
10:25:28.1485,395.7,206.6,fixation
10:25:28.1489,395.8,205.0,fixation
10:25:28.1494,395.9,204.8,fixation
10:25:28.1499,395.9,205.2,fixation
10:25:28.1503,395.4,205.8,fixation
10:25:28.1508,394.3,205.6,fixation
10:25:28.1513,393.3,204.2,fixation
10:25:28.1517,392.8,202.8,fixation
10:25:28.1522,393.1,202.0,fixation
10:25:28.1527,393.4,201.9,fixation
10:25:28.1532,393.6,202.0,fixation
10:25:28.1536,392.7,202.2,fixation
10:25:28.1541,391.3,202.5,fixation
10:25:28.1546,390.0,202.8,fixation
10:25:28.1550,389.8,203.2,fixation
10:25:28.1555,390.0,203.4,fixation
10:25:28.156,390.2,203.5,fixation
10:25:28.1564,390.4,203.1,fixation
10:25:28.1569,390.6,202.8,fixation
10:25:28.1574,390.9,202.5,fixation
10:25:28.1578,391.0,202.0,fixation
10:25:28.1583,391.1,201.5,fixation
10:25:28.1588,391.0,201.9,fixation
10:25:28.1592,390.8,202.8,fixation
10:25:28.1596,391.7,203.8,fixation
10:25:28.1601,392.8,203.8,fixation
10:25:28.1606,393.5,203.3,fixation
10:25:28.1610,392.8,202.7,fixation
10:25:28.1615,392.2,202.1,fixation
10:25:28.162,392.3,201.9,fixation
10:25:28.1624,392.7,201.2,fixation
10:25:28.1629,392.9,200.5,fixation
10:25:28.1634,392.5,199.8,fixation
10:25:28.1638,392.0,200.4,fixation
10:25:28.1642,391.6,201.0,fixation
10:25:28.1647,391.6,201.4,fixation
10:25:28.1652,391.4,201.3,fixation
10:25:28.1656,391.1,201.6,fixation
10:25:28.1661,390.7,202.1,fixation
10:25:28.1666,390.5,202.5,fixation
10:25:28.1670,390.4,202.5,fixation
10:25:28.1675,390.4,202.5,fixation
10:25:28.168,390.3,201.5,fixation
10:25:28.1684,390.1,200.4,fixation
10:25:28.1688,390.0,199.1,fixation
10:25:28.1693,390.1,198.8,fixation
10:25:28.1698,390.4,199.4,fixation
10:25:28.1702,390.5,200.3,fixation
10:25:28.1707,390.4,201.1,fixation
10:25:28.1712,390.4,200.9,fixation
10:25:28.1716,390.8,200.8,fixation
10:25:28.1721,391.5,201.1,fixation
10:25:28.1726,392.1,201.5,fixation
10:25:28.1730,392.1,201.6,fixation
10:25:28.1734,391.9,200.7,fixation
10:25:28.1739,392.1,200.1,fixation
10:25:28.1744,392.3,201.8,fixation
10:25:28.1748,392.5,203.8,fixation
10:25:28.1753,391.4,205.7,fixation
10:25:28.1758,390.2,204.7,fixation
10:25:28.1762,389.2,203.2,fixation
10:25:28.1767,389.1,201.8,fixation
10:25:28.1772,389.1,201.3,fixation
10:25:28.1776,388.9,201.2,fixation
10:25:28.1781,387.8,201.1,fixation
10:25:28.1786,386.7,201.0,fixation
10:25:28.1791,385.9,201.0,fixation
10:25:28.1795,386.2,201.1,fixation
10:25:28.18,387.1,201.4,fixation
10:25:28.1805,388.1,201.7,fixation
10:25:28.1809,389.8,201.9,fixation
10:25:28.1814,390.8,202.3,fixation
10:25:28.1819,391.0,202.6,fixation
10:25:28.1823,391.0,201.3,fixation
10:25:28.1828,390.9,199.8,fixation
10:25:28.1833,391.5,198.3,fixation
10:25:28.1837,391.7,198.2,fixation
10:25:28.1842,391.8,198.5,fixation
10:25:28.1847,392.1,199.2,fixation
10:25:28.1852,392.4,199.9,fixation
10:25:28.1856,392.6,200.2,fixation
10:25:28.1861,392.4,199.5,fixation
10:25:28.1866,391.7,198.6,fixation
10:25:28.1870,390.6,197.7,fixation
10:25:28.1875,389.6,197.8,fixation
10:25:28.188,388.9,197.8,fixation
10:25:28.1884,388.7,197.9,fixation
10:25:28.1889,388.1,198.4,fixation
10:25:28.1894,387.7,199.2,fixation
10:25:28.1898,387.2,200.0,fixation
10:25:28.1903,387.2,200.2,fixation
10:25:28.1908,387.2,200.6,fixation
10:25:28.1913,387.7,201.1,fixation
10:25:28.1917,388.2,201.6,fixation
10:25:28.1922,388.6,201.6,fixation
10:25:28.1927,388.7,200.1,fixation
10:25:28.1931,389.2,198.6,fixation
10:25:28.1936,389.7,197.2,fixation
10:25:28.1941,390.0,198.5,fixation
10:25:28.1945,390.1,199.9,fixation
10:25:28.195,390.3,202.2,fixation
10:25:28.1955,390.6,203.3,fixation
10:25:28.1959,389.7,202.0,fixation
10:25:28.1964,388.6,200.1,fixation
10:25:28.1969,387.4,198.5,fixation
10:25:28.1974,387.1,199.2,fixation
10:25:28.1978,387.0,199.8,fixation
10:25:28.1983,387.1,200.3,fixation
10:25:28.1988,387.3,200.7,fixation
10:25:28.1992,387.5,200.9,fixation
10:25:28.1997,387.4,201.5,fixation
10:25:28.2002,387.2,202.3,fixation
10:25:28.2006,387.8,201.9,fixation
10:25:28.2011,388.2,200.7,fixation
10:25:28.2016,388.6,199.4,fixation
10:25:28.2020,388.4,199.2,fixation
10:25:28.2025,388.6,200.4,fixation
10:25:28.203,388.8,201.7,fixation
10:25:28.2035,387.7,202.8,fixation
10:25:28.2039,386.5,202.6,fixation
10:25:28.2044,385.5,202.4,fixation
10:25:28.2049,385.6,202.1,fixation
10:25:28.2053,385.6,201.9,fixation
10:25:28.2058,385.3,203.2,fixation
10:25:28.2063,385.1,204.7,fixation
10:25:28.2067,385.5,205.8,fixation
10:25:28.2072,386.1,205.2,fixation
10:25:28.2077,386.2,204.6,fixation
10:25:28.2081,385.7,204.7,fixation
10:25:28.2086,386.1,205.4,fixation
10:25:28.2091,387.0,206.3,fixation
10:25:28.2096,388.0,206.4,fixation
10:25:28.2100,388.1,205.9,fixation
10:25:28.2105,388.3,205.1,fixation
10:25:28.211,387.8,204.3,fixation
10:25:28.2114,387.1,203.8,fixation
10:25:28.2119,386.4,203.6,fixation
10:25:28.2124,386.3,202.0,fixation
10:25:28.2128,386.3,200.3,fixation
10:25:28.2133,386.3,199.0,fixation
10:25:28.2138,386.2,199.7,fixation
10:25:28.2142,386.3,200.2,fixation
10:25:28.2147,386.6,200.5,fixation
10:25:28.2152,386.9,200.8,fixation
10:25:28.2157,387.1,201.1,fixation
10:25:28.2161,386.8,201.4,fixation
10:25:28.2166,386.7,200.3,fixation
10:25:28.2171,386.6,198.7,fixation
10:25:28.2175,386.8,197.0,fixation
10:25:28.218,386.8,196.4,fixation
10:25:28.2185,387.3,198.9,fixation
10:25:28.2189,387.8,201.4,fixation
10:25:28.2194,388.1,203.7,fixation
10:25:28.2199,387.8,203.4,fixation
10:25:28.2203,387.6,202.3,fixation
10:25:28.2208,387.6,201.4,fixation
10:25:28.2213,387.5,201.4,fixation
10:25:28.2217,387.4,202.3,fixation
10:25:28.2221,386.7,202.1,fixation
10:25:28.2226,386.1,201.1,fixation
10:25:28.2231,385.3,200.1,fixation
10:25:28.2235,385.1,200.0,fixation
10:25:28.224,385.0,200.0,fixation
10:25:28.2245,385.1,199.9,fixation
10:25:28.2249,385.2,199.0,fixation
10:25:28.2254,384.9,198.5,fixation
10:25:28.2259,384.6,197.9,fixation
10:25:28.2263,384.3,198.0,fixation
10:25:28.2267,384.2,197.8,fixation
10:25:28.2272,384.1,197.6,fixation
10:25:28.2277,384.0,198.0,fixation
10:25:28.2281,384.7,199.3,fixation
10:25:28.2286,385.4,200.7,fixation
10:25:28.2291,386.1,201.8,fixation
10:25:28.2295,386.1,202.4,fixation
10:25:28.23,386.0,202.7,fixation
10:25:28.2305,385.8,202.9,fixation
10:25:28.2309,385.8,202.6,fixation
10:25:28.2313,385.8,201.8,fixation
10:25:28.2318,386.0,201.3,fixation
10:25:28.2323,386.2,200.5,fixation
10:25:28.2327,385.7,200.2,fixation
10:25:28.2332,385.0,199.9,fixation
10:25:28.2337,384.0,200.0,fixation
10:25:28.2341,383.6,200.1,fixation
10:25:28.2346,383.4,200.2,fixation
10:25:28.2351,383.2,200.3,fixation
10:25:28.2355,382.9,201.8,fixation
10:25:28.2359,383.7,203.6,fixation
10:25:28.2364,384.6,205.3,fixation
10:25:28.2369,385.8,205.3,fixation
10:25:28.2373,386.1,205.1,fixation
10:25:28.2378,385.9,204.9,fixation
10:25:28.2383,384.9,204.3,fixation
10:25:28.2387,383.9,203.3,fixation
10:25:28.2392,383.3,202.3,fixation
10:25:28.2397,383.4,202.1,fixation
10:25:28.2401,383.4,202.5,fixation
10:25:28.2406,383.4,202.8,fixation
10:25:28.2411,383.3,202.9,fixation
10:25:28.2416,383.0,203.2,fixation
10:25:28.2420,382.8,203.5,fixation
10:25:28.2425,382.8,202.9,fixation
10:25:28.243,383.0,201.6,fixation
10:25:28.2434,383.1,200.2,fixation
10:25:28.2439,383.0,200.9,fixation
10:25:28.2444,382.7,202.4,fixation
10:25:28.2448,382.4,204.0,fixation
10:25:28.2453,382.3,204.4,fixation
10:25:28.2458,383.0,204.1,fixation
10:25:28.2462,384.1,203.6,fixation
10:25:28.2467,385.2,203.4,fixation
10:25:28.2472,385.5,203.4,fixation
10:25:28.2477,385.2,202.5,fixation
10:25:28.2481,384.9,201.3,fixation
10:25:28.2486,384.8,200.1,fixation
10:25:28.2491,384.9,200.8,fixation
10:25:28.2495,383.7,201.3,fixation
10:25:28.25,382.2,201.8,fixation
10:25:28.2505,381.4,201.7,fixation
10:25:28.2509,382.0,201.8,fixation
10:25:28.2514,382.4,202.0,fixation
10:25:28.2519,381.9,202.3,fixation
10:25:28.2523,381.4,203.0,fixation
10:25:28.2528,380.9,203.5,fixation
10:25:28.2533,380.6,203.8,fixation
10:25:28.2538,380.4,204.0,fixation
10:25:28.2542,380.5,204.2,fixation
10:25:28.2547,380.7,204.3,fixation
10:25:28.2552,381.0,204.4,fixation
10:25:28.2556,381.3,204.3,fixation
10:25:28.2561,381.5,204.2,fixation
10:25:28.2566,382.3,204.2,fixation
10:25:28.2570,383.1,204.2,fixation
10:25:28.2575,383.9,204.3,fixation
10:25:28.258,383.8,204.2,fixation
10:25:28.2584,384.9,204.2,fixation
10:25:28.2589,385.9,204.2,fixation
10:25:28.2594,387.0,204.3,fixation
10:25:28.2599,387.1,204.2,fixation
10:25:28.2603,386.5,204.0,fixation
10:25:28.2608,385.8,203.8,fixation
10:25:28.2613,384.5,203.6,fixation
10:25:28.2617,383.7,204.1,fixation
10:25:28.2622,382.9,204.6,fixation
10:25:28.2627,382.9,205.3,fixation
10:25:28.2631,383.0,205.5,fixation
10:25:28.2636,383.1,205.7,fixation
10:25:28.2641,383.4,205.8,fixation
10:25:28.2645,383.6,204.4,fixation
10:25:28.265,383.3,202.8,fixation
10:25:28.2655,382.8,201.2,fixation
10:25:28.266,382.1,200.9,fixation
10:25:28.2664,381.9,201.6,fixation
10:25:28.2669,381.7,202.1,fixation
10:25:28.2674,381.7,202.4,fixation
10:25:28.2678,382.1,202.1,fixation
10:25:28.2683,382.5,202.1,fixation
10:25:28.2688,382.9,202.3,fixation
10:25:28.2692,383.0,202.5,fixation
10:25:28.2697,383.1,202.6,fixation
10:25:28.2702,383.1,202.6,fixation
10:25:28.2706,382.9,202.7,fixation
10:25:28.2711,382.6,202.8,fixation
10:25:28.2716,383.6,203.9,fixation
10:25:28.2721,384.9,205.4,fixation
10:25:28.2725,384.8,206.7,fixation
10:25:28.273,383.1,205.7,fixation
10:25:28.2735,381.5,204.4,fixation
10:25:28.2739,381.7,202.9,fixation
10:25:28.2744,382.2,202.7,fixation
10:25:28.2749,382.6,202.6,fixation
10:25:28.2753,382.6,202.7,fixation
10:25:28.2758,382.4,202.9,fixation
10:25:28.2763,382.3,203.0,fixation
10:25:28.2767,382.4,203.1,fixation
10:25:28.2772,382.5,203.0,fixation
10:25:28.2777,382.7,202.7,fixation
10:25:28.2782,382.8,202.5,fixation
10:25:28.2786,382.2,202.5,fixation
10:25:28.2791,381.6,202.8,fixation
10:25:28.2796,380.9,203.6,fixation
10:25:28.2800,382.0,204.2,fixation
10:25:28.2805,383.1,205.1,fixation
10:25:28.281,384.1,205.5,fixation
10:25:28.2814,383.2,205.6,fixation
10:25:28.2819,382.4,205.2,fixation
10:25:28.2824,381.8,204.4,fixation
10:25:28.2828,382.7,203.8,fixation
10:25:28.2833,383.7,203.3,fixation
10:25:28.2838,383.9,203.3,fixation
10:25:28.2842,382.7,203.2,fixation
10:25:28.2846,381.6,203.1,fixation
10:25:28.2851,381.1,203.4,fixation
10:25:28.2856,381.1,203.8,fixation
10:25:28.2860,381.2,204.2,fixation
10:25:28.2865,381.2,204.2,fixation
10:25:28.287,381.2,204.3,fixation
10:25:28.2874,381.3,204.4,fixation
10:25:28.2879,381.2,204.4,fixation
10:25:28.2884,380.9,204.4,fixation
10:25:28.2888,380.4,204.5,fixation
10:25:28.2892,380.0,204.2,fixation
10:25:28.2897,379.9,203.9,fixation
10:25:28.2902,379.8,204.0,fixation
10:25:28.2906,379.9,204.9,fixation
10:25:28.2911,379.8,205.9,fixation
10:25:28.2916,379.8,205.9,fixation
10:25:28.2920,379.8,205.0,fixation
10:25:28.2925,379.8,204.0,fixation
10:25:28.293,380.8,203.5,fixation
10:25:28.2934,381.4,203.1,fixation
10:25:28.2938,381.9,202.8,fixation
10:25:28.2943,382.0,202.4,fixation
10:25:28.2948,383.2,202.9,fixation
10:25:28.2952,384.3,203.4,fixation
10:25:28.2957,384.1,203.9,fixation
10:25:28.2962,383.3,203.9,fixation
10:25:28.2966,382.3,203.8,fixation
10:25:28.2971,382.2,203.9,fixation
10:25:28.2976,382.1,203.9,fixation
10:25:28.2980,382.2,203.9,fixation
10:25:28.2984,382.0,204.8,fixation
10:25:28.2989,382.0,205.7,fixation
10:25:28.2994,382.1,206.7,fixation
10:25:28.2998,381.8,206.8,fixation
10:25:28.3003,381.0,206.7,fixation
10:25:28.3008,380.2,206.4,fixation
10:25:28.3012,380.0,206.0,fixation
10:25:28.3017,380.1,205.7,fixation
10:25:28.3022,380.6,205.5,fixation
10:25:28.3026,381.0,205.4,fixation
10:25:28.3031,381.1,205.5,fixation
10:25:28.3036,380.9,205.8,fixation
10:25:28.3041,380.6,206.3,fixation
10:25:28.3045,380.8,206.7,fixation
10:25:28.305,380.8,206.8,fixation
10:25:28.3055,380.9,206.5,fixation
10:25:28.3059,380.1,205.7,fixation
10:25:28.3064,379.3,205.1,fixation
10:25:28.3069,379.3,204.6,fixation
10:25:28.3073,380.1,205.6,fixation
10:25:28.3078,381.1,206.6,fixation
10:25:28.3083,381.2,206.4,fixation
10:25:28.3087,381.4,205.6,fixation
10:25:28.3092,381.5,204.7,fixation
10:25:28.3097,381.0,204.4,fixation
10:25:28.3102,380.6,203.8,fixation
10:25:28.3106,380.2,203.5,fixation
10:25:28.3111,380.0,203.8,fixation
10:25:28.3116,379.2,204.6,fixation
10:25:28.3120,378.4,205.3,fixation
10:25:28.3125,378.5,205.0,fixation
10:25:28.313,379.0,204.2,fixation
10:25:28.3134,378.7,203.1,fixation
10:25:28.3139,377.8,202.7,fixation
10:25:28.3144,377.0,202.5,fixation
10:25:28.3148,377.4,202.4,fixation
10:25:28.3153,377.9,202.0,fixation
10:25:28.3158,378.1,201.5,fixation
10:25:28.3163,378.1,201.3,fixation
10:25:28.3167,378.6,201.7,fixation
10:25:28.3172,379.3,202.4,fixation
10:25:28.3177,379.9,203.1,fixation
10:25:28.3181,380.0,203.5,fixation
10:25:28.3186,379.9,202.8,fixation
10:25:28.3191,379.8,201.8,fixation
10:25:28.3195,380.1,201.0,fixation
10:25:28.32,380.4,201.0,fixation
10:25:28.3205,379.8,201.2,fixation
10:25:28.3209,379.2,201.3,fixation
10:25:28.3214,378.7,201.3,fixation
10:25:28.3219,379.1,201.6,fixation
10:25:28.3224,379.0,202.4,fixation
10:25:28.3228,378.6,203.2,fixation
10:25:28.3233,378.2,203.4,fixation
10:25:28.3238,378.2,203.1,fixation
10:25:28.3242,378.4,202.8,fixation
10:25:28.3247,378.6,203.6,fixation
10:25:28.3252,378.7,204.6,fixation
10:25:28.3256,378.4,204.4,fixation
10:25:28.3261,378.1,203.3,fixation
10:25:28.3266,377.7,202.3,fixation
10:25:28.3270,377.8,202.4,fixation
10:25:28.3275,377.9,202.5,fixation
10:25:28.328,378.7,201.8,fixation
10:25:28.3285,379.5,201.0,fixation
10:25:28.3289,380.2,200.5,fixation
10:25:28.3294,380.3,200.8,fixation
10:25:28.3299,380.5,201.2,fixation
10:25:28.3303,380.7,201.1,fixation
10:25:28.3308,380.7,200.7,fixation
10:25:28.3313,380.3,200.2,fixation
10:25:28.3317,380.0,199.9,fixation
10:25:28.3322,380.4,199.9,fixation
10:25:28.3327,380.8,200.0,fixation
10:25:28.3331,381.0,200.0,fixation
10:25:28.3336,381.0,199.9,fixation
10:25:28.3341,381.1,200.0,fixation
10:25:28.3346,381.1,200.5,fixation
10:25:28.3350,380.8,200.9,fixation
10:25:28.3355,380.0,201.1,fixation
10:25:28.336,378.8,201.7,fixation
10:25:28.3364,377.6,202.3,fixation
10:25:28.3369,376.8,202.7,fixation
10:25:28.3374,376.6,202.4,fixation
10:25:28.3378,376.3,202.2,fixation
10:25:28.3383,376.1,202.2,fixation
10:25:28.3388,377.1,202.4,fixation
10:25:28.3392,378.3,203.1,fixation
10:25:28.3397,379.6,203.9,fixation
10:25:28.3402,379.7,204.0,fixation
10:25:28.3407,379.0,202.4,fixation
10:25:28.3411,378.6,200.6,fixation
10:25:28.3416,378.5,199.3,fixation
10:25:28.3421,379.5,199.8,fixation
10:25:28.3425,380.0,200.5,fixation
10:25:28.343,380.0,201.3,fixation
10:25:28.3435,379.7,201.4,fixation
10:25:28.3439,379.3,201.5,fixation
10:25:28.3444,379.1,201.4,fixation
10:25:28.3449,379.0,201.6,fixation
10:25:28.3453,378.9,202.4,fixation
10:25:28.3458,378.8,203.5,fixation
10:25:28.3463,378.8,204.1,fixation
10:25:28.3467,378.6,204.5,fixation
10:25:28.3471,378.4,204.6,fixation
10:25:28.3476,379.0,204.3,fixation
10:25:28.3481,379.7,203.7,fixation
10:25:28.3485,379.0,202.9,fixation
10:25:28.349,377.7,202.8,fixation
10:25:28.3495,376.4,202.6,fixation
10:25:28.3499,376.5,201.3,fixation
10:25:28.3504,375.8,199.9,fixation
10:25:28.3509,375.4,198.4,fixation
10:25:28.3513,375.2,198.2,fixation
10:25:28.3517,375.9,198.0,fixation
10:25:28.3522,376.5,199.4,fixation
10:25:28.3527,377.1,200.9,fixation
10:25:28.3531,377.7,202.4,fixation
10:25:28.3536,377.5,202.2,fixation
10:25:28.3541,377.0,201.9,fixation
10:25:28.3545,376.8,200.2,fixation
10:25:28.355,376.9,198.6,fixation
10:25:28.3555,377.2,197.7,fixation
10:25:28.3559,377.3,198.3,fixation
10:25:28.3563,377.2,199.2,fixation
10:25:28.3568,377.0,199.6,fixation
10:25:28.3573,376.8,200.1,fixation
10:25:28.3577,375.8,199.6,fixation
10:25:28.3582,374.8,199.1,fixation
10:25:28.3587,375.0,197.9,fixation
10:25:28.3591,376.2,197.6,fixation
10:25:28.3596,377.8,197.7,fixation
10:25:28.3601,378.1,200.0,fixation
10:25:28.3605,377.3,201.9,fixation
10:25:28.3609,376.0,203.6,fixation
10:25:28.3614,374.8,203.6,fixation
10:25:28.3619,375.7,203.7,fixation
10:25:28.3623,376.8,203.5,fixation
10:25:28.3628,377.1,201.8,fixation
10:25:28.3633,376.2,200.2,fixation
10:25:28.3637,376.0,200.4,fixation
10:25:28.3642,376.5,202.2,fixation
10:25:28.3647,377.1,203.8,fixation
10:25:28.3651,377.3,203.7,fixation
10:25:28.3656,377.6,203.5,fixation
10:25:28.3661,378.1,203.4,fixation
10:25:28.3666,378.8,203.1,fixation
10:25:28.3670,379.4,202.7,fixation
10:25:28.3675,379.2,202.2,fixation
10:25:28.368,378.4,202.6,fixation
10:25:28.3684,378.4,203.2,fixation
10:25:28.3689,379.2,204.0,fixation
10:25:28.3694,379.3,204.1,fixation
10:25:28.3698,377.6,204.0,fixation
10:25:28.3703,376.0,203.6,fixation
10:25:28.3708,375.4,203.2,fixation
10:25:28.3712,375.7,202.8,fixation
10:25:28.3717,375.9,202.4,fixation
10:25:28.3722,375.8,202.2,fixation
10:25:28.3727,375.6,201.6,fixation
10:25:28.3731,375.6,200.0,fixation
10:25:28.3736,375.6,198.5,fixation
10:25:28.3741,376.0,197.6,fixation
10:25:28.3745,376.4,197.5,fixation
10:25:28.375,377.1,197.3,fixation
10:25:28.3755,379.1,197.5,fixation
10:25:28.3759,381.1,197.8,fixation
10:25:28.3764,382.1,196.8,fixation
10:25:28.3769,380.5,195.4,fixation
10:25:28.3773,378.3,194.3,fixation
10:25:28.3778,376.5,194.4,fixation
10:25:28.3783,374.9,194.6,fixation
10:25:28.3788,372.9,197.0,fixation
10:25:28.3792,371.2,199.5,fixation
10:25:28.3797,370.1,202.9,fixation
10:25:28.3802,370.0,203.8,fixation
10:25:28.3806,371.0,204.8,fixation
10:25:28.3811,372.2,204.0,fixation
10:25:28.3816,374.7,201.3,fixation
10:25:28.3820,376.4,196.9,fixation
10:25:28.3825,378.0,193.3,fixation
10:25:28.383,376.7,191.5,fixation
10:25:28.3834,374.9,191.3,fixation
10:25:28.3839,373.1,191.5,fixation
10:25:28.3844,372.7,192.8,fixation
10:25:28.3849,372.9,193.7,fixation
10:25:28.3853,374.3,194.6,fixation
10:25:28.3858,377.4,194.5,fixation
10:25:28.3863,380.3,195.9,fixation
10:25:28.3867,382.0,197.5,fixation
10:25:28.3872,381.1,200.2,fixation
10:25:28.3877,380.3,201.7,fixation
10:25:28.3881,379.6,203.0,fixation
10:25:28.3886,379.2,204.6,fixation
10:25:28.3891,378.7,206.2,fixation
10:25:28.3895,378.0,208.2,fixation
10:25:28.39,377.8,208.7,fixation
10:25:28.3905,377.6,207.9,fixation
10:25:28.391,378.8,206.7,fixation
10:25:28.3914,380.2,203.8,fixation
10:25:28.3919,381.8,202.3,fixation
10:25:28.3924,382.1,200.7,fixation
10:25:28.3928,381.1,200.6,saccade
10:25:28.3933,380.2,200.6,saccade
10:25:28.3938,379.0,200.4,saccade
10:25:28.3942,378.6,200.4,saccade
10:25:28.3947,378.7,200.7,saccade
10:25:28.3952,379.5,201.1,saccade
10:25:28.3956,380.4,201.2,saccade
10:25:28.3961,380.8,201.9,saccade
10:25:28.3966,380.9,203.3,saccade
10:25:28.3971,381.4,205.4,saccade
10:25:28.3975,382.7,209.4,saccade
10:25:28.398,384.6,212.9,saccade
10:25:28.3985,385.8,216.8,saccade
10:25:28.3989,386.8,217.9,saccade
10:25:28.3994,387.5,218.2,saccade
10:25:28.3999,388.2,217.5,saccade
10:25:28.4003,388.1,216.7,saccade
10:25:28.4008,387.5,216.8,saccade
10:25:28.4013,.,.,blink
10:25:28.4017,.,.,blink
10:25:28.4022,.,.,blink
10:25:28.4027,.,.,blink
10:25:28.4032,.,.,blink
10:25:28.4036,.,.,blink
10:25:28.4041,.,.,blink
10:25:28.4046,.,.,blink
10:25:28.4050,.,.,blink
10:25:28.4055,.,.,blink
10:25:28.406,.,.,blink
10:25:28.4064,.,.,blink
10:25:28.4069,.,.,blink
10:25:28.4074,.,.,blink
10:25:28.4078,.,.,blink
10:25:28.4083,.,.,blink
10:25:28.4088,.,.,blink
10:25:28.4092,.,.,blink
10:25:28.4096,.,.,blink
10:25:28.4101,.,.,blink
10:25:28.4106,.,.,blink
10:25:28.4110,.,.,blink
10:25:28.4115,.,.,blink
10:25:28.412,.,.,blink
10:25:28.4124,.,.,blink
10:25:28.4129,.,.,blink
10:25:28.4134,.,.,blink
10:25:28.4138,.,.,blink
10:25:28.4142,.,.,blink
10:25:28.4147,.,.,blink
10:25:28.4152,.,.,blink
10:25:28.4156,.,.,blink
10:25:28.4161,.,.,blink
10:25:28.4166,.,.,blink
10:25:28.4170,.,.,blink
10:25:28.4175,.,.,blink
10:25:28.418,.,.,blink
10:25:28.4184,.,.,blink
10:25:28.4188,.,.,blink
10:25:28.4193,.,.,blink
10:25:28.4198,.,.,blink
10:25:28.4202,.,.,blink
10:25:28.4207,.,.,blink
10:25:28.4212,.,.,blink
10:25:28.4216,.,.,blink
10:25:28.4221,.,.,blink
10:25:28.4226,.,.,blink
10:25:28.4230,.,.,blink
10:25:28.4234,.,.,blink
10:25:28.4239,.,.,blink
10:25:28.4244,.,.,blink
10:25:28.4248,.,.,blink
10:25:28.4253,.,.,blink
10:25:28.4258,.,.,blink
10:25:28.4262,.,.,blink
10:25:28.4267,.,.,blink
10:25:28.4272,.,.,blink
10:25:28.4276,.,.,blink
10:25:28.4281,.,.,blink
10:25:28.4286,.,.,blink
10:25:28.4291,.,.,blink
10:25:28.4295,.,.,blink
10:25:28.43,.,.,blink
10:25:28.4305,.,.,blink
10:25:28.4309,.,.,blink
10:25:28.4314,.,.,blink
10:25:28.4319,.,.,blink
10:25:28.4323,.,.,blink
10:25:28.4328,.,.,blink
10:25:28.4333,.,.,blink
10:25:28.4337,.,.,blink
10:25:28.4342,.,.,blink
10:25:28.4347,.,.,blink
10:25:28.4352,.,.,blink
10:25:28.4356,.,.,blink
10:25:28.4361,.,.,blink
10:25:28.4366,.,.,blink
10:25:28.4370,.,.,blink
10:25:28.4375,.,.,blink
10:25:28.438,.,.,blink
10:25:28.4384,.,.,blink
10:25:28.4389,.,.,blink
10:25:28.4394,.,.,blink
10:25:28.4398,.,.,blink
10:25:28.4403,.,.,blink
10:25:28.4408,.,.,blink
10:25:28.4413,.,.,blink
10:25:28.4417,.,.,blink
10:25:28.4422,.,.,blink
10:25:28.4427,.,.,blink
10:25:28.4431,.,.,blink
10:25:28.4436,.,.,blink
10:25:28.4441,.,.,blink
10:25:28.4445,.,.,blink
10:25:28.445,.,.,blink
10:25:28.4455,.,.,blink
10:25:28.4459,.,.,blink
10:25:28.4464,.,.,blink
10:25:28.4469,.,.,blink
10:25:28.4474,.,.,blink
10:25:28.4478,.,.,blink
10:25:28.4483,.,.,blink
10:25:28.4488,.,.,blink
10:25:28.4492,.,.,blink
10:25:28.4497,.,.,blink
10:25:28.4502,.,.,blink
10:25:28.4506,.,.,blink
10:25:28.4511,.,.,blink
10:25:28.4516,.,.,blink
10:25:28.4520,.,.,blink
10:25:28.4525,.,.,blink
10:25:28.453,.,.,blink
10:25:28.4535,.,.,blink
10:25:28.4539,.,.,blink
10:25:28.4544,.,.,blink
10:25:28.4549,.,.,blink
10:25:28.4553,.,.,blink
10:25:28.4558,.,.,blink
10:25:28.4563,.,.,blink
10:25:28.4567,.,.,blink
10:25:28.4572,.,.,blink
10:25:28.4577,.,.,blink
10:25:28.4581,.,.,blink
10:25:28.4586,.,.,blink
10:25:28.4591,.,.,blink
10:25:28.4596,.,.,blink
10:25:28.4600,.,.,blink
10:25:28.4605,.,.,blink
10:25:28.461,.,.,blink
10:25:28.4614,.,.,blink
10:25:28.4619,.,.,blink
10:25:28.4624,.,.,blink
10:25:28.4628,.,.,blink
10:25:28.4633,.,.,blink
10:25:28.4638,.,.,blink
10:25:28.4642,.,.,blink
10:25:28.4647,.,.,blink
10:25:28.4652,.,.,blink
10:25:28.4657,.,.,blink
10:25:28.4661,.,.,blink
10:25:28.4666,.,.,blink
10:25:28.4671,.,.,blink
10:25:28.4675,.,.,blink
10:25:28.468,.,.,blink
10:25:28.4685,.,.,blink
10:25:28.4689,.,.,blink
10:25:28.4694,.,.,blink
10:25:28.4699,.,.,blink
10:25:28.4703,.,.,blink
10:25:28.4708,.,.,blink
10:25:28.4713,.,.,blink
10:25:28.4717,.,.,blink
10:25:28.4721,.,.,blink
10:25:28.4726,.,.,blink
10:25:28.4731,.,.,blink
10:25:28.4735,.,.,blink
10:25:28.474,.,.,blink
10:25:28.4745,.,.,blink
10:25:28.4749,.,.,blink
10:25:28.4754,.,.,blink
10:25:28.4759,.,.,blink
10:25:28.4763,.,.,blink
10:25:28.4767,.,.,blink
10:25:28.4772,.,.,blink
10:25:28.4777,.,.,blink
10:25:28.4781,.,.,blink
10:25:28.4786,.,.,blink
10:25:28.4791,.,.,blink
10:25:28.4795,.,.,blink
10:25:28.48,.,.,blink
10:25:28.4805,.,.,blink
10:25:28.4809,.,.,blink
10:25:28.4813,.,.,blink
10:25:28.4818,.,.,blink
10:25:28.4823,.,.,blink
10:25:28.4827,.,.,blink
10:25:28.4832,.,.,blink
10:25:28.4837,.,.,blink
10:25:28.4841,.,.,blink
10:25:28.4846,.,.,blink
10:25:28.4851,.,.,blink
10:25:28.4855,.,.,blink
10:25:28.4859,.,.,blink
10:25:28.4864,.,.,blink
10:25:28.4869,.,.,blink
10:25:28.4873,.,.,blink
10:25:28.4878,.,.,blink
10:25:28.4883,.,.,blink
10:25:28.4887,.,.,blink
10:25:28.4892,.,.,blink
10:25:28.4897,.,.,blink
10:25:28.4901,.,.,blink
10:25:28.4906,.,.,blink
10:25:28.4911,.,.,blink
10:25:28.4916,.,.,blink
10:25:28.4920,.,.,blink
10:25:28.4925,.,.,blink
10:25:28.493,.,.,blink
10:25:28.4934,.,.,blink
10:25:28.4939,.,.,blink
10:25:28.4944,.,.,blink
10:25:28.4948,.,.,blink
10:25:28.4953,.,.,blink
10:25:28.4958,.,.,blink
10:25:28.4962,.,.,blink
10:25:28.4967,.,.,blink
10:25:28.4972,.,.,blink
10:25:28.4977,.,.,blink
10:25:28.4981,.,.,blink
10:25:28.4986,.,.,blink
10:25:28.4991,.,.,blink
10:25:28.4995,.,.,blink
10:25:28.5,.,.,blink
10:25:28.5005,.,.,blink
10:25:28.5009,.,.,blink
10:25:28.5014,.,.,blink
10:25:28.5019,.,.,blink
10:25:28.5023,.,.,blink
10:25:28.5028,.,.,blink
10:25:28.5033,.,.,blink
10:25:28.5038,.,.,blink
10:25:28.5042,.,.,blink
10:25:28.5047,.,.,blink
10:25:28.5052,.,.,blink
10:25:28.5056,.,.,blink
10:25:28.5061,.,.,blink
10:25:28.5066,.,.,blink
10:25:28.5070,.,.,blink
10:25:28.5075,.,.,blink
10:25:28.508,.,.,blink
10:25:28.5084,.,.,blink
10:25:28.5089,.,.,blink
10:25:28.5094,.,.,blink
10:25:28.5099,.,.,blink
10:25:28.5103,.,.,blink
10:25:28.5108,.,.,blink
10:25:28.5113,.,.,blink
10:25:28.5117,.,.,blink
10:25:28.5122,.,.,blink
10:25:28.5127,.,.,blink
10:25:28.5131,.,.,blink
10:25:28.5136,.,.,blink
10:25:28.5141,.,.,blink
10:25:28.5145,.,.,blink
10:25:28.515,.,.,blink
10:25:28.5155,.,.,blink
10:25:28.516,.,.,blink
10:25:28.5164,.,.,blink
10:25:28.5169,.,.,blink
10:25:28.5174,.,.,blink
10:25:28.5178,.,.,blink
10:25:28.5183,.,.,blink
10:25:28.5188,.,.,blink
10:25:28.5192,.,.,blink
10:25:28.5197,.,.,blink
10:25:28.5202,.,.,blink
10:25:28.5206,.,.,blink
10:25:28.5211,.,.,blink
10:25:28.5216,.,.,blink
10:25:28.5221,.,.,blink
10:25:28.5225,.,.,blink
10:25:28.523,.,.,blink
10:25:28.5235,.,.,blink
10:25:28.5239,.,.,blink
10:25:28.5244,.,.,blink
10:25:28.5249,.,.,blink
10:25:28.5253,.,.,blink
10:25:28.5258,.,.,blink
10:25:28.5263,.,.,blink
10:25:28.5267,.,.,blink
10:25:28.5272,.,.,blink
10:25:28.5277,.,.,blink
10:25:28.5282,.,.,blink
10:25:28.5286,.,.,blink
10:25:28.5291,.,.,blink
10:25:28.5296,.,.,blink
10:25:28.5300,.,.,blink
10:25:28.5305,.,.,blink
10:25:28.531,.,.,blink
10:25:28.5314,.,.,blink
10:25:28.5319,.,.,blink
10:25:28.5324,.,.,blink
10:25:28.5328,.,.,blink
10:25:28.5333,.,.,blink
10:25:28.5338,.,.,blink
10:25:28.5342,.,.,blink
10:25:28.5346,.,.,blink
10:25:28.5351,.,.,blink
10:25:28.5356,.,.,blink
10:25:28.5360,.,.,blink
10:25:28.5365,.,.,blink
10:25:28.537,.,.,blink
10:25:28.5374,.,.,blink
10:25:28.5379,.,.,blink
10:25:28.5384,.,.,blink
10:25:28.5388,.,.,blink
10:25:28.5392,.,.,blink
10:25:28.5397,.,.,blink
10:25:28.5402,.,.,blink
10:25:28.5406,.,.,blink
10:25:28.5411,.,.,blink
10:25:28.5416,.,.,blink
10:25:28.5420,.,.,blink
10:25:28.5425,.,.,blink
10:25:28.543,.,.,blink
10:25:28.5434,.,.,blink
10:25:28.5438,.,.,blink
10:25:28.5443,.,.,blink
10:25:28.5448,.,.,blink
10:25:28.5452,.,.,blink
10:25:28.5457,.,.,blink
10:25:28.5462,.,.,blink
10:25:28.5466,.,.,blink
10:25:28.5471,.,.,blink
10:25:28.5476,.,.,blink
10:25:28.5480,.,.,blink
10:25:28.5484,.,.,blink
10:25:28.5489,.,.,blink
10:25:28.5494,.,.,blink
10:25:28.5498,.,.,blink
10:25:28.5503,.,.,blink
10:25:28.5508,.,.,blink
10:25:28.5512,.,.,blink
10:25:28.5517,.,.,blink
10:25:28.5522,.,.,blink
10:25:28.5526,.,.,blink
10:25:28.5531,.,.,blink
10:25:28.5536,.,.,blink
10:25:28.5541,.,.,blink
10:25:28.5545,.,.,blink
10:25:28.555,.,.,blink
10:25:28.5555,.,.,blink
10:25:28.5559,.,.,blink
10:25:28.5564,.,.,blink
10:25:28.5569,.,.,blink
10:25:28.5573,.,.,blink
10:25:28.5578,.,.,blink
10:25:28.5583,.,.,blink
10:25:28.5587,.,.,blink
10:25:28.5592,.,.,blink
10:25:28.5597,.,.,blink
10:25:28.5602,.,.,blink
10:25:28.5606,.,.,blink
10:25:28.5611,.,.,blink
10:25:28.5616,.,.,blink
10:25:28.5620,.,.,blink
10:25:28.5625,.,.,blink
10:25:28.563,.,.,blink
10:25:28.5634,.,.,blink
10:25:28.5639,.,.,blink
10:25:28.5644,.,.,blink
10:25:28.5648,.,.,blink
10:25:28.5653,.,.,blink
10:25:28.5658,.,.,blink
10:25:28.5663,.,.,blink
10:25:28.5667,.,.,blink
10:25:28.5672,.,.,blink
10:25:28.5677,.,.,blink
10:25:28.5681,.,.,blink
10:25:28.5686,.,.,blink
10:25:28.5691,.,.,blink
10:25:28.5695,.,.,blink
10:25:28.57,.,.,blink
10:25:28.5705,.,.,blink
10:25:28.5709,.,.,blink
10:25:28.5714,.,.,blink
10:25:28.5719,.,.,blink
10:25:28.5724,.,.,blink
10:25:28.5728,.,.,blink
10:25:28.5733,.,.,blink
10:25:28.5738,.,.,blink
10:25:28.5742,.,.,blink
10:25:28.5747,.,.,blink
10:25:28.5752,.,.,blink
10:25:28.5756,.,.,blink
10:25:28.5761,.,.,blink
10:25:28.5766,.,.,blink
10:25:28.5770,.,.,blink
10:25:28.5775,.,.,blink
10:25:28.578,.,.,blink
10:25:28.5785,.,.,blink
10:25:28.5789,.,.,blink
10:25:28.5794,.,.,blink
10:25:28.5799,.,.,blink
10:25:28.5803,.,.,blink
10:25:28.5808,.,.,blink
10:25:28.5813,.,.,blink
10:25:28.5817,.,.,blink
10:25:28.5822,.,.,blink
10:25:28.5827,.,.,blink
10:25:28.5831,.,.,blink
10:25:28.5836,.,.,blink
10:25:28.5841,.,.,blink
10:25:28.5846,.,.,blink
10:25:28.5850,.,.,blink
10:25:28.5855,.,.,blink
10:25:28.586,.,.,blink
10:25:28.5864,.,.,blink
10:25:28.5869,.,.,blink
10:25:28.5874,.,.,blink
10:25:28.5878,.,.,blink
10:25:28.5883,.,.,blink
10:25:28.5888,.,.,blink
10:25:28.5892,.,.,blink
10:25:28.5897,.,.,blink
10:25:28.5902,.,.,blink
10:25:28.5907,.,.,blink
10:25:28.5911,.,.,blink
10:25:28.5916,.,.,blink
10:25:28.5921,.,.,blink
10:25:28.5925,.,.,blink
10:25:28.593,.,.,blink
10:25:28.5935,.,.,blink
10:25:28.5939,.,.,blink
10:25:28.5944,.,.,blink
10:25:28.5949,.,.,blink
10:25:28.5953,.,.,blink
10:25:28.5958,.,.,blink
10:25:28.5963,.,.,blink
10:25:28.5967,.,.,blink
10:25:28.5971,.,.,blink
10:25:28.5976,.,.,blink
10:25:28.5981,.,.,blink
10:25:28.5985,.,.,blink
10:25:28.599,.,.,blink
10:25:28.5995,.,.,blink
10:25:28.5999,.,.,blink
10:25:28.6004,.,.,blink
10:25:28.6009,.,.,blink
10:25:28.6013,.,.,blink
10:25:28.6017,.,.,blink
10:25:28.6022,.,.,blink
10:25:28.6027,.,.,blink
10:25:28.6031,.,.,blink
10:25:28.6036,.,.,blink
10:25:28.6041,.,.,blink
10:25:28.6045,.,.,blink
10:25:28.605,.,.,blink
10:25:28.6055,.,.,blink
10:25:28.6059,.,.,blink
10:25:28.6063,.,.,blink
10:25:28.6068,.,.,blink
10:25:28.6073,.,.,blink
10:25:28.6077,.,.,blink
10:25:28.6082,.,.,blink
10:25:28.6087,.,.,blink
10:25:28.6091,.,.,blink
10:25:28.6096,.,.,blink
10:25:28.6101,.,.,blink
10:25:28.6105,.,.,blink
10:25:28.6109,.,.,blink
10:25:28.6114,.,.,blink
10:25:28.6119,.,.,blink
10:25:28.6123,.,.,blink
10:25:28.6128,.,.,blink
10:25:28.6133,.,.,blink
10:25:28.6137,.,.,blink
10:25:28.6142,.,.,blink
10:25:28.6147,.,.,blink
10:25:28.6151,.,.,blink
10:25:28.6156,.,.,blink
10:25:28.6161,.,.,blink
10:25:28.6166,.,.,blink
10:25:28.6170,.,.,blink
10:25:28.6175,.,.,blink
10:25:28.618,.,.,blink
10:25:28.6184,.,.,blink
10:25:28.6189,.,.,blink
10:25:28.6194,.,.,blink
10:25:28.6198,.,.,blink
10:25:28.6203,.,.,blink
10:25:28.6208,.,.,blink
10:25:28.6212,.,.,blink
10:25:28.6217,.,.,blink
10:25:28.6222,.,.,blink
10:25:28.6227,.,.,blink
10:25:28.6231,.,.,blink
10:25:28.6236,.,.,blink
10:25:28.6241,.,.,blink
10:25:28.6245,.,.,blink
10:25:28.625,.,.,blink
10:25:28.6255,.,.,blink
10:25:28.6259,.,.,blink
10:25:28.6264,.,.,blink
10:25:28.6269,.,.,blink
10:25:28.6273,.,.,blink
10:25:28.6278,.,.,blink
10:25:28.6283,.,.,blink
10:25:28.6288,.,.,blink
10:25:28.6292,.,.,blink
10:25:28.6297,.,.,blink
10:25:28.6302,.,.,blink
10:25:28.6306,.,.,blink
10:25:28.6311,.,.,blink
10:25:28.6316,.,.,blink
10:25:28.6320,.,.,blink
10:25:28.6325,.,.,blink
10:25:28.633,.,.,blink
10:25:28.6334,.,.,blink
10:25:28.6339,.,.,blink
10:25:28.6344,.,.,blink
10:25:28.6349,.,.,blink
10:25:28.6353,.,.,blink
10:25:28.6358,.,.,blink
10:25:28.6363,.,.,blink
10:25:28.6367,.,.,blink
10:25:28.6372,.,.,blink
10:25:28.6377,.,.,blink
10:25:28.6381,.,.,blink
10:25:28.6386,.,.,blink
10:25:28.6391,.,.,blink
10:25:28.6395,.,.,blink
10:25:28.64,.,.,blink
10:25:28.6405,.,.,blink
10:25:28.641,.,.,blink
10:25:28.6414,.,.,blink
10:25:28.6419,.,.,blink
10:25:28.6424,.,.,blink
10:25:28.6428,.,.,blink
10:25:28.6433,.,.,blink
10:25:28.6438,.,.,blink
10:25:28.6442,.,.,blink
10:25:28.6447,.,.,blink
10:25:28.6452,.,.,blink
10:25:28.6456,.,.,blink
10:25:28.6461,.,.,blink
10:25:28.6466,.,.,blink
10:25:28.6471,.,.,blink
10:25:28.6475,.,.,blink
10:25:28.648,.,.,blink
10:25:28.6485,.,.,blink
10:25:28.6489,.,.,blink
10:25:28.6494,.,.,blink
10:25:28.6499,.,.,blink
10:25:28.6503,.,.,blink
10:25:28.6508,.,.,blink
10:25:28.6513,.,.,blink
10:25:28.6517,.,.,blink
10:25:28.6522,.,.,blink
10:25:28.6527,.,.,blink
10:25:28.6532,.,.,blink
10:25:28.6536,.,.,blink
10:25:28.6541,.,.,blink
10:25:28.6546,.,.,blink
10:25:28.6550,.,.,blink
10:25:28.6555,.,.,blink
10:25:28.656,.,.,blink
10:25:28.6564,.,.,blink
10:25:28.6569,.,.,blink
10:25:28.6574,.,.,blink
10:25:28.6578,.,.,blink
10:25:28.6583,.,.,blink
10:25:28.6588,.,.,blink
10:25:28.6592,.,.,blink
10:25:28.6596,.,.,blink
10:25:28.6601,.,.,blink
10:25:28.6606,.,.,blink
10:25:28.6610,.,.,blink
10:25:28.6615,.,.,blink
10:25:28.662,.,.,blink
10:25:28.6624,.,.,blink
10:25:28.6629,.,.,blink
10:25:28.6634,.,.,blink
10:25:28.6638,.,.,blink
10:25:28.6642,.,.,blink
10:25:28.6647,.,.,blink
10:25:28.6652,.,.,blink
10:25:28.6656,.,.,blink
10:25:28.6661,.,.,blink
10:25:28.6666,.,.,blink
10:25:28.6670,.,.,blink
10:25:28.6675,.,.,blink
10:25:28.668,.,.,blink
10:25:28.6684,.,.,blink
10:25:28.6688,.,.,blink
10:25:28.6693,.,.,blink
10:25:28.6698,.,.,blink
10:25:28.6702,.,.,blink
10:25:28.6707,.,.,blink
10:25:28.6712,.,.,blink
10:25:28.6716,.,.,blink
10:25:28.6721,.,.,blink
10:25:28.6726,.,.,blink
10:25:28.6730,.,.,blink
10:25:28.6734,.,.,blink
10:25:28.6739,.,.,blink
10:25:28.6744,.,.,blink
10:25:28.6748,.,.,blink
10:25:28.6753,.,.,blink
10:25:28.6758,.,.,blink
10:25:28.6762,.,.,blink
10:25:28.6767,.,.,blink
10:25:28.6772,.,.,blink
10:25:28.6776,.,.,blink
10:25:28.6781,.,.,blink
10:25:28.6786,.,.,blink
10:25:28.6791,.,.,blink
10:25:28.6795,.,.,blink
10:25:28.68,.,.,blink
10:25:28.6805,.,.,blink
10:25:28.6809,.,.,blink
10:25:28.6814,.,.,blink
10:25:28.6819,.,.,blink
10:25:28.6823,.,.,blink
10:25:28.6828,.,.,blink
10:25:28.6833,.,.,blink
10:25:28.6837,.,.,blink
10:25:28.6842,.,.,blink
10:25:28.6847,.,.,blink
10:25:28.6852,.,.,blink
10:25:28.6856,.,.,blink
10:25:28.6861,.,.,blink
10:25:28.6866,.,.,blink
10:25:28.6870,.,.,blink
10:25:28.6875,.,.,blink
10:25:28.688,.,.,blink
10:25:28.6884,.,.,blink
10:25:28.6889,.,.,blink
10:25:28.6894,.,.,blink
10:25:28.6898,.,.,blink
10:25:28.6903,.,.,blink
10:25:28.6908,.,.,blink
10:25:28.6913,.,.,blink
10:25:28.6917,.,.,blink
10:25:28.6922,.,.,blink
10:25:28.6927,.,.,blink
10:25:28.6931,.,.,blink
10:25:28.6936,.,.,blink
10:25:28.6941,.,.,blink
10:25:28.6945,.,.,blink
10:25:28.695,.,.,blink
10:25:28.6955,.,.,blink
10:25:28.6959,.,.,blink
10:25:28.6964,.,.,blink
10:25:28.6969,.,.,blink
10:25:28.6974,.,.,blink
10:25:28.6978,.,.,blink
10:25:28.6983,.,.,blink
10:25:28.6988,.,.,blink
10:25:28.6992,.,.,blink
10:25:28.6997,.,.,blink
10:25:28.7002,.,.,blink
10:25:28.7006,.,.,blink
10:25:28.7011,.,.,blink
10:25:28.7016,.,.,blink
10:25:28.7020,.,.,blink
10:25:28.7025,.,.,blink
10:25:28.703,.,.,blink
10:25:28.7035,.,.,blink
10:25:28.7039,.,.,blink
10:25:28.7044,.,.,blink
10:25:28.7049,.,.,blink
10:25:28.7053,.,.,blink
10:25:28.7058,.,.,blink
10:25:28.7063,.,.,blink
10:25:28.7067,.,.,blink
10:25:28.7072,.,.,blink
10:25:28.7077,.,.,blink
10:25:28.7081,.,.,blink
10:25:28.7086,.,.,blink
10:25:28.7091,.,.,blink
10:25:28.7096,.,.,blink
10:25:28.7100,.,.,blink
10:25:28.7105,.,.,blink
10:25:28.711,.,.,blink
10:25:28.7114,.,.,blink
10:25:28.7119,.,.,blink
10:25:28.7124,.,.,blink
10:25:28.7128,.,.,blink
10:25:28.7133,.,.,blink
10:25:28.7138,.,.,blink
10:25:28.7142,.,.,blink
10:25:28.7147,.,.,blink
10:25:28.7152,.,.,blink
10:25:28.7157,.,.,blink
10:25:28.7161,.,.,blink
10:25:28.7166,.,.,blink
10:25:28.7171,.,.,blink
10:25:28.7175,.,.,blink
10:25:28.718,.,.,blink
10:25:28.7185,.,.,blink
10:25:28.7189,.,.,blink
10:25:28.7194,.,.,blink
10:25:28.7199,.,.,blink
10:25:28.7203,.,.,blink
10:25:28.7208,.,.,blink
10:25:28.7213,.,.,blink
10:25:28.7217,.,.,blink
10:25:28.7221,.,.,blink
10:25:28.7226,.,.,blink
10:25:28.7231,.,.,blink
10:25:28.7235,.,.,blink
10:25:28.724,.,.,blink
10:25:28.7245,.,.,blink
10:25:28.7249,.,.,blink
10:25:28.7254,.,.,blink
10:25:28.7259,.,.,blink
10:25:28.7263,.,.,blink
10:25:28.7267,.,.,blink
10:25:28.7272,.,.,blink
10:25:28.7277,.,.,blink
10:25:28.7281,.,.,blink
10:25:28.7286,.,.,blink
10:25:28.7291,.,.,blink
10:25:28.7295,.,.,blink
10:25:28.73,.,.,blink
10:25:28.7305,.,.,blink
10:25:28.7309,.,.,blink
10:25:28.7313,.,.,blink
10:25:28.7318,.,.,blink
10:25:28.7323,.,.,blink
10:25:28.7327,.,.,blink
10:25:28.7332,.,.,blink
10:25:28.7337,.,.,blink
10:25:28.7341,.,.,blink
10:25:28.7346,.,.,blink
10:25:28.7351,.,.,blink
10:25:28.7355,.,.,blink
10:25:28.7359,.,.,blink
10:25:28.7364,.,.,blink
10:25:28.7369,.,.,blink
10:25:28.7373,.,.,blink
10:25:28.7378,.,.,blink
10:25:28.7383,.,.,blink
10:25:28.7387,.,.,blink
10:25:28.7392,.,.,blink
10:25:28.7397,.,.,blink
10:25:28.7401,.,.,blink
10:25:28.7406,.,.,blink
10:25:28.7411,.,.,blink
10:25:28.7416,.,.,blink
10:25:28.7420,.,.,blink
10:25:28.7425,.,.,blink
10:25:28.743,.,.,blink
10:25:28.7434,.,.,blink
10:25:28.7439,.,.,blink
10:25:28.7444,.,.,blink
10:25:28.7448,.,.,blink
10:25:28.7453,.,.,blink
10:25:28.7458,.,.,blink
10:25:28.7462,.,.,blink
10:25:28.7467,.,.,blink
10:25:28.7472,.,.,blink
10:25:28.7477,.,.,blink
10:25:28.7481,.,.,blink
10:25:28.7486,.,.,blink
10:25:28.7491,.,.,blink
10:25:28.7495,.,.,blink
10:25:28.75,.,.,blink
10:25:28.7505,.,.,blink
10:25:28.7509,.,.,blink
10:25:28.7514,.,.,blink
10:25:28.7519,.,.,blink
10:25:28.7523,.,.,blink
10:25:28.7528,.,.,blink
10:25:28.7533,.,.,blink
10:25:28.7538,.,.,blink
10:25:28.7542,.,.,blink
10:25:28.7547,.,.,blink
10:25:28.7552,.,.,blink
10:25:28.7556,.,.,blink
10:25:28.7561,.,.,blink
10:25:28.7566,.,.,blink
10:25:28.7570,.,.,blink
10:25:28.7575,.,.,blink
10:25:28.758,.,.,blink
10:25:28.7584,.,.,blink
10:25:28.7589,.,.,blink
10:25:28.7594,.,.,blink
10:25:28.7599,.,.,blink
10:25:28.7603,.,.,blink
10:25:28.7608,.,.,blink
10:25:28.7613,.,.,blink
10:25:28.7617,.,.,blink
10:25:28.7622,.,.,blink
10:25:28.7627,.,.,blink
10:25:28.7631,.,.,blink
10:25:28.7636,.,.,blink
10:25:28.7641,.,.,blink
10:25:28.7645,.,.,blink
10:25:28.765,.,.,blink
10:25:28.7655,.,.,blink
10:25:28.766,.,.,blink
10:25:28.7664,.,.,blink
10:25:28.7669,.,.,blink
10:25:28.7674,.,.,blink
10:25:28.7678,.,.,blink
10:25:28.7683,.,.,blink
10:25:28.7688,.,.,blink
10:25:28.7692,.,.,blink
10:25:28.7697,.,.,blink
10:25:28.7702,.,.,blink
10:25:28.7706,.,.,blink
10:25:28.7711,.,.,blink
10:25:28.7716,.,.,blink
10:25:28.7721,.,.,blink
10:25:28.7725,.,.,blink
10:25:28.773,.,.,blink
10:25:28.7735,.,.,blink
10:25:28.7739,.,.,blink
10:25:28.7744,.,.,blink
10:25:28.7749,.,.,blink
10:25:28.7753,.,.,blink
10:25:28.7758,.,.,blink
10:25:28.7763,.,.,blink
10:25:28.7767,.,.,blink
10:25:28.7772,.,.,blink
10:25:28.7777,.,.,blink
10:25:28.7782,.,.,blink
10:25:28.7786,.,.,blink
10:25:28.7791,.,.,blink
10:25:28.7796,.,.,blink
10:25:28.7800,.,.,blink
10:25:28.7805,.,.,blink
10:25:28.781,.,.,blink
10:25:28.7814,.,.,blink
10:25:28.7819,.,.,blink
10:25:28.7824,.,.,blink
10:25:28.7828,.,.,blink
10:25:28.7833,.,.,blink
10:25:28.7838,.,.,blink
10:25:28.7842,.,.,blink
10:25:28.7846,.,.,blink
10:25:28.7851,.,.,blink
10:25:28.7856,.,.,blink
10:25:28.7860,.,.,blink
10:25:28.7865,.,.,blink
10:25:28.787,.,.,blink
10:25:28.7874,.,.,blink
10:25:28.7879,.,.,blink
10:25:28.7884,.,.,blink
10:25:28.7888,.,.,blink
10:25:28.7892,.,.,blink
10:25:28.7897,.,.,blink
10:25:28.7902,.,.,blink
10:25:28.7906,.,.,blink
10:25:28.7911,.,.,blink
10:25:28.7916,.,.,blink
10:25:28.7920,.,.,blink
10:25:28.7925,.,.,blink
10:25:28.793,.,.,blink
10:25:28.7934,.,.,blink
10:25:28.7938,.,.,blink
10:25:28.7943,.,.,blink
10:25:28.7948,.,.,blink
10:25:28.7952,.,.,blink
10:25:28.7957,.,.,blink
10:25:28.7962,.,.,blink
10:25:28.7966,.,.,blink
10:25:28.7971,.,.,blink
10:25:28.7976,.,.,blink
10:25:28.7980,.,.,blink
10:25:28.7984,.,.,blink
10:25:28.7989,.,.,blink
10:25:28.7994,.,.,blink
10:25:28.7998,.,.,blink
10:25:28.8003,.,.,blink
10:25:28.8008,.,.,blink
10:25:28.8012,.,.,blink
10:25:28.8017,.,.,blink
10:25:28.8022,.,.,blink
10:25:28.8026,.,.,blink
10:25:28.8031,.,.,blink
10:25:28.8036,.,.,blink
10:25:28.8041,.,.,blink
10:25:28.8045,.,.,blink
10:25:28.805,.,.,blink
10:25:28.8055,.,.,blink
10:25:28.8059,.,.,blink
10:25:28.8064,.,.,blink
10:25:28.8069,.,.,blink
10:25:28.8073,.,.,blink
10:25:28.8078,.,.,blink
10:25:28.8083,.,.,blink
10:25:28.8087,.,.,blink
10:25:28.8092,.,.,blink
10:25:28.8097,.,.,blink
10:25:28.8102,.,.,blink
10:25:28.8106,.,.,blink
10:25:28.8111,.,.,blink
10:25:28.8116,.,.,blink
10:25:28.8120,.,.,blink
10:25:28.8125,.,.,blink
10:25:28.813,.,.,blink
10:25:28.8134,.,.,blink
10:25:28.8139,.,.,blink
10:25:28.8144,.,.,blink
10:25:28.8148,.,.,blink
10:25:28.8153,.,.,blink
10:25:28.8158,.,.,blink
10:25:28.8163,.,.,blink
10:25:28.8167,.,.,blink
10:25:28.8172,.,.,blink
10:25:28.8177,.,.,blink
10:25:28.8181,.,.,blink
10:25:28.8186,.,.,blink
10:25:28.8191,.,.,blink
10:25:28.8195,.,.,blink
10:25:28.82,.,.,blink
10:25:28.8205,.,.,blink
10:25:28.8209,.,.,blink
10:25:28.8214,.,.,blink
10:25:28.8219,.,.,blink
10:25:28.8224,.,.,blink
10:25:28.8228,.,.,blink
10:25:28.8233,.,.,blink
10:25:28.8238,.,.,blink
10:25:28.8242,.,.,blink
10:25:28.8247,.,.,blink
10:25:28.8252,.,.,blink
10:25:28.8256,.,.,blink
10:25:28.8261,.,.,blink
10:25:28.8266,.,.,blink
10:25:28.8270,.,.,blink
10:25:28.8275,.,.,blink
10:25:28.828,.,.,blink
10:25:28.8285,.,.,blink
10:25:28.8289,.,.,blink
10:25:28.8294,.,.,blink
10:25:28.8299,.,.,blink
10:25:28.8303,.,.,blink
10:25:28.8308,.,.,blink
10:25:28.8313,.,.,blink
10:25:28.8317,.,.,blink
10:25:28.8322,.,.,blink
10:25:28.8327,.,.,blink
10:25:28.8331,.,.,blink
10:25:28.8336,.,.,blink
10:25:28.8341,.,.,blink
10:25:28.8346,.,.,blink
10:25:28.8350,.,.,blink
10:25:28.8355,.,.,blink
10:25:28.836,.,.,blink
10:25:28.8364,.,.,blink
10:25:28.8369,.,.,blink
10:25:28.8374,.,.,blink
10:25:28.8378,.,.,blink
10:25:28.8383,.,.,blink
10:25:28.8388,.,.,blink
10:25:28.8392,.,.,blink
10:25:28.8397,.,.,blink
10:25:28.8402,.,.,blink
10:25:28.8407,.,.,blink
10:25:28.8411,.,.,blink
10:25:28.8416,.,.,blink
10:25:28.8421,.,.,blink
10:25:28.8425,.,.,blink
10:25:28.843,.,.,blink
10:25:28.8435,.,.,blink
10:25:28.8439,.,.,blink
10:25:28.8444,.,.,blink
10:25:28.8449,.,.,blink
10:25:28.8453,.,.,blink
10:25:28.8458,.,.,blink
10:25:28.8463,.,.,blink
10:25:28.8467,.,.,blink
10:25:28.8471,.,.,blink
10:25:28.8476,.,.,blink
10:25:28.8481,.,.,blink
10:25:28.8485,.,.,blink
10:25:28.849,.,.,blink
10:25:28.8495,.,.,blink
10:25:28.8499,.,.,blink
10:25:28.8504,.,.,blink
10:25:28.8509,.,.,blink
10:25:28.8513,.,.,blink
10:25:28.8517,.,.,blink
10:25:28.8522,.,.,blink
10:25:28.8527,.,.,blink
10:25:28.8531,.,.,blink
10:25:28.8536,.,.,blink
10:25:28.8541,.,.,blink
10:25:28.8545,.,.,blink
10:25:28.855,.,.,blink
10:25:28.8555,.,.,blink
10:25:28.8559,.,.,blink
10:25:28.8563,.,.,blink
10:25:28.8568,.,.,blink
10:25:28.8573,.,.,blink
10:25:28.8577,.,.,blink
10:25:28.8582,.,.,blink
10:25:28.8587,.,.,blink
10:25:28.8591,.,.,blink
10:25:28.8596,.,.,blink
10:25:28.8601,.,.,blink
10:25:28.8605,.,.,blink
10:25:28.8609,.,.,blink
10:25:28.8614,.,.,blink
10:25:28.8619,.,.,blink
10:25:28.8623,.,.,blink
10:25:28.8628,.,.,blink
10:25:28.8633,.,.,blink
10:25:28.8637,.,.,blink
10:25:28.8642,.,.,blink
10:25:28.8647,.,.,blink
10:25:28.8651,.,.,blink
10:25:28.8656,.,.,blink
10:25:28.8661,.,.,blink
10:25:28.8666,.,.,blink
10:25:28.8670,.,.,blink
10:25:28.8675,.,.,blink
10:25:28.868,.,.,blink
10:25:28.8684,.,.,blink
10:25:28.8689,.,.,blink
10:25:28.8694,.,.,blink
10:25:28.8698,.,.,blink
10:25:28.8703,.,.,blink
10:25:28.8708,.,.,blink
10:25:28.8712,.,.,blink
10:25:28.8717,.,.,blink
10:25:28.8722,.,.,blink
10:25:28.8727,.,.,blink
10:25:28.8731,.,.,blink
10:25:28.8736,.,.,blink
10:25:28.8741,.,.,blink
10:25:28.8745,.,.,blink
10:25:28.875,.,.,blink
10:25:28.8755,.,.,blink
10:25:28.8759,.,.,blink
10:25:28.8764,.,.,blink
10:25:28.8769,.,.,blink
10:25:28.8773,.,.,blink
10:25:28.8778,.,.,blink
10:25:28.8783,.,.,blink
10:25:28.8788,.,.,blink
10:25:28.8792,.,.,blink
10:25:28.8797,.,.,blink
10:25:28.8802,.,.,blink
10:25:28.8806,.,.,blink
10:25:28.8811,.,.,blink
10:25:28.8816,.,.,blink
10:25:28.8820,.,.,blink
10:25:28.8825,.,.,blink
10:25:28.883,.,.,blink
10:25:28.8834,.,.,blink
10:25:28.8839,.,.,blink
10:25:28.8844,.,.,blink
10:25:28.8849,.,.,blink
10:25:28.8853,.,.,blink
10:25:28.8858,.,.,blink
10:25:28.8863,.,.,blink
10:25:28.8867,.,.,blink
10:25:28.8872,.,.,blink
10:25:28.8877,.,.,blink
10:25:28.8881,.,.,blink
10:25:28.8886,.,.,blink
10:25:28.8891,.,.,blink
10:25:28.8895,.,.,blink
10:25:28.89,.,.,blink
10:25:28.8905,.,.,blink
10:25:28.891,.,.,blink
10:25:28.8914,.,.,blink
10:25:28.8919,.,.,blink
10:25:28.8924,.,.,blink
10:25:28.8928,.,.,blink
10:25:28.8933,.,.,blink
10:25:28.8938,.,.,blink
10:25:28.8942,.,.,blink
10:25:28.8947,.,.,blink
10:25:28.8952,.,.,blink
10:25:28.8956,.,.,blink
10:25:28.8961,.,.,blink
10:25:28.8966,.,.,blink
10:25:28.8971,.,.,blink
10:25:28.8975,.,.,blink
10:25:28.898,.,.,blink
10:25:28.8985,.,.,blink
10:25:28.8989,.,.,blink
10:25:28.8994,.,.,blink
10:25:28.8999,.,.,blink
10:25:28.9003,.,.,blink
10:25:28.9008,.,.,blink
10:25:28.9013,.,.,blink
10:25:28.9017,.,.,blink
10:25:28.9022,.,.,blink
10:25:28.9027,.,.,blink
10:25:28.9032,.,.,blink
10:25:28.9036,.,.,blink
10:25:28.9041,.,.,blink
10:25:28.9046,.,.,blink
10:25:28.9050,.,.,blink
10:25:28.9055,.,.,blink
10:25:28.906,.,.,blink
10:25:28.9064,.,.,blink
10:25:28.9069,.,.,blink
10:25:28.9074,.,.,blink
10:25:28.9078,.,.,blink
10:25:28.9083,.,.,blink
10:25:28.9088,.,.,blink
10:25:28.9092,.,.,blink
10:25:28.9096,.,.,blink
10:25:28.9101,.,.,blink
10:25:28.9106,.,.,blink
10:25:28.9110,.,.,blink
10:25:28.9115,.,.,blink
10:25:28.912,.,.,blink
10:25:28.9124,.,.,blink
10:25:28.9129,.,.,blink
10:25:28.9134,.,.,blink
10:25:28.9138,.,.,blink
10:25:28.9142,.,.,blink
10:25:28.9147,.,.,blink
10:25:28.9152,.,.,blink
10:25:28.9156,.,.,blink
10:25:28.9161,.,.,blink
10:25:28.9166,.,.,blink
10:25:28.9170,.,.,blink
10:25:28.9175,.,.,blink
10:25:28.918,.,.,blink
10:25:28.9184,.,.,blink
10:25:28.9188,.,.,blink
10:25:28.9193,.,.,blink
10:25:28.9198,.,.,blink
10:25:28.9202,.,.,blink
10:25:28.9207,.,.,blink
10:25:28.9212,.,.,blink
10:25:28.9216,.,.,blink
10:25:28.9221,.,.,blink
10:25:28.9226,.,.,blink
10:25:28.9230,.,.,blink
10:25:28.9234,.,.,blink
10:25:28.9239,.,.,blink
10:25:28.9244,.,.,blink
10:25:28.9248,.,.,blink
10:25:28.9253,.,.,blink
10:25:28.9258,.,.,blink
10:25:28.9262,.,.,blink
10:25:28.9267,.,.,blink
10:25:28.9272,.,.,blink
10:25:28.9276,.,.,blink
10:25:28.9281,.,.,blink
10:25:28.9286,.,.,blink
10:25:28.9291,.,.,blink
10:25:28.9295,.,.,blink
10:25:28.93,.,.,blink
10:25:28.9305,.,.,blink
10:25:28.9309,.,.,blink
10:25:28.9314,.,.,blink
10:25:28.9319,.,.,blink
10:25:28.9323,.,.,blink
10:25:28.9328,.,.,blink
10:25:28.9333,.,.,blink
10:25:28.9337,.,.,blink
10:25:28.9342,.,.,blink
10:25:28.9347,.,.,blink
10:25:28.9352,.,.,blink
10:25:28.9356,.,.,blink
10:25:28.9361,.,.,blink
10:25:28.9366,.,.,blink
10:25:28.9370,.,.,blink
10:25:28.9375,.,.,blink
10:25:28.938,.,.,blink
10:25:28.9384,.,.,blink
10:25:28.9389,.,.,blink
10:25:28.9394,.,.,blink
10:25:28.9398,.,.,blink
10:25:28.9403,.,.,blink
10:25:28.9408,.,.,blink
10:25:28.9413,.,.,blink
10:25:28.9417,.,.,blink
10:25:28.9422,.,.,blink
10:25:28.9427,.,.,blink
10:25:28.9431,.,.,blink
10:25:28.9436,.,.,blink
10:25:28.9441,.,.,blink
10:25:28.9445,.,.,blink
10:25:28.945,.,.,blink
10:25:28.9455,.,.,blink
10:25:28.9459,.,.,blink
10:25:28.9464,.,.,blink
10:25:28.9469,.,.,blink
10:25:28.9474,.,.,blink
10:25:28.9478,.,.,blink
10:25:28.9483,.,.,blink
10:25:28.9488,.,.,blink
10:25:28.9492,.,.,blink
10:25:28.9497,.,.,blink
10:25:28.9502,.,.,blink
10:25:28.9506,.,.,blink
10:25:28.9511,.,.,blink
10:25:28.9516,.,.,blink
10:25:28.9520,.,.,blink
10:25:28.9525,.,.,blink
10:25:28.953,.,.,blink
10:25:28.9535,.,.,blink
10:25:28.9539,.,.,blink
10:25:28.9544,.,.,blink
10:25:28.9549,.,.,blink
10:25:28.9553,.,.,blink
10:25:28.9558,.,.,blink
10:25:28.9563,.,.,blink
10:25:28.9567,.,.,blink
10:25:28.9572,.,.,blink
10:25:28.9577,.,.,blink
10:25:28.9581,.,.,blink
10:25:28.9586,.,.,blink
10:25:28.9591,.,.,blink
10:25:28.9596,.,.,blink
10:25:28.9600,.,.,blink
10:25:28.9605,.,.,blink
10:25:28.961,.,.,blink
10:25:28.9614,.,.,blink
10:25:28.9619,.,.,blink
10:25:28.9624,.,.,blink
10:25:28.9628,.,.,blink
10:25:28.9633,.,.,blink
10:25:28.9638,.,.,blink
10:25:28.9642,.,.,blink
10:25:28.9647,.,.,blink
10:25:28.9652,.,.,blink
10:25:28.9657,.,.,blink
10:25:28.9661,.,.,blink
10:25:28.9666,.,.,blink
10:25:28.9671,.,.,blink
10:25:28.9675,.,.,blink
10:25:28.968,.,.,blink
10:25:28.9685,.,.,blink
10:25:28.9689,.,.,blink
10:25:28.9694,.,.,blink
10:25:28.9699,.,.,blink
10:25:28.9703,.,.,blink
10:25:28.9708,.,.,blink
10:25:28.9713,.,.,blink
10:25:28.9717,.,.,blink
10:25:28.9721,.,.,blink
10:25:28.9726,.,.,blink
10:25:28.9731,.,.,blink
10:25:28.9735,.,.,blink
10:25:28.974,.,.,blink
10:25:28.9745,.,.,blink
10:25:28.9749,.,.,blink
10:25:28.9754,.,.,blink
10:25:28.9759,.,.,blink
10:25:28.9763,.,.,blink
10:25:28.9767,.,.,blink
10:25:28.9772,.,.,blink
10:25:28.9777,.,.,blink
10:25:28.9781,.,.,blink
10:25:28.9786,.,.,blink
10:25:28.9791,.,.,blink
10:25:28.9795,.,.,blink
10:25:28.98,.,.,blink
10:25:28.9805,.,.,blink
10:25:28.9809,.,.,blink
10:25:28.9813,.,.,blink
10:25:28.9818,.,.,blink
10:25:28.9823,.,.,blink
10:25:28.9827,.,.,blink
10:25:28.9832,.,.,blink
10:25:28.9837,.,.,blink
10:25:28.9841,.,.,blink
10:25:28.9846,.,.,blink
10:25:28.9851,.,.,blink
10:25:28.9855,.,.,blink
10:25:28.9859,.,.,blink
10:25:28.9864,.,.,blink
10:25:28.9869,.,.,blink
10:25:28.9873,.,.,blink
10:25:28.9878,.,.,blink
10:25:28.9883,.,.,blink
10:25:28.9887,.,.,blink
10:25:28.9892,.,.,blink
10:25:28.9897,.,.,blink
10:25:28.9901,.,.,blink
10:25:28.9906,.,.,blink
10:25:28.9911,.,.,blink
10:25:28.9916,.,.,blink
10:25:28.9920,.,.,blink
10:25:28.9925,.,.,blink
10:25:28.993,.,.,blink
10:25:28.9934,.,.,blink
10:25:28.9939,.,.,blink
10:25:28.9944,.,.,blink
10:25:28.9948,.,.,blink
10:25:28.9953,.,.,blink
10:25:28.9958,.,.,blink
10:25:28.9962,.,.,blink
10:25:28.9967,.,.,blink
10:25:28.9972,.,.,blink
10:25:28.9977,.,.,blink
10:25:28.9981,.,.,blink
10:25:28.9986,.,.,blink
10:25:28.9991,.,.,blink
10:25:28.9995,.,.,blink
10:25:29.,.,.,blink
10:25:29.0005,.,.,blink
10:25:29.0009,.,.,blink
10:25:29.0014,.,.,blink
10:25:29.0019,.,.,blink
10:25:29.0023,.,.,blink
10:25:29.0028,.,.,blink
10:25:29.0033,.,.,blink
10:25:29.0038,.,.,blink
10:25:29.0042,.,.,blink
10:25:29.0047,.,.,blink
10:25:29.0052,.,.,blink
10:25:29.0056,.,.,blink
10:25:29.0061,.,.,blink
10:25:29.0066,.,.,blink
10:25:29.0070,.,.,blink
10:25:29.0075,.,.,blink
10:25:29.008,.,.,blink
10:25:29.0084,.,.,blink
10:25:29.0089,.,.,blink
10:25:29.0094,.,.,blink
10:25:29.0099,.,.,blink
10:25:29.0103,.,.,blink
10:25:29.0108,.,.,blink
10:25:29.0113,.,.,blink
10:25:29.0117,.,.,blink
10:25:29.0122,.,.,blink
10:25:29.0127,.,.,blink
10:25:29.0131,.,.,blink
10:25:29.0136,.,.,blink
10:25:29.0141,.,.,blink
10:25:29.0145,.,.,blink
10:25:29.015,.,.,blink
10:25:29.0155,.,.,blink
10:25:29.016,.,.,blink
10:25:29.0164,.,.,blink
10:25:29.0169,.,.,blink
10:25:29.0174,.,.,blink
10:25:29.0178,.,.,blink
10:25:29.0183,.,.,blink
10:25:29.0188,.,.,blink
10:25:29.0192,.,.,blink
10:25:29.0197,.,.,blink
10:25:29.0202,.,.,blink
10:25:29.0206,.,.,blink
10:25:29.0211,.,.,blink
10:25:29.0216,.,.,blink
10:25:29.0221,.,.,blink
10:25:29.0225,.,.,blink
10:25:29.023,.,.,blink
10:25:29.0235,.,.,blink
10:25:29.0239,.,.,blink
10:25:29.0244,.,.,blink
10:25:29.0249,.,.,blink
10:25:29.0253,.,.,blink
10:25:29.0258,.,.,blink
10:25:29.0263,.,.,blink
10:25:29.0267,.,.,blink
10:25:29.0272,.,.,blink
10:25:29.0277,.,.,blink
10:25:29.0282,.,.,blink
10:25:29.0286,.,.,blink
10:25:29.0291,.,.,blink
10:25:29.0296,.,.,blink
10:25:29.0300,.,.,blink
10:25:29.0305,.,.,blink
10:25:29.031,.,.,blink
10:25:29.0314,.,.,blink
10:25:29.0319,.,.,blink
10:25:29.0324,.,.,blink
10:25:29.0328,.,.,blink
10:25:29.0333,.,.,blink
10:25:29.0338,.,.,blink
10:25:29.0342,.,.,blink
10:25:29.0346,.,.,blink
10:25:29.0351,.,.,blink
10:25:29.0356,.,.,blink
10:25:29.0360,.,.,blink
10:25:29.0365,.,.,blink
10:25:29.037,.,.,blink
10:25:29.0374,.,.,blink
10:25:29.0379,.,.,blink
10:25:29.0384,.,.,blink
10:25:29.0388,.,.,blink
10:25:29.0392,.,.,blink
10:25:29.0397,.,.,blink
10:25:29.0402,.,.,blink
10:25:29.0406,.,.,blink
10:25:29.0411,.,.,blink
10:25:29.0416,.,.,blink
10:25:29.0420,.,.,blink
10:25:29.0425,.,.,blink
10:25:29.043,.,.,blink
10:25:29.0434,.,.,blink
10:25:29.0438,.,.,blink
10:25:29.0443,.,.,blink
10:25:29.0448,.,.,blink
10:25:29.0452,.,.,blink
10:25:29.0457,.,.,blink
10:25:29.0462,.,.,blink
10:25:29.0466,.,.,blink
10:25:29.0471,.,.,blink
10:25:29.0476,.,.,blink
10:25:29.0480,.,.,blink
10:25:29.0484,.,.,blink
10:25:29.0489,.,.,blink
10:25:29.0494,.,.,blink
10:25:29.0498,.,.,blink
10:25:29.0503,.,.,blink
10:25:29.0508,.,.,blink
10:25:29.0512,.,.,blink
10:25:29.0517,.,.,blink
10:25:29.0522,.,.,blink
10:25:29.0526,.,.,blink
10:25:29.0531,.,.,blink
10:25:29.0536,.,.,blink
10:25:29.0541,.,.,blink
10:25:29.0545,.,.,blink
10:25:29.055,.,.,blink
10:25:29.0555,.,.,blink
10:25:29.0559,.,.,blink
10:25:29.0564,.,.,blink
10:25:29.0569,.,.,blink
10:25:29.0573,.,.,blink
10:25:29.0578,.,.,blink
10:25:29.0583,.,.,blink
10:25:29.0587,.,.,blink
10:25:29.0592,.,.,blink
10:25:29.0597,.,.,blink
10:25:29.0602,.,.,blink
10:25:29.0606,.,.,blink
10:25:29.0611,.,.,blink
10:25:29.0616,.,.,blink
10:25:29.0620,.,.,blink
10:25:29.0625,.,.,blink
10:25:29.063,.,.,blink
10:25:29.0634,.,.,blink
10:25:29.0639,.,.,blink
10:25:29.0644,.,.,blink
10:25:29.0648,.,.,blink
10:25:29.0653,.,.,blink
10:25:29.0658,.,.,blink
10:25:29.0663,.,.,blink
10:25:29.0667,.,.,blink
10:25:29.0672,.,.,blink
10:25:29.0677,.,.,blink
10:25:29.0681,.,.,blink
10:25:29.0686,.,.,blink
10:25:29.0691,.,.,blink
10:25:29.0695,.,.,blink
10:25:29.07,.,.,blink
10:25:29.0705,.,.,blink
10:25:29.0709,.,.,blink
10:25:29.0714,.,.,blink
10:25:29.0719,.,.,blink
10:25:29.0724,.,.,blink
10:25:29.0728,.,.,blink
10:25:29.0733,.,.,blink
10:25:29.0738,.,.,blink
10:25:29.0742,.,.,blink
10:25:29.0747,.,.,blink
10:25:29.0752,.,.,blink
10:25:29.0756,.,.,blink
10:25:29.0761,.,.,blink
10:25:29.0766,.,.,blink
10:25:29.0770,.,.,blink
10:25:29.0775,.,.,blink
10:25:29.078,.,.,blink
10:25:29.0785,.,.,blink
10:25:29.0789,.,.,blink
10:25:29.0794,.,.,blink
10:25:29.0799,.,.,blink
10:25:29.0803,.,.,blink
10:25:29.0808,.,.,blink
10:25:29.0813,.,.,blink
10:25:29.0817,.,.,blink
10:25:29.0822,.,.,blink
10:25:29.0827,.,.,blink
10:25:29.0831,.,.,blink
10:25:29.0836,.,.,blink
10:25:29.0841,.,.,blink
10:25:29.0846,.,.,blink
10:25:29.0850,.,.,blink
10:25:29.0855,.,.,blink
10:25:29.086,.,.,blink
10:25:29.0864,.,.,blink
10:25:29.0869,.,.,blink
10:25:29.0874,.,.,blink
10:25:29.0878,.,.,blink
10:25:29.0883,.,.,blink
10:25:29.0888,.,.,blink
10:25:29.0892,.,.,blink
10:25:29.0897,.,.,blink
10:25:29.0902,.,.,blink
10:25:29.0907,.,.,blink
10:25:29.0911,.,.,blink
10:25:29.0916,.,.,blink
10:25:29.0921,.,.,blink
10:25:29.0925,.,.,blink
10:25:29.093,.,.,blink
10:25:29.0935,.,.,blink
10:25:29.0939,.,.,blink
10:25:29.0944,.,.,blink
10:25:29.0949,.,.,blink
10:25:29.0953,.,.,blink
10:25:29.0958,.,.,blink
10:25:29.0963,.,.,blink
10:25:29.0967,.,.,blink
10:25:29.0971,.,.,blink
10:25:29.0976,.,.,blink
10:25:29.0981,.,.,blink
10:25:29.0985,.,.,blink
10:25:29.099,.,.,blink
10:25:29.0995,.,.,blink
10:25:29.0999,.,.,blink
10:25:29.1004,.,.,blink
10:25:29.1009,.,.,blink
10:25:29.1013,.,.,blink
10:25:29.1017,.,.,blink
10:25:29.1022,.,.,blink
10:25:29.1027,.,.,blink
10:25:29.1031,.,.,blink
10:25:29.1036,.,.,blink
10:25:29.1041,.,.,blink
10:25:29.1045,.,.,blink
10:25:29.105,.,.,blink
10:25:29.1055,.,.,blink
10:25:29.1059,.,.,blink
10:25:29.1063,.,.,blink
10:25:29.1068,.,.,blink
10:25:29.1073,.,.,blink
10:25:29.1077,.,.,blink
10:25:29.1082,.,.,blink
10:25:29.1087,.,.,blink
10:25:29.1091,.,.,blink
10:25:29.1096,.,.,blink
10:25:29.1101,.,.,blink
10:25:29.1105,.,.,blink
10:25:29.1109,.,.,blink
10:25:29.1114,.,.,blink
10:25:29.1119,.,.,blink
10:25:29.1123,.,.,blink
10:25:29.1128,.,.,blink
10:25:29.1133,.,.,blink
10:25:29.1137,.,.,blink
10:25:29.1142,.,.,blink
10:25:29.1147,.,.,blink
10:25:29.1151,.,.,blink
10:25:29.1156,.,.,blink
10:25:29.1161,.,.,blink
10:25:29.1166,.,.,blink
10:25:29.1170,.,.,blink
10:25:29.1175,.,.,blink
10:25:29.118,.,.,blink
10:25:29.1184,.,.,blink
10:25:29.1189,.,.,blink
10:25:29.1194,.,.,blink
10:25:29.1198,.,.,blink
10:25:29.1203,.,.,blink
10:25:29.1208,.,.,blink
10:25:29.1212,.,.,blink
10:25:29.1217,.,.,blink
10:25:29.1222,.,.,blink
10:25:29.1227,.,.,blink
10:25:29.1231,.,.,blink
10:25:29.1236,.,.,blink
10:25:29.1241,.,.,blink
10:25:29.1245,.,.,blink
10:25:29.125,.,.,blink
10:25:29.1255,.,.,blink
10:25:29.1259,.,.,blink
10:25:29.1264,.,.,blink
10:25:29.1269,.,.,blink
10:25:29.1273,.,.,blink
10:25:29.1278,.,.,blink
10:25:29.1283,.,.,blink
10:25:29.1288,.,.,blink
10:25:29.1292,.,.,blink
10:25:29.1297,.,.,blink
10:25:29.1302,.,.,blink
10:25:29.1306,.,.,blink
10:25:29.1311,.,.,blink
10:25:29.1316,.,.,blink
10:25:29.1320,.,.,blink
10:25:29.1325,.,.,blink
10:25:29.133,.,.,blink
10:25:29.1334,.,.,blink
10:25:29.1339,.,.,blink
10:25:29.1344,.,.,blink
10:25:29.1349,.,.,blink
10:25:29.1353,.,.,blink
10:25:29.1358,.,.,blink
10:25:29.1363,.,.,blink
10:25:29.1367,.,.,blink
10:25:29.1372,.,.,blink
10:25:29.1377,.,.,blink
10:25:29.1381,.,.,blink
10:25:29.1386,.,.,blink
10:25:29.1391,.,.,blink
10:25:29.1395,.,.,blink
10:25:29.14,.,.,blink
10:25:29.1405,.,.,blink
10:25:29.141,.,.,blink
10:25:29.1414,.,.,blink
10:25:29.1419,.,.,blink
10:25:29.1424,.,.,blink
10:25:29.1428,.,.,blink
10:25:29.1433,.,.,blink
10:25:29.1438,.,.,blink
10:25:29.1442,.,.,blink
10:25:29.1447,.,.,blink
10:25:29.1452,.,.,blink
10:25:29.1456,.,.,blink
10:25:29.1461,.,.,blink
10:25:29.1466,.,.,blink
10:25:29.1471,.,.,blink
10:25:29.1475,.,.,blink
10:25:29.148,.,.,blink
10:25:29.1485,.,.,blink
10:25:29.1489,.,.,blink
10:25:29.1494,.,.,blink
10:25:29.1499,.,.,blink
10:25:29.1503,.,.,blink
10:25:29.1508,.,.,blink
10:25:29.1513,.,.,blink
10:25:29.1517,.,.,blink
10:25:29.1522,.,.,blink
10:25:29.1527,.,.,blink
10:25:29.1532,.,.,blink
10:25:29.1536,.,.,blink
10:25:29.1541,.,.,blink
10:25:29.1546,.,.,blink
10:25:29.1550,.,.,blink
10:25:29.1555,.,.,blink
10:25:29.156,.,.,blink
10:25:29.1564,.,.,blink
10:25:29.1569,.,.,blink
10:25:29.1574,.,.,blink
10:25:29.1578,.,.,blink
10:25:29.1583,.,.,blink
10:25:29.1588,.,.,blink
10:25:29.1592,.,.,blink
10:25:29.1596,.,.,blink
10:25:29.1601,.,.,blink
10:25:29.1606,.,.,blink
10:25:29.1610,.,.,blink
10:25:29.1615,.,.,blink
10:25:29.162,.,.,blink
10:25:29.1624,.,.,blink
10:25:29.1629,.,.,blink
10:25:29.1634,.,.,blink
10:25:29.1638,.,.,blink
10:25:29.1642,.,.,blink
10:25:29.1647,.,.,blink
10:25:29.1652,.,.,blink
10:25:29.1656,.,.,blink
10:25:29.1661,.,.,blink
10:25:29.1666,.,.,blink
10:25:29.1670,.,.,blink
10:25:29.1675,.,.,blink
10:25:29.168,.,.,blink
10:25:29.1684,.,.,blink
10:25:29.1688,.,.,blink
10:25:29.1693,.,.,blink
10:25:29.1698,.,.,blink
10:25:29.1702,.,.,blink
10:25:29.1707,.,.,blink
10:25:29.1712,.,.,blink
10:25:29.1716,.,.,blink
10:25:29.1721,.,.,blink
10:25:29.1726,.,.,blink
10:25:29.1730,.,.,blink
10:25:29.1734,.,.,blink
10:25:29.1739,.,.,blink
10:25:29.1744,.,.,blink
10:25:29.1748,.,.,blink
10:25:29.1753,.,.,blink
10:25:29.1758,.,.,blink
10:25:29.1762,.,.,blink
10:25:29.1767,.,.,blink
10:25:29.1772,.,.,blink
10:25:29.1776,.,.,blink
10:25:29.1781,.,.,blink
10:25:29.1786,.,.,blink
10:25:29.1791,.,.,blink
10:25:29.1795,.,.,blink
10:25:29.18,.,.,blink
10:25:29.1805,.,.,blink
10:25:29.1809,.,.,blink
10:25:29.1814,.,.,blink
10:25:29.1819,.,.,blink
10:25:29.1823,.,.,blink
10:25:29.1828,.,.,blink
10:25:29.1833,.,.,blink
10:25:29.1837,.,.,blink
10:25:29.1842,.,.,blink
10:25:29.1847,.,.,blink
10:25:29.1852,.,.,blink
10:25:29.1856,.,.,blink
10:25:29.1861,.,.,blink
10:25:29.1866,.,.,blink
10:25:29.1870,.,.,blink
10:25:29.1875,.,.,blink
10:25:29.188,.,.,blink
10:25:29.1884,.,.,blink
10:25:29.1889,.,.,blink
10:25:29.1894,.,.,blink
10:25:29.1898,.,.,blink
10:25:29.1903,.,.,blink
10:25:29.1908,.,.,blink
10:25:29.1913,.,.,blink
10:25:29.1917,.,.,blink
10:25:29.1922,.,.,blink
10:25:29.1927,.,.,blink
10:25:29.1931,.,.,blink
10:25:29.1936,.,.,blink
10:25:29.1941,.,.,blink
10:25:29.1945,.,.,blink
10:25:29.195,.,.,blink
10:25:29.1955,.,.,blink
10:25:29.1959,.,.,blink
10:25:29.1964,.,.,blink
10:25:29.1969,.,.,blink
10:25:29.1974,.,.,blink
10:25:29.1978,.,.,blink
10:25:29.1983,.,.,blink
10:25:29.1988,.,.,blink
10:25:29.1992,.,.,blink
10:25:29.1997,.,.,blink
10:25:29.2002,.,.,blink
10:25:29.2006,.,.,blink
10:25:29.2011,.,.,blink
10:25:29.2016,.,.,blink
10:25:29.2020,.,.,blink
10:25:29.2025,.,.,blink
10:25:29.203,.,.,blink
10:25:29.2035,.,.,blink
10:25:29.2039,.,.,blink
10:25:29.2044,.,.,blink
10:25:29.2049,.,.,blink
10:25:29.2053,.,.,blink
10:25:29.2058,.,.,blink
10:25:29.2063,.,.,blink
10:25:29.2067,.,.,blink
10:25:29.2072,.,.,blink
10:25:29.2077,.,.,blink
10:25:29.2081,.,.,blink
10:25:29.2086,.,.,blink
10:25:29.2091,.,.,blink
10:25:29.2096,.,.,blink
10:25:29.2100,.,.,blink
10:25:29.2105,.,.,blink
10:25:29.211,.,.,blink
10:25:29.2114,.,.,blink
10:25:29.2119,.,.,blink
10:25:29.2124,.,.,blink
10:25:29.2128,.,.,blink
10:25:29.2133,.,.,blink
10:25:29.2138,.,.,blink
10:25:29.2142,.,.,blink
10:25:29.2147,.,.,blink
10:25:29.2152,.,.,blink
10:25:29.2157,.,.,blink
10:25:29.2161,.,.,blink
10:25:29.2166,.,.,blink
10:25:29.2171,.,.,blink
10:25:29.2175,.,.,blink
10:25:29.218,.,.,blink
10:25:29.2185,.,.,blink
10:25:29.2189,.,.,blink
10:25:29.2194,.,.,blink
10:25:29.2199,.,.,blink
10:25:29.2203,.,.,blink
10:25:29.2208,.,.,blink
10:25:29.2213,.,.,blink
10:25:29.2217,.,.,blink
10:25:29.2221,.,.,blink
10:25:29.2226,.,.,blink
10:25:29.2231,.,.,blink
10:25:29.2235,.,.,blink
10:25:29.224,.,.,blink
10:25:29.2245,.,.,blink
10:25:29.2249,.,.,blink
10:25:29.2254,.,.,blink
10:25:29.2259,.,.,blink
10:25:29.2263,.,.,blink
10:25:29.2267,.,.,blink
10:25:29.2272,.,.,blink
10:25:29.2277,.,.,blink
10:25:29.2281,.,.,blink
10:25:29.2286,.,.,blink
10:25:29.2291,.,.,blink
10:25:29.2295,.,.,blink
10:25:29.23,.,.,blink
10:25:29.2305,.,.,blink
10:25:29.2309,.,.,blink
10:25:29.2313,.,.,blink
10:25:29.2318,.,.,blink
10:25:29.2323,.,.,blink
10:25:29.2327,.,.,blink
10:25:29.2332,.,.,blink
10:25:29.2337,.,.,blink
10:25:29.2341,.,.,blink
10:25:29.2346,.,.,blink
10:25:29.2351,.,.,blink
10:25:29.2355,.,.,blink
10:25:29.2359,.,.,blink
10:25:29.2364,.,.,blink
10:25:29.2369,.,.,blink
10:25:29.2373,.,.,blink
10:25:29.2378,.,.,blink
10:25:29.2383,.,.,blink
10:25:29.2387,.,.,blink
10:25:29.2392,.,.,blink
10:25:29.2397,.,.,blink
10:25:29.2401,.,.,blink
10:25:29.2406,.,.,blink
10:25:29.2411,.,.,blink
10:25:29.2416,.,.,blink
10:25:29.2420,.,.,blink
10:25:29.2425,.,.,blink
10:25:29.243,.,.,blink
10:25:29.2434,.,.,blink
10:25:29.2439,.,.,blink
10:25:29.2444,.,.,blink
10:25:29.2448,.,.,blink
10:25:29.2453,.,.,blink
10:25:29.2458,.,.,blink
10:25:29.2462,.,.,blink
10:25:29.2467,.,.,blink
10:25:29.2472,.,.,blink
10:25:29.2477,.,.,blink
10:25:29.2481,.,.,blink
10:25:29.2486,.,.,blink
10:25:29.2491,.,.,blink
10:25:29.2495,.,.,blink
10:25:29.25,.,.,blink
10:25:29.2505,.,.,blink
10:25:29.2509,.,.,blink
10:25:29.2514,.,.,blink
10:25:29.2519,.,.,blink
10:25:29.2523,.,.,blink
10:25:29.2528,.,.,blink
10:25:29.2533,.,.,blink
10:25:29.2538,.,.,blink
10:25:29.2542,.,.,blink
10:25:29.2547,.,.,blink
10:25:29.2552,.,.,blink
10:25:29.2556,.,.,blink
10:25:29.2561,.,.,blink
10:25:29.2566,.,.,blink
10:25:29.2570,.,.,blink
10:25:29.2575,.,.,blink
10:25:29.258,.,.,blink
10:25:29.2584,.,.,blink
10:25:29.2589,.,.,blink
10:25:29.2594,.,.,blink
10:25:29.2599,.,.,blink
10:25:29.2603,.,.,blink
10:25:29.2608,.,.,blink
10:25:29.2613,.,.,blink
10:25:29.2617,.,.,blink
10:25:29.2622,.,.,blink
10:25:29.2627,.,.,blink
10:25:29.2631,.,.,blink
10:25:29.2636,.,.,blink
10:25:29.2641,.,.,blink
10:25:29.2645,.,.,blink
10:25:29.265,.,.,blink
10:25:29.2655,.,.,blink
10:25:29.266,.,.,blink
10:25:29.2664,.,.,blink
10:25:29.2669,.,.,blink
10:25:29.2674,.,.,blink
10:25:29.2678,.,.,blink
10:25:29.2683,.,.,blink
10:25:29.2688,.,.,blink
10:25:29.2692,.,.,blink
10:25:29.2697,.,.,blink
10:25:29.2702,.,.,blink
10:25:29.2706,.,.,blink
10:25:29.2711,.,.,blink
10:25:29.2716,.,.,blink
10:25:29.2721,.,.,blink
10:25:29.2725,.,.,blink
10:25:29.273,.,.,blink
10:25:29.2735,.,.,blink
10:25:29.2739,.,.,blink
10:25:29.2744,.,.,blink
10:25:29.2749,.,.,blink
10:25:29.2753,.,.,blink
10:25:29.2758,.,.,blink
10:25:29.2763,.,.,blink
10:25:29.2767,.,.,blink
10:25:29.2772,.,.,blink
10:25:29.2777,.,.,blink
10:25:29.2782,.,.,blink
10:25:29.2786,.,.,blink
10:25:29.2791,.,.,blink
10:25:29.2796,.,.,blink
10:25:29.2800,.,.,blink
10:25:29.2805,.,.,blink
10:25:29.281,.,.,blink
10:25:29.2814,.,.,blink
10:25:29.2819,.,.,blink
10:25:29.2824,.,.,blink
10:25:29.2828,.,.,blink
10:25:29.2833,.,.,blink
10:25:29.2838,.,.,blink
10:25:29.2842,.,.,blink
10:25:29.2846,.,.,blink
10:25:29.2851,.,.,blink
10:25:29.2856,.,.,blink
10:25:29.2860,.,.,blink
10:25:29.2865,.,.,blink
10:25:29.287,.,.,blink
10:25:29.2874,.,.,blink
10:25:29.2879,.,.,blink
10:25:29.2884,.,.,blink
10:25:29.2888,.,.,blink
10:25:29.2892,.,.,blink
10:25:29.2897,.,.,blink
10:25:29.2902,.,.,blink
10:25:29.2906,.,.,blink
10:25:29.2911,.,.,blink
10:25:29.2916,.,.,blink
10:25:29.2920,.,.,blink
10:25:29.2925,.,.,blink
10:25:29.293,.,.,blink
10:25:29.2934,.,.,blink
10:25:29.2938,.,.,blink
10:25:29.2943,.,.,blink
10:25:29.2948,.,.,blink
10:25:29.2952,.,.,blink
10:25:29.2957,.,.,blink
10:25:29.2962,.,.,blink
10:25:29.2966,.,.,blink
10:25:29.2971,.,.,blink
10:25:29.2976,.,.,blink
10:25:29.2980,.,.,blink
10:25:29.2984,.,.,blink
10:25:29.2989,.,.,blink
10:25:29.2994,.,.,blink
10:25:29.2998,.,.,blink
10:25:29.3003,.,.,blink
10:25:29.3008,.,.,blink
10:25:29.3012,.,.,blink
10:25:29.3017,.,.,blink
10:25:29.3022,.,.,blink
10:25:29.3026,.,.,blink
10:25:29.3031,.,.,blink
10:25:29.3036,.,.,blink
10:25:29.3041,.,.,blink
10:25:29.3045,.,.,blink
10:25:29.305,.,.,blink
10:25:29.3055,.,.,blink
10:25:29.3059,.,.,blink
10:25:29.3064,.,.,blink
10:25:29.3069,.,.,blink
10:25:29.3073,.,.,blink
10:25:29.3078,.,.,blink
10:25:29.3083,.,.,blink
10:25:29.3087,.,.,blink
10:25:29.3092,.,.,blink
10:25:29.3097,.,.,blink
10:25:29.3102,.,.,blink
10:25:29.3106,.,.,blink
10:25:29.3111,.,.,blink
10:25:29.3116,.,.,blink
10:25:29.3120,.,.,blink
10:25:29.3125,.,.,blink
10:25:29.313,.,.,blink
10:25:29.3134,.,.,blink
10:25:29.3139,.,.,blink
10:25:29.3144,.,.,blink
10:25:29.3148,.,.,blink
10:25:29.3153,.,.,blink
10:25:29.3158,.,.,blink
10:25:29.3163,.,.,blink
10:25:29.3167,.,.,blink
10:25:29.3172,.,.,blink
10:25:29.3177,.,.,blink
10:25:29.3181,.,.,blink
10:25:29.3186,.,.,blink
10:25:29.3191,.,.,blink
10:25:29.3195,.,.,blink
10:25:29.32,.,.,blink
10:25:29.3205,.,.,blink
10:25:29.3209,.,.,blink
10:25:29.3214,.,.,blink
10:25:29.3219,.,.,blink
10:25:29.3224,.,.,blink
10:25:29.3228,.,.,blink
10:25:29.3233,.,.,blink
10:25:29.3238,.,.,blink
10:25:29.3242,.,.,blink
10:25:29.3247,.,.,blink
10:25:29.3252,.,.,blink
10:25:29.3256,.,.,blink
10:25:29.3261,.,.,blink
10:25:29.3266,.,.,blink
10:25:29.3270,.,.,blink
10:25:29.3275,.,.,blink
10:25:29.328,.,.,blink
10:25:29.3285,.,.,blink
10:25:29.3289,.,.,blink
10:25:29.3294,.,.,blink
10:25:29.3299,.,.,blink
10:25:29.3303,.,.,blink
10:25:29.3308,.,.,blink
10:25:29.3313,.,.,blink
10:25:29.3317,.,.,blink
10:25:29.3322,.,.,blink
10:25:29.3327,.,.,blink
10:25:29.3331,.,.,blink
10:25:29.3336,.,.,blink
10:25:29.3341,.,.,blink
10:25:29.3346,.,.,blink
10:25:29.3350,.,.,blink
10:25:29.3355,.,.,blink
10:25:29.336,.,.,blink
10:25:29.3364,.,.,blink
10:25:29.3369,.,.,blink
10:25:29.3374,.,.,blink
10:25:29.3378,.,.,blink
10:25:29.3383,.,.,blink
10:25:29.3388,.,.,blink
10:25:29.3392,.,.,blink
10:25:29.3397,.,.,blink
10:25:29.3402,.,.,blink
10:25:29.3407,.,.,blink
10:25:29.3411,.,.,blink
10:25:29.3416,.,.,blink
10:25:29.3421,.,.,blink
10:25:29.3425,.,.,blink
10:25:29.343,.,.,blink
10:25:29.3435,.,.,blink
10:25:29.3439,.,.,blink
10:25:29.3444,.,.,blink
10:25:29.3449,.,.,blink
10:25:29.3453,.,.,blink
10:25:29.3458,.,.,blink
10:25:29.3463,.,.,blink
10:25:29.3467,.,.,blink
10:25:29.3471,.,.,blink
10:25:29.3476,.,.,blink
10:25:29.3481,.,.,blink
10:25:29.3485,.,.,blink
10:25:29.349,.,.,blink
10:25:29.3495,.,.,blink
10:25:29.3499,.,.,blink
10:25:29.3504,.,.,blink
10:25:29.3509,.,.,blink
10:25:29.3513,.,.,blink
10:25:29.3517,.,.,blink
10:25:29.3522,.,.,blink
10:25:29.3527,.,.,blink
10:25:29.3531,.,.,blink
10:25:29.3536,.,.,blink
10:25:29.3541,.,.,blink
10:25:29.3545,.,.,blink
10:25:29.355,.,.,blink
10:25:29.3555,.,.,blink
10:25:29.3559,.,.,blink
10:25:29.3563,.,.,blink
10:25:29.3568,.,.,blink
10:25:29.3573,.,.,blink
10:25:29.3577,.,.,blink
10:25:29.3582,.,.,blink
10:25:29.3587,.,.,blink
10:25:29.3591,.,.,blink
10:25:29.3596,.,.,blink
10:25:29.3601,.,.,blink
10:25:29.3605,.,.,blink
10:25:29.3609,.,.,blink
10:25:29.3614,.,.,blink
10:25:29.3619,.,.,blink
10:25:29.3623,.,.,blink
10:25:29.3628,.,.,blink
10:25:29.3633,.,.,blink
10:25:29.3637,.,.,blink
10:25:29.3642,.,.,blink
10:25:29.3647,.,.,blink
10:25:29.3651,.,.,blink
10:25:29.3656,.,.,blink
10:25:29.3661,.,.,blink
10:25:29.3666,.,.,blink
10:25:29.3670,.,.,blink
10:25:29.3675,.,.,blink
10:25:29.368,.,.,blink
10:25:29.3684,.,.,blink
10:25:29.3689,.,.,blink
10:25:29.3694,.,.,blink
10:25:29.3698,.,.,blink
10:25:29.3703,.,.,blink
10:25:29.3708,.,.,blink
10:25:29.3712,.,.,blink
10:25:29.3717,.,.,blink
10:25:29.3722,.,.,blink
10:25:29.3727,.,.,blink
10:25:29.3731,.,.,blink
10:25:29.3736,.,.,blink
10:25:29.3741,.,.,blink
10:25:29.3745,.,.,blink
10:25:29.375,.,.,blink
10:25:29.3755,.,.,blink
10:25:29.3759,.,.,blink
10:25:29.3764,.,.,blink
10:25:29.3769,.,.,blink
10:25:29.3773,.,.,blink
10:25:29.3778,.,.,blink
10:25:29.3783,.,.,blink
10:25:29.3788,.,.,blink
10:25:29.3792,.,.,blink
10:25:29.3797,.,.,blink
10:25:29.3802,.,.,blink
10:25:29.3806,.,.,blink
10:25:29.3811,.,.,blink
10:25:29.3816,.,.,blink
10:25:29.3820,.,.,blink
10:25:29.3825,.,.,blink
10:25:29.383,.,.,blink
10:25:29.3834,.,.,blink
10:25:29.3839,.,.,blink
10:25:29.3844,.,.,blink
10:25:29.3849,.,.,blink
10:25:29.3853,.,.,blink
10:25:29.3858,.,.,blink
10:25:29.3863,.,.,blink
10:25:29.3867,.,.,blink
10:25:29.3872,.,.,blink
10:25:29.3877,.,.,blink
10:25:29.3881,.,.,blink
10:25:29.3886,.,.,blink
10:25:29.3891,.,.,blink
10:25:29.3895,.,.,blink
10:25:29.39,.,.,blink
10:25:29.3905,.,.,blink
10:25:29.391,.,.,blink
10:25:29.3914,.,.,blink
10:25:29.3919,.,.,blink
10:25:29.3924,.,.,blink
10:25:29.3928,.,.,blink
10:25:29.3933,.,.,blink
10:25:29.3938,.,.,blink
10:25:29.3942,.,.,blink
10:25:29.3947,.,.,blink
10:25:29.3952,.,.,blink
10:25:29.3956,.,.,blink
10:25:29.3961,.,.,blink
10:25:29.3966,.,.,blink
10:25:29.3971,.,.,blink
10:25:29.3975,.,.,blink
10:25:29.398,.,.,blink
10:25:29.3985,.,.,blink
10:25:29.3989,.,.,blink
10:25:29.3994,.,.,blink
10:25:29.3999,.,.,blink
10:25:29.4003,.,.,blink
10:25:29.4008,.,.,blink
10:25:29.4013,.,.,blink
10:25:29.4017,.,.,blink
10:25:29.4022,.,.,blink
10:25:29.4027,.,.,blink
10:25:29.4032,.,.,blink
10:25:29.4036,.,.,blink
10:25:29.4041,.,.,blink
10:25:29.4046,.,.,blink
10:25:29.4050,.,.,blink
10:25:29.4055,.,.,blink
10:25:29.406,.,.,blink
10:25:29.4064,.,.,blink
10:25:29.4069,.,.,blink
10:25:29.4074,.,.,blink
10:25:29.4078,.,.,blink
10:25:29.4083,.,.,blink
10:25:29.4088,.,.,blink
10:25:29.4092,.,.,blink
10:25:29.4096,.,.,blink
10:25:29.4101,.,.,blink
10:25:29.4106,.,.,blink
10:25:29.4110,.,.,blink
10:25:29.4115,.,.,blink
10:25:29.412,.,.,blink
10:25:29.4124,.,.,blink
10:25:29.4129,.,.,blink
10:25:29.4134,.,.,blink
10:25:29.4138,.,.,blink
10:25:29.4142,.,.,blink
10:25:29.4147,.,.,blink
10:25:29.4152,.,.,blink
10:25:29.4156,.,.,blink
10:25:29.4161,.,.,blink
10:25:29.4166,.,.,blink
10:25:29.4170,.,.,blink
10:25:29.4175,.,.,blink
10:25:29.418,.,.,blink
10:25:29.4184,.,.,blink
10:25:29.4188,.,.,blink
10:25:29.4193,.,.,blink
10:25:29.4198,.,.,blink
10:25:29.4202,.,.,blink
10:25:29.4207,.,.,blink
10:25:29.4212,.,.,blink
10:25:29.4216,.,.,blink
10:25:29.4221,.,.,blink
10:25:29.4226,.,.,blink
10:25:29.4230,.,.,blink
10:25:29.4234,.,.,blink
10:25:29.4239,.,.,blink
10:25:29.4244,.,.,blink
10:25:29.4248,.,.,blink
10:25:29.4253,.,.,blink
10:25:29.4258,.,.,blink
10:25:29.4262,.,.,blink
10:25:29.4267,.,.,blink
10:25:29.4272,.,.,blink
10:25:29.4276,.,.,blink
10:25:29.4281,.,.,blink
10:25:29.4286,.,.,blink
10:25:29.4291,.,.,blink
10:25:29.4295,.,.,blink
10:25:29.43,.,.,blink
10:25:29.4305,.,.,blink
10:25:29.4309,.,.,blink
10:25:29.4314,.,.,blink
10:25:29.4319,.,.,blink
10:25:29.4323,.,.,blink
10:25:29.4328,.,.,blink
10:25:29.4333,.,.,blink
10:25:29.4337,.,.,blink
10:25:29.4342,.,.,blink
10:25:29.4347,.,.,blink
10:25:29.4352,.,.,blink
10:25:29.4356,.,.,blink
10:25:29.4361,.,.,blink
10:25:29.4366,.,.,blink
10:25:29.4370,.,.,blink
10:25:29.4375,.,.,blink
10:25:29.438,.,.,blink
10:25:29.4384,.,.,blink
10:25:29.4389,.,.,blink
10:25:29.4394,.,.,blink
10:25:29.4398,.,.,blink
10:25:29.4403,.,.,blink
10:25:29.4408,.,.,blink
10:25:29.4413,.,.,blink
10:25:29.4417,.,.,blink
10:25:29.4422,.,.,blink
10:25:29.4427,.,.,blink
10:25:29.4431,.,.,blink
10:25:29.4436,.,.,blink
10:25:29.4441,.,.,blink
10:25:29.4445,.,.,blink
10:25:29.445,.,.,blink
10:25:29.4455,.,.,blink
10:25:29.4459,.,.,blink
10:25:29.4464,.,.,blink
10:25:29.4469,.,.,blink
10:25:29.4474,.,.,blink
10:25:29.4478,.,.,blink
10:25:29.4483,.,.,blink
10:25:29.4488,.,.,blink
10:25:29.4492,.,.,blink
10:25:29.4497,.,.,blink
10:25:29.4502,.,.,blink
10:25:29.4506,.,.,blink
10:25:29.4511,.,.,blink
10:25:29.4516,.,.,blink
10:25:29.4520,.,.,blink
10:25:29.4525,.,.,blink
10:25:29.453,.,.,blink
10:25:29.4535,.,.,blink
10:25:29.4539,.,.,blink
10:25:29.4544,.,.,blink
10:25:29.4549,.,.,blink
10:25:29.4553,.,.,blink
10:25:29.4558,.,.,blink
10:25:29.4563,.,.,blink
10:25:29.4567,.,.,blink
10:25:29.4572,.,.,blink
10:25:29.4577,.,.,blink
10:25:29.4581,.,.,blink
10:25:29.4586,.,.,blink
10:25:29.4591,.,.,blink
10:25:29.4596,.,.,blink
10:25:29.4600,.,.,blink
10:25:29.4605,.,.,blink
10:25:29.461,.,.,blink
10:25:29.4614,.,.,blink
10:25:29.4619,.,.,blink
10:25:29.4624,.,.,blink
10:25:29.4628,.,.,blink
10:25:29.4633,.,.,blink
10:25:29.4638,.,.,blink
10:25:29.4642,.,.,blink
10:25:29.4647,.,.,blink
10:25:29.4652,.,.,blink
10:25:29.4657,.,.,blink
10:25:29.4661,.,.,blink
10:25:29.4666,.,.,blink
10:25:29.4671,.,.,blink
10:25:29.4675,.,.,blink
10:25:29.468,.,.,blink
10:25:29.4685,.,.,blink
10:25:29.4689,.,.,blink
10:25:29.4694,.,.,blink
10:25:29.4699,.,.,blink
10:25:29.4703,.,.,blink
10:25:29.4708,.,.,blink
10:25:29.4713,.,.,blink
10:25:29.4717,.,.,blink
10:25:29.4721,.,.,blink
10:25:29.4726,.,.,blink
10:25:29.4731,.,.,blink
10:25:29.4735,.,.,blink
10:25:29.474,.,.,blink
10:25:29.4745,.,.,blink
10:25:29.4749,.,.,blink
10:25:29.4754,.,.,blink
10:25:29.4759,.,.,blink
10:25:29.4763,.,.,blink
10:25:29.4767,.,.,blink
10:25:29.4772,.,.,blink
10:25:29.4777,.,.,blink
10:25:29.4781,.,.,blink
10:25:29.4786,.,.,blink
10:25:29.4791,.,.,blink
10:25:29.4795,.,.,blink
10:25:29.48,.,.,blink
10:25:29.4805,.,.,blink
10:25:29.4809,.,.,blink
10:25:29.4813,.,.,blink
10:25:29.4818,.,.,blink
10:25:29.4823,.,.,blink
10:25:29.4827,.,.,blink
10:25:29.4832,.,.,blink
10:25:29.4837,.,.,blink
10:25:29.4841,.,.,blink
10:25:29.4846,.,.,blink
10:25:29.4851,.,.,blink
10:25:29.4855,.,.,blink
10:25:29.4859,.,.,blink
10:25:29.4864,.,.,blink
10:25:29.4869,.,.,blink
10:25:29.4873,.,.,blink
10:25:29.4878,.,.,blink
10:25:29.4883,.,.,blink
10:25:29.4887,.,.,blink
10:25:29.4892,.,.,blink
10:25:29.4897,.,.,blink
10:25:29.4901,.,.,blink
10:25:29.4906,.,.,blink
10:25:29.4911,.,.,blink
10:25:29.4916,.,.,blink
10:25:29.4920,.,.,blink
10:25:29.4925,.,.,blink
10:25:29.493,.,.,blink
10:25:29.4934,.,.,blink
10:25:29.4939,.,.,blink
10:25:29.4944,.,.,blink
10:25:29.4948,.,.,blink
10:25:29.4953,.,.,blink
10:25:29.4958,.,.,blink
10:25:29.4962,.,.,blink
10:25:29.4967,.,.,blink
10:25:29.4972,.,.,blink
10:25:29.4977,.,.,blink
10:25:29.4981,.,.,blink
10:25:29.4986,.,.,blink
10:25:29.4991,.,.,blink
10:25:29.4995,.,.,blink
10:25:29.5,.,.,blink
10:25:29.5005,.,.,blink
10:25:29.5009,.,.,blink
10:25:29.5014,.,.,blink
10:25:29.5019,.,.,blink
10:25:29.5023,.,.,blink
10:25:29.5028,.,.,blink
10:25:29.5033,.,.,blink
10:25:29.5038,.,.,blink
10:25:29.5042,.,.,blink
10:25:29.5047,.,.,blink
10:25:29.5052,.,.,blink
10:25:29.5056,.,.,blink
10:25:29.5061,.,.,blink
10:25:29.5066,.,.,blink
10:25:29.5070,.,.,blink
10:25:29.5075,.,.,blink
10:25:29.508,.,.,blink
10:25:29.5084,.,.,blink
10:25:29.5089,.,.,blink
10:25:29.5094,.,.,blink
10:25:29.5099,.,.,blink
10:25:29.5103,.,.,blink
10:25:29.5108,.,.,blink
10:25:29.5113,.,.,blink
10:25:29.5117,.,.,blink
10:25:29.5122,.,.,blink
10:25:29.5127,.,.,blink
10:25:29.5131,.,.,blink
10:25:29.5136,.,.,blink
10:25:29.5141,.,.,blink
10:25:29.5145,.,.,blink
10:25:29.515,.,.,blink
10:25:29.5155,.,.,blink
10:25:29.516,.,.,blink
10:25:29.5164,.,.,blink
10:25:29.5169,.,.,blink
10:25:29.5174,.,.,blink
10:25:29.5178,.,.,blink
10:25:29.5183,.,.,blink
10:25:29.5188,.,.,blink
10:25:29.5192,.,.,blink
10:25:29.5197,.,.,blink
10:25:29.5202,.,.,blink
10:25:29.5206,.,.,blink
10:25:29.5211,.,.,blink
10:25:29.5216,.,.,blink
10:25:29.5221,.,.,blink
10:25:29.5225,.,.,blink
10:25:29.523,.,.,blink
10:25:29.5235,.,.,blink
10:25:29.5239,.,.,blink
10:25:29.5244,.,.,blink
10:25:29.5249,.,.,blink
10:25:29.5253,.,.,blink
10:25:29.5258,.,.,blink
10:25:29.5263,.,.,blink
10:25:29.5267,.,.,blink
10:25:29.5272,.,.,blink
10:25:29.5277,.,.,blink
10:25:29.5282,.,.,blink
10:25:29.5286,.,.,blink
10:25:29.5291,.,.,blink
10:25:29.5296,.,.,blink
10:25:29.5300,.,.,blink
10:25:29.5305,.,.,blink
10:25:29.531,.,.,blink
10:25:29.5314,.,.,blink
10:25:29.5319,.,.,blink
10:25:29.5324,.,.,blink
10:25:29.5328,.,.,blink
10:25:29.5333,.,.,blink
10:25:29.5338,.,.,blink
10:25:29.5342,.,.,blink
10:25:29.5346,.,.,blink
10:25:29.5351,.,.,blink
10:25:29.5356,.,.,blink
10:25:29.5360,.,.,blink
10:25:29.5365,.,.,blink
10:25:29.537,.,.,blink
10:25:29.5374,.,.,blink
10:25:29.5379,.,.,blink
10:25:29.5384,.,.,blink
10:25:29.5388,.,.,blink
10:25:29.5392,.,.,blink
10:25:29.5397,.,.,blink
10:25:29.5402,.,.,blink
10:25:29.5406,.,.,blink
10:25:29.5411,.,.,blink
10:25:29.5416,.,.,blink
10:25:29.5420,.,.,blink
10:25:29.5425,.,.,blink
10:25:29.543,.,.,blink
10:25:29.5434,.,.,blink
10:25:29.5438,.,.,blink
10:25:29.5443,.,.,blink
10:25:29.5448,.,.,blink
10:25:29.5452,.,.,blink
10:25:29.5457,.,.,blink
10:25:29.5462,.,.,blink
10:25:29.5466,.,.,blink
10:25:29.5471,.,.,blink
10:25:29.5476,.,.,blink
10:25:29.5480,.,.,blink
10:25:29.5484,.,.,blink
10:25:29.5489,.,.,blink
10:25:29.5494,.,.,blink
10:25:29.5498,.,.,blink
10:25:29.5503,.,.,blink
10:25:29.5508,.,.,blink
10:25:29.5512,.,.,blink
10:25:29.5517,.,.,blink
10:25:29.5522,.,.,blink
10:25:29.5526,.,.,blink
10:25:29.5531,.,.,blink
10:25:29.5536,.,.,blink
10:25:29.5541,.,.,blink
10:25:29.5545,.,.,blink
10:25:29.555,.,.,blink
10:25:29.5555,.,.,blink
10:25:29.5559,.,.,blink
10:25:29.5564,.,.,blink
10:25:29.5569,.,.,blink
10:25:29.5573,.,.,blink
10:25:29.5578,.,.,blink
10:25:29.5583,.,.,blink
10:25:29.5587,.,.,blink
10:25:29.5592,.,.,blink
10:25:29.5597,.,.,blink
10:25:29.5602,.,.,blink
10:25:29.5606,.,.,blink
10:25:29.5611,.,.,blink
10:25:29.5616,.,.,blink
10:25:29.5620,.,.,blink
10:25:29.5625,.,.,blink
10:25:29.563,.,.,blink
10:25:29.5634,.,.,blink
10:25:29.5639,.,.,blink
10:25:29.5644,.,.,blink
10:25:29.5648,.,.,blink
10:25:29.5653,.,.,blink
10:25:29.5658,.,.,blink
10:25:29.5663,.,.,blink
10:25:29.5667,.,.,blink
10:25:29.5672,.,.,blink
10:25:29.5677,.,.,blink
10:25:29.5681,.,.,blink
10:25:29.5686,.,.,blink
10:25:29.5691,.,.,blink
10:25:29.5695,.,.,blink
10:25:29.57,.,.,blink
10:25:29.5705,.,.,blink
10:25:29.5709,.,.,blink
10:25:29.5714,.,.,blink
10:25:29.5719,.,.,blink
10:25:29.5724,.,.,blink
10:25:29.5728,.,.,blink
10:25:29.5733,.,.,blink
10:25:29.5738,.,.,blink
10:25:29.5742,.,.,blink
10:25:29.5747,.,.,blink
10:25:29.5752,.,.,blink
10:25:29.5756,.,.,blink
10:25:29.5761,.,.,blink
10:25:29.5766,.,.,blink
10:25:29.5770,.,.,blink
10:25:29.5775,.,.,blink
10:25:29.578,.,.,blink
10:25:29.5785,.,.,blink
10:25:29.5789,.,.,blink
10:25:29.5794,.,.,blink
10:25:29.5799,.,.,blink
10:25:29.5803,.,.,blink
10:25:29.5808,.,.,blink
10:25:29.5813,.,.,blink
10:25:29.5817,.,.,blink
10:25:29.5822,.,.,blink
10:25:29.5827,.,.,blink
10:25:29.5831,.,.,blink
10:25:29.5836,.,.,blink
10:25:29.5841,.,.,blink
10:25:29.5846,.,.,blink
10:25:29.5850,.,.,blink
10:25:29.5855,.,.,blink
10:25:29.586,.,.,blink
10:25:29.5864,.,.,blink
10:25:29.5869,.,.,blink
10:25:29.5874,.,.,blink
10:25:29.5878,.,.,blink
10:25:29.5883,.,.,blink
10:25:29.5888,.,.,blink
10:25:29.5892,.,.,blink
10:25:29.5897,.,.,blink
10:25:29.5902,.,.,blink
10:25:29.5907,.,.,blink
10:25:29.5911,.,.,blink
10:25:29.5916,.,.,blink
10:25:29.5921,.,.,blink
10:25:29.5925,.,.,blink
10:25:29.593,.,.,blink
10:25:29.5935,.,.,blink
10:25:29.5939,.,.,blink
10:25:29.5944,.,.,blink
10:25:29.5949,.,.,blink
10:25:29.5953,.,.,blink
10:25:29.5958,.,.,blink
10:25:29.5963,.,.,blink
10:25:29.5967,.,.,blink
10:25:29.5971,.,.,blink
10:25:29.5976,.,.,blink
10:25:29.5981,.,.,blink
10:25:29.5985,.,.,blink
10:25:29.599,.,.,blink
10:25:29.5995,.,.,blink
10:25:29.5999,.,.,blink
10:25:29.6004,.,.,blink
10:25:29.6009,.,.,blink
10:25:29.6013,.,.,blink
10:25:29.6017,.,.,blink
10:25:29.6022,.,.,blink
10:25:29.6027,.,.,blink
10:25:29.6031,.,.,blink
10:25:29.6036,.,.,blink
10:25:29.6041,.,.,blink
10:25:29.6045,.,.,blink
10:25:29.605,.,.,blink
10:25:29.6055,.,.,blink
10:25:29.6059,.,.,blink
10:25:29.6063,.,.,blink
10:25:29.6068,.,.,blink
10:25:29.6073,.,.,blink
10:25:29.6077,.,.,blink
10:25:29.6082,.,.,blink
10:25:29.6087,.,.,blink
10:25:29.6091,.,.,blink
10:25:29.6096,.,.,blink
10:25:29.6101,.,.,blink
10:25:29.6105,.,.,blink
10:25:29.6109,.,.,blink
10:25:29.6114,.,.,blink
10:25:29.6119,.,.,blink
10:25:29.6123,.,.,blink
10:25:29.6128,.,.,blink
10:25:29.6133,.,.,blink
10:25:29.6137,.,.,blink
10:25:29.6142,.,.,blink
10:25:29.6147,.,.,blink
10:25:29.6151,.,.,blink
10:25:29.6156,.,.,blink
10:25:29.6161,.,.,blink
10:25:29.6166,.,.,blink
10:25:29.6170,.,.,blink
10:25:29.6175,.,.,blink
10:25:29.618,.,.,blink
10:25:29.6184,.,.,blink
10:25:29.6189,.,.,blink
10:25:29.6194,.,.,blink
10:25:29.6198,.,.,blink
10:25:29.6203,.,.,blink
10:25:29.6208,.,.,blink
10:25:29.6212,.,.,blink
10:25:29.6217,.,.,blink
10:25:29.6222,.,.,blink
10:25:29.6227,.,.,blink
10:25:29.6231,.,.,blink
10:25:29.6236,.,.,blink
10:25:29.6241,.,.,blink
10:25:29.6245,.,.,blink
10:25:29.625,.,.,blink
10:25:29.6255,.,.,blink
10:25:29.6259,.,.,blink
10:25:29.6264,.,.,blink
10:25:29.6269,.,.,blink
10:25:29.6273,.,.,blink
10:25:29.6278,.,.,blink
10:25:29.6283,.,.,blink
10:25:29.6288,.,.,blink
10:25:29.6292,.,.,blink
10:25:29.6297,.,.,blink
10:25:29.6302,.,.,blink
10:25:29.6306,.,.,blink
10:25:29.6311,.,.,blink
10:25:29.6316,.,.,blink
10:25:29.6320,.,.,blink
10:25:29.6325,.,.,blink
10:25:29.633,.,.,blink
10:25:29.6334,.,.,blink
10:25:29.6339,.,.,blink
10:25:29.6344,.,.,blink
10:25:29.6349,.,.,blink
10:25:29.6353,.,.,blink
10:25:29.6358,.,.,blink
10:25:29.6363,.,.,blink
10:25:29.6367,.,.,blink
10:25:29.6372,.,.,blink
10:25:29.6377,.,.,blink
10:25:29.6381,.,.,blink
10:25:29.6386,.,.,blink
10:25:29.6391,.,.,blink
10:25:29.6395,.,.,blink
10:25:29.64,.,.,blink
10:25:29.6405,.,.,blink
10:25:29.641,.,.,blink
10:25:29.6414,.,.,blink
10:25:29.6419,.,.,blink
10:25:29.6424,.,.,blink
10:25:29.6428,.,.,blink
10:25:29.6433,.,.,blink
10:25:29.6438,.,.,blink
10:25:29.6442,.,.,blink
10:25:29.6447,.,.,blink
10:25:29.6452,.,.,blink
10:25:29.6456,.,.,blink
10:25:29.6461,.,.,blink
10:25:29.6466,.,.,blink
10:25:29.6471,.,.,blink
10:25:29.6475,.,.,blink
10:25:29.648,.,.,blink
10:25:29.6485,.,.,blink
10:25:29.6489,.,.,blink
10:25:29.6494,.,.,blink
10:25:29.6499,.,.,blink
10:25:29.6503,.,.,blink
10:25:29.6508,.,.,blink
10:25:29.6513,.,.,blink
10:25:29.6517,.,.,blink
10:25:29.6522,.,.,blink
10:25:29.6527,.,.,blink
10:25:29.6532,.,.,blink
10:25:29.6536,.,.,blink
10:25:29.6541,.,.,blink
10:25:29.6546,.,.,blink
10:25:29.6550,.,.,blink
10:25:29.6555,.,.,blink
10:25:29.656,.,.,blink
10:25:29.6564,.,.,blink
10:25:29.6569,.,.,blink
10:25:29.6574,.,.,blink
10:25:29.6578,.,.,blink
10:25:29.6583,.,.,blink
10:25:29.6588,.,.,blink
10:25:29.6592,.,.,blink
10:25:29.6596,.,.,blink
10:25:29.6601,.,.,blink
10:25:29.6606,.,.,blink
10:25:29.6610,.,.,blink
10:25:29.6615,.,.,blink
10:25:29.662,.,.,blink
10:25:29.6624,.,.,blink
10:25:29.6629,.,.,blink
10:25:29.6634,.,.,blink
10:25:29.6638,.,.,blink
10:25:29.6642,.,.,blink
10:25:29.6647,.,.,blink
10:25:29.6652,.,.,blink
10:25:29.6656,.,.,blink
10:25:29.6661,.,.,blink
10:25:29.6666,.,.,blink
10:25:29.6670,.,.,blink
10:25:29.6675,.,.,blink
10:25:29.668,.,.,blink
10:25:29.6684,.,.,blink
10:25:29.6688,.,.,blink
10:25:29.6693,.,.,blink
10:25:29.6698,.,.,blink
10:25:29.6702,.,.,blink
10:25:29.6707,.,.,blink
10:25:29.6712,.,.,blink
10:25:29.6716,.,.,blink
10:25:29.6721,.,.,blink
10:25:29.6726,.,.,blink
10:25:29.6730,.,.,blink
10:25:29.6734,.,.,blink
10:25:29.6739,.,.,blink
10:25:29.6744,.,.,blink
10:25:29.6748,.,.,blink
10:25:29.6753,.,.,blink
10:25:29.6758,.,.,blink
10:25:29.6762,.,.,blink
10:25:29.6767,.,.,blink
10:25:29.6772,.,.,blink
10:25:29.6776,.,.,blink
10:25:29.6781,.,.,blink
10:25:29.6786,.,.,blink
10:25:29.6791,.,.,blink
10:25:29.6795,.,.,blink
10:25:29.68,.,.,blink
10:25:29.6805,.,.,blink
10:25:29.6809,.,.,blink
10:25:29.6814,.,.,blink
10:25:29.6819,.,.,blink
10:25:29.6823,.,.,blink
10:25:29.6828,.,.,blink
10:25:29.6833,.,.,blink
10:25:29.6837,.,.,blink
10:25:29.6842,.,.,blink
10:25:29.6847,.,.,blink
10:25:29.6852,.,.,blink
10:25:29.6856,.,.,blink
10:25:29.6861,.,.,blink
10:25:29.6866,.,.,blink
10:25:29.6870,.,.,blink
10:25:29.6875,.,.,blink
10:25:29.688,.,.,blink
10:25:29.6884,.,.,blink
10:25:29.6889,.,.,blink
10:25:29.6894,.,.,blink
10:25:29.6898,.,.,blink
10:25:29.6903,.,.,blink
10:25:29.6908,.,.,blink
10:25:29.6913,.,.,blink
10:25:29.6917,.,.,blink
10:25:29.6922,.,.,blink
10:25:29.6927,.,.,blink
10:25:29.6931,.,.,blink
10:25:29.6936,.,.,blink
10:25:29.6941,.,.,blink
10:25:29.6945,.,.,blink
10:25:29.695,.,.,blink
10:25:29.6955,.,.,blink
10:25:29.6959,.,.,blink
10:25:29.6964,.,.,blink
10:25:29.6969,.,.,blink
10:25:29.6974,.,.,blink
10:25:29.6978,.,.,blink
10:25:29.6983,.,.,blink
10:25:29.6988,.,.,blink
10:25:29.6992,.,.,blink
10:25:29.6997,.,.,blink
10:25:29.7002,.,.,blink
10:25:29.7006,.,.,blink
10:25:29.7011,.,.,blink
10:25:29.7016,.,.,blink
10:25:29.7020,.,.,blink
10:25:29.7025,.,.,blink
10:25:29.703,.,.,blink
10:25:29.7035,.,.,blink
10:25:29.7039,.,.,blink
10:25:29.7044,.,.,blink
10:25:29.7049,.,.,blink
10:25:29.7053,.,.,blink
10:25:29.7058,.,.,blink
10:25:29.7063,.,.,blink
10:25:29.7067,.,.,blink
10:25:29.7072,.,.,blink
10:25:29.7077,.,.,blink
10:25:29.7081,.,.,blink
10:25:29.7086,.,.,blink
10:25:29.7091,.,.,blink
10:25:29.7096,.,.,blink
10:25:29.7100,.,.,blink
10:25:29.7105,.,.,blink
10:25:29.711,.,.,blink
10:25:29.7114,.,.,blink
10:25:29.7119,.,.,blink
10:25:29.7124,.,.,blink
10:25:29.7128,.,.,blink
10:25:29.7133,.,.,blink
10:25:29.7138,.,.,blink
10:25:29.7142,.,.,blink
10:25:29.7147,.,.,blink
10:25:29.7152,.,.,blink
10:25:29.7157,.,.,blink
10:25:29.7161,.,.,blink
10:25:29.7166,.,.,blink
10:25:29.7171,.,.,blink
10:25:29.7175,.,.,blink
10:25:29.718,.,.,blink
10:25:29.7185,.,.,blink
10:25:29.7189,.,.,blink
10:25:29.7194,.,.,blink
10:25:29.7199,.,.,blink
10:25:29.7203,.,.,blink
10:25:29.7208,.,.,blink
10:25:29.7213,.,.,blink
10:25:29.7217,.,.,blink
10:25:29.7221,.,.,blink
10:25:29.7226,.,.,blink
10:25:29.7231,.,.,blink
10:25:29.7235,.,.,blink
10:25:29.724,.,.,blink
10:25:29.7245,.,.,blink
10:25:29.7249,.,.,blink
10:25:29.7254,.,.,blink
10:25:29.7259,.,.,blink
10:25:29.7263,.,.,blink
10:25:29.7267,.,.,blink
10:25:29.7272,.,.,blink
10:25:29.7277,.,.,blink
10:25:29.7281,.,.,blink
10:25:29.7286,.,.,blink
10:25:29.7291,.,.,blink
10:25:29.7295,.,.,blink
10:25:29.73,.,.,blink
10:25:29.7305,.,.,blink
10:25:29.7309,.,.,blink
10:25:29.7313,.,.,blink
10:25:29.7318,.,.,blink
10:25:29.7323,.,.,blink
10:25:29.7327,.,.,blink
10:25:29.7332,.,.,blink
10:25:29.7337,.,.,blink
10:25:29.7341,.,.,blink
10:25:29.7346,.,.,blink
10:25:29.7351,.,.,blink
10:25:29.7355,.,.,blink
10:25:29.7359,.,.,blink
10:25:29.7364,.,.,blink
10:25:29.7369,.,.,blink
10:25:29.7373,.,.,blink
10:25:29.7378,.,.,blink
10:25:29.7383,.,.,blink
10:25:29.7387,.,.,blink
10:25:29.7392,.,.,blink
10:25:29.7397,.,.,blink
10:25:29.7401,.,.,blink
10:25:29.7406,.,.,blink
10:25:29.7411,.,.,blink
10:25:29.7416,.,.,blink
10:25:29.7420,.,.,blink
10:25:29.7425,.,.,blink
10:25:29.743,.,.,blink
10:25:29.7434,.,.,blink
10:25:29.7439,.,.,blink
10:25:29.7444,.,.,blink
10:25:29.7448,.,.,blink
10:25:29.7453,.,.,blink
10:25:29.7458,.,.,blink
10:25:29.7462,.,.,blink
10:25:29.7467,.,.,blink
10:25:29.7472,.,.,blink
10:25:29.7477,.,.,blink
10:25:29.7481,.,.,blink
10:25:29.7486,.,.,blink
10:25:29.7491,.,.,blink
10:25:29.7495,.,.,blink
10:25:29.75,.,.,blink
10:25:29.7505,.,.,blink
10:25:29.7509,.,.,blink
10:25:29.7514,.,.,blink
10:25:29.7519,.,.,blink
10:25:29.7523,.,.,blink
10:25:29.7528,.,.,blink
10:25:29.7533,.,.,blink
10:25:29.7538,.,.,blink
10:25:29.7542,.,.,blink
10:25:29.7547,.,.,blink
10:25:29.7552,.,.,blink
10:25:29.7556,.,.,blink
10:25:29.7561,.,.,blink
10:25:29.7566,.,.,blink
10:25:29.7570,.,.,blink
10:25:29.7575,.,.,blink
10:25:29.758,.,.,blink
10:25:29.7584,.,.,blink
10:25:29.7589,.,.,blink
10:25:29.7594,.,.,blink
10:25:29.7599,.,.,blink
10:25:29.7603,.,.,blink
10:25:29.7608,.,.,blink
10:25:29.7613,.,.,blink
10:25:29.7617,.,.,blink
10:25:29.7622,.,.,blink
10:25:29.7627,.,.,blink
10:25:29.7631,.,.,blink
10:25:29.7636,.,.,blink
10:25:29.7641,.,.,blink
10:25:29.7645,.,.,blink
10:25:29.765,.,.,blink
10:25:29.7655,.,.,blink
10:25:29.766,.,.,blink
10:25:29.7664,.,.,blink
10:25:29.7669,.,.,blink
10:25:29.7674,.,.,blink
10:25:29.7678,.,.,blink
10:25:29.7683,.,.,blink
10:25:29.7688,.,.,blink
10:25:29.7692,.,.,blink
10:25:29.7697,.,.,blink
10:25:29.7702,.,.,blink
10:25:29.7706,.,.,blink
10:25:29.7711,.,.,blink
10:25:29.7716,.,.,blink
10:25:29.7721,.,.,blink
10:25:29.7725,.,.,blink
10:25:29.773,.,.,blink
10:25:29.7735,.,.,blink
10:25:29.7739,.,.,blink
10:25:29.7744,.,.,blink
10:25:29.7749,.,.,blink
10:25:29.7753,.,.,blink
10:25:29.7758,.,.,blink
10:25:29.7763,.,.,blink
10:25:29.7767,.,.,blink
10:25:29.7772,.,.,blink
10:25:29.7777,.,.,blink
10:25:29.7782,.,.,blink
10:25:29.7786,.,.,blink
10:25:29.7791,.,.,blink
10:25:29.7796,.,.,blink
10:25:29.7800,.,.,blink
10:25:29.7805,.,.,blink
10:25:29.781,.,.,blink
10:25:29.7814,.,.,blink
10:25:29.7819,.,.,blink
10:25:29.7824,.,.,blink
10:25:29.7828,.,.,blink
10:25:29.7833,.,.,blink
10:25:29.7838,.,.,blink
10:25:29.7842,.,.,blink
10:25:29.7846,.,.,blink
10:25:29.7851,.,.,blink
10:25:29.7856,.,.,blink
10:25:29.7860,.,.,blink
10:25:29.7865,.,.,blink
10:25:29.787,.,.,blink
10:25:29.7874,.,.,blink
10:25:29.7879,.,.,blink
10:25:29.7884,.,.,blink
10:25:29.7888,.,.,blink
10:25:29.7892,.,.,blink
10:25:29.7897,.,.,blink
10:25:29.7902,.,.,blink
10:25:29.7906,.,.,blink
10:25:29.7911,.,.,blink
10:25:29.7916,.,.,blink
10:25:29.7920,.,.,blink
10:25:29.7925,.,.,blink
10:25:29.793,.,.,blink
10:25:29.7934,.,.,blink
10:25:29.7938,.,.,blink
10:25:29.7943,.,.,blink
10:25:29.7948,.,.,blink
10:25:29.7952,.,.,blink
10:25:29.7957,.,.,blink
10:25:29.7962,.,.,blink
10:25:29.7966,.,.,blink
10:25:29.7971,.,.,blink
10:25:29.7976,.,.,blink
10:25:29.7980,.,.,blink
10:25:29.7984,.,.,blink
10:25:29.7989,.,.,blink
10:25:29.7994,.,.,blink
10:25:29.7998,.,.,blink
10:25:29.8003,.,.,blink
10:25:29.8008,.,.,blink
10:25:29.8012,.,.,blink
10:25:29.8017,.,.,blink
10:25:29.8022,.,.,blink
10:25:29.8026,.,.,blink
10:25:29.8031,.,.,blink
10:25:29.8036,.,.,blink
10:25:29.8041,.,.,blink
10:25:29.8045,.,.,blink
10:25:29.805,.,.,blink
10:25:29.8055,.,.,blink
10:25:29.8059,.,.,blink
10:25:29.8064,.,.,blink
10:25:29.8069,.,.,blink
10:25:29.8073,.,.,blink
10:25:29.8078,.,.,blink
10:25:29.8083,.,.,blink
10:25:29.8087,.,.,blink
10:25:29.8092,.,.,blink
10:25:29.8097,.,.,blink
10:25:29.8102,.,.,blink
10:25:29.8106,.,.,blink
10:25:29.8111,.,.,blink
10:25:29.8116,.,.,blink
10:25:29.8120,.,.,blink
10:25:29.8125,.,.,blink
10:25:29.813,.,.,blink
10:25:29.8134,.,.,blink
10:25:29.8139,.,.,blink
10:25:29.8144,.,.,blink
10:25:29.8148,.,.,blink
10:25:29.8153,.,.,blink
10:25:29.8158,.,.,blink
10:25:29.8163,.,.,blink
10:25:29.8167,.,.,blink
10:25:29.8172,.,.,blink
10:25:29.8177,.,.,blink
10:25:29.8181,.,.,blink
10:25:29.8186,.,.,blink
10:25:29.8191,.,.,blink
10:25:29.8195,.,.,blink
10:25:29.82,.,.,blink
10:25:29.8205,.,.,blink
10:25:29.8209,.,.,blink
10:25:29.8214,.,.,blink
10:25:29.8219,.,.,blink
10:25:29.8224,.,.,blink
10:25:29.8228,.,.,blink
10:25:29.8233,.,.,blink
10:25:29.8238,.,.,blink
10:25:29.8242,.,.,blink
10:25:29.8247,.,.,blink
10:25:29.8252,.,.,blink
10:25:29.8256,.,.,blink
10:25:29.8261,.,.,blink
10:25:29.8266,.,.,blink
10:25:29.8270,.,.,blink
10:25:29.8275,.,.,blink
10:25:29.828,.,.,blink
10:25:29.8285,.,.,blink
10:25:29.8289,.,.,blink
10:25:29.8294,.,.,blink
10:25:29.8299,.,.,blink
10:25:29.8303,.,.,blink
10:25:29.8308,.,.,blink
10:25:29.8313,.,.,blink
10:25:29.8317,.,.,blink
10:25:29.8322,.,.,blink
10:25:29.8327,.,.,blink
10:25:29.8331,.,.,blink
10:25:29.8336,.,.,blink
10:25:29.8341,.,.,blink
10:25:29.8346,.,.,blink
10:25:29.8350,.,.,blink
10:25:29.8355,.,.,blink
10:25:29.836,.,.,blink
10:25:29.8364,.,.,blink
10:25:29.8369,.,.,blink
10:25:29.8374,.,.,blink
10:25:29.8378,.,.,blink
10:25:29.8383,.,.,blink
10:25:29.8388,.,.,blink
10:25:29.8392,.,.,blink
10:25:29.8397,.,.,blink
10:25:29.8402,.,.,blink
10:25:29.8407,.,.,blink
10:25:29.8411,.,.,blink
10:25:29.8416,.,.,blink
10:25:29.8421,.,.,blink
10:25:29.8425,.,.,blink
10:25:29.843,.,.,blink
10:25:29.8435,.,.,blink
10:25:29.8439,.,.,blink
10:25:29.8444,.,.,blink
10:25:29.8449,.,.,blink
10:25:29.8453,.,.,blink
10:25:29.8458,.,.,blink
10:25:29.8463,.,.,blink
10:25:29.8467,.,.,blink
10:25:29.8471,.,.,blink
10:25:29.8476,.,.,blink
10:25:29.8481,.,.,blink
10:25:29.8485,.,.,blink
10:25:29.849,.,.,blink
10:25:29.8495,.,.,blink
10:25:29.8499,.,.,blink
10:25:29.8504,.,.,blink
10:25:29.8509,.,.,blink
10:25:29.8513,.,.,blink
10:25:29.8517,.,.,blink
10:25:29.8522,.,.,blink
10:25:29.8527,.,.,blink
10:25:29.8531,.,.,blink
10:25:29.8536,.,.,blink
10:25:29.8541,.,.,blink
10:25:29.8545,.,.,blink
10:25:29.855,.,.,blink
10:25:29.8555,.,.,blink
10:25:29.8559,.,.,blink
10:25:29.8563,.,.,blink
10:25:29.8568,.,.,blink
10:25:29.8573,.,.,blink
10:25:29.8577,.,.,blink
10:25:29.8582,.,.,blink
10:25:29.8587,.,.,blink
10:25:29.8591,.,.,blink
10:25:29.8596,.,.,blink
10:25:29.8601,.,.,blink
10:25:29.8605,.,.,blink
10:25:29.8609,.,.,blink
10:25:29.8614,.,.,blink
10:25:29.8619,.,.,blink
10:25:29.8623,.,.,blink
10:25:29.8628,.,.,blink
10:25:29.8633,.,.,blink
10:25:29.8637,.,.,blink
10:25:29.8642,.,.,blink
10:25:29.8647,.,.,blink
10:25:29.8651,.,.,blink
10:25:29.8656,.,.,blink
10:25:29.8661,.,.,blink
10:25:29.8666,.,.,blink
10:25:29.8670,.,.,blink
10:25:29.8675,.,.,blink
10:25:29.868,.,.,blink
10:25:29.8684,.,.,blink
10:25:29.8689,.,.,blink
10:25:29.8694,.,.,blink
10:25:29.8698,.,.,blink
10:25:29.8703,.,.,blink
10:25:29.8708,.,.,blink
10:25:29.8712,.,.,blink
10:25:29.8717,.,.,blink
10:25:29.8722,.,.,blink
10:25:29.8727,.,.,blink
10:25:29.8731,.,.,blink
10:25:29.8736,.,.,blink
10:25:29.8741,.,.,blink
10:25:29.8745,.,.,blink
10:25:29.875,.,.,blink
10:25:29.8755,.,.,blink
10:25:29.8759,.,.,blink
10:25:29.8764,.,.,blink
10:25:29.8769,.,.,blink
10:25:29.8773,.,.,blink
10:25:29.8778,.,.,blink
10:25:29.8783,.,.,blink
10:25:29.8788,.,.,blink
10:25:29.8792,.,.,blink
10:25:29.8797,.,.,blink
10:25:29.8802,.,.,blink
10:25:29.8806,.,.,blink
10:25:29.8811,.,.,blink
10:25:29.8816,.,.,blink
10:25:29.8820,.,.,blink
10:25:29.8825,.,.,blink
10:25:29.883,.,.,blink
10:25:29.8834,.,.,blink
10:25:29.8839,.,.,blink
10:25:29.8844,.,.,blink
10:25:29.8849,.,.,blink
10:25:29.8853,.,.,blink
10:25:29.8858,.,.,blink
10:25:29.8863,.,.,blink
10:25:29.8867,.,.,blink
10:25:29.8872,.,.,blink
10:25:29.8877,.,.,blink
10:25:29.8881,.,.,blink
10:25:29.8886,.,.,blink
10:25:29.8891,.,.,blink
10:25:29.8895,.,.,blink
10:25:29.89,.,.,blink
10:25:29.8905,.,.,blink
10:25:29.891,.,.,blink
10:25:29.8914,.,.,blink
10:25:29.8919,.,.,blink
10:25:29.8924,.,.,blink
10:25:29.8928,.,.,blink
10:25:29.8933,.,.,blink
10:25:29.8938,.,.,blink
10:25:29.8942,.,.,blink
10:25:29.8947,.,.,blink
10:25:29.8952,.,.,blink
10:25:29.8956,.,.,blink
10:25:29.8961,.,.,blink
10:25:29.8966,.,.,blink
10:25:29.8971,.,.,blink
10:25:29.8975,.,.,blink
10:25:29.898,.,.,blink
10:25:29.8985,.,.,blink
10:25:29.8989,.,.,blink
10:25:29.8994,.,.,blink
10:25:29.8999,.,.,blink
10:25:29.9003,.,.,blink
10:25:29.9008,.,.,blink
10:25:29.9013,.,.,blink
10:25:29.9017,.,.,blink
10:25:29.9022,.,.,blink
10:25:29.9027,.,.,blink
10:25:29.9032,.,.,blink
10:25:29.9036,.,.,blink
10:25:29.9041,.,.,blink
10:25:29.9046,.,.,blink
10:25:29.9050,.,.,blink
10:25:29.9055,.,.,blink
10:25:29.906,.,.,blink
10:25:29.9064,.,.,blink
10:25:29.9069,.,.,blink
10:25:29.9074,.,.,blink
10:25:29.9078,.,.,blink
10:25:29.9083,.,.,blink
10:25:29.9088,.,.,blink
10:25:29.9092,.,.,blink
10:25:29.9096,.,.,blink
10:25:29.9101,.,.,blink
10:25:29.9106,.,.,blink
10:25:29.9110,.,.,blink
10:25:29.9115,.,.,blink
10:25:29.912,.,.,blink
10:25:29.9124,.,.,blink
10:25:29.9129,.,.,blink
10:25:29.9134,.,.,blink
10:25:29.9138,.,.,blink
10:25:29.9142,.,.,blink
10:25:29.9147,.,.,blink
10:25:29.9152,.,.,blink
10:25:29.9156,.,.,blink
10:25:29.9161,.,.,blink
10:25:29.9166,.,.,blink
10:25:29.9170,.,.,blink
10:25:29.9175,.,.,blink
10:25:29.918,.,.,blink
10:25:29.9184,.,.,blink
10:25:29.9188,.,.,blink
10:25:29.9193,.,.,blink
10:25:29.9198,.,.,blink
10:25:29.9202,.,.,blink
10:25:29.9207,.,.,blink
10:25:29.9212,.,.,blink
10:25:29.9216,.,.,blink
10:25:29.9221,.,.,blink
10:25:29.9226,.,.,blink
10:25:29.9230,.,.,blink
10:25:29.9234,.,.,blink
10:25:29.9239,.,.,blink
10:25:29.9244,.,.,blink
10:25:29.9248,.,.,blink
10:25:29.9253,.,.,blink
10:25:29.9258,.,.,blink
10:25:29.9262,.,.,blink
10:25:29.9267,.,.,blink
10:25:29.9272,.,.,blink
10:25:29.9276,.,.,blink
10:25:29.9281,.,.,blink
10:25:29.9286,.,.,blink
10:25:29.9291,.,.,blink
10:25:29.9295,.,.,blink
10:25:29.93,.,.,blink
10:25:29.9305,.,.,blink
10:25:29.9309,.,.,blink
10:25:29.9314,.,.,blink
10:25:29.9319,.,.,blink
10:25:29.9323,.,.,blink
10:25:29.9328,.,.,blink
10:25:29.9333,.,.,blink
10:25:29.9337,.,.,blink
10:25:29.9342,.,.,blink
10:25:29.9347,.,.,blink
10:25:29.9352,.,.,blink
10:25:29.9356,.,.,blink
10:25:29.9361,.,.,blink
10:25:29.9366,.,.,blink
10:25:29.9370,.,.,blink
10:25:29.9375,.,.,blink
10:25:29.938,.,.,blink
10:25:29.9384,.,.,blink
10:25:29.9389,.,.,blink
10:25:29.9394,.,.,blink
10:25:29.9398,.,.,blink
10:25:29.9403,.,.,blink
10:25:29.9408,.,.,blink
10:25:29.9413,.,.,blink
10:25:29.9417,.,.,blink
10:25:29.9422,.,.,blink
10:25:29.9427,.,.,blink
10:25:29.9431,.,.,blink
10:25:29.9436,.,.,blink
10:25:29.9441,.,.,blink
10:25:29.9445,.,.,blink
10:25:29.945,.,.,blink
10:25:29.9455,.,.,blink
10:25:29.9459,.,.,blink
10:25:29.9464,.,.,blink
10:25:29.9469,.,.,blink
10:25:29.9474,.,.,blink
10:25:29.9478,.,.,blink
10:25:29.9483,.,.,blink
10:25:29.9488,.,.,blink
10:25:29.9492,.,.,blink
10:25:29.9497,.,.,blink
10:25:29.9502,.,.,blink
10:25:29.9506,.,.,blink
10:25:29.9511,.,.,blink
10:25:29.9516,.,.,blink
10:25:29.9520,.,.,blink
10:25:29.9525,.,.,blink
10:25:29.953,.,.,blink
10:25:29.9535,.,.,blink
10:25:29.9539,.,.,blink
10:25:29.9544,.,.,blink
10:25:29.9549,.,.,blink
10:25:29.9553,.,.,blink
10:25:29.9558,.,.,blink
10:25:29.9563,.,.,blink
10:25:29.9567,.,.,blink
10:25:29.9572,.,.,blink
10:25:29.9577,.,.,blink
10:25:29.9581,.,.,blink
10:25:29.9586,.,.,blink
10:25:29.9591,.,.,blink
10:25:29.9596,.,.,blink
10:25:29.9600,.,.,blink
10:25:29.9605,.,.,blink
10:25:29.961,.,.,blink
10:25:29.9614,.,.,blink
10:25:29.9619,.,.,blink
10:25:29.9624,.,.,blink
10:25:29.9628,.,.,blink
10:25:29.9633,.,.,blink
10:25:29.9638,.,.,blink
10:25:29.9642,.,.,blink
10:25:29.9647,.,.,blink
10:25:29.9652,.,.,blink
10:25:29.9657,.,.,blink
10:25:29.9661,.,.,blink
10:25:29.9666,.,.,blink
10:25:29.9671,.,.,blink
10:25:29.9675,.,.,blink
10:25:29.968,.,.,blink
10:25:29.9685,.,.,blink
10:25:29.9689,.,.,blink
10:25:29.9694,.,.,blink
10:25:29.9699,.,.,blink
10:25:29.9703,.,.,blink
10:25:29.9708,.,.,blink
10:25:29.9713,.,.,blink
10:25:29.9717,.,.,blink
10:25:29.9721,.,.,blink
10:25:29.9726,.,.,blink
10:25:29.9731,.,.,blink
10:25:29.9735,.,.,blink
10:25:29.974,.,.,blink
10:25:29.9745,.,.,blink
10:25:29.9749,.,.,blink
10:25:29.9754,.,.,blink
10:25:29.9759,.,.,blink
10:25:29.9763,.,.,blink
10:25:29.9767,.,.,blink
10:25:29.9772,.,.,blink
10:25:29.9777,.,.,blink
10:25:29.9781,.,.,blink
10:25:29.9786,.,.,blink
10:25:29.9791,.,.,blink
10:25:29.9795,.,.,blink
10:25:29.98,.,.,blink
10:25:29.9805,.,.,blink
10:25:29.9809,.,.,blink
10:25:29.9813,.,.,blink
10:25:29.9818,.,.,blink
10:25:29.9823,.,.,blink
10:25:29.9827,.,.,blink
10:25:29.9832,.,.,blink
10:25:29.9837,.,.,blink
10:25:29.9841,.,.,blink
10:25:29.9846,.,.,blink
10:25:29.9851,.,.,blink
10:25:29.9855,.,.,blink
10:25:29.9859,.,.,blink
10:25:29.9864,.,.,blink
10:25:29.9869,.,.,blink
10:25:29.9873,.,.,blink
10:25:29.9878,.,.,blink
10:25:29.9883,.,.,blink
10:25:29.9887,.,.,blink
10:25:29.9892,.,.,blink
10:25:29.9897,.,.,blink
10:25:29.9901,.,.,blink
10:25:29.9906,.,.,blink
10:25:29.9911,.,.,blink
10:25:29.9916,.,.,blink
10:25:29.9920,.,.,blink
10:25:29.9925,.,.,blink
10:25:29.993,.,.,blink
10:25:29.9934,.,.,blink
10:25:29.9939,.,.,blink
10:25:29.9944,.,.,blink
10:25:29.9948,.,.,blink
10:25:29.9953,.,.,blink
10:25:29.9958,.,.,blink
10:25:29.9962,.,.,blink
10:25:29.9967,.,.,blink
10:25:29.9972,.,.,blink
10:25:29.9977,.,.,blink
10:25:29.9981,.,.,blink
10:25:29.9986,.,.,blink
10:25:29.9991,.,.,blink
10:25:29.9995,.,.,blink
10:25:30.,.,.,blink
10:25:30.0005,.,.,blink
10:25:30.0009,.,.,blink
10:25:30.0014,.,.,blink
10:25:30.0019,.,.,blink
10:25:30.0023,.,.,blink
10:25:30.0028,.,.,blink
10:25:30.0033,.,.,blink
10:25:30.0038,.,.,blink
10:25:30.0042,.,.,blink
10:25:30.0047,.,.,blink
10:25:30.0052,.,.,blink
10:25:30.0056,.,.,blink
10:25:30.0061,.,.,blink
10:25:30.0066,.,.,blink
10:25:30.0070,.,.,blink
10:25:30.0075,.,.,blink
10:25:30.008,.,.,blink
10:25:30.0084,.,.,blink
10:25:30.0089,.,.,blink
10:25:30.0094,.,.,blink
10:25:30.0099,.,.,blink
10:25:30.0103,.,.,blink
10:25:30.0108,.,.,blink
10:25:30.0113,.,.,blink
10:25:30.0117,.,.,blink
10:25:30.0122,.,.,blink
10:25:30.0127,.,.,blink
10:25:30.0131,.,.,blink
10:25:30.0136,.,.,blink
10:25:30.0141,.,.,blink
10:25:30.0145,.,.,blink
10:25:30.015,.,.,blink
10:25:30.0155,.,.,blink
10:25:30.016,.,.,blink
10:25:30.0164,.,.,blink
10:25:30.0169,.,.,blink
10:25:30.0174,.,.,blink
10:25:30.0178,.,.,blink
10:25:30.0183,.,.,blink
10:25:30.0188,.,.,blink
10:25:30.0192,.,.,blink
10:25:30.0197,.,.,blink
10:25:30.0202,.,.,blink
10:25:30.0206,.,.,blink
10:25:30.0211,.,.,blink
10:25:30.0216,.,.,blink
10:25:30.0221,.,.,blink
10:25:30.0225,.,.,blink
10:25:30.023,.,.,blink
10:25:30.0235,.,.,blink
10:25:30.0239,.,.,blink
10:25:30.0244,.,.,blink
10:25:30.0249,.,.,blink
10:25:30.0253,.,.,blink
10:25:30.0258,.,.,blink
10:25:30.0263,.,.,blink
10:25:30.0267,.,.,blink
10:25:30.0272,.,.,blink
10:25:30.0277,.,.,blink
10:25:30.0282,.,.,blink
10:25:30.0286,.,.,blink
10:25:30.0291,.,.,blink
10:25:30.0296,.,.,blink
10:25:30.0300,.,.,blink
10:25:30.0305,.,.,blink
10:25:30.031,.,.,blink
10:25:30.0314,.,.,blink
10:25:30.0319,.,.,blink
10:25:30.0324,.,.,blink
10:25:30.0328,.,.,blink
10:25:30.0333,.,.,blink
10:25:30.0338,.,.,blink
10:25:30.0342,.,.,blink
10:25:30.0346,.,.,blink
10:25:30.0351,.,.,blink
10:25:30.0356,.,.,blink
10:25:30.0360,.,.,blink
10:25:30.0365,.,.,blink
10:25:30.037,.,.,blink
10:25:30.0374,.,.,blink
10:25:30.0379,.,.,blink
10:25:30.0384,.,.,blink
10:25:30.0388,.,.,blink
10:25:30.0392,.,.,blink
10:25:30.0397,.,.,blink
10:25:30.0402,.,.,blink
10:25:30.0406,.,.,blink
10:25:30.0411,.,.,blink
10:25:30.0416,.,.,blink
10:25:30.0420,.,.,blink
10:25:30.0425,.,.,blink
10:25:30.043,.,.,blink
10:25:30.0434,.,.,blink
10:25:30.0438,.,.,blink
10:25:30.0443,.,.,blink
10:25:30.0448,.,.,blink
10:25:30.0452,.,.,blink
10:25:30.0457,.,.,blink
10:25:30.0462,.,.,blink
10:25:30.0466,.,.,blink
10:25:30.0471,.,.,blink
10:25:30.0476,.,.,blink
10:25:30.0480,.,.,blink
10:25:30.0484,.,.,blink
10:25:30.0489,.,.,blink
10:25:30.0494,.,.,blink
10:25:30.0498,.,.,blink
10:25:30.0503,.,.,blink
10:25:30.0508,.,.,blink
10:25:30.0512,.,.,blink
10:25:30.0517,.,.,blink
10:25:30.0522,.,.,blink
10:25:30.0526,.,.,blink
10:25:30.0531,.,.,blink
10:25:30.0536,.,.,blink
10:25:30.0541,.,.,blink
10:25:30.0545,.,.,blink
10:25:30.055,.,.,blink
10:25:30.0555,.,.,blink
10:25:30.0559,.,.,blink
10:25:30.0564,.,.,blink
10:25:30.0569,.,.,blink
10:25:30.0573,.,.,blink
10:25:30.0578,.,.,blink
10:25:30.0583,.,.,blink
10:25:30.0587,.,.,blink
10:25:30.0592,.,.,blink
10:25:30.0597,.,.,blink
10:25:30.0602,.,.,blink
10:25:30.0606,.,.,blink
10:25:30.0611,.,.,blink
10:25:30.0616,.,.,blink
10:25:30.0620,.,.,blink
10:25:30.0625,.,.,blink
10:25:30.063,.,.,blink
10:25:30.0634,.,.,blink
10:25:30.0639,.,.,blink
10:25:30.0644,.,.,blink
10:25:30.0648,.,.,blink
10:25:30.0653,.,.,blink
10:25:30.0658,.,.,blink
10:25:30.0663,.,.,blink
10:25:30.0667,.,.,blink
10:25:30.0672,.,.,blink
10:25:30.0677,.,.,blink
10:25:30.0681,.,.,blink
10:25:30.0686,.,.,blink
10:25:30.0691,.,.,blink
10:25:30.0695,.,.,blink
10:25:30.07,.,.,blink
10:25:30.0705,.,.,blink
10:25:30.0709,.,.,blink
10:25:30.0714,.,.,blink
10:25:30.0719,.,.,blink
10:25:30.0724,.,.,blink
10:25:30.0728,.,.,blink
10:25:30.0733,.,.,blink
10:25:30.0738,.,.,blink
10:25:30.0742,.,.,blink
10:25:30.0747,.,.,blink
10:25:30.0752,.,.,blink
10:25:30.0756,.,.,blink
10:25:30.0761,.,.,blink
10:25:30.0766,.,.,blink
10:25:30.0770,.,.,blink
10:25:30.0775,.,.,blink
10:25:30.078,.,.,blink
10:25:30.0785,.,.,blink
10:25:30.0789,.,.,blink
10:25:30.0794,.,.,blink
10:25:30.0799,.,.,blink
10:25:30.0803,.,.,blink
10:25:30.0808,.,.,blink
10:25:30.0813,.,.,blink
10:25:30.0817,.,.,blink
10:25:30.0822,.,.,blink
10:25:30.0827,.,.,blink
10:25:30.0831,.,.,blink
10:25:30.0836,.,.,blink
10:25:30.0841,.,.,blink
10:25:30.0846,.,.,blink
10:25:30.0850,.,.,blink
10:25:30.0855,.,.,blink
10:25:30.086,.,.,blink
10:25:30.0864,.,.,blink
10:25:30.0869,.,.,blink
10:25:30.0874,.,.,blink
10:25:30.0878,.,.,blink
10:25:30.0883,.,.,blink
10:25:30.0888,.,.,blink
10:25:30.0892,.,.,blink
10:25:30.0897,.,.,blink
10:25:30.0902,.,.,blink
10:25:30.0907,.,.,blink
10:25:30.0911,.,.,blink
10:25:30.0916,.,.,blink
10:25:30.0921,.,.,blink
10:25:30.0925,.,.,blink
10:25:30.093,.,.,blink
10:25:30.0935,.,.,blink
10:25:30.0939,.,.,blink
10:25:30.0944,.,.,blink
10:25:30.0949,.,.,blink
10:25:30.0953,.,.,blink
10:25:30.0958,.,.,blink
10:25:30.0963,.,.,blink
10:25:30.0967,.,.,blink
10:25:30.0971,.,.,blink
10:25:30.0976,.,.,blink
10:25:30.0981,.,.,blink
10:25:30.0985,.,.,blink
10:25:30.099,.,.,blink
10:25:30.0995,.,.,blink
10:25:30.0999,.,.,blink
10:25:30.1004,.,.,blink
10:25:30.1009,.,.,blink
10:25:30.1013,.,.,blink
10:25:30.1017,.,.,blink
10:25:30.1022,.,.,blink
10:25:30.1027,.,.,blink
10:25:30.1031,.,.,blink
10:25:30.1036,.,.,blink
10:25:30.1041,.,.,blink
10:25:30.1045,.,.,blink
10:25:30.105,.,.,blink
10:25:30.1055,.,.,blink
10:25:30.1059,.,.,blink
10:25:30.1063,.,.,blink
10:25:30.1068,.,.,blink
10:25:30.1073,.,.,blink
10:25:30.1077,.,.,blink
10:25:30.1082,.,.,blink
10:25:30.1087,.,.,blink
10:25:30.1091,.,.,blink
10:25:30.1096,.,.,blink
10:25:30.1101,.,.,blink
10:25:30.1105,.,.,blink
10:25:30.1109,.,.,blink
10:25:30.1114,.,.,blink
10:25:30.1119,.,.,blink
10:25:30.1123,.,.,blink
10:25:30.1128,.,.,blink
10:25:30.1133,.,.,blink
10:25:30.1137,.,.,blink
10:25:30.1142,.,.,blink
10:25:30.1147,.,.,blink
10:25:30.1151,.,.,blink
10:25:30.1156,.,.,blink
10:25:30.1161,.,.,blink
10:25:30.1166,.,.,blink
10:25:30.1170,.,.,blink
10:25:30.1175,.,.,blink
10:25:30.118,.,.,blink
10:25:30.1184,.,.,blink
10:25:30.1189,.,.,blink
10:25:30.1194,.,.,blink
10:25:30.1198,.,.,blink
10:25:30.1203,.,.,blink
10:25:30.1208,.,.,blink
10:25:30.1212,.,.,blink
10:25:30.1217,.,.,blink
10:25:30.1222,.,.,blink
10:25:30.1227,.,.,blink
10:25:30.1231,.,.,blink
10:25:30.1236,.,.,blink
10:25:30.1241,.,.,blink
10:25:30.1245,.,.,blink
10:25:30.125,.,.,blink
10:25:30.1255,.,.,blink
10:25:30.1259,.,.,blink
10:25:30.1264,.,.,blink
10:25:30.1269,.,.,blink
10:25:30.1273,.,.,blink
10:25:30.1278,.,.,blink
10:25:30.1283,.,.,blink
10:25:30.1288,.,.,blink
10:25:30.1292,.,.,blink
10:25:30.1297,.,.,blink
10:25:30.1302,.,.,blink
10:25:30.1306,.,.,blink
10:25:30.1311,.,.,blink
10:25:30.1316,.,.,blink
10:25:30.1320,.,.,blink
10:25:30.1325,.,.,blink
10:25:30.133,.,.,blink
10:25:30.1334,.,.,blink
10:25:30.1339,.,.,blink
10:25:30.1344,.,.,blink
10:25:30.1349,.,.,blink
10:25:30.1353,.,.,blink
10:25:30.1358,.,.,blink
10:25:30.1363,.,.,blink
10:25:30.1367,.,.,blink
10:25:30.1372,.,.,blink
10:25:30.1377,.,.,blink
10:25:30.1381,.,.,blink
10:25:30.1386,.,.,blink
10:25:30.1391,.,.,blink
10:25:30.1395,.,.,blink
10:25:30.14,.,.,blink
10:25:30.1405,.,.,blink
10:25:30.141,.,.,blink
10:25:30.1414,.,.,blink
10:25:30.1419,.,.,blink
10:25:30.1424,.,.,blink
10:25:30.1428,.,.,blink
10:25:30.1433,.,.,blink
10:25:30.1438,.,.,blink
10:25:30.1442,.,.,blink
10:25:30.1447,.,.,blink
10:25:30.1452,.,.,blink
10:25:30.1456,.,.,blink
10:25:30.1461,.,.,blink
10:25:30.1466,.,.,blink
10:25:30.1471,.,.,blink
10:25:30.1475,.,.,blink
10:25:30.148,.,.,blink
10:25:30.1485,.,.,blink
10:25:30.1489,.,.,blink
10:25:30.1494,.,.,blink
10:25:30.1499,.,.,blink
10:25:30.1503,.,.,blink
10:25:30.1508,.,.,blink
10:25:30.1513,.,.,blink
10:25:30.1517,.,.,blink
10:25:30.1522,.,.,blink
10:25:30.1527,.,.,blink
10:25:30.1532,.,.,blink
10:25:30.1536,.,.,blink
10:25:30.1541,.,.,blink
10:25:30.1546,.,.,blink
10:25:30.1550,.,.,blink
10:25:30.1555,.,.,blink
10:25:30.156,.,.,blink
10:25:30.1564,.,.,blink
10:25:30.1569,.,.,blink
10:25:30.1574,.,.,blink
10:25:30.1578,.,.,blink
10:25:30.1583,.,.,blink
10:25:30.1588,.,.,blink
10:25:30.1592,.,.,blink
10:25:30.1596,.,.,blink
10:25:30.1601,.,.,blink
10:25:30.1606,.,.,blink
10:25:30.1610,.,.,blink
10:25:30.1615,.,.,blink
10:25:30.162,.,.,blink
10:25:30.1624,.,.,blink
10:25:30.1629,.,.,blink
10:25:30.1634,.,.,blink
10:25:30.1638,.,.,blink
10:25:30.1642,.,.,blink
10:25:30.1647,.,.,blink
10:25:30.1652,.,.,blink
10:25:30.1656,.,.,blink
10:25:30.1661,.,.,blink
10:25:30.1666,.,.,blink
10:25:30.1670,.,.,blink
10:25:30.1675,.,.,blink
10:25:30.168,.,.,blink
10:25:30.1684,.,.,blink
10:25:30.1688,.,.,blink
10:25:30.1693,.,.,blink
10:25:30.1698,.,.,blink
10:25:30.1702,.,.,blink
10:25:30.1707,.,.,blink
10:25:30.1712,.,.,blink
10:25:30.1716,.,.,blink
10:25:30.1721,.,.,blink
10:25:30.1726,.,.,blink
10:25:30.1730,.,.,blink
10:25:30.1734,.,.,blink
10:25:30.1739,.,.,blink
10:25:30.1744,.,.,blink
10:25:30.1748,.,.,blink
10:25:30.1753,.,.,blink
10:25:30.1758,.,.,blink
10:25:30.1762,.,.,blink
10:25:30.1767,.,.,blink
10:25:30.1772,.,.,blink
10:25:30.1776,.,.,blink
10:25:30.1781,.,.,blink
10:25:30.1786,.,.,blink
10:25:30.1791,.,.,blink
10:25:30.1795,.,.,blink
10:25:30.18,.,.,blink
10:25:30.1805,.,.,blink
10:25:30.1809,.,.,blink
10:25:30.1814,.,.,blink
10:25:30.1819,.,.,blink
10:25:30.1823,.,.,blink
10:25:30.1828,.,.,blink
10:25:30.1833,.,.,blink
10:25:30.1837,.,.,blink
10:25:30.1842,.,.,blink
10:25:30.1847,.,.,blink
10:25:30.1852,.,.,blink
10:25:30.1856,.,.,blink
10:25:30.1861,.,.,blink
10:25:30.1866,.,.,blink
10:25:30.1870,.,.,blink
10:25:30.1875,.,.,blink
10:25:30.188,.,.,blink
10:25:30.1884,.,.,blink
10:25:30.1889,.,.,blink
10:25:30.1894,.,.,blink
10:25:30.1898,.,.,blink
10:25:30.1903,.,.,blink
10:25:30.1908,.,.,blink
10:25:30.1913,.,.,blink
10:25:30.1917,.,.,blink
10:25:30.1922,.,.,blink
10:25:30.1927,.,.,blink
10:25:30.1931,.,.,blink
10:25:30.1936,.,.,blink
10:25:30.1941,.,.,blink
10:25:30.1945,.,.,blink
10:25:30.195,.,.,blink
10:25:30.1955,.,.,blink
10:25:30.1959,.,.,blink
10:25:30.1964,.,.,blink
10:25:30.1969,.,.,blink
10:25:30.1974,.,.,blink
10:25:30.1978,.,.,blink
10:25:30.1983,.,.,blink
10:25:30.1988,.,.,blink
10:25:30.1992,.,.,blink
10:25:30.1997,.,.,blink
10:25:30.2002,.,.,blink
10:25:30.2006,.,.,blink
10:25:30.2011,.,.,blink
10:25:30.2016,.,.,blink
10:25:30.2020,.,.,blink
10:25:30.2025,.,.,blink
10:25:30.203,.,.,blink
10:25:30.2035,.,.,blink
10:25:30.2039,.,.,blink
10:25:30.2044,.,.,blink
10:25:30.2049,.,.,blink
10:25:30.2053,.,.,blink
10:25:30.2058,.,.,blink
10:25:30.2063,.,.,blink
10:25:30.2067,.,.,blink
10:25:30.2072,.,.,blink
10:25:30.2077,.,.,blink
10:25:30.2081,.,.,blink
10:25:30.2086,.,.,blink
10:25:30.2091,.,.,blink
10:25:30.2096,.,.,blink
10:25:30.2100,.,.,blink
10:25:30.2105,.,.,blink
10:25:30.211,.,.,blink
10:25:30.2114,.,.,blink
10:25:30.2119,.,.,blink
10:25:30.2124,.,.,blink
10:25:30.2128,.,.,blink
10:25:30.2133,.,.,blink
10:25:30.2138,.,.,blink
10:25:30.2142,.,.,blink
10:25:30.2147,.,.,blink
10:25:30.2152,.,.,blink
10:25:30.2157,.,.,blink
10:25:30.2161,.,.,blink
10:25:30.2166,.,.,blink
10:25:30.2171,.,.,blink
10:25:30.2175,.,.,blink
10:25:30.218,.,.,blink
10:25:30.2185,.,.,blink
10:25:30.2189,.,.,blink
10:25:30.2194,.,.,blink
10:25:30.2199,.,.,blink
10:25:30.2203,.,.,blink
10:25:30.2208,.,.,blink
10:25:30.2213,.,.,blink
10:25:30.2217,.,.,blink
10:25:30.2221,.,.,blink
10:25:30.2226,.,.,blink
10:25:30.2231,.,.,blink
10:25:30.2235,.,.,blink
10:25:30.224,.,.,blink
10:25:30.2245,.,.,blink
10:25:30.2249,.,.,blink
10:25:30.2254,.,.,blink
10:25:30.2259,.,.,blink
10:25:30.2263,.,.,blink
10:25:30.2267,.,.,blink
10:25:30.2272,.,.,blink
10:25:30.2277,.,.,blink
10:25:30.2281,.,.,blink
10:25:30.2286,.,.,blink
10:25:30.2291,.,.,blink
10:25:30.2295,.,.,blink
10:25:30.23,.,.,blink
10:25:30.2305,.,.,blink
10:25:30.2309,.,.,blink
10:25:30.2313,.,.,blink
10:25:30.2318,.,.,blink
10:25:30.2323,.,.,blink
10:25:30.2327,.,.,blink
10:25:30.2332,.,.,blink
10:25:30.2337,.,.,blink
10:25:30.2341,.,.,blink
10:25:30.2346,.,.,blink
10:25:30.2351,.,.,blink
10:25:30.2355,.,.,blink
10:25:30.2359,.,.,blink
10:25:30.2364,.,.,blink
10:25:30.2369,.,.,blink
10:25:30.2373,.,.,blink
10:25:30.2378,.,.,blink
10:25:30.2383,.,.,blink
10:25:30.2387,.,.,blink
10:25:30.2392,.,.,blink
10:25:30.2397,.,.,blink
10:25:30.2401,.,.,blink
10:25:30.2406,.,.,blink
10:25:30.2411,.,.,blink
10:25:30.2416,.,.,blink
10:25:30.2420,.,.,blink
10:25:30.2425,.,.,blink
10:25:30.243,.,.,blink
10:25:30.2434,.,.,blink
10:25:30.2439,.,.,blink
10:25:30.2444,.,.,blink
10:25:30.2448,.,.,blink
10:25:30.2453,.,.,blink
10:25:30.2458,.,.,blink
10:25:30.2462,.,.,blink
10:25:30.2467,.,.,blink
10:25:30.2472,.,.,blink
10:25:30.2477,.,.,blink
10:25:30.2481,.,.,blink
10:25:30.2486,.,.,blink
10:25:30.2491,.,.,blink
10:25:30.2495,.,.,blink
10:25:30.25,.,.,blink
10:25:30.2505,.,.,blink
10:25:30.2509,.,.,blink
10:25:30.2514,.,.,blink
10:25:30.2519,.,.,blink
10:25:30.2523,.,.,blink
10:25:30.2528,.,.,blink
10:25:30.2533,.,.,blink
10:25:30.2538,.,.,blink
10:25:30.2542,.,.,blink
10:25:30.2547,.,.,blink
10:25:30.2552,.,.,blink
10:25:30.2556,.,.,blink
10:25:30.2561,.,.,blink
10:25:30.2566,.,.,blink
10:25:30.2570,.,.,blink
10:25:30.2575,.,.,blink
10:25:30.258,.,.,blink
10:25:30.2584,.,.,blink
10:25:30.2589,.,.,blink
10:25:30.2594,.,.,blink
10:25:30.2599,.,.,blink
10:25:30.2603,.,.,blink
10:25:30.2608,.,.,blink
10:25:30.2613,.,.,blink
10:25:30.2617,.,.,blink
10:25:30.2622,.,.,blink
10:25:30.2627,.,.,blink
10:25:30.2631,.,.,blink
10:25:30.2636,.,.,blink
10:25:30.2641,.,.,blink
10:25:30.2645,.,.,blink
10:25:30.265,.,.,blink
10:25:30.2655,.,.,blink
10:25:30.266,.,.,blink
10:25:30.2664,.,.,blink
10:25:30.2669,.,.,blink
10:25:30.2674,.,.,blink
10:25:30.2678,.,.,blink
10:25:30.2683,.,.,blink
10:25:30.2688,.,.,blink
10:25:30.2692,.,.,blink
10:25:30.2697,.,.,blink
10:25:30.2702,.,.,blink
10:25:30.2706,.,.,blink
10:25:30.2711,.,.,blink
10:25:30.2716,.,.,blink
10:25:30.2721,.,.,blink
10:25:30.2725,.,.,blink
10:25:30.273,.,.,blink
10:25:30.2735,.,.,blink
10:25:30.2739,.,.,blink
10:25:30.2744,.,.,blink
10:25:30.2749,.,.,blink
10:25:30.2753,.,.,blink
10:25:30.2758,.,.,blink
10:25:30.2763,.,.,blink
10:25:30.2767,.,.,blink
10:25:30.2772,.,.,blink
10:25:30.2777,.,.,blink
10:25:30.2782,.,.,blink
10:25:30.2786,.,.,blink
10:25:30.2791,.,.,blink
10:25:30.2796,.,.,blink
10:25:30.2800,.,.,blink
10:25:30.2805,.,.,blink
10:25:30.281,.,.,blink
10:25:30.2814,.,.,blink
10:25:30.2819,.,.,blink
10:25:30.2824,.,.,blink
10:25:30.2828,.,.,blink
10:25:30.2833,.,.,blink
10:25:30.2838,.,.,blink
10:25:30.2842,.,.,blink
10:25:30.2846,.,.,blink
10:25:30.2851,.,.,blink
10:25:30.2856,.,.,blink
10:25:30.2860,.,.,blink
10:25:30.2865,.,.,blink
10:25:30.287,.,.,blink
10:25:30.2874,.,.,blink
10:25:30.2879,.,.,blink
10:25:30.2884,.,.,blink
10:25:30.2888,.,.,blink
10:25:30.2892,.,.,blink
10:25:30.2897,.,.,blink
10:25:30.2902,.,.,blink
10:25:30.2906,.,.,blink
10:25:30.2911,.,.,blink
10:25:30.2916,.,.,blink
10:25:30.2920,.,.,blink
10:25:30.2925,.,.,blink
10:25:30.293,.,.,blink
10:25:30.2934,.,.,blink
10:25:30.2938,.,.,blink
10:25:30.2943,.,.,blink
10:25:30.2948,.,.,blink
10:25:30.2952,.,.,blink
10:25:30.2957,.,.,blink
10:25:30.2962,.,.,blink
10:25:30.2966,.,.,blink
10:25:30.2971,.,.,blink
10:25:30.2976,.,.,blink
10:25:30.2980,.,.,blink
10:25:30.2984,.,.,blink
10:25:30.2989,.,.,blink
10:25:30.2994,.,.,blink
10:25:30.2998,.,.,blink
10:25:30.3003,.,.,blink
10:25:30.3008,.,.,blink
10:25:30.3012,.,.,blink
10:25:30.3017,.,.,blink
10:25:30.3022,.,.,blink
10:25:30.3026,.,.,blink
10:25:30.3031,.,.,blink
10:25:30.3036,.,.,blink
10:25:30.3041,.,.,blink
10:25:30.3045,.,.,blink
10:25:30.305,.,.,blink
10:25:30.3055,.,.,blink
10:25:30.3059,.,.,blink
10:25:30.3064,.,.,blink
10:25:30.3069,.,.,blink
10:25:30.3073,.,.,blink
10:25:30.3078,.,.,blink
10:25:30.3083,.,.,blink
10:25:30.3087,.,.,blink
10:25:30.3092,.,.,blink
10:25:30.3097,.,.,blink
10:25:30.3102,.,.,blink
10:25:30.3106,.,.,blink
10:25:30.3111,.,.,blink
10:25:30.3116,.,.,blink
10:25:30.3120,.,.,blink
10:25:30.3125,.,.,blink
10:25:30.313,.,.,blink
10:25:30.3134,.,.,blink
10:25:30.3139,.,.,blink
10:25:30.3144,.,.,blink
10:25:30.3148,.,.,blink
10:25:30.3153,.,.,blink
10:25:30.3158,.,.,blink
10:25:30.3163,.,.,blink
10:25:30.3167,.,.,blink
10:25:30.3172,.,.,blink
10:25:30.3177,.,.,blink
10:25:30.3181,.,.,blink
10:25:30.3186,.,.,blink
10:25:30.3191,.,.,blink
10:25:30.3195,.,.,blink
10:25:30.32,.,.,blink
10:25:30.3205,.,.,blink
10:25:30.3209,.,.,blink
10:25:30.3214,.,.,blink
10:25:30.3219,.,.,blink
10:25:30.3224,.,.,blink
10:25:30.3228,.,.,blink
10:25:30.3233,.,.,blink
10:25:30.3238,.,.,blink
10:25:30.3242,.,.,blink
10:25:30.3247,.,.,blink
10:25:30.3252,.,.,blink
10:25:30.3256,.,.,blink
10:25:30.3261,.,.,blink
10:25:30.3266,.,.,blink
10:25:30.3270,.,.,blink
10:25:30.3275,.,.,blink
10:25:30.328,.,.,blink
10:25:30.3285,.,.,blink
10:25:30.3289,.,.,blink
10:25:30.3294,.,.,blink
10:25:30.3299,.,.,blink
10:25:30.3303,.,.,blink
10:25:30.3308,.,.,blink
10:25:30.3313,.,.,blink
10:25:30.3317,.,.,blink
10:25:30.3322,.,.,blink
10:25:30.3327,.,.,blink
10:25:30.3331,.,.,blink
10:25:30.3336,.,.,blink
10:25:30.3341,.,.,blink
10:25:30.3346,.,.,blink
10:25:30.3350,.,.,blink
10:25:30.3355,.,.,blink
10:25:30.336,.,.,blink
10:25:30.3364,.,.,blink
10:25:30.3369,.,.,blink
10:25:30.3374,.,.,blink
10:25:30.3378,.,.,blink
10:25:30.3383,.,.,blink
10:25:30.3388,.,.,blink
10:25:30.3392,.,.,blink
10:25:30.3397,.,.,blink
10:25:30.3402,.,.,blink
10:25:30.3407,.,.,blink
10:25:30.3411,.,.,blink
10:25:30.3416,.,.,blink
10:25:30.3421,.,.,blink
10:25:30.3425,.,.,blink
10:25:30.343,.,.,blink
10:25:30.3435,.,.,blink
10:25:30.3439,.,.,blink
10:25:30.3444,.,.,blink
10:25:30.3449,.,.,blink
10:25:30.3453,.,.,blink
10:25:30.3458,.,.,blink
10:25:30.3463,.,.,blink
10:25:30.3467,.,.,blink
10:25:30.3471,.,.,blink
10:25:30.3476,.,.,blink
10:25:30.3481,.,.,blink
10:25:30.3485,.,.,blink
10:25:30.349,.,.,blink
10:25:30.3495,.,.,blink
10:25:30.3499,.,.,blink
10:25:30.3504,.,.,blink
10:25:30.3509,.,.,blink
10:25:30.3513,.,.,blink
10:25:30.3517,.,.,blink
10:25:30.3522,.,.,blink
10:25:30.3527,.,.,blink
10:25:30.3531,.,.,blink
10:25:30.3536,.,.,blink
10:25:30.3541,.,.,blink
10:25:30.3545,.,.,blink
10:25:30.355,.,.,blink
10:25:30.3555,.,.,blink
10:25:30.3559,.,.,blink
10:25:30.3563,.,.,blink
10:25:30.3568,.,.,blink
10:25:30.3573,.,.,blink
10:25:30.3577,.,.,blink
10:25:30.3582,.,.,blink
10:25:30.3587,.,.,blink
10:25:30.3591,.,.,blink
10:25:30.3596,.,.,blink
10:25:30.3601,.,.,blink
10:25:30.3605,.,.,blink
10:25:30.3609,.,.,blink
10:25:30.3614,.,.,blink
10:25:30.3619,.,.,blink
10:25:30.3623,.,.,blink
10:25:30.3628,.,.,blink
10:25:30.3633,.,.,blink
10:25:30.3637,.,.,blink
10:25:30.3642,.,.,blink
10:25:30.3647,.,.,blink
10:25:30.3651,.,.,blink
10:25:30.3656,.,.,blink
10:25:30.3661,.,.,blink
10:25:30.3666,.,.,blink
10:25:30.3670,.,.,blink
10:25:30.3675,.,.,blink
10:25:30.368,.,.,blink
10:25:30.3684,.,.,blink
10:25:30.3689,.,.,blink
10:25:30.3694,.,.,blink
10:25:30.3698,.,.,blink
10:25:30.3703,.,.,blink
10:25:30.3708,.,.,blink
10:25:30.3712,.,.,blink
10:25:30.3717,.,.,blink
10:25:30.3722,.,.,blink
10:25:30.3727,.,.,blink
10:25:30.3731,.,.,blink
10:25:30.3736,.,.,blink
10:25:30.3741,.,.,blink
10:25:30.3745,.,.,blink
10:25:30.375,.,.,blink
10:25:30.3755,.,.,blink
10:25:30.3759,.,.,blink
10:25:30.3764,.,.,blink
10:25:30.3769,.,.,blink
10:25:30.3773,.,.,blink
10:25:30.3778,.,.,blink
10:25:30.3783,.,.,blink
10:25:30.3788,.,.,blink
10:25:30.3792,.,.,blink
10:25:30.3797,.,.,blink
10:25:30.3802,.,.,blink
10:25:30.3806,.,.,blink
10:25:30.3811,.,.,blink
10:25:30.3816,.,.,blink
10:25:30.3820,.,.,blink
10:25:30.3825,.,.,blink
10:25:30.383,.,.,blink
10:25:30.3834,.,.,blink
10:25:30.3839,.,.,blink
10:25:30.3844,.,.,blink
10:25:30.3849,.,.,blink
10:25:30.3853,.,.,blink
10:25:30.3858,.,.,blink
10:25:30.3863,.,.,blink
10:25:30.3867,.,.,blink
10:25:30.3872,.,.,blink
10:25:30.3877,.,.,blink
10:25:30.3881,.,.,blink
10:25:30.3886,.,.,blink
10:25:30.3891,.,.,blink
10:25:30.3895,.,.,blink
10:25:30.39,.,.,blink
10:25:30.3905,.,.,blink
10:25:30.391,.,.,blink
10:25:30.3914,.,.,blink
10:25:30.3919,.,.,blink
10:25:30.3924,.,.,blink
10:25:30.3928,.,.,blink
10:25:30.3933,.,.,blink
10:25:30.3938,.,.,blink
10:25:30.3942,.,.,blink
10:25:30.3947,.,.,blink
10:25:30.3952,.,.,blink
10:25:30.3956,.,.,blink
10:25:30.3961,.,.,blink
10:25:30.3966,.,.,blink
10:25:30.3971,.,.,blink
10:25:30.3975,.,.,blink
10:25:30.398,.,.,blink
10:25:30.3985,.,.,blink
10:25:30.3989,.,.,blink
10:25:30.3994,.,.,blink
10:25:30.3999,.,.,blink
10:25:30.4003,.,.,blink
10:25:30.4008,.,.,blink
10:25:30.4013,.,.,blink
10:25:30.4017,.,.,blink
10:25:30.4022,.,.,blink
10:25:30.4027,.,.,blink
10:25:30.4032,.,.,blink
10:25:30.4036,.,.,blink
10:25:30.4041,.,.,blink
10:25:30.4046,.,.,blink
10:25:30.4050,.,.,blink
10:25:30.4055,.,.,blink
10:25:30.406,.,.,blink
10:25:30.4064,.,.,blink
10:25:30.4069,.,.,blink
10:25:30.4074,.,.,blink
10:25:30.4078,.,.,blink
10:25:30.4083,.,.,blink
10:25:30.4088,.,.,blink
10:25:30.4092,.,.,blink
10:25:30.4096,.,.,blink
10:25:30.4101,.,.,blink
10:25:30.4106,.,.,blink
10:25:30.4110,.,.,blink
10:25:30.4115,.,.,blink
10:25:30.412,.,.,blink
10:25:30.4124,.,.,blink
10:25:30.4129,.,.,blink
10:25:30.4134,.,.,blink
10:25:30.4138,.,.,blink
10:25:30.4142,.,.,blink
10:25:30.4147,.,.,blink
10:25:30.4152,.,.,blink
10:25:30.4156,.,.,blink
10:25:30.4161,.,.,blink
10:25:30.4166,.,.,blink
10:25:30.4170,.,.,blink
10:25:30.4175,.,.,blink
10:25:30.418,.,.,blink
10:25:30.4184,.,.,blink
10:25:30.4188,.,.,blink
10:25:30.4193,.,.,blink
10:25:30.4198,.,.,blink
10:25:30.4202,.,.,blink
10:25:30.4207,.,.,blink
10:25:30.4212,.,.,blink
10:25:30.4216,.,.,blink
10:25:30.4221,.,.,blink
10:25:30.4226,.,.,blink
10:25:30.4230,.,.,blink
10:25:30.4234,.,.,blink
10:25:30.4239,.,.,blink
10:25:30.4244,.,.,blink
10:25:30.4248,.,.,blink
10:25:30.4253,.,.,blink
10:25:30.4258,.,.,blink
10:25:30.4262,.,.,blink
10:25:30.4267,.,.,blink
10:25:30.4272,.,.,blink
10:25:30.4276,.,.,blink
10:25:30.4281,.,.,blink
10:25:30.4286,.,.,blink
10:25:30.4291,.,.,blink
10:25:30.4295,.,.,blink
10:25:30.43,.,.,blink
10:25:30.4305,.,.,blink
10:25:30.4309,.,.,blink
10:25:30.4314,.,.,blink
10:25:30.4319,.,.,blink
10:25:30.4323,.,.,blink
10:25:30.4328,.,.,blink
10:25:30.4333,.,.,blink
10:25:30.4337,.,.,blink
10:25:30.4342,.,.,blink
10:25:30.4347,.,.,blink
10:25:30.4352,.,.,blink
10:25:30.4356,.,.,blink
10:25:30.4361,.,.,blink
10:25:30.4366,.,.,blink
10:25:30.4370,.,.,blink
10:25:30.4375,.,.,blink
10:25:30.438,.,.,blink
10:25:30.4384,.,.,blink
10:25:30.4389,.,.,blink
10:25:30.4394,.,.,blink
10:25:30.4398,.,.,blink
10:25:30.4403,.,.,blink
10:25:30.4408,.,.,blink
10:25:30.4413,.,.,blink
10:25:30.4417,.,.,blink
10:25:30.4422,.,.,blink
10:25:30.4427,.,.,blink
10:25:30.4431,.,.,blink
10:25:30.4436,.,.,blink
10:25:30.4441,.,.,blink
10:25:30.4445,.,.,blink
10:25:30.445,.,.,blink
10:25:30.4455,.,.,blink
10:25:30.4459,.,.,blink
10:25:30.4464,.,.,blink
10:25:30.4469,.,.,blink
10:25:30.4474,.,.,blink
10:25:30.4478,.,.,blink
10:25:30.4483,.,.,blink
10:25:30.4488,.,.,blink
10:25:30.4492,.,.,blink
10:25:30.4497,.,.,blink
10:25:30.4502,.,.,blink
10:25:30.4506,.,.,blink
10:25:30.4511,.,.,blink
10:25:30.4516,.,.,blink
10:25:30.4520,.,.,blink
10:25:30.4525,.,.,blink
10:25:30.453,.,.,blink
10:25:30.4535,.,.,blink
10:25:30.4539,.,.,blink
10:25:30.4544,.,.,blink
10:25:30.4549,.,.,blink
10:25:30.4553,.,.,blink
10:25:30.4558,.,.,blink
10:25:30.4563,.,.,blink
10:25:30.4567,.,.,blink
10:25:30.4572,.,.,blink
10:25:30.4577,.,.,blink
10:25:30.4581,.,.,blink
10:25:30.4586,.,.,blink
10:25:30.4591,.,.,blink
10:25:30.4596,.,.,blink
10:25:30.4600,.,.,blink
10:25:30.4605,.,.,blink
10:25:30.461,.,.,blink
10:25:30.4614,.,.,blink
10:25:30.4619,.,.,blink
10:25:30.4624,.,.,blink
10:25:30.4628,.,.,blink
10:25:30.4633,.,.,blink
10:25:30.4638,.,.,blink
10:25:30.4642,.,.,blink
10:25:30.4647,.,.,blink
10:25:30.4652,.,.,blink
10:25:30.4657,.,.,blink
10:25:30.4661,.,.,blink
10:25:30.4666,.,.,blink
10:25:30.4671,.,.,blink
10:25:30.4675,.,.,blink
10:25:30.468,.,.,blink
10:25:30.4685,.,.,blink
10:25:30.4689,.,.,blink
10:25:30.4694,.,.,blink
10:25:30.4699,.,.,blink
10:25:30.4703,.,.,blink
10:25:30.4708,.,.,blink
10:25:30.4713,.,.,blink
10:25:30.4717,.,.,blink
10:25:30.4721,.,.,blink
10:25:30.4726,.,.,blink
10:25:30.4731,.,.,blink
10:25:30.4735,.,.,blink
10:25:30.474,.,.,blink
10:25:30.4745,.,.,blink
10:25:30.4749,.,.,blink
10:25:30.4754,.,.,blink
10:25:30.4759,.,.,blink
10:25:30.4763,.,.,blink
10:25:30.4767,.,.,blink
10:25:30.4772,.,.,blink
10:25:30.4777,.,.,blink
10:25:30.4781,.,.,blink
10:25:30.4786,.,.,blink
10:25:30.4791,.,.,blink
10:25:30.4795,.,.,blink
10:25:30.48,.,.,blink
10:25:30.4805,.,.,blink
10:25:30.4809,.,.,blink
10:25:30.4813,.,.,blink
10:25:30.4818,.,.,blink
10:25:30.4823,.,.,blink
10:25:30.4827,.,.,blink
10:25:30.4832,.,.,blink
10:25:30.4837,.,.,blink
10:25:30.4841,.,.,blink
10:25:30.4846,.,.,blink
10:25:30.4851,.,.,blink
10:25:30.4855,.,.,blink
10:25:30.4859,.,.,blink
10:25:30.4864,.,.,blink
10:25:30.4869,.,.,blink
10:25:30.4873,.,.,blink
10:25:30.4878,.,.,blink
10:25:30.4883,.,.,blink
10:25:30.4887,.,.,blink
10:25:30.4892,.,.,blink
10:25:30.4897,.,.,blink
10:25:30.4901,.,.,blink
10:25:30.4906,.,.,blink
10:25:30.4911,.,.,blink
10:25:30.4916,.,.,blink
10:25:30.4920,.,.,blink
10:25:30.4925,.,.,blink
10:25:30.493,.,.,blink
10:25:30.4934,.,.,blink
10:25:30.4939,.,.,blink
10:25:30.4944,.,.,blink
10:25:30.4948,.,.,blink
10:25:30.4953,.,.,blink
10:25:30.4958,.,.,blink
10:25:30.4962,.,.,blink
10:25:30.4967,.,.,blink
10:25:30.4972,.,.,blink
10:25:30.4977,.,.,blink
10:25:30.4981,.,.,blink
10:25:30.4986,.,.,blink
10:25:30.4991,.,.,blink
10:25:30.4995,.,.,blink
10:25:30.5,.,.,blink
10:25:30.5005,.,.,blink
10:25:30.5009,.,.,blink
10:25:30.5014,.,.,blink
10:25:30.5019,.,.,blink
10:25:30.5023,.,.,blink
10:25:30.5028,.,.,blink
10:25:30.5033,.,.,blink
10:25:30.5038,.,.,blink
10:25:30.5042,.,.,blink
10:25:30.5047,.,.,blink
10:25:30.5052,.,.,blink
10:25:30.5056,.,.,blink
10:25:30.5061,.,.,blink
10:25:30.5066,.,.,blink
10:25:30.5070,.,.,blink
10:25:30.5075,.,.,blink
10:25:30.508,.,.,blink
10:25:30.5084,.,.,blink
10:25:30.5089,.,.,blink
10:25:30.5094,.,.,blink
10:25:30.5099,.,.,blink
10:25:30.5103,.,.,blink
10:25:30.5108,.,.,blink
10:25:30.5113,.,.,blink
10:25:30.5117,.,.,blink
10:25:30.5122,.,.,blink
10:25:30.5127,.,.,blink
10:25:30.5131,.,.,blink
10:25:30.5136,.,.,blink
10:25:30.5141,.,.,blink
10:25:30.5145,.,.,blink
10:25:30.515,.,.,blink
10:25:30.5155,.,.,blink
10:25:30.516,.,.,blink
10:25:30.5164,.,.,blink
10:25:30.5169,.,.,blink
10:25:30.5174,.,.,blink
10:25:30.5178,.,.,blink
10:25:30.5183,.,.,blink
10:25:30.5188,.,.,blink
10:25:30.5192,.,.,blink
10:25:30.5197,.,.,blink
10:25:30.5202,.,.,blink
10:25:30.5206,.,.,blink
10:25:30.5211,.,.,blink
10:25:30.5216,.,.,blink
10:25:30.5221,.,.,blink
10:25:30.5225,.,.,blink
10:25:30.523,.,.,blink
10:25:30.5235,.,.,blink
10:25:30.5239,.,.,blink
10:25:30.5244,.,.,blink
10:25:30.5249,.,.,blink
10:25:30.5253,.,.,blink
10:25:30.5258,.,.,blink
10:25:30.5263,.,.,blink
10:25:30.5267,.,.,blink
10:25:30.5272,.,.,blink
10:25:30.5277,.,.,blink
10:25:30.5282,.,.,blink
10:25:30.5286,.,.,blink
10:25:30.5291,.,.,blink
10:25:30.5296,.,.,blink
10:25:30.5300,.,.,blink
10:25:30.5305,.,.,blink
10:25:30.531,.,.,blink
10:25:30.5314,.,.,blink
10:25:30.5319,.,.,blink
10:25:30.5324,.,.,blink
10:25:30.5328,.,.,blink
10:25:30.5333,.,.,blink
10:25:30.5338,.,.,blink
10:25:30.5342,.,.,blink
10:25:30.5346,.,.,blink
10:25:30.5351,.,.,blink
10:25:30.5356,.,.,blink
10:25:30.5360,.,.,blink
10:25:30.5365,.,.,blink
10:25:30.537,.,.,blink
10:25:30.5374,.,.,blink
10:25:30.5379,.,.,blink
10:25:30.5384,.,.,blink
10:25:30.5388,.,.,blink
10:25:30.5392,.,.,blink
10:25:30.5397,.,.,blink
10:25:30.5402,.,.,blink
10:25:30.5406,.,.,blink
10:25:30.5411,.,.,blink
10:25:30.5416,.,.,blink
10:25:30.5420,.,.,blink
10:25:30.5425,.,.,blink
10:25:30.543,.,.,blink
10:25:30.5434,.,.,blink
10:25:30.5438,.,.,blink
10:25:30.5443,.,.,blink
10:25:30.5448,.,.,blink
10:25:30.5452,.,.,blink
10:25:30.5457,.,.,blink
10:25:30.5462,.,.,blink
10:25:30.5466,.,.,blink
10:25:30.5471,.,.,blink
10:25:30.5476,.,.,blink
10:25:30.5480,.,.,blink
10:25:30.5484,.,.,blink
10:25:30.5489,.,.,blink
10:25:30.5494,.,.,blink
10:25:30.5498,.,.,blink
10:25:30.5503,.,.,blink
10:25:30.5508,.,.,blink
10:25:30.5512,.,.,blink
10:25:30.5517,.,.,blink
10:25:30.5522,.,.,blink
10:25:30.5526,.,.,blink
10:25:30.5531,.,.,blink
10:25:30.5536,.,.,blink
10:25:30.5541,.,.,blink
10:25:30.5545,.,.,blink
10:25:30.555,.,.,blink
10:25:30.5555,.,.,blink
10:25:30.5559,.,.,blink
10:25:30.5564,.,.,blink
10:25:30.5569,.,.,blink
10:25:30.5573,.,.,blink
10:25:30.5578,.,.,blink
10:25:30.5583,.,.,blink
10:25:30.5587,.,.,blink
10:25:30.5592,.,.,blink
10:25:30.5597,.,.,blink
10:25:30.5602,.,.,blink
10:25:30.5606,.,.,blink
10:25:30.5611,.,.,blink
10:25:30.5616,.,.,blink
10:25:30.5620,.,.,blink
10:25:30.5625,.,.,blink
10:25:30.563,.,.,blink
10:25:30.5634,.,.,blink
10:25:30.5639,.,.,blink
10:25:30.5644,.,.,blink
10:25:30.5648,.,.,blink
10:25:30.5653,.,.,blink
10:25:30.5658,.,.,blink
10:25:30.5663,.,.,blink
10:25:30.5667,.,.,blink
10:25:30.5672,.,.,blink
10:25:30.5677,.,.,blink
10:25:30.5681,.,.,blink
10:25:30.5686,.,.,blink
10:25:30.5691,.,.,blink
10:25:30.5695,.,.,blink
10:25:30.57,.,.,blink
10:25:30.5705,.,.,blink
10:25:30.5709,.,.,blink
10:25:30.5714,.,.,blink
10:25:30.5719,.,.,blink
10:25:30.5724,.,.,blink
10:25:30.5728,.,.,blink
10:25:30.5733,.,.,blink
10:25:30.5738,.,.,blink
10:25:30.5742,.,.,blink
10:25:30.5747,.,.,blink
10:25:30.5752,.,.,blink
10:25:30.5756,.,.,blink
10:25:30.5761,.,.,blink
10:25:30.5766,.,.,blink
10:25:30.5770,.,.,blink
10:25:30.5775,.,.,blink
10:25:30.578,.,.,blink
10:25:30.5785,.,.,blink
10:25:30.5789,.,.,blink
10:25:30.5794,.,.,blink
10:25:30.5799,.,.,blink
10:25:30.5803,.,.,blink
10:25:30.5808,.,.,blink
10:25:30.5813,.,.,blink
10:25:30.5817,.,.,blink
10:25:30.5822,.,.,blink
10:25:30.5827,.,.,blink
10:25:30.5831,.,.,blink
10:25:30.5836,.,.,blink
10:25:30.5841,.,.,blink
10:25:30.5846,.,.,blink
10:25:30.5850,.,.,blink
10:25:30.5855,.,.,blink
10:25:30.586,.,.,blink
10:25:30.5864,.,.,blink
10:25:30.5869,.,.,blink
10:25:30.5874,.,.,blink
10:25:30.5878,.,.,blink
10:25:30.5883,.,.,blink
10:25:30.5888,.,.,blink
10:25:30.5892,.,.,blink
10:25:30.5897,.,.,blink
10:25:30.5902,.,.,blink
10:25:30.5907,.,.,blink
10:25:30.5911,.,.,blink
10:25:30.5916,.,.,blink
10:25:30.5921,.,.,blink
10:25:30.5925,.,.,blink
10:25:30.593,.,.,blink
10:25:30.5935,.,.,blink
10:25:30.5939,.,.,blink
10:25:30.5944,.,.,blink
10:25:30.5949,.,.,blink
10:25:30.5953,.,.,blink
10:25:30.5958,.,.,blink
10:25:30.5963,.,.,blink
10:25:30.5967,.,.,blink
10:25:30.5971,.,.,blink
10:25:30.5976,.,.,blink
10:25:30.5981,.,.,blink
10:25:30.5985,.,.,blink
10:25:30.599,.,.,blink
10:25:30.5995,.,.,blink
10:25:30.5999,.,.,blink
10:25:30.6004,.,.,blink
10:25:30.6009,.,.,blink
10:25:30.6013,.,.,blink
10:25:30.6017,.,.,blink
10:25:30.6022,.,.,blink
10:25:30.6027,.,.,blink
10:25:30.6031,.,.,blink
10:25:30.6036,.,.,blink
10:25:30.6041,.,.,blink
10:25:30.6045,.,.,blink
10:25:30.605,.,.,blink
10:25:30.6055,.,.,blink
10:25:30.6059,.,.,blink
10:25:30.6063,.,.,blink
10:25:30.6068,.,.,blink
10:25:30.6073,.,.,blink
10:25:30.6077,.,.,blink
10:25:30.6082,.,.,blink
10:25:30.6087,.,.,blink
10:25:30.6091,.,.,blink
10:25:30.6096,.,.,blink
10:25:30.6101,.,.,blink
10:25:30.6105,.,.,blink
10:25:30.6109,.,.,blink
10:25:30.6114,.,.,blink
10:25:30.6119,.,.,blink
10:25:30.6123,.,.,blink
10:25:30.6128,.,.,blink
10:25:30.6133,.,.,blink
10:25:30.6137,.,.,blink
10:25:30.6142,.,.,blink
10:25:30.6147,.,.,blink
10:25:30.6151,.,.,blink
10:25:30.6156,.,.,blink
10:25:30.6161,.,.,blink
10:25:30.6166,.,.,blink
10:25:30.6170,.,.,blink
10:25:30.6175,.,.,blink
10:25:30.618,.,.,blink
10:25:30.6184,.,.,blink
10:25:30.6189,.,.,blink
10:25:30.6194,.,.,blink
10:25:30.6198,.,.,blink
10:25:30.6203,.,.,blink
10:25:30.6208,.,.,blink
10:25:30.6212,.,.,blink
10:25:30.6217,.,.,blink
10:25:30.6222,.,.,blink
10:25:30.6227,.,.,blink
10:25:30.6231,.,.,blink
10:25:30.6236,.,.,blink
10:25:30.6241,.,.,blink
10:25:30.6245,.,.,blink
10:25:30.625,.,.,blink
10:25:30.6255,.,.,blink
10:25:30.6259,.,.,blink
10:25:30.6264,.,.,blink
10:25:30.6269,.,.,blink
10:25:30.6273,.,.,blink
10:25:30.6278,.,.,blink
10:25:30.6283,.,.,blink
10:25:30.6288,.,.,blink
10:25:30.6292,.,.,blink
10:25:30.6297,.,.,blink
10:25:30.6302,.,.,blink
10:25:30.6306,.,.,blink
10:25:30.6311,.,.,blink
10:25:30.6316,.,.,blink
10:25:30.6320,.,.,blink
10:25:30.6325,.,.,blink
10:25:30.633,.,.,blink
10:25:30.6334,.,.,blink
10:25:30.6339,.,.,blink
10:25:30.6344,.,.,blink
10:25:30.6349,.,.,blink
10:25:30.6353,.,.,blink
10:25:30.6358,.,.,blink
10:25:30.6363,.,.,blink
10:25:30.6367,.,.,blink
10:25:30.6372,.,.,blink
10:25:30.6377,.,.,blink
10:25:30.6381,.,.,blink
10:25:30.6386,.,.,blink
10:25:30.6391,.,.,blink
10:25:30.6395,.,.,blink
10:25:30.64,.,.,blink
10:25:30.6405,.,.,blink
10:25:30.641,.,.,blink
10:25:30.6414,.,.,blink
10:25:30.6419,.,.,blink
10:25:30.6424,.,.,blink
10:25:30.6428,.,.,blink
10:25:30.6433,.,.,blink
10:25:30.6438,.,.,blink
10:25:30.6442,.,.,blink
10:25:30.6447,.,.,blink
10:25:30.6452,.,.,blink
10:25:30.6456,.,.,blink
10:25:30.6461,.,.,blink
10:25:30.6466,.,.,blink
10:25:30.6471,.,.,blink
10:25:30.6475,.,.,blink
10:25:30.648,.,.,blink
10:25:30.6485,.,.,blink
10:25:30.6489,.,.,blink
10:25:30.6494,.,.,blink
10:25:30.6499,.,.,blink
10:25:30.6503,.,.,blink
10:25:30.6508,.,.,blink
10:25:30.6513,.,.,blink
10:25:30.6517,.,.,blink
10:25:30.6522,.,.,blink
10:25:30.6527,.,.,blink
10:25:30.6532,.,.,blink
10:25:30.6536,.,.,blink
10:25:30.6541,.,.,blink
10:25:30.6546,.,.,blink
10:25:30.6550,.,.,blink
10:25:30.6555,.,.,blink
10:25:30.656,.,.,blink
10:25:30.6564,.,.,blink
10:25:30.6569,.,.,blink
10:25:30.6574,.,.,blink
10:25:30.6578,.,.,blink
10:25:30.6583,.,.,blink
10:25:30.6588,.,.,blink
10:25:30.6592,.,.,blink
10:25:30.6596,.,.,blink
10:25:30.6601,.,.,blink
10:25:30.6606,.,.,blink
10:25:30.6610,.,.,blink
10:25:30.6615,.,.,blink
10:25:30.662,.,.,blink
10:25:30.6624,.,.,blink
10:25:30.6629,.,.,blink
10:25:30.6634,.,.,blink
10:25:30.6638,.,.,blink
10:25:30.6642,.,.,blink
10:25:30.6647,.,.,blink
10:25:30.6652,.,.,blink
10:25:30.6656,.,.,blink
10:25:30.6661,.,.,blink
10:25:30.6666,.,.,blink
10:25:30.6670,.,.,blink
10:25:30.6675,.,.,blink
10:25:30.668,.,.,blink
10:25:30.6684,.,.,blink
10:25:30.6688,.,.,blink
10:25:30.6693,.,.,blink
10:25:30.6698,.,.,blink
10:25:30.6702,.,.,blink
10:25:30.6707,.,.,blink
10:25:30.6712,.,.,blink
10:25:30.6716,.,.,blink
10:25:30.6721,.,.,blink
10:25:30.6726,.,.,blink
10:25:30.6730,.,.,blink
10:25:30.6734,.,.,blink
10:25:30.6739,.,.,blink
10:25:30.6744,.,.,blink
10:25:30.6748,.,.,blink
10:25:30.6753,.,.,blink
10:25:30.6758,.,.,blink
10:25:30.6762,.,.,blink
10:25:30.6767,.,.,blink
10:25:30.6772,.,.,blink
10:25:30.6776,.,.,blink
10:25:30.6781,.,.,blink
10:25:30.6786,.,.,blink
10:25:30.6791,.,.,blink
10:25:30.6795,.,.,blink
10:25:30.68,.,.,blink
10:25:30.6805,.,.,blink
10:25:30.6809,.,.,blink
10:25:30.6814,.,.,blink
10:25:30.6819,.,.,blink
10:25:30.6823,.,.,blink
10:25:30.6828,.,.,blink
10:25:30.6833,.,.,blink
10:25:30.6837,.,.,blink
10:25:30.6842,.,.,blink
10:25:30.6847,.,.,blink
10:25:30.6852,.,.,blink
10:25:30.6856,.,.,blink
10:25:30.6861,.,.,blink
10:25:30.6866,.,.,blink
10:25:30.6870,.,.,blink
10:25:30.6875,.,.,blink
10:25:30.688,.,.,blink
10:25:30.6884,.,.,blink
10:25:30.6889,.,.,blink
10:25:30.6894,.,.,blink
10:25:30.6898,.,.,blink
10:25:30.6903,.,.,blink
10:25:30.6908,.,.,blink
10:25:30.6913,.,.,blink
10:25:30.6917,.,.,blink
10:25:30.6922,.,.,blink
10:25:30.6927,.,.,blink
10:25:30.6931,.,.,blink
10:25:30.6936,.,.,blink
10:25:30.6941,.,.,blink
10:25:30.6945,.,.,blink
10:25:30.695,.,.,blink
10:25:30.6955,.,.,blink
10:25:30.6959,.,.,blink
10:25:30.6964,.,.,blink
10:25:30.6969,.,.,blink
10:25:30.6974,.,.,blink
10:25:30.6978,.,.,blink
10:25:30.6983,.,.,blink
10:25:30.6988,.,.,blink
10:25:30.6992,.,.,blink
10:25:30.6997,.,.,blink
10:25:30.7002,.,.,blink
10:25:30.7006,.,.,blink
10:25:30.7011,.,.,blink
10:25:30.7016,.,.,blink
10:25:30.7020,.,.,blink
10:25:30.7025,.,.,blink
10:25:30.703,.,.,blink
10:25:30.7035,.,.,blink
10:25:30.7039,.,.,blink
10:25:30.7044,.,.,blink
10:25:30.7049,.,.,blink
10:25:30.7053,.,.,blink
10:25:30.7058,.,.,blink
10:25:30.7063,.,.,blink
10:25:30.7067,.,.,blink
10:25:30.7072,.,.,blink
10:25:30.7077,.,.,blink
10:25:30.7081,.,.,blink
10:25:30.7086,.,.,blink
10:25:30.7091,.,.,blink
10:25:30.7096,.,.,blink
10:25:30.7100,.,.,blink
10:25:30.7105,.,.,blink
10:25:30.711,.,.,blink
10:25:30.7114,.,.,blink
10:25:30.7119,.,.,blink
10:25:30.7124,.,.,blink
10:25:30.7128,.,.,blink
10:25:30.7133,.,.,blink
10:25:30.7138,.,.,blink
10:25:30.7142,.,.,blink
10:25:30.7147,.,.,blink
10:25:30.7152,.,.,blink
10:25:30.7157,.,.,blink
10:25:30.7161,.,.,blink
10:25:30.7166,.,.,blink
10:25:30.7171,.,.,blink
10:25:30.7175,.,.,blink
10:25:30.718,.,.,blink
10:25:30.7185,.,.,blink
10:25:30.7189,.,.,blink
10:25:30.7194,.,.,blink
10:25:30.7199,.,.,blink
10:25:30.7203,.,.,blink
10:25:30.7208,.,.,blink
10:25:30.7213,.,.,blink
10:25:30.7217,.,.,blink
10:25:30.7221,.,.,blink
10:25:30.7226,.,.,blink
10:25:30.7231,.,.,blink
10:25:30.7235,.,.,blink
10:25:30.724,.,.,blink
10:25:30.7245,.,.,blink
10:25:30.7249,.,.,blink
10:25:30.7254,.,.,blink
10:25:30.7259,.,.,blink
10:25:30.7263,.,.,blink
10:25:30.7267,.,.,blink
10:25:30.7272,.,.,blink
10:25:30.7277,.,.,blink
10:25:30.7281,.,.,blink
10:25:30.7286,.,.,blink
10:25:30.7291,.,.,blink
10:25:30.7295,.,.,blink
10:25:30.73,.,.,blink
10:25:30.7305,.,.,blink
10:25:30.7309,.,.,blink
10:25:30.7313,.,.,blink
10:25:30.7318,.,.,blink
10:25:30.7323,.,.,blink
10:25:30.7327,.,.,blink
10:25:30.7332,.,.,blink
10:25:30.7337,.,.,blink
10:25:30.7341,.,.,blink
10:25:30.7346,.,.,blink
10:25:30.7351,.,.,blink
10:25:30.7355,.,.,blink
10:25:30.7359,.,.,blink
10:25:30.7364,.,.,blink
10:25:30.7369,.,.,blink
10:25:30.7373,.,.,blink
10:25:30.7378,.,.,blink
10:25:30.7383,.,.,blink
10:25:30.7387,.,.,blink
10:25:30.7392,.,.,blink
10:25:30.7397,.,.,blink
10:25:30.7401,.,.,blink
10:25:30.7406,.,.,blink
10:25:30.7411,.,.,blink
10:25:30.7416,.,.,blink
10:25:30.7420,.,.,blink
10:25:30.7425,.,.,blink
10:25:30.743,.,.,blink
10:25:30.7434,.,.,blink
10:25:30.7439,.,.,blink
10:25:30.7444,.,.,blink
10:25:30.7448,.,.,blink
10:25:30.7453,.,.,blink
10:25:30.7458,.,.,blink
10:25:30.7462,.,.,blink
10:25:30.7467,.,.,blink
10:25:30.7472,.,.,blink
10:25:30.7477,.,.,blink
10:25:30.7481,.,.,blink
10:25:30.7486,.,.,blink
10:25:30.7491,.,.,blink
10:25:30.7495,.,.,blink
10:25:30.75,.,.,blink
10:25:30.7505,.,.,blink
10:25:30.7509,.,.,blink
10:25:30.7514,.,.,blink
10:25:30.7519,.,.,blink
10:25:30.7523,.,.,blink
10:25:30.7528,.,.,blink
10:25:30.7533,.,.,blink
10:25:30.7538,.,.,blink
10:25:30.7542,.,.,blink
10:25:30.7547,.,.,blink
10:25:30.7552,.,.,blink
10:25:30.7556,.,.,blink
10:25:30.7561,.,.,blink
10:25:30.7566,.,.,blink
10:25:30.7570,.,.,blink
10:25:30.7575,.,.,blink
10:25:30.758,.,.,blink
10:25:30.7584,.,.,blink
10:25:30.7589,.,.,blink
10:25:30.7594,.,.,blink
10:25:30.7599,.,.,blink
10:25:30.7603,.,.,blink
10:25:30.7608,.,.,blink
10:25:30.7613,.,.,blink
10:25:30.7617,.,.,blink
10:25:30.7622,.,.,blink
10:25:30.7627,.,.,blink
10:25:30.7631,.,.,blink
10:25:30.7636,.,.,blink
10:25:30.7641,.,.,blink
10:25:30.7645,.,.,blink
10:25:30.765,.,.,blink
10:25:30.7655,.,.,blink
10:25:30.766,.,.,blink
10:25:30.7664,.,.,blink
10:25:30.7669,.,.,blink
10:25:30.7674,.,.,blink
10:25:30.7678,.,.,blink
10:25:30.7683,.,.,blink
10:25:30.7688,.,.,blink
10:25:30.7692,.,.,blink
10:25:30.7697,.,.,blink
10:25:30.7702,.,.,blink
10:25:30.7706,.,.,blink
10:25:30.7711,.,.,blink
10:25:30.7716,.,.,blink
10:25:30.7721,.,.,blink
10:25:30.7725,.,.,blink
10:25:30.773,.,.,blink
10:25:30.7735,.,.,blink
10:25:30.7739,.,.,blink
10:25:30.7744,.,.,blink
10:25:30.7749,.,.,blink
10:25:30.7753,.,.,blink
10:25:30.7758,.,.,blink
10:25:30.7763,.,.,blink
10:25:30.7767,.,.,blink
10:25:30.7772,.,.,blink
10:25:30.7777,.,.,blink
10:25:30.7782,.,.,blink
10:25:30.7786,.,.,blink
10:25:30.7791,.,.,blink
10:25:30.7796,.,.,blink
10:25:30.7800,.,.,blink
10:25:30.7805,.,.,blink
10:25:30.781,.,.,blink
10:25:30.7814,.,.,blink
10:25:30.7819,.,.,blink
10:25:30.7824,.,.,blink
10:25:30.7828,.,.,blink
10:25:30.7833,.,.,blink
10:25:30.7838,.,.,blink
10:25:30.7842,.,.,blink
10:25:30.7846,.,.,blink
10:25:30.7851,.,.,blink
10:25:30.7856,.,.,blink
10:25:30.7860,.,.,blink
10:25:30.7865,.,.,blink
10:25:30.787,.,.,blink
10:25:30.7874,.,.,blink
10:25:30.7879,.,.,blink
10:25:30.7884,.,.,blink
10:25:30.7888,.,.,blink
10:25:30.7892,.,.,blink
10:25:30.7897,.,.,blink
10:25:30.7902,.,.,blink
10:25:30.7906,.,.,blink
10:25:30.7911,.,.,blink
10:25:30.7916,.,.,blink
10:25:30.7920,.,.,blink
10:25:30.7925,.,.,blink
10:25:30.793,.,.,blink
10:25:30.7934,.,.,blink
10:25:30.7938,.,.,blink
10:25:30.7943,.,.,blink
10:25:30.7948,.,.,blink
10:25:30.7952,.,.,blink
10:25:30.7957,.,.,blink
10:25:30.7962,.,.,blink
10:25:30.7966,.,.,blink
10:25:30.7971,.,.,blink
10:25:30.7976,.,.,blink
10:25:30.7980,.,.,blink
10:25:30.7984,.,.,blink
10:25:30.7989,.,.,blink
10:25:30.7994,.,.,blink
10:25:30.7998,.,.,blink
10:25:30.8003,.,.,blink
10:25:30.8008,.,.,blink
10:25:30.8012,.,.,blink
10:25:30.8017,.,.,blink
10:25:30.8022,.,.,blink
10:25:30.8026,.,.,blink
10:25:30.8031,.,.,blink
10:25:30.8036,.,.,blink
10:25:30.8041,.,.,blink
10:25:30.8045,.,.,blink
10:25:30.805,.,.,blink
10:25:30.8055,.,.,blink
10:25:30.8059,.,.,blink
10:25:30.8064,.,.,blink
10:25:30.8069,.,.,blink
10:25:30.8073,.,.,blink
10:25:30.8078,.,.,blink
10:25:30.8083,.,.,blink
10:25:30.8087,.,.,blink
10:25:30.8092,.,.,blink
10:25:30.8097,.,.,blink
10:25:30.8102,.,.,blink
10:25:30.8106,.,.,blink
10:25:30.8111,.,.,blink
10:25:30.8116,.,.,blink
10:25:30.8120,.,.,blink
10:25:30.8125,.,.,blink
10:25:30.813,.,.,blink
10:25:30.8134,.,.,blink
10:25:30.8139,.,.,blink
10:25:30.8144,.,.,blink
10:25:30.8148,.,.,blink
10:25:30.8153,.,.,blink
10:25:30.8158,.,.,blink
10:25:30.8163,.,.,blink
10:25:30.8167,.,.,blink
10:25:30.8172,.,.,blink
10:25:30.8177,.,.,blink
10:25:30.8181,.,.,blink
10:25:30.8186,.,.,blink
10:25:30.8191,.,.,blink
10:25:30.8195,.,.,blink
10:25:30.82,.,.,blink
10:25:30.8205,.,.,blink
10:25:30.8209,.,.,blink
10:25:30.8214,.,.,blink
10:25:30.8219,.,.,blink
10:25:30.8224,.,.,blink
10:25:30.8228,.,.,blink
10:25:30.8233,.,.,blink
10:25:30.8238,.,.,blink
10:25:30.8242,.,.,blink
10:25:30.8247,.,.,blink
10:25:30.8252,.,.,blink
10:25:30.8256,.,.,blink
10:25:30.8261,.,.,blink
10:25:30.8266,.,.,blink
10:25:30.8270,.,.,blink
10:25:30.8275,.,.,blink
10:25:30.828,.,.,blink
10:25:30.8285,.,.,blink
10:25:30.8289,.,.,blink
10:25:30.8294,.,.,blink
10:25:30.8299,.,.,blink
10:25:30.8303,.,.,blink
10:25:30.8308,.,.,blink
10:25:30.8313,.,.,blink
10:25:30.8317,.,.,blink
10:25:30.8322,.,.,blink
10:25:30.8327,.,.,blink
10:25:30.8331,.,.,blink
10:25:30.8336,.,.,blink
10:25:30.8341,.,.,blink
10:25:30.8346,.,.,blink
10:25:30.8350,.,.,blink
10:25:30.8355,.,.,blink
10:25:30.836,.,.,blink
10:25:30.8364,.,.,blink
10:25:30.8369,.,.,blink
10:25:30.8374,.,.,blink
10:25:30.8378,.,.,blink
10:25:30.8383,.,.,blink
10:25:30.8388,.,.,blink
10:25:30.8392,.,.,blink
10:25:30.8397,.,.,blink
10:25:30.8402,.,.,blink
10:25:30.8407,.,.,blink
10:25:30.8411,.,.,blink
10:25:30.8416,.,.,blink
10:25:30.8421,.,.,blink
10:25:30.8425,.,.,blink
10:25:30.843,.,.,blink
10:25:30.8435,.,.,blink
10:25:30.8439,.,.,blink
10:25:30.8444,.,.,blink
10:25:30.8449,.,.,blink
10:25:30.8453,.,.,blink
10:25:30.8458,.,.,blink
10:25:30.8463,.,.,blink
10:25:30.8467,.,.,blink
10:25:30.8471,.,.,blink
10:25:30.8476,.,.,blink
10:25:30.8481,.,.,blink
10:25:30.8485,.,.,blink
10:25:30.849,.,.,blink
10:25:30.8495,.,.,blink
10:25:30.8499,.,.,blink
10:25:30.8504,.,.,blink
10:25:30.8509,.,.,blink
10:25:30.8513,.,.,blink
10:25:30.8517,.,.,blink
10:25:30.8522,.,.,blink
10:25:30.8527,.,.,blink
10:25:30.8531,.,.,blink
10:25:30.8536,.,.,blink
10:25:30.8541,.,.,blink
10:25:30.8545,.,.,blink
10:25:30.855,.,.,blink
10:25:30.8555,.,.,blink
10:25:30.8559,.,.,blink
10:25:30.8563,.,.,blink
10:25:30.8568,.,.,blink
10:25:30.8573,.,.,blink
10:25:30.8577,.,.,blink
10:25:30.8582,.,.,blink
10:25:30.8587,.,.,blink
10:25:30.8591,.,.,blink
10:25:30.8596,.,.,blink
10:25:30.8601,.,.,blink
10:25:30.8605,.,.,blink
10:25:30.8609,.,.,blink
10:25:30.8614,.,.,blink
10:25:30.8619,.,.,blink
10:25:30.8623,.,.,blink
10:25:30.8628,.,.,blink
10:25:30.8633,.,.,blink
10:25:30.8637,.,.,blink
10:25:30.8642,.,.,blink
10:25:30.8647,.,.,blink
10:25:30.8651,.,.,blink
10:25:30.8656,.,.,blink
10:25:30.8661,.,.,blink
10:25:30.8666,.,.,blink
10:25:30.8670,.,.,blink
10:25:30.8675,.,.,blink
10:25:30.868,.,.,blink
10:25:30.8684,.,.,blink
10:25:30.8689,.,.,blink
10:25:30.8694,.,.,blink
10:25:30.8698,.,.,blink
10:25:30.8703,.,.,blink
10:25:30.8708,.,.,blink
10:25:30.8712,.,.,blink
10:25:30.8717,.,.,blink
10:25:30.8722,.,.,blink
10:25:30.8727,.,.,blink
10:25:30.8731,.,.,blink
10:25:30.8736,.,.,blink
10:25:30.8741,.,.,blink
10:25:30.8745,.,.,blink
10:25:30.875,.,.,blink
10:25:30.8755,.,.,blink
10:25:30.8759,.,.,blink
10:25:30.8764,.,.,blink
10:25:30.8769,.,.,blink
10:25:30.8773,.,.,blink
10:25:30.8778,.,.,blink
10:25:30.8783,.,.,blink
10:25:30.8788,.,.,blink
10:25:30.8792,.,.,blink
10:25:30.8797,.,.,blink
10:25:30.8802,.,.,blink
10:25:30.8806,.,.,blink
10:25:30.8811,.,.,blink
10:25:30.8816,.,.,blink
10:25:30.8820,.,.,blink
10:25:30.8825,.,.,blink
10:25:30.883,.,.,blink
10:25:30.8834,.,.,blink
10:25:30.8839,.,.,blink
10:25:30.8844,.,.,blink
10:25:30.8849,.,.,blink
10:25:30.8853,.,.,blink
10:25:30.8858,.,.,blink
10:25:30.8863,.,.,blink
10:25:30.8867,.,.,blink
10:25:30.8872,.,.,blink
10:25:30.8877,.,.,blink
10:25:30.8881,.,.,blink
10:25:30.8886,.,.,blink
10:25:30.8891,.,.,blink
10:25:30.8895,.,.,blink
10:25:30.89,.,.,blink
10:25:30.8905,.,.,blink
10:25:30.891,.,.,blink
10:25:30.8914,.,.,blink
10:25:30.8919,.,.,blink
10:25:30.8924,.,.,blink
10:25:30.8928,.,.,blink
10:25:30.8933,.,.,blink
10:25:30.8938,.,.,blink
10:25:30.8942,.,.,blink
10:25:30.8947,.,.,blink
10:25:30.8952,.,.,blink
10:25:30.8956,.,.,blink
10:25:30.8961,.,.,blink
10:25:30.8966,.,.,blink
10:25:30.8971,.,.,blink
10:25:30.8975,.,.,blink
10:25:30.898,.,.,blink
10:25:30.8985,.,.,blink
10:25:30.8989,.,.,blink
10:25:30.8994,.,.,blink
10:25:30.8999,.,.,blink
10:25:30.9003,.,.,blink
10:25:30.9008,.,.,blink
10:25:30.9013,.,.,blink
10:25:30.9017,.,.,blink
10:25:30.9022,.,.,blink
10:25:30.9027,.,.,blink
10:25:30.9032,.,.,blink
10:25:30.9036,.,.,blink
10:25:30.9041,.,.,blink
10:25:30.9046,.,.,blink
10:25:30.9050,.,.,blink
10:25:30.9055,.,.,blink
10:25:30.906,.,.,blink
10:25:30.9064,.,.,blink
10:25:30.9069,.,.,blink
10:25:30.9074,.,.,blink
10:25:30.9078,.,.,blink
10:25:30.9083,.,.,blink
10:25:30.9088,.,.,blink
10:25:30.9092,.,.,blink
10:25:30.9096,.,.,blink
10:25:30.9101,.,.,blink
10:25:30.9106,.,.,blink
10:25:30.9110,.,.,blink
10:25:30.9115,.,.,blink
10:25:30.912,.,.,blink
10:25:30.9124,.,.,blink
10:25:30.9129,.,.,blink
10:25:30.9134,.,.,blink
10:25:30.9138,.,.,blink
10:25:30.9142,.,.,blink
10:25:30.9147,.,.,blink
10:25:30.9152,.,.,blink
10:25:30.9156,.,.,blink
10:25:30.9161,.,.,blink
10:25:30.9166,.,.,blink
10:25:30.9170,.,.,blink
10:25:30.9175,.,.,blink
10:25:30.918,.,.,blink
10:25:30.9184,.,.,blink
10:25:30.9188,.,.,blink
10:25:30.9193,.,.,blink
10:25:30.9198,.,.,blink
10:25:30.9202,.,.,blink
10:25:30.9207,.,.,blink
10:25:30.9212,.,.,blink
10:25:30.9216,.,.,blink
10:25:30.9221,.,.,blink
10:25:30.9226,.,.,blink
10:25:30.9230,.,.,blink
10:25:30.9234,.,.,blink
10:25:30.9239,.,.,blink
10:25:30.9244,.,.,blink
10:25:30.9248,.,.,blink
10:25:30.9253,.,.,blink
10:25:30.9258,.,.,blink
10:25:30.9262,.,.,blink
10:25:30.9267,.,.,blink
10:25:30.9272,.,.,blink
10:25:30.9276,.,.,blink
10:25:30.9281,.,.,blink
10:25:30.9286,.,.,blink
10:25:30.9291,.,.,blink
10:25:30.9295,.,.,blink
10:25:30.93,.,.,blink
10:25:30.9305,.,.,blink
10:25:30.9309,.,.,blink
10:25:30.9314,.,.,blink
10:25:30.9319,.,.,blink
10:25:30.9323,.,.,blink
10:25:30.9328,.,.,blink
10:25:30.9333,.,.,blink
10:25:30.9337,.,.,blink
10:25:30.9342,.,.,blink
10:25:30.9347,.,.,blink
10:25:30.9352,.,.,blink
10:25:30.9356,.,.,blink
10:25:30.9361,.,.,blink
10:25:30.9366,.,.,blink
10:25:30.9370,.,.,blink
10:25:30.9375,.,.,blink
10:25:30.938,.,.,blink
10:25:30.9384,.,.,blink
10:25:30.9389,.,.,blink
10:25:30.9394,.,.,blink
10:25:30.9398,.,.,blink
10:25:30.9403,.,.,blink
10:25:30.9408,.,.,blink
10:25:30.9413,.,.,blink
10:25:30.9417,.,.,blink
10:25:30.9422,.,.,blink
10:25:30.9427,.,.,blink
10:25:30.9431,.,.,blink
10:25:30.9436,.,.,blink
10:25:30.9441,.,.,blink
10:25:30.9445,.,.,blink
10:25:30.945,.,.,blink
10:25:30.9455,.,.,blink
10:25:30.9459,.,.,blink
10:25:30.9464,.,.,blink
10:25:30.9469,.,.,blink
10:25:30.9474,.,.,blink
10:25:30.9478,.,.,blink
10:25:30.9483,.,.,blink
10:25:30.9488,.,.,blink
10:25:30.9492,.,.,blink
10:25:30.9497,.,.,blink
10:25:30.9502,.,.,blink
10:25:30.9506,.,.,blink
10:25:30.9511,.,.,blink
10:25:30.9516,.,.,blink
10:25:30.9520,.,.,blink
10:25:30.9525,.,.,blink
10:25:30.953,.,.,blink
10:25:30.9535,.,.,blink
10:25:30.9539,.,.,blink
10:25:30.9544,.,.,blink
10:25:30.9549,.,.,blink
10:25:30.9553,.,.,blink
10:25:30.9558,.,.,blink
10:25:30.9563,.,.,blink
10:25:30.9567,.,.,blink
10:25:30.9572,.,.,blink
10:25:30.9577,.,.,blink
10:25:30.9581,.,.,blink
10:25:30.9586,.,.,blink
10:25:30.9591,.,.,blink
10:25:30.9596,.,.,blink
10:25:30.9600,.,.,blink
10:25:30.9605,.,.,blink
10:25:30.961,.,.,blink
10:25:30.9614,.,.,blink
10:25:30.9619,.,.,blink
10:25:30.9624,.,.,blink
10:25:30.9628,.,.,blink
10:25:30.9633,.,.,blink
10:25:30.9638,.,.,blink
10:25:30.9642,.,.,blink
10:25:30.9647,.,.,blink
10:25:30.9652,.,.,blink
10:25:30.9657,.,.,blink
10:25:30.9661,.,.,blink
10:25:30.9666,.,.,blink
10:25:30.9671,.,.,blink
10:25:30.9675,.,.,blink
10:25:30.968,.,.,blink
10:25:30.9685,.,.,blink
10:25:30.9689,.,.,blink
10:25:30.9694,.,.,blink
10:25:30.9699,.,.,blink
10:25:30.9703,.,.,blink
10:25:30.9708,.,.,blink
10:25:30.9713,.,.,blink
10:25:30.9717,.,.,blink
10:25:30.9721,.,.,blink
10:25:30.9726,.,.,blink
10:25:30.9731,.,.,blink
10:25:30.9735,.,.,blink
10:25:30.974,.,.,blink
10:25:30.9745,.,.,blink
10:25:30.9749,.,.,blink
10:25:30.9754,.,.,blink
10:25:30.9759,.,.,blink
10:25:30.9763,.,.,blink
10:25:30.9767,.,.,blink
10:25:30.9772,.,.,blink
10:25:30.9777,.,.,blink
10:25:30.9781,.,.,blink
10:25:30.9786,.,.,blink
10:25:30.9791,.,.,blink
10:25:30.9795,.,.,blink
10:25:30.98,.,.,blink
10:25:30.9805,.,.,blink
10:25:30.9809,.,.,blink
10:25:30.9813,.,.,blink
10:25:30.9818,.,.,blink
10:25:30.9823,.,.,blink
10:25:30.9827,.,.,blink
10:25:30.9832,.,.,blink
10:25:30.9837,.,.,blink
10:25:30.9841,.,.,blink
10:25:30.9846,.,.,blink
10:25:30.9851,.,.,blink
10:25:30.9855,.,.,blink
10:25:30.9859,.,.,blink
10:25:30.9864,.,.,blink
10:25:30.9869,.,.,blink
10:25:30.9873,.,.,blink
10:25:30.9878,.,.,blink
10:25:30.9883,.,.,blink
10:25:30.9887,.,.,blink
10:25:30.9892,.,.,blink
10:25:30.9897,.,.,blink
10:25:30.9901,.,.,blink
10:25:30.9906,.,.,blink
10:25:30.9911,.,.,blink
10:25:30.9916,.,.,blink
10:25:30.9920,.,.,blink
10:25:30.9925,.,.,blink
10:25:30.993,.,.,blink
10:25:30.9934,.,.,blink
10:25:30.9939,.,.,blink
10:25:30.9944,.,.,blink
10:25:30.9948,.,.,blink
10:25:30.9953,.,.,blink
10:25:30.9958,.,.,blink
10:25:30.9962,.,.,blink
10:25:30.9967,.,.,blink
10:25:30.9972,.,.,blink
10:25:30.9977,.,.,blink
10:25:30.9981,.,.,blink
10:25:30.9986,.,.,blink
10:25:30.9991,.,.,blink
10:25:30.9995,.,.,blink
10:25:31.,.,.,blink
10:25:31.0005,.,.,blink
10:25:31.0009,.,.,blink
10:25:31.0014,.,.,blink
10:25:31.0019,.,.,blink
10:25:31.0023,.,.,blink
10:25:31.0028,.,.,blink
10:25:31.0033,.,.,blink
10:25:31.0038,.,.,blink
10:25:31.0042,.,.,blink
10:25:31.0047,.,.,blink
10:25:31.0052,.,.,blink
10:25:31.0056,.,.,blink
10:25:31.0061,.,.,blink
10:25:31.0066,.,.,blink
10:25:31.0070,.,.,blink
10:25:31.0075,.,.,blink
10:25:31.008,.,.,blink
10:25:31.0084,.,.,blink
10:25:31.0089,.,.,blink
10:25:31.0094,.,.,blink
10:25:31.0099,.,.,blink
10:25:31.0103,.,.,blink
10:25:31.0108,.,.,blink
10:25:31.0113,.,.,blink
10:25:31.0117,.,.,blink
10:25:31.0122,.,.,blink
10:25:31.0127,.,.,blink
10:25:31.0131,.,.,blink
10:25:31.0136,.,.,blink
10:25:31.0141,.,.,blink
10:25:31.0145,.,.,blink
10:25:31.015,.,.,blink
10:25:31.0155,.,.,blink
10:25:31.016,.,.,blink
10:25:31.0164,.,.,blink
10:25:31.0169,.,.,blink
10:25:31.0174,.,.,blink
10:25:31.0178,.,.,blink
10:25:31.0183,.,.,blink
10:25:31.0188,.,.,blink
10:25:31.0192,.,.,blink
10:25:31.0197,.,.,blink
10:25:31.0202,.,.,blink
10:25:31.0206,.,.,blink
10:25:31.0211,.,.,blink
10:25:31.0216,.,.,blink
10:25:31.0221,.,.,blink
10:25:31.0225,.,.,blink
10:25:31.023,.,.,blink
10:25:31.0235,.,.,blink
10:25:31.0239,.,.,blink
10:25:31.0244,.,.,blink
10:25:31.0249,.,.,blink
10:25:31.0253,.,.,blink
10:25:31.0258,.,.,blink
10:25:31.0263,.,.,blink
10:25:31.0267,.,.,blink
10:25:31.0272,.,.,blink
10:25:31.0277,.,.,blink
10:25:31.0282,.,.,blink
10:25:31.0286,.,.,blink
10:25:31.0291,.,.,blink
10:25:31.0296,.,.,blink
10:25:31.0300,.,.,blink
10:25:31.0305,.,.,blink
10:25:31.031,.,.,blink
10:25:31.0314,.,.,blink
10:25:31.0319,.,.,blink
10:25:31.0324,.,.,blink
10:25:31.0328,.,.,blink
10:25:31.0333,.,.,blink
10:25:31.0338,.,.,blink
10:25:31.0342,.,.,blink
10:25:31.0346,.,.,blink
10:25:31.0351,.,.,blink
10:25:31.0356,.,.,blink
10:25:31.0360,.,.,blink
10:25:31.0365,.,.,blink
10:25:31.037,.,.,blink
10:25:31.0374,.,.,blink
10:25:31.0379,.,.,blink
10:25:31.0384,.,.,blink
10:25:31.0388,.,.,blink
10:25:31.0392,.,.,blink
10:25:31.0397,.,.,blink
10:25:31.0402,.,.,blink
10:25:31.0406,.,.,blink
10:25:31.0411,.,.,blink
10:25:31.0416,.,.,blink
10:25:31.0420,.,.,blink
10:25:31.0425,.,.,blink
10:25:31.043,.,.,blink
10:25:31.0434,.,.,blink
10:25:31.0438,.,.,blink
10:25:31.0443,.,.,blink
10:25:31.0448,.,.,blink
10:25:31.0452,.,.,blink
10:25:31.0457,.,.,blink
10:25:31.0462,.,.,blink
10:25:31.0466,.,.,blink
10:25:31.0471,.,.,blink
10:25:31.0476,.,.,blink
10:25:31.0480,.,.,blink
10:25:31.0484,.,.,blink
10:25:31.0489,.,.,blink
10:25:31.0494,.,.,blink
10:25:31.0498,.,.,blink
10:25:31.0503,.,.,blink
10:25:31.0508,.,.,blink
10:25:31.0512,.,.,blink
10:25:31.0517,.,.,blink
10:25:31.0522,.,.,blink
10:25:31.0526,.,.,blink
10:25:31.0531,.,.,blink
10:25:31.0536,.,.,blink
10:25:31.0541,.,.,blink
10:25:31.0545,.,.,blink
10:25:31.055,.,.,blink
10:25:31.0555,.,.,blink
10:25:31.0559,.,.,blink
10:25:31.0564,.,.,blink
10:25:31.0569,.,.,blink
10:25:31.0573,.,.,blink
10:25:31.0578,.,.,blink
10:25:31.0583,.,.,blink
10:25:31.0587,.,.,blink
10:25:31.0592,.,.,blink
10:25:31.0597,.,.,blink
10:25:31.0602,.,.,blink
10:25:31.0606,.,.,blink
10:25:31.0611,.,.,blink
10:25:31.0616,.,.,blink
10:25:31.0620,.,.,blink
10:25:31.0625,.,.,blink
10:25:31.063,.,.,blink
10:25:31.0634,.,.,blink
10:25:31.0639,.,.,blink
10:25:31.0644,.,.,blink
10:25:31.0648,.,.,blink
10:25:31.0653,.,.,blink
10:25:31.0658,.,.,blink
10:25:31.0663,.,.,blink
10:25:31.0667,.,.,blink
10:25:31.0672,.,.,blink
10:25:31.0677,.,.,blink
10:25:31.0681,.,.,blink
10:25:31.0686,.,.,blink
10:25:31.0691,.,.,blink
10:25:31.0695,.,.,blink
10:25:31.07,.,.,blink
10:25:31.0705,.,.,blink
10:25:31.0709,.,.,blink
10:25:31.0714,.,.,blink
10:25:31.0719,.,.,blink
10:25:31.0724,.,.,blink
10:25:31.0728,.,.,blink
10:25:31.0733,.,.,blink
10:25:31.0738,.,.,blink
10:25:31.0742,.,.,blink
10:25:31.0747,.,.,blink
10:25:31.0752,.,.,blink
10:25:31.0756,.,.,blink
10:25:31.0761,.,.,blink
10:25:31.0766,.,.,blink
10:25:31.0770,.,.,blink
10:25:31.0775,.,.,blink
10:25:31.078,.,.,blink
10:25:31.0785,.,.,blink
10:25:31.0789,.,.,blink
10:25:31.0794,.,.,blink
10:25:31.0799,.,.,blink
10:25:31.0803,.,.,blink
10:25:31.0808,.,.,blink
10:25:31.0813,.,.,blink
10:25:31.0817,.,.,blink
10:25:31.0822,.,.,blink
10:25:31.0827,.,.,blink
10:25:31.0831,.,.,blink
10:25:31.0836,.,.,blink
10:25:31.0841,.,.,blink
10:25:31.0846,.,.,blink
10:25:31.0850,.,.,blink
10:25:31.0855,.,.,blink
10:25:31.086,.,.,blink
10:25:31.0864,.,.,blink
10:25:31.0869,.,.,blink
10:25:31.0874,.,.,blink
10:25:31.0878,.,.,blink
10:25:31.0883,.,.,blink
10:25:31.0888,.,.,blink
10:25:31.0892,.,.,blink
10:25:31.0897,.,.,blink
10:25:31.0902,.,.,blink
10:25:31.0907,.,.,blink
10:25:31.0911,.,.,blink
10:25:31.0916,.,.,blink
10:25:31.0921,.,.,blink
10:25:31.0925,.,.,blink
10:25:31.093,.,.,blink
10:25:31.0935,.,.,blink
10:25:31.0939,.,.,blink
10:25:31.0944,.,.,blink
10:25:31.0949,.,.,blink
10:25:31.0953,.,.,blink
10:25:31.0958,.,.,blink
10:25:31.0963,.,.,blink
10:25:31.0967,.,.,blink
10:25:31.0971,.,.,blink
10:25:31.0976,.,.,blink
10:25:31.0981,.,.,blink
10:25:31.0985,.,.,blink
10:25:31.099,.,.,blink
10:25:31.0995,.,.,blink
10:25:31.0999,.,.,blink
10:25:31.1004,.,.,blink
10:25:31.1009,.,.,blink
10:25:31.1013,.,.,blink
10:25:31.1017,.,.,blink
10:25:31.1022,.,.,blink
10:25:31.1027,.,.,blink
10:25:31.1031,.,.,blink
10:25:31.1036,.,.,blink
10:25:31.1041,.,.,blink
10:25:31.1045,.,.,blink
10:25:31.105,.,.,blink
10:25:31.1055,.,.,blink
10:25:31.1059,.,.,blink
10:25:31.1063,.,.,blink
10:25:31.1068,.,.,blink
10:25:31.1073,.,.,blink
10:25:31.1077,.,.,blink
10:25:31.1082,.,.,blink
10:25:31.1087,.,.,blink
10:25:31.1091,.,.,blink
10:25:31.1096,.,.,blink
10:25:31.1101,.,.,blink
10:25:31.1105,.,.,blink
10:25:31.1109,.,.,blink
10:25:31.1114,.,.,blink
10:25:31.1119,.,.,blink
10:25:31.1123,.,.,blink
10:25:31.1128,.,.,blink
10:25:31.1133,.,.,blink
10:25:31.1137,.,.,blink
10:25:31.1142,.,.,blink
10:25:31.1147,.,.,blink
10:25:31.1151,.,.,blink
10:25:31.1156,.,.,blink
10:25:31.1161,.,.,blink
10:25:31.1166,.,.,blink
10:25:31.1170,.,.,blink
10:25:31.1175,.,.,blink
10:25:31.118,.,.,blink
10:25:31.1184,.,.,blink
10:25:31.1189,.,.,blink
10:25:31.1194,.,.,blink
10:25:31.1198,.,.,blink
10:25:31.1203,.,.,blink
10:25:31.1208,.,.,blink
10:25:31.1212,.,.,blink
10:25:31.1217,.,.,blink
10:25:31.1222,.,.,blink
10:25:31.1227,.,.,blink
10:25:31.1231,.,.,blink
10:25:31.1236,.,.,blink
10:25:31.1241,.,.,blink
10:25:31.1245,.,.,blink
10:25:31.125,.,.,blink
10:25:31.1255,.,.,blink
10:25:31.1259,.,.,blink
10:25:31.1264,.,.,blink
10:25:31.1269,.,.,blink
10:25:31.1273,.,.,blink
10:25:31.1278,.,.,blink
10:25:31.1283,.,.,blink
10:25:31.1288,.,.,blink
10:25:31.1292,.,.,blink
10:25:31.1297,.,.,blink
10:25:31.1302,.,.,blink
10:25:31.1306,.,.,blink
10:25:31.1311,.,.,blink
10:25:31.1316,.,.,blink
10:25:31.1320,.,.,blink
10:25:31.1325,.,.,blink
10:25:31.133,.,.,blink
10:25:31.1334,.,.,blink
10:25:31.1339,.,.,blink
10:25:31.1344,.,.,blink
10:25:31.1349,.,.,blink
10:25:31.1353,.,.,blink
10:25:31.1358,.,.,blink
10:25:31.1363,.,.,blink
10:25:31.1367,.,.,blink
10:25:31.1372,.,.,blink
10:25:31.1377,.,.,blink
10:25:31.1381,.,.,blink
10:25:31.1386,.,.,blink
10:25:31.1391,.,.,blink
10:25:31.1395,.,.,blink
10:25:31.14,.,.,blink
10:25:31.1405,.,.,blink
10:25:31.141,.,.,blink
10:25:31.1414,.,.,blink
10:25:31.1419,.,.,blink
10:25:31.1424,.,.,blink
10:25:31.1428,.,.,blink
10:25:31.1433,.,.,blink
10:25:31.1438,.,.,blink
10:25:31.1442,.,.,blink
10:25:31.1447,.,.,blink
10:25:31.1452,.,.,blink
10:25:31.1456,.,.,blink
10:25:31.1461,.,.,blink
10:25:31.1466,.,.,blink
10:25:31.1471,.,.,blink
10:25:31.1475,.,.,blink
10:25:31.148,.,.,blink
10:25:31.1485,.,.,blink
10:25:31.1489,.,.,blink
10:25:31.1494,.,.,blink
10:25:31.1499,.,.,blink
10:25:31.1503,.,.,blink
10:25:31.1508,.,.,blink
10:25:31.1513,.,.,blink
10:25:31.1517,.,.,blink
10:25:31.1522,.,.,blink
10:25:31.1527,.,.,blink
10:25:31.1532,.,.,blink
10:25:31.1536,.,.,blink
10:25:31.1541,.,.,blink
10:25:31.1546,.,.,blink
10:25:31.1550,.,.,blink
10:25:31.1555,.,.,blink
10:25:31.156,.,.,blink
10:25:31.1564,.,.,blink
10:25:31.1569,.,.,blink
10:25:31.1574,.,.,blink
10:25:31.1578,.,.,blink
10:25:31.1583,.,.,blink
10:25:31.1588,.,.,blink
10:25:31.1592,.,.,blink
10:25:31.1596,.,.,blink
10:25:31.1601,.,.,blink
10:25:31.1606,.,.,blink
10:25:31.1610,.,.,blink
10:25:31.1615,.,.,blink
10:25:31.162,.,.,blink
10:25:31.1624,.,.,blink
10:25:31.1629,.,.,blink
10:25:31.1634,.,.,blink
10:25:31.1638,.,.,blink
10:25:31.1642,.,.,blink
10:25:31.1647,.,.,blink
10:25:31.1652,.,.,blink
10:25:31.1656,.,.,blink
10:25:31.1661,.,.,blink
10:25:31.1666,.,.,blink
10:25:31.1670,.,.,blink
10:25:31.1675,.,.,blink
10:25:31.168,.,.,blink
10:25:31.1684,.,.,blink
10:25:31.1688,.,.,blink
10:25:31.1693,.,.,blink
10:25:31.1698,.,.,blink
10:25:31.1702,.,.,blink
10:25:31.1707,.,.,blink
10:25:31.1712,.,.,blink
10:25:31.1716,.,.,blink
10:25:31.1721,.,.,blink
10:25:31.1726,.,.,blink
10:25:31.1730,.,.,blink
10:25:31.1734,.,.,blink
10:25:31.1739,.,.,blink
10:25:31.1744,.,.,blink
10:25:31.1748,.,.,blink
10:25:31.1753,.,.,blink
10:25:31.1758,.,.,blink
10:25:31.1762,.,.,blink
10:25:31.1767,.,.,blink
10:25:31.1772,.,.,blink
10:25:31.1776,.,.,blink
10:25:31.1781,.,.,blink
10:25:31.1786,.,.,blink
10:25:31.1791,.,.,blink
10:25:31.1795,.,.,blink
10:25:31.18,.,.,blink
10:25:31.1805,.,.,blink
10:25:31.1809,.,.,blink
10:25:31.1814,.,.,blink
10:25:31.1819,.,.,blink
10:25:31.1823,.,.,blink
10:25:31.1828,.,.,blink
10:25:31.1833,.,.,blink
10:25:31.1837,.,.,blink
10:25:31.1842,.,.,blink
10:25:31.1847,.,.,blink
10:25:31.1852,.,.,blink
10:25:31.1856,.,.,blink
10:25:31.1861,.,.,blink
10:25:31.1866,.,.,blink
10:25:31.1870,.,.,blink
10:25:31.1875,.,.,blink
10:25:31.188,.,.,blink
10:25:31.1884,.,.,blink
10:25:31.1889,.,.,blink
10:25:31.1894,.,.,blink
10:25:31.1898,.,.,blink
10:25:31.1903,.,.,blink
10:25:31.1908,.,.,blink
10:25:31.1913,.,.,blink
10:25:31.1917,.,.,blink
10:25:31.1922,.,.,blink
10:25:31.1927,.,.,blink
10:25:31.1931,.,.,blink
10:25:31.1936,.,.,blink
10:25:31.1941,.,.,blink
10:25:31.1945,.,.,blink
10:25:31.195,.,.,blink
10:25:31.1955,.,.,blink
10:25:31.1959,.,.,blink
10:25:31.1964,.,.,blink
10:25:31.1969,.,.,blink
10:25:31.1974,.,.,blink
10:25:31.1978,.,.,blink
10:25:31.1983,.,.,blink
10:25:31.1988,.,.,blink
10:25:31.1992,.,.,blink
10:25:31.1997,.,.,blink
10:25:31.2002,.,.,blink
10:25:31.2006,.,.,blink
10:25:31.2011,.,.,blink
10:25:31.2016,.,.,blink
10:25:31.2020,.,.,blink
10:25:31.2025,.,.,blink
10:25:31.203,.,.,blink
10:25:31.2035,.,.,blink
10:25:31.2039,.,.,blink
10:25:31.2044,.,.,blink
10:25:31.2049,.,.,blink
10:25:31.2053,.,.,blink
10:25:31.2058,.,.,blink
10:25:31.2063,.,.,blink
10:25:31.2067,.,.,blink
10:25:31.2072,.,.,blink
10:25:31.2077,.,.,blink
10:25:31.2081,.,.,blink
10:25:31.2086,.,.,blink
10:25:31.2091,.,.,blink
10:25:31.2096,.,.,blink
10:25:31.2100,.,.,blink
10:25:31.2105,.,.,blink
10:25:31.211,.,.,blink
10:25:31.2114,.,.,blink
10:25:31.2119,.,.,blink
10:25:31.2124,.,.,blink
10:25:31.2128,.,.,blink
10:25:31.2133,.,.,blink
10:25:31.2138,.,.,blink
10:25:31.2142,.,.,blink
10:25:31.2147,.,.,blink
10:25:31.2152,.,.,blink
10:25:31.2157,.,.,blink
10:25:31.2161,.,.,blink
10:25:31.2166,.,.,blink
10:25:31.2171,.,.,blink
10:25:31.2175,.,.,blink
10:25:31.218,.,.,blink
10:25:31.2185,.,.,blink
10:25:31.2189,.,.,blink
10:25:31.2194,.,.,blink
10:25:31.2199,.,.,blink
10:25:31.2203,.,.,blink
10:25:31.2208,.,.,blink
10:25:31.2213,.,.,blink
10:25:31.2217,.,.,blink
10:25:31.2221,.,.,blink
10:25:31.2226,.,.,blink
10:25:31.2231,.,.,blink
10:25:31.2235,.,.,blink
10:25:31.224,.,.,blink
10:25:31.2245,.,.,blink
10:25:31.2249,.,.,blink
10:25:31.2254,.,.,blink
10:25:31.2259,.,.,blink
10:25:31.2263,.,.,blink
10:25:31.2267,.,.,blink
10:25:31.2272,.,.,blink
10:25:31.2277,.,.,blink
10:25:31.2281,.,.,blink
10:25:31.2286,.,.,blink
10:25:31.2291,.,.,blink
10:25:31.2295,.,.,blink
10:25:31.23,.,.,blink
10:25:31.2305,.,.,blink
10:25:31.2309,.,.,blink
10:25:31.2313,.,.,blink
10:25:31.2318,.,.,blink
10:25:31.2323,.,.,blink
10:25:31.2327,.,.,blink
10:25:31.2332,.,.,blink
10:25:31.2337,.,.,blink
10:25:31.2341,.,.,blink
10:25:31.2346,.,.,blink
10:25:31.2351,.,.,blink
10:25:31.2355,.,.,blink
10:25:31.2359,.,.,blink
10:25:31.2364,.,.,blink
10:25:31.2369,.,.,blink
10:25:31.2373,.,.,blink
10:25:31.2378,.,.,blink
10:25:31.2383,.,.,blink
10:25:31.2387,.,.,blink
10:25:31.2392,.,.,blink
10:25:31.2397,.,.,blink
10:25:31.2401,.,.,blink
10:25:31.2406,.,.,blink
10:25:31.2411,.,.,blink
10:25:31.2416,.,.,blink
10:25:31.2420,.,.,blink
10:25:31.2425,.,.,blink
10:25:31.243,.,.,blink
10:25:31.2434,.,.,blink
10:25:31.2439,.,.,blink
10:25:31.2444,.,.,blink
10:25:31.2448,.,.,blink
10:25:31.2453,.,.,blink
10:25:31.2458,.,.,blink
10:25:31.2462,.,.,blink
10:25:31.2467,.,.,blink
10:25:31.2472,.,.,blink
10:25:31.2477,.,.,blink
10:25:31.2481,.,.,blink
10:25:31.2486,.,.,blink
10:25:31.2491,.,.,blink
10:25:31.2495,.,.,blink
10:25:31.25,.,.,blink
10:25:31.2505,.,.,blink
10:25:31.2509,.,.,blink
10:25:31.2514,.,.,blink
10:25:31.2519,.,.,blink
10:25:31.2523,.,.,blink
10:25:31.2528,.,.,blink
10:25:31.2533,.,.,blink
10:25:31.2538,.,.,blink
10:25:31.2542,.,.,blink
10:25:31.2547,.,.,blink
10:25:31.2552,.,.,blink
10:25:31.2556,.,.,blink
10:25:31.2561,.,.,blink
10:25:31.2566,.,.,blink
10:25:31.2570,.,.,blink
10:25:31.2575,.,.,blink
10:25:31.258,.,.,blink
10:25:31.2584,.,.,blink
10:25:31.2589,.,.,blink
10:25:31.2594,.,.,blink
10:25:31.2599,.,.,blink
10:25:31.2603,.,.,blink
10:25:31.2608,.,.,blink
10:25:31.2613,.,.,blink
10:25:31.2617,.,.,blink
10:25:31.2622,.,.,blink
10:25:31.2627,.,.,blink
10:25:31.2631,.,.,blink
10:25:31.2636,.,.,blink
10:25:31.2641,.,.,blink
10:25:31.2645,.,.,blink
10:25:31.265,.,.,blink
10:25:31.2655,.,.,blink
10:25:31.266,.,.,blink
10:25:31.2664,.,.,blink
10:25:31.2669,.,.,blink
10:25:31.2674,.,.,blink
10:25:31.2678,.,.,blink
10:25:31.2683,.,.,blink
10:25:31.2688,.,.,blink
10:25:31.2692,.,.,blink
10:25:31.2697,.,.,blink
10:25:31.2702,.,.,blink
10:25:31.2706,.,.,blink
10:25:31.2711,.,.,blink
10:25:31.2716,.,.,blink
10:25:31.2721,.,.,blink
10:25:31.2725,.,.,blink
10:25:31.273,.,.,blink
10:25:31.2735,.,.,blink
10:25:31.2739,.,.,blink
10:25:31.2744,.,.,blink
10:25:31.2749,.,.,blink
10:25:31.2753,.,.,blink
10:25:31.2758,.,.,blink
10:25:31.2763,.,.,blink
10:25:31.2767,.,.,blink
10:25:31.2772,.,.,blink
10:25:31.2777,.,.,blink
10:25:31.2782,.,.,blink
10:25:31.2786,.,.,blink
10:25:31.2791,.,.,blink
10:25:31.2796,.,.,blink
10:25:31.2800,.,.,blink
10:25:31.2805,.,.,blink
10:25:31.281,.,.,blink
10:25:31.2814,.,.,blink
10:25:31.2819,.,.,blink
10:25:31.2824,.,.,blink
10:25:31.2828,.,.,blink
10:25:31.2833,.,.,blink
10:25:31.2838,.,.,blink
10:25:31.2842,.,.,blink
10:25:31.2846,.,.,blink
10:25:31.2851,.,.,blink
10:25:31.2856,.,.,blink
10:25:31.2860,.,.,blink
10:25:31.2865,.,.,blink
10:25:31.287,.,.,blink
10:25:31.2874,.,.,blink
10:25:31.2879,.,.,blink
10:25:31.2884,.,.,blink
10:25:31.2888,.,.,blink
10:25:31.2892,.,.,blink
10:25:31.2897,.,.,blink
10:25:31.2902,.,.,blink
10:25:31.2906,.,.,blink
10:25:31.2911,.,.,blink
10:25:31.2916,.,.,blink
10:25:31.2920,.,.,blink
10:25:31.2925,.,.,blink
10:25:31.293,.,.,blink
10:25:31.2934,.,.,blink
10:25:31.2938,.,.,blink
10:25:31.2943,.,.,blink
10:25:31.2948,.,.,blink
10:25:31.2952,.,.,blink
10:25:31.2957,.,.,blink
10:25:31.2962,.,.,blink
10:25:31.2966,.,.,blink
10:25:31.2971,.,.,blink
10:25:31.2976,.,.,blink
10:25:31.2980,.,.,blink
10:25:31.2984,.,.,blink
10:25:31.2989,.,.,blink
10:25:31.2994,.,.,blink
10:25:31.2998,.,.,blink
10:25:31.3003,.,.,blink
10:25:31.3008,.,.,blink
10:25:31.3012,.,.,blink
10:25:31.3017,.,.,blink
10:25:31.3022,.,.,blink
10:25:31.3026,.,.,blink
10:25:31.3031,.,.,blink
10:25:31.3036,.,.,blink
10:25:31.3041,.,.,blink
10:25:31.3045,.,.,blink
10:25:31.305,.,.,blink
10:25:31.3055,.,.,blink
10:25:31.3059,.,.,blink
10:25:31.3064,.,.,blink
10:25:31.3069,.,.,blink
10:25:31.3073,.,.,blink
10:25:31.3078,.,.,blink
10:25:31.3083,.,.,blink
10:25:31.3087,.,.,blink
10:25:31.3092,.,.,blink
10:25:31.3097,.,.,blink
10:25:31.3102,.,.,blink
10:25:31.3106,.,.,blink
10:25:31.3111,.,.,blink
10:25:31.3116,.,.,blink
10:25:31.3120,.,.,blink
10:25:31.3125,.,.,blink
10:25:31.313,.,.,blink
10:25:31.3134,.,.,blink
10:25:31.3139,.,.,blink
10:25:31.3144,.,.,blink
10:25:31.3148,.,.,blink
10:25:31.3153,.,.,blink
10:25:31.3158,.,.,blink
10:25:31.3163,.,.,blink
10:25:31.3167,.,.,blink
10:25:31.3172,.,.,blink
10:25:31.3177,.,.,blink
10:25:31.3181,.,.,blink
10:25:31.3186,.,.,blink
10:25:31.3191,.,.,blink
10:25:31.3195,.,.,blink
10:25:31.32,.,.,blink
10:25:31.3205,.,.,blink
10:25:31.3209,.,.,blink
10:25:31.3214,.,.,blink
10:25:31.3219,.,.,blink
10:25:31.3224,852.6,312.4,fixation
10:25:31.3228,852.1,311.6,fixation
10:25:31.3233,851.4,310.8,fixation
10:25:31.3238,849.7,310.3,fixation
10:25:31.3242,848.4,309.5,fixation
10:25:31.3247,847.1,308.8,fixation
10:25:31.3252,847.2,308.1,fixation
10:25:31.3256,847.0,307.4,fixation
10:25:31.3261,845.9,306.1,fixation
10:25:31.3266,844.8,305.2,fixation
10:25:31.3270,842.7,304.7,fixation
10:25:31.3275,841.3,304.9,fixation
10:25:31.328,839.8,304.6,fixation
10:25:31.3285,839.2,304.5,fixation
10:25:31.3289,838.3,305.4,fixation
10:25:31.3294,837.3,306.4,fixation
10:25:31.3299,835.9,308.3,fixation
10:25:31.3303,834.6,308.7,fixation
10:25:31.3308,833.2,308.8,fixation
10:25:31.3313,831.5,308.5,fixation
10:25:31.3317,830.0,308.5,fixation
10:25:31.3322,828.8,307.7,fixation
10:25:31.3327,828.1,306.5,fixation
10:25:31.3331,827.1,305.1,fixation
10:25:31.3336,826.3,304.9,fixation
10:25:31.3341,825.6,304.7,fixation
10:25:31.3346,824.9,305.1,fixation
10:25:31.3350,823.6,306.1,fixation
10:25:31.3355,822.2,307.1,fixation
10:25:31.336,821.3,308.6,fixation
10:25:31.3364,820.7,309.7,fixation
10:25:31.3369,820.3,310.9,fixation
10:25:31.3374,819.4,312.1,fixation
10:25:31.3378,818.8,313.2,fixation
10:25:31.3383,818.3,314.4,fixation
10:25:31.3388,817.8,314.6,fixation
10:25:31.3392,816.9,316.8,fixation
10:25:31.3397,815.3,319.6,fixation
10:25:31.3402,814.2,322.8,fixation
10:25:31.3407,813.3,324.0,fixation
10:25:31.3411,812.9,325.0,fixation
10:25:31.3416,812.2,325.8,fixation
10:25:31.3421,811.7,327.6,fixation
10:25:31.3425,811.7,329.3,fixation
10:25:31.343,812.0,331.2,fixation
10:25:31.3435,812.2,332.3,fixation
10:25:31.3439,812.1,333.4,fixation
10:25:31.3444,811.4,334.0,fixation
10:25:31.3449,810.6,334.8,fixation
10:25:31.3453,809.8,336.2,fixation
10:25:31.3458,809.6,338.9,fixation
10:25:31.3463,810.0,341.4,fixation
10:25:31.3467,810.5,342.5,fixation
10:25:31.3471,811.1,342.0,fixation
10:25:31.3476,810.5,341.6,fixation
10:25:31.3481,809.9,341.5,fixation
10:25:31.3485,809.7,341.6,fixation
10:25:31.349,810.0,341.7,fixation
10:25:31.3495,810.3,342.1,fixation
10:25:31.3499,810.4,341.9,fixation
10:25:31.3504,810.0,341.6,fixation
10:25:31.3509,809.5,341.0,fixation
10:25:31.3513,809.0,341.9,fixation
10:25:31.3517,808.7,343.0,fixation
10:25:31.3522,808.4,344.0,fixation
10:25:31.3527,808.1,344.6,fixation
10:25:31.3531,807.7,346.3,fixation
10:25:31.3536,807.4,348.4,fixation
10:25:31.3541,807.1,349.9,fixation
10:25:31.3545,807.5,350.3,fixation
10:25:31.355,808.0,350.8,fixation
10:25:31.3555,808.2,351.9,fixation
10:25:31.3559,807.1,353.8,fixation
10:25:31.3563,806.1,355.2,fixation
10:25:31.3568,807.1,356.2,fixation
10:25:31.3573,811.0,358.7,saccade
10:25:31.3577,812.0,359.7,saccade
10:25:31.3582,813.1,359.6,saccade
10:25:31.3587,813.5,359.5,saccade
10:25:31.3591,814.5,359.6,saccade
10:25:31.3596,815.7,360.2,saccade
10:25:31.3601,817.0,360.8,saccade
10:25:31.3605,817.3,361.5,saccade
10:25:31.3609,817.0,361.7,saccade
10:25:31.3614,816.5,361.8,saccade
10:25:31.3619,815.9,362.7,saccade
10:25:31.3623,816.0,363.7,saccade
10:25:31.3628,816.9,365.1,saccade
10:25:31.3633,817.9,365.7,saccade
10:25:31.3637,818.6,366.2,saccade
10:25:31.3642,818.7,365.7,saccade
10:25:31.3647,817.9,364.0,saccade
10:25:31.3651,817.1,362.3,saccade
10:25:31.3656,.,.,blink
10:25:31.3661,.,.,blink
10:25:31.3666,.,.,blink
10:25:31.3670,.,.,blink
10:25:31.3675,.,.,blink
10:25:31.368,.,.,blink
10:25:31.3684,.,.,blink
10:25:31.3689,.,.,blink
10:25:31.3694,.,.,blink
10:25:31.3698,.,.,blink
10:25:31.3703,.,.,blink
10:25:31.3708,.,.,blink
10:25:31.3712,.,.,blink
10:25:31.3717,.,.,blink
10:25:31.3722,.,.,blink
10:25:31.3727,.,.,blink
10:25:31.3731,.,.,blink
10:25:31.3736,.,.,blink
10:25:31.3741,.,.,blink
10:25:31.3745,.,.,blink
10:25:31.375,.,.,blink
10:25:31.3755,.,.,blink
10:25:31.3759,.,.,blink
10:25:31.3764,.,.,blink
10:25:31.3769,.,.,blink
10:25:31.3773,.,.,blink
10:25:31.3778,.,.,blink
10:25:31.3783,.,.,blink
10:25:31.3788,.,.,blink
10:25:31.3792,.,.,blink
10:25:31.3797,.,.,blink
10:25:31.3802,.,.,blink
10:25:31.3806,.,.,blink
10:25:31.3811,.,.,blink
10:25:31.3816,.,.,blink
10:25:31.3820,.,.,blink
10:25:31.3825,.,.,blink
10:25:31.383,.,.,blink
10:25:31.3834,.,.,blink
10:25:31.3839,.,.,blink
10:25:31.3844,.,.,blink
10:25:31.3849,.,.,blink
10:25:31.3853,.,.,blink
10:25:31.3858,.,.,blink
10:25:31.3863,.,.,blink
10:25:31.3867,.,.,blink
10:25:31.3872,.,.,blink
10:25:31.3877,.,.,blink
10:25:31.3881,.,.,blink
10:25:31.3886,.,.,blink
10:25:31.3891,.,.,blink
10:25:31.3895,.,.,blink
10:25:31.39,.,.,blink
10:25:31.3905,.,.,blink
10:25:31.391,.,.,blink
10:25:31.3914,.,.,blink
10:25:31.3919,.,.,blink
10:25:31.3924,.,.,blink
10:25:31.3928,.,.,blink
10:25:31.3933,.,.,blink
10:25:31.3938,.,.,blink
10:25:31.3942,.,.,blink
10:25:31.3947,.,.,blink
10:25:31.3952,.,.,blink
10:25:31.3956,.,.,blink
10:25:31.3961,.,.,blink
10:25:31.3966,.,.,blink
10:25:31.3971,.,.,blink
10:25:31.3975,.,.,blink
10:25:31.398,.,.,blink
10:25:31.3985,.,.,blink
10:25:31.3989,.,.,blink
10:25:31.3994,.,.,blink
10:25:31.3999,.,.,blink
10:25:31.4003,.,.,blink
10:25:31.4008,.,.,blink
10:25:31.4013,.,.,blink
10:25:31.4017,.,.,blink
10:25:31.4022,.,.,blink
10:25:31.4027,.,.,blink
10:25:31.4032,.,.,blink
10:25:31.4036,.,.,blink
10:25:31.4041,.,.,blink
10:25:31.4046,.,.,blink
10:25:31.4050,.,.,blink
10:25:31.4055,.,.,blink
10:25:31.406,.,.,blink
10:25:31.4064,.,.,blink
10:25:31.4069,.,.,blink
10:25:31.4074,.,.,blink
10:25:31.4078,.,.,blink
10:25:31.4083,.,.,blink
10:25:31.4088,.,.,blink
10:25:31.4092,.,.,blink
10:25:31.4096,.,.,blink
10:25:31.4101,.,.,blink
10:25:31.4106,.,.,blink
10:25:31.4110,.,.,blink
10:25:31.4115,.,.,blink
10:25:31.412,.,.,blink
10:25:31.4124,.,.,blink
10:25:31.4129,.,.,blink
10:25:31.4134,.,.,blink
10:25:31.4138,.,.,blink
10:25:31.4142,.,.,blink
10:25:31.4147,.,.,blink
10:25:31.4152,.,.,blink
10:25:31.4156,.,.,blink
10:25:31.4161,.,.,blink
10:25:31.4166,.,.,blink
10:25:31.4170,.,.,blink
10:25:31.4175,.,.,blink
10:25:31.418,.,.,blink
10:25:31.4184,.,.,blink
10:25:31.4188,.,.,blink
10:25:31.4193,.,.,blink
10:25:31.4198,.,.,blink
10:25:31.4202,.,.,blink
10:25:31.4207,.,.,blink
10:25:31.4212,.,.,blink
10:25:31.4216,.,.,blink
10:25:31.4221,.,.,blink
10:25:31.4226,.,.,blink
10:25:31.4230,.,.,blink
10:25:31.4234,.,.,blink
10:25:31.4239,.,.,blink
10:25:31.4244,.,.,blink
10:25:31.4248,.,.,blink
10:25:31.4253,.,.,blink
10:25:31.4258,.,.,blink
10:25:31.4262,.,.,blink
10:25:31.4267,.,.,blink
10:25:31.4272,.,.,blink
10:25:31.4276,.,.,blink
10:25:31.4281,.,.,blink
10:25:31.4286,.,.,blink
10:25:31.4291,.,.,blink
10:25:31.4295,.,.,blink
10:25:31.43,.,.,blink
10:25:31.4305,.,.,blink
10:25:31.4309,.,.,blink
10:25:31.4314,.,.,blink
10:25:31.4319,.,.,blink
10:25:31.4323,.,.,blink
10:25:31.4328,.,.,blink
10:25:31.4333,.,.,blink
10:25:31.4337,.,.,blink
10:25:31.4342,.,.,blink
10:25:31.4347,.,.,blink
10:25:31.4352,.,.,blink
10:25:31.4356,.,.,blink
10:25:31.4361,.,.,blink
10:25:31.4366,.,.,blink
10:25:31.4370,.,.,blink
10:25:31.4375,.,.,blink
10:25:31.438,.,.,blink
10:25:31.4384,.,.,blink
10:25:31.4389,.,.,blink
10:25:31.4394,.,.,blink
10:25:31.4398,.,.,blink
10:25:31.4403,.,.,blink
10:25:31.4408,.,.,blink
10:25:31.4413,.,.,blink
10:25:31.4417,.,.,blink
10:25:31.4422,.,.,blink
10:25:31.4427,.,.,blink
10:25:31.4431,.,.,blink
10:25:31.4436,.,.,blink
10:25:31.4441,.,.,blink
10:25:31.4445,.,.,blink
10:25:31.445,.,.,blink
10:25:31.4455,.,.,blink
10:25:31.4459,.,.,blink
10:25:31.4464,.,.,blink
10:25:31.4469,.,.,blink
10:25:31.4474,.,.,blink
10:25:31.4478,.,.,blink
10:25:31.4483,.,.,blink
10:25:31.4488,.,.,blink
10:25:31.4492,.,.,blink
10:25:31.4497,.,.,blink
10:25:31.4502,.,.,blink
10:25:31.4506,.,.,blink
10:25:31.4511,.,.,blink
10:25:31.4516,.,.,blink
10:25:31.4520,.,.,blink
10:25:31.4525,.,.,blink
10:25:31.453,.,.,blink
10:25:31.4535,.,.,blink
10:25:31.4539,.,.,blink
10:25:31.4544,.,.,blink
10:25:31.4549,.,.,blink
10:25:31.4553,.,.,blink
10:25:31.4558,.,.,blink
10:25:31.4563,.,.,blink
10:25:31.4567,.,.,blink
10:25:31.4572,.,.,blink
10:25:31.4577,.,.,blink
10:25:31.4581,.,.,blink
10:25:31.4586,.,.,blink
10:25:31.4591,.,.,blink
10:25:31.4596,.,.,blink
10:25:31.4600,.,.,blink
10:25:31.4605,.,.,blink
10:25:31.461,.,.,blink
10:25:31.4614,.,.,blink
10:25:31.4619,.,.,blink
10:25:31.4624,.,.,blink
10:25:31.4628,.,.,blink
10:25:31.4633,.,.,blink
10:25:31.4638,.,.,blink
10:25:31.4642,.,.,blink
10:25:31.4647,.,.,blink
10:25:31.4652,.,.,blink
10:25:31.4657,.,.,blink
10:25:31.4661,.,.,blink
10:25:31.4666,.,.,blink
10:25:31.4671,.,.,blink
10:25:31.4675,.,.,blink
10:25:31.468,.,.,blink
10:25:31.4685,.,.,blink
10:25:31.4689,.,.,blink
10:25:31.4694,.,.,blink
10:25:31.4699,.,.,blink
10:25:31.4703,.,.,blink
10:25:31.4708,.,.,blink
10:25:31.4713,.,.,blink
10:25:31.4717,.,.,blink
10:25:31.4721,.,.,blink
10:25:31.4726,.,.,blink
10:25:31.4731,.,.,blink
10:25:31.4735,.,.,blink
10:25:31.474,.,.,blink
10:25:31.4745,.,.,blink
10:25:31.4749,.,.,blink
10:25:31.4754,.,.,blink
10:25:31.4759,.,.,blink
10:25:31.4763,.,.,blink
10:25:31.4767,.,.,blink
10:25:31.4772,.,.,blink
10:25:31.4777,.,.,blink
10:25:31.4781,.,.,blink
10:25:31.4786,.,.,blink
10:25:31.4791,.,.,blink
10:25:31.4795,.,.,blink
10:25:31.48,.,.,blink
10:25:31.4805,.,.,blink
10:25:31.4809,.,.,blink
10:25:31.4813,.,.,blink
10:25:31.4818,.,.,blink
10:25:31.4823,.,.,blink
10:25:31.4827,.,.,blink
10:25:31.4832,.,.,blink
10:25:31.4837,.,.,blink
10:25:31.4841,.,.,blink
10:25:31.4846,.,.,blink
10:25:31.4851,.,.,blink
10:25:31.4855,.,.,blink
10:25:31.4859,.,.,blink
10:25:31.4864,.,.,blink
10:25:31.4869,.,.,blink
10:25:31.4873,.,.,blink
10:25:31.4878,.,.,blink
10:25:31.4883,.,.,blink
10:25:31.4887,.,.,blink
10:25:31.4892,.,.,blink
10:25:31.4897,.,.,blink
10:25:31.4901,.,.,blink
10:25:31.4906,.,.,blink
10:25:31.4911,.,.,blink
10:25:31.4916,.,.,blink
10:25:31.4920,.,.,blink
10:25:31.4925,.,.,blink
10:25:31.493,.,.,blink
10:25:31.4934,.,.,blink
10:25:31.4939,.,.,blink
10:25:31.4944,.,.,blink
10:25:31.4948,.,.,blink
10:25:31.4953,.,.,blink
10:25:31.4958,.,.,blink
10:25:31.4962,.,.,blink
10:25:31.4967,.,.,blink
10:25:31.4972,.,.,blink
10:25:31.4977,.,.,blink
10:25:31.4981,.,.,blink
10:25:31.4986,.,.,blink
10:25:31.4991,.,.,blink
10:25:31.4995,.,.,blink
10:25:31.5,.,.,blink
10:25:31.5005,.,.,blink
10:25:31.5009,.,.,blink
10:25:31.5014,.,.,blink
10:25:31.5019,.,.,blink
10:25:31.5023,.,.,blink
10:25:31.5028,.,.,blink
10:25:31.5033,.,.,blink
10:25:31.5038,.,.,blink
10:25:31.5042,.,.,blink
10:25:31.5047,.,.,blink
10:25:31.5052,.,.,blink
10:25:31.5056,.,.,blink
10:25:31.5061,.,.,blink
10:25:31.5066,.,.,blink
10:25:31.5070,.,.,blink
10:25:31.5075,.,.,blink
10:25:31.508,.,.,blink
10:25:31.5084,.,.,blink
10:25:31.5089,.,.,blink
10:25:31.5094,.,.,blink
10:25:31.5099,.,.,blink
10:25:31.5103,.,.,blink
10:25:31.5108,.,.,blink
10:25:31.5113,.,.,blink
10:25:31.5117,.,.,blink
10:25:31.5122,.,.,blink
10:25:31.5127,.,.,blink
10:25:31.5131,.,.,blink
10:25:31.5136,.,.,blink
10:25:31.5141,.,.,blink
10:25:31.5145,.,.,blink
10:25:31.515,.,.,blink
10:25:31.5155,.,.,blink
10:25:31.516,.,.,blink
10:25:31.5164,.,.,blink
10:25:31.5169,.,.,blink
10:25:31.5174,.,.,blink
10:25:31.5178,.,.,blink
10:25:31.5183,.,.,blink
10:25:31.5188,.,.,blink
10:25:31.5192,.,.,blink
10:25:31.5197,.,.,blink
10:25:31.5202,.,.,blink
10:25:31.5206,.,.,blink
10:25:31.5211,.,.,blink
10:25:31.5216,.,.,blink
10:25:31.5221,.,.,blink
10:25:31.5225,.,.,blink
10:25:31.523,.,.,blink
10:25:31.5235,.,.,blink
10:25:31.5239,.,.,blink
10:25:31.5244,.,.,blink
10:25:31.5249,.,.,blink
10:25:31.5253,.,.,blink
10:25:31.5258,.,.,blink
10:25:31.5263,.,.,blink
10:25:31.5267,.,.,blink
10:25:31.5272,.,.,blink
10:25:31.5277,.,.,blink
10:25:31.5282,.,.,blink
10:25:31.5286,.,.,blink
10:25:31.5291,.,.,blink
10:25:31.5296,.,.,blink
10:25:31.5300,.,.,blink
10:25:31.5305,.,.,blink
10:25:31.531,.,.,blink
10:25:31.5314,.,.,blink
10:25:31.5319,.,.,blink
10:25:31.5324,.,.,blink
10:25:31.5328,.,.,blink
10:25:31.5333,.,.,blink
10:25:31.5338,.,.,blink
10:25:31.5342,.,.,blink
10:25:31.5346,.,.,blink
10:25:31.5351,.,.,blink
10:25:31.5356,.,.,blink
10:25:31.5360,.,.,blink
10:25:31.5365,.,.,blink
10:25:31.537,.,.,blink
10:25:31.5374,.,.,blink
10:25:31.5379,.,.,blink
10:25:31.5384,.,.,blink
10:25:31.5388,.,.,blink
10:25:31.5392,.,.,blink
10:25:31.5397,.,.,blink
10:25:31.5402,.,.,blink
10:25:31.5406,.,.,blink
10:25:31.5411,.,.,blink
10:25:31.5416,.,.,blink
10:25:31.5420,.,.,blink
10:25:31.5425,.,.,blink
10:25:31.543,.,.,blink
10:25:31.5434,.,.,blink
10:25:31.5438,.,.,blink
10:25:31.5443,.,.,blink
10:25:31.5448,.,.,blink
10:25:31.5452,.,.,blink
10:25:31.5457,.,.,blink
10:25:31.5462,.,.,blink
10:25:31.5466,.,.,blink
10:25:31.5471,.,.,blink
10:25:31.5476,.,.,blink
10:25:31.5480,.,.,blink
10:25:31.5484,.,.,blink
10:25:31.5489,.,.,blink
10:25:31.5494,.,.,blink
10:25:31.5498,.,.,blink
10:25:31.5503,.,.,blink
10:25:31.5508,.,.,blink
10:25:31.5512,.,.,blink
10:25:31.5517,.,.,blink
10:25:31.5522,.,.,blink
10:25:31.5526,.,.,blink
10:25:31.5531,.,.,blink
10:25:31.5536,.,.,blink
10:25:31.5541,.,.,blink
10:25:31.5545,.,.,blink
10:25:31.555,.,.,blink
10:25:31.5555,.,.,blink
10:25:31.5559,.,.,blink
10:25:31.5564,.,.,blink
10:25:31.5569,.,.,blink
10:25:31.5573,.,.,blink
10:25:31.5578,.,.,blink
10:25:31.5583,.,.,blink
10:25:31.5587,.,.,blink
10:25:31.5592,.,.,blink
10:25:31.5597,.,.,blink
10:25:31.5602,.,.,blink
10:25:31.5606,.,.,blink
10:25:31.5611,.,.,blink
10:25:31.5616,.,.,blink
10:25:31.5620,.,.,blink
10:25:31.5625,.,.,blink
10:25:31.563,.,.,blink
10:25:31.5634,.,.,blink
10:25:31.5639,.,.,blink
10:25:31.5644,.,.,blink
10:25:31.5648,.,.,blink
10:25:31.5653,.,.,blink
10:25:31.5658,.,.,blink
10:25:31.5663,.,.,blink
10:25:31.5667,.,.,blink
10:25:31.5672,.,.,blink
10:25:31.5677,.,.,blink
10:25:31.5681,.,.,blink
10:25:31.5686,.,.,blink
10:25:31.5691,.,.,blink
10:25:31.5695,.,.,blink
10:25:31.57,.,.,blink
10:25:31.5705,.,.,blink
10:25:31.5709,.,.,blink
10:25:31.5714,.,.,blink
10:25:31.5719,.,.,blink
10:25:31.5724,.,.,blink
10:25:31.5728,.,.,blink
10:25:31.5733,.,.,blink
10:25:31.5738,.,.,blink
10:25:31.5742,.,.,blink
10:25:31.5747,.,.,blink
10:25:31.5752,.,.,blink
10:25:31.5756,.,.,blink
10:25:31.5761,.,.,blink
10:25:31.5766,.,.,blink
10:25:31.5770,.,.,blink
10:25:31.5775,.,.,blink
10:25:31.578,.,.,blink
10:25:31.5785,.,.,blink
10:25:31.5789,.,.,blink
10:25:31.5794,.,.,blink
10:25:31.5799,.,.,blink
10:25:31.5803,.,.,blink
10:25:31.5808,.,.,blink
10:25:31.5813,.,.,blink
10:25:31.5817,.,.,blink
10:25:31.5822,.,.,blink
10:25:31.5827,.,.,blink
10:25:31.5831,.,.,blink
10:25:31.5836,.,.,blink
10:25:31.5841,.,.,blink
10:25:31.5846,.,.,blink
10:25:31.5850,.,.,blink
10:25:31.5855,.,.,blink
10:25:31.586,.,.,blink
10:25:31.5864,.,.,blink
10:25:31.5869,.,.,blink
10:25:31.5874,.,.,blink
10:25:31.5878,.,.,blink
10:25:31.5883,.,.,blink
10:25:31.5888,.,.,blink
10:25:31.5892,.,.,blink
10:25:31.5897,.,.,blink
10:25:31.5902,.,.,blink
10:25:31.5907,.,.,blink
10:25:31.5911,.,.,blink
10:25:31.5916,.,.,blink
10:25:31.5921,.,.,blink
10:25:31.5925,.,.,blink
10:25:31.593,.,.,blink
10:25:31.5935,.,.,blink
10:25:31.5939,.,.,blink
10:25:31.5944,.,.,blink
10:25:31.5949,.,.,blink
10:25:31.5953,.,.,blink
10:25:31.5958,.,.,blink
10:25:31.5963,.,.,blink
10:25:31.5967,.,.,blink
10:25:31.5971,.,.,blink
10:25:31.5976,.,.,blink
10:25:31.5981,.,.,blink
10:25:31.5985,.,.,blink
10:25:31.599,.,.,blink
10:25:31.5995,.,.,blink
10:25:31.5999,.,.,blink
10:25:31.6004,.,.,blink
10:25:31.6009,.,.,blink
10:25:31.6013,.,.,blink
10:25:31.6017,.,.,blink
10:25:31.6022,.,.,blink
10:25:31.6027,.,.,blink
10:25:31.6031,.,.,blink
10:25:31.6036,.,.,blink
10:25:31.6041,.,.,blink
10:25:31.6045,.,.,blink
10:25:31.605,.,.,blink
10:25:31.6055,.,.,blink
10:25:31.6059,.,.,blink
10:25:31.6063,.,.,blink
10:25:31.6068,.,.,blink
10:25:31.6073,.,.,blink
10:25:31.6077,.,.,blink
10:25:31.6082,.,.,blink
10:25:31.6087,.,.,blink
10:25:31.6091,.,.,blink
10:25:31.6096,.,.,blink
10:25:31.6101,.,.,blink
10:25:31.6105,.,.,blink
10:25:31.6109,.,.,blink
10:25:31.6114,.,.,blink
10:25:31.6119,.,.,blink
10:25:31.6123,.,.,blink
10:25:31.6128,.,.,blink
10:25:31.6133,.,.,blink
10:25:31.6137,.,.,blink
10:25:31.6142,.,.,blink
10:25:31.6147,.,.,blink
10:25:31.6151,.,.,blink
10:25:31.6156,.,.,blink
10:25:31.6161,.,.,blink
10:25:31.6166,.,.,blink
10:25:31.6170,.,.,blink
10:25:31.6175,.,.,blink
10:25:31.618,.,.,blink
10:25:31.6184,.,.,blink
10:25:31.6189,.,.,blink
10:25:31.6194,.,.,blink
10:25:31.6198,.,.,blink
10:25:31.6203,.,.,blink
10:25:31.6208,.,.,blink
10:25:31.6212,.,.,blink
10:25:31.6217,.,.,blink
10:25:31.6222,.,.,blink
10:25:31.6227,.,.,blink
10:25:31.6231,.,.,blink
10:25:31.6236,.,.,blink
10:25:31.6241,.,.,blink
10:25:31.6245,.,.,blink
10:25:31.625,.,.,blink
10:25:31.6255,.,.,blink
10:25:31.6259,.,.,blink
10:25:31.6264,.,.,blink
10:25:31.6269,.,.,blink
10:25:31.6273,.,.,blink
10:25:31.6278,.,.,blink
10:25:31.6283,.,.,blink
10:25:31.6288,.,.,blink
10:25:31.6292,.,.,blink
10:25:31.6297,.,.,blink
10:25:31.6302,.,.,blink
10:25:31.6306,.,.,blink
10:25:31.6311,.,.,blink
10:25:31.6316,.,.,blink
10:25:31.6320,.,.,blink
10:25:31.6325,.,.,blink
10:25:31.633,.,.,blink
10:25:31.6334,.,.,blink
10:25:31.6339,.,.,blink
10:25:31.6344,.,.,blink
10:25:31.6349,.,.,blink
10:25:31.6353,.,.,blink
10:25:31.6358,.,.,blink
10:25:31.6363,.,.,blink
10:25:31.6367,.,.,blink
10:25:31.6372,.,.,blink
10:25:31.6377,.,.,blink
10:25:31.6381,.,.,blink
10:25:31.6386,.,.,blink
10:25:31.6391,.,.,blink
10:25:31.6395,.,.,blink
10:25:31.64,.,.,blink
10:25:31.6405,.,.,blink
10:25:31.641,.,.,blink
10:25:31.6414,.,.,blink
10:25:31.6419,.,.,blink
10:25:31.6424,.,.,blink
10:25:31.6428,.,.,blink
10:25:31.6433,.,.,blink
10:25:31.6438,.,.,blink
10:25:31.6442,.,.,blink
10:25:31.6447,.,.,blink
10:25:31.6452,.,.,blink
10:25:31.6456,.,.,blink
10:25:31.6461,.,.,blink
10:25:31.6466,.,.,blink
10:25:31.6471,.,.,blink
10:25:31.6475,.,.,blink
10:25:31.648,.,.,blink
10:25:31.6485,.,.,blink
10:25:31.6489,.,.,blink
10:25:31.6494,.,.,blink
10:25:31.6499,.,.,blink
10:25:31.6503,.,.,blink
10:25:31.6508,.,.,blink
10:25:31.6513,.,.,blink
10:25:31.6517,.,.,blink
10:25:31.6522,.,.,blink
10:25:31.6527,.,.,blink
10:25:31.6532,.,.,blink
10:25:31.6536,.,.,blink
10:25:31.6541,.,.,blink
10:25:31.6546,.,.,blink
10:25:31.6550,.,.,blink
10:25:31.6555,.,.,blink
10:25:31.656,.,.,blink
10:25:31.6564,.,.,blink
10:25:31.6569,.,.,blink
10:25:31.6574,.,.,blink
10:25:31.6578,.,.,blink
10:25:31.6583,.,.,blink
10:25:31.6588,.,.,blink
10:25:31.6592,.,.,blink
10:25:31.6596,.,.,blink
10:25:31.6601,.,.,blink
10:25:31.6606,.,.,blink
10:25:31.6610,.,.,blink
10:25:31.6615,.,.,blink
10:25:31.662,.,.,blink
10:25:31.6624,.,.,blink
10:25:31.6629,.,.,blink
10:25:31.6634,.,.,blink
10:25:31.6638,.,.,blink
10:25:31.6642,.,.,blink
10:25:31.6647,.,.,blink
10:25:31.6652,.,.,blink
10:25:31.6656,.,.,blink
10:25:31.6661,.,.,blink
10:25:31.6666,.,.,blink
10:25:31.6670,.,.,blink
10:25:31.6675,.,.,blink
10:25:31.668,.,.,blink
10:25:31.6684,.,.,blink
10:25:31.6688,.,.,blink
10:25:31.6693,.,.,blink
10:25:31.6698,.,.,blink
10:25:31.6702,.,.,blink
10:25:31.6707,.,.,blink
10:25:31.6712,.,.,blink
10:25:31.6716,.,.,blink
10:25:31.6721,.,.,blink
10:25:31.6726,.,.,blink
10:25:31.6730,.,.,blink
10:25:31.6734,.,.,blink
10:25:31.6739,.,.,blink
10:25:31.6744,.,.,blink
10:25:31.6748,.,.,blink
10:25:31.6753,.,.,blink
10:25:31.6758,.,.,blink
10:25:31.6762,.,.,blink
10:25:31.6767,.,.,blink
10:25:31.6772,.,.,blink
10:25:31.6776,.,.,blink
10:25:31.6781,.,.,blink
10:25:31.6786,.,.,blink
10:25:31.6791,.,.,blink
10:25:31.6795,.,.,blink
10:25:31.68,.,.,blink
10:25:31.6805,.,.,blink
10:25:31.6809,.,.,blink
10:25:31.6814,.,.,blink
10:25:31.6819,.,.,blink
10:25:31.6823,.,.,blink
10:25:31.6828,.,.,blink
10:25:31.6833,.,.,blink
10:25:31.6837,.,.,blink
10:25:31.6842,.,.,blink
10:25:31.6847,.,.,blink
10:25:31.6852,.,.,blink
10:25:31.6856,.,.,blink
10:25:31.6861,.,.,blink
10:25:31.6866,.,.,blink
10:25:31.6870,.,.,blink
10:25:31.6875,.,.,blink
10:25:31.688,.,.,blink
10:25:31.6884,.,.,blink
10:25:31.6889,.,.,blink
10:25:31.6894,.,.,blink
10:25:31.6898,.,.,blink
10:25:31.6903,.,.,blink
10:25:31.6908,.,.,blink
10:25:31.6913,.,.,blink
10:25:31.6917,.,.,blink
10:25:31.6922,.,.,blink
10:25:31.6927,.,.,blink
10:25:31.6931,.,.,blink
10:25:31.6936,.,.,blink
10:25:31.6941,.,.,blink
10:25:31.6945,.,.,blink
10:25:31.695,.,.,blink
10:25:31.6955,.,.,blink
10:25:31.6959,.,.,blink
10:25:31.6964,.,.,blink
10:25:31.6969,.,.,blink
10:25:31.6974,.,.,blink
10:25:31.6978,.,.,blink
10:25:31.6983,.,.,blink
10:25:31.6988,.,.,blink
10:25:31.6992,.,.,blink
10:25:31.6997,.,.,blink
10:25:31.7002,.,.,blink
10:25:31.7006,.,.,blink
10:25:31.7011,.,.,blink
10:25:31.7016,.,.,blink
10:25:31.7020,.,.,blink
10:25:31.7025,.,.,blink
10:25:31.703,.,.,blink
10:25:31.7035,.,.,blink
10:25:31.7039,.,.,blink
10:25:31.7044,.,.,blink
10:25:31.7049,.,.,blink
10:25:31.7053,.,.,blink
10:25:31.7058,.,.,blink
10:25:31.7063,.,.,blink
10:25:31.7067,.,.,blink
10:25:31.7072,.,.,blink
10:25:31.7077,.,.,blink
10:25:31.7081,.,.,blink
10:25:31.7086,.,.,blink
10:25:31.7091,.,.,blink
10:25:31.7096,.,.,blink
10:25:31.7100,.,.,blink
10:25:31.7105,.,.,blink
10:25:31.711,.,.,blink
10:25:31.7114,.,.,blink
10:25:31.7119,.,.,blink
10:25:31.7124,.,.,blink
10:25:31.7128,.,.,blink
10:25:31.7133,.,.,blink
10:25:31.7138,.,.,blink
10:25:31.7142,.,.,blink
10:25:31.7147,.,.,blink
10:25:31.7152,.,.,blink
10:25:31.7157,.,.,blink
10:25:31.7161,.,.,blink
10:25:31.7166,.,.,blink
10:25:31.7171,.,.,blink
10:25:31.7175,.,.,blink
10:25:31.718,.,.,blink
10:25:31.7185,.,.,blink
10:25:31.7189,.,.,blink
10:25:31.7194,.,.,blink
10:25:31.7199,.,.,blink
10:25:31.7203,.,.,blink
10:25:31.7208,.,.,blink
10:25:31.7213,.,.,blink
10:25:31.7217,.,.,blink
10:25:31.7221,.,.,blink
10:25:31.7226,.,.,blink
10:25:31.7231,.,.,blink
10:25:31.7235,.,.,blink
10:25:31.724,.,.,blink
10:25:31.7245,.,.,blink
10:25:31.7249,.,.,blink
10:25:31.7254,.,.,blink
10:25:31.7259,.,.,blink
10:25:31.7263,.,.,blink
10:25:31.7267,.,.,blink
10:25:31.7272,.,.,blink
10:25:31.7277,.,.,blink
10:25:31.7281,.,.,blink
10:25:31.7286,.,.,blink
10:25:31.7291,.,.,blink
10:25:31.7295,.,.,blink
10:25:31.73,.,.,blink
10:25:31.7305,.,.,blink
10:25:31.7309,.,.,blink
10:25:31.7313,.,.,blink
10:25:31.7318,.,.,blink
10:25:31.7323,.,.,blink
10:25:31.7327,.,.,blink
10:25:31.7332,.,.,blink
10:25:31.7337,.,.,blink
10:25:31.7341,.,.,blink
10:25:31.7346,.,.,blink
10:25:31.7351,.,.,blink
10:25:31.7355,.,.,blink
10:25:31.7359,.,.,blink
10:25:31.7364,.,.,blink
10:25:31.7369,.,.,blink
10:25:31.7373,.,.,blink
10:25:31.7378,.,.,blink
10:25:31.7383,.,.,blink
10:25:31.7387,.,.,blink
10:25:31.7392,.,.,blink
10:25:31.7397,.,.,blink
10:25:31.7401,.,.,blink
10:25:31.7406,.,.,blink
10:25:31.7411,.,.,blink
10:25:31.7416,.,.,blink
10:25:31.7420,868.7,312.6,fixation
10:25:31.7425,868.6,312.6,fixation
10:25:31.743,868.8,312.8,fixation
10:25:31.7434,869.0,312.9,fixation
10:25:31.7439,869.0,313.1,fixation
10:25:31.7444,868.7,313.1,fixation
10:25:31.7448,868.2,311.9,fixation
10:25:31.7453,868.0,309.6,fixation
10:25:31.7458,867.8,307.3,fixation
10:25:31.7462,867.8,306.5,fixation
10:25:31.7467,867.7,306.8,fixation
10:25:31.7472,868.0,306.9,fixation
10:25:31.7477,868.8,306.7,fixation
10:25:31.7481,869.4,307.6,fixation
10:25:31.7486,869.8,308.6,fixation
10:25:31.7491,869.7,310.0,fixation
10:25:31.7495,870.0,310.7,fixation
10:25:31.75,870.5,311.5,fixation
10:25:31.7505,871.0,311.8,fixation
10:25:31.7509,871.2,311.6,fixation
10:25:31.7514,871.4,310.5,fixation
10:25:31.7519,871.4,309.6,fixation
10:25:31.7523,871.4,309.3,fixation
10:25:31.7528,871.3,310.1,fixation
10:25:31.7533,872.0,312.5,fixation
10:25:31.7538,872.8,314.6,fixation
10:25:31.7542,873.6,316.4,fixation
10:25:31.7547,873.4,316.5,fixation
10:25:31.7552,873.3,316.4,fixation
10:25:31.7556,873.4,316.2,fixation
10:25:31.7561,873.7,316.2,fixation
10:25:31.7566,873.9,316.7,fixation
10:25:31.7570,874.1,317.2,fixation
10:25:31.7575,874.1,317.7,fixation
10:25:31.758,873.4,317.9,fixation
10:25:31.7584,872.8,318.4,fixation
10:25:31.7589,872.2,320.2,fixation
10:25:31.7594,871.6,321.8,fixation
10:25:31.7599,870.8,323.2,fixation
10:25:31.7603,870.1,323.4,fixation
10:25:31.7608,870.0,323.8,fixation
10:25:31.7613,870.0,324.3,fixation
10:25:31.7617,870.1,324.7,fixation
10:25:31.7622,870.0,323.7,fixation
10:25:31.7627,869.4,321.9,fixation
10:25:31.7631,868.9,319.5,fixation
10:25:31.7636,868.9,318.2,fixation
10:25:31.7641,869.5,318.6,fixation
10:25:31.7645,870.1,319.3,fixation
10:25:31.765,870.3,320.0,fixation
10:25:31.7655,870.3,319.8,fixation
10:25:31.766,869.3,318.7,fixation
10:25:31.7664,868.4,317.6,fixation
10:25:31.7669,867.7,316.8,fixation
10:25:31.7674,868.7,317.1,fixation
10:25:31.7678,869.6,317.2,fixation
10:25:31.7683,870.2,317.1,fixation
10:25:31.7688,870.1,316.9,fixation
10:25:31.7692,870.2,315.6,fixation
10:25:31.7697,870.6,314.2,fixation
10:25:31.7702,870.9,312.6,fixation
10:25:31.7706,871.0,311.6,fixation
10:25:31.7711,871.2,310.5,fixation
10:25:31.7716,871.6,311.3,fixation
10:25:31.7721,872.0,312.9,fixation
10:25:31.7725,871.6,312.4,fixation
10:25:31.773,871.3,310.3,fixation
10:25:31.7735,871.0,308.1,fixation
10:25:31.7739,871.5,307.9,fixation
10:25:31.7744,871.7,307.9,fixation
10:25:31.7749,871.7,308.1,fixation
10:25:31.7753,871.2,309.2,fixation
10:25:31.7758,871.1,310.3,fixation
10:25:31.7763,871.0,311.5,fixation
10:25:31.7767,870.8,311.7,fixation
10:25:31.7772,870.7,311.3,fixation
10:25:31.7777,870.5,310.5,fixation
10:25:31.7782,870.4,309.6,fixation
10:25:31.7786,870.2,309.3,fixation
10:25:31.7791,870.2,309.1,fixation
10:25:31.7796,870.3,308.9,fixation
10:25:31.7800,870.4,309.1,fixation
10:25:31.7805,870.6,309.3,fixation
10:25:31.781,870.2,309.1,fixation
10:25:31.7814,869.8,308.6,fixation
10:25:31.7819,869.9,307.8,fixation
10:25:31.7824,870.5,307.4,fixation
10:25:31.7828,870.8,308.7,fixation
10:25:31.7833,870.5,310.5,fixation
10:25:31.7838,870.1,312.0,fixation
10:25:31.7842,869.8,311.7,fixation
10:25:31.7846,869.6,311.3,fixation
10:25:31.7851,869.4,310.0,fixation
10:25:31.7856,869.1,308.8,fixation
10:25:31.7860,868.9,307.6,fixation
10:25:31.7865,868.7,308.4,fixation
10:25:31.787,868.5,309.3,fixation
10:25:31.7874,868.3,309.1,fixation
10:25:31.7879,868.2,308.2,fixation
10:25:31.7884,868.2,307.2,fixation
10:25:31.7888,868.2,306.8,fixation
10:25:31.7892,868.6,306.3,fixation
10:25:31.7897,868.9,304.3,fixation
10:25:31.7902,869.3,301.7,fixation
10:25:31.7906,870.3,299.3,fixation
10:25:31.7911,870.9,298.5,fixation
10:25:31.7916,871.1,298.8,fixation
10:25:31.7920,870.2,299.0,fixation
10:25:31.7925,869.5,299.0,fixation
10:25:31.793,869.7,298.9,fixation
10:25:31.7934,870.0,298.7,fixation
10:25:31.7938,870.3,298.7,fixation
10:25:31.7943,869.9,298.9,fixation
10:25:31.7948,869.7,298.8,fixation
10:25:31.7952,869.7,298.5,fixation
10:25:31.7957,869.8,298.2,fixation
10:25:31.7962,869.9,298.2,fixation
10:25:31.7966,870.2,298.3,fixation
10:25:31.7971,870.3,298.3,fixation
10:25:31.7976,870.2,298.3,fixation
10:25:31.7980,869.4,297.4,fixation
10:25:31.7984,868.7,297.0,fixation
10:25:31.7989,869.6,296.6,fixation
10:25:31.7994,871.1,297.4,fixation
10:25:31.7998,871.8,297.6,fixation
10:25:31.8003,870.9,297.7,fixation
10:25:31.8008,869.7,296.7,fixation
10:25:31.8012,869.2,296.0,fixation
10:25:31.8017,868.9,295.7,fixation
10:25:31.8022,868.8,296.3,fixation
10:25:31.8026,868.9,295.5,fixation
10:25:31.8031,868.9,294.5,fixation
10:25:31.8036,868.9,293.5,fixation
10:25:31.8041,868.7,294.0,fixation
10:25:31.8045,868.6,294.6,fixation
10:25:31.805,869.1,295.1,fixation
10:25:31.8055,869.5,294.6,fixation
10:25:31.8059,869.7,294.2,fixation
10:25:31.8064,869.2,293.3,fixation
10:25:31.8069,868.7,292.8,fixation
10:25:31.8073,868.3,293.6,fixation
10:25:31.8078,868.1,294.8,fixation
10:25:31.8083,868.2,295.9,fixation
10:25:31.8087,868.3,295.5,fixation
10:25:31.8092,868.3,295.2,fixation
10:25:31.8097,867.7,295.0,fixation
10:25:31.8102,867.2,294.3,fixation
10:25:31.8106,866.9,293.5,fixation
10:25:31.8111,867.6,293.1,fixation
10:25:31.8116,868.0,294.0,fixation
10:25:31.8120,868.3,294.9,fixation
10:25:31.8125,868.2,296.0,fixation
10:25:31.813,868.2,296.9,fixation
10:25:31.8134,868.2,297.8,fixation
10:25:31.8139,868.2,297.3,fixation
10:25:31.8144,868.2,296.4,fixation
10:25:31.8148,868.2,296.3,fixation
10:25:31.8153,868.7,297.1,fixation
10:25:31.8158,869.3,297.1,fixation
10:25:31.8163,869.9,296.3,fixation
10:25:31.8167,869.9,295.3,fixation
10:25:31.8172,869.5,295.0,fixation
10:25:31.8177,869.3,294.6,fixation
10:25:31.8181,869.1,294.4,fixation
10:25:31.8186,869.2,294.4,fixation
10:25:31.8191,869.4,294.0,fixation
10:25:31.8195,869.7,293.3,fixation
10:25:31.82,869.8,292.5,fixation
10:25:31.8205,869.9,292.0,fixation
10:25:31.8209,869.6,292.7,fixation
10:25:31.8214,869.4,293.5,fixation
10:25:31.8219,869.2,294.0,fixation
10:25:31.8224,869.2,293.4,fixation
10:25:31.8228,869.3,292.4,fixation
10:25:31.8233,868.6,291.1,fixation
10:25:31.8238,867.9,290.1,fixation
10:25:31.8242,867.1,290.4,fixation
10:25:31.8247,867.5,291.3,fixation
10:25:31.8252,867.8,291.9,fixation
10:25:31.8256,868.2,291.6,fixation
10:25:31.8261,868.1,291.3,fixation
10:25:31.8266,868.0,291.4,fixation
10:25:31.8270,867.9,291.6,fixation
10:25:31.8275,867.8,291.7,fixation
10:25:31.828,868.1,291.3,fixation
10:25:31.8285,868.5,290.7,fixation
10:25:31.8289,868.8,290.0,fixation
10:25:31.8294,868.5,289.8,fixation
10:25:31.8299,868.0,289.8,fixation
10:25:31.8303,867.4,289.9,fixation
10:25:31.8308,866.0,289.6,fixation
10:25:31.8313,864.9,289.3,fixation
10:25:31.8317,864.5,288.8,fixation
10:25:31.8322,865.3,288.6,fixation
10:25:31.8327,866.1,288.5,fixation
10:25:31.8331,866.4,288.6,fixation
10:25:31.8336,866.1,288.6,fixation
10:25:31.8341,865.6,287.8,fixation
10:25:31.8346,865.1,287.0,fixation
10:25:31.8350,866.0,286.2,fixation
10:25:31.8355,867.0,286.5,fixation
10:25:31.836,867.7,286.8,fixation
10:25:31.8364,867.4,287.1,fixation
10:25:31.8369,868.1,286.8,fixation
10:25:31.8374,869.0,286.0,fixation
10:25:31.8378,870.0,285.2,fixation
10:25:31.8383,870.1,284.8,fixation
10:25:31.8388,869.7,283.7,fixation
10:25:31.8392,869.3,282.6,fixation
10:25:31.8397,868.8,281.4,fixation
10:25:31.8402,868.6,281.3,fixation
10:25:31.8407,868.4,281.5,fixation
10:25:31.8411,868.6,282.0,fixation
10:25:31.8416,868.9,282.5,fixation
10:25:31.8421,869.2,282.7,fixation
10:25:31.8425,869.1,282.7,fixation
10:25:31.843,869.0,282.7,fixation
10:25:31.8435,869.2,282.9,fixation
10:25:31.8439,869.6,283.0,fixation
10:25:31.8444,869.9,282.8,fixation
10:25:31.8449,869.8,281.9,fixation
10:25:31.8453,869.1,281.0,fixation
10:25:31.8458,868.4,280.4,fixation
10:25:31.8463,867.8,280.7,fixation
10:25:31.8467,867.8,281.0,fixation
10:25:31.8471,867.7,281.3,fixation
10:25:31.8476,867.8,281.8,fixation
10:25:31.8481,867.9,282.2,fixation
10:25:31.8485,868.1,281.1,fixation
10:25:31.849,868.2,279.7,fixation
10:25:31.8495,868.4,279.3,fixation
10:25:31.8499,868.5,280.6,fixation
10:25:31.8504,868.6,282.0,fixation
10:25:31.8509,868.5,282.5,fixation
10:25:31.8513,868.4,282.2,fixation
10:25:31.8517,868.4,281.5,fixation
10:25:31.8522,868.4,280.7,fixation
10:25:31.8527,868.7,279.9,fixation
10:25:31.8531,870.1,279.5,fixation
10:25:31.8536,871.5,279.0,fixation
10:25:31.8541,872.4,278.8,fixation
10:25:31.8545,871.9,278.6,fixation
10:25:31.855,871.5,278.6,fixation
10:25:31.8555,871.1,278.8,fixation
10:25:31.8559,870.9,279.0,fixation
10:25:31.8563,871.2,279.3,fixation
10:25:31.8568,871.6,280.0,fixation
10:25:31.8573,872.0,280.6,fixation
10:25:31.8577,871.8,280.3,fixation
10:25:31.8582,871.5,279.9,fixation
10:25:31.8587,871.1,279.4,fixation
10:25:31.8591,871.1,279.7,fixation
10:25:31.8596,871.4,279.7,fixation
10:25:31.8601,871.8,278.8,fixation
10:25:31.8605,871.9,277.9,fixation
10:25:31.8609,871.6,276.8,fixation
10:25:31.8614,871.0,276.7,fixation
10:25:31.8619,870.7,276.5,fixation
10:25:31.8623,870.4,276.4,fixation
10:25:31.8628,871.7,276.9,fixation
10:25:31.8633,873.1,277.5,fixation
10:25:31.8637,872.9,277.5,fixation
10:25:31.8642,871.8,276.9,fixation
10:25:31.8647,870.5,276.4,fixation
10:25:31.8651,870.7,276.5,fixation
10:25:31.8656,870.5,276.9,fixation
10:25:31.8661,870.3,277.3,fixation
10:25:31.8666,869.9,277.8,fixation
10:25:31.8670,869.4,277.7,fixation
10:25:31.8675,868.9,277.6,fixation
10:25:31.868,868.4,277.5,fixation
10:25:31.8684,868.0,277.0,fixation
10:25:31.8689,868.2,276.6,fixation
10:25:31.8694,868.7,276.4,fixation
10:25:31.8698,869.9,276.8,fixation
10:25:31.8703,870.7,277.0,fixation
10:25:31.8708,871.1,276.8,fixation
10:25:31.8712,870.8,276.6,fixation
10:25:31.8717,870.7,276.5,fixation
10:25:31.8722,871.0,276.7,fixation
10:25:31.8727,871.7,276.8,fixation
10:25:31.8731,872.1,277.1,fixation
10:25:31.8736,872.0,277.6,fixation
10:25:31.8741,871.6,278.0,fixation
10:25:31.8745,871.2,278.2,fixation
10:25:31.875,871.2,278.4,fixation
10:25:31.8755,871.6,279.2,fixation
10:25:31.8759,872.1,279.9,fixation
10:25:31.8764,872.8,280.0,fixation
10:25:31.8769,873.0,279.7,fixation
10:25:31.8773,872.2,279.3,fixation
10:25:31.8778,871.4,279.1,fixation
10:25:31.8783,870.6,278.3,fixation
10:25:31.8788,870.8,277.4,fixation
10:25:31.8792,871.1,277.1,fixation
10:25:31.8797,871.3,278.0,fixation
10:25:31.8802,871.4,278.9,fixation
10:25:31.8806,871.3,279.3,fixation
10:25:31.8811,871.0,279.4,fixation
10:25:31.8816,870.7,279.8,fixation
10:25:31.8820,871.2,280.1,fixation
10:25:31.8825,872.0,280.2,fixation
10:25:31.883,872.1,279.9,fixation
10:25:31.8834,871.3,279.7,fixation
10:25:31.8839,871.6,279.3,fixation
10:25:31.8844,872.9,278.9,fixation
10:25:31.8849,874.4,278.6,fixation
10:25:31.8853,874.7,278.7,fixation
10:25:31.8858,875.0,278.9,fixation
10:25:31.8863,874.9,279.1,fixation
10:25:31.8867,874.7,279.1,fixation
10:25:31.8872,874.4,278.8,fixation
10:25:31.8877,874.3,278.4,fixation
10:25:31.8881,874.6,277.6,fixation
10:25:31.8886,875.0,276.9,fixation
10:25:31.8891,874.2,276.6,fixation
10:25:31.8895,873.2,277.2,fixation
10:25:31.89,874.2,278.7,fixation
10:25:31.8905,876.1,280.1,fixation
10:25:31.891,877.0,281.2,fixation
10:25:31.8914,875.9,281.3,fixation
10:25:31.8919,874.9,281.2,fixation
10:25:31.8924,875.0,281.2,fixation
10:25:31.8928,875.3,281.2,fixation
10:25:31.8933,875.7,281.6,fixation
10:25:31.8938,876.0,283.2,fixation
10:25:31.8942,876.0,284.7,fixation
10:25:31.8947,875.9,285.4,fixation
10:25:31.8952,875.9,284.8,fixation
10:25:31.8956,875.9,284.4,fixation
10:25:31.8961,875.6,284.2,fixation
10:25:31.8966,875.2,284.4,fixation
10:25:31.8971,874.9,284.6,fixation
10:25:31.8975,874.9,285.0,fixation
10:25:31.898,875.9,285.5,fixation
10:25:31.8985,876.9,285.5,fixation
10:25:31.8989,877.7,285.4,fixation
10:25:31.8994,877.3,285.5,fixation
10:25:31.8999,876.2,285.8,fixation
10:25:31.9003,875.4,286.2,fixation
10:25:31.9008,874.6,287.5,fixation
10:25:31.9013,874.2,288.8,fixation
10:25:31.9017,873.8,290.8,fixation
10:25:31.9022,873.8,291.4,fixation
10:25:31.9027,873.9,292.0,fixation
10:25:31.9032,873.7,292.0,fixation
10:25:31.9036,872.9,292.1,fixation
10:25:31.9041,872.1,292.0,fixation
10:25:31.9046,871.6,292.1,fixation
10:25:31.9050,871.5,292.1,fixation
10:25:31.9055,871.5,292.2,fixation
10:25:31.906,871.3,292.8,fixation
10:25:31.9064,871.2,293.5,fixation
10:25:31.9069,871.0,293.9,fixation
10:25:31.9074,870.9,293.8,fixation
10:25:31.9078,873.1,292.4,fixation
10:25:31.9083,875.4,291.2,fixation
10:25:31.9088,880.2,290.9,saccade
10:25:31.9092,882.2,291.3,saccade
10:25:31.9096,883.2,291.2,saccade
10:25:31.9101,883.6,291.1,saccade
10:25:31.9106,882.6,291.0,saccade
10:25:31.9110,880.9,291.0,saccade
10:25:31.9115,877.7,292.6,saccade
10:25:31.912,875.0,294.6,saccade
10:25:31.9124,871.2,296.8,saccade
10:25:31.9129,866.1,298.7,saccade
10:25:31.9134,859.7,300.3,saccade
10:25:31.9138,854.9,301.5,saccade
10:25:31.9142,852.6,301.5,saccade
10:25:31.9147,851.9,302.9,saccade
10:25:31.9152,852.5,304.5,saccade
10:25:31.9156,856.8,306.1,saccade
10:25:31.9161,864.3,307.2,saccade
10:25:31.9166,873.2,311.8,saccade
10:25:31.9170,880.5,316.4,saccade
10:25:31.9175,886.9,320.2,saccade
10:25:31.918,892.5,323.3,saccade
10:25:31.9184,896.2,327.1,saccade
10:25:31.9188,900.1,331.8,saccade
10:25:31.9193,904.1,334.2,saccade
10:25:31.9198,910.0,336.0,saccade
10:25:31.9202,914.2,336.8,saccade
10:25:31.9207,916.8,335.8,saccade
10:25:31.9212,916.8,333.5,saccade
10:25:31.9216,915.6,331.1,saccade
10:25:31.9221,914.3,329.7,saccade
10:25:31.9226,.,.,blink
10:25:31.9230,.,.,blink
10:25:31.9234,.,.,blink
10:25:31.9239,.,.,blink
10:25:31.9244,.,.,blink
10:25:31.9248,.,.,blink
10:25:31.9253,.,.,blink
10:25:31.9258,.,.,blink
10:25:31.9262,.,.,blink
10:25:31.9267,.,.,blink
10:25:31.9272,.,.,blink
10:25:31.9276,.,.,blink
10:25:31.9281,.,.,blink
10:25:31.9286,.,.,blink
10:25:31.9291,.,.,blink
10:25:31.9295,.,.,blink
10:25:31.93,.,.,blink
10:25:31.9305,.,.,blink
10:25:31.9309,.,.,blink
10:25:31.9314,.,.,blink
10:25:31.9319,.,.,blink
10:25:31.9323,.,.,blink
10:25:31.9328,.,.,blink
10:25:31.9333,.,.,blink
10:25:31.9337,.,.,blink
10:25:31.9342,.,.,blink
10:25:31.9347,.,.,blink
10:25:31.9352,.,.,blink
10:25:31.9356,.,.,blink
10:25:31.9361,.,.,blink
10:25:31.9366,.,.,blink
10:25:31.9370,.,.,blink
10:25:31.9375,.,.,blink
10:25:31.938,.,.,blink
10:25:31.9384,.,.,blink
10:25:31.9389,.,.,blink
10:25:31.9394,.,.,blink
10:25:31.9398,.,.,blink
10:25:31.9403,.,.,blink
10:25:31.9408,.,.,blink
10:25:31.9413,.,.,blink
10:25:31.9417,.,.,blink
10:25:31.9422,.,.,blink
10:25:31.9427,.,.,blink
10:25:31.9431,.,.,blink
10:25:31.9436,.,.,blink
10:25:31.9441,.,.,blink
10:25:31.9445,.,.,blink
10:25:31.945,.,.,blink
10:25:31.9455,.,.,blink
10:25:31.9459,.,.,blink
10:25:31.9464,.,.,blink
10:25:31.9469,.,.,blink
10:25:31.9474,.,.,blink
10:25:31.9478,.,.,blink
10:25:31.9483,.,.,blink
10:25:31.9488,.,.,blink
10:25:31.9492,.,.,blink
10:25:31.9497,.,.,blink
10:25:31.9502,.,.,blink
10:25:31.9506,.,.,blink
10:25:31.9511,.,.,blink
10:25:31.9516,.,.,blink
10:25:31.9520,.,.,blink
10:25:31.9525,.,.,blink
10:25:31.953,.,.,blink
10:25:31.9535,.,.,blink
10:25:31.9539,.,.,blink
10:25:31.9544,.,.,blink
10:25:31.9549,.,.,blink
10:25:31.9553,.,.,blink
10:25:31.9558,.,.,blink
10:25:31.9563,.,.,blink
10:25:31.9567,.,.,blink
10:25:31.9572,.,.,blink
10:25:31.9577,.,.,blink
10:25:31.9581,.,.,blink
10:25:31.9586,.,.,blink
10:25:31.9591,.,.,blink
10:25:31.9596,.,.,blink
10:25:31.9600,.,.,blink
10:25:31.9605,.,.,blink
10:25:31.961,.,.,blink
10:25:31.9614,.,.,blink
10:25:31.9619,.,.,blink
10:25:31.9624,.,.,blink
10:25:31.9628,.,.,blink
10:25:31.9633,.,.,blink
10:25:31.9638,.,.,blink
10:25:31.9642,.,.,blink
10:25:31.9647,.,.,blink
10:25:31.9652,.,.,blink
10:25:31.9657,.,.,blink
10:25:31.9661,.,.,blink
10:25:31.9666,.,.,blink
10:25:31.9671,.,.,blink
10:25:31.9675,.,.,blink
10:25:31.968,.,.,blink
10:25:31.9685,.,.,blink
10:25:31.9689,.,.,blink
10:25:31.9694,.,.,blink
10:25:31.9699,.,.,blink
10:25:31.9703,.,.,blink
10:25:31.9708,.,.,blink
10:25:31.9713,.,.,blink
10:25:31.9717,.,.,blink
10:25:31.9721,.,.,blink
10:25:31.9726,.,.,blink
10:25:31.9731,.,.,blink
10:25:31.9735,.,.,blink
10:25:31.974,.,.,blink
10:25:31.9745,.,.,blink
10:25:31.9749,.,.,blink
10:25:31.9754,.,.,blink
10:25:31.9759,.,.,blink
10:25:31.9763,.,.,blink
10:25:31.9767,.,.,blink
10:25:31.9772,.,.,blink
10:25:31.9777,.,.,blink
10:25:31.9781,.,.,blink
10:25:31.9786,.,.,blink
10:25:31.9791,.,.,blink
10:25:31.9795,.,.,blink
10:25:31.98,.,.,blink
10:25:31.9805,.,.,blink
10:25:31.9809,.,.,blink
10:25:31.9813,.,.,blink
10:25:31.9818,.,.,blink
10:25:31.9823,.,.,blink
10:25:31.9827,.,.,blink
10:25:31.9832,.,.,blink
10:25:31.9837,.,.,blink
10:25:31.9841,.,.,blink
10:25:31.9846,.,.,blink
10:25:31.9851,.,.,blink
10:25:31.9855,.,.,blink
10:25:31.9859,.,.,blink
10:25:31.9864,.,.,blink
10:25:31.9869,.,.,blink
10:25:31.9873,.,.,blink
10:25:31.9878,.,.,blink
10:25:31.9883,.,.,blink
10:25:31.9887,.,.,blink
10:25:31.9892,.,.,blink
10:25:31.9897,.,.,blink
10:25:31.9901,.,.,blink
10:25:31.9906,.,.,blink
10:25:31.9911,.,.,blink
10:25:31.9916,.,.,blink
10:25:31.9920,.,.,blink
10:25:31.9925,.,.,blink
10:25:31.993,.,.,blink
10:25:31.9934,.,.,blink
10:25:31.9939,.,.,blink
10:25:31.9944,.,.,blink
10:25:31.9948,.,.,blink
10:25:31.9953,.,.,blink
10:25:31.9958,.,.,blink
10:25:31.9962,.,.,blink
10:25:31.9967,.,.,blink
10:25:31.9972,.,.,blink
10:25:31.9977,.,.,blink
10:25:31.9981,.,.,blink
10:25:31.9986,.,.,blink
10:25:31.9991,.,.,blink
10:25:31.9995,.,.,blink
10:25:32.,.,.,blink
10:25:32.0005,.,.,blink
10:25:32.0010,.,.,blink
10:25:32.0015,.,.,blink
10:25:32.002,.,.,blink
10:25:32.0025,.,.,blink
10:25:32.003,.,.,blink
10:25:32.0035,.,.,blink
10:25:32.0040,.,.,blink
10:25:32.0045,.,.,blink
10:25:32.005,.,.,blink
10:25:32.0055,.,.,blink
10:25:32.006,.,.,blink
10:25:32.0065,.,.,blink
10:25:32.0070,.,.,blink
10:25:32.0075,.,.,blink
10:25:32.008,.,.,blink
10:25:32.0085,.,.,blink
10:25:32.009,.,.,blink
10:25:32.0095,.,.,blink
10:25:32.0100,.,.,blink
10:25:32.0105,.,.,blink
10:25:32.011,.,.,blink
10:25:32.0115,.,.,blink
10:25:32.012,.,.,blink
10:25:32.0125,.,.,blink
10:25:32.0130,.,.,blink
10:25:32.0135,.,.,blink
10:25:32.014,.,.,blink
10:25:32.0145,.,.,blink
10:25:32.015,.,.,blink
10:25:32.0155,.,.,blink
10:25:32.0160,.,.,blink
10:25:32.0165,834.3,273.5,fixation
10:25:32.017,834.9,273.5,fixation
10:25:32.0175,834.4,274.0,fixation
10:25:32.018,835.1,274.9,fixation
10:25:32.0185,836.8,276.1,fixation
10:25:32.0190,838.6,277.2,fixation
10:25:32.0195,838.1,277.3,fixation
10:25:32.02,837.1,277.2,fixation
10:25:32.0205,836.1,276.9,fixation
10:25:32.021,836.2,277.1,fixation
10:25:32.0215,836.3,277.3,fixation
10:25:32.0220,836.2,278.2,fixation
10:25:32.0225,835.8,281.0,fixation
10:25:32.023,835.5,283.9,fixation
10:25:32.0235,835.4,285.6,fixation
10:25:32.024,835.3,285.2,fixation
10:25:32.0245,835.3,284.4,fixation
10:25:32.0250,835.8,283.7,fixation
10:25:32.0255,836.5,283.0,fixation
10:25:32.026,837.5,282.8,fixation
10:25:32.0265,837.9,282.7,fixation
10:25:32.027,838.4,282.2,fixation
10:25:32.0275,838.7,281.3,fixation
10:25:32.0280,838.6,280.2,fixation
10:25:32.0285,837.8,279.5,fixation
10:25:32.029,836.9,279.6,fixation
10:25:32.0295,836.8,279.9,fixation
10:25:32.03,837.7,278.7,fixation
10:25:32.0305,839.1,277.3,fixation
10:25:32.0310,840.0,277.3,fixation
10:25:32.0315,840.4,278.7,fixation
10:25:32.0320,840.4,280.1,fixation
10:25:32.0325,840.7,280.5,fixation
10:25:32.033,841.0,280.9,fixation
10:25:32.0335,841.4,281.3,fixation
10:25:32.034,842.4,280.7,fixation
10:25:32.0345,843.4,280.0,fixation
10:25:32.0350,843.8,279.4,fixation
10:25:32.0355,843.6,279.6,fixation
10:25:32.036,843.4,279.9,fixation
10:25:32.0365,843.2,281.3,fixation
10:25:32.037,842.9,282.7,fixation
10:25:32.0375,842.6,283.8,fixation
10:25:32.0380,842.5,284.0,fixation
10:25:32.0385,842.6,284.4,fixation
10:25:32.039,842.8,285.0,fixation
10:25:32.0395,842.8,285.4,fixation
10:25:32.04,842.7,284.6,fixation
10:25:32.0405,842.6,283.7,fixation
10:25:32.0410,842.5,284.1,fixation
10:25:32.0415,841.9,285.3,fixation
10:25:32.042,841.3,286.7,fixation
10:25:32.0425,840.8,287.0,fixation
10:25:32.043,840.3,287.1,fixation
10:25:32.0435,839.9,287.1,fixation
10:25:32.0440,839.4,286.8,fixation
10:25:32.0445,839.2,288.0,fixation
10:25:32.045,838.9,289.2,fixation
10:25:32.0455,838.4,290.3,fixation
10:25:32.046,838.0,289.5,fixation
10:25:32.0465,837.6,288.6,fixation
10:25:32.0470,837.6,287.7,fixation
10:25:32.0475,837.7,287.7,fixation
10:25:32.048,837.5,287.6,fixation
10:25:32.0485,836.7,287.3,fixation
10:25:32.049,835.9,287.1,fixation
10:25:32.0495,835.4,287.3,fixation
10:25:32.0500,835.2,287.7,fixation
10:25:32.0505,835.1,287.7,fixation
10:25:32.051,835.2,286.6,fixation
10:25:32.0515,835.2,285.6,fixation
10:25:32.052,833.9,285.9,fixation
10:25:32.0525,832.5,286.8,fixation
10:25:32.0530,832.7,288.3,fixation
10:25:32.0535,834.3,288.9,fixation
10:25:32.054,835.8,289.0,fixation
10:25:32.0545,835.7,288.4,fixation
10:25:32.055,835.3,288.0,fixation
10:25:32.0555,834.8,288.1,fixation
10:25:32.0560,834.6,288.5,fixation
10:25:32.0565,834.5,288.6,fixation
10:25:32.057,834.4,288.6,fixation
10:25:32.0575,834.5,288.3,fixation
10:25:32.058,834.7,287.4,fixation
10:25:32.0585,835.1,286.7,fixation
10:25:32.0590,835.3,286.1,fixation
10:25:32.0595,834.8,286.2,fixation
10:25:32.06,834.2,286.2,fixation
10:25:32.0605,833.5,287.3,fixation
10:25:32.061,833.6,288.3,fixation
10:25:32.0615,833.7,289.6,fixation
10:25:32.0620,834.2,289.9,fixation
10:25:32.0625,834.6,289.1,fixation
10:25:32.063,835.0,288.1,fixation
10:25:32.0635,835.0,287.1,fixation
10:25:32.064,834.8,287.3,fixation
10:25:32.0645,834.1,287.5,fixation
10:25:32.0650,832.8,287.7,fixation
10:25:32.0655,831.5,287.6,fixation
10:25:32.066,830.8,287.5,fixation
10:25:32.0665,830.8,287.3,fixation
10:25:32.067,830.9,287.2,fixation
10:25:32.0675,830.9,286.9,fixation
10:25:32.0680,830.7,286.7,fixation
10:25:32.0685,830.6,286.6,fixation
10:25:32.069,830.3,286.7,fixation
10:25:32.0695,830.2,286.7,fixation
10:25:32.07,830.3,286.5,fixation
10:25:32.0705,830.4,286.3,fixation
10:25:32.0710,829.7,286.2,fixation
10:25:32.0715,828.8,286.4,fixation
10:25:32.072,828.1,286.4,fixation
10:25:32.0725,828.4,286.4,fixation
10:25:32.073,829.1,286.6,fixation
10:25:32.0735,829.6,286.9,fixation
10:25:32.0740,829.9,287.2,fixation
10:25:32.0745,829.7,287.1,fixation
10:25:32.075,829.7,286.9,fixation
10:25:32.0755,829.7,286.8,fixation
10:25:32.076,829.7,286.8,fixation
10:25:32.0765,829.6,286.7,fixation
10:25:32.0770,829.6,286.9,fixation
10:25:32.0775,829.1,287.1,fixation
10:25:32.078,828.3,285.9,fixation
10:25:32.0785,827.6,284.6,fixation
10:25:32.079,828.2,284.4,fixation
10:25:32.0795,829.2,285.6,fixation
10:25:32.0800,830.3,286.7,fixation
10:25:32.0805,830.6,286.5,fixation
10:25:32.081,830.9,286.6,fixation
10:25:32.0815,830.8,286.8,fixation
10:25:32.082,830.7,286.8,fixation
10:25:32.0825,829.9,286.0,fixation
10:25:32.0830,829.1,285.3,fixation
10:25:32.0835,828.3,285.5,fixation
10:25:32.084,828.2,286.1,fixation
10:25:32.0845,828.4,285.3,fixation
10:25:32.085,828.6,283.8,fixation
10:25:32.0855,828.7,282.7,fixation
10:25:32.0860,828.6,283.1,fixation
10:25:32.0865,828.5,283.7,fixation
10:25:32.087,828.7,283.7,fixation
10:25:32.0875,829.2,283.5,fixation
10:25:32.088,829.7,283.6,fixation
10:25:32.0885,829.9,283.9,fixation
10:25:32.0890,830.0,284.3,fixation
10:25:32.0895,830.0,284.1,fixation
10:25:32.09,830.4,283.9,fixation
10:25:32.0905,830.6,284.5,fixation
10:25:32.091,830.4,285.5,fixation
10:25:32.0915,829.4,286.4,fixation
10:25:32.0920,828.5,286.3,fixation
10:25:32.0925,828.7,286.2,fixation
10:25:32.093,829.4,286.0,fixation
10:25:32.0935,829.2,285.9,fixation
10:25:32.094,828.2,285.6,fixation
10:25:32.0945,827.2,285.2,fixation
10:25:32.095,827.2,284.8,fixation
10:25:32.0955,827.5,284.8,fixation
10:25:32.0960,827.8,284.8,fixation
10:25:32.0965,828.0,284.8,fixation
10:25:32.097,828.2,284.8,fixation
10:25:32.0975,828.4,285.0,fixation
10:25:32.098,828.8,285.2,fixation
10:25:32.0985,829.0,285.5,fixation
10:25:32.0990,829.0,285.6,fixation
10:25:32.0995,828.6,285.7,fixation
10:25:32.1,828.4,285.7,fixation
10:25:32.1005,828.2,285.4,fixation
10:25:32.101,827.9,285.1,fixation
10:25:32.1015,827.6,285.0,fixation
10:25:32.1020,827.4,285.3,fixation
10:25:32.1025,827.5,285.3,fixation
10:25:32.103,827.8,285.2,fixation
10:25:32.1035,827.9,285.0,fixation
10:25:32.104,827.8,285.1,fixation
10:25:32.1045,828.8,285.1,fixation
10:25:32.1050,830.0,285.3,fixation
10:25:32.1055,831.7,285.6,fixation
10:25:32.106,832.1,285.8,fixation
10:25:32.1065,832.5,286.2,fixation
10:25:32.107,832.4,286.4,fixation
10:25:32.1075,832.2,286.6,fixation
10:25:32.1080,832.0,286.5,fixation
10:25:32.1085,831.7,286.4,fixation
10:25:32.109,831.6,286.3,fixation
10:25:32.1095,831.5,285.7,fixation
10:25:32.11,831.5,285.2,fixation
10:25:32.1105,832.3,284.9,fixation
10:25:32.1110,833.1,285.2,fixation
10:25:32.1115,833.3,285.2,fixation
10:25:32.112,833.1,285.1,fixation
10:25:32.1125,833.0,285.0,fixation
10:25:32.113,832.6,285.1,fixation
10:25:32.1135,832.0,284.6,fixation
10:25:32.1140,831.3,283.8,fixation
10:25:32.1145,831.5,282.6,fixation
10:25:32.115,831.6,282.0,fixation
10:25:32.1155,831.7,281.7,fixation
10:25:32.116,832.1,282.5,fixation
10:25:32.1165,832.6,283.1,fixation
10:25:32.1170,833.4,283.6,fixation
10:25:32.1175,833.6,283.4,fixation
10:25:32.118,834.1,283.0,fixation
10:25:32.1185,834.4,282.8,fixation
10:25:32.119,833.4,282.6,fixation
10:25:32.1195,832.2,282.4,fixation
10:25:32.1200,831.4,282.1,fixation
10:25:32.1205,831.9,281.9,fixation
10:25:32.121,832.4,282.1,fixation
10:25:32.1215,832.3,282.3,fixation
10:25:32.122,832.3,282.4,fixation
10:25:32.1225,832.5,282.4,fixation
10:25:32.1230,832.9,282.3,fixation
10:25:32.1235,833.5,282.3,fixation
10:25:32.124,833.7,282.2,fixation
10:25:32.1245,833.8,282.2,fixation
10:25:32.125,833.7,283.1,fixation
10:25:32.1255,833.0,284.1,fixation
10:25:32.1260,832.2,285.1,fixation
10:25:32.1265,832.0,285.1,fixation
10:25:32.127,832.5,283.5,fixation
10:25:32.1275,833.0,281.9,fixation
10:25:32.128,833.0,281.0,fixation
10:25:32.1285,833.0,281.6,fixation
10:25:32.1290,833.0,282.3,fixation
10:25:32.1295,833.1,282.4,fixation
10:25:32.13,833.4,282.6,fixation
10:25:32.1305,834.7,281.7,fixation
10:25:32.131,836.0,280.6,fixation
10:25:32.1315,837.0,279.6,fixation
10:25:32.1320,836.4,279.5,fixation
10:25:32.1325,835.7,278.8,fixation
10:25:32.133,834.9,278.1,fixation
10:25:32.1335,834.8,278.8,fixation
10:25:32.134,834.7,280.1,fixation
10:25:32.1345,834.4,281.5,fixation
10:25:32.1350,834.1,281.5,fixation
10:25:32.1355,834.1,281.5,fixation
10:25:32.136,834.3,281.4,fixation
10:25:32.1365,834.3,281.0,fixation
10:25:32.137,834.1,280.6,fixation
10:25:32.1375,834.8,280.5,fixation
10:25:32.1380,835.7,280.4,fixation
10:25:32.1385,836.2,280.4,fixation
10:25:32.139,835.9,280.4,fixation
10:25:32.1395,835.6,280.5,fixation
10:25:32.14,835.6,280.5,fixation
10:25:32.1405,835.5,281.2,fixation
10:25:32.1410,835.0,281.8,fixation
10:25:32.1415,834.5,282.3,fixation
10:25:32.142,834.0,282.5,fixation
10:25:32.1425,834.1,282.8,fixation
10:25:32.143,834.1,283.5,fixation
10:25:32.1435,834.6,283.8,fixation
10:25:32.1440,835.1,283.9,fixation
10:25:32.1445,835.7,283.4,fixation
10:25:32.145,835.8,282.7,fixation
10:25:32.1455,835.9,281.5,fixation
10:25:32.146,835.9,280.5,fixation
10:25:32.1465,835.8,279.7,fixation
10:25:32.1470,835.7,279.6,fixation
10:25:32.1475,835.7,279.6,fixation
10:25:32.148,836.6,279.7,fixation
10:25:32.1485,837.4,279.8,fixation
10:25:32.149,837.5,279.8,fixation
10:25:32.1495,836.3,279.8,fixation
10:25:32.1500,834.8,279.8,fixation
10:25:32.1505,834.1,279.9,fixation
10:25:32.151,833.6,280.8,fixation
10:25:32.1515,833.3,281.7,fixation
10:25:32.152,833.1,281.4,fixation
10:25:32.1525,833.3,280.3,fixation
10:25:32.1530,833.3,279.1,fixation
10:25:32.1535,833.2,279.1,fixation
10:25:32.154,833.2,279.2,fixation
10:25:32.1545,832.3,279.3,fixation
10:25:32.155,831.4,279.0,fixation
10:25:32.1555,830.6,278.4,fixation
10:25:32.1560,831.7,277.8,fixation
10:25:32.1565,832.6,277.4,fixation
10:25:32.1570,833.6,276.9,fixation
10:25:32.1575,833.7,276.0,fixation
10:25:32.158,833.6,275.2,fixation
10:25:32.1585,833.3,274.8,fixation
10:25:32.159,833.1,274.8,fixation
10:25:32.1595,833.0,274.3,fixation
10:25:32.1600,833.0,273.8,fixation
10:25:32.1605,833.3,273.4,fixation
10:25:32.161,833.6,273.4,fixation
10:25:32.1615,834.1,273.3,fixation
10:25:32.162,834.3,273.4,fixation
10:25:32.1625,834.5,274.0,fixation
10:25:32.1630,834.6,274.7,fixation
10:25:32.1635,834.6,275.7,fixation
10:25:32.164,834.4,276.4,fixation
10:25:32.1645,834.1,276.9,fixation
10:25:32.165,833.9,277.0,fixation
10:25:32.1655,833.6,276.8,fixation
10:25:32.1660,833.3,276.8,fixation
10:25:32.1665,833.1,276.8,fixation
10:25:32.167,833.2,275.4,fixation
10:25:32.1675,834.0,274.0,fixation
10:25:32.168,834.8,273.3,fixation
10:25:32.1685,835.4,274.6,fixation
10:25:32.1690,835.2,275.8,fixation
10:25:32.1695,834.3,276.4,fixation
10:25:32.17,833.5,276.3,fixation
10:25:32.1705,832.7,276.2,fixation
10:25:32.171,833.4,275.8,fixation
10:25:32.1715,834.1,275.4,fixation
10:25:32.1720,835.5,274.8,fixation
10:25:32.1725,835.9,274.5,fixation
10:25:32.173,836.2,275.4,fixation
10:25:32.1735,835.9,276.6,fixation
10:25:32.174,835.8,278.1,fixation
10:25:32.1745,836.0,278.3,fixation
10:25:32.1750,835.8,278.5,fixation
10:25:32.1755,835.5,278.3,fixation
10:25:32.176,835.9,276.1,fixation
10:25:32.1765,836.5,274.0,fixation
10:25:32.177,837.5,272.9,fixation
10:25:32.1775,837.9,273.9,fixation
10:25:32.1780,837.5,274.8,fixation
10:25:32.1785,836.7,275.6,fixation
10:25:32.179,836.1,276.3,fixation
10:25:32.1795,836.4,276.7,fixation
10:25:32.18,836.7,276.0,fixation
10:25:32.1805,836.5,275.3,fixation
10:25:32.1810,836.1,275.0,fixation
10:25:32.1815,835.7,274.7,fixation
10:25:32.182,835.4,274.4,fixation
10:25:32.1825,835.3,274.5,fixation
10:25:32.183,835.2,274.9,fixation
10:25:32.1835,834.1,275.3,fixation
10:25:32.1840,833.2,275.3,fixation
10:25:32.1845,832.2,275.3,fixation
10:25:32.185,833.0,275.1,fixation
10:25:32.1855,833.8,275.0,fixation
10:25:32.186,834.8,275.4,fixation
10:25:32.1865,835.0,276.1,fixation
10:25:32.1870,835.1,276.7,fixation
10:25:32.1875,834.7,276.7,fixation
10:25:32.188,834.1,276.9,fixation
10:25:32.1885,834.1,277.2,fixation
10:25:32.189,834.8,277.8,fixation
10:25:32.1895,835.5,278.1,fixation
10:25:32.1900,835.7,278.1,fixation
10:25:32.1905,835.7,277.7,fixation
10:25:32.191,835.8,276.9,fixation
10:25:32.1915,835.4,276.0,fixation
10:25:32.192,835.1,275.1,fixation
10:25:32.1925,834.7,274.8,fixation
10:25:32.1930,834.9,275.0,fixation
10:25:32.1935,835.3,275.7,fixation
10:25:32.194,835.7,276.2,fixation
10:25:32.1945,835.9,276.5,fixation
10:25:32.195,835.9,276.4,fixation
10:25:32.1955,835.9,276.2,fixation
10:25:32.1960,835.9,276.1,fixation
10:25:32.1965,836.0,276.1,fixation
10:25:32.197,836.0,276.2,fixation
10:25:32.1975,836.1,276.3,fixation
10:25:32.198,836.2,276.5,fixation
10:25:32.1985,836.4,276.6,fixation
10:25:32.1990,836.7,276.4,fixation
10:25:32.1995,836.9,276.0,fixation
10:25:32.2,836.8,276.1,fixation
10:25:32.2005,837.2,276.6,fixation
10:25:32.201,837.6,277.1,fixation
10:25:32.2015,838.1,275.5,fixation
10:25:32.2020,838.2,273.8,fixation
10:25:32.2025,837.8,272.2,fixation
10:25:32.203,837.4,273.4,fixation
10:25:32.2035,837.0,274.5,fixation
10:25:32.204,837.3,275.4,fixation
10:25:32.2045,836.5,274.9,fixation
10:25:32.2050,835.6,274.5,fixation
10:25:32.2055,834.7,274.5,fixation
10:25:32.206,834.6,274.8,fixation
10:25:32.2065,834.6,275.1,fixation
10:25:32.207,834.8,275.0,fixation
10:25:32.2075,834.9,274.8,fixation
10:25:32.2080,835.1,274.4,fixation
10:25:32.2085,835.0,274.2,fixation
10:25:32.209,835.2,274.7,fixation
10:25:32.2095,835.3,275.9,fixation
10:25:32.21,835.4,277.2,fixation
10:25:32.2105,835.3,277.2,fixation
10:25:32.2110,835.3,276.7,fixation
10:25:32.2115,835.5,276.1,fixation
10:25:32.212,836.0,276.1,fixation
10:25:32.2125,836.6,276.0,fixation
10:25:32.213,837.0,275.6,fixation
10:25:32.2135,837.4,275.4,fixation
10:25:32.2140,837.6,275.2,fixation
10:25:32.2145,837.7,275.3,fixation
10:25:32.215,836.6,275.4,fixation
10:25:32.2155,835.7,275.3,fixation
10:25:32.216,834.9,275.1,fixation
10:25:32.2165,834.7,275.4,fixation
10:25:32.2170,834.2,276.2,fixation
10:25:32.2175,833.9,277.0,fixation
10:25:32.218,833.7,277.1,fixation
10:25:32.2185,833.9,277.2,fixation
10:25:32.219,834.2,277.2,fixation
10:25:32.2195,834.4,276.9,fixation
10:25:32.22,834.8,276.4,fixation
10:25:32.2205,835.3,275.8,fixation
10:25:32.2210,836.1,275.6,fixation
10:25:32.2215,836.7,274.7,fixation
10:25:32.222,836.9,273.8,fixation
10:25:32.2225,836.6,274.2,fixation
10:25:32.223,836.4,275.4,fixation
10:25:32.2235,836.2,276.5,fixation
10:25:32.2240,836.2,275.5,fixation
10:25:32.2245,836.3,274.5,fixation
10:25:32.225,836.3,274.7,fixation
10:25:32.2255,836.5,275.8,fixation
10:25:32.226,836.4,277.0,fixation
10:25:32.2265,836.2,277.3,fixation
10:25:32.2270,835.3,276.3,fixation
10:25:32.2275,834.6,275.0,fixation
10:25:32.228,834.1,274.3,fixation
10:25:32.2285,835.5,274.8,fixation
10:25:32.229,836.8,275.1,fixation
10:25:32.2295,836.8,274.5,fixation
10:25:32.2300,835.6,274.1,fixation
10:25:32.2305,834.3,274.0,fixation
10:25:32.231,834.3,274.9,fixation
10:25:32.2315,834.7,276.1,fixation
10:25:32.232,835.0,277.5,fixation
10:25:32.2325,835.4,278.1,fixation
10:25:32.2330,835.5,276.9,fixation
10:25:32.2335,835.8,275.3,fixation
10:25:32.234,836.0,274.1,fixation
10:25:32.2345,835.7,274.5,fixation
10:25:32.235,835.2,274.8,fixation
10:25:32.2355,834.8,276.4,fixation
10:25:32.2360,834.7,278.1,fixation
10:25:32.2365,834.8,278.9,fixation
10:25:32.237,834.8,278.0,fixation
10:25:32.2375,834.5,277.1,fixation
10:25:32.238,834.1,276.9,fixation
10:25:32.2385,834.3,276.7,fixation
10:25:32.2390,834.8,276.6,fixation
10:25:32.2395,835.4,276.7,fixation
10:25:32.24,835.5,276.7,fixation
10:25:32.2405,835.1,276.7,fixation
10:25:32.241,834.6,276.7,fixation
10:25:32.2415,834.4,276.7,fixation
10:25:32.2420,834.4,276.8,fixation
10:25:32.2425,834.3,277.8,fixation
10:25:32.243,833.7,278.7,fixation
10:25:32.2435,833.5,279.9,fixation
10:25:32.244,834.3,280.2,fixation
10:25:32.2445,835.5,280.1,fixation
10:25:32.2450,836.7,279.0,fixation
10:25:32.2455,837.1,277.8,fixation
10:25:32.246,837.3,277.1,fixation
10:25:32.2465,837.5,276.8,fixation
10:25:32.247,837.6,276.5,fixation
10:25:32.2475,837.6,277.9,fixation
10:25:32.2480,837.1,279.5,fixation
10:25:32.2485,836.6,280.8,fixation
10:25:32.249,836.2,280.0,fixation
10:25:32.2495,836.3,279.1,fixation
10:25:32.25,836.6,277.8,fixation
10:25:32.2505,836.9,277.0,fixation
10:25:32.2510,837.2,275.9,fixation
10:25:32.2515,837.5,275.7,fixation
10:25:32.252,837.5,276.4,fixation
10:25:32.2525,837.6,277.4,fixation
10:25:32.253,837.3,278.7,fixation
10:25:32.2535,837.4,279.0,fixation
10:25:32.2540,837.3,279.0,fixation
10:25:32.2545,837.3,278.6,fixation
10:25:32.255,837.3,278.3,fixation
10:25:32.2555,837.3,278.5,fixation
10:25:32.256,837.3,278.5,fixation
10:25:32.2565,837.3,278.4,fixation
10:25:32.2570,837.2,278.2,fixation
10:25:32.2575,837.2,278.2,fixation
10:25:32.258,836.7,278.3,fixation
10:25:32.2585,836.1,278.2,fixation
10:25:32.259,834.5,277.6,fixation
10:25:32.2595,833.2,276.9,fixation
10:25:32.2600,833.1,276.4,fixation
10:25:32.2605,834.7,276.4,fixation
10:25:32.261,836.2,277.9,fixation
10:25:32.2615,836.5,279.3,fixation
10:25:32.262,836.3,279.9,fixation
10:25:32.2625,835.9,279.0,fixation
10:25:32.2630,835.9,278.0,fixation
10:25:32.2635,835.7,278.2,fixation
10:25:32.264,835.7,278.4,fixation
10:25:32.2645,835.5,278.6,fixation
10:25:32.265,835.2,279.4,fixation
10:25:32.2655,835.0,280.2,fixation
10:25:32.2660,835.2,280.0,fixation
10:25:32.2665,835.4,279.0,fixation
10:25:32.267,835.6,278.0,fixation
10:25:32.2675,835.7,278.0,fixation
10:25:32.268,836.0,278.1,fixation
10:25:32.2685,836.9,278.4,fixation
10:25:32.2690,837.8,278.8,fixation
10:25:32.2695,838.0,278.5,fixation
10:25:32.27,837.6,277.9,fixation
10:25:32.2705,837.0,277.3,fixation
10:25:32.271,836.8,277.2,fixation
10:25:32.2715,836.9,277.1,fixation
10:25:32.2720,837.5,277.0,fixation
10:25:32.2725,838.1,276.6,fixation
10:25:32.273,837.5,276.3,fixation
10:25:32.2735,836.5,276.6,fixation
10:25:32.274,835.8,277.2,fixation
10:25:32.2745,836.1,277.0,fixation
10:25:32.2750,836.4,276.1,fixation
10:25:32.2755,836.4,275.2,fixation
10:25:32.276,836.7,275.0,fixation
10:25:32.2765,837.3,274.3,fixation
10:25:32.277,838.2,273.5,fixation
10:25:32.2775,838.8,273.6,fixation
10:25:32.2780,839.1,274.6,fixation
10:25:32.2785,839.2,275.5,fixation
10:25:32.279,839.3,275.5,fixation
10:25:32.2795,839.6,275.0,fixation
10:25:32.28,840.0,274.6,fixation
10:25:32.2805,840.3,274.0,fixation
10:25:32.2810,839.9,273.5,fixation
10:25:32.2815,839.3,273.0,fixation
10:25:32.2820,839.4,272.5,fixation
10:25:32.2825,840.1,272.2,fixation
10:25:32.283,840.2,272.2,fixation
10:25:32.2835,839.7,272.3,fixation
10:25:32.284,839.1,272.3,fixation
10:25:32.2845,839.3,272.4,fixation
10:25:32.2850,839.6,272.7,fixation
10:25:32.2855,839.9,273.4,fixation
10:25:32.286,839.8,273.7,fixation
10:25:32.2865,839.4,273.8,fixation
10:25:32.287,839.0,272.9,fixation
10:25:32.2875,838.1,272.1,fixation
10:25:32.2880,837.9,271.5,fixation
10:25:32.2885,837.6,271.6,fixation
10:25:32.289,837.7,271.7,fixation
10:25:32.2895,837.7,271.7,fixation
10:25:32.29,837.6,271.7,fixation
10:25:32.2905,837.7,271.4,fixation
10:25:32.2910,837.5,271.1,fixation
10:25:32.2915,837.3,270.7,fixation
10:25:32.292,836.7,270.6,fixation
10:25:32.2925,836.2,270.7,fixation
10:25:32.293,835.8,271.7,fixation
10:25:32.2935,835.9,272.6,fixation
10:25:32.2940,836.2,273.4,fixation
10:25:32.2945,836.5,273.3,fixation
10:25:32.295,836.5,273.1,fixation
10:25:32.2955,836.3,272.9,fixation
10:25:32.296,836.1,272.4,fixation
10:25:32.2965,835.9,272.0,fixation
10:25:32.2970,835.8,271.8,fixation
10:25:32.2975,836.2,272.1,fixation
10:25:32.298,836.8,272.3,fixation
10:25:32.2985,837.4,271.9,fixation
10:25:32.299,837.0,271.5,fixation
10:25:32.2995,836.6,271.7,fixation
10:25:32.3000,835.9,272.4,fixation
10:25:32.3005,835.8,272.0,fixation
10:25:32.301,836.6,270.9,fixation
10:25:32.3015,837.7,269.9,fixation
10:25:32.302,838.9,269.8,fixation
10:25:32.3025,839.1,270.0,fixation
10:25:32.3030,838.6,270.3,fixation
10:25:32.3035,837.9,271.0,fixation
10:25:32.304,837.9,271.3,fixation
10:25:32.3045,838.6,271.5,fixation
10:25:32.305,838.9,271.5,fixation
10:25:32.3055,838.4,271.5,fixation
10:25:32.3060,838.0,271.3,fixation
10:25:32.3065,838.0,271.0,fixation
10:25:32.307,837.9,270.4,fixation
10:25:32.3075,837.6,270.2,fixation
10:25:32.308,837.3,270.0,fixation
10:25:32.3085,837.1,269.3,fixation
10:25:32.3090,837.8,268.7,fixation
10:25:32.3095,838.5,268.8,fixation
10:25:32.31,839.2,269.5,fixation
10:25:32.3105,839.4,270.3,fixation
10:25:32.311,839.7,270.3,fixation
10:25:32.3115,839.8,270.9,fixation
10:25:32.3120,838.9,271.5,fixation
10:25:32.3125,838.1,272.1,fixation
10:25:32.313,838.3,272.0,fixation
10:25:32.3135,839.2,272.2,fixation
10:25:32.314,840.2,272.4,fixation
10:25:32.3145,840.2,272.1,fixation
10:25:32.3150,840.0,271.3,fixation
10:25:32.3155,839.7,270.7,fixation
10:25:32.316,839.4,270.6,fixation
10:25:32.3165,839.5,270.8,fixation
10:25:32.317,839.5,270.8,fixation
10:25:32.3175,839.5,270.9,fixation
10:25:32.3180,839.5,271.2,fixation
10:25:32.3185,839.4,271.4,fixation
10:25:32.319,839.2,271.5,fixation
10:25:32.3195,839.0,271.6,fixation
10:25:32.32,839.0,271.7,fixation
10:25:32.3205,839.7,271.4,fixation
10:25:32.3210,840.3,271.2,fixation
10:25:32.3215,840.9,270.9,fixation
10:25:32.322,841.0,269.9,fixation
10:25:32.3225,841.1,268.9,fixation
10:25:32.323,840.8,268.2,fixation
10:25:32.3235,840.4,268.8,fixation
10:25:32.3240,840.8,269.5,fixation
10:25:32.3245,841.6,269.9,fixation
10:25:32.325,842.5,270.0,fixation
10:25:32.3255,842.7,269.9,fixation
10:25:32.326,842.9,269.8,fixation
10:25:32.3265,842.7,268.8,fixation
10:25:32.3270,842.4,267.9,fixation
10:25:32.3275,842.0,267.9,fixation
10:25:32.328,841.9,269.0,fixation
10:25:32.3285,840.6,270.4,fixation
10:25:32.329,839.4,270.8,fixation
10:25:32.3295,839.8,271.1,fixation
10:25:32.3300,841.5,271.1,fixation
10:25:32.3305,843.1,271.0,fixation
10:25:32.331,843.0,270.6,fixation
10:25:32.3315,842.9,270.3,fixation
10:25:32.332,843.0,270.2,fixation
10:25:32.3325,843.0,270.3,fixation
10:25:32.3330,843.1,270.5,fixation
10:25:32.3335,843.2,270.7,fixation
10:25:32.334,843.4,271.4,fixation
10:25:32.3345,843.4,271.9,fixation
10:25:32.335,843.4,271.8,fixation
10:25:32.3355,843.1,270.8,fixation
10:25:32.3360,842.7,269.6,fixation
10:25:32.3365,842.2,268.7,fixation
10:25:32.337,841.9,268.5,fixation
10:25:32.3375,841.9,268.5,fixation
10:25:32.338,842.3,268.9,fixation
10:25:32.3385,842.6,269.7,fixation
10:25:32.3390,842.6,270.5,fixation
10:25:32.3395,842.2,271.3,fixation
10:25:32.34,842.7,271.3,fixation
10:25:32.3405,843.5,271.2,fixation
10:25:32.341,844.3,269.8,fixation
10:25:32.3415,844.2,268.5,fixation
10:25:32.3420,843.8,268.5,fixation
10:25:32.3425,843.4,269.9,fixation
10:25:32.343,842.8,271.0,fixation
10:25:32.3435,842.4,271.0,fixation
10:25:32.344,842.1,270.6,fixation
10:25:32.3445,842.3,270.4,fixation
10:25:32.345,842.4,270.4,fixation
10:25:32.3455,842.5,270.7,fixation
10:25:32.3460,843.0,271.0,fixation
10:25:32.3465,843.6,271.1,fixation
10:25:32.347,844.1,271.0,fixation
10:25:32.3475,843.9,271.4,fixation
10:25:32.348,843.7,271.8,fixation
10:25:32.3485,843.6,271.0,fixation
10:25:32.3490,843.9,269.4,fixation
10:25:32.3495,844.1,267.8,fixation
10:25:32.35,844.3,267.6,fixation
10:25:32.3505,844.3,267.6,fixation
10:25:32.351,844.3,267.6,fixation
10:25:32.3515,844.2,267.8,fixation
10:25:32.3520,844.1,268.1,fixation
10:25:32.3525,844.0,268.4,fixation
10:25:32.353,843.9,267.9,fixation
10:25:32.3535,843.8,267.4,fixation
10:25:32.354,844.1,267.2,saccade
10:25:32.3545,844.5,267.6,saccade
10:25:32.3550,844.1,268.0,saccade
10:25:32.3555,843.2,268.3,saccade
10:25:32.356,842.7,268.8,saccade
10:25:32.3565,843.4,269.3,saccade
10:25:32.357,844.7,270.2,saccade
10:25:32.3575,845.6,270.7,saccade
10:25:32.3580,846.1,270.9,saccade
10:25:32.3585,846.0,270.4,saccade
10:25:32.359,845.5,270.1,saccade
10:25:32.3595,844.9,269.7,saccade
10:25:32.36,844.4,268.9,saccade
10:25:32.3605,843.5,267.3,saccade
10:25:32.3610,842.6,264.7,saccade
10:25:32.3615,842.4,262.6,saccade
10:25:32.362,843.3,259.5,saccade
10:25:32.3625,844.1,256.4,saccade
10:25:32.363,844.4,250.3,saccade
10:25:32.3635,843.4,242.0,saccade
10:25:32.3640,842.9,231.4,saccade
10:25:32.3645,842.7,220.7,saccade
10:25:32.365,841.1,211.2,saccade
10:25:32.3655,838.9,201.5,saccade
10:25:32.366,834.6,191.5,saccade
10:25:32.3665,831.9,178.6,saccade
10:25:32.3670,829.2,166.1,saccade
10:25:32.3675,825.5,152.2,saccade
10:25:32.368,821.5,138.1,saccade
10:25:32.3685,813.9,127.4,saccade
10:25:32.369,806.9,118.5,saccade
10:25:32.3695,800.1,111.9,saccade
10:25:32.3700,795.2,103.0,saccade
10:25:32.3705,788.5,91.2,saccade
10:25:32.371,779.0,80.7,saccade
10:25:32.3715,768.3,68.4,saccade
10:25:32.372,761.1,55.4,saccade
10:25:32.3725,757.2,43.4,saccade
10:25:32.3730,757.4,22.8,saccade
10:25:32.3735,756.3,-0.1,saccade
10:25:32.374,751.8,-22.1,saccade
10:25:32.3745,745.3,-34.0,saccade
10:25:32.375,740.6,-39.2,saccade
10:25:32.3755,739.5,-45.9,saccade
10:25:32.3760,738.4,-53.2,saccade
10:25:32.3765,736.1,-61.3,saccade
10:25:32.377,730.7,-70.4,saccade
10:25:32.3775,725.0,-80.8,saccade
10:25:32.378,720.3,-91.5,saccade
10:25:32.3785,718.8,-99.3,saccade
10:25:32.3790,715.9,-99.6,saccade
10:25:32.3795,713.4,-96.8,saccade
10:25:32.38,708.3,-94.9,saccade
10:25:32.3805,702.8,-95.2,saccade
10:25:32.381,.,.,blink
10:25:32.3815,.,.,blink
10:25:32.3820,.,.,blink
10:25:32.3825,.,.,blink
10:25:32.383,.,.,blink
10:25:32.3835,.,.,blink
10:25:32.384,.,.,blink
10:25:32.3845,.,.,blink
10:25:32.3850,.,.,blink
10:25:32.3855,.,.,blink
10:25:32.386,.,.,blink
10:25:32.3865,.,.,blink
10:25:32.387,.,.,blink
10:25:32.3875,.,.,blink
10:25:32.3880,.,.,blink
10:25:32.3885,.,.,blink
10:25:32.389,.,.,blink
10:25:32.3895,.,.,blink
10:25:32.39,.,.,blink
10:25:32.3905,.,.,blink
10:25:32.3910,.,.,blink
10:25:32.3915,.,.,blink
10:25:32.392,.,.,blink
10:25:32.3925,.,.,blink
10:25:32.393,.,.,blink
10:25:32.3935,.,.,blink
10:25:32.3940,.,.,blink
10:25:32.3945,.,.,blink
10:25:32.395,.,.,blink
10:25:32.3955,.,.,blink
10:25:32.396,.,.,blink
10:25:32.3965,.,.,blink
10:25:32.3970,.,.,blink
10:25:32.3975,.,.,blink
10:25:32.398,.,.,blink
10:25:32.3985,.,.,blink
10:25:32.399,.,.,blink
10:25:32.3995,.,.,blink
10:25:32.4000,.,.,blink
10:25:32.4005,.,.,blink
10:25:32.401,.,.,blink
10:25:32.4015,.,.,blink
10:25:32.402,.,.,blink
10:25:32.4025,.,.,blink
10:25:32.4030,.,.,blink
10:25:32.4035,.,.,blink
10:25:32.404,.,.,blink
10:25:32.4045,.,.,blink
10:25:32.405,.,.,blink
10:25:32.4055,.,.,blink
10:25:32.4060,.,.,blink
10:25:32.4065,.,.,blink
10:25:32.4070,.,.,blink
10:25:32.4075,.,.,blink
10:25:32.408,.,.,blink
10:25:32.4085,.,.,blink
10:25:32.409,.,.,blink
10:25:32.4095,.,.,blink
10:25:32.4100,.,.,blink
10:25:32.4105,.,.,blink
10:25:32.411,.,.,blink
10:25:32.4115,.,.,blink
10:25:32.412,.,.,blink
10:25:32.4125,.,.,blink
10:25:32.4130,.,.,blink
10:25:32.4135,.,.,blink
10:25:32.414,.,.,blink
10:25:32.4145,.,.,blink
10:25:32.415,.,.,blink
10:25:32.4155,.,.,blink
10:25:32.4160,.,.,blink
10:25:32.4165,.,.,blink
10:25:32.417,.,.,blink
10:25:32.4175,.,.,blink
10:25:32.418,.,.,blink
10:25:32.4185,.,.,blink
10:25:32.4190,.,.,blink
10:25:32.4195,.,.,blink
10:25:32.42,.,.,blink
10:25:32.4205,.,.,blink
10:25:32.421,.,.,blink
10:25:32.4215,.,.,blink
10:25:32.4220,.,.,blink
10:25:32.4225,.,.,blink
10:25:32.423,.,.,blink
10:25:32.4235,.,.,blink
10:25:32.424,.,.,blink
10:25:32.4245,.,.,blink
10:25:32.4250,.,.,blink
10:25:32.4255,.,.,blink
10:25:32.426,.,.,blink
10:25:32.4265,.,.,blink
10:25:32.427,.,.,blink
10:25:32.4275,.,.,blink
10:25:32.4280,.,.,blink
10:25:32.4285,.,.,blink
10:25:32.429,.,.,blink
10:25:32.4295,.,.,blink
10:25:32.43,.,.,blink
10:25:32.4305,.,.,blink
10:25:32.4310,.,.,blink
10:25:32.4315,.,.,blink
10:25:32.432,.,.,blink
10:25:32.4325,.,.,blink
10:25:32.433,.,.,blink
10:25:32.4335,.,.,blink
10:25:32.4340,.,.,blink
10:25:32.4345,.,.,blink
10:25:32.435,.,.,blink
10:25:32.4355,.,.,blink
10:25:32.436,.,.,blink
10:25:32.4365,.,.,blink
10:25:32.4370,.,.,blink
10:25:32.4375,.,.,blink
10:25:32.438,.,.,blink
10:25:32.4385,.,.,blink
10:25:32.439,.,.,blink
10:25:32.4395,.,.,blink
10:25:32.4400,.,.,blink
10:25:32.4405,.,.,blink
10:25:32.441,.,.,blink
10:25:32.4415,.,.,blink
10:25:32.442,.,.,blink
10:25:32.4425,.,.,blink
10:25:32.4430,.,.,blink
10:25:32.4435,.,.,blink
10:25:32.444,.,.,blink
10:25:32.4445,.,.,blink
10:25:32.445,.,.,blink
10:25:32.4455,.,.,blink
10:25:32.4460,.,.,blink
10:25:32.4465,.,.,blink
10:25:32.447,.,.,blink
10:25:32.4475,.,.,blink
10:25:32.448,.,.,blink
10:25:32.4485,.,.,blink
10:25:32.4490,.,.,blink
10:25:32.4495,.,.,blink
10:25:32.45,.,.,blink
10:25:32.4505,.,.,blink
10:25:32.451,.,.,blink
10:25:32.4515,.,.,blink
10:25:32.4520,.,.,blink
10:25:32.4525,.,.,blink
10:25:32.453,.,.,blink
10:25:32.4535,.,.,blink
10:25:32.454,.,.,blink
10:25:32.4545,.,.,blink
10:25:32.4550,.,.,blink
10:25:32.4555,.,.,blink
10:25:32.456,.,.,blink
10:25:32.4565,.,.,blink
10:25:32.457,.,.,blink
10:25:32.4575,.,.,blink
10:25:32.4580,.,.,blink
10:25:32.4585,.,.,blink
10:25:32.459,.,.,blink
10:25:32.4595,.,.,blink
10:25:32.46,.,.,blink
10:25:32.4605,.,.,blink
10:25:32.4610,.,.,blink
10:25:32.4615,.,.,blink
10:25:32.462,.,.,blink
10:25:32.4625,.,.,blink
10:25:32.463,.,.,blink
10:25:32.4635,.,.,blink
10:25:32.4640,.,.,blink
10:25:32.4645,.,.,blink
10:25:32.465,.,.,blink
10:25:32.4655,.,.,blink
10:25:32.466,.,.,blink
10:25:32.4665,.,.,blink
10:25:32.4670,.,.,blink
10:25:32.4675,.,.,blink
10:25:32.468,.,.,blink
10:25:32.4685,.,.,blink
10:25:32.469,.,.,blink
10:25:32.4695,.,.,blink
10:25:32.47,.,.,blink
10:25:32.4705,.,.,blink
10:25:32.4710,.,.,blink
10:25:32.4715,.,.,blink
10:25:32.472,.,.,blink
10:25:32.4725,.,.,blink
10:25:32.473,.,.,blink
10:25:32.4735,.,.,blink
10:25:32.4740,.,.,blink
10:25:32.4745,.,.,blink
10:25:32.475,.,.,blink
10:25:32.4755,.,.,blink
10:25:32.476,.,.,blink
10:25:32.4765,.,.,blink
10:25:32.4770,.,.,blink
10:25:32.4775,.,.,blink
10:25:32.478,.,.,blink
10:25:32.4785,.,.,blink
10:25:32.479,.,.,blink
10:25:32.4795,.,.,blink
10:25:32.4800,.,.,blink
10:25:32.4805,.,.,blink
10:25:32.481,.,.,blink
10:25:32.4815,.,.,blink
10:25:32.482,.,.,blink
10:25:32.4825,.,.,blink
10:25:32.4830,.,.,blink
10:25:32.4835,.,.,blink
10:25:32.484,.,.,blink
10:25:32.4845,.,.,blink
10:25:32.485,.,.,blink
10:25:32.4855,.,.,blink
10:25:32.4860,.,.,blink
10:25:32.4865,.,.,blink
10:25:32.487,.,.,blink
10:25:32.4875,.,.,blink
10:25:32.488,.,.,blink
10:25:32.4885,.,.,blink
10:25:32.4890,.,.,blink
10:25:32.4895,.,.,blink
10:25:32.49,.,.,blink
10:25:32.4905,.,.,blink
10:25:32.491,.,.,blink
10:25:32.4915,.,.,blink
10:25:32.4920,.,.,blink
10:25:32.4925,.,.,blink
10:25:32.493,.,.,blink
10:25:32.4935,.,.,blink
10:25:32.494,.,.,blink
10:25:32.4945,.,.,blink
10:25:32.4950,.,.,blink
10:25:32.4955,.,.,blink
10:25:32.496,.,.,blink
10:25:32.4965,.,.,blink
10:25:32.497,.,.,blink
10:25:32.4975,.,.,blink
10:25:32.4980,.,.,blink
10:25:32.4985,.,.,blink
10:25:32.499,.,.,blink
10:25:32.4995,.,.,blink
10:25:32.5,.,.,blink
10:25:32.5005,.,.,blink
10:25:32.5010,.,.,blink
10:25:32.5015,.,.,blink
10:25:32.502,.,.,blink
10:25:32.5025,.,.,blink
10:25:32.503,.,.,blink
10:25:32.5035,.,.,blink
10:25:32.5040,.,.,blink
10:25:32.5045,.,.,blink
10:25:32.505,.,.,blink
10:25:32.5055,.,.,blink
10:25:32.506,.,.,blink
10:25:32.5065,.,.,blink
10:25:32.5070,.,.,blink
10:25:32.5075,.,.,blink
10:25:32.508,.,.,blink
10:25:32.5085,.,.,blink
10:25:32.509,.,.,blink
10:25:32.5095,.,.,blink
10:25:32.5100,.,.,blink
10:25:32.5105,.,.,blink
10:25:32.511,.,.,blink
10:25:32.5115,.,.,blink
10:25:32.512,.,.,blink
10:25:32.5125,.,.,blink
10:25:32.5130,.,.,blink
10:25:32.5135,.,.,blink
10:25:32.514,.,.,blink
10:25:32.5145,.,.,blink
10:25:32.515,.,.,blink
10:25:32.5155,.,.,blink
10:25:32.5160,.,.,blink
10:25:32.5165,.,.,blink
10:25:32.517,.,.,blink
10:25:32.5175,.,.,blink
10:25:32.518,.,.,blink
10:25:32.5185,.,.,blink
10:25:32.5190,.,.,blink
10:25:32.5195,.,.,blink
10:25:32.52,.,.,blink
10:25:32.5205,.,.,blink
10:25:32.521,.,.,blink
10:25:32.5215,.,.,blink
10:25:32.5220,.,.,blink
10:25:32.5225,.,.,blink
10:25:32.523,.,.,blink
10:25:32.5235,.,.,blink
10:25:32.524,.,.,blink
10:25:32.5245,.,.,blink
10:25:32.5250,.,.,blink
10:25:32.5255,.,.,blink
10:25:32.526,.,.,blink
10:25:32.5265,.,.,blink
10:25:32.527,.,.,blink
10:25:32.5275,.,.,blink
10:25:32.5280,.,.,blink
10:25:32.5285,.,.,blink
10:25:32.529,.,.,blink
10:25:32.5295,.,.,blink
10:25:32.53,.,.,blink
10:25:32.5305,.,.,blink
10:25:32.5310,.,.,blink
10:25:32.5315,.,.,blink
10:25:32.5320,.,.,blink
10:25:32.5325,.,.,blink
10:25:32.533,.,.,blink
10:25:32.5335,.,.,blink
10:25:32.534,.,.,blink
10:25:32.5345,.,.,blink
10:25:32.5350,.,.,blink
10:25:32.5355,.,.,blink
10:25:32.536,.,.,blink
10:25:32.5365,.,.,blink
10:25:32.537,.,.,blink
10:25:32.5375,.,.,blink
10:25:32.5380,.,.,blink
10:25:32.5385,.,.,blink
10:25:32.539,.,.,blink
10:25:32.5395,.,.,blink
10:25:32.54,.,.,blink
10:25:32.5405,.,.,blink
10:25:32.5410,.,.,blink
10:25:32.5415,.,.,blink
10:25:32.542,.,.,blink
10:25:32.5425,.,.,blink
10:25:32.543,.,.,blink
10:25:32.5435,.,.,blink
10:25:32.5440,.,.,blink
10:25:32.5445,.,.,blink
10:25:32.545,.,.,blink
10:25:32.5455,.,.,blink
10:25:32.546,.,.,blink
10:25:32.5465,.,.,blink
10:25:32.5470,.,.,blink
10:25:32.5475,.,.,blink
10:25:32.548,.,.,blink
10:25:32.5485,.,.,blink
10:25:32.549,.,.,blink
10:25:32.5495,.,.,blink
10:25:32.5500,.,.,blink
10:25:32.5505,.,.,blink
10:25:32.551,.,.,blink
10:25:32.5515,.,.,blink
10:25:32.552,.,.,blink
10:25:32.5525,.,.,blink
10:25:32.5530,.,.,blink
10:25:32.5535,.,.,blink
10:25:32.554,.,.,blink
10:25:32.5545,.,.,blink
10:25:32.555,.,.,blink
10:25:32.5555,.,.,blink
10:25:32.5560,.,.,blink
10:25:32.5565,.,.,blink
10:25:32.557,.,.,blink
10:25:32.5575,.,.,blink
10:25:32.558,.,.,blink
10:25:32.5585,.,.,blink
10:25:32.5590,.,.,blink
10:25:32.5595,.,.,blink
10:25:32.56,.,.,blink
10:25:32.5605,.,.,blink
10:25:32.561,.,.,blink
10:25:32.5615,.,.,blink
10:25:32.5620,.,.,blink
10:25:32.5625,.,.,blink
10:25:32.563,.,.,blink
10:25:32.5635,.,.,blink
10:25:32.564,.,.,blink
10:25:32.5645,.,.,blink
10:25:32.5650,.,.,blink
10:25:32.5655,.,.,blink
10:25:32.566,.,.,blink
10:25:32.5665,.,.,blink
10:25:32.567,.,.,blink
10:25:32.5675,.,.,blink
10:25:32.5680,.,.,blink
10:25:32.5685,.,.,blink
10:25:32.569,.,.,blink
10:25:32.5695,.,.,blink
10:25:32.57,.,.,blink
10:25:32.5705,.,.,blink
10:25:32.5710,.,.,blink
10:25:32.5715,.,.,blink
10:25:32.572,.,.,blink
10:25:32.5725,.,.,blink
10:25:32.573,.,.,blink
10:25:32.5735,.,.,blink
10:25:32.5740,.,.,blink
10:25:32.5745,.,.,blink
10:25:32.575,.,.,blink
10:25:32.5755,.,.,blink
10:25:32.576,.,.,blink
10:25:32.5765,.,.,blink
10:25:32.5770,.,.,blink
10:25:32.5775,.,.,blink
10:25:32.578,.,.,blink
10:25:32.5785,.,.,blink
10:25:32.579,.,.,blink
10:25:32.5795,.,.,blink
10:25:32.5800,.,.,blink
10:25:32.5805,.,.,blink
10:25:32.581,.,.,blink
10:25:32.5815,.,.,blink
10:25:32.582,.,.,blink
10:25:32.5825,.,.,blink
10:25:32.5830,.,.,blink
10:25:32.5835,.,.,blink
10:25:32.584,.,.,blink
10:25:32.5845,.,.,blink
10:25:32.585,.,.,blink
10:25:32.5855,.,.,blink
10:25:32.5860,.,.,blink
10:25:32.5865,.,.,blink
10:25:32.587,.,.,blink
10:25:32.5875,.,.,blink
10:25:32.588,.,.,blink
10:25:32.5885,.,.,blink
10:25:32.5890,.,.,blink
10:25:32.5895,.,.,blink
10:25:32.59,.,.,blink
10:25:32.5905,.,.,blink
10:25:32.591,.,.,blink
10:25:32.5915,.,.,blink
10:25:32.5920,.,.,blink
10:25:32.5925,.,.,blink
10:25:32.593,.,.,blink
10:25:32.5935,.,.,blink
10:25:32.594,.,.,blink
10:25:32.5945,.,.,blink
10:25:32.595,.,.,blink
10:25:32.5955,.,.,blink
10:25:32.5960,.,.,blink
10:25:32.5965,.,.,blink
10:25:32.597,.,.,blink
10:25:32.5975,.,.,blink
10:25:32.598,.,.,blink
10:25:32.5985,.,.,blink
10:25:32.5990,.,.,blink
10:25:32.5995,.,.,blink
10:25:32.6,.,.,blink
10:25:32.6005,.,.,blink
10:25:32.601,.,.,blink
10:25:32.6015,.,.,blink
10:25:32.6020,.,.,blink
10:25:32.6025,.,.,blink
10:25:32.603,.,.,blink
10:25:32.6035,.,.,blink
10:25:32.604,.,.,blink
10:25:32.6045,.,.,blink
10:25:32.6050,.,.,blink
10:25:32.6055,.,.,blink
10:25:32.606,.,.,blink
10:25:32.6065,.,.,blink
10:25:32.607,.,.,blink
10:25:32.6075,.,.,blink
10:25:32.6080,.,.,blink
10:25:32.6085,.,.,blink
10:25:32.609,.,.,blink
10:25:32.6095,.,.,blink
10:25:32.61,.,.,blink
10:25:32.6105,.,.,blink
10:25:32.6110,.,.,blink
10:25:32.6115,.,.,blink
10:25:32.612,.,.,blink
10:25:32.6125,.,.,blink
10:25:32.613,.,.,blink
10:25:32.6135,.,.,blink
10:25:32.6140,.,.,blink
10:25:32.6145,.,.,blink
10:25:32.615,.,.,blink
10:25:32.6155,.,.,blink
10:25:32.616,.,.,blink
10:25:32.6165,.,.,blink
10:25:32.6170,.,.,blink
10:25:32.6175,.,.,blink
10:25:32.618,.,.,blink
10:25:32.6185,.,.,blink
10:25:32.619,.,.,blink
10:25:32.6195,.,.,blink
10:25:32.6200,.,.,blink
10:25:32.6205,.,.,blink
10:25:32.621,.,.,blink
10:25:32.6215,.,.,blink
10:25:32.622,.,.,blink
10:25:32.6225,.,.,blink
10:25:32.6230,.,.,blink
10:25:32.6235,.,.,blink
10:25:32.624,.,.,blink
10:25:32.6245,.,.,blink
10:25:32.625,.,.,blink
10:25:32.6255,.,.,blink
10:25:32.6260,.,.,blink
10:25:32.6265,.,.,blink
10:25:32.627,.,.,blink
10:25:32.6275,.,.,blink
10:25:32.628,.,.,blink
10:25:32.6285,.,.,blink
10:25:32.6290,.,.,blink
10:25:32.6295,.,.,blink
10:25:32.63,.,.,blink
10:25:32.6305,.,.,blink
10:25:32.631,.,.,blink
10:25:32.6315,.,.,blink
10:25:32.6320,.,.,blink
10:25:32.6325,.,.,blink
10:25:32.633,.,.,blink
10:25:32.6335,.,.,blink
10:25:32.634,.,.,blink
10:25:32.6345,.,.,blink
10:25:32.6350,.,.,blink
10:25:32.6355,.,.,blink
10:25:32.636,.,.,blink
10:25:32.6365,.,.,blink
10:25:32.637,.,.,blink
10:25:32.6375,.,.,blink
10:25:32.6380,.,.,blink
10:25:32.6385,.,.,blink
10:25:32.639,.,.,blink
10:25:32.6395,.,.,blink
10:25:32.64,.,.,blink
10:25:32.6405,.,.,blink
10:25:32.6410,.,.,blink
10:25:32.6415,.,.,blink
10:25:32.642,.,.,blink
10:25:32.6425,.,.,blink
10:25:32.643,.,.,blink
10:25:32.6435,.,.,blink
10:25:32.6440,.,.,blink
10:25:32.6445,.,.,blink
10:25:32.645,.,.,blink
10:25:32.6455,.,.,blink
10:25:32.646,.,.,blink
10:25:32.6465,.,.,blink
10:25:32.6470,.,.,blink
10:25:32.6475,.,.,blink
10:25:32.648,.,.,blink
10:25:32.6485,.,.,blink
10:25:32.649,.,.,blink
10:25:32.6495,.,.,blink
10:25:32.6500,.,.,blink
10:25:32.6505,.,.,blink
10:25:32.651,.,.,blink
10:25:32.6515,.,.,blink
10:25:32.652,.,.,blink
10:25:32.6525,.,.,blink
10:25:32.6530,.,.,blink
10:25:32.6535,.,.,blink
10:25:32.654,.,.,blink
10:25:32.6545,.,.,blink
10:25:32.655,.,.,blink
10:25:32.6555,.,.,blink
10:25:32.6560,.,.,blink
10:25:32.6565,.,.,blink
10:25:32.6570,.,.,blink
10:25:32.6575,.,.,blink
10:25:32.658,.,.,blink
10:25:32.6585,.,.,blink
10:25:32.659,.,.,blink
10:25:32.6595,.,.,blink
10:25:32.6600,.,.,blink
10:25:32.6605,.,.,blink
10:25:32.661,.,.,blink
10:25:32.6615,.,.,blink
10:25:32.662,.,.,blink
10:25:32.6625,.,.,blink
10:25:32.6630,.,.,blink
10:25:32.6635,.,.,blink
10:25:32.664,.,.,blink
10:25:32.6645,.,.,blink
10:25:32.665,.,.,blink
10:25:32.6655,.,.,blink
10:25:32.6660,.,.,blink
10:25:32.6665,.,.,blink
10:25:32.667,.,.,blink
10:25:32.6675,.,.,blink
10:25:32.668,.,.,blink
10:25:32.6685,.,.,blink
10:25:32.6690,.,.,blink
10:25:32.6695,.,.,blink
10:25:32.67,.,.,blink
10:25:32.6705,.,.,blink
10:25:32.671,.,.,blink
10:25:32.6715,.,.,blink
10:25:32.6720,.,.,blink
10:25:32.6725,.,.,blink
10:25:32.673,.,.,blink
10:25:32.6735,.,.,blink
10:25:32.674,.,.,blink
10:25:32.6745,.,.,blink
10:25:32.6750,.,.,blink
10:25:32.6755,.,.,blink
10:25:32.676,.,.,blink
10:25:32.6765,.,.,blink
10:25:32.677,.,.,blink
10:25:32.6775,.,.,blink
10:25:32.6780,.,.,blink
10:25:32.6785,.,.,blink
10:25:32.679,.,.,blink
10:25:32.6795,.,.,blink
10:25:32.68,.,.,blink
10:25:32.6805,.,.,blink
10:25:32.6810,.,.,blink
10:25:32.6815,.,.,blink
10:25:32.682,.,.,blink
10:25:32.6825,.,.,blink
10:25:32.683,.,.,blink
10:25:32.6835,.,.,blink
10:25:32.6840,.,.,blink
10:25:32.6845,.,.,blink
10:25:32.685,.,.,blink
10:25:32.6855,.,.,blink
10:25:32.686,.,.,blink
10:25:32.6865,.,.,blink
10:25:32.6870,.,.,blink
10:25:32.6875,.,.,blink
10:25:32.688,.,.,blink
10:25:32.6885,.,.,blink
10:25:32.689,.,.,blink
10:25:32.6895,.,.,blink
10:25:32.6900,.,.,blink
10:25:32.6905,.,.,blink
10:25:32.691,.,.,blink
10:25:32.6915,.,.,blink
10:25:32.692,.,.,blink
10:25:32.6925,.,.,blink
10:25:32.6930,.,.,blink
10:25:32.6935,.,.,blink
10:25:32.694,.,.,blink
10:25:32.6945,.,.,blink
10:25:32.695,.,.,blink
10:25:32.6955,.,.,blink
10:25:32.6960,.,.,blink
10:25:32.6965,.,.,blink
10:25:32.697,.,.,blink
10:25:32.6975,.,.,blink
10:25:32.698,.,.,blink
10:25:32.6985,.,.,blink
10:25:32.6990,.,.,blink
10:25:32.6995,.,.,blink
10:25:32.7,.,.,blink
10:25:32.7005,.,.,blink
10:25:32.701,.,.,blink
10:25:32.7015,.,.,blink
10:25:32.7020,.,.,blink
10:25:32.7025,.,.,blink
10:25:32.703,.,.,blink
10:25:32.7035,.,.,blink
10:25:32.704,.,.,blink
10:25:32.7045,.,.,blink
10:25:32.7050,.,.,blink
10:25:32.7055,.,.,blink
10:25:32.706,.,.,blink
10:25:32.7065,.,.,blink
10:25:32.707,.,.,blink
10:25:32.7075,.,.,blink
10:25:32.7080,.,.,blink
10:25:32.7085,.,.,blink
10:25:32.709,.,.,blink
10:25:32.7095,.,.,blink
10:25:32.71,.,.,blink
10:25:32.7105,.,.,blink
10:25:32.7110,.,.,blink
10:25:32.7115,.,.,blink
10:25:32.712,.,.,blink
10:25:32.7125,.,.,blink
10:25:32.713,.,.,blink
10:25:32.7135,.,.,blink
10:25:32.7140,.,.,blink
10:25:32.7145,.,.,blink
10:25:32.715,.,.,blink
10:25:32.7155,.,.,blink
10:25:32.716,.,.,blink
10:25:32.7165,.,.,blink
10:25:32.7170,.,.,blink
10:25:32.7175,.,.,blink
10:25:32.718,.,.,blink
10:25:32.7185,.,.,blink
10:25:32.719,.,.,blink
10:25:32.7195,.,.,blink
10:25:32.72,.,.,blink
10:25:32.7205,.,.,blink
10:25:32.7210,.,.,blink
10:25:32.7215,.,.,blink
10:25:32.722,.,.,blink
10:25:32.7225,.,.,blink
10:25:32.723,.,.,blink
10:25:32.7235,.,.,blink
10:25:32.7240,.,.,blink
10:25:32.7245,.,.,blink
10:25:32.725,.,.,blink
10:25:32.7255,.,.,blink
10:25:32.726,.,.,blink
10:25:32.7265,.,.,blink
10:25:32.7270,.,.,blink
10:25:32.7275,.,.,blink
10:25:32.728,.,.,blink
10:25:32.7285,.,.,blink
10:25:32.729,.,.,blink
10:25:32.7295,.,.,blink
10:25:32.7300,.,.,blink
10:25:32.7305,.,.,blink
10:25:32.731,.,.,blink
10:25:32.7315,.,.,blink
10:25:32.732,.,.,blink
10:25:32.7325,.,.,blink
10:25:32.7330,.,.,blink
10:25:32.7335,.,.,blink
10:25:32.734,.,.,blink
10:25:32.7345,.,.,blink
10:25:32.735,.,.,blink
10:25:32.7355,.,.,blink
10:25:32.7360,.,.,blink
10:25:32.7365,.,.,blink
10:25:32.737,.,.,blink
10:25:32.7375,.,.,blink
10:25:32.738,.,.,blink
10:25:32.7385,.,.,blink
10:25:32.7390,.,.,blink
10:25:32.7395,.,.,blink
10:25:32.74,.,.,blink
10:25:32.7405,.,.,blink
10:25:32.741,.,.,blink
10:25:32.7415,.,.,blink
10:25:32.7420,.,.,blink
10:25:32.7425,.,.,blink
10:25:32.743,.,.,blink
10:25:32.7435,.,.,blink
10:25:32.744,.,.,blink
10:25:32.7445,.,.,blink
10:25:32.7450,.,.,blink
10:25:32.7455,.,.,blink
10:25:32.746,.,.,blink
10:25:32.7465,.,.,blink
10:25:32.747,.,.,blink
10:25:32.7475,.,.,blink
10:25:32.7480,.,.,blink
10:25:32.7485,.,.,blink
10:25:32.749,.,.,blink
10:25:32.7495,.,.,blink
10:25:32.75,.,.,blink
10:25:32.7505,.,.,blink
10:25:32.7510,.,.,blink
10:25:32.7515,.,.,blink
10:25:32.752,.,.,blink
10:25:32.7525,.,.,blink
10:25:32.753,.,.,blink
10:25:32.7535,.,.,blink
10:25:32.7540,.,.,blink
10:25:32.7545,.,.,blink
10:25:32.755,.,.,blink
10:25:32.7555,.,.,blink
10:25:32.756,.,.,blink
10:25:32.7565,.,.,blink
10:25:32.7570,.,.,blink
10:25:32.7575,.,.,blink
10:25:32.758,.,.,blink
10:25:32.7585,.,.,blink
10:25:32.759,.,.,blink
10:25:32.7595,.,.,blink
10:25:32.7600,.,.,blink
10:25:32.7605,.,.,blink
10:25:32.761,.,.,blink
10:25:32.7615,.,.,blink
10:25:32.762,.,.,blink
10:25:32.7625,.,.,blink
10:25:32.7630,.,.,blink
10:25:32.7635,.,.,blink
10:25:32.764,.,.,blink
10:25:32.7645,.,.,blink
10:25:32.765,.,.,blink
10:25:32.7655,.,.,blink
10:25:32.7660,.,.,blink
10:25:32.7665,.,.,blink
10:25:32.767,.,.,blink
10:25:32.7675,.,.,blink
10:25:32.768,.,.,blink
10:25:32.7685,.,.,blink
10:25:32.7690,.,.,blink
10:25:32.7695,.,.,blink
10:25:32.77,.,.,blink
10:25:32.7705,.,.,blink
10:25:32.771,.,.,blink
10:25:32.7715,.,.,blink
10:25:32.7720,.,.,blink
10:25:32.7725,.,.,blink
10:25:32.773,.,.,blink
10:25:32.7735,.,.,blink
10:25:32.774,.,.,blink
10:25:32.7745,.,.,blink
10:25:32.7750,.,.,blink
10:25:32.7755,.,.,blink
10:25:32.776,.,.,blink
10:25:32.7765,.,.,blink
10:25:32.777,.,.,blink
10:25:32.7775,.,.,blink
10:25:32.7780,.,.,blink
10:25:32.7785,.,.,blink
10:25:32.779,.,.,blink
10:25:32.7795,.,.,blink
10:25:32.78,.,.,blink
10:25:32.7805,.,.,blink
10:25:32.7810,.,.,blink
10:25:32.7815,.,.,blink
10:25:32.7820,.,.,blink
10:25:32.7825,.,.,blink
10:25:32.783,.,.,blink
10:25:32.7835,.,.,blink
10:25:32.784,.,.,blink
10:25:32.7845,.,.,blink
10:25:32.7850,.,.,blink
10:25:32.7855,.,.,blink
10:25:32.786,.,.,blink
10:25:32.7865,.,.,blink
10:25:32.787,.,.,blink
10:25:32.7875,.,.,blink
10:25:32.7880,.,.,blink
10:25:32.7885,.,.,blink
10:25:32.789,.,.,blink
10:25:32.7895,.,.,blink
10:25:32.79,.,.,blink
10:25:32.7905,.,.,blink
10:25:32.7910,.,.,blink
10:25:32.7915,.,.,blink
10:25:32.792,.,.,blink
10:25:32.7925,.,.,blink
10:25:32.793,.,.,blink
10:25:32.7935,.,.,blink
10:25:32.7940,.,.,blink
10:25:32.7945,.,.,blink
10:25:32.795,.,.,blink
10:25:32.7955,.,.,blink
10:25:32.796,.,.,blink
10:25:32.7965,.,.,blink
10:25:32.7970,.,.,blink
10:25:32.7975,.,.,blink
10:25:32.798,.,.,blink
10:25:32.7985,.,.,blink
10:25:32.799,.,.,blink
10:25:32.7995,.,.,blink
10:25:32.8000,.,.,blink
10:25:32.8005,.,.,blink
10:25:32.801,.,.,blink
10:25:32.8015,.,.,blink
10:25:32.802,.,.,blink
10:25:32.8025,.,.,blink
10:25:32.8030,.,.,blink
10:25:32.8035,.,.,blink
10:25:32.804,.,.,blink
10:25:32.8045,.,.,blink
10:25:32.805,.,.,blink
10:25:32.8055,.,.,blink
10:25:32.8060,.,.,blink
10:25:32.8065,.,.,blink
10:25:32.807,.,.,blink
10:25:32.8075,.,.,blink
10:25:32.808,.,.,blink
10:25:32.8085,.,.,blink
10:25:32.8090,.,.,blink
10:25:32.8095,.,.,blink
10:25:32.81,.,.,blink
10:25:32.8105,.,.,blink
10:25:32.811,.,.,blink
10:25:32.8115,.,.,blink
10:25:32.8120,.,.,blink
10:25:32.8125,.,.,blink
10:25:32.813,.,.,blink
10:25:32.8135,.,.,blink
10:25:32.814,.,.,blink
10:25:32.8145,.,.,blink
10:25:32.8150,.,.,blink
10:25:32.8155,.,.,blink
10:25:32.816,.,.,blink
10:25:32.8165,.,.,blink
10:25:32.817,.,.,blink
10:25:32.8175,.,.,blink
10:25:32.8180,.,.,blink
10:25:32.8185,.,.,blink
10:25:32.819,.,.,blink
10:25:32.8195,.,.,blink
10:25:32.82,.,.,blink
10:25:32.8205,.,.,blink
10:25:32.8210,.,.,blink
10:25:32.8215,.,.,blink
10:25:32.822,.,.,blink
10:25:32.8225,.,.,blink
10:25:32.823,.,.,blink
10:25:32.8235,.,.,blink
10:25:32.8240,.,.,blink
10:25:32.8245,.,.,blink
10:25:32.825,.,.,blink
10:25:32.8255,.,.,blink
10:25:32.826,.,.,blink
10:25:32.8265,.,.,blink
10:25:32.8270,.,.,blink
10:25:32.8275,.,.,blink
10:25:32.828,.,.,blink
10:25:32.8285,.,.,blink
10:25:32.829,.,.,blink
10:25:32.8295,.,.,blink
10:25:32.8300,.,.,blink
10:25:32.8305,.,.,blink
10:25:32.831,.,.,blink
10:25:32.8315,.,.,blink
10:25:32.832,.,.,blink
10:25:32.8325,.,.,blink
10:25:32.8330,.,.,blink
10:25:32.8335,.,.,blink
10:25:32.834,.,.,blink
10:25:32.8345,.,.,blink
10:25:32.835,.,.,blink
10:25:32.8355,.,.,blink
10:25:32.8360,.,.,blink
10:25:32.8365,.,.,blink
10:25:32.837,.,.,blink
10:25:32.8375,.,.,blink
10:25:32.838,.,.,blink
10:25:32.8385,.,.,blink
10:25:32.8390,.,.,blink
10:25:32.8395,.,.,blink
10:25:32.84,.,.,blink
10:25:32.8405,.,.,blink
10:25:32.841,.,.,blink
10:25:32.8415,.,.,blink
10:25:32.8420,.,.,blink
10:25:32.8425,.,.,blink
10:25:32.843,.,.,blink
10:25:32.8435,.,.,blink
10:25:32.844,.,.,blink
10:25:32.8445,.,.,blink
10:25:32.845,.,.,blink
10:25:32.8455,.,.,blink
10:25:32.8460,.,.,blink
10:25:32.8465,.,.,blink
10:25:32.847,.,.,blink
10:25:32.8475,.,.,blink
10:25:32.848,.,.,blink
10:25:32.8485,.,.,blink
10:25:32.8490,.,.,blink
10:25:32.8495,.,.,blink
10:25:32.85,.,.,blink
10:25:32.8505,.,.,blink
10:25:32.851,.,.,blink
10:25:32.8515,.,.,blink
10:25:32.8520,.,.,blink
10:25:32.8525,.,.,blink
10:25:32.853,.,.,blink
10:25:32.8535,.,.,blink
10:25:32.854,.,.,blink
10:25:32.8545,.,.,blink
10:25:32.8550,.,.,blink
10:25:32.8555,.,.,blink
10:25:32.856,.,.,blink
10:25:32.8565,.,.,blink
10:25:32.857,.,.,blink
10:25:32.8575,.,.,blink
10:25:32.8580,.,.,blink
10:25:32.8585,.,.,blink
10:25:32.859,.,.,blink
10:25:32.8595,.,.,blink
10:25:32.86,.,.,blink
10:25:32.8605,.,.,blink
10:25:32.8610,.,.,blink
10:25:32.8615,.,.,blink
10:25:32.862,.,.,blink
10:25:32.8625,.,.,blink
10:25:32.863,.,.,blink
10:25:32.8635,.,.,blink
10:25:32.8640,.,.,blink
10:25:32.8645,.,.,blink
10:25:32.865,.,.,blink
10:25:32.8655,.,.,blink
10:25:32.866,.,.,blink
10:25:32.8665,.,.,blink
10:25:32.8670,.,.,blink
10:25:32.8675,.,.,blink
10:25:32.868,.,.,blink
10:25:32.8685,.,.,blink
10:25:32.869,.,.,blink
10:25:32.8695,.,.,blink
10:25:32.8700,.,.,blink
10:25:32.8705,.,.,blink
10:25:32.871,.,.,blink
10:25:32.8715,.,.,blink
10:25:32.872,.,.,blink
10:25:32.8725,974.7,359.0,fixation
10:25:32.8730,975.5,357.8,fixation
10:25:32.8735,976.2,357.8,fixation
10:25:32.874,976.7,357.8,fixation
10:25:32.8745,976.4,360.8,fixation
10:25:32.875,976.0,363.9,fixation
10:25:32.8755,975.6,366.9,fixation
10:25:32.8760,975.4,366.9,fixation
10:25:32.8765,975.5,367.3,fixation
10:25:32.877,975.6,368.1,fixation
10:25:32.8775,975.8,369.0,fixation
10:25:32.878,975.6,369.8,fixation
10:25:32.8785,975.1,370.5,fixation
10:25:32.8790,974.3,371.2,fixation
10:25:32.8795,973.8,371.5,fixation
10:25:32.88,973.5,372.2,fixation
10:25:32.8805,972.1,372.8,fixation
10:25:32.881,970.5,373.5,fixation
10:25:32.8815,969.0,373.5,fixation
10:25:32.8820,967.5,373.5,fixation
10:25:32.8825,966.4,373.7,fixation
10:25:32.883,966.5,373.9,fixation
10:25:32.8835,968.4,374.1,fixation
10:25:32.884,970.5,376.6,fixation
10:25:32.8845,971.2,379.1,fixation
10:25:32.8850,971.0,381.7,fixation
10:25:32.8855,971.0,381.8,fixation
10:25:32.886,971.0,381.0,fixation
10:25:32.8865,969.6,379.9,fixation
10:25:32.887,968.1,379.1,fixation
10:25:32.8875,967.0,379.3,fixation
10:25:32.8880,967.4,381.7,fixation
10:25:32.8885,967.8,384.0,fixation
10:25:32.889,967.7,386.3,fixation
10:25:32.8895,967.8,386.6,fixation
10:25:32.89,967.9,385.1,fixation
10:25:32.8905,968.0,382.4,fixation
10:25:32.8910,967.8,379.7,fixation
10:25:32.8915,967.7,379.5,fixation
10:25:32.892,967.6,380.4,fixation
10:25:32.8925,967.1,381.5,fixation
10:25:32.893,966.5,382.1,fixation
10:25:32.8935,967.1,382.6,fixation
10:25:32.8940,968.3,382.7,fixation
10:25:32.8945,968.9,382.8,fixation
10:25:32.895,967.1,382.8,fixation
10:25:32.8955,964.8,382.9,fixation
10:25:32.896,962.9,383.9,fixation
10:25:32.8965,962.2,385.0,fixation
10:25:32.8970,962.3,385.8,fixation
10:25:32.8975,962.5,385.8,fixation
10:25:32.898,962.6,385.7,fixation
10:25:32.8985,963.1,385.2,fixation
10:25:32.899,963.6,384.7,fixation
10:25:32.8995,964.0,384.6,fixation
10:25:32.9000,962.9,384.8,fixation
10:25:32.9005,961.7,385.0,fixation
10:25:32.901,960.3,386.4,fixation
10:25:32.9015,959.5,387.7,fixation
10:25:32.902,958.8,389.4,fixation
10:25:32.9025,959.2,389.7,fixation
10:25:32.9030,960.1,390.2,fixation
10:25:32.9035,961.2,390.3,fixation
10:25:32.904,961.9,389.7,fixation
10:25:32.9045,962.3,389.1,fixation
10:25:32.905,962.2,388.4,fixation
10:25:32.9055,961.2,388.3,fixation
10:25:32.9060,960.4,389.0,fixation
10:25:32.9065,960.0,389.3,fixation
10:25:32.9070,960.0,389.2,fixation
10:25:32.9075,960.2,388.4,fixation
10:25:32.908,961.0,388.5,fixation
10:25:32.9085,961.8,388.7,fixation
10:25:32.909,962.8,389.0,fixation
10:25:32.9095,963.0,388.7,fixation
10:25:32.9100,963.3,388.7,fixation
10:25:32.9105,963.2,388.7,fixation
10:25:32.911,963.1,388.9,fixation
10:25:32.9115,962.3,389.0,fixation
10:25:32.912,961.2,389.2,fixation
10:25:32.9125,960.3,388.5,fixation
10:25:32.9130,960.5,387.8,fixation
10:25:32.9135,961.4,386.8,fixation
10:25:32.914,962.6,386.5,fixation
10:25:32.9145,963.7,385.8,fixation
10:25:32.915,964.5,385.5,fixation
10:25:32.9155,964.9,386.7,fixation
10:25:32.9160,964.8,388.2,fixation
10:25:32.9165,964.6,389.7,fixation
10:25:32.917,964.1,388.8,fixation
10:25:32.9175,963.5,387.9,fixation
10:25:32.918,963.4,386.9,fixation
10:25:32.9185,964.1,387.0,fixation
10:25:32.9190,964.9,387.3,fixation
10:25:32.9195,966.0,389.2,fixation
10:25:32.92,966.9,390.9,fixation
10:25:32.9205,967.6,390.8,fixation
10:25:32.921,967.7,389.1,fixation
10:25:32.9215,967.8,387.4,fixation
10:25:32.9220,967.7,387.4,fixation
10:25:32.9225,967.1,387.4,fixation
10:25:32.923,966.0,387.4,fixation
10:25:32.9235,965.1,387.5,fixation
10:25:32.924,965.2,387.6,fixation
10:25:32.9245,965.8,387.2,fixation
10:25:32.9250,966.4,386.5,fixation
10:25:32.9255,966.7,385.8,fixation
10:25:32.926,967.7,385.7,fixation
10:25:32.9265,968.8,385.9,fixation
10:25:32.927,969.7,386.1,fixation
10:25:32.9275,969.8,386.2,fixation
10:25:32.9280,969.8,386.1,fixation
10:25:32.9285,968.7,385.6,fixation
10:25:32.929,967.6,385.2,fixation
10:25:32.9295,966.3,386.8,fixation
10:25:32.93,966.5,388.8,fixation
10:25:32.9305,967.0,390.5,fixation
10:25:32.9310,967.7,390.2,fixation
10:25:32.9315,968.2,390.0,fixation
10:25:32.932,968.5,389.8,fixation
10:25:32.9325,968.7,389.3,fixation
10:25:32.933,968.4,388.0,fixation
10:25:32.9335,967.9,387.3,fixation
10:25:32.9340,968.1,387.0,fixation
10:25:32.9345,969.0,387.6,fixation
10:25:32.935,970.1,388.3,fixation
10:25:32.9355,970.5,389.0,fixation
10:25:32.936,970.5,389.5,fixation
10:25:32.9365,970.1,389.9,fixation
10:25:32.9370,969.6,390.1,fixation
10:25:32.9375,969.3,389.6,fixation
10:25:32.938,970.5,389.1,fixation
10:25:32.9385,971.8,389.3,fixation
10:25:32.939,972.8,390.1,fixation
10:25:32.9395,972.5,390.7,fixation
10:25:32.9400,972.4,390.5,fixation
10:25:32.9405,972.7,390.1,fixation
10:25:32.941,972.6,389.8,fixation
10:25:32.9415,971.9,389.6,fixation
10:25:32.942,970.4,389.5,fixation
10:25:32.9425,969.3,389.3,fixation
10:25:32.9430,969.1,388.8,fixation
10:25:32.9435,969.6,388.5,fixation
10:25:32.944,970.7,388.2,fixation
10:25:32.9445,971.2,387.5,fixation
10:25:32.945,971.1,386.7,fixation
10:25:32.9455,970.5,386.2,fixation
10:25:32.9460,970.1,386.2,fixation
10:25:32.9465,970.2,386.3,fixation
10:25:32.947,970.4,386.0,fixation
10:25:32.9475,970.4,385.9,fixation
10:25:32.948,969.8,385.7,fixation
10:25:32.9485,969.4,385.3,fixation
10:25:32.9490,969.0,385.0,fixation
10:25:32.9495,969.3,384.8,fixation
10:25:32.95,969.3,384.6,fixation
10:25:32.9505,969.0,382.8,fixation
10:25:32.951,968.8,381.1,fixation
10:25:32.9515,968.7,379.6,fixation
10:25:32.9520,968.7,379.7,fixation
10:25:32.9525,968.8,379.8,fixation
10:25:32.953,969.1,380.4,fixation
10:25:32.9535,969.8,381.0,fixation
10:25:32.954,970.3,381.7,fixation
10:25:32.9545,970.7,382.7,fixation
10:25:32.9550,970.3,383.7,fixation
10:25:32.9555,969.8,384.6,fixation
10:25:32.956,969.2,384.8,fixation
10:25:32.9565,968.0,384.8,fixation
10:25:32.957,966.9,385.3,fixation
10:25:32.9575,965.9,385.7,fixation
10:25:32.9580,966.2,386.1,fixation
10:25:32.9585,967.0,385.8,fixation
10:25:32.959,967.8,384.5,fixation
10:25:32.9595,968.4,382.9,fixation
10:25:32.96,969.1,381.5,fixation
10:25:32.9605,969.8,381.1,fixation
10:25:32.9610,968.2,381.5,fixation
10:25:32.9615,966.0,381.6,fixation
10:25:32.962,963.8,381.5,fixation
10:25:32.9625,963.6,382.4,fixation
10:25:32.963,963.4,383.5,fixation
10:25:32.9635,963.2,385.1,fixation
10:25:32.9640,963.1,385.6,fixation
10:25:32.9645,963.1,385.0,fixation
10:25:32.965,963.0,384.0,fixation
10:25:32.9655,963.0,383.6,fixation
10:25:32.966,962.9,385.0,fixation
10:25:32.9665,962.9,386.4,fixation
10:25:32.9670,963.0,387.2,fixation
10:25:32.9675,963.1,387.4,fixation
10:25:32.968,963.2,388.3,fixation
10:25:32.9685,962.8,389.1,fixation
10:25:32.969,961.5,388.8,fixation
10:25:32.9695,960.2,387.7,fixation
10:25:32.97,959.6,386.2,fixation
10:25:32.9705,959.7,385.6,fixation
10:25:32.9710,959.8,385.0,fixation
10:25:32.9715,959.9,384.9,fixation
10:25:32.972,960.5,385.3,fixation
10:25:32.9725,961.1,385.7,fixation
10:25:32.973,961.5,385.9,fixation
10:25:32.9735,961.4,385.9,fixation
10:25:32.9740,961.0,384.6,fixation
10:25:32.9745,960.8,383.4,fixation
10:25:32.975,960.7,382.4,fixation
10:25:32.9755,959.5,382.6,fixation
10:25:32.976,958.4,382.7,fixation
10:25:32.9765,958.4,383.6,fixation
10:25:32.9770,959.5,384.5,fixation
10:25:32.9775,960.6,385.5,fixation
10:25:32.978,960.5,385.4,fixation
10:25:32.9785,960.3,384.8,fixation
10:25:32.979,959.9,384.1,fixation
10:25:32.9795,959.3,383.5,fixation
10:25:32.9800,957.9,383.5,fixation
10:25:32.9805,957.0,383.6,fixation
10:25:32.981,956.4,383.8,fixation
10:25:32.9815,956.8,384.1,fixation
10:25:32.982,957.4,384.4,fixation
10:25:32.9825,958.8,384.4,fixation
10:25:32.9830,960.0,385.1,fixation
10:25:32.9835,960.8,386.0,fixation
10:25:32.984,960.7,386.6,fixation
10:25:32.9845,960.4,386.5,fixation
10:25:32.985,959.4,386.2,fixation
10:25:32.9855,958.5,385.7,fixation
10:25:32.9860,956.3,384.7,fixation
10:25:32.9865,954.8,383.6,fixation
10:25:32.987,953.3,382.7,fixation
10:25:32.9875,954.0,382.3,fixation
10:25:32.988,954.7,381.9,fixation
10:25:32.9885,955.5,383.0,fixation
10:25:32.9890,955.6,384.4,fixation
10:25:32.9895,957.0,386.1,fixation
10:25:32.99,958.4,386.7,fixation
10:25:32.9905,959.6,385.1,fixation
10:25:32.991,959.3,383.2,fixation
10:25:32.9915,959.0,381.4,fixation
10:25:32.9920,957.9,381.4,fixation
10:25:32.9925,956.9,381.4,fixation
10:25:32.993,955.4,381.6,fixation
10:25:32.9935,954.9,381.8,fixation
10:25:32.994,954.3,382.0,fixation
10:25:32.9945,954.1,382.3,fixation
10:25:32.9950,954.0,382.6,fixation
10:25:32.9955,954.0,382.7,fixation
10:25:32.996,954.0,382.7,fixation
10:25:32.9965,955.0,383.1,fixation
10:25:32.997,956.0,383.7,fixation
10:25:32.9975,957.0,383.4,fixation
10:25:32.9980,957.3,382.8,fixation
10:25:32.9985,957.6,381.5,fixation
10:25:32.999,957.6,380.8,fixation
10:25:32.9995,957.3,379.8,fixation
10:25:33.,956.9,379.6,fixation
10:25:33.0005,957.1,380.4,fixation
10:25:33.0010,957.2,381.3,fixation
10:25:33.0015,957.2,382.0,fixation
10:25:33.002,956.2,381.8,fixation
10:25:33.0025,955.3,381.3,fixation
10:25:33.003,954.6,381.1,fixation
10:25:33.0035,954.8,381.6,fixation
10:25:33.0040,954.9,383.0,fixation
10:25:33.0045,954.9,384.5,fixation
10:25:33.005,954.9,385.4,fixation
10:25:33.0055,954.8,385.5,fixation
10:25:33.006,954.8,385.4,fixation
10:25:33.0065,954.7,384.9,fixation
10:25:33.0070,954.8,384.4,fixation
10:25:33.0075,955.8,384.2,fixation
10:25:33.008,956.8,384.5,fixation
10:25:33.0085,958.0,384.7,fixation
10:25:33.009,958.2,384.8,fixation
10:25:33.0095,957.5,385.0,fixation
10:25:33.0100,956.7,385.4,fixation
10:25:33.0105,956.0,386.1,fixation
10:25:33.011,956.1,386.6,fixation
10:25:33.0115,955.8,385.3,fixation
10:25:33.012,955.4,383.8,fixation
10:25:33.0125,955.1,382.5,fixation
10:25:33.0130,955.1,384.2,fixation
10:25:33.0135,955.4,386.0,fixation
10:25:33.014,955.9,387.5,fixation
10:25:33.0145,956.4,387.1,fixation
10:25:33.015,955.1,384.7,saccade
10:25:33.0155,954.0,383.8,saccade
10:25:33.0160,954.1,384.8,saccade
10:25:33.0165,954.6,386.1,saccade
10:25:33.017,955.1,387.6,saccade
10:25:33.0175,955.2,387.6,saccade
10:25:33.018,955.4,388.7,saccade
10:25:33.0185,955.9,389.7,saccade
10:25:33.0190,956.3,389.3,saccade
10:25:33.0195,956.7,386.9,saccade
10:25:33.02,957.2,384.6,saccade
10:25:33.0205,957.7,384.1,saccade
10:25:33.021,957.3,384.7,saccade
10:25:33.0215,955.0,385.2,saccade
10:25:33.0220,951.6,384.1,saccade
10:25:33.0225,948.3,383.0,saccade
10:25:33.023,946.4,381.1,saccade
10:25:33.0235,944.6,378.9,saccade
10:25:33.024,941.2,376.6,saccade
10:25:33.0245,936.5,374.0,saccade
10:25:33.0250,929.9,370.9,saccade
10:25:33.0255,923.4,365.1,saccade
10:25:33.026,917.0,360.4,saccade
10:25:33.0265,910.7,356.2,saccade
10:25:33.027,905.3,353.1,saccade
10:25:33.0275,897.9,346.3,saccade
10:25:33.0280,890.7,340.5,saccade
10:25:33.0285,883.2,334.0,saccade
10:25:33.029,877.8,327.9,saccade
10:25:33.0295,872.3,321.6,saccade
10:25:33.03,867.4,315.4,saccade
10:25:33.0305,860.5,310.3,saccade
10:25:33.0310,854.1,305.6,saccade
10:25:33.0315,848.1,302.3,saccade
10:25:33.0320,842.5,299.3,saccade
10:25:33.0325,838.0,296.9,saccade
10:25:33.033,833.2,293.1,saccade
10:25:33.0335,830.7,288.7,saccade
10:25:33.034,828.6,284.4,saccade
10:25:33.0345,826.5,280.8,saccade
10:25:33.0350,824.6,278.6,saccade
10:25:33.0355,823.3,276.2,saccade
10:25:33.036,823.7,274.5,saccade
10:25:33.0365,824.2,273.5,saccade
10:25:33.037,824.6,272.8,saccade
10:25:33.0375,825.5,272.4,saccade
10:25:33.0380,826.3,271.9,saccade
10:25:33.0385,827.0,271.3,saccade
10:25:33.039,827.5,270.4,saccade
10:25:33.0395,829.4,269.5,saccade
10:25:33.04,831.3,269.0,saccade
10:25:33.0405,834.1,269.7,saccade
10:25:33.0410,836.5,271.3,saccade
10:25:33.0415,839.2,272.5,saccade
10:25:33.042,841.6,272.6,saccade
10:25:33.0425,843.3,271.8,saccade
10:25:33.043,844.9,272.2,saccade
10:25:33.0435,845.2,273.1,saccade
10:25:33.0440,846.7,274.0,saccade
10:25:33.0445,848.9,275.7,saccade
10:25:33.045,851.1,277.7,saccade
10:25:33.0455,852.9,279.2,saccade
10:25:33.046,853.9,278.8,saccade
10:25:33.0465,854.7,279.0,saccade
10:25:33.0470,854.5,280.2,saccade
10:25:33.0475,854.4,281.1,saccade
10:25:33.048,854.3,281.5,saccade
10:25:33.0485,854.5,281.0,fixation
10:25:33.049,854.6,281.6,fixation
10:25:33.0495,854.8,282.2,fixation
10:25:33.0500,854.9,282.9,fixation
10:25:33.0505,854.0,283.2,fixation
10:25:33.051,852.7,284.7,fixation
10:25:33.0515,851.2,286.0,fixation
10:25:33.052,851.0,287.0,fixation
10:25:33.0525,850.9,287.2,fixation
10:25:33.0530,850.6,287.4,fixation
10:25:33.0535,850.1,287.4,fixation
10:25:33.054,849.5,286.5,fixation
10:25:33.0545,849.0,285.8,fixation
10:25:33.055,848.6,285.4,fixation
10:25:33.0555,848.4,285.3,fixation
10:25:33.0560,848.4,285.1,fixation
10:25:33.0565,848.7,284.7,fixation
10:25:33.057,849.7,284.2,fixation
10:25:33.0575,850.7,283.7,fixation
10:25:33.058,851.5,283.4,fixation
10:25:33.0585,851.6,283.3,fixation
10:25:33.0590,851.9,282.0,fixation
10:25:33.0595,852.0,280.6,fixation
10:25:33.06,852.2,279.3,fixation
10:25:33.0605,852.1,280.1,fixation
10:25:33.061,852.0,280.6,fixation
10:25:33.0615,851.9,280.9,fixation
10:25:33.0620,851.6,280.3,fixation
10:25:33.0625,850.3,279.8,fixation
10:25:33.063,849.1,279.9,fixation
10:25:33.0635,848.6,280.6,fixation
10:25:33.064,849.1,281.8,fixation
10:25:33.0645,849.7,282.8,fixation
10:25:33.0650,849.8,283.5,fixation
10:25:33.0655,850.0,283.4,fixation
10:25:33.066,849.8,283.2,fixation
10:25:33.0665,849.5,282.8,fixation
10:25:33.067,849.3,282.4,fixation
10:25:33.0675,849.5,282.2,fixation
10:25:33.0680,849.6,282.6,fixation
10:25:33.0685,849.7,283.0,fixation
10:25:33.069,849.7,282.8,fixation
10:25:33.0695,849.8,280.8,fixation
10:25:33.07,849.9,278.7,fixation
10:25:33.0705,849.8,278.8,fixation
10:25:33.0710,849.7,280.5,fixation
10:25:33.0715,849.9,282.2,fixation
10:25:33.072,850.3,282.1,fixation
10:25:33.0725,850.4,282.2,fixation
10:25:33.073,850.0,282.7,fixation
10:25:33.0735,849.4,283.3,fixation
10:25:33.0740,848.9,283.7,fixation
10:25:33.0745,848.7,283.4,fixation
10:25:33.075,848.7,281.7,fixation
10:25:33.0755,848.4,280.1,fixation
10:25:33.076,848.0,279.5,fixation
10:25:33.0765,847.8,281.1,fixation
10:25:33.0770,848.0,282.8,fixation
10:25:33.0775,848.3,283.6,fixation
10:25:33.078,848.3,283.6,fixation
10:25:33.0785,848.2,283.7,fixation
10:25:33.079,848.6,283.8,fixation
10:25:33.0795,849.2,282.1,fixation
10:25:33.0800,849.1,280.2,fixation
10:25:33.0805,848.4,279.5,fixation
10:25:33.081,847.9,280.7,fixation
10:25:33.0815,848.2,281.3,fixation
10:25:33.082,848.5,280.7,fixation
10:25:33.0825,848.5,280.1,fixation
10:25:33.0830,848.2,280.1,fixation
10:25:33.0835,847.0,280.2,fixation
10:25:33.084,845.9,281.6,fixation
10:25:33.0845,844.9,283.0,fixation
10:25:33.085,845.0,283.6,fixation
10:25:33.0855,844.9,282.7,fixation
10:25:33.0860,844.9,281.3,fixation
10:25:33.0865,844.8,280.6,fixation
10:25:33.087,844.9,279.8,fixation
10:25:33.0875,844.9,279.6,fixation
10:25:33.088,844.6,280.3,fixation
10:25:33.0885,844.2,281.6,fixation
10:25:33.0890,844.0,282.8,fixation
10:25:33.0895,844.2,283.1,fixation
10:25:33.09,844.1,283.2,fixation
10:25:33.0905,844.0,283.3,fixation
10:25:33.091,843.9,283.4,fixation
10:25:33.0915,843.9,283.3,fixation
10:25:33.0920,844.0,282.9,fixation
10:25:33.0925,844.1,282.0,fixation
10:25:33.093,844.5,281.6,fixation
10:25:33.0935,844.9,281.7,fixation
10:25:33.094,845.3,282.3,fixation
10:25:33.0945,845.3,282.5,fixation
10:25:33.095,845.4,282.2,fixation
10:25:33.0955,845.4,282.4,fixation
10:25:33.0960,845.0,282.8,fixation
10:25:33.0965,844.1,282.6,fixation
10:25:33.097,843.3,282.0,fixation
10:25:33.0975,842.9,281.5,fixation
10:25:33.098,843.2,281.5,fixation
10:25:33.0985,843.5,281.5,fixation
10:25:33.0990,843.7,281.6,fixation
10:25:33.0995,843.6,281.7,fixation
10:25:33.1,843.2,282.2,fixation
10:25:33.1005,842.9,282.6,fixation
10:25:33.101,843.0,283.0,fixation
10:25:33.1015,843.2,283.0,fixation
10:25:33.1020,843.4,281.8,fixation
10:25:33.1025,843.2,280.6,fixation
10:25:33.103,843.6,279.6,fixation
10:25:33.1035,844.1,279.9,fixation
10:25:33.104,843.6,279.6,fixation
10:25:33.1045,842.8,278.4,fixation
10:25:33.1050,842.2,277.2,fixation
10:25:33.1055,842.4,277.4,fixation
10:25:33.106,842.4,278.2,fixation
10:25:33.1065,842.2,279.9,fixation
10:25:33.107,842.1,280.8,fixation
10:25:33.1075,841.8,281.6,fixation
10:25:33.1080,841.8,281.5,fixation
10:25:33.1085,841.8,281.8,fixation
10:25:33.109,842.1,282.4,fixation
10:25:33.1095,842.3,283.1,fixation
10:25:33.11,842.3,281.3,fixation
10:25:33.1105,842.1,279.3,fixation
10:25:33.1110,842.0,277.2,fixation
10:25:33.1115,842.2,277.2,fixation
10:25:33.112,842.3,277.3,fixation
10:25:33.1125,842.4,277.3,fixation
10:25:33.113,843.0,277.3,fixation
10:25:33.1135,843.4,278.4,fixation
10:25:33.1140,843.4,279.5,fixation
10:25:33.1145,842.9,280.6,fixation
10:25:33.115,842.4,280.4,fixation
10:25:33.1155,842.6,280.2,fixation
10:25:33.116,842.7,279.8,fixation
10:25:33.1165,841.7,279.6,fixation
10:25:33.1170,840.5,279.4,fixation
10:25:33.1175,840.6,279.3,fixation
10:25:33.118,842.0,278.9,fixation
10:25:33.1185,842.4,278.3,fixation
10:25:33.119,841.4,277.7,fixation
10:25:33.1195,840.1,278.8,fixation
10:25:33.1200,839.6,279.8,fixation
10:25:33.1205,839.2,280.8,fixation
10:25:33.121,839.3,280.5,fixation
10:25:33.1215,839.6,280.1,fixation
10:25:33.122,840.0,279.8,fixation
10:25:33.1225,841.0,279.5,fixation
10:25:33.1230,842.0,278.8,fixation
10:25:33.1235,843.1,277.8,fixation
10:25:33.124,843.3,276.7,fixation
10:25:33.1245,843.5,277.4,fixation
10:25:33.125,843.6,278.5,fixation
10:25:33.1255,843.5,280.0,fixation
10:25:33.1260,843.3,280.8,fixation
10:25:33.1265,843.2,281.8,fixation
10:25:33.127,843.6,282.4,fixation
10:25:33.1275,844.0,282.8,fixation
10:25:33.128,844.2,282.9,fixation
10:25:33.1285,843.8,281.3,fixation
10:25:33.1290,843.2,279.6,fixation
10:25:33.1295,842.6,277.4,fixation
10:25:33.13,842.7,276.8,fixation
10:25:33.1305,843.0,275.6,fixation
10:25:33.131,842.8,274.8,fixation
10:25:33.1315,842.3,273.9,fixation
10:25:33.1320,841.8,273.6,fixation
10:25:33.1325,841.9,274.0,fixation
10:25:33.133,842.1,274.2,fixation
10:25:33.1335,842.8,274.4,fixation
10:25:33.134,843.6,274.3,fixation
10:25:33.1345,843.8,274.4,fixation
10:25:33.1350,843.2,274.6,fixation
10:25:33.1355,842.7,274.8,fixation
10:25:33.136,842.8,275.3,fixation
10:25:33.1365,843.0,275.7,fixation
10:25:33.137,843.2,276.4,fixation
10:25:33.1375,843.4,276.5,fixation
10:25:33.1380,843.7,276.0,fixation
10:25:33.1385,844.2,275.0,fixation
10:25:33.139,845.3,274.4,fixation
10:25:33.1395,846.1,274.2,fixation
10:25:33.14,846.3,273.9,fixation
10:25:33.1405,845.9,273.6,fixation
10:25:33.1410,845.8,273.0,fixation
10:25:33.1415,846.0,272.7,fixation
10:25:33.142,846.4,272.3,fixation
10:25:33.1425,846.8,272.3,fixation
10:25:33.143,847.0,272.9,fixation
10:25:33.1435,847.1,273.7,fixation
10:25:33.1440,847.0,274.1,fixation
10:25:33.1445,847.0,273.6,fixation
10:25:33.145,847.2,273.1,fixation
10:25:33.1455,847.4,272.9,fixation
10:25:33.146,847.5,273.8,fixation
10:25:33.1465,847.1,274.7,fixation
10:25:33.1470,846.4,275.4,fixation
10:25:33.1475,845.9,274.9,fixation
10:25:33.148,845.7,273.3,fixation
10:25:33.1485,846.0,271.9,fixation
10:25:33.149,846.2,271.5,fixation
10:25:33.1495,846.0,272.2,fixation
10:25:33.1500,845.4,273.1,fixation
10:25:33.1505,844.9,273.2,fixation
10:25:33.151,844.9,273.0,fixation
10:25:33.1515,845.5,272.4,fixation
10:25:33.152,846.1,271.1,fixation
10:25:33.1525,846.2,270.1,fixation
10:25:33.1530,845.6,269.6,fixation
10:25:33.1535,844.9,269.7,fixation
10:25:33.154,846.0,269.9,fixation
10:25:33.1545,847.4,269.9,fixation
10:25:33.155,848.1,269.8,fixation
10:25:33.1555,847.4,269.9,fixation
10:25:33.1560,846.6,270.2,fixation
10:25:33.1565,846.5,270.5,fixation
10:25:33.1570,846.4,270.7,fixation
10:25:33.1575,847.0,270.8,fixation
10:25:33.158,847.6,271.1,fixation
10:25:33.1585,847.8,271.3,fixation
10:25:33.159,847.4,271.5,fixation
10:25:33.1595,847.2,271.5,fixation
10:25:33.1600,847.4,271.6,fixation
10:25:33.1605,847.5,270.9,fixation
10:25:33.161,847.4,269.6,fixation
10:25:33.1615,847.3,268.5,fixation
10:25:33.162,846.2,268.3,fixation
10:25:33.1625,844.9,269.3,fixation
10:25:33.1630,843.6,269.9,fixation
10:25:33.1635,843.1,270.7,fixation
10:25:33.164,842.9,271.1,fixation
10:25:33.1645,842.8,271.5,fixation
10:25:33.165,842.5,271.3,fixation
10:25:33.1655,841.9,270.8,fixation
10:25:33.1660,840.4,270.4,fixation
10:25:33.1665,839.3,270.2,fixation
10:25:33.167,839.2,269.9,fixation
10:25:33.1675,839.8,269.6,fixation
10:25:33.168,840.4,270.1,fixation
10:25:33.1685,840.1,271.7,fixation
10:25:33.1690,839.8,273.2,fixation
10:25:33.1695,839.4,273.6,fixation
10:25:33.17,839.1,273.5,fixation
10:25:33.1705,838.8,273.1,fixation
10:25:33.171,839.4,272.8,fixation
10:25:33.1715,840.0,272.9,fixation
10:25:33.1720,840.4,273.2,fixation
10:25:33.1725,840.3,273.4,fixation
10:25:33.173,840.4,273.1,fixation
10:25:33.1735,840.7,273.1,fixation
10:25:33.174,841.6,273.2,fixation
10:25:33.1745,842.4,273.3,fixation
10:25:33.1750,843.0,273.4,fixation
10:25:33.1755,842.8,273.2,fixation
10:25:33.176,842.8,272.1,fixation
10:25:33.1765,843.1,270.9,fixation
10:25:33.177,843.4,271.0,fixation
10:25:33.1775,843.3,272.1,fixation
10:25:33.1780,842.7,272.9,fixation
10:25:33.1785,842.3,272.5,fixation
10:25:33.179,842.2,272.1,fixation
10:25:33.1795,841.9,272.0,fixation
10:25:33.18,841.4,271.8,fixation
10:25:33.1805,840.8,271.7,fixation
10:25:33.1810,840.9,271.0,fixation
10:25:33.1815,841.1,270.3,fixation
10:25:33.182,841.4,270.0,fixation
10:25:33.1825,841.4,270.4,fixation
10:25:33.183,841.1,270.6,fixation
10:25:33.1835,840.8,269.9,fixation
10:25:33.1840,840.3,269.1,fixation
10:25:33.1845,840.0,268.6,fixation
10:25:33.185,839.8,268.6,fixation
10:25:33.1855,839.8,268.9,fixation
10:25:33.186,839.9,269.3,fixation
10:25:33.1865,839.9,269.6,fixation
10:25:33.1870,839.5,269.0,fixation
10:25:33.1875,839.1,268.3,fixation
10:25:33.188,838.8,267.6,fixation
10:25:33.1885,839.0,267.6,fixation
10:25:33.189,839.2,267.8,fixation
10:25:33.1895,839.0,267.9,fixation
10:25:33.1900,838.6,268.5,fixation
10:25:33.1905,838.2,268.8,fixation
10:25:33.191,838.2,269.3,fixation
10:25:33.1915,838.6,269.4,fixation
10:25:33.192,839.0,269.5,fixation
10:25:33.1925,839.3,269.1,fixation
10:25:33.1930,839.4,269.2,fixation
10:25:33.1935,839.8,269.3,fixation
10:25:33.194,839.9,270.2,fixation
10:25:33.1945,839.9,270.7,fixation
10:25:33.195,839.9,271.2,fixation
10:25:33.1955,840.9,270.8,fixation
10:25:33.1960,841.9,269.3,fixation
10:25:33.1965,843.1,267.7,fixation
10:25:33.197,843.7,266.5,fixation
10:25:33.1975,844.3,267.1,fixation
10:25:33.198,844.5,268.0,fixation
10:25:33.1985,845.1,269.0,fixation
10:25:33.1990,845.6,269.3,fixation
10:25:33.1995,846.0,269.5,fixation
10:25:33.2,846.2,269.1,fixation
10:25:33.2005,846.3,268.6,fixation
10:25:33.201,846.4,267.7,fixation
10:25:33.2015,846.3,267.0,fixation
10:25:33.2020,846.2,267.4,fixation
10:25:33.2025,846.0,268.2,fixation
10:25:33.203,845.8,268.6,fixation
10:25:33.2035,845.7,268.3,fixation
10:25:33.204,845.5,268.1,fixation
10:25:33.2045,845.6,267.3,fixation
10:25:33.2050,845.9,266.6,fixation
10:25:33.2055,845.8,266.0,fixation
10:25:33.206,845.8,265.5,fixation
10:25:33.2065,845.9,264.7,fixation
10:25:33.207,846.5,264.0,fixation
10:25:33.2075,846.9,264.3,fixation
10:25:33.2080,846.9,264.5,fixation
10:25:33.2085,846.7,264.6,fixation
10:25:33.209,846.7,265.0,fixation
10:25:33.2095,846.7,265.4,fixation
10:25:33.21,846.7,265.3,fixation
10:25:33.2105,846.9,264.5,fixation
10:25:33.2110,847.0,263.8,fixation
10:25:33.2115,846.7,264.5,fixation
10:25:33.212,846.4,265.6,fixation
10:25:33.2125,845.0,266.3,fixation
10:25:33.213,843.9,266.0,fixation
10:25:33.2135,843.6,265.3,fixation
10:25:33.2140,844.4,264.9,fixation
10:25:33.2145,845.1,264.7,fixation
10:25:33.215,845.1,264.9,fixation
10:25:33.2155,845.0,265.3,fixation
10:25:33.216,845.3,265.8,fixation
10:25:33.2165,845.7,266.2,fixation
10:25:33.2170,845.4,266.3,fixation
10:25:33.2175,844.7,266.3,fixation
10:25:33.218,844.1,266.4,fixation
10:25:33.2185,844.2,265.9,fixation
10:25:33.219,844.2,265.7,fixation
10:25:33.2195,844.1,265.7,fixation
10:25:33.22,843.9,266.3,fixation
10:25:33.2205,843.8,266.8,fixation
10:25:33.2210,843.8,267.1,fixation
10:25:33.2215,843.8,267.9,fixation
10:25:33.222,843.8,268.3,fixation
10:25:33.2225,843.9,268.3,fixation
10:25:33.223,844.0,267.8,fixation
10:25:33.2235,843.7,267.8,fixation
10:25:33.2240,843.2,268.0,fixation
10:25:33.2245,842.7,267.8,fixation
10:25:33.225,842.7,267.4,fixation
10:25:33.2255,842.8,266.7,fixation
10:25:33.226,842.8,266.6,fixation
10:25:33.2265,843.3,266.5,fixation
10:25:33.2270,843.9,266.3,fixation
10:25:33.2275,844.3,266.1,fixation
10:25:33.228,844.1,266.0,fixation
10:25:33.2285,844.0,266.1,fixation
10:25:33.229,844.2,266.2,fixation
10:25:33.2295,844.2,266.2,fixation
10:25:33.2300,844.2,266.2,fixation
10:25:33.2305,844.3,265.4,fixation
10:25:33.231,844.5,264.7,fixation
10:25:33.2315,844.7,263.9,fixation
10:25:33.232,843.6,263.9,fixation
10:25:33.2325,842.4,263.9,fixation
10:25:33.2330,841.3,263.6,fixation
10:25:33.2335,841.4,263.2,fixation
10:25:33.234,842.5,263.7,fixation
10:25:33.2345,843.6,264.6,fixation
10:25:33.235,844.2,265.5,fixation
10:25:33.2355,843.9,265.6,fixation
10:25:33.2360,844.0,264.7,fixation
10:25:33.2365,844.6,263.8,fixation
10:25:33.237,844.7,262.9,fixation
10:25:33.2375,844.6,262.9,fixation
10:25:33.238,844.4,262.9,fixation
10:25:33.2385,844.6,262.7,fixation
10:25:33.2390,844.0,262.4,fixation
10:25:33.2395,843.3,263.0,fixation
10:25:33.24,842.6,263.9,fixation
10:25:33.2405,842.1,264.7,fixation
10:25:33.241,841.8,265.1,fixation
10:25:33.2415,841.4,265.7,fixation
10:25:33.2420,841.3,266.3,fixation
10:25:33.2425,840.6,266.6,fixation
10:25:33.243,839.9,266.4,fixation
10:25:33.2435,839.8,266.0,fixation
10:25:33.244,840.4,265.5,fixation
10:25:33.2445,840.9,265.4,fixation
10:25:33.2450,840.9,265.6,fixation
10:25:33.2455,840.7,265.9,fixation
10:25:33.246,840.6,264.9,fixation
10:25:33.2465,840.7,264.0,fixation
10:25:33.247,841.0,263.6,fixation
10:25:33.2475,841.2,264.3,fixation
10:25:33.2480,841.6,265.5,fixation
10:25:33.2485,842.0,266.6,fixation
10:25:33.249,842.5,267.7,fixation
10:25:33.2495,842.8,268.3,fixation
10:25:33.25,843.0,268.4,fixation
10:25:33.2505,842.9,268.4,fixation
10:25:33.2510,843.1,267.8,fixation
10:25:33.2515,843.2,266.9,fixation
10:25:33.252,843.2,266.1,fixation
10:25:33.2525,842.4,266.1,fixation
10:25:33.253,842.0,266.5,fixation
10:25:33.2535,841.7,266.8,fixation
10:25:33.2540,841.9,265.9,fixation
10:25:33.2545,842.0,264.9,fixation
10:25:33.255,842.0,263.8,fixation
10:25:33.2555,841.6,263.9,fixation
10:25:33.256,841.2,263.8,fixation
10:25:33.2565,840.8,263.6,fixation
10:25:33.2570,841.0,263.3,fixation
10:25:33.2575,841.7,263.1,fixation
10:25:33.258,842.5,263.2,fixation
10:25:33.2585,843.3,263.4,fixation
10:25:33.259,843.8,263.7,fixation
10:25:33.2595,844.0,264.5,fixation
10:25:33.2600,843.7,266.0,fixation
10:25:33.2605,843.5,267.5,fixation
10:25:33.261,843.6,266.6,fixation
10:25:33.2615,843.8,265.5,fixation
10:25:33.262,843.3,265.0,fixation
10:25:33.2625,842.6,266.0,fixation
10:25:33.2630,842.6,265.9,fixation
10:25:33.2635,843.2,265.4,fixation
10:25:33.264,843.8,265.3,fixation
10:25:33.2645,843.3,267.2,fixation
10:25:33.265,842.9,269.2,fixation
10:25:33.2655,843.0,268.8,fixation
10:25:33.2660,843.5,266.9,fixation
10:25:33.2665,843.8,266.4,fixation
10:25:33.267,843.3,267.9,fixation
10:25:33.2675,842.6,269.1,fixation
10:25:33.268,842.1,268.9,fixation
10:25:33.2685,842.1,269.0,fixation
10:25:33.2690,842.4,269.4,fixation
10:25:33.2695,842.6,269.8,fixation
10:25:33.27,842.6,269.9,fixation
10:25:33.2705,842.6,270.1,fixation
10:25:33.271,842.6,270.2,fixation
10:25:33.2715,842.7,269.7,fixation
10:25:33.2720,842.9,269.5,fixation
10:25:33.2725,843.0,269.8,fixation
10:25:33.273,843.1,270.3,fixation
10:25:33.2735,843.1,270.5,fixation
10:25:33.274,842.9,270.3,fixation
10:25:33.2745,842.8,270.3,fixation
10:25:33.2750,842.7,271.5,fixation
10:25:33.2755,842.6,272.7,fixation
10:25:33.276,842.6,273.0,fixation
10:25:33.2765,842.5,272.1,fixation
10:25:33.277,842.6,270.6,fixation
10:25:33.2775,842.7,270.2,fixation
10:25:33.2780,842.5,269.9,fixation
10:25:33.2785,842.1,269.9,fixation
10:25:33.279,841.4,269.8,fixation
10:25:33.2795,840.9,270.0,fixation
10:25:33.28,840.8,271.0,fixation
10:25:33.2805,841.9,271.9,fixation
10:25:33.2810,842.9,272.3,fixation
10:25:33.2815,843.5,271.6,fixation
10:25:33.2820,843.5,270.2,fixation
10:25:33.2825,843.5,268.9,fixation
10:25:33.283,843.6,268.3,fixation
10:25:33.2835,843.6,268.4,fixation
10:25:33.284,843.6,268.5,fixation
10:25:33.2845,843.6,268.4,fixation
10:25:33.2850,843.6,268.5,fixation
10:25:33.2855,843.6,268.7,fixation
10:25:33.286,843.9,268.9,fixation
10:25:33.2865,844.1,269.1,fixation
10:25:33.287,844.1,269.3,fixation
10:25:33.2875,843.5,269.4,fixation
10:25:33.2880,843.0,269.4,fixation
10:25:33.2885,842.9,269.5,fixation
10:25:33.289,843.0,270.1,fixation
10:25:33.2895,843.1,271.2,fixation
10:25:33.29,843.2,272.2,fixation
10:25:33.2905,843.1,272.3,fixation
10:25:33.2910,843.2,271.5,fixation
10:25:33.2915,843.3,270.7,fixation
10:25:33.292,843.8,270.2,fixation
10:25:33.2925,844.3,270.5,fixation
10:25:33.293,845.0,270.8,fixation
10:25:33.2935,845.2,271.0,fixation
10:25:33.2940,845.1,271.0,fixation
10:25:33.2945,844.9,271.4,fixation
10:25:33.295,844.5,271.8,fixation
10:25:33.2955,845.4,272.1,fixation
10:25:33.296,846.4,272.1,fixation
10:25:33.2965,846.5,272.0,fixation
10:25:33.2970,845.6,271.4,fixation
10:25:33.2975,844.8,270.7,fixation
10:25:33.298,844.8,268.9,fixation
10:25:33.2985,844.8,267.8,fixation
10:25:33.299,844.6,266.7,fixation
10:25:33.2995,843.8,267.4,fixation
10:25:33.3000,843.0,268.0,fixation
10:25:33.3005,842.6,268.6,fixation
10:25:33.301,842.6,268.8,fixation
10:25:33.3015,842.6,269.0,fixation
10:25:33.302,842.9,269.2,fixation
10:25:33.3025,843.1,269.8,fixation
10:25:33.3030,843.5,270.3,fixation
10:25:33.3035,843.8,269.3,fixation
10:25:33.304,843.9,267.9,fixation
10:25:33.3045,843.7,268.4,fixation
10:25:33.305,843.6,270.3,fixation
10:25:33.3055,843.8,271.3,fixation
10:25:33.3060,844.3,270.5,fixation
10:25:33.3065,844.7,269.7,fixation
10:25:33.307,844.8,269.8,fixation
10:25:33.3075,844.7,269.8,fixation
10:25:33.308,844.5,269.9,fixation
10:25:33.3085,844.3,270.1,fixation
10:25:33.3090,844.4,270.2,fixation
10:25:33.3095,844.8,268.5,fixation
10:25:33.31,845.9,266.7,fixation
10:25:33.3105,846.8,265.0,fixation
10:25:33.311,847.4,265.1,fixation
10:25:33.3115,847.2,265.5,fixation
10:25:33.3120,846.9,265.9,fixation
10:25:33.3125,846.9,266.3,fixation
10:25:33.313,847.1,267.6,fixation
10:25:33.3135,847.4,268.9,fixation
10:25:33.314,848.3,270.1,fixation
10:25:33.3145,848.9,269.9,fixation
10:25:33.3150,849.3,269.7,fixation
10:25:33.3155,848.7,269.5,fixation
10:25:33.316,848.0,270.2,fixation
10:25:33.3165,847.6,271.3,fixation
10:25:33.317,847.5,272.4,fixation
10:25:33.3175,847.4,272.8,fixation
10:25:33.3180,847.4,272.0,fixation
10:25:33.3185,847.3,271.2,fixation
10:25:33.319,846.7,270.5,fixation
10:25:33.3195,846.0,269.8,fixation
10:25:33.32,845.4,269.1,fixation
10:25:33.3205,846.3,269.2,fixation
10:25:33.3210,847.4,270.1,fixation
10:25:33.3215,847.5,270.4,fixation
10:25:33.322,846.5,269.8,fixation
10:25:33.3225,845.5,269.8,fixation
10:25:33.323,845.2,270.5,fixation
10:25:33.3235,845.1,271.2,fixation
10:25:33.3240,844.9,272.2,fixation
10:25:33.3245,845.0,273.3,fixation
10:25:33.325,845.5,272.9,fixation
10:25:33.3255,846.1,271.4,fixation
10:25:33.326,846.3,270.2,fixation
10:25:33.3265,845.9,270.5,fixation
10:25:33.3270,845.6,270.8,fixation
10:25:33.3275,845.6,270.7,fixation
10:25:33.328,845.8,271.0,fixation
10:25:33.3285,845.9,271.3,fixation
10:25:33.329,845.7,271.0,fixation
10:25:33.3295,845.6,270.2,fixation
10:25:33.3300,845.5,269.0,fixation
10:25:33.3305,845.5,268.2,fixation
10:25:33.331,845.9,267.3,fixation
10:25:33.3315,846.2,267.4,fixation
10:25:33.332,846.5,267.8,fixation
10:25:33.3325,846.0,268.2,fixation
10:25:33.3330,845.3,268.1,fixation
10:25:33.3335,844.5,268.0,fixation
10:25:33.334,844.5,267.1,fixation
10:25:33.3345,844.7,265.7,fixation
10:25:33.335,844.9,264.5,fixation
10:25:33.3355,844.8,264.2,fixation
10:25:33.3360,844.6,265.1,fixation
10:25:33.3365,844.6,266.0,fixation
10:25:33.337,844.8,266.7,fixation
10:25:33.3375,845.0,266.8,fixation
10:25:33.338,844.9,266.9,fixation
10:25:33.3385,844.8,265.6,fixation
10:25:33.3390,844.7,264.3,fixation
10:25:33.3395,844.7,264.1,fixation
10:25:33.34,844.6,265.2,fixation
10:25:33.3405,845.2,266.2,fixation
10:25:33.341,845.4,266.1,fixation
10:25:33.3415,845.2,266.1,fixation
10:25:33.3420,844.5,265.8,fixation
10:25:33.3425,844.1,265.6,fixation
10:25:33.343,844.0,265.6,fixation
10:25:33.3435,843.9,265.8,fixation
10:25:33.344,844.2,265.6,fixation
10:25:33.3445,844.5,265.0,fixation
10:25:33.345,844.5,264.5,fixation
10:25:33.3455,844.2,264.3,fixation
10:25:33.3460,843.9,264.5,fixation
10:25:33.3465,843.4,264.4,fixation
10:25:33.347,843.1,264.3,fixation
10:25:33.3475,842.8,264.2,fixation
10:25:33.348,842.8,264.0,fixation
10:25:33.3485,842.8,263.8,fixation
10:25:33.3490,842.7,263.5,fixation
10:25:33.3495,842.3,263.4,fixation
10:25:33.35,841.7,263.4,fixation
10:25:33.3505,840.6,263.3,fixation
10:25:33.351,840.1,262.6,fixation
10:25:33.3515,840.0,261.4,fixation
10:25:33.3520,840.4,259.3,fixation
10:25:33.3525,840.5,257.9,fixation
10:25:33.353,840.1,257.0,fixation
10:25:33.3535,839.6,257.4,fixation
10:25:33.354,839.3,258.3,fixation
10:25:33.3545,839.3,259.1,fixation
10:25:33.3550,839.4,259.7,fixation
10:25:33.3555,839.7,259.9,fixation
10:25:33.356,840.7,260.0,fixation
10:25:33.3565,841.8,259.9,fixation
10:25:33.357,842.3,259.5,fixation
10:25:33.3575,842.2,258.8,fixation
10:25:33.3580,842.1,257.8,fixation
10:25:33.3585,841.9,257.1,fixation
10:25:33.359,841.8,256.6,fixation
10:25:33.3595,841.6,256.6,fixation
10:25:33.36,841.6,256.6,fixation
10:25:33.3605,841.6,256.9,fixation
10:25:33.3610,841.4,257.1,fixation
10:25:33.3615,841.3,257.0,fixation
10:25:33.362,840.9,256.7,fixation
10:25:33.3625,840.6,256.6,fixation
10:25:33.363,840.2,256.4,fixation
10:25:33.3635,840.2,254.7,fixation
10:25:33.3640,840.3,253.1,fixation
10:25:33.3645,840.4,251.7,fixation
10:25:33.365,840.4,253.1,fixation
10:25:33.3655,840.3,254.4,fixation
10:25:33.366,839.6,254.9,fixation
10:25:33.3665,839.0,254.0,fixation
10:25:33.3670,838.3,254.0,fixation
10:25:33.3675,838.2,255.0,fixation
10:25:33.368,839.3,256.0,fixation
10:25:33.3685,840.5,256.1,fixation
10:25:33.369,841.0,257.5,fixation
10:25:33.3695,840.2,258.8,fixation
10:25:33.3700,839.2,260.1,fixation
10:25:33.3705,838.8,260.2,fixation
10:25:33.371,838.7,260.5,fixation
10:25:33.3715,838.7,260.6,fixation
10:25:33.372,838.8,260.7,fixation
10:25:33.3725,838.7,260.3,fixation
10:25:33.3730,838.4,260.1,fixation
10:25:33.3735,837.2,259.2,fixation
10:25:33.374,836.1,258.5,fixation
10:25:33.3745,835.1,257.9,fixation
10:25:33.375,835.0,258.1,fixation
10:25:33.3755,834.9,258.5,fixation
10:25:33.3760,834.8,259.0,fixation
10:25:33.3765,835.0,258.5,fixation
10:25:33.377,835.3,257.5,fixation
10:25:33.3775,835.5,257.2,fixation
10:25:33.378,835.5,258.7,fixation
10:25:33.3785,835.4,260.2,fixation
10:25:33.3790,835.3,260.7,fixation
10:25:33.3795,835.3,260.3,fixation
10:25:33.38,835.4,259.8,fixation
10:25:33.3805,834.6,259.7,fixation
10:25:33.381,833.8,259.8,fixation
10:25:33.3815,834.3,260.0,fixation
10:25:33.3820,835.6,259.9,fixation
10:25:33.3825,836.8,259.9,fixation
10:25:33.383,836.7,260.3,fixation
10:25:33.3835,836.7,260.6,fixation
10:25:33.384,836.6,260.7,fixation
10:25:33.3845,836.6,260.4,fixation
10:25:33.3850,836.4,261.3,fixation
10:25:33.3855,836.0,262.7,fixation
10:25:33.386,834.9,264.2,fixation
10:25:33.3865,833.9,264.4,fixation
10:25:33.387,833.0,264.1,fixation
10:25:33.3875,832.6,264.1,fixation
10:25:33.3880,832.2,264.1,fixation
10:25:33.3885,831.7,263.7,fixation
10:25:33.389,831.6,263.1,fixation
10:25:33.3895,831.7,263.7,fixation
10:25:33.39,831.9,264.8,fixation
10:25:33.3905,832.0,265.9,fixation
10:25:33.3910,832.2,265.8,fixation
10:25:33.3915,833.0,265.7,fixation
10:25:33.392,833.8,265.7,fixation
10:25:33.3925,834.4,265.7,fixation
10:25:33.393,834.3,266.2,fixation
10:25:33.3935,833.9,267.4,fixation
10:25:33.3940,832.8,268.8,fixation
10:25:33.3945,831.7,270.2,fixation
10:25:33.395,830.9,271.0,fixation
10:25:33.3955,830.7,271.0,fixation
10:25:33.396,830.4,270.5,fixation
10:25:33.3965,829.9,269.8,fixation
10:25:33.3970,829.8,269.6,fixation
10:25:33.3975,829.6,269.4,fixation
10:25:33.398,829.9,269.5,fixation
10:25:33.3985,830.1,269.8,fixation
10:25:33.399,830.3,270.3,fixation
10:25:33.3995,830.5,270.8,fixation
10:25:33.4000,830.9,270.8,fixation
10:25:33.4005,831.3,270.7,fixation
10:25:33.401,831.4,270.8,fixation
10:25:33.4015,830.5,271.3,fixation
10:25:33.402,829.7,271.8,fixation
10:25:33.4025,828.9,272.1,fixation
10:25:33.4030,829.0,273.2,fixation
10:25:33.4035,829.0,274.4,fixation
10:25:33.404,828.4,274.8,fixation
10:25:33.4045,827.9,274.0,fixation
10:25:33.405,827.3,273.2,fixation
10:25:33.4055,827.3,273.3,fixation
10:25:33.4060,827.8,273.5,fixation
10:25:33.4065,828.2,273.6,fixation
10:25:33.4070,829.7,273.3,fixation
10:25:33.4075,830.6,273.0,fixation
10:25:33.408,831.7,273.3,fixation
10:25:33.4085,831.8,274.0,fixation
10:25:33.409,830.7,274.6,fixation
10:25:33.4095,829.4,274.1,fixation
10:25:33.4100,827.7,273.0,fixation
10:25:33.4105,827.2,272.0,fixation
10:25:33.411,827.0,271.1,fixation
10:25:33.4115,827.4,270.7,fixation
10:25:33.412,827.6,270.9,fixation
10:25:33.4125,827.9,271.5,fixation
10:25:33.4130,828.0,272.2,fixation
10:25:33.4135,828.1,272.2,fixation
10:25:33.414,828.4,272.4,fixation
10:25:33.4145,828.9,272.5,fixation
10:25:33.415,829.7,272.7,fixation
10:25:33.4155,830.4,273.5,fixation
10:25:33.4160,831.2,274.3,fixation
10:25:33.4165,831.7,275.3,fixation
10:25:33.417,831.2,276.6,fixation
10:25:33.4175,830.5,278.0,fixation
10:25:33.418,828.9,278.7,fixation
10:25:33.4185,827.9,278.2,fixation
10:25:33.4190,826.8,277.7,fixation
10:25:33.4195,826.7,277.7,fixation
10:25:33.42,826.7,277.6,fixation
10:25:33.4205,826.8,277.8,fixation
10:25:33.421,826.9,278.1,fixation
10:25:33.4215,827.0,278.3,fixation
10:25:33.4220,827.1,278.2,fixation
10:25:33.4225,827.2,278.3,fixation
10:25:33.423,827.1,278.7,fixation
10:25:33.4235,827.5,279.3,fixation
10:25:33.424,828.3,280.7,fixation
10:25:33.4245,828.9,281.8,fixation
10:25:33.4250,828.9,282.6,fixation
10:25:33.4255,828.4,282.6,fixation
10:25:33.426,828.2,282.6,fixation
10:25:33.4265,828.0,284.5,fixation
10:25:33.427,828.0,286.5,fixation
10:25:33.4275,828.0,287.4,fixation
10:25:33.4280,828.2,286.1,fixation
10:25:33.4285,828.2,284.8,fixation
10:25:33.429,828.5,284.9,fixation
10:25:33.4295,828.8,285.4,fixation
10:25:33.43,829.3,286.0,fixation
10:25:33.4305,829.4,286.2,fixation
10:25:33.4310,829.6,286.1,fixation
10:25:33.4315,830.2,286.6,fixation
10:25:33.432,830.8,287.1,fixation
10:25:33.4325,831.3,287.6,fixation
10:25:33.433,831.3,287.7,fixation
10:25:33.4335,831.4,286.9,fixation
10:25:33.4340,830.7,286.2,fixation
10:25:33.4345,829.9,286.5,fixation
10:25:33.435,829.1,287.6,fixation
10:25:33.4355,829.2,288.8,fixation
10:25:33.436,829.3,289.1,fixation
10:25:33.4365,829.2,289.5,fixation
10:25:33.4370,828.6,289.9,fixation
10:25:33.4375,828.0,290.1,fixation
10:25:33.438,827.9,289.1,fixation
10:25:33.4385,828.2,288.1,fixation
10:25:33.439,828.4,286.9,fixation
10:25:33.4395,828.5,286.5,fixation
10:25:33.4400,829.0,286.2,fixation
10:25:33.4405,829.7,286.0,fixation
10:25:33.441,830.9,287.1,fixation
10:25:33.4415,831.6,288.1,fixation
10:25:33.442,831.9,290.0,fixation
10:25:33.4425,832.1,290.8,fixation
10:25:33.4430,832.3,291.6,fixation
10:25:33.4435,832.1,291.5,fixation
10:25:33.444,830.7,291.7,fixation
10:25:33.4445,829.3,291.9,fixation
10:25:33.445,828.4,292.1,fixation
10:25:33.4455,828.3,291.6,fixation
10:25:33.4460,828.3,291.0,fixation
10:25:33.4465,827.9,290.3,fixation
10:25:33.447,827.6,290.1,fixation
10:25:33.4475,827.4,290.1,fixation
10:25:33.448,827.4,289.8,fixation
10:25:33.4485,827.5,289.6,fixation
10:25:33.4490,827.7,290.2,fixation
10:25:33.4495,827.9,291.2,fixation
10:25:33.45,828.1,292.3,fixation
10:25:33.4505,828.4,292.5,fixation
10:25:33.451,829.2,292.1,fixation
10:25:33.4515,829.9,291.6,fixation
10:25:33.4520,830.3,291.0,fixation
10:25:33.4525,829.7,291.6,fixation
10:25:33.453,829.3,292.2,fixation
10:25:33.4535,828.8,292.9,fixation
10:25:33.454,828.8,293.0,fixation
10:25:33.4545,828.8,293.1,fixation
10:25:33.4550,828.9,291.8,fixation
10:25:33.4555,829.1,290.6,fixation
10:25:33.456,827.7,289.5,saccade
10:25:33.4565,826.3,291.2,saccade
10:25:33.457,825.6,293.0,saccade
10:25:33.4575,824.9,295.2,saccade
10:25:33.4580,824.9,296.1,saccade
10:25:33.4585,824.7,297.1,saccade
10:25:33.459,824.3,296.9,saccade
10:25:33.4595,824.0,295.5,saccade
10:25:33.46,824.0,293.7,saccade
10:25:33.4605,822.8,292.6,saccade
10:25:33.4610,821.4,292.5,saccade
10:25:33.4615,819.5,292.2,saccade
10:25:33.462,818.6,291.9,saccade
10:25:33.4625,817.8,291.5,saccade
10:25:33.463,817.6,291.2,saccade
10:25:33.4635,815.4,289.1,saccade
10:25:33.4640,812.1,287.0,saccade
10:25:33.4645,808.6,285.2,saccade
10:25:33.465,806.2,284.8,saccade
10:25:33.4655,803.1,283.5,saccade
10:25:33.466,798.6,281.9,saccade
10:25:33.4665,795.2,280.4,saccade
10:25:33.4670,792.2,278.0,saccade
10:25:33.4675,788.1,276.5,saccade
10:25:33.468,784.0,275.1,saccade
10:25:33.4685,780.2,275.5,saccade
10:25:33.469,778.3,273.6,saccade
10:25:33.4695,776.0,271.0,saccade
10:25:33.47,773.2,268.3,saccade
10:25:33.4705,771.0,266.1,saccade
10:25:33.4710,769.2,264.4,saccade
10:25:33.4715,768.1,262.7,saccade
10:25:33.472,767.2,262.5,saccade
10:25:33.4725,766.7,262.2,saccade
10:25:33.473,766.3,261.1,saccade
10:25:33.4735,765.9,260.0,saccade
10:25:33.4740,765.7,258.6,saccade
10:25:33.4745,766.2,258.3,saccade
10:25:33.475,767.3,258.2,saccade
10:25:33.4755,768.1,259.4,saccade
10:25:33.476,768.7,260.5,saccade
10:25:33.4765,769.1,260.7,saccade
10:25:33.4770,770.1,259.9,saccade
10:25:33.4775,771.0,259.1,saccade
10:25:33.478,772.8,259.3,saccade
10:25:33.4785,776.6,260.5,fixation
10:25:33.479,778.3,261.1,fixation
10:25:33.4795,780.2,261.4,fixation
10:25:33.4800,781.5,261.5,fixation
10:25:33.4805,782.6,261.4,fixation
10:25:33.481,783.6,261.3,fixation
10:25:33.4815,784.3,261.1,fixation
10:25:33.482,784.4,261.1,fixation
10:25:33.4825,783.8,262.4,fixation
10:25:33.4830,783.3,263.6,fixation
10:25:33.4835,783.0,263.8,fixation
10:25:33.484,783.0,262.9,fixation
10:25:33.4845,783.2,262.0,fixation
10:25:33.485,783.3,262.0,fixation
10:25:33.4855,783.5,262.3,fixation
10:25:33.4860,783.4,262.9,fixation
10:25:33.4865,783.2,263.5,fixation
10:25:33.487,783.1,263.4,fixation
10:25:33.4875,783.0,263.1,fixation
10:25:33.488,782.5,263.5,fixation
10:25:33.4885,781.9,264.3,fixation
10:25:33.4890,781.3,266.1,fixation
10:25:33.4895,781.1,267.2,fixation
10:25:33.49,780.6,267.2,fixation
10:25:33.4905,780.1,266.1,fixation
10:25:33.491,779.7,264.8,fixation
10:25:33.4915,779.7,264.6,fixation
10:25:33.4920,779.8,264.4,fixation
10:25:33.4925,780.1,264.2,fixation
10:25:33.493,780.6,264.1,fixation
10:25:33.4935,781.1,264.0,fixation
10:25:33.494,781.3,263.9,fixation
10:25:33.4945,781.3,263.8,fixation
10:25:33.4950,781.3,263.7,fixation
10:25:33.4955,781.4,263.5,fixation
10:25:33.496,781.8,263.5,fixation
10:25:33.4965,782.0,265.0,fixation
10:25:33.497,782.1,266.5,fixation
10:25:33.4975,781.9,268.2,fixation
10:25:33.4980,781.8,268.5,fixation
10:25:33.4985,781.5,267.9,fixation
10:25:33.499,781.1,267.2,fixation
10:25:33.4995,780.1,266.8,fixation
10:25:33.5,779.3,267.3,fixation
10:25:33.5005,778.3,267.4,fixation
10:25:33.5010,777.9,267.2,fixation
10:25:33.5015,777.8,267.0,fixation
10:25:33.502,778.0,267.2,fixation
10:25:33.5025,778.1,267.4,fixation
10:25:33.503,778.0,267.2,fixation
10:25:33.5035,778.0,266.7,fixation
10:25:33.5040,777.9,266.4,fixation
10:25:33.5045,778.0,266.5,fixation
10:25:33.505,778.3,266.4,fixation
10:25:33.5055,778.5,266.1,fixation
10:25:33.506,778.5,266.5,fixation
10:25:33.5065,779.3,266.5,fixation
10:25:33.5070,780.1,266.6,fixation
10:25:33.5075,779.9,266.0,fixation
10:25:33.508,779.1,266.1,fixation
10:25:33.5085,778.3,266.1,fixation
10:25:33.509,777.7,266.2,fixation
10:25:33.5095,776.8,266.3,fixation
10:25:33.5100,775.8,266.5,fixation
10:25:33.5105,775.5,266.4,fixation
10:25:33.511,775.4,266.4,fixation
10:25:33.5115,775.3,268.1,fixation
10:25:33.512,775.2,269.8,fixation
10:25:33.5125,775.2,269.9,fixation
10:25:33.5130,775.4,268.4,fixation
10:25:33.5135,775.6,266.6,fixation
10:25:33.514,775.8,266.4,fixation
10:25:33.5145,776.7,265.7,fixation
10:25:33.515,777.5,265.3,fixation
10:25:33.5155,778.3,264.7,fixation
10:25:33.5160,778.3,264.6,fixation
10:25:33.5165,777.9,265.6,fixation
10:25:33.517,777.4,266.8,fixation
10:25:33.5175,776.9,268.3,fixation
10:25:33.518,776.8,269.0,fixation
10:25:33.5185,776.3,269.6,fixation
10:25:33.5190,775.8,269.8,fixation
10:25:33.5195,775.3,269.5,fixation
10:25:33.52,774.9,269.8,fixation
10:25:33.5205,774.5,270.1,fixation
10:25:33.521,773.9,270.1,fixation
10:25:33.5215,773.5,269.7,fixation
10:25:33.5220,773.1,268.9,fixation
10:25:33.5225,772.8,268.7,fixation
10:25:33.523,772.9,268.5,fixation
10:25:33.5235,773.0,268.8,fixation
10:25:33.524,773.1,268.8,fixation
10:25:33.5245,773.2,268.7,fixation
10:25:33.5250,773.4,268.7,fixation
10:25:33.5255,774.3,268.7,fixation
10:25:33.526,775.2,268.4,fixation
10:25:33.5265,775.7,267.7,fixation
10:25:33.527,775.4,266.5,fixation
10:25:33.5275,774.3,265.6,fixation
10:25:33.5280,773.4,265.6,fixation
10:25:33.5285,772.6,266.2,fixation
10:25:33.529,772.5,266.5,fixation
10:25:33.5295,771.6,265.8,fixation
10:25:33.53,770.7,265.1,fixation
10:25:33.5305,769.8,264.9,fixation
10:25:33.5310,770.0,264.9,fixation
10:25:33.5315,769.9,265.0,fixation
10:25:33.5320,769.6,265.0,fixation
10:25:33.5325,769.2,265.1,fixation
10:25:33.533,769.3,265.1,fixation
10:25:33.5335,769.9,265.3,fixation
10:25:33.534,770.7,265.4,fixation
10:25:33.5345,771.3,265.4,fixation
10:25:33.5350,771.5,265.1,fixation
10:25:33.5355,771.0,264.9,fixation
10:25:33.536,770.3,265.9,fixation
10:25:33.5365,769.2,267.2,fixation
10:25:33.537,768.4,268.4,fixation
10:25:33.5375,768.2,268.6,fixation
10:25:33.5380,768.7,268.5,fixation
10:25:33.5385,769.3,268.1,fixation
10:25:33.539,769.5,267.3,fixation
10:25:33.5395,769.9,265.3,fixation
10:25:33.54,770.1,263.5,fixation
10:25:33.5405,770.2,262.4,fixation
10:25:33.5410,770.2,262.5,fixation
10:25:33.5415,770.1,262.7,fixation
10:25:33.542,770.2,262.5,fixation
10:25:33.5425,770.6,262.3,fixation
10:25:33.543,770.8,262.2,fixation
10:25:33.5435,770.9,262.1,fixation
10:25:33.5440,770.7,263.4,fixation
10:25:33.5445,770.6,264.9,fixation
10:25:33.545,770.5,265.5,fixation
10:25:33.5455,770.5,264.6,fixation
10:25:33.546,771.5,263.9,fixation
10:25:33.5465,772.5,264.0,fixation
10:25:33.5470,773.5,264.0,fixation
10:25:33.5475,773.5,263.7,fixation
10:25:33.548,772.6,263.4,fixation
10:25:33.5485,771.6,263.3,fixation
10:25:33.549,770.8,263.1,fixation
10:25:33.5495,771.1,263.4,fixation
10:25:33.5500,771.8,263.7,fixation
10:25:33.5505,772.5,264.1,fixation
10:25:33.551,772.8,263.8,fixation
10:25:33.5515,772.9,263.3,fixation
10:25:33.552,772.4,262.3,fixation
10:25:33.5525,772.0,261.6,fixation
10:25:33.5530,771.5,261.0,fixation
10:25:33.5535,771.7,260.9,fixation
10:25:33.554,771.9,261.0,fixation
10:25:33.5545,771.9,262.2,fixation
10:25:33.555,771.7,263.4,fixation
10:25:33.5555,771.1,263.4,fixation
10:25:33.5560,770.6,262.5,fixation
10:25:33.5565,770.1,261.6,fixation
10:25:33.557,770.0,261.5,fixation
10:25:33.5575,770.0,261.4,fixation
10:25:33.558,770.0,261.9,fixation
10:25:33.5585,770.1,262.7,fixation
10:25:33.5590,770.1,263.5,fixation
10:25:33.5595,770.0,263.7,fixation
10:25:33.56,770.0,263.5,fixation
10:25:33.5605,769.7,263.2,fixation
10:25:33.561,769.2,263.4,fixation
10:25:33.5615,769.3,263.8,fixation
10:25:33.5620,769.9,264.1,fixation
10:25:33.5625,770.6,263.9,fixation
10:25:33.563,770.1,263.7,fixation
10:25:33.5635,769.5,263.6,fixation
10:25:33.564,769.3,263.6,fixation
10:25:33.5645,769.7,264.3,fixation
10:25:33.5650,770.0,265.1,fixation
10:25:33.5655,769.7,265.9,fixation
10:25:33.566,769.5,266.0,fixation
10:25:33.5665,769.1,266.4,fixation
10:25:33.567,768.6,266.7,fixation
10:25:33.5675,768.0,266.9,fixation
10:25:33.5680,767.8,266.8,fixation
10:25:33.5685,767.8,266.3,fixation
10:25:33.569,768.0,266.0,fixation
10:25:33.5695,768.1,265.7,fixation
10:25:33.57,768.2,265.9,fixation
10:25:33.5705,768.1,266.2,fixation
10:25:33.5710,767.9,266.5,fixation
10:25:33.5715,767.5,266.6,fixation
10:25:33.572,767.0,266.7,fixation
10:25:33.5725,766.6,266.9,fixation
10:25:33.573,767.1,266.4,fixation
10:25:33.5735,767.6,266.2,fixation
10:25:33.5740,768.2,266.0,fixation
10:25:33.5745,768.4,265.6,fixation
10:25:33.575,768.5,265.3,fixation
10:25:33.5755,767.7,265.1,fixation
10:25:33.576,766.8,265.3,fixation
10:25:33.5765,765.4,265.4,fixation
10:25:33.5770,765.1,265.9,fixation
10:25:33.5775,765.0,266.4,fixation
10:25:33.578,765.5,267.3,fixation
10:25:33.5785,765.6,267.7,fixation
10:25:33.579,765.4,268.1,fixation
10:25:33.5795,765.2,266.9,fixation
10:25:33.5800,764.9,265.7,fixation
10:25:33.5805,764.6,264.6,fixation
10:25:33.581,764.2,264.6,fixation
10:25:33.5815,763.9,264.6,fixation
10:25:33.582,763.9,264.0,fixation
10:25:33.5825,763.9,263.3,fixation
10:25:33.5830,764.1,262.6,fixation
10:25:33.5835,764.6,262.9,fixation
10:25:33.584,765.1,262.9,fixation
10:25:33.5845,764.7,263.1,fixation
10:25:33.585,763.9,263.0,fixation
10:25:33.5855,762.8,262.4,fixation
10:25:33.5860,762.5,261.7,fixation
10:25:33.5865,762.1,262.0,fixation
10:25:33.587,761.9,263.1,fixation
10:25:33.5875,762.2,263.9,fixation
10:25:33.588,762.5,263.6,fixation
10:25:33.5885,762.5,264.4,fixation
10:25:33.5890,761.8,265.8,fixation
10:25:33.5895,760.5,267.1,fixation
10:25:33.59,759.1,266.7,fixation
10:25:33.5905,758.1,265.9,fixation
10:25:33.591,757.8,265.2,fixation
10:25:33.5915,757.8,265.0,fixation
10:25:33.5920,757.9,264.9,fixation
10:25:33.5925,758.6,265.8,fixation
10:25:33.593,759.0,266.8,fixation
10:25:33.5935,759.7,266.9,fixation
10:25:33.594,759.6,266.0,fixation
10:25:33.5945,759.8,264.6,fixation
10:25:33.595,759.9,264.1,fixation
10:25:33.5955,760.1,263.5,fixation
10:25:33.5960,760.2,263.2,fixation
10:25:33.5965,760.3,263.1,fixation
10:25:33.597,760.6,263.5,fixation
10:25:33.5975,761.0,264.4,fixation
10:25:33.598,761.3,265.4,fixation
10:25:33.5985,761.3,264.3,fixation
10:25:33.5990,761.3,262.8,fixation
10:25:33.5995,761.2,262.0,fixation
10:25:33.6,760.8,263.3,fixation
10:25:33.6005,760.4,264.6,fixation
10:25:33.601,760.2,265.1,fixation
10:25:33.6015,760.1,265.1,fixation
10:25:33.6020,760.3,264.8,fixation
10:25:33.6025,760.8,264.5,fixation
10:25:33.603,761.2,263.8,fixation
10:25:33.6035,761.4,263.5,fixation
10:25:33.604,761.3,262.7,fixation
10:25:33.6045,761.9,262.3,fixation
10:25:33.6050,762.5,262.6,fixation
10:25:33.6055,763.1,263.3,fixation
10:25:33.606,762.8,264.1,fixation
10:25:33.6065,762.4,264.1,fixation
10:25:33.607,761.5,263.8,fixation
10:25:33.6075,760.9,263.3,fixation
10:25:33.6080,760.5,263.1,fixation
10:25:33.6085,760.5,262.1,fixation
10:25:33.609,762.2,261.2,fixation
10:25:33.6095,764.4,261.4,fixation
10:25:33.61,766.6,262.5,fixation
10:25:33.6105,767.0,263.6,fixation
10:25:33.6110,766.7,263.6,fixation
10:25:33.6115,766.3,263.5,fixation
10:25:33.612,765.5,263.2,fixation
10:25:33.6125,764.8,262.9,fixation
10:25:33.613,764.2,262.3,fixation
10:25:33.6135,764.3,261.9,fixation
10:25:33.6140,764.1,262.0,fixation
10:25:33.6145,763.9,262.6,fixation
10:25:33.615,763.7,263.1,fixation
10:25:33.6155,763.7,262.5,fixation
10:25:33.616,763.8,262.0,fixation
10:25:33.6165,764.0,261.4,fixation
10:25:33.6170,764.4,261.3,fixation
10:25:33.6175,764.6,261.2,fixation
10:25:33.618,764.7,260.9,fixation
10:25:33.6185,764.9,260.4,fixation
10:25:33.619,765.1,260.0,fixation
10:25:33.6195,765.3,259.7,fixation
10:25:33.6200,765.6,259.5,fixation
10:25:33.6205,765.8,259.7,fixation
10:25:33.621,766.0,260.5,fixation
10:25:33.6215,765.8,261.3,fixation
10:25:33.622,765.7,261.8,fixation
10:25:33.6225,764.8,261.9,fixation
10:25:33.6230,764.0,261.8,fixation
10:25:33.6235,762.9,261.3,fixation
10:25:33.624,762.6,260.8,fixation
10:25:33.6245,762.2,260.5,fixation
10:25:33.625,762.5,260.4,fixation
10:25:33.6255,763.8,261.3,fixation
10:25:33.6260,765.1,262.3,fixation
10:25:33.6265,765.9,263.2,fixation
10:25:33.627,765.9,263.1,fixation
10:25:33.6275,765.9,262.9,fixation
10:25:33.628,765.7,262.7,fixation
10:25:33.6285,765.0,263.9,fixation
10:25:33.6290,764.5,265.2,fixation
10:25:33.6295,764.2,266.0,fixation
10:25:33.63,763.7,265.1,fixation
10:25:33.6305,763.2,264.1,fixation
10:25:33.631,763.0,263.6,fixation
10:25:33.6315,763.6,263.6,fixation
10:25:33.6320,763.9,264.0,fixation
10:25:33.6325,763.8,264.4,fixation
10:25:33.633,763.7,264.7,fixation
10:25:33.6335,763.5,264.6,fixation
10:25:33.634,762.7,264.6,fixation
10:25:33.6345,761.5,264.6,fixation
10:25:33.6350,759.9,263.8,fixation
10:25:33.6355,759.2,262.8,fixation
10:25:33.636,758.9,261.7,fixation
10:25:33.6365,759.0,261.6,fixation
10:25:33.637,758.7,261.9,fixation
10:25:33.6375,758.3,263.8,fixation
10:25:33.6380,758.0,265.5,fixation
10:25:33.6385,758.1,265.9,fixation
10:25:33.639,758.2,264.6,fixation
10:25:33.6395,758.1,264.1,fixation
10:25:33.64,758.0,264.8,fixation
10:25:33.6405,758.1,265.5,fixation
10:25:33.6410,758.2,265.5,fixation
10:25:33.6415,758.3,265.7,fixation
10:25:33.642,758.0,266.0,fixation
10:25:33.6425,757.2,266.4,fixation
10:25:33.643,756.5,265.9,fixation
10:25:33.6435,756.2,265.2,fixation
10:25:33.6440,756.1,264.4,fixation
10:25:33.6445,756.0,264.5,fixation
10:25:33.645,756.1,264.6,fixation
10:25:33.6455,757.2,264.7,fixation
10:25:33.646,758.0,265.0,fixation
10:25:33.6465,758.7,265.4,fixation
10:25:33.6470,758.3,266.2,fixation
10:25:33.6475,758.2,266.6,fixation
10:25:33.648,757.3,266.9,fixation
10:25:33.6485,756.5,266.8,fixation
10:25:33.649,756.6,267.2,fixation
10:25:33.6495,758.2,267.7,fixation
10:25:33.6500,760.7,268.2,fixation
10:25:33.6505,762.1,268.4,fixation
10:25:33.651,762.8,268.8,fixation
10:25:33.6515,762.6,269.6,fixation
10:25:33.652,762.9,270.1,fixation
10:25:33.6525,764.1,270.3,fixation
10:25:33.6530,765.1,270.2,fixation
10:25:33.6535,766.2,271.1,fixation
10:25:33.654,768.1,272.1,fixation
10:25:33.6545,770.4,273.9,fixation
10:25:33.655,772.3,275.8,fixation
10:25:33.6555,772.5,277.8,fixation
10:25:33.6560,772.4,277.7,fixation
10:25:33.6565,772.4,276.4,fixation
10:25:33.6570,772.3,274.7,fixation
10:25:33.6575,770.2,274.0,fixation
10:25:33.658,767.2,272.2,fixation
10:25:33.6585,763.1,270.5,fixation
10:25:33.659,761.0,267.7,fixation
10:25:33.6595,760.6,265.9,fixation
10:25:33.6600,761.4,264.8,fixation
10:25:33.6605,764.7,265.3,fixation
10:25:33.661,776.2,268.3,saccade
10:25:33.6615,782.6,268.6,saccade
10:25:33.662,788.2,268.0,saccade
10:25:33.6625,791.6,267.4,saccade
10:25:33.6630,791.4,268.1,saccade
10:25:33.6635,788.0,269.0,saccade
10:25:33.664,781.8,271.2,saccade
10:25:33.6645,774.7,272.8,saccade
10:25:33.665,766.7,274.1,saccade
10:25:33.6655,759.2,274.4,saccade
10:25:33.6660,753.7,276.3,saccade
10:25:33.6665,751.0,279.7,saccade
10:25:33.667,751.3,282.8,saccade
10:25:33.6675,755.3,284.4,saccade
10:25:33.668,760.2,284.5,saccade
10:25:33.6685,764.5,285.9,saccade
10:25:33.6690,765.1,288.8,saccade
10:25:33.6695,765.4,291.7,saccade
10:25:33.67,765.4,293.9,saccade
10:25:33.6705,765.5,294.9,saccade
10:25:33.671,765.4,295.8,saccade
10:25:33.6715,765.1,295.0,saccade
10:25:33.6720,763.9,293.3,saccade
10:25:33.6725,762.4,291.4,saccade
10:25:33.673,761.4,288.4,saccade
10:25:33.6735,760.5,284.9,saccade
10:25:33.674,758.1,281.9,saccade
10:25:33.6745,753.4,281.3,saccade
10:25:33.6750,747.1,280.2,saccade
10:25:33.6755,739.2,278.1,saccade
10:25:33.676,731.9,273.2,saccade
10:25:33.6765,724.7,266.7,saccade
10:25:33.677,719.3,258.5,saccade
10:25:33.6775,713.8,247.2,saccade
10:25:33.6780,708.3,233.7,saccade
10:25:33.6785,700.7,220.9,saccade
10:25:33.679,692.4,211.6,saccade
10:25:33.6795,681.1,204.2,saccade
10:25:33.68,670.8,197.3,saccade
10:25:33.6805,660.6,192.8,saccade
10:25:33.6810,652.0,193.7,saccade
10:25:33.6815,642.0,199.8,saccade
10:25:33.682,629.0,211.4,saccade
10:25:33.6825,619.2,226.2,saccade
10:25:33.683,610.9,244.7,saccade
10:25:33.6835,605.8,267.0,saccade
10:25:33.6840,599.9,294.4,saccade
10:25:33.6845,596.3,322.7,saccade
10:25:33.685,591.0,366.9,saccade
10:25:33.6855,584.9,417.8,saccade
10:25:33.686,579.0,463.7,saccade
10:25:33.6865,576.0,482.9,saccade
10:25:33.6870,.,.,blink
10:25:33.6875,.,.,blink
10:25:33.688,.,.,blink
10:25:33.6885,.,.,blink
10:25:33.689,.,.,blink
10:25:33.6895,.,.,blink
10:25:33.6900,.,.,blink
10:25:33.6905,.,.,blink
10:25:33.691,.,.,blink
10:25:33.6915,.,.,blink
10:25:33.692,.,.,blink
10:25:33.6925,.,.,blink
10:25:33.6930,.,.,blink
10:25:33.6935,.,.,blink
10:25:33.694,.,.,blink
10:25:33.6945,.,.,blink
10:25:33.695,.,.,blink
10:25:33.6955,.,.,blink
10:25:33.6960,.,.,blink
10:25:33.6965,.,.,blink
10:25:33.697,.,.,blink
10:25:33.6975,.,.,blink
10:25:33.698,.,.,blink
10:25:33.6985,.,.,blink
10:25:33.6990,.,.,blink
10:25:33.6995,.,.,blink
10:25:33.7,.,.,blink
10:25:33.7005,.,.,blink
10:25:33.701,.,.,blink
10:25:33.7015,.,.,blink
10:25:33.7020,.,.,blink
10:25:33.7025,.,.,blink
10:25:33.703,.,.,blink
10:25:33.7035,.,.,blink
10:25:33.704,.,.,blink
10:25:33.7045,.,.,blink
10:25:33.7050,.,.,blink
10:25:33.7055,.,.,blink
10:25:33.706,.,.,blink
10:25:33.7065,.,.,blink
10:25:33.707,.,.,blink
10:25:33.7075,.,.,blink
10:25:33.7080,.,.,blink
10:25:33.7085,.,.,blink
10:25:33.709,.,.,blink
10:25:33.7095,.,.,blink
10:25:33.71,.,.,blink
10:25:33.7105,.,.,blink
10:25:33.7110,.,.,blink
10:25:33.7115,.,.,blink
10:25:33.712,.,.,blink
10:25:33.7125,.,.,blink
10:25:33.713,.,.,blink
10:25:33.7135,.,.,blink
10:25:33.7140,.,.,blink
10:25:33.7145,.,.,blink
10:25:33.715,.,.,blink
10:25:33.7155,.,.,blink
10:25:33.716,.,.,blink
10:25:33.7165,.,.,blink
10:25:33.7170,.,.,blink
10:25:33.7175,.,.,blink
10:25:33.718,.,.,blink
10:25:33.7185,.,.,blink
10:25:33.719,.,.,blink
10:25:33.7195,.,.,blink
10:25:33.72,.,.,blink
10:25:33.7205,.,.,blink
10:25:33.7210,.,.,blink
10:25:33.7215,.,.,blink
10:25:33.722,.,.,blink
10:25:33.7225,.,.,blink
10:25:33.723,.,.,blink
10:25:33.7235,.,.,blink
10:25:33.7240,.,.,blink
10:25:33.7245,.,.,blink
10:25:33.725,.,.,blink
10:25:33.7255,.,.,blink
10:25:33.726,.,.,blink
10:25:33.7265,.,.,blink
10:25:33.7270,.,.,blink
10:25:33.7275,.,.,blink
10:25:33.728,.,.,blink
10:25:33.7285,.,.,blink
10:25:33.729,.,.,blink
10:25:33.7295,.,.,blink
10:25:33.7300,.,.,blink
10:25:33.7305,.,.,blink
10:25:33.731,.,.,blink
10:25:33.7315,.,.,blink
10:25:33.732,.,.,blink
10:25:33.7325,.,.,blink
10:25:33.7330,.,.,blink
10:25:33.7335,.,.,blink
10:25:33.734,.,.,blink
10:25:33.7345,.,.,blink
10:25:33.735,.,.,blink
10:25:33.7355,.,.,blink
10:25:33.7360,.,.,blink
10:25:33.7365,.,.,blink
10:25:33.737,.,.,blink
10:25:33.7375,.,.,blink
10:25:33.738,.,.,blink
10:25:33.7385,.,.,blink
10:25:33.7390,.,.,blink
10:25:33.7395,.,.,blink
10:25:33.74,.,.,blink
10:25:33.7405,.,.,blink
10:25:33.741,.,.,blink
10:25:33.7415,.,.,blink
10:25:33.7420,.,.,blink
10:25:33.7425,.,.,blink
10:25:33.743,.,.,blink
10:25:33.7435,.,.,blink
10:25:33.744,.,.,blink
10:25:33.7445,.,.,blink
10:25:33.7450,.,.,blink
10:25:33.7455,.,.,blink
10:25:33.746,.,.,blink
10:25:33.7465,.,.,blink
10:25:33.747,.,.,blink
10:25:33.7475,.,.,blink
10:25:33.7480,.,.,blink
10:25:33.7485,.,.,blink
10:25:33.749,.,.,blink
10:25:33.7495,.,.,blink
10:25:33.75,.,.,blink
10:25:33.7505,.,.,blink
10:25:33.7510,.,.,blink
10:25:33.7515,.,.,blink
10:25:33.752,.,.,blink
10:25:33.7525,.,.,blink
10:25:33.753,.,.,blink
10:25:33.7535,.,.,blink
10:25:33.7540,.,.,blink
10:25:33.7545,.,.,blink
10:25:33.755,.,.,blink
10:25:33.7555,.,.,blink
10:25:33.756,.,.,blink
10:25:33.7565,.,.,blink
10:25:33.7570,.,.,blink
10:25:33.7575,.,.,blink
10:25:33.758,.,.,blink
10:25:33.7585,.,.,blink
10:25:33.759,.,.,blink
10:25:33.7595,.,.,blink
10:25:33.7600,.,.,blink
10:25:33.7605,.,.,blink
10:25:33.761,.,.,blink
10:25:33.7615,.,.,blink
10:25:33.762,.,.,blink
10:25:33.7625,.,.,blink
10:25:33.7630,.,.,blink
10:25:33.7635,.,.,blink
10:25:33.764,.,.,blink
10:25:33.7645,.,.,blink
10:25:33.765,.,.,blink
10:25:33.7655,.,.,blink
10:25:33.7660,.,.,blink
10:25:33.7665,.,.,blink
10:25:33.767,.,.,blink
10:25:33.7675,.,.,blink
10:25:33.768,.,.,blink
10:25:33.7685,.,.,blink
10:25:33.7690,.,.,blink
10:25:33.7695,.,.,blink
10:25:33.77,.,.,blink
10:25:33.7705,.,.,blink
10:25:33.771,.,.,blink
10:25:33.7715,.,.,blink
10:25:33.7720,.,.,blink
10:25:33.7725,.,.,blink
10:25:33.773,.,.,blink
10:25:33.7735,.,.,blink
10:25:33.774,.,.,blink
10:25:33.7745,.,.,blink
10:25:33.7750,.,.,blink
10:25:33.7755,.,.,blink
10:25:33.776,.,.,blink
10:25:33.7765,.,.,blink
10:25:33.777,.,.,blink
10:25:33.7775,.,.,blink
10:25:33.7780,.,.,blink
10:25:33.7785,.,.,blink
10:25:33.779,.,.,blink
10:25:33.7795,.,.,blink
10:25:33.78,.,.,blink
10:25:33.7805,.,.,blink
10:25:33.7810,.,.,blink
10:25:33.7815,.,.,blink
10:25:33.7820,.,.,blink
10:25:33.7825,.,.,blink
10:25:33.783,.,.,blink
10:25:33.7835,.,.,blink
10:25:33.784,.,.,blink
10:25:33.7845,.,.,blink
10:25:33.7850,.,.,blink
10:25:33.7855,.,.,blink
10:25:33.786,.,.,blink
10:25:33.7865,.,.,blink
10:25:33.787,.,.,blink
10:25:33.7875,.,.,blink
10:25:33.7880,.,.,blink
10:25:33.7885,.,.,blink
10:25:33.789,.,.,blink
10:25:33.7895,.,.,blink
10:25:33.79,.,.,blink
10:25:33.7905,.,.,blink
10:25:33.7910,.,.,blink
10:25:33.7915,.,.,blink
10:25:33.792,.,.,blink
10:25:33.7925,.,.,blink
10:25:33.793,.,.,blink
10:25:33.7935,.,.,blink
10:25:33.7940,.,.,blink
10:25:33.7945,.,.,blink
10:25:33.795,.,.,blink
10:25:33.7955,.,.,blink
10:25:33.796,.,.,blink
10:25:33.7965,.,.,blink
10:25:33.7970,.,.,blink
10:25:33.7975,.,.,blink
10:25:33.798,.,.,blink
10:25:33.7985,.,.,blink
10:25:33.799,.,.,blink
10:25:33.7995,.,.,blink
10:25:33.8000,.,.,blink
10:25:33.8005,.,.,blink
10:25:33.801,.,.,blink
10:25:33.8015,.,.,blink
10:25:33.802,.,.,blink
10:25:33.8025,.,.,blink
10:25:33.8030,.,.,blink
10:25:33.8035,.,.,blink
10:25:33.804,.,.,blink
10:25:33.8045,.,.,blink
10:25:33.805,.,.,blink
10:25:33.8055,.,.,blink
10:25:33.8060,.,.,blink
10:25:33.8065,.,.,blink
10:25:33.807,.,.,blink
10:25:33.8075,.,.,blink
10:25:33.808,.,.,blink
10:25:33.8085,.,.,blink
10:25:33.8090,.,.,blink
10:25:33.8095,.,.,blink
10:25:33.81,.,.,blink
10:25:33.8105,.,.,blink
10:25:33.811,.,.,blink
10:25:33.8115,.,.,blink
10:25:33.8120,.,.,blink
10:25:33.8125,.,.,blink
10:25:33.813,.,.,blink
10:25:33.8135,.,.,blink
10:25:33.814,.,.,blink
10:25:33.8145,.,.,blink
10:25:33.8150,.,.,blink
10:25:33.8155,.,.,blink
10:25:33.816,.,.,blink
10:25:33.8165,.,.,blink
10:25:33.817,.,.,blink
10:25:33.8175,.,.,blink
10:25:33.8180,.,.,blink
10:25:33.8185,.,.,blink
10:25:33.819,.,.,blink
10:25:33.8195,.,.,blink
10:25:33.82,.,.,blink
10:25:33.8205,.,.,blink
10:25:33.8210,.,.,blink
10:25:33.8215,.,.,blink
10:25:33.822,.,.,blink
10:25:33.8225,.,.,blink
10:25:33.823,.,.,blink
10:25:33.8235,.,.,blink
10:25:33.8240,.,.,blink
10:25:33.8245,.,.,blink
10:25:33.825,.,.,blink
10:25:33.8255,.,.,blink
10:25:33.826,.,.,blink
10:25:33.8265,.,.,blink
10:25:33.8270,.,.,blink
10:25:33.8275,.,.,blink
10:25:33.828,.,.,blink
10:25:33.8285,.,.,blink
10:25:33.829,.,.,blink
10:25:33.8295,.,.,blink
10:25:33.8300,.,.,blink
10:25:33.8305,.,.,blink
10:25:33.831,.,.,blink
10:25:33.8315,.,.,blink
10:25:33.832,.,.,blink
10:25:33.8325,.,.,blink
10:25:33.8330,.,.,blink
10:25:33.8335,.,.,blink
10:25:33.834,.,.,blink
10:25:33.8345,.,.,blink
10:25:33.835,.,.,blink
10:25:33.8355,.,.,blink
10:25:33.8360,.,.,blink
10:25:33.8365,.,.,blink
10:25:33.837,.,.,blink
10:25:33.8375,.,.,blink
10:25:33.838,.,.,blink
10:25:33.8385,.,.,blink
10:25:33.8390,.,.,blink
10:25:33.8395,.,.,blink
10:25:33.84,.,.,blink
10:25:33.8405,.,.,blink
10:25:33.841,.,.,blink
10:25:33.8415,.,.,blink
10:25:33.8420,.,.,blink
10:25:33.8425,.,.,blink
10:25:33.843,.,.,blink
10:25:33.8435,.,.,blink
10:25:33.844,.,.,blink
10:25:33.8445,.,.,blink
10:25:33.845,.,.,blink
10:25:33.8455,.,.,blink
10:25:33.8460,.,.,blink
10:25:33.8465,.,.,blink
10:25:33.847,.,.,blink
10:25:33.8475,.,.,blink
10:25:33.848,.,.,blink
10:25:33.8485,.,.,blink
10:25:33.8490,.,.,blink
10:25:33.8495,.,.,blink
10:25:33.85,.,.,blink
10:25:33.8505,.,.,blink
10:25:33.851,.,.,blink
10:25:33.8515,.,.,blink
10:25:33.8520,.,.,blink
10:25:33.8525,.,.,blink
10:25:33.853,.,.,blink
10:25:33.8535,.,.,blink
10:25:33.854,.,.,blink
10:25:33.8545,.,.,blink
10:25:33.8550,.,.,blink
10:25:33.8555,.,.,blink
10:25:33.856,.,.,blink
10:25:33.8565,.,.,blink
10:25:33.857,.,.,blink
10:25:33.8575,.,.,blink
10:25:33.8580,.,.,blink
10:25:33.8585,.,.,blink
10:25:33.859,.,.,blink
10:25:33.8595,.,.,blink
10:25:33.86,.,.,blink
10:25:33.8605,.,.,blink
10:25:33.8610,.,.,blink
10:25:33.8615,.,.,blink
10:25:33.862,.,.,blink
10:25:33.8625,.,.,blink
10:25:33.863,.,.,blink
10:25:33.8635,.,.,blink
10:25:33.8640,.,.,blink
10:25:33.8645,.,.,blink
10:25:33.865,.,.,blink
10:25:33.8655,.,.,blink
10:25:33.866,.,.,blink
10:25:33.8665,.,.,blink
10:25:33.8670,.,.,blink
10:25:33.8675,.,.,blink
10:25:33.868,.,.,blink
10:25:33.8685,.,.,blink
10:25:33.869,.,.,blink
10:25:33.8695,.,.,blink
10:25:33.8700,.,.,blink
10:25:33.8705,.,.,blink
10:25:33.871,.,.,blink
10:25:33.8715,.,.,blink
10:25:33.872,.,.,blink
10:25:33.8725,.,.,blink
10:25:33.8730,.,.,blink
10:25:33.8735,.,.,blink
10:25:33.874,.,.,blink
10:25:33.8745,.,.,blink
10:25:33.875,.,.,blink
10:25:33.8755,.,.,blink
10:25:33.8760,.,.,blink
10:25:33.8765,.,.,blink
10:25:33.877,.,.,blink
10:25:33.8775,.,.,blink
10:25:33.878,.,.,blink
10:25:33.8785,.,.,blink
10:25:33.8790,.,.,blink
10:25:33.8795,.,.,blink
10:25:33.88,.,.,blink
10:25:33.8805,.,.,blink
10:25:33.881,.,.,blink
10:25:33.8815,.,.,blink
10:25:33.8820,.,.,blink
10:25:33.8825,.,.,blink
10:25:33.883,.,.,blink
10:25:33.8835,.,.,blink
10:25:33.884,.,.,blink
10:25:33.8845,.,.,blink
10:25:33.8850,.,.,blink
10:25:33.8855,.,.,blink
10:25:33.886,.,.,blink
10:25:33.8865,.,.,blink
10:25:33.887,.,.,blink
10:25:33.8875,.,.,blink
10:25:33.8880,.,.,blink
10:25:33.8885,.,.,blink
10:25:33.889,.,.,blink
10:25:33.8895,.,.,blink
10:25:33.89,.,.,blink
10:25:33.8905,.,.,blink
10:25:33.8910,.,.,blink
10:25:33.8915,.,.,blink
10:25:33.892,.,.,blink
10:25:33.8925,.,.,blink
10:25:33.893,.,.,blink
10:25:33.8935,.,.,blink
10:25:33.8940,.,.,blink
10:25:33.8945,.,.,blink
10:25:33.895,.,.,blink
10:25:33.8955,.,.,blink
10:25:33.896,.,.,blink
10:25:33.8965,.,.,blink
10:25:33.8970,.,.,blink
10:25:33.8975,.,.,blink
10:25:33.898,.,.,blink
10:25:33.8985,.,.,blink
10:25:33.899,.,.,blink
10:25:33.8995,.,.,blink
10:25:33.9000,.,.,blink
10:25:33.9005,.,.,blink
10:25:33.901,.,.,blink
10:25:33.9015,.,.,blink
10:25:33.902,.,.,blink
10:25:33.9025,.,.,blink
10:25:33.9030,.,.,blink
10:25:33.9035,.,.,blink
10:25:33.904,.,.,blink
10:25:33.9045,.,.,blink
10:25:33.905,.,.,blink
10:25:33.9055,.,.,blink
10:25:33.9060,.,.,blink
10:25:33.9065,.,.,blink
10:25:33.9070,.,.,blink
10:25:33.9075,.,.,blink
10:25:33.908,.,.,blink
10:25:33.9085,.,.,blink
10:25:33.909,.,.,blink
10:25:33.9095,.,.,blink
10:25:33.9100,.,.,blink
10:25:33.9105,.,.,blink
10:25:33.911,.,.,blink
10:25:33.9115,.,.,blink
10:25:33.912,.,.,blink
10:25:33.9125,.,.,blink
10:25:33.9130,.,.,blink
10:25:33.9135,.,.,blink
10:25:33.914,.,.,blink
10:25:33.9145,.,.,blink
10:25:33.915,.,.,blink
10:25:33.9155,.,.,blink
10:25:33.9160,.,.,blink
10:25:33.9165,.,.,blink
10:25:33.917,.,.,blink
10:25:33.9175,.,.,blink
10:25:33.918,.,.,blink
10:25:33.9185,.,.,blink
10:25:33.9190,.,.,blink
10:25:33.9195,.,.,blink
10:25:33.92,.,.,blink
10:25:33.9205,.,.,blink
10:25:33.921,.,.,blink
10:25:33.9215,.,.,blink
10:25:33.9220,.,.,blink
10:25:33.9225,.,.,blink
10:25:33.923,.,.,blink
10:25:33.9235,.,.,blink
10:25:33.924,.,.,blink
10:25:33.9245,.,.,blink
10:25:33.9250,.,.,blink
10:25:33.9255,.,.,blink
10:25:33.926,.,.,blink
10:25:33.9265,.,.,blink
10:25:33.927,.,.,blink
10:25:33.9275,.,.,blink
10:25:33.9280,.,.,blink
10:25:33.9285,.,.,blink
10:25:33.929,.,.,blink
10:25:33.9295,.,.,blink
10:25:33.93,.,.,blink
10:25:33.9305,.,.,blink
10:25:33.9310,.,.,blink
10:25:33.9315,.,.,blink
10:25:33.932,.,.,blink
10:25:33.9325,.,.,blink
10:25:33.933,.,.,blink
10:25:33.9335,.,.,blink
10:25:33.9340,.,.,blink
10:25:33.9345,.,.,blink
10:25:33.935,.,.,blink
10:25:33.9355,.,.,blink
10:25:33.936,.,.,blink
10:25:33.9365,.,.,blink
10:25:33.9370,.,.,blink
10:25:33.9375,.,.,blink
10:25:33.938,.,.,blink
10:25:33.9385,.,.,blink
10:25:33.939,.,.,blink
10:25:33.9395,.,.,blink
10:25:33.9400,.,.,blink
10:25:33.9405,.,.,blink
10:25:33.941,.,.,blink
10:25:33.9415,.,.,blink
10:25:33.942,.,.,blink
10:25:33.9425,.,.,blink
10:25:33.9430,.,.,blink
10:25:33.9435,.,.,blink
10:25:33.944,.,.,blink
10:25:33.9445,.,.,blink
10:25:33.945,.,.,blink
10:25:33.9455,.,.,blink
10:25:33.9460,.,.,blink
10:25:33.9465,.,.,blink
10:25:33.947,.,.,blink
10:25:33.9475,.,.,blink
10:25:33.948,.,.,blink
10:25:33.9485,.,.,blink
10:25:33.9490,.,.,blink
10:25:33.9495,.,.,blink
10:25:33.95,.,.,blink
10:25:33.9505,.,.,blink
10:25:33.951,.,.,blink
10:25:33.9515,.,.,blink
10:25:33.9520,.,.,blink
10:25:33.9525,.,.,blink
10:25:33.953,.,.,blink
10:25:33.9535,.,.,blink
10:25:33.954,.,.,blink
10:25:33.9545,.,.,blink
10:25:33.9550,.,.,blink
10:25:33.9555,.,.,blink
10:25:33.956,.,.,blink
10:25:33.9565,.,.,blink
10:25:33.957,.,.,blink
10:25:33.9575,.,.,blink
10:25:33.9580,.,.,blink
10:25:33.9585,.,.,blink
10:25:33.959,.,.,blink
10:25:33.9595,.,.,blink
10:25:33.96,.,.,blink
10:25:33.9605,.,.,blink
10:25:33.9610,.,.,blink
10:25:33.9615,.,.,blink
10:25:33.962,.,.,blink
10:25:33.9625,.,.,blink
10:25:33.963,.,.,blink
10:25:33.9635,.,.,blink
10:25:33.9640,.,.,blink
10:25:33.9645,.,.,blink
10:25:33.965,.,.,blink
10:25:33.9655,.,.,blink
10:25:33.966,.,.,blink
10:25:33.9665,.,.,blink
10:25:33.9670,.,.,blink
10:25:33.9675,.,.,blink
10:25:33.968,.,.,blink
10:25:33.9685,.,.,blink
10:25:33.969,.,.,blink
10:25:33.9695,.,.,blink
10:25:33.97,.,.,blink
10:25:33.9705,.,.,blink
10:25:33.9710,.,.,blink
10:25:33.9715,.,.,blink
10:25:33.972,.,.,blink
10:25:33.9725,.,.,blink
10:25:33.973,.,.,blink
10:25:33.9735,.,.,blink
10:25:33.9740,.,.,blink
10:25:33.9745,.,.,blink
10:25:33.975,.,.,blink
10:25:33.9755,.,.,blink
10:25:33.976,.,.,blink
10:25:33.9765,.,.,blink
10:25:33.9770,.,.,blink
10:25:33.9775,.,.,blink
10:25:33.978,.,.,blink
10:25:33.9785,.,.,blink
10:25:33.979,.,.,blink
10:25:33.9795,.,.,blink
10:25:33.9800,.,.,blink
10:25:33.9805,.,.,blink
10:25:33.981,.,.,blink
10:25:33.9815,.,.,blink
10:25:33.982,.,.,blink
10:25:33.9825,.,.,blink
10:25:33.9830,.,.,blink
10:25:33.9835,.,.,blink
10:25:33.984,.,.,blink
10:25:33.9845,.,.,blink
10:25:33.985,.,.,blink
10:25:33.9855,.,.,blink
10:25:33.9860,.,.,blink
10:25:33.9865,.,.,blink
10:25:33.987,.,.,blink
10:25:33.9875,.,.,blink
10:25:33.988,.,.,blink
10:25:33.9885,.,.,blink
10:25:33.9890,.,.,blink
10:25:33.9895,.,.,blink
10:25:33.99,.,.,blink
10:25:33.9905,.,.,blink
10:25:33.991,.,.,blink
10:25:33.9915,.,.,blink
10:25:33.9920,.,.,blink
10:25:33.9925,.,.,blink
10:25:33.993,.,.,blink
10:25:33.9935,.,.,blink
10:25:33.994,.,.,blink
10:25:33.9945,.,.,blink
10:25:33.9950,.,.,blink
10:25:33.9955,.,.,blink
10:25:33.996,.,.,blink
10:25:33.9965,.,.,blink
10:25:33.997,.,.,blink
10:25:33.9975,.,.,blink
10:25:33.9980,.,.,blink
10:25:33.9985,.,.,blink
10:25:33.999,.,.,blink
10:25:33.9995,.,.,blink
10:25:34.,.,.,blink
10:25:34.0005,.,.,blink
10:25:34.0010,.,.,blink
10:25:34.0015,.,.,blink
10:25:34.002,.,.,blink
10:25:34.0025,.,.,blink
10:25:34.003,.,.,blink
10:25:34.0035,.,.,blink
10:25:34.0040,.,.,blink
10:25:34.0045,.,.,blink
10:25:34.005,.,.,blink
10:25:34.0055,.,.,blink
10:25:34.006,.,.,blink
10:25:34.0065,.,.,blink
10:25:34.0070,.,.,blink
10:25:34.0075,.,.,blink
10:25:34.008,.,.,blink
10:25:34.0085,.,.,blink
10:25:34.009,.,.,blink
10:25:34.0095,.,.,blink
10:25:34.0100,.,.,blink
10:25:34.0105,.,.,blink
10:25:34.011,.,.,blink
10:25:34.0115,.,.,blink
10:25:34.012,.,.,blink
10:25:34.0125,.,.,blink
10:25:34.0130,.,.,blink
10:25:34.0135,.,.,blink
10:25:34.014,.,.,blink
10:25:34.0145,.,.,blink
10:25:34.015,.,.,blink
10:25:34.0155,.,.,blink
10:25:34.0160,.,.,blink
10:25:34.0165,.,.,blink
10:25:34.017,.,.,blink
10:25:34.0175,.,.,blink
10:25:34.018,.,.,blink
10:25:34.0185,.,.,blink
10:25:34.0190,.,.,blink
10:25:34.0195,.,.,blink
10:25:34.02,.,.,blink
10:25:34.0205,.,.,blink
10:25:34.021,.,.,blink
10:25:34.0215,.,.,blink
10:25:34.0220,.,.,blink
10:25:34.0225,.,.,blink
10:25:34.023,.,.,blink
10:25:34.0235,.,.,blink
10:25:34.024,.,.,blink
10:25:34.0245,.,.,blink
10:25:34.0250,.,.,blink
10:25:34.0255,.,.,blink
10:25:34.026,.,.,blink
10:25:34.0265,.,.,blink
10:25:34.027,.,.,blink
10:25:34.0275,.,.,blink
10:25:34.0280,.,.,blink
10:25:34.0285,.,.,blink
10:25:34.029,.,.,blink
10:25:34.0295,.,.,blink
10:25:34.03,.,.,blink
10:25:34.0305,.,.,blink
10:25:34.0310,.,.,blink
10:25:34.0315,.,.,blink
10:25:34.0320,.,.,blink
10:25:34.0325,.,.,blink
10:25:34.033,.,.,blink
10:25:34.0335,.,.,blink
10:25:34.034,.,.,blink
10:25:34.0345,.,.,blink
10:25:34.0350,.,.,blink
10:25:34.0355,.,.,blink
10:25:34.036,.,.,blink
10:25:34.0365,.,.,blink
10:25:34.037,.,.,blink
10:25:34.0375,.,.,blink
10:25:34.0380,.,.,blink
10:25:34.0385,.,.,blink
10:25:34.039,.,.,blink
10:25:34.0395,.,.,blink
10:25:34.04,.,.,blink
10:25:34.0405,.,.,blink
10:25:34.0410,.,.,blink
10:25:34.0415,.,.,blink
10:25:34.042,.,.,blink
10:25:34.0425,.,.,blink
10:25:34.043,.,.,blink
10:25:34.0435,.,.,blink
10:25:34.0440,.,.,blink
10:25:34.0445,.,.,blink
10:25:34.045,.,.,blink
10:25:34.0455,.,.,blink
10:25:34.046,.,.,blink
10:25:34.0465,.,.,blink
10:25:34.0470,.,.,blink
10:25:34.0475,.,.,blink
10:25:34.048,.,.,blink
10:25:34.0485,.,.,blink
10:25:34.049,.,.,blink
10:25:34.0495,.,.,blink
10:25:34.0500,.,.,blink
10:25:34.0505,.,.,blink
10:25:34.051,.,.,blink
10:25:34.0515,.,.,blink
10:25:34.052,.,.,blink
10:25:34.0525,.,.,blink
10:25:34.0530,.,.,blink
10:25:34.0535,.,.,blink
10:25:34.054,.,.,blink
10:25:34.0545,.,.,blink
10:25:34.055,.,.,blink
10:25:34.0555,.,.,blink
10:25:34.0560,.,.,blink
10:25:34.0565,.,.,blink
10:25:34.057,.,.,blink
10:25:34.0575,.,.,blink
10:25:34.058,.,.,blink
10:25:34.0585,.,.,blink
10:25:34.0590,.,.,blink
10:25:34.0595,.,.,blink
10:25:34.06,.,.,blink
10:25:34.0605,.,.,blink
10:25:34.061,.,.,blink
10:25:34.0615,.,.,blink
10:25:34.0620,.,.,blink
10:25:34.0625,.,.,blink
10:25:34.063,.,.,blink
10:25:34.0635,.,.,blink
10:25:34.064,.,.,blink
10:25:34.0645,.,.,blink
10:25:34.0650,.,.,blink
10:25:34.0655,.,.,blink
10:25:34.066,.,.,blink
10:25:34.0665,.,.,blink
10:25:34.067,.,.,blink
10:25:34.0675,.,.,blink
10:25:34.0680,.,.,blink
10:25:34.0685,.,.,blink
10:25:34.069,.,.,blink
10:25:34.0695,.,.,blink
10:25:34.07,.,.,blink
10:25:34.0705,.,.,blink
10:25:34.0710,.,.,blink
10:25:34.0715,.,.,blink
10:25:34.072,.,.,blink
10:25:34.0725,.,.,blink
10:25:34.073,.,.,blink
10:25:34.0735,.,.,blink
10:25:34.0740,.,.,blink
10:25:34.0745,.,.,blink
10:25:34.075,.,.,blink
10:25:34.0755,.,.,blink
10:25:34.076,.,.,blink
10:25:34.0765,.,.,blink
10:25:34.0770,.,.,blink
10:25:34.0775,.,.,blink
10:25:34.078,.,.,blink
10:25:34.0785,.,.,blink
10:25:34.079,.,.,blink
10:25:34.0795,.,.,blink
10:25:34.0800,.,.,blink
10:25:34.0805,.,.,blink
10:25:34.081,.,.,blink
10:25:34.0815,.,.,blink
10:25:34.082,.,.,blink
10:25:34.0825,.,.,blink
10:25:34.0830,.,.,blink
10:25:34.0835,.,.,blink
10:25:34.084,.,.,blink
10:25:34.0845,.,.,blink
10:25:34.085,.,.,blink
10:25:34.0855,.,.,blink
10:25:34.0860,.,.,blink
10:25:34.0865,.,.,blink
10:25:34.087,.,.,blink
10:25:34.0875,.,.,blink
10:25:34.088,.,.,blink
10:25:34.0885,.,.,blink
10:25:34.0890,.,.,blink
10:25:34.0895,.,.,blink
10:25:34.09,.,.,blink
10:25:34.0905,.,.,blink
10:25:34.091,.,.,blink
10:25:34.0915,.,.,blink
10:25:34.0920,.,.,blink
10:25:34.0925,.,.,blink
10:25:34.093,.,.,blink
10:25:34.0935,.,.,blink
10:25:34.094,.,.,blink
10:25:34.0945,.,.,blink
10:25:34.095,.,.,blink
10:25:34.0955,.,.,blink
10:25:34.0960,.,.,blink
10:25:34.0965,.,.,blink
10:25:34.097,.,.,blink
10:25:34.0975,.,.,blink
10:25:34.098,.,.,blink
10:25:34.0985,.,.,blink
10:25:34.0990,.,.,blink
10:25:34.0995,.,.,blink
10:25:34.1,.,.,blink
10:25:34.1005,.,.,blink
10:25:34.101,.,.,blink
10:25:34.1015,.,.,blink
10:25:34.1020,.,.,blink
10:25:34.1025,.,.,blink
10:25:34.103,.,.,blink
10:25:34.1035,.,.,blink
10:25:34.104,.,.,blink
10:25:34.1045,.,.,blink
10:25:34.1050,.,.,blink
10:25:34.1055,.,.,blink
10:25:34.106,.,.,blink
10:25:34.1065,.,.,blink
10:25:34.107,.,.,blink
10:25:34.1075,.,.,blink
10:25:34.1080,.,.,blink
10:25:34.1085,.,.,blink
10:25:34.109,.,.,blink
10:25:34.1095,.,.,blink
10:25:34.11,.,.,blink
10:25:34.1105,.,.,blink
10:25:34.1110,.,.,blink
10:25:34.1115,.,.,blink
10:25:34.112,.,.,blink
10:25:34.1125,.,.,blink
10:25:34.113,.,.,blink
10:25:34.1135,.,.,blink
10:25:34.1140,.,.,blink
10:25:34.1145,.,.,blink
10:25:34.115,.,.,blink
10:25:34.1155,.,.,blink
10:25:34.116,.,.,blink
10:25:34.1165,.,.,blink
10:25:34.1170,.,.,blink
10:25:34.1175,.,.,blink
10:25:34.118,.,.,blink
10:25:34.1185,.,.,blink
10:25:34.119,.,.,blink
10:25:34.1195,.,.,blink
10:25:34.1200,.,.,blink
10:25:34.1205,.,.,blink
10:25:34.121,.,.,blink
10:25:34.1215,.,.,blink
10:25:34.122,.,.,blink
10:25:34.1225,.,.,blink
10:25:34.1230,.,.,blink
10:25:34.1235,.,.,blink
10:25:34.124,.,.,blink
10:25:34.1245,.,.,blink
10:25:34.125,.,.,blink
10:25:34.1255,.,.,blink
10:25:34.1260,.,.,blink
10:25:34.1265,.,.,blink
10:25:34.127,.,.,blink
10:25:34.1275,.,.,blink
10:25:34.128,.,.,blink
10:25:34.1285,.,.,blink
10:25:34.1290,.,.,blink
10:25:34.1295,.,.,blink
10:25:34.13,.,.,blink
10:25:34.1305,.,.,blink
10:25:34.131,.,.,blink
10:25:34.1315,.,.,blink
10:25:34.1320,.,.,blink
10:25:34.1325,.,.,blink
10:25:34.133,.,.,blink
10:25:34.1335,.,.,blink
10:25:34.134,.,.,blink
10:25:34.1345,.,.,blink
10:25:34.1350,.,.,blink
10:25:34.1355,.,.,blink
10:25:34.136,.,.,blink
10:25:34.1365,.,.,blink
10:25:34.137,.,.,blink
10:25:34.1375,.,.,blink
10:25:34.1380,.,.,blink
10:25:34.1385,.,.,blink
10:25:34.139,.,.,blink
10:25:34.1395,.,.,blink
10:25:34.14,.,.,blink
10:25:34.1405,.,.,blink
10:25:34.1410,.,.,blink
10:25:34.1415,.,.,blink
10:25:34.142,.,.,blink
10:25:34.1425,.,.,blink
10:25:34.143,.,.,blink
10:25:34.1435,.,.,blink
10:25:34.1440,.,.,blink
10:25:34.1445,.,.,blink
10:25:34.145,.,.,blink
10:25:34.1455,.,.,blink
10:25:34.146,.,.,blink
10:25:34.1465,.,.,blink
10:25:34.1470,.,.,blink
10:25:34.1475,.,.,blink
10:25:34.148,.,.,blink
10:25:34.1485,.,.,blink
10:25:34.149,.,.,blink
10:25:34.1495,.,.,blink
10:25:34.1500,.,.,blink
10:25:34.1505,.,.,blink
10:25:34.151,.,.,blink
10:25:34.1515,.,.,blink
10:25:34.152,.,.,blink
10:25:34.1525,.,.,blink
10:25:34.1530,.,.,blink
10:25:34.1535,.,.,blink
10:25:34.154,.,.,blink
10:25:34.1545,.,.,blink
10:25:34.155,.,.,blink
10:25:34.1555,.,.,blink
10:25:34.1560,.,.,blink
10:25:34.1565,.,.,blink
10:25:34.1570,.,.,blink
10:25:34.1575,.,.,blink
10:25:34.158,.,.,blink
10:25:34.1585,.,.,blink
10:25:34.159,.,.,blink
10:25:34.1595,.,.,blink
10:25:34.1600,.,.,blink
10:25:34.1605,.,.,blink
10:25:34.161,.,.,blink
10:25:34.1615,.,.,blink
10:25:34.162,.,.,blink
10:25:34.1625,.,.,blink
10:25:34.1630,.,.,blink
10:25:34.1635,.,.,blink
10:25:34.164,.,.,blink
10:25:34.1645,.,.,blink
10:25:34.165,.,.,blink
10:25:34.1655,.,.,blink
10:25:34.1660,.,.,blink
10:25:34.1665,.,.,blink
10:25:34.167,.,.,blink
10:25:34.1675,.,.,blink
10:25:34.168,.,.,blink
10:25:34.1685,.,.,blink
10:25:34.1690,.,.,blink
10:25:34.1695,.,.,blink
10:25:34.17,.,.,blink
10:25:34.1705,.,.,blink
10:25:34.171,.,.,blink
10:25:34.1715,.,.,blink
10:25:34.1720,.,.,blink
10:25:34.1725,.,.,blink
10:25:34.173,.,.,blink
10:25:34.1735,.,.,blink
10:25:34.174,.,.,blink
10:25:34.1745,.,.,blink
10:25:34.1750,.,.,blink
10:25:34.1755,.,.,blink
10:25:34.176,.,.,blink
10:25:34.1765,.,.,blink
10:25:34.177,.,.,blink
10:25:34.1775,.,.,blink
10:25:34.1780,.,.,blink
10:25:34.1785,.,.,blink
10:25:34.179,.,.,blink
10:25:34.1795,.,.,blink
10:25:34.18,.,.,blink
10:25:34.1805,.,.,blink
10:25:34.1810,.,.,blink
10:25:34.1815,.,.,blink
10:25:34.182,.,.,blink
10:25:34.1825,714.2,762.0,fixation
10:25:34.183,713.1,763.4,fixation
10:25:34.1835,713.6,762.3,fixation
10:25:34.1840,714.0,761.2,fixation
10:25:34.1845,713.8,760.8,fixation
10:25:34.185,712.9,760.5,fixation
10:25:34.1855,712.1,759.2,fixation
10:25:34.186,712.0,758.2,fixation
10:25:34.1865,711.0,758.8,fixation
10:25:34.1870,710.0,760.4,fixation
10:25:34.1875,709.3,763.9,fixation
10:25:34.188,709.6,765.4,fixation
10:25:34.1885,710.1,766.6,fixation
10:25:34.189,710.4,765.5,fixation
10:25:34.1895,709.9,764.9,fixation
10:25:34.1900,709.1,764.7,fixation
10:25:34.1905,709.0,764.4,fixation
10:25:34.191,709.8,764.0,fixation
10:25:34.1915,710.6,764.3,fixation
10:25:34.192,710.9,765.7,fixation
10:25:34.1925,711.2,767.1,fixation
10:25:34.1930,711.4,767.8,fixation
10:25:34.1935,711.4,766.9,fixation
10:25:34.194,711.6,765.9,fixation
10:25:34.1945,711.9,765.6,fixation
10:25:34.195,711.8,766.7,fixation
10:25:34.1955,711.4,767.8,fixation
10:25:34.1960,711.0,768.4,fixation
10:25:34.1965,710.7,768.4,fixation
10:25:34.197,710.1,769.5,fixation
10:25:34.1975,709.6,770.6,fixation
10:25:34.198,709.5,771.7,fixation
10:25:34.1985,710.2,771.7,fixation
10:25:34.1990,710.7,773.4,fixation
10:25:34.1995,710.9,775.0,fixation
10:25:34.2,710.4,778.0,fixation
10:25:34.2005,709.8,779.2,fixation
10:25:34.201,709.4,780.0,fixation
10:25:34.2015,709.5,779.0,fixation
10:25:34.2020,710.7,778.3,fixation
10:25:34.2025,711.7,779.4,fixation
10:25:34.203,711.5,780.9,fixation
10:25:34.2035,710.4,782.3,fixation
10:25:34.204,709.5,782.3,fixation
10:25:34.2045,709.5,782.3,fixation
10:25:34.2050,709.5,782.4,fixation
10:25:34.2055,709.3,782.8,fixation
10:25:34.206,709.0,784.3,fixation
10:25:34.2065,708.6,786.2,fixation
10:25:34.207,708.2,787.9,fixation
10:25:34.2075,707.8,788.6,fixation
10:25:34.2080,707.3,790.3,fixation
10:25:34.2085,707.0,791.7,fixation
10:25:34.209,706.7,792.5,fixation
10:25:34.2095,706.5,792.1,fixation
10:25:34.21,706.3,791.9,fixation
10:25:34.2105,706.1,792.0,fixation
10:25:34.2110,705.7,791.9,fixation
10:25:34.2115,705.4,791.7,fixation
10:25:34.212,704.9,791.7,fixation
10:25:34.2125,704.8,791.8,fixation
10:25:34.213,704.8,792.3,fixation
10:25:34.2135,705.1,793.2,fixation
10:25:34.2140,705.4,794.1,fixation
10:25:34.2145,705.5,794.6,fixation
10:25:34.215,706.0,794.8,fixation
10:25:34.2155,706.5,794.9,fixation
10:25:34.216,707.2,795.0,fixation
10:25:34.2165,707.5,794.9,fixation
10:25:34.2170,707.6,796.8,fixation
10:25:34.2175,707.5,798.8,fixation
10:25:34.218,707.3,800.6,fixation
10:25:34.2185,707.4,800.4,fixation
10:25:34.219,707.4,799.2,fixation
10:25:34.2195,707.4,798.2,fixation
10:25:34.22,707.2,797.5,fixation
10:25:34.2205,707.1,797.8,fixation
10:25:34.2210,706.8,798.8,fixation
10:25:34.2215,706.5,799.6,fixation
10:25:34.222,705.5,800.2,fixation
10:25:34.2225,704.7,800.2,fixation
10:25:34.223,704.7,800.2,fixation
10:25:34.2235,705.7,799.0,fixation
10:25:34.2240,707.1,797.7,fixation
10:25:34.2245,707.6,797.9,fixation
10:25:34.225,707.8,799.3,fixation
10:25:34.2255,707.5,800.7,fixation
10:25:34.226,707.3,800.2,fixation
10:25:34.2265,706.7,799.1,fixation
10:25:34.2270,706.1,798.0,fixation
10:25:34.2275,705.6,797.2,fixation
10:25:34.228,705.5,797.0,fixation
10:25:34.2285,706.0,798.7,fixation
10:25:34.229,706.6,800.7,fixation
10:25:34.2295,707.6,802.5,fixation
10:25:34.2300,707.8,802.1,fixation
10:25:34.2305,707.9,801.7,fixation
10:25:34.231,706.1,800.7,fixation
10:25:34.2315,704.6,799.9,fixation
10:25:34.232,703.0,799.1,fixation
10:25:34.2325,702.9,799.1,fixation
10:25:34.2330,702.8,798.3,fixation
10:25:34.2335,703.0,797.5,fixation
10:25:34.234,702.8,797.8,fixation
10:25:34.2345,702.5,798.9,fixation
10:25:34.235,702.6,800.6,fixation
10:25:34.2355,703.0,801.2,fixation
10:25:34.2360,703.4,801.5,fixation
10:25:34.2365,703.2,799.7,fixation
10:25:34.237,702.9,797.9,fixation
10:25:34.2375,702.5,797.0,fixation
10:25:34.238,702.3,798.0,fixation
10:25:34.2385,702.4,799.0,fixation
10:25:34.2390,702.8,799.2,fixation
10:25:34.2395,703.4,798.9,fixation
10:25:34.24,703.7,798.3,fixation
10:25:34.2405,704.0,797.6,fixation
10:25:34.241,704.2,796.9,fixation
10:25:34.2415,704.5,796.4,fixation
10:25:34.2420,704.6,797.4,fixation
10:25:34.2425,704.4,798.6,fixation
10:25:34.243,704.2,799.5,fixation
10:25:34.2435,704.8,797.8,fixation
10:25:34.244,705.9,796.1,fixation
10:25:34.2445,707.0,795.5,fixation
10:25:34.2450,706.9,796.6,fixation
10:25:34.2455,706.5,797.7,fixation
10:25:34.246,706.3,798.0,fixation
10:25:34.2465,706.2,798.2,fixation
10:25:34.247,706.0,798.4,fixation
10:25:34.2475,705.6,798.9,fixation
10:25:34.2480,705.4,799.3,fixation
10:25:34.2485,705.3,799.1,fixation
10:25:34.249,705.4,798.8,fixation
10:25:34.2495,705.5,798.6,fixation
10:25:34.25,704.9,798.9,fixation
10:25:34.2505,704.2,798.3,fixation
10:25:34.2510,703.5,797.4,fixation
10:25:34.2515,703.4,796.6,fixation
10:25:34.252,703.2,796.9,fixation
10:25:34.2525,703.0,797.4,fixation
10:25:34.253,702.7,797.9,fixation
10:25:34.2535,702.2,797.9,fixation
10:25:34.2540,701.9,797.2,fixation
10:25:34.2545,701.3,796.2,fixation
10:25:34.255,701.1,795.3,fixation
10:25:34.2555,701.0,796.9,fixation
10:25:34.256,700.8,798.6,fixation
10:25:34.2565,700.7,799.0,fixation
10:25:34.2570,701.2,797.6,fixation
10:25:34.2575,701.7,796.4,fixation
10:25:34.258,702.2,796.7,fixation
10:25:34.2585,702.0,796.9,fixation
10:25:34.259,701.9,798.3,fixation
10:25:34.2595,701.7,799.7,fixation
10:25:34.2600,701.6,801.1,fixation
10:25:34.2605,702.6,801.0,fixation
10:25:34.261,703.6,800.7,fixation
10:25:34.2615,704.6,800.4,fixation
10:25:34.262,704.6,799.5,fixation
10:25:34.2625,704.7,798.9,fixation
10:25:34.2630,704.3,798.1,fixation
10:25:34.2635,703.7,798.1,fixation
10:25:34.264,703.3,798.1,fixation
10:25:34.2645,703.3,798.3,fixation
10:25:34.265,703.2,798.9,fixation
10:25:34.2655,703.7,799.5,fixation
10:25:34.2660,704.3,800.1,fixation
10:25:34.2665,704.7,800.5,fixation
10:25:34.267,704.3,800.8,fixation
10:25:34.2675,704.1,801.0,fixation
10:25:34.268,704.4,800.9,fixation
10:25:34.2685,704.8,801.1,fixation
10:25:34.2690,705.2,801.4,fixation
10:25:34.2695,705.5,801.8,fixation
10:25:34.27,705.6,801.8,fixation
10:25:34.2705,705.7,800.0,fixation
10:25:34.271,705.9,798.2,fixation
10:25:34.2715,706.0,797.3,fixation
10:25:34.2720,705.5,798.3,fixation
10:25:34.2725,704.5,799.2,fixation
10:25:34.273,703.7,799.1,fixation
10:25:34.2735,703.6,799.4,fixation
10:25:34.274,704.0,800.0,fixation
10:25:34.2745,704.5,801.1,fixation
10:25:34.2750,704.8,802.0,fixation
10:25:34.2755,705.0,802.4,fixation
10:25:34.276,704.9,801.9,fixation
10:25:34.2765,704.8,801.4,fixation
10:25:34.277,705.2,800.6,fixation
10:25:34.2775,706.1,800.3,fixation
10:25:34.2780,707.3,801.4,fixation
10:25:34.2785,708.0,802.9,fixation
10:25:34.279,707.4,803.3,fixation
10:25:34.2795,706.5,802.2,fixation
10:25:34.28,706.2,801.1,fixation
10:25:34.2805,706.8,800.8,fixation
10:25:34.2810,707.8,800.3,fixation
10:25:34.2815,708.2,799.8,fixation
10:25:34.2820,708.4,800.8,fixation
10:25:34.2825,708.2,802.1,fixation
10:25:34.283,707.0,803.4,fixation
10:25:34.2835,705.9,803.3,fixation
10:25:34.284,705.8,802.4,fixation
10:25:34.2845,706.8,801.6,fixation
10:25:34.2850,707.4,801.1,fixation
10:25:34.2855,707.0,801.2,fixation
10:25:34.286,706.7,801.3,fixation
10:25:34.2865,706.9,801.5,fixation
10:25:34.287,707.1,801.5,fixation
10:25:34.2875,707.4,802.0,fixation
10:25:34.2880,707.5,802.5,fixation
10:25:34.2885,707.4,803.2,fixation
10:25:34.289,707.1,803.8,fixation
10:25:34.2895,706.4,804.3,fixation
10:25:34.29,705.9,804.5,fixation
10:25:34.2905,705.1,804.5,fixation
10:25:34.2910,704.1,804.8,fixation
10:25:34.2915,703.1,805.0,fixation
10:25:34.292,702.6,805.1,fixation
10:25:34.2925,703.2,804.8,fixation
10:25:34.293,703.9,804.6,fixation
10:25:34.2935,704.0,803.5,fixation
10:25:34.2940,703.8,802.4,fixation
10:25:34.2945,703.4,803.0,fixation
10:25:34.295,703.7,804.8,fixation
10:25:34.2955,703.4,806.6,fixation
10:25:34.296,704.2,806.2,fixation
10:25:34.2965,705.2,805.4,fixation
10:25:34.2970,704.9,804.5,fixation
10:25:34.2975,703.2,803.9,fixation
10:25:34.298,701.3,803.6,fixation
10:25:34.2985,700.6,803.2,fixation
10:25:34.299,700.8,803.1,fixation
10:25:34.2995,701.5,803.3,fixation
10:25:34.3000,702.5,803.9,fixation
10:25:34.3005,703.2,804.3,fixation
10:25:34.301,703.6,804.5,fixation
10:25:34.3015,703.6,804.5,fixation
10:25:34.302,703.7,805.0,fixation
10:25:34.3025,703.7,805.9,fixation
10:25:34.3030,704.0,806.7,fixation
10:25:34.3035,704.4,807.0,fixation
10:25:34.304,704.8,806.0,fixation
10:25:34.3045,704.8,805.0,fixation
10:25:34.305,704.5,804.0,fixation
10:25:34.3055,704.2,803.9,fixation
10:25:34.3060,704.4,804.0,fixation
10:25:34.3065,705.1,804.5,fixation
10:25:34.307,705.8,805.0,fixation
10:25:34.3075,706.3,805.1,fixation
10:25:34.308,706.6,804.5,fixation
10:25:34.3085,705.7,803.8,fixation
10:25:34.3090,704.6,803.5,fixation
10:25:34.3095,703.5,803.6,fixation
10:25:34.31,703.9,803.8,fixation
10:25:34.3105,704.1,804.0,fixation
10:25:34.311,704.1,804.1,fixation
10:25:34.3115,704.3,804.0,fixation
10:25:34.3120,704.6,804.0,fixation
10:25:34.3125,705.0,804.0,fixation
10:25:34.313,705.2,803.2,fixation
10:25:34.3135,705.3,802.4,fixation
10:25:34.314,705.1,802.3,fixation
10:25:34.3145,704.8,802.8,fixation
10:25:34.3150,704.6,803.3,fixation
10:25:34.3155,705.4,803.5,fixation
10:25:34.316,706.2,804.0,fixation
10:25:34.3165,706.8,804.4,fixation
10:25:34.317,706.4,804.4,fixation
10:25:34.3175,706.2,803.7,fixation
10:25:34.3180,706.2,803.0,fixation
10:25:34.3185,706.1,804.4,fixation
10:25:34.319,706.0,806.5,fixation
10:25:34.3195,705.9,808.1,fixation
10:25:34.32,705.8,807.4,fixation
10:25:34.3205,705.6,806.6,fixation
10:25:34.3210,705.3,807.2,fixation
10:25:34.3215,705.2,808.1,fixation
10:25:34.322,705.3,807.7,fixation
10:25:34.3225,705.2,806.7,fixation
10:25:34.323,705.1,805.6,fixation
10:25:34.3235,705.0,805.3,fixation
10:25:34.3240,705.1,804.8,fixation
10:25:34.3245,705.2,804.3,fixation
10:25:34.325,704.4,804.2,fixation
10:25:34.3255,703.6,804.3,fixation
10:25:34.326,703.2,804.4,fixation
10:25:34.3265,704.9,805.9,fixation
10:25:34.3270,706.6,806.9,fixation
10:25:34.3275,707.6,807.5,fixation
10:25:34.328,707.1,805.8,fixation
10:25:34.3285,706.6,804.3,fixation
10:25:34.329,706.5,803.6,fixation
10:25:34.3295,706.7,804.4,fixation
10:25:34.3300,706.9,805.5,fixation
10:25:34.3305,707.2,806.4,fixation
10:25:34.331,706.4,807.3,fixation
10:25:34.3315,705.7,807.8,fixation
10:25:34.332,705.3,806.9,fixation
10:25:34.3325,706.2,805.7,fixation
10:25:34.3330,707.3,804.6,fixation
10:25:34.3335,708.2,804.5,fixation
10:25:34.334,707.7,804.4,fixation
10:25:34.3345,707.0,804.0,fixation
10:25:34.335,706.3,803.8,fixation
10:25:34.3355,706.3,803.9,fixation
10:25:34.3360,706.7,804.3,fixation
10:25:34.3365,707.4,804.3,fixation
10:25:34.337,708.2,803.0,fixation
10:25:34.3375,708.7,801.7,fixation
10:25:34.338,708.8,801.6,fixation
10:25:34.3385,708.7,802.6,fixation
10:25:34.3390,708.7,803.5,fixation
10:25:34.3395,708.8,803.4,fixation
10:25:34.34,708.9,803.1,fixation
10:25:34.3405,708.7,802.6,fixation
10:25:34.341,708.2,801.6,fixation
10:25:34.3415,707.7,800.9,fixation
10:25:34.3420,707.1,800.5,fixation
10:25:34.3425,706.7,800.9,fixation
10:25:34.343,706.3,801.4,fixation
10:25:34.3435,706.3,801.2,fixation
10:25:34.344,706.4,800.6,fixation
10:25:34.3445,706.5,800.1,fixation
10:25:34.345,706.3,801.6,fixation
10:25:34.3455,706.1,803.1,fixation
10:25:34.3460,706.2,802.2,fixation
10:25:34.3465,706.4,800.3,fixation
10:25:34.347,706.5,798.8,fixation
10:25:34.3475,706.0,800.3,fixation
10:25:34.348,705.6,801.1,fixation
10:25:34.3485,705.1,801.3,fixation
10:25:34.3490,705.0,801.1,fixation
10:25:34.3495,704.9,801.1,fixation
10:25:34.35,705.4,801.6,fixation
10:25:34.3505,706.0,802.4,fixation
10:25:34.351,706.7,803.3,fixation
10:25:34.3515,706.8,803.6,fixation
10:25:34.3520,707.0,803.6,fixation
10:25:34.3525,707.2,804.2,fixation
10:25:34.353,707.4,804.8,fixation
10:25:34.3535,707.1,804.8,fixation
10:25:34.354,706.6,804.2,fixation
10:25:34.3545,706.0,803.6,fixation
10:25:34.3550,705.9,803.7,fixation
10:25:34.3555,705.7,803.7,fixation
10:25:34.356,705.8,802.7,fixation
10:25:34.3565,706.0,801.5,fixation
10:25:34.357,706.1,800.5,fixation
10:25:34.3575,706.0,800.7,fixation
10:25:34.3580,705.7,801.5,fixation
10:25:34.3585,705.6,802.1,fixation
10:25:34.359,705.8,802.6,fixation
10:25:34.3595,707.1,802.7,fixation
10:25:34.36,709.3,804.0,saccade
10:25:34.3605,709.4,804.7,saccade
10:25:34.3610,709.5,804.4,saccade
10:25:34.3615,708.8,803.3,saccade
10:25:34.362,708.2,802.0,saccade
10:25:34.3625,707.5,801.1,saccade
10:25:34.363,707.6,800.8,saccade
10:25:34.3635,707.4,802.7,saccade
10:25:34.3640,707.5,804.8,saccade
10:25:34.3645,707.6,806.7,saccade
10:25:34.365,707.7,806.3,saccade
10:25:34.3655,707.0,805.9,saccade
10:25:34.366,706.2,805.7,saccade
10:25:34.3665,705.7,805.4,saccade
10:25:34.3670,703.8,805.1,saccade
10:25:34.3675,701.2,807.0,saccade
10:25:34.368,697.0,809.2,saccade
10:25:34.3685,692.6,811.6,saccade
10:25:34.369,688.5,812.1,saccade
10:25:34.3695,683.6,813.2,saccade
10:25:34.3700,680.4,813.6,saccade
10:25:34.3705,674.7,813.7,saccade
10:25:34.371,669.6,816.6,saccade
10:25:34.3715,663.1,819.7,saccade
10:25:34.372,657.1,822.7,saccade
10:25:34.3725,651.0,823.0,saccade
10:25:34.3730,642.6,825.6,saccade
10:25:34.3735,635.5,830.3,saccade
10:25:34.374,629.6,836.1,saccade
10:25:34.3745,623.3,840.0,saccade
10:25:34.375,615.9,843.0,saccade
10:25:34.3755,606.3,844.5,saccade
10:25:34.3760,598.7,847.1,saccade
10:25:34.3765,591.9,850.6,saccade
10:25:34.377,587.7,855.7,saccade
10:25:34.3775,583.9,860.8,saccade
10:25:34.378,581.0,866.0,saccade
10:25:34.3785,578.1,871.3,saccade
10:25:34.3790,576.8,877.3,saccade
10:25:34.3795,575.8,881.0,saccade
10:25:34.38,575.4,882.6,saccade
10:25:34.3805,576.7,882.4,saccade
10:25:34.381,578.0,882.3,saccade
10:25:34.3815,581.1,882.6,saccade
10:25:34.3820,582.8,882.8,saccade
10:25:34.3825,585.9,885.1,saccade
10:25:34.383,589.5,887.5,saccade
10:25:34.3835,593.1,888.8,saccade
10:25:34.384,599.5,888.2,saccade
10:25:34.3845,603.8,887.5,saccade
10:25:34.3850,608.2,887.0,saccade
10:25:34.3855,610.2,885.2,saccade
10:25:34.386,612.1,882.8,saccade
10:25:34.3865,615.2,881.0,saccade
10:25:34.387,617.6,880.3,saccade
10:25:34.3875,620.0,878.4,saccade
10:25:34.3880,621.4,876.3,saccade
10:25:34.3885,622.9,873.9,saccade
10:25:34.389,624.2,873.3,saccade
10:25:34.3895,626.0,873.2,saccade
10:25:34.39,627.1,872.0,saccade
10:25:34.3905,627.4,869.6,saccade
10:25:34.3910,626.8,866.9,saccade
10:25:34.3915,627.0,863.9,saccade
10:25:34.392,628.0,862.0,saccade
10:25:34.3925,628.3,860.3,saccade
10:25:34.393,627.3,859.2,saccade
10:25:34.3935,626.3,858.1,saccade
10:25:34.3940,625.7,858.7,saccade
10:25:34.3945,625.1,862.8,fixation
10:25:34.395,625.2,863.3,fixation
10:25:34.3955,624.6,863.4,fixation
10:25:34.396,623.1,863.3,fixation
10:25:34.3965,620.7,863.5,fixation
10:25:34.3970,619.2,863.8,fixation
10:25:34.3975,618.0,864.1,fixation
10:25:34.398,617.5,864.0,fixation
10:25:34.3985,617.4,861.9,fixation
10:25:34.399,618.0,859.8,fixation
10:25:34.3995,618.6,858.9,fixation
10:25:34.4000,618.7,861.1,fixation
10:25:34.4005,618.6,864.3,fixation
10:25:34.401,618.6,866.4,fixation
10:25:34.4015,617.1,867.1,fixation
10:25:34.402,615.7,866.7,fixation
10:25:34.4025,614.3,866.4,fixation
10:25:34.4030,614.3,866.3,fixation
10:25:34.4035,614.3,866.1,fixation
10:25:34.404,615.2,866.1,fixation
10:25:34.4045,617.6,866.8,fixation
10:25:34.405,620.0,867.3,fixation
10:25:34.4055,620.4,867.3,fixation
10:25:34.4060,619.7,867.5,fixation
10:25:34.4065,619.0,867.6,fixation
10:25:34.4070,619.0,868.4,fixation
10:25:34.4075,618.2,868.1,fixation
10:25:34.408,617.5,868.2,fixation
10:25:34.4085,617.2,867.7,fixation
10:25:34.409,617.6,867.4,fixation
10:25:34.4095,618.5,868.1,fixation
10:25:34.4100,619.2,869.2,fixation
10:25:34.4105,619.5,870.4,fixation
10:25:34.411,619.1,870.5,fixation
10:25:34.4115,618.6,870.4,fixation
10:25:34.412,618.4,870.0,fixation
10:25:34.4125,618.3,869.6,fixation
10:25:34.4130,618.1,869.3,fixation
10:25:34.4135,618.4,869.2,fixation
10:25:34.414,618.7,869.4,fixation
10:25:34.4145,617.6,869.5,fixation
10:25:34.415,616.0,869.4,fixation
10:25:34.4155,614.5,869.0,fixation
10:25:34.4160,614.5,868.7,fixation
10:25:34.4165,614.5,868.5,fixation
10:25:34.417,614.4,868.4,fixation
10:25:34.4175,614.5,868.9,fixation
10:25:34.418,614.6,870.0,fixation
10:25:34.4185,614.9,871.5,fixation
10:25:34.4190,614.9,872.4,fixation
10:25:34.4195,614.6,872.7,fixation
10:25:34.42,614.5,869.7,fixation
10:25:34.4205,614.7,866.7,fixation
10:25:34.421,615.3,863.9,fixation
10:25:34.4215,615.3,863.6,fixation
10:25:34.4220,614.6,863.3,fixation
10:25:34.4225,613.8,863.1,fixation
10:25:34.423,613.3,863.0,fixation
10:25:34.4235,613.2,862.8,fixation
10:25:34.424,613.4,862.8,fixation
10:25:34.4245,613.9,863.3,fixation
10:25:34.4250,614.3,863.9,fixation
10:25:34.4255,614.6,866.1,fixation
10:25:34.426,614.7,868.1,fixation
10:25:34.4265,614.6,869.6,fixation
10:25:34.427,614.3,869.1,fixation
10:25:34.4275,614.0,866.9,fixation
10:25:34.4280,613.7,865.0,fixation
10:25:34.4285,613.5,862.9,fixation
10:25:34.429,613.7,862.6,fixation
10:25:34.4295,614.4,862.0,fixation
10:25:34.43,615.3,861.8,fixation
10:25:34.4305,615.8,861.8,fixation
10:25:34.4310,616.2,862.2,fixation
10:25:34.4315,616.4,862.5,fixation
10:25:34.432,616.7,862.5,fixation
10:25:34.4325,616.8,862.5,fixation
10:25:34.433,616.7,862.5,fixation
10:25:34.4335,616.4,862.7,fixation
10:25:34.4340,616.1,863.2,fixation
10:25:34.4345,616.6,863.6,fixation
10:25:34.435,617.6,863.6,fixation
10:25:34.4355,618.6,863.6,fixation
10:25:34.436,617.6,863.7,fixation
10:25:34.4365,616.0,863.8,fixation
10:25:34.4370,614.5,863.6,fixation
10:25:34.4375,614.5,863.8,fixation
10:25:34.438,615.6,864.3,fixation
10:25:34.4385,616.6,865.4,fixation
10:25:34.439,616.9,866.4,fixation
10:25:34.4395,616.1,867.1,fixation
10:25:34.4400,615.3,865.1,fixation
10:25:34.4405,615.2,863.0,fixation
10:25:34.441,614.9,860.7,fixation
10:25:34.4415,614.1,860.4,fixation
10:25:34.442,613.3,860.0,fixation
10:25:34.4425,612.2,861.0,fixation
10:25:34.4430,611.9,862.6,fixation
10:25:34.4435,611.6,864.9,fixation
10:25:34.444,611.4,866.0,fixation
10:25:34.4445,611.2,867.1,fixation
10:25:34.445,611.1,867.5,fixation
10:25:34.4455,611.1,867.8,fixation
10:25:34.4460,610.9,867.6,fixation
10:25:34.4465,611.1,865.1,fixation
10:25:34.447,611.4,862.8,fixation
10:25:34.4475,611.9,860.6,fixation
10:25:34.448,612.0,861.6,fixation
10:25:34.4485,612.1,863.7,fixation
10:25:34.4490,612.1,865.7,fixation
10:25:34.4495,612.3,866.9,fixation
10:25:34.45,612.6,867.1,fixation
10:25:34.4505,613.6,867.1,fixation
10:25:34.451,614.5,866.9,fixation
10:25:34.4515,614.9,865.0,fixation
10:25:34.4520,614.5,863.4,fixation
10:25:34.4525,614.0,862.2,fixation
10:25:34.453,613.8,862.4,fixation
10:25:34.4535,613.9,861.8,fixation
10:25:34.454,614.3,861.0,fixation
10:25:34.4545,614.6,861.4,fixation
10:25:34.4550,614.7,862.8,fixation
10:25:34.4555,614.8,864.2,fixation
10:25:34.456,613.4,864.1,fixation
10:25:34.4565,611.9,863.6,fixation
10:25:34.457,611.0,863.1,fixation
10:25:34.4575,611.6,862.8,fixation
10:25:34.4580,611.1,862.4,fixation
10:25:34.4585,609.9,862.8,fixation
10:25:34.459,608.7,863.3,fixation
10:25:34.4595,608.8,862.8,fixation
10:25:34.46,608.5,861.4,fixation
10:25:34.4605,608.2,859.8,fixation
10:25:34.4610,609.2,859.6,fixation
10:25:34.4615,610.6,860.5,fixation
10:25:34.462,611.9,861.7,fixation
10:25:34.4625,611.9,862.8,fixation
10:25:34.463,611.7,862.5,fixation
10:25:34.4635,611.5,861.7,fixation
10:25:34.4640,612.3,860.9,fixation
10:25:34.4645,612.9,860.4,fixation
10:25:34.465,613.2,860.3,fixation
10:25:34.4655,612.7,860.2,fixation
10:25:34.466,612.4,860.2,fixation
10:25:34.4665,612.3,861.5,fixation
10:25:34.4670,612.1,862.8,fixation
10:25:34.4675,612.1,864.2,fixation
10:25:34.468,612.2,864.3,fixation
10:25:34.4685,612.6,863.1,fixation
10:25:34.469,612.9,861.9,fixation
10:25:34.4695,613.0,861.1,fixation
10:25:34.47,612.5,862.1,fixation
10:25:34.4705,611.9,863.0,fixation
10:25:34.4710,611.4,863.5,fixation
10:25:34.4715,611.0,863.5,fixation
10:25:34.472,610.8,863.6,fixation
10:25:34.4725,611.5,863.9,fixation
10:25:34.473,612.1,864.1,fixation
10:25:34.4735,612.8,863.4,fixation
10:25:34.4740,612.9,863.3,fixation
10:25:34.4745,613.0,864.0,fixation
10:25:34.475,614.0,866.5,fixation
10:25:34.4755,615.1,868.2,fixation
10:25:34.476,616.1,868.5,fixation
10:25:34.4765,616.2,867.6,fixation
10:25:34.4770,616.2,866.7,fixation
10:25:34.4775,615.9,866.2,fixation
10:25:34.478,615.2,866.2,fixation
10:25:34.4785,614.4,865.1,fixation
10:25:34.479,613.8,864.0,fixation
10:25:34.4795,613.5,862.7,fixation
10:25:34.4800,612.8,862.3,fixation
10:25:34.4805,612.2,861.6,fixation
10:25:34.481,611.8,860.8,fixation
10:25:34.4815,611.9,860.1,fixation
10:25:34.482,612.1,859.7,fixation
10:25:34.4825,612.3,859.5,fixation
10:25:34.4830,612.6,859.7,fixation
10:25:34.4835,612.8,859.9,fixation
10:25:34.484,613.1,860.6,fixation
10:25:34.4845,613.4,861.2,fixation
10:25:34.485,614.4,861.7,fixation
10:25:34.4855,615.2,862.5,fixation
10:25:34.4860,615.6,863.1,fixation
10:25:34.4865,614.4,863.5,fixation
10:25:34.487,613.4,863.6,fixation
10:25:34.4875,612.6,863.9,fixation
10:25:34.488,612.7,864.3,fixation
10:25:34.4885,612.6,864.2,fixation
10:25:34.4890,612.3,863.5,fixation
10:25:34.4895,612.2,862.0,fixation
10:25:34.49,612.3,860.6,fixation
10:25:34.4905,611.7,859.6,fixation
10:25:34.491,610.7,860.1,fixation
10:25:34.4915,609.6,861.7,fixation
10:25:34.4920,609.4,863.4,fixation
10:25:34.4925,610.5,863.9,fixation
10:25:34.493,611.8,863.3,fixation
10:25:34.4935,613.2,862.7,fixation
10:25:34.494,613.3,861.5,fixation
10:25:34.4945,613.3,860.3,fixation
10:25:34.4950,613.1,860.3,fixation
10:25:34.4955,612.8,861.9,fixation
10:25:34.496,612.2,863.4,fixation
10:25:34.4965,611.6,862.1,fixation
10:25:34.497,610.9,860.5,fixation
10:25:34.4975,610.5,859.2,fixation
10:25:34.4980,610.4,859.4,fixation
10:25:34.4985,611.0,861.1,fixation
10:25:34.499,612.6,862.8,fixation
10:25:34.4995,614.5,864.2,fixation
10:25:34.5,615.6,864.2,fixation
10:25:34.5005,615.9,863.9,fixation
10:25:34.5010,616.0,863.6,fixation
10:25:34.5015,615.9,863.3,fixation
10:25:34.502,615.7,863.3,fixation
10:25:34.5025,615.5,863.4,fixation
10:25:34.503,615.5,863.7,fixation
10:25:34.5035,615.3,864.5,fixation
10:25:34.5040,615.1,865.7,fixation
10:25:34.5045,613.4,866.7,fixation
10:25:34.505,611.9,865.4,fixation
10:25:34.5055,611.0,863.5,fixation
10:25:34.506,611.4,861.6,fixation
10:25:34.5065,611.6,861.5,fixation
10:25:34.5070,612.5,863.9,fixation
10:25:34.5075,613.4,866.5,fixation
10:25:34.508,614.3,869.0,fixation
10:25:34.5085,614.4,869.0,fixation
10:25:34.509,614.3,868.9,fixation
10:25:34.5095,614.0,868.9,fixation
10:25:34.5100,614.1,868.9,fixation
10:25:34.5105,614.5,868.3,fixation
10:25:34.511,613.9,865.3,fixation
10:25:34.5115,612.3,862.2,fixation
10:25:34.512,610.6,860.2,fixation
10:25:34.5125,611.7,861.9,fixation
10:25:34.5130,613.3,864.2,fixation
10:25:34.5135,614.5,865.9,fixation
10:25:34.514,614.0,868.6,fixation
10:25:34.5145,613.6,870.8,fixation
10:25:34.515,614.6,872.0,fixation
10:25:34.5155,616.0,870.2,fixation
10:25:34.5160,617.3,868.4,fixation
10:25:34.5165,617.3,865.2,fixation
10:25:34.517,617.3,863.0,fixation
10:25:34.5175,617.3,861.1,fixation
10:25:34.518,616.3,861.6,fixation
10:25:34.5185,615.0,862.1,fixation
10:25:34.5190,613.7,862.2,fixation
10:25:34.5195,613.9,862.1,fixation
10:25:34.52,613.2,862.0,fixation
10:25:34.5205,612.5,862.0,fixation
10:25:34.521,611.8,861.9,fixation
10:25:34.5215,613.8,862.0,fixation
10:25:34.5220,615.7,862.1,fixation
10:25:34.5225,617.2,862.1,fixation
10:25:34.523,616.7,862.1,fixation
10:25:34.5235,616.2,864.1,fixation
10:25:34.524,616.4,866.2,fixation
10:25:34.5245,616.7,868.5,fixation
10:25:34.5250,617.0,868.7,fixation
10:25:34.5255,617.3,867.4,fixation
10:25:34.526,617.5,865.9,fixation
10:25:34.5265,617.7,865.2,fixation
10:25:34.527,617.6,866.0,fixation
10:25:34.5275,616.8,866.8,fixation
10:25:34.5280,615.5,866.7,fixation
10:25:34.5285,614.1,866.5,fixation
10:25:34.529,613.7,866.1,fixation
10:25:34.5295,614.0,864.4,fixation
10:25:34.53,614.3,863.0,fixation
10:25:34.5305,614.2,862.0,fixation
10:25:34.5310,614.1,863.2,fixation
10:25:34.5315,614.0,864.8,fixation
10:25:34.5320,615.3,866.4,fixation
10:25:34.5325,616.5,867.7,fixation
10:25:34.533,616.8,868.3,fixation
10:25:34.5335,616.0,866.9,fixation
10:25:34.534,615.4,864.9,fixation
10:25:34.5345,615.8,862.8,fixation
10:25:34.5350,616.6,862.7,fixation
10:25:34.5355,617.2,863.5,fixation
10:25:34.536,617.7,865.4,fixation
10:25:34.5365,617.6,867.2,fixation
10:25:34.537,617.2,867.1,fixation
10:25:34.5375,617.0,865.7,fixation
10:25:34.5380,617.2,864.3,fixation
10:25:34.5385,618.0,864.7,fixation
10:25:34.539,618.8,865.1,fixation
10:25:34.5395,619.4,865.4,fixation
10:25:34.54,619.8,865.9,fixation
10:25:34.5405,620.1,866.7,fixation
10:25:34.5410,620.0,867.6,fixation
10:25:34.5415,619.8,867.7,fixation
10:25:34.542,619.4,867.9,fixation
10:25:34.5425,618.3,867.8,fixation
10:25:34.543,617.5,866.5,fixation
10:25:34.5435,616.4,865.4,fixation
10:25:34.5440,616.0,864.6,fixation
10:25:34.5445,616.2,864.8,fixation
10:25:34.545,616.8,865.0,fixation
10:25:34.5455,617.4,865.0,fixation
10:25:34.546,617.5,865.0,fixation
10:25:34.5465,617.9,868.6,fixation
10:25:34.5470,618.3,872.1,fixation
10:25:34.5475,618.7,873.2,fixation
10:25:34.548,618.3,870.6,fixation
10:25:34.5485,618.0,868.0,fixation
10:25:34.549,618.8,868.6,fixation
10:25:34.5495,620.0,869.4,fixation
10:25:34.5500,621.0,870.2,fixation
10:25:34.5505,619.9,869.0,fixation
10:25:34.551,618.5,867.8,fixation
10:25:34.5515,617.1,866.4,fixation
10:25:34.552,616.4,866.2,fixation
10:25:34.5525,615.9,866.1,fixation
10:25:34.5530,615.8,865.8,fixation
10:25:34.5535,616.0,865.5,fixation
10:25:34.554,616.4,866.7,fixation
10:25:34.5545,616.8,868.1,fixation
10:25:34.555,617.5,869.2,fixation
10:25:34.5555,617.8,868.4,fixation
10:25:34.5560,618.3,866.3,fixation
10:25:34.5565,618.6,864.6,fixation
10:25:34.557,618.8,864.9,fixation
10:25:34.5575,620.7,866.6,fixation
10:25:34.558,622.6,866.7,fixation
10:25:34.5585,622.4,865.1,fixation
10:25:34.5590,620.3,863.3,fixation
10:25:34.5595,617.9,863.2,fixation
10:25:34.56,617.6,863.2,fixation
10:25:34.5605,617.0,864.7,fixation
10:25:34.561,616.4,866.3,fixation
10:25:34.5615,615.8,868.8,fixation
10:25:34.5620,615.8,869.7,fixation
10:25:34.5625,616.1,870.6,fixation
10:25:34.563,616.9,870.3,fixation
10:25:34.5635,618.0,869.9,fixation
10:25:34.564,619.0,869.6,fixation
10:25:34.5645,619.4,868.7,fixation
10:25:34.5650,619.5,867.7,fixation
10:25:34.5655,619.5,866.8,fixation
10:25:34.566,619.4,866.8,fixation
10:25:34.5665,619.6,866.0,fixation
10:25:34.567,620.0,865.2,fixation
10:25:34.5675,620.6,863.8,fixation
10:25:34.5680,621.3,863.1,fixation
10:25:34.5685,621.5,864.1,fixation
10:25:34.569,620.6,865.5,fixation
10:25:34.5695,619.4,866.8,fixation
10:25:34.57,618.5,866.9,fixation
10:25:34.5705,618.8,867.3,fixation
10:25:34.5710,619.1,867.0,fixation
10:25:34.5715,619.4,866.5,fixation
10:25:34.572,619.6,866.1,fixation
10:25:34.5725,619.6,866.3,fixation
10:25:34.573,619.4,866.5,fixation
10:25:34.5735,620.2,866.6,fixation
10:25:34.5740,621.0,867.1,fixation
10:25:34.5745,621.8,867.3,fixation
10:25:34.575,621.2,867.4,fixation
10:25:34.5755,620.6,867.8,fixation
10:25:34.576,620.9,868.4,fixation
10:25:34.5765,621.9,867.6,fixation
10:25:34.5770,622.3,866.2,fixation
10:25:34.5775,621.9,865.7,fixation
10:25:34.578,621.3,866.5,fixation
10:25:34.5785,619.9,867.3,fixation
10:25:34.579,618.4,867.0,fixation
10:25:34.5795,616.9,866.7,fixation
10:25:34.5800,616.7,866.7,fixation
10:25:34.5805,616.5,867.1,fixation
10:25:34.581,616.5,867.4,fixation
10:25:34.5815,616.8,867.6,fixation
10:25:34.582,618.0,867.6,fixation
10:25:34.5825,619.2,868.2,fixation
10:25:34.5830,620.5,868.8,fixation
