TimeStamp,X,Y,Event
10:27:55.7023,647.9,510.1,saccade
10:27:55.7028,648.5,509.1,saccade
10:27:55.7033,648.9,508.5,saccade
10:27:55.7038,647.8,508.7,saccade
10:27:55.7043,645.5,508.1,saccade
10:27:55.7048,643.2,505.2,saccade
10:27:55.7053,642.8,502.3,saccade
10:27:55.7058,642.9,502.0,saccade
10:27:55.7063,643.0,503.7,saccade
10:27:55.7068,642.6,505.0,saccade
10:27:55.7073,642.8,504.5,saccade
10:27:55.7078,643.1,503.9,saccade
10:27:55.7083,643.4,503.2,saccade
10:27:55.7088,643.0,502.3,saccade
10:27:55.7093,641.9,497.7,saccade
10:27:55.7098,640.9,493.5,saccade
10:27:55.7103,640.8,489.7,saccade
10:27:55.7108,641.2,488.3,saccade
10:27:55.7113,640.1,486.8,saccade
10:27:55.7118,638.1,483.2,saccade
10:27:55.7123,636.0,479.9,saccade
10:27:55.7128,635.1,474.7,saccade
10:27:55.7133,634.5,468.9,saccade
10:27:55.7138,633.8,464.2,saccade
10:27:55.7143,634.7,458.4,saccade
10:27:55.7148,635.8,454.9,saccade
10:27:55.7153,636.9,448.4,saccade
10:27:55.7158,636.7,443.3,saccade
10:27:55.7163,636.5,438.6,saccade
10:27:55.7168,636.3,433.2,saccade
10:27:55.7173,636.3,427.8,saccade
10:27:55.7178,636.3,421.2,saccade
10:27:55.7183,636.8,418.2,saccade
10:27:55.7188,637.2,416.5,saccade
10:27:55.7193,637.4,413.0,saccade
10:27:55.7198,637.0,408.8,saccade
10:27:55.7203,636.8,403.7,saccade
10:27:55.7208,636.9,401.5,saccade
10:27:55.7213,636.9,397.4,saccade
10:27:55.7218,636.7,394.5,saccade
10:27:55.7223,636.2,391.4,saccade
10:27:55.7228,635.5,390.9,saccade
10:27:55.7233,633.6,387.0,saccade
10:27:55.7238,630.3,383.4,saccade
10:27:55.7243,626.7,377.8,saccade
10:27:55.7248,623.9,373.1,saccade
10:27:55.7253,622.4,367.9,saccade
10:27:55.7258,619.3,363.9,saccade
10:27:55.7263,616.7,360.3,saccade
10:27:55.7268,614.3,357.6,saccade
10:27:55.7273,613.8,355.6,saccade
10:27:55.7278,613.3,352.4,saccade
10:27:55.7283,611.1,347.9,saccade
10:27:55.7288,609.0,342.1,saccade
10:27:55.7293,607.0,339.5,saccade
10:27:55.7298,607.2,338.0,saccade
10:27:55.7303,607.3,337.0,saccade
10:27:55.7308,607.5,335.7,saccade
10:27:55.7313,607.6,333.0,saccade
10:27:55.7318,605.6,330.7,saccade
10:27:55.7323,603.6,328.6,saccade
10:27:55.7328,601.7,324.6,saccade
10:27:55.7333,602.4,321.1,saccade
10:27:55.7338,602.4,317.8,saccade
10:27:55.7343,602.6,317.1,saccade
10:27:55.7348,602.2,315.7,saccade
10:27:55.7353,602.5,314.3,saccade
10:27:55.7358,602.6,313.7,saccade
10:27:55.7363,602.7,312.3,saccade
10:27:55.7368,602.7,310.9,saccade
10:27:55.7373,602.7,308.8,saccade
10:27:55.7378,602.5,307.2,saccade
10:27:55.7383,602.3,305.6,saccade
10:27:55.7388,601.9,305.6,fixation
10:27:55.7393,601.5,306.2,fixation
10:27:55.7398,601.3,306.5,fixation
10:27:55.7403,601.2,306.7,fixation
10:27:55.7408,602.0,307.1,fixation
10:27:55.7413,602.6,308.2,fixation
10:27:55.7418,600.8,309.1,fixation
10:27:55.7423,599.0,309.9,fixation
10:27:55.7428,597.6,310.4,fixation
10:27:55.7433,598.1,314.3,fixation
10:27:55.7438,598.1,318.1,fixation
10:27:55.7443,598.1,322.1,fixation
10:27:55.7448,598.7,322.6,fixation
10:27:55.7453,599.2,322.1,fixation
10:27:55.7458,598.8,321.2,fixation
10:27:55.7463,598.3,320.5,fixation
10:27:55.7468,597.7,320.7,fixation
10:27:55.7473,596.9,319.3,fixation
10:27:55.7478,596.3,317.8,fixation
10:27:55.7483,596.1,316.4,fixation
10:27:55.7488,596.8,316.4,fixation
10:27:55.7493,598.6,316.7,fixation
10:27:55.7498,599.9,317.1,fixation
10:27:55.7503,599.0,317.4,fixation
10:27:55.7508,597.2,317.5,fixation
10:27:55.7513,595.3,317.4,fixation
10:27:55.7518,595.2,317.1,fixation
10:27:55.7523,597.0,317.0,fixation
10:27:55.7528,599.0,317.7,fixation
10:27:55.7533,600.3,319.4,fixation
10:27:55.7538,599.2,320.9,fixation
10:27:55.7543,598.8,321.0,fixation
10:27:55.7548,599.7,319.6,fixation
10:27:55.7553,601.1,317.9,fixation
10:27:55.7558,601.7,316.5,fixation
10:27:55.7563,601.8,315.9,fixation
10:27:55.7568,601.8,315.5,fixation
10:27:55.7573,602.0,315.6,fixation
10:27:55.7578,602.2,315.7,fixation
10:27:55.7583,601.7,314.5,fixation
10:27:55.7588,600.1,313.1,fixation
10:27:55.7593,598.5,311.7,fixation
10:27:55.7598,597.4,313.3,fixation
10:27:55.7603,597.3,314.9,fixation
10:27:55.7608,598.1,316.2,fixation
10:27:55.7613,599.0,315.7,fixation
10:27:55.7618,599.9,315.5,fixation
10:27:55.7623,599.9,315.6,fixation
10:27:55.7628,599.1,315.4,fixation
10:27:55.7633,598.2,315.1,fixation
10:27:55.7638,596.9,314.5,fixation
10:27:55.7643,596.4,313.8,fixation
10:27:55.7648,597.3,313.2,fixation
10:27:55.7653,598.5,314.0,fixation
10:27:55.7658,598.8,315.1,fixation
10:27:55.7663,597.8,315.2,fixation
10:27:55.7668,597.8,314.5,fixation
10:27:55.7673,598.7,313.8,fixation
10:27:55.7678,599.7,314.0,fixation
10:27:55.7683,601.1,313.9,fixation
10:27:55.7688,602.5,313.9,fixation
10:27:55.7693,601.9,313.5,fixation
10:27:55.7698,599.8,313.1,fixation
10:27:55.7703,597.7,313.6,fixation
10:27:55.7708,598.2,314.8,fixation
10:27:55.7713,598.8,316.0,fixation
10:27:55.7718,599.6,316.3,fixation
10:27:55.7723,599.9,316.3,fixation
10:27:55.7728,600.1,316.3,fixation
10:27:55.7733,599.4,316.6,fixation
10:27:55.7738,598.6,316.9,fixation
10:27:55.7743,600.0,317.0,fixation
10:27:55.7748,602.1,316.3,fixation
10:27:55.7753,603.7,315.6,fixation
10:27:55.7758,602.6,315.2,fixation
10:27:55.7763,600.7,315.0,fixation
10:27:55.7768,599.2,314.7,fixation
10:27:55.7773,598.3,314.2,fixation
10:27:55.7778,598.4,313.9,fixation
10:27:55.7783,598.2,314.3,fixation
10:27:55.7788,598.0,316.5,fixation
10:27:55.7793,598.8,318.8,fixation
10:27:55.7798,599.7,319.0,fixation
10:27:55.7803,600.7,317.6,fixation
10:27:55.7808,600.4,316.2,fixation
10:27:55.7813,600.2,316.3,fixation
10:27:55.7818,600.4,316.3,fixation
10:27:55.7823,601.4,315.1,fixation
10:27:55.7828,602.4,313.9,fixation
10:27:55.7833,602.8,315.5,fixation
10:27:55.7838,602.5,318.4,fixation
10:27:55.7843,601.9,321.2,fixation
10:27:55.7848,601.6,321.3,fixation
10:27:55.7853,601.5,321.3,fixation
10:27:55.7858,601.6,321.2,fixation
10:27:55.7863,601.5,321.0,fixation
10:27:55.7868,600.3,319.2,fixation
10:27:55.7873,599.2,315.0,fixation
10:27:55.7878,598.6,311.0,fixation
10:27:55.7883,599.3,309.8,fixation
10:27:55.7888,600.0,311.2,fixation
10:27:55.7893,600.4,312.9,fixation
10:27:55.7898,600.6,315.0,fixation
10:27:55.7903,601.3,317.2,fixation
10:27:55.7908,602.5,318.7,fixation
10:27:55.7913,603.5,318.6,fixation
10:27:55.7918,603.4,318.4,fixation
10:27:55.7923,602.9,318.6,fixation
10:27:55.7928,602.1,318.7,fixation
10:27:55.7933,601.6,318.3,fixation
10:27:55.7938,601.1,317.7,fixation
10:27:55.7943,601.1,317.1,fixation
10:27:55.7948,601.2,318.2,fixation
10:27:55.7953,601.1,319.3,fixation
10:27:55.7958,600.9,319.6,fixation
10:27:55.7963,601.0,318.8,fixation
10:27:55.7968,601.1,318.1,fixation
10:27:55.7973,601.3,318.0,fixation
10:27:55.7978,601.5,318.0,fixation
10:27:55.7983,601.7,317.3,fixation
10:27:55.7988,601.9,316.2,fixation
10:27:55.7993,601.9,315.2,fixation
10:27:55.7998,601.9,314.7,fixation
10:27:55.8003,602.0,314.7,fixation
10:27:55.8008,601.9,314.7,fixation
10:27:55.8013,601.5,314.7,fixation
10:27:55.8018,601.0,315.1,fixation
10:27:55.8023,602.2,317.3,fixation
10:27:55.8028,603.0,319.5,fixation
10:27:55.8033,603.7,321.0,fixation
10:27:55.8038,603.1,320.4,fixation
10:27:55.8043,603.0,319.8,fixation
10:27:55.8048,603.3,319.3,fixation
10:27:55.8053,603.6,320.6,fixation
10:27:55.8058,603.8,322.1,fixation
10:27:55.8063,603.9,320.8,fixation
10:27:55.8068,604.1,318.2,fixation
10:27:55.8073,604.4,315.5,fixation
10:27:55.8078,604.6,316.1,fixation
10:27:55.8083,603.6,316.5,fixation
10:27:55.8088,602.4,317.0,fixation
10:27:55.8093,601.3,317.0,fixation
10:27:55.8098,601.3,317.1,fixation
10:27:55.8103,602.6,317.3,fixation
10:27:55.8108,604.7,317.7,fixation
10:27:55.8113,606.9,318.3,fixation
10:27:55.8118,607.6,320.3,fixation
10:27:55.8123,607.1,322.1,fixation
10:27:55.8128,606.3,322.0,fixation
10:27:55.8133,605.5,320.5,fixation
10:27:55.8138,605.0,321.0,fixation
10:27:55.8143,604.6,323.0,fixation
10:27:55.8148,604.5,322.9,fixation
10:27:55.8153,604.0,320.7,fixation
10:27:55.8158,603.5,318.5,fixation
10:27:55.8163,603.0,318.7,fixation
10:27:55.8168,602.8,319.4,fixation
10:27:55.8173,601.8,319.7,fixation
10:27:55.8178,600.6,319.7,fixation
10:27:55.8183,599.5,319.5,fixation
10:27:55.8188,599.6,319.9,fixation
10:27:55.8193,600.0,320.4,fixation
10:27:55.8198,600.3,320.7,fixation
10:27:55.8203,600.4,320.9,fixation
10:27:55.8208,600.4,320.5,fixation
10:27:55.8213,600.4,320.2,fixation
10:27:55.8218,600.4,319.9,fixation
10:27:55.8223,597.7,319.8,fixation
10:27:55.8228,595.4,319.7,fixation
10:27:55.8233,593.5,319.8,fixation
10:27:55.8238,595.7,320.1,fixation
10:27:55.8243,597.5,320.3,fixation
10:27:55.8248,599.4,321.1,fixation
10:27:55.8253,599.8,321.7,fixation
10:27:55.8258,600.0,322.2,fixation
10:27:55.8263,599.8,322.1,fixation
10:27:55.8268,599.8,321.9,fixation
10:27:55.8273,599.6,321.6,fixation
10:27:55.8278,599.4,320.2,fixation
10:27:55.8283,599.3,319.0,fixation
10:27:55.8288,599.5,318.3,fixation
10:27:55.8293,599.7,318.7,fixation
10:27:55.8298,599.3,319.0,fixation
10:27:55.8303,599.0,318.8,fixation
10:27:55.8308,598.7,318.3,fixation
10:27:55.8313,599.1,317.9,fixation
10:27:55.8318,599.4,319.3,fixation
10:27:55.8323,599.6,320.9,fixation
10:27:55.8328,599.8,322.5,fixation
10:27:55.8333,599.7,322.5,fixation
10:27:55.8338,599.6,322.5,fixation
10:27:55.8343,599.6,322.6,fixation
10:27:55.8348,599.7,322.7,fixation
10:27:55.8353,599.8,323.0,fixation
10:27:55.8358,599.5,323.2,fixation
10:27:55.8363,599.3,323.3,fixation
10:27:55.8368,598.9,323.1,fixation
10:27:55.8373,598.5,322.6,fixation
10:27:55.8378,598.0,320.2,fixation
10:27:55.8383,597.9,318.0,fixation
10:27:55.8388,598.0,318.0,fixation
10:27:55.8393,598.3,320.4,fixation
10:27:55.8398,598.5,322.6,fixation
10:27:55.8403,598.7,322.8,fixation
10:27:55.8408,599.9,322.9,fixation
10:27:55.8413,601.1,323.3,fixation
10:27:55.8418,602.3,324.1,fixation
10:27:55.8423,602.3,324.4,fixation
10:27:55.8428,601.2,324.3,fixation
10:27:55.8433,600.7,323.8,fixation
10:27:55.8438,600.2,323.5,fixation
10:27:55.8443,600.8,323.7,fixation
10:27:55.8448,600.9,324.5,fixation
10:27:55.8453,600.9,325.2,fixation
10:27:55.8458,601.2,325.8,fixation
10:27:55.8463,601.4,325.9,fixation
10:27:55.8468,601.7,325.9,fixation
10:27:55.8473,601.9,325.8,fixation
10:27:55.8478,602.1,325.6,fixation
10:27:55.8483,602.0,325.6,saccade
10:27:55.8488,601.4,324.6,saccade
10:27:55.8493,601.1,323.4,saccade
10:27:55.8498,600.7,321.8,saccade
10:27:55.8503,601.0,320.8,saccade
10:27:55.8508,601.8,319.5,saccade
10:27:55.8513,602.6,318.7,saccade
10:27:55.8518,603.3,318.4,saccade
10:27:55.8523,603.1,318.6,saccade
10:27:55.8528,603.0,318.9,saccade
10:27:55.8533,603.0,316.0,saccade
10:27:55.8538,603.1,312.8,saccade
10:27:55.8543,603.2,309.1,saccade
10:27:55.8548,602.8,308.5,saccade
10:27:55.8553,602.0,308.0,saccade
10:27:55.8558,599.6,308.0,saccade
10:27:55.8563,596.4,307.2,saccade
10:27:55.8568,592.9,302.6,saccade
10:27:55.8573,591.2,297.7,saccade
10:27:55.8578,589.5,293.6,saccade
10:27:55.8583,587.9,293.1,saccade
10:27:55.8588,585.1,289.9,saccade
10:27:55.8593,583.3,286.8,saccade
10:27:55.8598,582.2,283.8,saccade
10:27:55.8603,582.2,283.3,saccade
10:27:55.8608,582.2,282.3,saccade
10:27:55.8613,581.1,279.2,saccade
10:27:55.8618,579.9,276.5,saccade
10:27:55.8623,578.8,274.4,saccade
10:27:55.8628,577.8,270.4,saccade
10:27:55.8633,575.9,266.4,saccade
10:27:55.8638,574.1,262.4,saccade
10:27:55.8643,574.3,261.9,saccade
10:27:55.8648,575.3,261.7,saccade
10:27:55.8653,575.5,261.8,saccade
10:27:55.8658,574.0,262.3,saccade
10:27:55.8663,572.2,259.3,saccade
10:27:55.8668,571.2,256.1,saccade
10:27:55.8673,570.9,255.4,saccade
10:27:55.8678,570.8,257.9,saccade
10:27:55.8683,567.9,260.0,saccade
10:27:55.8688,565.0,259.6,saccade
10:27:55.8693,563.2,258.8,saccade
10:27:55.8698,564.8,258.7,fixation
10:27:55.8703,564.1,259.4,fixation
10:27:55.8708,562.3,259.6,fixation
10:27:55.8713,561.0,259.1,fixation
10:27:55.8718,560.1,258.9,fixation
10:27:55.8723,560.4,259.4,fixation
10:27:55.8728,560.2,260.7,fixation
10:27:55.8733,559.4,261.8,fixation
10:27:55.8738,558.1,261.0,fixation
10:27:55.8743,556.9,259.9,fixation
10:27:55.8748,556.9,258.9,fixation
10:27:55.8753,557.4,259.4,fixation
10:27:55.8758,558.0,256.9,fixation
10:27:55.8763,558.0,254.4,fixation
10:27:55.8768,557.3,252.6,fixation
10:27:55.8773,556.0,253.8,fixation
10:27:55.8778,554.4,255.0,fixation
10:27:55.8783,553.5,255.6,fixation
10:27:55.8788,553.3,255.6,fixation
10:27:55.8793,553.4,255.6,fixation
10:27:55.8798,553.5,255.6,fixation
10:27:55.8803,553.4,255.5,fixation
10:27:55.8808,553.3,255.4,fixation
10:27:55.8813,552.7,254.8,fixation
10:27:55.8818,552.4,253.6,fixation
10:27:55.8823,552.1,251.9,fixation
10:27:55.8828,552.1,250.6,fixation
10:27:55.8833,551.8,249.9,fixation
10:27:55.8838,551.5,249.9,fixation
10:27:55.8843,551.5,250.2,fixation
10:27:55.8848,552.1,250.5,fixation
10:27:55.8853,553.3,251.8,fixation
10:27:55.8858,554.5,253.7,fixation
10:27:55.8863,555.5,255.7,fixation
10:27:55.8868,556.4,257.2,fixation
10:27:55.8873,557.3,258.0,fixation
10:27:55.8878,558.2,258.8,fixation
10:27:55.8883,558.7,258.1,fixation
10:27:55.8888,557.4,255.9,fixation
10:27:55.8893,555.6,253.6,fixation
10:27:55.8898,554.8,252.1,fixation
10:27:55.8903,555.9,252.0,fixation
10:27:55.8908,556.3,251.9,fixation
10:27:55.8913,555.7,252.0,fixation
10:27:55.8918,554.9,252.2,fixation
10:27:55.8923,554.6,253.7,fixation
10:27:55.8928,554.4,255.1,fixation
10:27:55.8933,554.4,256.4,fixation
10:27:55.8938,554.4,256.6,fixation
10:27:55.8943,554.3,254.7,fixation
10:27:55.8948,554.2,252.7,fixation
10:27:55.8953,554.5,250.6,fixation
10:27:55.8958,556.1,250.5,fixation
10:27:55.8963,557.7,254.3,fixation
10:27:55.8968,558.0,258.3,fixation
10:27:55.8973,557.0,260.2,fixation
10:27:55.8978,554.1,258.2,fixation
10:27:55.8983,552.1,254.6,fixation
10:27:55.8988,551.4,252.9,fixation
10:27:55.8993,552.5,251.2,fixation
10:27:55.8998,553.8,251.1,fixation
10:27:55.9003,554.5,253.2,fixation
10:27:55.9008,554.6,255.5,fixation
10:27:55.9013,554.0,257.8,fixation
10:27:55.9018,552.8,257.0,fixation
10:27:55.9023,552.1,256.3,fixation
10:27:55.9028,552.8,255.6,fixation
10:27:55.9033,554.4,256.9,fixation
10:27:55.9038,555.7,258.1,fixation
10:27:55.9043,556.0,258.1,fixation
10:27:55.9048,555.9,256.9,fixation
10:27:55.9053,556.1,255.7,fixation
10:27:55.9058,556.0,255.7,fixation
10:27:55.9063,555.6,255.0,fixation
10:27:55.9068,555.2,255.0,fixation
10:27:55.9073,555.8,255.8,fixation
10:27:55.9078,556.7,257.3,fixation
10:27:55.9083,557.6,257.1,fixation
10:27:55.9088,558.0,256.5,fixation
10:27:55.9093,557.8,255.9,fixation
10:27:55.9098,557.5,256.0,fixation
10:27:55.9103,557.3,255.8,fixation
10:27:55.9108,557.3,255.6,fixation
10:27:55.9113,557.4,255.7,fixation
10:27:55.9118,556.5,256.0,fixation
10:27:55.9123,555.4,256.7,fixation
10:27:55.9128,554.4,257.2,fixation
10:27:55.9133,554.3,255.2,fixation
10:27:55.9138,554.2,252.8,fixation
10:27:55.9143,553.9,250.2,fixation
10:27:55.9148,553.6,250.1,fixation
10:27:55.9153,554.4,250.4,fixation
10:27:55.9158,554.9,251.3,fixation
10:27:55.9163,555.0,252.1,fixation
10:27:55.9168,554.8,252.5,fixation
10:27:55.9173,554.9,252.1,fixation
10:27:55.9178,555.4,251.7,fixation
10:27:55.9183,554.8,251.3,fixation
10:27:55.9188,554.1,251.4,fixation
10:27:55.9193,553.4,253.2,fixation
10:27:55.9198,553.5,255.0,fixation
10:27:55.9203,553.6,256.7,fixation
10:27:55.9208,553.9,255.2,fixation
10:27:55.9213,554.7,253.7,fixation
10:27:55.9218,555.2,254.2,fixation
10:27:55.9223,555.3,256.1,fixation
10:27:55.9228,554.8,258.0,fixation
10:27:55.9233,554.2,257.2,fixation
10:27:55.9238,554.0,257.0,fixation
10:27:55.9243,554.4,257.4,fixation
10:27:55.9248,554.8,258.7,fixation
10:27:55.9253,555.1,259.1,fixation
10:27:55.9258,555.0,257.4,fixation
10:27:55.9263,554.9,255.6,fixation
10:27:55.9268,555.0,253.6,fixation
10:27:55.9273,554.9,253.1,fixation
10:27:55.9278,554.4,252.5,fixation
10:27:55.9283,553.3,252.4,fixation
10:27:55.9288,552.5,252.7,fixation
10:27:55.9293,552.7,253.4,fixation
10:27:55.9298,553.5,254.1,fixation
10:27:55.9303,554.4,254.3,fixation
10:27:55.9308,554.0,253.7,fixation
10:27:55.9313,552.9,253.3,fixation
10:27:55.9318,551.8,252.8,fixation
10:27:55.9323,551.8,253.9,fixation
10:27:55.9328,552.5,255.0,fixation
10:27:55.9333,553.0,255.8,fixation
10:27:55.9338,553.0,255.3,fixation
10:27:55.9343,553.0,255.1,fixation
10:27:55.9348,553.2,255.2,fixation
10:27:55.9353,553.6,255.4,fixation
10:27:55.9358,553.9,255.4,fixation
10:27:55.9363,554.1,255.3,fixation
10:27:55.9368,553.5,255.0,fixation
10:27:55.9373,552.7,254.8,fixation
10:27:55.9378,551.9,254.8,fixation
10:27:55.9383,551.7,254.8,fixation
10:27:55.9388,552.5,255.1,fixation
10:27:55.9393,553.8,255.5,fixation
10:27:55.9398,554.9,255.9,fixation
10:27:55.9403,555.0,256.5,fixation
10:27:55.9408,554.6,256.8,fixation
10:27:55.9413,554.5,257.1,fixation
10:27:55.9418,555.8,257.2,fixation
10:27:55.9423,557.0,257.3,fixation
10:27:55.9428,556.8,257.3,fixation
10:27:55.9433,555.1,256.3,fixation
10:27:55.9438,552.9,255.2,fixation
10:27:55.9443,552.1,255.1,fixation
10:27:55.9448,551.4,255.9,fixation
10:27:55.9453,551.3,256.6,fixation
10:27:55.9458,551.7,255.2,fixation
10:27:55.9463,552.3,254.0,fixation
10:27:55.9468,552.9,253.1,fixation
10:27:55.9473,551.9,253.8,fixation
10:27:55.9478,550.8,254.5,fixation
10:27:55.9483,551.0,256.0,fixation
10:27:55.9488,552.2,256.9,fixation
10:27:55.9493,553.5,255.8,fixation
10:27:55.9498,553.6,253.6,fixation
10:27:55.9503,553.8,252.7,fixation
10:27:55.9508,553.6,254.5,fixation
10:27:55.9513,553.5,256.3,fixation
10:27:55.9518,553.3,256.8,fixation
10:27:55.9523,553.2,256.7,fixation
10:27:55.9528,554.8,256.7,fixation
10:27:55.9533,556.5,254.5,fixation
10:27:55.9538,558.0,251.1,fixation
10:27:55.9543,556.9,247.6,fixation
10:27:55.9548,555.9,249.2,fixation
10:27:55.9553,554.7,252.2,fixation
10:27:55.9558,554.1,255.2,fixation
10:27:55.9563,553.4,255.4,fixation
10:27:55.9568,553.7,254.5,fixation
10:27:55.9573,554.2,253.0,fixation
10:27:55.9578,553.5,251.4,fixation
10:27:55.9583,552.2,251.3,fixation
10:27:55.9588,552.1,252.6,fixation
10:27:55.9593,553.3,254.0,fixation
10:27:55.9598,554.0,254.5,fixation
10:27:55.9603,553.6,254.9,fixation
10:27:55.9608,553.2,255.2,fixation
10:27:55.9613,553.3,255.6,fixation
10:27:55.9618,553.3,255.5,fixation
10:27:55.9623,553.3,255.3,fixation
10:27:55.9628,553.5,255.2,fixation
10:27:55.9633,553.7,255.0,fixation
10:27:55.9638,553.9,255.3,fixation
10:27:55.9643,554.1,256.1,fixation
10:27:55.9648,554.5,258.3,fixation
10:27:55.9653,554.9,260.0,fixation
10:27:55.9658,555.2,258.8,fixation
10:27:55.9663,553.8,256.6,fixation
10:27:55.9668,552.4,254.3,fixation
10:27:55.9673,552.2,254.5,fixation
10:27:55.9678,553.4,254.3,fixation
10:27:55.9683,554.9,254.1,fixation
10:27:55.9688,555.2,253.9,fixation
10:27:55.9693,555.3,254.7,fixation
10:27:55.9698,555.0,255.8,fixation
10:27:55.9703,555.2,255.6,fixation
10:27:55.9708,555.7,254.4,fixation
10:27:55.9713,556.3,252.9,fixation
10:27:55.9718,557.1,252.3,fixation
10:27:55.9723,557.7,251.7,fixation
10:27:55.9728,557.7,254.6,fixation
10:27:55.9733,557.4,257.9,fixation
10:27:55.9738,557.0,259.6,fixation
10:27:55.9743,556.6,258.0,fixation
10:27:55.9748,556.1,256.2,fixation
10:27:55.9753,555.7,255.9,fixation
10:27:55.9758,556.3,254.8,fixation
10:27:55.9763,556.9,253.9,fixation
10:27:55.9768,556.1,253.1,fixation
10:27:55.9773,554.6,253.2,fixation
10:27:55.9778,553.3,253.2,fixation
10:27:55.9783,553.5,254.2,fixation
10:27:55.9788,553.8,255.2,fixation
10:27:55.9793,555.2,256.2,fixation
10:27:55.9798,556.6,256.7,fixation
10:27:55.9803,557.5,257.5,fixation
10:27:55.9808,557.0,258.2,fixation
10:27:55.9813,556.6,258.4,fixation
10:27:55.9818,556.5,258.1,fixation
10:27:55.9823,556.0,257.7,fixation
10:27:55.9828,555.7,257.2,fixation
10:27:55.9833,555.4,256.9,fixation
10:27:55.9838,555.7,256.8,fixation
10:27:55.9843,556.1,256.9,fixation
10:27:55.9848,556.5,256.4,fixation
10:27:55.9853,557.3,255.7,fixation
10:27:55.9858,557.9,254.9,fixation
10:27:55.9863,558.6,254.6,fixation
10:27:55.9868,558.8,254.5,fixation
10:27:55.9873,559.0,256.3,fixation
10:27:55.9878,558.3,258.0,fixation
10:27:55.9883,557.5,259.4,fixation
10:27:55.9888,556.1,259.0,fixation
10:27:55.9893,555.6,258.6,fixation
10:27:55.9898,556.4,257.1,fixation
10:27:55.9903,557.7,255.7,fixation
10:27:55.9908,558.9,255.3,fixation
10:27:55.9913,559.0,256.4,fixation
10:27:55.9918,559.1,256.9,fixation
10:27:55.9923,557.5,256.3,fixation
10:27:55.9928,556.0,256.0,fixation
10:27:55.9933,554.4,256.5,fixation
10:27:55.9938,554.4,257.1,fixation
10:27:55.9943,554.4,257.3,fixation
10:27:55.9948,554.4,257.1,fixation
10:27:55.9953,555.0,256.8,fixation
10:27:55.9958,555.8,256.5,fixation
10:27:55.9963,556.8,256.4,fixation
10:27:55.9968,557.1,257.3,fixation
10:27:55.9973,557.0,258.1,fixation
10:27:55.9978,556.6,259.0,fixation
10:27:55.9983,557.0,259.0,fixation
10:27:55.9988,557.5,259.0,fixation
10:27:55.9993,558.6,259.0,fixation
10:27:55.9998,559.2,259.0,fixation
10:27:56.0003,559.4,259.0,fixation
10:27:56.0008,559.2,259.1,fixation
10:27:56.0013,559.1,259.2,fixation
10:27:56.0018,559.4,259.3,fixation
10:27:56.0023,559.1,259.4,fixation
10:27:56.0028,558.5,259.4,fixation
10:27:56.0033,557.9,260.1,saccade
10:27:56.0038,557.8,260.7,saccade
10:27:56.0043,557.7,261.3,saccade
10:27:56.0048,557.9,261.2,saccade
10:27:56.0053,557.3,261.8,saccade
10:27:56.0058,556.6,262.3,saccade
10:27:56.0063,555.8,261.8,saccade
10:27:56.0068,555.8,260.6,saccade
10:27:56.0073,554.9,258.6,saccade
10:27:56.0078,553.3,256.9,saccade
10:27:56.0083,551.8,255.5,saccade
10:27:56.0088,550.6,254.8,saccade
10:27:56.0093,549.9,254.1,saccade
10:27:56.0098,549.2,253.4,saccade
10:27:56.0103,547.4,252.2,saccade
10:27:56.0108,545.9,251.7,saccade
10:27:56.0113,543.7,251.2,saccade
10:27:56.0118,541.3,251.1,saccade
10:27:56.0123,538.9,251.1,saccade
10:27:56.0128,537.1,250.9,saccade
10:27:56.0133,536.7,250.3,saccade
10:27:56.0138,534.5,249.6,saccade
10:27:56.0143,532.5,249.1,saccade
10:27:56.0148,530.8,248.8,saccade
10:27:56.0153,530.9,249.6,saccade
10:27:56.0158,529.0,250.4,saccade
10:27:56.0163,527.0,251.0,saccade
10:27:56.0168,525.0,250.6,saccade
10:27:56.0173,523.8,250.3,saccade
10:27:56.0178,522.6,249.4,saccade
10:27:56.0183,518.8,247.7,saccade
10:27:56.0188,516.2,245.8,saccade
10:27:56.0193,513.6,244.8,saccade
10:27:56.0198,512.8,245.2,saccade
10:27:56.0203,511.9,245.7,saccade
10:27:56.0208,509.3,243.5,saccade
10:27:56.0213,507.5,241.6,saccade
10:27:56.0218,506.3,240.6,saccade
10:27:56.0223,506.9,242.3,saccade
10:27:56.0228,506.7,243.0,saccade
10:27:56.0233,506.0,242.6,saccade
10:27:56.0238,504.1,241.4,fixation
10:27:56.0243,503.4,241.2,fixation
10:27:56.0248,503.0,241.2,fixation
10:27:56.0253,502.8,241.5,fixation
10:27:56.0258,502.3,241.8,fixation
10:27:56.0263,501.7,241.6,fixation
10:27:56.0268,501.3,241.4,fixation
10:27:56.0273,501.2,241.1,fixation
10:27:56.0278,501.6,238.9,fixation
10:27:56.0283,501.9,236.7,fixation
10:27:56.0288,502.2,235.9,fixation
10:27:56.0293,502.1,237.2,fixation
10:27:56.0298,502.0,240.1,fixation
10:27:56.0303,501.5,241.6,fixation
10:27:56.0308,501.0,243.0,fixation
10:27:56.0313,499.9,243.7,fixation
10:27:56.0318,499.3,244.0,fixation
10:27:56.0323,498.4,244.5,fixation
10:27:56.0328,498.1,244.5,fixation
10:27:56.0333,496.9,244.7,fixation
10:27:56.0338,495.5,245.3,fixation
10:27:56.0343,494.3,245.8,fixation
10:27:56.0348,494.8,245.5,fixation
10:27:56.0353,496.5,244.7,fixation
10:27:56.0358,498.2,245.1,fixation
10:27:56.0363,498.3,246.4,fixation
10:27:56.0368,496.1,247.5,fixation
10:27:56.0373,494.0,247.7,fixation
10:27:56.0378,493.0,248.0,fixation
10:27:56.0383,494.1,245.7,fixation
10:27:56.0388,495.2,243.1,fixation
10:27:56.0393,495.4,242.8,fixation
10:27:56.0398,495.5,245.0,fixation
10:27:56.0403,495.9,246.3,fixation
10:27:56.0408,496.6,245.4,fixation
10:27:56.0413,496.8,244.4,fixation
10:27:56.0418,496.6,244.4,fixation
10:27:56.0423,496.4,244.5,fixation
10:27:56.0428,496.5,243.6,fixation
10:27:56.0433,496.5,242.7,fixation
10:27:56.0438,496.5,242.3,fixation
10:27:56.0443,497.8,242.8,fixation
10:27:56.0448,499.4,243.7,fixation
10:27:56.0453,499.3,243.9,fixation
10:27:56.0458,497.5,244.0,fixation
10:27:56.0463,496.3,242.7,fixation
10:27:56.0468,496.9,241.6,fixation
10:27:56.0473,497.6,240.5,fixation
10:27:56.0478,497.9,240.8,fixation
10:27:56.0483,498.6,241.0,fixation
10:27:56.0488,499.0,241.1,fixation
10:27:56.0493,498.6,241.4,fixation
10:27:56.0498,498.4,242.0,fixation
10:27:56.0503,498.6,242.0,fixation
10:27:56.0508,498.9,241.8,fixation
10:27:56.0513,498.8,242.0,fixation
10:27:56.0518,499.2,242.6,fixation
10:27:56.0523,499.7,243.9,fixation
10:27:56.0528,500.1,245.3,fixation
10:27:56.0533,499.9,246.3,fixation
10:27:56.0538,499.0,246.7,fixation
10:27:56.0543,498.3,246.3,fixation
10:27:56.0548,497.7,245.9,fixation
10:27:56.0553,498.6,245.6,fixation
10:27:56.0558,499.0,245.5,fixation
10:27:56.0563,499.4,245.5,fixation
10:27:56.0568,499.5,245.6,fixation
10:27:56.0573,500.0,245.5,fixation
10:27:56.0578,500.2,245.3,fixation
10:27:56.0583,499.8,245.7,fixation
10:27:56.0588,498.8,246.2,fixation
10:27:56.0593,498.0,247.4,fixation
10:27:56.0598,497.7,247.9,fixation
10:27:56.0603,497.9,247.9,fixation
10:27:56.0608,498.2,247.2,fixation
10:27:56.0613,499.1,246.6,fixation
10:27:56.0618,499.9,246.5,fixation
10:27:56.0623,500.0,245.0,fixation
10:27:56.0628,499.1,243.4,fixation
10:27:56.0633,498.2,241.5,fixation
10:27:56.0638,498.8,240.7,fixation
10:27:56.0643,499.5,239.9,fixation
10:27:56.0648,500.3,241.2,fixation
10:27:56.0653,500.5,242.8,fixation
10:27:56.0658,500.8,244.0,fixation
10:27:56.0663,501.0,243.5,fixation
10:27:56.0668,500.7,243.1,fixation
10:27:56.0673,500.3,243.2,fixation
10:27:56.0678,500.4,242.9,fixation
10:27:56.0683,500.6,242.5,fixation
10:27:56.0688,500.8,242.8,fixation
10:27:56.0693,500.8,243.5,fixation
10:27:56.0698,500.8,243.9,fixation
10:27:56.0703,500.5,243.6,fixation
10:27:56.0708,499.7,243.3,fixation
10:27:56.0713,499.0,243.3,fixation
10:27:56.0718,499.1,245.2,fixation
10:27:56.0723,500.2,247.0,fixation
10:27:56.0728,501.5,248.7,fixation
10:27:56.0733,502.2,247.9,fixation
10:27:56.0738,502.0,246.8,fixation
10:27:56.0743,501.3,245.2,fixation
10:27:56.0748,500.6,244.2,fixation
10:27:56.0753,500.5,244.7,fixation
10:27:56.0758,501.8,245.8,fixation
10:27:56.0763,503.1,246.9,fixation
10:27:56.0768,503.9,247.0,fixation
10:27:56.0773,503.6,246.9,fixation
10:27:56.0778,503.5,246.7,fixation
10:27:56.0783,503.8,246.5,fixation
10:27:56.0788,502.4,246.3,fixation
10:27:56.0793,500.6,246.0,fixation
10:27:56.0798,499.7,245.9,fixation
10:27:56.0803,500.5,245.8,fixation
10:27:56.0808,500.7,245.7,fixation
10:27:56.0813,500.0,246.7,fixation
10:27:56.0818,499.2,247.8,fixation
10:27:56.0823,499.0,248.2,fixation
10:27:56.0828,498.5,246.6,fixation
10:27:56.0833,498.2,244.9,fixation
10:27:56.0838,498.1,243.8,fixation
10:27:56.0843,498.7,243.3,fixation
10:27:56.0848,499.2,242.7,fixation
10:27:56.0853,499.3,242.1,fixation
10:27:56.0858,498.9,242.3,fixation
10:27:56.0863,498.5,242.7,fixation
10:27:56.0868,498.2,243.2,fixation
10:27:56.0873,498.9,243.2,fixation
10:27:56.0878,499.9,243.1,fixation
10:27:56.0883,499.1,242.8,fixation
10:27:56.0888,497.3,242.5,fixation
10:27:56.0893,497.2,244.4,fixation
10:27:56.0898,498.8,246.6,fixation
10:27:56.0903,500.6,248.4,fixation
10:27:56.0908,500.8,248.0,fixation
10:27:56.0913,500.4,247.7,fixation
10:27:56.0918,499.7,247.6,fixation
10:27:56.0923,499.1,247.5,fixation
10:27:56.0928,499.0,247.2,fixation
10:27:56.0933,498.9,247.0,fixation
10:27:56.0938,497.6,246.8,fixation
10:27:56.0943,496.4,246.5,fixation
10:27:56.0948,495.7,245.3,fixation
10:27:56.0953,496.8,244.1,fixation
10:27:56.0958,497.9,243.6,fixation
10:27:56.0963,499.1,244.3,fixation
10:27:56.0968,499.6,244.7,fixation
10:27:56.0973,498.5,244.8,fixation
10:27:56.0978,496.7,244.4,fixation
10:27:56.0983,496.2,243.9,fixation
10:27:56.0988,497.2,243.8,fixation
10:27:56.0993,498.2,243.8,fixation
10:27:56.0998,498.0,244.5,fixation
10:27:56.1003,498.9,244.6,fixation
10:27:56.1008,499.8,244.8,fixation
10:27:56.1013,499.6,244.8,fixation
10:27:56.1018,498.5,244.6,fixation
10:27:56.1023,497.4,244.4,fixation
10:27:56.1028,498.5,244.7,fixation
10:27:56.1033,499.6,245.3,fixation
10:27:56.1038,500.8,246.0,fixation
10:27:56.1043,500.8,246.0,fixation
10:27:56.1048,500.9,245.9,fixation
10:27:56.1053,500.9,244.1,fixation
10:27:56.1058,499.2,243.0,fixation
10:27:56.1063,497.9,242.1,fixation
10:27:56.1068,496.6,242.0,fixation
10:27:56.1073,496.6,241.2,fixation
10:27:56.1078,496.4,242.3,fixation
10:27:56.1083,496.1,244.2,fixation
10:27:56.1088,496.1,246.0,fixation
10:27:56.1093,496.0,245.9,fixation
10:27:56.1098,496.6,246.0,fixation
10:27:56.1103,497.3,246.1,fixation
10:27:56.1108,498.5,245.9,fixation
10:27:56.1113,498.9,245.7,fixation
10:27:56.1118,498.1,245.4,fixation
10:27:56.1123,496.3,245.3,fixation
10:27:56.1128,494.5,245.1,fixation
10:27:56.1133,494.0,245.1,fixation
10:27:56.1138,494.1,245.3,fixation
10:27:56.1143,495.1,244.6,fixation
10:27:56.1148,495.6,243.7,fixation
10:27:56.1153,496.1,242.2,fixation
10:27:56.1158,495.7,241.1,fixation
10:27:56.1163,493.9,239.5,fixation
10:27:56.1168,492.1,238.4,fixation
10:27:56.1173,491.2,238.5,fixation
10:27:56.1178,492.0,238.9,fixation
10:27:56.1183,493.6,239.3,fixation
10:27:56.1188,494.5,239.9,fixation
10:27:56.1193,495.4,240.5,fixation
10:27:56.1198,493.2,241.1,fixation
10:27:56.1203,491.0,240.5,fixation
10:27:56.1208,488.4,239.9,fixation
10:27:56.1213,487.6,238.4,fixation
10:27:56.1218,486.8,237.1,fixation
10:27:56.1223,485.9,237.8,fixation
10:27:56.1228,485.2,239.5,fixation
10:27:56.1233,484.5,242.6,fixation
10:27:56.1238,484.4,244.0,fixation
10:27:56.1243,484.8,245.4,fixation
10:27:56.1248,485.1,244.9,fixation
10:27:56.1253,485.3,243.9,fixation
10:27:56.1258,485.1,242.9,fixation
10:27:56.1263,484.4,242.3,fixation
10:27:56.1268,483.9,242.5,fixation
10:27:56.1273,483.4,242.8,fixation
10:27:56.1278,482.2,242.4,fixation
10:27:56.1283,480.8,241.6,fixation
10:27:56.1288,478.8,240.5,fixation
10:27:56.1293,478.1,240.3,fixation
10:27:56.1298,475.9,240.1,fixation
10:27:56.1303,474.4,240.5,fixation
10:27:56.1308,473.6,240.8,fixation
10:27:56.1313,474.8,241.3,fixation
10:27:56.1318,475.8,241.6,fixation
10:27:56.1323,476.0,241.0,fixation
10:27:56.1328,475.5,240.2,fixation
10:27:56.1333,475.2,239.5,fixation
10:27:56.1338,477.0,239.9,fixation
10:27:56.1343,478.9,240.1,fixation
10:27:56.1348,479.8,239.9,fixation
10:27:56.1353,478.7,239.7,fixation
10:27:56.1358,479.1,239.8,fixation
10:27:56.1363,480.5,240.2,fixation
10:27:56.1368,480.9,239.9,fixation
10:27:56.1373,480.0,238.5,fixation
10:27:56.1378,480.2,237.0,fixation
10:27:56.1383,481.3,237.6,fixation
10:27:56.1388,482.5,239.1,fixation
10:27:56.1393,482.5,241.3,fixation
10:27:56.1398,482.3,242.0,fixation
10:27:56.1403,481.8,242.6,fixation
10:27:56.1408,480.9,242.2,fixation
10:27:56.1413,480.2,241.6,fixation
10:27:56.1418,479.7,241.2,fixation
10:27:56.1423,479.7,241.1,fixation
10:27:56.1428,478.0,241.1,fixation
10:27:56.1433,476.3,241.2,fixation
10:27:56.1438,475.7,241.3,fixation
10:27:56.1443,477.9,241.4,fixation
10:27:56.1448,480.1,241.4,fixation
10:27:56.1453,481.6,242.2,fixation
10:27:56.1458,482.1,243.0,fixation
10:27:56.1463,480.1,243.4,fixation
10:27:56.1468,477.7,242.9,fixation
10:27:56.1473,476.6,242.5,fixation
10:27:56.1478,477.9,242.5,fixation
10:27:56.1483,479.2,242.3,fixation
10:27:56.1488,479.4,241.9,fixation
10:27:56.1493,479.7,240.6,fixation
10:27:56.1498,479.8,239.4,fixation
10:27:56.1503,479.6,239.3,fixation
10:27:56.1508,478.8,240.5,fixation
10:27:56.1513,478.2,241.8,fixation
10:27:56.1518,477.3,243.6,fixation
10:27:56.1523,477.0,245.1,fixation
10:27:56.1528,476.7,246.4,fixation
10:27:56.1533,476.6,245.7,fixation
10:27:56.1538,476.5,243.2,fixation
10:27:56.1543,476.4,240.9,fixation
10:27:56.1548,476.7,239.1,fixation
10:27:56.1553,477.0,239.1,fixation
10:27:56.1558,477.3,239.2,fixation
10:27:56.1563,478.1,240.0,fixation
10:27:56.1568,478.8,241.8,fixation
10:27:56.1573,478.8,243.7,fixation
10:27:56.1578,477.9,245.5,fixation
10:27:56.1583,476.6,246.3,fixation
10:27:56.1588,476.0,246.3,fixation
10:27:56.1593,475.4,244.7,fixation
10:27:56.1598,475.2,240.9,fixation
10:27:56.1603,476.6,238.1,fixation
10:27:56.1608,478.1,236.1,fixation
10:27:56.1613,478.7,237.5,fixation
10:27:56.1618,478.0,238.8,fixation
10:27:56.1623,477.2,240.0,fixation
10:27:56.1628,477.2,239.5,fixation
10:27:56.1633,477.0,239.0,fixation
10:27:56.1638,476.5,240.0,fixation
10:27:56.1643,476.1,241.6,fixation
10:27:56.1648,475.6,241.7,fixation
10:27:56.1653,475.6,240.3,fixation
10:27:56.1658,475.6,239.7,fixation
10:27:56.1663,475.6,240.5,fixation
10:27:56.1668,475.8,241.3,fixation
10:27:56.1673,476.3,241.1,fixation
10:27:56.1678,476.6,240.7,fixation
10:27:56.1683,476.8,240.4,fixation
10:27:56.1688,477.8,241.1,fixation
10:27:56.1693,478.9,242.0,fixation
10:27:56.1698,480.6,242.7,fixation
10:27:56.1703,480.9,242.5,fixation
10:27:56.1708,481.1,242.2,fixation
10:27:56.1713,480.6,241.4,fixation
10:27:56.1718,478.2,240.7,fixation
10:27:56.1723,475.9,239.9,fixation
10:27:56.1728,476.3,240.0,fixation
10:27:56.1733,478.7,240.3,fixation
10:27:56.1738,480.3,240.5,fixation
10:27:56.1743,479.4,240.4,fixation
10:27:56.1748,478.5,239.6,fixation
10:27:56.1753,478.0,238.8,fixation
10:27:56.1758,477.6,239.9,fixation
10:27:56.1763,478.1,241.3,fixation
10:27:56.1768,479.1,243.7,fixation
10:27:56.1773,480.2,244.7,fixation
10:27:56.1778,479.7,246.3,fixation
10:27:56.1783,479.3,246.9,fixation
10:27:56.1788,479.1,245.4,fixation
10:27:56.1793,479.6,243.2,fixation
10:27:56.1798,480.2,241.1,fixation
10:27:56.1803,480.5,239.0,fixation
10:27:56.1808,479.2,236.9,fixation
10:27:56.1813,477.7,236.5,fixation
10:27:56.1818,477.6,238.2,fixation
10:27:56.1823,479.1,240.1,fixation
10:27:56.1828,480.7,241.0,fixation
10:27:56.1833,480.9,241.9,fixation
10:27:56.1838,481.0,241.3,fixation
10:27:56.1843,481.3,239.8,fixation
10:27:56.1848,481.9,236.9,fixation
10:27:56.1853,482.5,235.5,fixation
10:27:56.1858,482.0,234.0,fixation
10:27:56.1863,481.1,235.4,fixation
10:27:56.1868,479.8,236.7,fixation
10:27:56.1873,479.5,238.1,fixation
10:27:56.1878,479.2,238.0,fixation
10:27:56.1883,479.3,238.5,fixation
10:27:56.1888,478.9,239.3,fixation
10:27:56.1893,478.5,240.2,fixation
10:27:56.1898,478.1,240.4,fixation
10:27:56.1903,478.2,239.8,fixation
10:27:56.1908,478.3,239.6,fixation
10:27:56.1913,478.6,239.6,fixation
10:27:56.1918,479.0,239.6,fixation
10:27:56.1923,479.9,239.2,fixation
10:27:56.1928,481.1,238.9,fixation
10:27:56.1933,482.4,239.0,fixation
10:27:56.1938,482.3,239.1,fixation
10:27:56.1943,481.6,237.8,fixation
10:27:56.1948,480.9,236.5,fixation
10:27:56.1953,480.0,234.9,fixation
10:27:56.1958,479.2,234.6,fixation
10:27:56.1963,477.7,234.6,fixation
10:27:56.1968,477.1,234.9,fixation
10:27:56.1973,476.6,235.4,fixation
10:27:56.1978,477.4,236.0,fixation
10:27:56.1983,478.7,237.8,fixation
10:27:56.1988,479.9,239.9,fixation
10:27:56.1993,480.4,242.5,fixation
10:27:56.1998,480.5,243.2,fixation
10:27:56.2003,480.3,242.8,fixation
10:27:56.2008,480.1,241.2,fixation
10:27:56.2013,480.7,239.5,fixation
10:27:56.2018,481.4,238.4,fixation
10:27:56.2023,482.2,237.9,fixation
10:27:56.2028,482.2,238.0,fixation
10:27:56.2033,481.2,238.0,fixation
10:27:56.2038,480.0,237.9,fixation
10:27:56.2043,478.8,237.9,fixation
10:27:56.2048,478.6,238.0,fixation
10:27:56.2053,478.3,237.5,fixation
10:27:56.2058,478.2,236.9,fixation
10:27:56.2063,480.9,236.9,fixation
10:27:56.2068,483.7,237.5,fixation
10:27:56.2073,485.8,238.0,fixation
10:27:56.2078,484.1,237.9,fixation
10:27:56.2083,482.4,237.6,fixation
10:27:56.2088,481.6,237.3,fixation
10:27:56.2093,480.5,237.1,fixation
10:27:56.2098,479.4,237.7,fixation
10:27:56.2103,479.0,238.7,fixation
10:27:56.2108,480.1,239.9,fixation
10:27:56.2113,481.3,240.3,fixation
10:27:56.2118,481.8,240.3,fixation
10:27:56.2123,481.7,241.0,fixation
10:27:56.2128,481.0,241.6,fixation
10:27:56.2133,479.9,240.6,fixation
10:27:56.2138,478.8,239.0,fixation
10:27:56.2143,478.8,237.5,fixation
10:27:56.2148,479.4,237.7,fixation
10:27:56.2153,480.0,237.3,fixation
10:27:56.2158,480.2,236.6,fixation
10:27:56.2163,480.3,235.8,fixation
10:27:56.2168,479.9,235.4,fixation
10:27:56.2173,479.5,235.4,fixation
10:27:56.2178,479.9,235.5,fixation
10:27:56.2183,480.7,234.3,fixation
10:27:56.2188,481.0,233.0,fixation
10:27:56.2193,480.5,232.5,fixation
10:27:56.2198,480.0,233.8,fixation
10:27:56.2203,480.0,235.6,fixation
10:27:56.2208,479.9,235.8,fixation
10:27:56.2213,480.1,235.7,fixation
10:27:56.2218,480.4,235.3,fixation
10:27:56.2223,479.8,234.6,fixation
10:27:56.2228,478.8,233.8,fixation
10:27:56.2233,479.3,235.0,fixation
10:27:56.2238,480.6,236.9,fixation
10:27:56.2243,481.6,238.6,fixation
10:27:56.2248,481.2,237.0,fixation
10:27:56.2253,480.7,235.6,fixation
10:27:56.2258,480.5,234.9,fixation
10:27:56.2263,480.6,235.9,fixation
10:27:56.2268,480.7,236.9,fixation
10:27:56.2273,480.7,236.7,fixation
10:27:56.2278,480.6,235.9,fixation
10:27:56.2283,480.4,236.5,fixation
10:27:56.2288,480.4,238.0,fixation
10:27:56.2293,479.7,240.4,fixation
10:27:56.2298,478.9,241.4,fixation
10:27:56.2303,479.0,242.5,fixation
10:27:56.2308,479.8,239.2,fixation
10:27:56.2313,480.7,235.6,fixation
10:27:56.2318,480.9,231.7,fixation
10:27:56.2323,481.0,231.4,fixation
10:27:56.2328,481.1,231.8,fixation
10:27:56.2333,480.9,232.8,fixation
10:27:56.2338,480.6,234.6,fixation
10:27:56.2343,480.3,236.5,fixation
10:27:56.2348,480.4,237.9,fixation
10:27:56.2353,480.6,238.2,fixation
10:27:56.2358,480.3,237.9,fixation
10:27:56.2363,479.8,238.0,fixation
10:27:56.2368,479.4,238.5,fixation
10:27:56.2373,479.4,239.0,fixation
10:27:56.2378,479.6,238.9,fixation
10:27:56.2383,479.9,238.8,fixation
10:27:56.2388,480.2,238.7,fixation
10:27:56.2393,479.4,239.2,fixation
10:27:56.2398,478.5,239.7,fixation
10:27:56.2403,477.5,238.6,fixation
10:27:56.2408,479.2,237.1,fixation
10:27:56.2413,480.9,235.5,fixation
10:27:56.2418,481.5,235.4,fixation
10:27:56.2423,480.5,235.6,fixation
10:27:56.2428,478.2,235.8,fixation
10:27:56.2433,477.2,236.1,fixation
10:27:56.2438,476.2,236.2,fixation
10:27:56.2443,476.6,236.0,fixation
10:27:56.2448,478.4,235.6,fixation
10:27:56.2453,480.2,235.2,fixation
10:27:56.2458,481.9,235.1,fixation
10:27:56.2463,481.6,235.2,fixation
10:27:56.2468,480.7,236.1,fixation
10:27:56.2473,479.9,237.1,fixation
10:27:56.2478,479.4,238.4,fixation
10:27:56.2483,479.1,238.9,fixation
10:27:56.2488,478.7,239.3,fixation
10:27:56.2493,478.2,239.7,fixation
10:27:56.2498,478.2,240.1,fixation
10:27:56.2503,478.5,240.9,fixation
10:27:56.2508,478.9,241.3,fixation
10:27:56.2513,478.6,240.5,fixation
10:27:56.2518,477.8,239.3,fixation
10:27:56.2523,477.0,238.2,fixation
10:27:56.2528,477.3,238.6,fixation
10:27:56.2533,477.8,239.8,fixation
10:27:56.2538,479.0,240.9,fixation
10:27:56.2543,479.5,241.5,fixation
10:27:56.2548,478.5,240.2,fixation
10:27:56.2553,476.9,238.7,fixation
10:27:56.2558,477.3,237.6,fixation
10:27:56.2563,478.9,237.6,fixation
10:27:56.2568,480.6,238.1,fixation
10:27:56.2573,480.4,238.9,fixation
10:27:56.2578,480.4,239.6,fixation
10:27:56.2583,480.2,239.3,fixation
10:27:56.2588,479.5,238.4,fixation
10:27:56.2593,478.9,237.5,fixation
10:27:56.2598,478.5,238.8,fixation
10:27:56.2603,478.6,240.2,fixation
10:27:56.2608,478.2,241.4,fixation
10:27:56.2613,477.8,239.3,fixation
10:27:56.2618,477.4,237.4,fixation
10:27:56.2623,477.7,235.6,fixation
10:27:56.2628,477.8,235.7,fixation
10:27:56.2633,478.0,235.5,fixation
10:27:56.2638,478.2,235.2,fixation
10:27:56.2643,479.5,235.0,fixation
10:27:56.2648,480.7,235.4,fixation
10:27:56.2653,480.1,236.1,fixation
10:27:56.2658,478.3,237.0,fixation
10:27:56.2663,477.2,237.7,fixation
10:27:56.2668,478.3,238.1,fixation
10:27:56.2673,480.5,239.1,fixation
10:27:56.2678,482.0,240.0,fixation
10:27:56.2683,482.2,239.7,fixation
10:27:56.2688,480.9,238.3,fixation
10:27:56.2693,479.5,236.8,fixation
10:27:56.2698,480.8,236.8,fixation
10:27:56.2703,482.4,236.7,fixation
10:27:56.2708,483.8,236.7,fixation
10:27:56.2713,483.5,237.5,fixation
10:27:56.2718,483.1,238.0,fixation
10:27:56.2723,482.9,238.3,fixation
10:27:56.2728,481.8,237.4,fixation
10:27:56.2733,480.4,236.7,fixation
10:27:56.2738,479.0,235.7,fixation
10:27:56.2743,478.7,234.7,fixation
10:27:56.2748,478.7,233.7,fixation
10:27:56.2753,478.7,234.2,fixation
10:27:56.2758,479.0,235.2,fixation
10:27:56.2763,479.6,238.7,fixation
10:27:56.2768,480.0,241.1,fixation
10:27:56.2773,479.7,240.3,fixation
10:27:56.2778,479.2,237.2,fixation
10:27:56.2783,479.2,234.9,fixation
10:27:56.2788,479.5,235.4,fixation
10:27:56.2793,479.5,235.9,fixation
10:27:56.2798,479.8,235.4,fixation
10:27:56.2803,480.1,235.1,fixation
10:27:56.2808,480.3,234.7,fixation
10:27:56.2813,480.4,234.6,fixation
10:27:56.2818,480.4,234.7,fixation
10:27:56.2823,480.2,234.8,fixation
10:27:56.2828,479.9,234.8,fixation
10:27:56.2833,479.7,233.4,fixation
10:27:56.2838,479.6,232.1,fixation
10:27:56.2843,479.4,233.0,fixation
10:27:56.2848,479.3,235.3,fixation
10:27:56.2853,479.3,237.0,fixation
10:27:56.2858,478.8,236.2,fixation
10:27:56.2863,478.3,235.4,fixation
10:27:56.2868,477.8,234.9,fixation
10:27:56.2873,477.9,234.6,fixation
10:27:56.2878,478.0,235.5,fixation
10:27:56.2883,478.0,236.6,fixation
10:27:56.2888,477.9,238.4,fixation
10:27:56.2893,477.9,239.1,fixation
10:27:56.2898,478.8,239.8,fixation
10:27:56.2903,479.9,239.9,fixation
10:27:56.2908,481.0,239.6,fixation
10:27:56.2913,481.2,239.1,fixation
10:27:56.2918,481.2,238.6,fixation
10:27:56.2923,481.7,237.7,fixation
10:27:56.2928,481.9,236.8,fixation
10:27:56.2933,482.0,233.6,fixation
10:27:56.2938,481.8,231.3,fixation
10:27:56.2943,482.1,229.6,fixation
10:27:56.2948,482.4,231.1,fixation
10:27:56.2953,479.8,232.6,fixation
10:27:56.2958,476.9,235.0,fixation
10:27:56.2963,475.5,237.4,fixation
10:27:56.2968,477.0,239.8,fixation
10:27:56.2973,478.2,240.5,fixation
10:27:56.2978,478.1,240.4,fixation
10:27:56.2983,477.7,239.2,fixation
10:27:56.2988,477.6,237.7,fixation
10:27:56.2993,477.7,236.4,fixation
10:27:56.2998,478.8,237.9,fixation
10:27:56.3003,479.9,239.8,fixation
10:27:56.3008,480.9,241.6,fixation
10:27:56.3013,481.0,241.1,fixation
10:27:56.3018,481.8,240.6,fixation
10:27:56.3023,482.5,238.8,fixation
10:27:56.3028,480.8,237.3,fixation
10:27:56.3033,478.5,235.6,fixation
10:27:56.3038,475.1,235.3,fixation
10:27:56.3043,474.0,236.1,fixation
10:27:56.3048,475.1,237.2,fixation
10:27:56.3053,477.5,238.6,fixation
10:27:56.3058,479.9,238.8,fixation
10:27:56.3063,480.2,238.4,fixation
10:27:56.3068,479.7,237.6,fixation
10:27:56.3073,479.4,236.7,fixation
10:27:56.3078,479.0,236.4,fixation
10:27:56.3083,478.8,236.5,fixation
10:27:56.3088,478.2,236.6,fixation
10:27:56.3093,477.7,236.6,fixation
10:27:56.3098,477.9,236.4,fixation
10:27:56.3103,478.4,235.1,fixation
10:27:56.3108,479.0,234.0,fixation
10:27:56.3113,479.2,233.1,fixation
10:27:56.3118,479.9,233.3,fixation
10:27:56.3123,480.4,233.5,fixation
10:27:56.3128,480.9,233.4,fixation
10:27:56.3133,481.0,233.3,fixation
10:27:56.3138,481.2,233.8,fixation
10:27:56.3143,481.5,234.7,fixation
10:27:56.3148,481.3,236.1,fixation
10:27:56.3153,481.0,236.6,fixation
10:27:56.3158,479.6,236.1,fixation
10:27:56.3163,478.5,235.3,fixation
10:27:56.3168,477.0,234.9,fixation
10:27:56.3173,476.6,234.3,fixation
10:27:56.3178,476.2,233.6,fixation
10:27:56.3183,476.8,233.0,fixation
10:27:56.3188,477.4,233.0,fixation
10:27:56.3193,476.8,232.6,saccade
10:27:56.3198,476.5,234.8,saccade
10:27:56.3203,476.8,237.1,saccade
10:27:56.3208,477.0,238.7,saccade
10:27:56.3213,474.7,237.4,saccade
10:27:56.3218,472.4,236.4,saccade
10:27:56.3223,470.0,236.2,saccade
10:27:56.3228,469.7,236.4,saccade
10:27:56.3233,469.1,236.3,saccade
10:27:56.3238,468.6,236.2,saccade
10:27:56.3243,468.3,235.6,saccade
10:27:56.3248,466.5,234.9,saccade
10:27:56.3253,464.6,235.8,saccade
10:27:56.3258,462.3,237.3,saccade
10:27:56.3263,461.9,239.1,saccade
10:27:56.3268,461.3,236.8,fixation
10:27:56.3273,459.9,234.1,fixation
10:27:56.3278,458.3,231.6,fixation
10:27:56.3283,456.9,232.8,fixation
10:27:56.3288,457.4,233.9,fixation
10:27:56.3293,458.3,235.2,fixation
10:27:56.3298,459.3,235.9,fixation
10:27:56.3303,459.1,236.9,fixation
10:27:56.3308,459.0,237.5,fixation
10:27:56.3313,458.9,236.8,fixation
10:27:56.3318,458.9,235.4,fixation
10:27:56.3323,458.8,234.0,fixation
10:27:56.3328,459.6,234.6,fixation
10:27:56.3333,460.5,235.6,fixation
10:27:56.3338,461.5,236.7,fixation
10:27:56.3343,461.4,236.2,fixation
10:27:56.3348,461.2,234.9,fixation
10:27:56.3353,462.2,233.7,fixation
10:27:56.3358,463.3,233.6,fixation
10:27:56.3363,464.8,234.7,fixation
10:27:56.3368,465.0,235.4,fixation
10:27:56.3373,464.9,235.6,fixation
10:27:56.3378,464.3,235.4,fixation
10:27:56.3383,463.7,235.4,fixation
10:27:56.3388,463.3,235.7,fixation
10:27:56.3393,462.3,236.0,fixation
10:27:56.3398,461.2,235.9,fixation
10:27:56.3403,462.6,235.6,fixation
10:27:56.3408,465.1,235.8,fixation
10:27:56.3413,466.9,236.2,fixation
10:27:56.3418,466.1,236.4,fixation
10:27:56.3423,465.0,236.0,fixation
10:27:56.3428,464.6,235.6,fixation
10:27:56.3433,464.2,235.4,fixation
10:27:56.3438,464.0,235.4,fixation
10:27:56.3443,465.2,234.7,fixation
10:27:56.3448,466.6,234.1,fixation
10:27:56.3453,468.3,233.1,fixation
10:27:56.3458,468.6,232.6,fixation
10:27:56.3463,467.9,232.1,fixation
10:27:56.3468,466.8,231.9,fixation
10:27:56.3473,466.2,231.9,fixation
10:27:56.3478,466.6,233.3,fixation
10:27:56.3483,466.9,234.5,fixation
10:27:56.3488,466.8,235.7,fixation
10:27:56.3493,466.7,235.2,fixation
10:27:56.3498,466.8,234.7,fixation
10:27:56.3503,466.8,234.1,fixation
10:27:56.3508,466.0,231.6,fixation
10:27:56.3513,465.7,229.3,fixation
10:27:56.3518,465.4,227.1,fixation
10:27:56.3523,465.5,228.4,fixation
10:27:56.3528,465.2,231.0,fixation
10:27:56.3533,464.8,233.6,fixation
10:27:56.3538,464.9,235.5,fixation
10:27:56.3543,465.5,235.6,fixation
10:27:56.3548,466.1,235.7,fixation
10:27:56.3553,465.6,235.2,fixation
10:27:56.3558,464.5,235.8,fixation
10:27:56.3563,463.4,236.4,fixation
10:27:56.3568,463.7,237.3,fixation
10:27:56.3573,464.0,237.8,fixation
10:27:56.3578,464.2,238.3,fixation
10:27:56.3583,464.0,238.3,fixation
10:27:56.3588,463.6,237.8,fixation
10:27:56.3593,462.6,237.0,fixation
10:27:56.3598,461.7,236.2,fixation
10:27:56.3603,461.0,235.7,fixation
10:27:56.3608,462.5,235.5,fixation
10:27:56.3613,464.0,235.6,fixation
10:27:56.3618,465.5,236.1,fixation
10:27:56.3623,465.5,236.5,fixation
10:27:56.3628,465.2,236.3,fixation
10:27:56.3633,464.4,234.7,fixation
10:27:56.3638,463.8,233.5,fixation
10:27:56.3643,463.8,232.8,fixation
10:27:56.3648,464.6,232.6,fixation
10:27:56.3653,465.2,231.8,fixation
10:27:56.3658,465.9,230.9,fixation
10:27:56.3663,466.1,232.8,fixation
10:27:56.3668,466.3,234.9,fixation
10:27:56.3673,465.7,237.0,fixation
10:27:56.3678,465.1,238.4,fixation
10:27:56.3683,464.4,239.7,fixation
10:27:56.3688,464.3,239.2,fixation
10:27:56.3693,464.2,237.3,fixation
10:27:56.3698,464.3,235.1,fixation
10:27:56.3703,463.8,234.3,fixation
10:27:56.3708,463.3,233.5,fixation
10:27:56.3713,463.1,233.1,fixation
10:27:56.3718,463.4,233.5,fixation
10:27:56.3723,462.7,233.7,fixation
10:27:56.3728,461.7,234.1,fixation
10:27:56.3733,462.0,234.2,fixation
10:27:56.3738,463.3,234.4,fixation
10:27:56.3743,464.6,232.0,fixation
10:27:56.3748,463.2,229.5,fixation
10:27:56.3753,461.9,227.2,fixation
10:27:56.3758,462.2,227.8,fixation
10:27:56.3763,463.7,229.3,fixation
10:27:56.3768,465.3,230.8,fixation
10:27:56.3773,465.1,233.6,fixation
10:27:56.3778,464.7,235.5,fixation
10:27:56.3783,463.4,237.1,fixation
10:27:56.3788,462.2,235.9,fixation
10:27:56.3793,461.8,234.7,fixation
10:27:56.3798,462.3,233.7,fixation
10:27:56.3803,462.5,231.9,fixation
10:27:56.3808,462.2,230.0,fixation
10:27:56.3813,461.9,229.2,fixation
10:27:56.3818,461.0,231.4,fixation
10:27:56.3823,460.1,233.6,fixation
10:27:56.3828,459.2,234.8,fixation
10:27:56.3833,459.2,234.6,fixation
10:27:56.3838,459.5,234.2,fixation
10:27:56.3843,459.8,233.8,fixation
10:27:56.3848,460.0,233.5,fixation
10:27:56.3853,459.8,233.2,fixation
10:27:56.3858,459.6,233.1,fixation
10:27:56.3863,459.5,232.0,fixation
10:27:56.3868,459.6,231.0,fixation
10:27:56.3873,460.8,230.1,fixation
10:27:56.3878,461.7,230.1,fixation
10:27:56.3883,462.2,230.1,fixation
10:27:56.3888,461.6,230.0,fixation
10:27:56.3893,461.4,230.6,fixation
10:27:56.3898,461.8,232.3,fixation
10:27:56.3903,461.3,234.1,fixation
10:27:56.3908,459.8,234.7,fixation
10:27:56.3913,458.2,234.1,fixation
10:27:56.3918,457.4,232.5,fixation
10:27:56.3923,457.4,231.3,fixation
10:27:56.3928,459.2,230.1,fixation
10:27:56.3933,461.0,229.9,fixation
10:27:56.3938,461.5,230.9,fixation
10:27:56.3943,460.0,232.1,fixation
10:27:56.3948,458.5,233.4,fixation
10:27:56.3953,459.8,234.8,fixation
10:27:56.3958,461.4,236.2,fixation
10:27:56.3963,462.9,237.7,fixation
10:27:56.3968,462.7,237.7,fixation
10:27:56.3973,462.6,237.3,fixation
10:27:56.3978,462.6,234.1,fixation
10:27:56.3983,461.3,230.9,fixation
10:27:56.3988,459.7,228.6,fixation
10:27:56.3993,458.1,229.0,fixation
10:27:56.3998,458.2,228.8,fixation
10:27:56.4003,458.6,228.2,fixation
10:27:56.4008,458.6,228.0,fixation
10:27:56.4013,458.4,229.0,fixation
10:27:56.4018,458.1,230.5,fixation
10:27:56.4023,458.3,231.6,fixation
10:27:56.4028,459.3,232.5,fixation
10:27:56.4033,460.2,232.7,fixation
10:27:56.4038,460.2,232.0,fixation
10:27:56.4043,459.4,231.1,fixation
10:27:56.4048,458.5,229.7,fixation
10:27:56.4053,458.5,229.3,fixation
10:27:56.4058,458.5,229.0,fixation
10:27:56.4063,458.6,229.3,fixation
10:27:56.4068,458.7,229.6,fixation
10:27:56.4073,457.9,229.8,fixation
10:27:56.4078,456.9,229.4,fixation
10:27:56.4083,456.0,229.1,fixation
10:27:56.4088,457.1,229.3,fixation
10:27:56.4093,458.1,229.8,fixation
10:27:56.4098,458.3,229.6,fixation
10:27:56.4103,457.5,228.9,fixation
10:27:56.4108,456.8,228.4,fixation
10:27:56.4113,456.1,228.6,fixation
10:27:56.4118,455.4,229.9,fixation
10:27:56.4123,454.9,231.2,fixation
10:27:56.4128,455.1,232.5,fixation
10:27:56.4133,455.3,232.8,fixation
10:27:56.4138,455.5,233.1,fixation
10:27:56.4143,456.0,233.0,fixation
10:27:56.4148,456.5,232.8,fixation
10:27:56.4153,455.6,232.8,fixation
10:27:56.4158,454.4,232.6,fixation
10:27:56.4163,453.9,232.6,fixation
10:27:56.4168,454.5,232.4,fixation
10:27:56.4173,455.1,230.6,fixation
10:27:56.4178,455.1,228.6,fixation
10:27:56.4183,455.4,227.6,fixation
10:27:56.4188,455.7,228.7,fixation
10:27:56.4193,455.9,229.7,fixation
10:27:56.4198,456.3,229.0,fixation
10:27:56.4203,456.7,228.3,fixation
10:27:56.4208,456.1,227.7,fixation
10:27:56.4213,455.1,229.6,fixation
10:27:56.4218,453.4,231.5,fixation
10:27:56.4223,452.5,230.7,fixation
10:27:56.4228,452.3,228.2,fixation
10:27:56.4233,453.6,227.5,fixation
10:27:56.4238,454.8,229.2,fixation
10:27:56.4243,455.4,229.9,fixation
10:27:56.4248,455.3,229.0,fixation
10:27:56.4253,454.6,228.1,fixation
10:27:56.4258,453.9,226.8,fixation
10:27:56.4263,453.1,225.6,fixation
10:27:56.4268,453.2,223.7,fixation
10:27:56.4273,453.5,223.1,fixation
10:27:56.4278,455.0,225.5,fixation
10:27:56.4283,456.4,228.6,fixation
10:27:56.4288,457.4,230.9,fixation
10:27:56.4293,456.9,230.1,fixation
10:27:56.4298,454.6,229.1,fixation
10:27:56.4303,452.5,227.6,fixation
10:27:56.4308,451.6,226.1,fixation
10:27:56.4313,452.6,226.5,fixation
10:27:56.4318,453.6,228.4,fixation
10:27:56.4323,453.0,230.5,fixation
10:27:56.4328,451.7,230.6,fixation
10:27:56.4333,450.5,230.8,fixation
10:27:56.4338,451.8,231.1,fixation
10:27:56.4343,455.3,231.5,fixation
10:27:56.4348,458.8,231.8,fixation
10:27:56.4353,458.5,231.5,fixation
10:27:56.4358,456.6,231.1,fixation
10:27:56.4363,455.2,230.7,fixation
10:27:56.4368,455.9,229.1,fixation
10:27:56.4373,456.7,227.6,fixation
10:27:56.4378,457.2,227.4,fixation
10:27:56.4383,457.4,228.6,fixation
10:27:56.4388,458.7,229.8,fixation
10:27:56.4393,460.0,229.8,fixation
10:27:56.4398,460.3,229.6,fixation
10:27:56.4403,459.2,229.3,fixation
10:27:56.4408,458.2,228.9,fixation
10:27:56.4413,458.3,228.5,fixation
10:27:56.4418,458.6,228.1,fixation
10:27:56.4423,459.0,228.0,fixation
10:27:56.4428,458.2,228.2,fixation
10:27:56.4433,457.2,228.9,fixation
10:27:56.4438,456.0,229.4,fixation
10:27:56.4443,455.7,228.5,fixation
10:27:56.4448,457.9,227.2,fixation
10:27:56.4453,460.5,225.6,fixation
10:27:56.4458,461.4,225.1,fixation
10:27:56.4463,459.8,224.4,fixation
10:27:56.4468,458.2,225.6,fixation
10:27:56.4473,458.3,226.9,fixation
10:27:56.4478,458.4,228.0,fixation
10:27:56.4483,458.3,227.6,fixation
10:27:56.4488,458.7,228.1,fixation
10:27:56.4493,459.1,228.8,fixation
10:27:56.4498,459.3,230.1,fixation
10:27:56.4503,458.9,230.7,fixation
10:27:56.4508,458.3,231.4,fixation
10:27:56.4513,457.0,231.0,fixation
10:27:56.4518,455.9,230.4,fixation
10:27:56.4523,454.3,229.4,fixation
10:27:56.4528,453.7,228.8,fixation
10:27:56.4533,454.0,227.8,fixation
10:27:56.4538,455.2,227.4,fixation
10:27:56.4543,456.3,227.9,fixation
10:27:56.4548,456.2,228.7,fixation
10:27:56.4553,455.9,226.2,fixation
10:27:56.4558,456.6,222.9,fixation
10:27:56.4563,457.6,222.4,fixation
10:27:56.4568,458.3,225.7,fixation
10:27:56.4573,457.9,228.8,fixation
10:27:56.4578,457.6,228.9,fixation
10:27:56.4583,457.4,228.6,fixation
10:27:56.4588,457.6,227.6,fixation
10:27:56.4593,457.8,226.7,fixation
10:27:56.4598,458.0,225.9,fixation
10:27:56.4603,458.2,226.6,fixation
10:27:56.4608,458.1,226.5,fixation
10:27:56.4613,456.4,224.7,saccade
10:27:56.4618,455.2,225.0,saccade
10:27:56.4623,454.6,227.6,saccade
10:27:56.4628,454.6,229.7,saccade
10:27:56.4633,453.2,230.6,saccade
10:27:56.4638,451.9,229.3,saccade
10:27:56.4643,450.5,228.1,saccade
10:27:56.4648,449.4,227.6,saccade
10:27:56.4653,447.8,227.7,saccade
10:27:56.4658,445.8,227.9,saccade
10:27:56.4663,442.8,228.0,saccade
10:27:56.4668,440.2,227.4,saccade
10:27:56.4673,438.1,226.7,saccade
10:27:56.4678,438.3,226.8,saccade
10:27:56.4683,438.3,227.6,saccade
10:27:56.4688,438.1,228.2,saccade
10:27:56.4693,437.8,228.1,saccade
10:27:56.4698,437.4,227.8,saccade
10:27:56.4703,437.3,227.3,saccade
10:27:56.4708,433.7,223.9,fixation
10:27:56.4713,431.5,222.8,fixation
10:27:56.4718,430.6,223.1,fixation
10:27:56.4723,430.4,223.0,fixation
10:27:56.4728,429.9,221.7,fixation
10:27:56.4733,429.4,220.1,fixation
10:27:56.4738,429.4,218.6,fixation
10:27:56.4743,430.2,220.8,fixation
10:27:56.4748,430.9,223.1,fixation
10:27:56.4753,431.5,225.4,fixation
10:27:56.4758,431.6,226.0,fixation
10:27:56.4763,431.6,226.9,fixation
10:27:56.4768,431.6,227.8,fixation
10:27:56.4773,432.2,227.8,fixation
10:27:56.4778,433.0,227.8,fixation
10:27:56.4783,433.9,227.9,fixation
10:27:56.4788,434.1,228.0,fixation
10:27:56.4793,434.1,228.0,fixation
10:27:56.4798,433.9,228.5,fixation
10:27:56.4803,433.7,229.1,fixation
10:27:56.4808,433.6,229.6,fixation
10:27:56.4813,433.6,229.6,fixation
10:27:56.4818,434.0,229.6,fixation
10:27:56.4823,434.4,228.4,fixation
10:27:56.4828,435.2,227.3,fixation
10:27:56.4833,435.8,227.3,fixation
10:27:56.4838,436.3,228.6,fixation
10:27:56.4843,436.1,229.0,fixation
10:27:56.4848,436.2,228.3,fixation
10:27:56.4853,436.8,227.3,fixation
10:27:56.4858,437.7,227.0,fixation
10:27:56.4863,438.6,226.7,fixation
10:27:56.4868,439.2,226.5,fixation
10:27:56.4873,439.5,226.4,fixation
10:27:56.4878,439.5,226.2,fixation
10:27:56.4883,437.7,226.2,fixation
10:27:56.4888,435.8,226.4,fixation
10:27:56.4893,434.9,226.8,fixation
10:27:56.4898,436.9,226.7,fixation
10:27:56.4903,438.9,226.6,fixation
10:27:56.4908,440.2,226.1,fixation
10:27:56.4913,440.4,225.7,fixation
10:27:56.4918,440.2,225.7,fixation
10:27:56.4923,440.0,226.2,fixation
10:27:56.4928,439.7,227.2,fixation
10:27:56.4933,438.1,228.0,fixation
10:27:56.4938,436.6,226.8,fixation
10:27:56.4943,434.8,225.1,fixation
10:27:56.4948,434.6,223.5,fixation
10:27:56.4953,435.1,224.4,fixation
10:27:56.4958,435.7,225.4,fixation
10:27:56.4963,436.2,226.2,fixation
10:27:56.4968,436.3,226.1,fixation
10:27:56.4973,436.5,226.0,fixation
10:27:56.4978,436.4,226.1,fixation
10:27:56.4983,436.0,226.2,fixation
10:27:56.4988,435.6,226.3,fixation
10:27:56.4993,435.4,225.6,fixation
10:27:56.4998,435.5,225.0,fixation
10:27:56.5003,436.1,224.4,fixation
10:27:56.5008,436.8,224.4,fixation
10:27:56.5013,437.4,224.6,fixation
10:27:56.5018,438.4,224.9,fixation
10:27:56.5023,439.0,224.8,fixation
10:27:56.5028,439.6,224.3,fixation
10:27:56.5033,439.1,223.5,fixation
10:27:56.5038,438.9,223.2,fixation
10:27:56.5043,438.5,223.3,fixation
10:27:56.5048,438.0,224.2,fixation
10:27:56.5053,437.6,225.2,fixation
10:27:56.5058,437.3,226.1,fixation
10:27:56.5063,437.1,226.2,fixation
10:27:56.5068,436.8,226.0,fixation
10:27:56.5073,436.5,225.9,fixation
10:27:56.5078,436.1,225.8,fixation
10:27:56.5083,436.4,226.1,fixation
10:27:56.5088,436.6,226.4,fixation
10:27:56.5093,436.9,225.5,fixation
10:27:56.5098,436.9,224.5,fixation
10:27:56.5103,436.9,224.8,fixation
10:27:56.5108,437.3,226.2,fixation
10:27:56.5113,437.7,227.5,fixation
10:27:56.5118,438.3,227.6,fixation
10:27:56.5123,438.6,227.7,fixation
10:27:56.5128,437.7,227.7,fixation
10:27:56.5133,436.5,225.8,fixation
10:27:56.5138,435.3,223.8,fixation
10:27:56.5143,435.2,221.8,fixation
10:27:56.5148,435.5,221.8,fixation
10:27:56.5153,436.5,223.3,fixation
10:27:56.5158,437.6,224.8,fixation
10:27:56.5163,437.6,225.5,fixation
10:27:56.5168,437.0,224.3,fixation
10:27:56.5173,436.4,223.1,fixation
10:27:56.5178,436.2,222.9,fixation
10:27:56.5183,435.8,223.2,fixation
10:27:56.5188,435.0,223.1,fixation
10:27:56.5193,433.7,223.2,fixation
10:27:56.5198,432.6,223.4,fixation
10:27:56.5203,432.7,224.1,fixation
10:27:56.5208,433.5,224.3,fixation
10:27:56.5213,434.2,224.4,fixation
10:27:56.5218,436.6,224.4,fixation
10:27:56.5223,439.1,224.8,fixation
10:27:56.5228,439.6,225.1,fixation
10:27:56.5233,437.7,224.8,fixation
10:27:56.5238,436.5,224.2,fixation
10:27:56.5243,437.1,224.6,fixation
10:27:56.5248,437.8,226.1,fixation
10:27:56.5253,437.8,227.6,fixation
10:27:56.5258,437.5,227.4,fixation
10:27:56.5263,437.1,226.6,fixation
10:27:56.5268,436.7,225.4,fixation
10:27:56.5273,437.3,225.1,fixation
10:27:56.5278,437.9,225.3,fixation
10:27:56.5283,435.9,225.4,fixation
10:27:56.5288,433.2,225.3,fixation
10:27:56.5293,431.4,224.8,fixation
10:27:56.5298,432.0,225.1,fixation
10:27:56.5303,432.2,225.6,fixation
10:27:56.5308,431.8,226.1,fixation
10:27:56.5313,431.6,226.2,fixation
10:27:56.5318,431.8,226.4,fixation
10:27:56.5323,432.5,226.6,fixation
10:27:56.5328,433.3,226.8,fixation
10:27:56.5333,434.8,225.7,fixation
10:27:56.5338,435.4,224.4,fixation
10:27:56.5343,435.9,223.5,fixation
10:27:56.5348,436.1,224.4,fixation
10:27:56.5353,436.5,225.3,fixation
10:27:56.5358,435.4,225.7,fixation
10:27:56.5363,434.0,225.0,fixation
10:27:56.5368,432.6,224.3,fixation
10:27:56.5373,432.8,224.7,fixation
10:27:56.5378,433.0,225.7,fixation
10:27:56.5383,433.1,226.7,fixation
10:27:56.5388,432.7,225.9,fixation
10:27:56.5393,431.9,224.3,fixation
10:27:56.5398,430.5,222.8,fixation
10:27:56.5403,429.5,222.2,fixation
10:27:56.5408,429.5,223.5,fixation
10:27:56.5413,430.4,224.8,fixation
10:27:56.5418,431.3,226.2,fixation
10:27:56.5423,431.6,227.9,fixation
10:27:56.5428,431.1,229.4,fixation
10:27:56.5433,430.5,231.6,fixation
10:27:56.5438,429.9,232.4,fixation
10:27:56.5443,429.7,232.3,fixation
10:27:56.5448,429.4,229.8,fixation
10:27:56.5453,429.8,226.9,fixation
10:27:56.5458,430.6,225.2,fixation
10:27:56.5463,431.6,224.9,fixation
10:27:56.5468,432.8,224.8,fixation
10:27:56.5473,433.9,224.8,fixation
10:27:56.5478,434.7,225.5,fixation
10:27:56.5483,433.6,225.7,fixation
10:27:56.5488,432.6,225.3,fixation
10:27:56.5493,431.4,224.1,fixation
10:27:56.5498,431.1,223.5,fixation
10:27:56.5503,431.2,223.5,fixation
10:27:56.5508,432.4,225.4,fixation
10:27:56.5513,433.5,227.7,fixation
10:27:56.5518,433.8,229.9,fixation
10:27:56.5523,433.2,229.7,fixation
10:27:56.5528,432.7,229.3,fixation
10:27:56.5533,432.6,228.9,fixation
10:27:56.5538,432.6,229.0,fixation
10:27:56.5543,432.8,228.9,fixation
10:27:56.5548,433.1,228.3,fixation
10:27:56.5553,433.1,226.4,fixation
10:27:56.5558,432.9,225.4,fixation
10:27:56.5563,433.2,225.1,fixation
10:27:56.5568,433.6,226.0,fixation
10:27:56.5573,433.6,226.1,fixation
10:27:56.5578,433.1,226.1,fixation
10:27:56.5583,432.7,226.1,fixation
10:27:56.5588,432.6,226.0,fixation
10:27:56.5593,432.4,226.0,fixation
10:27:56.5598,432.2,225.8,fixation
10:27:56.5603,432.5,225.5,fixation
10:27:56.5608,433.0,225.2,fixation
10:27:56.5613,433.6,225.1,fixation
10:27:56.5618,433.9,225.5,fixation
10:27:56.5623,433.9,226.1,fixation
10:27:56.5628,433.7,226.6,fixation
10:27:56.5633,433.1,227.4,fixation
10:27:56.5638,432.4,228.2,fixation
10:27:56.5643,431.6,228.1,fixation
10:27:56.5648,431.3,226.6,fixation
10:27:56.5653,432.1,225.0,fixation
10:27:56.5658,432.9,225.0,fixation
10:27:56.5663,433.3,225.5,fixation
10:27:56.5668,432.7,225.6,fixation
10:27:56.5673,432.0,225.1,fixation
10:27:56.5678,432.4,224.1,fixation
10:27:56.5683,433.3,223.5,fixation
10:27:56.5688,434.4,223.3,fixation
10:27:56.5693,434.7,224.0,fixation
10:27:56.5698,434.9,224.9,fixation
10:27:56.5703,434.9,225.4,fixation
10:27:56.5708,434.1,225.5,fixation
10:27:56.5713,433.2,225.1,fixation
10:27:56.5718,432.0,225.1,fixation
10:27:56.5723,431.7,225.3,fixation
10:27:56.5728,431.3,224.8,fixation
10:27:56.5733,431.6,223.4,fixation
10:27:56.5738,431.9,222.1,fixation
10:27:56.5743,432.6,222.9,fixation
10:27:56.5748,432.9,224.2,fixation
10:27:56.5753,433.3,225.7,fixation
10:27:56.5758,433.6,225.9,fixation
10:27:56.5763,434.0,226.3,fixation
10:27:56.5768,433.8,226.5,fixation
10:27:56.5773,433.2,226.1,fixation
10:27:56.5778,431.7,225.6,fixation
10:27:56.5783,430.8,225.4,fixation
10:27:56.5788,430.2,226.0,fixation
10:27:56.5793,430.9,226.5,fixation
10:27:56.5798,432.3,226.9,fixation
10:27:56.5803,433.4,227.2,fixation
10:27:56.5808,434.1,227.3,fixation
10:27:56.5813,434.0,227.3,fixation
10:27:56.5818,433.1,227.3,fixation
10:27:56.5823,432.3,225.9,fixation
10:27:56.5828,431.7,224.1,fixation
10:27:56.5833,431.8,222.1,fixation
10:27:56.5838,431.5,221.4,fixation
10:27:56.5843,431.1,222.1,fixation
10:27:56.5848,431.4,223.8,fixation
10:27:56.5853,432.1,225.5,fixation
10:27:56.5858,433.3,226.2,fixation
10:27:56.5863,433.8,226.0,fixation
10:27:56.5868,434.3,225.9,fixation
10:27:56.5873,433.9,225.7,fixation
10:27:56.5878,433.6,225.1,fixation
10:27:56.5883,433.3,224.4,fixation
10:27:56.5888,433.4,224.0,fixation
10:27:56.5893,433.8,224.0,fixation
10:27:56.5898,434.3,224.5,fixation
10:27:56.5903,435.9,225.0,fixation
10:27:56.5908,437.2,225.0,fixation
10:27:56.5913,438.8,224.8,fixation
10:27:56.5918,439.4,224.5,fixation
10:27:56.5923,440.0,225.1,fixation
10:27:56.5928,439.8,226.0,fixation
10:27:56.5933,440.1,226.9,fixation
10:27:56.5938,440.4,226.8,fixation
10:27:56.5943,438.2,226.2,fixation
10:27:56.5948,435.6,226.6,fixation
10:27:56.5953,434.3,227.4,fixation
10:27:56.5958,435.5,226.3,fixation
10:27:56.5963,436.7,224.2,fixation
10:27:56.5968,436.7,222.4,fixation
10:27:56.5973,436.6,222.7,fixation
10:27:56.5978,436.7,223.5,fixation
10:27:56.5983,436.8,224.2,fixation
10:27:56.5988,436.0,225.0,fixation
10:27:56.5993,435.1,225.4,fixation
10:27:56.5998,434.3,225.5,fixation
10:27:56.6003,434.3,225.4,fixation
10:27:56.6008,434.5,225.3,fixation
10:27:56.6013,434.6,225.0,fixation
10:27:56.6018,434.4,224.5,fixation
10:27:56.6023,434.5,223.6,fixation
10:27:56.6028,434.9,222.5,fixation
10:27:56.6033,435.3,221.4,fixation
10:27:56.6038,435.2,220.6,fixation
10:27:56.6043,434.9,220.7,fixation
10:27:56.6048,434.5,222.8,fixation
10:27:56.6053,434.6,224.9,fixation
10:27:56.6058,434.7,225.9,fixation
10:27:56.6063,434.8,224.7,fixation
10:27:56.6068,434.3,223.9,fixation
10:27:56.6073,433.9,223.6,fixation
10:27:56.6078,434.7,224.4,fixation
10:27:56.6083,435.7,224.9,fixation
10:27:56.6088,436.8,225.5,fixation
10:27:56.6093,436.9,225.7,fixation
10:27:56.6098,436.7,224.7,fixation
10:27:56.6103,436.5,223.5,fixation
10:27:56.6108,436.4,222.9,fixation
10:27:56.6113,436.3,223.5,fixation
10:27:56.6118,436.2,224.0,fixation
10:27:56.6123,436.1,224.0,fixation
10:27:56.6128,436.4,222.7,fixation
10:27:56.6133,436.5,221.3,fixation
10:27:56.6138,436.1,220.3,fixation
10:27:56.6143,435.4,220.5,fixation
10:27:56.6148,434.0,220.6,fixation
10:27:56.6153,432.9,220.4,fixation
10:27:56.6158,432.6,220.3,fixation
10:27:56.6163,433.1,220.3,fixation
10:27:56.6168,433.3,220.5,fixation
10:27:56.6173,433.1,220.6,fixation
10:27:56.6178,434.3,220.8,fixation
10:27:56.6183,435.8,221.0,fixation
10:27:56.6188,436.6,221.2,fixation
10:27:56.6193,435.8,221.3,fixation
10:27:56.6198,435.3,221.3,fixation
10:27:56.6203,435.6,222.8,fixation
10:27:56.6208,435.5,224.3,fixation
10:27:56.6213,435.0,225.3,fixation
10:27:56.6218,434.3,224.4,fixation
10:27:56.6223,433.7,223.3,fixation
10:27:56.6228,433.3,222.4,fixation
10:27:56.6233,433.0,221.7,fixation
10:27:56.6238,432.9,221.7,fixation
10:27:56.6243,432.5,222.1,saccade
10:27:56.6248,432.5,222.2,saccade
10:27:56.6253,432.8,223.1,saccade
10:27:56.6258,434.5,223.9,saccade
10:27:56.6263,436.3,224.1,saccade
10:27:56.6268,437.2,223.5,saccade
10:27:56.6273,436.8,223.5,saccade
10:27:56.6278,436.4,224.6,saccade
10:27:56.6283,436.7,225.7,saccade
10:27:56.6288,437.6,226.5,saccade
10:27:56.6293,438.4,226.9,saccade
10:27:56.6298,438.8,226.9,saccade
10:27:56.6303,438.6,226.0,saccade
10:27:56.6308,439.1,225.2,saccade
10:27:56.6313,441.2,224.8,saccade
10:27:56.6318,444.2,224.9,saccade
10:27:56.6323,447.9,224.8,saccade
10:27:56.6328,452.4,224.3,saccade
10:27:56.6333,456.0,223.5,saccade
10:27:56.6338,458.3,223.0,saccade
10:27:56.6343,460.2,221.8,saccade
10:27:56.6348,462.2,221.4,saccade
10:27:56.6353,465.8,221.1,saccade
10:27:56.6358,470.1,221.0,saccade
10:27:56.6363,474.7,220.5,saccade
10:27:56.6368,480.6,220.4,saccade
10:27:56.6373,484.3,220.9,saccade
10:27:56.6378,489.3,220.2,saccade
10:27:56.6383,494.1,219.2,saccade
10:27:56.6388,499.0,220.1,saccade
10:27:56.6393,504.4,222.3,saccade
10:27:56.6398,507.1,224.3,saccade
10:27:56.6403,510.7,224.4,saccade
10:27:56.6408,512.7,222.3,saccade
10:27:56.6413,514.5,220.2,saccade
10:27:56.6418,514.8,218.1,saccade
10:27:56.6423,514.5,217.6,saccade
10:27:56.6428,514.3,216.7,saccade
10:27:56.6433,516.0,215.8,saccade
10:27:56.6438,517.6,217.0,saccade
10:27:56.6443,519.2,218.6,saccade
10:27:56.6448,520.6,220.5,saccade
10:27:56.6453,522.0,220.9,saccade
10:27:56.6458,521.5,218.2,fixation
10:27:56.6463,520.1,215.5,fixation
10:27:56.6468,519.2,213.5,fixation
10:27:56.6473,519.3,214.9,fixation
10:27:56.6478,519.5,216.3,fixation
10:27:56.6483,519.6,217.8,fixation
10:27:56.6488,519.7,218.0,fixation
10:27:56.6493,519.9,218.1,fixation
10:27:56.6498,518.6,217.4,fixation
10:27:56.6503,517.2,217.3,fixation
10:27:56.6508,515.7,217.7,fixation
10:27:56.6513,515.6,218.3,fixation
10:27:56.6518,515.9,218.2,fixation
10:27:56.6523,516.9,217.8,fixation
10:27:56.6528,517.8,217.4,fixation
10:27:56.6533,519.1,217.4,fixation
10:27:56.6538,519.7,216.4,fixation
10:27:56.6543,520.1,215.4,fixation
10:27:56.6548,519.4,214.1,fixation
10:27:56.6553,517.4,213.6,fixation
10:27:56.6558,515.5,213.1,fixation
10:27:56.6563,513.4,212.8,fixation
10:27:56.6568,512.9,212.8,fixation
10:27:56.6573,512.8,212.9,fixation
10:27:56.6578,513.5,213.2,fixation
10:27:56.6583,514.2,213.2,fixation
10:27:56.6588,514.4,213.1,fixation
10:27:56.6593,514.2,212.9,fixation
10:27:56.6598,514.1,213.1,fixation
10:27:56.6603,514.1,213.2,fixation
10:27:56.6608,514.3,213.2,fixation
10:27:56.6613,514.8,213.9,fixation
10:27:56.6618,515.3,214.6,fixation
10:27:56.6623,515.4,214.5,fixation
10:27:56.6628,515.4,213.8,fixation
10:27:56.6633,515.7,215.7,fixation
10:27:56.6638,515.8,218.2,fixation
10:27:56.6643,515.7,218.7,fixation
10:27:56.6648,515.0,216.5,fixation
10:27:56.6653,514.3,214.4,fixation
10:27:56.6658,514.4,214.1,fixation
10:27:56.6663,515.9,214.0,fixation
10:27:56.6668,517.3,214.4,fixation
10:27:56.6673,518.1,215.6,fixation
10:27:56.6678,517.6,216.7,fixation
10:27:56.6683,517.0,217.2,fixation
10:27:56.6688,516.3,218.4,fixation
10:27:56.6693,516.1,219.5,fixation
10:27:56.6698,515.8,220.2,fixation
10:27:56.6703,515.7,220.3,fixation
10:27:56.6708,515.2,220.1,fixation
10:27:56.6713,514.8,220.2,fixation
10:27:56.6718,514.2,219.8,fixation
10:27:56.6723,513.9,219.5,fixation
10:27:56.6728,513.5,220.3,fixation
10:27:56.6733,514.6,221.0,fixation
10:27:56.6738,516.0,222.8,fixation
10:27:56.6743,516.0,223.8,fixation
10:27:56.6748,514.6,221.4,fixation
10:27:56.6753,513.2,218.6,fixation
10:27:56.6758,513.1,215.9,fixation
10:27:56.6763,513.1,216.1,fixation
10:27:56.6768,513.1,215.6,fixation
10:27:56.6773,515.3,216.3,fixation
10:27:56.6778,517.5,217.3,fixation
10:27:56.6783,518.5,218.3,fixation
10:27:56.6788,517.4,216.6,fixation
10:27:56.6793,516.3,214.9,fixation
10:27:56.6798,516.5,213.5,fixation
10:27:56.6803,516.7,215.0,fixation
10:27:56.6808,517.7,217.5,fixation
10:27:56.6813,518.5,219.8,fixation
10:27:56.6818,518.0,220.4,fixation
10:27:56.6823,516.8,218.5,fixation
10:27:56.6828,515.5,216.6,fixation
10:27:56.6833,515.4,215.1,fixation
10:27:56.6838,517.0,215.2,fixation
10:27:56.6843,518.6,216.1,fixation
10:27:56.6848,519.8,217.8,fixation
10:27:56.6853,518.9,219.3,fixation
10:27:56.6858,517.4,218.0,fixation
10:27:56.6863,516.4,215.9,fixation
10:27:56.6868,515.9,213.2,fixation
10:27:56.6873,515.7,212.6,fixation
10:27:56.6878,515.3,212.0,fixation
10:27:56.6883,514.9,212.0,fixation
10:27:56.6888,514.0,211.6,fixation
10:27:56.6893,513.3,211.2,fixation
10:27:56.6898,512.8,213.4,fixation
10:27:56.6903,513.3,216.1,fixation
10:27:56.6908,513.9,218.8,fixation
10:27:56.6913,514.5,219.7,fixation
10:27:56.6918,515.0,220.3,fixation
10:27:56.6923,515.4,220.7,fixation
10:27:56.6928,515.5,220.3,fixation
10:27:56.6933,515.5,220.0,fixation
10:27:56.6938,515.5,219.5,fixation
10:27:56.6943,515.4,218.8,fixation
10:27:56.6948,515.4,218.1,fixation
10:27:56.6953,515.4,219.4,fixation
10:27:56.6958,515.5,221.0,fixation
10:27:56.6963,514.9,222.3,fixation
10:27:56.6968,514.2,221.9,fixation
10:27:56.6973,513.5,222.1,fixation
10:27:56.6978,513.6,222.6,fixation
10:27:56.6983,513.6,223.3,fixation
10:27:56.6988,513.6,223.2,fixation
10:27:56.6993,513.6,223.1,fixation
10:27:56.6998,513.4,221.3,fixation
10:27:56.7003,512.7,219.5,fixation
10:27:56.7008,512.0,218.5,fixation
10:27:56.7013,511.3,219.3,fixation
10:27:56.7018,512.8,220.2,fixation
10:27:56.7023,514.4,220.2,fixation
10:27:56.7028,516.2,220.2,fixation
10:27:56.7033,516.4,220.0,fixation
10:27:56.7038,516.4,220.1,fixation
10:27:56.7043,515.9,219.6,fixation
10:27:56.7048,515.6,219.1,fixation
10:27:56.7053,515.4,218.6,fixation
10:27:56.7058,515.5,218.6,fixation
10:27:56.7063,515.5,216.6,fixation
10:27:56.7068,515.6,214.6,fixation
10:27:56.7073,515.5,213.8,fixation
10:27:56.7078,515.5,217.1,fixation
10:27:56.7083,515.5,220.5,fixation
10:27:56.7088,515.6,222.6,fixation
10:27:56.7093,515.6,223.1,fixation
10:27:56.7098,516.1,223.4,fixation
10:27:56.7103,517.1,221.5,fixation
10:27:56.7108,518.1,219.3,fixation
10:27:56.7113,518.3,217.3,fixation
10:27:56.7118,517.9,217.8,fixation
10:27:56.7123,517.8,218.3,fixation
10:27:56.7128,518.0,218.5,fixation
10:27:56.7133,517.2,217.9,fixation
10:27:56.7138,516.2,216.7,fixation
10:27:56.7143,515.2,215.5,fixation
10:27:56.7148,515.2,215.6,fixation
10:27:56.7153,516.3,216.4,fixation
10:27:56.7158,517.4,217.1,fixation
10:27:56.7163,518.5,217.3,fixation
10:27:56.7168,518.6,217.6,fixation
10:27:56.7173,518.2,217.8,fixation
10:27:56.7178,518.4,218.0,fixation
10:27:56.7183,518.6,218.0,fixation
10:27:56.7188,518.1,217.9,fixation
10:27:56.7193,516.9,217.7,fixation
10:27:56.7198,516.0,217.6,fixation
10:27:56.7203,516.2,217.7,fixation
10:27:56.7208,516.4,217.8,fixation
10:27:56.7213,516.4,217.8,fixation
10:27:56.7218,516.6,217.8,fixation
10:27:56.7223,517.0,217.8,fixation
10:27:56.7228,517.4,218.0,fixation
10:27:56.7233,517.5,218.1,fixation
10:27:56.7238,516.8,218.0,fixation
10:27:56.7243,516.1,217.8,fixation
10:27:56.7248,515.5,217.2,fixation
10:27:56.7253,515.5,216.1,fixation
10:27:56.7258,515.5,215.0,fixation
10:27:56.7263,515.1,214.5,fixation
10:27:56.7268,514.8,214.6,fixation
10:27:56.7273,516.0,215.4,fixation
10:27:56.7278,517.5,216.5,fixation
10:27:56.7283,518.4,217.7,fixation
10:27:56.7288,517.9,218.2,fixation
10:27:56.7293,517.8,218.8,fixation
10:27:56.7298,518.9,219.6,fixation
10:27:56.7303,520.0,220.5,fixation
10:27:56.7308,520.2,221.0,fixation
10:27:56.7313,519.6,220.8,fixation
10:27:56.7318,519.0,220.3,fixation
10:27:56.7323,518.4,219.8,fixation
10:27:56.7328,518.1,219.5,fixation
10:27:56.7333,517.4,219.5,fixation
10:27:56.7338,517.0,219.4,fixation
10:27:56.7343,517.2,220.2,fixation
10:27:56.7348,517.0,220.9,fixation
10:27:56.7353,516.9,218.8,fixation
10:27:56.7358,516.4,215.9,fixation
10:27:56.7363,516.8,214.4,fixation
10:27:56.7368,517.3,216.2,fixation
10:27:56.7373,519.3,218.5,fixation
10:27:56.7378,521.1,218.7,fixation
10:27:56.7383,522.3,218.3,fixation
10:27:56.7388,520.8,217.4,fixation
10:27:56.7393,519.3,217.5,fixation
10:27:56.7398,518.4,217.4,fixation
10:27:56.7403,518.1,217.2,fixation
10:27:56.7408,517.9,216.4,fixation
10:27:56.7413,517.7,215.8,fixation
10:27:56.7418,517.6,215.1,fixation
10:27:56.7423,517.4,215.1,fixation
10:27:56.7428,517.5,216.1,fixation
10:27:56.7433,518.7,217.9,fixation
10:27:56.7438,519.9,219.7,fixation
10:27:56.7443,520.6,219.5,fixation
10:27:56.7448,520.1,218.7,fixation
10:27:56.7453,519.6,218.1,fixation
10:27:56.7458,519.5,218.3,fixation
10:27:56.7463,519.6,219.1,fixation
10:27:56.7468,518.3,219.6,fixation
10:27:56.7473,516.9,219.3,fixation
10:27:56.7478,516.4,217.0,fixation
10:27:56.7483,517.2,214.8,fixation
10:27:56.7488,518.5,213.5,fixation
10:27:56.7493,518.9,216.1,fixation
10:27:56.7498,519.2,218.6,fixation
10:27:56.7503,519.0,220.8,fixation
10:27:56.7508,517.2,220.1,fixation
10:27:56.7513,515.6,219.4,fixation
10:27:56.7518,513.9,219.0,fixation
10:27:56.7523,513.8,219.0,fixation
10:27:56.7528,514.3,218.4,fixation
10:27:56.7533,515.7,217.8,fixation
10:27:56.7538,517.1,218.5,fixation
10:27:56.7543,517.0,219.7,fixation
10:27:56.7548,516.0,220.7,fixation
10:27:56.7553,516.3,220.1,fixation
10:27:56.7558,517.6,219.7,fixation
10:27:56.7563,518.7,219.5,fixation
10:27:56.7568,518.4,219.5,fixation
10:27:56.7573,516.7,218.9,fixation
10:27:56.7578,515.2,218.3,fixation
10:27:56.7583,515.8,218.6,fixation
10:27:56.7588,517.6,219.5,fixation
10:27:56.7593,519.0,220.3,fixation
10:27:56.7598,518.5,220.3,fixation
10:27:56.7603,516.0,218.3,fixation
10:27:56.7608,514.0,216.4,fixation
10:27:56.7613,511.0,214.7,fixation
10:27:56.7618,509.9,215.4,fixation
10:27:56.7623,510.7,218.5,fixation
10:27:56.7628,512.1,221.5,fixation
10:27:56.7633,513.5,221.5,fixation
10:27:56.7638,513.3,219.1,fixation
10:27:56.7643,513.6,216.4,fixation
10:27:56.7648,513.8,215.7,fixation
10:27:56.7653,514.7,215.1,fixation
10:27:56.7658,515.5,215.3,fixation
10:27:56.7663,516.4,215.7,fixation
10:27:56.7668,516.4,216.0,fixation
10:27:56.7673,515.6,216.0,fixation
10:27:56.7678,515.0,216.4,fixation
10:27:56.7683,514.4,218.0,fixation
10:27:56.7688,515.6,219.5,fixation
10:27:56.7693,516.8,220.8,fixation
10:27:56.7698,518.0,220.8,fixation
10:27:56.7703,518.2,220.4,fixation
10:27:56.7708,518.2,219.9,fixation
10:27:56.7713,517.7,220.1,fixation
10:27:56.7718,516.8,221.1,fixation
10:27:56.7723,516.6,222.1,fixation
10:27:56.7728,517.0,222.6,fixation
10:27:56.7733,517.9,222.8,fixation
10:27:56.7738,518.1,222.9,fixation
10:27:56.7743,517.8,222.9,fixation
10:27:56.7748,517.5,223.4,fixation
10:27:56.7753,515.9,223.9,fixation
10:27:56.7758,514.2,221.1,fixation
10:27:56.7763,512.5,217.8,fixation
10:27:56.7768,512.4,216.8,fixation
10:27:56.7773,512.6,219.2,fixation
10:27:56.7778,514.1,221.6,fixation
10:27:56.7783,515.6,221.5,fixation
10:27:56.7788,517.5,221.3,fixation
10:27:56.7793,518.0,223.3,fixation
10:27:56.7798,518.5,225.7,fixation
10:27:56.7803,518.4,227.0,fixation
10:27:56.7808,517.8,225.8,fixation
10:27:56.7813,516.3,224.3,fixation
10:27:56.7818,514.8,223.6,fixation
10:27:56.7823,515.3,222.3,fixation
10:27:56.7828,516.7,220.9,fixation
10:27:56.7833,517.3,219.5,fixation
10:27:56.7838,516.6,220.3,fixation
10:27:56.7843,515.9,221.5,fixation
10:27:56.7848,515.9,222.8,fixation
10:27:56.7853,515.8,223.2,fixation
10:27:56.7858,515.8,223.7,fixation
10:27:56.7863,516.4,224.8,fixation
10:27:56.7868,517.7,225.5,fixation
10:27:56.7873,518.9,224.9,fixation
10:27:56.7878,519.7,223.7,fixation
10:27:56.7883,519.2,221.8,fixation
10:27:56.7888,518.3,221.1,fixation
10:27:56.7893,517.4,220.4,fixation
10:27:56.7898,516.9,220.2,fixation
10:27:56.7903,516.9,220.0,fixation
10:27:56.7908,517.0,219.9,fixation
10:27:56.7913,517.0,218.8,saccade
10:27:56.7918,517.1,219.3,saccade
10:27:56.7923,517.5,220.3,saccade
10:27:56.7928,517.9,220.1,saccade
10:27:56.7933,518.3,219.0,saccade
10:27:56.7938,518.6,217.8,saccade
10:27:56.7943,518.8,218.9,saccade
10:27:56.7948,519.1,220.0,saccade
10:27:56.7953,519.1,221.5,saccade
10:27:56.7958,521.2,222.0,saccade
10:27:56.7963,524.0,222.5,saccade
10:27:56.7968,526.7,222.6,saccade
10:27:56.7973,527.3,222.5,saccade
10:27:56.7978,530.3,222.2,saccade
10:27:56.7983,533.8,222.0,saccade
10:27:56.7988,537.4,222.7,saccade
10:27:56.7993,538.0,223.5,saccade
10:27:56.7998,540.1,223.6,saccade
10:27:56.8003,542.4,221.7,saccade
10:27:56.8008,544.5,219.9,saccade
10:27:56.8013,545.4,220.0,saccade
10:27:56.8018,546.3,221.3,saccade
10:27:56.8023,548.0,222.7,saccade
10:27:56.8028,549.2,222.1,saccade
10:27:56.8033,550.3,221.0,saccade
10:27:56.8038,550.6,219.5,saccade
10:27:56.8043,551.0,218.5,saccade
10:27:56.8048,553.4,217.1,fixation
10:27:56.8053,554.4,217.2,fixation
10:27:56.8058,554.1,218.2,fixation
10:27:56.8063,553.3,218.5,fixation
10:27:56.8068,552.7,218.4,fixation
10:27:56.8073,551.9,218.3,fixation
10:27:56.8078,551.4,218.9,fixation
10:27:56.8083,550.9,219.5,fixation
10:27:56.8088,550.7,218.7,fixation
10:27:56.8093,550.2,217.4,fixation
10:27:56.8098,549.7,216.0,fixation
10:27:56.8103,549.3,216.1,fixation
10:27:56.8108,549.6,216.2,fixation
10:27:56.8113,550.9,216.7,fixation
10:27:56.8118,551.9,217.2,fixation
10:27:56.8123,552.6,217.5,fixation
10:27:56.8128,552.0,217.3,fixation
10:27:56.8133,551.0,217.0,fixation
10:27:56.8138,549.5,216.9,fixation
10:27:56.8143,548.4,215.9,fixation
10:27:56.8148,547.8,214.9,fixation
10:27:56.8153,547.8,213.9,fixation
10:27:56.8158,547.7,214.4,fixation
10:27:56.8163,549.1,215.3,fixation
10:27:56.8168,552.0,216.4,fixation
10:27:56.8173,554.8,217.0,fixation
10:27:56.8178,555.3,217.2,fixation
10:27:56.8183,554.6,217.6,fixation
10:27:56.8188,553.7,217.7,fixation
10:27:56.8193,553.3,217.6,fixation
10:27:56.8198,553.0,217.6,fixation
10:27:56.8203,552.4,217.9,fixation
10:27:56.8208,552.0,218.4,fixation
10:27:56.8213,551.6,218.6,fixation
10:27:56.8218,551.6,219.1,fixation
10:27:56.8223,551.4,219.2,fixation
10:27:56.8228,551.4,219.5,fixation
10:27:56.8233,551.5,219.6,fixation
10:27:56.8238,551.0,218.5,fixation
10:27:56.8243,550.2,217.3,fixation
10:27:56.8248,549.4,216.1,fixation
10:27:56.8253,549.4,216.2,fixation
10:27:56.8258,549.4,216.2,fixation
10:27:56.8263,549.4,215.6,fixation
10:27:56.8268,549.4,214.2,fixation
10:27:56.8273,550.8,213.0,fixation
10:27:56.8278,552.2,213.9,fixation
10:27:56.8283,552.7,215.4,fixation
10:27:56.8288,551.8,217.7,fixation
10:27:56.8293,551.1,218.5,fixation
10:27:56.8298,551.1,219.5,fixation
10:27:56.8303,551.4,219.6,fixation
10:27:56.8308,551.7,219.6,fixation
10:27:56.8313,552.0,219.4,fixation
10:27:56.8318,552.5,219.2,fixation
10:27:56.8323,553.0,219.1,fixation
10:27:56.8328,553.3,219.5,fixation
10:27:56.8333,552.9,219.8,fixation
10:27:56.8338,552.4,220.1,fixation
10:27:56.8343,552.1,219.9,fixation
10:27:56.8348,552.0,219.7,fixation
10:27:56.8353,552.3,219.6,fixation
10:27:56.8358,552.8,219.7,fixation
10:27:56.8363,553.1,219.9,fixation
10:27:56.8368,553.2,220.0,fixation
10:27:56.8373,553.1,219.5,fixation
10:27:56.8378,553.0,218.4,fixation
10:27:56.8383,551.7,217.7,fixation
10:27:56.8388,550.4,217.5,fixation
10:27:56.8393,549.0,217.5,fixation
10:27:56.8398,549.0,217.1,fixation
10:27:56.8403,548.6,217.8,fixation
10:27:56.8408,548.2,218.9,fixation
10:27:56.8413,550.3,220.0,fixation
10:27:56.8418,552.7,220.0,fixation
10:27:56.8423,554.0,216.9,fixation
10:27:56.8428,553.1,213.6,fixation
10:27:56.8433,552.1,212.6,fixation
10:27:56.8438,552.2,214.6,fixation
10:27:56.8443,552.5,216.7,fixation
10:27:56.8448,552.9,216.7,fixation
10:27:56.8453,553.2,216.7,fixation
10:27:56.8458,553.0,216.6,fixation
10:27:56.8463,552.0,216.1,fixation
10:27:56.8468,551.2,215.2,fixation
10:27:56.8473,550.8,214.4,fixation
10:27:56.8478,551.2,213.5,fixation
10:27:56.8483,551.9,213.0,fixation
10:27:56.8488,552.4,213.8,fixation
10:27:56.8493,552.7,215.1,fixation
10:27:56.8498,552.7,215.9,fixation
10:27:56.8503,552.6,215.4,fixation
10:27:56.8508,552.5,214.9,fixation
10:27:56.8513,552.3,215.1,fixation
10:27:56.8518,551.3,215.4,fixation
10:27:56.8523,550.4,215.6,fixation
10:27:56.8528,550.0,216.9,fixation
10:27:56.8533,550.6,218.6,fixation
10:27:56.8538,551.1,220.2,fixation
10:27:56.8543,551.4,220.3,fixation
10:27:56.8548,551.7,220.0,fixation
10:27:56.8553,552.0,219.8,fixation
10:27:56.8558,552.4,219.8,fixation
10:27:56.8563,552.4,219.8,fixation
10:27:56.8568,551.7,218.6,fixation
10:27:56.8573,551.1,217.5,fixation
10:27:56.8578,550.4,215.5,fixation
10:27:56.8583,550.3,214.8,fixation
10:27:56.8588,550.3,214.0,fixation
10:27:56.8593,550.4,214.6,fixation
10:27:56.8598,550.0,215.2,fixation
10:27:56.8603,549.7,215.2,fixation
10:27:56.8608,549.6,214.0,fixation
10:27:56.8613,549.9,212.9,fixation
10:27:56.8618,551.6,214.7,fixation
10:27:56.8623,553.0,217.0,fixation
10:27:56.8628,554.1,219.2,fixation
10:27:56.8633,553.5,219.1,fixation
10:27:56.8638,552.8,219.0,fixation
10:27:56.8643,552.1,218.6,fixation
10:27:56.8648,551.8,217.9,fixation
10:27:56.8653,551.4,216.4,fixation
10:27:56.8658,551.4,215.2,fixation
10:27:56.8663,551.4,214.1,fixation
10:27:56.8668,551.3,213.5,fixation
10:27:56.8673,551.2,212.9,fixation
10:27:56.8678,551.2,212.7,fixation
10:27:56.8683,551.8,212.9,fixation
10:27:56.8688,552.3,216.3,fixation
10:27:56.8693,551.7,219.5,fixation
10:27:56.8698,550.8,222.0,fixation
10:27:56.8703,549.9,220.7,fixation
10:27:56.8708,550.0,219.1,fixation
10:27:56.8713,550.6,218.1,fixation
10:27:56.8718,551.4,217.7,fixation
10:27:56.8723,552.3,217.8,fixation
10:27:56.8728,552.5,217.5,fixation
10:27:56.8733,552.4,217.0,fixation
10:27:56.8738,552.2,215.8,fixation
10:27:56.8743,552.1,214.9,fixation
10:27:56.8748,552.4,214.8,fixation
10:27:56.8753,552.7,215.5,fixation
10:27:56.8758,553.0,216.2,fixation
10:27:56.8763,553.0,217.2,fixation
10:27:56.8768,552.6,218.7,fixation
10:27:56.8773,551.8,220.2,fixation
10:27:56.8778,551.0,219.7,fixation
10:27:56.8783,551.1,218.1,fixation
10:27:56.8788,551.6,216.0,fixation
10:27:56.8793,551.6,215.0,fixation
10:27:56.8798,551.5,214.4,fixation
10:27:56.8803,551.3,214.2,fixation
10:27:56.8808,552.0,214.8,fixation
10:27:56.8813,552.3,216.1,fixation
10:27:56.8818,551.4,217.4,fixation
10:27:56.8823,550.1,217.9,fixation
10:27:56.8828,548.6,217.3,fixation
10:27:56.8833,548.5,216.8,fixation
10:27:56.8838,548.0,216.3,fixation
10:27:56.8843,547.6,216.2,fixation
10:27:56.8848,549.1,217.5,fixation
10:27:56.8853,550.7,218.9,fixation
10:27:56.8858,551.9,220.2,fixation
10:27:56.8863,551.3,220.4,fixation
10:27:56.8868,551.3,221.1,fixation
10:27:56.8873,551.4,221.9,fixation
10:27:56.8878,551.2,222.4,fixation
10:27:56.8883,550.7,222.5,fixation
10:27:56.8888,550.6,222.7,fixation
10:27:56.8893,550.8,222.1,fixation
10:27:56.8898,551.0,221.3,fixation
10:27:56.8903,551.3,219.6,fixation
10:27:56.8908,551.6,218.0,fixation
10:27:56.8913,551.9,215.1,fixation
10:27:56.8918,551.4,213.1,fixation
10:27:56.8923,550.4,212.4,fixation
10:27:56.8928,549.2,214.3,fixation
10:27:56.8933,548.6,216.5,fixation
10:27:56.8938,549.3,218.7,fixation
10:27:56.8943,550.5,219.6,fixation
10:27:56.8948,551.6,218.5,fixation
10:27:56.8953,551.8,216.7,fixation
10:27:56.8958,552.4,215.0,fixation
10:27:56.8963,552.9,215.1,fixation
10:27:56.8968,552.1,215.2,fixation
10:27:56.8973,550.3,215.2,fixation
10:27:56.8978,548.5,215.3,fixation
10:27:56.8983,548.1,215.6,fixation
10:27:56.8988,548.2,216.0,fixation
10:27:56.8993,548.2,216.2,fixation
10:27:56.8998,548.1,216.9,fixation
10:27:56.9003,548.2,217.6,fixation
10:27:56.9008,548.8,218.8,fixation
10:27:56.9013,550.6,219.1,fixation
10:27:56.9018,552.2,219.4,fixation
10:27:56.9023,552.9,219.8,fixation
10:27:56.9028,552.3,220.3,fixation
10:27:56.9033,551.8,220.8,fixation
10:27:56.9038,551.2,221.0,fixation
10:27:56.9043,550.7,221.1,fixation
10:27:56.9048,549.9,220.0,fixation
10:27:56.9053,549.6,218.7,fixation
10:27:56.9058,548.8,216.9,fixation
10:27:56.9063,547.9,215.9,fixation
10:27:56.9068,547.0,214.5,fixation
10:27:56.9073,547.9,213.7,fixation
10:27:56.9078,549.2,213.7,fixation
10:27:56.9083,550.6,214.6,fixation
10:27:56.9088,550.6,215.7,fixation
10:27:56.9093,550.6,216.6,fixation
10:27:56.9098,550.3,217.0,fixation
10:27:56.9103,549.6,217.3,fixation
10:27:56.9108,549.0,217.5,fixation
10:27:56.9113,548.6,218.3,fixation
10:27:56.9118,548.4,219.0,fixation
10:27:56.9123,548.2,218.9,fixation
10:27:56.9128,548.1,218.0,fixation
10:27:56.9133,548.8,217.2,fixation
10:27:56.9138,549.5,217.5,fixation
10:27:56.9143,548.9,217.9,fixation
10:27:56.9148,547.4,218.4,fixation
10:27:56.9153,546.0,218.5,fixation
10:27:56.9158,546.1,218.3,fixation
10:27:56.9163,546.1,218.0,fixation
10:27:56.9168,547.4,217.7,fixation
10:27:56.9173,548.2,217.2,fixation
10:27:56.9178,548.9,217.0,fixation
10:27:56.9183,548.8,216.8,fixation
10:27:56.9188,549.5,217.0,fixation
10:27:56.9193,550.1,217.1,fixation
10:27:56.9198,550.4,217.1,fixation
10:27:56.9203,550.4,218.0,fixation
10:27:56.9208,550.2,218.9,fixation
10:27:56.9213,550.4,220.0,fixation
10:27:56.9218,550.5,220.2,fixation
10:27:56.9223,550.8,219.6,fixation
10:27:56.9228,550.6,218.0,fixation
10:27:56.9233,550.8,216.4,fixation
10:27:56.9238,550.9,215.6,fixation
10:27:56.9243,551.1,215.6,fixation
10:27:56.9248,550.9,217.1,fixation
10:27:56.9253,550.7,218.8,fixation
10:27:56.9258,550.7,220.5,fixation
10:27:56.9263,550.7,219.1,fixation
10:27:56.9268,551.0,217.3,fixation
10:27:56.9273,551.3,216.6,fixation
10:27:56.9278,550.4,217.5,fixation
10:27:56.9283,549.1,219.3,fixation
10:27:56.9288,549.4,220.2,fixation
10:27:56.9293,551.0,219.6,fixation
10:27:56.9298,552.8,218.0,fixation
10:27:56.9303,553.4,218.0,fixation
10:27:56.9308,554.1,219.6,fixation
10:27:56.9313,553.2,221.3,fixation
10:27:56.9318,552.0,221.4,fixation
10:27:56.9323,551.5,219.0,fixation
10:27:56.9328,552.0,216.6,fixation
10:27:56.9333,553.0,214.7,fixation
10:27:56.9338,553.2,215.3,fixation
10:27:56.9343,553.4,215.9,fixation
10:27:56.9348,551.7,217.0,fixation
10:27:56.9353,550.0,218.0,fixation
10:27:56.9358,548.9,217.3,fixation
10:27:56.9363,549.4,215.2,fixation
10:27:56.9368,549.9,213.2,fixation
10:27:56.9373,551.2,213.2,fixation
10:27:56.9378,553.0,213.7,fixation
10:27:56.9383,554.8,214.4,fixation
10:27:56.9388,555.4,217.7,fixation
10:27:56.9393,552.9,220.7,fixation
10:27:56.9398,550.3,221.9,fixation
10:27:56.9403,548.0,219.9,fixation
10:27:56.9408,548.4,218.0,fixation
10:27:56.9413,549.4,217.8,fixation
10:27:56.9418,550.3,219.7,fixation
10:27:56.9423,550.9,221.4,fixation
10:27:56.9428,551.1,221.9,fixation
10:27:56.9433,551.2,220.7,fixation
10:27:56.9438,551.1,220.6,fixation
10:27:56.9443,550.7,221.6,fixation
10:27:56.9448,550.5,222.1,fixation
10:27:56.9453,550.5,221.4,fixation
10:27:56.9458,549.7,220.8,fixation
10:27:56.9463,548.6,219.5,fixation
10:27:56.9468,547.6,218.0,fixation
10:27:56.9473,547.6,216.6,fixation
10:27:56.9478,549.0,216.2,fixation
10:27:56.9483,550.5,216.0,fixation
10:27:56.9488,551.7,216.8,fixation
10:27:56.9493,551.4,217.5,fixation
10:27:56.9498,551.0,218.1,fixation
10:27:56.9503,550.8,219.6,fixation
10:27:56.9508,550.2,221.3,fixation
10:27:56.9513,549.5,221.7,fixation
10:27:56.9518,548.6,219.3,fixation
10:27:56.9523,547.9,216.9,fixation
10:27:56.9528,547.4,215.9,fixation
10:27:56.9533,546.9,214.8,fixation
10:27:56.9538,546.8,213.8,fixation
10:27:56.9543,547.3,214.2,fixation
10:27:56.9548,548.0,215.6,fixation
10:27:56.9553,549.1,217.3,fixation
10:27:56.9558,549.5,217.7,fixation
10:27:56.9563,549.7,217.8,fixation
10:27:56.9568,549.5,217.8,fixation
10:27:56.9573,551.5,218.7,fixation
10:27:56.9578,553.7,219.8,fixation
10:27:56.9583,555.1,221.1,fixation
10:27:56.9588,553.2,221.2,fixation
10:27:56.9593,551.2,218.3,fixation
10:27:56.9598,549.7,215.2,fixation
10:27:56.9603,548.5,212.8,fixation
10:27:56.9608,547.4,214.1,fixation
10:27:56.9613,546.5,215.4,fixation
10:27:56.9618,546.3,216.0,fixation
10:27:56.9623,547.9,216.1,fixation
10:27:56.9628,549.7,216.1,fixation
10:27:56.9633,551.3,216.1,fixation
10:27:56.9638,550.9,216.2,fixation
10:27:56.9643,550.7,216.7,fixation
10:27:56.9648,550.2,217.1,fixation
10:27:56.9653,549.7,217.3,fixation
10:27:56.9658,549.0,219.4,fixation
10:27:56.9663,548.7,221.5,fixation
10:27:56.9668,548.4,222.9,fixation
10:27:56.9673,548.3,221.1,fixation
10:27:56.9678,548.4,219.1,fixation
10:27:56.9683,548.7,217.8,fixation
10:27:56.9688,549.0,219.0,fixation
10:27:56.9693,549.3,220.4,fixation
10:27:56.9698,549.1,221.9,fixation
10:27:56.9703,548.7,222.2,fixation
10:27:56.9708,548.9,222.5,fixation
10:27:56.9713,550.0,222.5,fixation
10:27:56.9718,551.2,222.3,fixation
10:27:56.9723,551.8,222.1,fixation
10:27:56.9728,552.4,222.2,fixation
10:27:56.9733,552.8,221.7,fixation
10:27:56.9738,552.5,221.2,fixation
10:27:56.9743,551.8,221.1,fixation
10:27:56.9748,551.2,221.3,fixation
10:27:56.9753,550.7,221.5,fixation
10:27:56.9758,550.3,222.6,fixation
10:27:56.9763,550.0,224.0,fixation
10:27:56.9768,550.0,224.7,fixation
10:27:56.9773,550.0,223.7,fixation
10:27:56.9778,550.6,222.9,fixation
10:27:56.9783,551.2,222.9,fixation
10:27:56.9788,552.3,223.4,fixation
10:27:56.9793,552.7,223.6,fixation
10:27:56.9798,553.0,223.6,fixation
10:27:56.9803,552.3,222.2,fixation
10:27:56.9808,551.3,221.4,fixation
10:27:56.9813,549.9,220.7,fixation
10:27:56.9818,548.9,220.0,fixation
10:27:56.9823,548.4,218.5,fixation
10:27:56.9828,548.1,218.1,fixation
10:27:56.9833,547.6,219.2,fixation
10:27:56.9838,548.2,219.8,fixation
10:27:56.9843,549.2,219.4,fixation
10:27:56.9848,550.4,219.2,fixation
10:27:56.9853,550.8,219.3,fixation
10:27:56.9858,550.9,219.5,fixation
10:27:56.9863,550.4,216.6,fixation
10:27:56.9868,549.5,213.6,fixation
10:27:56.9873,548.9,213.8,fixation
10:27:56.9878,550.1,217.1,fixation
10:27:56.9883,550.8,219.1,fixation
10:27:56.9888,551.1,218.0,fixation
10:27:56.9893,550.6,217.7,fixation
10:27:56.9898,551.1,218.7,fixation
10:27:56.9903,552.0,220.4,fixation
10:27:56.9908,552.5,221.2,fixation
10:27:56.9913,552.4,222.0,fixation
10:27:56.9918,552.9,222.0,fixation
10:27:56.9923,553.4,222.0,fixation
10:27:56.9928,553.2,221.9,fixation
10:27:56.9933,552.4,220.0,fixation
10:27:56.9938,551.7,218.2,fixation
10:27:56.9943,549.2,216.6,fixation
10:27:56.9948,546.6,216.8,fixation
10:27:56.9953,544.0,217.4,fixation
10:27:56.9958,545.7,217.8,fixation
10:27:56.9963,547.4,218.3,fixation
10:27:56.9968,548.6,218.3,fixation
10:27:56.9973,547.9,217.4,fixation
10:27:56.9978,549.5,216.6,fixation
10:27:56.9983,551.3,216.3,fixation
10:27:56.9988,552.5,216.9,fixation
10:27:56.9993,550.7,217.4,fixation
10:27:56.9998,549.3,216.0,fixation
10:27:57.0003,549.5,214.6,fixation
10:27:57.0008,550.7,213.6,fixation
10:27:57.0013,551.1,214.3,fixation
10:27:57.0018,549.0,215.1,fixation
10:27:57.0023,546.9,215.6,fixation
10:27:57.0028,546.2,215.8,fixation
10:27:57.0033,547.4,215.9,fixation
10:27:57.0038,548.6,216.4,fixation
10:27:57.0043,548.2,216.7,fixation
10:27:57.0048,547.4,217.0,fixation
10:27:57.0053,550.0,217.5,saccade
10:27:57.0058,552.1,218.2,saccade
10:27:57.0063,552.5,218.8,saccade
10:27:57.0068,552.0,218.4,saccade
10:27:57.0073,551.6,218.0,saccade
10:27:57.0078,551.2,218.5,saccade
10:27:57.0083,552.0,219.4,saccade
10:27:57.0088,552.2,220.2,saccade
10:27:57.0093,552.3,220.0,saccade
10:27:57.0098,551.8,219.6,saccade
10:27:57.0103,551.4,219.3,saccade
10:27:57.0108,548.1,217.9,saccade
10:27:57.0113,544.9,216.7,saccade
10:27:57.0118,541.4,215.1,saccade
10:27:57.0123,540.9,214.7,saccade
10:27:57.0128,540.4,214.1,saccade
10:27:57.0133,540.3,213.6,saccade
10:27:57.0138,537.3,213.0,saccade
10:27:57.0143,534.2,212.2,saccade
10:27:57.0148,528.6,211.6,saccade
10:27:57.0153,524.7,210.2,saccade
10:27:57.0158,519.8,209.0,saccade
10:27:57.0163,517.6,210.2,saccade
10:27:57.0168,514.1,212.4,saccade
10:27:57.0173,508.5,214.5,saccade
10:27:57.0178,502.9,216.6,saccade
10:27:57.0183,499.3,218.9,saccade
10:27:57.0188,495.6,221.0,saccade
10:27:57.0193,490.2,219.3,saccade
10:27:57.0198,484.9,217.4,saccade
10:27:57.0203,480.8,215.6,saccade
10:27:57.0208,476.4,215.2,saccade
10:27:57.0213,468.8,214.7,saccade
10:27:57.0218,462.1,214.1,saccade
10:27:57.0223,457.2,215.4,saccade
10:27:57.0228,455.6,217.2,saccade
10:27:57.0233,454.8,217.8,saccade
10:27:57.0238,452.1,216.4,saccade
10:27:57.0243,449.8,215.0,saccade
10:27:57.0248,445.3,215.6,saccade
10:27:57.0253,442.8,217.0,saccade
10:27:57.0258,438.3,218.3,saccade
10:27:57.0263,436.1,218.9,saccade
10:27:57.0268,432.6,219.1,saccade
10:27:57.0273,431.0,219.4,saccade
10:27:57.0278,429.4,219.9,saccade
10:27:57.0283,426.8,219.9,saccade
10:27:57.0288,424.2,221.2,saccade
10:27:57.0293,420.5,222.3,saccade
10:27:57.0298,418.8,223.4,saccade
10:27:57.0303,417.0,223.3,saccade
10:27:57.0308,416.6,223.2,saccade
10:27:57.0313,415.8,223.1,saccade
10:27:57.0318,413.0,224.1,saccade
10:27:57.0323,410.5,224.7,saccade
10:27:57.0328,407.5,225.1,saccade
10:27:57.0333,405.8,224.4,saccade
10:27:57.0338,404.0,224.0,saccade
10:27:57.0343,403.5,224.2,saccade
10:27:57.0348,403.9,224.8,saccade
10:27:57.0353,404.3,227.7,saccade
10:27:57.0358,404.5,230.4,saccade
10:27:57.0363,404.4,231.6,saccade
10:27:57.0368,404.3,230.5,saccade
10:27:57.0373,404.0,231.2,saccade
10:27:57.0378,403.6,235.2,fixation
10:27:57.0383,403.7,235.6,fixation
10:27:57.0388,404.8,236.3,fixation
10:27:57.0393,405.9,237.1,fixation
10:27:57.0398,405.3,235.7,fixation
10:27:57.0403,403.7,232.5,fixation
10:27:57.0408,404.5,229.5,fixation
10:27:57.0413,406.9,228.4,fixation
10:27:57.0418,409.3,228.7,fixation
10:27:57.0423,409.3,228.9,fixation
10:27:57.0428,409.9,229.0,fixation
10:27:57.0433,411.4,229.2,fixation
10:27:57.0438,413.0,228.9,fixation
10:27:57.0443,412.8,228.4,fixation
10:27:57.0448,411.7,227.7,fixation
10:27:57.0453,410.9,228.3,fixation
10:27:57.0458,411.8,229.2,fixation
10:27:57.0463,413.8,230.5,fixation
10:27:57.0468,415.4,230.8,fixation
10:27:57.0473,416.1,229.7,fixation
10:27:57.0478,415.5,228.1,fixation
10:27:57.0483,414.6,227.6,fixation
10:27:57.0488,412.7,228.5,fixation
10:27:57.0493,410.8,230.3,fixation
10:27:57.0498,409.0,230.7,fixation
10:27:57.0503,408.5,231.0,fixation
10:27:57.0508,408.5,230.3,fixation
10:27:57.0513,408.5,230.1,fixation
10:27:57.0518,408.6,230.3,fixation
10:27:57.0523,408.8,230.8,fixation
10:27:57.0528,407.9,231.2,fixation
10:27:57.0533,406.9,231.4,fixation
10:27:57.0538,405.6,231.2,fixation
10:27:57.0543,405.4,231.0,fixation
10:27:57.0548,405.5,231.7,fixation
10:27:57.0553,405.9,232.5,fixation
10:27:57.0558,406.2,233.1,fixation
10:27:57.0563,406.6,232.7,fixation
10:27:57.0568,407.4,232.3,fixation
10:27:57.0573,409.0,230.7,fixation
10:27:57.0578,410.2,229.5,fixation
10:27:57.0583,410.2,228.2,fixation
10:27:57.0588,409.4,229.1,fixation
10:27:57.0593,408.9,230.3,fixation
10:27:57.0598,409.3,231.7,fixation
10:27:57.0603,409.7,231.9,fixation
10:27:57.0608,409.1,230.9,fixation
10:27:57.0613,408.5,229.8,fixation
10:27:57.0618,407.9,229.2,fixation
10:27:57.0623,407.9,228.9,fixation
10:27:57.0628,408.6,228.7,fixation
10:27:57.0633,409.1,228.7,fixation
10:27:57.0638,409.6,228.9,fixation
10:27:57.0643,409.8,229.0,fixation
10:27:57.0648,410.1,228.6,fixation
10:27:57.0653,409.4,228.1,fixation
10:27:57.0658,408.3,228.5,fixation
10:27:57.0663,407.3,229.4,fixation
10:27:57.0668,407.5,229.9,fixation
10:27:57.0673,408.0,229.4,fixation
10:27:57.0678,408.5,228.9,fixation
10:27:57.0683,408.9,229.3,fixation
10:27:57.0688,408.8,229.8,fixation
10:27:57.0693,408.6,230.1,fixation
10:27:57.0698,408.1,228.9,fixation
10:27:57.0703,407.8,228.3,fixation
10:27:57.0708,409.2,228.5,fixation
10:27:57.0713,411.0,229.7,fixation
10:27:57.0718,413.1,230.6,fixation
10:27:57.0723,413.4,230.9,fixation
10:27:57.0728,413.9,232.1,fixation
10:27:57.0733,414.0,232.9,fixation
10:27:57.0738,413.4,234.4,fixation
10:27:57.0743,413.0,236.1,fixation
10:27:57.0748,413.0,237.7,fixation
10:27:57.0753,413.7,236.8,fixation
10:27:57.0758,413.3,234.9,fixation
10:27:57.0763,411.8,231.9,fixation
10:27:57.0768,410.2,230.8,fixation
10:27:57.0773,409.4,227.7,fixation
10:27:57.0778,409.0,225.7,fixation
10:27:57.0783,408.8,225.7,fixation
10:27:57.0788,409.8,227.8,fixation
10:27:57.0793,411.0,229.8,fixation
10:27:57.0798,412.0,229.9,fixation
10:27:57.0803,411.7,229.9,fixation
10:27:57.0808,411.2,229.9,fixation
10:27:57.0813,410.4,229.9,fixation
10:27:57.0818,409.8,229.9,fixation
10:27:57.0823,409.8,230.8,fixation
10:27:57.0828,410.1,231.7,fixation
10:27:57.0833,410.7,231.7,fixation
10:27:57.0838,411.0,230.7,fixation
10:27:57.0843,411.3,230.4,fixation
10:27:57.0848,411.5,231.5,fixation
10:27:57.0853,411.4,232.7,fixation
10:27:57.0858,410.0,232.6,fixation
10:27:57.0863,408.5,230.2,fixation
10:27:57.0868,408.8,228.0,fixation
10:27:57.0873,410.6,227.6,fixation
10:27:57.0878,410.5,228.6,fixation
10:27:57.0883,408.2,229.5,fixation
10:27:57.0888,405.8,228.5,fixation
10:27:57.0893,405.3,227.6,fixation
10:27:57.0898,405.5,226.7,fixation
10:27:57.0903,406.1,226.8,fixation
10:27:57.0908,406.6,227.1,fixation
10:27:57.0913,407.1,229.0,fixation
10:27:57.0918,407.5,231.1,fixation
10:27:57.0923,408.1,233.1,fixation
10:27:57.0928,408.8,233.2,fixation
10:27:57.0933,409.3,232.0,fixation
10:27:57.0938,409.3,230.7,fixation
10:27:57.0943,409.1,229.5,fixation
10:27:57.0948,408.8,229.3,fixation
10:27:57.0953,408.5,228.5,fixation
10:27:57.0958,408.3,227.8,fixation
10:27:57.0963,408.1,226.9,fixation
10:27:57.0968,408.0,226.5,fixation
10:27:57.0973,408.0,226.2,fixation
10:27:57.0978,408.1,226.4,fixation
10:27:57.0983,408.4,226.9,fixation
10:27:57.0988,408.9,227.4,fixation
10:27:57.0993,409.0,227.7,fixation
10:27:57.0998,408.9,227.8,fixation
10:27:57.1003,408.8,230.2,fixation
10:27:57.1008,409.2,232.6,fixation
10:27:57.1013,408.9,232.8,fixation
10:27:57.1018,408.5,229.7,fixation
10:27:57.1023,408.0,226.5,fixation
10:27:57.1028,408.1,225.4,fixation
10:27:57.1033,408.2,225.4,fixation
10:27:57.1038,408.9,228.4,fixation
10:27:57.1043,409.3,231.4,fixation
10:27:57.1048,409.6,233.5,fixation
10:27:57.1053,409.2,232.6,fixation
10:27:57.1058,408.9,231.7,fixation
10:27:57.1063,408.6,230.3,fixation
10:27:57.1068,408.9,229.0,fixation
10:27:57.1073,409.3,227.7,fixation
10:27:57.1078,409.9,229.2,fixation
10:27:57.1083,409.9,230.7,fixation
10:27:57.1088,409.3,231.6,fixation
10:27:57.1093,408.8,230.8,fixation
10:27:57.1098,408.7,229.8,fixation
10:27:57.1103,409.1,229.4,fixation
10:27:57.1108,409.8,228.7,fixation
10:27:57.1113,410.1,228.1,fixation
10:27:57.1118,410.4,227.6,fixation
10:27:57.1123,410.3,228.6,fixation
10:27:57.1128,411.2,229.9,fixation
10:27:57.1133,412.2,231.2,fixation
10:27:57.1138,411.6,231.2,fixation
10:27:57.1143,410.1,231.2,fixation
10:27:57.1148,408.6,231.3,fixation
10:27:57.1153,408.6,231.4,fixation
10:27:57.1158,408.8,231.4,fixation
10:27:57.1163,409.0,231.4,fixation
10:27:57.1168,408.6,233.5,fixation
10:27:57.1173,408.0,235.7,fixation
10:27:57.1178,409.5,235.4,fixation
10:27:57.1183,411.5,232.9,fixation
10:27:57.1188,413.5,230.5,fixation
10:27:57.1193,413.0,230.9,fixation
10:27:57.1198,412.1,231.5,fixation
10:27:57.1203,409.5,231.8,fixation
10:27:57.1208,407.3,232.4,fixation
10:27:57.1213,407.5,233.1,fixation
10:27:57.1218,409.4,233.9,fixation
10:27:57.1223,412.3,234.1,fixation
10:27:57.1228,413.3,233.7,fixation
10:27:57.1233,411.8,233.4,fixation
10:27:57.1238,409.2,233.3,fixation
10:27:57.1243,406.7,233.1,fixation
10:27:57.1248,406.9,232.8,fixation
10:27:57.1253,407.5,232.6,fixation
10:27:57.1258,408.1,232.8,fixation
10:27:57.1263,408.3,234.2,fixation
10:27:57.1268,408.1,235.6,fixation
10:27:57.1273,407.9,235.4,fixation
10:27:57.1278,407.9,233.8,fixation
10:27:57.1283,407.8,232.4,fixation
10:27:57.1288,407.2,232.8,fixation
10:27:57.1293,406.6,233.7,fixation
10:27:57.1298,406.1,234.8,fixation
10:27:57.1303,407.2,237.7,fixation
10:27:57.1308,408.4,240.1,fixation
10:27:57.1313,408.9,240.3,fixation
10:27:57.1318,408.2,238.6,fixation
10:27:57.1323,407.2,237.1,fixation
10:27:57.1328,406.8,237.5,fixation
10:27:57.1333,406.3,237.7,fixation
10:27:57.1338,406.3,237.6,fixation
10:27:57.1343,406.3,237.8,fixation
10:27:57.1348,406.7,238.9,fixation
10:27:57.1353,407.1,240.3,fixation
10:27:57.1358,406.8,241.3,fixation
10:27:57.1363,406.8,241.7,fixation
10:27:57.1368,406.8,241.7,fixation
10:27:57.1373,407.2,241.7,fixation
10:27:57.1378,406.2,240.9,fixation
10:27:57.1383,405.8,240.0,fixation
10:27:57.1388,405.5,238.9,fixation
10:27:57.1393,406.0,238.6,fixation
10:27:57.1398,406.1,240.3,fixation
10:27:57.1403,406.3,243.0,fixation
10:27:57.1408,406.5,245.8,fixation
10:27:57.1413,404.1,246.2,saccade
10:27:57.1418,404.5,246.2,saccade
10:27:57.1423,406.1,246.5,saccade
10:27:57.1428,407.5,248.4,saccade
10:27:57.1433,407.3,250.0,saccade
10:27:57.1438,407.0,251.7,saccade
10:27:57.1443,405.5,252.8,saccade
10:27:57.1448,404.0,254.0,saccade
10:27:57.1453,402.6,255.0,saccade
10:27:57.1458,402.7,254.8,saccade
10:27:57.1463,402.9,255.0,saccade
10:27:57.1468,403.0,257.3,saccade
10:27:57.1473,403.0,259.6,saccade
10:27:57.1478,402.9,262.3,saccade
10:27:57.1483,403.9,263.2,saccade
10:27:57.1488,405.0,264.7,saccade
10:27:57.1493,405.9,266.0,saccade
10:27:57.1498,405.7,267.3,saccade
10:27:57.1503,405.4,268.5,saccade
10:27:57.1508,405.3,269.1,saccade
10:27:57.1513,405.3,270.2,saccade
10:27:57.1518,405.2,270.7,saccade
10:27:57.1523,403.5,269.9,saccade
10:27:57.1528,402.1,250.7,saccade
10:27:57.1533,400.7,231.5,saccade
10:27:57.1538,400.9,217.7,saccade
10:27:57.1543,401.0,226.4,saccade
10:27:57.1548,400.8,236.1,saccade
10:27:57.1553,400.6,241.7,saccade
10:27:57.1558,400.3,244.1,saccade
10:27:57.1563,401.3,249.4,saccade
10:27:57.1568,402.4,254.6,saccade
10:27:57.1573,404.1,258.5,saccade
10:27:57.1578,405.1,258.6,saccade
10:27:57.1583,406.0,261.2,saccade
10:27:57.1588,406.3,263.9,saccade
10:27:57.1593,411.4,268.9,saccade
10:27:57.1598,416.7,273.5,saccade
10:27:57.1603,422.7,284.3,saccade
10:27:57.1608,423.5,293.4,saccade
10:27:57.1613,424.5,304.3,saccade
10:27:57.1618,427.3,332.1,saccade
10:27:57.1623,468.5,481.5,saccade
10:27:57.1628,507.6,629.2,saccade
10:27:57.1633,472.9,740.9,saccade
10:27:57.1638,401.0,727.8,saccade
10:27:57.1643,329.4,724.8,saccade
10:27:57.1648,329.7,743.9,saccade
10:27:57.1653,.,.,blink
10:27:57.1658,.,.,blink
10:27:57.1663,.,.,blink
10:27:57.1668,.,.,blink
10:27:57.1673,.,.,blink
10:27:57.1678,.,.,blink
10:27:57.1683,.,.,blink
10:27:57.1688,.,.,blink
10:27:57.1693,.,.,blink
10:27:57.1698,.,.,blink
10:27:57.1703,.,.,blink
10:27:57.1708,.,.,blink
10:27:57.1713,.,.,blink
10:27:57.1718,.,.,blink
10:27:57.1723,.,.,blink
10:27:57.1728,.,.,blink
10:27:57.1733,.,.,blink
10:27:57.1738,.,.,blink
10:27:57.1743,.,.,blink
10:27:57.1748,.,.,blink
10:27:57.1753,.,.,blink
10:27:57.1758,.,.,blink
10:27:57.1763,.,.,blink
10:27:57.1768,.,.,blink
10:27:57.1773,.,.,blink
10:27:57.1778,.,.,blink
10:27:57.1783,.,.,blink
10:27:57.1788,.,.,blink
10:27:57.1793,.,.,blink
10:27:57.1798,.,.,blink
10:27:57.1803,.,.,blink
10:27:57.1808,.,.,blink
10:27:57.1813,.,.,blink
10:27:57.1818,.,.,blink
10:27:57.1823,.,.,blink
10:27:57.1828,.,.,blink
10:27:57.1833,.,.,blink
10:27:57.1838,.,.,blink
10:27:57.1843,.,.,blink
10:27:57.1848,.,.,blink
10:27:57.1853,.,.,blink
10:27:57.1858,.,.,blink
10:27:57.1863,.,.,blink
10:27:57.1868,.,.,blink
10:27:57.1873,.,.,blink
10:27:57.1878,.,.,blink
10:27:57.1883,.,.,blink
10:27:57.1888,.,.,blink
10:27:57.1893,.,.,blink
10:27:57.1898,.,.,blink
10:27:57.1903,.,.,blink
10:27:57.1908,.,.,blink
10:27:57.1913,.,.,blink
10:27:57.1918,.,.,blink
10:27:57.1923,.,.,blink
10:27:57.1928,.,.,blink
10:27:57.1933,.,.,blink
10:27:57.1938,.,.,blink
10:27:57.1943,.,.,blink
10:27:57.1948,.,.,blink
10:27:57.1953,.,.,blink
10:27:57.1958,.,.,blink
10:27:57.1963,.,.,blink
10:27:57.1968,.,.,blink
10:27:57.1973,.,.,blink
10:27:57.1978,.,.,blink
10:27:57.1983,.,.,blink
10:27:57.1988,.,.,blink
10:27:57.1993,.,.,blink
10:27:57.1998,.,.,blink
10:27:57.2003,.,.,blink
10:27:57.2008,.,.,blink
10:27:57.2013,.,.,blink
10:27:57.2018,.,.,blink
10:27:57.2023,.,.,blink
10:27:57.2028,.,.,blink
10:27:57.2033,.,.,blink
10:27:57.2038,.,.,blink
10:27:57.2043,.,.,blink
10:27:57.2048,.,.,blink
10:27:57.2053,.,.,blink
10:27:57.2058,.,.,blink
10:27:57.2063,.,.,blink
10:27:57.2068,.,.,blink
10:27:57.2073,.,.,blink
10:27:57.2078,.,.,blink
10:27:57.2083,.,.,blink
10:27:57.2088,.,.,blink
10:27:57.2093,.,.,blink
10:27:57.2098,.,.,blink
10:27:57.2103,.,.,blink
10:27:57.2108,.,.,blink
10:27:57.2113,.,.,blink
10:27:57.2118,.,.,blink
10:27:57.2123,.,.,blink
10:27:57.2128,.,.,blink
10:27:57.2133,.,.,blink
10:27:57.2138,.,.,blink
10:27:57.2143,.,.,blink
10:27:57.2148,.,.,blink
10:27:57.2153,.,.,blink
10:27:57.2158,.,.,blink
10:27:57.2163,.,.,blink
10:27:57.2168,.,.,blink
10:27:57.2173,.,.,blink
10:27:57.2178,.,.,blink
10:27:57.2183,.,.,blink
10:27:57.2188,.,.,blink
10:27:57.2193,.,.,blink
10:27:57.2198,.,.,blink
10:27:57.2203,.,.,blink
10:27:57.2208,.,.,blink
10:27:57.2213,.,.,blink
10:27:57.2218,.,.,blink
10:27:57.2223,.,.,blink
10:27:57.2228,.,.,blink
10:27:57.2233,.,.,blink
10:27:57.2238,.,.,blink
10:27:57.2243,.,.,blink
10:27:57.2248,.,.,blink
10:27:57.2253,.,.,blink
10:27:57.2258,.,.,blink
10:27:57.2263,.,.,blink
10:27:57.2268,.,.,blink
10:27:57.2273,.,.,blink
10:27:57.2278,.,.,blink
10:27:57.2283,.,.,blink
10:27:57.2288,.,.,blink
10:27:57.2293,.,.,blink
10:27:57.2298,.,.,blink
10:27:57.2303,.,.,blink
10:27:57.2308,.,.,blink
10:27:57.2313,.,.,blink
10:27:57.2318,.,.,blink
10:27:57.2323,.,.,blink
10:27:57.2328,.,.,blink
10:27:57.2333,.,.,blink
10:27:57.2338,.,.,blink
10:27:57.2343,.,.,blink
10:27:57.2348,.,.,blink
10:27:57.2353,.,.,blink
10:27:57.2358,.,.,blink
10:27:57.2363,.,.,blink
10:27:57.2368,.,.,blink
10:27:57.2373,.,.,blink
10:27:57.2378,.,.,blink
10:27:57.2383,.,.,blink
10:27:57.2388,.,.,blink
10:27:57.2393,.,.,blink
10:27:57.2398,.,.,blink
10:27:57.2403,.,.,blink
10:27:57.2408,.,.,blink
10:27:57.2413,.,.,blink
10:27:57.2418,.,.,blink
10:27:57.2423,.,.,blink
10:27:57.2428,.,.,blink
10:27:57.2433,.,.,blink
10:27:57.2438,.,.,blink
10:27:57.2443,.,.,blink
10:27:57.2448,.,.,blink
10:27:57.2453,.,.,blink
10:27:57.2458,.,.,blink
10:27:57.2463,.,.,blink
10:27:57.2468,.,.,blink
10:27:57.2473,.,.,blink
10:27:57.2478,.,.,blink
10:27:57.2483,.,.,blink
10:27:57.2488,.,.,blink
10:27:57.2493,.,.,blink
10:27:57.2498,.,.,blink
10:27:57.2503,.,.,blink
10:27:57.2508,.,.,blink
10:27:57.2513,.,.,blink
10:27:57.2518,.,.,blink
10:27:57.2523,.,.,blink
10:27:57.2528,.,.,blink
10:27:57.2533,.,.,blink
10:27:57.2538,401.1,267.1,fixation
10:27:57.2543,400.5,268.2,fixation
10:27:57.2548,401.6,268.2,fixation
10:27:57.2553,402.7,268.2,fixation
10:27:57.2558,402.9,268.2,fixation
10:27:57.2563,402.2,267.6,fixation
10:27:57.2568,401.8,267.1,fixation
10:27:57.2573,402.4,268.1,fixation
10:27:57.2578,402.5,269.6,fixation
10:27:57.2583,402.7,271.0,fixation
10:27:57.2588,402.9,270.9,fixation
10:27:57.2593,403.0,270.6,fixation
10:27:57.2598,402.7,270.2,fixation
10:27:57.2603,403.1,269.9,fixation
10:27:57.2608,403.7,269.7,fixation
10:27:57.2613,403.6,269.3,fixation
10:27:57.2618,403.2,269.2,fixation
10:27:57.2623,403.1,269.1,fixation
10:27:57.2628,403.6,269.4,fixation
10:27:57.2633,404.1,269.3,fixation
10:27:57.2638,404.5,269.3,fixation
10:27:57.2643,403.2,269.5,fixation
10:27:57.2648,401.5,270.5,fixation
10:27:57.2653,400.2,270.9,fixation
10:27:57.2658,400.7,271.1,fixation
10:27:57.2663,402.0,270.6,fixation
10:27:57.2668,403.2,270.6,fixation
10:27:57.2673,404.1,271.2,fixation
10:27:57.2678,403.5,272.3,fixation
10:27:57.2683,402.8,273.3,fixation
10:27:57.2688,402.7,273.2,fixation
10:27:57.2693,403.4,272.6,fixation
10:27:57.2698,404.2,270.7,fixation
10:27:57.2703,404.3,269.4,fixation
10:27:57.2708,404.5,268.4,fixation
10:27:57.2713,404.8,269.0,fixation
10:27:57.2718,405.1,269.6,fixation
10:27:57.2723,405.3,271.9,fixation
10:27:57.2728,405.3,274.1,fixation
10:27:57.2733,405.0,275.6,fixation
10:27:57.2738,404.8,274.6,fixation
10:27:57.2743,404.0,273.6,fixation
10:27:57.2748,403.6,272.5,fixation
10:27:57.2753,403.2,271.8,fixation
10:27:57.2758,403.4,271.8,fixation
10:27:57.2763,403.3,272.3,fixation
10:27:57.2768,403.2,271.0,fixation
10:27:57.2773,402.8,269.1,fixation
10:27:57.2778,402.3,267.2,fixation
10:27:57.2783,402.0,267.1,fixation
10:27:57.2788,402.0,268.9,fixation
10:27:57.2793,402.2,270.7,fixation
10:27:57.2798,402.0,272.2,fixation
10:27:57.2803,401.8,271.8,fixation
10:27:57.2808,401.9,271.5,fixation
10:27:57.2813,402.3,271.3,fixation
10:27:57.2818,402.8,271.2,fixation
10:27:57.2823,402.9,271.3,fixation
10:27:57.2828,403.1,271.5,fixation
10:27:57.2833,402.3,271.5,fixation
10:27:57.2838,401.5,271.3,fixation
10:27:57.2843,401.1,271.8,fixation
10:27:57.2848,401.6,272.4,fixation
10:27:57.2853,402.9,272.9,fixation
10:27:57.2858,403.7,272.5,fixation
10:27:57.2863,402.9,271.8,fixation
10:27:57.2868,401.3,271.5,fixation
10:27:57.2873,400.1,271.5,fixation
10:27:57.2878,400.8,271.7,fixation
10:27:57.2883,404.0,271.8,fixation
10:27:57.2888,406.9,272.0,fixation
10:27:57.2893,407.2,272.0,fixation
10:27:57.2898,405.5,272.1,fixation
10:27:57.2903,403.7,272.1,fixation
10:27:57.2908,404.1,272.1,fixation
10:27:57.2913,404.4,271.7,fixation
10:27:57.2918,405.2,271.6,fixation
10:27:57.2923,406.0,271.5,fixation
10:27:57.2928,406.1,268.7,fixation
10:27:57.2933,405.8,265.8,fixation
10:27:57.2938,405.5,264.9,fixation
10:27:57.2943,404.5,267.1,fixation
10:27:57.2948,403.4,269.4,fixation
10:27:57.2953,402.7,269.7,fixation
10:27:57.2958,403.0,267.9,fixation
10:27:57.2963,403.3,265.9,fixation
10:27:57.2968,402.0,264.3,fixation
10:27:57.2973,400.5,265.1,fixation
10:27:57.2978,399.1,265.5,fixation
10:27:57.2983,400.4,265.3,fixation
10:27:57.2988,401.8,264.7,fixation
10:27:57.2993,402.9,266.0,fixation
10:27:57.2998,402.6,268.0,fixation
10:27:57.3003,402.4,270.1,fixation
10:27:57.3008,402.4,269.8,fixation
10:27:57.3013,402.3,268.2,fixation
10:27:57.3018,402.5,266.7,fixation
10:27:57.3023,402.7,266.2,fixation
10:27:57.3028,403.0,266.4,fixation
10:27:57.3033,403.2,265.8,fixation
10:27:57.3038,402.8,264.9,fixation
10:27:57.3043,402.9,264.8,fixation
10:27:57.3048,403.0,265.4,fixation
10:27:57.3053,403.4,266.0,fixation
10:27:57.3058,402.5,266.1,fixation
10:27:57.3063,401.6,266.2,fixation
10:27:57.3068,400.7,266.0,fixation
10:27:57.3073,401.6,265.7,fixation
10:27:57.3078,402.4,265.1,fixation
10:27:57.3083,402.9,265.0,fixation
10:27:57.3088,402.5,265.3,fixation
10:27:57.3093,402.2,266.6,fixation
10:27:57.3098,402.1,267.9,fixation
10:27:57.3103,402.0,268.7,fixation
10:27:57.3108,401.9,268.5,fixation
10:27:57.3113,401.6,268.4,fixation
10:27:57.3118,401.1,266.8,fixation
10:27:57.3123,400.7,265.3,fixation
10:27:57.3128,400.6,263.8,fixation
10:27:57.3133,400.8,263.8,fixation
10:27:57.3138,401.2,262.9,fixation
10:27:57.3143,402.3,262.0,fixation
10:27:57.3148,403.7,261.3,fixation
10:27:57.3153,404.9,261.8,fixation
10:27:57.3158,404.0,263.4,fixation
10:27:57.3163,402.6,264.7,fixation
10:27:57.3168,401.0,265.7,fixation
10:27:57.3173,400.2,265.6,fixation
10:27:57.3178,399.6,264.2,fixation
10:27:57.3183,399.4,262.9,fixation
10:27:57.3188,399.6,264.4,fixation
10:27:57.3193,399.7,267.2,fixation
10:27:57.3198,399.7,267.4,fixation
10:27:57.3203,399.9,264.7,fixation
10:27:57.3208,400.2,262.6,fixation
10:27:57.3213,400.4,263.0,fixation
10:27:57.3218,400.4,263.3,fixation
10:27:57.3223,400.4,264.8,fixation
10:27:57.3228,400.5,266.4,fixation
10:27:57.3233,400.9,267.8,fixation
10:27:57.3238,402.1,267.1,fixation
10:27:57.3243,403.1,266.5,fixation
10:27:57.3248,403.4,266.8,fixation
10:27:57.3253,403.3,267.9,fixation
10:27:57.3258,403.2,269.1,fixation
10:27:57.3263,403.7,269.5,fixation
10:27:57.3268,403.7,269.4,fixation
10:27:57.3273,403.0,269.3,fixation
10:27:57.3278,402.2,269.3,fixation
10:27:57.3283,401.3,268.4,fixation
10:27:57.3288,401.0,267.6,fixation
10:27:57.3293,400.4,267.7,fixation
10:27:57.3298,399.8,268.7,fixation
10:27:57.3303,399.9,269.6,fixation
10:27:57.3308,400.1,269.7,fixation
10:27:57.3313,400.2,269.7,fixation
10:27:57.3318,399.7,269.9,fixation
10:27:57.3323,400.1,270.0,fixation
10:27:57.3328,400.6,270.0,fixation
10:27:57.3333,401.6,269.9,fixation
10:27:57.3338,402.2,269.7,fixation
10:27:57.3343,401.3,269.7,fixation
10:27:57.3348,399.8,269.7,fixation
10:27:57.3353,399.8,270.0,fixation
10:27:57.3358,401.3,270.4,fixation
10:27:57.3363,402.8,269.2,fixation
10:27:57.3368,402.7,267.7,fixation
10:27:57.3373,402.5,267.0,fixation
10:27:57.3378,402.3,267.5,fixation
10:27:57.3383,401.8,267.8,fixation
10:27:57.3388,400.7,267.3,fixation
10:27:57.3393,400.0,267.0,fixation
10:27:57.3398,399.7,266.9,fixation
10:27:57.3403,399.8,266.9,fixation
10:27:57.3408,399.5,267.0,fixation
10:27:57.3413,400.2,267.2,fixation
10:27:57.3418,400.9,268.0,fixation
10:27:57.3423,401.3,268.4,fixation
10:27:57.3428,401.1,268.7,fixation
10:27:57.3433,401.1,268.4,fixation
10:27:57.3438,400.5,267.8,fixation
10:27:57.3443,399.7,267.6,fixation
10:27:57.3448,398.9,267.3,fixation
10:27:57.3453,399.4,267.8,fixation
10:27:57.3458,401.1,267.0,fixation
10:27:57.3463,402.7,266.3,fixation
10:27:57.3468,403.0,265.7,fixation
10:27:57.3473,400.4,265.8,fixation
10:27:57.3478,397.9,265.9,fixation
10:27:57.3483,396.5,266.0,fixation
10:27:57.3488,398.7,266.7,fixation
10:27:57.3493,400.7,267.3,fixation
10:27:57.3498,402.3,267.2,fixation
10:27:57.3503,401.6,266.7,fixation
10:27:57.3508,400.9,266.1,fixation
10:27:57.3513,400.3,265.7,fixation
10:27:57.3518,400.4,265.4,fixation
10:27:57.3523,400.8,264.9,fixation
10:27:57.3528,401.2,264.8,fixation
10:27:57.3533,401.5,264.7,fixation
10:27:57.3538,400.4,264.6,fixation
10:27:57.3543,399.2,263.7,fixation
10:27:57.3548,398.1,262.7,fixation
10:27:57.3553,400.0,263.1,fixation
10:27:57.3558,401.9,264.4,fixation
10:27:57.3563,403.3,265.7,fixation
10:27:57.3568,402.9,264.7,fixation
10:27:57.3573,402.4,263.7,fixation
10:27:57.3578,402.5,264.2,fixation
10:27:57.3583,402.6,265.2,fixation
10:27:57.3588,402.7,266.2,fixation
10:27:57.3593,400.4,266.8,fixation
10:27:57.3598,398.1,268.0,fixation
10:27:57.3603,396.8,268.8,fixation
10:27:57.3608,398.1,268.5,fixation
10:27:57.3613,399.2,268.3,fixation
10:27:57.3618,399.3,268.5,fixation
10:27:57.3623,400.8,268.4,fixation
10:27:57.3628,402.4,268.5,fixation
10:27:57.3633,403.8,268.5,fixation
10:27:57.3638,403.3,268.8,fixation
10:27:57.3643,402.7,269.3,fixation
10:27:57.3648,402.4,269.8,fixation
10:27:57.3653,401.7,270.5,fixation
10:27:57.3658,400.9,270.8,fixation
10:27:57.3663,400.2,271.4,fixation
10:27:57.3668,400.2,271.8,fixation
10:27:57.3673,398.7,272.0,fixation
10:27:57.3678,397.3,271.8,fixation
10:27:57.3683,399.0,270.7,fixation
10:27:57.3688,402.1,268.5,fixation
10:27:57.3693,405.8,266.4,fixation
10:27:57.3698,406.5,265.3,fixation
10:27:57.3703,405.2,265.3,fixation
10:27:57.3708,403.4,266.4,fixation
10:27:57.3713,400.9,267.6,fixation
10:27:57.3718,400.3,268.1,fixation
10:27:57.3723,400.6,267.4,fixation
10:27:57.3728,401.4,266.3,fixation
10:27:57.3733,402.3,264.4,fixation
10:27:57.3738,402.6,262.5,fixation
10:27:57.3743,403.7,261.6,fixation
10:27:57.3748,404.7,263.0,fixation
10:27:57.3753,405.6,264.4,fixation
10:27:57.3758,405.8,265.2,fixation
10:27:57.3763,406.0,265.4,fixation
10:27:57.3768,405.6,264.0,fixation
10:27:57.3773,403.8,262.5,fixation
10:27:57.3778,401.9,260.9,fixation
10:27:57.3783,400.0,260.8,fixation
10:27:57.3788,399.3,261.5,fixation
10:27:57.3793,399.5,262.9,fixation
10:27:57.3798,400.4,264.4,fixation
10:27:57.3803,400.8,265.1,fixation
10:27:57.3808,400.4,265.0,fixation
10:27:57.3813,401.0,265.3,fixation
10:27:57.3818,402.0,266.7,fixation
10:27:57.3823,402.8,267.5,fixation
10:27:57.3828,402.7,267.8,fixation
10:27:57.3833,402.2,267.1,fixation
10:27:57.3838,401.5,266.8,fixation
10:27:57.3843,400.9,265.8,fixation
10:27:57.3848,400.9,264.8,fixation
10:27:57.3853,401.3,263.8,fixation
10:27:57.3858,401.5,263.5,fixation
10:27:57.3863,401.7,262.5,fixation
10:27:57.3868,401.8,261.8,fixation
10:27:57.3873,401.9,263.0,fixation
10:27:57.3878,401.9,265.0,fixation
10:27:57.3883,400.3,266.9,fixation
10:27:57.3888,398.7,266.6,fixation
10:27:57.3893,397.4,265.5,fixation
10:27:57.3898,397.7,264.7,fixation
10:27:57.3903,398.2,264.4,fixation
10:27:57.3908,398.5,265.0,fixation
10:27:57.3913,398.8,265.5,fixation
10:27:57.3918,398.9,265.3,fixation
10:27:57.3923,399.0,265.1,fixation
10:27:57.3928,398.9,264.5,fixation
10:27:57.3933,398.6,264.1,fixation
10:27:57.3938,400.1,265.4,fixation
10:27:57.3943,401.8,267.1,fixation
10:27:57.3948,402.8,269.0,fixation
10:27:57.3953,402.4,269.6,fixation
10:27:57.3958,401.9,270.2,fixation
10:27:57.3963,401.9,270.3,fixation
10:27:57.3968,402.5,268.6,fixation
10:27:57.3973,403.2,266.9,fixation
10:27:57.3978,404.0,265.8,fixation
10:27:57.3983,403.9,266.5,fixation
10:27:57.3988,403.5,267.2,fixation
10:27:57.3993,402.3,268.1,fixation
10:27:57.3998,401.2,268.7,fixation
10:27:57.4003,400.3,268.6,fixation
10:27:57.4008,400.2,266.0,fixation
10:27:57.4013,401.6,263.6,fixation
10:27:57.4018,403.1,262.3,fixation
10:27:57.4023,405.4,262.5,fixation
10:27:57.4028,406.3,262.7,fixation
10:27:57.4033,405.9,261.8,fixation
10:27:57.4038,404.7,261.4,fixation
10:27:57.4043,403.5,261.5,fixation
10:27:57.4048,404.5,263.9,fixation
10:27:57.4053,405.5,266.4,fixation
10:27:57.4058,406.5,267.6,fixation
10:27:57.4063,406.3,265.5,fixation
10:27:57.4068,405.8,263.5,fixation
10:27:57.4073,404.3,262.2,fixation
10:27:57.4078,402.9,262.4,fixation
10:27:57.4083,401.9,262.5,fixation
10:27:57.4088,401.9,263.3,fixation
10:27:57.4093,402.2,264.0,fixation
10:27:57.4098,402.8,265.1,fixation
10:27:57.4103,403.4,265.4,fixation
10:27:57.4108,404.2,263.8,fixation
10:27:57.4113,404.7,261.7,fixation
10:27:57.4118,404.1,259.7,fixation
10:27:57.4123,403.0,260.0,fixation
10:27:57.4128,402.8,260.9,fixation
10:27:57.4133,403.7,262.4,fixation
10:27:57.4138,401.8,263.9,fixation
10:27:57.4143,399.1,264.9,fixation
10:27:57.4148,398.0,265.5,fixation
10:27:57.4153,399.7,265.9,fixation
10:27:57.4158,401.4,266.4,fixation
10:27:57.4163,401.6,266.9,fixation
10:27:57.4168,401.9,266.7,fixation
10:27:57.4173,401.8,266.4,fixation
10:27:57.4178,401.5,264.8,fixation
10:27:57.4183,401.2,263.4,fixation
10:27:57.4188,401.5,263.2,fixation
10:27:57.4193,401.9,264.4,fixation
10:27:57.4198,402.2,266.7,fixation
10:27:57.4203,402.0,267.9,fixation
10:27:57.4208,401.7,266.4,fixation
10:27:57.4213,402.6,263.2,fixation
10:27:57.4218,403.7,260.0,fixation
10:27:57.4223,404.7,260.3,fixation
10:27:57.4228,404.1,261.0,fixation
10:27:57.4233,403.2,262.1,fixation
10:27:57.4238,402.5,262.4,fixation
10:27:57.4243,402.3,263.3,fixation
10:27:57.4248,402.4,264.2,fixation
10:27:57.4253,402.6,265.2,fixation
10:27:57.4258,402.5,265.4,fixation
10:27:57.4263,402.1,265.2,fixation
10:27:57.4268,401.8,264.9,fixation
10:27:57.4273,402.2,264.6,fixation
10:27:57.4278,403.3,263.9,fixation
10:27:57.4283,403.5,263.0,fixation
10:27:57.4288,403.5,262.5,fixation
10:27:57.4293,403.3,262.7,fixation
10:27:57.4298,404.0,263.4,fixation
10:27:57.4303,404.9,263.9,fixation
10:27:57.4308,405.5,261.9,fixation
10:27:57.4313,405.6,259.8,fixation
10:27:57.4318,406.0,257.8,fixation
10:27:57.4323,407.2,259.2,fixation
10:27:57.4328,408.7,260.5,fixation
10:27:57.4333,409.1,261.6,fixation
10:27:57.4338,409.0,262.4,fixation
10:27:57.4343,408.8,263.2,fixation
10:27:57.4348,407.9,264.3,fixation
10:27:57.4353,406.5,264.7,fixation
10:27:57.4358,405.2,265.2,fixation
10:27:57.4363,405.0,265.6,fixation
10:27:57.4368,405.0,265.7,fixation
10:27:57.4373,404.9,265.7,fixation
10:27:57.4378,404.9,265.6,fixation
10:27:57.4383,404.9,265.8,fixation
10:27:57.4388,404.7,266.3,fixation
10:27:57.4393,404.2,266.8,fixation
10:27:57.4398,404.4,265.3,fixation
10:27:57.4403,404.7,263.4,fixation
10:27:57.4408,404.3,262.5,fixation
10:27:57.4413,403.0,263.4,fixation
10:27:57.4418,401.8,264.1,fixation
10:27:57.4423,401.7,264.6,fixation
10:27:57.4428,402.3,265.4,fixation
10:27:57.4433,402.9,266.1,fixation
10:27:57.4438,403.6,265.4,fixation
10:27:57.4443,404.4,263.8,fixation
10:27:57.4448,405.2,262.4,fixation
10:27:57.4453,405.9,261.3,fixation
10:27:57.4458,406.0,261.1,fixation
10:27:57.4463,407.0,260.8,fixation
10:27:57.4468,408.0,260.5,fixation
10:27:57.4473,410.2,260.5,fixation
10:27:57.4478,411.1,260.5,fixation
10:27:57.4483,411.8,260.0,fixation
10:27:57.4488,411.3,259.3,fixation
10:27:57.4493,410.4,258.6,fixation
10:27:57.4498,409.1,259.9,fixation
10:27:57.4503,407.5,261.3,fixation
10:27:57.4508,406.4,262.8,fixation
10:27:57.4513,406.9,262.7,fixation
10:27:57.4518,407.8,261.6,fixation
10:27:57.4523,408.7,260.4,fixation
10:27:57.4528,408.4,261.9,fixation
10:27:57.4533,406.9,264.5,fixation
10:27:57.4538,405.5,266.1,fixation
10:27:57.4543,404.4,266.0,fixation
10:27:57.4548,404.7,265.9,fixation
10:27:57.4553,404.9,267.0,fixation
10:27:57.4558,404.9,267.3,fixation
10:27:57.4563,404.7,267.8,fixation
10:27:57.4568,404.9,268.1,fixation
10:27:57.4573,405.1,267.3,fixation
10:27:57.4578,405.3,266.3,fixation
10:27:57.4583,405.6,265.2,fixation
10:27:57.4588,406.0,265.1,fixation
10:27:57.4593,406.5,265.1,fixation
10:27:57.4598,406.5,266.2,fixation
10:27:57.4603,406.6,267.3,fixation
10:27:57.4608,406.6,268.2,fixation
10:27:57.4613,406.7,267.5,fixation
10:27:57.4618,406.8,266.8,fixation
10:27:57.4623,406.9,266.4,fixation
10:27:57.4628,406.9,267.3,fixation
10:27:57.4633,407.1,268.4,fixation
10:27:57.4638,407.3,268.8,fixation
10:27:57.4643,407.6,266.4,fixation
10:27:57.4648,407.9,264.0,fixation
10:27:57.4653,408.1,263.2,fixation
10:27:57.4658,408.3,264.5,fixation
10:27:57.4663,409.2,265.9,fixation
10:27:57.4668,410.0,266.4,fixation
10:27:57.4673,410.7,266.6,fixation
10:27:57.4678,410.9,266.7,fixation
10:27:57.4683,411.2,267.6,fixation
10:27:57.4688,411.7,268.5,fixation
10:27:57.4693,411.8,269.2,fixation
10:27:57.4698,412.0,267.2,fixation
10:27:57.4703,412.0,265.2,fixation
10:27:57.4708,412.3,263.8,fixation
10:27:57.4713,412.6,264.2,fixation
10:27:57.4718,413.1,264.5,fixation
10:27:57.4723,413.2,264.2,fixation
10:27:57.4728,411.6,263.9,fixation
10:27:57.4733,410.1,263.6,fixation
10:27:57.4738,408.6,263.4,fixation
10:27:57.4743,408.8,263.3,fixation
10:27:57.4748,410.0,263.3,fixation
10:27:57.4753,411.1,263.5,fixation
10:27:57.4758,409.4,263.0,fixation
10:27:57.4763,406.7,262.3,fixation
10:27:57.4768,404.2,264.3,fixation
10:27:57.4773,405.2,267.0,fixation
10:27:57.4778,406.1,269.7,fixation
10:27:57.4783,406.9,269.8,fixation
10:27:57.4788,407.0,270.4,fixation
10:27:57.4793,406.9,270.9,fixation
10:27:57.4798,406.7,271.4,fixation
10:27:57.4803,406.5,270.6,fixation
10:27:57.4808,406.5,269.8,fixation
10:27:57.4813,406.0,268.1,fixation
10:27:57.4818,405.4,267.2,fixation
10:27:57.4823,405.2,265.9,fixation
10:27:57.4828,405.7,265.6,fixation
10:27:57.4833,405.8,266.3,fixation
10:27:57.4838,405.7,267.8,fixation
10:27:57.4843,404.8,269.2,fixation
10:27:57.4848,404.4,268.6,fixation
10:27:57.4853,405.0,266.7,fixation
10:27:57.4858,406.7,264.9,fixation
10:27:57.4863,408.5,264.5,fixation
10:27:57.4868,409.2,265.5,fixation
10:27:57.4873,409.2,266.1,fixation
10:27:57.4878,409.6,266.3,fixation
10:27:57.4883,410.0,266.1,fixation
10:27:57.4888,410.8,265.9,fixation
10:27:57.4893,411.1,265.7,fixation
10:27:57.4898,410.8,265.4,fixation
10:27:57.4903,410.1,265.5,fixation
10:27:57.4908,409.7,265.7,fixation
10:27:57.4913,410.1,266.4,fixation
10:27:57.4918,410.5,267.1,fixation
10:27:57.4923,410.7,266.8,fixation
10:27:57.4928,410.8,265.6,fixation
10:27:57.4933,411.0,264.4,fixation
10:27:57.4938,411.2,264.7,fixation
10:27:57.4943,410.2,265.3,fixation
10:27:57.4948,408.9,265.9,fixation
10:27:57.4953,407.7,266.3,fixation
10:27:57.4958,407.6,268.1,fixation
10:27:57.4963,407.5,270.0,fixation
10:27:57.4968,407.5,270.4,fixation
10:27:57.4973,408.0,269.4,fixation
10:27:57.4978,408.6,268.4,fixation
10:27:57.4983,407.8,268.1,fixation
10:27:57.4988,406.5,267.6,fixation
10:27:57.4993,406.6,267.1,fixation
10:27:57.4998,408.0,266.7,fixation
10:27:57.5003,409.1,266.5,fixation
10:27:57.5008,408.4,266.4,fixation
10:27:57.5013,407.0,266.5,fixation
10:27:57.5018,405.9,267.0,fixation
10:27:57.5023,405.3,267.4,fixation
10:27:57.5028,406.1,267.4,fixation
10:27:57.5033,407.1,266.0,fixation
10:27:57.5038,408.0,264.6,fixation
10:27:57.5043,408.1,263.6,fixation
10:27:57.5048,408.3,264.3,fixation
10:27:57.5053,408.5,264.7,fixation
10:27:57.5058,408.6,265.2,fixation
10:27:57.5063,408.8,265.0,fixation
10:27:57.5068,408.9,265.1,fixation
10:27:57.5073,409.9,265.7,fixation
10:27:57.5078,410.1,266.6,fixation
10:27:57.5083,410.2,269.1,fixation
10:27:57.5088,409.2,271.1,fixation
10:27:57.5093,408.8,272.8,fixation
10:27:57.5098,409.0,272.8,fixation
10:27:57.5103,409.6,272.8,fixation
10:27:57.5108,409.5,271.7,fixation
10:27:57.5113,408.7,269.8,fixation
10:27:57.5118,407.7,268.3,fixation
10:27:57.5123,407.4,268.0,fixation
10:27:57.5128,406.8,268.6,fixation
10:27:57.5133,406.3,268.8,fixation
10:27:57.5138,406.0,268.8,fixation
10:27:57.5143,406.1,268.5,fixation
10:27:57.5148,406.1,268.6,fixation
10:27:57.5153,406.5,269.0,fixation
10:27:57.5158,407.4,269.8,fixation
10:27:57.5163,408.3,270.4,fixation
10:27:57.5168,409.1,270.7,fixation
10:27:57.5173,409.4,270.7,fixation
10:27:57.5178,410.1,270.5,fixation
10:27:57.5183,410.6,270.5,fixation
10:27:57.5188,411.4,270.7,fixation
10:27:57.5193,411.7,270.8,fixation
10:27:57.5198,412.0,270.4,fixation
10:27:57.5203,411.7,270.0,fixation
10:27:57.5208,411.1,269.4,fixation
10:27:57.5213,410.6,269.1,fixation
10:27:57.5218,410.4,268.9,fixation
10:27:57.5223,410.1,269.5,fixation
10:27:57.5228,409.8,270.1,fixation
10:27:57.5233,410.6,270.8,fixation
10:27:57.5238,411.7,270.8,fixation
10:27:57.5243,413.0,270.9,fixation
10:27:57.5248,413.2,271.1,fixation
10:27:57.5253,413.5,271.0,fixation
10:27:57.5258,413.8,270.7,fixation
10:27:57.5263,414.1,270.3,fixation
10:27:57.5268,415.2,270.2,fixation
10:27:57.5273,415.6,270.0,fixation
10:27:57.5278,415.9,270.3,fixation
10:27:57.5283,415.5,270.5,fixation
10:27:57.5288,414.2,268.8,fixation
10:27:57.5293,413.4,266.8,fixation
10:27:57.5298,412.6,266.3,fixation
10:27:57.5303,413.1,267.8,fixation
10:27:57.5308,413.4,269.9,fixation
10:27:57.5313,413.7,270.6,fixation
10:27:57.5318,413.9,270.5,fixation
10:27:57.5323,413.7,268.2,fixation
10:27:57.5328,413.5,265.2,fixation
10:27:57.5333,413.4,262.7,fixation
10:27:57.5338,413.2,261.6,fixation
10:27:57.5343,413.0,265.0,fixation
10:27:57.5348,412.8,268.7,fixation
10:27:57.5353,412.2,270.0,fixation
10:27:57.5358,411.9,267.5,fixation
10:27:57.5363,411.6,265.0,fixation
10:27:57.5368,411.5,265.0,fixation
10:27:57.5373,411.2,265.6,fixation
10:27:57.5378,410.5,267.1,fixation
10:27:57.5383,410.0,269.0,fixation
10:27:57.5388,409.7,270.2,fixation
10:27:57.5393,409.9,270.6,fixation
10:27:57.5398,411.7,273.1,fixation
10:27:57.5403,413.3,275.5,fixation
10:27:57.5408,414.2,277.8,fixation
10:27:57.5413,413.6,275.6,fixation
10:27:57.5418,412.9,273.5,fixation
10:27:57.5423,412.9,271.6,fixation
10:27:57.5428,412.8,272.1,fixation
10:27:57.5433,412.0,272.5,fixation
10:27:57.5438,411.1,272.8,fixation
10:27:57.5443,410.1,272.4,fixation
10:27:57.5448,410.1,272.1,fixation
10:27:57.5453,410.2,273.2,fixation
10:27:57.5458,410.6,274.5,fixation
10:27:57.5463,410.9,273.0,fixation
10:27:57.5468,411.1,270.2,fixation
10:27:57.5473,412.7,267.6,fixation
10:27:57.5478,414.4,270.1,fixation
10:27:57.5483,416.0,272.5,fixation
10:27:57.5488,416.0,274.3,fixation
10:27:57.5493,416.1,273.6,fixation
10:27:57.5498,416.2,271.9,fixation
10:27:57.5503,416.3,270.7,fixation
10:27:57.5508,415.9,269.4,fixation
10:27:57.5513,415.7,270.4,fixation
10:27:57.5518,415.6,271.6,fixation
10:27:57.5523,416.3,272.8,fixation
10:27:57.5528,416.8,272.9,fixation
10:27:57.5533,416.6,272.9,fixation
10:27:57.5538,415.0,271.7,fixation
10:27:57.5543,413.4,270.5,fixation
10:27:57.5548,412.7,269.4,fixation
10:27:57.5553,413.2,269.5,fixation
10:27:57.5558,414.6,269.7,fixation
10:27:57.5563,418.6,269.4,saccade
10:27:57.5568,419.6,268.3,saccade
10:27:57.5573,418.8,267.3,saccade
10:27:57.5578,418.0,267.1,saccade
10:27:57.5583,419.0,268.0,saccade
10:27:57.5588,420.8,268.4,saccade
10:27:57.5593,422.7,267.7,saccade
10:27:57.5598,424.4,266.8,saccade
10:27:57.5603,426.1,268.0,saccade
10:27:57.5608,427.8,270.0,saccade
10:27:57.5613,430.5,272.0,saccade
10:27:57.5618,433.5,272.3,saccade
10:27:57.5623,436.5,272.0,saccade
10:27:57.5628,436.5,271.0,saccade
10:27:57.5633,436.3,270.0,saccade
10:27:57.5638,437.8,269.6,saccade
10:27:57.5643,439.5,269.9,saccade
10:27:57.5648,441.1,270.3,saccade
10:27:57.5653,443.6,269.9,saccade
10:27:57.5658,446.0,268.2,saccade
10:27:57.5663,448.5,265.3,saccade
10:27:57.5668,448.4,262.6,saccade
10:27:57.5673,448.8,261.0,saccade
10:27:57.5678,449.3,260.5,saccade
10:27:57.5683,449.8,260.0,saccade
10:27:57.5688,449.8,258.8,saccade
10:27:57.5693,449.8,258.1,saccade
10:27:57.5698,451.3,258.5,saccade
10:27:57.5703,454.4,261.6,saccade
10:27:57.5708,457.4,263.8,fixation
10:27:57.5713,455.7,261.4,fixation
10:27:57.5718,453.7,259.6,fixation
10:27:57.5723,453.1,260.5,fixation
10:27:57.5728,452.5,261.4,fixation
10:27:57.5733,451.8,260.2,fixation
10:27:57.5738,451.1,258.7,fixation
10:27:57.5743,450.4,259.0,fixation
10:27:57.5748,449.5,260.9,fixation
10:27:57.5753,448.9,262.1,fixation
10:27:57.5758,448.4,261.5,fixation
10:27:57.5763,448.3,260.9,fixation
10:27:57.5768,448.3,260.8,fixation
10:27:57.5773,448.2,260.9,fixation
10:27:57.5778,448.3,261.4,fixation
10:27:57.5783,448.5,263.4,fixation
10:27:57.5788,447.5,265.3,fixation
10:27:57.5793,446.3,267.0,fixation
10:27:57.5798,446.2,266.1,fixation
10:27:57.5803,447.2,265.2,fixation
10:27:57.5808,447.7,264.5,fixation
10:27:57.5813,447.2,264.8,fixation
10:27:57.5818,446.9,264.6,fixation
10:27:57.5823,447.1,264.9,fixation
10:27:57.5828,446.4,265.2,fixation
10:27:57.5833,445.6,264.7,fixation
10:27:57.5838,444.5,263.4,fixation
10:27:57.5843,444.0,262.4,fixation
10:27:57.5848,443.4,262.6,fixation
10:27:57.5853,443.0,262.8,fixation
10:27:57.5858,442.9,262.9,fixation
10:27:57.5863,443.7,262.8,fixation
10:27:57.5868,445.4,262.7,fixation
10:27:57.5873,446.9,262.6,fixation
10:27:57.5878,447.5,262.6,fixation
10:27:57.5883,447.2,262.7,fixation
10:27:57.5888,446.4,262.8,fixation
10:27:57.5893,445.7,261.4,fixation
10:27:57.5898,444.6,259.9,fixation
10:27:57.5903,444.2,258.3,fixation
10:27:57.5908,444.4,258.2,fixation
10:27:57.5913,445.4,260.1,fixation
10:27:57.5918,446.3,262.0,fixation
10:27:57.5923,446.6,263.9,fixation
10:27:57.5928,447.2,263.8,fixation
10:27:57.5933,448.6,263.8,fixation
10:27:57.5938,450.1,263.9,fixation
10:27:57.5943,450.8,263.8,fixation
10:27:57.5948,450.8,262.0,fixation
10:27:57.5953,450.8,260.1,fixation
10:27:57.5958,450.4,258.9,fixation
10:27:57.5963,449.4,259.4,fixation
10:27:57.5968,448.4,259.4,fixation
10:27:57.5973,448.3,258.9,fixation
10:27:57.5978,448.7,261.4,fixation
10:27:57.5983,448.8,264.6,fixation
10:27:57.5988,448.4,267.9,fixation
10:27:57.5993,447.8,268.0,fixation
10:27:57.5998,447.6,267.7,fixation
10:27:57.6003,447.6,267.2,fixation
10:27:57.6008,447.9,265.8,fixation
10:27:57.6013,448.1,265.2,fixation
10:27:57.6018,448.0,264.7,fixation
10:27:57.6023,448.3,265.2,fixation
10:27:57.6028,449.1,265.5,fixation
10:27:57.6033,449.6,264.5,fixation
10:27:57.6038,449.8,263.5,fixation
10:27:57.6043,450.2,265.0,fixation
10:27:57.6048,450.8,267.6,fixation
10:27:57.6053,451.5,269.5,fixation
10:27:57.6058,451.8,269.5,fixation
10:27:57.6063,452.1,269.6,fixation
10:27:57.6068,452.0,270.2,fixation
10:27:57.6073,452.0,269.9,fixation
10:27:57.6078,450.6,269.4,fixation
10:27:57.6083,448.0,268.7,fixation
10:27:57.6088,445.3,269.0,fixation
10:27:57.6093,444.0,270.1,fixation
10:27:57.6098,444.0,271.1,fixation
10:27:57.6103,444.0,271.0,fixation
10:27:57.6108,443.9,270.0,fixation
10:27:57.6113,443.8,266.8,fixation
10:27:57.6118,443.6,264.1,fixation
10:27:57.6123,443.4,264.0,fixation
10:27:57.6128,443.3,266.2,fixation
10:27:57.6133,445.1,269.2,fixation
10:27:57.6138,446.9,270.0,fixation
10:27:57.6143,448.7,270.4,fixation
10:27:57.6148,448.2,269.7,fixation
10:27:57.6153,447.2,269.1,fixation
10:27:57.6158,445.6,268.3,fixation
10:27:57.6163,444.4,267.7,fixation
10:27:57.6168,443.6,267.9,fixation
10:27:57.6173,444.7,268.1,fixation
10:27:57.6178,445.8,267.9,fixation
10:27:57.6183,447.4,267.0,fixation
10:27:57.6188,447.8,266.6,fixation
10:27:57.6193,446.8,266.6,fixation
10:27:57.6198,445.4,266.0,fixation
10:27:57.6203,445.0,265.6,fixation
10:27:57.6208,445.9,265.4,fixation
10:27:57.6213,446.8,266.0,fixation
10:27:57.6218,446.7,266.6,fixation
10:27:57.6223,446.4,266.9,fixation
10:27:57.6228,446.2,266.8,fixation
10:27:57.6233,446.2,266.8,fixation
10:27:57.6238,446.6,266.7,fixation
10:27:57.6243,446.9,266.2,fixation
10:27:57.6248,447.0,265.6,fixation
10:27:57.6253,445.6,264.7,fixation
10:27:57.6258,444.1,264.1,fixation
10:27:57.6263,442.9,263.5,fixation
10:27:57.6268,443.0,263.2,fixation
10:27:57.6273,442.6,263.0,fixation
10:27:57.6278,442.2,262.7,fixation
10:27:57.6283,442.8,262.7,fixation
10:27:57.6288,444.4,262.7,fixation
10:27:57.6293,445.9,262.8,fixation
10:27:57.6298,446.4,263.9,fixation
10:27:57.6303,446.3,265.1,fixation
10:27:57.6308,446.1,266.2,fixation
10:27:57.6313,446.0,264.8,fixation
10:27:57.6318,445.9,263.3,fixation
10:27:57.6323,444.7,262.0,fixation
10:27:57.6328,443.5,262.6,fixation
10:27:57.6333,444.0,263.3,fixation
10:27:57.6338,445.7,265.8,fixation
10:27:57.6343,447.4,267.2,fixation
10:27:57.6348,447.0,268.4,fixation
10:27:57.6353,446.5,267.9,fixation
10:27:57.6358,446.6,268.1,fixation
10:27:57.6363,447.2,268.0,fixation
10:27:57.6368,447.7,267.7,fixation
10:27:57.6373,447.7,267.5,fixation
10:27:57.6378,447.6,266.7,fixation
10:27:57.6383,447.5,265.9,fixation
10:27:57.6388,447.0,265.9,fixation
10:27:57.6393,445.5,266.6,fixation
10:27:57.6398,444.1,267.5,fixation
10:27:57.6403,443.1,267.5,fixation
10:27:57.6408,443.0,267.8,fixation
10:27:57.6413,442.9,268.0,fixation
10:27:57.6418,443.5,268.9,fixation
10:27:57.6423,444.1,270.2,fixation
10:27:57.6428,444.5,271.4,fixation
10:27:57.6433,443.2,271.2,fixation
10:27:57.6438,442.1,270.4,fixation
10:27:57.6443,441.1,268.9,fixation
10:27:57.6448,441.1,268.1,fixation
10:27:57.6453,441.6,267.3,fixation
10:27:57.6458,442.3,268.9,fixation
10:27:57.6463,443.1,270.5,fixation
10:27:57.6468,443.4,272.0,fixation
10:27:57.6473,443.4,272.0,fixation
10:27:57.6478,443.5,272.1,fixation
10:27:57.6483,443.7,272.4,fixation
10:27:57.6488,444.5,272.7,fixation
10:27:57.6493,445.2,272.4,fixation
10:27:57.6498,445.3,271.7,fixation
10:27:57.6503,444.8,269.7,fixation
10:27:57.6508,444.4,268.1,fixation
10:27:57.6513,445.3,267.3,fixation
10:27:57.6518,446.2,267.7,fixation
10:27:57.6523,447.1,267.6,fixation
10:27:57.6528,446.4,267.1,fixation
10:27:57.6533,445.8,266.8,fixation
10:27:57.6538,445.7,266.9,fixation
10:27:57.6543,446.4,266.9,fixation
10:27:57.6548,446.6,266.8,fixation
10:27:57.6553,446.9,266.6,fixation
10:27:57.6558,447.0,266.5,fixation
10:27:57.6563,447.3,266.6,fixation
10:27:57.6568,446.7,266.7,fixation
10:27:57.6573,446.2,266.9,fixation
10:27:57.6578,445.7,267.6,fixation
10:27:57.6583,445.2,268.2,fixation
10:27:57.6588,444.7,269.3,fixation
10:27:57.6593,444.6,269.7,fixation
10:27:57.6598,444.8,268.4,fixation
10:27:57.6603,445.0,266.6,fixation
10:27:57.6608,445.1,264.8,fixation
10:27:57.6613,446.4,264.9,fixation
10:27:57.6618,447.6,265.2,fixation
10:27:57.6623,448.0,267.6,fixation
10:27:57.6628,447.2,269.8,fixation
10:27:57.6633,446.2,272.4,fixation
10:27:57.6638,445.5,272.9,fixation
10:27:57.6643,444.8,271.6,fixation
10:27:57.6648,444.0,269.9,fixation
10:27:57.6653,443.9,268.1,fixation
10:27:57.6658,443.7,268.2,fixation
10:27:57.6663,443.6,268.2,fixation
10:27:57.6668,443.6,267.8,fixation
10:27:57.6673,443.8,267.0,fixation
10:27:57.6678,444.1,265.5,fixation
10:27:57.6683,444.3,264.4,fixation
10:27:57.6688,444.4,263.5,fixation
10:27:57.6693,444.6,263.2,fixation
10:27:57.6698,444.7,263.8,fixation
10:27:57.6703,444.9,265.6,fixation
10:27:57.6708,445.1,269.0,fixation
10:27:57.6713,446.8,271.5,fixation
10:27:57.6718,448.3,273.1,fixation
10:27:57.6723,449.7,273.7,fixation
10:27:57.6728,449.5,273.3,fixation
10:27:57.6733,447.3,272.8,fixation
10:27:57.6738,445.3,271.1,fixation
10:27:57.6743,443.1,270.4,fixation
10:27:57.6748,442.9,269.7,fixation
10:27:57.6753,443.2,269.8,fixation
10:27:57.6758,443.6,270.0,fixation
10:27:57.6763,444.1,271.0,fixation
10:27:57.6768,444.2,272.0,fixation
10:27:57.6773,444.2,271.8,fixation
10:27:57.6778,445.2,270.6,fixation
10:27:57.6783,446.1,269.1,fixation
10:27:57.6788,446.6,269.6,fixation
10:27:57.6793,445.7,270.1,fixation
10:27:57.6798,444.3,270.9,fixation
10:27:57.6803,443.4,270.9,fixation
10:27:57.6808,443.0,271.0,fixation
10:27:57.6813,442.9,269.0,fixation
10:27:57.6818,442.0,266.8,fixation
10:27:57.6823,441.3,266.0,fixation
10:27:57.6828,440.5,267.2,fixation
10:27:57.6833,441.0,268.5,fixation
10:27:57.6838,441.4,268.5,fixation
10:27:57.6843,442.2,268.1,fixation
10:27:57.6848,442.6,267.1,fixation
10:27:57.6853,443.2,265.5,fixation
10:27:57.6858,443.7,264.4,fixation
10:27:57.6863,444.2,265.6,fixation
10:27:57.6868,444.5,267.4,fixation
10:27:57.6873,444.0,267.9,fixation
10:27:57.6878,443.7,266.6,fixation
10:27:57.6883,443.4,265.3,fixation
10:27:57.6888,443.9,265.3,fixation
10:27:57.6893,444.1,265.0,fixation
10:27:57.6898,444.3,264.7,fixation
10:27:57.6903,445.0,265.6,fixation
10:27:57.6908,446.2,268.2,fixation
10:27:57.6913,447.3,270.5,fixation
10:27:57.6918,447.4,271.4,fixation
10:27:57.6923,444.9,269.9,fixation
10:27:57.6928,442.5,268.7,fixation
10:27:57.6933,442.9,268.8,fixation
10:27:57.6938,445.5,269.7,fixation
10:27:57.6943,448.0,270.4,fixation
10:27:57.6948,447.9,270.0,fixation
10:27:57.6953,447.9,270.1,fixation
10:27:57.6958,448.6,270.6,fixation
10:27:57.6963,449.4,271.2,fixation
10:27:57.6968,449.1,271.4,fixation
10:27:57.6973,447.8,271.5,fixation
10:27:57.6978,446.1,270.8,fixation
10:27:57.6983,446.0,270.2,fixation
10:27:57.6988,446.5,270.0,fixation
10:27:57.6993,447.4,270.9,fixation
10:27:57.6998,447.6,271.8,fixation
10:27:57.7003,447.4,271.7,fixation
10:27:57.7008,447.1,271.2,fixation
10:27:57.7013,447.0,270.7,fixation
10:27:57.7018,446.4,270.7,fixation
10:27:57.7023,445.9,270.6,fixation
10:27:57.7028,447.1,270.7,fixation
10:27:57.7033,448.5,270.6,fixation
10:27:57.7038,449.5,270.6,fixation
10:27:57.7043,447.9,270.6,fixation
10:27:57.7048,446.4,270.7,fixation
10:27:57.7053,445.5,270.8,fixation
10:27:57.7058,445.8,271.3,fixation
10:27:57.7063,447.2,271.8,fixation
10:27:57.7068,448.5,269.5,fixation
10:27:57.7073,449.5,266.2,fixation
10:27:57.7078,449.3,263.5,fixation
10:27:57.7083,450.2,264.2,fixation
10:27:57.7088,452.2,268.0,fixation
10:27:57.7093,454.2,271.1,fixation
10:27:57.7098,455.0,273.4,fixation
10:27:57.7103,454.5,273.3,fixation
10:27:57.7108,451.9,273.8,fixation
10:27:57.7113,449.5,274.1,fixation
10:27:57.7118,447.7,274.4,fixation
10:27:57.7123,448.5,272.5,fixation
10:27:57.7128,449.3,270.8,fixation
10:27:57.7133,448.1,269.1,fixation
10:27:57.7138,446.5,269.1,fixation
10:27:57.7143,446.1,269.2,fixation
10:27:57.7148,447.2,269.6,fixation
10:27:57.7153,446.6,269.9,fixation
10:27:57.7158,445.0,270.7,fixation
10:27:57.7163,443.8,271.4,fixation
10:27:57.7168,444.4,272.3,fixation
10:27:57.7173,445.0,272.5,fixation
10:27:57.7178,445.2,271.7,fixation
10:27:57.7183,444.6,270.8,fixation
10:27:57.7188,444.1,270.2,fixation
10:27:57.7193,446.0,270.2,fixation
10:27:57.7198,448.3,270.0,fixation
10:27:57.7203,450.5,269.4,fixation
10:27:57.7208,450.0,269.0,fixation
10:27:57.7213,447.4,268.8,fixation
10:27:57.7218,444.9,268.9,fixation
10:27:57.7223,443.1,269.6,fixation
10:27:57.7228,443.8,270.8,fixation
10:27:57.7233,444.7,271.9,fixation
10:27:57.7238,445.5,272.4,fixation
10:27:57.7243,446.0,272.5,fixation
10:27:57.7248,446.8,273.5,fixation
10:27:57.7253,447.4,275.6,fixation
10:27:57.7258,448.1,277.6,fixation
10:27:57.7263,448.2,276.2,fixation
10:27:57.7268,448.3,273.8,fixation
10:27:57.7273,446.3,271.3,fixation
10:27:57.7278,444.2,271.2,fixation
10:27:57.7283,442.1,271.2,fixation
10:27:57.7288,442.0,269.9,fixation
10:27:57.7293,443.9,268.7,fixation
10:27:57.7298,445.8,267.2,fixation
10:27:57.7303,448.2,267.0,fixation
10:27:57.7308,448.4,268.4,fixation
10:27:57.7313,448.5,270.1,fixation
10:27:57.7318,448.1,272.5,fixation
10:27:57.7323,447.9,273.1,fixation
10:27:57.7328,447.9,273.5,fixation
10:27:57.7333,449.5,273.4,fixation
10:27:57.7338,450.7,273.2,fixation
10:27:57.7343,452.0,273.2,fixation
10:27:57.7348,451.7,273.2,fixation
10:27:57.7353,451.3,273.3,fixation
10:27:57.7358,451.0,272.1,fixation
10:27:57.7363,450.4,270.8,fixation
10:27:57.7368,449.8,269.4,fixation
10:27:57.7373,449.1,269.1,fixation
10:27:57.7378,449.4,268.7,fixation
10:27:57.7383,450.4,268.4,fixation
10:27:57.7388,451.3,268.8,fixation
10:27:57.7393,451.6,269.3,fixation
10:27:57.7398,451.6,269.9,fixation
10:27:57.7403,451.4,270.5,fixation
10:27:57.7408,450.4,270.7,fixation
10:27:57.7413,449.4,270.9,fixation
10:27:57.7418,448.0,270.3,fixation
10:27:57.7423,447.2,269.7,fixation
10:27:57.7428,446.3,269.0,fixation
10:27:57.7433,446.4,268.7,fixation
10:27:57.7438,447.7,268.7,fixation
10:27:57.7443,449.2,270.5,fixation
10:27:57.7448,450.0,271.9,fixation
10:27:57.7453,450.3,273.4,fixation
10:27:57.7458,450.4,273.1,fixation
10:27:57.7463,449.6,273.4,fixation
10:27:57.7468,448.7,273.7,fixation
10:27:57.7473,449.1,273.9,fixation
10:27:57.7478,450.5,273.3,fixation
10:27:57.7483,451.6,272.4,fixation
10:27:57.7488,451.4,271.9,fixation
10:27:57.7493,451.2,272.3,fixation
10:27:57.7498,451.4,272.0,fixation
10:27:57.7503,451.1,270.1,fixation
10:27:57.7508,451.0,268.2,fixation
10:27:57.7513,451.0,268.4,fixation
10:27:57.7518,452.1,271.2,fixation
10:27:57.7523,453.0,274.0,fixation
10:27:57.7528,451.4,272.7,fixation
10:27:57.7533,449.0,269.9,fixation
10:27:57.7538,446.7,267.1,fixation
10:27:57.7543,446.8,267.4,fixation
10:27:57.7548,446.9,268.0,fixation
10:27:57.7553,446.9,269.3,fixation
10:27:57.7558,447.0,270.5,fixation
10:27:57.7563,446.7,271.5,fixation
10:27:57.7568,446.4,272.4,fixation
10:27:57.7573,445.4,273.1,fixation
10:27:57.7578,444.9,272.2,fixation
10:27:57.7583,444.1,270.3,fixation
10:27:57.7588,444.0,268.5,fixation
10:27:57.7593,445.1,268.5,fixation
10:27:57.7598,446.5,268.7,fixation
10:27:57.7603,448.1,268.6,fixation
10:27:57.7608,448.8,268.4,fixation
10:27:57.7613,449.4,268.1,fixation
10:27:57.7618,447.8,268.0,fixation
10:27:57.7623,445.9,268.1,fixation
10:27:57.7628,443.9,269.0,fixation
10:27:57.7633,444.1,269.9,fixation
10:27:57.7638,444.5,270.8,fixation
10:27:57.7643,445.1,271.3,fixation
10:27:57.7648,445.8,272.3,fixation
10:27:57.7653,446.6,273.2,fixation
10:27:57.7658,447.0,272.0,fixation
10:27:57.7663,447.1,270.4,fixation
10:27:57.7668,449.1,269.4,fixation
10:27:57.7673,451.2,270.3,fixation
10:27:57.7678,453.6,271.9,fixation
10:27:57.7683,453.9,272.8,fixation
10:27:57.7688,453.6,273.3,fixation
10:27:57.7693,452.5,273.1,fixation
10:27:57.7698,451.5,273.2,fixation
10:27:57.7703,450.9,273.6,fixation
10:27:57.7708,450.9,273.8,fixation
10:27:57.7713,450.5,273.7,fixation
10:27:57.7718,449.8,273.4,fixation
10:27:57.7723,449.2,272.5,fixation
10:27:57.7728,450.0,270.9,fixation
10:27:57.7733,450.0,269.4,fixation
10:27:57.7738,450.2,268.9,fixation
10:27:57.7743,449.4,269.2,fixation
10:27:57.7748,449.7,268.9,fixation
10:27:57.7753,449.7,267.7,fixation
10:27:57.7758,449.6,266.5,fixation
10:27:57.7763,449.5,266.1,fixation
10:27:57.7768,449.5,266.6,fixation
10:27:57.7773,449.5,267.2,fixation
10:27:57.7778,449.9,267.2,fixation
10:27:57.7783,450.8,266.9,fixation
10:27:57.7788,451.6,266.8,fixation
10:27:57.7793,452.0,267.3,fixation
10:27:57.7798,451.9,267.9,fixation
10:27:57.7803,451.9,268.9,fixation
10:27:57.7808,452.0,269.9,fixation
10:27:57.7813,452.4,269.6,fixation
10:27:57.7818,452.8,268.5,fixation
10:27:57.7823,451.3,267.2,fixation
10:27:57.7828,448.9,266.9,fixation
10:27:57.7833,446.5,266.6,fixation
10:27:57.7838,445.8,266.7,fixation
10:27:57.7843,445.7,268.7,fixation
10:27:57.7848,445.5,270.6,fixation
10:27:57.7853,446.4,272.1,fixation
10:27:57.7858,448.1,272.1,fixation
10:27:57.7863,449.7,272.1,fixation
10:27:57.7868,449.4,272.0,fixation
10:27:57.7873,448.2,271.8,fixation
10:27:57.7878,446.9,269.7,fixation
10:27:57.7883,446.8,267.9,fixation
10:27:57.7888,447.8,267.8,fixation
10:27:57.7893,449.2,269.4,fixation
10:27:57.7898,450.7,269.1,fixation
10:27:57.7903,451.1,267.2,fixation
10:27:57.7908,451.4,266.2,fixation
10:27:57.7913,451.5,267.1,fixation
10:27:57.7918,452.8,268.6,fixation
10:27:57.7923,454.0,270.8,fixation
10:27:57.7928,455.3,273.0,fixation
10:27:57.7933,452.8,272.8,fixation
10:27:57.7938,450.3,271.1,fixation
10:27:57.7943,448.3,269.7,fixation
10:27:57.7948,448.8,270.6,fixation
10:27:57.7953,449.3,272.2,fixation
10:27:57.7958,449.1,274.7,fixation
10:27:57.7963,448.9,276.7,fixation
10:27:57.7968,448.6,276.8,fixation
10:27:57.7973,448.5,276.2,fixation
10:27:57.7978,448.4,275.5,fixation
10:27:57.7983,448.4,275.8,fixation
10:27:57.7988,448.4,275.7,fixation
10:27:57.7993,448.6,274.5,fixation
10:27:57.7998,449.5,273.2,fixation
10:27:57.8003,450.4,272.2,fixation
10:27:57.8008,450.7,272.5,fixation
10:27:57.8013,450.4,273.0,fixation
10:27:57.8018,449.0,273.2,fixation
10:27:57.8023,447.8,271.1,fixation
10:27:57.8028,447.9,269.0,fixation
10:27:57.8033,449.2,266.7,fixation
10:27:57.8038,450.5,266.6,fixation
10:27:57.8043,450.0,267.3,fixation
10:27:57.8048,448.8,268.1,fixation
10:27:57.8053,447.7,268.9,fixation
10:27:57.8058,448.9,269.0,fixation
10:27:57.8063,450.7,269.1,fixation
10:27:57.8068,451.6,268.9,fixation
10:27:57.8073,450.8,268.6,fixation
10:27:57.8078,450.0,268.5,fixation
10:27:57.8083,450.1,268.8,fixation
10:27:57.8088,450.2,270.3,fixation
10:27:57.8093,450.4,271.6,fixation
10:27:57.8098,450.6,274.9,fixation
10:27:57.8103,449.8,276.9,fixation
10:27:57.8108,449.3,276.3,fixation
10:27:57.8113,448.9,272.6,fixation
10:27:57.8118,448.3,268.9,fixation
10:27:57.8123,447.2,268.4,fixation
10:27:57.8128,446.1,269.3,fixation
10:27:57.8133,446.6,270.7,fixation
10:27:57.8138,448.6,273.0,fixation
10:27:57.8143,450.7,274.8,fixation
10:27:57.8148,450.1,275.8,fixation
10:27:57.8153,447.9,274.7,fixation
10:27:57.8158,445.8,273.6,fixation
10:27:57.8163,445.9,273.1,fixation
10:27:57.8168,446.0,273.6,fixation
10:27:57.8173,446.0,273.9,fixation
10:27:57.8178,446.3,273.9,fixation
10:27:57.8183,446.5,273.6,fixation
10:27:57.8188,446.9,273.4,fixation
10:27:57.8193,447.2,273.3,fixation
10:27:57.8198,446.8,273.4,fixation
10:27:57.8203,446.2,273.6,fixation
10:27:57.8208,444.7,273.7,fixation
10:27:57.8213,443.2,272.5,fixation
10:27:57.8218,441.7,271.2,fixation
10:27:57.8223,442.7,271.2,fixation
10:27:57.8228,445.6,272.5,fixation
10:27:57.8233,449.6,274.1,fixation
10:27:57.8238,451.8,274.5,fixation
10:27:57.8243,453.0,272.4,fixation
10:27:57.8248,452.7,270.0,fixation
10:27:57.8253,451.9,267.6,fixation
10:27:57.8258,450.7,267.5,fixation
10:27:57.8263,449.8,267.6,fixation
10:27:57.8268,449.2,267.8,fixation
10:27:57.8273,449.1,267.3,fixation
10:27:57.8278,448.5,266.5,fixation
10:27:57.8283,447.8,266.0,fixation
10:27:57.8288,447.1,266.7,fixation
10:27:57.8293,448.9,267.9,fixation
10:27:57.8298,450.6,268.8,fixation
10:27:57.8303,452.0,269.4,fixation
10:27:57.8308,450.6,269.5,fixation
10:27:57.8313,449.4,271.1,fixation
10:27:57.8318,448.7,273.1,fixation
10:27:57.8323,449.0,275.1,fixation
10:27:57.8328,448.4,275.6,fixation
10:27:57.8333,447.5,275.8,fixation
10:27:57.8338,446.7,274.2,fixation
10:27:57.8343,446.8,272.3,fixation
10:27:57.8348,446.9,270.4,fixation
10:27:57.8353,447.2,270.3,fixation
10:27:57.8358,447.4,271.8,fixation
10:27:57.8363,447.4,273.5,fixation
10:27:57.8368,449.3,275.2,fixation
10:27:57.8373,451.5,274.5,fixation
10:27:57.8378,453.7,273.7,fixation
10:27:57.8383,452.1,273.1,fixation
10:27:57.8388,450.0,273.4,fixation
10:27:57.8393,448.0,273.7,fixation
10:27:57.8398,448.6,274.2,fixation
10:27:57.8403,448.8,274.7,fixation
10:27:57.8408,449.0,275.0,fixation
10:27:57.8413,447.9,274.9,fixation
10:27:57.8418,447.5,275.0,fixation
10:27:57.8423,447.0,275.3,fixation
10:27:57.8428,447.0,275.6,fixation
10:27:57.8433,447.0,274.1,fixation
10:27:57.8438,447.6,272.7,fixation
10:27:57.8443,449.0,273.5,fixation
10:27:57.8448,450.4,275.8,fixation
10:27:57.8453,451.3,277.3,fixation
10:27:57.8458,451.5,276.7,fixation
10:27:57.8463,451.7,276.2,fixation
10:27:57.8468,451.6,276.4,fixation
10:27:57.8473,450.4,275.5,fixation
10:27:57.8478,447.7,274.5,fixation
10:27:57.8483,444.2,273.4,fixation
10:27:57.8488,441.8,273.7,fixation
10:27:57.8493,444.3,274.2,fixation
10:27:57.8498,447.5,274.4,fixation
10:27:57.8503,450.2,273.7,fixation
10:27:57.8508,446.6,272.7,fixation
10:27:57.8513,443.0,272.6,fixation
10:27:57.8518,442.3,273.1,fixation
10:27:57.8523,444.6,273.7,fixation
10:27:57.8528,447.3,273.6,fixation
10:27:57.8533,447.6,271.9,fixation
10:27:57.8538,448.2,270.3,fixation
10:27:57.8543,448.6,269.4,fixation
10:27:57.8548,448.7,270.5,fixation
10:27:57.8553,448.3,272.5,fixation
10:27:57.8558,447.9,273.9,fixation
10:27:57.8563,447.6,274.9,fixation
10:27:57.8568,447.5,275.0,fixation
10:27:57.8573,447.6,275.1,fixation
10:27:57.8578,447.8,273.8,fixation
10:27:57.8583,448.0,272.5,fixation
10:27:57.8588,447.5,271.2,fixation
10:27:57.8593,446.4,272.6,fixation
10:27:57.8598,445.1,274.1,fixation
10:27:57.8603,444.3,273.6,fixation
10:27:57.8608,444.5,271.6,fixation
10:27:57.8613,444.8,269.5,fixation
10:27:57.8618,445.1,269.3,fixation
10:27:57.8623,443.6,270.5,fixation
10:27:57.8628,442.1,271.8,fixation
10:27:57.8633,442.5,273.2,fixation
10:27:57.8638,445.3,274.5,fixation
10:27:57.8643,448.2,275.7,fixation
10:27:57.8648,449.4,276.9,fixation
10:27:57.8653,449.2,273.4,fixation
10:27:57.8658,449.1,269.9,fixation
10:27:57.8663,449.3,268.2,fixation
10:27:57.8668,449.7,270.1,fixation
10:27:57.8673,449.0,272.0,fixation
10:27:57.8678,448.3,272.1,fixation
10:27:57.8683,447.8,272.2,fixation
10:27:57.8688,448.2,272.3,fixation
10:27:57.8693,447.9,272.4,fixation
10:27:57.8698,447.5,272.5,fixation
10:27:57.8703,447.1,272.4,fixation
10:27:57.8708,447.1,275.3,fixation
10:27:57.8713,446.9,278.3,fixation
10:27:57.8718,446.5,280.3,fixation
10:27:57.8723,443.6,279.2,fixation
10:27:57.8728,440.9,278.0,fixation
10:27:57.8733,440.2,276.9,fixation
10:27:57.8738,441.8,275.6,fixation
10:27:57.8743,442.3,273.8,fixation
10:27:57.8748,441.1,272.4,fixation
10:27:57.8753,440.9,271.5,fixation
10:27:57.8758,442.5,274.6,fixation
10:27:57.8763,444.2,278.1,fixation
10:27:57.8768,444.8,278.8,fixation
10:27:57.8773,444.7,276.7,fixation
10:27:57.8778,443.7,275.3,fixation
10:27:57.8783,442.7,276.6,fixation
10:27:57.8788,442.6,277.2,fixation
10:27:57.8793,443.2,277.2,fixation
10:27:57.8798,443.3,277.7,fixation
10:27:57.8803,442.6,278.2,fixation
10:27:57.8808,441.8,276.9,fixation
10:27:57.8813,441.5,274.5,fixation
10:27:57.8818,441.3,271.0,fixation
10:27:57.8823,441.4,269.2,fixation
10:27:57.8828,441.4,270.2,fixation
10:27:57.8833,441.5,272.8,fixation
10:27:57.8838,442.3,275.8,fixation
10:27:57.8843,443.1,276.6,fixation
10:27:57.8848,443.5,277.3,fixation
10:27:57.8853,443.3,277.5,fixation
10:27:57.8858,442.9,277.5,fixation
10:27:57.8863,442.7,277.0,fixation
10:27:57.8868,442.6,276.4,fixation
10:27:57.8873,442.0,275.9,fixation
10:27:57.8878,441.4,275.7,fixation
10:27:57.8883,441.6,275.9,fixation
10:27:57.8888,442.4,276.3,fixation
10:27:57.8893,443.4,277.1,fixation
10:27:57.8898,443.5,277.4,fixation
10:27:57.8903,442.8,275.9,fixation
10:27:57.8908,441.7,274.2,fixation
10:27:57.8913,440.6,271.8,fixation
10:27:57.8918,440.8,270.5,fixation
10:27:57.8923,441.6,269.9,fixation
10:27:57.8928,442.5,270.5,fixation
10:27:57.8933,444.4,272.8,fixation
10:27:57.8938,445.9,274.5,fixation
10:27:57.8943,445.7,271.8,fixation
10:27:57.8948,444.2,267.9,fixation
10:27:57.8953,442.0,264.3,fixation
10:27:57.8958,440.4,264.8,fixation
10:27:57.8963,438.8,265.0,fixation
10:27:57.8968,438.0,265.0,fixation
10:27:57.8973,438.1,265.7,fixation
10:27:57.8978,438.7,267.1,fixation
10:27:57.8983,439.3,268.7,fixation
10:27:57.8988,440.2,270.5,fixation
10:27:57.8993,440.6,271.9,fixation
10:27:57.8998,440.4,273.4,fixation
10:27:57.9003,439.8,273.6,fixation
10:27:57.9008,439.2,271.4,fixation
10:27:57.9013,439.4,269.0,fixation
10:27:57.9018,439.5,266.8,fixation
10:27:57.9023,438.9,267.3,fixation
10:27:57.9028,437.7,268.4,fixation
10:27:57.9033,436.4,269.5,fixation
10:27:57.9038,437.0,270.1,fixation
10:27:57.9043,438.0,270.1,fixation
10:27:57.9048,439.2,270.0,fixation
10:27:57.9053,439.4,269.5,fixation
10:27:57.9058,437.6,268.7,fixation
10:27:57.9063,435.7,268.0,fixation
10:27:57.9068,434.3,268.1,fixation
10:27:57.9073,437.0,267.7,fixation
10:27:57.9078,439.7,267.5,fixation
10:27:57.9083,441.8,267.5,fixation
10:27:57.9088,441.7,268.3,fixation
10:27:57.9093,440.9,268.8,fixation
10:27:57.9098,440.2,268.9,fixation
10:27:57.9103,439.3,268.6,fixation
10:27:57.9108,439.0,268.3,fixation
10:27:57.9113,438.8,269.6,fixation
10:27:57.9118,439.2,271.2,fixation
10:27:57.9123,439.5,271.1,fixation
10:27:57.9128,439.9,269.4,fixation
10:27:57.9133,438.8,267.5,fixation
10:27:57.9138,437.8,267.3,fixation
10:27:57.9143,436.1,266.6,fixation
10:27:57.9148,435.5,266.2,fixation
10:27:57.9153,435.2,267.3,fixation
10:27:57.9158,435.6,268.8,fixation
10:27:57.9163,438.4,270.9,fixation
10:27:57.9168,440.8,271.6,fixation
10:27:57.9173,440.5,269.7,fixation
10:27:57.9178,437.8,267.1,fixation
10:27:57.9183,436.4,267.3,fixation
10:27:57.9188,437.7,270.0,fixation
10:27:57.9193,439.8,273.1,fixation
10:27:57.9198,440.4,273.4,fixation
10:27:57.9203,441.1,273.7,fixation
10:27:57.9208,441.4,273.6,fixation
10:27:57.9213,441.8,273.6,fixation
10:27:57.9218,442.3,272.5,fixation
10:27:57.9223,442.5,271.4,fixation
10:27:57.9228,441.8,270.1,fixation
10:27:57.9233,440.7,269.6,fixation
10:27:57.9238,439.6,269.0,fixation
10:27:57.9243,439.4,268.8,fixation
10:27:57.9248,440.3,269.5,fixation
10:27:57.9253,440.9,270.8,fixation
10:27:57.9258,441.2,272.1,fixation
10:27:57.9263,440.8,272.5,fixation
10:27:57.9268,440.7,272.1,fixation
10:27:57.9273,439.4,271.7,fixation
10:27:57.9278,437.9,271.3,fixation
10:27:57.9283,436.4,271.2,fixation
10:27:57.9288,436.1,271.8,fixation
10:27:57.9293,435.7,272.4,fixation
10:27:57.9298,436.8,273.1,fixation
10:27:57.9303,438.2,273.2,fixation
10:27:57.9308,440.0,273.1,fixation
10:27:57.9313,440.5,272.8,fixation
10:27:57.9318,441.0,271.5,fixation
10:27:57.9323,441.1,270.4,fixation
10:27:57.9328,440.3,269.4,fixation
10:27:57.9333,439.5,270.9,fixation
10:27:57.9338,438.6,272.4,fixation
10:27:57.9343,438.5,272.5,fixation
10:27:57.9348,440.1,271.2,fixation
10:27:57.9353,441.8,269.8,fixation
10:27:57.9358,441.1,270.4,fixation
10:27:57.9363,438.7,271.7,fixation
10:27:57.9368,436.5,272.9,fixation
10:27:57.9373,437.0,273.1,fixation
10:27:57.9378,437.1,272.8,fixation
10:27:57.9383,436.9,272.7,fixation
10:27:57.9388,439.0,273.0,fixation
10:27:57.9393,441.6,273.0,fixation
10:27:57.9398,442.7,273.2,fixation
10:27:57.9403,441.4,273.3,fixation
10:27:57.9408,440.9,273.8,fixation
10:27:57.9413,441.9,274.0,fixation
10:27:57.9418,440.8,272.0,fixation
10:27:57.9423,438.8,269.9,fixation
10:27:57.9428,436.4,268.8,fixation
10:27:57.9433,436.1,270.0,fixation
10:27:57.9438,435.9,269.4,fixation
10:27:57.9443,437.4,267.6,fixation
10:27:57.9448,438.7,265.8,fixation
10:27:57.9453,439.8,266.8,fixation
10:27:57.9458,440.4,267.5,fixation
10:27:57.9463,441.1,267.7,fixation
10:27:57.9468,440.6,267.4,fixation
10:27:57.9473,439.3,267.2,fixation
10:27:57.9478,438.0,267.5,fixation
10:27:57.9483,439.8,268.4,fixation
10:27:57.9488,442.1,270.2,fixation
10:27:57.9493,444.5,272.1,fixation
10:27:57.9498,444.5,272.7,fixation
10:27:57.9503,443.7,272.0,fixation
10:27:57.9508,442.5,271.0,fixation
10:27:57.9513,441.4,270.0,fixation
10:27:57.9518,441.0,269.6,fixation
10:27:57.9523,440.8,268.8,fixation
10:27:57.9528,441.1,267.9,fixation
10:27:57.9533,441.1,269.0,fixation
10:27:57.9538,441.1,270.9,fixation
10:27:57.9543,441.0,270.8,fixation
10:27:57.9548,441.8,268.9,fixation
10:27:57.9553,442.7,267.0,fixation
10:27:57.9558,443.6,267.1,fixation
10:27:57.9563,443.7,267.1,fixation
10:27:57.9568,445.3,267.2,fixation
10:27:57.9573,446.9,267.4,fixation
10:27:57.9578,446.2,267.2,fixation
10:27:57.9583,443.8,267.1,fixation
10:27:57.9588,443.1,267.2,fixation
10:27:57.9593,444.8,268.9,fixation
10:27:57.9598,446.2,270.4,fixation
10:27:57.9603,445.6,272.2,fixation
10:27:57.9608,445.1,272.7,fixation
10:27:57.9613,445.1,272.0,fixation
10:27:57.9618,445.3,270.7,fixation
10:27:57.9623,445.1,269.3,fixation
10:27:57.9628,444.6,269.1,fixation
10:27:57.9633,444.1,268.9,fixation
10:27:57.9638,444.1,268.7,fixation
10:27:57.9643,445.1,268.7,fixation
10:27:57.9648,446.1,270.3,fixation
10:27:57.9653,447.2,271.9,fixation
10:27:57.9658,446.0,273.2,fixation
10:27:57.9663,444.7,273.0,fixation
10:27:57.9668,443.3,272.8,fixation
10:27:57.9673,443.9,272.9,fixation
10:27:57.9678,445.0,273.7,fixation
10:27:57.9683,446.2,274.4,fixation
10:27:57.9688,446.9,274.2,fixation
10:27:57.9693,446.7,273.0,fixation
10:27:57.9698,446.0,271.4,fixation
10:27:57.9703,445.5,269.8,fixation
10:27:57.9708,445.4,268.6,fixation
10:27:57.9713,445.4,267.8,fixation
10:27:57.9718,445.0,268.0,fixation
10:27:57.9723,444.5,268.4,fixation
10:27:57.9728,444.1,271.0,fixation
10:27:57.9733,443.7,273.3,fixation
10:27:57.9738,443.7,274.9,fixation
10:27:57.9743,443.7,274.5,fixation
10:27:57.9748,443.8,272.9,fixation
10:27:57.9753,441.4,271.4,fixation
10:27:57.9758,439.3,269.8,fixation
10:27:57.9763,438.5,269.3,fixation
10:27:57.9768,439.5,270.1,fixation
10:27:57.9773,440.4,270.9,fixation
10:27:57.9778,440.3,271.5,fixation
10:27:57.9783,440.3,271.2,fixation
10:27:57.9788,440.4,271.0,fixation
10:27:57.9793,440.4,271.0,fixation
10:27:57.9798,440.4,271.0,fixation
10:27:57.9803,441.4,271.4,fixation
10:27:57.9808,442.7,271.7,fixation
10:27:57.9813,444.0,272.2,fixation
10:27:57.9818,443.5,272.3,fixation
10:27:57.9823,442.7,270.4,fixation
10:27:57.9828,441.8,268.4,fixation
10:27:57.9833,441.7,266.6,fixation
10:27:57.9838,441.5,267.1,fixation
10:27:57.9843,442.4,266.9,fixation
10:27:57.9848,443.5,266.5,fixation
10:27:57.9853,444.1,267.5,fixation
10:27:57.9858,443.2,269.1,fixation
10:27:57.9863,441.9,268.8,fixation
10:27:57.9868,441.5,266.9,fixation
10:27:57.9873,441.9,265.0,fixation
10:27:57.9878,444.0,265.2,fixation
10:27:57.9883,445.7,265.5,fixation
10:27:57.9888,446.1,265.7,fixation
10:27:57.9893,444.2,265.7,fixation
10:27:57.9898,442.2,265.0,fixation
10:27:57.9903,440.8,264.6,fixation
10:27:57.9908,440.3,264.2,fixation
10:27:57.9913,440.1,264.3,fixation
10:27:57.9918,440.1,263.7,fixation
10:27:57.9923,440.0,263.2,fixation
10:27:57.9928,439.9,264.0,fixation
10:27:57.9933,441.3,265.4,fixation
10:27:57.9938,442.8,266.6,fixation
10:27:57.9943,444.1,266.4,fixation
10:27:57.9948,443.8,266.1,fixation
10:27:57.9953,441.7,265.8,fixation
10:27:57.9958,439.8,265.7,fixation
10:27:57.9963,438.3,265.7,fixation
10:27:57.9968,439.2,266.0,fixation
10:27:57.9973,440.0,267.3,fixation
10:27:57.9978,440.4,268.5,fixation
10:27:57.9983,442.7,269.4,fixation
10:27:57.9988,445.0,269.2,fixation
10:27:57.9993,445.8,268.2,fixation
10:27:57.9998,444.1,267.4,fixation
10:27:58.0003,442.5,266.8,fixation
10:27:58.0008,442.0,266.4,fixation
10:27:58.0013,441.7,265.4,fixation
10:27:58.0018,441.7,264.5,fixation
10:27:58.0023,442.4,265.3,fixation
10:27:58.0028,443.2,266.7,fixation
10:27:58.0033,443.5,268.0,fixation
10:27:58.0038,443.0,266.5,fixation
10:27:58.0043,442.1,265.0,fixation
10:27:58.0048,441.2,264.6,fixation
10:27:58.0053,440.6,266.2,fixation
10:27:58.0058,439.8,267.8,fixation
10:27:58.0063,439.2,268.2,fixation
10:27:58.0068,438.5,268.7,fixation
10:27:58.0073,438.2,269.2,fixation
10:27:58.0078,438.0,267.8,fixation
10:27:58.0083,438.3,265.7,fixation
10:27:58.0088,438.6,263.9,fixation
10:27:58.0093,438.6,264.0,fixation
10:27:58.0098,438.1,264.2,fixation
10:27:58.0103,437.6,264.3,fixation
10:27:58.0108,437.7,263.7,fixation
10:27:58.0113,438.5,262.7,fixation
10:27:58.0118,439.3,261.8,fixation
10:27:58.0123,439.2,263.7,fixation
10:27:58.0128,438.3,265.9,fixation
10:27:58.0133,437.4,268.1,fixation
10:27:58.0138,436.9,268.2,fixation
10:27:58.0143,436.9,266.6,fixation
10:27:58.0148,436.8,264.6,fixation
10:27:58.0153,436.5,262.6,fixation
10:27:58.0158,435.9,263.1,fixation
10:27:58.0163,435.4,263.9,fixation
10:27:58.0168,435.3,264.7,fixation
10:27:58.0173,435.6,264.4,fixation
10:27:58.0178,436.6,264.2,fixation
10:27:58.0183,437.5,264.1,fixation
10:27:58.0188,438.3,264.4,fixation
10:27:58.0193,438.3,264.7,fixation
10:27:58.0198,438.3,265.2,fixation
10:27:58.0203,438.3,265.6,fixation
10:27:58.0208,438.4,265.9,fixation
10:27:58.0213,438.4,266.0,fixation
10:27:58.0218,438.5,266.0,fixation
10:27:58.0223,439.9,264.9,fixation
10:27:58.0228,441.3,263.6,fixation
10:27:58.0233,440.2,261.7,fixation
10:27:58.0238,437.4,260.9,fixation
10:27:58.0243,434.5,260.0,fixation
10:27:58.0248,434.0,259.8,fixation
10:27:58.0253,433.9,259.9,fixation
10:27:58.0258,434.3,260.3,fixation
10:27:58.0263,435.5,260.7,fixation
10:27:58.0268,436.8,260.9,fixation
10:27:58.0273,435.3,260.9,fixation
10:27:58.0278,433.0,260.9,fixation
10:27:58.0283,431.6,262.4,fixation
10:27:58.0288,432.6,264.0,fixation
10:27:58.0293,434.6,265.7,fixation
10:27:58.0298,435.6,266.2,fixation
10:27:58.0303,436.5,267.0,fixation
10:27:58.0308,436.3,267.8,fixation
10:27:58.0313,435.4,267.4,fixation
10:27:58.0318,434.4,266.2,fixation
10:27:58.0323,433.6,265.0,fixation
10:27:58.0328,434.1,264.5,fixation
10:27:58.0333,434.7,265.1,fixation
10:27:58.0338,435.2,266.0,fixation
10:27:58.0343,435.0,266.5,fixation
10:27:58.0348,434.9,266.1,fixation
10:27:58.0353,433.1,265.5,fixation
10:27:58.0358,431.4,264.8,fixation
10:27:58.0363,431.1,264.3,fixation
10:27:58.0368,432.5,263.8,fixation
10:27:58.0373,433.7,262.8,fixation
10:27:58.0378,433.8,261.7,fixation
10:27:58.0383,434.1,259.7,fixation
10:27:58.0388,434.4,258.7,fixation
10:27:58.0393,434.6,259.3,fixation
10:27:58.0398,435.4,261.0,fixation
10:27:58.0403,436.3,263.7,fixation
10:27:58.0408,437.3,265.1,fixation
10:27:58.0413,437.8,266.5,fixation
10:27:58.0418,438.4,266.1,fixation
10:27:58.0423,438.9,265.1,fixation
10:27:58.0428,437.9,264.1,fixation
10:27:58.0433,436.7,263.1,fixation
10:27:58.0438,435.5,262.4,fixation
10:27:58.0443,435.7,261.6,fixation
10:27:58.0448,436.0,261.5,fixation
10:27:58.0453,436.3,261.9,fixation
10:27:58.0458,436.3,263.0,fixation
10:27:58.0463,436.2,265.6,fixation
10:27:58.0468,436.0,267.6,fixation
10:27:58.0473,435.2,267.8,fixation
10:27:58.0478,434.4,265.4,fixation
10:27:58.0483,433.7,263.3,fixation
10:27:58.0488,433.7,262.6,fixation
10:27:58.0493,434.4,263.0,fixation
10:27:58.0498,435.0,263.1,fixation
10:27:58.0503,433.8,262.7,fixation
10:27:58.0508,432.0,262.4,fixation
10:27:58.0513,430.2,262.2,fixation
10:27:58.0518,430.2,263.1,fixation
10:27:58.0523,431.2,264.1,fixation
10:27:58.0528,431.9,265.0,fixation
10:27:58.0533,432.7,264.8,fixation
10:27:58.0538,432.6,264.1,fixation
10:27:58.0543,432.9,263.5,fixation
10:27:58.0548,432.6,262.3,fixation
10:27:58.0553,432.2,261.5,fixation
10:27:58.0558,432.2,260.9,fixation
10:27:58.0563,433.3,263.2,fixation
10:27:58.0568,434.4,265.4,fixation
10:27:58.0573,435.1,267.2,fixation
10:27:58.0578,435.6,266.5,fixation
10:27:58.0583,435.8,265.7,fixation
10:27:58.0588,435.7,264.8,fixation
10:27:58.0593,435.3,264.5,fixation
10:27:58.0598,433.8,264.2,fixation
10:27:58.0603,432.4,262.2,fixation
10:27:58.0608,432.4,259.9,fixation
10:27:58.0613,433.8,258.1,fixation
10:27:58.0618,435.5,258.9,fixation
10:27:58.0623,435.9,259.6,fixation
10:27:58.0628,436.2,259.8,fixation
10:27:58.0633,436.2,259.9,fixation
10:27:58.0638,434.2,260.2,fixation
10:27:58.0643,432.3,260.5,fixation
10:27:58.0648,431.8,260.6,fixation
10:27:58.0653,433.3,260.7,fixation
10:27:58.0658,433.1,260.7,fixation
10:27:58.0663,431.4,260.3,fixation
10:27:58.0668,429.9,260.0,fixation
10:27:58.0673,430.3,259.9,fixation
10:27:58.0678,430.7,260.2,fixation
10:27:58.0683,431.0,260.4,fixation
10:27:58.0688,431.2,261.2,fixation
10:27:58.0693,431.3,262.8,fixation
10:27:58.0698,431.2,264.5,fixation
10:27:58.0703,430.8,264.9,fixation
10:27:58.0708,430.6,264.4,fixation
10:27:58.0713,430.6,263.3,fixation
10:27:58.0718,431.2,263.1,fixation
10:27:58.0723,431.8,263.3,fixation
10:27:58.0728,432.1,264.1,fixation
10:27:58.0733,432.1,264.8,fixation
10:27:58.0738,432.2,265.1,fixation
10:27:58.0743,431.8,265.5,fixation
10:27:58.0748,431.5,265.6,fixation
10:27:58.0753,431.8,266.0,fixation
10:27:58.0758,432.6,266.4,fixation
10:27:58.0763,433.4,265.4,fixation
10:27:58.0768,433.5,264.0,fixation
10:27:58.0773,432.4,262.6,fixation
10:27:58.0778,431.2,262.5,fixation
10:27:58.0783,430.2,262.3,fixation
10:27:58.0788,430.4,262.0,fixation
10:27:58.0793,431.0,261.6,fixation
10:27:58.0798,431.5,261.1,fixation
10:27:58.0803,431.8,262.7,fixation
10:27:58.0808,431.9,264.4,fixation
10:27:58.0813,432.4,265.8,fixation
10:27:58.0818,432.9,265.1,fixation
10:27:58.0823,432.6,263.1,fixation
10:27:58.0828,432.2,261.4,fixation
10:27:58.0833,431.7,260.3,fixation
10:27:58.0838,430.1,260.5,fixation
10:27:58.0843,428.5,259.6,fixation
10:27:58.0848,428.6,258.0,fixation
10:27:58.0853,430.8,256.5,fixation
10:27:58.0858,433.0,255.8,fixation
10:27:58.0863,433.6,255.6,fixation
10:27:58.0868,431.9,256.8,fixation
10:27:58.0873,430.1,259.7,fixation
10:27:58.0878,428.2,262.6,fixation
10:27:58.0883,428.1,264.0,fixation
10:27:58.0888,428.4,264.0,fixation
10:27:58.0893,428.8,263.9,fixation
10:27:58.0898,429.2,263.8,fixation
10:27:58.0903,430.2,263.8,fixation
10:27:58.0908,431.0,263.9,fixation
10:27:58.0913,431.7,264.0,fixation
10:27:58.0918,431.4,265.0,fixation
10:27:58.0923,431.5,266.1,fixation
10:27:58.0928,432.0,265.6,fixation
10:27:58.0933,432.9,263.8,fixation
10:27:58.0938,433.9,261.9,fixation
10:27:58.0943,434.4,261.9,fixation
10:27:58.0948,434.7,262.7,fixation
10:27:58.0953,434.9,263.6,fixation
10:27:58.0958,435.0,264.1,fixation
10:27:58.0963,434.9,264.3,fixation
10:27:58.0968,435.0,265.1,fixation
10:27:58.0973,435.2,265.6,fixation
10:27:58.0978,435.4,265.7,fixation
10:27:58.0983,435.1,264.9,fixation
10:27:58.0988,434.6,264.7,fixation
10:27:58.0993,435.4,265.0,fixation
10:27:58.0998,436.7,264.5,fixation
10:27:58.1003,438.0,263.3,fixation
10:27:58.1008,438.0,262.1,fixation
10:27:58.1013,437.0,262.4,fixation
10:27:58.1018,436.0,262.6,fixation
10:27:58.1023,433.1,262.7,fixation
10:27:58.1028,431.2,263.2,fixation
10:27:58.1033,429.3,263.9,fixation
10:27:58.1038,429.4,264.7,fixation
10:27:58.1043,430.5,264.9,fixation
10:27:58.1048,431.5,264.6,fixation
10:27:58.1053,432.3,264.3,fixation
10:27:58.1058,431.8,265.3,fixation
10:27:58.1063,430.8,266.6,fixation
10:27:58.1068,429.9,268.0,fixation
10:27:58.1073,431.6,268.4,fixation
10:27:58.1078,433.8,268.9,fixation
10:27:58.1083,434.4,269.0,fixation
10:27:58.1088,432.8,268.8,fixation
10:27:58.1093,431.5,266.7,fixation
10:27:58.1098,431.8,263.6,fixation
10:27:58.1103,431.3,260.5,fixation
10:27:58.1108,430.5,259.0,fixation
10:27:58.1113,429.7,258.7,fixation
10:27:58.1118,429.6,259.0,fixation
10:27:58.1123,429.8,259.9,fixation
10:27:58.1128,430.3,261.4,fixation
10:27:58.1133,431.2,262.9,fixation
10:27:58.1138,430.9,264.0,fixation
10:27:58.1143,430.3,264.6,fixation
10:27:58.1148,430.7,264.4,fixation
10:27:58.1153,432.1,263.9,fixation
10:27:58.1158,433.4,263.1,fixation
10:27:58.1163,434.0,262.6,fixation
10:27:58.1168,434.5,262.4,fixation
10:27:58.1173,432.8,261.9,fixation
10:27:58.1178,430.5,261.2,fixation
10:27:58.1183,431.6,260.7,fixation
10:27:58.1188,435.1,260.8,fixation
10:27:58.1193,438.5,260.9,fixation
10:27:58.1198,435.7,260.9,fixation
10:27:58.1203,432.8,261.1,fixation
10:27:58.1208,430.0,261.6,fixation
10:27:58.1213,430.1,262.1,fixation
10:27:58.1218,430.3,260.7,fixation
10:27:58.1223,431.2,259.5,fixation
10:27:58.1228,431.4,258.3,fixation
10:27:58.1233,431.1,258.6,fixation
10:27:58.1238,429.8,258.6,fixation
10:27:58.1243,429.5,259.9,fixation
10:27:58.1248,429.9,261.3,fixation
10:27:58.1253,430.4,262.6,fixation
10:27:58.1258,429.9,262.4,fixation
10:27:58.1263,428.9,262.2,fixation
10:27:58.1268,427.9,261.8,fixation
10:27:58.1273,429.5,261.6,fixation
10:27:58.1278,431.6,261.2,fixation
10:27:58.1283,433.6,261.1,fixation
10:27:58.1288,431.5,260.7,fixation
10:27:58.1293,429.2,258.9,fixation
10:27:58.1298,427.1,257.2,fixation
10:27:58.1303,427.0,255.7,fixation
10:27:58.1308,427.1,255.9,fixation
10:27:58.1313,427.3,256.2,fixation
10:27:58.1318,427.6,256.4,fixation
10:27:58.1323,428.0,256.7,fixation
10:27:58.1328,428.9,258.1,fixation
10:27:58.1333,429.6,259.2,fixation
10:27:58.1338,429.3,259.8,fixation
10:27:58.1343,428.4,259.2,fixation
10:27:58.1348,427.2,258.4,fixation
10:27:58.1353,426.9,258.1,fixation
10:27:58.1358,427.6,259.2,fixation
10:27:58.1363,429.8,260.5,fixation
10:27:58.1368,431.9,261.5,fixation
10:27:58.1373,432.5,261.7,fixation
10:27:58.1378,431.8,262.3,fixation
10:27:58.1383,432.3,263.4,saccade
10:27:58.1388,433.0,263.3,saccade
10:27:58.1393,433.0,262.4,saccade
10:27:58.1398,433.0,261.0,saccade
10:27:58.1403,432.9,259.8,saccade
10:27:58.1408,432.9,260.1,saccade
10:27:58.1413,432.9,261.0,saccade
10:27:58.1418,432.8,261.9,saccade
10:27:58.1423,434.6,262.2,saccade
10:27:58.1428,437.5,262.6,saccade
10:27:58.1433,440.4,263.5,saccade
10:27:58.1438,441.8,264.5,saccade
10:27:58.1443,442.2,265.4,saccade
10:27:58.1448,442.9,264.0,saccade
10:27:58.1453,443.4,262.0,saccade
10:27:58.1458,445.5,262.1,saccade
10:27:58.1463,449.8,264.2,saccade
10:27:58.1468,455.0,265.6,saccade
10:27:58.1473,458.8,265.0,saccade
10:27:58.1478,462.9,264.2,saccade
10:27:58.1483,465.6,263.9,saccade
10:27:58.1488,468.2,262.9,saccade
10:27:58.1493,468.1,262.5,saccade
10:27:58.1498,468.9,262.7,saccade
10:27:58.1503,469.9,263.6,saccade
10:27:58.1508,471.9,264.0,saccade
10:27:58.1513,473.2,263.9,saccade
10:27:58.1518,474.7,264.4,saccade
10:27:58.1523,476.2,265.0,saccade
10:27:58.1528,478.2,263.1,saccade
10:27:58.1533,480.4,260.0,saccade
10:27:58.1538,481.4,256.8,saccade
10:27:58.1543,482.1,256.1,saccade
10:27:58.1548,482.4,256.4,saccade
10:27:58.1553,481.1,257.1,saccade
10:27:58.1558,478.3,257.7,saccade
10:27:58.1563,475.5,255.9,saccade
10:27:58.1568,474.3,253.3,saccade
10:27:58.1573,474.1,250.7,saccade
10:27:58.1578,473.8,251.6,fixation
10:27:58.1583,473.2,252.4,fixation
10:27:58.1588,471.6,252.8,fixation
10:27:58.1593,469.1,253.3,fixation
10:27:58.1598,467.5,253.7,fixation
10:27:58.1603,466.9,253.6,fixation
10:27:58.1608,467.0,253.4,fixation
10:27:58.1613,466.1,252.6,fixation
10:27:58.1618,465.2,252.3,fixation
10:27:58.1623,465.0,252.6,fixation
10:27:58.1628,465.6,254.1,fixation
10:27:58.1633,466.0,255.3,fixation
10:27:58.1638,465.7,255.6,fixation
10:27:58.1643,465.3,254.7,fixation
10:27:58.1648,464.9,253.5,fixation
10:27:58.1653,464.8,251.1,fixation
10:27:58.1658,464.7,249.2,fixation
10:27:58.1663,464.9,248.5,fixation
10:27:58.1668,465.2,249.9,fixation
10:27:58.1673,465.4,252.1,fixation
10:27:58.1678,465.6,253.5,fixation
10:27:58.1683,465.6,254.2,fixation
10:27:58.1688,465.6,254.1,fixation
10:27:58.1693,466.0,254.1,fixation
10:27:58.1698,467.1,255.0,fixation
10:27:58.1703,468.3,255.8,fixation
10:27:58.1708,469.0,256.6,fixation
10:27:58.1713,469.0,257.1,fixation
10:27:58.1718,468.6,257.5,fixation
10:27:58.1723,467.5,257.8,fixation
10:27:58.1728,466.5,257.3,fixation
10:27:58.1733,466.1,256.5,fixation
10:27:58.1738,466.3,255.8,fixation
10:27:58.1743,465.8,255.4,fixation
10:27:58.1748,465.3,255.2,fixation
10:27:58.1753,464.8,255.2,fixation
10:27:58.1758,464.4,255.7,fixation
10:27:58.1763,464.0,256.1,fixation
10:27:58.1768,463.4,256.3,fixation
10:27:58.1773,463.1,256.0,fixation
10:27:58.1778,462.9,255.4,fixation
10:27:58.1783,464.2,254.8,fixation
10:27:58.1788,465.6,254.5,fixation
10:27:58.1793,466.9,254.5,fixation
10:27:58.1798,466.9,254.1,fixation
10:27:58.1803,466.9,253.7,fixation
10:27:58.1808,467.7,253.3,fixation
10:27:58.1813,468.5,253.9,fixation
10:27:58.1818,468.1,254.6,fixation
10:27:58.1823,466.8,255.2,fixation
10:27:58.1828,466.2,255.7,fixation
10:27:58.1833,466.8,256.3,fixation
10:27:58.1838,467.6,256.8,fixation
10:27:58.1843,468.8,256.9,fixation
10:27:58.1848,469.9,255.4,fixation
10:27:58.1853,470.8,253.9,fixation
10:27:58.1858,470.7,251.8,fixation
10:27:58.1863,470.6,250.9,fixation
10:27:58.1868,468.7,249.8,fixation
10:27:58.1873,466.8,250.4,fixation
10:27:58.1878,466.2,251.5,fixation
10:27:58.1883,467.5,253.7,fixation
10:27:58.1888,468.4,254.8,fixation
10:27:58.1893,467.9,255.9,fixation
10:27:58.1898,467.4,255.9,fixation
10:27:58.1903,467.3,255.9,fixation
10:27:58.1908,467.2,256.2,fixation
10:27:58.1913,466.8,256.5,fixation
10:27:58.1918,466.2,256.7,fixation
10:27:58.1923,465.9,257.4,fixation
10:27:58.1928,466.2,258.1,fixation
10:27:58.1933,466.5,257.4,fixation
10:27:58.1938,466.6,256.0,fixation
10:27:58.1943,467.1,254.7,fixation
10:27:58.1948,467.8,254.9,fixation
10:27:58.1953,468.0,254.6,fixation
10:27:58.1958,467.5,254.1,fixation
10:27:58.1963,467.0,252.8,fixation
10:27:58.1968,468.1,252.1,fixation
10:27:58.1973,468.9,252.0,fixation
10:27:58.1978,469.4,253.3,fixation
10:27:58.1983,468.4,256.0,fixation
10:27:58.1988,467.8,258.0,fixation
10:27:58.1993,466.9,258.9,fixation
10:27:58.1998,466.4,258.4,fixation
10:27:58.2003,465.9,256.7,fixation
10:27:58.2008,466.4,255.6,fixation
10:27:58.2013,467.3,254.4,fixation
10:27:58.2018,468.2,254.0,fixation
10:27:58.2023,468.3,253.5,fixation
10:27:58.2028,468.0,253.2,fixation
10:27:58.2033,467.6,253.5,fixation
10:27:58.2038,466.3,254.4,fixation
10:27:58.2043,465.0,256.3,fixation
10:27:58.2048,465.0,258.2,fixation
10:27:58.2053,466.7,259.9,fixation
10:27:58.2058,468.3,260.6,fixation
10:27:58.2063,469.1,260.6,fixation
10:27:58.2068,469.6,259.9,fixation
10:27:58.2073,468.9,258.3,fixation
10:27:58.2078,467.1,256.9,fixation
10:27:58.2083,465.3,255.2,fixation
10:27:58.2088,464.3,254.4,fixation
10:27:58.2093,464.1,253.2,fixation
10:27:58.2098,464.1,252.8,fixation
10:27:58.2103,464.4,252.2,fixation
10:27:58.2108,464.5,252.0,fixation
10:27:58.2113,464.5,252.3,fixation
10:27:58.2118,464.7,252.7,fixation
10:27:58.2123,465.0,253.1,fixation
10:27:58.2128,465.1,253.7,fixation
10:27:58.2133,465.1,254.8,fixation
10:27:58.2138,463.9,255.8,fixation
10:27:58.2143,462.7,257.6,fixation
10:27:58.2148,464.6,260.3,fixation
10:27:58.2153,467.7,263.1,fixation
10:27:58.2158,467.5,262.8,fixation
10:27:58.2163,464.3,258.0,fixation
10:27:58.2168,461.2,253.2,fixation
10:27:58.2173,463.3,252.6,fixation
10:27:58.2178,465.5,254.9,fixation
10:27:58.2183,467.1,257.3,fixation
10:27:58.2188,466.6,256.7,fixation
10:27:58.2193,466.0,256.0,fixation
10:27:58.2198,466.7,255.9,fixation
10:27:58.2203,467.4,256.8,fixation
10:27:58.2208,468.1,258.9,fixation
10:27:58.2213,467.9,260.3,fixation
10:27:58.2218,469.2,260.9,fixation
10:27:58.2223,470.5,258.9,fixation
10:27:58.2228,471.9,257.2,fixation
10:27:58.2233,471.9,256.6,fixation
10:27:58.2238,471.1,257.1,fixation
10:27:58.2243,469.9,257.6,fixation
10:27:58.2248,468.3,257.6,fixation
10:27:58.2253,468.0,258.2,fixation
10:27:58.2258,468.0,258.8,fixation
10:27:58.2263,468.0,259.5,fixation
10:27:58.2268,467.2,259.8,fixation
10:27:58.2273,466.4,260.6,fixation
10:27:58.2278,465.9,261.0,fixation
10:27:58.2283,467.8,261.4,fixation
10:27:58.2288,469.6,261.5,fixation
10:27:58.2293,471.5,261.2,fixation
10:27:58.2298,471.4,260.5,fixation
10:27:58.2303,470.0,259.8,fixation
10:27:58.2308,468.9,259.5,fixation
10:27:58.2313,467.8,259.3,fixation
10:27:58.2318,467.9,259.2,fixation
10:27:58.2323,467.8,258.7,fixation
10:27:58.2328,468.1,258.1,fixation
10:27:58.2333,468.4,257.6,fixation
10:27:58.2338,468.7,258.0,fixation
10:27:58.2343,468.7,258.8,fixation
10:27:58.2348,466.9,257.2,fixation
10:27:58.2353,465.1,254.3,fixation
10:27:58.2358,463.3,252.2,fixation
10:27:58.2363,463.3,253.4,fixation
10:27:58.2368,463.2,256.0,fixation
10:27:58.2373,463.1,258.0,fixation
10:27:58.2378,465.1,259.3,fixation
10:27:58.2383,467.1,258.4,fixation
10:27:58.2388,469.8,257.4,fixation
10:27:58.2393,470.7,257.3,fixation
10:27:58.2398,471.6,258.4,fixation
10:27:58.2403,471.9,259.8,fixation
10:27:58.2408,472.0,260.3,fixation
10:27:58.2413,471.1,260.8,fixation
10:27:58.2418,468.6,259.8,fixation
10:27:58.2423,466.1,258.9,fixation
10:27:58.2428,464.8,257.9,fixation
10:27:58.2433,465.2,258.1,fixation
10:27:58.2438,466.0,257.8,fixation
10:27:58.2443,466.5,257.6,fixation
10:27:58.2448,466.6,257.3,fixation
10:27:58.2453,466.4,257.2,fixation
10:27:58.2458,467.9,257.2,fixation
10:27:58.2463,469.6,257.3,fixation
10:27:58.2468,471.3,257.4,fixation
10:27:58.2473,471.4,257.6,fixation
10:27:58.2478,471.2,258.1,fixation
10:27:58.2483,470.7,259.1,fixation
10:27:58.2488,469.0,259.9,fixation
10:27:58.2493,468.3,260.9,fixation
10:27:58.2498,468.7,261.2,fixation
10:27:58.2503,470.4,260.8,fixation
10:27:58.2508,470.7,260.1,fixation
10:27:58.2513,470.1,259.0,fixation
10:27:58.2518,469.5,258.3,fixation
10:27:58.2523,469.3,257.8,fixation
10:27:58.2528,469.2,257.7,fixation
10:27:58.2533,469.1,257.9,fixation
10:27:58.2538,469.3,256.4,fixation
10:27:58.2543,469.4,254.9,fixation
10:27:58.2548,469.5,253.3,fixation
10:27:58.2553,469.2,256.1,fixation
10:27:58.2558,469.2,259.0,fixation
10:27:58.2563,469.2,259.9,fixation
10:27:58.2568,469.3,257.9,fixation
10:27:58.2573,469.5,257.8,fixation
10:27:58.2578,469.9,259.6,fixation
10:27:58.2583,470.0,261.1,fixation
10:27:58.2588,469.5,260.4,fixation
10:27:58.2593,468.7,260.0,fixation
10:27:58.2598,469.8,260.0,fixation
10:27:58.2603,471.2,259.0,fixation
10:27:58.2608,472.4,257.8,fixation
10:27:58.2613,472.1,255.6,fixation
10:27:58.2618,469.8,254.7,fixation
10:27:58.2623,467.7,253.4,fixation
10:27:58.2628,465.8,252.9,fixation
10:27:58.2633,466.2,255.2,fixation
10:27:58.2638,466.7,257.8,fixation
10:27:58.2643,466.9,260.2,fixation
10:27:58.2648,466.1,258.4,fixation
10:27:58.2653,465.3,256.9,fixation
10:27:58.2658,465.6,255.6,fixation
10:27:58.2663,466.4,256.0,fixation
10:27:58.2668,466.7,256.3,fixation
10:27:58.2673,465.8,256.4,fixation
10:27:58.2678,465.0,256.2,fixation
10:27:58.2683,464.7,256.0,fixation
10:27:58.2688,465.1,255.6,fixation
10:27:58.2693,465.9,255.1,fixation
10:27:58.2698,466.8,254.5,fixation
10:27:58.2703,467.0,254.2,fixation
10:27:58.2708,467.0,254.2,fixation
10:27:58.2713,467.1,254.6,fixation
10:27:58.2718,468.1,257.8,fixation
10:27:58.2723,469.1,260.8,fixation
10:27:58.2728,469.7,262.3,fixation
10:27:58.2733,469.2,260.9,fixation
10:27:58.2738,468.5,259.2,fixation
10:27:58.2743,468.1,258.8,fixation
10:27:58.2748,467.5,258.5,fixation
10:27:58.2753,467.1,258.6,fixation
10:27:58.2758,467.2,258.6,fixation
10:27:58.2763,467.5,258.5,fixation
10:27:58.2768,467.7,258.3,fixation
10:27:58.2773,467.7,259.8,fixation
10:27:58.2778,467.6,261.4,fixation
10:27:58.2783,467.7,262.3,fixation
10:27:58.2788,467.4,261.3,fixation
10:27:58.2793,467.0,259.4,fixation
10:27:58.2798,466.6,258.2,fixation
10:27:58.2803,466.5,258.3,fixation
10:27:58.2808,466.9,259.2,fixation
10:27:58.2813,467.3,259.2,fixation
10:27:58.2818,467.7,258.0,fixation
10:27:58.2823,467.2,256.5,fixation
10:27:58.2828,466.7,255.9,fixation
10:27:58.2833,468.3,255.5,fixation
10:27:58.2838,470.3,256.2,fixation
10:27:58.2843,471.9,257.2,fixation
10:27:58.2848,471.0,258.0,fixation
10:27:58.2853,469.0,256.7,fixation
10:27:58.2858,467.2,255.4,fixation
10:27:58.2863,465.9,256.3,fixation
10:27:58.2868,465.4,258.4,fixation
10:27:58.2873,465.1,259.9,fixation
10:27:58.2878,464.6,258.7,fixation
10:27:58.2883,464.3,257.6,fixation
10:27:58.2888,465.9,257.2,fixation
10:27:58.2893,467.7,256.5,fixation
10:27:58.2898,469.0,254.9,fixation
10:27:58.2903,468.3,253.1,fixation
10:27:58.2908,467.3,252.9,fixation
10:27:58.2913,466.9,253.5,fixation
10:27:58.2918,466.6,254.1,fixation
10:27:58.2923,466.5,253.9,fixation
10:27:58.2928,466.2,253.7,fixation
10:27:58.2933,465.9,253.9,fixation
10:27:58.2938,467.1,255.6,fixation
10:27:58.2943,468.4,257.3,fixation
10:27:58.2948,470.5,258.7,fixation
10:27:58.2953,471.2,258.8,fixation
10:27:58.2958,471.7,258.7,fixation
10:27:58.2963,470.3,258.3,fixation
10:27:58.2968,468.8,258.3,fixation
10:27:58.2973,467.6,258.5,fixation
10:27:58.2978,467.6,258.2,fixation
10:27:58.2983,467.5,256.8,fixation
10:27:58.2988,467.1,255.2,fixation
10:27:58.2993,465.7,254.4,fixation
10:27:58.2998,464.5,254.3,fixation
10:27:58.3003,464.6,254.4,fixation
10:27:58.3008,465.8,256.0,fixation
10:27:58.3013,468.2,257.6,fixation
10:27:58.3018,469.7,259.2,fixation
10:27:58.3023,469.5,259.3,fixation
10:27:58.3028,467.3,258.9,fixation
10:27:58.3033,465.1,257.9,fixation
10:27:58.3038,464.4,256.9,fixation
10:27:58.3043,464.1,256.5,fixation
10:27:58.3048,463.9,256.5,fixation
10:27:58.3053,463.9,256.5,fixation
10:27:58.3058,465.1,256.5,fixation
10:27:58.3063,466.3,256.4,fixation
10:27:58.3068,467.4,256.3,fixation
10:27:58.3073,466.2,256.1,fixation
10:27:58.3078,464.9,256.1,fixation
10:27:58.3083,464.0,256.8,fixation
10:27:58.3088,464.8,257.5,fixation
10:27:58.3093,465.4,258.1,fixation
10:27:58.3098,465.7,258.2,fixation
10:27:58.3103,466.1,258.5,fixation
10:27:58.3108,466.4,258.5,fixation
10:27:58.3113,466.7,258.3,fixation
10:27:58.3118,466.9,258.1,fixation
10:27:58.3123,467.4,258.2,fixation
10:27:58.3128,467.0,258.2,fixation
10:27:58.3133,466.1,256.8,fixation
10:27:58.3138,465.1,255.3,fixation
10:27:58.3143,464.8,253.9,fixation
10:27:58.3148,464.3,255.6,fixation
10:27:58.3153,463.9,257.6,fixation
10:27:58.3158,465.4,259.8,fixation
10:27:58.3163,467.3,259.9,fixation
10:27:58.3168,469.7,259.7,fixation
10:27:58.3173,470.2,259.4,fixation
10:27:58.3178,470.6,257.8,fixation
10:27:58.3183,470.6,256.2,fixation
10:27:58.3188,470.4,254.3,fixation
10:27:58.3193,470.0,253.9,fixation
10:27:58.3198,468.8,253.8,fixation
10:27:58.3203,468.7,254.1,saccade
10:27:58.3208,470.5,257.1,saccade
10:27:58.3213,472.5,260.3,saccade
10:27:58.3218,472.8,263.5,saccade
10:27:58.3223,473.0,262.4,saccade
10:27:58.3228,472.9,261.1,saccade
10:27:58.3233,473.0,259.9,saccade
10:27:58.3238,473.4,259.5,saccade
10:27:58.3243,474.3,259.0,saccade
10:27:58.3248,477.8,259.7,saccade
10:27:58.3253,481.2,260.3,saccade
10:27:58.3258,484.1,260.6,saccade
10:27:58.3263,484.6,259.8,saccade
10:27:58.3268,485.3,260.4,saccade
10:27:58.3273,488.0,261.5,saccade
10:27:58.3278,490.5,261.5,saccade
10:27:58.3283,494.4,260.5,saccade
10:27:58.3288,497.5,259.4,saccade
10:27:58.3293,501.0,259.9,saccade
10:27:58.3298,503.0,260.6,saccade
10:27:58.3303,504.7,261.0,saccade
10:27:58.3308,506.3,260.9,saccade
10:27:58.3313,509.6,260.5,saccade
10:27:58.3318,511.7,260.5,saccade
10:27:58.3323,513.7,260.6,saccade
10:27:58.3328,513.7,259.5,saccade
10:27:58.3333,515.8,258.4,saccade
10:27:58.3338,520.2,259.7,saccade
10:27:58.3343,524.6,262.2,saccade
10:27:58.3348,527.7,262.0,saccade
10:27:58.3353,528.5,259.4,saccade
10:27:58.3358,528.4,256.5,saccade
10:27:58.3363,527.5,256.2,saccade
10:27:58.3368,527.0,255.2,saccade
10:27:58.3373,527.7,254.6,saccade
10:27:58.3378,529.7,254.2,saccade
10:27:58.3383,531.4,254.4,saccade
10:27:58.3388,532.8,254.3,saccade
10:27:58.3393,533.1,254.1,saccade
10:27:58.3398,533.5,256.9,fixation
10:27:58.3403,533.5,258.8,fixation
10:27:58.3408,533.4,259.0,fixation
10:27:58.3413,533.4,259.2,fixation
10:27:58.3418,533.3,257.1,fixation
10:27:58.3423,532.6,255.0,fixation
10:27:58.3428,531.8,255.6,fixation
10:27:58.3433,531.0,258.4,fixation
10:27:58.3438,531.0,261.7,fixation
10:27:58.3443,532.4,262.2,fixation
10:27:58.3448,533.8,260.4,fixation
10:27:58.3453,534.5,258.1,fixation
10:27:58.3458,533.6,256.5,fixation
10:27:58.3463,532.6,257.2,fixation
10:27:58.3468,532.8,258.0,fixation
10:27:58.3473,533.3,257.9,fixation
10:27:58.3478,533.7,257.7,fixation
10:27:58.3483,533.6,257.8,fixation
10:27:58.3488,532.6,258.3,fixation
10:27:58.3493,531.6,259.7,fixation
10:27:58.3498,530.7,260.5,fixation
10:27:58.3503,530.5,261.0,fixation
10:27:58.3508,530.0,260.6,fixation
10:27:58.3513,528.9,260.2,fixation
10:27:58.3518,528.0,259.8,fixation
10:27:58.3523,527.2,259.4,fixation
10:27:58.3528,527.2,258.3,fixation
10:27:58.3533,526.5,256.7,fixation
10:27:58.3538,525.8,255.2,fixation
10:27:58.3543,524.3,254.4,fixation
10:27:58.3548,523.5,253.9,fixation
10:27:58.3553,523.0,253.5,fixation
10:27:58.3558,523.4,253.7,fixation
10:27:58.3563,523.9,255.0,fixation
10:27:58.3568,524.1,256.3,fixation
10:27:58.3573,525.9,257.6,fixation
10:27:58.3578,527.4,259.1,fixation
10:27:58.3583,528.9,260.6,fixation
10:27:58.3588,529.2,259.6,fixation
10:27:58.3593,529.6,258.0,fixation
10:27:58.3598,530.6,257.2,fixation
10:27:58.3603,531.3,258.8,fixation
10:27:58.3608,532.0,258.4,fixation
10:27:58.3613,532.6,257.4,fixation
10:27:58.3618,533.0,257.0,fixation
10:27:58.3623,533.2,258.7,fixation
10:27:58.3628,532.8,261.2,fixation
10:27:58.3633,532.3,263.0,fixation
10:27:58.3638,530.7,263.9,fixation
10:27:58.3643,529.8,264.3,fixation
10:27:58.3648,529.0,264.4,fixation
10:27:58.3653,529.2,264.6,fixation
10:27:58.3658,528.9,264.2,fixation
10:27:58.3663,528.9,264.0,fixation
10:27:58.3668,529.4,264.0,fixation
10:27:58.3673,529.9,264.3,fixation
10:27:58.3678,530.1,264.1,fixation
10:27:58.3683,530.2,263.9,fixation
10:27:58.3688,529.7,264.7,fixation
10:27:58.3693,529.1,265.9,fixation
10:27:58.3698,528.5,266.3,fixation
10:27:58.3703,528.5,266.2,fixation
10:27:58.3708,528.5,265.8,fixation
10:27:58.3713,528.5,266.1,fixation
10:27:58.3718,530.5,265.8,fixation
10:27:58.3723,532.4,265.5,fixation
10:27:58.3728,532.6,265.3,fixation
10:27:58.3733,530.8,265.1,fixation
10:27:58.3738,528.1,263.1,fixation
10:27:58.3743,527.4,261.2,fixation
10:27:58.3748,527.1,259.3,fixation
10:27:58.3753,527.8,259.1,fixation
10:27:58.3758,528.2,259.0,fixation
10:27:58.3763,528.5,258.2,fixation
10:27:58.3768,529.0,257.4,fixation
10:27:58.3773,529.5,256.6,fixation
10:27:58.3778,529.4,257.1,fixation
10:27:58.3783,529.2,258.2,fixation
10:27:58.3788,528.9,259.8,fixation
10:27:58.3793,528.9,260.9,fixation
10:27:58.3798,528.9,261.4,fixation
10:27:58.3803,528.6,261.5,fixation
10:27:58.3808,528.1,261.6,fixation
10:27:58.3813,527.7,261.6,fixation
10:27:58.3818,527.6,261.5,fixation
10:27:58.3823,527.1,261.3,fixation
10:27:58.3828,526.4,263.9,fixation
10:27:58.3833,525.8,266.7,fixation
10:27:58.3838,525.8,268.6,fixation
10:27:58.3843,525.4,267.7,fixation
10:27:58.3848,525.0,265.7,fixation
10:27:58.3853,525.7,264.6,fixation
10:27:58.3858,526.7,263.6,fixation
10:27:58.3863,528.5,263.7,fixation
10:27:58.3868,529.1,263.4,fixation
10:27:58.3873,529.7,262.9,fixation
10:27:58.3878,529.6,261.9,fixation
10:27:58.3883,529.6,261.3,fixation
10:27:58.3888,530.1,262.2,fixation
10:27:58.3893,530.6,263.6,fixation
10:27:58.3898,530.8,264.6,fixation
10:27:58.3903,529.9,264.3,fixation
10:27:58.3908,528.7,263.7,fixation
10:27:58.3913,527.9,262.6,fixation
10:27:58.3918,527.9,261.8,fixation
10:27:58.3923,528.4,261.3,fixation
10:27:58.3928,529.0,261.3,fixation
10:27:58.3933,529.5,261.0,fixation
10:27:58.3938,529.3,261.5,fixation
10:27:58.3943,529.0,262.4,fixation
10:27:58.3948,528.7,263.3,fixation
10:27:58.3953,528.9,263.3,fixation
10:27:58.3958,529.5,263.4,fixation
10:27:58.3963,529.7,264.3,fixation
10:27:58.3968,529.9,265.8,fixation
10:27:58.3973,529.7,267.3,fixation
10:27:58.3978,529.7,268.0,fixation
10:27:58.3983,529.9,268.0,fixation
10:27:58.3988,530.2,268.0,fixation
10:27:58.3993,530.4,267.5,fixation
10:27:58.3998,530.3,266.6,fixation
10:27:58.4003,530.4,265.5,fixation
10:27:58.4008,531.9,265.0,fixation
10:27:58.4013,533.4,264.7,fixation
10:27:58.4018,534.7,264.5,fixation
10:27:58.4023,534.6,263.7,fixation
10:27:58.4028,534.4,263.1,fixation
10:27:58.4033,534.3,264.4,fixation
10:27:58.4038,533.4,266.1,fixation
10:27:58.4043,532.4,267.8,fixation
10:27:58.4048,531.4,266.9,fixation
10:27:58.4053,531.3,265.7,fixation
10:27:58.4058,531.1,263.5,fixation
10:27:58.4063,531.0,261.9,fixation
10:27:58.4068,531.0,260.7,fixation
10:27:58.4073,532.6,260.8,fixation
10:27:58.4078,534.2,260.4,fixation
10:27:58.4083,534.7,260.1,fixation
10:27:58.4088,533.5,259.8,fixation
10:27:58.4093,532.9,261.2,fixation
10:27:58.4098,533.5,263.0,fixation
10:27:58.4103,532.9,264.6,fixation
10:27:58.4108,531.6,263.7,fixation
10:27:58.4113,530.5,261.5,fixation
10:27:58.4118,531.0,259.7,fixation
10:27:58.4123,531.5,259.5,fixation
10:27:58.4128,532.1,262.1,fixation
10:27:58.4133,532.7,264.3,fixation
10:27:58.4138,533.4,265.2,fixation
10:27:58.4143,534.3,264.3,fixation
10:27:58.4148,534.8,263.5,fixation
10:27:58.4153,534.2,264.6,fixation
10:27:58.4158,533.0,264.9,fixation
10:27:58.4163,530.6,264.5,fixation
10:27:58.4168,529.5,263.1,fixation
10:27:58.4173,528.6,263.2,fixation
10:27:58.4178,529.1,264.0,fixation
10:27:58.4183,529.9,264.8,fixation
10:27:58.4188,530.7,266.0,fixation
10:27:58.4193,531.2,267.4,fixation
10:27:58.4198,531.5,268.9,fixation
10:27:58.4203,531.3,269.2,fixation
10:27:58.4208,530.8,268.8,fixation
10:27:58.4213,530.3,268.3,fixation
10:27:58.4218,529.8,267.8,fixation
10:27:58.4223,529.6,266.5,fixation
10:27:58.4228,529.6,265.0,fixation
10:27:58.4233,529.9,263.8,fixation
10:27:58.4238,530.2,264.0,fixation
10:27:58.4243,530.3,263.9,fixation
10:27:58.4248,530.2,263.3,fixation
10:27:58.4253,530.0,262.7,fixation
10:27:58.4258,530.9,262.4,fixation
10:27:58.4263,532.0,262.3,fixation
10:27:58.4268,533.1,263.1,fixation
10:27:58.4273,533.3,263.9,fixation
10:27:58.4278,533.5,264.8,fixation
10:27:58.4283,532.5,263.6,fixation
10:27:58.4288,531.2,262.4,fixation
10:27:58.4293,530.5,262.4,fixation
10:27:58.4298,531.1,263.9,fixation
10:27:58.4303,532.1,265.9,fixation
10:27:58.4308,532.5,266.7,fixation
10:27:58.4313,532.3,267.2,fixation
10:27:58.4318,531.6,267.1,fixation
10:27:58.4323,530.9,267.3,fixation
10:27:58.4328,530.9,267.7,fixation
10:27:58.4333,531.8,268.1,fixation
10:27:58.4338,533.2,268.1,fixation
10:27:58.4343,534.6,268.1,fixation
10:27:58.4348,535.0,267.9,fixation
10:27:58.4353,533.7,267.5,fixation
10:27:58.4358,532.4,267.2,fixation
10:27:58.4363,531.0,267.4,fixation
10:27:58.4368,531.1,268.1,fixation
10:27:58.4373,531.1,268.6,fixation
10:27:58.4378,531.2,269.0,fixation
10:27:58.4383,531.5,269.5,fixation
10:27:58.4388,531.8,270.0,fixation
10:27:58.4393,532.1,270.6,fixation
10:27:58.4398,532.7,270.7,fixation
10:27:58.4403,533.2,267.8,fixation
10:27:58.4408,532.9,264.8,fixation
10:27:58.4413,531.3,263.4,fixation
10:27:58.4418,529.7,265.1,fixation
10:27:58.4423,528.7,266.8,fixation
10:27:58.4428,529.5,266.6,fixation
10:27:58.4433,530.2,266.1,fixation
10:27:58.4438,530.7,265.8,fixation
10:27:58.4443,530.6,266.1,fixation
10:27:58.4448,531.0,267.0,fixation
10:27:58.4453,531.6,268.0,fixation
10:27:58.4458,531.8,269.0,fixation
10:27:58.4463,531.3,270.1,fixation
10:27:58.4468,530.8,270.5,fixation
10:27:58.4473,530.4,270.1,fixation
10:27:58.4478,530.0,269.1,fixation
10:27:58.4483,529.8,268.5,fixation
10:27:58.4488,530.0,268.5,fixation
10:27:58.4493,529.8,268.1,fixation
10:27:58.4498,529.5,267.7,fixation
10:27:58.4503,529.4,267.3,fixation
10:27:58.4508,529.9,267.3,fixation
10:27:58.4513,531.5,267.3,fixation
10:27:58.4518,532.7,267.2,fixation
10:27:58.4523,533.5,266.8,fixation
10:27:58.4528,533.3,267.5,fixation
10:27:58.4533,533.0,268.4,fixation
10:27:58.4538,530.9,267.3,fixation
10:27:58.4543,528.9,264.9,fixation
10:27:58.4548,526.9,262.5,fixation
10:27:58.4553,527.1,262.4,fixation
10:27:58.4558,527.6,262.0,fixation
10:27:58.4563,528.1,261.6,fixation
10:27:58.4568,528.4,262.4,fixation
10:27:58.4573,529.2,263.6,fixation
10:27:58.4578,530.1,265.6,fixation
10:27:58.4583,530.9,267.4,fixation
10:27:58.4588,531.5,269.2,fixation
10:27:58.4593,531.9,268.4,fixation
10:27:58.4598,532.3,267.0,fixation
10:27:58.4603,532.8,265.9,fixation
10:27:58.4608,533.1,266.7,fixation
10:27:58.4613,533.3,267.3,fixation
10:27:58.4618,532.6,267.6,fixation
10:27:58.4623,532.3,267.8,fixation
10:27:58.4628,532.3,267.8,fixation
10:27:58.4633,532.8,267.8,fixation
10:27:58.4638,532.8,267.7,fixation
10:27:58.4643,532.1,267.3,fixation
10:27:58.4648,531.1,267.3,fixation
10:27:58.4653,531.2,267.7,fixation
10:27:58.4658,533.6,270.7,fixation
10:27:58.4663,535.9,273.3,fixation
10:27:58.4668,538.3,275.6,fixation
10:27:58.4673,539.0,275.8,fixation
10:27:58.4678,539.4,275.1,fixation
10:27:58.4683,539.3,274.1,fixation
10:27:58.4688,539.2,273.1,fixation
10:27:58.4693,538.5,271.8,fixation
10:27:58.4698,537.0,270.4,fixation
10:27:58.4703,535.6,269.1,fixation
10:27:58.4708,535.0,269.0,fixation
10:27:58.4713,534.5,269.5,fixation
10:27:58.4718,533.9,270.0,fixation
10:27:58.4723,533.2,270.7,fixation
10:27:58.4728,533.0,270.9,fixation
10:27:58.4733,533.5,269.9,fixation
10:27:58.4738,534.1,268.6,fixation
10:27:58.4743,534.3,267.2,fixation
10:27:58.4748,533.8,266.9,fixation
10:27:58.4753,533.2,266.7,fixation
10:27:58.4758,533.0,266.4,fixation
10:27:58.4763,532.9,266.3,fixation
10:27:58.4768,533.0,266.5,fixation
10:27:58.4773,533.0,266.8,fixation
10:27:58.4778,533.4,267.7,fixation
10:27:58.4783,534.2,268.9,fixation
10:27:58.4788,535.0,270.2,fixation
10:27:58.4793,533.5,270.9,fixation
10:27:58.4798,531.7,270.3,fixation
10:27:58.4803,529.9,268.8,fixation
10:27:58.4808,530.4,267.4,fixation
10:27:58.4813,530.5,267.6,fixation
10:27:58.4818,530.7,268.4,fixation
10:27:58.4823,530.9,269.3,fixation
10:27:58.4828,532.1,269.5,fixation
10:27:58.4833,533.3,270.4,fixation
10:27:58.4838,534.1,272.2,fixation
10:27:58.4843,533.9,273.9,fixation
10:27:58.4848,534.1,273.3,fixation
10:27:58.4853,534.4,271.6,fixation
10:27:58.4858,534.6,269.5,fixation
10:27:58.4863,534.4,268.6,fixation
10:27:58.4868,534.1,266.8,fixation
10:27:58.4873,535.3,265.5,fixation
10:27:58.4878,536.6,266.1,fixation
10:27:58.4883,537.4,267.5,fixation
10:27:58.4888,536.4,270.7,fixation
10:27:58.4893,535.6,272.5,fixation
10:27:58.4898,535.1,274.3,fixation
10:27:58.4903,535.0,274.5,fixation
10:27:58.4908,534.7,273.3,fixation
10:27:58.4913,535.7,272.1,fixation
10:27:58.4918,536.9,271.5,fixation
10:27:58.4923,536.5,272.1,fixation
10:27:58.4928,534.5,270.9,fixation
10:27:58.4933,532.1,269.0,fixation
10:27:58.4938,530.6,267.2,fixation
10:27:58.4943,529.5,267.2,fixation
10:27:58.4948,529.6,267.1,fixation
10:27:58.4953,530.2,267.1,fixation
10:27:58.4958,530.7,269.3,fixation
10:27:58.4963,530.7,271.5,fixation
10:27:58.4968,530.3,273.0,fixation
10:27:58.4973,529.9,271.4,fixation
10:27:58.4978,529.9,269.9,fixation
10:27:58.4983,530.7,269.0,fixation
10:27:58.4988,531.4,269.1,fixation
10:27:58.4993,531.8,269.1,fixation
10:27:58.4998,531.4,269.1,fixation
10:27:58.5003,531.1,269.3,fixation
10:27:58.5008,530.6,269.5,fixation
10:27:58.5013,530.5,269.7,fixation
10:27:58.5018,530.6,270.2,fixation
10:27:58.5023,531.8,270.3,fixation
10:27:58.5028,533.0,270.5,fixation
10:27:58.5033,533.1,270.2,fixation
10:27:58.5038,532.3,270.2,fixation
10:27:58.5043,531.5,270.0,fixation
10:27:58.5048,531.5,269.7,fixation
10:27:58.5053,530.9,269.9,fixation
10:27:58.5058,530.3,270.4,fixation
10:27:58.5063,532.0,271.3,fixation
10:27:58.5068,534.1,271.6,fixation
10:27:58.5073,534.4,271.8,fixation
10:27:58.5078,532.6,271.7,fixation
10:27:58.5083,529.6,269.5,fixation
10:27:58.5088,528.5,267.5,fixation
10:27:58.5093,528.9,265.7,fixation
10:27:58.5098,530.5,266.8,fixation
10:27:58.5103,532.1,267.8,fixation
10:27:58.5108,534.5,268.8,fixation
10:27:58.5113,536.8,268.9,fixation
10:27:58.5118,536.9,266.9,fixation
10:27:58.5123,534.7,264.8,fixation
10:27:58.5128,532.5,262.7,fixation
10:27:58.5133,532.4,263.3,fixation
10:27:58.5138,532.1,263.9,fixation
10:27:58.5143,531.8,264.5,fixation
10:27:58.5148,531.9,264.4,fixation
10:27:58.5153,533.3,264.4,fixation
10:27:58.5158,534.7,265.1,fixation
10:27:58.5163,533.8,265.7,fixation
10:27:58.5168,531.0,266.3,fixation
10:27:58.5173,528.1,266.0,fixation
10:27:58.5178,528.1,266.7,fixation
10:27:58.5183,528.9,267.4,fixation
10:27:58.5188,529.7,267.9,fixation
10:27:58.5193,529.6,267.7,fixation
10:27:58.5198,530.9,269.0,fixation
10:27:58.5203,532.3,270.6,fixation
10:27:58.5208,533.7,271.8,fixation
10:27:58.5213,533.7,271.0,fixation
10:27:58.5218,533.8,271.0,fixation
10:27:58.5223,534.0,271.4,fixation
10:27:58.5228,534.4,272.1,fixation
10:27:58.5233,534.6,271.8,fixation
10:27:58.5238,533.8,271.6,fixation
10:27:58.5243,531.7,271.7,fixation
10:27:58.5248,529.6,271.8,fixation
10:27:58.5253,528.6,270.3,fixation
10:27:58.5258,529.2,268.8,fixation
10:27:58.5263,530.4,267.5,fixation
10:27:58.5268,531.5,267.8,fixation
10:27:58.5273,531.9,268.2,fixation
10:27:58.5278,532.6,268.3,fixation
10:27:58.5283,534.4,269.4,fixation
10:27:58.5288,536.3,270.4,fixation
10:27:58.5293,537.4,269.9,fixation
10:27:58.5298,536.8,268.2,fixation
10:27:58.5303,535.7,266.3,fixation
10:27:58.5308,534.2,263.7,fixation
10:27:58.5313,533.7,261.4,fixation
10:27:58.5318,534.1,261.0,fixation
10:27:58.5323,535.0,262.7,fixation
10:27:58.5328,534.4,264.3,fixation
10:27:58.5333,533.5,264.1,fixation
10:27:58.5338,532.5,264.9,fixation
10:27:58.5343,532.4,265.7,fixation
10:27:58.5348,532.3,266.8,fixation
10:27:58.5353,532.3,267.1,fixation
10:27:58.5358,532.0,266.9,fixation
10:27:58.5363,531.8,265.9,fixation
10:27:58.5368,531.9,264.2,fixation
10:27:58.5373,531.9,262.9,fixation
10:27:58.5378,532.0,262.1,fixation
10:27:58.5383,531.7,261.2,fixation
10:27:58.5388,531.6,260.3,fixation
10:27:58.5393,531.7,261.4,fixation
10:27:58.5398,531.8,264.2,fixation
10:27:58.5403,531.7,267.1,fixation
10:27:58.5408,531.5,266.8,fixation
10:27:58.5413,531.4,265.6,fixation
10:27:58.5418,531.6,264.4,fixation
10:27:58.5423,532.6,265.0,fixation
10:27:58.5428,533.6,266.0,fixation
10:27:58.5433,534.5,267.0,fixation
10:27:58.5438,536.1,267.6,fixation
10:27:58.5443,537.7,268.1,fixation
10:27:58.5448,539.4,269.0,fixation
10:27:58.5453,537.7,269.7,fixation
10:27:58.5458,536.0,270.2,fixation
10:27:58.5463,534.4,270.2,fixation
10:27:58.5468,533.5,268.2,fixation
10:27:58.5473,532.7,266.2,fixation
10:27:58.5478,531.8,265.0,fixation
10:27:58.5483,531.8,265.9,fixation
10:27:58.5488,531.4,267.3,fixation
10:27:58.5493,530.9,267.9,fixation
10:27:58.5498,531.5,267.6,fixation
10:27:58.5503,532.9,266.8,fixation
10:27:58.5508,534.5,267.4,fixation
10:27:58.5513,534.9,268.7,fixation
10:27:58.5518,534.7,270.3,fixation
10:27:58.5523,533.6,270.7,fixation
10:27:58.5528,532.9,271.0,fixation
10:27:58.5533,532.4,271.2,fixation
10:27:58.5538,532.5,271.3,fixation
10:27:58.5543,532.7,271.8,fixation
10:27:58.5548,533.1,272.2,fixation
10:27:58.5553,533.6,271.0,fixation
10:27:58.5558,533.5,269.0,fixation
10:27:58.5563,533.3,267.0,fixation
10:27:58.5568,535.4,268.7,fixation
10:27:58.5573,537.8,270.8,fixation
10:27:58.5578,539.1,272.9,fixation
10:27:58.5583,536.5,270.6,fixation
10:27:58.5588,534.0,268.3,fixation
10:27:58.5593,532.5,266.1,fixation
10:27:58.5598,535.1,268.0,fixation
10:27:58.5603,537.7,269.9,fixation
10:27:58.5608,539.9,272.0,fixation
10:27:58.5613,539.2,272.3,fixation
10:27:58.5618,537.0,272.0,fixation
10:27:58.5623,535.2,271.2,fixation
10:27:58.5628,533.2,270.1,fixation
10:27:58.5633,532.6,269.1,fixation
10:27:58.5638,531.8,268.2,fixation
10:27:58.5643,531.7,267.3,fixation
10:27:58.5648,531.3,266.7,fixation
10:27:58.5653,531.0,266.5,fixation
10:27:58.5658,531.2,266.1,fixation
10:27:58.5663,532.0,266.5,fixation
10:27:58.5668,532.3,267.6,fixation
10:27:58.5673,532.1,269.1,fixation
10:27:58.5678,531.5,269.5,fixation
10:27:58.5683,531.4,269.0,fixation
10:27:58.5688,531.5,268.8,fixation
10:27:58.5693,531.7,268.8,fixation
10:27:58.5698,532.0,266.8,fixation
10:27:58.5703,532.5,264.6,fixation
10:27:58.5708,533.5,264.9,fixation
10:27:58.5713,535.6,269.0,saccade
10:27:58.5718,536.0,267.3,saccade
10:27:58.5723,536.1,266.0,saccade
10:27:58.5728,537.5,264.4,saccade
10:27:58.5733,538.9,263.9,saccade
10:27:58.5738,540.1,263.6,saccade
10:27:58.5743,539.9,264.3,saccade
10:27:58.5748,539.6,264.9,saccade
10:27:58.5753,539.5,263.7,saccade
10:27:58.5758,540.7,262.2,saccade
10:27:58.5763,542.5,261.2,saccade
10:27:58.5768,546.0,261.8,saccade
10:27:58.5773,548.1,262.4,saccade
10:27:58.5778,550.2,262.5,saccade
10:27:58.5783,550.8,262.4,saccade
10:27:58.5788,552.1,262.4,saccade
10:27:58.5793,554.0,261.9,saccade
10:27:58.5798,555.7,261.8,saccade
10:27:58.5803,559.2,261.7,saccade
10:27:58.5808,561.7,262.1,saccade
10:27:58.5813,564.7,262.2,saccade
10:27:58.5818,565.2,262.2,saccade
10:27:58.5823,565.7,262.5,saccade
10:27:58.5828,566.5,262.9,saccade
10:27:58.5833,567.1,263.3,saccade
10:27:58.5838,567.6,263.4,saccade
10:27:58.5843,567.4,262.4,saccade
10:27:58.5848,567.2,261.4,saccade
10:27:58.5853,568.5,260.7,saccade
10:27:58.5858,569.9,260.3,saccade
10:27:58.5863,571.4,259.9,saccade
10:27:58.5868,571.6,259.4,fixation
10:27:58.5873,571.6,259.6,fixation
10:27:58.5878,572.1,259.9,fixation
10:27:58.5883,572.4,260.2,fixation
10:27:58.5888,573.0,260.4,fixation
10:27:58.5893,573.2,260.0,fixation
10:27:58.5898,571.1,259.2,fixation
10:27:58.5903,568.9,258.1,fixation
10:27:58.5908,565.4,257.6,fixation
10:27:58.5913,564.5,256.9,fixation
10:27:58.5918,563.9,256.7,fixation
10:27:58.5923,564.5,256.5,fixation
10:27:58.5928,564.0,256.6,fixation
10:27:58.5933,563.2,256.5,fixation
10:27:58.5938,562.4,256.4,fixation
10:27:58.5943,561.7,256.5,fixation
10:27:58.5948,560.8,257.1,fixation
10:27:58.5953,559.6,257.7,fixation
10:27:58.5958,559.2,260.0,fixation
10:27:58.5963,559.5,262.0,fixation
10:27:58.5968,560.1,262.8,fixation
10:27:58.5973,561.0,261.7,fixation
10:27:58.5978,561.8,261.6,fixation
10:27:58.5983,562.6,262.2,fixation
10:27:58.5988,561.8,262.2,fixation
10:27:58.5993,560.6,261.3,fixation
10:27:58.5998,559.1,262.3,fixation
10:27:58.6003,558.8,263.9,fixation
10:27:58.6008,558.4,265.5,fixation
10:27:58.6013,558.3,265.6,fixation
10:27:58.6018,560.9,265.7,fixation
10:27:58.6023,563.7,265.8,fixation
10:27:58.6028,566.0,265.2,fixation
10:27:58.6033,565.6,264.6,fixation
10:27:58.6038,565.3,265.8,fixation
10:27:58.6043,565.5,267.6,fixation
10:27:58.6048,565.0,266.1,fixation
10:27:58.6053,564.2,262.8,fixation
10:27:58.6058,563.4,260.1,fixation
10:27:58.6063,562.5,262.4,fixation
10:27:58.6068,561.8,264.6,fixation
10:27:58.6073,561.5,266.1,fixation
10:27:58.6078,562.2,263.9,fixation
10:27:58.6083,563.4,261.8,fixation
10:27:58.6088,564.3,260.6,fixation
10:27:58.6093,565.4,262.6,fixation
10:27:58.6098,565.9,264.6,fixation
10:27:58.6103,565.0,263.8,fixation
10:27:58.6108,563.5,261.9,fixation
10:27:58.6113,561.8,260.3,fixation
10:27:58.6118,561.6,260.6,fixation
10:27:58.6123,562.7,261.5,fixation
10:27:58.6128,564.0,264.2,fixation
10:27:58.6133,564.8,266.6,fixation
10:27:58.6138,564.4,266.7,fixation
10:27:58.6143,565.0,264.8,fixation
10:27:58.6148,566.0,263.5,fixation
10:27:58.6153,565.8,264.0,fixation
10:27:58.6158,564.7,264.6,fixation
10:27:58.6163,563.9,265.0,fixation
10:27:58.6168,564.3,265.5,fixation
10:27:58.6173,564.8,263.7,fixation
10:27:58.6178,565.1,261.6,fixation
10:27:58.6183,565.4,260.7,fixation
10:27:58.6188,565.5,262.0,fixation
10:27:58.6193,565.5,263.0,fixation
10:27:58.6198,565.5,262.4,fixation
10:27:58.6203,565.4,261.8,fixation
10:27:58.6208,565.0,263.1,fixation
10:27:58.6213,564.6,264.7,fixation
10:27:58.6218,564.4,264.6,fixation
10:27:58.6223,564.1,262.9,fixation
10:27:58.6228,564.0,262.5,fixation
10:27:58.6233,564.0,263.8,fixation
10:27:58.6238,564.5,265.1,fixation
10:27:58.6243,564.9,265.1,fixation
10:27:58.6248,565.1,263.9,fixation
10:27:58.6253,565.6,262.7,fixation
10:27:58.6258,566.1,261.1,fixation
10:27:58.6263,566.8,260.8,fixation
10:27:58.6268,567.2,260.5,fixation
10:27:58.6273,567.6,260.5,fixation
10:27:58.6278,567.8,262.4,fixation
10:27:58.6283,567.8,264.8,fixation
10:27:58.6288,566.9,267.1,fixation
10:27:58.6293,565.9,267.7,fixation
10:27:58.6298,567.3,267.9,fixation
10:27:58.6303,569.7,268.3,fixation
10:27:58.6308,570.5,266.6,fixation
10:27:58.6313,568.7,264.7,fixation
10:27:58.6318,566.9,262.9,fixation
10:27:58.6323,566.8,263.8,fixation
10:27:58.6328,565.3,264.9,fixation
10:27:58.6333,563.7,266.0,fixation
10:27:58.6338,562.6,264.3,fixation
10:27:58.6343,563.5,262.5,fixation
10:27:58.6348,564.3,262.0,fixation
10:27:58.6353,564.7,263.3,fixation
10:27:58.6358,564.7,264.6,fixation
10:27:58.6363,564.7,265.0,fixation
10:27:58.6368,564.6,265.4,fixation
10:27:58.6373,564.6,266.1,fixation
10:27:58.6378,565.0,266.7,fixation
10:27:58.6383,565.5,267.3,fixation
10:27:58.6388,566.0,267.5,fixation
10:27:58.6393,566.0,267.1,fixation
10:27:58.6398,565.9,266.3,fixation
10:27:58.6403,564.9,265.8,fixation
10:27:58.6408,563.8,265.7,fixation
10:27:58.6413,563.2,265.0,fixation
10:27:58.6418,564.0,263.9,fixation
10:27:58.6423,564.8,264.6,fixation
10:27:58.6428,565.1,266.6,fixation
10:27:58.6433,565.0,268.6,fixation
10:27:58.6438,565.8,268.4,fixation
10:27:58.6443,566.8,268.1,fixation
10:27:58.6448,567.9,267.8,fixation
10:27:58.6453,568.0,266.0,fixation
10:27:58.6458,568.0,264.3,fixation
10:27:58.6463,567.5,262.8,fixation
10:27:58.6468,567.2,263.2,fixation
10:27:58.6473,566.9,263.1,fixation
10:27:58.6478,567.0,262.8,fixation
10:27:58.6483,567.0,262.2,fixation
10:27:58.6488,565.9,261.4,fixation
10:27:58.6493,564.8,260.7,fixation
10:27:58.6498,565.1,262.2,fixation
10:27:58.6503,566.4,263.6,fixation
10:27:58.6508,566.5,264.4,fixation
10:27:58.6513,565.1,263.4,fixation
10:27:58.6518,563.9,264.6,fixation
10:27:58.6523,563.9,266.3,fixation
10:27:58.6528,564.3,266.1,fixation
10:27:58.6533,564.7,264.1,fixation
10:27:58.6538,565.2,262.8,fixation
10:27:58.6543,565.2,263.5,fixation
10:27:58.6548,565.3,263.6,fixation
10:27:58.6553,565.5,263.0,fixation
10:27:58.6558,565.6,262.2,fixation
10:27:58.6563,565.5,261.9,fixation
10:27:58.6568,565.2,261.6,fixation
10:27:58.6573,565.1,261.5,fixation
10:27:58.6578,565.2,261.0,fixation
10:27:58.6583,565.6,260.8,fixation
10:27:58.6588,566.0,260.8,fixation
10:27:58.6593,566.0,261.1,fixation
10:27:58.6598,565.6,261.2,fixation
10:27:58.6603,564.8,261.2,fixation
10:27:58.6608,564.3,260.7,fixation
10:27:58.6613,564.3,260.2,fixation
10:27:58.6618,564.8,259.7,fixation
10:27:58.6623,565.4,259.5,fixation
10:27:58.6628,565.7,259.5,fixation
10:27:58.6633,567.5,260.1,fixation
10:27:58.6638,569.4,261.0,fixation
10:27:58.6643,571.3,262.0,fixation
10:27:58.6648,570.0,262.5,fixation
10:27:58.6653,568.5,262.8,fixation
10:27:58.6658,567.7,263.1,fixation
10:27:58.6663,568.3,263.2,fixation
10:27:58.6668,568.7,263.1,fixation
10:27:58.6673,568.4,262.8,fixation
10:27:58.6678,567.9,261.2,fixation
10:27:58.6683,567.4,259.8,fixation
10:27:58.6688,567.1,260.0,fixation
10:27:58.6693,566.7,261.3,fixation
10:27:58.6698,566.5,262.6,fixation
10:27:58.6703,567.0,263.7,fixation
10:27:58.6708,567.7,265.2,fixation
10:27:58.6713,568.6,266.3,fixation
10:27:58.6718,568.9,266.6,fixation
10:27:58.6723,568.6,266.9,fixation
10:27:58.6728,567.5,265.8,fixation
10:27:58.6733,565.9,264.1,fixation
10:27:58.6738,564.9,262.4,fixation
10:27:58.6743,563.0,262.3,fixation
10:27:58.6748,561.6,263.8,fixation
10:27:58.6753,561.7,265.4,fixation
10:27:58.6758,563.1,264.7,fixation
10:27:58.6763,564.6,262.5,fixation
10:27:58.6768,563.9,260.2,fixation
10:27:58.6773,563.2,260.8,fixation
10:27:58.6778,562.4,261.9,fixation
10:27:58.6783,562.4,262.8,fixation
10:27:58.6788,562.5,263.0,fixation
10:27:58.6793,562.7,262.8,fixation
10:27:58.6798,563.1,262.5,fixation
10:27:58.6803,564.9,260.7,fixation
10:27:58.6808,566.6,259.0,fixation
10:27:58.6813,567.7,259.5,fixation
10:27:58.6818,567.2,261.0,fixation
10:27:58.6823,566.6,262.6,fixation
10:27:58.6828,566.3,262.1,fixation
10:27:58.6833,566.2,262.3,fixation
10:27:58.6838,564.7,262.5,fixation
10:27:58.6843,563.1,262.3,fixation
10:27:58.6848,561.4,261.7,fixation
10:27:58.6853,561.2,261.0,fixation
10:27:58.6858,562.5,260.6,fixation
10:27:58.6863,564.0,260.4,fixation
10:27:58.6868,565.4,260.1,fixation
10:27:58.6873,565.3,259.3,fixation
10:27:58.6878,565.2,258.5,fixation
10:27:58.6883,564.4,262.6,saccade
10:27:58.6888,563.6,264.2,saccade
10:27:58.6893,562.5,263.8,saccade
10:27:58.6898,562.3,263.5,saccade
10:27:58.6903,562.3,263.7,saccade
10:27:58.6908,562.5,263.8,saccade
10:27:58.6913,562.7,263.8,saccade
10:27:58.6918,562.7,263.8,saccade
10:27:58.6923,562.3,263.8,saccade
10:27:58.6928,561.9,263.8,saccade
10:27:58.6933,561.6,263.8,saccade
10:27:58.6938,561.8,263.8,saccade
10:27:58.6943,562.1,262.1,saccade
10:27:58.6948,562.4,260.5,saccade
10:27:58.6953,564.3,258.9,saccade
10:27:58.6958,566.1,258.9,saccade
10:27:58.6963,567.9,260.7,saccade
10:27:58.6968,570.5,263.7,saccade
10:27:58.6973,573.0,266.8,saccade
10:27:58.6978,575.5,268.1,saccade
10:27:58.6983,578.3,268.3,saccade
10:27:58.6988,584.1,268.4,saccade
10:27:58.6993,589.9,268.3,saccade
10:27:58.6998,595.1,268.2,saccade
10:27:58.7003,599.7,269.2,saccade
10:27:58.7008,604.7,270.1,saccade
10:27:58.7013,609.0,270.9,saccade
10:27:58.7018,612.7,270.7,saccade
10:27:58.7023,617.0,267.9,saccade
10:27:58.7028,621.9,265.0,saccade
10:27:58.7033,626.1,262.2,saccade
10:27:58.7038,631.3,265.2,saccade
10:27:58.7043,636.1,268.5,saccade
10:27:58.7048,640.8,271.7,saccade
10:27:58.7053,643.6,271.9,saccade
10:27:58.7058,648.4,272.1,saccade
10:27:58.7063,651.7,272.3,saccade
10:27:58.7068,657.3,271.4,saccade
10:27:58.7073,659.5,270.1,saccade
10:27:58.7078,661.7,269.4,saccade
10:27:58.7083,663.0,269.6,saccade
10:27:58.7088,664.2,269.8,saccade
10:27:58.7093,666.6,269.3,saccade
10:27:58.7098,667.7,268.6,saccade
10:27:58.7103,668.2,267.8,saccade
10:27:58.7108,667.5,266.6,saccade
10:27:58.7113,667.0,265.0,saccade
10:27:58.7118,667.0,261.9,saccade
10:27:58.7123,667.1,259.5,saccade
10:27:58.7128,667.2,257.8,saccade
10:27:58.7133,667.6,259.1,saccade
10:27:58.7138,669.0,261.8,fixation
10:27:58.7143,669.3,261.8,fixation
10:27:58.7148,668.9,259.7,fixation
10:27:58.7153,668.4,257.7,fixation
10:27:58.7158,667.9,256.3,fixation
10:27:58.7163,668.0,257.0,fixation
10:27:58.7168,668.1,258.0,fixation
10:27:58.7173,668.1,258.2,fixation
10:27:58.7178,668.1,258.5,fixation
10:27:58.7183,667.2,258.4,fixation
10:27:58.7188,666.2,260.7,fixation
10:27:58.7193,665.7,263.1,fixation
10:27:58.7198,666.1,264.8,fixation
10:27:58.7203,666.1,262.3,fixation
10:27:58.7208,665.7,259.7,fixation
10:27:58.7213,665.3,257.4,fixation
10:27:58.7218,665.4,256.9,fixation
10:27:58.7223,665.6,256.1,fixation
10:27:58.7228,665.5,255.6,fixation
10:27:58.7233,665.3,255.1,fixation
10:27:58.7238,665.0,256.1,fixation
10:27:58.7243,663.6,257.5,fixation
10:27:58.7248,662.1,258.8,fixation
10:27:58.7253,659.4,258.3,fixation
10:27:58.7258,658.1,257.9,fixation
10:27:58.7263,657.4,257.5,fixation
10:27:58.7268,657.8,257.6,fixation
10:27:58.7273,658.1,258.9,fixation
10:27:58.7278,659.5,260.3,fixation
10:27:58.7283,661.0,262.2,fixation
10:27:58.7288,661.8,262.5,fixation
10:27:58.7293,661.1,262.6,fixation
10:27:58.7298,660.2,261.8,fixation
10:27:58.7303,660.4,261.8,fixation
10:27:58.7308,660.6,261.9,fixation
10:27:58.7313,659.4,261.8,fixation
10:27:58.7318,657.8,261.2,fixation
10:27:58.7323,656.0,260.5,fixation
10:27:58.7328,655.8,260.3,fixation
10:27:58.7333,655.9,260.7,fixation
10:27:58.7338,656.1,261.5,fixation
10:27:58.7343,656.7,262.2,fixation
10:27:58.7348,658.5,262.3,fixation
10:27:58.7353,660.0,262.2,fixation
10:27:58.7358,660.7,262.2,fixation
10:27:58.7363,660.0,262.1,fixation
10:27:58.7368,660.1,261.9,fixation
10:27:58.7373,660.5,261.4,fixation
10:27:58.7378,660.5,261.1,fixation
10:27:58.7383,659.9,260.9,fixation
10:27:58.7388,659.1,259.5,fixation
10:27:58.7393,658.3,257.5,fixation
10:27:58.7398,657.7,255.5,fixation
10:27:58.7403,659.2,255.2,fixation
10:27:58.7408,661.2,255.6,fixation
10:27:58.7413,663.3,256.7,fixation
10:27:58.7418,663.4,257.6,fixation
10:27:58.7423,663.3,258.6,fixation
10:27:58.7428,662.7,259.1,fixation
10:27:58.7433,661.7,259.4,fixation
10:27:58.7438,660.8,259.9,fixation
10:27:58.7443,660.3,260.2,fixation
10:27:58.7448,661.3,262.0,fixation
10:27:58.7453,662.2,263.3,fixation
10:27:58.7458,663.0,264.4,fixation
10:27:58.7463,662.6,264.2,fixation
10:27:58.7468,662.3,264.1,fixation
10:27:58.7473,662.1,264.5,fixation
10:27:58.7478,659.6,264.6,fixation
10:27:58.7483,657.1,262.6,fixation
10:27:58.7488,655.5,260.6,fixation
10:27:58.7493,656.4,260.6,fixation
10:27:58.7498,657.6,262.6,fixation
10:27:58.7503,657.7,264.3,fixation
10:27:58.7508,657.9,264.2,fixation
10:27:58.7513,658.3,264.2,fixation
10:27:58.7518,658.7,264.4,fixation
10:27:58.7523,658.2,263.6,fixation
10:27:58.7528,656.7,262.6,fixation
10:27:58.7533,655.2,261.4,fixation
10:27:58.7538,654.6,261.9,fixation
10:27:58.7543,654.2,262.7,fixation
10:27:58.7548,653.8,263.7,fixation
10:27:58.7553,653.3,262.9,fixation
10:27:58.7558,653.0,260.6,fixation
10:27:58.7563,652.8,258.3,fixation
10:27:58.7568,653.7,256.8,fixation
10:27:58.7573,654.9,256.6,fixation
10:27:58.7578,656.1,258.2,fixation
10:27:58.7583,656.2,260.2,fixation
10:27:58.7588,656.7,263.1,fixation
10:27:58.7593,657.0,264.0,fixation
10:27:58.7598,656.7,262.9,fixation
10:27:58.7603,656.7,261.0,fixation
10:27:58.7608,656.6,260.5,fixation
10:27:58.7613,656.4,262.0,fixation
10:27:58.7618,655.7,262.8,fixation
10:27:58.7623,654.9,262.3,fixation
10:27:58.7628,654.7,261.9,fixation
10:27:58.7633,654.9,262.1,fixation
10:27:58.7638,655.1,261.7,fixation
10:27:58.7643,654.7,261.0,fixation
10:27:58.7648,653.8,260.2,fixation
10:27:58.7653,652.8,259.6,fixation
10:27:58.7658,652.7,259.4,fixation
10:27:58.7663,652.4,259.2,fixation
10:27:58.7668,652.3,259.2,fixation
10:27:58.7673,652.4,259.8,fixation
10:27:58.7678,653.0,260.4,fixation
10:27:58.7683,653.6,260.9,fixation
10:27:58.7688,653.8,260.6,fixation
10:27:58.7693,654.7,260.3,fixation
10:27:58.7698,655.5,260.2,fixation
10:27:58.7703,656.8,260.1,fixation
10:27:58.7708,657.7,260.1,fixation
10:27:58.7713,658.6,260.0,fixation
10:27:58.7718,658.9,259.9,fixation
10:27:58.7723,658.7,259.8,fixation
10:27:58.7728,658.5,259.7,fixation
10:27:58.7733,658.0,260.0,fixation
10:27:58.7738,657.3,260.5,fixation
10:27:58.7743,656.6,261.1,fixation
10:27:58.7748,656.4,261.5,fixation
10:27:58.7753,656.8,262.3,fixation
10:27:58.7758,657.3,262.9,fixation
10:27:58.7763,656.2,261.3,fixation
10:27:58.7768,654.7,259.2,fixation
10:27:58.7773,654.2,257.0,fixation
10:27:58.7778,655.3,256.8,fixation
10:27:58.7783,656.8,256.8,fixation
10:27:58.7788,657.2,257.1,fixation
10:27:58.7793,657.0,257.6,fixation
10:27:58.7798,656.4,257.8,fixation
10:27:58.7803,656.1,257.8,fixation
10:27:58.7808,656.5,257.6,fixation
10:27:58.7813,656.9,257.7,fixation
10:27:58.7818,656.8,258.1,fixation
10:27:58.7823,656.0,258.4,fixation
10:27:58.7828,655.2,259.2,fixation
10:27:58.7833,655.0,260.0,fixation
10:27:58.7838,655.3,260.3,fixation
10:27:58.7843,655.7,259.4,fixation
10:27:58.7848,655.7,258.5,fixation
10:27:58.7853,655.7,258.2,fixation
10:27:58.7858,654.8,258.3,fixation
10:27:58.7863,653.9,256.5,fixation
10:27:58.7868,653.3,254.5,fixation
10:27:58.7873,653.8,252.8,fixation
10:27:58.7878,654.2,252.5,fixation
10:27:58.7883,654.5,252.1,fixation
10:27:58.7888,654.5,254.1,fixation
10:27:58.7893,654.9,256.6,fixation
10:27:58.7898,655.2,259.1,fixation
10:27:58.7903,655.5,259.4,fixation
10:27:58.7908,655.9,259.7,fixation
10:27:58.7913,656.3,260.0,fixation
10:27:58.7918,656.6,260.0,fixation
10:27:58.7923,656.4,259.8,fixation
10:27:58.7928,655.8,259.3,fixation
10:27:58.7933,656.2,258.1,fixation
10:27:58.7938,656.9,257.1,fixation
10:27:58.7943,658.1,256.2,fixation
10:27:58.7948,658.5,256.8,fixation
10:27:58.7953,658.7,257.8,fixation
10:27:58.7958,657.2,258.3,fixation
10:27:58.7963,655.6,258.3,fixation
10:27:58.7968,654.7,258.9,fixation
10:27:58.7973,655.7,260.0,fixation
10:27:58.7978,657.5,261.1,fixation
10:27:58.7983,658.6,261.6,fixation
10:27:58.7988,659.4,261.9,fixation
10:27:58.7993,658.2,261.9,fixation
10:27:58.7998,657.0,259.0,fixation
10:27:58.8003,655.8,256.3,fixation
10:27:58.8008,655.8,253.9,fixation
10:27:58.8013,655.8,255.1,fixation
10:27:58.8018,654.6,256.4,fixation
10:27:58.8023,653.4,257.6,fixation
10:27:58.8028,652.2,258.4,fixation
10:27:58.8033,652.4,259.1,fixation
10:27:58.8038,652.9,260.3,fixation
10:27:58.8043,653.7,260.7,fixation
10:27:58.8048,654.9,261.5,fixation
10:27:58.8053,655.8,261.8,fixation
10:27:58.8058,656.2,261.5,fixation
10:27:58.8063,656.0,260.3,fixation
10:27:58.8068,655.5,259.3,fixation
10:27:58.8073,655.0,258.9,fixation
10:27:58.8078,654.9,259.0,fixation
10:27:58.8083,655.2,258.9,fixation
10:27:58.8088,655.5,257.4,fixation
10:27:58.8093,655.7,256.0,fixation
10:27:58.8098,655.3,254.1,fixation
10:27:58.8103,654.6,253.4,fixation
10:27:58.8108,653.9,253.5,fixation
10:27:58.8113,653.6,254.8,fixation
10:27:58.8118,653.1,256.0,fixation
10:27:58.8123,652.6,256.5,fixation
10:27:58.8128,652.3,255.9,fixation
10:27:58.8133,652.7,255.2,fixation
10:27:58.8138,653.0,254.5,fixation
10:27:58.8143,654.0,254.3,fixation
10:27:58.8148,654.9,254.4,fixation
10:27:58.8153,656.0,254.5,fixation
10:27:58.8158,656.5,255.9,fixation
10:27:58.8163,657.3,257.3,fixation
10:27:58.8168,657.8,258.2,fixation
10:27:58.8173,656.4,257.4,fixation
10:27:58.8178,654.5,256.7,fixation
10:27:58.8183,653.6,256.5,fixation
10:27:58.8188,654.4,256.6,fixation
10:27:58.8193,655.3,256.5,fixation
10:27:58.8198,655.5,256.1,fixation
10:27:58.8203,655.5,256.1,fixation
10:27:58.8208,655.5,256.3,fixation
10:27:58.8213,655.0,256.7,fixation
10:27:58.8218,654.4,256.6,fixation
10:27:58.8223,653.7,256.6,fixation
10:27:58.8228,655.1,256.7,fixation
10:27:58.8233,656.9,256.3,fixation
10:27:58.8238,658.3,256.1,fixation
10:27:58.8243,656.2,255.8,fixation
10:27:58.8248,654.1,255.3,fixation
10:27:58.8253,652.4,254.7,fixation
10:27:58.8258,652.3,255.8,fixation
10:27:58.8263,652.2,257.5,fixation
10:27:58.8268,652.0,259.2,fixation
10:27:58.8273,651.9,259.2,fixation
10:27:58.8278,651.9,258.9,fixation
10:27:58.8283,652.1,258.4,fixation
10:27:58.8288,653.3,258.1,fixation
10:27:58.8293,654.4,258.1,fixation
10:27:58.8298,654.8,257.7,fixation
10:27:58.8303,654.3,255.7,fixation
10:27:58.8308,653.8,253.7,fixation
10:27:58.8313,654.3,252.3,fixation
10:27:58.8318,654.7,252.3,fixation
10:27:58.8323,654.8,252.2,fixation
10:27:58.8328,654.7,251.9,fixation
10:27:58.8333,654.5,251.7,fixation
10:27:58.8338,654.4,251.4,fixation
10:27:58.8343,654.1,252.5,fixation
10:27:58.8348,652.8,253.6,fixation
10:27:58.8353,651.7,254.2,fixation
10:27:58.8358,651.5,253.5,fixation
10:27:58.8363,653.0,252.8,fixation
10:27:58.8368,654.4,254.3,fixation
10:27:58.8373,654.9,255.8,fixation
10:27:58.8378,654.8,256.1,fixation
10:27:58.8383,655.1,254.8,fixation
10:27:58.8388,655.1,254.2,fixation
10:27:58.8393,655.0,254.9,fixation
10:27:58.8398,654.6,254.4,fixation
10:27:58.8403,655.2,253.3,fixation
10:27:58.8408,655.7,254.3,fixation
10:27:58.8413,655.9,256.5,fixation
10:27:58.8418,655.5,259.2,fixation
10:27:58.8423,656.8,259.9,fixation
10:27:58.8428,658.3,259.1,fixation
10:27:58.8433,659.8,257.7,fixation
10:27:58.8438,659.8,255.8,fixation
10:27:58.8443,659.6,255.4,fixation
10:27:58.8448,659.3,255.1,fixation
10:27:58.8453,658.5,255.2,fixation
10:27:58.8458,657.5,255.3,fixation
10:27:58.8463,656.5,255.1,fixation
10:27:58.8468,655.8,254.6,fixation
10:27:58.8473,655.5,254.2,fixation
10:27:58.8478,655.3,253.2,fixation
10:27:58.8483,655.3,252.6,fixation
10:27:58.8488,656.7,251.7,fixation
10:27:58.8493,658.1,251.4,fixation
10:27:58.8498,659.5,251.5,fixation
10:27:58.8503,659.6,251.5,fixation
10:27:58.8508,658.0,251.5,fixation
10:27:58.8513,656.4,251.7,fixation
10:27:58.8518,655.6,252.1,fixation
10:27:58.8523,656.9,252.5,fixation
10:27:58.8528,658.2,252.8,fixation
10:27:58.8533,658.6,253.1,fixation
10:27:58.8538,658.0,253.0,fixation
10:27:58.8543,657.3,252.7,fixation
10:27:58.8548,657.7,252.5,fixation
10:27:58.8553,658.8,252.6,fixation
10:27:58.8558,660.3,252.7,fixation
10:27:58.8563,660.6,252.6,fixation
10:27:58.8568,659.3,252.3,fixation
10:27:58.8573,657.6,251.0,fixation
10:27:58.8578,655.4,250.1,fixation
10:27:58.8583,654.8,249.4,fixation
10:27:58.8588,654.2,249.9,fixation
10:27:58.8593,654.1,250.2,fixation
10:27:58.8598,655.4,250.7,fixation
10:27:58.8603,656.7,251.2,fixation
10:27:58.8608,657.5,251.9,fixation
10:27:58.8613,657.0,252.7,fixation
10:27:58.8618,656.4,253.4,fixation
10:27:58.8623,656.3,253.4,fixation
10:27:58.8628,656.9,252.7,fixation
10:27:58.8633,657.5,252.2,fixation
10:27:58.8638,657.0,251.9,fixation
10:27:58.8643,655.9,251.3,fixation
10:27:58.8648,654.8,250.9,fixation
10:27:58.8653,654.9,250.8,fixation
10:27:58.8658,654.7,251.2,fixation
10:27:58.8663,654.5,251.4,fixation
10:27:58.8668,654.3,251.5,fixation
10:27:58.8673,652.9,251.7,fixation
10:27:58.8678,651.6,252.0,fixation
10:27:58.8683,652.0,252.1,fixation
10:27:58.8688,654.0,252.4,fixation
10:27:58.8693,656.1,252.8,fixation
10:27:58.8698,656.4,252.9,fixation
10:27:58.8703,656.8,252.9,fixation
10:27:58.8708,657.1,253.6,fixation
10:27:58.8713,657.4,254.8,fixation
10:27:58.8718,656.9,255.9,fixation
10:27:58.8723,656.4,256.2,fixation
10:27:58.8728,655.9,255.9,fixation
10:27:58.8733,655.4,255.5,fixation
10:27:58.8738,654.7,253.2,fixation
10:27:58.8743,654.1,251.0,fixation
10:27:58.8748,653.8,250.3,fixation
10:27:58.8753,653.4,251.6,fixation
10:27:58.8758,652.9,253.2,fixation
10:27:58.8763,652.3,253.3,fixation
10:27:58.8768,652.3,253.3,fixation
10:27:58.8773,653.7,253.0,fixation
10:27:58.8778,655.1,253.0,fixation
10:27:58.8783,656.7,253.2,fixation
10:27:58.8788,656.6,253.5,fixation
10:27:58.8793,656.2,253.7,fixation
10:27:58.8798,655.8,254.4,fixation
10:27:58.8803,655.0,255.8,fixation
10:27:58.8808,653.8,257.2,fixation
10:27:58.8813,652.6,256.5,fixation
10:27:58.8818,651.5,255.1,fixation
10:27:58.8823,650.9,253.8,fixation
10:27:58.8828,651.6,254.9,fixation
10:27:58.8833,652.8,256.2,fixation
10:27:58.8838,654.1,257.5,fixation
10:27:58.8843,654.6,257.5,fixation
10:27:58.8848,655.1,257.0,fixation
10:27:58.8853,655.5,256.5,fixation
10:27:58.8858,656.1,256.3,fixation
10:27:58.8863,656.7,256.6,fixation
10:27:58.8868,657.0,257.2,fixation
10:27:58.8873,656.6,257.8,fixation
10:27:58.8878,657.0,257.2,fixation
10:27:58.8883,657.9,256.3,fixation
10:27:58.8888,658.7,255.5,fixation
10:27:58.8893,658.5,255.7,fixation
10:27:58.8898,658.0,256.0,fixation
10:27:58.8903,657.5,256.6,fixation
10:27:58.8908,657.4,257.1,fixation
10:27:58.8913,657.4,256.6,fixation
10:27:58.8918,657.6,255.4,fixation
10:27:58.8923,658.1,254.2,fixation
10:27:58.8928,658.5,254.0,fixation
10:27:58.8933,657.2,253.9,fixation
10:27:58.8938,655.4,253.9,fixation
10:27:58.8943,653.8,253.9,fixation
10:27:58.8948,653.9,254.9,fixation
10:27:58.8953,654.0,255.3,fixation
10:27:58.8958,654.0,255.7,fixation
10:27:58.8963,653.3,255.2,fixation
10:27:58.8968,652.6,255.3,fixation
10:27:58.8973,652.0,255.0,fixation
10:27:58.8978,653.6,254.7,fixation
10:27:58.8983,655.5,253.8,fixation
10:27:58.8988,657.4,252.6,fixation
10:27:58.8993,657.6,251.4,fixation
10:27:58.8998,656.6,252.0,fixation
10:27:58.9003,655.6,253.3,fixation
10:27:58.9008,654.7,254.0,fixation
10:27:58.9013,654.8,253.5,fixation
10:27:58.9018,655.1,252.6,fixation
10:27:58.9023,655.5,252.2,fixation
10:27:58.9028,655.9,251.9,fixation
10:27:58.9033,654.0,251.7,fixation
10:27:58.9038,651.9,251.5,fixation
10:27:58.9043,649.3,251.1,fixation
10:27:58.9048,648.9,250.9,fixation
10:27:58.9053,648.8,250.8,fixation
10:27:58.9058,649.4,249.7,fixation
10:27:58.9063,651.2,248.6,fixation
10:27:58.9068,652.7,247.8,fixation
10:27:58.9073,654.0,248.4,fixation
10:27:58.9078,654.2,248.8,fixation
10:27:58.9083,654.3,249.0,fixation
10:27:58.9088,654.4,250.4,fixation
10:27:58.9093,654.5,251.4,fixation
10:27:58.9098,653.8,251.8,fixation
10:27:58.9103,653.0,250.5,fixation
10:27:58.9108,652.2,249.5,fixation
10:27:58.9113,652.1,248.7,fixation
10:27:58.9118,651.7,247.9,fixation
10:27:58.9123,651.4,247.3,fixation
10:27:58.9128,650.8,247.3,fixation
10:27:58.9133,650.6,247.8,fixation
10:27:58.9138,650.4,248.3,fixation
10:27:58.9143,650.5,249.1,fixation
10:27:58.9148,652.0,250.0,fixation
10:27:58.9153,653.4,250.8,fixation
10:27:58.9158,654.2,251.1,fixation
10:27:58.9163,653.4,251.7,fixation
10:27:58.9168,653.4,252.5,fixation
10:27:58.9173,654.2,253.2,fixation
10:27:58.9178,654.9,252.9,fixation
10:27:58.9183,654.8,252.5,fixation
10:27:58.9188,654.6,252.5,fixation
10:27:58.9193,654.6,252.7,fixation
10:27:58.9198,654.3,252.2,fixation
10:27:58.9203,654.0,251.3,fixation
10:27:58.9208,653.6,250.4,fixation
10:27:58.9213,653.3,250.4,fixation
10:27:58.9218,653.1,252.5,fixation
10:27:58.9223,652.8,254.5,fixation
10:27:58.9228,652.5,255.1,fixation
10:27:58.9233,652.1,252.3,fixation
10:27:58.9238,651.9,249.6,fixation
10:27:58.9243,651.8,250.7,fixation
10:27:58.9248,651.4,253.0,fixation
10:27:58.9253,651.0,254.0,fixation
10:27:58.9258,651.6,252.0,fixation
10:27:58.9263,654.3,250.2,fixation
10:27:58.9268,657.0,250.6,fixation
10:27:58.9273,657.4,251.3,fixation
10:27:58.9278,656.1,251.9,fixation
10:27:58.9283,654.8,251.9,fixation
10:27:58.9288,655.6,252.7,fixation
10:27:58.9293,656.4,253.5,fixation
10:27:58.9298,657.4,255.0,fixation
10:27:58.9303,657.6,256.0,fixation
10:27:58.9308,657.4,256.4,fixation
10:27:58.9313,657.1,255.9,fixation
10:27:58.9318,656.7,255.3,fixation
10:27:58.9323,657.0,255.5,fixation
10:27:58.9328,657.7,255.6,fixation
10:27:58.9333,658.4,255.7,fixation
10:27:58.9338,657.1,254.3,fixation
10:27:58.9343,655.5,252.6,fixation
10:27:58.9348,655.7,251.5,fixation
10:27:58.9353,659.0,252.2,fixation
10:27:58.9358,662.3,251.8,fixation
10:27:58.9363,663.0,250.9,fixation
10:27:58.9368,661.7,252.3,fixation
10:27:58.9373,660.5,254.7,fixation
10:27:58.9378,660.6,257.3,fixation
10:27:58.9383,661.0,257.5,fixation
10:27:58.9388,661.5,257.7,fixation
10:27:58.9393,661.6,257.6,fixation
10:27:58.9398,661.0,256.8,fixation
10:27:58.9403,659.8,255.5,fixation
10:27:58.9408,658.7,253.9,fixation
10:27:58.9413,658.0,252.7,fixation
10:27:58.9418,657.5,252.0,fixation
10:27:58.9423,656.9,251.5,fixation
10:27:58.9428,656.4,251.3,fixation
10:27:58.9433,655.3,251.6,fixation
10:27:58.9438,654.5,251.9,fixation
10:27:58.9443,654.7,252.2,fixation
10:27:58.9448,655.7,250.6,fixation
10:27:58.9453,655.3,249.0,fixation
10:27:58.9458,653.9,247.8,fixation
10:27:58.9463,652.5,247.8,fixation
10:27:58.9468,652.7,247.4,fixation
10:27:58.9473,652.5,246.6,fixation
10:27:58.9478,652.1,246.7,fixation
10:27:58.9483,652.6,248.4,fixation
10:27:58.9488,653.6,250.1,fixation
10:27:58.9493,654.6,251.3,fixation
10:27:58.9498,655.2,251.1,fixation
10:27:58.9503,655.7,250.9,fixation
10:27:58.9508,656.2,251.4,fixation
10:27:58.9513,656.3,252.1,fixation
10:27:58.9518,656.3,252.8,fixation
10:27:58.9523,656.3,252.8,fixation
10:27:58.9528,656.2,252.9,fixation
10:27:58.9533,655.5,252.9,fixation
10:27:58.9538,655.3,252.9,fixation
10:27:58.9543,655.1,252.8,fixation
10:27:58.9548,655.0,252.4,fixation
10:27:58.9553,654.1,252.0,fixation
10:27:58.9558,653.3,251.0,fixation
10:27:58.9563,653.4,250.1,fixation
10:27:58.9568,654.6,249.6,fixation
10:27:58.9573,655.8,249.8,fixation
10:27:58.9578,656.4,249.2,fixation
10:27:58.9583,656.3,248.5,fixation
10:27:58.9588,656.2,249.5,fixation
10:27:58.9593,656.3,250.9,fixation
10:27:58.9598,656.6,252.1,fixation
10:27:58.9603,656.7,251.3,fixation
10:27:58.9608,656.9,250.8,fixation
10:27:58.9613,656.7,250.6,fixation
10:27:58.9618,656.5,250.8,fixation
10:27:58.9623,656.6,250.5,fixation
10:27:58.9628,657.1,250.2,fixation
10:27:58.9633,657.2,251.3,fixation
10:27:58.9638,657.2,252.9,fixation
10:27:58.9643,656.9,253.5,fixation
10:27:58.9648,657.0,252.1,fixation
10:27:58.9653,656.9,249.9,fixation
10:27:58.9658,657.4,248.7,fixation
10:27:58.9663,658.4,248.0,fixation
10:27:58.9668,659.5,248.0,fixation
10:27:58.9673,658.0,247.4,fixation
10:27:58.9678,656.1,247.0,fixation
10:27:58.9683,653.9,246.8,fixation
10:27:58.9688,653.8,247.7,fixation
10:27:58.9693,653.4,248.9,fixation
10:27:58.9698,653.2,250.4,fixation
10:27:58.9703,653.3,250.7,fixation
10:27:58.9708,653.4,250.6,fixation
10:27:58.9713,653.5,250.3,fixation
10:27:58.9718,653.9,251.1,fixation
10:27:58.9723,654.5,251.9,fixation
10:27:58.9728,655.2,252.2,fixation
10:27:58.9733,655.3,251.9,fixation
10:27:58.9738,654.7,251.6,fixation
10:27:58.9743,653.9,251.5,fixation
10:27:58.9748,653.0,251.3,fixation
10:27:58.9753,652.8,252.7,fixation
10:27:58.9758,652.7,254.2,fixation
10:27:58.9763,650.8,255.7,fixation
10:27:58.9768,648.9,256.3,fixation
10:27:58.9773,646.8,256.9,fixation
10:27:58.9778,646.7,256.7,fixation
10:27:58.9783,647.9,255.4,fixation
10:27:58.9788,649.3,252.1,fixation
10:27:58.9793,650.6,250.2,fixation
10:27:58.9798,650.0,249.0,fixation
10:27:58.9803,648.9,249.8,fixation
10:27:58.9808,647.7,250.8,fixation
10:27:58.9813,647.0,251.5,fixation
10:27:58.9818,647.2,251.9,fixation
10:27:58.9823,647.4,251.6,fixation
10:27:58.9828,648.1,251.5,fixation
10:27:58.9833,648.3,251.5,fixation
10:27:58.9838,648.4,251.4,fixation
10:27:58.9843,647.9,251.4,fixation
10:27:58.9848,649.9,252.0,fixation
10:27:58.9853,652.1,251.9,fixation
10:27:58.9858,654.1,251.4,fixation
10:27:58.9863,653.6,250.6,fixation
10:27:58.9868,653.1,250.2,fixation
10:27:58.9873,652.9,249.7,fixation
10:27:58.9878,652.7,249.7,fixation
10:27:58.9883,652.4,250.6,fixation
10:27:58.9888,651.3,252.5,fixation
10:27:58.9893,650.4,253.7,fixation
10:27:58.9898,649.6,254.3,fixation
10:27:58.9903,649.9,253.8,fixation
10:27:58.9908,650.1,253.0,fixation
10:27:58.9913,649.7,251.1,fixation
10:27:58.9918,648.9,250.3,fixation
10:27:58.9923,648.4,249.8,fixation
10:27:58.9928,648.7,250.3,fixation
10:27:58.9933,649.0,251.8,fixation
10:27:58.9938,649.0,253.5,fixation
10:27:58.9943,649.5,255.3,fixation
10:27:58.9948,650.0,255.5,fixation
10:27:58.9953,650.4,254.2,fixation
10:27:58.9958,650.5,252.8,fixation
10:27:58.9963,650.6,251.4,fixation
10:27:58.9968,650.8,250.6,fixation
10:27:58.9973,650.7,249.9,fixation
10:27:58.9978,652.0,249.3,fixation
10:27:58.9983,653.4,249.3,fixation
10:27:58.9988,654.9,249.9,fixation
10:27:58.9993,655.2,250.5,fixation
10:27:58.9998,654.4,249.6,fixation
10:27:59.0003,653.5,248.2,fixation
10:27:59.0008,654.0,247.4,fixation
10:27:59.0013,655.3,248.7,fixation
10:27:59.0018,656.9,250.0,fixation
10:27:59.0023,657.2,250.6,fixation
10:27:59.0028,657.1,252.8,fixation
10:27:59.0033,656.3,255.0,fixation
10:27:59.0038,655.3,255.5,fixation
10:27:59.0043,654.7,253.7,fixation
10:27:59.0048,655.9,252.1,fixation
10:27:59.0053,657.2,252.4,fixation
10:27:59.0058,657.9,252.6,fixation
10:27:59.0063,655.4,252.5,fixation
10:27:59.0068,652.8,252.4,fixation
10:27:59.0073,651.0,252.4,fixation
10:27:59.0078,651.2,252.3,fixation
10:27:59.0083,651.0,252.8,fixation
10:27:59.0088,650.7,253.2,fixation
10:27:59.0093,652.5,253.9,fixation
10:27:59.0098,654.8,254.0,fixation
10:27:59.0103,655.4,254.1,fixation
10:27:59.0108,653.6,254.0,fixation
10:27:59.0113,651.9,253.9,fixation
10:27:59.0118,652.1,253.8,fixation
10:27:59.0123,653.5,253.7,fixation
10:27:59.0128,654.9,254.3,fixation
10:27:59.0133,655.9,253.8,fixation
10:27:59.0138,655.7,253.5,fixation
10:27:59.0143,655.5,252.6,fixation
10:27:59.0148,655.1,253.2,fixation
10:27:59.0153,655.0,253.7,fixation
10:27:59.0158,655.3,254.5,fixation
10:27:59.0163,655.9,255.0,fixation
10:27:59.0168,656.2,254.9,fixation
10:27:59.0173,656.2,254.5,fixation
10:27:59.0178,655.4,253.8,fixation
10:27:59.0183,654.6,253.1,fixation
10:27:59.0188,653.8,252.3,fixation
10:27:59.0193,653.8,252.2,fixation
10:27:59.0198,653.5,252.6,fixation
10:27:59.0203,651.8,253.3,fixation
10:27:59.0208,650.1,255.0,fixation
10:27:59.0213,651.9,256.8,fixation
10:27:59.0218,655.1,258.3,fixation
10:27:59.0223,658.0,259.0,fixation
10:27:59.0228,657.4,259.4,fixation
10:27:59.0233,655.8,257.5,fixation
10:27:59.0238,654.5,255.1,fixation
10:27:59.0243,653.3,253.7,fixation
10:27:59.0248,653.1,254.5,fixation
10:27:59.0253,652.2,255.8,fixation
10:27:59.0258,651.5,256.2,fixation
10:27:59.0263,650.9,256.6,fixation
10:27:59.0268,650.5,256.6,fixation
10:27:59.0273,649.9,255.9,fixation
10:27:59.0278,649.4,255.3,fixation
10:27:59.0283,648.8,254.2,fixation
10:27:59.0288,648.3,253.9,fixation
10:27:59.0293,648.0,254.9,fixation
10:27:59.0298,647.9,256.3,fixation
10:27:59.0303,647.8,257.6,fixation
10:27:59.0308,648.7,257.4,fixation
10:27:59.0313,649.6,256.1,fixation
10:27:59.0318,650.6,254.5,fixation
10:27:59.0323,650.7,252.9,fixation
10:27:59.0328,651.0,252.3,fixation
10:27:59.0333,651.0,252.1,fixation
10:27:59.0338,650.7,253.8,fixation
10:27:59.0343,650.1,255.7,fixation
10:27:59.0348,649.0,257.3,fixation
10:27:59.0353,648.2,256.8,fixation
10:27:59.0358,647.5,256.0,fixation
10:27:59.0363,648.6,255.4,fixation
10:27:59.0368,649.8,254.0,fixation
10:27:59.0373,652.6,252.9,fixation
10:27:59.0378,654.4,251.9,fixation
10:27:59.0383,656.0,252.3,fixation
10:27:59.0388,655.8,252.9,fixation
10:27:59.0393,653.8,253.5,fixation
10:27:59.0398,652.0,254.1,fixation
10:27:59.0403,652.1,254.9,fixation
10:27:59.0408,653.9,255.7,fixation
10:27:59.0413,655.8,255.0,fixation
10:27:59.0418,655.8,253.8,fixation
10:27:59.0423,655.1,252.7,fixation
10:27:59.0428,654.3,253.0,fixation
10:27:59.0433,652.4,253.2,fixation
10:27:59.0438,651.2,253.8,fixation
10:27:59.0443,650.7,254.7,fixation
10:27:59.0448,652.5,255.6,fixation
10:27:59.0453,654.2,254.5,fixation
10:27:59.0458,655.1,253.1,fixation
10:27:59.0463,654.7,252.2,fixation
10:27:59.0468,653.9,252.8,fixation
10:27:59.0473,653.2,254.3,fixation
10:27:59.0478,652.4,255.1,fixation
10:27:59.0483,651.7,253.9,fixation
10:27:59.0488,651.1,250.8,fixation
10:27:59.0493,650.4,247.7,fixation
10:27:59.0498,650.1,249.3,fixation
10:27:59.0503,650.6,252.1,fixation
10:27:59.0508,651.5,254.5,fixation
10:27:59.0513,652.4,254.2,fixation
10:27:59.0518,654.1,253.9,fixation
10:27:59.0523,655.7,254.1,fixation
10:27:59.0528,656.8,254.3,fixation
10:27:59.0533,656.1,254.5,fixation
10:27:59.0538,655.5,254.1,fixation
10:27:59.0543,655.0,253.4,fixation
10:27:59.0548,654.8,252.6,fixation
10:27:59.0553,654.7,252.3,fixation
10:27:59.0558,654.5,252.0,fixation
10:27:59.0563,654.0,251.5,fixation
10:27:59.0568,654.2,251.0,fixation
10:27:59.0573,654.9,250.8,fixation
10:27:59.0578,655.4,253.7,fixation
10:27:59.0583,655.3,256.6,fixation
10:27:59.0588,655.2,259.6,fixation
10:27:59.0593,655.2,259.6,fixation
10:27:59.0598,655.5,259.0,fixation
10:27:59.0603,655.8,257.7,fixation
10:27:59.0608,656.2,256.1,fixation
10:27:59.0613,656.4,254.8,fixation
10:27:59.0618,656.5,254.1,fixation
10:27:59.0623,656.5,253.8,fixation
10:27:59.0628,656.5,253.8,fixation
10:27:59.0633,656.6,254.6,fixation
10:27:59.0638,656.3,255.2,fixation
10:27:59.0643,655.2,254.7,fixation
10:27:59.0648,654.2,253.5,fixation
10:27:59.0653,654.7,252.3,fixation
10:27:59.0658,656.0,252.1,fixation
10:27:59.0663,656.6,252.2,fixation
10:27:59.0668,655.8,252.4,fixation
10:27:59.0673,655.4,253.4,fixation
10:27:59.0678,655.9,254.3,fixation
10:27:59.0683,656.3,253.4,fixation
10:27:59.0688,656.2,251.7,fixation
10:27:59.0693,655.9,250.0,fixation
10:27:59.0698,655.5,250.4,fixation
10:27:59.0703,655.1,250.8,fixation
10:27:59.0708,655.0,251.8,fixation
10:27:59.0713,655.0,252.5,fixation
10:27:59.0718,655.2,253.6,fixation
10:27:59.0723,655.2,254.1,fixation
10:27:59.0728,655.2,254.4,fixation
10:27:59.0733,655.0,253.9,fixation
10:27:59.0738,654.9,253.6,fixation
10:27:59.0743,654.6,253.5,fixation
10:27:59.0748,655.0,254.0,fixation
10:27:59.0753,655.5,254.4,fixation
10:27:59.0758,655.5,254.3,fixation
10:27:59.0763,654.8,253.6,fixation
10:27:59.0768,653.6,252.8,fixation
10:27:59.0773,653.1,252.5,fixation
10:27:59.0778,652.8,252.2,fixation
10:27:59.0783,653.2,251.9,fixation
10:27:59.0788,653.5,251.4,fixation
10:27:59.0793,652.7,248.7,fixation
10:27:59.0798,651.7,246.2,fixation
10:27:59.0803,651.9,244.1,fixation
10:27:59.0808,653.2,244.9,fixation
10:27:59.0813,654.5,246.2,fixation
10:27:59.0818,654.3,247.8,fixation
10:27:59.0823,654.1,249.0,fixation
10:27:59.0828,653.8,249.8,fixation
10:27:59.0833,654.2,249.4,fixation
10:27:59.0838,654.6,248.7,fixation
10:27:59.0843,655.0,250.8,fixation
10:27:59.0848,655.0,253.7,fixation
10:27:59.0853,655.1,254.9,fixation
10:27:59.0858,655.8,253.3,fixation
10:27:59.0863,656.5,251.5,fixation
10:27:59.0868,656.9,251.2,fixation
10:27:59.0873,656.4,250.9,fixation
10:27:59.0878,654.6,251.8,fixation
10:27:59.0883,653.1,252.8,fixation
10:27:59.0888,651.6,251.8,fixation
10:27:59.0893,651.3,249.8,fixation
10:27:59.0898,651.5,247.8,fixation
10:27:59.0903,652.3,248.0,fixation
10:27:59.0908,653.3,249.5,fixation
10:27:59.0913,654.1,250.9,fixation
10:27:59.0918,654.5,252.2,fixation
10:27:59.0923,654.8,252.3,fixation
10:27:59.0928,654.9,252.2,fixation
10:27:59.0933,653.7,251.8,fixation
10:27:59.0938,652.4,251.4,fixation
10:27:59.0943,652.5,251.9,fixation
10:27:59.0948,653.4,252.6,fixation
10:27:59.0953,654.5,253.8,fixation
10:27:59.0958,654.1,254.2,fixation
10:27:59.0963,654.1,255.2,fixation
10:27:59.0968,653.9,255.7,fixation
10:27:59.0973,653.7,253.8,fixation
10:27:59.0978,653.8,251.4,fixation
10:27:59.0983,653.4,249.8,fixation
10:27:59.0988,653.1,251.8,fixation
10:27:59.0993,652.5,253.7,fixation
10:27:59.0998,652.7,254.3,fixation
10:27:59.1003,652.6,253.2,fixation
10:27:59.1008,652.5,251.2,fixation
10:27:59.1013,652.5,248.4,fixation
10:27:59.1018,652.5,246.2,fixation
10:27:59.1023,651.6,245.4,fixation
10:27:59.1028,650.7,246.0,fixation
10:27:59.1033,650.4,246.7,fixation
10:27:59.1038,651.4,249.2,fixation
10:27:59.1043,652.8,251.5,fixation
10:27:59.1048,653.3,253.4,fixation
10:27:59.1053,653.3,252.8,fixation
10:27:59.1058,652.6,252.0,fixation
10:27:59.1063,651.9,250.4,fixation
10:27:59.1068,651.2,250.3,fixation
10:27:59.1073,651.9,250.2,fixation
10:27:59.1078,653.3,251.0,fixation
10:27:59.1083,654.9,250.0,fixation
10:27:59.1088,655.6,249.4,fixation
10:27:59.1093,656.0,249.0,fixation
10:27:59.1098,656.6,249.0,fixation
10:27:59.1103,656.6,249.0,fixation
10:27:59.1108,655.8,247.9,fixation
10:27:59.1113,654.8,246.7,fixation
10:27:59.1118,654.2,246.4,fixation
10:27:59.1123,654.1,248.3,fixation
10:27:59.1128,653.9,250.2,fixation
10:27:59.1133,654.8,251.8,fixation
10:27:59.1138,655.4,252.5,fixation
10:27:59.1143,655.6,251.9,fixation
10:27:59.1148,654.8,250.6,fixation
10:27:59.1153,653.3,249.0,fixation
10:27:59.1158,652.1,248.7,fixation
10:27:59.1163,652.2,248.5,fixation
10:27:59.1168,653.3,248.7,fixation
10:27:59.1173,654.9,250.8,fixation
10:27:59.1178,655.2,252.9,fixation
10:27:59.1183,655.4,254.0,fixation
10:27:59.1188,655.2,253.2,fixation
10:27:59.1193,655.0,252.5,fixation
10:27:59.1198,654.5,251.7,fixation
10:27:59.1203,654.1,250.8,fixation
10:27:59.1208,653.7,250.0,fixation
10:27:59.1213,653.9,249.8,fixation
10:27:59.1218,654.0,249.7,fixation
10:27:59.1223,652.8,249.2,fixation
10:27:59.1228,651.5,248.9,fixation
10:27:59.1233,651.2,249.0,fixation
10:27:59.1238,652.3,249.8,fixation
10:27:59.1243,653.4,250.5,fixation
10:27:59.1248,653.4,251.1,fixation
10:27:59.1253,653.0,251.3,fixation
10:27:59.1258,652.2,252.2,fixation
10:27:59.1263,651.3,253.0,fixation
10:27:59.1268,650.8,252.4,fixation
10:27:59.1273,650.9,251.0,fixation
10:27:59.1278,651.1,249.5,fixation
10:27:59.1283,653.2,250.3,fixation
10:27:59.1288,655.2,251.1,fixation
10:27:59.1293,657.0,252.0,fixation
10:27:59.1298,657.0,250.9,fixation
10:27:59.1303,654.6,249.8,fixation
10:27:59.1308,652.2,249.8,fixation
10:27:59.1313,652.3,251.6,fixation
10:27:59.1318,654.8,254.2,fixation
10:27:59.1323,656.3,255.7,fixation
10:27:59.1328,655.4,255.6,fixation
10:27:59.1333,654.4,254.8,fixation
10:27:59.1338,654.3,254.1,fixation
10:27:59.1343,654.5,254.2,fixation
10:27:59.1348,654.7,254.4,fixation
10:27:59.1353,654.7,254.4,fixation
10:27:59.1358,654.3,254.4,fixation
10:27:59.1363,653.9,254.2,fixation
10:27:59.1368,654.8,254.9,fixation
10:27:59.1373,655.8,256.2,fixation
10:27:59.1378,657.2,257.5,fixation
10:27:59.1383,657.5,257.1,fixation
10:27:59.1388,656.8,256.2,fixation
10:27:59.1393,655.8,255.4,fixation
10:27:59.1398,655.5,255.8,fixation
10:27:59.1403,656.3,256.6,fixation
10:27:59.1408,657.2,257.3,fixation
10:27:59.1413,657.4,257.7,fixation
10:27:59.1418,657.6,257.9,fixation
10:27:59.1423,658.1,258.2,fixation
10:27:59.1428,658.7,258.5,fixation
10:27:59.1433,658.9,258.5,fixation
10:27:59.1438,658.5,258.1,fixation
10:27:59.1443,657.6,257.7,fixation
10:27:59.1448,657.0,257.5,fixation
10:27:59.1453,657.0,257.5,fixation
10:27:59.1458,657.4,257.8,fixation
10:27:59.1463,656.6,258.0,fixation
10:27:59.1468,655.2,257.9,fixation
10:27:59.1473,653.9,257.4,fixation
10:27:59.1478,653.9,255.4,fixation
10:27:59.1483,653.8,253.6,fixation
10:27:59.1488,654.6,253.2,fixation
10:27:59.1493,655.5,254.3,fixation
10:27:59.1498,655.5,254.0,fixation
10:27:59.1503,654.7,252.7,fixation
10:27:59.1508,653.9,251.4,fixation
10:27:59.1513,654.4,251.8,fixation
10:27:59.1518,654.8,252.0,fixation
10:27:59.1523,654.6,251.1,fixation
10:27:59.1528,653.8,250.1,fixation
10:27:59.1533,655.0,249.2,fixation
10:27:59.1538,656.9,249.3,fixation
10:27:59.1543,658.6,249.4,fixation
10:27:59.1548,658.2,249.1,fixation
10:27:59.1553,657.4,248.4,fixation
10:27:59.1558,656.8,247.8,fixation
10:27:59.1563,657.7,248.2,fixation
10:27:59.1568,659.1,251.8,fixation
10:27:59.1573,660.1,255.4,fixation
10:27:59.1578,659.9,255.2,fixation
10:27:59.1583,659.6,252.1,fixation
10:27:59.1588,659.1,249.4,fixation
10:27:59.1593,658.6,250.1,fixation
10:27:59.1598,657.8,250.4,fixation
10:27:59.1603,657.7,250.5,fixation
10:27:59.1608,657.8,251.0,fixation
10:27:59.1613,658.5,252.0,fixation
10:27:59.1618,659.1,253.0,fixation
10:27:59.1623,659.7,253.4,fixation
10:27:59.1628,660.0,253.5,fixation
10:27:59.1633,659.5,252.3,fixation
10:27:59.1638,658.8,251.0,fixation
10:27:59.1643,658.1,249.9,fixation
10:27:59.1648,657.8,250.1,fixation
10:27:59.1653,657.2,250.2,fixation
10:27:59.1658,656.6,250.2,fixation
10:27:59.1663,656.2,250.5,fixation
10:27:59.1668,655.7,250.9,fixation
10:27:59.1673,655.2,252.5,fixation
10:27:59.1678,655.0,253.7,fixation
10:27:59.1683,655.5,254.6,fixation
10:27:59.1688,656.0,253.8,fixation
10:27:59.1693,656.3,252.9,fixation
10:27:59.1698,656.4,252.4,fixation
10:27:59.1703,657.5,253.2,fixation
10:27:59.1708,658.6,254.2,fixation
10:27:59.1713,658.5,253.4,fixation
10:27:59.1718,656.4,251.5,fixation
10:27:59.1723,653.7,250.8,fixation
10:27:59.1728,652.2,252.0,fixation
10:27:59.1733,651.9,251.7,fixation
10:27:59.1738,652.4,250.1,fixation
10:27:59.1743,654.8,248.7,fixation
10:27:59.1748,656.8,248.7,fixation
10:27:59.1753,658.3,249.0,fixation
10:27:59.1758,657.7,249.2,fixation
10:27:59.1763,657.3,249.4,fixation
10:27:59.1768,657.2,249.8,fixation
10:27:59.1773,657.1,250.1,fixation
10:27:59.1778,656.3,249.9,fixation
10:27:59.1783,655.4,249.3,fixation
10:27:59.1788,654.9,249.2,fixation
10:27:59.1793,655.0,250.2,fixation
10:27:59.1798,655.2,251.3,fixation
10:27:59.1803,656.1,250.0,saccade
10:27:59.1808,656.5,249.1,saccade
10:27:59.1813,656.9,249.0,saccade
10:27:59.1818,657.9,248.7,saccade
10:27:59.1823,659.1,248.3,saccade
10:27:59.1828,660.6,249.5,saccade
10:27:59.1833,661.7,251.2,saccade
10:27:59.1838,664.6,253.6,saccade
10:27:59.1843,667.6,254.4,saccade
10:27:59.1848,670.0,253.5,saccade
10:27:59.1853,670.9,250.7,saccade
10:27:59.1858,671.6,247.9,saccade
10:27:59.1863,672.7,246.3,saccade
10:27:59.1868,674.6,246.2,saccade
10:27:59.1873,676.4,246.0,saccade
10:27:59.1878,678.4,246.1,saccade
10:27:59.1883,679.1,246.4,saccade
10:27:59.1888,679.9,247.1,saccade
10:27:59.1893,682.8,248.4,saccade
10:27:59.1898,687.8,249.2,saccade
10:27:59.1903,692.6,249.3,saccade
10:27:59.1908,694.3,249.1,saccade
10:27:59.1913,698.0,249.3,saccade
10:27:59.1918,703.2,249.7,saccade
10:27:59.1923,709.8,249.7,saccade
10:27:59.1928,713.9,249.8,saccade
10:27:59.1933,718.2,250.0,saccade
10:27:59.1938,721.0,248.9,saccade
10:27:59.1943,722.2,245.0,saccade
10:27:59.1948,722.3,241.0,saccade
10:27:59.1953,722.4,239.2,saccade
10:27:59.1958,722.7,240.4,saccade
10:27:59.1963,723.1,242.1,saccade
10:27:59.1968,723.5,243.0,saccade
10:27:59.1973,723.2,243.5,saccade
10:27:59.1978,722.7,242.3,saccade
10:27:59.1983,722.3,241.0,saccade
10:27:59.1988,721.8,240.1,saccade
10:27:59.1993,721.1,240.8,saccade
10:27:59.1998,718.3,241.1,fixation
10:27:59.2003,716.4,240.5,fixation
10:27:59.2008,714.7,240.3,fixation
10:27:59.2013,714.7,241.1,fixation
10:27:59.2018,714.5,241.9,fixation
10:27:59.2023,714.0,242.4,fixation
10:27:59.2028,713.3,242.9,fixation
10:27:59.2033,712.4,243.4,fixation
10:27:59.2038,711.6,243.0,fixation
10:27:59.2043,710.9,242.3,fixation
10:27:59.2048,709.9,241.5,fixation
10:27:59.2053,708.3,241.9,fixation
10:27:59.2058,706.9,242.1,fixation
10:27:59.2063,706.5,242.5,fixation
10:27:59.2068,707.0,242.8,fixation
10:27:59.2073,707.5,242.9,fixation
10:27:59.2078,707.5,241.5,fixation
10:27:59.2083,707.1,240.0,fixation
10:27:59.2088,706.8,239.4,fixation
10:27:59.2093,705.8,240.3,fixation
10:27:59.2098,704.8,240.7,fixation
10:27:59.2103,703.8,240.2,fixation
10:27:59.2108,703.8,239.4,fixation
10:27:59.2113,703.9,239.2,fixation
10:27:59.2118,704.1,239.0,fixation
10:27:59.2123,704.3,239.0,fixation
10:27:59.2128,704.6,239.0,fixation
10:27:59.2133,705.7,239.6,fixation
10:27:59.2138,706.8,241.6,fixation
10:27:59.2143,706.8,243.4,fixation
10:27:59.2148,705.8,241.4,fixation
10:27:59.2153,704.2,238.2,fixation
10:27:59.2158,703.7,236.3,fixation
10:27:59.2163,705.2,237.6,fixation
10:27:59.2168,707.2,240.4,fixation
10:27:59.2173,709.4,241.9,fixation
10:27:59.2178,710.1,244.4,fixation
10:27:59.2183,711.4,245.6,fixation
10:27:59.2188,712.1,246.6,fixation
10:27:59.2193,712.3,246.4,fixation
10:27:59.2198,711.9,245.6,fixation
10:27:59.2203,711.5,245.1,fixation
10:27:59.2208,710.7,244.7,fixation
10:27:59.2213,709.9,244.7,fixation
10:27:59.2218,709.3,245.6,fixation
10:27:59.2223,709.0,246.4,fixation
10:27:59.2228,708.1,247.0,fixation
10:27:59.2233,707.5,246.7,fixation
10:27:59.2238,707.9,246.7,fixation
10:27:59.2243,708.4,247.0,fixation
10:27:59.2248,708.9,247.3,fixation
10:27:59.2253,708.4,246.6,fixation
10:27:59.2258,708.4,245.6,fixation
10:27:59.2263,708.5,244.8,fixation
10:27:59.2268,708.6,245.0,fixation
10:27:59.2273,709.6,244.9,fixation
10:27:59.2278,710.5,244.5,fixation
10:27:59.2283,713.1,245.4,fixation
10:27:59.2288,714.9,246.7,fixation
10:27:59.2293,716.3,248.0,fixation
10:27:59.2298,715.7,248.2,fixation
10:27:59.2303,715.0,248.6,fixation
10:27:59.2308,714.7,247.2,fixation
10:27:59.2313,713.6,245.2,fixation
10:27:59.2318,712.6,243.4,fixation
10:27:59.2323,711.6,243.5,fixation
10:27:59.2328,711.7,242.6,fixation
10:27:59.2333,711.7,242.5,fixation
10:27:59.2338,711.6,242.4,fixation
10:27:59.2343,711.9,242.2,fixation
10:27:59.2348,712.1,241.0,fixation
10:27:59.2353,710.7,239.6,fixation
10:27:59.2358,708.9,239.3,fixation
10:27:59.2363,707.9,239.4,fixation
10:27:59.2368,708.7,239.9,fixation
10:27:59.2373,709.4,240.4,fixation
10:27:59.2378,709.5,241.6,fixation
10:27:59.2383,709.6,242.7,fixation
10:27:59.2388,709.7,243.7,fixation
10:27:59.2393,709.0,243.4,fixation
10:27:59.2398,708.2,242.6,fixation
10:27:59.2403,706.8,240.8,fixation
10:27:59.2408,706.1,239.1,fixation
10:27:59.2413,705.4,240.6,fixation
10:27:59.2418,705.2,243.1,fixation
10:27:59.2423,705.0,245.0,fixation
10:27:59.2428,705.1,245.0,fixation
10:27:59.2433,706.6,245.0,fixation
10:27:59.2438,708.1,245.7,fixation
10:27:59.2443,709.5,245.6,fixation
10:27:59.2448,709.8,245.5,fixation
10:27:59.2453,709.9,245.1,fixation
10:27:59.2458,710.0,244.2,fixation
10:27:59.2463,709.7,243.0,fixation
10:27:59.2468,709.1,241.1,fixation
10:27:59.2473,708.7,239.7,fixation
10:27:59.2478,708.5,238.2,fixation
10:27:59.2483,708.9,238.0,fixation
10:27:59.2488,709.6,237.8,fixation
10:27:59.2493,710.3,238.1,fixation
10:27:59.2498,709.5,238.0,fixation
10:27:59.2503,708.6,237.9,fixation
10:27:59.2508,707.8,238.0,fixation
10:27:59.2513,708.8,238.2,fixation
10:27:59.2518,709.6,238.6,fixation
10:27:59.2523,710.3,238.9,fixation
10:27:59.2528,709.6,238.1,fixation
10:27:59.2533,708.9,236.7,fixation
10:27:59.2538,708.5,235.4,fixation
10:27:59.2543,708.9,233.8,fixation
10:27:59.2548,709.3,232.8,fixation
10:27:59.2553,710.5,231.9,fixation
10:27:59.2558,711.8,234.8,fixation
10:27:59.2563,712.1,238.7,fixation
10:27:59.2568,711.3,242.4,fixation
10:27:59.2573,711.3,243.8,fixation
10:27:59.2578,712.3,242.0,fixation
10:27:59.2583,713.5,240.3,fixation
10:27:59.2588,713.9,241.1,fixation
10:27:59.2593,714.1,243.7,fixation
10:27:59.2598,714.2,246.2,fixation
10:27:59.2603,714.2,246.1,fixation
10:27:59.2608,714.3,245.8,fixation
10:27:59.2613,713.8,244.8,fixation
10:27:59.2618,713.1,243.9,fixation
10:27:59.2623,712.3,242.8,fixation
10:27:59.2628,712.1,242.2,fixation
10:27:59.2633,712.1,241.6,fixation
10:27:59.2638,712.3,241.2,fixation
10:27:59.2643,712.6,241.2,fixation
10:27:59.2648,712.0,241.1,fixation
10:27:59.2653,710.2,240.9,fixation
10:27:59.2658,708.3,240.5,fixation
10:27:59.2663,707.1,240.0,fixation
10:27:59.2668,707.0,239.8,fixation
10:27:59.2673,708.6,240.0,fixation
10:27:59.2678,710.2,240.1,fixation
10:27:59.2683,710.0,240.3,fixation
10:27:59.2688,708.1,240.6,fixation
10:27:59.2693,706.6,241.0,fixation
10:27:59.2698,707.1,241.1,fixation
10:27:59.2703,707.5,240.3,fixation
10:27:59.2708,707.4,239.4,fixation
10:27:59.2713,708.9,238.7,fixation
10:27:59.2718,710.5,238.1,fixation
10:27:59.2723,711.8,236.8,fixation
10:27:59.2728,711.0,234.7,fixation
10:27:59.2733,708.9,233.3,fixation
10:27:59.2738,707.0,233.6,fixation
10:27:59.2743,705.3,234.7,fixation
10:27:59.2748,705.3,235.6,fixation
10:27:59.2753,705.4,235.4,fixation
10:27:59.2758,705.9,235.5,fixation
10:27:59.2763,706.1,236.4,fixation
10:27:59.2768,706.6,237.8,fixation
10:27:59.2773,707.8,239.0,fixation
10:27:59.2778,709.0,239.0,fixation
10:27:59.2783,710.0,238.6,fixation
10:27:59.2788,710.1,238.5,fixation
10:27:59.2793,710.2,239.4,fixation
10:27:59.2798,710.2,240.2,fixation
10:27:59.2803,710.5,240.9,fixation
10:27:59.2808,710.9,241.1,fixation
10:27:59.2813,711.3,241.2,fixation
10:27:59.2818,711.3,241.0,fixation
10:27:59.2823,709.5,240.7,fixation
10:27:59.2828,707.8,241.1,fixation
10:27:59.2833,706.4,241.7,fixation
10:27:59.2838,707.1,241.8,fixation
10:27:59.2843,707.8,241.3,fixation
10:27:59.2848,708.4,240.2,fixation
10:27:59.2853,708.5,239.6,fixation
10:27:59.2858,708.7,239.2,fixation
10:27:59.2863,708.9,239.7,fixation
10:27:59.2868,709.4,240.1,fixation
10:27:59.2873,710.6,240.4,fixation
10:27:59.2878,711.6,240.6,fixation
10:27:59.2883,712.4,240.9,fixation
10:27:59.2888,712.5,241.2,fixation
10:27:59.2893,712.4,241.5,fixation
10:27:59.2898,712.2,241.8,fixation
10:27:59.2903,713.0,242.1,fixation
10:27:59.2908,713.8,241.9,fixation
10:27:59.2913,714.4,241.7,fixation
10:27:59.2918,714.0,241.7,fixation
10:27:59.2923,714.3,242.1,fixation
10:27:59.2928,715.1,242.9,fixation
10:27:59.2933,714.5,244.1,fixation
10:27:59.2938,713.2,245.0,fixation
10:27:59.2943,712.7,245.7,fixation
10:27:59.2948,714.4,245.8,fixation
10:27:59.2953,716.2,245.7,fixation
10:27:59.2958,716.6,245.3,fixation
10:27:59.2963,715.3,244.8,fixation
10:27:59.2968,714.1,242.8,fixation
10:27:59.2973,713.6,241.1,fixation
10:27:59.2978,714.3,242.0,fixation
10:27:59.2983,714.9,244.2,fixation
10:27:59.2988,715.4,246.0,fixation
10:27:59.2993,715.5,245.1,fixation
10:27:59.2998,715.7,244.7,fixation
10:27:59.3003,715.8,245.9,fixation
10:27:59.3008,715.0,247.0,fixation
10:27:59.3013,714.1,248.1,fixation
10:27:59.3018,713.2,246.3,fixation
10:27:59.3023,712.1,244.6,fixation
10:27:59.3028,711.0,242.9,fixation
10:27:59.3033,709.5,242.9,fixation
10:27:59.3038,709.2,242.8,fixation
10:27:59.3043,708.9,241.7,fixation
10:27:59.3048,708.7,240.7,fixation
10:27:59.3053,708.6,239.8,fixation
10:27:59.3058,708.7,239.9,fixation
10:27:59.3063,708.9,239.8,fixation
10:27:59.3068,710.7,240.5,fixation
10:27:59.3073,712.2,241.9,fixation
10:27:59.3078,713.6,243.2,fixation
10:27:59.3083,712.7,243.8,fixation
10:27:59.3088,711.9,243.8,fixation
10:27:59.3093,711.1,242.2,fixation
10:27:59.3098,711.1,240.7,fixation
10:27:59.3103,711.4,239.3,fixation
10:27:59.3108,711.8,239.3,fixation
10:27:59.3113,711.9,239.4,fixation
10:27:59.3118,711.8,239.4,fixation
10:27:59.3123,712.6,241.0,fixation
10:27:59.3128,713.6,242.6,fixation
10:27:59.3133,713.3,242.4,fixation
10:27:59.3138,712.3,240.5,fixation
10:27:59.3143,711.3,238.6,fixation
10:27:59.3148,711.8,238.6,fixation
10:27:59.3153,712.1,238.6,fixation
10:27:59.3158,712.5,238.6,fixation
10:27:59.3163,712.2,237.5,fixation
10:27:59.3168,711.3,236.5,fixation
10:27:59.3173,710.5,235.8,fixation
10:27:59.3178,710.4,236.5,fixation
10:27:59.3183,710.7,238.5,fixation
10:27:59.3188,710.6,240.3,fixation
10:27:59.3193,710.3,241.7,fixation
10:27:59.3198,710.0,242.1,fixation
10:27:59.3203,709.5,242.3,fixation
10:27:59.3208,708.2,242.4,fixation
10:27:59.3213,707.0,242.1,fixation
10:27:59.3218,707.3,241.5,fixation
10:27:59.3223,708.5,241.0,fixation
10:27:59.3228,709.7,240.7,fixation
10:27:59.3233,709.8,241.0,fixation
10:27:59.3238,710.9,241.5,fixation
10:27:59.3243,712.0,242.1,fixation
10:27:59.3248,713.4,242.8,fixation
10:27:59.3253,713.8,243.0,fixation
10:27:59.3258,713.8,242.4,fixation
10:27:59.3263,713.0,241.4,fixation
10:27:59.3268,712.0,239.8,fixation
10:27:59.3273,711.8,239.2,fixation
10:27:59.3278,712.1,238.7,fixation
10:27:59.3283,712.7,238.7,fixation
10:27:59.3288,712.8,238.9,fixation
10:27:59.3293,713.7,240.9,fixation
10:27:59.3298,714.3,243.0,fixation
10:27:59.3303,715.0,244.1,fixation
10:27:59.3308,714.9,244.3,fixation
10:27:59.3313,714.9,244.4,fixation
10:27:59.3318,714.8,243.6,fixation
10:27:59.3323,714.5,241.9,fixation
10:27:59.3328,714.3,240.1,fixation
10:27:59.3333,714.1,239.8,fixation
10:27:59.3338,713.9,239.5,fixation
10:27:59.3343,714.5,239.3,fixation
10:27:59.3348,716.5,240.2,fixation
10:27:59.3353,718.4,241.1,fixation
10:27:59.3358,719.6,241.1,fixation
10:27:59.3363,719.5,240.1,fixation
10:27:59.3368,719.3,239.1,fixation
10:27:59.3373,719.1,239.1,fixation
10:27:59.3378,719.0,238.9,fixation
10:27:59.3383,717.7,238.6,fixation
10:27:59.3388,716.4,237.7,fixation
10:27:59.3393,715.1,237.0,fixation
10:27:59.3398,715.1,236.3,fixation
10:27:59.3403,715.2,237.6,fixation
10:27:59.3408,715.3,239.0,fixation
10:27:59.3413,715.4,239.1,fixation
10:27:59.3418,717.2,237.8,fixation
10:27:59.3423,718.8,236.6,fixation
10:27:59.3428,720.3,236.4,fixation
10:27:59.3433,718.6,236.0,fixation
10:27:59.3438,716.9,237.2,fixation
10:27:59.3443,716.2,238.3,fixation
10:27:59.3448,717.3,239.4,fixation
10:27:59.3453,718.3,240.4,fixation
10:27:59.3458,717.9,241.7,fixation
10:27:59.3463,717.4,240.9,fixation
10:27:59.3468,717.0,238.5,fixation
10:27:59.3473,716.0,236.0,fixation
10:27:59.3478,714.3,238.0,fixation
10:27:59.3483,712.6,240.2,fixation
10:27:59.3488,712.7,242.4,fixation
10:27:59.3493,713.8,242.3,fixation
10:27:59.3498,714.9,242.2,fixation
10:27:59.3503,715.3,242.8,fixation
10:27:59.3508,715.7,243.3,fixation
10:27:59.3513,716.0,242.7,fixation
10:27:59.3518,714.7,241.5,fixation
10:27:59.3523,713.2,240.3,fixation
10:27:59.3528,711.9,239.8,fixation
10:27:59.3533,712.4,238.7,fixation
10:27:59.3538,712.8,237.4,fixation
10:27:59.3543,713.1,236.8,fixation
10:27:59.3548,713.3,237.2,fixation
10:27:59.3553,713.3,237.6,fixation
10:27:59.3558,714.4,237.8,fixation
10:27:59.3563,715.5,238.3,fixation
10:27:59.3568,716.6,238.9,fixation
10:27:59.3573,716.4,238.4,fixation
10:27:59.3578,715.8,237.3,fixation
10:27:59.3583,714.8,236.3,fixation
10:27:59.3588,714.0,238.7,fixation
10:27:59.3593,713.9,241.2,fixation
10:27:59.3598,714.1,243.8,fixation
10:27:59.3603,714.2,243.9,fixation
10:27:59.3608,715.2,245.6,fixation
10:27:59.3613,716.3,247.4,fixation
10:27:59.3618,715.7,245.6,fixation
10:27:59.3623,713.9,241.6,fixation
10:27:59.3628,712.0,236.3,fixation
10:27:59.3633,712.1,233.1,fixation
10:27:59.3638,712.7,230.5,fixation
10:27:59.3643,713.3,232.3,fixation
10:27:59.3648,713.7,235.5,fixation
10:27:59.3653,713.6,237.5,fixation
10:27:59.3658,713.6,236.3,fixation
10:27:59.3663,713.3,236.4,fixation
10:27:59.3668,713.0,239.0,fixation
10:27:59.3673,712.8,241.6,fixation
10:27:59.3678,712.9,243.2,fixation
10:27:59.3683,713.1,243.3,fixation
10:27:59.3688,713.2,243.4,fixation
10:27:59.3693,713.5,243.2,fixation
10:27:59.3698,713.9,243.1,fixation
10:27:59.3703,714.2,242.8,fixation
10:27:59.3708,714.1,242.6,fixation
10:27:59.3713,714.1,243.2,fixation
10:27:59.3718,714.3,244.0,fixation
10:27:59.3723,714.1,244.8,fixation
10:27:59.3728,713.7,244.8,fixation
10:27:59.3733,713.2,244.6,fixation
10:27:59.3738,713.8,244.0,fixation
10:27:59.3743,714.3,241.3,fixation
10:27:59.3748,714.7,238.8,fixation
10:27:59.3753,715.2,236.6,fixation
10:27:59.3758,716.0,237.9,fixation
10:27:59.3763,716.9,239.1,fixation
10:27:59.3768,716.5,240.7,fixation
10:27:59.3773,715.8,241.2,fixation
10:27:59.3778,715.1,241.8,fixation
10:27:59.3783,715.1,241.9,fixation
10:27:59.3788,715.0,241.8,fixation
10:27:59.3793,714.8,239.2,fixation
10:27:59.3798,714.7,236.5,fixation
10:27:59.3803,714.7,235.5,fixation
10:27:59.3808,714.8,237.0,fixation
10:27:59.3813,714.6,236.8,fixation
10:27:59.3818,714.3,235.3,fixation
10:27:59.3823,714.0,236.6,fixation
10:27:59.3828,714.1,239.6,fixation
10:27:59.3833,714.4,241.7,fixation
10:27:59.3838,715.0,240.2,fixation
10:27:59.3843,715.6,238.1,fixation
10:27:59.3848,713.8,236.7,fixation
10:27:59.3853,711.7,236.0,fixation
10:27:59.3858,710.9,236.0,fixation
10:27:59.3863,712.3,237.5,fixation
10:27:59.3868,713.7,238.2,fixation
10:27:59.3873,714.0,238.2,fixation
10:27:59.3878,714.4,236.1,fixation
10:27:59.3883,715.4,234.8,fixation
10:27:59.3888,716.1,235.3,fixation
10:27:59.3893,715.6,236.5,fixation
10:27:59.3898,714.5,237.7,fixation
10:27:59.3903,712.8,238.1,fixation
10:27:59.3908,711.6,238.3,fixation
10:27:59.3913,709.3,236.9,fixation
10:27:59.3918,707.6,235.9,fixation
10:27:59.3923,706.4,234.8,fixation
10:27:59.3928,707.6,235.4,fixation
10:27:59.3933,708.9,234.7,fixation
10:27:59.3938,710.3,233.9,fixation
10:27:59.3943,710.8,233.1,fixation
10:27:59.3948,711.2,232.8,fixation
10:27:59.3953,712.1,232.7,fixation
10:27:59.3958,712.6,233.1,fixation
10:27:59.3963,711.8,234.0,fixation
10:27:59.3968,710.6,235.9,fixation
10:27:59.3973,709.6,237.3,fixation
10:27:59.3978,710.0,238.1,fixation
10:27:59.3983,711.0,236.3,fixation
10:27:59.3988,711.6,233.9,fixation
10:27:59.3993,711.7,231.5,fixation
10:27:59.3998,711.2,231.0,fixation
10:27:59.4003,710.9,231.1,fixation
10:27:59.4008,711.4,231.2,fixation
10:27:59.4013,711.9,231.4,fixation
10:27:59.4018,710.7,231.1,fixation
10:27:59.4023,709.0,230.8,fixation
10:27:59.4028,708.1,230.4,fixation
10:27:59.4033,708.8,229.9,fixation
10:27:59.4038,710.8,229.5,fixation
10:27:59.4043,712.2,230.7,fixation
10:27:59.4048,713.7,232.2,fixation
10:27:59.4053,714.1,233.5,fixation
10:27:59.4058,714.2,233.4,fixation
10:27:59.4063,715.2,233.9,fixation
10:27:59.4068,715.8,234.5,fixation
10:27:59.4073,716.5,235.2,fixation
10:27:59.4078,716.3,235.4,fixation
10:27:59.4083,716.0,235.3,fixation
10:27:59.4088,715.3,235.3,fixation
10:27:59.4093,713.3,235.2,fixation
10:27:59.4098,711.7,235.3,fixation
10:27:59.4103,710.7,234.6,fixation
10:27:59.4108,711.2,233.8,fixation
10:27:59.4113,712.6,233.1,fixation
10:27:59.4118,713.7,234.7,fixation
10:27:59.4123,714.6,236.3,fixation
10:27:59.4128,714.2,238.0,fixation
10:27:59.4133,713.7,238.0,fixation
10:27:59.4138,713.5,237.1,fixation
10:27:59.4143,713.8,235.2,fixation
10:27:59.4148,714.1,233.2,fixation
10:27:59.4153,715.1,232.2,fixation
10:27:59.4158,716.2,232.1,fixation
10:27:59.4163,715.1,232.7,fixation
10:27:59.4168,713.0,233.0,fixation
10:27:59.4173,711.3,233.4,fixation
10:27:59.4178,711.7,233.4,fixation
10:27:59.4183,712.1,233.8,fixation
10:27:59.4188,712.0,234.5,fixation
10:27:59.4193,712.0,235.1,fixation
10:27:59.4198,712.0,234.9,fixation
10:27:59.4203,712.6,234.5,fixation
10:27:59.4208,713.2,234.7,fixation
10:27:59.4213,713.0,235.3,fixation
10:27:59.4218,712.2,234.4,fixation
10:27:59.4223,710.5,233.0,fixation
10:27:59.4228,709.2,231.6,fixation
10:27:59.4233,708.0,231.6,fixation
10:27:59.4238,707.8,232.0,fixation
10:27:59.4243,707.8,232.6,fixation
10:27:59.4248,708.6,233.3,fixation
10:27:59.4253,709.3,234.3,fixation
10:27:59.4258,710.5,234.7,fixation
10:27:59.4263,710.9,234.7,fixation
10:27:59.4268,711.0,233.4,fixation
10:27:59.4273,710.9,232.4,fixation
10:27:59.4278,711.1,231.3,fixation
10:27:59.4283,711.5,230.9,fixation
10:27:59.4288,711.7,230.7,fixation
10:27:59.4293,711.7,231.0,fixation
10:27:59.4298,711.6,231.3,fixation
10:27:59.4303,710.3,231.3,fixation
10:27:59.4308,709.0,231.4,fixation
10:27:59.4313,708.6,231.6,fixation
10:27:59.4318,709.6,231.8,fixation
10:27:59.4323,711.1,231.3,fixation
10:27:59.4328,711.7,230.7,fixation
10:27:59.4333,711.3,230.1,fixation
10:27:59.4338,710.3,230.9,fixation
10:27:59.4343,709.3,231.7,fixation
10:27:59.4348,709.3,232.4,fixation
10:27:59.4353,709.2,232.3,fixation
10:27:59.4358,709.1,232.2,fixation
10:27:59.4363,709.3,232.6,fixation
10:27:59.4368,709.8,233.2,fixation
10:27:59.4373,710.4,233.9,fixation
10:27:59.4378,710.7,234.6,fixation
10:27:59.4383,711.1,235.3,fixation
10:27:59.4388,711.3,236.9,fixation
10:27:59.4393,711.1,238.1,fixation
10:27:59.4398,710.6,239.0,fixation
10:27:59.4403,710.7,238.9,fixation
10:27:59.4408,711.2,237.9,fixation
10:27:59.4413,712.3,237.0,fixation
10:27:59.4418,713.0,237.1,fixation
10:27:59.4423,713.4,238.2,fixation
10:27:59.4428,713.1,239.3,fixation
10:27:59.4433,713.5,239.3,fixation
10:27:59.4438,714.0,238.5,fixation
10:27:59.4443,714.5,237.8,fixation
10:27:59.4448,714.3,237.9,fixation
10:27:59.4453,714.2,238.8,fixation
10:27:59.4458,714.1,239.6,fixation
10:27:59.4463,714.1,239.8,fixation
10:27:59.4468,713.9,240.1,fixation
10:27:59.4473,713.8,240.3,fixation
10:27:59.4478,713.7,240.2,fixation
10:27:59.4483,713.3,238.4,fixation
10:27:59.4488,712.7,236.7,fixation
10:27:59.4493,712.2,235.2,fixation
10:27:59.4498,712.1,236.0,fixation
10:27:59.4503,712.4,236.5,fixation
10:27:59.4508,712.4,237.1,fixation
10:27:59.4513,711.8,237.2,fixation
10:27:59.4518,711.4,237.6,fixation
10:27:59.4523,711.2,237.4,fixation
10:27:59.4528,712.6,237.0,fixation
10:27:59.4533,714.6,236.8,fixation
10:27:59.4538,716.5,236.8,fixation
10:27:59.4543,717.4,236.7,fixation
10:27:59.4548,717.4,236.5,fixation
10:27:59.4553,716.9,236.8,fixation
10:27:59.4558,716.5,237.1,fixation
10:27:59.4563,716.1,236.8,fixation
10:27:59.4568,716.3,236.4,fixation
10:27:59.4573,716.6,236.0,fixation
10:27:59.4578,716.6,235.9,fixation
10:27:59.4583,716.1,235.8,fixation
10:27:59.4588,715.6,235.5,fixation
10:27:59.4593,715.2,235.3,fixation
10:27:59.4598,714.7,235.1,fixation
10:27:59.4603,714.3,235.5,fixation
10:27:59.4608,713.9,235.8,fixation
10:27:59.4613,713.9,233.9,fixation
10:27:59.4618,713.9,231.7,fixation
10:27:59.4623,713.4,229.8,fixation
10:27:59.4628,713.0,230.5,fixation
10:27:59.4633,712.2,232.5,fixation
10:27:59.4638,711.7,234.3,fixation
10:27:59.4643,712.0,236.1,fixation
10:27:59.4648,712.1,236.6,fixation
10:27:59.4653,712.2,235.2,fixation
10:27:59.4658,713.5,233.0,fixation
10:27:59.4663,716.6,230.9,fixation
10:27:59.4668,719.8,231.2,fixation
10:27:59.4673,719.0,231.8,fixation
10:27:59.4678,716.8,232.3,fixation
10:27:59.4683,714.1,232.3,fixation
10:27:59.4688,713.5,233.6,fixation
10:27:59.4693,713.2,235.0,fixation
10:27:59.4698,713.3,236.4,fixation
10:27:59.4703,712.7,236.6,fixation
10:27:59.4708,712.1,237.0,fixation
10:27:59.4713,712.2,237.4,fixation
10:27:59.4718,713.0,236.9,fixation
10:27:59.4723,713.8,236.5,fixation
10:27:59.4728,713.8,236.0,fixation
10:27:59.4733,713.6,235.9,fixation
10:27:59.4738,713.5,234.7,fixation
10:27:59.4743,713.3,233.4,fixation
10:27:59.4748,713.3,232.5,fixation
10:27:59.4753,713.4,232.2,fixation
10:27:59.4758,713.5,231.9,fixation
10:27:59.4763,713.6,232.5,fixation
10:27:59.4768,712.2,233.4,fixation
10:27:59.4773,711.0,234.4,fixation
10:27:59.4778,710.0,235.8,fixation
10:27:59.4783,710.6,237.9,fixation
10:27:59.4788,710.9,240.1,fixation
10:27:59.4793,711.4,241.3,fixation
10:27:59.4798,712.9,241.9,fixation
10:27:59.4803,714.3,242.1,fixation
10:27:59.4808,715.1,241.7,fixation
10:27:59.4813,714.3,240.5,fixation
10:27:59.4818,712.8,238.7,fixation
10:27:59.4823,711.5,237.0,fixation
10:27:59.4828,710.4,236.0,fixation
10:27:59.4833,710.2,236.0,fixation
10:27:59.4838,711.7,235.3,fixation
10:27:59.4843,713.4,234.5,fixation
10:27:59.4848,715.2,235.6,fixation
10:27:59.4853,715.0,237.5,fixation
10:27:59.4858,714.8,237.2,fixation
10:27:59.4863,714.3,234.9,fixation
10:27:59.4868,714.0,232.6,fixation
10:27:59.4873,714.5,233.5,fixation
10:27:59.4878,715.1,234.4,fixation
10:27:59.4883,715.8,234.0,fixation
10:27:59.4888,715.8,232.7,fixation
10:27:59.4893,715.8,233.5,fixation
10:27:59.4898,715.8,235.5,fixation
10:27:59.4903,715.9,237.1,fixation
10:27:59.4908,716.0,237.3,fixation
10:27:59.4913,715.5,237.4,fixation
10:27:59.4918,714.6,236.8,fixation
10:27:59.4923,713.8,235.5,fixation
10:27:59.4928,713.8,233.8,fixation
10:27:59.4933,714.0,233.4,fixation
10:27:59.4938,714.2,233.0,fixation
10:27:59.4943,713.5,232.7,fixation
10:27:59.4948,712.6,232.1,fixation
10:27:59.4953,713.0,231.5,fixation
10:27:59.4958,715.2,232.9,fixation
10:27:59.4963,717.1,234.4,fixation
10:27:59.4968,717.7,236.8,fixation
10:27:59.4973,717.4,237.7,fixation
10:27:59.4978,717.3,238.6,fixation
10:27:59.4983,717.3,238.7,fixation
10:27:59.4988,715.2,236.7,fixation
10:27:59.4993,713.1,234.7,fixation
10:27:59.4998,712.3,232.8,fixation
10:27:59.5003,714.0,233.3,fixation
10:27:59.5008,715.7,233.7,fixation
10:27:59.5013,716.1,232.9,fixation
10:27:59.5018,716.1,231.9,fixation
10:27:59.5023,716.4,230.9,fixation
10:27:59.5028,716.9,231.2,fixation
10:27:59.5033,717.5,231.8,fixation
10:27:59.5038,717.1,232.3,fixation
10:27:59.5043,716.3,232.9,fixation
10:27:59.5048,715.6,232.8,fixation
10:27:59.5053,715.6,232.7,fixation
10:27:59.5058,715.2,232.8,fixation
10:27:59.5063,714.9,233.3,fixation
10:27:59.5068,714.5,233.7,fixation
10:27:59.5073,714.3,233.2,fixation
10:27:59.5078,714.0,232.4,fixation
10:27:59.5083,713.9,231.7,fixation
10:27:59.5088,714.3,231.7,fixation
10:27:59.5093,714.8,231.4,fixation
10:27:59.5098,715.4,231.1,fixation
10:27:59.5103,715.8,230.6,fixation
10:27:59.5108,715.2,230.5,fixation
10:27:59.5113,714.2,230.1,fixation
10:27:59.5118,713.9,229.9,fixation
10:27:59.5123,714.6,229.9,fixation
10:27:59.5128,715.2,230.0,fixation
10:27:59.5133,715.1,230.0,fixation
10:27:59.5138,715.4,230.0,fixation
10:27:59.5143,715.8,231.5,fixation
10:27:59.5148,716.0,233.5,fixation
10:27:59.5153,715.8,235.4,fixation
10:27:59.5158,715.3,235.9,fixation
10:27:59.5163,714.9,236.8,fixation
10:27:59.5168,714.4,237.6,fixation
10:27:59.5173,714.2,238.9,fixation
10:27:59.5178,714.2,239.3,fixation
10:27:59.5183,714.7,238.0,fixation
10:27:59.5188,715.2,235.7,fixation
10:27:59.5193,715.8,232.6,fixation
10:27:59.5198,716.2,231.4,fixation
10:27:59.5203,716.6,232.0,fixation
10:27:59.5208,716.8,232.7,fixation
10:27:59.5213,716.4,233.5,fixation
10:27:59.5218,716.0,233.0,fixation
10:27:59.5223,717.5,233.7,fixation
10:27:59.5228,719.3,234.2,fixation
10:27:59.5233,720.0,234.7,fixation
10:27:59.5238,718.8,234.8,fixation
10:27:59.5243,716.4,235.0,fixation
10:27:59.5248,715.3,235.2,fixation
10:27:59.5253,714.7,235.5,fixation
10:27:59.5258,715.2,235.7,fixation
10:27:59.5263,715.8,235.9,fixation
10:27:59.5268,717.2,235.1,fixation
10:27:59.5273,718.6,233.5,fixation
10:27:59.5278,720.1,231.9,fixation
10:27:59.5283,720.4,231.5,fixation
10:27:59.5288,720.7,232.3,fixation
10:27:59.5293,721.0,233.0,fixation
10:27:59.5298,720.3,233.2,fixation
10:27:59.5303,719.6,233.1,fixation
10:27:59.5308,718.8,232.8,fixation
10:27:59.5313,718.6,232.5,fixation
10:27:59.5318,718.4,232.3,fixation
10:27:59.5323,718.1,232.2,fixation
10:27:59.5328,716.6,232.2,fixation
10:27:59.5333,715.3,231.6,fixation
10:27:59.5338,714.1,230.4,fixation
10:27:59.5343,714.4,229.3,fixation
10:27:59.5348,715.7,228.6,fixation
10:27:59.5353,717.0,228.3,fixation
10:27:59.5358,718.1,228.1,fixation
10:27:59.5363,718.0,229.5,fixation
10:27:59.5368,718.4,231.0,fixation
10:27:59.5373,719.1,232.6,fixation
10:27:59.5378,719.6,232.6,fixation
10:27:59.5383,719.8,232.6,fixation
10:27:59.5388,719.3,232.5,fixation
10:27:59.5393,719.0,232.5,fixation
10:27:59.5398,718.8,232.5,fixation
10:27:59.5403,717.4,232.0,fixation
10:27:59.5408,716.0,231.5,fixation
10:27:59.5413,715.8,233.3,fixation
10:27:59.5418,717.2,235.6,fixation
10:27:59.5423,718.5,237.2,fixation
10:27:59.5428,718.1,236.5,fixation
10:27:59.5433,717.1,235.8,fixation
10:27:59.5438,716.0,233.6,fixation
10:27:59.5443,715.6,231.6,fixation
10:27:59.5448,716.3,231.1,fixation
10:27:59.5453,717.0,232.7,fixation
10:27:59.5458,717.5,234.6,fixation
10:27:59.5463,717.6,236.2,fixation
10:27:59.5468,718.1,237.7,fixation
10:27:59.5473,718.4,238.8,fixation
10:27:59.5478,718.0,238.3,fixation
10:27:59.5483,717.4,237.6,fixation
10:27:59.5488,717.1,237.2,fixation
10:27:59.5493,717.2,237.0,fixation
10:27:59.5498,717.2,235.9,fixation
10:27:59.5503,717.2,234.9,fixation
10:27:59.5508,718.6,235.2,fixation
10:27:59.5513,720.1,236.4,fixation
10:27:59.5518,721.4,237.6,fixation
10:27:59.5523,721.1,237.2,fixation
10:27:59.5528,719.6,236.7,fixation
10:27:59.5533,718.2,236.3,fixation
10:27:59.5538,717.5,236.4,fixation
10:27:59.5543,718.3,236.1,fixation
10:27:59.5548,719.8,235.8,fixation
10:27:59.5553,721.0,235.5,fixation
10:27:59.5558,719.9,235.4,fixation
10:27:59.5563,717.0,235.5,saccade
10:27:59.5568,718.7,235.5,saccade
10:27:59.5573,720.5,235.5,saccade
10:27:59.5578,722.2,235.3,saccade
10:27:59.5583,722.4,235.6,saccade
10:27:59.5588,722.4,236.2,saccade
10:27:59.5593,723.6,236.9,saccade
10:27:59.5598,725.0,236.6,saccade
10:27:59.5603,727.4,236.1,saccade
10:27:59.5608,729.7,235.2,saccade
10:27:59.5613,732.7,234.6,saccade
10:27:59.5618,735.2,234.0,saccade
10:27:59.5623,737.0,235.3,saccade
10:27:59.5628,738.0,236.9,saccade
10:27:59.5633,738.7,238.3,saccade
10:27:59.5638,738.9,237.9,saccade
10:27:59.5643,739.8,234.4,saccade
10:27:59.5648,741.8,231.2,saccade
10:27:59.5653,743.7,228.3,saccade
10:27:59.5658,745.5,229.4,saccade
10:27:59.5663,746.6,230.8,saccade
10:27:59.5668,749.0,232.6,saccade
10:27:59.5673,750.8,233.6,saccade
10:27:59.5678,752.0,231.2,saccade
10:27:59.5683,752.7,228.4,saccade
10:27:59.5688,753.5,226.8,saccade
10:27:59.5693,754.8,229.2,saccade
10:27:59.5698,755.3,231.6,saccade
10:27:59.5703,755.5,232.8,saccade
10:27:59.5708,754.6,232.8,saccade
10:27:59.5713,753.7,232.2,saccade
10:27:59.5718,753.0,230.3,fixation
10:27:59.5723,752.9,229.5,fixation
10:27:59.5728,753.2,228.7,fixation
10:27:59.5733,753.8,228.4,fixation
10:27:59.5738,755.8,228.5,fixation
10:27:59.5743,757.7,229.4,fixation
10:27:59.5748,759.0,230.4,fixation
10:27:59.5753,757.0,231.2,fixation
10:27:59.5758,755.0,231.2,fixation
10:27:59.5763,753.5,231.5,fixation
10:27:59.5768,754.0,231.9,fixation
10:27:59.5773,754.5,232.3,fixation
10:27:59.5778,753.7,232.1,fixation
10:27:59.5783,752.3,231.9,fixation
10:27:59.5788,751.0,230.1,fixation
10:27:59.5793,750.6,228.8,fixation
10:27:59.5798,750.4,227.6,fixation
10:27:59.5803,750.2,227.8,fixation
10:27:59.5808,750.0,228.5,fixation
10:27:59.5813,749.9,229.2,fixation
10:27:59.5818,749.8,230.5,fixation
10:27:59.5823,750.1,231.0,fixation
10:27:59.5828,751.1,231.6,fixation
10:27:59.5833,752.1,232.4,fixation
10:27:59.5838,751.5,233.1,fixation
10:27:59.5843,750.1,234.0,fixation
10:27:59.5848,748.6,234.1,fixation
10:27:59.5853,748.3,234.5,fixation
10:27:59.5858,748.0,234.8,fixation
10:27:59.5863,747.7,234.3,fixation
10:27:59.5868,748.3,233.6,fixation
10:27:59.5873,749.0,234.3,fixation
10:27:59.5878,749.3,235.8,fixation
10:27:59.5883,748.9,236.7,fixation
10:27:59.5888,748.7,235.5,fixation
10:27:59.5893,748.9,231.6,fixation
10:27:59.5898,749.1,228.2,fixation
10:27:59.5903,749.2,226.1,fixation
10:27:59.5908,749.3,226.9,fixation
10:27:59.5913,749.5,227.8,fixation
10:27:59.5918,749.6,228.3,fixation
10:27:59.5923,749.3,228.7,fixation
10:27:59.5928,748.0,228.7,fixation
10:27:59.5933,746.3,228.5,fixation
10:27:59.5938,745.2,228.9,fixation
10:27:59.5943,744.4,229.6,fixation
10:27:59.5948,744.1,230.4,fixation
10:27:59.5953,744.9,230.7,fixation
10:27:59.5958,746.3,231.1,fixation
10:27:59.5963,747.7,231.6,fixation
10:27:59.5968,748.1,232.4,fixation
10:27:59.5973,747.6,232.8,fixation
10:27:59.5978,746.2,233.0,fixation
10:27:59.5983,744.9,233.1,fixation
10:27:59.5988,744.1,233.3,fixation
10:27:59.5993,744.5,233.6,fixation
10:27:59.5998,745.7,233.7,fixation
10:27:59.6003,746.7,234.0,fixation
10:27:59.6008,747.1,234.3,fixation
10:27:59.6013,746.5,234.4,fixation
10:27:59.6018,746.2,234.4,fixation
10:27:59.6023,745.4,234.4,fixation
10:27:59.6028,744.3,234.3,fixation
10:27:59.6033,743.2,234.3,fixation
10:27:59.6038,742.6,234.1,fixation
10:27:59.6043,742.6,233.9,fixation
10:27:59.6048,744.5,233.8,fixation
10:27:59.6053,747.0,233.6,fixation
10:27:59.6058,749.6,233.7,fixation
10:27:59.6063,748.5,233.7,fixation
10:27:59.6068,746.8,232.8,fixation
10:27:59.6073,745.0,231.5,fixation
10:27:59.6078,745.7,230.2,fixation
10:27:59.6083,747.1,229.8,fixation
10:27:59.6088,748.5,230.2,fixation
10:27:59.6093,749.2,230.7,fixation
10:27:59.6098,749.3,231.1,fixation
10:27:59.6103,749.5,230.9,fixation
10:27:59.6108,749.6,230.8,fixation
10:27:59.6113,749.6,230.4,fixation
10:27:59.6118,749.5,230.0,fixation
10:27:59.6123,749.4,229.8,fixation
10:27:59.6128,749.2,230.0,fixation
10:27:59.6133,747.9,229.7,fixation
10:27:59.6138,746.7,229.7,fixation
10:27:59.6143,746.1,230.2,fixation
10:27:59.6148,746.5,231.2,fixation
10:27:59.6153,746.9,231.1,fixation
10:27:59.6158,748.4,229.9,fixation
10:27:59.6163,750.0,227.8,fixation
10:27:59.6168,751.5,226.6,fixation
10:27:59.6173,751.3,229.8,fixation
10:27:59.6178,751.1,233.6,fixation
10:27:59.6183,750.9,237.4,fixation
10:27:59.6188,750.9,237.3,fixation
10:27:59.6193,751.1,237.7,fixation
10:27:59.6198,751.4,238.1,fixation
10:27:59.6203,751.3,238.5,fixation
10:27:59.6208,750.6,237.4,fixation
10:27:59.6213,749.8,235.4,fixation
10:27:59.6218,750.5,233.4,fixation
10:27:59.6223,751.6,232.5,fixation
10:27:59.6228,752.7,232.5,fixation
10:27:59.6233,752.1,232.5,fixation
10:27:59.6238,751.5,233.2,fixation
10:27:59.6243,752.1,234.4,fixation
10:27:59.6248,753.1,235.0,fixation
10:27:59.6253,754.0,234.5,fixation
10:27:59.6258,753.0,232.9,fixation
10:27:59.6263,751.7,231.6,fixation
10:27:59.6268,750.4,230.8,fixation
10:27:59.6273,749.5,230.9,fixation
10:27:59.6278,749.2,231.4,fixation
10:27:59.6283,750.7,232.0,fixation
10:27:59.6288,752.4,232.3,fixation
10:27:59.6293,754.1,232.4,fixation
10:27:59.6298,753.3,232.2,fixation
10:27:59.6303,752.6,232.1,fixation
10:27:59.6308,752.1,231.4,fixation
10:27:59.6313,752.7,231.1,fixation
10:27:59.6318,753.2,231.1,fixation
10:27:59.6323,753.4,231.6,fixation
10:27:59.6328,753.3,231.8,fixation
10:27:59.6333,753.5,232.9,fixation
10:27:59.6338,753.8,234.0,fixation
10:27:59.6343,753.4,235.2,fixation
10:27:59.6348,751.9,234.6,fixation
10:27:59.6353,750.5,234.0,fixation
10:27:59.6358,749.8,233.4,fixation
10:27:59.6363,748.5,233.0,fixation
10:27:59.6368,747.2,232.1,fixation
10:27:59.6373,748.3,231.4,fixation
10:27:59.6378,750.8,231.3,fixation
10:27:59.6383,753.1,231.7,fixation
10:27:59.6388,752.8,232.0,fixation
10:27:59.6393,752.7,232.2,fixation
10:27:59.6398,752.8,232.2,fixation
10:27:59.6403,752.3,232.2,fixation
10:27:59.6408,751.4,232.3,fixation
10:27:59.6413,750.4,231.8,fixation
10:27:59.6418,750.1,231.4,fixation
10:27:59.6423,749.9,232.7,fixation
10:27:59.6428,748.6,234.3,fixation
10:27:59.6433,747.3,236.0,fixation
10:27:59.6438,746.9,236.7,fixation
10:27:59.6443,748.6,237.8,fixation
10:27:59.6448,750.4,238.9,fixation
10:27:59.6453,751.5,239.3,fixation
10:27:59.6458,751.7,239.3,fixation
10:27:59.6463,749.7,237.7,fixation
10:27:59.6468,747.6,236.2,fixation
10:27:59.6473,746.0,234.7,fixation
10:27:59.6478,747.8,234.7,fixation
10:27:59.6483,749.6,235.4,fixation
10:27:59.6488,750.8,236.1,fixation
10:27:59.6493,750.8,237.5,fixation
10:27:59.6498,749.9,239.0,fixation
10:27:59.6503,749.0,240.5,fixation
10:27:59.6508,748.3,241.4,fixation
10:27:59.6513,748.9,241.7,fixation
10:27:59.6518,749.4,238.3,fixation
10:27:59.6523,749.4,234.5,fixation
10:27:59.6528,749.0,233.6,fixation
10:27:59.6533,748.6,236.3,fixation
10:27:59.6538,748.4,239.2,fixation
10:27:59.6543,747.9,239.3,fixation
10:27:59.6548,747.3,239.4,fixation
10:27:59.6553,746.7,239.4,fixation
10:27:59.6558,746.6,239.9,fixation
10:27:59.6563,746.7,240.3,fixation
10:27:59.6568,746.8,240.1,fixation
10:27:59.6573,746.6,239.1,fixation
10:27:59.6578,746.3,238.1,fixation
10:27:59.6583,746.1,236.6,fixation
10:27:59.6588,746.3,235.7,fixation
10:27:59.6593,746.5,235.3,fixation
10:27:59.6598,746.8,236.0,fixation
10:27:59.6603,747.0,235.8,fixation
10:27:59.6608,746.8,235.3,fixation
10:27:59.6613,746.6,235.3,fixation
10:27:59.6618,746.8,235.7,fixation
10:27:59.6623,748.1,235.6,fixation
10:27:59.6628,748.5,234.9,fixation
10:27:59.6633,748.1,235.0,fixation
10:27:59.6638,747.1,236.0,fixation
10:27:59.6643,746.9,237.1,fixation
10:27:59.6648,747.1,235.9,fixation
10:27:59.6653,747.3,234.3,fixation
10:27:59.6658,747.3,231.9,fixation
10:27:59.6663,747.3,231.0,fixation
10:27:59.6668,747.4,231.1,fixation
10:27:59.6673,747.4,231.9,fixation
10:27:59.6678,747.6,234.9,fixation
10:27:59.6683,747.8,237.0,fixation
10:27:59.6688,748.0,237.7,fixation
10:27:59.6693,748.4,235.8,fixation
10:27:59.6698,750.6,234.0,fixation
10:27:59.6703,752.7,233.7,fixation
10:27:59.6708,752.6,233.9,fixation
10:27:59.6713,750.9,233.9,fixation
10:27:59.6718,748.3,233.8,fixation
10:27:59.6723,747.4,233.8,fixation
10:27:59.6728,746.0,232.6,fixation
10:27:59.6733,745.5,231.9,fixation
10:27:59.6738,745.6,231.7,fixation
10:27:59.6743,746.7,232.6,fixation
10:27:59.6748,747.9,233.1,fixation
10:27:59.6753,750.5,233.2,fixation
10:27:59.6758,752.6,231.5,fixation
10:27:59.6763,754.3,229.7,fixation
10:27:59.6768,752.5,230.2,fixation
10:27:59.6773,750.7,232.9,fixation
10:27:59.6778,749.4,235.9,fixation
10:27:59.6783,750.0,236.7,fixation
10:27:59.6788,750.8,237.2,fixation
10:27:59.6793,751.3,237.0,fixation
10:27:59.6798,750.3,236.7,fixation
10:27:59.6803,749.1,236.6,fixation
10:27:59.6808,747.8,236.8,fixation
10:27:59.6813,747.6,236.8,fixation
10:27:59.6818,747.5,236.4,fixation
10:27:59.6823,748.8,236.0,fixation
10:27:59.6828,750.3,235.8,fixation
10:27:59.6833,751.9,235.2,fixation
10:27:59.6838,752.1,234.9,fixation
10:27:59.6843,751.4,234.7,fixation
10:27:59.6848,750.7,235.4,fixation
10:27:59.6853,750.0,235.9,fixation
10:27:59.6858,750.3,236.3,fixation
10:27:59.6863,751.0,236.2,fixation
10:27:59.6868,751.6,235.6,fixation
10:27:59.6873,751.2,234.7,fixation
10:27:59.6878,750.3,234.3,fixation
10:27:59.6883,749.3,234.7,fixation
10:27:59.6888,749.4,235.1,fixation
10:27:59.6893,749.9,235.0,fixation
10:27:59.6898,750.4,234.4,fixation
10:27:59.6903,750.4,233.6,fixation
10:27:59.6908,750.6,232.8,fixation
10:27:59.6913,750.9,232.2,fixation
10:27:59.6918,750.9,232.6,fixation
10:27:59.6923,750.6,235.2,fixation
10:27:59.6928,750.4,237.6,fixation
10:27:59.6933,750.5,238.7,fixation
10:27:59.6938,751.8,238.0,fixation
10:27:59.6943,753.0,237.6,fixation
10:27:59.6948,754.8,238.4,fixation
10:27:59.6953,755.3,238.2,fixation
10:27:59.6958,754.1,236.9,fixation
10:27:59.6963,752.4,235.2,fixation
10:27:59.6968,750.7,234.1,fixation
10:27:59.6973,750.7,233.2,fixation
10:27:59.6978,751.0,232.7,fixation
10:27:59.6983,751.3,234.5,fixation
10:27:59.6988,752.0,237.0,fixation
10:27:59.6993,752.6,239.5,fixation
10:27:59.6998,753.4,241.7,fixation
10:27:59.7003,753.9,243.8,fixation
10:27:59.7008,754.3,243.7,fixation
10:27:59.7013,754.5,241.5,fixation
10:27:59.7018,753.7,239.2,fixation
10:27:59.7023,753.1,239.1,fixation
10:27:59.7028,752.3,239.4,fixation
10:27:59.7033,752.5,240.3,fixation
10:27:59.7038,752.4,241.1,fixation
10:27:59.7043,752.3,241.0,fixation
10:27:59.7048,750.7,239.3,fixation
10:27:59.7053,749.4,237.6,fixation
10:27:59.7058,748.5,236.8,fixation
10:27:59.7063,748.9,237.4,fixation
10:27:59.7068,748.9,238.1,fixation
10:27:59.7073,749.2,238.8,fixation
10:27:59.7078,749.8,239.2,fixation
10:27:59.7083,750.4,239.4,fixation
10:27:59.7088,750.4,239.4,fixation
10:27:59.7093,750.5,239.5,fixation
10:27:59.7098,749.7,239.6,fixation
10:27:59.7103,749.0,240.3,fixation
10:27:59.7108,748.2,240.8,fixation
10:27:59.7113,748.7,238.5,fixation
10:27:59.7118,749.1,235.7,fixation
10:27:59.7123,749.7,235.2,saccade
10:27:59.7128,750.0,236.7,saccade
10:27:59.7133,750.3,237.0,saccade
10:27:59.7138,750.5,237.3,saccade
10:27:59.7143,750.1,240.6,saccade
10:27:59.7148,749.6,243.8,saccade
10:27:59.7153,749.1,244.4,saccade
10:27:59.7158,749.1,242.5,saccade
10:27:59.7163,750.4,240.7,saccade
10:27:59.7168,752.9,241.5,saccade
10:27:59.7173,755.4,241.6,saccade
10:27:59.7178,756.6,241.8,saccade
10:27:59.7183,756.8,242.1,saccade
10:27:59.7188,757.2,242.3,saccade
10:27:59.7193,760.3,241.0,saccade
10:27:59.7198,763.3,239.5,saccade
10:27:59.7203,766.0,237.9,saccade
10:27:59.7208,766.8,237.6,saccade
10:27:59.7213,769.2,237.3,saccade
10:27:59.7218,771.8,237.9,saccade
10:27:59.7223,773.9,238.9,saccade
10:27:59.7228,775.7,239.9,saccade
10:27:59.7233,779.4,239.0,saccade
10:27:59.7238,782.8,238.2,saccade
10:27:59.7243,784.7,237.3,saccade
10:27:59.7248,784.2,236.7,saccade
10:27:59.7253,786.7,235.2,saccade
10:27:59.7258,789.8,233.7,saccade
10:27:59.7263,793.6,233.0,saccade
10:27:59.7268,794.5,235.1,saccade
10:27:59.7273,795.2,237.3,saccade
10:27:59.7278,797.6,239.7,saccade
10:27:59.7283,800.1,240.0,saccade
10:27:59.7288,802.6,239.1,saccade
10:27:59.7293,802.9,238.7,saccade
10:27:59.7298,803.0,238.3,saccade
10:27:59.7303,803.9,235.3,saccade
10:27:59.7308,804.6,231.4,saccade
10:27:59.7313,803.3,227.7,saccade
10:27:59.7318,800.4,228.2,saccade
10:27:59.7323,797.6,229.4,saccade
10:27:59.7328,796.6,234.9,fixation
10:27:59.7333,796.5,235.7,fixation
10:27:59.7338,796.6,232.0,fixation
10:27:59.7343,796.7,228.3,fixation
10:27:59.7348,796.8,226.5,fixation
10:27:59.7353,796.7,227.5,fixation
10:27:59.7358,796.2,228.4,fixation
10:27:59.7363,794.7,228.5,fixation
10:27:59.7368,793.3,228.7,fixation
10:27:59.7373,792.3,230.3,fixation
10:27:59.7378,792.9,232.0,fixation
10:27:59.7383,793.5,233.8,fixation
10:27:59.7388,792.6,234.2,fixation
10:27:59.7393,791.2,233.4,fixation
10:27:59.7398,790.4,232.4,fixation
10:27:59.7403,791.1,231.5,fixation
10:27:59.7408,791.8,231.8,fixation
10:27:59.7413,791.8,232.2,fixation
10:27:59.7418,791.2,232.9,fixation
10:27:59.7423,790.6,233.2,fixation
10:27:59.7428,789.9,233.3,fixation
10:27:59.7433,789.9,233.1,fixation
10:27:59.7438,790.0,233.8,fixation
10:27:59.7443,790.2,234.6,fixation
10:27:59.7448,790.4,235.4,fixation
10:27:59.7453,790.6,235.3,fixation
10:27:59.7458,790.6,235.1,fixation
10:27:59.7463,789.2,235.5,fixation
10:27:59.7468,787.7,236.1,fixation
10:27:59.7473,786.4,236.9,fixation
10:27:59.7478,786.7,237.0,fixation
10:27:59.7483,787.0,237.5,fixation
10:27:59.7488,787.3,237.8,fixation
10:27:59.7493,787.3,237.9,fixation
10:27:59.7498,787.3,237.7,fixation
10:27:59.7503,787.1,237.4,fixation
10:27:59.7508,787.1,237.2,fixation
10:27:59.7513,787.1,236.8,fixation
10:27:59.7518,787.2,236.5,fixation
10:27:59.7523,787.3,237.1,fixation
10:27:59.7528,787.7,238.0,fixation
10:27:59.7533,788.1,238.9,fixation
10:27:59.7538,788.5,239.0,fixation
10:27:59.7543,788.5,239.0,fixation
10:27:59.7548,787.4,237.6,fixation
10:27:59.7553,786.3,235.9,fixation
10:27:59.7558,786.1,234.4,fixation
10:27:59.7563,786.9,234.3,fixation
10:27:59.7568,788.7,234.6,fixation
10:27:59.7573,789.7,234.9,fixation
10:27:59.7578,789.4,235.2,fixation
10:27:59.7583,788.2,235.2,fixation
10:27:59.7588,787.0,235.6,fixation
10:27:59.7593,786.9,236.4,fixation
10:27:59.7598,787.1,237.0,fixation
10:27:59.7603,787.5,236.7,fixation
10:27:59.7608,788.7,236.0,fixation
10:27:59.7613,789.6,235.8,fixation
10:27:59.7618,789.9,236.0,fixation
10:27:59.7623,789.0,235.2,fixation
10:27:59.7628,786.6,233.2,fixation
10:27:59.7633,784.6,231.3,fixation
10:27:59.7638,783.9,231.3,fixation
10:27:59.7643,784.7,232.2,fixation
10:27:59.7648,785.4,231.6,fixation
10:27:59.7653,785.8,230.2,fixation
10:27:59.7658,786.2,228.6,fixation
10:27:59.7663,786.2,228.5,fixation
10:27:59.7668,786.3,228.5,fixation
10:27:59.7673,786.5,228.8,fixation
10:27:59.7678,787.3,230.0,fixation
10:27:59.7683,787.4,231.5,fixation
10:27:59.7688,787.5,232.8,fixation
10:27:59.7693,788.5,234.0,fixation
10:27:59.7698,789.3,234.5,fixation
10:27:59.7703,789.9,235.2,fixation
10:27:59.7708,789.7,235.3,fixation
10:27:59.7713,788.9,235.4,fixation
10:27:59.7718,788.3,235.4,fixation
10:27:59.7723,787.7,235.4,fixation
10:27:59.7728,787.7,233.9,fixation
10:27:59.7733,789.0,232.4,fixation
10:27:59.7738,790.0,232.1,fixation
10:27:59.7743,791.0,234.0,fixation
10:27:59.7748,790.9,235.8,fixation
10:27:59.7753,791.2,236.3,fixation
10:27:59.7758,791.0,236.1,fixation
10:27:59.7763,790.5,235.9,fixation
10:27:59.7768,790.0,235.4,fixation
10:27:59.7773,790.8,234.9,fixation
10:27:59.7778,791.6,235.9,fixation
10:27:59.7783,792.5,237.5,fixation
10:27:59.7788,792.5,237.4,fixation
10:27:59.7793,792.4,235.8,fixation
10:27:59.7798,792.6,234.2,fixation
10:27:59.7803,792.7,234.2,fixation
10:27:59.7808,792.4,233.7,fixation
10:27:59.7813,791.7,233.2,fixation
10:27:59.7818,789.1,233.0,fixation
10:27:59.7823,787.1,234.0,fixation
10:27:59.7828,787.4,235.0,fixation
10:27:59.7833,789.5,235.5,fixation
10:27:59.7838,791.5,234.0,fixation
10:27:59.7843,791.2,232.3,fixation
10:27:59.7848,790.9,231.0,fixation
10:27:59.7853,790.8,230.9,fixation
10:27:59.7858,789.1,230.4,fixation
10:27:59.7863,787.4,229.7,fixation
10:27:59.7868,786.2,229.9,fixation
10:27:59.7873,786.5,230.4,fixation
10:27:59.7878,786.6,229.7,fixation
10:27:59.7883,786.2,228.0,fixation
10:27:59.7888,786.6,229.2,fixation
10:27:59.7893,787.2,231.6,fixation
10:27:59.7898,787.9,233.4,fixation
10:27:59.7903,787.8,232.9,fixation
10:27:59.7908,787.1,233.0,fixation
10:27:59.7913,786.3,233.9,fixation
10:27:59.7918,786.0,234.2,fixation
10:27:59.7923,786.1,232.7,fixation
10:27:59.7928,786.1,230.3,fixation
10:27:59.7933,786.1,227.0,fixation
10:27:59.7938,786.0,225.6,fixation
10:27:59.7943,787.4,225.7,fixation
10:27:59.7948,788.7,226.6,fixation
10:27:59.7953,790.1,228.4,fixation
10:27:59.7958,790.1,229.6,fixation
10:27:59.7963,789.3,231.0,fixation
10:27:59.7968,788.6,231.2,fixation
10:27:59.7973,787.7,231.0,fixation
10:27:59.7978,787.6,230.6,fixation
10:27:59.7983,788.1,230.4,fixation
10:27:59.7988,788.7,230.5,fixation
10:27:59.7993,788.4,230.6,fixation
10:27:59.7998,786.7,232.0,fixation
10:27:59.8003,785.0,233.5,fixation
10:27:59.8008,784.1,234.7,fixation
10:27:59.8013,784.4,234.1,fixation
10:27:59.8018,784.9,233.6,fixation
10:27:59.8023,787.3,233.4,fixation
10:27:59.8028,789.4,233.4,fixation
10:27:59.8033,790.0,234.8,fixation
10:27:59.8038,788.9,236.0,fixation
10:27:59.8043,788.7,238.2,fixation
10:27:59.8048,789.6,239.3,fixation
10:27:59.8053,788.9,240.3,fixation
10:27:59.8058,787.2,238.2,fixation
10:27:59.8063,785.6,236.2,fixation
10:27:59.8068,785.7,234.2,fixation
10:27:59.8073,785.2,233.3,fixation
10:27:59.8078,784.7,232.2,fixation
10:27:59.8083,784.1,231.3,fixation
10:27:59.8088,784.1,231.6,fixation
10:27:59.8093,784.0,232.1,fixation
10:27:59.8098,783.8,232.4,fixation
10:27:59.8103,784.2,232.5,fixation
10:27:59.8108,784.6,232.5,fixation
10:27:59.8113,785.0,232.4,fixation
10:27:59.8118,785.0,233.7,fixation
10:27:59.8123,785.8,235.1,fixation
10:27:59.8128,786.7,236.4,fixation
10:27:59.8133,787.6,236.6,fixation
10:27:59.8138,787.5,236.6,fixation
10:27:59.8143,787.3,236.6,fixation
10:27:59.8148,787.4,236.6,fixation
10:27:59.8153,787.9,236.9,fixation
10:27:59.8158,788.5,237.2,fixation
10:27:59.8163,788.8,237.9,fixation
10:27:59.8168,789.6,238.5,fixation
10:27:59.8173,790.2,238.7,fixation
10:27:59.8178,790.9,238.4,fixation
10:27:59.8183,791.0,237.9,fixation
10:27:59.8188,791.6,237.8,fixation
10:27:59.8193,792.1,237.4,fixation
10:27:59.8198,792.2,236.9,fixation
10:27:59.8203,791.3,236.2,fixation
10:27:59.8208,790.9,235.8,fixation
10:27:59.8213,791.2,235.3,fixation
10:27:59.8218,791.9,234.9,fixation
10:27:59.8223,791.4,235.1,fixation
10:27:59.8228,790.6,235.4,fixation
10:27:59.8233,789.8,235.6,fixation
10:27:59.8238,790.0,234.7,fixation
10:27:59.8243,790.1,233.4,fixation
10:27:59.8248,790.1,231.8,fixation
10:27:59.8253,789.6,229.9,fixation
10:27:59.8258,789.2,228.4,fixation
10:27:59.8263,789.1,228.7,fixation
10:27:59.8268,789.2,230.1,fixation
10:27:59.8273,789.3,231.6,fixation
10:27:59.8278,789.4,230.7,fixation
10:27:59.8283,789.5,229.0,fixation
10:27:59.8288,789.5,227.2,fixation
10:27:59.8293,789.3,227.0,fixation
10:27:59.8298,787.7,227.9,fixation
10:27:59.8303,786.2,228.8,fixation
10:27:59.8308,785.2,229.1,fixation
10:27:59.8313,786.6,228.1,fixation
10:27:59.8318,788.0,227.2,fixation
10:27:59.8323,788.8,228.7,fixation
10:27:59.8328,788.4,230.9,fixation
10:27:59.8333,787.9,233.2,fixation
10:27:59.8338,787.4,233.2,fixation
10:27:59.8343,787.1,233.3,fixation
10:27:59.8348,787.7,233.3,fixation
10:27:59.8353,788.6,232.6,fixation
10:27:59.8358,789.5,231.8,fixation
10:27:59.8363,789.6,230.8,fixation
10:27:59.8368,789.7,230.6,fixation
10:27:59.8373,787.9,230.4,fixation
10:27:59.8378,786.0,230.2,fixation
10:27:59.8383,785.3,229.9,fixation
10:27:59.8388,786.0,229.4,fixation
10:27:59.8393,786.9,229.0,fixation
10:27:59.8398,786.6,228.5,fixation
10:27:59.8403,786.7,227.5,fixation
10:27:59.8408,786.7,226.5,fixation
10:27:59.8413,787.1,226.5,fixation
10:27:59.8418,787.5,226.9,fixation
10:27:59.8423,787.6,227.4,fixation
10:27:59.8428,787.8,228.5,fixation
10:27:59.8433,788.0,230.0,fixation
10:27:59.8438,788.1,233.1,fixation
10:27:59.8443,788.1,234.8,fixation
10:27:59.8448,788.1,236.4,fixation
10:27:59.8453,788.5,235.4,fixation
10:27:59.8458,789.0,234.5,fixation
10:27:59.8463,789.4,234.2,fixation
10:27:59.8468,789.6,235.0,fixation
10:27:59.8473,789.8,235.7,fixation
10:27:59.8478,789.9,235.3,fixation
10:27:59.8483,789.6,235.5,fixation
10:27:59.8488,788.0,235.8,fixation
10:27:59.8493,786.8,236.3,fixation
10:27:59.8498,785.8,238.0,fixation
10:27:59.8503,786.1,239.8,fixation
10:27:59.8508,784.6,240.8,fixation
10:27:59.8513,783.0,239.3,fixation
10:27:59.8518,782.0,237.8,fixation
10:27:59.8523,783.0,237.1,fixation
10:27:59.8528,784.2,235.5,fixation
10:27:59.8533,785.0,234.0,fixation
10:27:59.8538,785.4,232.5,fixation
10:27:59.8543,786.0,233.2,fixation
10:27:59.8548,786.4,233.8,fixation
10:27:59.8553,786.6,232.8,fixation
10:27:59.8558,787.2,230.3,fixation
10:27:59.8563,787.9,227.8,fixation
10:27:59.8568,788.6,227.2,fixation
10:27:59.8573,788.0,227.4,fixation
10:27:59.8578,787.3,227.7,fixation
10:27:59.8583,786.6,228.6,fixation
10:27:59.8588,786.6,229.3,fixation
10:27:59.8593,786.6,229.9,fixation
10:27:59.8598,788.6,231.2,fixation
10:27:59.8603,790.6,232.7,fixation
10:27:59.8608,791.4,234.1,fixation
10:27:59.8613,789.6,234.0,fixation
10:27:59.8618,786.7,234.0,fixation
10:27:59.8623,785.0,233.9,fixation
10:27:59.8628,784.6,232.2,fixation
10:27:59.8633,785.2,230.6,fixation
10:27:59.8638,785.9,229.3,fixation
10:27:59.8643,786.3,229.4,fixation
10:27:59.8648,786.8,231.3,fixation
10:27:59.8653,787.3,233.2,fixation
10:27:59.8658,787.8,234.7,fixation
10:27:59.8663,788.0,234.0,fixation
10:27:59.8668,788.2,232.2,fixation
10:27:59.8673,788.3,230.5,fixation
10:27:59.8678,788.4,229.1,fixation
10:27:59.8683,788.5,228.8,fixation
10:27:59.8688,788.3,228.8,fixation
10:27:59.8693,788.0,228.7,fixation
10:27:59.8698,787.4,228.6,fixation
10:27:59.8703,787.0,228.0,fixation
10:27:59.8708,787.7,227.7,fixation
10:27:59.8713,788.7,228.2,fixation
10:27:59.8718,789.8,230.0,fixation
10:27:59.8723,789.9,231.7,fixation
10:27:59.8728,790.1,232.6,fixation
10:27:59.8733,790.2,232.6,fixation
10:27:59.8738,790.1,232.1,fixation
10:27:59.8743,789.7,231.5,fixation
10:27:59.8748,789.3,231.0,fixation
10:27:59.8753,789.5,230.9,fixation
10:27:59.8758,790.0,230.8,fixation
10:27:59.8763,790.3,230.4,fixation
10:27:59.8768,790.2,230.1,fixation
10:27:59.8773,790.0,229.9,fixation
10:27:59.8778,790.0,230.4,fixation
10:27:59.8783,791.4,231.3,fixation
10:27:59.8788,792.8,232.2,fixation
10:27:59.8793,792.7,230.7,fixation
10:27:59.8798,790.8,228.6,fixation
10:27:59.8803,788.1,226.5,fixation
10:27:59.8808,786.9,228.1,fixation
10:27:59.8813,786.6,229.9,fixation
10:27:59.8818,787.4,231.5,fixation
10:27:59.8823,788.0,230.0,fixation
10:27:59.8828,787.9,228.4,fixation
10:27:59.8833,787.8,228.2,fixation
10:27:59.8838,788.1,229.3,fixation
10:27:59.8843,788.3,230.3,fixation
10:27:59.8848,788.5,230.3,fixation
10:27:59.8853,790.1,230.9,fixation
10:27:59.8858,791.6,231.7,fixation
10:27:59.8863,793.0,232.3,fixation
10:27:59.8868,792.2,234.0,fixation
10:27:59.8873,791.1,235.5,fixation
10:27:59.8878,790.2,236.8,fixation
10:27:59.8883,789.7,236.5,fixation
10:27:59.8888,791.8,236.4,fixation
10:27:59.8893,793.9,234.9,fixation
10:27:59.8898,793.5,232.0,fixation
10:27:59.8903,791.1,229.3,fixation
10:27:59.8908,789.2,228.6,fixation
10:27:59.8913,789.8,230.8,fixation
10:27:59.8918,790.4,232.7,fixation
10:27:59.8923,790.5,233.0,fixation
10:27:59.8928,790.7,231.8,fixation
10:27:59.8933,790.9,230.7,fixation
10:27:59.8938,791.0,231.0,fixation
10:27:59.8943,790.8,231.6,fixation
10:27:59.8948,790.9,232.3,fixation
10:27:59.8953,791.1,230.1,fixation
10:27:59.8958,791.0,227.5,fixation
10:27:59.8963,790.5,224.6,fixation
10:27:59.8968,790.0,224.1,fixation
10:27:59.8973,789.8,224.4,fixation
10:27:59.8978,789.6,226.0,fixation
10:27:59.8983,789.5,229.3,fixation
10:27:59.8988,789.3,231.9,fixation
10:27:59.8993,789.1,232.3,fixation
10:27:59.8998,788.8,231.1,fixation
10:27:59.9003,789.1,230.0,fixation
10:27:59.9008,790.6,230.1,fixation
10:27:59.9013,792.1,230.1,fixation
10:27:59.9018,792.2,230.0,fixation
10:27:59.9023,790.6,229.6,fixation
10:27:59.9028,789.1,229.4,fixation
10:27:59.9033,789.4,231.4,fixation
10:27:59.9038,790.7,233.6,fixation
10:27:59.9043,790.7,233.7,fixation
10:27:59.9048,789.4,231.5,fixation
10:27:59.9053,788.9,229.4,fixation
10:27:59.9058,789.7,229.4,fixation
10:27:59.9063,789.4,229.2,fixation
10:27:59.9068,788.2,228.8,fixation
10:27:59.9073,787.5,228.4,fixation
10:27:59.9078,788.0,228.3,fixation
10:27:59.9083,788.8,228.5,fixation
10:27:59.9088,789.2,228.6,fixation
10:27:59.9093,789.3,229.0,fixation
10:27:59.9098,788.7,229.3,fixation
10:27:59.9103,788.0,228.0,fixation
10:27:59.9108,787.6,226.4,fixation
10:27:59.9113,787.4,226.3,fixation
10:27:59.9118,787.3,227.8,fixation
10:27:59.9123,787.2,229.3,fixation
10:27:59.9128,787.2,228.6,fixation
10:27:59.9133,785.9,227.1,fixation
10:27:59.9138,784.6,225.7,fixation
10:27:59.9143,784.2,226.5,fixation
10:27:59.9148,785.0,228.1,fixation
10:27:59.9153,785.7,229.3,fixation
10:27:59.9158,785.9,228.3,fixation
10:27:59.9163,786.2,227.1,fixation
10:27:59.9168,785.6,226.3,fixation
10:27:59.9173,784.4,226.0,fixation
10:27:59.9178,783.3,226.7,fixation
10:27:59.9183,783.4,227.5,fixation
10:27:59.9188,783.7,228.2,fixation
10:27:59.9193,784.1,228.0,fixation
10:27:59.9198,784.5,227.7,fixation
10:27:59.9203,785.1,228.8,fixation
10:27:59.9208,785.6,230.2,fixation
10:27:59.9213,785.7,231.2,fixation
10:27:59.9218,785.6,230.8,fixation
10:27:59.9223,785.3,230.1,fixation
10:27:59.9228,785.1,229.4,fixation
10:27:59.9233,784.8,228.7,fixation
10:27:59.9238,784.7,230.8,fixation
10:27:59.9243,784.6,233.2,fixation
10:27:59.9248,784.6,235.6,fixation
10:27:59.9253,784.3,233.7,fixation
10:27:59.9258,784.0,231.9,fixation
10:27:59.9263,784.9,230.2,fixation
10:27:59.9268,785.9,231.0,fixation
10:27:59.9273,787.5,232.1,fixation
10:27:59.9278,788.1,233.1,fixation
10:27:59.9283,787.6,232.6,fixation
10:27:59.9288,785.9,231.3,fixation
10:27:59.9293,784.2,230.0,fixation
10:27:59.9298,783.4,229.7,fixation
10:27:59.9303,783.4,229.9,fixation
10:27:59.9308,783.3,230.0,fixation
10:27:59.9313,783.2,229.9,fixation
10:27:59.9318,784.5,229.1,fixation
10:27:59.9323,786.0,228.5,fixation
10:27:59.9328,787.0,229.6,fixation
10:27:59.9333,786.4,231.5,fixation
10:27:59.9338,785.9,234.3,fixation
10:27:59.9343,785.9,235.2,fixation
10:27:59.9348,786.5,234.6,fixation
10:27:59.9353,787.1,231.5,fixation
10:27:59.9358,787.5,228.4,fixation
10:27:59.9363,787.4,226.8,fixation
10:27:59.9368,787.6,229.3,fixation
10:27:59.9373,788.1,231.9,fixation
10:27:59.9378,788.6,234.3,fixation
10:27:59.9383,789.0,234.7,fixation
10:27:59.9388,789.4,235.5,fixation
10:27:59.9393,789.7,236.3,fixation
10:27:59.9398,788.0,234.4,fixation
10:27:59.9403,786.1,232.0,fixation
10:27:59.9408,785.3,229.7,fixation
10:27:59.9413,786.3,229.6,fixation
10:27:59.9418,787.5,229.6,fixation
10:27:59.9423,787.7,229.8,fixation
10:27:59.9428,787.1,230.3,fixation
10:27:59.9433,786.4,230.9,fixation
10:27:59.9438,785.6,231.3,fixation
10:27:59.9443,785.6,231.3,fixation
10:27:59.9448,785.6,231.2,fixation
10:27:59.9453,786.1,231.2,fixation
10:27:59.9458,786.7,231.2,fixation
10:27:59.9463,787.3,231.3,fixation
10:27:59.9468,787.3,231.3,fixation
10:27:59.9473,787.2,228.4,fixation
10:27:59.9478,786.2,225.5,fixation
10:27:59.9483,785.1,223.4,fixation
10:27:59.9488,784.0,225.1,fixation
10:27:59.9493,784.7,226.8,fixation
10:27:59.9498,785.6,227.4,fixation
10:27:59.9503,786.3,227.0,fixation
10:27:59.9508,786.3,225.8,fixation
10:27:59.9513,786.3,224.8,fixation
10:27:59.9518,786.4,225.9,fixation
10:27:59.9523,786.3,227.6,fixation
10:27:59.9528,786.0,229.6,fixation
10:27:59.9533,785.9,230.0,fixation
10:27:59.9538,785.8,230.4,fixation
10:27:59.9543,785.8,230.5,fixation
10:27:59.9548,787.1,231.2,fixation
10:27:59.9553,788.4,232.9,fixation
10:27:59.9558,789.8,234.6,fixation
10:27:59.9563,789.8,234.4,fixation
10:27:59.9568,789.9,233.3,fixation
10:27:59.9573,789.9,232.3,fixation
10:27:59.9578,788.8,232.2,fixation
10:27:59.9583,787.6,232.1,fixation
10:27:59.9588,786.4,232.0,fixation
10:27:59.9593,787.4,232.0,fixation
10:27:59.9598,788.4,232.0,fixation
10:27:59.9603,788.8,232.1,fixation
10:27:59.9608,788.3,232.2,fixation
10:27:59.9613,787.1,232.3,fixation
10:27:59.9618,786.6,232.5,fixation
10:27:59.9623,786.2,231.1,fixation
10:27:59.9628,786.8,229.7,fixation
10:27:59.9633,787.6,229.2,fixation
10:27:59.9638,788.5,230.2,fixation
10:27:59.9643,786.8,230.7,fixation
10:27:59.9648,784.6,230.4,fixation
10:27:59.9653,783.7,229.4,fixation
10:27:59.9658,785.3,228.8,fixation
10:27:59.9663,786.9,228.2,fixation
10:27:59.9668,787.4,228.2,fixation
10:27:59.9673,787.8,229.1,fixation
10:27:59.9678,788.7,230.0,fixation
10:27:59.9683,789.5,231.5,fixation
10:27:59.9688,790.2,233.3,fixation
10:27:59.9693,789.9,235.0,fixation
10:27:59.9698,789.0,235.9,fixation
10:27:59.9703,788.1,235.3,fixation
10:27:59.9708,787.6,234.4,fixation
10:27:59.9713,787.5,233.5,fixation
10:27:59.9718,786.8,231.6,fixation
10:27:59.9723,786.2,230.8,fixation
10:27:59.9728,785.7,230.8,fixation
10:27:59.9733,785.8,232.1,fixation
10:27:59.9738,785.8,230.3,fixation
10:27:59.9743,787.1,227.9,fixation
10:27:59.9748,788.7,225.7,fixation
10:27:59.9753,790.4,226.0,fixation
10:27:59.9758,790.5,227.1,fixation
10:27:59.9763,790.2,228.3,fixation
10:27:59.9768,789.6,231.5,fixation
10:27:59.9773,789.1,233.7,fixation
10:27:59.9778,788.4,234.6,fixation
10:27:59.9783,787.4,233.0,fixation
10:27:59.9788,786.5,231.5,fixation
10:27:59.9793,786.0,230.9,fixation
10:27:59.9798,786.0,230.5,fixation
10:27:59.9803,785.9,230.0,fixation
10:27:59.9808,785.9,229.6,fixation
10:27:59.9813,786.1,229.3,fixation
10:27:59.9818,786.3,227.7,fixation
10:27:59.9823,786.5,226.6,fixation
10:27:59.9828,786.8,225.7,fixation
10:27:59.9833,786.9,225.6,fixation
10:27:59.9838,786.7,224.7,fixation
10:27:59.9843,786.6,223.4,fixation
10:27:59.9848,786.8,226.2,fixation
10:27:59.9853,787.2,229.7,fixation
10:27:59.9858,787.4,231.1,fixation
10:27:59.9863,787.5,229.2,fixation
10:27:59.9868,787.6,228.1,fixation
10:27:59.9873,787.7,229.5,fixation
10:27:59.9878,788.5,232.6,fixation
10:27:59.9883,789.2,234.8,fixation
10:27:59.9888,788.6,237.0,fixation
10:27:59.9893,787.1,237.4,fixation
10:27:59.9898,785.7,238.3,fixation
10:27:59.9903,786.8,238.8,fixation
10:27:59.9908,788.1,237.1,fixation
10:27:59.9913,788.9,234.8,fixation
10:27:59.9918,788.3,230.2,fixation
10:27:59.9923,787.7,227.9,fixation
10:27:59.9928,787.7,225.7,fixation
10:27:59.9933,787.9,225.9,fixation
10:27:59.9938,788.1,228.7,fixation
10:27:59.9943,786.9,231.4,fixation
10:27:59.9948,785.9,231.9,fixation
10:27:59.9953,784.7,229.1,fixation
10:27:59.9958,784.1,226.3,fixation
10:27:59.9963,783.4,225.5,fixation
10:27:59.9968,782.8,226.2,fixation
10:27:59.9973,784.1,226.6,fixation
10:27:59.9978,785.3,226.5,fixation
10:27:59.9983,785.0,225.6,fixation
10:27:59.9988,783.5,225.0,fixation
10:27:59.9993,784.5,224.9,fixation
10:27:59.9998,787.0,225.7,fixation
10:28:0.00030,789.9,227.7,fixation
10:28:0.00079,790.2,229.7,fixation
10:28:0.00129,790.5,230.8,fixation
10:28:0.00179,790.6,231.0,fixation
10:28:0.00229,791.1,231.0,fixation
10:28:0.00279,792.2,230.7,fixation
10:28:0.00329,793.2,230.4,fixation
10:28:0.00379,792.8,230.6,fixation
10:28:0.00429,790.9,230.7,fixation
10:28:0.00479,788.7,229.2,fixation
10:28:0.00528,787.6,227.5,fixation
10:28:0.00578,787.6,226.2,fixation
10:28:0.00628,787.1,228.5,fixation
10:28:0.00678,786.6,230.8,fixation
10:28:0.00728,786.2,230.1,fixation
10:28:0.00778,786.5,227.6,fixation
10:28:0.00828,786.6,225.0,fixation
10:28:0.00878,786.1,225.1,fixation
10:28:0.00928,785.7,225.1,fixation
10:28:0.00978,785.3,224.8,fixation
10:28:0.01028,784.4,224.4,fixation
10:28:0.01078,783.5,226.0,fixation
10:28:0.01128,782.8,227.6,fixation
10:28:0.01178,783.2,229.3,fixation
10:28:0.01228,784.5,229.5,fixation
10:28:0.01278,785.6,229.9,fixation
10:28:0.01328,785.1,230.4,fixation
10:28:0.01378,783.6,230.5,fixation
10:28:0.01428,783.8,230.6,fixation
10:28:0.01478,785.5,231.9,fixation
10:28:0.01528,787.6,233.2,fixation
10:28:0.01578,787.9,234.4,fixation
10:28:0.01628,788.3,234.4,fixation
10:28:0.01678,788.3,233.1,fixation
10:28:0.01728,788.1,230.7,fixation
10:28:0.01778,787.8,228.3,fixation
10:28:0.01828,787.8,228.4,fixation
10:28:0.01878,787.9,229.6,fixation
10:28:0.01928,788.3,230.7,fixation
10:28:0.01978,788.3,230.6,fixation
10:28:0.02028,787.5,231.0,fixation
10:28:0.02078,786.6,230.5,fixation
10:28:0.02128,786.0,230.2,fixation
10:28:0.02178,786.5,229.3,fixation
10:28:0.02228,788.2,229.4,fixation
10:28:0.02278,789.6,230.4,fixation
10:28:0.02328,790.4,231.4,fixation
10:28:0.02378,789.7,231.8,fixation
10:28:0.02428,788.8,231.2,fixation
10:28:0.02478,788.3,231.6,fixation
10:28:0.02528,788.2,232.6,fixation
10:28:0.02578,788.1,233.2,fixation
10:28:0.02628,788.1,232.6,fixation
10:28:0.02678,787.9,232.0,fixation
10:28:0.02728,787.7,231.8,fixation
10:28:0.02778,787.7,231.8,fixation
10:28:0.02828,787.9,231.9,fixation
10:28:0.02878,788.0,230.1,fixation
10:28:0.02928,787.1,228.4,fixation
10:28:0.02978,786.3,228.7,fixation
10:28:0.03028,785.8,230.7,fixation
10:28:0.03078,786.9,232.6,fixation
10:28:0.03127,787.9,232.4,fixation
10:28:0.03177,788.7,232.3,fixation
10:28:0.03227,788.2,229.1,fixation
10:28:0.03277,787.7,225.9,fixation
10:28:0.03327,787.2,223.5,fixation
10:28:0.03377,787.1,226.5,fixation
10:28:0.03427,787.2,229.4,fixation
10:28:0.03477,787.1,231.5,fixation
10:28:0.03527,786.9,231.5,fixation
10:28:0.03577,787.8,232.4,fixation
10:28:0.03627,790.1,233.4,fixation
10:28:0.03677,792.3,234.4,fixation
10:28:0.03727,791.2,234.4,fixation
10:28:0.03777,789.0,234.4,fixation
10:28:0.03827,786.8,234.4,fixation
10:28:0.03877,786.8,234.1,fixation
10:28:0.03927,787.3,233.8,fixation
10:28:0.03977,787.7,233.6,fixation
10:28:0.04027,788.0,233.7,fixation
10:28:0.04077,787.8,233.0,fixation
10:28:0.04127,787.8,232.2,fixation
10:28:0.04177,788.4,230.9,fixation
10:28:0.04227,788.9,230.3,fixation
10:28:0.04277,789.2,229.8,fixation
10:28:0.04327,789.2,229.9,fixation
10:28:0.04377,789.2,231.0,fixation
10:28:0.04427,789.1,232.8,fixation
10:28:0.04477,789.0,234.6,fixation
10:28:0.04527,787.2,235.3,fixation
10:28:0.04577,785.5,235.2,fixation
10:28:0.04627,785.1,234.5,fixation
10:28:0.04677,786.2,233.4,fixation
10:28:0.04727,787.9,232.1,fixation
10:28:0.04777,788.5,231.7,fixation
10:28:0.04827,788.3,231.9,fixation
10:28:0.04877,787.7,232.6,fixation
10:28:0.04927,787.2,233.3,fixation
10:28:0.04977,787.4,233.8,fixation
10:28:0.05027,787.5,233.9,fixation
10:28:0.05077,787.7,234.0,fixation
10:28:0.05127,788.0,234.4,fixation
10:28:0.05177,788.9,234.8,fixation
10:28:0.05227,789.7,234.3,fixation
10:28:0.05277,790.2,232.8,fixation
10:28:0.05327,789.9,231.6,fixation
10:28:0.05377,789.3,231.5,fixation
10:28:0.05427,789.0,232.4,fixation
10:28:0.05477,788.7,233.2,fixation
10:28:0.05527,788.9,234.4,fixation
10:28:0.05577,789.0,235.4,fixation
10:28:0.05627,789.2,235.8,fixation
10:28:0.05677,789.8,235.4,fixation
10:28:0.05727,790.4,235.7,fixation
10:28:0.05777,790.9,236.3,fixation
10:28:0.05827,790.7,236.6,fixation
10:28:0.05877,789.9,236.3,fixation
10:28:0.05927,789.1,236.1,fixation
10:28:0.05977,788.4,236.0,fixation
10:28:0.06027,788.4,236.2,fixation
10:28:0.06077,788.6,236.4,fixation
10:28:0.06127,788.9,237.4,fixation
10:28:0.06177,789.5,238.1,fixation
10:28:0.06227,789.8,236.8,fixation
10:28:0.06276,790.0,234.7,fixation
10:28:0.06326,789.9,233.2,fixation
10:28:0.06376,789.9,233.7,fixation
10:28:0.06426,789.9,234.0,fixation
10:28:0.06476,789.9,232.6,fixation
10:28:0.06526,790.5,231.3,fixation
10:28:0.06576,791.1,230.5,fixation
10:28:0.06626,791.6,231.0,fixation
10:28:0.06676,791.5,231.5,fixation
10:28:0.06726,792.1,231.8,fixation
10:28:0.06776,792.9,231.1,fixation
10:28:0.06826,792.4,230.7,fixation
10:28:0.06876,791.2,230.3,fixation
10:28:0.06926,788.5,230.5,fixation
10:28:0.06976,787.0,230.6,fixation
10:28:0.07026,788.2,232.0,fixation
10:28:0.07076,790.8,233.5,fixation
10:28:0.07126,793.4,234.8,fixation
10:28:0.07176,793.3,234.7,fixation
10:28:0.07226,793.1,234.5,fixation
10:28:0.07276,792.0,234.3,fixation
10:28:0.07326,790.9,232.5,fixation
10:28:0.07376,789.9,230.7,fixation
10:28:0.07426,791.3,230.5,fixation
10:28:0.07476,792.8,231.4,fixation
10:28:0.07526,795.5,232.0,fixation
10:28:0.07576,796.7,231.0,fixation
10:28:0.07626,797.5,230.7,fixation
10:28:0.07676,796.6,230.7,fixation
10:28:0.07726,794.1,230.7,fixation
10:28:0.07776,792.1,231.2,fixation
10:28:0.07826,791.0,231.8,fixation
10:28:0.07876,791.9,232.5,fixation
10:28:0.07926,792.8,232.2,fixation
10:28:0.07976,793.2,231.9,fixation
10:28:0.08026,794.4,231.2,fixation
10:28:0.08076,795.6,230.5,fixation
10:28:0.08126,796.0,229.8,fixation
10:28:0.08176,794.6,229.4,fixation
10:28:0.08226,792.1,230.1,fixation
10:28:0.08276,790.2,230.4,fixation
10:28:0.08326,790.0,230.9,fixation
10:28:0.08376,790.8,230.6,fixation
10:28:0.08426,790.3,230.7,fixation
10:28:0.08476,788.9,230.7,fixation
10:28:0.08526,787.5,230.7,fixation
10:28:0.08576,787.7,230.7,fixation
10:28:0.08626,787.8,230.5,fixation
10:28:0.08676,787.9,230.1,fixation
10:28:0.08726,789.2,229.7,fixation
10:28:0.08776,790.5,229.0,fixation
10:28:0.08826,792.0,228.5,fixation
10:28:0.08876,792.4,229.2,fixation
10:28:0.08926,792.8,230.5,fixation
10:28:0.08976,793.1,230.9,fixation
10:28:0.09026,793.4,229.3,fixation
10:28:0.09076,793.8,227.6,fixation
10:28:0.09126,792.6,228.1,fixation
10:28:0.09176,790.9,229.4,fixation
10:28:0.09226,789.9,232.3,fixation
10:28:0.09276,790.4,233.8,fixation
10:28:0.09326,790.4,234.4,fixation
10:28:0.09376,789.6,233.4,fixation
10:28:0.09426,789.9,232.5,fixation
10:28:0.09476,790.9,232.5,fixation
10:28:0.09526,790.2,232.4,fixation
10:28:0.09576,788.6,232.2,fixation
10:28:0.09626,787.8,231.6,fixation
10:28:0.09676,788.7,231.2,fixation
10:28:0.09726,789.3,230.8,fixation
10:28:0.09776,789.0,230.8,fixation
10:28:0.09826,788.6,229.9,fixation
10:28:0.09876,788.6,229.0,fixation
10:28:0.09926,790.0,229.0,fixation
10:28:0.09976,791.3,229.8,fixation
10:28:0.10026,792.6,228.5,fixation
10:28:0.10076,792.6,226.4,fixation
10:28:0.10126,792.8,226.3,fixation
10:28:0.10176,793.0,228.2,fixation
10:28:0.10226,792.9,231.5,fixation
10:28:0.10276,792.5,232.9,fixation
10:28:0.10326,792.6,233.0,fixation
10:28:0.10376,792.9,230.7,fixation
10:28:0.10426,791.6,228.3,fixation
10:28:0.10476,789.9,229.4,fixation
10:28:0.10526,788.4,231.5,fixation
10:28:0.10576,788.6,234.3,fixation
10:28:0.10626,788.9,235.5,fixation
10:28:0.10676,789.2,236.6,fixation
10:28:0.10726,789.4,237.2,fixation
10:28:0.10776,789.4,237.3,fixation
10:28:0.10826,789.4,237.0,fixation
10:28:0.10876,789.4,236.7,fixation
10:28:0.10926,788.1,236.4,fixation
10:28:0.10976,786.8,236.6,fixation
10:28:0.11026,787.0,236.4,fixation
10:28:0.11076,787.8,236.2,fixation
10:28:0.11126,788.9,236.3,fixation
10:28:0.11176,788.5,236.8,fixation
10:28:0.11226,788.4,238.2,fixation
10:28:0.11276,788.2,238.8,fixation
10:28:0.11326,787.8,238.8,fixation
10:28:0.11376,787.7,238.4,fixation
10:28:0.11426,789.6,239.0,fixation
10:28:0.11476,791.9,239.9,fixation
10:28:0.11526,794.1,240.1,fixation
10:28:0.11576,794.1,239.8,fixation
10:28:0.11626,793.4,239.6,fixation
10:28:0.11676,792.6,239.5,fixation
10:28:0.11726,792.2,240.5,fixation
10:28:0.11776,792.2,241.8,fixation
10:28:0.11826,791.9,243.1,fixation
10:28:0.11876,791.8,242.9,fixation
10:28:0.11926,791.7,242.4,fixation
10:28:0.11976,791.2,242.2,fixation
10:28:0.12026,789.8,243.4,saccade
10:28:0.12076,789.4,243.6,saccade
10:28:0.12126,789.1,244.5,saccade
10:28:0.12176,788.9,245.3,saccade
10:28:0.12226,789.0,246.2,saccade
10:28:0.12276,789.1,248.1,saccade
10:28:0.12326,787.9,251.7,saccade
10:28:0.12376,786.6,255.2,saccade
10:28:0.12426,785.2,256.9,saccade
10:28:0.12476,785.0,257.1,saccade
10:28:0.12525,784.9,257.0,saccade
10:28:0.12575,783.1,256.6,saccade
10:28:0.12625,781.3,256.0,saccade
10:28:0.12675,779.6,256.2,saccade
10:28:0.12725,779.6,257.1,saccade
10:28:0.12775,779.6,258.6,saccade
10:28:0.12825,779.4,259.9,saccade
10:28:0.12875,779.1,260.9,saccade
10:28:0.12925,778.4,258.5,saccade
10:28:0.12975,777.7,255.7,saccade
10:28:0.13025,776.8,254.2,saccade
10:28:0.13075,776.2,255.5,saccade
10:28:0.13125,778.2,258.3,saccade
10:28:0.13175,780.5,259.8,saccade
10:28:0.13225,781.2,261.7,saccade
10:28:0.13275,779.6,262.9,saccade
10:28:0.13325,779.0,264.2,saccade
10:28:0.13375,779.9,265.1,saccade
10:28:0.13425,780.7,262.2,saccade
10:28:0.13475,780.8,258.6,saccade
10:28:0.13525,780.8,253.5,saccade
10:28:0.13575,781.2,250.0,saccade
10:28:0.13625,781.3,241.6,saccade
10:28:0.13675,783.3,229.0,saccade
10:28:0.13725,786.6,215.7,saccade
10:28:0.13775,789.9,207.5,saccade
10:28:0.13825,791.3,204.5,saccade
10:28:0.13875,791.3,203.6,saccade
10:28:0.13925,793.9,202.0,saccade
10:28:0.13975,796.4,200.8,saccade
10:28:0.14025,.,.,blink
10:28:0.14075,.,.,blink
10:28:0.14125,.,.,blink
10:28:0.14175,.,.,blink
10:28:0.14225,.,.,blink
10:28:0.14275,.,.,blink
10:28:0.14325,.,.,blink
10:28:0.14375,.,.,blink
10:28:0.14425,.,.,blink
10:28:0.14475,.,.,blink
10:28:0.14525,.,.,blink
10:28:0.14575,.,.,blink
10:28:0.14625,.,.,blink
10:28:0.14675,.,.,blink
10:28:0.14725,.,.,blink
10:28:0.14775,.,.,blink
10:28:0.14825,.,.,blink
10:28:0.14875,.,.,blink
10:28:0.14925,.,.,blink
10:28:0.14975,.,.,blink
10:28:0.15025,.,.,blink
10:28:0.15075,.,.,blink
10:28:0.15125,.,.,blink
10:28:0.15175,.,.,blink
10:28:0.15225,.,.,blink
10:28:0.15275,.,.,blink
10:28:0.15325,.,.,blink
10:28:0.15375,.,.,blink
10:28:0.15425,.,.,blink
10:28:0.15475,.,.,blink
10:28:0.15525,.,.,blink
10:28:0.15575,.,.,blink
10:28:0.15625,.,.,blink
10:28:0.15675,.,.,blink
10:28:0.15725,.,.,blink
10:28:0.15775,.,.,blink
10:28:0.15825,.,.,blink
10:28:0.15875,.,.,blink
10:28:0.15925,.,.,blink
10:28:0.15975,.,.,blink
10:28:0.16025,.,.,blink
10:28:0.16075,.,.,blink
10:28:0.16125,.,.,blink
10:28:0.16175,.,.,blink
10:28:0.16225,.,.,blink
10:28:0.16275,.,.,blink
10:28:0.16325,.,.,blink
10:28:0.16375,.,.,blink
10:28:0.16425,.,.,blink
10:28:0.16475,.,.,blink
10:28:0.16525,.,.,blink
10:28:0.16575,.,.,blink
10:28:0.16625,.,.,blink
10:28:0.16675,.,.,blink
10:28:0.16725,.,.,blink
10:28:0.16775,.,.,blink
10:28:0.16825,.,.,blink
10:28:0.16875,.,.,blink
10:28:0.16925,.,.,blink
10:28:0.16975,.,.,blink
10:28:0.17025,.,.,blink
10:28:0.17075,.,.,blink
10:28:0.17125,.,.,blink
10:28:0.17175,.,.,blink
10:28:0.17225,.,.,blink
10:28:0.17275,.,.,blink
10:28:0.17325,.,.,blink
10:28:0.17375,.,.,blink
10:28:0.17425,.,.,blink
10:28:0.17475,.,.,blink
10:28:0.17525,.,.,blink
10:28:0.17575,.,.,blink
10:28:0.17625,.,.,blink
10:28:0.17675,.,.,blink
10:28:0.17725,.,.,blink
10:28:0.17775,.,.,blink
10:28:0.17825,.,.,blink
10:28:0.17875,.,.,blink
10:28:0.17925,.,.,blink
10:28:0.17975,.,.,blink
10:28:0.18025,.,.,blink
10:28:0.18075,.,.,blink
10:28:0.18125,.,.,blink
10:28:0.18175,.,.,blink
10:28:0.18225,.,.,blink
10:28:0.18275,.,.,blink
10:28:0.18325,.,.,blink
10:28:0.18375,.,.,blink
10:28:0.18425,.,.,blink
10:28:0.18475,.,.,blink
10:28:0.18525,.,.,blink
10:28:0.18575,.,.,blink
10:28:0.18625,.,.,blink
10:28:0.18675,.,.,blink
10:28:0.18725,.,.,blink
10:28:0.18775,.,.,blink
10:28:0.18825,.,.,blink
10:28:0.18875,.,.,blink
10:28:0.18925,.,.,blink
10:28:0.18975,.,.,blink
10:28:0.19025,.,.,blink
10:28:0.19075,.,.,blink
10:28:0.19125,.,.,blink
10:28:0.19175,.,.,blink
10:28:0.19225,.,.,blink
10:28:0.19275,.,.,blink
10:28:0.19325,.,.,blink
10:28:0.19375,.,.,blink
10:28:0.19425,.,.,blink
10:28:0.19475,.,.,blink
10:28:0.19525,.,.,blink
10:28:0.19575,.,.,blink
10:28:0.19625,.,.,blink
10:28:0.19675,.,.,blink
10:28:0.19725,.,.,blink
10:28:0.19775,.,.,blink
10:28:0.19825,.,.,blink
10:28:0.19875,.,.,blink
10:28:0.19925,.,.,blink
10:28:0.19975,.,.,blink
10:28:0.20025,.,.,blink
10:28:0.20075,.,.,blink
10:28:0.20125,.,.,blink
10:28:0.20175,.,.,blink
10:28:0.20225,.,.,blink
10:28:0.20275,.,.,blink
10:28:0.20325,.,.,blink
10:28:0.20375,.,.,blink
10:28:0.20425,.,.,blink
10:28:0.20475,.,.,blink
10:28:0.20525,.,.,blink
10:28:0.20575,.,.,blink
10:28:0.20625,.,.,blink
10:28:0.20675,.,.,blink
10:28:0.20725,.,.,blink
10:28:0.20775,.,.,blink
10:28:0.20825,.,.,blink
10:28:0.20875,.,.,blink
10:28:0.20925,.,.,blink
10:28:0.20975,.,.,blink
10:28:0.21025,.,.,blink
10:28:0.21075,.,.,blink
10:28:0.21125,.,.,blink
10:28:0.21175,.,.,blink
10:28:0.21225,.,.,blink
10:28:0.21275,.,.,blink
10:28:0.21325,.,.,blink
10:28:0.21375,.,.,blink
10:28:0.21425,.,.,blink
10:28:0.21475,.,.,blink
10:28:0.21525,.,.,blink
10:28:0.21575,.,.,blink
10:28:0.21625,.,.,blink
10:28:0.21675,.,.,blink
10:28:0.21725,.,.,blink
10:28:0.21775,.,.,blink
10:28:0.21825,.,.,blink
10:28:0.21875,.,.,blink
10:28:0.21925,.,.,blink
10:28:0.21975,.,.,blink
10:28:0.22025,.,.,blink
10:28:0.22075,.,.,blink
10:28:0.22125,.,.,blink
10:28:0.22175,.,.,blink
10:28:0.22225,.,.,blink
10:28:0.22275,780.7,238.3,fixation
10:28:0.22325,780.6,238.7,fixation
10:28:0.22375,780.5,238.9,fixation
10:28:0.22425,779.7,239.0,fixation
10:28:0.22475,779.3,240.6,fixation
10:28:0.22525,778.8,242.5,fixation
10:28:0.22575,779.1,244.4,fixation
10:28:0.22625,780.0,244.4,fixation
10:28:0.22675,780.8,243.9,fixation
10:28:0.22725,781.7,242.2,fixation
10:28:0.22775,781.6,240.8,fixation
10:28:0.22825,781.6,239.6,fixation
10:28:0.22875,781.5,240.3,fixation
10:28:0.22925,780.8,240.9,fixation
10:28:0.22975,780.0,240.7,fixation
10:28:0.23025,779.2,239.6,fixation
10:28:0.23075,780.7,238.6,fixation
10:28:0.23125,782.0,238.6,fixation
10:28:0.23175,783.4,239.0,fixation
10:28:0.23225,783.4,238.5,fixation
10:28:0.23275,782.7,237.5,fixation
10:28:0.23325,782.2,236.7,fixation
10:28:0.23375,781.7,236.9,fixation
10:28:0.23425,782.0,237.4,fixation
10:28:0.23475,782.0,237.6,fixation
10:28:0.23525,782.1,237.7,fixation
10:28:0.23575,782.4,237.6,fixation
10:28:0.23625,782.7,238.0,fixation
10:28:0.23675,783.1,238.6,fixation
10:28:0.23725,783.3,239.2,fixation
10:28:0.23775,783.5,239.3,fixation
10:28:0.23825,783.6,238.7,fixation
10:28:0.23875,782.8,238.0,fixation
10:28:0.23925,781.8,237.3,fixation
10:28:0.23975,781.0,237.6,fixation
10:28:0.24025,781.3,238.0,fixation
10:28:0.24075,782.0,238.8,fixation
10:28:0.24125,782.4,239.0,fixation
10:28:0.24175,782.6,239.3,fixation
10:28:0.24225,782.1,239.4,fixation
10:28:0.24275,781.9,239.8,fixation
10:28:0.24325,782.9,240.5,fixation
10:28:0.24375,784.0,240.8,fixation
10:28:0.24425,785.2,240.5,fixation
10:28:0.24475,785.8,239.9,fixation
10:28:0.24525,786.4,239.5,fixation
10:28:0.24575,786.5,239.8,fixation
10:28:0.24625,786.0,240.7,fixation
10:28:0.24675,785.4,242.1,fixation
10:28:0.24725,785.2,243.4,fixation
10:28:0.24775,784.9,242.6,fixation
10:28:0.24825,784.8,241.1,fixation
10:28:0.24875,784.8,241.0,fixation
10:28:0.24925,785.1,242.4,fixation
10:28:0.24975,785.5,242.9,fixation
10:28:0.25025,785.5,241.5,fixation
10:28:0.25075,785.4,240.2,fixation
10:28:0.25125,786.1,240.2,fixation
10:28:0.25175,787.1,240.6,fixation
10:28:0.25225,787.1,239.4,fixation
10:28:0.25275,786.1,237.9,fixation
10:28:0.25325,785.1,237.5,fixation
10:28:0.25375,784.9,237.4,fixation
10:28:0.25425,784.8,237.4,fixation
10:28:0.25475,784.7,236.8,fixation
10:28:0.25525,785.4,237.8,fixation
10:28:0.25575,786.1,238.8,fixation
10:28:0.25625,787.0,239.6,fixation
10:28:0.25675,787.7,240.4,fixation
10:28:0.25725,788.5,241.2,fixation
10:28:0.25775,788.9,241.6,fixation
10:28:0.25825,788.6,241.9,fixation
10:28:0.25875,786.8,242.1,fixation
10:28:0.25925,785.1,242.3,fixation
10:28:0.25975,784.9,242.4,fixation
10:28:0.26025,786.5,243.1,fixation
10:28:0.26075,788.1,243.8,fixation
10:28:0.26125,788.5,244.3,fixation
10:28:0.26175,788.5,242.7,fixation
10:28:0.26225,788.5,241.1,fixation
10:28:0.26275,788.5,239.5,fixation
10:28:0.26325,788.5,239.1,fixation
10:28:0.26375,788.7,238.6,fixation
10:28:0.26425,788.8,238.2,fixation
10:28:0.26475,789.1,238.3,fixation
10:28:0.26525,789.2,238.5,fixation
10:28:0.26575,789.3,238.7,fixation
10:28:0.26625,790.0,241.7,fixation
10:28:0.26675,790.5,244.8,fixation
10:28:0.26725,791.0,247.8,fixation
10:28:0.26775,789.8,247.7,fixation
10:28:0.26825,788.7,246.4,fixation
10:28:0.26875,787.8,245.2,fixation
10:28:0.26925,787.9,244.1,fixation
10:28:0.26975,788.7,244.2,fixation
10:28:0.27025,789.5,244.0,fixation
10:28:0.27075,789.7,243.6,fixation
10:28:0.27125,789.2,241.2,fixation
10:28:0.27175,788.6,239.1,fixation
10:28:0.27225,789.5,237.6,fixation
10:28:0.27275,791.5,238.4,fixation
10:28:0.27325,793.6,239.5,fixation
10:28:0.27375,793.6,240.2,fixation
10:28:0.27425,792.4,240.6,fixation
10:28:0.27475,790.9,240.8,fixation
10:28:0.27525,790.3,240.9,fixation
10:28:0.27575,789.6,240.9,fixation
10:28:0.27625,789.4,240.7,fixation
10:28:0.27675,789.6,240.5,fixation
10:28:0.27725,790.6,240.1,fixation
10:28:0.27775,791.5,240.4,fixation
10:28:0.27825,792.7,241.4,fixation
10:28:0.27875,793.5,242.6,fixation
10:28:0.27925,794.3,243.4,fixation
10:28:0.27975,794.6,243.5,fixation
10:28:0.28025,794.7,244.7,fixation
10:28:0.28075,794.0,245.8,fixation
10:28:0.28125,793.3,245.5,fixation
10:28:0.28175,792.8,243.6,fixation
10:28:0.28225,793.0,241.9,fixation
10:28:0.28275,793.3,241.9,fixation
10:28:0.28325,794.4,242.3,fixation
10:28:0.28375,795.4,242.5,fixation
10:28:0.28425,795.4,242.1,fixation
10:28:0.28475,794.3,241.8,fixation
10:28:0.28525,792.3,241.6,fixation
10:28:0.28575,791.3,241.8,fixation
10:28:0.28625,790.4,242.1,fixation
10:28:0.28675,790.4,242.4,fixation
10:28:0.28725,792.5,242.1,fixation
10:28:0.28775,794.6,241.4,fixation
10:28:0.28825,797.0,240.9,fixation
10:28:0.28875,797.3,240.8,fixation
10:28:0.28925,797.6,240.9,fixation
10:28:0.28975,797.6,240.9,fixation
10:28:0.29025,797.4,240.9,fixation
10:28:0.29075,797.2,241.0,fixation
10:28:0.29125,796.5,240.3,fixation
10:28:0.29175,796.1,239.4,fixation
10:28:0.29225,795.3,238.8,fixation
10:28:0.29275,794.7,239.5,fixation
10:28:0.29325,794.1,240.0,fixation
10:28:0.29375,793.8,240.1,fixation
10:28:0.29425,793.8,239.4,fixation
10:28:0.29475,793.7,238.8,fixation
10:28:0.29525,793.6,239.0,fixation
10:28:0.29575,794.7,240.2,fixation
10:28:0.29625,795.8,241.0,fixation
10:28:0.29675,796.1,240.9,fixation
10:28:0.29725,795.3,241.0,fixation
10:28:0.29775,796.0,241.5,fixation
10:28:0.29825,797.5,242.1,fixation
10:28:0.29875,798.8,242.8,fixation
10:28:0.29925,798.4,243.3,fixation
10:28:0.29975,797.9,243.6,fixation
10:28:0.30025,797.5,243.1,fixation
10:28:0.30075,797.3,242.9,fixation
10:28:0.30125,797.4,242.8,fixation
10:28:0.30175,797.5,243.1,fixation
10:28:0.30225,797.7,243.4,fixation
10:28:0.30275,797.8,243.7,fixation
10:28:0.30325,797.9,245.0,fixation
10:28:0.30375,797.7,245.9,fixation
10:28:0.30425,797.3,246.5,fixation
10:28:0.30475,796.2,244.0,fixation
10:28:0.30525,795.6,241.8,fixation
10:28:0.30575,795.6,241.0,fixation
10:28:0.30625,796.3,241.5,fixation
10:28:0.30675,795.8,242.0,fixation
10:28:0.30725,795.0,242.6,fixation
10:28:0.30775,795.0,243.8,fixation
10:28:0.30825,795.9,245.1,fixation
10:28:0.30875,796.7,245.5,fixation
10:28:0.30925,796.2,245.6,fixation
10:28:0.30975,795.9,245.6,fixation
10:28:0.31025,795.6,245.6,fixation
10:28:0.31075,794.7,243.5,fixation
10:28:0.31125,793.6,241.3,fixation
10:28:0.31175,794.8,241.1,fixation
10:28:0.31225,797.1,243.0,fixation
10:28:0.31275,797.9,243.8,fixation
10:28:0.31325,796.5,242.9,fixation
10:28:0.31375,794.0,241.9,fixation
10:28:0.31425,792.4,242.9,fixation
10:28:0.31475,790.9,244.6,fixation
10:28:0.31525,790.5,246.3,fixation
10:28:0.31575,790.7,245.1,fixation
10:28:0.31625,790.7,242.9,fixation
10:28:0.31675,790.6,241.1,fixation
10:28:0.31725,790.8,241.3,fixation
10:28:0.31775,791.4,241.6,fixation
10:28:0.31825,791.6,241.2,fixation
10:28:0.31875,791.7,241.0,fixation
10:28:0.31925,791.5,240.6,fixation
10:28:0.31975,791.6,240.5,fixation
10:28:0.32025,791.6,240.7,fixation
10:28:0.32075,792.0,241.3,fixation
10:28:0.32125,793.7,242.0,fixation
10:28:0.32175,795.7,243.5,fixation
10:28:0.32225,797.6,244.8,fixation
10:28:0.32275,796.4,244.2,fixation
10:28:0.32325,794.7,242.5,fixation
10:28:0.32375,793.0,241.1,fixation
10:28:0.32425,793.0,241.7,fixation
10:28:0.32475,793.0,242.4,fixation
10:28:0.32525,792.9,243.6,fixation
10:28:0.32575,793.4,244.8,fixation
10:28:0.32625,795.0,245.5,fixation
10:28:0.32675,796.6,245.3,fixation
10:28:0.32725,795.8,245.0,fixation
10:28:0.32775,793.8,243.0,fixation
10:28:0.32825,791.8,240.8,fixation
10:28:0.32875,792.1,242.5,fixation
10:28:0.32925,792.6,246.3,fixation
10:28:0.32975,791.9,246.7,fixation
10:28:0.33025,790.7,243.4,fixation
10:28:0.33075,789.2,240.0,fixation
10:28:0.33125,788.8,240.6,fixation
10:28:0.33175,788.6,241.2,fixation
10:28:0.33225,788.8,241.5,fixation
10:28:0.33275,790.0,241.1,fixation
10:28:0.33325,791.0,240.6,fixation
10:28:0.33375,792.8,240.6,fixation
10:28:0.33425,794.3,243.2,fixation
10:28:0.33475,796.1,245.9,fixation
10:28:0.33525,797.1,248.1,fixation
10:28:0.33575,796.5,247.1,fixation
10:28:0.33625,795.9,246.1,fixation
10:28:0.33675,795.4,246.1,fixation
10:28:0.33725,795.7,246.6,fixation
10:28:0.33775,794.1,245.3,fixation
10:28:0.33825,792.2,243.7,fixation
10:28:0.33875,790.4,241.9,fixation
10:28:0.33925,790.7,241.7,fixation
10:28:0.33975,791.2,243.5,fixation
10:28:0.34025,793.0,245.4,fixation
10:28:0.34075,794.5,245.4,fixation
10:28:0.34125,792.9,243.3,fixation
10:28:0.34175,790.0,241.3,fixation
10:28:0.34225,787.6,238.3,fixation
10:28:0.34275,788.4,235.5,fixation
10:28:0.34325,789.2,235.0,fixation
10:28:0.34375,789.8,239.1,fixation
10:28:0.34425,790.2,243.6,fixation
10:28:0.34475,790.6,245.7,fixation
10:28:0.34525,790.8,245.9,fixation
10:28:0.34575,791.1,245.4,fixation
10:28:0.34625,791.4,245.0,fixation
10:28:0.34675,791.6,244.8,fixation
10:28:0.34725,791.3,242.9,fixation
10:28:0.34775,791.1,241.1,fixation
10:28:0.34825,791.1,241.3,fixation
10:28:0.34875,791.3,243.4,fixation
10:28:0.34925,791.6,245.7,fixation
10:28:0.34975,792.1,245.9,fixation
10:28:0.35025,792.9,246.0,fixation
10:28:0.35075,793.7,246.0,fixation
10:28:0.35125,794.3,244.7,fixation
10:28:0.35175,792.5,243.4,fixation
10:28:0.35225,790.5,242.5,fixation
10:28:0.35275,790.3,243.0,fixation
10:28:0.35325,792.1,243.6,fixation
10:28:0.35375,794.6,244.6,fixation
10:28:0.35425,795.3,245.4,fixation
10:28:0.35475,794.5,246.1,fixation
10:28:0.35525,791.8,245.2,fixation
10:28:0.35575,789.1,244.4,fixation
10:28:0.35625,787.9,243.0,fixation
10:28:0.35675,787.9,242.5,fixation
10:28:0.35725,788.8,242.9,fixation
10:28:0.35775,789.8,244.0,fixation
10:28:0.35825,791.2,245.0,fixation
10:28:0.35875,791.7,245.0,fixation
10:28:0.35925,791.9,244.6,fixation
10:28:0.35975,791.4,244.2,fixation
10:28:0.36025,790.8,244.1,fixation
10:28:0.36075,790.5,244.0,fixation
10:28:0.36125,790.5,243.8,fixation
10:28:0.36175,791.7,243.4,fixation
10:28:0.36225,792.9,243.5,fixation
10:28:0.36275,793.9,243.5,fixation
10:28:0.36325,793.3,243.4,fixation
10:28:0.36375,792.8,243.4,fixation
10:28:0.36425,792.5,243.3,fixation
10:28:0.36475,792.7,242.3,fixation
10:28:0.36525,792.8,241.3,fixation
10:28:0.36575,792.8,240.3,fixation
10:28:0.36625,792.0,240.5,fixation
10:28:0.36675,791.5,240.8,fixation
10:28:0.36725,791.1,241.2,fixation
10:28:0.36775,791.2,240.7,fixation
10:28:0.36825,791.0,239.8,fixation
10:28:0.36875,791.2,238.8,fixation
10:28:0.36925,791.0,238.7,fixation
10:28:0.36975,790.8,239.6,fixation
10:28:0.37025,791.0,240.9,fixation
10:28:0.37075,791.6,241.7,fixation
10:28:0.37125,792.6,241.3,fixation
10:28:0.37175,792.7,240.3,fixation
10:28:0.37225,792.8,239.8,fixation
10:28:0.37275,792.5,239.7,fixation
10:28:0.37325,792.4,239.1,fixation
10:28:0.37375,792.1,238.8,fixation
10:28:0.37425,791.9,238.8,fixation
10:28:0.37475,791.5,239.2,fixation
10:28:0.37525,791.5,239.4,fixation
10:28:0.37575,791.4,238.9,fixation
10:28:0.37625,791.5,238.5,fixation
10:28:0.37675,790.1,238.0,fixation
10:28:0.37725,788.7,238.1,fixation
10:28:0.37775,789.2,238.8,fixation
10:28:0.37825,791.2,240.3,fixation
10:28:0.37875,792.8,241.7,fixation
10:28:0.37925,792.2,242.3,fixation
10:28:0.37975,791.7,242.1,fixation
10:28:0.38025,791.5,241.1,fixation
10:28:0.38075,791.8,240.2,fixation
10:28:0.38125,792.0,239.5,fixation
10:28:0.38175,792.0,240.1,fixation
10:28:0.38225,792.1,241.0,fixation
10:28:0.38275,792.4,241.9,fixation
10:28:0.38325,792.8,243.0,fixation
10:28:0.38375,793.2,243.3,fixation
10:28:0.38425,793.3,243.4,fixation
10:28:0.38475,793.4,243.4,fixation
10:28:0.38525,793.4,243.6,fixation
10:28:0.38575,793.4,243.9,fixation
10:28:0.38625,793.4,244.4,fixation
10:28:0.38675,792.1,244.8,fixation
10:28:0.38725,790.8,244.8,fixation
10:28:0.38775,790.1,244.5,fixation
10:28:0.38825,790.7,244.1,fixation
10:28:0.38875,791.4,244.4,fixation
10:28:0.38925,791.3,244.6,fixation
10:28:0.38975,791.1,244.2,fixation
10:28:0.39025,790.9,243.5,fixation
10:28:0.39075,790.4,242.5,fixation
10:28:0.39125,790.0,241.7,fixation
10:28:0.39175,789.7,240.9,fixation
10:28:0.39225,789.8,241.3,fixation
10:28:0.39275,790.1,242.1,fixation
10:28:0.39325,790.1,242.8,fixation
10:28:0.39375,790.1,242.8,fixation
10:28:0.39425,790.3,242.7,fixation
10:28:0.39475,790.7,243.3,fixation
10:28:0.39525,792.6,244.5,fixation
10:28:0.39575,794.3,245.6,fixation
10:28:0.39625,795.7,246.5,fixation
10:28:0.39675,795.3,246.8,fixation
10:28:0.39725,794.4,244.3,fixation
10:28:0.39775,793.0,241.5,fixation
10:28:0.39825,791.6,238.7,fixation
10:28:0.39875,790.8,238.7,fixation
10:28:0.39925,790.7,238.7,fixation
10:28:0.39975,790.6,238.8,fixation
10:28:0.40025,790.6,238.9,fixation
10:28:0.40075,790.6,238.8,fixation
10:28:0.40125,790.9,238.5,fixation
10:28:0.40175,791.4,238.3,fixation
10:28:0.40225,791.9,238.1,fixation
10:28:0.40275,792.5,238.0,fixation
10:28:0.40325,792.9,238.1,fixation
10:28:0.40375,793.1,238.5,fixation
10:28:0.40425,793.1,238.9,fixation
10:28:0.40475,793.0,239.1,fixation
10:28:0.40525,792.6,238.3,fixation
10:28:0.40575,792.4,237.5,fixation
10:28:0.40625,791.8,236.7,fixation
10:28:0.40675,791.5,236.7,fixation
10:28:0.40725,790.6,236.6,fixation
10:28:0.40775,790.1,236.2,fixation
10:28:0.40825,789.6,235.8,fixation
10:28:0.40875,789.6,235.9,fixation
10:28:0.40925,791.2,237.0,fixation
10:28:0.40975,792.8,238.1,fixation
10:28:0.41025,793.4,238.6,fixation
10:28:0.41075,792.5,238.6,fixation
10:28:0.41125,791.7,238.5,fixation
10:28:0.41175,792.0,238.5,fixation
10:28:0.41225,791.5,237.9,fixation
10:28:0.41275,790.9,237.2,fixation
10:28:0.41325,790.3,236.9,fixation
10:28:0.41375,791.6,237.6,fixation
10:28:0.41425,792.9,238.3,fixation
10:28:0.41475,794.7,238.9,fixation
10:28:0.41525,794.7,239.4,fixation
10:28:0.41575,794.2,239.4,fixation
10:28:0.41625,793.6,239.1,fixation
10:28:0.41675,793.6,239.8,fixation
10:28:0.41725,793.6,240.6,fixation
10:28:0.41775,793.2,241.1,fixation
10:28:0.41825,792.8,240.2,fixation
10:28:0.41875,792.8,239.7,fixation
10:28:0.41925,793.1,239.2,fixation
10:28:0.41975,793.4,238.5,fixation
10:28:0.42025,793.7,237.7,fixation
10:28:0.42075,794.3,237.3,fixation
10:28:0.42125,794.7,237.3,fixation
10:28:0.42175,794.8,237.4,fixation
10:28:0.42225,793.6,237.6,fixation
10:28:0.42275,792.7,237.8,fixation
10:28:0.42325,792.6,237.3,fixation
10:28:0.42375,793.1,236.7,fixation
10:28:0.42425,793.2,236.2,fixation
10:28:0.42475,792.3,235.1,fixation
10:28:0.42525,791.4,233.9,fixation
10:28:0.42575,791.1,233.0,fixation
10:28:0.42625,790.5,233.4,fixation
10:28:0.42675,789.9,233.7,fixation
10:28:0.42725,790.5,233.8,fixation
10:28:0.42775,793.2,237.4,fixation
10:28:0.42825,796.0,241.3,fixation
10:28:0.42875,796.8,243.0,fixation
10:28:0.42925,796.1,240.8,fixation
10:28:0.42975,795.3,238.7,fixation
10:28:0.43025,793.7,238.7,fixation
10:28:0.43075,792.0,237.5,fixation
10:28:0.43125,790.5,236.6,fixation
10:28:0.43175,791.1,236.1,fixation
10:28:0.43225,791.7,236.7,fixation
10:28:0.43275,792.9,237.1,fixation
10:28:0.43325,793.2,237.9,fixation
10:28:0.43375,793.7,238.3,fixation
10:28:0.43425,793.7,238.5,fixation
10:28:0.43475,793.6,237.9,fixation
10:28:0.43525,793.3,237.0,fixation
10:28:0.43575,793.2,235.4,fixation
10:28:0.43625,793.4,234.6,fixation
10:28:0.43675,793.3,234.3,fixation
10:28:0.43725,791.9,234.8,fixation
10:28:0.43775,790.6,234.6,fixation
10:28:0.43825,790.0,234.6,fixation
10:28:0.43875,790.2,236.4,fixation
10:28:0.43925,790.4,238.1,fixation
10:28:0.43975,789.8,239.7,fixation
10:28:0.44025,789.2,239.6,fixation
10:28:0.44075,789.0,239.5,fixation
10:28:0.44125,789.6,239.4,fixation
10:28:0.44175,790.7,239.4,fixation
10:28:0.44225,791.5,239.3,fixation
10:28:0.44275,792.0,239.3,fixation
10:28:0.44325,790.6,237.2,fixation
10:28:0.44375,789.2,235.1,fixation
10:28:0.44425,789.1,233.0,fixation
10:28:0.44475,790.6,233.0,fixation
10:28:0.44525,792.1,233.6,fixation
10:28:0.44575,790.9,234.7,fixation
10:28:0.44625,789.6,235.8,fixation
10:28:0.44675,789.8,236.8,fixation
10:28:0.44725,791.2,237.7,fixation
10:28:0.44775,792.6,238.6,fixation
10:28:0.44825,792.4,239.0,fixation
10:28:0.44875,792.4,239.2,fixation
10:28:0.44925,792.3,239.4,fixation
10:28:0.44975,792.1,240.2,fixation
10:28:0.45025,791.8,240.9,fixation
10:28:0.45075,791.2,239.2,fixation
10:28:0.45125,790.9,236.8,fixation
10:28:0.45175,791.4,234.4,fixation
10:28:0.45225,792.3,233.9,fixation
10:28:0.45275,792.6,232.9,fixation
10:28:0.45325,791.4,231.8,fixation
10:28:0.45375,789.8,234.2,fixation
10:28:0.45425,788.7,237.2,fixation
10:28:0.45475,788.2,238.2,fixation
10:28:0.45525,788.3,236.3,fixation
10:28:0.45575,788.9,235.2,fixation
10:28:0.45625,790.1,235.7,fixation
10:28:0.45675,791.0,236.2,fixation
10:28:0.45725,791.7,235.7,fixation
10:28:0.45775,791.6,235.3,fixation
10:28:0.45825,791.8,233.9,fixation
10:28:0.45875,791.9,232.7,fixation
10:28:0.45925,792.2,231.7,fixation
10:28:0.45975,791.5,233.8,fixation
10:28:0.46025,790.8,235.9,fixation
10:28:0.46075,790.0,237.2,fixation
10:28:0.46125,791.7,236.6,fixation
10:28:0.46175,793.5,235.6,fixation
10:28:0.46225,793.3,234.7,fixation
10:28:0.46275,791.3,233.6,fixation
10:28:0.46325,788.9,233.2,fixation
10:28:0.46375,788.6,233.7,fixation
10:28:0.46425,788.4,234.1,fixation
10:28:0.46475,788.5,233.4,fixation
10:28:0.46525,788.8,232.0,fixation
10:28:0.46575,789.2,230.7,fixation
10:28:0.46625,789.6,230.2,fixation
10:28:0.46675,791.0,230.4,fixation
10:28:0.46725,792.7,230.5,fixation
10:28:0.46775,794.4,231.1,fixation
10:28:0.46825,794.7,232.3,fixation
10:28:0.46875,794.3,233.0,fixation
10:28:0.46925,794.0,233.2,fixation
10:28:0.46975,794.6,232.1,fixation
10:28:0.47025,795.6,231.4,fixation
10:28:0.47075,796.7,233.6,fixation
10:28:0.47125,796.8,236.5,fixation
10:28:0.47175,796.8,238.7,fixation
10:28:0.47225,796.9,237.3,fixation
10:28:0.47275,796.8,233.8,fixation
10:28:0.47325,797.5,231.0,fixation
10:28:0.47375,798.2,228.9,fixation
10:28:0.47425,799.0,228.8,fixation
10:28:0.47475,799.1,229.3,fixation
10:28:0.47525,799.3,229.8,fixation
10:28:0.47575,799.7,231.7,fixation
10:28:0.47625,800.2,233.1,fixation
10:28:0.47675,799.0,233.2,fixation
10:28:0.47725,797.7,232.1,fixation
10:28:0.47775,796.7,233.0,fixation
10:28:0.47825,797.3,235.0,fixation
10:28:0.47875,798.5,236.2,fixation
10:28:0.47925,799.3,235.4,fixation
10:28:0.47975,800.1,234.5,fixation
10:28:0.48025,800.5,234.8,fixation
10:28:0.48075,800.8,235.1,fixation
10:28:0.48125,799.7,233.5,fixation
10:28:0.48175,798.2,231.6,fixation
10:28:0.48225,796.9,230.9,fixation
10:28:0.48275,797.2,232.2,fixation
10:28:0.48325,797.3,233.4,fixation
10:28:0.48375,797.0,233.2,fixation
10:28:0.48425,796.7,233.0,fixation
10:28:0.48475,796.9,234.7,fixation
10:28:0.48525,797.2,236.5,fixation
10:28:0.48575,798.0,237.4,fixation
10:28:0.48625,798.8,236.5,fixation
10:28:0.48675,799.5,235.7,fixation
10:28:0.48725,799.8,234.8,fixation
10:28:0.48775,799.6,233.9,fixation
10:28:0.48825,799.0,234.1,fixation
10:28:0.48875,798.4,235.4,fixation
10:28:0.48925,797.9,236.2,fixation
10:28:0.48975,798.3,235.9,fixation
10:28:0.49025,798.8,235.5,fixation
10:28:0.49075,799.6,234.6,fixation
10:28:0.49125,799.8,233.7,fixation
10:28:0.49175,800.0,232.7,fixation
10:28:0.49225,799.8,232.9,fixation
10:28:0.49275,798.4,233.2,fixation
10:28:0.49325,796.8,233.5,fixation
10:28:0.49375,795.1,233.5,fixation
10:28:0.49425,795.1,233.3,fixation
10:28:0.49475,795.3,232.9,fixation
10:28:0.49525,795.5,232.7,fixation
10:28:0.49575,795.8,232.4,fixation
10:28:0.49625,796.1,232.2,fixation
10:28:0.49675,796.4,232.4,fixation
10:28:0.49725,796.4,232.4,fixation
10:28:0.49775,797.0,232.5,fixation
10:28:0.49825,797.3,232.1,fixation
10:28:0.49875,797.5,232.9,fixation
10:28:0.49925,797.1,234.0,fixation
10:28:0.49975,796.8,235.5,fixation
10:28:0.50025,796.4,236.3,fixation
10:28:0.50074,795.8,237.1,fixation
10:28:0.50123,795.3,238.0,fixation
10:28:0.50172,795.2,238.4,fixation
10:28:0.50222,795.5,238.9,fixation
10:28:0.50272,795.9,238.5,fixation
10:28:0.50321,795.9,237.7,fixation
10:28:0.50371,796.1,236.7,fixation
10:28:0.50420,796.3,235.3,fixation
10:28:0.50469,797.5,234.4,fixation
10:28:0.50518,798.5,233.5,fixation
10:28:0.50567,798.0,233.3,fixation
10:28:0.50616,796.4,233.0,fixation
10:28:0.50666,794.7,233.4,fixation
10:28:0.50715,794.8,233.9,fixation
10:28:0.50764,795.1,234.3,fixation
10:28:0.50813,794.1,234.4,fixation
10:28:0.50862,793.1,234.6,fixation
10:28:0.50911,792.4,234.9,fixation
10:28:0.50960,793.6,235.0,fixation
10:28:0.5101,794.5,235.3,fixation
10:28:0.51059,794.8,235.5,fixation
10:28:0.51108,793.7,235.6,fixation
10:28:0.51157,792.7,235.3,fixation
10:28:0.51206,791.9,235.1,fixation
10:28:0.51255,791.6,233.9,fixation
10:28:0.51304,791.2,232.9,fixation
10:28:0.51354,791.2,230.9,fixation
10:28:0.51403,791.6,229.9,fixation
10:28:0.51452,792.0,231.9,fixation
10:28:0.51501,792.1,235.0,fixation
10:28:0.51550,792.2,237.5,fixation
10:28:0.51599,793.6,236.4,fixation
10:28:0.51648,795.7,235.2,fixation
10:28:0.51698,797.8,234.3,fixation
10:28:0.51747,798.2,234.0,fixation
10:28:0.51796,797.2,235.3,fixation
10:28:0.51845,796.3,237.8,fixation
10:28:0.51894,795.8,240.3,fixation
10:28:0.51943,795.9,241.0,fixation
10:28:0.51992,795.2,240.7,fixation
10:28:0.52042,794.5,240.0,fixation
10:28:0.52091,796.9,239.6,fixation
10:28:0.52140,799.9,240.0,fixation
10:28:0.52189,800.8,240.7,fixation
10:28:0.52238,798.5,241.0,fixation
10:28:0.52287,796.1,238.8,fixation
10:28:0.52336,795.9,236.8,fixation
10:28:0.52386,797.0,235.3,fixation
10:28:0.52435,798.1,235.7,fixation
10:28:0.52484,798.9,236.2,fixation
10:28:0.52533,797.5,236.4,fixation
10:28:0.52582,796.0,236.5,fixation
10:28:0.52631,794.9,236.5,fixation
10:28:0.52680,794.9,238.5,fixation
10:28:0.5273,794.5,240.4,fixation
10:28:0.52779,794.0,240.1,fixation
10:28:0.52828,794.4,237.9,fixation
10:28:0.52877,795.3,235.7,fixation
10:28:0.52926,796.9,236.3,fixation
10:28:0.52975,797.6,237.2,fixation
10:28:0.53025,797.8,238.0,fixation
10:28:0.53074,797.3,237.0,fixation
10:28:0.53123,797.2,235.6,fixation
10:28:0.53172,797.6,234.2,fixation
10:28:0.53221,797.9,233.1,fixation
10:28:0.53270,797.8,231.9,fixation
10:28:0.53319,796.2,232.4,fixation
10:28:0.53369,794.7,234.0,fixation
10:28:0.53418,793.1,235.8,fixation
10:28:0.53467,794.4,236.1,fixation
10:28:0.53516,795.6,236.2,fixation
10:28:0.53565,796.4,235.9,fixation
10:28:0.53614,796.5,235.5,fixation
10:28:0.53663,797.0,235.4,fixation
10:28:0.53713,797.8,235.2,fixation
10:28:0.53762,797.7,234.8,fixation
10:28:0.53811,797.2,235.0,fixation
10:28:0.53860,796.8,235.5,fixation
10:28:0.53909,797.1,236.3,fixation
10:28:0.53958,797.4,236.0,fixation
10:28:0.54007,797.5,235.4,fixation
10:28:0.54057,797.5,236.8,fixation
10:28:0.54106,797.4,238.8,fixation
10:28:0.54155,797.1,238.9,fixation
10:28:0.54204,796.9,237.0,fixation
10:28:0.54253,796.9,234.7,fixation
10:28:0.54302,797.0,234.4,fixation
10:28:0.54351,797.6,233.8,fixation
10:28:0.54401,798.3,233.5,fixation
10:28:0.54450,799.4,233.2,fixation
10:28:0.54499,799.5,232.9,fixation
10:28:0.54548,799.7,232.7,fixation
10:28:0.54597,799.3,232.1,fixation
10:28:0.54646,799.7,231.7,fixation
10:28:0.54695,800.6,234.2,fixation
10:28:0.54745,801.5,237.2,fixation
10:28:0.54794,800.1,237.3,fixation
10:28:0.54843,798.3,234.5,fixation
10:28:0.54892,797.6,231.8,fixation
10:28:0.54941,798.9,233.1,fixation
10:28:0.54990,800.3,234.4,fixation
10:28:0.5504,799.1,235.5,fixation
10:28:0.5509,797.7,235.3,fixation
10:28:0.55139,797.8,234.8,fixation
10:28:0.55189,799.3,234.6,fixation
10:28:0.55238,800.8,233.4,fixation
10:28:0.55287,801.0,232.5,fixation
10:28:0.55336,801.2,231.6,fixation
10:28:0.55385,801.5,232.4,fixation
10:28:0.55434,801.5,233.7,fixation
10:28:0.55484,799.5,234.9,fixation
10:28:0.55534,797.8,236.1,fixation
10:28:0.55583,796.1,236.4,fixation
10:28:0.55633,796.8,236.9,fixation
10:28:0.55682,797.4,236.6,fixation
10:28:0.55731,797.8,236.1,fixation
10:28:0.55780,798.0,235.2,fixation
10:28:0.55829,798.2,234.2,fixation
10:28:0.55878,798.4,233.8,fixation
10:28:0.55928,797.7,232.7,fixation
10:28:0.55977,797.2,231.7,fixation
10:28:0.56026,796.8,231.4,fixation
10:28:0.56075,797.3,232.2,fixation
10:28:0.56124,797.8,232.5,fixation
10:28:0.56173,798.2,232.1,fixation
10:28:0.56222,798.5,232.2,fixation
10:28:0.56272,798.5,232.7,fixation
10:28:0.56321,799.5,233.2,fixation
10:28:0.56370,801.3,234.2,fixation
10:28:0.56419,803.1,235.2,fixation
10:28:0.56468,802.6,236.0,fixation
10:28:0.56517,801.1,235.8,fixation
10:28:0.56566,799.6,234.2,fixation
10:28:0.56616,799.5,232.8,fixation
10:28:0.56665,799.5,230.8,fixation
10:28:0.56714,798.3,230.1,fixation
10:28:0.56763,797.1,229.2,fixation
10:28:0.56812,796.8,229.1,fixation
10:28:0.56861,797.8,230.0,fixation
10:28:0.56910,798.9,230.7,fixation
10:28:0.5696,799.2,231.3,fixation
10:28:0.57009,799.7,231.4,fixation
10:28:0.57058,799.9,231.8,fixation
10:28:0.57107,799.8,232.1,fixation
10:28:0.57156,799.4,231.9,fixation
10:28:0.57205,798.6,232.1,fixation
10:28:0.57254,798.1,232.4,fixation
10:28:0.57304,797.6,232.7,fixation
10:28:0.57353,797.8,233.1,fixation
10:28:0.57402,797.7,233.6,fixation
10:28:0.57451,797.8,233.3,fixation
10:28:0.57500,797.8,232.4,fixation
10:28:0.57549,797.8,231.5,fixation
10:28:0.57598,797.7,232.5,fixation
10:28:0.57648,797.8,233.6,fixation
10:28:0.57697,797.9,232.8,fixation
10:28:0.57746,798.3,230.8,fixation
10:28:0.57795,798.5,229.3,fixation
10:28:0.57844,798.8,230.2,fixation
10:28:0.57893,798.9,232.3,fixation
10:28:0.57942,799.0,234.0,fixation
10:28:0.57992,798.9,234.7,fixation
10:28:0.58041,798.5,234.1,fixation
10:28:0.58090,798.1,233.9,fixation
10:28:0.58139,798.8,234.4,fixation
10:28:0.58188,799.7,234.8,fixation
10:28:0.58237,801.3,235.2,fixation
10:28:0.58287,801.9,236.0,fixation
10:28:0.58336,801.4,236.7,fixation
10:28:0.58385,800.3,235.7,fixation
10:28:0.58434,798.1,233.4,fixation
10:28:0.58483,797.1,231.2,fixation
10:28:0.58532,796.1,231.0,fixation
10:28:0.58581,796.3,232.5,fixation
10:28:0.58631,796.5,234.3,fixation
10:28:0.58680,796.7,236.0,fixation
10:28:0.58729,796.9,236.9,fixation
10:28:0.58778,797.0,237.5,fixation
10:28:0.58827,797.1,237.4,fixation
10:28:0.58876,797.2,237.3,fixation
10:28:0.58925,797.9,237.3,fixation
10:28:0.58975,799.3,238.3,fixation
10:28:0.59024,800.4,239.3,fixation
10:28:0.59073,801.4,240.3,fixation
10:28:0.59122,801.7,240.7,fixation
10:28:0.59171,801.0,241.2,fixation
10:28:0.59220,799.6,241.6,fixation
10:28:0.59269,797.8,240.4,fixation
10:28:0.59319,796.9,238.7,fixation
10:28:0.59368,797.5,237.0,fixation
10:28:0.59417,798.6,237.9,fixation
10:28:0.59466,800.1,239.4,fixation
10:28:0.59515,800.7,239.9,fixation
10:28:0.59564,800.1,239.0,fixation
10:28:0.59613,799.0,238.1,fixation
10:28:0.59663,798.0,238.6,fixation
10:28:0.59712,798.1,239.0,fixation
10:28:0.59761,798.3,239.2,fixation
10:28:0.59810,797.6,238.8,fixation
10:28:0.59859,796.9,238.4,fixation
10:28:0.59908,796.5,238.5,fixation
10:28:0.59957,797.2,238.7,fixation
10:28:0.60007,799.1,239.0,fixation
10:28:0.60056,800.7,237.9,fixation
10:28:0.60105,800.9,237.0,fixation
10:28:0.60154,799.2,236.3,fixation
10:28:0.60203,797.5,238.2,fixation
10:28:0.60252,797.2,239.8,fixation
10:28:0.60301,797.5,237.8,fixation
10:28:0.60351,797.8,234.5,fixation
10:28:0.60400,798.0,232.1,fixation
10:28:0.60449,798.2,233.0,fixation
10:28:0.60498,797.8,233.9,fixation
10:28:0.60547,797.3,235.4,fixation
10:28:0.60596,796.8,237.0,fixation
10:28:0.60646,796.8,236.8,fixation
10:28:0.60695,796.8,234.9,fixation
10:28:0.60744,796.9,235.1,fixation
10:28:0.60793,797.3,236.6,fixation
10:28:0.60842,797.7,237.7,fixation
10:28:0.60891,798.4,236.7,fixation
10:28:0.60940,798.2,237.4,fixation
10:28:0.6099,797.8,238.8,fixation
10:28:0.61039,797.4,240.7,fixation
10:28:0.61088,798.1,241.4,fixation
10:28:0.61137,799.3,241.8,fixation
10:28:0.61186,800.2,241.7,fixation
10:28:0.61235,800.1,238.9,fixation
10:28:0.61284,799.6,236.2,fixation
10:28:0.61334,799.3,233.7,fixation
10:28:0.61383,799.7,234.1,fixation
10:28:0.61432,801.6,237.6,fixation
10:28:0.61481,803.2,241.0,fixation
10:28:0.61530,804.8,243.3,fixation
10:28:0.61579,804.7,242.5,fixation
10:28:0.61628,804.6,241.4,fixation
10:28:0.61678,802.6,241.2,fixation
10:28:0.61727,800.7,241.0,fixation
10:28:0.61776,798.7,241.0,fixation
10:28:0.61825,800.7,241.2,fixation
10:28:0.61874,802.7,241.6,fixation
10:28:0.61923,804.5,242.0,fixation
10:28:0.61972,803.9,242.3,fixation
10:28:0.62022,803.2,242.3,fixation
10:28:0.62071,803.0,240.5,fixation
10:28:0.62120,803.2,239.2,fixation
10:28:0.62169,802.8,237.9,fixation
10:28:0.62218,801.9,238.5,fixation
10:28:0.62267,801.0,239.4,fixation
10:28:0.62316,801.3,240.3,fixation
10:28:0.62366,802.8,240.8,fixation
10:28:0.62415,804.2,240.6,fixation
10:28:0.62464,804.3,240.2,fixation
10:28:0.62513,802.6,240.4,fixation
10:28:0.62562,801.0,240.7,fixation
10:28:0.62611,800.2,241.1,fixation
10:28:0.62661,802.2,241.5,fixation
10:28:0.62711,804.1,241.9,fixation
10:28:0.62760,806.1,241.9,fixation
10:28:0.6281,806.0,241.4,fixation
10:28:0.62859,805.8,240.1,fixation
10:28:0.62908,805.7,239.1,fixation
10:28:0.62957,805.5,238.3,fixation
10:28:0.63006,805.4,239.8,fixation
10:28:0.63055,805.2,241.1,fixation
10:28:0.63105,805.4,240.4,fixation
10:28:0.63155,805.7,238.4,fixation
10:28:0.63204,805.5,236.5,fixation
10:28:0.63254,804.3,236.7,fixation
10:28:0.63303,802.9,236.8,fixation
10:28:0.63352,802.1,236.6,fixation
10:28:0.63401,801.8,237.9,fixation
10:28:0.63450,801.8,239.3,fixation
10:28:0.63499,802.3,241.0,fixation
10:28:0.63549,802.8,241.4,fixation
10:28:0.63598,801.7,241.8,fixation
10:28:0.63647,800.1,241.9,fixation
10:28:0.63696,798.3,240.2,fixation
10:28:0.63745,797.9,238.8,fixation
10:28:0.63794,797.4,237.3,fixation
10:28:0.63843,797.6,237.7,fixation
10:28:0.63893,798.5,239.1,fixation
10:28:0.63942,799.7,240.5,fixation
10:28:0.63991,800.4,240.6,fixation
10:28:0.64040,799.9,239.8,fixation
10:28:0.64089,798.9,239.0,fixation
10:28:0.64138,797.9,238.7,fixation
10:28:0.64187,797.3,238.4,fixation
10:28:0.64237,796.7,238.1,fixation
10:28:0.64286,796.1,238.8,fixation
10:28:0.64335,796.1,238.9,fixation
10:28:0.64384,796.5,238.3,fixation
10:28:0.64433,796.9,237.6,fixation
10:28:0.64482,796.6,237.1,fixation
10:28:0.64531,795.8,237.4,fixation
10:28:0.64581,795.2,237.8,fixation
10:28:0.64630,795.4,237.7,fixation
10:28:0.64679,795.6,237.6,fixation
10:28:0.64728,795.6,237.0,fixation
10:28:0.64777,795.7,236.6,fixation
10:28:0.64826,797.3,236.3,fixation
10:28:0.64875,798.9,236.4,fixation
10:28:0.64925,799.7,237.3,fixation
10:28:0.64974,798.9,238.8,fixation
10:28:0.65023,798.0,240.2,fixation
10:28:0.65072,797.7,240.2,fixation
10:28:0.65121,797.6,239.6,fixation
10:28:0.65170,797.5,239.1,fixation
10:28:0.65219,797.7,238.9,fixation
10:28:0.65269,798.4,238.8,fixation
10:28:0.65318,800.1,238.6,fixation
10:28:0.65367,801.5,240.0,fixation
10:28:0.65416,802.2,241.4,fixation
10:28:0.65465,801.9,242.8,fixation
10:28:0.65514,801.5,241.5,fixation
10:28:0.65563,801.4,240.4,fixation
10:28:0.65613,801.2,239.3,fixation
10:28:0.65662,800.9,239.8,fixation
10:28:0.65711,800.7,240.3,fixation
10:28:0.65760,800.0,240.7,fixation
10:28:0.65809,799.3,240.3,fixation
10:28:0.65858,799.2,239.8,fixation
10:28:0.65908,799.7,239.5,fixation
10:28:0.65957,800.4,239.8,fixation
10:28:0.66006,800.5,239.9,fixation
10:28:0.66055,802.3,239.8,fixation
10:28:0.66104,804.1,239.4,fixation
10:28:0.66153,805.3,239.2,fixation
10:28:0.66202,804.4,239.2,fixation
10:28:0.66252,803.3,239.6,fixation
10:28:0.66301,802.4,239.8,fixation
10:28:0.66350,801.8,239.6,fixation
10:28:0.66399,801.3,239.5,fixation
10:28:0.66448,801.7,239.7,fixation
10:28:0.66497,802.1,239.9,fixation
10:28:0.66546,802.2,239.7,fixation
10:28:0.66596,802.1,239.4,fixation
10:28:0.66645,802.3,238.7,fixation
10:28:0.66694,801.7,238.5,fixation
10:28:0.66743,800.5,237.7,fixation
10:28:0.66792,799.5,237.3,fixation
10:28:0.66841,799.7,237.3,fixation
10:28:0.66890,800.0,237.7,fixation
10:28:0.6694,799.3,238.0,fixation
10:28:0.66989,797.9,237.6,fixation
10:28:0.67038,796.5,237.3,fixation
10:28:0.67087,796.0,237.4,fixation
10:28:0.67136,796.1,237.8,fixation
10:28:0.67185,796.3,238.3,fixation
10:28:0.67234,798.3,238.6,fixation
10:28:0.67284,800.2,239.4,fixation
10:28:0.67333,802.1,240.0,fixation
10:28:0.67382,800.8,240.5,fixation
10:28:0.67431,799.4,240.2,fixation
10:28:0.67480,798.8,241.3,fixation
10:28:0.67529,799.5,242.5,fixation
10:28:0.67578,799.4,241.9,fixation
10:28:0.67628,798.5,239.2,fixation
10:28:0.67677,798.1,236.5,fixation
10:28:0.67726,798.6,235.4,fixation
10:28:0.67775,799.0,235.1,fixation
10:28:0.67824,798.9,234.8,fixation
10:28:0.67873,797.4,234.6,fixation
10:28:0.67923,796.1,234.7,fixation
10:28:0.67973,795.7,234.9,fixation
10:28:0.68022,796.2,235.1,fixation
10:28:0.68072,796.7,235.2,fixation
10:28:0.68121,796.3,235.1,fixation
10:28:0.68170,796.3,235.1,fixation
10:28:0.68219,796.4,235.3,fixation
10:28:0.68268,796.6,236.6,fixation
10:28:0.68317,796.8,237.9,fixation
10:28:0.68367,796.8,237.7,fixation
10:28:0.68417,796.3,236.4,fixation
10:28:0.68466,795.7,235.4,fixation
10:28:0.68516,795.1,236.0,fixation
10:28:0.68565,795.1,236.9,fixation
10:28:0.68614,794.2,237.4,fixation
10:28:0.68663,793.2,237.7,fixation
10:28:0.68712,792.2,236.9,fixation
10:28:0.68761,794.8,236.0,fixation
10:28:0.68811,797.3,235.1,fixation
10:28:0.68860,800.1,236.3,fixation
10:28:0.68909,800.4,237.8,fixation
10:28:0.68958,800.1,239.0,fixation
10:28:0.69007,799.7,238.8,fixation
10:28:0.69056,799.1,238.9,fixation
10:28:0.69105,798.9,239.1,fixation
10:28:0.69155,799.5,239.3,fixation
10:28:0.69204,799.8,239.2,fixation
10:28:0.69253,800.2,239.1,fixation
10:28:0.69302,799.9,238.9,fixation
10:28:0.69351,798.7,238.7,fixation
10:28:0.69400,797.5,239.1,fixation
10:28:0.69449,796.5,240.0,fixation
10:28:0.69499,796.9,241.1,fixation
10:28:0.69548,797.9,241.8,fixation
10:28:0.69597,798.8,239.3,fixation
10:28:0.69646,799.5,237.9,fixation
10:28:0.69695,799.7,236.1,fixation
10:28:0.69744,799.3,236.6,fixation
10:28:0.69793,799.1,235.7,fixation
10:28:0.69843,799.0,236.2,fixation
10:28:0.69892,799.6,237.0,fixation
10:28:0.69941,800.2,237.9,fixation
10:28:0.69990,801.0,238.5,fixation
10:28:0.70039,801.1,239.0,fixation
10:28:0.70088,800.4,239.5,fixation
10:28:0.70137,799.1,239.4,fixation
10:28:0.70187,798.2,239.4,fixation
10:28:0.70236,797.9,239.1,fixation
10:28:0.70285,797.9,238.9,fixation
10:28:0.70334,798.0,238.8,fixation
10:28:0.70383,798.6,239.0,fixation
10:28:0.70432,799.2,239.1,fixation
10:28:0.70481,798.2,239.3,fixation
10:28:0.70531,796.5,239.5,fixation
10:28:0.70580,794.8,239.7,fixation
10:28:0.70629,794.9,239.1,fixation
10:28:0.70678,795.1,238.5,fixation
10:28:0.70727,795.6,237.8,fixation
10:28:0.70776,796.1,238.7,fixation
10:28:0.70825,796.2,239.5,fixation
10:28:0.70875,795.5,239.1,fixation
10:28:0.70924,794.8,237.8,fixation
10:28:0.70973,794.3,237.2,fixation
10:28:0.71022,794.1,237.9,fixation
10:28:0.71071,793.8,239.1,fixation
10:28:0.71120,794.4,240.0,fixation
10:28:0.7117,795.0,240.4,fixation
10:28:0.71219,795.7,239.6,fixation
10:28:0.71268,795.1,238.5,fixation
10:28:0.71317,794.1,238.4,fixation
10:28:0.71366,793.1,238.8,fixation
10:28:0.71415,793.0,239.0,fixation
10:28:0.71464,793.7,238.9,fixation
10:28:0.71514,794.7,238.5,fixation
10:28:0.71563,795.2,238.5,fixation
10:28:0.71612,794.4,238.4,fixation
10:28:0.71661,793.4,238.7,fixation
10:28:0.71710,792.8,238.8,fixation
10:28:0.71759,794.4,239.0,fixation
10:28:0.71808,795.9,240.2,fixation
10:28:0.71858,797.0,241.2,fixation
10:28:0.71907,796.9,242.0,fixation
10:28:0.71956,796.6,241.8,fixation
10:28:0.72005,796.4,241.5,fixation
10:28:0.72054,796.4,241.2,fixation
10:28:0.72103,796.5,241.1,fixation
10:28:0.72152,796.8,241.1,fixation
10:28:0.72202,796.9,241.1,fixation
10:28:0.72251,796.2,238.3,fixation
10:28:0.72300,795.3,236.1,fixation
10:28:0.72349,794.8,233.6,fixation
10:28:0.72398,795.5,233.9,fixation
10:28:0.72447,796.2,234.5,fixation
10:28:0.72496,795.3,235.7,fixation
10:28:0.72546,793.9,236.8,fixation
10:28:0.72595,792.4,235.8,fixation
10:28:0.72644,793.6,234.7,fixation
10:28:0.72693,794.9,233.4,fixation
10:28:0.72742,796.2,233.3,fixation
10:28:0.72791,796.3,233.8,fixation
10:28:0.72840,797.3,234.8,fixation
10:28:0.7289,798.2,235.8,fixation
10:28:0.72939,798.7,236.1,fixation
10:28:0.72988,797.8,235.7,fixation
10:28:0.73037,795.9,234.6,fixation
10:28:0.73086,794.4,233.6,fixation
10:28:0.73135,793.5,234.4,fixation
10:28:0.73184,793.5,236.0,fixation
10:28:0.73234,793.8,236.3,fixation
10:28:0.73283,794.0,234.9,fixation
10:28:0.73332,794.3,233.5,fixation
10:28:0.73381,795.3,233.6,fixation
10:28:0.73430,796.4,234.8,fixation
10:28:0.73479,797.6,235.9,fixation
10:28:0.73529,797.9,237.4,fixation
10:28:0.73578,797.8,237.6,fixation
10:28:0.73627,797.1,237.8,fixation
10:28:0.73676,795.8,237.6,fixation
10:28:0.73725,794.9,237.2,fixation
10:28:0.73774,794.0,237.0,fixation
10:28:0.73823,793.7,237.0,fixation
10:28:0.73873,793.4,236.4,fixation
10:28:0.73922,793.4,235.4,fixation
10:28:0.73971,793.4,234.3,fixation
10:28:0.74020,793.3,233.8,fixation
10:28:0.74069,794.3,234.3,fixation
10:28:0.74118,795.2,235.0,fixation
10:28:0.74167,796.3,234.6,fixation
10:28:0.74217,796.7,233.6,fixation
10:28:0.74266,797.8,232.3,fixation
10:28:0.74315,798.7,231.5,fixation
10:28:0.74364,799.5,230.7,fixation
10:28:0.74413,799.6,232.1,fixation
10:28:0.74462,799.2,234.0,fixation
10:28:0.74511,798.0,235.5,fixation
10:28:0.74561,796.9,235.1,fixation
10:28:0.74610,796.3,235.0,fixation
10:28:0.74659,796.2,235.3,fixation
10:28:0.74708,795.9,236.1,fixation
10:28:0.74757,797.7,236.7,fixation
10:28:0.74806,799.7,236.9,fixation
10:28:0.74855,800.3,236.7,fixation
10:28:0.74905,798.8,236.5,fixation
10:28:0.74954,796.9,236.8,fixation
10:28:0.75003,796.6,237.1,fixation
10:28:0.75052,796.1,236.7,fixation
10:28:0.75101,795.8,236.0,fixation
10:28:0.75150,795.6,234.8,fixation
10:28:0.75199,795.4,234.4,fixation
10:28:0.75249,795.5,234.5,fixation
10:28:0.75298,794.5,234.3,fixation
10:28:0.75347,793.5,234.0,fixation
10:28:0.75396,794.0,233.3,fixation
10:28:0.75445,796.1,233.5,fixation
10:28:0.75494,798.2,233.7,fixation
10:28:0.75544,798.4,233.2,fixation
10:28:0.75594,798.0,232.7,fixation
10:28:0.75643,797.7,232.1,fixation
10:28:0.75693,797.6,232.1,fixation
10:28:0.75742,797.3,233.9,fixation
10:28:0.75791,797.0,235.7,fixation
10:28:0.75840,797.0,238.6,fixation
10:28:0.75889,796.9,239.7,fixation
10:28:0.75938,795.9,240.4,fixation
10:28:0.75988,795.4,239.7,fixation
10:28:0.76038,795.5,239.0,fixation
10:28:0.76087,796.1,238.6,fixation
10:28:0.76137,795.7,238.6,fixation
10:28:0.76186,794.7,238.6,fixation
10:28:0.76235,794.7,238.8,fixation
10:28:0.76284,795.8,239.0,fixation
10:28:0.76333,796.9,239.6,fixation
10:28:0.76382,797.4,240.2,fixation
10:28:0.76432,797.0,240.8,fixation
10:28:0.76481,796.6,240.9,fixation
10:28:0.76530,796.3,240.9,fixation
10:28:0.76579,796.5,240.8,fixation
10:28:0.76628,796.5,240.4,fixation
10:28:0.76677,796.5,239.4,fixation
10:28:0.76726,796.2,238.5,fixation
10:28:0.76776,795.8,237.9,fixation
10:28:0.76825,795.4,237.9,fixation
10:28:0.76874,794.9,237.9,fixation
10:28:0.76923,794.5,238.0,fixation
10:28:0.76972,795.7,237.3,fixation
10:28:0.77021,797.2,236.6,fixation
10:28:0.77070,798.9,237.3,fixation
10:28:0.7712,799.0,238.6,fixation
10:28:0.77169,798.9,239.3,fixation
10:28:0.77218,798.7,238.7,fixation
10:28:0.77267,798.5,236.6,fixation
10:28:0.77316,797.0,235.0,fixation
10:28:0.77365,795.6,234.1,fixation
10:28:0.77414,794.2,234.8,fixation
10:28:0.77464,794.4,235.5,fixation
10:28:0.77513,796.1,237.1,fixation
10:28:0.77562,797.9,238.8,fixation
10:28:0.77611,797.6,239.7,fixation
10:28:0.77660,795.4,239.3,fixation
10:28:0.77709,793.1,238.9,fixation
10:28:0.77758,792.9,237.8,fixation
10:28:0.77808,793.0,236.4,fixation
10:28:0.77857,793.0,235.0,fixation
10:28:0.77906,792.9,233.4,fixation
10:28:0.77955,793.7,231.8,fixation
10:28:0.78004,794.6,231.6,fixation
10:28:0.78053,795.3,234.1,fixation
10:28:0.78102,795.0,236.5,fixation
10:28:0.78152,794.6,235.7,fixation
10:28:0.78201,794.9,233.7,fixation
10:28:0.78250,795.7,231.8,fixation
10:28:0.78299,796.4,231.9,fixation
10:28:0.78348,797.1,231.4,fixation
10:28:0.78397,797.4,230.9,fixation
10:28:0.78446,796.6,232.2,fixation
10:28:0.78496,795.7,234.6,fixation
10:28:0.78545,795.1,237.4,fixation
10:28:0.78594,795.5,238.3,fixation
10:28:0.78643,795.5,238.1,fixation
10:28:0.78692,795.3,237.4,fixation
10:28:0.78741,795.1,236.7,fixation
10:28:0.78791,795.0,237.0,fixation
10:28:0.78840,794.8,237.2,fixation
10:28:0.78889,794.4,236.6,fixation
10:28:0.78938,793.6,235.5,fixation
10:28:0.78987,792.9,234.5,fixation
10:28:0.79036,795.2,235.4,fixation
10:28:0.79085,798.0,236.4,fixation
10:28:0.79135,800.5,236.2,fixation
10:28:0.79184,799.1,234.8,fixation
10:28:0.79233,796.8,233.5,fixation
10:28:0.79282,794.6,233.7,fixation
10:28:0.79331,794.8,235.3,fixation
10:28:0.79380,795.9,237.0,fixation
10:28:0.79429,795.8,237.9,fixation
10:28:0.79479,794.3,237.3,fixation
10:28:0.79528,792.8,236.8,fixation
10:28:0.79577,793.2,236.2,fixation
10:28:0.79626,793.8,235.2,fixation
10:28:0.79675,794.1,232.7,fixation
10:28:0.79724,793.4,230.6,fixation
10:28:0.79773,792.8,230.5,fixation
10:28:0.79823,792.6,231.9,fixation
10:28:0.79872,792.8,235.0,fixation
10:28:0.79921,793.0,237.5,fixation
10:28:0.79970,792.8,240.0,fixation
10:28:0.80019,792.5,240.8,fixation
10:28:0.80068,793.0,240.7,fixation
10:28:0.80117,793.5,240.3,fixation
10:28:0.80167,794.0,240.9,fixation
10:28:0.80216,793.2,241.5,fixation
10:28:0.80265,792.1,239.8,fixation
10:28:0.80314,791.1,237.2,fixation
10:28:0.80363,790.5,236.1,fixation
10:28:0.80412,790.7,237.7,fixation
10:28:0.80461,790.9,238.6,fixation
10:28:0.80511,791.0,237.4,fixation
10:28:0.80560,788.9,235.3,fixation
10:28:0.80609,786.9,232.9,fixation
10:28:0.80658,786.0,230.9,fixation
10:28:0.80707,787.1,229.9,fixation
10:28:0.80756,788.2,229.8,fixation
10:28:0.80805,788.1,232.7,fixation
10:28:0.80855,788.0,235.7,fixation
10:28:0.80904,788.7,238.5,fixation
10:28:0.80953,789.5,236.2,fixation
10:28:0.81002,791.7,234.4,fixation
10:28:0.81051,792.9,233.4,fixation
10:28:0.81100,794.2,234.7,fixation
10:28:0.8115,794.2,235.3,fixation
10:28:0.81199,794.3,234.5,fixation
10:28:0.81248,794.3,233.5,fixation
10:28:0.81297,794.2,234.3,fixation
10:28:0.81346,793.7,236.0,fixation
10:28:0.81395,792.9,237.3,fixation
10:28:0.81444,792.1,236.3,fixation
10:28:0.81494,791.7,234.5,fixation
10:28:0.81543,791.7,233.0,fixation
10:28:0.81592,790.7,231.8,fixation
10:28:0.81641,789.7,231.5,fixation
10:28:0.81690,790.0,232.7,fixation
10:28:0.81739,791.3,234.0,fixation
10:28:0.81788,792.2,234.8,fixation
10:28:0.81838,791.9,234.3,fixation
10:28:0.81887,791.6,233.7,fixation
10:28:0.81936,790.9,233.4,fixation
10:28:0.81985,790.2,233.0,fixation
10:28:0.82034,789.4,232.6,fixation
10:28:0.82083,789.8,232.5,fixation
10:28:0.82132,790.4,232.8,fixation
10:28:0.82182,791.0,233.1,fixation
10:28:0.82231,791.6,233.5,fixation
10:28:0.82280,791.9,233.4,fixation
10:28:0.82329,791.8,233.4,fixation
10:28:0.82378,790.8,233.3,fixation
10:28:0.82427,790.2,233.2,fixation
10:28:0.82476,790.0,233.2,fixation
10:28:0.82526,790.1,233.6,fixation
10:28:0.82575,790.2,234.4,fixation
10:28:0.82624,789.9,235.2,fixation
10:28:0.82673,789.7,235.6,fixation
10:28:0.82722,789.1,235.5,fixation
10:28:0.82771,788.5,235.7,fixation
10:28:0.82820,787.2,235.8,fixation
10:28:0.8287,786.2,235.8,fixation
10:28:0.82919,788.5,235.7,fixation
10:28:0.82968,791.5,235.9,fixation
10:28:0.83017,794.4,236.3,fixation
10:28:0.83066,793.5,236.7,fixation
10:28:0.83115,792.6,236.7,fixation
10:28:0.83165,791.8,236.8,fixation
10:28:0.83215,791.8,237.0,fixation
10:28:0.83264,792.0,237.3,fixation
10:28:0.83314,792.3,235.8,fixation
10:28:0.83363,792.6,234.1,fixation
10:28:0.83412,792.3,232.1,fixation
10:28:0.83461,791.9,232.1,fixation
10:28:0.83510,791.4,232.1,fixation
10:28:0.83559,791.0,232.4,fixation
10:28:0.83609,790.6,232.4,fixation
10:28:0.83659,790.2,232.6,fixation
10:28:0.83708,791.7,233.3,fixation
10:28:0.83758,793.2,233.9,fixation
10:28:0.83807,794.7,234.1,fixation
10:28:0.83856,794.9,234.1,fixation
10:28:0.83905,795.2,234.0,fixation
10:28:0.83954,795.3,233.9,fixation
10:28:0.84003,795.1,233.8,fixation
10:28:0.84053,794.6,234.9,fixation
10:28:0.84102,794.1,235.9,fixation
10:28:0.84151,793.7,237.0,fixation
10:28:0.84200,793.7,236.9,fixation
10:28:0.84249,793.7,235.9,fixation
10:28:0.84298,793.6,234.8,fixation
10:28:0.84347,793.1,232.4,fixation
10:28:0.84397,792.6,231.0,fixation
10:28:0.84446,792.3,228.6,fixation
10:28:0.84495,792.2,227.6,fixation
10:28:0.84544,793.5,228.0,fixation
10:28:0.84593,794.9,230.5,fixation
10:28:0.84642,795.7,232.9,fixation
10:28:0.84691,795.1,233.9,fixation
10:28:0.84741,794.5,233.9,fixation
10:28:0.84790,794.3,234.0,fixation
10:28:0.84839,794.2,234.0,fixation
10:28:0.84888,794.1,233.7,fixation
10:28:0.84937,794.2,233.4,fixation
10:28:0.84986,794.2,232.9,fixation
10:28:0.85035,793.9,232.3,fixation
10:28:0.85085,793.2,231.6,fixation
10:28:0.85134,792.5,231.2,fixation
10:28:0.85183,792.3,231.2,fixation
10:28:0.85232,792.6,231.1,fixation
10:28:0.85281,792.6,231.2,fixation
10:28:0.85330,792.4,232.0,fixation
10:28:0.85379,792.2,232.8,fixation
10:28:0.85429,792.5,234.3,fixation
10:28:0.85478,792.9,235.7,fixation
10:28:0.85527,793.2,237.2,fixation
10:28:0.85576,793.3,235.4,fixation
10:28:0.85625,793.2,232.8,fixation
10:28:0.85674,793.1,230.3,fixation
10:28:0.85723,793.1,229.6,fixation
10:28:0.85773,792.9,229.0,fixation
10:28:0.85822,792.5,228.6,fixation
10:28:0.85871,791.3,229.9,fixation
10:28:0.85920,790.3,231.2,fixation
10:28:0.85969,789.2,232.7,fixation
10:28:0.86018,788.9,233.0,fixation
10:28:0.86067,789.6,233.4,fixation
10:28:0.86117,790.7,232.6,fixation
10:28:0.86166,791.4,232.2,fixation
10:28:0.86215,791.0,231.7,fixation
10:28:0.86264,790.7,231.9,fixation
10:28:0.86313,790.4,231.7,fixation
10:28:0.86362,790.2,231.4,fixation
10:28:0.86412,789.9,231.7,fixation
10:28:0.86461,789.8,232.0,fixation
10:28:0.86510,790.0,232.0,fixation
10:28:0.86559,790.4,231.8,fixation
10:28:0.86608,790.5,231.6,fixation
10:28:0.86657,789.8,231.5,fixation
10:28:0.86706,788.6,231.4,fixation
10:28:0.86756,787.7,231.7,fixation
10:28:0.86805,788.0,232.2,fixation
10:28:0.86854,791.0,232.8,fixation
10:28:0.86903,794.1,232.6,fixation
10:28:0.86952,796.0,232.2,fixation
10:28:0.87001,794.3,231.6,fixation
10:28:0.87050,791.7,230.8,fixation
10:28:0.871,789.4,230.4,fixation
10:28:0.87149,788.4,231.5,fixation
10:28:0.87198,788.4,233.0,fixation
10:28:0.87247,789.1,234.5,fixation
10:28:0.87296,789.5,234.8,fixation
10:28:0.87345,789.6,235.0,fixation
10:28:0.87394,789.1,235.0,fixation
10:28:0.87444,788.6,235.1,fixation
10:28:0.87493,788.5,235.5,fixation
10:28:0.87542,788.5,235.9,fixation
10:28:0.87591,788.8,237.0,fixation
10:28:0.87640,789.2,237.8,fixation
10:28:0.87689,788.2,235.6,fixation
10:28:0.87738,787.0,232.5,fixation
10:28:0.87788,786.2,229.9,fixation
10:28:0.87837,786.6,230.9,fixation
10:28:0.87886,787.1,232.1,fixation
10:28:0.87935,787.5,233.7,fixation
10:28:0.87984,787.9,234.8,fixation
10:28:0.88033,788.2,235.7,fixation
10:28:0.88082,789.2,236.3,fixation
10:28:0.88132,790.1,236.9,fixation
10:28:0.88181,791.3,237.8,fixation
10:28:0.88230,791.5,238.0,fixation
10:28:0.88279,792.1,238.2,fixation
10:28:0.88328,792.5,238.2,fixation
10:28:0.88377,792.1,236.1,fixation
10:28:0.88426,791.4,234.0,fixation
10:28:0.88476,790.2,233.3,fixation
10:28:0.88525,789.8,234.8,fixation
10:28:0.88574,789.4,236.3,fixation
10:28:0.88623,789.5,236.6,fixation
10:28:0.88672,789.7,236.9,fixation
10:28:0.88721,789.8,235.7,fixation
10:28:0.88771,789.9,234.2,fixation
10:28:0.88820,789.3,232.4,fixation
10:28:0.88869,788.4,232.2,fixation
10:28:0.88918,786.8,231.6,fixation
10:28:0.88967,785.7,231.4,fixation
10:28:0.89016,786.4,231.3,fixation
10:28:0.89065,789.2,231.5,fixation
10:28:0.89115,791.9,231.6,fixation
10:28:0.89164,792.4,234.0,fixation
10:28:0.89213,791.9,236.3,fixation
10:28:0.89262,791.5,236.9,fixation
10:28:0.89311,792.7,234.4,fixation
10:28:0.89360,793.6,231.9,fixation
10:28:0.89409,794.2,231.1,fixation
10:28:0.89459,793.5,230.9,fixation
10:28:0.89508,791.7,230.4,fixation
10:28:0.89557,789.9,230.2,fixation
10:28:0.89606,789.0,230.7,fixation
10:28:0.89655,789.5,232.7,fixation
10:28:0.89704,790.0,234.5,fixation
10:28:0.89753,790.3,234.6,fixation
10:28:0.89803,790.3,233.4,fixation
10:28:0.89852,790.2,232.2,fixation
10:28:0.89901,789.7,232.1,fixation
10:28:0.89950,789.2,232.1,fixation
10:28:0.89999,788.8,232.5,fixation
10:28:0.90048,788.7,232.9,fixation
10:28:0.90097,788.7,233.3,fixation
10:28:0.90147,788.7,233.3,fixation
10:28:0.90196,789.3,233.4,fixation
10:28:0.90245,790.6,233.5,fixation
10:28:0.90294,791.8,233.6,fixation
10:28:0.90343,791.5,232.6,fixation
10:28:0.90392,790.6,231.5,fixation
10:28:0.90441,790.4,232.9,fixation
10:28:0.90491,791.2,237.2,fixation
10:28:0.90540,791.4,241.5,fixation
10:28:0.90589,790.8,240.9,fixation
10:28:0.90638,790.1,238.5,fixation
10:28:0.90687,790.4,236.8,fixation
10:28:0.90736,790.3,237.5,fixation
10:28:0.90786,790.3,238.6,fixation
10:28:0.90836,790.4,239.0,fixation
10:28:0.90885,790.8,239.5,fixation
10:28:0.90935,790.4,237.9,saccade
10:28:0.90984,789.6,236.2,saccade
10:28:0.91033,788.9,235.3,saccade
10:28:0.91082,789.0,236.1,saccade
10:28:0.91131,789.1,236.9,saccade
10:28:0.91180,789.2,236.3,saccade
10:28:0.9123,789.9,235.7,saccade
10:28:0.9128,790.7,235.4,saccade
10:28:0.91329,791.4,235.7,saccade
10:28:0.91379,790.5,236.2,saccade
10:28:0.91428,789.2,236.4,saccade
10:28:0.91477,787.8,235.3,saccade
10:28:0.91526,787.0,234.0,saccade
10:28:0.91575,786.7,232.1,saccade
10:28:0.91624,786.5,231.5,saccade
10:28:0.91674,784.4,231.5,saccade
10:28:0.91723,780.3,232.2,saccade
10:28:0.91772,775.8,232.9,saccade
10:28:0.91821,772.8,233.3,saccade
10:28:0.91870,771.2,233.9,saccade
10:28:0.91919,769.8,234.3,saccade
10:28:0.91968,766.8,234.1,saccade
10:28:0.92018,764.4,233.5,saccade
10:28:0.92067,759.0,232.7,saccade
10:28:0.92116,754.1,235.8,saccade
10:28:0.92165,746.9,239.1,saccade
10:28:0.92214,742.8,241.5,saccade
10:28:0.92263,735.8,239.3,saccade
10:28:0.92312,729.5,237.3,saccade
10:28:0.92362,719.5,236.1,saccade
10:28:0.92411,714.0,236.2,saccade
10:28:0.92460,708.1,236.0,saccade
10:28:0.92509,703.8,235.9,saccade
10:28:0.92558,696.9,235.6,saccade
10:28:0.92607,690.4,234.9,saccade
10:28:0.92656,683.8,235.2,saccade
10:28:0.92706,677.5,236.3,saccade
10:28:0.92755,672.8,238.4,saccade
10:28:0.92804,667.3,239.8,saccade
10:28:0.92853,661.8,240.3,saccade
10:28:0.92902,654.1,241.4,saccade
10:28:0.92951,648.5,245.6,saccade
10:28:0.93000,643.5,249.8,saccade
10:28:0.9305,639.2,251.8,saccade
10:28:0.93099,634.1,250.6,saccade
10:28:0.93148,629.3,249.4,saccade
10:28:0.93197,622.5,249.4,saccade
10:28:0.93246,615.8,249.5,saccade
10:28:0.93295,606.6,249.8,saccade
10:28:0.93344,600.9,249.8,saccade
10:28:0.93394,595.4,249.8,saccade
10:28:0.93443,592.6,249.8,saccade
10:28:0.93492,588.0,249.9,saccade
10:28:0.93541,583.5,249.8,saccade
10:28:0.93590,580.0,249.5,saccade
10:28:0.93639,576.1,249.3,saccade
10:28:0.93688,573.7,249.3,saccade
10:28:0.93738,568.7,249.4,saccade
10:28:0.93787,565.0,248.5,saccade
10:28:0.93836,561.0,247.7,saccade
10:28:0.93885,559.4,248.5,saccade
10:28:0.93934,553.1,249.8,saccade
10:28:0.93983,547.1,250.0,saccade
10:28:0.94033,541.5,247.8,saccade
10:28:0.94082,539.2,245.7,saccade
10:28:0.94131,536.8,245.5,saccade
10:28:0.94180,533.2,246.5,saccade
10:28:0.94229,531.2,247.6,saccade
10:28:0.94278,528.3,247.0,saccade
10:28:0.94327,526.1,246.1,saccade
10:28:0.94377,524.0,245.5,saccade
10:28:0.94426,521.0,245.9,saccade
10:28:0.94475,518.3,247.2,saccade
10:28:0.94524,516.2,248.3,saccade
10:28:0.94573,516.0,250.4,saccade
10:28:0.94622,516.0,251.8,saccade
10:28:0.94671,516.1,253.1,saccade
10:28:0.94721,516.2,253.2,fixation
10:28:0.94770,516.3,253.2,fixation
10:28:0.94819,513.9,253.4,fixation
10:28:0.94868,511.2,253.6,fixation
10:28:0.94917,508.5,253.9,fixation
10:28:0.94966,507.4,254.0,fixation
10:28:0.95015,506.4,254.1,fixation
10:28:0.95065,505.4,253.9,fixation
10:28:0.95114,505.5,253.7,fixation
10:28:0.95163,505.6,253.2,fixation
10:28:0.95212,505.2,253.5,fixation
10:28:0.95261,503.9,254.5,fixation
10:28:0.95310,501.2,255.7,fixation
10:28:0.95359,499.0,255.0,fixation
10:28:0.95409,497.5,253.7,fixation
10:28:0.95458,497.5,250.8,fixation
10:28:0.95507,497.5,249.2,fixation
10:28:0.95556,497.5,247.9,fixation
10:28:0.95605,496.2,250.5,fixation
10:28:0.95654,494.9,252.9,fixation
10:28:0.95703,493.7,254.8,fixation
10:28:0.95753,494.7,253.4,fixation
10:28:0.95802,495.7,252.1,fixation
10:28:0.95851,496.5,252.3,fixation
10:28:0.95900,496.3,253.6,fixation
10:28:0.95949,496.1,255.0,fixation
10:28:0.95998,496.9,255.2,fixation
10:28:0.96048,497.7,255.4,fixation
10:28:0.96098,499.0,255.0,fixation
10:28:0.96147,499.5,254.0,fixation
10:28:0.96197,499.8,252.6,fixation
10:28:0.96246,499.7,252.0,fixation
10:28:0.96295,500.1,251.9,fixation
10:28:0.96344,500.6,252.1,fixation
10:28:0.96393,500.5,252.3,fixation
10:28:0.96442,498.5,251.9,fixation
10:28:0.96492,496.6,251.6,fixation
10:28:0.96542,497.2,250.7,fixation
10:28:0.96591,499.1,250.2,fixation
10:28:0.96641,499.4,250.6,fixation
10:28:0.96690,497.9,252.7,fixation
10:28:0.96739,496.6,254.9,fixation
10:28:0.96788,496.9,252.3,fixation
10:28:0.96837,495.4,248.6,fixation
10:28:0.96886,493.7,246.9,fixation
10:28:0.96936,493.3,249.1,fixation
10:28:0.96985,494.4,251.6,fixation
10:28:0.97034,495.2,252.7,fixation
10:28:0.97083,494.3,253.9,fixation
10:28:0.97132,493.4,254.9,fixation
10:28:0.97181,493.9,252.7,fixation
10:28:0.97230,495.1,249.9,fixation
10:28:0.9728,496.4,247.2,fixation
10:28:0.97329,496.7,247.0,fixation
10:28:0.97378,496.4,247.0,fixation
10:28:0.97427,496.0,247.3,fixation
10:28:0.97476,495.6,247.5,fixation
10:28:0.97525,496.0,247.7,fixation
10:28:0.97574,496.8,248.7,fixation
10:28:0.97624,497.5,249.7,fixation
10:28:0.97673,497.7,250.7,fixation
10:28:0.97722,497.6,250.7,fixation
10:28:0.97771,497.4,249.4,fixation
10:28:0.97820,496.0,248.0,fixation
10:28:0.97869,494.7,247.4,fixation
10:28:0.97918,493.6,248.2,fixation
10:28:0.97968,493.9,249.1,fixation
10:28:0.98017,494.3,249.2,fixation
10:28:0.98066,494.7,247.1,fixation
10:28:0.98115,495.1,245.0,fixation
10:28:0.98164,495.3,243.2,fixation
10:28:0.98213,495.5,244.0,fixation
10:28:0.98262,495.2,245.3,fixation
10:28:0.98312,495.1,246.6,fixation
10:28:0.98361,495.1,248.6,fixation
10:28:0.98410,496.4,250.1,fixation
10:28:0.98459,497.6,251.2,fixation
10:28:0.98508,498.8,251.4,fixation
10:28:0.98557,499.0,251.6,fixation
10:28:0.98606,499.1,251.9,fixation
10:28:0.98656,499.0,252.1,fixation
10:28:0.98705,498.4,251.9,fixation
10:28:0.98754,497.9,250.6,fixation
10:28:0.98803,497.3,249.3,fixation
10:28:0.98852,497.1,249.0,fixation
10:28:0.98901,496.9,249.5,fixation
10:28:0.98950,496.8,250.1,fixation
10:28:0.99,496.7,250.9,fixation
10:28:0.99049,496.7,251.9,fixation
10:28:0.99098,495.4,252.6,fixation
10:28:0.99147,494.0,252.2,fixation
10:28:0.99196,492.6,250.6,fixation
10:28:0.99245,492.6,249.3,fixation
10:28:0.99295,492.6,248.1,fixation
10:28:0.99344,494.0,248.0,fixation
10:28:0.99393,495.8,248.0,fixation
10:28:0.99442,497.6,249.9,fixation
10:28:0.99491,496.9,251.9,fixation
10:28:0.99540,495.9,252.7,fixation
10:28:0.99589,495.7,251.5,fixation
10:28:0.99639,496.5,251.0,fixation
10:28:0.99688,497.4,251.6,fixation
10:28:0.99737,497.6,251.7,fixation
10:28:0.99786,497.6,251.3,fixation
10:28:0.99835,497.7,250.2,fixation
10:28:0.99884,498.4,249.6,fixation
10:28:0.99933,498.9,248.3,fixation
10:28:0.99983,497.9,247.6,fixation
10:28:1.00033,496.4,247.0,fixation
10:28:1.00082,494.7,247.0,fixation
10:28:1.00132,494.6,248.4,fixation
10:28:1.00182,495.5,251.1,fixation
10:28:1.00231,496.5,253.8,fixation
10:28:1.00281,497.4,255.2,fixation
10:28:1.00331,497.3,254.9,fixation
10:28:1.00380,497.0,254.2,fixation
10:28:1.0043,496.6,252.2,fixation
10:28:1.0048,496.2,250.4,fixation
10:28:1.00529,495.7,248.9,fixation
10:28:1.00579,495.0,248.8,fixation
10:28:1.00629,494.1,248.8,fixation
10:28:1.00678,493.6,250.3,fixation
10:28:1.00728,495.9,252.3,fixation
10:28:1.00778,498.2,254.7,fixation
10:28:1.00827,499.7,255.5,fixation
10:28:1.00877,498.1,255.5,fixation
10:28:1.00927,496.7,255.4,fixation
10:28:1.00976,496.2,255.3,fixation
10:28:1.01026,495.3,253.9,fixation
10:28:1.01075,494.1,250.9,fixation
10:28:1.01125,494.6,248.1,fixation
10:28:1.01175,496.4,249.6,fixation
10:28:1.01224,497.9,252.2,fixation
10:28:1.01274,498.1,252.8,fixation
10:28:1.01324,499.0,250.9,fixation
10:28:1.01373,500.1,248.5,fixation
10:28:1.01423,498.1,247.9,fixation
10:28:1.01473,495.6,247.2,fixation
10:28:1.01522,494.1,247.0,fixation
10:28:1.01572,494.7,246.9,fixation
10:28:1.01622,495.3,246.9,fixation
10:28:1.01671,494.7,247.3,fixation
10:28:1.01721,494.4,247.6,fixation
10:28:1.01771,494.8,245.7,fixation
10:28:1.01820,495.5,243.7,fixation
10:28:1.0187,496.1,244.3,fixation
10:28:1.01919,496.0,246.9,fixation
10:28:1.01969,495.9,249.2,fixation
10:28:1.02019,495.9,248.8,fixation
10:28:1.02068,494.8,247.9,fixation
10:28:1.02118,493.6,247.6,fixation
10:28:1.02168,493.2,247.6,fixation
10:28:1.02217,494.1,248.3,fixation
10:28:1.02267,493.9,249.2,fixation
10:28:1.02317,493.0,250.1,fixation
10:28:1.02366,491.8,250.4,fixation
10:28:1.02416,491.7,250.1,fixation
10:28:1.02466,491.7,248.7,fixation
10:28:1.02515,491.3,248.4,fixation
10:28:1.02565,491.1,248.3,fixation
10:28:1.02615,491.1,250.4,fixation
10:28:1.02664,491.6,252.6,fixation
10:28:1.02714,492.2,254.9,fixation
10:28:1.02763,493.0,255.4,fixation
10:28:1.02813,494.1,254.8,fixation
10:28:1.02863,494.6,254.0,fixation
10:28:1.02912,494.6,252.3,fixation
10:28:1.02962,494.2,251.0,fixation
10:28:1.03012,493.8,249.8,fixation
10:28:1.03061,493.1,249.9,fixation
10:28:1.03111,492.6,249.2,fixation
10:28:1.03161,492.3,248.5,fixation
10:28:1.03210,492.0,247.3,fixation
10:28:1.0326,491.7,246.6,fixation
10:28:1.0331,492.2,246.1,fixation
10:28:1.03359,493.0,248.0,fixation
10:28:1.03409,493.6,249.3,fixation
10:28:1.03459,493.5,250.5,fixation
10:28:1.03508,493.6,250.1,fixation
10:28:1.03558,493.9,250.3,fixation
10:28:1.03608,493.6,250.4,fixation
10:28:1.03657,493.1,250.4,fixation
10:28:1.03707,492.6,250.3,fixation
10:28:1.03756,492.7,250.8,fixation
10:28:1.03806,493.1,251.2,fixation
10:28:1.03856,492.7,250.3,fixation
10:28:1.03905,491.8,249.0,fixation
10:28:1.03955,491.2,249.1,fixation
10:28:1.04005,491.5,250.3,fixation
10:28:1.04054,491.8,251.3,fixation
10:28:1.04104,492.0,250.0,fixation
10:28:1.04154,492.4,249.0,fixation
10:28:1.04203,492.9,247.7,fixation
10:28:1.04253,493.4,247.2,fixation
10:28:1.04303,493.5,247.8,fixation
10:28:1.04352,493.9,248.9,fixation
10:28:1.04402,494.1,250.0,fixation
10:28:1.04452,494.4,250.0,fixation
10:28:1.04501,493.9,250.0,fixation
10:28:1.04551,493.3,249.9,fixation
10:28:1.04600,492.7,248.9,fixation
10:28:1.0465,492.6,247.8,fixation
10:28:1.047,492.7,246.7,fixation
10:28:1.04749,492.1,246.4,fixation
10:28:1.04799,491.3,246.2,fixation
10:28:1.04849,491.1,246.5,fixation
10:28:1.04898,491.8,246.1,fixation
10:28:1.04948,492.6,245.3,fixation
10:28:1.04998,492.3,243.9,fixation
10:28:1.05047,492.0,243.6,fixation
10:28:1.05097,491.8,244.2,fixation
10:28:1.05147,491.8,245.1,fixation
10:28:1.05196,491.7,245.8,fixation
10:28:1.05246,491.5,246.7,fixation
10:28:1.05296,491.4,247.3,fixation
10:28:1.05345,491.5,247.8,fixation
10:28:1.05395,491.6,247.8,fixation
10:28:1.05444,491.7,247.7,fixation
10:28:1.05494,491.7,247.7,fixation
10:28:1.05544,491.7,247.9,fixation
10:28:1.05593,491.6,248.1,fixation
10:28:1.05643,491.6,247.3,fixation
10:28:1.05693,491.7,246.6,fixation
10:28:1.05742,492.3,245.7,fixation
10:28:1.05792,492.6,245.9,fixation
10:28:1.05842,492.8,246.9,fixation
10:28:1.05891,492.4,248.0,fixation
10:28:1.05941,492.2,249.1,fixation
10:28:1.05991,493.0,249.4,fixation
10:28:1.06040,494.0,249.8,fixation
10:28:1.0609,494.9,251.0,fixation
10:28:1.0614,492.9,251.7,fixation
10:28:1.06189,490.9,252.1,fixation
10:28:1.06239,489.0,251.5,fixation
10:28:1.06289,489.1,250.8,fixation
10:28:1.06338,491.2,250.4,fixation
10:28:1.06388,493.3,250.5,fixation
10:28:1.06437,495.3,250.8,fixation
10:28:1.06487,496.3,251.1,fixation
10:28:1.06537,497.2,251.1,fixation
10:28:1.06586,496.0,251.5,fixation
10:28:1.06636,493.8,251.7,fixation
10:28:1.06686,491.8,252.0,fixation
10:28:1.06735,492.2,252.5,fixation
10:28:1.06785,492.8,253.2,fixation
10:28:1.06835,493.4,253.1,fixation
10:28:1.06884,494.0,252.5,fixation
10:28:1.06934,494.5,251.9,fixation
10:28:1.06984,494.8,251.9,fixation
10:28:1.07033,494.9,251.6,fixation
10:28:1.07083,495.1,250.0,fixation
10:28:1.07133,495.5,248.5,fixation
10:28:1.07182,496.7,247.3,fixation
10:28:1.07232,497.5,247.8,fixation
10:28:1.07281,497.6,248.6,fixation
10:28:1.07331,495.9,249.9,fixation
10:28:1.07381,494.6,251.0,fixation
10:28:1.07430,493.6,251.6,fixation
10:28:1.0748,493.5,251.7,fixation
10:28:1.0753,493.7,251.2,fixation
10:28:1.07579,494.2,250.4,fixation
10:28:1.07629,494.8,248.9,fixation
10:28:1.07679,495.2,247.7,fixation
10:28:1.07728,494.8,246.8,fixation
10:28:1.07778,494.4,246.7,fixation
10:28:1.07828,493.9,246.8,fixation
10:28:1.07877,493.7,246.9,fixation
10:28:1.07927,492.8,246.8,fixation
10:28:1.07977,491.8,246.3,fixation
10:28:1.08026,491.2,245.9,fixation
10:28:1.08076,491.4,247.4,fixation
10:28:1.08125,491.4,249.1,fixation
10:28:1.08175,491.0,249.5,fixation
10:28:1.08225,490.5,248.2,fixation
10:28:1.08274,491.0,246.6,fixation
10:28:1.08324,491.7,246.0,fixation
10:28:1.08374,492.4,245.5,fixation
10:28:1.08423,492.4,245.3,fixation
10:28:1.08473,492.5,247.6,fixation
10:28:1.08523,492.4,250.0,fixation
10:28:1.08572,492.4,252.4,fixation
10:28:1.08622,492.3,251.2,fixation
10:28:1.08672,492.4,250.0,fixation
10:28:1.08721,492.7,249.7,fixation
10:28:1.08771,493.0,251.6,fixation
10:28:1.08821,492.4,254.4,fixation
10:28:1.08870,491.9,256.3,fixation
10:28:1.0892,491.3,255.7,fixation
10:28:1.0897,491.5,253.4,fixation
10:28:1.09019,491.6,251.2,fixation
10:28:1.09069,492.0,251.5,fixation
10:28:1.09118,492.4,252.9,fixation
10:28:1.09168,492.8,253.7,fixation
10:28:1.09218,492.7,252.9,fixation
10:28:1.09267,492.5,251.6,fixation
10:28:1.09317,492.3,250.8,fixation
10:28:1.09367,492.3,252.2,fixation
10:28:1.09416,492.6,254.0,fixation
10:28:1.09466,492.9,255.8,fixation
10:28:1.09516,493.0,254.9,fixation
10:28:1.09565,492.9,254.2,fixation
10:28:1.09615,492.8,253.4,fixation
10:28:1.09665,492.7,253.6,fixation
10:28:1.09714,492.8,254.2,fixation
10:28:1.09764,492.9,254.7,fixation
10:28:1.09814,493.2,255.3,fixation
10:28:1.09863,493.7,254.9,fixation
10:28:1.09913,494.8,254.5,fixation
10:28:1.09962,495.6,253.9,fixation
10:28:1.10012,495.3,253.4,fixation
10:28:1.10062,494.1,252.8,fixation
10:28:1.10111,492.8,252.5,fixation
10:28:1.10161,492.5,252.1,fixation
10:28:1.10211,493.5,251.8,fixation
10:28:1.10260,494.5,253.6,fixation
10:28:1.1031,495.5,255.5,fixation
10:28:1.1036,495.2,257.2,fixation
10:28:1.10409,494.5,257.0,fixation
10:28:1.10459,493.9,257.0,fixation
10:28:1.10509,493.8,257.0,fixation
10:28:1.10558,494.3,256.5,fixation
10:28:1.10608,494.7,254.1,fixation
10:28:1.10658,494.9,251.8,fixation
10:28:1.10707,494.9,250.1,fixation
10:28:1.10757,493.5,251.6,fixation
10:28:1.10806,492.1,254.2,fixation
10:28:1.10856,491.0,256.8,fixation
10:28:1.10906,491.5,259.5,fixation
10:28:1.10955,492.0,261.0,fixation
10:28:1.11005,492.1,261.7,fixation
10:28:1.11055,492.0,260.9,fixation
10:28:1.11104,492.0,260.0,fixation
10:28:1.11154,490.7,258.7,fixation
10:28:1.11204,489.4,257.3,fixation
10:28:1.11253,488.8,256.8,fixation
10:28:1.11303,489.5,259.8,fixation
10:28:1.11353,491.3,263.2,fixation
10:28:1.11402,492.4,265.7,fixation
10:28:1.11452,493.7,266.2,fixation
10:28:1.11502,493.9,266.5,fixation
10:28:1.11551,493.8,266.5,fixation
10:28:1.11601,492.7,266.2,fixation
10:28:1.11651,491.6,265.9,fixation
10:28:1.11700,490.3,265.5,fixation
10:28:1.1175,488.9,265.2,fixation
10:28:1.11799,487.4,266.1,fixation
10:28:1.11849,486.8,267.4,fixation
10:28:1.11899,487.8,268.4,fixation
10:28:1.11948,488.6,268.1,fixation
10:28:1.11998,488.8,267.7,fixation
10:28:1.12048,488.4,267.2,fixation
10:28:1.12097,488.5,266.8,fixation
10:28:1.12147,488.9,266.5,fixation
10:28:1.12197,488.3,266.5,fixation
10:28:1.12246,487.2,266.6,fixation
10:28:1.12296,485.9,266.6,fixation
10:28:1.12346,485.6,266.6,fixation
10:28:1.12395,485.9,267.7,fixation
10:28:1.12445,486.6,268.8,fixation
10:28:1.12495,486.4,268.8,fixation
10:28:1.12544,485.4,267.3,fixation
10:28:1.12594,484.6,261.6,saccade
10:28:1.12643,484.3,259.7,saccade
10:28:1.12693,484.7,260.0,saccade
10:28:1.12743,484.9,260.3,saccade
10:28:1.12792,485.4,260.4,saccade
10:28:1.12842,485.3,258.5,saccade
10:28:1.12892,484.4,256.5,saccade
10:28:1.12941,483.5,253.9,saccade
10:28:1.12991,482.4,253.3,saccade
10:28:1.13041,481.2,252.7,saccade
10:28:1.13090,479.8,253.1,saccade
10:28:1.1314,478.2,253.2,saccade
10:28:1.1319,477.2,250.6,saccade
10:28:1.13239,476.2,247.6,saccade
10:28:1.13289,475.3,245.1,saccade
10:28:1.13339,474.7,245.3,saccade
10:28:1.13388,474.4,245.6,saccade
10:28:1.13438,474.0,247.3,saccade
10:28:1.13487,473.3,249.1,saccade
10:28:1.13537,472.6,250.5,saccade
10:28:1.13587,472.2,250.0,saccade
10:28:1.13636,472.2,245.9,saccade
10:28:1.13686,472.2,242.3,saccade
10:28:1.13736,470.0,270.4,saccade
10:28:1.13785,465.5,302.2,saccade
10:28:1.13835,451.6,348.2,saccade
10:28:1.13885,439.9,376.9,saccade
10:28:1.13934,440.2,487.4,saccade
10:28:1.13984,448.0,596.6,saccade
10:28:1.14034,455.8,686.2,saccade
10:28:1.14083,422.4,691.2,saccade
10:28:1.14133,389.1,690.8,saccade
10:28:1.14183,357.3,700.1,saccade
10:28:1.14232,360.4,719.0,saccade
10:28:1.14282,365.8,742.7,saccade
10:28:1.14332,369.4,762.2,saccade
10:28:1.14381,.,.,blink
10:28:1.14431,.,.,blink
10:28:1.14480,.,.,blink
10:28:1.1453,.,.,blink
10:28:1.1458,.,.,blink
10:28:1.14629,.,.,blink
10:28:1.14679,.,.,blink
10:28:1.14729,.,.,blink
10:28:1.14778,.,.,blink
10:28:1.14828,.,.,blink
10:28:1.14878,.,.,blink
10:28:1.14927,.,.,blink
10:28:1.14977,.,.,blink
10:28:1.15027,.,.,blink
10:28:1.15076,.,.,blink
10:28:1.15126,.,.,blink
10:28:1.15176,.,.,blink
10:28:1.15225,.,.,blink
10:28:1.15275,.,.,blink
10:28:1.15324,.,.,blink
10:28:1.15374,.,.,blink
10:28:1.15424,.,.,blink
10:28:1.15473,.,.,blink
10:28:1.15523,.,.,blink
10:28:1.15573,.,.,blink
10:28:1.15622,.,.,blink
10:28:1.15672,.,.,blink
10:28:1.15722,.,.,blink
10:28:1.15771,.,.,blink
10:28:1.15821,.,.,blink
10:28:1.15871,.,.,blink
10:28:1.15920,.,.,blink
10:28:1.1597,.,.,blink
10:28:1.1602,.,.,blink
10:28:1.16069,.,.,blink
10:28:1.16119,.,.,blink
10:28:1.16169,.,.,blink
10:28:1.16218,.,.,blink
10:28:1.16268,.,.,blink
10:28:1.16317,.,.,blink
10:28:1.16367,.,.,blink
10:28:1.16417,.,.,blink
10:28:1.16466,.,.,blink
10:28:1.16516,.,.,blink
10:28:1.16566,.,.,blink
10:28:1.16615,.,.,blink
10:28:1.16665,.,.,blink
10:28:1.16715,.,.,blink
10:28:1.16764,.,.,blink
10:28:1.16814,.,.,blink
10:28:1.16864,.,.,blink
10:28:1.16913,.,.,blink
10:28:1.16963,.,.,blink
10:28:1.17013,.,.,blink
10:28:1.17062,.,.,blink
10:28:1.17112,.,.,blink
10:28:1.17161,.,.,blink
10:28:1.17211,.,.,blink
10:28:1.17261,.,.,blink
10:28:1.17310,.,.,blink
10:28:1.1736,.,.,blink
10:28:1.1741,.,.,blink
10:28:1.17459,.,.,blink
10:28:1.17509,.,.,blink
10:28:1.17559,.,.,blink
10:28:1.17608,.,.,blink
10:28:1.17658,.,.,blink
10:28:1.17708,.,.,blink
10:28:1.17757,.,.,blink
10:28:1.17807,.,.,blink
10:28:1.17857,.,.,blink
10:28:1.17906,.,.,blink
10:28:1.17956,.,.,blink
10:28:1.18005,.,.,blink
10:28:1.18055,.,.,blink
10:28:1.18105,.,.,blink
10:28:1.18154,.,.,blink
10:28:1.18204,.,.,blink
10:28:1.18254,.,.,blink
10:28:1.18303,.,.,blink
10:28:1.18353,.,.,blink
10:28:1.18403,.,.,blink
10:28:1.18452,.,.,blink
10:28:1.18502,.,.,blink
10:28:1.18552,.,.,blink
10:28:1.18601,.,.,blink
10:28:1.18651,.,.,blink
10:28:1.18701,.,.,blink
10:28:1.18750,.,.,blink
10:28:1.188,.,.,blink
10:28:1.1885,.,.,blink
10:28:1.18899,.,.,blink
10:28:1.18949,.,.,blink
10:28:1.18998,.,.,blink
10:28:1.19048,.,.,blink
10:28:1.19098,.,.,blink
10:28:1.19147,.,.,blink
10:28:1.19197,.,.,blink
10:28:1.19247,.,.,blink
10:28:1.19296,.,.,blink
10:28:1.19346,.,.,blink
10:28:1.19396,.,.,blink
10:28:1.19445,.,.,blink
10:28:1.19495,.,.,blink
10:28:1.19545,.,.,blink
10:28:1.19594,.,.,blink
10:28:1.19644,.,.,blink
10:28:1.19694,.,.,blink
10:28:1.19743,.,.,blink
10:28:1.19793,.,.,blink
10:28:1.19842,.,.,blink
10:28:1.19892,.,.,blink
10:28:1.19942,.,.,blink
10:28:1.19991,.,.,blink
10:28:1.20041,.,.,blink
10:28:1.20091,.,.,blink
10:28:1.20140,.,.,blink
10:28:1.2019,.,.,blink
10:28:1.2024,.,.,blink
10:28:1.20289,.,.,blink
10:28:1.20339,.,.,blink
10:28:1.20389,.,.,blink
10:28:1.20438,.,.,blink
10:28:1.20488,.,.,blink
10:28:1.20538,.,.,blink
10:28:1.20587,.,.,blink
10:28:1.20637,.,.,blink
10:28:1.20686,.,.,blink
10:28:1.20736,.,.,blink
10:28:1.20786,.,.,blink
10:28:1.20835,.,.,blink
10:28:1.20885,.,.,blink
10:28:1.20935,.,.,blink
10:28:1.20984,.,.,blink
10:28:1.21034,.,.,blink
10:28:1.21084,.,.,blink
10:28:1.21133,.,.,blink
10:28:1.21183,.,.,blink
10:28:1.21233,.,.,blink
10:28:1.21282,.,.,blink
10:28:1.21332,.,.,blink
10:28:1.21382,.,.,blink
10:28:1.21431,.,.,blink
10:28:1.21481,.,.,blink
10:28:1.21531,.,.,blink
10:28:1.21580,.,.,blink
10:28:1.2163,.,.,blink
10:28:1.21679,.,.,blink
10:28:1.21729,.,.,blink
10:28:1.21779,.,.,blink
10:28:1.21828,.,.,blink
10:28:1.21878,.,.,blink
10:28:1.21928,.,.,blink
10:28:1.21977,.,.,blink
10:28:1.22027,.,.,blink
10:28:1.22077,.,.,blink
10:28:1.22126,.,.,blink
10:28:1.22176,.,.,blink
10:28:1.22226,.,.,blink
10:28:1.22275,.,.,blink
10:28:1.22325,.,.,blink
10:28:1.22375,.,.,blink
10:28:1.22424,.,.,blink
10:28:1.22474,.,.,blink
10:28:1.22523,.,.,blink
10:28:1.22573,.,.,blink
10:28:1.22623,.,.,blink
10:28:1.22672,.,.,blink
10:28:1.22722,.,.,blink
10:28:1.22772,.,.,blink
10:28:1.22821,.,.,blink
10:28:1.22871,.,.,blink
10:28:1.22921,.,.,blink
10:28:1.22970,453.4,278.4,fixation
10:28:1.2302,453.3,278.1,fixation
10:28:1.2307,453.3,278.4,fixation
10:28:1.23119,453.3,278.5,fixation
10:28:1.23169,452.6,278.5,fixation
10:28:1.23219,451.8,277.0,fixation
10:28:1.23268,451.1,275.6,fixation
10:28:1.23318,451.3,274.5,fixation
10:28:1.23367,451.4,274.5,fixation
10:28:1.23417,451.5,274.9,fixation
10:28:1.23467,450.8,275.1,fixation
10:28:1.23516,450.4,275.5,fixation
10:28:1.23566,449.9,275.9,fixation
10:28:1.23616,450.0,276.3,fixation
10:28:1.23665,448.4,276.2,fixation
10:28:1.23715,446.8,275.9,fixation
10:28:1.23765,445.5,275.6,fixation
10:28:1.23814,446.1,276.1,fixation
10:28:1.23864,447.7,276.6,fixation
10:28:1.23914,449.0,276.9,fixation
10:28:1.23963,450.2,276.4,fixation
10:28:1.24013,450.2,275.9,fixation
10:28:1.24063,450.1,275.5,fixation
10:28:1.24112,450.9,275.7,fixation
10:28:1.24162,451.9,276.0,fixation
10:28:1.24212,453.2,276.9,fixation
10:28:1.24261,453.6,277.4,fixation
10:28:1.24311,454.7,278.0,fixation
10:28:1.24360,455.4,277.5,fixation
10:28:1.2441,454.5,276.9,fixation
10:28:1.2446,452.9,276.3,fixation
10:28:1.24509,451.4,276.3,fixation
10:28:1.24559,451.6,276.4,fixation
10:28:1.24609,451.9,276.4,fixation
10:28:1.24658,450.9,276.4,fixation
10:28:1.24708,449.6,276.9,fixation
10:28:1.24758,448.5,277.3,fixation
10:28:1.24807,448.5,278.1,fixation
10:28:1.24857,448.9,278.6,fixation
10:28:1.24907,449.4,279.1,fixation
10:28:1.24956,450.0,278.4,fixation
10:28:1.25006,450.0,277.5,fixation
10:28:1.25056,449.3,276.6,fixation
10:28:1.25105,448.6,278.7,fixation
10:28:1.25155,449.0,280.7,fixation
10:28:1.25204,449.9,282.4,fixation
10:28:1.25254,450.8,281.8,fixation
10:28:1.25304,450.7,280.0,fixation
10:28:1.25353,450.4,278.6,fixation
10:28:1.25403,449.7,277.6,fixation
10:28:1.25453,448.6,276.4,fixation
10:28:1.25502,447.6,275.2,fixation
10:28:1.25552,447.4,274.1,fixation
10:28:1.25602,448.8,274.2,fixation
10:28:1.25651,449.8,274.2,fixation
10:28:1.25701,450.5,274.3,fixation
10:28:1.25751,449.9,274.6,fixation
10:28:1.25800,449.6,274.9,fixation
10:28:1.2585,449.6,275.3,fixation
10:28:1.259,449.9,277.5,fixation
10:28:1.25949,450.4,279.7,fixation
10:28:1.25999,450.9,281.6,fixation
10:28:1.26048,451.8,281.2,fixation
10:28:1.26098,452.1,280.5,fixation
10:28:1.26148,452.2,280.3,fixation
10:28:1.26197,451.7,280.0,fixation
10:28:1.26247,451.7,279.9,fixation
10:28:1.26297,452.0,281.2,fixation
10:28:1.26346,452.5,283.5,fixation
10:28:1.26396,453.5,285.8,fixation
10:28:1.26446,454.2,286.1,fixation
10:28:1.26495,452.2,285.2,fixation
10:28:1.26545,449.8,284.5,fixation
10:28:1.26595,447.7,284.6,fixation
10:28:1.26644,448.0,283.2,fixation
10:28:1.26694,448.3,281.6,fixation
10:28:1.26744,448.9,279.0,fixation
10:28:1.26793,449.9,277.9,fixation
10:28:1.26843,451.0,277.2,fixation
10:28:1.26893,451.5,277.9,fixation
10:28:1.26942,451.7,279.6,fixation
10:28:1.26992,452.4,281.3,fixation
10:28:1.27041,452.9,282.7,fixation
10:28:1.27091,452.8,281.7,fixation
10:28:1.27141,452.4,280.5,fixation
10:28:1.27190,452.3,279.8,fixation
10:28:1.2724,453.6,280.9,fixation
10:28:1.2729,454.7,282.0,fixation
10:28:1.27339,454.3,282.4,fixation
10:28:1.27389,453.0,282.3,fixation
10:28:1.27439,452.3,282.0,fixation
10:28:1.27488,452.9,281.7,fixation
10:28:1.27538,453.5,281.7,fixation
10:28:1.27588,454.0,281.9,fixation
10:28:1.27637,454.5,281.8,fixation
10:28:1.27687,455.0,281.3,fixation
10:28:1.27737,455.2,280.8,fixation
10:28:1.27786,453.4,282.7,fixation
10:28:1.27836,451.6,284.7,fixation
10:28:1.27885,449.4,286.2,fixation
10:28:1.27935,449.1,285.5,fixation
10:28:1.27985,450.1,284.6,fixation
10:28:1.28034,451.5,284.0,fixation
10:28:1.28084,452.8,283.9,fixation
10:28:1.28134,452.8,283.9,fixation
10:28:1.28183,453.1,285.7,fixation
10:28:1.28233,453.3,287.4,fixation
10:28:1.28283,453.9,287.4,fixation
10:28:1.28332,454.2,285.6,fixation
10:28:1.28382,452.5,283.8,fixation
10:28:1.28432,450.5,283.1,fixation
10:28:1.28481,449.1,282.4,fixation
10:28:1.28531,449.6,282.1,fixation
10:28:1.28581,450.1,282.3,fixation
10:28:1.28630,450.7,282.6,fixation
10:28:1.2868,451.4,282.5,fixation
10:28:1.28729,452.1,282.4,fixation
10:28:1.28779,452.3,282.9,fixation
10:28:1.28829,452.5,283.5,fixation
10:28:1.28878,452.7,283.8,fixation
10:28:1.28928,452.7,283.2,fixation
10:28:1.28978,451.3,282.2,fixation
10:28:1.29027,449.8,281.1,fixation
10:28:1.29077,448.6,280.3,fixation
10:28:1.29127,449.1,280.4,fixation
10:28:1.29176,449.7,281.2,fixation
10:28:1.29226,450.1,282.1,fixation
10:28:1.29276,449.8,282.6,fixation
10:28:1.29325,449.4,282.8,fixation
10:28:1.29375,449.0,283.1,fixation
10:28:1.29425,447.9,283.0,fixation
10:28:1.29474,446.9,282.6,fixation
10:28:1.29524,445.8,281.8,fixation
10:28:1.29574,446.9,281.1,fixation
10:28:1.29623,449.1,281.3,fixation
10:28:1.29673,451.3,281.8,fixation
10:28:1.29722,451.5,282.1,fixation
10:28:1.29772,449.6,282.2,saccade
10:28:1.29822,449.4,277.8,saccade
10:28:1.29871,449.2,273.2,saccade
10:28:1.29921,448.9,269.3,saccade
10:28:1.29971,448.7,270.0,saccade
10:28:1.30020,448.7,269.7,saccade
10:28:1.3007,448.6,268.3,saccade
10:28:1.3012,448.6,266.3,saccade
10:28:1.30169,448.6,265.3,saccade
10:28:1.30219,448.6,264.8,saccade
10:28:1.30269,448.6,264.6,saccade
10:28:1.30318,448.6,264.4,saccade
10:28:1.30368,448.7,264.4,saccade
10:28:1.30418,448.8,264.7,saccade
10:28:1.30467,450.7,262.0,saccade
10:28:1.30517,453.7,259.1,saccade
10:28:1.30566,456.7,257.4,saccade
10:28:1.30616,458.3,258.8,saccade
10:28:1.30666,460.7,250.9,saccade
10:28:1.30715,463.0,241.8,saccade
10:28:1.30765,465.3,244.7,saccade
10:28:1.30815,466.0,258.9,saccade
10:28:1.30864,466.6,290.8,saccade
10:28:1.30914,467.6,318.4,saccade
10:28:1.30964,469.0,351.8,saccade
10:28:1.31013,470.1,468.8,saccade
10:28:1.31063,430.0,577.8,saccade
10:28:1.31113,386.7,697.2,saccade
10:28:1.31162,345.6,719.0,saccade
10:28:1.31212,336.6,752.1,saccade
10:28:1.31262,327.0,785.0,saccade
10:28:1.31311,318.0,811.2,saccade
10:28:1.31361,.,.,blink
10:28:1.31411,.,.,blink
10:28:1.31460,.,.,blink
10:28:1.3151,.,.,blink
10:28:1.31559,.,.,blink
10:28:1.31609,.,.,blink
10:28:1.31659,.,.,blink
10:28:1.31708,.,.,blink
10:28:1.31758,.,.,blink
10:28:1.31808,.,.,blink
10:28:1.31857,.,.,blink
10:28:1.31907,.,.,blink
10:28:1.31957,.,.,blink
10:28:1.32006,.,.,blink
10:28:1.32056,.,.,blink
10:28:1.32106,.,.,blink
10:28:1.32155,.,.,blink
10:28:1.32205,.,.,blink
10:28:1.32255,.,.,blink
10:28:1.32304,.,.,blink
10:28:1.32354,.,.,blink
10:28:1.32403,.,.,blink
10:28:1.32453,.,.,blink
10:28:1.32503,.,.,blink
10:28:1.32552,.,.,blink
10:28:1.32602,.,.,blink
10:28:1.32652,.,.,blink
10:28:1.32701,.,.,blink
10:28:1.32751,.,.,blink
10:28:1.32801,.,.,blink
10:28:1.32850,.,.,blink
10:28:1.329,.,.,blink
10:28:1.3295,.,.,blink
10:28:1.32999,.,.,blink
10:28:1.33049,.,.,blink
10:28:1.33099,.,.,blink
10:28:1.33148,.,.,blink
10:28:1.33198,.,.,blink
10:28:1.33247,.,.,blink
10:28:1.33297,.,.,blink
10:28:1.33347,.,.,blink
10:28:1.33396,.,.,blink
10:28:1.33446,.,.,blink
10:28:1.33496,.,.,blink
10:28:1.33545,.,.,blink
10:28:1.33595,.,.,blink
10:28:1.33645,.,.,blink
10:28:1.33694,.,.,blink
10:28:1.33744,.,.,blink
10:28:1.33794,.,.,blink
10:28:1.33843,.,.,blink
10:28:1.33893,.,.,blink
10:28:1.33943,.,.,blink
10:28:1.33992,.,.,blink
10:28:1.34042,.,.,blink
10:28:1.34092,.,.,blink
10:28:1.34141,.,.,blink
10:28:1.34191,.,.,blink
10:28:1.34240,.,.,blink
10:28:1.3429,.,.,blink
10:28:1.3434,.,.,blink
10:28:1.34389,.,.,blink
10:28:1.34439,.,.,blink
10:28:1.34489,.,.,blink
10:28:1.34538,.,.,blink
10:28:1.34588,.,.,blink
10:28:1.34638,.,.,blink
10:28:1.34687,.,.,blink
10:28:1.34737,.,.,blink
10:28:1.34787,.,.,blink
10:28:1.34836,.,.,blink
10:28:1.34886,.,.,blink
10:28:1.34936,.,.,blink
10:28:1.34985,.,.,blink
10:28:1.35035,.,.,blink
10:28:1.35084,.,.,blink
10:28:1.35134,.,.,blink
10:28:1.35184,.,.,blink
10:28:1.35233,.,.,blink
10:28:1.35283,.,.,blink
10:28:1.35333,.,.,blink
10:28:1.35382,.,.,blink
10:28:1.35432,.,.,blink
10:28:1.35482,.,.,blink
10:28:1.35531,.,.,blink
10:28:1.35581,.,.,blink
10:28:1.35631,.,.,blink
10:28:1.35680,.,.,blink
10:28:1.3573,.,.,blink
10:28:1.3578,.,.,blink
10:28:1.35829,.,.,blink
10:28:1.35879,.,.,blink
10:28:1.35928,.,.,blink
10:28:1.35978,.,.,blink
10:28:1.36028,.,.,blink
10:28:1.36077,.,.,blink
10:28:1.36127,.,.,blink
10:28:1.36177,.,.,blink
10:28:1.36226,.,.,blink
10:28:1.36276,.,.,blink
10:28:1.36326,.,.,blink
10:28:1.36375,.,.,blink
10:28:1.36425,.,.,blink
10:28:1.36475,.,.,blink
10:28:1.36524,.,.,blink
10:28:1.36574,.,.,blink
10:28:1.36624,.,.,blink
10:28:1.36673,.,.,blink
10:28:1.36723,.,.,blink
10:28:1.36773,.,.,blink
10:28:1.36822,.,.,blink
10:28:1.36872,.,.,blink
10:28:1.36921,.,.,blink
10:28:1.36971,.,.,blink
10:28:1.37021,.,.,blink
10:28:1.37070,.,.,blink
10:28:1.3712,.,.,blink
10:28:1.3717,.,.,blink
10:28:1.37219,.,.,blink
10:28:1.37269,.,.,blink
10:28:1.37319,.,.,blink
10:28:1.37368,.,.,blink
10:28:1.37418,.,.,blink
10:28:1.37468,.,.,blink
10:28:1.37517,.,.,blink
10:28:1.37567,.,.,blink
10:28:1.37617,.,.,blink
10:28:1.37666,.,.,blink
10:28:1.37716,.,.,blink
10:28:1.37765,.,.,blink
10:28:1.37815,.,.,blink
10:28:1.37865,.,.,blink
10:28:1.37914,.,.,blink
10:28:1.37964,.,.,blink
10:28:1.38014,.,.,blink
10:28:1.38063,.,.,blink
10:28:1.38113,.,.,blink
10:28:1.38163,.,.,blink
10:28:1.38212,.,.,blink
10:28:1.38262,.,.,blink
10:28:1.38312,.,.,blink
10:28:1.38361,.,.,blink
10:28:1.38411,.,.,blink
10:28:1.38461,.,.,blink
10:28:1.38510,.,.,blink
10:28:1.3856,.,.,blink
10:28:1.38609,.,.,blink
10:28:1.38659,.,.,blink
10:28:1.38709,.,.,blink
10:28:1.38758,.,.,blink
10:28:1.38808,.,.,blink
10:28:1.38858,.,.,blink
10:28:1.38907,.,.,blink
10:28:1.38957,.,.,blink
10:28:1.39007,.,.,blink
10:28:1.39056,.,.,blink
10:28:1.39106,.,.,blink
10:28:1.39156,.,.,blink
10:28:1.39205,.,.,blink
10:28:1.39255,.,.,blink
10:28:1.39305,.,.,blink
10:28:1.39354,.,.,blink
10:28:1.39404,.,.,blink
10:28:1.39454,.,.,blink
10:28:1.39503,.,.,blink
10:28:1.39553,.,.,blink
10:28:1.39602,.,.,blink
10:28:1.39652,.,.,blink
10:28:1.39702,.,.,blink
10:28:1.39751,.,.,blink
10:28:1.39801,.,.,blink
10:28:1.39851,.,.,blink
10:28:1.39900,.,.,blink
10:28:1.3995,.,.,blink
10:28:1.4,.,.,blink
10:28:1.40049,.,.,blink
10:28:1.40099,.,.,blink
10:28:1.40149,.,.,blink
10:28:1.40198,.,.,blink
10:28:1.40248,.,.,blink
10:28:1.40298,.,.,blink
10:28:1.40347,.,.,blink
10:28:1.40397,.,.,blink
10:28:1.40446,.,.,blink
10:28:1.40496,.,.,blink
10:28:1.40546,.,.,blink
10:28:1.40595,.,.,blink
10:28:1.40645,.,.,blink
10:28:1.40695,.,.,blink
10:28:1.40744,.,.,blink
10:28:1.40794,.,.,blink
10:28:1.40844,.,.,blink
10:28:1.40893,.,.,blink
10:28:1.40943,.,.,blink
10:28:1.40993,.,.,blink
10:28:1.41042,.,.,blink
10:28:1.41092,.,.,blink
10:28:1.41142,.,.,blink
10:28:1.41191,.,.,blink
10:28:1.41241,.,.,blink
10:28:1.41290,.,.,blink
10:28:1.4134,.,.,blink
10:28:1.4139,.,.,blink
10:28:1.41439,.,.,blink
10:28:1.41489,.,.,blink
10:28:1.41539,.,.,blink
10:28:1.41588,.,.,blink
10:28:1.41638,.,.,blink
10:28:1.41688,.,.,blink
10:28:1.41737,.,.,blink
10:28:1.41787,.,.,blink
10:28:1.41837,.,.,blink
10:28:1.41886,.,.,blink
10:28:1.41936,.,.,blink
10:28:1.41986,.,.,blink
10:28:1.42035,.,.,blink
10:28:1.42085,.,.,blink
10:28:1.42135,.,.,blink
10:28:1.42184,.,.,blink
10:28:1.42234,.,.,blink
10:28:1.42283,.,.,blink
10:28:1.42333,.,.,blink
10:28:1.42383,.,.,blink
10:28:1.42432,457.9,262.3,fixation
10:28:1.42482,457.7,262.6,fixation
10:28:1.42532,457.6,262.8,fixation
10:28:1.42581,459.1,262.9,fixation
10:28:1.42631,460.7,262.9,fixation
10:28:1.42681,462.3,263.1,fixation
10:28:1.42730,462.3,263.3,fixation
10:28:1.4278,459.8,262.8,fixation
10:28:1.4283,457.3,262.2,fixation
10:28:1.42879,456.7,262.1,fixation
10:28:1.42929,458.6,262.7,fixation
10:28:1.42979,459.7,263.1,fixation
10:28:1.43028,458.8,263.5,fixation
10:28:1.43078,457.7,263.8,fixation
10:28:1.43127,457.5,263.7,fixation
10:28:1.43177,457.5,262.6,fixation
10:28:1.43227,457.8,261.8,fixation
10:28:1.43276,456.8,261.5,fixation
10:28:1.43326,455.5,261.7,fixation
10:28:1.43376,454.6,261.3,fixation
10:28:1.43425,455.4,261.1,fixation
10:28:1.43475,458.5,262.0,fixation
10:28:1.43525,461.2,263.2,fixation
10:28:1.43574,463.3,264.6,fixation
10:28:1.43624,463.0,264.8,fixation
10:28:1.43674,461.7,264.6,fixation
10:28:1.43723,459.7,263.1,fixation
10:28:1.43773,457.9,261.6,fixation
10:28:1.43823,459.2,260.8,fixation
10:28:1.43872,461.3,261.5,fixation
10:28:1.43922,463.0,262.8,fixation
10:28:1.43971,462.4,263.6,fixation
10:28:1.44021,461.7,264.3,fixation
10:28:1.44071,461.5,264.5,fixation
10:28:1.44120,461.3,264.2,fixation
10:28:1.4417,461.3,262.5,fixation
10:28:1.4422,461.5,260.8,fixation
10:28:1.44269,461.7,259.5,fixation
10:28:1.44319,461.6,259.3,fixation
10:28:1.44369,461.3,258.3,fixation
10:28:1.44418,460.8,257.3,fixation
10:28:1.44468,460.5,256.2,fixation
10:28:1.44518,460.4,255.1,fixation
10:28:1.44567,460.2,254.1,fixation
10:28:1.44617,461.0,254.8,fixation
10:28:1.44667,461.9,256.9,fixation
10:28:1.44716,462.7,259.1,fixation
10:28:1.44766,462.6,259.8,fixation
10:28:1.44816,462.4,260.0,fixation
10:28:1.44865,462.4,260.3,fixation
10:28:1.44915,462.5,259.4,fixation
10:28:1.44964,462.7,258.4,fixation
10:28:1.45014,463.2,257.7,fixation
10:28:1.45064,463.5,258.0,fixation
10:28:1.45113,461.8,257.3,fixation
10:28:1.45163,459.8,256.7,fixation
10:28:1.45213,458.1,256.3,fixation
10:28:1.45262,459.2,256.4,fixation
10:28:1.45312,460.3,255.9,fixation
10:28:1.45362,461.0,254.6,fixation
10:28:1.45411,460.9,253.6,fixation
10:28:1.45461,460.8,253.0,fixation
10:28:1.45511,461.3,252.8,fixation
10:28:1.45560,461.8,252.5,fixation
10:28:1.4561,462.3,252.2,fixation
10:28:1.4566,462.4,252.3,fixation
10:28:1.45709,463.0,252.6,fixation
10:28:1.45759,463.8,252.5,fixation
10:28:1.45808,464.4,252.2,fixation
10:28:1.45858,464.6,251.5,fixation
10:28:1.45908,464.5,251.3,fixation
10:28:1.45957,464.4,251.2,fixation
10:28:1.46007,463.8,251.2,fixation
10:28:1.46057,463.2,251.2,fixation
10:28:1.46106,462.5,252.7,fixation
10:28:1.46156,462.5,254.3,fixation
10:28:1.46206,462.4,255.8,fixation
10:28:1.46255,462.2,256.2,fixation
10:28:1.46305,462.9,256.4,fixation
10:28:1.46355,463.5,256.7,fixation
10:28:1.46404,464.2,256.9,fixation
10:28:1.46454,464.0,257.2,fixation
10:28:1.46504,464.3,256.8,fixation
10:28:1.46553,464.5,256.1,fixation
10:28:1.46603,464.4,255.1,fixation
10:28:1.46653,464.1,254.5,fixation
10:28:1.46702,464.0,253.8,fixation
10:28:1.46752,464.3,254.4,fixation
10:28:1.46801,464.3,255.2,fixation
10:28:1.46851,464.0,256.0,fixation
10:28:1.46901,463.6,255.9,fixation
10:28:1.46950,463.5,255.5,fixation
10:28:1.47,463.6,255.1,fixation
10:28:1.4705,463.7,255.0,fixation
10:28:1.47099,463.9,255.3,fixation
10:28:1.47149,464.1,255.6,fixation
10:28:1.47199,464.2,255.7,fixation
10:28:1.47248,464.3,256.1,fixation
10:28:1.47298,464.2,256.8,fixation
10:28:1.47348,463.7,257.6,fixation
10:28:1.47397,462.9,258.1,fixation
10:28:1.47447,461.9,258.2,fixation
10:28:1.47497,461.3,258.0,fixation
10:28:1.47546,461.5,258.6,fixation
10:28:1.47596,462.2,259.3,fixation
10:28:1.47645,462.9,259.6,fixation
10:28:1.47695,463.4,259.2,fixation
10:28:1.47745,464.2,256.1,fixation
10:28:1.47794,465.1,253.5,fixation
10:28:1.47844,466.1,251.1,fixation
10:28:1.47894,466.4,251.6,fixation
10:28:1.47943,466.8,252.5,fixation
10:28:1.47993,466.9,253.1,fixation
10:28:1.48043,466.5,253.1,fixation
10:28:1.48092,466.3,252.7,fixation
10:28:1.48142,466.0,255.5,fixation
10:28:1.48192,466.6,258.7,fixation
10:28:1.48241,467.0,260.5,fixation
10:28:1.48291,466.6,259.0,fixation
10:28:1.48341,466.0,256.0,fixation
10:28:1.48390,465.5,254.5,fixation
10:28:1.4844,465.4,252.7,fixation
10:28:1.48489,465.0,252.2,fixation
10:28:1.48539,464.6,251.7,fixation
10:28:1.48589,463.0,252.0,fixation
10:28:1.48638,461.4,252.2,fixation
10:28:1.48688,460.8,252.3,fixation
10:28:1.48738,462.5,251.9,fixation
10:28:1.48787,464.2,251.7,fixation
10:28:1.48837,464.9,251.6,fixation
10:28:1.48887,464.8,251.6,fixation
10:28:1.48936,464.4,251.3,fixation
10:28:1.48986,463.8,250.6,fixation
10:28:1.49036,462.6,249.9,fixation
10:28:1.49085,461.8,249.3,fixation
10:28:1.49135,461.3,249.0,fixation
10:28:1.49185,461.4,249.0,fixation
10:28:1.49234,461.8,249.2,fixation
10:28:1.49284,462.6,250.8,fixation
10:28:1.49334,463.4,252.7,fixation
10:28:1.49383,463.9,254.4,fixation
10:28:1.49433,463.8,254.9,fixation
10:28:1.49482,463.5,254.7,fixation
10:28:1.49532,463.7,253.3,fixation
10:28:1.49582,464.2,252.0,fixation
10:28:1.49631,464.8,250.9,fixation
10:28:1.49681,462.7,250.8,fixation
10:28:1.49731,460.4,250.7,fixation
10:28:1.49780,459.3,250.6,fixation
10:28:1.4983,460.5,250.9,fixation
10:28:1.4988,461.7,251.2,fixation
10:28:1.49929,462.1,251.3,fixation
10:28:1.49979,462.4,251.1,fixation
10:28:1.50029,462.8,250.9,fixation
10:28:1.50078,462.3,250.8,fixation
10:28:1.50128,461.2,252.3,fixation
10:28:1.50178,460.1,253.8,fixation
10:28:1.50227,460.7,255.5,fixation
10:28:1.50277,461.8,255.7,fixation
10:28:1.50326,462.3,255.1,fixation
10:28:1.50376,461.5,254.3,fixation
10:28:1.50426,460.8,253.4,fixation
10:28:1.50475,460.8,253.2,fixation
10:28:1.50525,460.7,253.2,fixation
10:28:1.50575,458.8,253.2,fixation
10:28:1.50624,456.9,251.8,fixation
10:28:1.50674,455.1,250.3,fixation
10:28:1.50724,455.2,249.0,fixation
10:28:1.50773,456.2,248.8,fixation
10:28:1.50823,457.3,248.6,fixation
10:28:1.50873,458.3,248.8,fixation
10:28:1.50922,458.4,249.3,fixation
10:28:1.50972,458.5,250.0,fixation
10:28:1.51022,458.5,250.2,fixation
10:28:1.51071,458.3,250.3,fixation
10:28:1.51121,459.1,250.3,fixation
10:28:1.51170,460.0,250.0,fixation
10:28:1.5122,460.7,249.7,fixation
10:28:1.5127,460.4,251.9,fixation
10:28:1.51319,460.0,254.5,fixation
10:28:1.51369,459.8,256.3,fixation
10:28:1.51419,459.7,255.4,fixation
10:28:1.51468,459.7,253.5,fixation
10:28:1.51518,459.9,252.6,fixation
10:28:1.51568,460.1,252.0,fixation
10:28:1.51617,460.1,253.2,fixation
10:28:1.51667,460.2,254.5,fixation
10:28:1.51717,460.4,255.4,fixation
10:28:1.51766,460.5,255.6,fixation
10:28:1.51816,460.6,253.9,fixation
10:28:1.51866,460.0,252.2,fixation
10:28:1.51915,459.4,252.1,fixation
10:28:1.51965,459.1,253.8,fixation
10:28:1.52015,459.6,253.7,fixation
10:28:1.52064,460.0,251.8,fixation
10:28:1.52114,460.4,249.9,fixation
10:28:1.52163,460.8,250.2,fixation
10:28:1.52213,461.0,250.8,fixation
10:28:1.52263,461.0,252.0,fixation
10:28:1.52312,461.6,252.9,fixation
10:28:1.52362,462.4,254.1,fixation
10:28:1.52412,461.3,255.1,fixation
10:28:1.52461,459.4,256.1,fixation
10:28:1.52511,457.3,254.9,fixation
10:28:1.52561,456.2,253.2,fixation
10:28:1.52610,455.2,251.0,fixation
10:28:1.5266,455.8,250.6,fixation
10:28:1.5271,457.4,249.7,fixation
10:28:1.52759,458.2,249.3,fixation
10:28:1.52809,457.4,248.7,fixation
10:28:1.52859,456.4,248.8,fixation
10:28:1.52908,455.8,249.0,fixation
10:28:1.52958,455.3,249.2,fixation
10:28:1.53007,454.1,249.0,fixation
10:28:1.53057,453.2,248.9,fixation
10:28:1.53107,453.6,248.8,fixation
10:28:1.53156,454.9,248.8,fixation
10:28:1.53206,456.0,248.7,fixation
10:28:1.53256,455.6,249.0,fixation
10:28:1.53305,455.1,249.6,fixation
10:28:1.53355,454.8,249.8,fixation
10:28:1.53405,454.4,249.6,fixation
10:28:1.53454,454.2,249.4,fixation
10:28:1.53504,454.2,249.3,fixation
10:28:1.53554,454.2,248.9,fixation
10:28:1.53603,453.8,248.4,fixation
10:28:1.53653,453.2,247.8,fixation
10:28:1.53703,453.1,247.6,fixation
10:28:1.53752,453.3,247.4,fixation
10:28:1.53802,453.9,247.7,fixation
10:28:1.53851,454.3,248.1,fixation
10:28:1.53901,454.8,248.5,fixation
10:28:1.53951,454.9,248.8,fixation
10:28:1.54000,455.3,248.2,fixation
10:28:1.5405,455.7,247.5,fixation
10:28:1.541,456.4,247.0,fixation
10:28:1.54149,457.0,247.2,fixation
10:28:1.54199,458.5,247.5,fixation
10:28:1.54249,459.8,247.7,fixation
10:28:1.54298,459.1,247.4,fixation
10:28:1.54348,457.4,247.2,fixation
10:28:1.54398,456.6,247.6,fixation
10:28:1.54447,457.5,248.4,fixation
10:28:1.54497,458.3,246.4,fixation
10:28:1.54547,458.2,243.9,fixation
10:28:1.54596,458.1,243.0,fixation
10:28:1.54646,458.1,244.6,fixation
10:28:1.54696,458.2,246.3,fixation
10:28:1.54745,458.2,246.5,fixation
10:28:1.54795,458.5,247.6,fixation
10:28:1.54844,458.9,248.5,fixation
10:28:1.54894,459.4,249.8,fixation
10:28:1.54944,459.9,250.3,fixation
10:28:1.54993,460.4,250.3,fixation
10:28:1.55043,460.5,249.8,fixation
10:28:1.55093,460.4,249.4,fixation
10:28:1.55142,459.1,248.9,fixation
10:28:1.55192,457.8,247.9,fixation
10:28:1.55242,456.5,246.8,fixation
10:28:1.55291,456.1,246.2,fixation
10:28:1.55341,455.8,246.1,fixation
10:28:1.55391,455.5,245.9,fixation
10:28:1.55440,455.1,245.5,fixation
10:28:1.5549,454.7,245.1,fixation
10:28:1.5554,456.1,245.3,fixation
10:28:1.55589,458.0,246.1,fixation
10:28:1.55639,459.8,246.1,fixation
10:28:1.55688,459.7,245.7,fixation
10:28:1.55738,459.6,245.1,fixation
10:28:1.55788,459.6,245.4,fixation
10:28:1.55837,459.9,245.8,fixation
10:28:1.55887,460.1,246.0,fixation
10:28:1.55937,459.9,246.3,fixation
10:28:1.55986,459.6,246.1,fixation
10:28:1.56036,458.4,245.5,fixation
10:28:1.56086,457.5,244.8,fixation
10:28:1.56135,457.1,245.7,fixation
10:28:1.56185,457.6,246.9,fixation
10:28:1.56235,458.2,248.0,fixation
10:28:1.56284,458.3,247.9,fixation
10:28:1.56334,457.8,248.2,fixation
10:28:1.56384,457.2,248.4,fixation
10:28:1.56433,456.2,248.5,fixation
10:28:1.56483,455.8,248.5,fixation
10:28:1.56532,455.8,248.9,fixation
10:28:1.56582,456.3,249.5,fixation
10:28:1.56632,456.7,250.2,fixation
10:28:1.56681,456.7,250.6,fixation
10:28:1.56731,456.9,249.7,fixation
10:28:1.56781,457.3,248.3,fixation
10:28:1.56830,457.8,248.2,fixation
10:28:1.5688,457.4,250.9,saccade
10:28:1.5693,455.7,251.0,saccade
10:28:1.56979,454.1,250.9,saccade
10:28:1.57029,452.6,250.3,saccade
10:28:1.57079,450.6,249.7,saccade
10:28:1.57128,448.5,248.4,saccade
10:28:1.57178,446.2,246.8,saccade
10:28:1.57228,445.6,245.3,saccade
10:28:1.57277,444.8,244.7,saccade
10:28:1.57327,443.7,244.9,saccade
10:28:1.57377,442.9,245.1,saccade
10:28:1.57426,442.1,244.9,saccade
10:28:1.57476,439.5,244.5,saccade
10:28:1.57525,436.7,244.3,saccade
10:28:1.57575,433.7,244.4,saccade
10:28:1.57625,433.0,243.9,saccade
10:28:1.57674,432.8,243.3,saccade
10:28:1.57724,432.0,242.7,saccade
10:28:1.57774,431.4,242.6,saccade
10:28:1.57823,430.8,242.6,saccade
10:28:1.57873,429.3,241.9,saccade
10:28:1.57923,427.7,241.3,saccade
10:28:1.57972,426.2,240.9,saccade
10:28:1.58022,426.3,241.7,fixation
10:28:1.58072,425.4,241.6,fixation
10:28:1.58121,423.9,241.3,fixation
10:28:1.58171,422.6,241.3,fixation
10:28:1.58221,422.1,241.7,fixation
10:28:1.58270,422.2,242.4,fixation
10:28:1.5832,422.3,243.2,fixation
10:28:1.58369,422.3,244.4,fixation
10:28:1.58419,422.9,245.5,fixation
10:28:1.58469,425.0,246.7,fixation
10:28:1.58518,427.0,247.2,fixation
10:28:1.58568,428.3,245.9,fixation
10:28:1.58618,427.7,244.2,fixation
10:28:1.58667,427.1,243.6,fixation
10:28:1.58717,426.8,244.7,fixation
10:28:1.58767,427.2,246.1,fixation
10:28:1.58816,427.5,246.8,fixation
10:28:1.58866,428.0,247.4,fixation
10:28:1.58916,427.8,247.5,fixation
10:28:1.58965,427.3,246.9,fixation
10:28:1.59015,426.5,245.6,fixation
10:28:1.59065,426.1,244.6,fixation
10:28:1.59114,425.9,243.7,fixation
10:28:1.59164,425.4,243.5,fixation
10:28:1.59213,424.9,243.3,fixation
10:28:1.59263,426.2,243.3,fixation
10:28:1.59313,427.9,242.9,fixation
10:28:1.59362,429.4,242.4,fixation
10:28:1.59412,428.9,242.4,fixation
10:28:1.59462,428.3,242.9,fixation
10:28:1.59511,428.5,242.2,fixation
10:28:1.59561,428.9,240.9,fixation
10:28:1.59611,429.4,240.3,fixation
10:28:1.59660,429.4,240.9,fixation
10:28:1.5971,429.1,241.4,fixation
10:28:1.5976,429.1,242.9,fixation
10:28:1.59809,429.1,244.3,fixation
10:28:1.59859,429.7,243.6,fixation
10:28:1.59909,430.4,241.5,fixation
10:28:1.59958,431.2,239.5,fixation
10:28:1.60008,431.5,239.7,fixation
10:28:1.60058,431.3,241.0,fixation
10:28:1.60107,431.1,242.2,fixation
10:28:1.60157,431.0,243.2,fixation
10:28:1.60206,429.4,242.9,fixation
10:28:1.60256,427.9,243.3,fixation
10:28:1.60306,426.4,243.8,fixation
10:28:1.60355,427.3,244.5,fixation
10:28:1.60405,428.5,244.6,fixation
10:28:1.60455,430.0,244.7,fixation
10:28:1.60504,432.3,245.0,fixation
10:28:1.60554,434.3,246.1,fixation
10:28:1.60604,435.5,246.8,fixation
10:28:1.60653,435.1,246.9,fixation
10:28:1.60703,434.6,246.2,fixation
10:28:1.60753,434.4,245.8,fixation
10:28:1.60802,433.6,245.7,fixation
10:28:1.60852,432.7,245.4,fixation
10:28:1.60902,432.0,245.1,fixation
10:28:1.60951,431.8,244.5,fixation
10:28:1.61001,431.6,243.3,fixation
10:28:1.61050,431.7,242.3,fixation
10:28:1.611,431.9,242.5,fixation
10:28:1.6115,432.0,243.2,fixation
10:28:1.61199,432.0,243.8,fixation
10:28:1.61249,432.5,245.0,fixation
10:28:1.61299,433.1,246.5,fixation
10:28:1.61348,432.0,246.5,fixation
10:28:1.61398,430.5,245.0,fixation
10:28:1.61448,429.9,243.4,fixation
10:28:1.61497,430.9,243.3,fixation
10:28:1.61547,432.3,243.2,fixation
10:28:1.61597,432.7,242.7,fixation
10:28:1.61646,430.8,241.6,fixation
10:28:1.61696,428.5,240.5,fixation
10:28:1.61746,426.8,241.0,fixation
10:28:1.61795,427.9,242.0,fixation
10:28:1.61845,429.1,243.1,fixation
10:28:1.61895,429.3,243.2,fixation
10:28:1.61944,428.9,242.6,fixation
10:28:1.61994,428.6,241.9,fixation
10:28:1.62043,428.9,240.7,fixation
10:28:1.62093,429.5,240.1,fixation
10:28:1.62143,430.0,240.6,fixation
10:28:1.62192,430.3,242.0,fixation
10:28:1.62242,430.3,243.3,fixation
10:28:1.62292,430.2,243.7,fixation
10:28:1.62341,430.1,243.7,fixation
10:28:1.62391,430.8,243.9,fixation
10:28:1.62441,431.4,244.2,fixation
10:28:1.62490,431.9,244.3,fixation
10:28:1.6254,432.1,245.1,fixation
10:28:1.6259,432.4,245.8,fixation
10:28:1.62639,432.7,245.0,fixation
10:28:1.62689,431.2,243.5,fixation
10:28:1.62739,429.6,241.7,fixation
10:28:1.62788,428.0,241.7,fixation
10:28:1.62838,428.1,242.2,fixation
10:28:1.62887,427.9,242.5,fixation
10:28:1.62937,427.7,242.4,fixation
10:28:1.62987,428.3,242.0,fixation
10:28:1.63036,429.4,242.0,fixation
10:28:1.63086,430.6,241.3,fixation
10:28:1.63136,431.8,240.7,fixation
10:28:1.63185,432.8,242.7,fixation
10:28:1.63235,432.9,245.5,fixation
10:28:1.63285,432.0,247.8,fixation
10:28:1.63334,432.1,246.1,fixation
10:28:1.63384,433.1,244.0,fixation
10:28:1.63434,433.9,242.2,fixation
10:28:1.63483,433.2,241.8,fixation
10:28:1.63533,432.5,241.8,fixation
10:28:1.63583,432.2,242.5,fixation
10:28:1.63632,431.6,243.2,fixation
10:28:1.63682,430.9,243.8,fixation
10:28:1.63731,430.4,243.7,fixation
10:28:1.63781,430.2,243.6,fixation
10:28:1.63831,430.0,243.5,fixation
10:28:1.63880,430.6,243.2,fixation
10:28:1.6393,431.5,242.5,fixation
10:28:1.6398,432.7,242.7,fixation
10:28:1.64029,432.5,243.1,fixation
10:28:1.64079,432.3,244.0,fixation
10:28:1.64129,431.7,244.2,fixation
10:28:1.64178,431.5,244.4,fixation
10:28:1.64228,431.4,244.1,fixation
10:28:1.64278,431.4,243.9,fixation
10:28:1.64327,431.4,243.7,fixation
10:28:1.64377,431.4,243.7,fixation
10:28:1.64427,431.4,243.7,fixation
10:28:1.64476,431.4,243.7,fixation
10:28:1.64526,431.6,243.7,fixation
10:28:1.64576,431.7,240.6,fixation
10:28:1.64625,431.9,237.5,fixation
10:28:1.64675,432.5,235.4,fixation
10:28:1.64724,433.3,239.0,fixation
10:28:1.64774,434.0,242.6,fixation
10:28:1.64824,433.6,245.4,fixation
10:28:1.64873,432.9,245.5,fixation
10:28:1.64923,432.2,245.2,fixation
10:28:1.64973,432.3,245.2,fixation
10:28:1.65022,432.6,245.3,fixation
10:28:1.65072,432.8,245.1,fixation
10:28:1.65122,433.0,241.2,fixation
10:28:1.65171,433.7,237.3,fixation
10:28:1.65221,434.5,237.9,fixation
10:28:1.65271,435.1,241.7,fixation
10:28:1.65320,435.6,245.5,fixation
10:28:1.6537,436.0,243.7,fixation
10:28:1.6542,436.4,242.0,fixation
10:28:1.65469,436.5,240.2,fixation
10:28:1.65519,436.6,240.0,fixation
10:28:1.65568,436.5,239.6,fixation
10:28:1.65618,436.4,239.3,fixation
10:28:1.65668,436.3,239.4,fixation
10:28:1.65717,436.3,240.1,fixation
10:28:1.65767,436.2,240.7,fixation
10:28:1.65817,436.1,240.8,fixation
10:28:1.65866,435.9,240.7,fixation
10:28:1.65916,435.9,240.7,fixation
10:28:1.65966,436.0,241.1,fixation
10:28:1.66015,436.1,241.4,fixation
10:28:1.66065,436.5,241.8,fixation
10:28:1.66115,436.9,242.7,fixation
10:28:1.66164,436.6,243.7,fixation
10:28:1.66214,436.0,244.7,fixation
10:28:1.66264,436.4,245.2,fixation
10:28:1.66313,437.5,245.7,fixation
10:28:1.66363,438.4,244.7,fixation
10:28:1.66412,438.2,243.1,fixation
10:28:1.66462,438.1,241.5,fixation
10:28:1.66512,438.1,241.0,fixation
10:28:1.66561,437.4,240.1,fixation
10:28:1.66611,436.8,239.3,fixation
10:28:1.66661,437.1,241.3,fixation
10:28:1.66710,438.0,244.0,fixation
10:28:1.6676,439.2,246.8,fixation
10:28:1.6681,439.5,247.3,fixation
10:28:1.66859,439.7,245.9,fixation
10:28:1.66909,439.5,243.3,fixation
10:28:1.66959,438.4,240.6,fixation
10:28:1.67008,437.3,239.4,fixation
10:28:1.67058,437.1,239.5,fixation
10:28:1.67108,437.5,242.1,fixation
10:28:1.67157,437.8,244.5,fixation
10:28:1.67207,437.2,246.7,fixation
10:28:1.67257,437.0,246.6,fixation
10:28:1.67306,436.8,243.2,fixation
10:28:1.67356,437.0,240.0,fixation
10:28:1.67405,438.0,239.2,fixation
10:28:1.67455,439.1,241.6,fixation
10:28:1.67505,440.3,244.8,fixation
10:28:1.67554,440.5,244.7,fixation
10:28:1.67604,440.5,244.8,fixation
10:28:1.67654,440.3,244.3,fixation
10:28:1.67703,438.8,243.5,fixation
10:28:1.67753,437.4,242.6,fixation
10:28:1.67803,436.6,242.2,fixation
10:28:1.67852,437.4,244.2,fixation
10:28:1.67902,438.3,246.9,fixation
10:28:1.67952,438.7,249.3,fixation
10:28:1.68001,438.9,247.3,fixation
10:28:1.68051,440.2,244.4,fixation
10:28:1.68101,441.5,241.5,fixation
10:28:1.68150,442.5,241.6,fixation
10:28:1.682,442.1,241.5,fixation
10:28:1.68249,439.8,241.3,fixation
10:28:1.68299,437.7,243.3,fixation
10:28:1.68349,437.4,245.5,fixation
10:28:1.68398,439.0,246.2,fixation
10:28:1.68448,440.5,245.0,fixation
10:28:1.68498,439.8,243.8,fixation
10:28:1.68547,439.1,244.6,fixation
10:28:1.68597,438.5,245.8,fixation
10:28:1.68647,438.6,246.6,fixation
10:28:1.68696,438.5,246.5,fixation
10:28:1.68746,438.2,245.9,fixation
10:28:1.68796,438.1,245.6,fixation
10:28:1.68845,438.1,246.7,fixation
10:28:1.68895,438.4,247.8,fixation
10:28:1.68945,438.9,248.4,fixation
10:28:1.68994,439.7,247.8,fixation
10:28:1.69044,440.5,247.2,fixation
10:28:1.69093,441.1,247.1,fixation
10:28:1.69143,441.4,247.0,fixation
10:28:1.69193,441.4,247.6,fixation
10:28:1.69242,440.9,247.9,fixation
10:28:1.69292,440.5,248.2,fixation
10:28:1.69342,440.6,247.7,fixation
10:28:1.69391,440.3,246.9,fixation
10:28:1.69441,440.1,245.1,fixation
10:28:1.69491,439.4,243.5,fixation
10:28:1.69540,439.4,242.2,fixation
10:28:1.6959,439.5,242.3,fixation
10:28:1.6964,439.5,243.0,fixation
10:28:1.69689,440.7,244.4,fixation
10:28:1.69739,441.8,245.4,fixation
10:28:1.69789,442.9,245.8,fixation
10:28:1.69838,442.6,245.1,fixation
10:28:1.69888,442.1,243.4,fixation
10:28:1.69938,440.7,241.9,fixation
10:28:1.69987,439.5,240.8,fixation
10:28:1.70037,438.6,240.4,fixation
10:28:1.70086,438.8,240.0,fixation
10:28:1.70136,439.0,240.2,fixation
10:28:1.70186,438.9,241.5,fixation
10:28:1.70235,438.8,242.2,fixation
10:28:1.70285,438.6,242.4,fixation
10:28:1.70335,439.5,241.7,fixation
10:28:1.70384,440.5,242.5,fixation
10:28:1.70434,440.9,243.1,fixation
10:28:1.70484,440.4,242.5,fixation
10:28:1.70533,440.3,241.3,fixation
10:28:1.70583,441.0,240.9,fixation
10:28:1.70633,441.8,241.5,fixation
10:28:1.70682,441.2,242.0,fixation
10:28:1.70732,440.3,241.9,fixation
10:28:1.70782,439.4,242.1,fixation
10:28:1.70831,439.4,242.1,fixation
10:28:1.70881,439.1,241.8,fixation
10:28:1.70930,438.7,241.7,fixation
10:28:1.7098,438.4,242.0,fixation
10:28:1.7103,438.4,242.4,fixation
10:28:1.71079,439.4,242.7,fixation
10:28:1.71129,440.4,242.6,fixation
10:28:1.71179,440.2,242.3,fixation
10:28:1.71228,439.1,242.1,fixation
10:28:1.71278,437.5,242.0,fixation
10:28:1.71328,436.9,243.8,fixation
10:28:1.71377,436.7,245.6,fixation
10:28:1.71427,437.0,246.3,fixation
10:28:1.71477,437.6,245.3,fixation
10:28:1.71526,438.0,243.6,fixation
10:28:1.71576,437.7,242.9,fixation
10:28:1.71626,437.3,243.5,fixation
10:28:1.71675,437.1,244.8,fixation
10:28:1.71725,437.7,245.1,fixation
10:28:1.71774,438.1,244.1,fixation
10:28:1.71824,438.3,244.2,fixation
10:28:1.71874,438.4,245.4,fixation
10:28:1.71923,438.5,245.6,fixation
10:28:1.71973,438.2,244.6,fixation
10:28:1.72023,438.0,242.8,fixation
10:28:1.72072,437.7,242.0,fixation
10:28:1.72122,437.8,242.7,fixation
10:28:1.72172,438.6,244.3,fixation
10:28:1.72221,439.4,245.7,fixation
10:28:1.72271,439.4,245.5,fixation
10:28:1.72321,438.6,245.6,fixation
10:28:1.72370,437.8,245.4,fixation
10:28:1.7242,437.7,245.5,fixation
10:28:1.7247,437.5,245.2,fixation
10:28:1.72519,437.3,245.1,fixation
10:28:1.72569,436.9,244.8,fixation
10:28:1.72619,436.4,245.1,fixation
10:28:1.72668,435.9,245.9,fixation
10:28:1.72718,435.8,246.3,fixation
10:28:1.72767,436.1,246.3,fixation
10:28:1.72817,436.5,246.2,fixation
10:28:1.72867,436.9,246.6,fixation
10:28:1.72916,437.0,247.5,fixation
10:28:1.72966,437.0,247.7,fixation
10:28:1.73016,437.6,247.8,fixation
10:28:1.73065,437.9,248.2,fixation
10:28:1.73115,437.8,249.1,fixation
10:28:1.73165,436.2,250.0,fixation
10:28:1.73214,434.9,249.9,fixation
10:28:1.73264,434.5,249.7,fixation
10:28:1.73314,435.5,249.4,fixation
10:28:1.73363,436.6,247.8,fixation
10:28:1.73413,438.0,244.8,fixation
10:28:1.73463,439.1,242.0,fixation
10:28:1.73512,439.9,242.4,fixation
10:28:1.73562,439.4,245.3,fixation
10:28:1.73611,438.3,248.1,fixation
10:28:1.73661,437.4,247.7,fixation
10:28:1.73711,437.2,246.2,fixation
10:28:1.73760,437.5,245.3,fixation
10:28:1.7381,437.7,245.8,fixation
10:28:1.7386,437.6,246.4,fixation
10:28:1.73909,437.1,246.0,fixation
10:28:1.73959,436.6,245.6,fixation
10:28:1.74009,436.0,246.8,fixation
10:28:1.74058,435.8,248.8,fixation
10:28:1.74108,435.8,250.8,fixation
10:28:1.74158,435.7,251.2,fixation
10:28:1.74207,435.6,251.2,fixation
10:28:1.74257,434.4,249.8,fixation
10:28:1.74307,433.2,248.2,fixation
10:28:1.74356,433.3,246.5,fixation
10:28:1.74406,435.1,246.3,fixation
10:28:1.74455,437.8,248.1,fixation
10:28:1.74505,439.4,249.4,fixation
10:28:1.74555,438.8,250.1,fixation
10:28:1.74604,437.4,249.0,fixation
10:28:1.74654,436.4,249.0,fixation
10:28:1.74704,437.1,249.6,fixation
10:28:1.74753,437.3,250.1,fixation
10:28:1.74803,437.2,248.6,fixation
10:28:1.74853,437.5,247.2,fixation
10:28:1.74902,438.2,247.6,fixation
10:28:1.74952,438.9,250.7,fixation
10:28:1.75002,439.1,253.6,fixation
10:28:1.75051,438.8,253.3,fixation
10:28:1.75101,438.3,251.9,fixation
10:28:1.75151,437.4,250.1,fixation
10:28:1.75200,436.6,249.6,fixation
10:28:1.7525,436.1,249.1,fixation
10:28:1.753,435.9,249.9,fixation
10:28:1.75349,436.0,250.5,fixation
10:28:1.75399,436.1,250.9,fixation
10:28:1.75448,436.1,249.5,fixation
10:28:1.75498,436.0,247.5,fixation
10:28:1.75548,435.6,245.6,fixation
10:28:1.75597,434.5,244.7,fixation
10:28:1.75647,433.5,245.4,fixation
10:28:1.75697,433.8,246.7,fixation
10:28:1.75746,434.8,248.0,fixation
10:28:1.75796,435.9,248.4,fixation
10:28:1.75846,436.4,248.3,fixation
10:28:1.75895,436.9,248.8,fixation
10:28:1.75945,437.5,249.4,fixation
10:28:1.75995,437.7,250.0,fixation
10:28:1.76044,437.0,250.9,fixation
10:28:1.76094,436.1,251.8,fixation
10:28:1.76144,435.7,250.2,fixation
10:28:1.76193,436.1,247.7,fixation
10:28:1.76243,435.6,245.7,fixation
10:28:1.76292,434.3,246.6,fixation
10:28:1.76342,432.9,247.9,fixation
10:28:1.76392,432.6,248.6,fixation
10:28:1.76441,433.3,248.4,fixation
10:28:1.76491,434.1,247.0,fixation
10:28:1.76541,434.8,246.3,fixation
10:28:1.76590,434.7,246.2,fixation
10:28:1.7664,434.9,246.7,fixation
10:28:1.7669,435.2,246.7,fixation
10:28:1.76739,435.6,246.5,fixation
10:28:1.76789,435.7,246.2,fixation
10:28:1.76839,436.6,246.0,fixation
10:28:1.76888,437.8,247.0,fixation
10:28:1.76938,439.1,248.2,fixation
10:28:1.76988,438.2,248.8,fixation
10:28:1.77037,436.8,248.4,fixation
10:28:1.77087,436.1,248.4,fixation
10:28:1.77137,436.7,249.1,fixation
10:28:1.77186,437.4,249.5,fixation
10:28:1.77236,439.3,249.7,fixation
10:28:1.77285,441.1,249.6,fixation
10:28:1.77335,442.4,249.2,fixation
10:28:1.77385,441.3,248.4,fixation
10:28:1.77434,439.8,247.4,fixation
10:28:1.77484,438.7,245.0,fixation
10:28:1.77534,438.2,243.1,fixation
10:28:1.77583,438.0,242.7,fixation
10:28:1.77633,438.3,244.0,fixation
10:28:1.77683,438.7,245.5,fixation
10:28:1.77732,438.2,247.4,fixation
10:28:1.77782,437.3,249.1,fixation
10:28:1.77832,436.2,250.4,fixation
10:28:1.77881,436.0,249.1,fixation
10:28:1.77931,436.9,247.9,fixation
10:28:1.77981,438.1,246.9,fixation
10:28:1.78030,438.8,247.4,fixation
10:28:1.7808,437.8,247.9,fixation
10:28:1.78129,437.5,248.5,fixation
10:28:1.78179,437.7,247.3,fixation
10:28:1.78229,438.6,245.4,fixation
10:28:1.78278,438.6,243.5,fixation
10:28:1.78328,438.4,243.4,fixation
10:28:1.78378,437.8,243.9,fixation
10:28:1.78427,436.8,242.6,fixation
10:28:1.78477,436.1,240.8,fixation
10:28:1.78527,436.4,242.6,fixation
10:28:1.78576,437.1,246.3,fixation
10:28:1.78626,437.6,249.2,fixation
10:28:1.78676,437.3,248.7,fixation
10:28:1.78725,437.0,248.2,fixation
10:28:1.78775,436.8,247.3,fixation
10:28:1.78825,436.6,246.1,fixation
10:28:1.78874,436.4,244.1,fixation
10:28:1.78924,438.0,243.6,fixation
10:28:1.78973,439.7,243.1,fixation
10:28:1.79023,441.4,243.3,fixation
10:28:1.79073,441.2,243.2,fixation
10:28:1.79122,440.2,242.2,fixation
10:28:1.79172,437.9,241.2,fixation
10:28:1.79222,435.9,241.6,fixation
10:28:1.79271,438.3,243.2,fixation
10:28:1.79321,441.9,244.8,fixation
10:28:1.79371,444.1,246.3,fixation
10:28:1.79420,442.8,247.7,fixation
10:28:1.7947,441.4,248.9,fixation
10:28:1.7952,441.2,248.5,fixation
10:28:1.79569,441.0,248.5,fixation
10:28:1.79619,440.5,248.7,fixation
10:28:1.79669,439.9,248.3,fixation
10:28:1.79718,439.2,246.7,fixation
10:28:1.79768,438.8,245.2,fixation
10:28:1.79818,438.8,243.9,fixation
10:28:1.79867,438.9,242.9,fixation
10:28:1.79917,439.9,242.0,fixation
10:28:1.79966,440.8,242.0,fixation
10:28:1.80016,442.0,242.9,fixation
10:28:1.80066,442.2,244.6,fixation
10:28:1.80115,441.8,245.9,fixation
10:28:1.80165,440.6,246.8,fixation
10:28:1.80215,439.5,246.9,fixation
10:28:1.80264,438.9,247.8,fixation
10:28:1.80314,438.9,248.4,fixation
10:28:1.80364,438.9,248.8,fixation
10:28:1.80413,438.9,245.7,fixation
10:28:1.80463,439.2,242.9,fixation
10:28:1.80513,439.5,243.3,fixation
10:28:1.80562,440.3,246.3,fixation
10:28:1.80612,440.8,248.8,fixation
10:28:1.80662,441.1,247.9,fixation
10:28:1.80711,440.9,246.2,fixation
10:28:1.80761,440.7,244.6,fixation
10:28:1.80810,439.0,243.4,fixation
10:28:1.8086,437.2,243.5,fixation
10:28:1.8091,436.1,244.2,fixation
10:28:1.80959,437.8,245.1,fixation
10:28:1.81009,439.5,245.2,fixation
10:28:1.81059,440.5,245.3,fixation
10:28:1.81108,440.5,245.7,fixation
10:28:1.81158,440.4,245.9,fixation
10:28:1.81208,440.6,246.1,fixation
10:28:1.81257,440.8,245.6,fixation
10:28:1.81307,440.9,245.3,fixation
10:28:1.81357,440.2,245.6,fixation
10:28:1.81406,439.5,246.1,fixation
10:28:1.81456,438.8,246.6,fixation
10:28:1.81506,439.0,246.9,fixation
10:28:1.81555,439.1,247.2,fixation
10:28:1.81605,438.9,247.9,fixation
10:28:1.81654,438.6,248.4,fixation
10:28:1.81704,438.8,246.3,fixation
10:28:1.81754,439.1,243.8,fixation
10:28:1.81803,438.3,242.8,fixation
10:28:1.81853,437.1,244.4,fixation
10:28:1.81903,435.7,245.9,fixation
10:28:1.81952,435.5,245.1,fixation
10:28:1.82002,435.8,244.3,fixation
10:28:1.82052,435.9,243.4,fixation
10:28:1.82101,436.0,243.4,fixation
10:28:1.82151,436.1,243.3,fixation
10:28:1.82201,436.2,243.0,fixation
10:28:1.82250,436.3,241.9,fixation
10:28:1.823,435.9,241.0,fixation
10:28:1.8235,436.8,240.7,fixation
10:28:1.82399,439.2,242.1,fixation
10:28:1.82449,441.5,243.0,fixation
10:28:1.82499,442.4,243.5,fixation
10:28:1.82548,441.6,243.3,fixation
10:28:1.82598,440.6,243.4,fixation
10:28:1.82647,439.9,243.9,fixation
10:28:1.82697,439.6,244.5,fixation
10:28:1.82747,439.6,245.2,fixation
10:28:1.82796,440.1,245.6,fixation
10:28:1.82846,440.6,245.5,fixation
10:28:1.82896,440.8,243.2,fixation
10:28:1.82945,440.6,241.1,fixation
10:28:1.82995,440.4,238.8,fixation
10:28:1.83045,440.3,238.6,fixation
10:28:1.83094,440.0,240.7,fixation
10:28:1.83144,439.6,243.1,fixation
10:28:1.83194,439.3,245.5,fixation
10:28:1.83243,439.1,245.7,fixation
10:28:1.83293,438.6,246.5,fixation
10:28:1.83343,437.9,247.1,fixation
10:28:1.83392,437.1,246.3,fixation
10:28:1.83442,438.3,244.9,fixation
10:28:1.83491,439.5,243.5,fixation
10:28:1.83541,440.6,243.4,fixation
10:28:1.83591,439.6,242.7,fixation
10:28:1.83640,438.2,242.2,fixation
10:28:1.8369,437.0,242.2,fixation
10:28:1.8374,437.2,242.6,fixation
10:28:1.83789,437.9,242.8,fixation
10:28:1.83839,438.8,243.0,fixation
10:28:1.83889,439.0,241.4,fixation
10:28:1.83938,439.7,239.8,fixation
10:28:1.83988,440.3,238.1,fixation
10:28:1.84038,441.6,238.1,fixation
10:28:1.84087,442.3,238.4,fixation
10:28:1.84137,442.9,238.9,fixation
10:28:1.84187,442.6,238.8,fixation
10:28:1.84236,441.5,238.5,fixation
10:28:1.84286,439.8,238.7,fixation
10:28:1.84335,438.2,240.0,fixation
10:28:1.84385,437.5,241.4,fixation
10:28:1.84435,436.9,241.1,fixation
10:28:1.84484,436.4,240.2,fixation
10:28:1.84534,436.7,240.1,fixation
10:28:1.84584,437.4,241.5,fixation
10:28:1.84633,438.2,242.5,fixation
10:28:1.84683,438.2,242.9,fixation
10:28:1.84733,438.4,242.7,fixation
10:28:1.84782,438.6,242.7,fixation
10:28:1.84832,438.8,242.4,fixation
10:28:1.84882,438.9,242.0,fixation
10:28:1.84931,439.0,241.7,fixation
10:28:1.84981,438.0,242.0,fixation
10:28:1.85031,437.0,242.5,fixation
10:28:1.85080,435.7,243.0,fixation
10:28:1.8513,435.4,241.3,fixation
10:28:1.8518,435.6,239.7,fixation
10:28:1.85229,436.1,238.1,fixation
10:28:1.85279,436.7,239.8,fixation
10:28:1.85328,437.4,240.8,fixation
10:28:1.85378,438.1,241.3,fixation
10:28:1.85428,438.1,240.1,fixation
10:28:1.85477,436.9,240.5,fixation
10:28:1.85527,435.8,241.4,fixation
10:28:1.85577,435.2,242.3,fixation
10:28:1.85626,435.0,243.1,fixation
10:28:1.85676,434.8,244.4,fixation
10:28:1.85726,436.6,246.0,fixation
10:28:1.85775,438.5,246.4,fixation
10:28:1.85825,438.4,245.2,fixation
10:28:1.85875,436.6,244.1,fixation
10:28:1.85924,434.7,243.2,fixation
10:28:1.85974,436.5,243.4,fixation
10:28:1.86024,438.3,243.5,fixation
10:28:1.86073,440.0,241.7,fixation
10:28:1.86123,439.3,239.8,fixation
10:28:1.86172,438.6,238.9,fixation
10:28:1.86222,437.9,239.8,fixation
10:28:1.86272,439.0,240.8,fixation
10:28:1.86321,440.1,241.4,fixation
10:28:1.86371,441.0,241.9,fixation
10:28:1.86421,440.9,242.3,fixation
10:28:1.86470,440.9,242.0,fixation
10:28:1.8652,440.8,241.3,fixation
10:28:1.8657,440.6,241.0,fixation
10:28:1.86619,439.8,240.9,fixation
10:28:1.86669,439.0,241.1,fixation
10:28:1.86719,437.4,240.9,fixation
10:28:1.86768,436.5,241.2,fixation
10:28:1.86818,435.9,241.5,fixation
10:28:1.86868,437.1,241.7,fixation
10:28:1.86917,437.8,241.5,fixation
10:28:1.86967,438.4,241.4,fixation
10:28:1.87016,438.1,242.6,fixation
10:28:1.87066,438.1,243.9,fixation
10:28:1.87116,438.0,245.0,fixation
10:28:1.87165,437.6,244.9,fixation
10:28:1.87215,437.3,244.7,fixation
10:28:1.87265,437.0,243.8,fixation
10:28:1.87314,436.9,243.0,fixation
10:28:1.87364,436.9,242.2,fixation
10:28:1.87414,437.2,242.3,fixation
10:28:1.87463,437.4,241.7,fixation
10:28:1.87513,437.6,241.4,fixation
10:28:1.87563,437.9,241.0,fixation
10:28:1.87612,438.2,241.2,fixation
10:28:1.87662,438.4,240.9,fixation
10:28:1.87712,438.5,240.6,fixation
10:28:1.87761,438.7,240.5,fixation
10:28:1.87811,438.9,240.5,fixation
10:28:1.87861,438.9,240.8,fixation
10:28:1.87910,439.1,241.0,fixation
10:28:1.8796,440.1,238.9,fixation
10:28:1.88009,441.1,236.6,fixation
10:28:1.88059,440.1,236.6,fixation
10:28:1.88109,438.2,238.8,fixation
10:28:1.88158,436.9,241.1,fixation
10:28:1.88208,437.6,238.7,fixation
10:28:1.88258,438.5,236.2,fixation
10:28:1.88307,438.8,236.0,fixation
10:28:1.88357,438.9,238.0,fixation
10:28:1.88407,438.7,239.7,fixation
10:28:1.88456,438.5,238.1,fixation
10:28:1.88506,438.2,236.8,fixation
10:28:1.88556,437.9,235.8,fixation
10:28:1.88605,437.3,235.5,fixation
10:28:1.88655,436.6,235.1,fixation
10:28:1.88705,435.2,235.4,fixation
10:28:1.88754,434.2,236.0,fixation
10:28:1.88804,435.9,236.8,fixation
10:28:1.88853,438.1,239.1,fixation
10:28:1.88903,440.4,241.4,fixation
10:28:1.88953,439.4,242.2,fixation
10:28:1.89002,438.6,240.7,fixation
10:28:1.89052,437.7,239.2,fixation
10:28:1.89102,437.7,239.2,fixation
10:28:1.89151,438.0,238.9,fixation
10:28:1.89201,438.3,238.7,fixation
10:28:1.89251,438.7,238.4,fixation
10:28:1.89300,438.7,237.0,fixation
10:28:1.8935,438.7,235.6,fixation
10:28:1.894,438.5,234.2,fixation
10:28:1.89449,436.9,235.7,fixation
10:28:1.89499,435.4,237.1,fixation
10:28:1.89549,434.7,236.8,fixation
10:28:1.89598,435.4,235.0,fixation
10:28:1.89648,436.9,236.1,fixation
10:28:1.89697,439.0,238.9,fixation
10:28:1.89747,441.1,239.9,fixation
10:28:1.89797,440.0,236.6,fixation
10:28:1.89846,437.5,233.2,fixation
10:28:1.89896,435.0,232.0,fixation
10:28:1.89946,435.4,232.3,fixation
10:28:1.89995,436.2,233.9,fixation
10:28:1.90045,437.1,236.8,fixation
10:28:1.90095,437.5,239.2,fixation
10:28:1.90144,437.3,240.4,fixation
10:28:1.90194,437.1,240.1,fixation
10:28:1.90244,436.8,240.6,fixation
10:28:1.90293,436.7,241.7,fixation
10:28:1.90343,436.9,242.5,fixation
10:28:1.90393,437.1,242.8,fixation
10:28:1.90442,439.1,242.2,fixation
10:28:1.90492,440.9,241.7,fixation
10:28:1.90542,441.2,241.2,fixation
10:28:1.90591,439.7,241.1,fixation
10:28:1.90641,438.0,241.0,fixation
10:28:1.90690,437.7,241.0,fixation
10:28:1.9074,437.2,241.1,fixation
10:28:1.9079,436.9,241.1,fixation
10:28:1.90839,437.0,241.3,fixation
10:28:1.90889,437.2,241.7,fixation
10:28:1.90939,437.8,242.2,fixation
10:28:1.90988,438.0,242.6,fixation
10:28:1.91038,438.1,243.0,fixation
10:28:1.91088,438.3,243.6,fixation
10:28:1.91137,438.9,243.8,fixation
10:28:1.91187,439.3,243.8,fixation
10:28:1.91237,439.0,243.5,fixation
10:28:1.91286,438.8,243.4,fixation
10:28:1.91336,439.1,243.4,fixation
10:28:1.91386,439.7,243.3,fixation
10:28:1.91435,439.9,243.2,fixation
10:28:1.91485,440.0,243.1,fixation
10:28:1.91534,440.2,243.0,fixation
10:28:1.91584,440.5,243.1,fixation
10:28:1.91634,440.8,243.1,fixation
10:28:1.91683,440.4,243.2,fixation
10:28:1.91733,439.9,243.3,fixation
10:28:1.91783,439.4,243.2,fixation
10:28:1.91832,439.6,241.7,fixation
10:28:1.91882,440.1,240.1,fixation
10:28:1.91932,440.6,238.6,fixation
10:28:1.91981,441.0,238.4,fixation
10:28:1.92031,441.1,238.3,fixation
10:28:1.92081,441.1,239.2,fixation
10:28:1.92130,440.9,241.2,fixation
10:28:1.9218,440.4,243.2,fixation
10:28:1.9223,440.0,243.0,fixation
10:28:1.92279,439.4,241.2,fixation
10:28:1.92329,439.0,239.2,fixation
10:28:1.92379,438.2,238.3,fixation
10:28:1.92428,437.6,237.9,fixation
10:28:1.92478,437.1,237.8,fixation
10:28:1.92527,437.2,238.0,fixation
10:28:1.92577,437.6,238.7,fixation
10:28:1.92627,438.1,240.7,fixation
10:28:1.92676,438.5,242.5,fixation
10:28:1.92726,438.7,243.9,fixation
10:28:1.92776,438.7,243.9,fixation
10:28:1.92825,438.4,243.9,fixation
10:28:1.92875,438.3,243.9,fixation
10:28:1.92925,438.6,243.4,fixation
10:28:1.92974,437.2,242.1,fixation
10:28:1.93024,435.7,240.0,fixation
10:28:1.93074,434.1,238.5,fixation
10:28:1.93123,435.1,238.5,fixation
10:28:1.93173,437.2,239.2,fixation
10:28:1.93223,439.2,240.0,fixation
10:28:1.93272,438.9,240.9,fixation
10:28:1.93322,437.5,241.8,fixation
10:28:1.93371,436.2,242.6,fixation
10:28:1.93421,436.6,242.5,fixation
10:28:1.93471,437.9,243.1,fixation
10:28:1.93520,439.1,243.8,fixation
10:28:1.9357,439.9,243.8,fixation
10:28:1.9362,439.8,243.2,fixation
10:28:1.93669,440.0,241.3,fixation
10:28:1.93719,440.2,240.0,fixation
10:28:1.93769,439.8,238.5,fixation
10:28:1.93818,439.2,238.4,fixation
10:28:1.93868,439.5,239.4,fixation
10:28:1.93918,440.3,240.5,fixation
10:28:1.93967,441.1,242.1,fixation
10:28:1.94017,441.1,242.6,fixation
10:28:1.94067,441.1,242.2,fixation
10:28:1.94116,439.8,241.2,fixation
10:28:1.94166,438.6,240.2,fixation
10:28:1.94215,437.7,240.1,fixation
10:28:1.94265,438.4,240.0,fixation
10:28:1.94315,438.8,238.6,fixation
10:28:1.94364,438.6,237.3,fixation
10:28:1.94414,438.1,237.1,fixation
10:28:1.94464,437.3,238.1,fixation
10:28:1.94513,437.0,239.1,fixation
10:28:1.94563,436.7,238.7,fixation
10:28:1.94613,434.9,238.2,fixation
10:28:1.94662,433.2,237.7,fixation
10:28:1.94712,434.0,237.8,fixation
10:28:1.94762,436.6,238.0,fixation
10:28:1.94811,438.5,238.5,fixation
10:28:1.94861,437.8,238.5,fixation
10:28:1.94911,437.1,238.5,fixation
10:28:1.94960,438.1,238.2,fixation
10:28:1.9501,440.4,238.2,fixation
10:28:1.9506,442.7,238.1,fixation
10:28:1.95109,442.4,238.1,fixation
10:28:1.95159,440.2,238.1,fixation
10:28:1.95208,437.5,238.0,fixation
10:28:1.95258,436.6,237.9,fixation
10:28:1.95308,436.1,238.1,fixation
10:28:1.95357,436.0,238.6,fixation
10:28:1.95407,437.7,239.2,fixation
10:28:1.95457,439.5,239.3,fixation
10:28:1.95506,440.6,239.1,fixation
10:28:1.95556,438.9,240.0,fixation
10:28:1.95606,437.2,241.0,fixation
10:28:1.95655,436.2,241.9,fixation
10:28:1.95705,436.2,242.1,fixation
10:28:1.95755,436.2,242.9,fixation
10:28:1.95804,436.3,243.9,fixation
10:28:1.95854,437.0,244.1,fixation
10:28:1.95904,438.5,243.9,fixation
10:28:1.95953,439.7,243.5,fixation
10:28:1.96003,440.1,243.0,fixation
10:28:1.96052,438.3,241.0,fixation
10:28:1.96102,435.8,239.1,fixation
10:28:1.96152,433.4,237.5,fixation
10:28:1.96201,433.7,237.5,fixation
10:28:1.96251,434.9,237.7,fixation
10:28:1.96301,436.2,238.1,fixation
10:28:1.96350,436.8,238.5,fixation
10:28:1.964,437.0,238.7,fixation
10:28:1.9645,437.2,238.7,fixation
10:28:1.96499,436.8,237.9,fixation
10:28:1.96549,436.9,237.1,fixation
10:28:1.96599,436.5,236.7,fixation
10:28:1.96648,436.1,237.5,fixation
10:28:1.96698,435.0,239.3,fixation
10:28:1.96748,434.2,240.4,fixation
10:28:1.96797,433.5,240.6,fixation
10:28:1.96847,433.6,239.8,fixation
10:28:1.96896,433.8,239.6,fixation
10:28:1.96946,433.7,239.9,fixation
10:28:1.96996,433.6,240.1,fixation
10:28:1.97045,433.6,239.4,fixation
10:28:1.97095,434.0,238.5,fixation
10:28:1.97145,434.8,237.6,fixation
10:28:1.97194,435.7,236.8,fixation
10:28:1.97244,436.5,236.2,fixation
10:28:1.97294,436.4,236.6,fixation
10:28:1.97343,435.9,237.7,fixation
10:28:1.97393,435.6,239.0,fixation
10:28:1.97443,435.8,239.6,fixation
10:28:1.97492,435.9,240.3,fixation
10:28:1.97542,437.1,240.9,fixation
10:28:1.97592,438.2,241.1,fixation
10:28:1.97641,440.0,242.1,fixation
10:28:1.97691,440.5,242.7,fixation
10:28:1.97741,440.9,243.1,fixation
10:28:1.97790,440.5,240.9,fixation
10:28:1.9784,440.0,239.2,fixation
10:28:1.97889,438.3,237.9,fixation
10:28:1.97939,436.9,238.4,fixation
10:28:1.97989,435.7,238.6,fixation
10:28:1.98038,435.5,240.1,fixation
10:28:1.98088,435.3,241.6,fixation
10:28:1.98138,435.8,242.8,fixation
10:28:1.98187,437.7,242.5,fixation
10:28:1.98237,439.6,242.2,fixation
10:28:1.98287,440.3,242.1,fixation
10:28:1.98336,439.8,241.7,fixation
10:28:1.98386,440.0,240.6,fixation
10:28:1.98436,440.7,239.6,fixation
10:28:1.98485,441.4,238.9,fixation
10:28:1.98535,441.5,239.2,fixation
10:28:1.98585,440.4,238.9,fixation
10:28:1.98634,439.4,238.6,fixation
10:28:1.98684,438.8,238.2,fixation
10:28:1.98733,439.1,238.4,fixation
10:28:1.98783,438.5,238.5,fixation
10:28:1.98833,437.7,238.3,fixation
10:28:1.98882,436.8,238.2,fixation
10:28:1.98932,437.8,238.2,fixation
10:28:1.98982,438.8,238.4,fixation
10:28:1.99031,439.3,239.2,fixation
10:28:1.99081,438.8,240.0,fixation
10:28:1.99131,438.5,240.7,fixation
10:28:1.99180,438.8,241.0,fixation
10:28:1.9923,438.9,240.5,fixation
10:28:1.9928,438.9,239.7,fixation
10:28:1.99329,437.2,239.8,fixation
10:28:1.99379,435.6,240.7,fixation
10:28:1.99429,434.1,240.4,fixation
10:28:1.99478,434.3,239.0,fixation
10:28:1.99528,434.5,237.4,fixation
10:28:1.99577,434.7,237.5,fixation
10:28:1.99627,434.7,238.3,fixation
10:28:1.99677,434.8,239.3,fixation
10:28:1.99726,434.7,239.9,fixation
10:28:1.99776,434.6,238.1,fixation
10:28:1.99826,435.6,236.3,fixation
10:28:1.99875,436.7,236.1,fixation
10:28:1.99925,437.7,237.9,fixation
10:28:1.99975,437.6,240.1,fixation
10:28:2.00025,437.3,240.7,fixation
10:28:2.00075,437.1,240.7,fixation
10:28:2.00125,437.0,240.2,fixation
10:28:2.00175,437.4,239.9,fixation
10:28:2.00225,437.9,240.0,fixation
10:28:2.00275,438.4,240.2,fixation
10:28:2.00325,438.3,240.3,fixation
10:28:2.00375,438.1,240.4,fixation
10:28:2.00425,437.9,240.3,fixation
10:28:2.00475,437.9,240.5,fixation
10:28:2.00525,437.6,240.6,fixation
10:28:2.00575,437.3,240.8,fixation
10:28:2.00625,436.6,240.8,fixation
10:28:2.00675,436.2,239.2,fixation
10:28:2.00725,436.4,237.6,fixation
10:28:2.00775,437.0,235.9,fixation
10:28:2.00825,437.4,235.7,fixation
10:28:2.00875,437.1,235.4,fixation
10:28:2.00925,436.9,235.2,fixation
10:28:2.00975,437.1,236.0,fixation
10:28:2.01025,437.2,237.5,fixation
10:28:2.01075,437.1,239.5,fixation
10:28:2.01125,436.3,240.6,fixation
10:28:2.01175,435.6,241.1,fixation
10:28:2.01225,437.3,239.9,fixation
10:28:2.01275,439.3,238.7,fixation
10:28:2.01325,439.6,237.4,fixation
10:28:2.01375,437.9,237.3,fixation
10:28:2.01425,437.3,237.6,fixation
10:28:2.01475,438.4,238.1,fixation
10:28:2.01525,439.5,238.7,fixation
10:28:2.01575,439.5,239.1,fixation
10:28:2.01625,439.5,239.3,fixation
10:28:2.01675,439.3,240.2,fixation
10:28:2.01725,438.9,240.8,fixation
10:28:2.01775,437.8,241.0,fixation
10:28:2.01825,437.0,240.0,fixation
10:28:2.01875,437.1,239.2,fixation
10:28:2.01925,436.9,238.8,fixation
10:28:2.01975,436.6,237.6,fixation
10:28:2.02025,435.5,236.2,fixation
10:28:2.02075,435.3,234.4,fixation
10:28:2.02125,435.2,233.8,fixation
10:28:2.02175,435.6,233.2,fixation
10:28:2.02225,436.1,233.3,fixation
10:28:2.02275,436.6,233.6,fixation
10:28:2.02325,437.8,236.4,fixation
10:28:2.02375,439.0,238.8,fixation
10:28:2.02425,438.5,240.7,fixation
10:28:2.02475,436.9,239.9,fixation
10:28:2.02525,435.1,239.5,fixation
10:28:2.02575,435.0,239.4,fixation
10:28:2.02625,435.2,240.0,fixation
10:28:2.02675,435.9,240.7,fixation
10:28:2.02725,436.7,240.6,fixation
10:28:2.02775,437.1,239.7,fixation
10:28:2.02825,437.1,238.9,fixation
10:28:2.02875,435.0,238.8,fixation
10:28:2.02925,433.0,238.5,fixation
10:28:2.02975,430.9,237.9,fixation
10:28:2.03025,433.1,237.2,fixation
10:28:2.03075,435.3,237.7,fixation
10:28:2.03125,437.8,238.3,fixation
10:28:2.03175,438.0,238.9,fixation
10:28:2.03225,437.5,238.0,fixation
10:28:2.03275,436.4,237.3,fixation
10:28:2.03325,434.9,237.3,fixation
10:28:2.03375,434.3,237.9,fixation
10:28:2.03425,434.1,238.2,fixation
10:28:2.03475,434.2,237.8,fixation
10:28:2.03525,434.4,237.3,fixation
10:28:2.03575,434.9,237.2,fixation
10:28:2.03625,435.3,237.2,fixation
10:28:2.03675,435.0,237.3,fixation
10:28:2.03725,434.4,236.9,fixation
10:28:2.03775,433.7,236.5,fixation
10:28:2.03825,433.7,235.8,fixation
10:28:2.03875,433.7,235.5,fixation
10:28:2.03925,433.9,235.2,fixation
10:28:2.03975,434.5,235.4,fixation
10:28:2.04025,436.1,236.2,fixation
10:28:2.04075,437.0,237.0,fixation
10:28:2.04125,437.7,237.7,fixation
10:28:2.04175,437.3,238.0,fixation
10:28:2.04225,437.2,238.3,fixation
10:28:2.04275,437.1,238.3,fixation
10:28:2.04325,435.3,238.1,fixation
10:28:2.04375,433.7,238.3,fixation
10:28:2.04425,431.2,238.6,fixation
10:28:2.04475,430.3,239.0,fixation
10:28:2.04525,430.9,239.0,fixation
10:28:2.04575,432.5,238.6,fixation
10:28:2.04625,434.7,237.8,fixation
10:28:2.04675,435.7,237.0,fixation
10:28:2.04725,436.7,236.6,fixation
10:28:2.04775,436.0,236.5,fixation
10:28:2.04825,434.8,236.1,fixation
10:28:2.04875,433.7,235.8,fixation
10:28:2.04925,435.3,237.5,fixation
10:28:2.04975,436.8,239.5,fixation
10:28:2.05025,438.9,241.2,fixation
10:28:2.05075,439.4,240.5,fixation
10:28:2.05125,438.5,240.5,fixation
10:28:2.05175,437.2,240.7,fixation
10:28:2.05225,435.9,241.1,fixation
10:28:2.05275,436.0,240.8,fixation
10:28:2.05325,436.1,239.8,fixation
10:28:2.05375,436.3,238.9,fixation
10:28:2.05425,434.8,237.8,fixation
10:28:2.05475,433.2,236.9,fixation
10:28:2.05525,431.8,235.6,fixation
10:28:2.05575,434.3,234.8,fixation
10:28:2.05625,436.7,235.0,fixation
10:28:2.05675,438.6,235.6,fixation
10:28:2.05725,438.2,236.3,fixation
10:28:2.05775,437.8,236.5,fixation
10:28:2.05825,437.0,236.3,fixation
10:28:2.05875,436.2,235.9,fixation
10:28:2.05925,434.9,235.8,fixation
10:28:2.05975,433.8,236.1,fixation
10:28:2.06025,432.8,237.4,fixation
10:28:2.06075,433.4,238.5,fixation
10:28:2.06125,435.3,239.6,fixation
10:28:2.06175,437.1,239.8,fixation
10:28:2.06225,437.2,239.0,fixation
10:28:2.06275,436.3,237.4,fixation
10:28:2.06325,435.4,235.8,fixation
10:28:2.06375,435.5,234.8,fixation
10:28:2.06425,435.9,234.4,fixation
10:28:2.06475,435.9,234.1,fixation
10:28:2.06525,435.5,234.1,fixation
10:28:2.06575,436.4,234.7,fixation
10:28:2.06625,437.7,235.7,fixation
10:28:2.06675,437.7,236.5,fixation
10:28:2.06725,436.3,236.4,fixation
10:28:2.06775,435.0,235.9,fixation
10:28:2.06825,434.2,235.9,fixation
10:28:2.06875,433.5,236.4,fixation
10:28:2.06925,433.0,235.9,fixation
10:28:2.06975,433.2,235.0,fixation
10:28:2.07025,433.2,234.0,fixation
10:28:2.07075,433.1,233.8,fixation
10:28:2.07125,434.0,236.6,fixation
10:28:2.07175,435.1,239.6,fixation
10:28:2.07225,434.4,242.5,fixation
10:28:2.07275,432.6,239.9,fixation
10:28:2.07325,432.1,237.4,fixation
10:28:2.07375,433.3,234.8,fixation
10:28:2.07425,434.6,234.8,fixation
10:28:2.07475,434.9,234.8,fixation
10:28:2.07525,435.6,234.7,fixation
10:28:2.07575,436.3,234.8,fixation
10:28:2.07625,436.6,235.0,fixation
10:28:2.07675,436.6,235.2,fixation
10:28:2.07725,435.0,235.1,fixation
10:28:2.07775,433.4,235.0,fixation
10:28:2.07825,431.9,235.2,fixation
10:28:2.07875,432.0,235.7,fixation
10:28:2.07925,432.1,236.3,fixation
10:28:2.07975,430.8,235.4,fixation
10:28:2.08025,429.4,234.1,fixation
10:28:2.08075,428.1,232.7,fixation
10:28:2.08125,429.1,234.7,fixation
10:28:2.08175,430.0,236.8,fixation
10:28:2.08225,430.8,236.3,fixation
10:28:2.08275,430.7,233.7,fixation
10:28:2.08325,430.5,231.2,fixation
10:28:2.08375,430.2,231.4,fixation
10:28:2.08425,430.0,231.6,fixation
10:28:2.08475,430.3,231.4,fixation
10:28:2.08525,431.2,231.4,fixation
10:28:2.08575,431.9,231.2,fixation
10:28:2.08625,432.3,231.1,fixation
10:28:2.08675,432.6,230.9,fixation
10:28:2.08725,433.0,230.8,fixation
10:28:2.08775,432.7,230.5,fixation
10:28:2.08825,432.0,230.3,fixation
10:28:2.08875,431.4,231.3,fixation
10:28:2.08925,432.8,232.6,fixation
10:28:2.08975,434.2,233.8,fixation
10:28:2.09025,434.8,233.9,fixation
10:28:2.09075,434.2,233.9,fixation
10:28:2.09125,432.5,232.7,fixation
10:28:2.09175,431.5,231.7,fixation
10:28:2.09225,431.4,230.8,fixation
10:28:2.09275,432.2,230.9,saccade
10:28:2.09325,431.4,230.8,saccade
10:28:2.09375,430.7,232.0,saccade
10:28:2.09425,430.7,233.3,saccade
10:28:2.09475,430.7,234.7,saccade
10:28:2.09525,430.7,235.0,saccade
10:28:2.09575,430.7,235.7,saccade
10:28:2.09625,431.8,236.9,saccade
10:28:2.09675,435.0,238.6,saccade
10:28:2.09725,438.1,238.8,saccade
10:28:2.09775,440.0,237.5,saccade
10:28:2.09825,439.8,235.6,saccade
10:28:2.09875,440.3,234.9,saccade
10:28:2.09925,441.7,235.1,saccade
10:28:2.09975,444.5,235.3,saccade
10:28:2.10025,446.9,234.5,saccade
10:28:2.10075,448.9,233.8,saccade
10:28:2.10125,453.1,233.4,saccade
10:28:2.10175,456.9,235.0,saccade
10:28:2.10225,460.6,236.7,saccade
10:28:2.10275,461.0,238.1,saccade
10:28:2.10325,465.5,238.6,saccade
10:28:2.10375,471.7,238.9,saccade
10:28:2.10425,478.4,237.4,saccade
10:28:2.10475,481.0,235.3,saccade
10:28:2.10525,485.5,233.3,saccade
10:28:2.10575,490.3,233.2,saccade
10:28:2.10625,495.2,233.6,saccade
10:28:2.10675,499.4,234.2,saccade
10:28:2.10725,503.1,234.9,saccade
10:28:2.10775,508.2,236.6,saccade
10:28:2.10825,510.2,237.9,saccade
10:28:2.10875,513.7,236.6,saccade
10:28:2.10925,515.7,234.1,saccade
10:28:2.10975,517.9,231.6,saccade
10:28:2.11025,518.3,231.6,saccade
10:28:2.11075,519.2,232.1,saccade
10:28:2.11125,520.5,232.6,saccade
10:28:2.11175,522.7,232.6,saccade
10:28:2.11225,524.3,232.0,saccade
10:28:2.11275,525.4,231.8,saccade
10:28:2.11325,524.9,232.2,saccade
10:28:2.11375,524.4,233.7,saccade
10:28:2.11425,523.3,234.8,saccade
10:28:2.11475,522.7,236.5,saccade
10:28:2.11525,522.1,234.8,fixation
10:28:2.11575,519.6,231.8,fixation
10:28:2.11625,517.2,228.7,fixation
10:28:2.11675,515.6,228.7,fixation
10:28:2.11725,516.4,228.7,fixation
10:28:2.11775,517.1,228.5,fixation
10:28:2.11825,515.3,228.1,fixation
10:28:2.11875,513.5,227.7,fixation
10:28:2.11925,512.0,227.4,fixation
10:28:2.11975,511.9,227.3,fixation
10:28:2.12025,511.5,227.4,fixation
10:28:2.12075,510.9,227.6,fixation
10:28:2.12125,510.6,226.7,fixation
10:28:2.12175,510.4,225.7,fixation
10:28:2.12225,510.5,225.1,fixation
10:28:2.12275,510.9,225.8,fixation
10:28:2.12325,511.8,226.5,fixation
10:28:2.12375,513.1,228.3,fixation
10:28:2.12425,514.2,229.9,fixation
10:28:2.12475,514.7,231.6,fixation
10:28:2.12525,513.9,231.7,fixation
10:28:2.12575,513.1,231.3,fixation
10:28:2.12625,512.0,230.9,fixation
10:28:2.12675,511.7,230.5,fixation
10:28:2.12725,511.4,229.4,fixation
10:28:2.12775,511.4,228.4,fixation
10:28:2.12825,511.4,227.4,fixation
10:28:2.12875,511.8,227.7,fixation
10:28:2.12925,512.1,229.6,fixation
10:28:2.12975,512.4,231.8,fixation
10:28:2.13025,512.3,233.6,fixation
10:28:2.13075,513.0,233.9,fixation
10:28:2.13125,513.7,233.9,fixation
10:28:2.13175,513.5,234.0,fixation
10:28:2.13225,512.0,234.1,fixation
10:28:2.13275,510.7,234.0,fixation
10:28:2.13325,510.3,233.8,fixation
10:28:2.13375,510.3,233.6,fixation
10:28:2.13425,510.0,233.5,fixation
10:28:2.13475,510.6,233.9,fixation
10:28:2.13525,510.9,234.8,fixation
10:28:2.13575,510.9,235.9,fixation
10:28:2.13625,509.6,236.4,fixation
10:28:2.13675,508.8,236.1,fixation
10:28:2.13725,508.5,233.7,fixation
10:28:2.13775,509.0,231.4,fixation
10:28:2.13825,509.9,229.7,fixation
10:28:2.13875,511.2,229.8,fixation
10:28:2.13925,511.8,230.2,fixation
10:28:2.13975,512.1,230.7,fixation
10:28:2.14025,511.9,231.2,fixation
10:28:2.14075,511.9,231.5,fixation
10:28:2.14125,512.1,231.7,fixation
10:28:2.14175,512.5,230.6,fixation
10:28:2.14225,512.9,229.4,fixation
10:28:2.14275,512.9,227.9,fixation
10:28:2.14325,512.8,227.7,fixation
10:28:2.14375,512.2,227.5,fixation
10:28:2.14425,511.9,228.4,fixation
10:28:2.14475,511.5,229.2,fixation
10:28:2.14525,511.5,228.6,fixation
10:28:2.14575,513.0,227.2,fixation
10:28:2.14625,514.4,226.7,fixation
10:28:2.14675,515.3,227.7,fixation
10:28:2.14725,514.6,228.7,fixation
10:28:2.14775,513.9,229.5,fixation
10:28:2.14825,513.9,230.3,fixation
10:28:2.14875,511.4,230.8,fixation
10:28:2.14925,509.0,230.6,fixation
10:28:2.14975,507.1,230.5,fixation
10:28:2.15025,507.8,231.0,fixation
10:28:2.15075,510.0,231.6,fixation
10:28:2.15125,511.5,231.8,fixation
10:28:2.15175,512.8,231.3,fixation
10:28:2.15225,512.3,230.6,fixation
10:28:2.15275,510.1,230.2,fixation
10:28:2.15325,508.2,229.6,fixation
10:28:2.15375,507.0,229.1,fixation
10:28:2.15425,507.6,228.1,fixation
10:28:2.15475,508.3,227.5,fixation
10:28:2.15525,509.4,226.9,fixation
10:28:2.15575,510.4,228.0,fixation
10:28:2.15625,511.4,229.4,fixation
10:28:2.15675,510.6,230.7,fixation
10:28:2.15725,509.6,230.5,fixation
10:28:2.15775,508.7,230.1,fixation
10:28:2.15825,508.6,230.7,fixation
10:28:2.15875,508.9,232.5,fixation
10:28:2.15925,509.2,234.3,fixation
10:28:2.15975,509.5,235.3,fixation
10:28:2.16025,511.2,235.6,fixation
10:28:2.16075,512.9,234.5,fixation
10:28:2.16125,513.9,233.2,fixation
10:28:2.16175,513.2,231.8,fixation
10:28:2.16225,512.4,230.7,fixation
10:28:2.16275,510.8,229.3,fixation
10:28:2.16325,509.3,227.9,fixation
10:28:2.16375,508.5,230.7,fixation
10:28:2.16425,509.2,233.8,fixation
10:28:2.16475,509.7,234.2,fixation
10:28:2.16525,509.4,231.5,fixation
10:28:2.16575,508.8,228.8,fixation
10:28:2.16625,508.1,228.5,fixation
10:28:2.16675,507.7,228.2,fixation
10:28:2.16725,507.6,229.1,fixation
10:28:2.16775,508.3,230.2,fixation
10:28:2.16825,509.2,231.3,fixation
10:28:2.16875,509.9,231.1,fixation
10:28:2.16925,510.2,230.9,fixation
10:28:2.16975,510.4,230.7,fixation
10:28:2.17025,510.8,231.0,fixation
10:28:2.17075,511.8,231.9,fixation
10:28:2.17125,512.5,232.8,fixation
10:28:2.17175,512.8,232.0,fixation
10:28:2.17225,512.4,230.7,fixation
10:28:2.17275,511.9,230.5,fixation
10:28:2.17325,511.6,231.6,fixation
10:28:2.17375,511.2,231.3,fixation
10:28:2.17425,510.6,229.9,fixation
10:28:2.17475,510.1,228.5,fixation
10:28:2.17525,509.9,228.7,fixation
10:28:2.17575,510.2,229.0,fixation
10:28:2.17625,510.4,229.4,fixation
10:28:2.17675,510.7,229.5,fixation
10:28:2.17725,511.1,230.4,fixation
10:28:2.17775,511.4,231.4,fixation
10:28:2.17825,509.5,232.4,fixation
10:28:2.17875,507.1,232.6,fixation
10:28:2.17925,504.8,232.9,fixation
10:28:2.17975,504.8,231.4,fixation
10:28:2.18025,506.4,229.8,fixation
10:28:2.18075,508.3,229.5,fixation
10:28:2.18125,510.8,230.9,fixation
10:28:2.18175,511.7,231.9,fixation
10:28:2.18225,511.3,231.7,fixation
10:28:2.18275,510.3,231.6,fixation
10:28:2.18325,509.3,231.6,fixation
10:28:2.18375,509.0,231.3,fixation
10:28:2.18425,508.7,230.7,fixation
10:28:2.18475,508.9,230.2,fixation
10:28:2.18525,509.5,230.1,fixation
10:28:2.18575,511.0,230.6,fixation
10:28:2.18625,511.9,231.1,fixation
10:28:2.18675,512.5,231.4,fixation
10:28:2.18725,511.8,230.9,fixation
10:28:2.18775,510.5,230.5,fixation
10:28:2.18825,509.4,230.1,fixation
10:28:2.18875,510.9,230.2,fixation
10:28:2.18925,512.9,230.2,fixation
10:28:2.18975,513.0,229.9,fixation
10:28:2.19025,511.0,229.3,fixation
10:28:2.19075,509.0,228.9,fixation
10:28:2.19125,509.0,228.9,fixation
10:28:2.19175,508.9,229.7,fixation
10:28:2.19225,508.5,230.4,fixation
10:28:2.19275,508.2,231.0,fixation
10:28:2.19325,507.8,230.9,fixation
10:28:2.19375,507.7,230.9,fixation
10:28:2.19425,507.6,230.9,fixation
10:28:2.19475,507.2,231.0,fixation
10:28:2.19525,506.7,231.0,fixation
10:28:2.19575,507.2,230.3,fixation
10:28:2.19625,508.2,229.5,fixation
10:28:2.19675,509.2,230.2,fixation
10:28:2.19725,509.1,231.7,fixation
10:28:2.19775,509.0,233.1,fixation
10:28:2.19825,508.7,232.8,fixation
10:28:2.19875,508.5,232.4,fixation
10:28:2.19925,508.3,231.9,fixation
10:28:2.19975,510.1,232.0,fixation
10:28:2.20025,512.1,232.2,fixation
10:28:2.20075,513.1,231.5,fixation
10:28:2.20125,511.4,230.5,fixation
10:28:2.20175,509.8,229.6,fixation
10:28:2.20225,509.6,229.5,fixation
10:28:2.20275,510.2,229.5,fixation
10:28:2.20325,511.1,229.4,fixation
10:28:2.20375,511.6,229.2,fixation
10:28:2.20425,512.1,229.2,fixation
10:28:2.20475,512.3,229.0,fixation
10:28:2.20525,512.2,228.7,fixation
10:28:2.20575,510.9,228.3,fixation
10:28:2.20625,509.7,227.7,fixation
10:28:2.20675,508.4,227.4,fixation
10:28:2.20725,509.2,227.4,fixation
10:28:2.20775,510.0,227.9,fixation
10:28:2.20825,510.8,229.3,fixation
10:28:2.20875,511.0,230.4,fixation
10:28:2.20925,511.1,231.4,fixation
10:28:2.20975,511.3,231.4,fixation
10:28:2.21025,511.4,231.2,fixation
10:28:2.21075,510.7,230.9,fixation
10:28:2.21125,509.6,229.1,fixation
10:28:2.21175,508.5,227.4,fixation
10:28:2.21225,508.1,227.6,fixation
10:28:2.21275,508.1,229.3,fixation
10:28:2.21325,510.0,230.1,fixation
10:28:2.21375,511.8,229.1,fixation
10:28:2.21425,513.6,228.0,fixation
10:28:2.21475,513.6,227.9,fixation
10:28:2.21525,513.6,229.9,fixation
10:28:2.21575,513.6,232.0,fixation
10:28:2.21625,513.6,233.4,fixation
10:28:2.21675,513.1,232.5,fixation
10:28:2.21725,512.4,230.6,fixation
10:28:2.21775,511.4,229.4,fixation
10:28:2.21825,511.2,228.4,fixation
10:28:2.21875,511.6,230.4,fixation
10:28:2.21925,512.3,233.7,fixation
10:28:2.21975,512.9,236.9,fixation
10:28:2.22025,513.1,236.4,fixation
10:28:2.22075,513.3,234.1,fixation
10:28:2.22125,512.2,231.6,fixation
10:28:2.22175,511.1,231.1,fixation
10:28:2.22225,510.3,232.2,fixation
10:28:2.22275,510.6,233.4,fixation
10:28:2.22325,510.8,234.6,fixation
10:28:2.22375,510.6,232.5,fixation
10:28:2.22425,510.5,230.3,fixation
10:28:2.22475,510.4,230.5,fixation
10:28:2.22525,510.7,233.0,fixation
10:28:2.22575,510.8,234.7,fixation
10:28:2.22625,510.5,234.3,fixation
10:28:2.22675,510.0,233.8,fixation
10:28:2.22725,509.4,234.2,fixation
10:28:2.22775,509.2,234.3,fixation
10:28:2.22825,508.5,234.5,fixation
10:28:2.22875,507.9,234.5,fixation
10:28:2.22925,508.2,234.6,fixation
10:28:2.22975,509.1,235.4,fixation
10:28:2.23025,509.9,236.2,fixation
10:28:2.23075,509.8,235.3,fixation
10:28:2.23125,509.5,233.7,fixation
10:28:2.23175,509.1,232.0,fixation
10:28:2.23225,508.2,230.4,fixation
10:28:2.23275,507.5,228.9,fixation
10:28:2.23325,507.5,229.7,fixation
10:28:2.23375,508.6,232.6,fixation
10:28:2.23425,509.7,235.6,fixation
10:28:2.23475,509.2,233.6,fixation
10:28:2.23525,508.5,230.9,fixation
10:28:2.23575,507.8,228.2,fixation
10:28:2.23625,507.8,228.2,fixation
10:28:2.23675,507.7,229.6,fixation
10:28:2.23725,507.6,231.0,fixation
10:28:2.23775,507.6,232.1,fixation
10:28:2.23825,507.9,231.7,fixation
10:28:2.23875,508.5,231.4,fixation
10:28:2.23925,509.0,231.4,fixation
10:28:2.23975,508.6,231.3,fixation
10:28:2.24025,508.0,231.5,fixation
10:28:2.24075,510.3,232.1,fixation
10:28:2.24125,513.3,233.4,fixation
10:28:2.24175,514.6,234.5,fixation
10:28:2.24225,513.0,234.8,fixation
10:28:2.24275,511.7,234.1,fixation
10:28:2.24325,512.3,233.8,fixation
10:28:2.24375,512.9,233.9,fixation
10:28:2.24425,513.1,234.3,fixation
10:28:2.24475,512.9,234.2,fixation
10:28:2.24525,512.5,232.6,fixation
10:28:2.24575,512.2,231.0,fixation
10:28:2.24625,512.5,229.4,fixation
10:28:2.24675,513.1,229.9,fixation
10:28:2.24725,513.7,230.4,fixation
10:28:2.24775,513.7,230.6,fixation
10:28:2.24825,513.4,230.3,fixation
10:28:2.24875,513.1,230.7,fixation
10:28:2.24925,512.8,231.5,fixation
10:28:2.24975,512.8,232.3,fixation
10:28:2.25025,511.8,232.4,fixation
10:28:2.25075,510.7,232.9,fixation
10:28:2.25125,509.6,233.2,fixation
10:28:2.25175,512.0,232.7,fixation
10:28:2.25225,514.3,231.9,fixation
10:28:2.25275,516.8,232.7,fixation
10:28:2.25325,516.9,234.4,fixation
10:28:2.25375,515.3,233.6,fixation
10:28:2.25425,513.6,231.7,fixation
10:28:2.25475,511.9,229.7,fixation
10:28:2.25525,510.9,229.5,fixation
10:28:2.25575,509.3,228.9,fixation
10:28:2.25625,507.7,229.0,fixation
10:28:2.25675,507.9,229.9,fixation
10:28:2.25725,508.8,230.7,fixation
10:28:2.25775,510.1,230.8,fixation
10:28:2.25825,510.8,230.8,fixation
10:28:2.25875,511.5,230.2,fixation
10:28:2.25925,512.1,229.6,fixation
10:28:2.25975,512.3,229.0,fixation
10:28:2.26025,512.7,229.4,fixation
10:28:2.26075,512.9,229.8,fixation
10:28:2.26125,513.0,230.2,fixation
10:28:2.26175,513.0,230.4,fixation
10:28:2.26225,512.9,230.6,fixation
10:28:2.26275,512.8,230.7,fixation
10:28:2.26325,512.5,230.4,fixation
10:28:2.26375,511.9,230.3,fixation
10:28:2.26425,511.4,230.6,fixation
10:28:2.26475,511.0,231.1,fixation
10:28:2.26525,510.9,230.6,fixation
10:28:2.26575,510.1,229.2,fixation
10:28:2.26625,509.4,227.8,fixation
10:28:2.26675,509.0,227.5,fixation
10:28:2.26725,509.3,227.9,fixation
10:28:2.26775,510.2,228.5,fixation
10:28:2.26825,511.2,228.7,fixation
10:28:2.26875,512.2,228.8,fixation
10:28:2.26925,510.1,228.6,fixation
10:28:2.26975,507.6,228.2,fixation
10:28:2.27025,506.2,226.7,fixation
10:28:2.27075,507.7,225.3,fixation
10:28:2.27125,509.0,224.2,fixation
10:28:2.27175,509.4,226.2,fixation
10:28:2.27225,509.5,228.8,fixation
10:28:2.27275,510.0,231.5,fixation
10:28:2.27325,510.8,231.2,fixation
10:28:2.27375,511.4,230.0,fixation
10:28:2.27425,511.4,228.4,fixation
10:28:2.27475,511.1,227.3,fixation
10:28:2.27525,510.8,226.5,fixation
10:28:2.27575,510.8,228.1,fixation
10:28:2.27625,510.8,230.1,fixation
10:28:2.27675,510.5,231.7,fixation
10:28:2.27725,509.8,231.3,fixation
10:28:2.27775,509.2,231.5,fixation
10:28:2.27825,508.5,232.0,fixation
10:28:2.27875,508.0,231.0,fixation
10:28:2.27925,507.4,229.5,fixation
10:28:2.27975,507.2,228.0,fixation
10:28:2.28025,508.7,228.1,fixation
10:28:2.28075,509.5,226.8,fixation
10:28:2.28125,509.5,225.6,fixation
10:28:2.28175,508.0,225.5,fixation
10:28:2.28225,507.3,226.8,fixation
10:28:2.28275,507.5,229.2,fixation
10:28:2.28325,507.7,230.0,fixation
10:28:2.28375,507.7,230.6,fixation
10:28:2.28425,507.4,230.1,fixation
10:28:2.28475,507.0,230.0,fixation
10:28:2.28525,506.5,230.8,fixation
10:28:2.28575,506.1,231.8,fixation
10:28:2.28625,507.2,232.9,fixation
10:28:2.28675,508.7,233.4,fixation
10:28:2.28725,509.9,233.8,fixation
10:28:2.28775,509.7,233.6,fixation
10:28:2.28825,509.6,232.6,fixation
10:28:2.28875,509.1,229.6,fixation
10:28:2.28925,508.4,227.0,fixation
10:28:2.28975,507.7,224.9,fixation
10:28:2.29025,508.2,227.4,fixation
10:28:2.29075,508.7,230.0,fixation
10:28:2.29125,509.5,231.3,fixation
10:28:2.29175,509.8,229.5,fixation
10:28:2.29225,510.3,227.8,fixation
10:28:2.29275,510.6,229.4,fixation
10:28:2.29325,510.7,231.4,fixation
10:28:2.29375,510.6,231.7,fixation
10:28:2.29425,510.4,230.0,fixation
10:28:2.29475,510.5,229.1,fixation
10:28:2.29525,510.4,229.8,fixation
10:28:2.29575,510.3,230.5,fixation
10:28:2.29625,510.3,230.5,fixation
10:28:2.29675,510.9,230.8,fixation
10:28:2.29725,511.4,231.2,fixation
10:28:2.29775,512.1,230.9,fixation
10:28:2.29825,512.2,229.8,fixation
10:28:2.29875,511.0,228.8,fixation
10:28:2.29925,509.8,228.7,fixation
10:28:2.29975,509.9,229.4,fixation
10:28:2.30025,511.2,229.1,fixation
10:28:2.30075,511.8,228.0,fixation
10:28:2.30125,510.8,226.7,fixation
10:28:2.30175,509.9,227.8,fixation
10:28:2.30225,510.4,229.6,fixation
10:28:2.30275,511.0,231.3,fixation
10:28:2.30325,511.6,231.2,fixation
10:28:2.30375,511.6,230.4,fixation
10:28:2.30425,511.2,229.8,fixation
10:28:2.30475,510.5,229.1,fixation
10:28:2.30525,509.8,229.4,fixation
10:28:2.30575,510.5,229.7,fixation
10:28:2.30625,511.4,230.1,fixation
10:28:2.30675,509.8,230.0,fixation
10:28:2.30725,507.4,229.5,fixation
10:28:2.30775,506.5,229.0,fixation
10:28:2.30825,508.1,229.2,fixation
10:28:2.30875,509.1,229.6,fixation
10:28:2.30925,508.0,230.0,fixation
10:28:2.30975,506.3,230.3,fixation
10:28:2.31025,505.2,230.7,fixation
10:28:2.31075,507.8,229.7,saccade
10:28:2.31125,509.2,228.8,saccade
10:28:2.31175,508.8,228.6,saccade
10:28:2.31225,508.5,229.5,saccade
10:28:2.31275,508.2,230.6,saccade
10:28:2.31325,508.2,230.5,saccade
10:28:2.31375,508.2,229.8,saccade
10:28:2.31425,509.8,229.1,saccade
10:28:2.31475,511.4,229.3,saccade
10:28:2.31525,512.7,229.1,saccade
10:28:2.31575,512.3,229.0,saccade
10:28:2.31625,512.0,228.8,saccade
10:28:2.31675,512.0,228.7,saccade
10:28:2.31725,513.9,228.6,saccade
10:28:2.31775,516.7,228.7,saccade
10:28:2.31825,521.0,229.2,saccade
10:28:2.31875,523.4,229.5,saccade
10:28:2.31925,524.8,228.5,saccade
10:28:2.31975,524.7,227.8,saccade
10:28:2.32025,524.9,227.6,saccade
10:28:2.32075,526.5,228.8,saccade
10:28:2.32125,528.2,229.6,saccade
10:28:2.32175,531.2,230.0,saccade
10:28:2.32225,536.0,230.6,saccade
10:28:2.32275,540.1,230.9,saccade
10:28:2.32325,542.8,231.0,saccade
10:28:2.32375,544.6,230.4,saccade
10:28:2.32425,546.8,229.8,saccade
10:28:2.32475,551.2,229.5,saccade
10:28:2.32525,553.4,229.8,saccade
10:28:2.32575,555.4,230.0,saccade
10:28:2.32625,555.1,231.1,saccade
10:28:2.32675,554.1,232.0,saccade
10:28:2.32725,553.2,232.7,saccade
10:28:2.32775,552.1,232.4,saccade
10:28:2.32825,551.8,232.1,saccade
10:28:2.32875,553.7,232.2,saccade
10:28:2.32925,555.8,232.2,saccade
10:28:2.32975,558.2,231.0,saccade
10:28:2.33025,557.9,229.5,fixation
10:28:2.33075,557.6,230.6,fixation
10:28:2.33125,557.2,232.2,fixation
10:28:2.33175,556.6,232.7,fixation
10:28:2.33225,556.0,231.3,fixation
10:28:2.33275,555.7,229.2,fixation
10:28:2.33325,556.0,227.0,fixation
10:28:2.33375,556.3,226.4,fixation
10:28:2.33425,556.1,226.1,fixation
10:28:2.33475,555.0,225.9,fixation
10:28:2.33525,550.5,225.2,fixation
10:28:2.33575,546.5,224.5,fixation
10:28:2.33625,545.0,224.3,fixation
10:28:2.33675,547.5,224.9,fixation
10:28:2.33725,550.7,225.5,fixation
10:28:2.33775,552.0,225.6,fixation
10:28:2.33825,551.0,225.7,fixation
10:28:2.33875,549.2,226.0,fixation
10:28:2.33925,548.8,226.9,fixation
10:28:2.33975,550.2,227.7,fixation
10:28:2.34025,550.4,228.4,fixation
10:28:2.34075,549.4,228.3,fixation
10:28:2.34125,548.2,227.5,fixation
10:28:2.34175,548.0,225.5,fixation
10:28:2.34225,547.4,223.4,fixation
10:28:2.34275,546.9,223.8,fixation
10:28:2.34325,545.7,225.4,fixation
10:28:2.34375,544.9,227.4,fixation
10:28:2.34425,543.9,227.6,fixation
10:28:2.34475,543.7,227.8,fixation
10:28:2.34525,542.6,227.2,fixation
10:28:2.34575,541.8,226.7,fixation
10:28:2.34625,541.3,226.9,fixation
10:28:2.34675,542.1,228.1,fixation
10:28:2.34725,545.4,230.1,fixation
10:28:2.34775,548.0,231.5,fixation
10:28:2.34825,550.1,232.5,fixation
10:28:2.34875,549.7,233.0,fixation
10:28:2.34925,549.6,233.5,fixation
10:28:2.34975,549.5,232.4,fixation
10:28:2.35025,550.7,231.0,fixation
10:28:2.35075,552.0,229.7,fixation
10:28:2.35125,552.7,230.2,fixation
10:28:2.35175,551.6,230.6,fixation
10:28:2.35225,549.9,230.1,fixation
10:28:2.35275,548.8,228.6,fixation
10:28:2.35325,548.2,227.2,fixation
10:28:2.35375,548.5,227.3,fixation
10:28:2.35425,549.2,227.9,fixation
10:28:2.35475,550.1,228.5,fixation
10:28:2.35525,550.0,229.3,fixation
10:28:2.35575,549.6,230.1,fixation
10:28:2.35625,548.9,230.0,fixation
10:28:2.35675,549.0,229.1,fixation
10:28:2.35725,549.2,228.2,fixation
10:28:2.35775,549.4,228.4,fixation
10:28:2.35825,548.9,228.6,fixation
10:28:2.35875,548.2,228.6,fixation
10:28:2.35925,547.6,228.1,fixation
10:28:2.35975,547.8,228.1,fixation
10:28:2.36025,548.2,228.8,fixation
10:28:2.36075,548.7,230.0,fixation
10:28:2.36125,547.8,230.7,fixation
10:28:2.36175,546.6,230.4,fixation
10:28:2.36225,545.5,229.8,fixation
10:28:2.36275,546.0,229.4,fixation
10:28:2.36325,547.0,229.7,fixation
10:28:2.36375,548.0,230.0,fixation
10:28:2.36425,548.7,229.1,fixation
10:28:2.36475,548.8,228.2,fixation
10:28:2.36525,549.0,227.4,fixation
10:28:2.36575,549.0,228.1,fixation
10:28:2.36625,548.4,228.6,fixation
10:28:2.36675,547.7,229.1,fixation
10:28:2.36725,547.0,229.3,fixation
10:28:2.36775,547.2,229.1,fixation
10:28:2.36825,548.0,228.8,fixation
10:28:2.36875,548.7,228.5,fixation
10:28:2.36925,549.4,228.6,fixation
10:28:2.36975,548.7,227.0,fixation
10:28:2.37025,548.0,225.3,fixation
10:28:2.37075,547.5,227.2,fixation
10:28:2.37125,548.0,230.8,fixation
10:28:2.37175,548.7,234.4,fixation
10:28:2.37225,548.7,233.7,fixation
10:28:2.37275,547.7,232.8,fixation
10:28:2.37325,546.2,231.7,fixation
10:28:2.37375,545.4,231.7,fixation
10:28:2.37425,547.5,232.1,fixation
10:28:2.37475,549.7,232.7,fixation
10:28:2.37525,552.0,233.6,fixation
10:28:2.37575,552.0,234.1,fixation
10:28:2.37625,550.6,233.7,fixation
10:28:2.37675,549.2,231.7,fixation
10:28:2.37725,546.9,229.6,fixation
10:28:2.37775,546.1,228.8,fixation
10:28:2.37825,546.0,229.1,fixation
10:28:2.37875,546.5,229.4,fixation
10:28:2.37925,547.0,229.5,fixation
10:28:2.37975,547.5,229.5,fixation
10:28:2.38025,548.2,229.2,fixation
10:28:2.38075,547.9,228.4,fixation
10:28:2.38125,546.7,227.6,fixation
10:28:2.38175,546.6,228.8,fixation
10:28:2.38225,547.6,230.3,fixation
10:28:2.38275,548.5,232.6,fixation
10:28:2.38325,548.2,233.3,fixation
10:28:2.38375,548.6,233.8,fixation
10:28:2.38425,549.1,233.6,fixation
10:28:2.38475,549.0,233.3,fixation
10:28:2.38525,548.2,232.4,fixation
10:28:2.38575,547.3,231.4,fixation
10:28:2.38625,548.5,231.6,fixation
10:28:2.38675,549.7,232.7,fixation
10:28:2.38725,550.5,234.1,fixation
10:28:2.38775,549.8,234.4,fixation
10:28:2.38825,549.1,233.4,fixation
10:28:2.38875,548.8,231.7,fixation
10:28:2.38925,548.9,227.4,fixation
10:28:2.38975,549.2,224.4,fixation
10:28:2.39025,549.4,224.1,fixation
10:28:2.39075,549.1,226.3,fixation
10:28:2.39125,548.5,228.5,fixation
10:28:2.39175,547.4,228.5,fixation
10:28:2.39225,546.7,228.4,fixation
10:28:2.39275,546.4,229.1,fixation
10:28:2.39325,547.6,229.8,fixation
10:28:2.39375,548.6,230.5,fixation
10:28:2.39425,549.8,230.6,fixation
10:28:2.39475,550.0,230.8,fixation
10:28:2.39525,550.2,230.9,fixation
10:28:2.39575,550.2,230.6,fixation
10:28:2.39625,549.8,228.9,fixation
10:28:2.39675,549.4,227.2,fixation
10:28:2.39725,548.9,227.8,fixation
10:28:2.39775,548.9,230.0,fixation
10:28:2.39825,548.8,232.2,fixation
10:28:2.39875,548.7,231.8,fixation
10:28:2.39925,548.6,230.7,fixation
10:28:2.39975,548.4,229.5,fixation
10:28:2.40025,548.2,229.8,fixation
10:28:2.40075,548.2,230.7,fixation
10:28:2.40125,548.9,231.8,fixation
10:28:2.40175,549.6,231.9,fixation
10:28:2.40225,549.6,232.3,fixation
10:28:2.40275,548.9,232.5,fixation
10:28:2.40325,548.3,232.2,fixation
10:28:2.40375,548.0,231.8,fixation
10:28:2.40425,547.9,232.6,fixation
10:28:2.40475,547.1,233.9,fixation
10:28:2.40525,546.0,231.8,fixation
10:28:2.40575,544.9,228.4,fixation
10:28:2.40625,544.3,225.1,fixation
10:28:2.40675,544.1,225.6,fixation
10:28:2.40725,544.2,226.4,fixation
10:28:2.40775,544.3,227.0,fixation
10:28:2.40825,544.5,227.3,fixation
10:28:2.40875,544.2,227.2,fixation
10:28:2.40925,544.1,227.1,fixation
10:28:2.40975,543.9,226.8,fixation
10:28:2.41025,544.0,226.5,fixation
10:28:2.41075,545.1,225.5,fixation
10:28:2.41125,546.2,225.0,fixation
10:28:2.41175,548.0,224.9,fixation
10:28:2.41225,548.8,226.5,fixation
10:28:2.41275,549.8,227.8,fixation
10:28:2.41325,550.0,229.2,fixation
10:28:2.41375,550.0,229.7,fixation
10:28:2.41425,549.9,230.2,fixation
10:28:2.41475,548.9,231.2,fixation
10:28:2.41525,547.0,232.1,fixation
10:28:2.41575,545.3,232.7,fixation
10:28:2.41625,544.7,232.1,fixation
10:28:2.41675,545.8,231.6,fixation
10:28:2.41725,547.2,231.3,fixation
10:28:2.41775,548.6,231.3,fixation
10:28:2.41825,548.7,229.7,fixation
10:28:2.41875,548.3,228.2,fixation
10:28:2.41925,548.1,227.9,fixation
10:28:2.41975,548.3,228.9,fixation
10:28:2.42025,548.5,230.3,fixation
10:28:2.42075,549.4,230.2,fixation
10:28:2.42125,550.3,230.2,fixation
10:28:2.42175,551.0,229.9,fixation
10:28:2.42225,549.2,230.2,fixation
10:28:2.42275,547.5,230.3,fixation
10:28:2.42325,546.7,230.3,fixation
10:28:2.42375,547.3,228.3,fixation
10:28:2.42425,547.1,226.3,fixation
10:28:2.42475,546.3,226.7,fixation
10:28:2.42525,545.0,228.9,fixation
10:28:2.42575,544.5,227.9,fixation
10:28:2.42625,544.3,225.3,fixation
10:28:2.42675,544.6,223.0,fixation
10:28:2.42725,545.3,224.1,fixation
10:28:2.42775,546.1,225.6,fixation
10:28:2.42825,547.0,226.9,fixation
10:28:2.42875,549.0,229.3,fixation
10:28:2.42925,550.6,230.5,fixation
10:28:2.42975,551.0,231.4,fixation
10:28:2.43025,549.9,231.1,fixation
10:28:2.43075,548.5,230.9,fixation
10:28:2.43125,548.2,231.0,fixation
10:28:2.43175,548.8,232.6,fixation
10:28:2.43225,549.8,234.2,fixation
10:28:2.43275,551.2,234.2,fixation
10:28:2.43325,551.6,232.5,fixation
10:28:2.43375,551.9,230.8,fixation
10:28:2.43425,551.4,230.9,fixation
10:28:2.43475,550.8,231.1,fixation
10:28:2.43525,550.1,231.3,fixation
10:28:2.43575,549.2,231.4,fixation
10:28:2.43625,548.8,231.8,fixation
10:28:2.43675,548.5,232.0,fixation
10:28:2.43725,548.8,232.2,fixation
10:28:2.43775,549.4,232.2,fixation
10:28:2.43825,550.1,231.6,fixation
10:28:2.43875,550.4,229.5,fixation
10:28:2.43925,549.8,226.5,fixation
10:28:2.43975,547.3,223.9,fixation
10:28:2.44025,545.2,223.2,fixation
10:28:2.44075,543.7,223.7,fixation
10:28:2.44125,544.4,224.7,fixation
10:28:2.44175,544.7,225.6,fixation
10:28:2.44225,544.7,226.5,fixation
10:28:2.44275,544.5,227.1,fixation
10:28:2.44325,544.5,227.5,fixation
10:28:2.44375,544.3,227.8,fixation
10:28:2.44425,544.1,229.6,fixation
10:28:2.44475,544.7,231.0,fixation
10:28:2.44525,545.8,232.1,fixation
10:28:2.44575,549.3,231.6,fixation
10:28:2.44625,552.0,231.4,fixation
10:28:2.44675,554.3,231.6,fixation
10:28:2.44725,551.4,231.6,fixation
10:28:2.44775,548.6,232.5,fixation
10:28:2.44825,545.7,233.2,fixation
10:28:2.44875,545.6,234.1,fixation
10:28:2.44925,545.4,234.1,fixation
10:28:2.44975,545.4,231.8,fixation
10:28:2.45025,545.6,229.4,fixation
10:28:2.45075,546.0,227.3,fixation
10:28:2.45125,546.6,227.7,fixation
10:28:2.45175,547.0,227.6,fixation
10:28:2.45225,547.6,227.2,fixation
10:28:2.45275,548.1,226.6,fixation
10:28:2.45325,548.4,226.4,fixation
10:28:2.45375,548.1,226.5,fixation
10:28:2.45425,547.4,227.1,fixation
10:28:2.45475,546.9,228.9,fixation
10:28:2.45525,546.8,230.5,fixation
10:28:2.45575,547.1,231.8,fixation
10:28:2.45625,546.8,231.7,fixation
10:28:2.45675,546.4,231.5,fixation
10:28:2.45725,548.0,232.2,fixation
10:28:2.45775,549.7,233.0,fixation
10:28:2.45825,551.2,233.1,fixation
10:28:2.45875,549.4,232.2,fixation
10:28:2.45925,547.7,231.3,fixation
10:28:2.45975,546.6,232.6,fixation
10:28:2.46025,547.0,234.1,fixation
10:28:2.46075,547.4,235.6,fixation
10:28:2.46125,548.0,234.2,fixation
10:28:2.46175,548.6,232.8,fixation
10:28:2.46225,549.7,231.8,fixation
10:28:2.46275,550.2,231.6,fixation
10:28:2.46325,550.4,230.8,fixation
10:28:2.46375,550.1,229.7,fixation
10:28:2.46425,550.3,229.5,fixation
10:28:2.46475,550.8,230.1,fixation
10:28:2.46525,550.1,230.6,fixation
10:28:2.46575,547.6,230.7,fixation
10:28:2.46625,545.1,229.6,fixation
10:28:2.46675,544.6,228.7,fixation
10:28:2.46725,545.5,228.7,fixation
10:28:2.46775,547.5,229.7,fixation
10:28:2.46825,548.7,230.6,fixation
10:28:2.46875,549.3,230.9,fixation
10:28:2.46925,548.6,231.0,fixation
10:28:2.46975,547.4,231.1,fixation
10:28:2.47025,546.9,230.4,fixation
10:28:2.47075,546.6,229.4,fixation
10:28:2.47125,547.0,228.4,fixation
10:28:2.47175,547.3,227.9,fixation
10:28:2.47225,547.6,227.8,fixation
10:28:2.47275,547.8,228.1,fixation
10:28:2.47325,547.8,228.8,fixation
10:28:2.47375,547.4,229.5,fixation
10:28:2.47425,547.2,229.9,fixation
10:28:2.47475,547.1,229.6,fixation
10:28:2.47525,547.3,229.2,fixation
10:28:2.47575,547.5,229.9,fixation
10:28:2.47625,547.6,231.0,fixation
10:28:2.47675,549.1,231.9,fixation
10:28:2.47725,550.6,231.7,fixation
10:28:2.47775,552.1,231.6,fixation
10:28:2.47825,552.1,231.7,fixation
10:28:2.47875,551.0,230.3,fixation
10:28:2.47925,550.3,228.9,fixation
10:28:2.47975,549.4,227.6,fixation
10:28:2.48025,549.4,230.0,fixation
10:28:2.48075,549.0,232.3,fixation
10:28:2.48125,548.5,233.0,fixation
10:28:2.48175,548.2,231.3,fixation
10:28:2.48225,548.6,228.5,fixation
10:28:2.48275,549.1,227.3,fixation
10:28:2.48325,548.6,225.3,fixation
10:28:2.48375,547.5,224.5,fixation
10:28:2.48425,546.5,224.8,fixation
10:28:2.48475,546.4,225.8,fixation
10:28:2.48525,546.4,226.9,fixation
10:28:2.48575,547.9,226.9,fixation
10:28:2.48625,548.7,228.8,fixation
10:28:2.48675,548.8,230.6,fixation
10:28:2.48725,547.3,231.8,fixation
10:28:2.48775,546.5,230.6,fixation
10:28:2.48825,547.6,229.5,fixation
10:28:2.48875,548.7,228.5,fixation
10:28:2.48925,549.2,228.1,fixation
10:28:2.48975,548.6,227.8,fixation
10:28:2.49025,547.5,227.9,fixation
10:28:2.49075,547.0,228.1,fixation
10:28:2.49125,546.8,229.4,fixation
10:28:2.49175,547.0,230.8,fixation
10:28:2.49225,547.2,232.1,fixation
10:28:2.49275,547.2,232.1,fixation
10:28:2.49325,547.6,230.4,fixation
10:28:2.49375,548.7,228.7,fixation
10:28:2.49425,549.7,229.3,fixation
10:28:2.49475,550.2,231.4,fixation
10:28:2.49525,550.0,233.3,fixation
10:28:2.49575,548.8,231.5,fixation
10:28:2.49625,547.5,230.0,fixation
10:28:2.49675,546.3,228.3,fixation
10:28:2.49725,546.6,228.0,fixation
10:28:2.49775,547.6,227.8,fixation
10:28:2.49825,548.6,229.3,fixation
10:28:2.49875,549.4,231.2,fixation
10:28:2.49925,549.0,233.0,fixation
10:28:2.49975,548.7,232.2,fixation
10:28:2.50025,548.8,231.1,fixation
10:28:2.50075,549.4,229.4,fixation
10:28:2.50125,549.7,228.8,fixation
10:28:2.50175,549.5,228.9,fixation
10:28:2.50225,549.3,230.0,fixation
10:28:2.50275,549.6,231.2,fixation
10:28:2.50325,550.1,231.8,fixation
10:28:2.50375,549.0,231.9,fixation
10:28:2.50425,547.4,232.0,fixation
10:28:2.50475,546.0,232.0,fixation
10:28:2.50525,546.3,232.0,fixation
10:28:2.50575,546.5,231.6,fixation
10:28:2.50625,547.4,231.0,fixation
10:28:2.50675,548.9,230.3,fixation
10:28:2.50725,550.4,231.8,fixation
10:28:2.50775,551.0,233.6,fixation
10:28:2.50825,550.7,232.6,fixation
10:28:2.50875,550.2,229.8,fixation
10:28:2.50925,549.8,227.3,fixation
10:28:2.50975,549.6,227.9,fixation
10:28:2.51025,550.0,228.6,fixation
10:28:2.51075,550.3,227.4,fixation
10:28:2.51125,550.2,225.9,fixation
10:28:2.51175,549.4,226.3,fixation
10:28:2.51225,548.7,228.3,fixation
10:28:2.51275,548.6,230.0,fixation
10:28:2.51325,548.5,229.3,fixation
10:28:2.51375,548.4,227.6,fixation
10:28:2.51425,548.1,226.5,fixation
10:28:2.51475,547.6,226.0,fixation
10:28:2.51525,547.0,227.4,fixation
10:28:2.51575,546.5,228.6,fixation
10:28:2.51625,546.7,229.1,fixation
10:28:2.51675,547.3,228.5,fixation
10:28:2.51725,547.9,228.0,fixation
10:28:2.51775,548.2,227.9,fixation
10:28:2.51825,548.6,228.3,fixation
10:28:2.51875,548.9,228.8,fixation
10:28:2.51925,549.1,229.5,fixation
10:28:2.51975,548.8,229.8,fixation
10:28:2.52025,548.4,229.1,fixation
10:28:2.52075,548.2,228.2,fixation
10:28:2.52125,548.3,229.2,fixation
10:28:2.52175,548.4,231.0,fixation
10:28:2.52225,548.7,232.8,fixation
10:28:2.52275,548.9,232.6,fixation
10:28:2.52325,549.5,232.4,fixation
10:28:2.52375,550.2,232.3,fixation
10:28:2.52425,550.8,230.2,fixation
10:28:2.52475,550.7,228.1,fixation
10:28:2.52525,550.3,226.1,fixation
10:28:2.52575,549.9,226.3,fixation
10:28:2.52625,549.3,226.6,fixation
10:28:2.52675,548.8,226.9,fixation
10:28:2.52725,548.0,226.8,fixation
10:28:2.52775,547.9,226.6,fixation
10:28:2.52825,547.8,226.1,fixation
10:28:2.52875,547.3,225.9,fixation
10:28:2.52925,546.8,225.7,fixation
10:28:2.52975,546.2,226.0,fixation
10:28:2.53025,545.9,226.6,fixation
10:28:2.53075,545.6,227.5,fixation
10:28:2.53125,545.5,228.2,fixation
10:28:2.53175,546.1,229.5,fixation
10:28:2.53225,547.0,230.4,fixation
10:28:2.53275,547.3,230.8,fixation
10:28:2.53325,547.0,230.4,fixation
10:28:2.53375,546.3,229.9,fixation
10:28:2.53425,546.2,229.8,fixation
10:28:2.53475,546.5,230.1,fixation
10:28:2.53525,546.8,230.6,fixation
10:28:2.53575,547.0,232.3,fixation
10:28:2.53625,548.3,234.4,fixation
10:28:2.53675,550.2,236.3,fixation
10:28:2.53725,552.3,236.2,fixation
10:28:2.53775,553.1,235.6,fixation
10:28:2.53825,551.8,234.8,fixation
10:28:2.53875,550.1,234.7,fixation
10:28:2.53925,548.4,233.7,fixation
10:28:2.53975,547.3,232.5,fixation
10:28:2.54025,544.9,231.1,fixation
10:28:2.54075,542.7,230.5,fixation
10:28:2.54125,541.9,230.4,fixation
10:28:2.54175,542.9,230.8,fixation
10:28:2.54225,544.9,231.2,fixation
10:28:2.54275,546.5,231.2,fixation
10:28:2.54325,547.2,231.2,fixation
10:28:2.54375,546.9,231.0,fixation
10:28:2.54425,547.5,230.8,fixation
10:28:2.54475,548.4,230.7,fixation
10:28:2.54525,549.2,230.7,fixation
10:28:2.54575,549.2,230.4,fixation
10:28:2.54625,549.1,229.0,fixation
10:28:2.54675,549.1,227.6,fixation
10:28:2.54725,549.1,228.9,fixation
10:28:2.54775,549.5,231.5,fixation
10:28:2.54825,549.9,233.4,fixation
10:28:2.54875,550.3,232.0,fixation
10:28:2.54925,550.5,230.3,fixation
10:28:2.54975,550.3,229.4,fixation
10:28:2.55025,549.5,229.6,fixation
10:28:2.55075,549.2,231.0,fixation
10:28:2.55125,548.9,232.2,fixation
10:28:2.55175,548.2,233.3,fixation
10:28:2.55225,547.1,233.3,fixation
10:28:2.55275,545.9,232.9,fixation
10:28:2.55325,545.9,232.6,fixation
10:28:2.55375,546.1,231.8,fixation
10:28:2.55425,546.3,230.7,fixation
10:28:2.55475,547.4,229.9,fixation
10:28:2.55525,548.3,230.0,fixation
10:28:2.55575,549.0,230.8,fixation
10:28:2.55625,548.8,231.5,fixation
10:28:2.55675,549.9,233.2,fixation
10:28:2.55725,551.2,234.7,fixation
10:28:2.55775,551.1,235.8,fixation
10:28:2.55825,549.7,234.5,fixation
10:28:2.55875,548.3,233.2,fixation
10:28:2.55925,547.0,231.8,fixation
10:28:2.55975,545.7,231.2,fixation
10:28:2.56025,544.3,229.6,fixation
10:28:2.56075,544.2,228.3,fixation
10:28:2.56125,544.5,229.7,fixation
10:28:2.56175,544.6,232.2,fixation
10:28:2.56225,544.5,233.6,fixation
10:28:2.56275,544.0,231.2,fixation
10:28:2.56325,543.8,228.8,fixation
10:28:2.56375,544.7,228.6,fixation
10:28:2.56425,545.7,229.8,fixation
10:28:2.56475,546.9,232.1,fixation
10:28:2.56525,547.2,233.3,fixation
10:28:2.56575,547.4,233.1,fixation
10:28:2.56625,547.4,231.9,fixation
10:28:2.56675,547.1,231.0,fixation
10:28:2.56725,546.9,231.5,fixation
10:28:2.56775,546.6,231.7,fixation
10:28:2.56825,547.2,232.1,fixation
10:28:2.56875,547.8,232.4,fixation
10:28:2.56925,548.5,231.0,fixation
10:28:2.56975,548.5,229.3,fixation
10:28:2.57025,548.6,229.6,fixation
10:28:2.57075,548.6,231.5,fixation
10:28:2.57125,549.3,233.4,fixation
10:28:2.57175,550.0,233.3,fixation
10:28:2.57225,550.1,233.4,fixation
10:28:2.57275,549.5,233.9,fixation
10:28:2.57325,548.9,234.3,fixation
10:28:2.57375,548.9,234.1,fixation
10:28:2.57425,549.1,233.7,fixation
10:28:2.57475,549.2,233.2,fixation
10:28:2.57525,549.5,233.4,fixation
10:28:2.57575,549.7,233.6,fixation
10:28:2.57625,549.8,235.6,fixation
10:28:2.57675,549.7,237.4,fixation
10:28:2.57725,548.6,238.4,fixation
10:28:2.57775,547.6,236.9,fixation
10:28:2.57825,546.3,235.0,fixation
10:28:2.57875,545.4,233.7,fixation
10:28:2.57925,544.6,233.4,fixation
10:28:2.57975,545.8,233.9,fixation
10:28:2.58025,547.5,234.5,fixation
10:28:2.58075,549.5,234.5,fixation
10:28:2.58125,550.1,234.2,fixation
10:28:2.58175,550.6,233.8,fixation
10:28:2.58225,550.1,233.5,fixation
10:28:2.58275,548.4,233.0,fixation
10:28:2.58325,546.7,232.5,fixation
10:28:2.58375,546.2,230.5,fixation
10:28:2.58425,546.9,228.8,fixation
10:28:2.58475,547.6,228.8,fixation
10:28:2.58525,547.9,230.5,fixation
10:28:2.58575,548.1,232.1,fixation
10:28:2.58625,548.4,231.9,fixation
10:28:2.58675,549.0,231.6,fixation
10:28:2.58725,549.3,231.5,fixation
10:28:2.58775,548.7,231.3,fixation
10:28:2.58825,547.9,231.2,fixation
10:28:2.58875,547.8,231.6,fixation
10:28:2.58925,549.1,232.3,fixation
10:28:2.58975,550.5,233.0,fixation
10:28:2.59025,551.5,233.4,fixation
10:28:2.59075,552.1,232.8,fixation
10:28:2.59125,550.8,232.2,fixation
10:28:2.59175,548.1,231.6,fixation
10:28:2.59225,545.3,231.4,fixation
10:28:2.59275,544.5,231.1,fixation
10:28:2.59325,545.0,230.8,fixation
10:28:2.59375,545.1,231.1,fixation
10:28:2.59425,545.1,231.5,fixation
10:28:2.59475,545.1,232.0,fixation
10:28:2.59525,545.7,232.1,fixation
10:28:2.59575,546.3,232.1,fixation
10:28:2.59625,546.6,232.1,fixation
10:28:2.59675,547.5,232.3,fixation
10:28:2.59725,548.5,232.4,fixation
10:28:2.59775,549.4,232.7,fixation
10:28:2.59825,549.9,233.0,fixation
10:28:2.59875,550.4,233.3,fixation
10:28:2.59925,550.8,232.8,fixation
10:28:2.59975,549.9,232.2,fixation
10:28:2.60025,548.9,231.5,fixation
10:28:2.60075,547.6,231.3,fixation
10:28:2.60125,547.0,231.4,fixation
10:28:2.60175,546.3,231.5,fixation
10:28:2.60225,546.0,231.7,fixation
10:28:2.60275,546.1,230.9,fixation
10:28:2.60325,546.2,230.4,fixation
10:28:2.60375,547.7,230.3,fixation
10:28:2.60425,549.1,231.4,fixation
10:28:2.60475,549.7,232.0,fixation
10:28:2.60525,548.6,232.2,fixation
10:28:2.60575,547.5,232.0,fixation
10:28:2.60625,547.1,231.9,fixation
10:28:2.60675,547.2,232.3,fixation
10:28:2.60725,547.5,232.7,fixation
10:28:2.60775,547.7,231.7,fixation
10:28:2.60825,547.0,230.3,fixation
10:28:2.60875,546.2,228.2,fixation
10:28:2.60925,545.4,227.6,fixation
10:28:2.60975,546.7,230.2,fixation
10:28:2.61025,548.0,233.1,fixation
10:28:2.61075,547.6,235.7,fixation
10:28:2.61125,545.9,234.0,fixation
10:28:2.61175,545.0,231.6,fixation
10:28:2.61225,545.9,229.5,fixation
10:28:2.61275,547.5,230.7,fixation
10:28:2.61325,548.2,233.1,fixation
10:28:2.61375,548.7,234.9,fixation
10:28:2.61425,548.6,234.4,fixation
10:28:2.61475,549.1,234.0,fixation
10:28:2.61525,549.2,235.0,fixation
10:28:2.61575,549.3,235.9,fixation
10:28:2.61625,548.3,236.5,fixation
10:28:2.61675,547.9,236.1,fixation
10:28:2.61725,549.0,236.1,fixation
10:28:2.61775,550.4,236.4,fixation
10:28:2.61825,551.5,235.8,fixation
10:28:2.61875,551.1,234.8,fixation
10:28:2.61925,550.4,233.6,fixation
10:28:2.61975,549.7,233.4,fixation
10:28:2.62025,548.2,233.0,fixation
10:28:2.62075,547.0,231.6,fixation
10:28:2.62125,547.9,230.6,fixation
10:28:2.62175,550.4,231.5,fixation
10:28:2.62225,554.1,235.3,fixation
10:28:2.62275,556.0,239.1,fixation
10:28:2.62325,555.0,240.0,fixation
10:28:2.62375,553.0,238.6,fixation
10:28:2.62425,551.7,237.0,fixation
10:28:2.62475,552.6,236.3,fixation
10:28:2.62525,551.9,235.3,fixation
10:28:2.62575,550.4,234.6,fixation
10:28:2.62625,549.6,234.3,fixation
10:28:2.62675,550.4,234.3,fixation
10:28:2.62725,549.8,234.2,fixation
10:28:2.62775,548.5,234.1,fixation
10:28:2.62825,548.4,234.6,fixation
10:28:2.62875,549.7,235.3,fixation
10:28:2.62925,550.6,235.9,fixation
10:28:2.62975,549.9,235.4,fixation
10:28:2.63025,549.0,234.5,fixation
10:28:2.63075,548.5,233.5,fixation
10:28:2.63125,548.5,234.1,fixation
10:28:2.63175,549.0,235.1,fixation
10:28:2.63225,549.4,234.4,fixation
10:28:2.63275,549.8,232.8,fixation
10:28:2.63325,550.5,231.8,fixation
10:28:2.63375,551.0,234.1,fixation
10:28:2.63425,551.2,236.4,fixation
10:28:2.63475,550.5,237.8,fixation
10:28:2.63525,550.2,237.6,fixation
10:28:2.63575,550.1,237.7,fixation
10:28:2.63625,549.8,237.9,fixation
10:28:2.63675,549.4,237.5,fixation
10:28:2.63725,548.9,236.3,fixation
10:28:2.63775,549.3,235.2,fixation
10:28:2.63825,549.8,235.0,fixation
10:28:2.63875,550.3,235.4,fixation
10:28:2.63925,550.2,235.7,fixation
10:28:2.63975,550.1,234.1,fixation
10:28:2.64025,550.0,232.9,fixation
10:28:2.64075,549.9,232.0,fixation
10:28:2.64125,549.4,233.4,fixation
10:28:2.64175,548.6,234.3,fixation
10:28:2.64225,547.8,235.2,fixation
10:28:2.64275,547.8,236.0,fixation
10:28:2.64325,548.3,236.9,fixation
10:28:2.64375,549.2,236.5,fixation
10:28:2.64425,549.6,235.7,fixation
10:28:2.64475,549.4,234.9,fixation
10:28:2.64525,548.7,235.1,fixation
10:28:2.64575,548.1,235.3,fixation
10:28:2.64625,548.5,235.8,fixation
10:28:2.64675,549.0,236.1,fixation
10:28:2.64725,548.8,235.8,fixation
10:28:2.64775,548.2,234.5,fixation
10:28:2.64825,547.3,232.7,fixation
10:28:2.64875,546.8,231.2,fixation
10:28:2.64925,545.5,230.5,fixation
10:28:2.64975,544.5,230.3,fixation
10:28:2.65025,544.0,230.4,fixation
10:28:2.65075,544.5,233.2,fixation
10:28:2.65125,544.5,236.1,fixation
10:28:2.65175,544.2,239.4,fixation
10:28:2.65225,543.4,239.7,fixation
10:28:2.65275,543.1,238.0,fixation
10:28:2.65325,542.3,234.5,fixation
10:28:2.65375,541.9,231.0,fixation
10:28:2.65425,542.2,229.5,fixation
10:28:2.65475,543.5,229.2,fixation
10:28:2.65525,544.8,228.9,fixation
10:28:2.65575,545.4,230.1,fixation
10:28:2.65625,545.4,231.5,fixation
10:28:2.65675,546.4,232.9,fixation
10:28:2.65725,547.7,232.2,fixation
10:28:2.65775,549.1,231.6,fixation
10:28:2.65825,548.9,230.8,fixation
10:28:2.65875,548.4,230.7,fixation
10:28:2.65925,548.0,231.5,fixation
10:28:2.65975,546.4,232.3,fixation
10:28:2.66025,544.8,233.7,fixation
10:28:2.66075,543.6,234.1,fixation
10:28:2.66125,544.3,234.6,fixation
10:28:2.66175,545.4,234.2,fixation
10:28:2.66225,546.6,234.0,fixation
10:28:2.66275,547.7,233.9,fixation
10:28:2.66325,548.9,233.9,fixation
10:28:2.66375,550.0,233.6,fixation
10:28:2.66425,550.6,233.4,fixation
10:28:2.66475,550.7,233.2,fixation
10:28:2.66525,550.5,233.2,fixation
10:28:2.66575,550.3,232.1,fixation
10:28:2.66625,550.4,230.9,fixation
10:28:2.66675,550.9,231.4,fixation
10:28:2.66725,551.4,233.0,fixation
10:28:2.66775,551.3,234.6,fixation
10:28:2.66825,550.8,234.7,fixation
10:28:2.66875,550.8,234.8,fixation
10:28:2.66925,551.4,235.8,fixation
10:28:2.66975,553.4,236.8,fixation
10:28:2.67025,554.9,237.7,fixation
10:28:2.67075,556.1,237.4,fixation
10:28:2.67125,554.6,237.0,fixation
10:28:2.67175,553.0,236.6,fixation
10:28:2.67225,551.6,236.6,fixation
10:28:2.67275,551.4,235.5,fixation
10:28:2.67325,550.4,234.2,fixation
10:28:2.67375,549.5,233.1,fixation
10:28:2.67425,548.6,233.2,fixation
10:28:2.67475,548.6,233.1,fixation
10:28:2.67525,548.6,233.1,fixation
10:28:2.67575,549.9,232.9,fixation
10:28:2.67625,551.0,232.8,fixation
10:28:2.67675,552.1,232.8,fixation
10:28:2.67725,552.0,232.9,fixation
10:28:2.67775,551.3,233.4,fixation
10:28:2.67825,550.6,234.0,fixation
10:28:2.67875,550.0,234.7,fixation
10:28:2.67925,550.2,235.0,fixation
10:28:2.67975,550.3,232.6,fixation
10:28:2.68025,550.3,230.0,fixation
10:28:2.68075,550.1,227.9,fixation
10:28:2.68125,549.9,228.4,fixation
10:28:2.68175,549.6,228.9,fixation
10:28:2.68225,549.4,229.1,fixation
10:28:2.68275,549.2,229.4,fixation
10:28:2.68325,548.7,229.3,fixation
10:28:2.68375,548.4,229.1,fixation
10:28:2.68425,548.2,229.4,fixation
10:28:2.68475,548.3,230.1,fixation
10:28:2.68525,549.0,230.6,fixation
10:28:2.68575,549.7,230.3,fixation
10:28:2.68625,550.6,230.0,fixation
10:28:2.68675,550.9,229.9,fixation
10:28:2.68725,551.3,230.3,fixation
10:28:2.68775,551.6,230.9,fixation
10:28:2.68825,551.9,231.4,fixation
10:28:2.68875,551.9,231.4,fixation
10:28:2.68925,551.6,231.2,fixation
10:28:2.68975,551.3,231.1,fixation
10:28:2.69025,551.1,233.9,fixation
10:28:2.69075,551.2,236.4,fixation
10:28:2.69125,550.5,238.5,fixation
10:28:2.69175,550.4,236.3,fixation
10:28:2.69225,550.3,234.5,fixation
10:28:2.69275,549.8,232.7,fixation
10:28:2.69325,548.7,233.0,fixation
10:28:2.69375,547.5,233.4,fixation
10:28:2.69425,547.3,234.3,fixation
10:28:2.69475,547.1,232.6,fixation
10:28:2.69525,546.9,230.8,fixation
10:28:2.69575,547.3,231.6,fixation
10:28:2.69625,547.7,234.6,fixation
10:28:2.69675,548.1,237.7,fixation
10:28:2.69725,548.0,237.2,fixation
10:28:2.69775,548.8,236.4,fixation
10:28:2.69825,550.0,236.2,fixation
10:28:2.69875,551.2,236.9,fixation
10:28:2.69925,550.9,237.5,fixation
10:28:2.69975,550.3,237.6,fixation
10:28:2.70025,549.8,237.7,fixation
10:28:2.70075,549.8,237.8,fixation
10:28:2.70125,549.4,237.7,fixation
10:28:2.70175,548.9,235.4,fixation
10:28:2.70225,549.2,233.1,fixation
10:28:2.70275,550.3,232.4,fixation
10:28:2.70325,551.3,234.1,fixation
10:28:2.70375,551.5,236.0,fixation
10:28:2.70425,551.3,236.4,fixation
10:28:2.70475,551.3,236.3,fixation
10:28:2.70525,551.4,235.8,fixation
10:28:2.70575,551.4,235.4,fixation
10:28:2.70625,550.6,234.4,fixation
10:28:2.70675,549.7,234.6,fixation
10:28:2.70725,549.7,235.0,fixation
10:28:2.70775,550.6,236.4,fixation
10:28:2.70825,551.4,236.8,fixation
10:28:2.70875,551.6,237.8,fixation
10:28:2.70925,551.9,238.6,fixation
10:28:2.70975,550.2,237.4,fixation
10:28:2.71025,548.3,235.4,fixation
10:28:2.71075,549.4,234.6,fixation
10:28:2.71125,552.5,235.8,fixation
10:28:2.71175,555.6,237.2,fixation
10:28:2.71225,554.9,237.4,fixation
10:28:2.71275,553.5,236.8,fixation
10:28:2.71325,552.0,235.5,fixation
10:28:2.71375,551.3,234.1,fixation
10:28:2.71425,551.1,233.9,fixation
10:28:2.71475,551.5,234.2,fixation
10:28:2.71525,551.9,234.2,fixation
10:28:2.71575,552.2,233.8,fixation
10:28:2.71625,551.9,232.8,fixation
10:28:2.71675,551.6,232.3,fixation
10:28:2.71725,551.7,233.6,fixation
10:28:2.71775,552.2,235.2,fixation
10:28:2.71825,552.7,236.8,fixation
10:28:2.71875,552.6,236.5,fixation
10:28:2.71925,552.3,236.2,fixation
10:28:2.71975,551.0,235.6,fixation
10:28:2.72025,550.0,234.9,fixation
10:28:2.72075,550.0,235.1,fixation
10:28:2.72125,551.1,235.5,fixation
10:28:2.72175,551.3,235.6,fixation
10:28:2.72225,550.2,235.2,fixation
10:28:2.72275,549.3,234.8,fixation
10:28:2.72325,549.4,233.4,fixation
10:28:2.72375,550.6,232.1,fixation
10:28:2.72425,551.8,231.3,fixation
10:28:2.72475,553.0,232.4,fixation
10:28:2.72525,553.4,233.4,fixation
10:28:2.72575,553.5,234.0,fixation
10:28:2.72625,552.9,234.2,fixation
10:28:2.72675,552.2,234.3,fixation
10:28:2.72725,551.6,236.3,fixation
10:28:2.72775,551.4,238.4,fixation
10:28:2.72825,551.0,239.6,fixation
10:28:2.72875,550.8,239.1,fixation
10:28:2.72925,550.9,238.6,fixation
10:28:2.72975,551.2,236.8,fixation
10:28:2.73025,551.4,234.7,fixation
10:28:2.73075,551.3,232.7,fixation
10:28:2.73125,551.2,234.8,fixation
10:28:2.73175,551.0,236.6,fixation
10:28:2.73225,550.8,238.2,fixation
10:28:2.73275,550.8,237.8,fixation
10:28:2.73325,550.8,236.8,fixation
10:28:2.73375,549.6,236.2,fixation
10:28:2.73425,548.4,235.6,fixation
10:28:2.73475,548.6,235.0,fixation
10:28:2.73525,550.4,234.2,fixation
10:28:2.73575,552.2,233.4,fixation
10:28:2.73625,552.5,233.3,fixation
10:28:2.73675,552.2,236.2,fixation
10:28:2.73725,550.9,239.1,fixation
10:28:2.73775,549.5,239.7,fixation
10:28:2.73825,548.0,237.4,fixation
10:28:2.73875,547.6,235.1,fixation
10:28:2.73925,547.1,236.5,fixation
10:28:2.73975,546.8,237.8,fixation
10:28:2.74025,546.5,237.1,fixation
10:28:2.74075,547.3,235.0,fixation
10:28:2.74125,547.9,233.1,fixation
10:28:2.74175,548.3,233.5,fixation
10:28:2.74225,548.0,232.9,fixation
10:28:2.74275,547.9,232.1,fixation
10:28:2.74325,548.2,231.3,fixation
10:28:2.74375,549.0,231.5,fixation
10:28:2.74425,550.5,234.6,fixation
10:28:2.74475,552.7,237.6,fixation
10:28:2.74525,554.4,237.6,fixation
10:28:2.74575,554.7,234.7,fixation
10:28:2.74625,553.4,232.8,fixation
10:28:2.74675,551.7,233.7,fixation
10:28:2.74725,550.5,234.7,fixation
10:28:2.74775,549.9,234.4,fixation
10:28:2.74825,550.0,234.1,fixation
10:28:2.74875,550.2,233.7,fixation
10:28:2.74925,550.5,233.7,fixation
10:28:2.74975,550.7,235.4,fixation
10:28:2.75025,550.4,237.0,fixation
10:28:2.75075,547.6,238.2,fixation
10:28:2.75125,544.8,237.2,fixation
10:28:2.75175,542.7,236.9,fixation
10:28:2.75225,543.0,236.8,fixation
10:28:2.75275,542.6,237.1,fixation
10:28:2.75325,541.8,236.6,fixation
10:28:2.75375,540.6,235.9,fixation
10:28:2.75425,540.2,234.0,fixation
10:28:2.75475,539.5,232.3,fixation
10:28:2.75525,539.0,231.0,fixation
10:28:2.75575,538.5,232.3,fixation
10:28:2.75625,539.1,233.7,fixation
10:28:2.75675,539.7,233.0,fixation
10:28:2.75725,540.5,231.1,fixation
10:28:2.75775,540.7,229.9,fixation
10:28:2.75825,540.9,230.4,fixation
10:28:2.75875,539.1,230.8,fixation
10:28:2.75925,537.2,230.4,fixation
10:28:2.75975,535.2,230.7,fixation
10:28:2.76025,535.0,231.1,fixation
10:28:2.76075,536.1,231.6,fixation
10:28:2.76125,537.3,231.6,fixation
10:28:2.76175,538.6,231.5,fixation
10:28:2.76225,538.5,231.3,fixation
10:28:2.76275,538.1,231.3,fixation
10:28:2.76325,537.6,231.3,fixation
10:28:2.76375,537.1,231.6,fixation
10:28:2.76425,537.0,231.7,fixation
10:28:2.76475,537.2,231.9,fixation
10:28:2.76525,537.4,232.1,fixation
10:28:2.76575,537.6,232.5,fixation
10:28:2.76625,537.4,232.8,fixation
10:28:2.76675,537.3,232.8,fixation
10:28:2.76725,539.5,232.9,fixation
10:28:2.76775,541.8,233.1,fixation
10:28:2.76825,542.2,232.7,fixation
10:28:2.76875,540.6,232.3,fixation
10:28:2.76925,539.1,232.1,fixation
10:28:2.76975,539.6,232.3,fixation
10:28:2.77025,540.0,232.7,fixation
10:28:2.77075,539.6,233.1,fixation
10:28:2.77125,539.0,233.4,fixation
10:28:2.77175,539.2,233.6,fixation
10:28:2.77225,539.9,233.9,fixation
10:28:2.77275,540.2,234.2,fixation
10:28:2.77325,539.8,234.8,fixation
10:28:2.77375,540.8,235.0,fixation
10:28:2.77425,542.3,234.6,fixation
10:28:2.77475,543.1,233.9,fixation
10:28:2.77525,541.4,233.1,fixation
10:28:2.77575,538.3,232.6,fixation
10:28:2.77625,535.9,232.1,fixation
10:28:2.77675,535.3,231.9,fixation
10:28:2.77725,536.1,232.4,fixation
10:28:2.77775,536.8,232.9,fixation
10:28:2.77825,537.3,232.9,fixation
10:28:2.77875,537.7,232.6,fixation
10:28:2.77925,538.2,232.3,fixation
10:28:2.77975,538.3,233.0,fixation
10:28:2.78025,538.3,233.7,fixation
10:28:2.78075,538.9,235.1,fixation
10:28:2.78125,539.5,235.7,fixation
10:28:2.78175,540.1,236.1,fixation
10:28:2.78225,538.8,235.5,fixation
10:28:2.78275,537.3,232.9,fixation
10:28:2.78325,536.3,230.7,fixation
10:28:2.78375,536.8,230.3,fixation
10:28:2.78425,537.4,231.9,fixation
10:28:2.78475,536.6,233.3,fixation
10:28:2.78525,535.8,233.1,fixation
10:28:2.78575,534.5,232.8,fixation
10:28:2.78625,534.1,232.1,fixation
10:28:2.78675,533.7,230.9,fixation
10:28:2.78725,533.8,229.8,fixation
10:28:2.78775,534.6,229.4,fixation
10:28:2.78825,535.4,231.1,fixation
10:28:2.78875,536.2,232.7,fixation
10:28:2.78925,536.5,234.4,fixation
10:28:2.78975,536.9,234.7,fixation
10:28:2.79025,537.1,236.5,fixation
10:28:2.79075,537.1,238.1,fixation
10:28:2.79125,537.5,238.9,fixation
10:28:2.79175,537.8,238.3,fixation
10:28:2.79225,537.9,237.7,fixation
10:28:2.79275,537.5,237.7,fixation
10:28:2.79325,537.1,237.7,fixation
10:28:2.79375,536.6,237.6,fixation
10:28:2.79425,536.1,237.6,fixation
10:28:2.79475,535.7,237.1,fixation
10:28:2.79525,536.2,236.2,fixation
10:28:2.79575,536.7,233.3,fixation
10:28:2.79625,536.9,230.8,fixation
10:28:2.79675,536.6,229.0,fixation
10:28:2.79725,536.2,229.5,fixation
10:28:2.79775,536.2,231.4,fixation
10:28:2.79825,535.0,233.0,fixation
10:28:2.79875,533.8,233.9,fixation
10:28:2.79925,534.3,233.4,fixation
10:28:2.79975,536.2,232.9,fixation
10:28:2.80025,537.6,232.9,fixation
10:28:2.80075,537.0,232.4,fixation
10:28:2.80125,536.3,231.8,fixation
10:28:2.80175,536.7,232.3,fixation
10:28:2.80225,537.6,233.1,fixation
10:28:2.80275,536.8,233.8,fixation
10:28:2.80325,535.2,233.7,fixation
10:28:2.80375,533.7,233.6,fixation
10:28:2.80425,534.1,233.0,fixation
10:28:2.80475,534.9,232.4,fixation
10:28:2.80525,535.8,231.8,fixation
10:28:2.80575,536.3,231.7,fixation
10:28:2.80625,536.4,231.3,fixation
10:28:2.80675,537.5,231.0,fixation
10:28:2.80725,538.7,232.7,fixation
10:28:2.80775,540.6,234.9,fixation
10:28:2.80825,541.3,237.0,fixation
10:28:2.80875,541.6,237.2,fixation
10:28:2.80925,540.8,237.4,fixation
10:28:2.80975,539.9,237.2,fixation
10:28:2.81025,539.6,237.0,fixation
10:28:2.81075,539.1,236.3,fixation
10:28:2.81125,537.7,235.8,fixation
10:28:2.81175,536.3,235.3,fixation
10:28:2.81225,535.6,234.3,fixation
10:28:2.81275,535.8,233.3,fixation
10:28:2.81325,538.0,232.3,fixation
10:28:2.81375,540.1,232.1,fixation
10:28:2.81425,542.1,232.9,fixation
10:28:2.81475,542.1,234.6,fixation
10:28:2.81525,542.2,236.4,fixation
10:28:2.81575,541.0,237.2,fixation
10:28:2.81625,539.9,237.2,fixation
10:28:2.81675,539.6,236.2,fixation
10:28:2.81725,540.5,235.2,fixation
10:28:2.81775,541.8,234.2,fixation
10:28:2.81825,542.5,235.1,fixation
10:28:2.81875,543.2,236.0,fixation
10:28:2.81925,543.0,236.1,fixation
10:28:2.81975,542.5,235.4,fixation
10:28:2.82025,541.4,234.0,fixation
10:28:2.82075,540.3,233.6,fixation
10:28:2.82125,539.3,233.4,fixation
10:28:2.82175,539.4,234.7,fixation
10:28:2.82225,540.0,235.8,fixation
10:28:2.82275,540.3,236.3,fixation
10:28:2.82325,540.0,235.0,fixation
10:28:2.82375,539.8,233.5,fixation
10:28:2.82425,540.2,231.9,fixation
10:28:2.82475,540.5,231.1,fixation
10:28:2.82525,541.0,232.5,fixation
10:28:2.82575,541.2,234.4,fixation
10:28:2.82625,541.3,236.4,fixation
10:28:2.82675,541.2,236.0,fixation
10:28:2.82725,540.9,235.6,fixation
10:28:2.82775,540.3,235.2,fixation
10:28:2.82825,539.8,234.9,fixation
10:28:2.82875,538.9,234.7,fixation
10:28:2.82925,538.2,234.4,fixation
10:28:2.82975,537.6,233.9,fixation
10:28:2.83025,537.6,233.5,fixation
10:28:2.83075,537.6,233.5,fixation
10:28:2.83125,537.6,234.3,fixation
10:28:2.83175,537.8,234.6,fixation
10:28:2.83225,537.8,234.5,fixation
10:28:2.83275,537.9,233.9,fixation
10:28:2.83325,537.7,233.9,fixation
10:28:2.83375,536.4,234.0,fixation
10:28:2.83425,535.1,234.0,fixation
10:28:2.83475,535.1,234.0,fixation
10:28:2.83525,536.4,233.9,fixation
10:28:2.83575,537.6,233.1,fixation
10:28:2.83625,537.6,232.2,fixation
10:28:2.83675,537.6,231.9,fixation
10:28:2.83725,537.6,232.5,fixation
10:28:2.83775,538.2,233.0,fixation
10:28:2.83825,538.8,233.0,fixation
10:28:2.83875,540.0,233.2,fixation
10:28:2.83925,541.0,235.3,fixation
10:28:2.83975,542.0,237.4,fixation
10:28:2.84025,540.9,237.7,fixation
10:28:2.84075,539.7,236.3,fixation
10:28:2.84125,538.9,235.4,fixation
10:28:2.84175,539.7,235.9,fixation
10:28:2.84225,539.9,236.4,fixation
10:28:2.84275,540.7,236.4,fixation
10:28:2.84325,541.6,236.1,fixation
10:28:2.84375,542.7,235.8,fixation
10:28:2.84425,542.8,235.5,fixation
10:28:2.84475,542.8,235.7,fixation
10:28:2.84525,542.3,235.9,fixation
10:28:2.84575,541.5,236.4,fixation
10:28:2.84625,540.6,236.8,fixation
10:28:2.84675,540.3,237.2,fixation
10:28:2.84725,540.4,237.2,fixation
10:28:2.84775,540.5,235.3,fixation
10:28:2.84825,540.5,233.4,fixation
10:28:2.84875,540.9,231.7,fixation
10:28:2.84925,541.3,232.1,fixation
10:28:2.84975,541.4,232.9,fixation
10:28:2.85025,541.2,233.6,fixation
10:28:2.85075,540.3,234.0,fixation
10:28:2.85125,539.7,234.2,fixation
10:28:2.85175,539.3,234.3,fixation
10:28:2.85225,539.5,234.5,fixation
10:28:2.85275,539.5,233.9,fixation
10:28:2.85325,539.5,233.1,fixation
10:28:2.85375,539.4,232.4,fixation
10:28:2.85425,539.6,232.5,fixation
10:28:2.85475,539.8,232.9,fixation
10:28:2.85525,540.1,233.7,fixation
10:28:2.85575,540.1,234.5,fixation
10:28:2.85625,539.0,235.0,fixation
10:28:2.85675,537.9,235.1,fixation
10:28:2.85725,537.2,235.2,fixation
10:28:2.85775,537.4,235.2,fixation
10:28:2.85825,537.5,236.3,fixation
10:28:2.85875,537.4,237.1,fixation
10:28:2.85925,536.3,237.5,fixation
10:28:2.85975,535.2,235.8,fixation
10:28:2.86025,534.0,233.5,fixation
10:28:2.86075,533.9,231.5,fixation
10:28:2.86125,533.8,234.1,fixation
10:28:2.86175,534.6,237.6,fixation
10:28:2.86225,535.5,240.4,fixation
10:28:2.86275,537.6,239.4,fixation
10:28:2.86325,538.9,238.2,fixation
10:28:2.86375,539.0,237.4,fixation
10:28:2.86425,537.9,236.8,fixation
10:28:2.86475,537.0,236.4,fixation
10:28:2.86525,537.5,236.3,fixation
10:28:2.86575,538.1,236.1,fixation
10:28:2.86625,538.5,235.9,fixation
10:28:2.86675,538.8,236.7,fixation
10:28:2.86725,539.1,237.6,fixation
10:28:2.86775,539.3,239.5,fixation
10:28:2.86825,539.3,240.5,fixation
10:28:2.86875,539.3,241.3,fixation
10:28:2.86925,539.2,241.0,fixation
10:28:2.86975,538.8,237.8,fixation
10:28:2.87025,538.2,234.6,fixation
10:28:2.87075,537.6,232.4,fixation
10:28:2.87125,537.3,233.4,fixation
10:28:2.87175,537.4,234.5,fixation
10:28:2.87225,537.5,233.5,fixation
10:28:2.87275,537.9,232.2,fixation
10:28:2.87325,538.3,232.1,fixation
10:28:2.87375,538.2,233.4,fixation
10:28:2.87425,538.1,234.6,fixation
10:28:2.87475,537.9,234.8,fixation
10:28:2.87525,537.5,235.0,fixation
10:28:2.87575,536.7,236.3,fixation
10:28:2.87625,536.7,239.7,fixation
10:28:2.87675,537.6,242.9,fixation
10:28:2.87725,537.2,241.2,fixation
10:28:2.87775,536.0,237.3,fixation
10:28:2.87825,537.1,233.6,fixation
10:28:2.87875,539.5,233.8,fixation
10:28:2.87925,541.0,232.4,fixation
10:28:2.87975,539.4,230.7,fixation
10:28:2.88025,537.7,232.3,fixation
10:28:2.88075,536.7,236.5,fixation
10:28:2.88125,536.5,240.8,fixation
10:28:2.88175,536.5,240.2,fixation
10:28:2.88225,536.6,238.7,fixation
10:28:2.88275,536.7,237.3,fixation
10:28:2.88325,536.9,237.3,fixation
10:28:2.88375,537.0,237.0,fixation
10:28:2.88425,537.1,236.4,fixation
10:28:2.88475,538.1,236.1,fixation
10:28:2.88525,539.1,236.3,fixation
10:28:2.88575,540.1,236.7,fixation
10:28:2.88625,540.2,236.9,fixation
10:28:2.88675,538.7,238.0,fixation
10:28:2.88725,537.3,239.0,fixation
10:28:2.88775,537.3,240.1,fixation
10:28:2.88825,538.5,240.1,fixation
10:28:2.88875,539.8,239.8,fixation
10:28:2.88925,539.6,239.4,fixation
10:28:2.88975,539.3,238.6,fixation
10:28:2.89025,539.1,237.7,fixation
10:28:2.89075,537.5,238.0,fixation
10:28:2.89125,536.4,238.8,fixation
10:28:2.89175,535.2,237.5,fixation
10:28:2.89225,534.8,234.9,fixation
10:28:2.89275,534.2,233.2,fixation
10:28:2.89325,534.5,234.1,fixation
10:28:2.89375,535.8,235.1,fixation
10:28:2.89425,538.2,234.9,fixation
10:28:2.89475,539.7,234.7,fixation
10:28:2.89525,540.5,234.3,fixation
10:28:2.89575,540.0,234.3,fixation
10:28:2.89625,541.0,236.5,fixation
10:28:2.89675,542.6,238.8,fixation
10:28:2.89725,543.4,240.9,fixation
10:28:2.89775,542.7,240.4,fixation
10:28:2.89825,541.9,239.8,fixation
10:28:2.89875,540.5,239.3,fixation
10:28:2.89925,539.4,239.2,fixation
10:28:2.89975,538.4,239.2,fixation
10:28:2.90025,537.3,239.0,fixation
10:28:2.90075,535.8,238.7,fixation
10:28:2.90125,535.7,238.6,fixation
10:28:2.90175,537.2,238.8,fixation
10:28:2.90225,538.7,239.1,fixation
10:28:2.90275,538.7,239.3,fixation
10:28:2.90325,538.7,239.4,fixation
10:28:2.90375,539.2,239.5,fixation
10:28:2.90425,539.8,239.5,fixation
10:28:2.90475,540.9,240.1,fixation
10:28:2.90525,541.3,240.6,fixation
10:28:2.90575,541.6,241.1,fixation
10:28:2.90625,541.3,240.4,fixation
10:28:2.90675,541.2,239.7,fixation
10:28:2.90725,539.9,240.8,fixation
10:28:2.90775,538.7,242.7,fixation
10:28:2.90825,537.9,245.7,fixation
10:28:2.90875,538.4,246.8,fixation
10:28:2.90925,538.7,247.5,fixation
10:28:2.90975,537.3,246.5,fixation
10:28:2.91025,535.9,245.5,fixation
10:28:2.91075,535.6,247.2,fixation
10:28:2.91125,536.8,249.5,fixation
10:28:2.91175,537.0,251.7,fixation
10:28:2.91225,536.3,252.4,fixation
10:28:2.91275,536.1,253.0,fixation
10:28:2.91325,536.8,253.7,fixation
10:28:2.91375,536.2,253.8,fixation
10:28:2.91425,535.2,254.2,fixation
10:28:2.91475,533.7,255.1,fixation
10:28:2.91525,532.8,256.1,fixation
10:28:2.91575,532.0,256.7,fixation
10:28:2.91625,531.7,256.8,fixation
10:28:2.91675,531.3,257.0,fixation
10:28:2.91725,530.8,257.3,fixation
10:28:2.91775,529.7,257.9,fixation
10:28:2.91825,529.2,258.0,fixation
10:28:2.91875,531.5,258.0,saccade
10:28:2.91925,533.4,258.6,saccade
10:28:2.91975,534.1,259.2,saccade
10:28:2.92025,533.5,259.5,saccade
10:28:2.92075,532.3,259.6,saccade
10:28:2.92125,531.1,259.9,saccade
10:28:2.92175,529.4,260.0,saccade
10:28:2.92225,528.6,260.3,saccade
10:28:2.92275,528.0,260.1,saccade
10:28:2.92325,527.8,259.9,saccade
10:28:2.92375,526.9,259.8,saccade
10:28:2.92425,525.6,260.0,saccade
10:28:2.92475,524.8,260.0,saccade
10:28:2.92525,524.7,259.8,saccade
10:28:2.92575,525.0,255.6,saccade
10:28:2.92625,526.3,250.9,saccade
10:28:2.92675,527.4,246.0,saccade
10:28:2.92725,527.9,244.7,saccade
10:28:2.92775,527.1,240.0,saccade
10:28:2.92825,526.3,235.7,saccade
10:28:2.92875,526.0,231.6,saccade
10:28:2.92925,527.3,227.2,saccade
10:28:2.92975,528.7,221.6,saccade
10:28:2.93025,530.0,215.9,saccade
10:28:2.93075,534.6,203.5,saccade
10:28:2.93125,539.2,192.3,saccade
10:28:2.93175,544.4,190.4,saccade
10:28:2.93225,545.0,199.7,saccade
10:28:2.93275,544.7,221.8,saccade
10:28:2.93325,542.4,235.1,saccade
10:28:2.93375,538.7,262.2,saccade
10:28:2.93425,535.9,276.5,saccade
10:28:2.93475,534.5,316.9,saccade
10:28:2.93525,538.3,370.7,saccade
10:28:2.93575,542.0,451.0,saccade
10:28:2.93625,553.4,517.4,saccade
10:28:2.93675,560.2,611.1,saccade
10:28:2.93725,515.7,676.7,saccade
10:28:2.93775,461.9,746.9,saccade
10:28:2.93825,409.0,767.0,saccade
10:28:2.93875,403.8,803.1,saccade
10:28:2.93925,398.9,829.4,saccade
10:28:2.93975,.,.,blink
10:28:2.94025,.,.,blink
10:28:2.94075,.,.,blink
10:28:2.94125,.,.,blink
10:28:2.94175,.,.,blink
10:28:2.94225,.,.,blink
10:28:2.94275,.,.,blink
10:28:2.94325,.,.,blink
10:28:2.94375,.,.,blink
10:28:2.94425,.,.,blink
10:28:2.94475,.,.,blink
10:28:2.94525,.,.,blink
10:28:2.94575,.,.,blink
10:28:2.94625,.,.,blink
10:28:2.94675,.,.,blink
10:28:2.94725,.,.,blink
10:28:2.94775,.,.,blink
10:28:2.94825,.,.,blink
10:28:2.94875,.,.,blink
10:28:2.94925,.,.,blink
10:28:2.94975,.,.,blink
10:28:2.95025,.,.,blink
10:28:2.95075,.,.,blink
10:28:2.95125,.,.,blink
10:28:2.95175,.,.,blink
10:28:2.95225,.,.,blink
10:28:2.95275,.,.,blink
10:28:2.95325,.,.,blink
10:28:2.95375,.,.,blink
10:28:2.95425,.,.,blink
10:28:2.95475,.,.,blink
10:28:2.95525,.,.,blink
10:28:2.95575,.,.,blink
10:28:2.95625,.,.,blink
10:28:2.95675,.,.,blink
10:28:2.95725,.,.,blink
10:28:2.95775,.,.,blink
10:28:2.95825,.,.,blink
10:28:2.95875,.,.,blink
10:28:2.95925,.,.,blink
10:28:2.95975,.,.,blink
10:28:2.96025,.,.,blink
10:28:2.96075,.,.,blink
10:28:2.96125,.,.,blink
10:28:2.96175,.,.,blink
10:28:2.96225,.,.,blink
10:28:2.96275,.,.,blink
10:28:2.96325,.,.,blink
10:28:2.96375,.,.,blink
10:28:2.96425,.,.,blink
10:28:2.96475,.,.,blink
10:28:2.96525,.,.,blink
10:28:2.96575,.,.,blink
10:28:2.96625,.,.,blink
10:28:2.96675,.,.,blink
10:28:2.96725,.,.,blink
10:28:2.96775,.,.,blink
10:28:2.96825,.,.,blink
10:28:2.96875,.,.,blink
10:28:2.96925,.,.,blink
10:28:2.96975,.,.,blink
10:28:2.97025,.,.,blink
10:28:2.97075,.,.,blink
10:28:2.97125,.,.,blink
10:28:2.97175,.,.,blink
10:28:2.97225,.,.,blink
10:28:2.97275,.,.,blink
10:28:2.97325,.,.,blink
10:28:2.97375,.,.,blink
10:28:2.97425,.,.,blink
10:28:2.97475,.,.,blink
10:28:2.97525,.,.,blink
10:28:2.97575,.,.,blink
10:28:2.97625,.,.,blink
10:28:2.97675,.,.,blink
10:28:2.97725,.,.,blink
10:28:2.97775,.,.,blink
10:28:2.97825,.,.,blink
10:28:2.97875,.,.,blink
10:28:2.97925,.,.,blink
10:28:2.97975,.,.,blink
10:28:2.98025,.,.,blink
10:28:2.98075,.,.,blink
10:28:2.98125,.,.,blink
10:28:2.98175,.,.,blink
10:28:2.98225,.,.,blink
10:28:2.98275,.,.,blink
10:28:2.98325,.,.,blink
10:28:2.98375,.,.,blink
10:28:2.98425,.,.,blink
10:28:2.98475,.,.,blink
10:28:2.98525,.,.,blink
10:28:2.98575,.,.,blink
10:28:2.98625,.,.,blink
10:28:2.98675,.,.,blink
10:28:2.98725,.,.,blink
10:28:2.98775,.,.,blink
10:28:2.98825,.,.,blink
10:28:2.98875,.,.,blink
10:28:2.98925,.,.,blink
10:28:2.98975,.,.,blink
10:28:2.99025,.,.,blink
10:28:2.99075,.,.,blink
10:28:2.99125,.,.,blink
10:28:2.99175,.,.,blink
10:28:2.99225,.,.,blink
10:28:2.99275,.,.,blink
10:28:2.99325,.,.,blink
10:28:2.99375,.,.,blink
10:28:2.99425,.,.,blink
10:28:2.99475,.,.,blink
10:28:2.99525,.,.,blink
10:28:2.99575,.,.,blink
10:28:2.99625,.,.,blink
10:28:2.99675,.,.,blink
10:28:2.99725,.,.,blink
10:28:2.99775,.,.,blink
10:28:2.99825,.,.,blink
10:28:2.99875,.,.,blink
10:28:2.99925,.,.,blink
10:28:2.99975,.,.,blink
10:28:3.00025,.,.,blink
10:28:3.00075,.,.,blink
10:28:3.00125,.,.,blink
10:28:3.00175,.,.,blink
10:28:3.00225,.,.,blink
10:28:3.00275,.,.,blink
10:28:3.00325,.,.,blink
10:28:3.00375,.,.,blink
10:28:3.00425,.,.,blink
10:28:3.00475,.,.,blink
10:28:3.00525,.,.,blink
10:28:3.00575,.,.,blink
10:28:3.00625,.,.,blink
10:28:3.00675,.,.,blink
10:28:3.00725,.,.,blink
10:28:3.00775,.,.,blink
10:28:3.00825,.,.,blink
10:28:3.00875,.,.,blink
10:28:3.00925,.,.,blink
10:28:3.00975,.,.,blink
10:28:3.01025,.,.,blink
10:28:3.01075,.,.,blink
10:28:3.01125,.,.,blink
10:28:3.01175,.,.,blink
10:28:3.01225,.,.,blink
10:28:3.01275,.,.,blink
10:28:3.01325,.,.,blink
10:28:3.01375,.,.,blink
10:28:3.01425,.,.,blink
10:28:3.01475,.,.,blink
10:28:3.01525,.,.,blink
10:28:3.01575,.,.,blink
10:28:3.01625,.,.,blink
10:28:3.01675,.,.,blink
10:28:3.01725,.,.,blink
10:28:3.01775,.,.,blink
10:28:3.01825,.,.,blink
10:28:3.01875,.,.,blink
10:28:3.01925,.,.,blink
10:28:3.01975,.,.,blink
10:28:3.02025,.,.,blink
10:28:3.02075,.,.,blink
10:28:3.02125,.,.,blink
10:28:3.02175,.,.,blink
10:28:3.02225,.,.,blink
10:28:3.02275,.,.,blink
10:28:3.02325,.,.,blink
10:28:3.02375,.,.,blink
10:28:3.02425,.,.,blink
10:28:3.02475,.,.,blink
10:28:3.02525,.,.,blink
10:28:3.02575,.,.,blink
10:28:3.02625,582.4,239.3,fixation
10:28:3.02675,581.2,239.2,fixation
10:28:3.02725,580.5,239.3,fixation
10:28:3.02775,580.4,239.4,fixation
10:28:3.02825,580.2,238.4,fixation
10:28:3.02875,580.2,237.3,fixation
10:28:3.02925,580.2,236.3,fixation
10:28:3.02975,580.2,236.7,fixation
10:28:3.03025,580.2,237.2,fixation
10:28:3.03075,580.2,237.6,fixation
10:28:3.03125,580.0,237.5,fixation
10:28:3.03175,579.8,237.4,fixation
10:28:3.03225,578.8,237.2,fixation
10:28:3.03275,577.9,236.9,fixation
10:28:3.03325,578.0,236.6,fixation
10:28:3.03375,578.7,236.7,fixation
10:28:3.03425,579.8,237.2,fixation
10:28:3.03475,580.1,237.5,fixation
10:28:3.03525,580.4,237.4,fixation
10:28:3.03575,580.4,237.3,fixation
10:28:3.03625,580.5,237.5,fixation
10:28:3.03675,580.6,239.4,fixation
10:28:3.03725,579.1,240.9,fixation
10:28:3.03775,577.5,240.2,fixation
10:28:3.03825,576.3,238.2,fixation
10:28:3.03875,577.6,236.3,fixation
10:28:3.03925,578.8,236.3,fixation
10:28:3.03975,579.7,237.4,fixation
10:28:3.04025,579.8,238.4,fixation
10:28:3.04075,579.8,237.3,fixation
10:28:3.04125,580.1,235.6,fixation
10:28:3.04175,580.5,234.4,fixation
10:28:3.04225,580.7,236.4,fixation
10:28:3.04275,580.7,237.9,fixation
10:28:3.04325,580.4,239.0,fixation
10:28:3.04375,580.4,238.9,fixation
10:28:3.04425,579.9,238.8,fixation
10:28:3.04475,579.4,238.8,fixation
10:28:3.04525,580.0,238.8,fixation
10:28:3.04575,581.0,238.9,fixation
10:28:3.04625,581.7,238.4,fixation
10:28:3.04675,581.0,237.6,fixation
10:28:3.04725,580.2,236.7,fixation
10:28:3.04775,579.7,237.2,fixation
10:28:3.04825,579.7,238.1,fixation
10:28:3.04875,579.9,237.6,fixation
10:28:3.04925,580.1,236.1,fixation
10:28:3.04975,580.5,234.7,fixation
10:28:3.05025,580.6,234.8,fixation
10:28:3.05075,580.6,235.0,fixation
10:28:3.05125,580.5,235.2,fixation
10:28:3.05175,579.3,235.7,fixation
10:28:3.05225,578.3,236.3,fixation
10:28:3.05275,577.7,237.1,fixation
10:28:3.05325,578.8,237.4,fixation
10:28:3.05375,580.1,237.5,fixation
10:28:3.05425,580.9,237.2,fixation
10:28:3.05475,581.0,237.0,fixation
10:28:3.05525,581.3,237.6,fixation
10:28:3.05575,581.6,238.1,fixation
10:28:3.05625,581.8,238.6,fixation
10:28:3.05675,581.8,237.8,fixation
10:28:3.05725,581.8,237.9,fixation
10:28:3.05775,581.8,238.8,fixation
10:28:3.05825,581.8,240.5,fixation
10:28:3.05875,579.8,238.7,fixation
10:28:3.05925,577.9,236.1,fixation
10:28:3.05975,578.1,235.5,fixation
10:28:3.06025,581.5,237.0,fixation
10:28:3.06075,585.0,238.6,fixation
10:28:3.06125,585.7,238.1,fixation
10:28:3.06175,583.1,238.0,fixation
10:28:3.06225,580.4,237.8,fixation
10:28:3.06275,578.2,237.8,fixation
10:28:3.06325,578.0,237.8,fixation
10:28:3.06375,578.2,237.7,fixation
10:28:3.06425,578.5,237.2,fixation
10:28:3.06475,579.2,236.0,fixation
10:28:3.06525,579.6,235.5,fixation
10:28:3.06575,579.7,235.2,fixation
10:28:3.06625,579.7,235.4,fixation
10:28:3.06675,579.8,235.1,fixation
10:28:3.06725,580.1,234.8,fixation
10:28:3.06775,580.3,234.8,fixation
10:28:3.06825,580.5,234.7,fixation
10:28:3.06875,581.2,234.7,fixation
10:28:3.06925,581.6,234.6,fixation
10:28:3.06975,581.1,234.7,fixation
10:28:3.07025,580.1,234.9,fixation
10:28:3.07075,579.1,235.1,fixation
10:28:3.07125,579.1,235.7,fixation
10:28:3.07175,580.6,236.0,fixation
10:28:3.07225,582.0,236.3,fixation
10:28:3.07275,583.4,237.0,fixation
10:28:3.07325,583.3,237.7,fixation
10:28:3.07375,582.4,237.6,fixation
10:28:3.07425,581.5,236.2,fixation
10:28:3.07475,580.8,233.9,fixation
10:28:3.07525,581.0,232.4,fixation
10:28:3.07575,580.6,232.0,fixation
10:28:3.07625,580.1,232.3,fixation
10:28:3.07675,578.7,232.3,fixation
10:28:3.07725,577.9,231.7,fixation
10:28:3.07775,579.0,231.3,fixation
10:28:3.07825,581.0,231.2,fixation
10:28:3.07875,582.9,232.7,fixation
10:28:3.07925,583.0,234.6,fixation
10:28:3.07975,583.2,236.4,fixation
10:28:3.08025,582.1,236.6,fixation
10:28:3.08075,580.9,238.2,fixation
10:28:3.08125,579.5,239.9,fixation
10:28:3.08175,579.1,240.2,fixation
10:28:3.08225,578.3,238.9,fixation
10:28:3.08275,577.8,237.6,fixation
10:28:3.08325,577.6,237.8,fixation
10:28:3.08375,577.9,237.8,fixation
10:28:3.08425,578.6,237.8,fixation
10:28:3.08475,579.5,237.9,fixation
10:28:3.08525,580.7,237.9,fixation
10:28:3.08575,581.4,237.9,fixation
10:28:3.08625,581.8,237.9,fixation
10:28:3.08675,581.1,237.2,fixation
10:28:3.08725,580.3,235.3,fixation
10:28:3.08775,579.6,233.4,fixation
10:28:3.08825,580.5,232.3,fixation
10:28:3.08875,581.2,232.4,fixation
10:28:3.08925,581.8,233.2,fixation
10:28:3.08975,581.5,234.0,fixation
10:28:3.09025,581.4,235.0,fixation
10:28:3.09075,581.0,235.4,fixation
10:28:3.09125,579.9,234.0,fixation
10:28:3.09175,578.7,232.3,fixation
10:28:3.09225,577.7,231.7,fixation
10:28:3.09275,577.2,232.8,fixation
10:28:3.09325,576.9,233.9,fixation
10:28:3.09375,576.5,233.8,fixation
10:28:3.09425,576.4,233.7,fixation
10:28:3.09475,576.7,233.7,fixation
10:28:3.09525,577.1,234.0,fixation
10:28:3.09575,577.6,234.0,fixation
10:28:3.09625,576.7,233.3,fixation
10:28:3.09675,575.8,232.4,fixation
10:28:3.09725,574.9,231.9,fixation
10:28:3.09775,576.7,231.9,fixation
10:28:3.09825,578.5,231.8,fixation
10:28:3.09875,579.9,231.7,fixation
10:28:3.09925,579.7,234.0,fixation
10:28:3.09975,580.5,236.5,fixation
10:28:3.10025,581.5,238.9,fixation
10:28:3.10075,581.3,238.9,fixation
10:28:3.10125,580.1,237.3,fixation
10:28:3.10175,577.9,235.1,fixation
10:28:3.10225,577.0,232.9,fixation
10:28:3.10275,577.0,233.8,fixation
10:28:3.10325,577.8,235.3,fixation
10:28:3.10375,578.9,235.4,fixation
10:28:3.10425,579.0,234.0,fixation
10:28:3.10475,579.3,233.1,fixation
10:28:3.10525,579.6,233.7,fixation
10:28:3.10575,579.9,234.1,fixation
10:28:3.10625,579.7,234.0,fixation
10:28:3.10675,579.4,233.8,fixation
10:28:3.10725,577.9,231.9,fixation
10:28:3.10775,576.6,230.1,fixation
10:28:3.10825,577.2,228.6,fixation
10:28:3.10875,578.9,229.1,fixation
10:28:3.10925,580.7,232.3,fixation
10:28:3.10975,580.8,235.1,fixation
10:28:3.11025,579.8,236.6,fixation
10:28:3.11075,578.7,235.4,fixation
10:28:3.11125,577.6,234.1,fixation
10:28:3.11175,577.1,231.7,fixation
10:28:3.11225,576.1,229.6,fixation
10:28:3.11275,575.1,227.9,fixation
10:28:3.11325,574.6,228.6,fixation
10:28:3.11375,574.5,229.6,fixation
10:28:3.11425,574.5,231.4,fixation
10:28:3.11475,574.3,232.9,fixation
10:28:3.11525,574.0,231.5,fixation
10:28:3.11575,574.1,228.8,fixation
10:28:3.11625,575.5,227.8,fixation
10:28:3.11675,576.8,229.4,fixation
10:28:3.11725,577.3,231.0,fixation
10:28:3.11775,576.5,231.5,fixation
10:28:3.11825,575.7,232.2,fixation
10:28:3.11875,574.8,232.9,fixation
10:28:3.11925,574.4,232.7,fixation
10:28:3.11975,574.5,232.2,fixation
10:28:3.12025,575.4,231.7,fixation
10:28:3.12075,576.4,231.5,fixation
10:28:3.12125,577.3,231.8,fixation
10:28:3.12175,577.8,232.1,fixation
10:28:3.12225,577.1,232.3,fixation
10:28:3.12275,575.8,232.2,fixation
10:28:3.12325,574.6,232.1,fixation
10:28:3.12375,575.9,232.9,fixation
10:28:3.12425,578.3,234.3,fixation
10:28:3.12475,580.7,235.8,fixation
10:28:3.12525,579.8,235.2,fixation
10:28:3.12575,578.1,233.4,fixation
10:28:3.12625,576.5,231.6,fixation
10:28:3.12675,576.4,231.0,fixation
10:28:3.12725,576.2,231.0,fixation
10:28:3.12775,577.3,231.0,fixation
10:28:3.12825,578.8,231.0,fixation
10:28:3.12875,580.4,231.0,fixation
10:28:3.12925,580.6,231.0,fixation
10:28:3.12975,580.1,231.7,fixation
10:28:3.13025,578.6,232.4,fixation
10:28:3.13075,577.1,233.4,fixation
10:28:3.13125,576.3,233.7,fixation
10:28:3.13175,576.4,232.7,fixation
10:28:3.13225,576.0,231.3,fixation
10:28:3.13275,575.5,230.8,fixation
10:28:3.13325,574.9,232.5,fixation
10:28:3.13375,575.8,234.1,fixation
10:28:3.13425,576.5,235.2,fixation
10:28:3.13475,577.2,235.6,fixation
10:28:3.13525,577.0,235.3,fixation
10:28:3.13575,576.9,234.0,fixation
10:28:3.13625,576.3,232.6,fixation
10:28:3.13675,575.7,231.7,fixation
10:28:3.13725,575.2,231.5,fixation
10:28:3.13775,574.3,230.7,fixation
10:28:3.13825,573.5,230.0,fixation
10:28:3.13875,573.5,231.9,fixation
10:28:3.13925,574.5,234.5,fixation
10:28:3.13975,576.2,234.4,fixation
10:28:3.14025,577.0,231.7,fixation
10:28:3.14075,577.2,230.2,fixation
10:28:3.14125,576.7,231.5,fixation
10:28:3.14175,576.7,232.8,fixation
10:28:3.14225,576.8,232.9,fixation
10:28:3.14275,577.0,232.7,fixation
10:28:3.14325,576.9,232.6,fixation
10:28:3.14375,577.0,232.9,fixation
10:28:3.14425,577.0,233.5,fixation
10:28:3.14475,578.0,234.2,fixation
10:28:3.14525,579.1,234.6,fixation
10:28:3.14575,579.8,234.7,fixation
10:28:3.14625,579.0,234.5,fixation
10:28:3.14675,577.8,234.3,fixation
10:28:3.14725,577.1,232.4,fixation
10:28:3.14775,576.7,230.7,fixation
10:28:3.14825,576.7,229.3,fixation
10:28:3.14875,577.3,229.6,fixation
10:28:3.14925,577.8,230.2,fixation
10:28:3.14975,578.3,230.8,fixation
10:28:3.15025,578.4,232.0,fixation
10:28:3.15075,578.5,232.9,fixation
10:28:3.15125,578.6,233.5,fixation
10:28:3.15175,578.6,231.3,fixation
10:28:3.15225,578.4,229.2,fixation
10:28:3.15275,578.2,229.6,fixation
10:28:3.15325,578.4,232.0,fixation
10:28:3.15375,578.9,234.4,fixation
10:28:3.15425,579.5,234.5,fixation
10:28:3.15475,580.2,234.5,fixation
10:28:3.15525,580.6,234.5,fixation
10:28:3.15575,580.6,234.5,fixation
10:28:3.15625,579.9,234.4,fixation
10:28:3.15675,579.1,234.2,fixation
10:28:3.15725,578.7,234.0,fixation
10:28:3.15775,578.8,233.8,fixation
10:28:3.15825,578.8,233.6,fixation
10:28:3.15875,578.8,233.4,fixation
10:28:3.15925,578.8,233.2,fixation
10:28:3.15975,578.8,231.9,fixation
10:28:3.16025,579.0,231.0,fixation
10:28:3.16075,579.1,230.2,fixation
10:28:3.16125,579.2,230.3,fixation
10:28:3.16175,579.3,230.1,fixation
10:28:3.16225,579.4,230.2,fixation
10:28:3.16275,579.4,230.7,fixation
10:28:3.16325,579.4,231.2,fixation
10:28:3.16375,579.3,230.9,fixation
10:28:3.16425,579.1,229.8,fixation
10:28:3.16475,579.2,228.8,fixation
10:28:3.16525,579.3,228.1,fixation
10:28:3.16575,579.2,227.9,fixation
10:28:3.16625,578.9,228.9,fixation
10:28:3.16675,578.6,230.4,fixation
10:28:3.16725,578.7,231.9,fixation
10:28:3.16775,578.8,232.5,fixation
10:28:3.16825,580.3,232.8,fixation
10:28:3.16875,581.7,233.1,fixation
10:28:3.16925,580.9,232.3,fixation
10:28:3.16975,578.8,231.0,fixation
10:28:3.17025,576.7,229.7,fixation
10:28:3.17075,576.7,230.8,fixation
10:28:3.17125,577.1,233.5,fixation
10:28:3.17175,577.4,236.2,fixation
10:28:3.17225,576.6,235.1,fixation
10:28:3.17275,574.9,233.1,fixation
10:28:3.17325,573.1,231.2,fixation
10:28:3.17375,575.4,231.6,fixation
10:28:3.17425,578.2,232.1,fixation
10:28:3.17475,580.9,233.7,fixation
10:28:3.17525,580.8,234.9,fixation
10:28:3.17575,580.1,236.0,fixation
10:28:3.17625,578.7,235.9,fixation
10:28:3.17675,577.3,235.7,fixation
10:28:3.17725,576.4,235.2,fixation
10:28:3.17775,576.2,234.7,fixation
10:28:3.17825,576.7,234.5,fixation
10:28:3.17875,577.2,234.8,fixation
10:28:3.17925,579.3,235.2,fixation
10:28:3.17975,580.7,235.5,fixation
10:28:3.18025,582.0,235.3,fixation
10:28:3.18075,581.3,235.2,fixation
10:28:3.18125,580.1,235.1,fixation
10:28:3.18175,579.5,233.3,fixation
10:28:3.18225,579.4,231.3,fixation
10:28:3.18275,579.5,229.4,fixation
10:28:3.18325,579.0,229.5,fixation
10:28:3.18375,578.5,229.6,fixation
10:28:3.18425,578.5,230.1,fixation
10:28:3.18475,578.7,230.7,fixation
10:28:3.18525,578.8,232.6,fixation
10:28:3.18575,578.7,233.9,fixation
10:28:3.18625,578.6,234.5,fixation
10:28:3.18675,577.9,232.6,fixation
10:28:3.18725,576.7,230.6,fixation
10:28:3.18775,575.6,229.3,fixation
10:28:3.18825,575.3,229.1,fixation
10:28:3.18875,575.5,228.8,fixation
10:28:3.18925,575.6,228.6,fixation
10:28:3.18975,576.2,228.6,fixation
10:28:3.19025,576.6,229.0,fixation
10:28:3.19075,576.9,229.6,fixation
10:28:3.19125,578.2,230.3,fixation
10:28:3.19175,579.8,230.2,fixation
10:28:3.19225,580.2,229.7,fixation
10:28:3.19275,579.0,229.0,fixation
10:28:3.19325,577.6,228.8,fixation
10:28:3.19375,577.5,228.5,fixation
10:28:3.19425,578.4,228.8,fixation
10:28:3.19475,579.5,229.1,fixation
10:28:3.19525,580.7,229.9,fixation
10:28:3.19575,580.1,230.5,fixation
10:28:3.19625,579.4,231.2,fixation
10:28:3.19675,579.3,231.7,fixation
10:28:3.19725,580.0,231.9,fixation
10:28:3.19775,579.0,230.2,fixation
10:28:3.19825,578.0,228.7,fixation
10:28:3.19875,577.7,227.2,fixation
10:28:3.19925,579.4,229.0,fixation
10:28:3.19975,580.4,230.7,fixation
10:28:3.20025,580.8,232.5,fixation
10:28:3.20075,579.9,232.5,fixation
10:28:3.20125,578.6,232.2,fixation
10:28:3.20175,577.3,231.6,fixation
10:28:3.20225,578.3,231.2,fixation
10:28:3.20275,579.4,231.1,fixation
10:28:3.20325,580.6,229.0,fixation
10:28:3.20375,579.0,226.3,fixation
10:28:3.20425,577.5,223.7,fixation
10:28:3.20475,576.0,223.7,fixation
10:28:3.20525,577.0,224.6,fixation
10:28:3.20575,578.1,225.4,fixation
10:28:3.20625,579.2,225.2,fixation
10:28:3.20675,579.3,224.6,fixation
10:28:3.20725,579.8,224.8,fixation
10:28:3.20775,580.2,225.6,fixation
10:28:3.20825,580.3,226.7,fixation
10:28:3.20875,579.7,227.5,fixation
10:28:3.20925,578.7,228.2,fixation
10:28:3.20975,577.7,228.6,fixation
10:28:3.21025,576.5,227.8,fixation
10:28:3.21075,575.7,227.1,fixation
10:28:3.21125,575.2,226.6,fixation
10:28:3.21175,575.3,227.3,fixation
10:28:3.21225,576.2,228.1,fixation
10:28:3.21275,578.1,228.9,fixation
10:28:3.21325,580.1,229.3,fixation
10:28:3.21375,581.4,228.8,fixation
10:28:3.21425,581.7,228.1,fixation
10:28:3.21475,582.4,227.0,saccade
10:28:3.21525,582.5,226.1,saccade
10:28:3.21575,582.4,224.8,saccade
10:28:3.21625,582.3,223.6,saccade
10:28:3.21675,581.4,223.2,saccade
10:28:3.21725,580.4,223.5,saccade
10:28:3.21775,579.2,223.7,saccade
10:28:3.21825,578.7,223.4,saccade
10:28:3.21875,576.9,223.0,saccade
10:28:3.21925,574.5,222.6,saccade
10:28:3.21975,572.1,223.4,saccade
10:28:3.22025,570.9,224.3,saccade
10:28:3.22075,570.5,225.3,saccade
10:28:3.22125,568.7,223.7,saccade
10:28:3.22175,565.3,221.9,saccade
10:28:3.22225,562.0,219.8,saccade
10:28:3.22275,560.4,219.3,saccade
10:28:3.22325,557.1,218.8,saccade
10:28:3.22375,553.0,218.5,saccade
10:28:3.22425,548.4,220.1,saccade
10:28:3.22475,546.3,221.7,saccade
10:28:3.22525,544.5,223.5,saccade
10:28:3.22575,542.3,223.6,saccade
10:28:3.22625,539.9,223.9,saccade
10:28:3.22675,537.6,225.4,saccade
10:28:3.22725,533.0,226.7,saccade
10:28:3.22775,527.4,227.9,saccade
10:28:3.22825,522.5,228.1,saccade
10:28:3.22875,520.6,228.5,saccade
10:28:3.22925,517.5,227.5,saccade
10:28:3.22975,514.5,226.1,saccade
10:28:3.23025,511.4,224.5,saccade
10:28:3.23075,509.2,224.0,saccade
10:28:3.23125,507.0,223.8,saccade
10:28:3.23175,504.8,223.7,saccade
10:28:3.23225,504.4,223.8,saccade
10:28:3.23275,503.5,223.6,saccade
10:28:3.23325,501.2,223.3,saccade
10:28:3.23375,499.4,223.0,saccade
10:28:3.23425,498.9,223.1,saccade
10:28:3.23475,499.7,223.4,saccade
10:28:3.23525,500.6,225.2,saccade
10:28:3.23575,500.5,227.0,saccade
10:28:3.23625,501.3,230.1,fixation
10:28:3.23675,502.1,230.0,fixation
10:28:3.23725,502.8,229.3,fixation
10:28:3.23775,502.5,228.5,fixation
10:28:3.23825,502.4,228.7,fixation
10:28:3.23875,502.6,228.8,fixation
10:28:3.23925,502.9,228.9,fixation
10:28:3.23975,503.6,228.9,fixation
10:28:3.24025,504.0,228.6,fixation
10:28:3.24075,504.0,228.2,fixation
10:28:3.24125,503.3,227.3,fixation
10:28:3.24175,502.5,226.8,fixation
10:28:3.24225,502.0,226.0,fixation
10:28:3.24275,501.9,225.3,fixation
10:28:3.24325,501.5,224.4,fixation
10:28:3.24375,500.7,223.8,fixation
10:28:3.24425,499.6,223.4,fixation
10:28:3.24475,499.0,223.1,fixation
10:28:3.24525,498.7,222.8,fixation
10:28:3.24575,498.8,222.7,fixation
10:28:3.24625,500.3,222.8,fixation
10:28:3.24675,501.8,224.1,fixation
10:28:3.24725,503.2,225.4,fixation
10:28:3.24775,503.4,226.7,fixation
10:28:3.24825,504.0,226.6,fixation
10:28:3.24875,504.6,226.4,fixation
10:28:3.24925,503.8,226.6,fixation
10:28:3.24975,502.6,226.8,fixation
10:28:3.25025,501.1,226.9,fixation
10:28:3.25075,500.9,226.4,fixation
10:28:3.25125,502.1,226.1,fixation
10:28:3.25175,503.2,226.2,fixation
10:28:3.25225,504.4,227.1,fixation
10:28:3.25275,504.2,227.9,fixation
10:28:3.25325,504.3,228.6,fixation
10:28:3.25375,504.2,228.4,fixation
10:28:3.25425,504.2,228.2,fixation
10:28:3.25475,504.6,227.9,fixation
10:28:3.25525,505.0,226.9,fixation
10:28:3.25575,505.4,226.1,fixation
10:28:3.25625,505.3,226.8,fixation
10:28:3.25675,505.4,228.3,fixation
10:28:3.25725,505.7,229.6,fixation
10:28:3.25775,505.7,228.8,fixation
10:28:3.25825,505.3,228.1,fixation
10:28:3.25875,505.0,229.4,fixation
10:28:3.25925,504.9,231.1,fixation
10:28:3.25975,505.0,231.1,fixation
10:28:3.26025,504.5,229.4,fixation
10:28:3.26075,503.7,228.6,fixation
10:28:3.26125,502.5,229.3,fixation
10:28:3.26175,501.3,230.0,fixation
10:28:3.26225,500.6,229.4,fixation
10:28:3.26275,501.3,228.4,fixation
10:28:3.26325,502.2,227.7,fixation
10:28:3.26375,501.6,227.7,fixation
10:28:3.26425,499.9,227.9,fixation
10:28:3.26475,498.9,227.7,fixation
10:28:3.26525,500.2,226.8,fixation
10:28:3.26575,501.6,226.1,fixation
10:28:3.26625,502.4,226.1,fixation
10:28:3.26675,503.4,227.1,fixation
10:28:3.26725,504.5,228.8,fixation
10:28:3.26775,505.6,229.9,fixation
10:28:3.26825,505.9,230.5,fixation
10:28:3.26875,506.1,228.5,fixation
10:28:3.26925,506.3,226.5,fixation
10:28:3.26975,506.5,225.0,fixation
10:28:3.27025,506.6,226.0,fixation
10:28:3.27075,506.4,227.3,fixation
10:28:3.27125,505.9,228.0,fixation
10:28:3.27175,505.1,227.5,fixation
10:28:3.27225,504.5,226.2,fixation
10:28:3.27275,504.3,224.8,fixation
10:28:3.27325,503.1,224.1,fixation
10:28:3.27375,502.0,224.1,fixation
10:28:3.27425,500.9,224.1,fixation
10:28:3.27475,500.8,224.9,fixation
10:28:3.27525,500.6,225.6,fixation
10:28:3.27575,501.6,226.4,fixation
10:28:3.27625,502.6,226.4,fixation
10:28:3.27675,503.3,226.4,fixation
10:28:3.27725,502.9,226.4,fixation
10:28:3.27775,502.3,226.4,fixation
10:28:3.27825,502.1,226.4,fixation
10:28:3.27875,501.4,227.8,fixation
10:28:3.27925,501.1,229.2,fixation
10:28:3.27975,502.9,230.7,fixation
10:28:3.28025,505.6,230.8,fixation
10:28:3.28075,508.3,230.9,fixation
10:28:3.28125,508.8,230.6,fixation
10:28:3.28175,507.2,230.0,fixation
10:28:3.28225,505.6,229.0,fixation
10:28:3.28275,505.1,228.4,fixation
10:28:3.28325,506.2,227.9,fixation
10:28:3.28375,507.2,227.4,fixation
10:28:3.28425,505.7,225.6,fixation
10:28:3.28475,504.2,224.0,fixation
10:28:3.28525,502.6,222.9,fixation
10:28:3.28575,502.3,223.3,fixation
10:28:3.28625,502.1,226.3,fixation
10:28:3.28675,502.1,229.0,fixation
10:28:3.28725,502.9,230.6,fixation
10:28:3.28775,504.2,229.6,fixation
10:28:3.28825,504.9,228.5,fixation
10:28:3.28875,505.0,228.5,fixation
10:28:3.28925,504.6,227.6,fixation
10:28:3.28975,504.8,225.8,fixation
10:28:3.29025,504.8,224.0,fixation
10:28:3.29075,504.6,225.0,fixation
10:28:3.29125,505.1,226.9,fixation
10:28:3.29175,505.6,229.7,fixation
10:28:3.29225,506.3,230.6,fixation
10:28:3.29275,506.5,231.5,fixation
10:28:3.29325,506.3,230.5,fixation
10:28:3.29375,506.0,229.5,fixation
10:28:3.29425,505.7,228.9,fixation
10:28:3.29475,504.0,229.3,fixation
10:28:3.29525,503.0,229.8,fixation
10:28:3.29575,502.8,230.2,fixation
10:28:3.29625,504.3,230.5,fixation
10:28:3.29675,504.0,230.1,fixation
10:28:3.29725,502.8,229.5,fixation
10:28:3.29775,503.7,229.3,fixation
10:28:3.29825,505.6,230.0,fixation
10:28:3.29875,506.3,230.6,fixation
10:28:3.29925,505.1,229.7,fixation
10:28:3.29975,503.7,227.3,fixation
10:28:3.30025,503.0,225.0,fixation
10:28:3.30075,502.2,225.7,fixation
10:28:3.30125,501.7,227.5,fixation
10:28:3.30175,502.3,229.4,fixation
10:28:3.30225,502.8,229.5,fixation
10:28:3.30275,503.1,228.9,fixation
10:28:3.30325,502.8,226.5,fixation
10:28:3.30375,502.4,224.2,fixation
10:28:3.30425,501.9,224.1,fixation
10:28:3.30475,501.2,225.6,fixation
10:28:3.30525,500.5,227.8,fixation
10:28:3.30575,500.5,228.4,fixation
10:28:3.30625,501.3,228.3,fixation
10:28:3.30675,502.0,227.6,fixation
10:28:3.30725,502.1,227.1,fixation
10:28:3.30775,501.7,227.6,fixation
10:28:3.30825,501.6,227.9,fixation
10:28:3.30875,502.0,227.9,fixation
10:28:3.30925,502.3,227.4,fixation
10:28:3.30975,502.2,227.1,fixation
10:28:3.31025,502.1,226.8,fixation
10:28:3.31075,502.6,226.8,fixation
10:28:3.31125,503.1,226.5,fixation
10:28:3.31175,503.7,226.3,fixation
10:28:3.31225,502.9,227.0,fixation
10:28:3.31275,502.2,228.0,fixation
10:28:3.31325,501.9,229.1,fixation
10:28:3.31375,502.4,229.1,fixation
10:28:3.31425,502.8,229.1,fixation
10:28:3.31475,502.6,229.4,fixation
10:28:3.31525,502.4,229.7,fixation
10:28:3.31575,503.2,230.2,fixation
10:28:3.31625,504.2,230.4,fixation
10:28:3.31675,504.3,228.4,fixation
10:28:3.31725,503.5,226.1,fixation
10:28:3.31775,502.8,224.4,fixation
10:28:3.31825,503.2,225.1,fixation
10:28:3.31875,503.5,225.8,fixation
10:28:3.31925,503.4,226.2,fixation
10:28:3.31975,503.0,226.4,fixation
10:28:3.32025,502.5,226.6,fixation
10:28:3.32075,502.0,226.4,fixation
10:28:3.32125,501.4,226.4,fixation
10:28:3.32175,499.7,226.4,fixation
10:28:3.32225,498.1,225.0,fixation
10:28:3.32275,497.2,223.6,fixation
10:28:3.32325,498.0,224.8,fixation
10:28:3.32375,500.7,227.2,fixation
10:28:3.32425,502.1,229.4,fixation
10:28:3.32475,503.1,229.0,fixation
10:28:3.32525,502.4,228.8,fixation
10:28:3.32575,502.5,228.8,fixation
10:28:3.32625,502.6,228.7,fixation
10:28:3.32675,503.0,228.7,fixation
10:28:3.32725,503.3,227.8,fixation
10:28:3.32775,502.3,227.0,fixation
10:28:3.32825,501.1,228.0,fixation
10:28:3.32875,500.1,229.8,fixation
10:28:3.32925,500.4,230.6,fixation
10:28:3.32975,501.1,229.5,fixation
10:28:3.33025,501.7,228.6,fixation
10:28:3.33075,502.2,229.0,fixation
10:28:3.33125,502.5,229.3,fixation
10:28:3.33175,503.7,229.7,fixation
10:28:3.33225,505.0,229.9,fixation
10:28:3.33275,506.3,230.6,fixation
10:28:3.33325,506.4,231.2,fixation
10:28:3.33375,506.5,229.9,fixation
10:28:3.33425,506.6,227.2,fixation
10:28:3.33475,505.2,224.5,fixation
10:28:3.33525,503.3,224.6,fixation
10:28:3.33575,501.4,225.3,fixation
10:28:3.33625,502.5,225.8,fixation
10:28:3.33675,504.1,225.5,fixation
10:28:3.33725,505.7,224.7,fixation
10:28:3.33775,505.9,224.3,fixation
10:28:3.33825,504.6,223.7,fixation
10:28:3.33875,503.2,223.8,fixation
10:28:3.33925,501.8,224.0,fixation
10:28:3.33975,501.8,224.2,fixation
10:28:3.34025,501.8,223.7,fixation
10:28:3.34075,502.1,222.9,fixation
10:28:3.34125,503.2,222.1,fixation
10:28:3.34175,504.3,222.1,fixation
10:28:3.34225,504.7,223.4,fixation
10:28:3.34275,503.8,224.6,fixation
10:28:3.34325,502.9,225.9,fixation
10:28:3.34375,502.4,227.8,fixation
10:28:3.34425,502.2,229.7,fixation
10:28:3.34475,501.9,230.9,fixation
10:28:3.34525,501.6,229.8,fixation
10:28:3.34575,501.4,228.4,fixation
10:28:3.34625,501.5,227.6,fixation
10:28:3.34675,501.8,228.5,fixation
10:28:3.34725,501.4,228.9,fixation
10:28:3.34775,500.8,229.2,fixation
10:28:3.34825,501.0,230.6,fixation
10:28:3.34875,501.9,232.7,fixation
10:28:3.34925,502.9,234.7,fixation
10:28:3.34975,502.9,233.6,fixation
10:28:3.35025,502.9,231.7,fixation
10:28:3.35075,502.3,229.7,fixation
10:28:3.35125,501.5,228.5,fixation
10:28:3.35175,500.7,228.1,fixation
10:28:3.35225,501.3,228.1,fixation
10:28:3.35275,501.9,228.6,fixation
10:28:3.35325,501.9,229.0,fixation
10:28:3.35375,501.0,229.9,fixation
10:28:3.35425,500.7,230.5,fixation
10:28:3.35475,501.2,231.6,fixation
10:28:3.35525,502.3,232.2,fixation
10:28:3.35575,503.2,231.8,fixation
10:28:3.35625,503.9,230.8,fixation
10:28:3.35675,503.9,229.8,fixation
10:28:3.35725,503.9,229.8,fixation
10:28:3.35775,504.2,229.8,fixation
10:28:3.35825,504.8,229.8,fixation
10:28:3.35875,504.8,229.8,fixation
10:28:3.35925,504.1,229.7,fixation
10:28:3.35975,503.5,229.7,fixation
10:28:3.36025,503.8,229.6,fixation
10:28:3.36075,504.5,229.4,fixation
10:28:3.36125,504.8,229.3,fixation
10:28:3.36175,506.5,229.4,fixation
10:28:3.36225,508.1,229.0,fixation
10:28:3.36275,507.1,228.4,fixation
10:28:3.36325,504.5,227.7,fixation
10:28:3.36375,502.0,225.9,fixation
10:28:3.36425,502.2,224.3,fixation
10:28:3.36475,502.4,224.3,fixation
10:28:3.36525,502.3,225.3,fixation
10:28:3.36575,502.2,225.8,fixation
10:28:3.36625,502.2,224.6,fixation
10:28:3.36675,502.7,226.0,fixation
10:28:3.36725,504.1,228.1,fixation
10:28:3.36775,505.1,229.5,fixation
10:28:3.36825,505.8,228.1,fixation
10:28:3.36875,505.8,226.8,fixation
10:28:3.36925,505.8,226.4,fixation
10:28:3.36975,505.6,226.8,fixation
10:28:3.37025,505.3,226.9,fixation
10:28:3.37075,504.5,226.4,fixation
10:28:3.37125,504.4,225.9,fixation
10:28:3.37175,505.0,226.1,fixation
10:28:3.37225,506.1,226.9,fixation
10:28:3.37275,506.3,227.8,fixation
10:28:3.37325,505.7,228.0,fixation
10:28:3.37375,505.2,226.7,fixation
10:28:3.37425,505.1,225.1,fixation
10:28:3.37475,504.8,224.8,fixation
10:28:3.37525,504.3,226.0,fixation
10:28:3.37575,503.7,227.2,fixation
10:28:3.37625,504.0,227.3,fixation
10:28:3.37675,504.1,227.6,fixation
10:28:3.37725,504.2,228.2,fixation
10:28:3.37775,504.0,229.3,fixation
10:28:3.37825,503.9,231.2,fixation
10:28:3.37875,503.9,232.4,fixation
10:28:3.37925,503.9,233.0,fixation
10:28:3.37975,503.7,232.5,fixation
10:28:3.38025,503.5,232.2,fixation
10:28:3.38075,502.7,228.3,fixation
10:28:3.38125,501.3,224.6,fixation
10:28:3.38175,500.0,220.9,fixation
10:28:3.38225,501.5,221.5,fixation
10:28:3.38275,503.8,222.4,fixation
10:28:3.38325,506.7,223.4,fixation
10:28:3.38375,507.5,223.9,fixation
10:28:3.38425,508.3,224.3,fixation
10:28:3.38475,508.5,224.5,fixation
10:28:3.38525,508.4,226.3,fixation
10:28:3.38575,506.9,227.9,fixation
10:28:3.38625,505.3,229.4,fixation
10:28:3.38675,504.7,229.2,fixation
10:28:3.38725,505.3,228.7,fixation
10:28:3.38775,505.8,228.4,fixation
10:28:3.38825,505.7,228.4,fixation
10:28:3.38875,506.7,228.6,fixation
10:28:3.38925,507.9,228.5,fixation
10:28:3.38975,508.6,228.3,fixation
10:28:3.39025,507.6,228.7,fixation
10:28:3.39075,506.6,229.6,fixation
10:28:3.39125,506.1,230.4,fixation
10:28:3.39175,506.1,230.9,fixation
10:28:3.39225,506.1,231.0,fixation
10:28:3.39275,506.1,231.5,fixation
10:28:3.39325,505.5,231.8,fixation
10:28:3.39375,504.4,231.5,fixation
10:28:3.39425,503.0,230.4,fixation
10:28:3.39475,502.4,228.1,fixation
10:28:3.39525,502.4,226.3,fixation
10:28:3.39575,502.6,223.9,fixation
10:28:3.39625,502.7,222.8,fixation
10:28:3.39675,503.3,224.7,fixation
10:28:3.39725,504.0,229.2,fixation
10:28:3.39775,504.6,233.7,fixation
10:28:3.39825,504.6,231.8,fixation
10:28:3.39875,504.3,228.4,fixation
10:28:3.39925,503.9,226.9,fixation
10:28:3.39975,503.7,228.8,fixation
10:28:3.40025,503.7,230.7,fixation
10:28:3.40075,503.7,230.5,fixation
10:28:3.40125,503.6,230.2,fixation
10:28:3.40175,503.4,229.8,fixation
10:28:3.40225,502.3,227.9,fixation
10:28:3.40275,501.3,226.6,fixation
10:28:3.40325,500.5,225.5,fixation
10:28:3.40375,501.9,226.4,fixation
10:28:3.40425,503.0,227.0,fixation
10:28:3.40475,503.7,228.2,fixation
10:28:3.40525,503.2,229.1,fixation
10:28:3.40575,503.0,229.7,fixation
10:28:3.40625,502.9,228.9,fixation
10:28:3.40675,502.9,228.2,fixation
10:28:3.40725,502.7,228.3,fixation
10:28:3.40775,502.5,229.7,fixation
10:28:3.40825,504.2,230.8,fixation
10:28:3.40875,506.1,231.1,fixation
10:28:3.40925,506.9,230.5,fixation
10:28:3.40975,505.8,230.3,fixation
10:28:3.41025,504.7,230.2,fixation
10:28:3.41075,503.7,230.1,fixation
10:28:3.41125,502.6,230.0,fixation
10:28:3.41175,503.0,230.0,fixation
10:28:3.41225,504.5,229.9,fixation
10:28:3.41275,505.0,229.7,fixation
10:28:3.41325,504.1,230.1,fixation
10:28:3.41375,503.1,230.7,fixation
10:28:3.41425,504.6,228.9,fixation
10:28:3.41475,506.1,226.4,fixation
10:28:3.41525,507.5,226.8,fixation
10:28:3.41575,507.3,229.6,fixation
10:28:3.41625,504.6,232.3,fixation
10:28:3.41675,502.1,232.3,fixation
10:28:3.41725,501.1,231.4,fixation
10:28:3.41775,502.6,230.7,fixation
10:28:3.41825,503.9,229.9,fixation
10:28:3.41875,503.8,230.0,fixation
10:28:3.41925,504.2,230.1,fixation
10:28:3.41975,504.8,230.4,fixation
10:28:3.42025,505.4,230.7,fixation
10:28:3.42075,505.5,230.3,fixation
10:28:3.42125,506.4,229.7,fixation
10:28:3.42175,507.1,228.8,fixation
10:28:3.42225,506.5,228.1,fixation
10:28:3.42275,505.2,226.4,fixation
10:28:3.42325,504.4,225.0,fixation
10:28:3.42375,504.8,224.5,fixation
10:28:3.42425,505.0,224.2,fixation
10:28:3.42475,504.4,224.1,fixation
10:28:3.42525,504.0,223.7,fixation
10:28:3.42575,503.3,223.3,fixation
10:28:3.42625,502.8,222.7,fixation
10:28:3.42675,502.3,224.3,fixation
10:28:3.42725,502.2,226.7,fixation
10:28:3.42775,501.3,228.6,fixation
10:28:3.42825,500.7,227.6,fixation
10:28:3.42875,500.2,226.4,fixation
10:28:3.42925,500.5,225.4,fixation
10:28:3.42975,501.6,225.0,fixation
10:28:3.43025,502.6,224.7,fixation
10:28:3.43075,504.1,224.7,fixation
10:28:3.43125,505.0,225.4,fixation
10:28:3.43175,505.7,226.7,fixation
10:28:3.43225,505.8,228.0,fixation
10:28:3.43275,504.2,228.6,fixation
10:28:3.43325,502.9,228.7,fixation
10:28:3.43375,501.8,229.6,fixation
10:28:3.43425,502.1,230.5,fixation
10:28:3.43475,502.2,230.7,fixation
10:28:3.43525,502.3,229.8,fixation
10:28:3.43575,502.5,228.3,fixation
10:28:3.43625,503.0,227.5,fixation
10:28:3.43675,503.9,226.9,fixation
10:28:3.43725,504.4,226.8,fixation
10:28:3.43775,503.1,226.9,fixation
10:28:3.43825,501.5,227.3,fixation
10:28:3.43875,500.4,227.8,fixation
10:28:3.43925,501.3,228.1,fixation
10:28:3.43975,503.3,228.2,fixation
10:28:3.44025,504.9,228.6,fixation
10:28:3.44075,504.7,229.0,fixation
10:28:3.44125,502.5,228.2,fixation
10:28:3.44175,500.4,227.3,fixation
10:28:3.44225,499.6,226.5,fixation
10:28:3.44275,499.6,226.4,fixation
10:28:3.44325,499.8,226.1,fixation
10:28:3.44375,500.7,225.9,fixation
10:28:3.44425,502.8,225.9,fixation
10:28:3.44475,504.7,225.8,fixation
10:28:3.44525,505.1,225.7,fixation
10:28:3.44575,504.3,225.6,fixation
10:28:3.44625,502.8,226.5,fixation
10:28:3.44675,502.2,227.6,fixation
10:28:3.44725,502.5,228.6,fixation
10:28:3.44775,503.2,228.6,fixation
10:28:3.44825,503.9,228.6,fixation
10:28:3.44875,504.5,227.5,fixation
10:28:3.44925,505.2,226.5,fixation
10:28:3.44975,506.4,228.1,fixation
10:28:3.45025,506.9,231.2,fixation
10:28:3.45075,507.4,234.2,fixation
10:28:3.45125,506.0,233.2,fixation
10:28:3.45175,504.4,231.8,fixation
10:28:3.45225,502.3,230.3,fixation
10:28:3.45275,502.0,230.3,fixation
10:28:3.45325,502.8,231.6,fixation
10:28:3.45375,503.0,232.0,saccade
10:28:3.45425,500.9,229.6,saccade
10:28:3.45475,500.3,226.6,saccade
10:28:3.45525,501.8,226.0,saccade
10:28:3.45575,503.5,225.0,saccade
10:28:3.45625,503.6,224.6,saccade
10:28:3.45675,503.7,226.0,saccade
10:28:3.45725,505.0,227.8,saccade
10:28:3.45775,507.5,231.2,saccade
10:28:3.45825,509.9,232.8,saccade
10:28:3.45875,511.1,231.9,saccade
10:28:3.45925,510.9,229.4,saccade
10:28:3.45975,510.8,228.9,saccade
10:28:3.46025,513.2,231.0,saccade
10:28:3.46075,515.9,233.1,saccade
10:28:3.46125,520.3,233.2,saccade
10:28:3.46175,522.9,233.3,saccade
10:28:3.46225,525.3,233.5,saccade
10:28:3.46275,526.2,233.5,saccade
10:28:3.46325,526.7,232.4,saccade
10:28:3.46375,530.7,231.5,saccade
10:28:3.46425,534.5,230.1,saccade
10:28:3.46475,539.3,229.8,saccade
10:28:3.46525,540.9,229.3,saccade
10:28:3.46575,544.1,229.5,saccade
10:28:3.46625,546.6,230.0,saccade
10:28:3.46675,551.4,230.5,saccade
10:28:3.46725,554.4,230.9,saccade
10:28:3.46775,556.9,229.6,saccade
10:28:3.46825,556.9,227.1,saccade
10:28:3.46875,559.1,224.7,saccade
10:28:3.46925,561.3,226.0,saccade
10:28:3.46975,563.4,228.3,saccade
10:28:3.47025,563.7,228.6,saccade
10:28:3.47075,564.3,226.7,saccade
10:28:3.47125,567.0,225.9,saccade
10:28:3.47175,569.4,227.3,saccade
10:28:3.47225,571.7,228.6,saccade
10:28:3.47275,572.1,227.0,saccade
10:28:3.47325,572.5,225.1,saccade
10:28:3.47375,572.1,223.8,saccade
10:28:3.47425,571.2,224.3,saccade
10:28:3.47475,570.3,224.8,saccade
10:28:3.47525,568.9,224.6,fixation
10:28:3.47575,567.9,224.8,fixation
10:28:3.47625,566.6,225.2,fixation
10:28:3.47675,566.2,225.6,fixation
10:28:3.47725,565.9,225.6,fixation
10:28:3.47775,566.1,224.8,fixation
10:28:3.47825,566.2,224.0,fixation
10:28:3.47875,565.4,223.3,fixation
10:28:3.47925,564.3,223.2,fixation
10:28:3.47975,562.6,222.7,fixation
10:28:3.48025,562.0,222.3,fixation
10:28:3.48075,562.8,221.9,fixation
10:28:3.48125,564.2,222.0,fixation
10:28:3.48175,565.0,222.0,fixation
10:28:3.48225,564.3,221.9,fixation
10:28:3.48275,563.7,221.8,fixation
10:28:3.48325,563.7,221.9,fixation
10:28:3.48375,563.2,222.0,fixation
10:28:3.48425,562.1,220.9,fixation
10:28:3.48475,561.0,219.7,fixation
10:28:3.48525,560.5,218.1,fixation
10:28:3.48575,560.7,217.6,fixation
10:28:3.48625,561.3,219.1,fixation
10:28:3.48675,561.8,221.4,fixation
10:28:3.48725,562.1,223.6,fixation
10:28:3.48775,562.0,224.1,fixation
10:28:3.48825,561.9,224.3,fixation
10:28:3.48875,560.7,224.4,fixation
10:28:3.48925,559.6,225.6,fixation
10:28:3.48975,558.4,227.7,fixation
10:28:3.49025,558.4,229.8,fixation
10:28:3.49075,558.6,230.4,fixation
10:28:3.49125,559.1,229.8,fixation
10:28:3.49175,560.1,228.6,fixation
10:28:3.49225,561.3,227.4,fixation
10:28:3.49275,561.8,226.3,fixation
10:28:3.49325,562.0,225.9,fixation
10:28:3.49375,561.7,225.9,fixation
10:28:3.49425,561.7,226.2,fixation
10:28:3.49475,562.2,226.5,fixation
10:28:3.49525,562.7,226.0,fixation
10:28:3.49575,563.0,225.1,fixation
10:28:3.49625,562.9,224.1,fixation
10:28:3.49675,562.1,223.7,fixation
10:28:3.49725,560.9,223.7,fixation
10:28:3.49775,559.7,222.9,fixation
10:28:3.49825,559.2,222.0,fixation
10:28:3.49875,559.2,221.8,fixation
10:28:3.49925,559.3,222.6,fixation
10:28:3.49975,559.5,223.5,fixation
10:28:3.50025,559.7,223.7,fixation
10:28:3.50075,559.9,224.1,fixation
10:28:3.50125,560.1,224.3,fixation
10:28:3.50175,560.2,224.6,fixation
10:28:3.50225,559.2,224.7,fixation
10:28:3.50275,557.7,225.1,fixation
10:28:3.50325,556.2,225.5,fixation
10:28:3.50375,556.2,224.5,fixation
10:28:3.50425,556.5,223.1,fixation
10:28:3.50475,557.1,224.2,fixation
10:28:3.50525,557.7,226.8,fixation
10:28:3.50575,558.4,228.7,fixation
10:28:3.50625,559.0,226.8,fixation
10:28:3.50675,559.1,224.9,fixation
10:28:3.50725,559.0,224.5,fixation
10:28:3.50775,559.5,225.5,fixation
10:28:3.50825,560.1,227.0,fixation
10:28:3.50875,560.3,227.6,fixation
10:28:3.50925,559.7,228.0,fixation
10:28:3.50975,560.4,227.9,fixation
10:28:3.51025,561.5,227.9,fixation
10:28:3.51075,562.4,226.0,fixation
10:28:3.51125,562.1,224.2,fixation
10:28:3.51175,561.7,222.6,fixation
10:28:3.51225,561.3,222.5,fixation
10:28:3.51275,561.0,222.3,fixation
10:28:3.51325,561.5,222.3,fixation
10:28:3.51375,562.3,223.0,fixation
10:28:3.51425,563.2,223.7,fixation
10:28:3.51475,561.1,224.1,fixation
10:28:3.51525,559.0,224.2,fixation
10:28:3.51575,555.8,224.5,fixation
10:28:3.51625,554.7,224.9,fixation
10:28:3.51675,553.7,225.5,fixation
10:28:3.51725,553.7,226.0,fixation
10:28:3.51775,553.7,225.9,fixation
10:28:3.51825,553.6,225.6,fixation
10:28:3.51875,555.2,225.4,fixation
10:28:3.51925,557.0,225.6,fixation
10:28:3.51975,558.7,225.9,fixation
10:28:3.52025,558.2,226.1,fixation
10:28:3.52075,557.6,226.4,fixation
10:28:3.52125,557.0,226.5,fixation
10:28:3.52175,556.9,226.0,fixation
10:28:3.52225,557.1,225.4,fixation
10:28:3.52275,558.0,224.9,fixation
10:28:3.52325,559.0,225.8,fixation
10:28:3.52375,559.6,226.6,fixation
10:28:3.52425,559.5,226.8,fixation
10:28:3.52475,559.4,225.1,fixation
10:28:3.52525,559.5,223.5,fixation
10:28:3.52575,559.3,222.3,fixation
10:28:3.52625,558.7,222.2,fixation
10:28:3.52675,557.7,222.1,fixation
10:28:3.52725,557.9,222.2,fixation
10:28:3.52775,558.4,221.5,fixation
10:28:3.52825,559.1,220.9,fixation
10:28:3.52875,559.3,220.2,fixation
10:28:3.52925,559.0,220.4,fixation
10:28:3.52975,558.5,220.8,fixation
10:28:3.53025,558.0,221.6,fixation
10:28:3.53075,557.8,222.6,fixation
10:28:3.53125,558.9,223.4,fixation
10:28:3.53175,559.9,223.3,fixation
10:28:3.53225,561.0,223.0,fixation
10:28:3.53275,561.2,222.9,fixation
10:28:3.53325,561.8,223.4,fixation
10:28:3.53375,562.2,222.3,fixation
10:28:3.53425,562.0,220.9,fixation
10:28:3.53475,561.4,220.9,fixation
10:28:3.53525,560.9,222.1,fixation
10:28:3.53575,560.5,223.0,fixation
10:28:3.53625,560.2,222.5,fixation
10:28:3.53675,560.0,222.2,fixation
10:28:3.53725,560.2,222.3,fixation
10:28:3.53775,560.3,222.5,fixation
10:28:3.53825,558.8,222.7,fixation
10:28:3.53875,557.2,223.3,fixation
10:28:3.53925,557.3,223.5,fixation
10:28:3.53975,560.4,223.8,fixation
10:28:3.54025,563.4,223.5,fixation
10:28:3.54075,563.5,223.5,fixation
10:28:3.54125,561.7,223.4,fixation
10:28:3.54175,559.8,224.6,fixation
10:28:3.54225,560.0,226.0,fixation
10:28:3.54275,560.9,227.6,fixation
10:28:3.54325,561.8,227.9,fixation
10:28:3.54375,560.7,226.2,fixation
10:28:3.54425,559.9,224.3,fixation
10:28:3.54475,559.0,222.3,fixation
10:28:3.54525,559.1,222.4,fixation
10:28:3.54575,558.9,222.4,fixation
10:28:3.54625,558.5,222.4,fixation
10:28:3.54675,558.2,222.4,fixation
10:28:3.54725,558.3,222.5,fixation
10:28:3.54775,558.7,223.5,fixation
10:28:3.54825,560.4,224.6,fixation
10:28:3.54875,561.7,225.5,fixation
10:28:3.54925,562.8,225.5,fixation
10:28:3.54975,562.6,225.4,fixation
10:28:3.55025,562.5,225.9,fixation
10:28:3.55075,562.5,226.3,fixation
10:28:3.55125,562.5,226.7,fixation
10:28:3.55175,562.4,226.3,fixation
10:28:3.55225,562.2,225.6,fixation
10:28:3.55275,562.1,224.1,fixation
10:28:3.55325,562.1,222.6,fixation
10:28:3.55375,560.6,221.3,fixation
10:28:3.55425,559.1,222.5,fixation
10:28:3.55475,559.6,224.1,fixation
10:28:3.55525,561.6,225.8,fixation
10:28:3.55575,562.6,225.9,fixation
10:28:3.55625,560.6,225.2,fixation
10:28:3.55675,559.1,224.1,fixation
10:28:3.55725,558.4,223.1,fixation
10:28:3.55775,559.0,222.6,fixation
10:28:3.55825,559.1,221.3,fixation
10:28:3.55875,559.2,220.1,fixation
10:28:3.55925,559.6,219.7,fixation
10:28:3.55975,560.1,220.9,fixation
10:28:3.56025,560.4,222.6,fixation
10:28:3.56075,560.2,223.4,fixation
10:28:3.56125,559.9,223.1,fixation
10:28:3.56175,559.7,222.3,fixation
10:28:3.56225,559.4,221.7,fixation
10:28:3.56275,559.0,222.0,fixation
10:28:3.56325,558.0,222.3,fixation
10:28:3.56375,557.4,222.4,fixation
10:28:3.56425,558.2,224.1,fixation
10:28:3.56475,559.4,225.8,fixation
10:28:3.56525,560.1,225.9,fixation
10:28:3.56575,559.5,224.4,fixation
10:28:3.56625,559.3,222.9,fixation
10:28:3.56675,559.6,222.9,fixation
10:28:3.56725,560.0,222.9,fixation
10:28:3.56775,560.1,222.8,fixation
10:28:3.56825,558.5,222.8,fixation
10:28:3.56875,556.8,222.8,fixation
10:28:3.56925,555.1,222.7,fixation
10:28:3.56975,555.2,223.4,fixation
10:28:3.57025,557.0,224.0,fixation
10:28:3.57075,558.8,224.7,fixation
10:28:3.57125,560.3,225.2,fixation
10:28:3.57175,559.9,226.0,fixation
10:28:3.57225,559.4,228.2,fixation
10:28:3.57275,559.2,229.9,fixation
10:28:3.57325,559.9,229.8,fixation
10:28:3.57375,560.7,228.3,fixation
10:28:3.57425,561.7,226.7,fixation
10:28:3.57475,561.8,226.6,fixation
10:28:3.57525,561.4,226.8,fixation
10:28:3.57575,560.9,227.0,fixation
10:28:3.57625,560.3,226.2,fixation
10:28:3.57675,560.3,225.0,fixation
10:28:3.57725,561.4,223.9,fixation
10:28:3.57775,562.6,223.9,fixation
10:28:3.57825,564.0,223.9,fixation
10:28:3.57875,564.2,225.5,fixation
10:28:3.57925,563.5,226.9,fixation
10:28:3.57975,562.7,227.8,fixation
10:28:3.58025,561.8,226.5,fixation
10:28:3.58075,563.4,225.3,fixation
10:28:3.58125,564.9,225.3,fixation
10:28:3.58175,566.4,226.8,fixation
10:28:3.58225,565.1,227.1,fixation
10:28:3.58275,563.7,225.7,fixation
10:28:3.58325,561.4,222.7,fixation
10:28:3.58375,560.9,220.9,fixation
10:28:3.58425,560.4,221.6,fixation
10:28:3.58475,560.9,222.3,fixation
10:28:3.58525,560.3,223.0,fixation
10:28:3.58575,559.3,221.8,fixation
10:28:3.58625,558.5,221.5,fixation
10:28:3.58675,557.4,221.4,fixation
10:28:3.58725,556.9,220.9,fixation
10:28:3.58775,557.6,220.4,fixation
10:28:3.58825,558.9,219.8,fixation
10:28:3.58875,560.0,220.0,fixation
10:28:3.58925,559.8,220.1,fixation
10:28:3.58975,561.1,223.1,fixation
10:28:3.59025,562.5,226.2,fixation
10:28:3.59075,563.3,228.2,fixation
10:28:3.59125,562.7,227.1,fixation
10:28:3.59175,561.7,223.5,fixation
10:28:3.59225,561.4,221.1,fixation
10:28:3.59275,561.7,220.7,fixation
10:28:3.59325,562.3,222.8,fixation
10:28:3.59375,562.9,224.8,fixation
10:28:3.59425,562.2,224.8,fixation
10:28:3.59475,561.6,224.3,fixation
10:28:3.59525,561.2,224.1,fixation
10:28:3.59575,561.6,223.9,fixation
10:28:3.59625,561.8,224.2,fixation
10:28:3.59675,561.2,224.3,fixation
10:28:3.59725,560.6,223.7,fixation
10:28:3.59775,560.2,222.4,fixation
10:28:3.59825,560.3,221.1,fixation
10:28:3.59875,560.5,222.6,fixation
10:28:3.59925,560.5,224.6,fixation
10:28:3.59975,560.6,227.5,fixation
10:28:3.60025,560.5,228.2,fixation
10:28:3.60075,560.3,228.9,fixation
10:28:3.60125,560.8,226.8,fixation
10:28:3.60175,561.4,224.6,fixation
10:28:3.60225,562.0,223.4,fixation
10:28:3.60275,562.0,224.4,fixation
10:28:3.60325,561.5,224.6,fixation
10:28:3.60375,561.0,223.8,fixation
10:28:3.60425,561.9,225.7,fixation
10:28:3.60475,563.3,228.3,fixation
10:28:3.60525,564.9,229.0,fixation
10:28:3.60575,565.2,227.1,fixation
10:28:3.60625,565.6,225.2,fixation
10:28:3.60675,565.6,225.1,fixation
10:28:3.60725,565.5,225.1,fixation
10:28:3.60775,565.4,224.9,fixation
10:28:3.60825,565.3,224.8,fixation
10:28:3.60875,565.9,223.6,fixation
10:28:3.60925,566.6,222.6,fixation
10:28:3.60975,566.1,221.8,fixation
10:28:3.61025,564.8,222.1,fixation
10:28:3.61075,563.8,223.3,fixation
10:28:3.61125,564.0,225.0,fixation
10:28:3.61175,564.7,228.4,fixation
10:28:3.61225,565.1,231.0,fixation
10:28:3.61275,562.8,230.9,fixation
10:28:3.61325,560.1,229.0,fixation
10:28:3.61375,557.3,227.3,fixation
10:28:3.61425,559.7,227.6,fixation
10:28:3.61475,562.1,228.2,fixation
10:28:3.61525,564.6,228.6,fixation
10:28:3.61575,564.6,228.5,fixation
10:28:3.61625,563.3,228.1,fixation
10:28:3.61675,562.1,227.6,fixation
10:28:3.61725,561.2,227.4,fixation
10:28:3.61775,561.8,227.3,fixation
10:28:3.61825,563.3,227.4,fixation
10:28:3.61875,564.4,227.7,fixation
10:28:3.61925,564.5,227.4,fixation
10:28:3.61975,563.7,226.6,fixation
10:28:3.62025,563.0,226.3,fixation
10:28:3.62075,564.2,226.5,fixation
10:28:3.62125,565.5,227.2,fixation
10:28:3.62175,564.5,227.5,fixation
10:28:3.62225,562.2,227.7,fixation
10:28:3.62275,559.7,226.7,fixation
10:28:3.62325,559.5,225.3,fixation
10:28:3.62375,561.8,224.1,fixation
10:28:3.62425,564.4,225.5,fixation
10:28:3.62475,565.6,226.8,fixation
10:28:3.62525,564.2,226.8,fixation
10:28:3.62575,562.9,225.6,fixation
10:28:3.62625,561.8,224.4,fixation
10:28:3.62675,560.8,223.5,fixation
10:28:3.62725,559.8,222.6,fixation
10:28:3.62775,559.9,221.8,fixation
10:28:3.62825,559.9,221.8,fixation
10:28:3.62875,561.1,220.8,fixation
10:28:3.62925,562.3,219.9,fixation
10:28:3.62975,563.5,220.9,fixation
10:28:3.63025,563.9,222.8,fixation
10:28:3.63075,564.2,225.6,fixation
10:28:3.63125,564.2,227.5,fixation
10:28:3.63175,563.8,229.1,fixation
10:28:3.63225,563.2,229.4,fixation
10:28:3.63275,562.6,228.3,fixation
10:28:3.63325,562.2,226.4,fixation
10:28:3.63375,562.0,224.8,fixation
10:28:3.63425,561.9,223.6,fixation
10:28:3.63475,561.9,225.6,fixation
10:28:3.63525,562.0,227.7,fixation
10:28:3.63575,562.1,229.7,fixation
10:28:3.63625,562.2,228.7,fixation
10:28:3.63675,562.1,227.6,fixation
10:28:3.63725,562.0,226.5,fixation
10:28:3.63775,561.9,226.6,fixation
10:28:3.63825,561.3,226.7,fixation
10:28:3.63875,560.8,227.4,fixation
10:28:3.63925,560.4,228.1,fixation
10:28:3.63975,560.7,227.8,fixation
10:28:3.64025,561.8,227.0,fixation
10:28:3.64075,562.9,226.3,fixation
10:28:3.64125,563.6,226.6,fixation
10:28:3.64175,562.8,226.8,fixation
10:28:3.64225,562.1,226.9,fixation
10:28:3.64275,562.2,227.0,fixation
10:28:3.64325,562.8,227.0,fixation
10:28:3.64375,563.1,227.1,fixation
10:28:3.64425,563.0,226.8,fixation
10:28:3.64475,563.0,226.5,fixation
10:28:3.64525,563.1,226.5,fixation
10:28:3.64575,563.2,227.0,fixation
10:28:3.64625,563.0,226.7,fixation
10:28:3.64675,562.9,226.1,fixation
10:28:3.64725,562.9,226.6,fixation
10:28:3.64775,563.0,227.6,fixation
10:28:3.64825,563.4,228.7,fixation
10:28:3.64875,564.2,228.5,fixation
10:28:3.64925,565.3,229.0,fixation
10:28:3.64975,566.0,229.4,fixation
10:28:3.65025,565.3,229.8,fixation
10:28:3.65075,564.2,229.8,fixation
10:28:3.65125,563.1,229.8,fixation
10:28:3.65175,563.1,229.8,fixation
10:28:3.65225,563.2,229.4,fixation
10:28:3.65275,563.4,229.1,fixation
10:28:3.65325,563.6,228.7,fixation
10:28:3.65375,563.7,228.8,fixation
10:28:3.65425,563.8,228.2,fixation
10:28:3.65475,563.6,227.6,fixation
10:28:3.65525,563.3,226.7,fixation
10:28:3.65575,563.2,226.5,fixation
10:28:3.65625,563.3,226.2,fixation
10:28:3.65675,563.3,226.0,fixation
10:28:3.65725,563.3,226.4,fixation
10:28:3.65775,563.3,227.1,fixation
10:28:3.65825,563.3,227.9,fixation
10:28:3.65875,563.4,228.1,fixation
10:28:3.65925,563.7,228.0,fixation
10:28:3.65975,564.1,227.6,fixation
10:28:3.66025,564.3,227.2,fixation
10:28:3.66075,564.5,227.0,fixation
10:28:3.66125,564.0,227.2,fixation
10:28:3.66175,563.5,227.5,fixation
10:28:3.66225,563.1,228.7,fixation
10:28:3.66275,563.3,229.7,fixation
10:28:3.66325,563.5,230.6,fixation
10:28:3.66375,563.8,229.0,fixation
10:28:3.66425,563.9,227.5,fixation
10:28:3.66475,564.1,226.3,fixation
10:28:3.66525,564.4,226.6,fixation
10:28:3.66575,562.8,226.1,fixation
10:28:3.66625,561.1,225.6,fixation
10:28:3.66675,560.3,225.4,fixation
10:28:3.66725,561.3,227.2,fixation
10:28:3.66775,562.9,228.9,fixation
10:28:3.66825,563.6,230.2,fixation
10:28:3.66875,564.2,230.1,fixation
10:28:3.66925,564.2,229.5,fixation
10:28:3.66975,564.1,227.5,fixation
10:28:3.67025,564.2,225.7,fixation
10:28:3.67075,564.6,225.2,fixation
10:28:3.67125,565.0,226.0,fixation
10:28:3.67175,565.2,226.7,fixation
10:28:3.67225,564.7,226.6,fixation
10:28:3.67275,564.2,226.3,fixation
10:28:3.67325,563.5,226.3,fixation
10:28:3.67375,563.4,225.4,fixation
10:28:3.67425,563.3,225.0,fixation
10:28:3.67475,563.5,224.9,fixation
10:28:3.67525,563.7,227.2,fixation
10:28:3.67575,564.0,229.1,fixation
10:28:3.67625,565.2,230.3,fixation
10:28:3.67675,566.5,229.9,fixation
10:28:3.67725,567.7,230.3,fixation
10:28:3.67775,567.5,230.9,fixation
10:28:3.67825,567.2,231.6,fixation
10:28:3.67875,566.3,231.5,fixation
10:28:3.67925,565.5,231.4,fixation
10:28:3.67975,566.1,230.3,fixation
10:28:3.68025,567.2,229.3,fixation
10:28:3.68075,567.0,228.2,fixation
10:28:3.68125,565.7,228.1,fixation
10:28:3.68175,566.7,228.2,fixation
10:28:3.68225,569.0,228.3,fixation
10:28:3.68275,569.7,228.4,fixation
10:28:3.68325,567.9,228.4,fixation
10:28:3.68375,564.9,228.4,fixation
10:28:3.68425,563.5,226.8,fixation
10:28:3.68475,562.2,224.8,fixation
10:28:3.68525,562.0,223.5,fixation
10:28:3.68575,563.3,224.2,fixation
10:28:3.68625,564.6,225.3,fixation
10:28:3.68675,566.1,225.7,fixation
10:28:3.68725,566.4,225.8,fixation
10:28:3.68775,566.7,225.5,fixation
10:28:3.68825,565.2,224.7,fixation
10:28:3.68875,563.6,223.7,fixation
10:28:3.68925,563.4,225.7,fixation
10:28:3.68975,564.9,228.1,fixation
10:28:3.69025,566.0,229.9,fixation
10:28:3.69075,564.5,229.2,fixation
10:28:3.69125,563.0,228.5,fixation
10:28:3.69175,562.9,228.4,fixation
10:28:3.69225,563.9,228.6,fixation
10:28:3.69275,563.7,228.5,saccade
10:28:3.69325,563.3,228.3,saccade
10:28:3.69375,563.9,230.3,saccade
10:28:3.69425,564.3,232.4,saccade
10:28:3.69475,564.5,234.3,saccade
10:28:3.69525,563.4,233.9,saccade
10:28:3.69575,562.2,230.8,saccade
10:28:3.69625,560.9,227.9,saccade
10:28:3.69675,561.7,225.7,saccade
10:28:3.69725,563.0,225.8,saccade
10:28:3.69775,564.6,225.4,saccade
10:28:3.69825,565.3,224.6,saccade
10:28:3.69875,567.8,225.3,saccade
10:28:3.69925,571.2,226.5,saccade
10:28:3.69975,574.4,228.0,saccade
10:28:3.70025,575.9,228.8,saccade
10:28:3.70075,576.5,229.4,saccade
10:28:3.70125,578.7,229.6,saccade
10:28:3.70175,581.7,229.2,saccade
10:28:3.70225,584.5,229.0,saccade
10:28:3.70275,588.1,228.8,saccade
10:28:3.70325,593.9,228.9,saccade
10:28:3.70375,599.6,229.1,saccade
10:28:3.70425,606.1,229.4,saccade
10:28:3.70475,610.7,229.1,saccade
10:28:3.70525,617.7,228.3,saccade
10:28:3.70575,621.6,227.8,saccade
10:28:3.70625,626.7,228.0,saccade
10:28:3.70675,629.4,228.5,saccade
10:28:3.70725,636.3,228.7,saccade
10:28:3.70775,641.6,228.8,saccade
10:28:3.70825,647.2,229.2,saccade
10:28:3.70875,652.6,229.5,saccade
10:28:3.70925,656.9,229.6,saccade
10:28:3.70975,662.9,229.6,saccade
10:28:3.71025,665.1,229.7,saccade
10:28:3.71075,669.7,230.0,saccade
10:28:3.71125,672.1,230.2,saccade
10:28:3.71175,674.5,230.2,saccade
10:28:3.71225,676.4,230.0,saccade
10:28:3.71275,680.6,229.6,saccade
10:28:3.71325,685.0,229.2,saccade
10:28:3.71375,690.2,229.1,saccade
10:28:3.71425,692.8,227.8,saccade
10:28:3.71475,695.2,226.5,saccade
10:28:3.71525,697.2,224.2,saccade
10:28:3.71575,699.4,223.8,saccade
10:28:3.71625,701.5,223.9,saccade
10:28:3.71675,703.9,225.0,saccade
10:28:3.71725,706.3,225.0,saccade
10:28:3.71775,709.2,224.5,saccade
10:28:3.71825,710.3,225.5,saccade
10:28:3.71875,711.3,227.1,saccade
10:28:3.71925,712.2,226.8,saccade
10:28:3.71975,712.6,225.1,saccade
10:28:3.72025,713.4,223.3,saccade
10:28:3.72075,714.1,223.0,saccade
10:28:3.72125,715.1,222.6,saccade
10:28:3.72175,716.2,222.8,saccade
10:28:3.72225,717.5,225.6,saccade
10:28:3.72275,718.5,228.4,saccade
10:28:3.72325,718.7,230.6,saccade
10:28:3.72375,717.2,230.2,saccade
10:28:3.72425,713.8,228.8,fixation
10:28:3.72475,713.1,227.1,fixation
10:28:3.72525,712.5,225.7,fixation
10:28:3.72575,712.8,224.7,fixation
10:28:3.72625,713.0,224.3,fixation
10:28:3.72675,713.0,223.4,fixation
10:28:3.72725,712.8,222.5,fixation
10:28:3.72775,712.8,222.5,fixation
10:28:3.72825,711.6,222.9,fixation
10:28:3.72875,710.3,223.0,fixation
10:28:3.72925,707.9,222.6,fixation
10:28:3.72975,706.8,221.1,fixation
10:28:3.73025,705.5,219.8,fixation
10:28:3.73075,704.9,218.5,fixation
10:28:3.73125,704.3,218.3,fixation
10:28:3.73175,703.8,218.2,fixation
10:28:3.73225,703.6,218.5,fixation
10:28:3.73275,703.4,220.1,fixation
10:28:3.73325,703.2,221.4,fixation
10:28:3.73375,703.0,221.6,fixation
10:28:3.73425,703.0,220.7,fixation
10:28:3.73475,703.0,219.7,fixation
10:28:3.73525,703.1,219.7,fixation
10:28:3.73575,703.0,219.9,fixation
10:28:3.73625,702.9,220.3,fixation
10:28:3.73675,702.9,220.8,fixation
10:28:3.73725,702.9,221.2,fixation
10:28:3.73775,703.8,221.8,fixation
10:28:3.73825,704.8,223.3,fixation
10:28:3.73875,705.7,225.7,fixation
10:28:3.73925,705.0,227.5,fixation
10:28:3.73975,703.9,226.9,fixation
10:28:3.74025,702.9,225.2,fixation
10:28:3.74075,702.5,223.2,fixation
10:28:3.74125,703.9,222.5,fixation
10:28:3.74175,705.3,221.8,fixation
10:28:3.74225,706.6,221.9,fixation
10:28:3.74275,705.8,222.7,fixation
10:28:3.74325,704.8,223.2,fixation
10:28:3.74375,703.8,223.3,fixation
10:28:3.74425,703.3,222.8,fixation
10:28:3.74475,703.1,222.5,fixation
10:28:3.74525,705.2,222.7,fixation
10:28:3.74575,707.6,225.3,fixation
10:28:3.74625,709.0,227.8,fixation
10:28:3.74675,708.1,228.9,fixation
10:28:3.74725,707.4,227.5,fixation
10:28:3.74775,708.1,225.8,fixation
10:28:3.74825,708.9,223.9,fixation
10:28:3.74875,707.6,221.8,fixation
10:28:3.74925,705.9,220.0,fixation
10:28:3.74975,704.8,222.2,fixation
10:28:3.75025,705.8,224.9,fixation
10:28:3.75075,707.8,226.3,fixation
10:28:3.75125,709.3,225.0,fixation
10:28:3.75175,710.6,224.3,fixation
10:28:3.75225,710.8,224.6,fixation
10:28:3.75275,710.8,224.8,fixation
10:28:3.75325,710.5,224.3,fixation
10:28:3.75375,710.2,224.1,fixation
10:28:3.75425,709.2,223.9,fixation
10:28:3.75475,708.5,224.1,fixation
10:28:3.75525,707.9,224.2,fixation
10:28:3.75575,708.3,224.3,fixation
10:28:3.75625,707.9,224.3,fixation
10:28:3.75675,707.4,224.0,fixation
10:28:3.75725,708.1,223.6,fixation
10:28:3.75775,709.5,223.3,fixation
10:28:3.75825,710.9,222.4,fixation
10:28:3.75875,709.6,221.6,fixation
10:28:3.75925,708.3,220.8,fixation
10:28:3.75975,707.5,222.3,fixation
10:28:3.76025,708.0,224.2,fixation
10:28:3.76075,708.7,226.1,fixation
10:28:3.76125,709.0,226.7,fixation
10:28:3.76175,707.6,226.8,fixation
10:28:3.76225,705.9,226.8,fixation
10:28:3.76275,705.8,226.3,fixation
10:28:3.76325,707.7,225.4,fixation
10:28:3.76375,709.5,224.4,fixation
10:28:3.76425,709.8,224.7,fixation
10:28:3.76475,709.7,225.3,fixation
10:28:3.76525,709.7,226.4,fixation
10:28:3.76575,710.0,226.7,fixation
10:28:3.76625,710.2,227.1,fixation
10:28:3.76675,709.0,227.7,fixation
10:28:3.76725,707.7,228.3,fixation
10:28:3.76775,706.5,228.5,fixation
10:28:3.76825,707.9,227.6,fixation
10:28:3.76875,709.0,226.8,fixation
10:28:3.76925,709.9,226.3,fixation
10:28:3.76975,708.6,226.4,fixation
10:28:3.77025,707.5,226.4,fixation
10:28:3.77075,706.8,225.3,fixation
10:28:3.77125,707.0,224.1,fixation
10:28:3.77175,708.0,223.3,fixation
10:28:3.77225,708.8,224.0,fixation
10:28:3.77275,708.2,224.6,fixation
10:28:3.77325,706.9,224.6,fixation
10:28:3.77375,705.6,224.4,fixation
10:28:3.77425,705.7,224.3,fixation
10:28:3.77475,705.9,224.3,fixation
10:28:3.77525,706.1,224.1,fixation
10:28:3.77575,705.8,223.8,fixation
10:28:3.77625,705.3,222.7,fixation
10:28:3.77675,706.1,221.6,fixation
10:28:3.77725,707.6,221.0,fixation
10:28:3.77775,709.0,221.5,fixation
10:28:3.77825,709.4,221.7,fixation
10:28:3.77875,709.6,221.6,fixation
10:28:3.77925,709.1,222.6,fixation
10:28:3.77975,708.3,223.5,fixation
10:28:3.78025,708.4,224.5,fixation
10:28:3.78075,709.2,224.5,fixation
10:28:3.78125,710.0,224.6,fixation
10:28:3.78175,710.1,223.9,fixation
10:28:3.78225,708.2,222.5,fixation
10:28:3.78275,706.2,221.2,fixation
10:28:3.78325,705.1,222.6,fixation
10:28:3.78375,705.9,224.7,fixation
10:28:3.78425,706.6,225.1,fixation
10:28:3.78475,706.5,223.3,fixation
10:28:3.78525,707.3,221.7,fixation
10:28:3.78575,708.2,221.9,fixation
10:28:3.78625,709.3,222.9,fixation
10:28:3.78675,709.5,224.5,fixation
10:28:3.78725,708.0,225.9,fixation
10:28:3.78775,706.3,225.5,fixation
10:28:3.78825,705.6,224.3,fixation
10:28:3.78875,706.5,223.1,fixation
10:28:3.78925,707.4,223.2,fixation
10:28:3.78975,707.3,223.2,fixation
10:28:3.79025,706.9,223.3,fixation
10:28:3.79075,706.2,223.1,fixation
10:28:3.79125,705.4,221.9,fixation
10:28:3.79175,705.1,221.0,fixation
10:28:3.79225,705.2,220.1,fixation
10:28:3.79275,705.2,220.2,fixation
10:28:3.79325,705.7,221.3,fixation
10:28:3.79375,706.3,222.1,fixation
10:28:3.79425,707.0,222.8,fixation
10:28:3.79475,707.3,223.8,fixation
10:28:3.79525,707.6,225.1,fixation
10:28:3.79575,707.8,226.5,fixation
10:28:3.79625,707.9,226.6,fixation
10:28:3.79675,707.7,226.2,fixation
10:28:3.79725,707.1,225.2,fixation
10:28:3.79775,706.2,224.5,fixation
10:28:3.79825,705.6,224.3,fixation
10:28:3.79875,705.3,223.7,fixation
10:28:3.79925,705.2,222.9,fixation
10:28:3.79975,705.1,222.0,fixation
10:28:3.80025,704.4,221.8,fixation
10:28:3.80075,703.2,221.3,fixation
10:28:3.80125,702.5,220.8,fixation
10:28:3.80175,702.5,220.8,fixation
10:28:3.80225,704.0,221.5,fixation
10:28:3.80275,705.3,222.1,fixation
10:28:3.80325,706.3,222.3,fixation
10:28:3.80375,706.1,221.4,fixation
10:28:3.80425,705.9,220.5,fixation
10:28:3.80475,705.2,219.2,fixation
10:28:3.80525,704.6,218.9,fixation
10:28:3.80575,704.0,218.8,fixation
10:28:3.80625,703.7,219.0,fixation
10:28:3.80675,703.6,219.3,fixation
10:28:3.80725,703.9,219.2,fixation
10:28:3.80775,704.3,219.0,fixation
10:28:3.80825,704.7,219.8,fixation
10:28:3.80875,704.4,222.3,fixation
10:28:3.80925,703.6,224.7,fixation
10:28:3.80975,703.4,226.2,fixation
10:28:3.81025,704.2,226.0,fixation
10:28:3.81075,706.7,225.8,fixation
10:28:3.81125,708.5,225.7,fixation
10:28:3.81175,708.1,225.6,fixation
10:28:3.81225,706.5,225.5,fixation
10:28:3.81275,704.7,225.4,fixation
10:28:3.81325,704.1,224.9,fixation
10:28:3.81375,704.1,223.4,fixation
10:28:3.81425,704.8,222.0,fixation
10:28:3.81475,705.9,222.2,fixation
10:28:3.81525,706.4,223.8,fixation
10:28:3.81575,706.3,225.4,fixation
10:28:3.81625,706.2,225.7,fixation
10:28:3.81675,705.6,225.1,fixation
10:28:3.81725,705.2,223.8,fixation
10:28:3.81775,704.9,222.2,fixation
10:28:3.81825,704.9,220.9,fixation
10:28:3.81875,704.9,220.8,fixation
10:28:3.81925,704.9,221.4,fixation
10:28:3.81975,705.0,222.3,fixation
10:28:3.82025,704.8,222.6,fixation
10:28:3.82075,704.4,222.8,fixation
10:28:3.82125,703.8,222.5,fixation
10:28:3.82175,703.7,222.2,fixation
10:28:3.82225,703.6,222.6,fixation
10:28:3.82275,703.5,223.2,fixation
10:28:3.82325,703.3,222.6,fixation
10:28:3.82375,704.5,221.6,fixation
10:28:3.82425,706.1,220.6,fixation
10:28:3.82475,706.9,220.7,fixation
10:28:3.82525,706.0,221.7,fixation
10:28:3.82575,705.0,221.9,fixation
10:28:3.82625,705.0,222.0,fixation
10:28:3.82675,704.8,220.9,fixation
10:28:3.82725,704.6,220.6,fixation
10:28:3.82775,704.3,221.0,fixation
10:28:3.82825,702.2,221.5,fixation
10:28:3.82875,700.2,221.9,fixation
10:28:3.82925,700.6,221.9,fixation
10:28:3.82975,703.0,221.9,fixation
10:28:3.83025,705.3,222.0,fixation
10:28:3.83075,705.2,221.2,fixation
10:28:3.83125,705.4,220.9,fixation
10:28:3.83175,705.7,220.8,fixation
10:28:3.83225,706.0,221.6,fixation
10:28:3.83275,706.0,221.9,fixation
10:28:3.83325,705.9,222.1,fixation
10:28:3.83375,705.9,222.2,fixation
10:28:3.83425,706.6,222.4,fixation
10:28:3.83475,707.3,222.4,fixation
10:28:3.83525,705.7,222.3,fixation
10:28:3.83575,703.3,221.9,fixation
10:28:3.83625,701.8,221.0,fixation
10:28:3.83675,703.4,220.3,fixation
10:28:3.83725,705.3,219.5,fixation
10:28:3.83775,706.5,219.1,fixation
10:28:3.83825,707.2,218.6,fixation
10:28:3.83875,707.5,218.6,fixation
10:28:3.83925,707.3,218.8,fixation
10:28:3.83975,707.1,219.1,fixation
10:28:3.84025,707.0,219.4,fixation
10:28:3.84075,707.4,219.9,fixation
10:28:3.84125,707.1,220.4,fixation
10:28:3.84175,706.7,220.8,fixation
10:28:3.84225,706.5,221.4,fixation
10:28:3.84275,706.5,222.5,fixation
10:28:3.84325,706.5,223.5,fixation
10:28:3.84375,706.5,223.1,fixation
10:28:3.84425,706.2,222.1,fixation
10:28:3.84475,705.8,220.7,fixation
10:28:3.84525,705.3,220.4,fixation
10:28:3.84575,704.6,220.3,fixation
10:28:3.84625,704.1,220.8,fixation
10:28:3.84675,703.6,222.1,fixation
10:28:3.84725,703.9,223.1,fixation
10:28:3.84775,705.4,223.8,fixation
10:28:3.84825,706.7,222.9,fixation
10:28:3.84875,707.5,221.1,fixation
10:28:3.84925,706.9,219.4,fixation
10:28:3.84975,706.6,218.8,fixation
10:28:3.85025,706.4,219.4,fixation
10:28:3.85075,706.3,220.8,fixation
10:28:3.85125,706.8,222.9,fixation
10:28:3.85175,707.3,224.7,fixation
10:28:3.85225,707.2,225.1,fixation
10:28:3.85275,706.5,224.4,fixation
10:28:3.85325,705.8,221.8,fixation
10:28:3.85375,705.0,220.0,fixation
10:28:3.85425,704.1,217.5,fixation
10:28:3.85475,703.6,216.8,fixation
10:28:3.85525,704.3,216.3,fixation
10:28:3.85575,705.3,216.6,fixation
10:28:3.85625,706.3,217.0,fixation
10:28:3.85675,707.1,220.3,fixation
10:28:3.85725,707.6,223.4,fixation
10:28:3.85775,708.1,226.2,fixation
10:28:3.85825,708.6,224.7,fixation
10:28:3.85875,709.0,223.3,fixation
10:28:3.85925,709.0,224.6,fixation
10:28:3.85975,708.6,227.2,fixation
10:28:3.86025,708.2,228.2,fixation
10:28:3.86075,707.9,226.2,fixation
10:28:3.86125,707.8,223.2,fixation
10:28:3.86175,707.9,221.9,fixation
10:28:3.86225,708.0,222.5,fixation
10:28:3.86275,707.5,223.9,fixation
10:28:3.86325,706.8,225.2,fixation
10:28:3.86375,706.1,225.0,fixation
10:28:3.86425,706.2,225.0,fixation
10:28:3.86475,706.3,225.0,fixation
10:28:3.86525,706.2,225.2,fixation
10:28:3.86575,706.0,225.4,fixation
10:28:3.86625,705.5,225.2,fixation
10:28:3.86675,705.2,224.8,fixation
10:28:3.86725,705.9,224.8,fixation
10:28:3.86775,707.3,225.4,fixation
10:28:3.86825,708.7,226.1,fixation
10:28:3.86875,709.1,226.4,fixation
10:28:3.86925,709.2,226.5,fixation
10:28:3.86975,709.4,226.5,fixation
10:28:3.87025,709.6,225.5,fixation
10:28:3.87075,709.8,224.5,fixation
10:28:3.87125,709.3,223.4,fixation
10:28:3.87175,708.8,224.6,fixation
10:28:3.87225,710.3,226.3,fixation
10:28:3.87275,712.2,228.1,fixation
10:28:3.87325,714.2,228.1,fixation
10:28:3.87375,714.3,227.7,fixation
10:28:3.87425,714.0,227.2,fixation
10:28:3.87475,713.3,227.9,fixation
10:28:3.87525,712.6,228.5,fixation
10:28:3.87575,712.8,229.7,fixation
10:28:3.87625,713.4,230.2,fixation
10:28:3.87675,713.3,230.6,fixation
10:28:3.87725,712.2,230.3,fixation
10:28:3.87775,711.0,230.9,fixation
10:28:3.87825,711.1,231.4,fixation
10:28:3.87875,711.8,231.9,fixation
10:28:3.87925,711.9,229.9,fixation
10:28:3.87975,711.3,228.1,fixation
10:28:3.88025,710.6,226.5,fixation
10:28:3.88075,710.6,226.6,fixation
10:28:3.88125,709.3,226.6,fixation
10:28:3.88175,708.5,226.8,fixation
10:28:3.88225,708.3,227.1,fixation
10:28:3.88275,709.4,227.5,fixation
10:28:3.88325,709.9,227.9,fixation
10:28:3.88375,709.9,228.4,fixation
10:28:3.88425,709.9,228.7,fixation
10:28:3.88475,709.9,229.0,fixation
10:28:3.88525,709.0,229.5,fixation
10:28:3.88575,708.0,230.1,fixation
10:28:3.88625,707.1,230.6,fixation
10:28:3.88675,708.2,230.7,fixation
10:28:3.88725,709.9,230.6,fixation
10:28:3.88775,711.6,230.4,fixation
10:28:3.88825,712.1,229.4,fixation
10:28:3.88875,711.6,228.5,fixation
10:28:3.88925,710.5,227.8,fixation
10:28:3.88975,709.5,227.5,fixation
10:28:3.89025,709.0,227.0,fixation
10:28:3.89075,709.0,225.5,fixation
10:28:3.89125,708.9,224.9,fixation
10:28:3.89175,708.9,224.3,fixation
10:28:3.89225,708.9,224.7,fixation
10:28:3.89275,709.7,227.2,fixation
10:28:3.89325,711.2,229.6,fixation
10:28:3.89375,712.7,231.8,fixation
10:28:3.89425,712.5,231.1,fixation
10:28:3.89475,711.6,228.0,fixation
10:28:3.89525,710.6,225.1,fixation
10:28:3.89575,710.3,224.8,fixation
10:28:3.89625,709.3,227.1,fixation
10:28:3.89675,708.4,229.4,fixation
10:28:3.89725,709.9,229.7,fixation
10:28:3.89775,711.9,229.7,fixation
10:28:3.89825,714.4,229.8,fixation
10:28:3.89875,714.7,229.8,fixation
10:28:3.89925,714.0,227.6,fixation
10:28:3.89975,712.3,225.6,fixation
10:28:3.90025,710.0,223.8,fixation
10:28:3.90075,708.8,224.3,fixation
10:28:3.90125,709.8,224.7,fixation
10:28:3.90175,711.3,224.9,fixation
10:28:3.90225,712.9,225.9,fixation
10:28:3.90275,712.8,226.8,fixation
10:28:3.90325,712.6,227.8,fixation
10:28:3.90375,713.0,227.9,fixation
10:28:3.90425,714.0,228.1,fixation
10:28:3.90475,715.0,228.9,fixation
10:28:3.90525,715.1,229.6,fixation
10:28:3.90575,714.3,229.5,fixation
10:28:3.90625,713.4,227.5,fixation
10:28:3.90675,712.8,225.4,fixation
10:28:3.90725,712.5,224.3,fixation
10:28:3.90775,712.2,224.4,fixation
10:28:3.90825,712.2,225.1,fixation
10:28:3.90875,712.3,225.7,fixation
10:28:3.90925,712.5,225.3,fixation
10:28:3.90975,712.2,225.1,fixation
10:28:3.91025,711.4,224.7,fixation
10:28:3.91075,710.6,225.3,fixation
10:28:3.91125,710.2,225.6,fixation
10:28:3.91175,710.4,226.1,fixation
10:28:3.91225,711.0,226.8,fixation
10:28:3.91275,711.5,227.1,fixation
10:28:3.91325,711.5,227.4,fixation
10:28:3.91375,711.2,227.4,fixation
10:28:3.91425,711.3,227.9,fixation
10:28:3.91475,711.7,228.4,fixation
10:28:3.91525,712.6,228.5,fixation
10:28:3.91575,713.1,228.2,fixation
10:28:3.91625,713.4,227.9,fixation
10:28:3.91675,713.3,228.1,fixation
10:28:3.91725,713.2,228.0,fixation
10:28:3.91775,713.2,227.9,fixation
10:28:3.91825,711.9,227.9,fixation
10:28:3.91875,710.5,228.2,fixation
10:28:3.91925,709.7,228.5,fixation
10:28:3.91975,710.3,227.9,fixation
10:28:3.92025,710.3,226.8,fixation
10:28:3.92075,709.7,225.8,fixation
10:28:3.92125,708.6,225.7,fixation
10:28:3.92175,708.0,226.0,fixation
10:28:3.92225,708.2,226.0,fixation
10:28:3.92275,708.7,225.7,fixation
10:28:3.92325,709.0,223.4,fixation
10:28:3.92375,708.5,221.4,fixation
10:28:3.92425,708.3,220.7,fixation
10:28:3.92475,708.7,223.0,fixation
10:28:3.92525,709.1,225.3,fixation
10:28:3.92575,709.5,226.3,fixation
10:28:3.92625,709.6,225.7,fixation
10:28:3.92675,709.7,225.1,fixation
10:28:3.92725,709.4,224.4,fixation
10:28:3.92775,709.1,225.3,fixation
10:28:3.92825,708.6,226.4,fixation
10:28:3.92875,708.4,227.5,fixation
10:28:3.92925,709.2,227.8,fixation
10:28:3.92975,710.1,226.2,fixation
10:28:3.93025,710.8,224.7,fixation
10:28:3.93075,710.1,223.1,fixation
10:28:3.93125,708.9,223.1,fixation
10:28:3.93175,707.8,223.7,fixation
10:28:3.93225,707.0,224.3,fixation
10:28:3.93275,707.4,224.7,fixation
10:28:3.93325,708.2,224.5,fixation
10:28:3.93375,709.1,225.3,fixation
10:28:3.93425,709.6,226.2,fixation
10:28:3.93475,709.8,225.3,fixation
10:28:3.93525,710.3,223.5,fixation
10:28:3.93575,710.6,223.9,fixation
10:28:3.93625,710.9,226.0,fixation
10:28:3.93675,709.8,228.0,fixation
10:28:3.93725,708.3,227.6,fixation
10:28:3.93775,706.6,226.9,fixation
10:28:3.93825,706.0,226.4,fixation
10:28:3.93875,705.7,226.2,fixation
10:28:3.93925,705.8,226.3,fixation
10:28:3.93975,706.0,226.4,fixation
10:28:3.94025,706.2,226.1,fixation
10:28:3.94075,706.7,225.9,fixation
10:28:3.94125,707.3,225.7,fixation
10:28:3.94175,707.8,225.7,fixation
10:28:3.94225,707.9,224.8,fixation
10:28:3.94275,708.8,224.0,fixation
10:28:3.94325,709.8,223.1,fixation
10:28:3.94375,710.7,223.1,fixation
10:28:3.94425,710.8,222.8,fixation
10:28:3.94475,710.4,222.3,fixation
10:28:3.94525,710.0,221.7,fixation
10:28:3.94575,709.7,221.6,fixation
10:28:3.94625,708.6,221.9,fixation
10:28:3.94675,707.6,222.0,fixation
10:28:3.94725,706.6,221.9,fixation
10:28:3.94775,706.8,221.6,fixation
10:28:3.94825,707.3,221.5,fixation
10:28:3.94875,707.7,223.9,fixation
10:28:3.94925,708.1,226.4,fixation
10:28:3.94975,708.3,227.9,fixation
10:28:3.95025,707.6,226.8,fixation
10:28:3.95075,707.0,225.8,fixation
10:28:3.95125,706.7,225.7,fixation
10:28:3.95175,708.2,225.6,fixation
10:28:3.95225,709.4,225.3,fixation
10:28:3.95275,710.3,225.0,fixation
10:28:3.95325,709.5,224.8,fixation
10:28:3.95375,707.3,224.7,fixation
10:28:3.95425,705.2,224.6,fixation
10:28:3.95475,704.9,224.2,fixation
10:28:3.95525,706.1,223.7,fixation
10:28:3.95575,707.3,223.7,fixation
10:28:3.95625,707.3,224.3,fixation
10:28:3.95675,707.5,225.2,fixation
10:28:3.95725,707.8,225.7,fixation
10:28:3.95775,707.9,224.7,fixation
10:28:3.95825,707.8,223.5,fixation
10:28:3.95875,707.5,222.7,fixation
10:28:3.95925,706.8,223.2,fixation
10:28:3.95975,706.2,223.6,fixation
10:28:3.96025,707.6,223.6,fixation
10:28:3.96075,709.3,223.7,fixation
10:28:3.96125,710.3,223.5,fixation
10:28:3.96175,709.5,223.1,fixation
10:28:3.96225,709.4,222.6,fixation
10:28:3.96275,710.1,221.9,fixation
10:28:3.96325,710.8,221.4,fixation
10:28:3.96375,711.7,221.0,fixation
10:28:3.96425,712.6,221.2,fixation
10:28:3.96475,713.5,222.8,fixation
10:28:3.96525,711.5,224.2,fixation
10:28:3.96575,710.4,225.4,fixation
10:28:3.96625,709.5,225.1,fixation
10:28:3.96675,710.4,223.8,fixation
10:28:3.96725,710.8,222.6,fixation
10:28:3.96775,711.0,221.3,fixation
10:28:3.96825,711.0,221.1,fixation
10:28:3.96875,710.6,221.2,fixation
10:28:3.96925,710.3,223.3,fixation
10:28:3.96975,710.4,226.0,fixation
10:28:3.97025,710.8,228.5,fixation
10:28:3.97075,711.0,229.4,fixation
10:28:3.97125,711.0,229.7,fixation
10:28:3.97175,711.0,228.3,fixation
10:28:3.97225,711.0,226.7,fixation
10:28:3.97275,711.1,225.0,fixation
10:28:3.97325,711.2,224.9,fixation
10:28:3.97375,711.2,226.1,fixation
10:28:3.97425,711.3,227.6,fixation
10:28:3.97475,711.2,227.9,fixation
10:28:3.97525,711.0,226.7,fixation
10:28:3.97575,710.6,225.3,fixation
10:28:3.97625,710.1,225.0,fixation
10:28:3.97675,709.7,226.0,fixation
10:28:3.97725,709.3,227.3,fixation
10:28:3.97775,709.1,228.4,fixation
10:28:3.97825,708.9,228.1,fixation
10:28:3.97875,708.8,226.9,fixation
10:28:3.97925,708.7,226.2,fixation
10:28:3.97975,708.9,225.9,fixation
10:28:3.98025,708.6,226.5,fixation
10:28:3.98075,708.3,227.4,fixation
10:28:3.98125,707.8,228.0,fixation
10:28:3.98175,707.0,228.0,fixation
10:28:3.98225,706.1,227.4,fixation
10:28:3.98275,707.8,227.5,fixation
10:28:3.98325,710.4,228.1,fixation
10:28:3.98375,713.0,229.0,fixation
10:28:3.98425,713.0,229.1,fixation
10:28:3.98475,713.4,229.1,fixation
10:28:3.98525,714.1,228.8,fixation
10:28:3.98575,714.8,228.0,fixation
10:28:3.98625,714.1,226.6,fixation
10:28:3.98675,712.8,225.3,fixation
10:28:3.98725,711.2,224.5,fixation
10:28:3.98775,710.4,224.5,fixation
10:28:3.98825,711.4,224.6,fixation
10:28:3.98875,712.6,224.4,fixation
10:28:3.98925,713.2,224.1,fixation
10:28:3.98975,712.0,224.6,fixation
10:28:3.99025,710.8,225.5,fixation
10:28:3.99075,711.1,226.3,fixation
10:28:3.99125,713.2,226.3,fixation
10:28:3.99175,715.2,226.7,fixation
10:28:3.99225,715.6,227.2,fixation
10:28:3.99275,714.1,228.0,fixation
10:28:3.99325,711.8,228.4,fixation
10:28:3.99375,710.3,228.3,fixation
10:28:3.99425,709.1,227.8,fixation
10:28:3.99475,708.7,226.8,fixation
10:28:3.99525,709.5,226.3,fixation
10:28:3.99575,710.5,226.4,fixation
10:28:3.99625,712.0,227.0,fixation
10:28:3.99675,712.6,229.1,fixation
10:28:3.99725,712.8,232.1,fixation
10:28:3.99775,712.0,235.1,fixation
10:28:3.99825,709.3,234.4,fixation
10:28:3.99875,706.8,232.1,fixation
10:28:3.99925,704.8,229.5,fixation
10:28:3.99975,704.7,229.3,fixation
10:28:4.00025,705.8,229.2,fixation
10:28:4.00075,706.9,229.1,fixation
10:28:4.00125,708.3,229.3,fixation
10:28:4.00174,708.6,229.5,fixation
10:28:4.00224,708.9,229.4,fixation
10:28:4.00273,709.6,228.8,fixation
10:28:4.00322,710.2,228.5,fixation
10:28:4.00371,710.7,229.0,fixation
10:28:4.00421,709.8,229.4,fixation
10:28:4.00470,709.7,229.3,fixation
10:28:4.00519,709.6,229.1,fixation
10:28:4.00568,710.2,229.9,fixation
10:28:4.00618,710.1,230.9,fixation
10:28:4.00667,710.0,232.0,fixation
10:28:4.00716,709.5,232.1,fixation
10:28:4.00766,709.1,232.2,fixation
10:28:4.00815,708.7,232.1,fixation
10:28:4.00864,708.6,231.8,fixation
10:28:4.00913,708.7,231.5,fixation
10:28:4.00963,708.7,231.1,fixation
10:28:4.01012,708.8,230.8,fixation
10:28:4.01061,708.7,230.5,fixation
10:28:4.01110,708.8,230.1,fixation
10:28:4.0116,708.8,229.6,fixation
10:28:4.01209,709.0,229.2,fixation
10:28:4.01258,708.9,229.1,fixation
10:28:4.01307,708.7,228.9,fixation
10:28:4.01357,708.5,228.9,fixation
10:28:4.01406,708.2,227.6,fixation
10:28:4.01455,708.0,226.4,fixation
10:28:4.01505,709.5,226.5,fixation
10:28:4.01554,710.9,228.9,fixation
10:28:4.01603,712.0,231.2,fixation
10:28:4.01652,711.3,231.7,fixation
10:28:4.01702,711.4,231.1,fixation
10:28:4.01751,712.1,231.7,fixation
10:28:4.01800,712.9,232.9,fixation
10:28:4.01849,711.9,232.7,fixation
10:28:4.01899,710.6,231.4,fixation
10:28:4.01948,709.3,230.4,fixation
10:28:4.01997,709.3,230.8,fixation
10:28:4.02046,709.4,231.3,fixation
10:28:4.02096,709.7,231.7,fixation
10:28:4.02145,710.1,231.6,fixation
10:28:4.02194,710.4,230.9,fixation
10:28:4.02244,710.3,230.3,fixation
10:28:4.02293,709.9,231.4,fixation
10:28:4.02342,709.4,232.7,fixation
10:28:4.02391,709.3,234.0,fixation
10:28:4.02441,709.8,234.0,fixation
10:28:4.02490,710.6,233.1,fixation
10:28:4.02539,711.3,232.2,fixation
10:28:4.02588,711.8,231.4,fixation
10:28:4.02638,711.4,231.0,fixation
10:28:4.02687,711.4,230.6,fixation
10:28:4.02736,711.2,230.8,fixation
10:28:4.02785,711.7,231.5,fixation
10:28:4.02835,711.5,232.1,fixation
10:28:4.02884,710.3,232.1,fixation
10:28:4.02933,709.0,231.7,fixation
10:28:4.02983,707.8,231.1,fixation
10:28:4.03032,708.1,230.9,fixation
10:28:4.03081,708.8,230.8,fixation
10:28:4.03130,709.4,231.1,fixation
10:28:4.0318,710.6,231.0,fixation
10:28:4.03229,711.2,230.5,fixation
10:28:4.03278,711.0,229.9,fixation
10:28:4.03327,710.3,229.3,fixation
10:28:4.03377,709.6,229.3,fixation
10:28:4.03426,709.7,229.7,fixation
10:28:4.03475,709.8,230.1,fixation
10:28:4.03525,709.9,229.5,fixation
10:28:4.03574,709.5,228.6,fixation
10:28:4.03623,709.2,227.8,fixation
10:28:4.03672,708.9,227.7,fixation
10:28:4.03722,708.7,227.6,fixation
10:28:4.03771,708.5,229.7,fixation
10:28:4.03820,708.3,232.0,fixation
10:28:4.03869,708.5,234.2,fixation
10:28:4.03919,708.8,234.2,fixation
10:28:4.03968,709.1,232.9,fixation
10:28:4.04017,709.3,231.0,fixation
10:28:4.04066,709.3,229.1,fixation
10:28:4.04116,709.4,229.9,fixation
10:28:4.04165,709.5,232.4,fixation
10:28:4.04214,709.8,234.8,fixation
10:28:4.04264,710.2,235.1,fixation
10:28:4.04313,710.5,234.0,fixation
10:28:4.04362,710.6,232.9,fixation
10:28:4.04411,710.7,232.4,fixation
10:28:4.04461,710.7,231.7,fixation
10:28:4.04510,711.3,231.0,fixation
10:28:4.04559,712.2,230.3,fixation
10:28:4.04608,712.7,229.6,fixation
10:28:4.04658,712.2,228.0,fixation
10:28:4.04707,710.9,226.6,fixation
10:28:4.04756,710.0,226.2,fixation
10:28:4.04805,709.6,226.0,fixation
10:28:4.04855,709.3,225.6,fixation
10:28:4.04904,709.2,227.1,fixation
10:28:4.04953,709.8,229.1,fixation
10:28:4.05003,710.7,231.1,fixation
10:28:4.05052,711.7,231.4,fixation
10:28:4.05101,710.5,231.6,fixation
10:28:4.05150,709.2,231.3,fixation
10:28:4.052,707.9,230.7,fixation
10:28:4.05249,707.9,230.6,fixation
10:28:4.05298,708.1,231.0,fixation
10:28:4.05347,710.3,231.4,fixation
10:28:4.05397,712.6,231.5,fixation
10:28:4.05446,714.8,231.5,fixation
10:28:4.05495,713.3,231.0,fixation
10:28:4.05544,711.7,230.3,fixation
10:28:4.05594,710.1,229.4,fixation
10:28:4.05643,710.1,229.0,fixation
10:28:4.05692,709.5,228.8,fixation
10:28:4.05742,708.5,228.2,fixation
10:28:4.05791,707.4,228.7,fixation
10:28:4.05840,707.8,229.3,fixation
10:28:4.05889,708.8,230.7,fixation
10:28:4.05939,709.9,231.1,fixation
10:28:4.05988,710.7,230.5,fixation
10:28:4.06037,711.1,230.2,fixation
10:28:4.06086,711.7,230.0,fixation
10:28:4.06136,712.1,230.7,fixation
10:28:4.06185,712.1,230.6,fixation
10:28:4.06234,711.9,230.1,fixation
10:28:4.06284,711.8,229.6,fixation
10:28:4.06333,712.0,229.5,fixation
10:28:4.06382,711.4,229.4,fixation
10:28:4.06431,710.6,229.4,fixation
10:28:4.06481,709.9,229.4,fixation
10:28:4.06530,710.0,229.5,fixation
10:28:4.06579,709.9,229.5,fixation
10:28:4.06628,709.8,229.5,fixation
10:28:4.06678,710.6,229.6,fixation
10:28:4.06727,711.2,229.7,fixation
10:28:4.06776,711.8,229.5,fixation
10:28:4.06825,711.5,229.0,fixation
10:28:4.06875,710.0,228.1,fixation
10:28:4.06924,708.4,226.9,fixation
10:28:4.06973,708.1,226.1,fixation
10:28:4.07023,709.4,225.4,fixation
10:28:4.07072,708.9,225.2,fixation
10:28:4.07121,707.6,226.5,fixation
10:28:4.07170,706.4,228.0,fixation
10:28:4.0722,706.9,229.2,fixation
10:28:4.07269,706.5,228.9,fixation
10:28:4.07318,706.1,228.7,fixation
10:28:4.07367,705.5,229.2,saccade
10:28:4.07417,705.2,229.4,saccade
10:28:4.07466,705.2,230.6,saccade
10:28:4.07515,706.1,231.7,saccade
10:28:4.07564,707.4,233.0,saccade
10:28:4.07614,708.3,233.0,saccade
10:28:4.07663,708.8,233.0,saccade
10:28:4.07712,708.7,232.6,saccade
10:28:4.07762,708.6,232.7,saccade
10:28:4.07811,709.7,233.2,saccade
10:28:4.07860,710.9,234.2,saccade
10:28:4.07909,712.0,235.1,saccade
10:28:4.07959,711.5,236.5,saccade
10:28:4.08008,711.1,237.7,saccade
10:28:4.08057,713.7,238.1,saccade
10:28:4.08106,716.7,236.0,saccade
10:28:4.08156,719.7,234.0,saccade
10:28:4.08205,721.5,232.6,saccade
10:28:4.08254,725.2,232.8,saccade
10:28:4.08304,728.9,233.6,saccade
10:28:4.08353,730.8,234.1,saccade
10:28:4.08402,731.0,234.5,saccade
10:28:4.08451,731.2,234.0,saccade
10:28:4.08501,735.0,233.7,saccade
10:28:4.08550,738.6,233.6,saccade
10:28:4.08599,743.0,233.7,saccade
10:28:4.08648,744.6,233.8,saccade
10:28:4.08698,746.6,232.4,saccade
10:28:4.08747,749.2,231.0,saccade
10:28:4.08796,751.1,229.0,saccade
10:28:4.08845,752.5,228.3,saccade
10:28:4.08895,752.3,227.3,saccade
10:28:4.08944,752.3,226.8,saccade
10:28:4.08993,752.5,227.3,saccade
10:28:4.09043,753.3,228.0,saccade
10:28:4.09092,754.0,228.8,saccade
10:28:4.09141,754.8,226.1,saccade
10:28:4.09190,755.3,223.4,saccade
10:28:4.0924,755.8,223.2,saccade
10:28:4.09289,756.0,225.7,saccade
10:28:4.09338,754.6,226.4,saccade
10:28:4.09387,750.6,222.9,fixation
10:28:4.09437,750.0,222.8,fixation
10:28:4.09486,748.8,222.5,fixation
10:28:4.09535,747.6,222.2,fixation
10:28:4.09584,746.5,221.9,fixation
10:28:4.09634,746.4,221.8,fixation
10:28:4.09683,746.3,222.1,fixation
10:28:4.09732,746.1,222.8,fixation
10:28:4.09782,746.3,224.6,fixation
10:28:4.09831,746.5,226.0,fixation
10:28:4.09880,745.1,227.0,fixation
10:28:4.09929,743.4,226.7,fixation
10:28:4.09979,741.7,226.6,fixation
10:28:4.10028,741.6,226.6,fixation
10:28:4.10077,741.8,226.8,fixation
10:28:4.10126,742.1,227.1,fixation
10:28:4.10176,742.4,227.7,fixation
10:28:4.10225,742.1,228.2,fixation
10:28:4.10274,741.2,228.4,fixation
10:28:4.10323,740.3,227.9,fixation
10:28:4.10373,739.6,227.4,fixation
10:28:4.10422,739.3,227.0,fixation
10:28:4.10471,740.2,228.6,fixation
10:28:4.10521,741.3,230.4,fixation
10:28:4.10570,740.6,228.3,fixation
10:28:4.10619,738.8,224.6,fixation
10:28:4.10668,737.0,221.5,fixation
10:28:4.10718,737.1,223.1,fixation
10:28:4.10767,737.3,225.8,fixation
10:28:4.10816,739.0,227.8,fixation
10:28:4.10865,740.6,228.8,fixation
10:28:4.10915,741.9,228.2,fixation
10:28:4.10964,741.7,227.8,fixation
10:28:4.11013,741.5,227.8,fixation
10:28:4.11063,741.2,228.0,fixation
10:28:4.11112,741.0,228.0,fixation
10:28:4.11161,740.7,227.9,fixation
10:28:4.11210,740.4,227.4,fixation
10:28:4.1126,739.8,226.9,fixation
10:28:4.11309,739.3,226.5,fixation
10:28:4.11358,739.5,226.7,fixation
10:28:4.11407,741.1,227.1,fixation
10:28:4.11457,742.7,227.5,fixation
10:28:4.11506,742.0,226.4,fixation
10:28:4.11555,740.3,225.2,fixation
10:28:4.11604,738.9,223.8,fixation
10:28:4.11654,739.1,223.6,fixation
10:28:4.11703,739.4,223.8,fixation
10:28:4.11752,739.2,225.0,fixation
10:28:4.11802,739.0,227.7,fixation
10:28:4.11851,739.6,230.0,fixation
10:28:4.11900,740.4,231.5,fixation
10:28:4.11949,741.1,231.2,fixation
10:28:4.11999,740.9,230.9,fixation
10:28:4.12048,740.1,230.6,fixation
10:28:4.12097,738.9,229.7,fixation
10:28:4.12146,737.8,228.9,fixation
10:28:4.12196,737.3,228.0,fixation
10:28:4.12245,738.5,228.5,fixation
10:28:4.12294,739.8,228.9,fixation
10:28:4.12343,741.4,229.2,fixation
10:28:4.12393,742.0,229.1,fixation
10:28:4.12442,743.0,229.7,fixation
10:28:4.12491,743.7,230.2,fixation
10:28:4.12541,744.1,230.8,fixation
10:28:4.12590,744.2,231.0,fixation
10:28:4.12639,744.1,231.3,fixation
10:28:4.12688,743.7,231.0,fixation
10:28:4.12738,743.1,229.7,fixation
10:28:4.12787,742.4,228.4,fixation
10:28:4.12836,741.6,228.4,fixation
10:28:4.12885,740.9,229.1,fixation
10:28:4.12935,740.4,230.0,fixation
10:28:4.12984,740.3,230.1,fixation
10:28:4.13033,740.1,230.9,fixation
10:28:4.13083,740.3,231.5,fixation
10:28:4.13132,740.6,230.9,fixation
10:28:4.13181,740.6,229.6,fixation
10:28:4.13230,740.3,227.3,fixation
10:28:4.1328,740.3,226.3,fixation
10:28:4.13329,740.7,225.5,fixation
10:28:4.13378,741.0,226.0,fixation
10:28:4.13427,741.4,226.5,fixation
10:28:4.13477,741.8,226.4,fixation
10:28:4.13526,742.2,226.1,fixation
10:28:4.13575,742.3,225.8,fixation
10:28:4.13624,742.6,225.9,fixation
10:28:4.13674,743.1,226.4,fixation
10:28:4.13723,742.9,227.0,fixation
10:28:4.13772,742.0,227.7,fixation
10:28:4.13822,740.8,228.4,fixation
10:28:4.13871,739.9,228.9,fixation
10:28:4.13920,739.1,228.1,fixation
10:28:4.13969,738.3,227.8,fixation
10:28:4.14019,738.5,228.3,fixation
10:28:4.14068,739.7,229.9,fixation
10:28:4.14117,741.0,230.4,fixation
10:28:4.14166,741.8,227.7,fixation
10:28:4.14216,742.1,224.9,fixation
10:28:4.14265,742.0,222.2,fixation
10:28:4.14314,741.7,222.1,fixation
10:28:4.14363,740.5,223.2,fixation
10:28:4.14413,739.5,224.4,fixation
10:28:4.14462,738.8,225.6,fixation
10:28:4.14511,738.9,225.5,fixation
10:28:4.14561,739.0,226.4,fixation
10:28:4.14610,739.1,227.4,fixation
10:28:4.14659,739.3,228.3,fixation
10:28:4.14708,740.3,228.3,fixation
10:28:4.14758,740.6,228.7,fixation
10:28:4.14807,740.8,229.0,fixation
10:28:4.14856,740.4,229.0,fixation
10:28:4.14905,740.5,226.5,fixation
10:28:4.14955,739.7,224.2,fixation
10:28:4.15004,738.9,223.4,fixation
10:28:4.15053,739.7,224.4,fixation
10:28:4.15102,741.3,225.3,fixation
10:28:4.15152,742.8,225.0,fixation
10:28:4.15201,742.4,224.8,fixation
10:28:4.15250,742.1,225.5,fixation
10:28:4.153,742.2,226.2,fixation
10:28:4.15349,742.4,226.5,fixation
10:28:4.15398,742.3,225.5,fixation
10:28:4.15447,741.9,224.5,fixation
10:28:4.15497,741.4,224.1,fixation
10:28:4.15546,741.1,224.3,fixation
10:28:4.15595,740.8,224.5,fixation
10:28:4.15644,741.6,224.5,fixation
10:28:4.15694,742.9,224.5,fixation
10:28:4.15743,744.1,224.8,fixation
10:28:4.15792,743.1,224.4,fixation
10:28:4.15842,742.1,224.2,fixation
10:28:4.15891,741.1,223.8,fixation
10:28:4.15940,741.1,224.1,fixation
10:28:4.15989,741.2,224.5,fixation
10:28:4.16039,741.1,224.7,fixation
10:28:4.16088,741.0,224.6,fixation
10:28:4.16137,741.3,224.3,fixation
10:28:4.16186,741.8,225.0,fixation
10:28:4.16236,742.4,225.9,fixation
10:28:4.16285,742.1,226.6,fixation
10:28:4.16334,741.5,226.6,fixation
10:28:4.16383,741.8,226.8,fixation
10:28:4.16433,742.1,227.3,fixation
10:28:4.16482,742.5,227.7,fixation
10:28:4.16531,741.9,228.1,fixation
10:28:4.16581,742.0,228.3,fixation
10:28:4.16630,742.1,228.4,fixation
10:28:4.16679,742.3,228.2,fixation
10:28:4.16728,742.5,226.7,fixation
10:28:4.16778,742.7,225.2,fixation
10:28:4.16827,742.5,222.8,fixation
10:28:4.16876,742.2,221.8,fixation
10:28:4.16925,741.7,221.3,fixation
10:28:4.16975,741.4,222.4,fixation
10:28:4.17024,740.9,225.1,fixation
10:28:4.17073,740.6,227.8,fixation
10:28:4.17122,741.4,230.0,fixation
10:28:4.17172,742.3,230.6,fixation
10:28:4.17221,743.3,230.4,fixation
10:28:4.17270,743.3,229.9,fixation
10:28:4.1732,742.4,229.3,fixation
10:28:4.17369,741.7,228.8,fixation
10:28:4.17418,741.4,228.5,fixation
10:28:4.17467,742.0,228.3,fixation
10:28:4.17517,742.3,228.2,fixation
10:28:4.17566,742.3,227.6,fixation
10:28:4.17615,740.5,226.1,fixation
10:28:4.17664,738.6,224.9,fixation
10:28:4.17714,738.0,224.4,fixation
10:28:4.17763,739.2,225.1,fixation
10:28:4.17812,741.0,226.6,fixation
10:28:4.17862,741.6,227.0,fixation
10:28:4.17911,741.9,226.6,fixation
10:28:4.17960,741.7,225.6,fixation
10:28:4.18009,741.0,225.0,fixation
10:28:4.18059,740.7,224.9,fixation
10:28:4.18108,740.4,226.8,fixation
10:28:4.18157,740.5,228.8,fixation
10:28:4.18206,740.7,230.1,fixation
10:28:4.18256,740.4,229.4,fixation
10:28:4.18305,740.1,228.6,fixation
10:28:4.18354,740.7,228.6,fixation
10:28:4.18403,741.6,228.7,fixation
10:28:4.18453,742.5,228.6,fixation
10:28:4.18502,742.6,228.4,fixation
10:28:4.18551,742.7,228.4,fixation
10:28:4.18601,742.8,228.6,fixation
10:28:4.18650,742.7,227.1,fixation
10:28:4.18699,742.5,225.2,fixation
10:28:4.18748,742.4,224.8,fixation
10:28:4.18798,742.7,226.2,fixation
10:28:4.18847,742.9,227.8,fixation
10:28:4.18896,743.1,227.9,fixation
10:28:4.18945,743.0,227.9,fixation
10:28:4.18995,742.8,227.9,fixation
10:28:4.19044,742.7,227.8,fixation
10:28:4.19093,742.4,227.2,fixation
10:28:4.19142,742.9,226.6,fixation
10:28:4.19192,743.3,226.1,fixation
10:28:4.19241,741.8,226.2,fixation
10:28:4.19290,739.6,226.3,fixation
10:28:4.1934,737.6,225.7,fixation
10:28:4.19389,737.9,225.2,fixation
10:28:4.19438,739.1,225.1,fixation
10:28:4.19487,740.1,225.5,fixation
10:28:4.19537,741.1,225.9,fixation
10:28:4.19586,741.1,225.2,fixation
10:28:4.19635,741.0,224.6,fixation
10:28:4.19684,740.7,225.8,fixation
10:28:4.19734,740.5,227.7,fixation
10:28:4.19783,740.5,229.6,fixation
10:28:4.19832,741.7,229.5,fixation
10:28:4.19881,742.8,229.4,fixation
10:28:4.19931,743.3,228.7,fixation
10:28:4.19980,742.2,228.1,fixation
10:28:4.20029,741.4,227.7,fixation
10:28:4.20079,741.7,227.9,fixation
10:28:4.20128,742.5,227.8,fixation
10:28:4.20177,742.9,227.6,fixation
10:28:4.20226,742.9,227.3,fixation
10:28:4.20276,743.6,227.4,fixation
10:28:4.20325,744.2,227.8,fixation
10:28:4.20374,744.7,228.3,fixation
10:28:4.20423,745.0,229.0,fixation
10:28:4.20473,745.5,229.6,fixation
10:28:4.20522,744.2,230.2,fixation
10:28:4.20571,742.4,230.3,fixation
10:28:4.20621,741.0,230.6,fixation
10:28:4.20670,741.6,230.9,fixation
10:28:4.20719,742.3,231.2,fixation
10:28:4.20768,742.6,230.0,fixation
10:28:4.20818,742.9,228.6,fixation
10:28:4.20867,743.5,227.2,fixation
10:28:4.20916,744.0,227.3,fixation
10:28:4.20965,744.9,227.3,fixation
10:28:4.21015,746.0,227.3,fixation
10:28:4.21064,747.0,227.0,fixation
10:28:4.21113,747.0,226.7,fixation
10:28:4.21162,746.7,226.6,fixation
10:28:4.21212,746.3,226.2,fixation
10:28:4.21261,744.8,225.9,fixation
10:28:4.21310,743.3,225.6,fixation
10:28:4.2136,741.8,228.0,fixation
10:28:4.21409,741.8,230.6,fixation
10:28:4.21458,741.8,233.1,fixation
10:28:4.21507,742.5,232.8,fixation
10:28:4.21557,744.1,231.8,fixation
10:28:4.21606,745.6,229.7,fixation
10:28:4.21655,745.3,228.9,fixation
10:28:4.21704,744.2,228.5,fixation
10:28:4.21754,743.1,228.2,fixation
10:28:4.21803,743.3,227.1,fixation
10:28:4.21852,743.4,226.1,fixation
10:28:4.21901,743.6,228.4,fixation
10:28:4.21951,743.2,231.6,fixation
10:28:4.22000,742.9,234.8,fixation
10:28:4.22049,743.4,233.7,fixation
10:28:4.22099,744.1,231.9,fixation
10:28:4.22148,744.7,229.0,fixation
10:28:4.22197,744.4,227.2,fixation
10:28:4.22246,743.4,225.4,fixation
10:28:4.22296,742.5,224.9,fixation
10:28:4.22345,742.2,226.3,fixation
10:28:4.22394,742.6,227.6,fixation
10:28:4.22443,742.9,228.7,fixation
10:28:4.22493,742.9,228.6,fixation
10:28:4.22542,742.7,228.7,fixation
10:28:4.22591,742.3,229.2,fixation
10:28:4.22641,741.9,230.6,fixation
10:28:4.22690,741.8,232.6,fixation
10:28:4.22739,742.1,234.3,fixation
10:28:4.22788,742.6,234.2,fixation
10:28:4.22838,742.8,233.2,fixation
10:28:4.22887,743.0,232.2,fixation
10:28:4.22936,742.8,231.9,fixation
10:28:4.22985,742.6,231.7,fixation
10:28:4.23035,742.3,232.1,fixation
10:28:4.23084,742.0,232.7,fixation
10:28:4.23133,741.8,233.3,fixation
10:28:4.23182,741.4,229.5,fixation
10:28:4.23232,740.6,225.6,fixation
10:28:4.23281,739.9,224.1,fixation
10:28:4.23330,741.0,226.4,fixation
10:28:4.2338,742.4,228.5,fixation
10:28:4.23429,742.7,228.4,fixation
10:28:4.23478,741.7,230.2,fixation
10:28:4.23527,741.0,232.1,fixation
10:28:4.23577,741.8,233.7,fixation
10:28:4.23626,742.5,233.5,fixation
10:28:4.23675,742.8,232.4,fixation
10:28:4.23724,742.4,231.5,fixation
10:28:4.23774,742.1,230.6,fixation
10:28:4.23823,743.4,230.9,fixation
10:28:4.23872,745.1,231.4,fixation
10:28:4.23921,746.4,231.9,fixation
10:28:4.23971,745.6,231.9,fixation
10:28:4.24020,744.3,232.6,fixation
10:28:4.24069,743.4,233.3,fixation
10:28:4.24119,742.5,233.8,fixation
10:28:4.24168,742.2,233.6,fixation
10:28:4.24217,741.9,233.5,fixation
10:28:4.24266,742.0,233.6,fixation
10:28:4.24316,742.1,232.5,fixation
10:28:4.24365,742.2,231.1,fixation
10:28:4.24414,742.1,229.8,fixation
10:28:4.24463,742.1,230.5,fixation
10:28:4.24513,743.6,231.4,fixation
10:28:4.24562,745.1,232.3,fixation
10:28:4.24611,746.5,232.5,fixation
10:28:4.24660,746.1,232.7,fixation
10:28:4.2471,745.1,232.0,fixation
10:28:4.24759,743.8,231.1,fixation
10:28:4.24808,743.0,230.1,fixation
10:28:4.24858,742.8,229.9,fixation
10:28:4.24907,743.5,229.5,fixation
10:28:4.24956,743.8,229.2,fixation
10:28:4.25005,744.3,228.8,fixation
10:28:4.25055,744.6,228.6,fixation
10:28:4.25104,744.7,230.8,fixation
10:28:4.25153,744.8,233.3,fixation
10:28:4.25202,742.7,234.8,fixation
10:28:4.25252,740.5,234.0,fixation
10:28:4.25301,738.1,233.1,fixation
10:28:4.25350,737.8,233.1,fixation
10:28:4.254,740.7,233.7,fixation
10:28:4.25449,743.9,233.8,fixation
10:28:4.25498,745.2,233.3,fixation
10:28:4.25547,743.3,232.2,fixation
10:28:4.25597,741.8,231.0,fixation
10:28:4.25646,742.4,230.5,fixation
10:28:4.25695,743.4,232.1,fixation
10:28:4.25744,744.0,234.4,fixation
10:28:4.25794,744.3,236.7,fixation
10:28:4.25843,744.4,236.7,fixation
10:28:4.25892,744.5,235.2,fixation
10:28:4.25941,744.2,233.5,fixation
10:28:4.25991,743.9,233.8,fixation
10:28:4.26040,744.0,235.8,fixation
10:28:4.26089,744.4,237.8,fixation
10:28:4.26139,744.7,237.8,fixation
10:28:4.26188,744.7,235.1,fixation
10:28:4.26237,744.8,232.4,fixation
10:28:4.26286,743.4,229.8,fixation
10:28:4.26336,741.7,231.2,fixation
10:28:4.26385,740.1,232.6,fixation
10:28:4.26434,740.1,234.4,fixation
10:28:4.26483,741.6,234.9,fixation
10:28:4.26533,743.7,235.3,fixation
10:28:4.26582,745.8,235.2,fixation
10:28:4.26631,746.9,235.2,fixation
10:28:4.26680,747.4,235.1,fixation
10:28:4.2673,746.7,235.3,fixation
10:28:4.26779,745.5,235.4,fixation
10:28:4.26828,744.1,235.3,fixation
10:28:4.26878,744.2,235.0,fixation
10:28:4.26927,744.1,236.2,fixation
10:28:4.26976,744.3,237.7,fixation
10:28:4.27025,744.1,238.9,fixation
10:28:4.27075,744.6,238.6,fixation
10:28:4.27124,745.3,237.8,fixation
10:28:4.27173,745.7,237.3,fixation
10:28:4.27222,745.4,236.8,fixation
10:28:4.27272,744.9,236.6,fixation
10:28:4.27321,744.6,236.5,fixation
10:28:4.27370,744.5,235.2,fixation
10:28:4.27419,744.4,234.0,fixation
10:28:4.27469,744.5,232.7,fixation
10:28:4.27518,743.2,232.0,fixation
10:28:4.27567,742.1,231.5,fixation
10:28:4.27617,741.4,231.0,fixation
10:28:4.27666,742.1,232.0,fixation
10:28:4.27715,742.5,233.2,fixation
10:28:4.27764,742.6,234.4,fixation
10:28:4.27814,742.3,234.1,fixation
10:28:4.27863,742.1,233.6,fixation
10:28:4.27912,742.2,233.6,fixation
10:28:4.27961,742.6,234.1,fixation
10:28:4.28011,743.1,234.3,fixation
10:28:4.28060,743.5,234.7,fixation
10:28:4.28109,743.6,234.9,fixation
10:28:4.28159,743.8,235.3,fixation
10:28:4.28208,744.3,234.7,fixation
10:28:4.28257,744.7,232.7,fixation
10:28:4.28306,744.9,230.8,fixation
10:28:4.28356,744.9,230.6,fixation
10:28:4.28405,744.2,231.8,fixation
10:28:4.28454,743.6,233.3,fixation
10:28:4.28503,743.3,233.5,fixation
10:28:4.28553,743.8,233.7,fixation
10:28:4.28602,744.2,233.7,fixation
10:28:4.28651,745.9,233.6,fixation
10:28:4.28700,747.5,233.6,fixation
10:28:4.2875,749.2,233.8,fixation
10:28:4.28799,748.3,234.0,fixation
10:28:4.28848,747.4,233.2,fixation
10:28:4.28898,746.2,231.8,fixation
10:28:4.28947,745.8,230.4,fixation
10:28:4.28996,745.5,230.5,fixation
10:28:4.29045,745.5,230.7,fixation
10:28:4.29095,745.7,230.8,fixation
10:28:4.29144,745.3,231.6,fixation
10:28:4.29193,744.8,232.9,fixation
10:28:4.29242,745.7,234.4,fixation
10:28:4.29292,747.1,233.6,fixation
10:28:4.29341,747.6,232.5,fixation
10:28:4.29390,746.2,231.4,fixation
10:28:4.29439,744.8,230.3,fixation
10:28:4.29489,743.8,229.4,fixation
10:28:4.29538,743.2,229.5,fixation
10:28:4.29587,742.9,230.5,fixation
10:28:4.29637,743.0,231.5,fixation
10:28:4.29686,743.2,231.5,fixation
10:28:4.29735,743.1,231.6,fixation
10:28:4.29784,743.3,232.1,fixation
10:28:4.29834,743.5,232.6,fixation
10:28:4.29883,743.4,232.6,fixation
10:28:4.29932,742.7,232.0,fixation
10:28:4.29981,742.0,231.2,fixation
10:28:4.30031,741.7,230.5,fixation
10:28:4.30080,741.8,230.1,fixation
10:28:4.30129,742.1,229.8,fixation
10:28:4.30179,742.3,230.9,fixation
10:28:4.30228,742.4,231.8,fixation
10:28:4.30277,742.4,232.5,fixation
10:28:4.30326,742.6,232.7,fixation
10:28:4.30376,742.8,232.9,fixation
10:28:4.30425,742.9,233.1,fixation
10:28:4.30474,742.9,233.6,fixation
10:28:4.30523,743.2,234.2,fixation
10:28:4.30573,743.6,235.0,fixation
10:28:4.30622,744.0,235.5,fixation
10:28:4.30671,744.1,236.1,fixation
10:28:4.30720,744.2,236.4,fixation
10:28:4.3077,743.4,236.7,fixation
10:28:4.30819,742.6,237.0,fixation
10:28:4.30868,742.4,237.3,fixation
10:28:4.30918,742.9,237.9,fixation
10:28:4.30967,743.4,238.4,fixation
10:28:4.31016,742.9,238.0,fixation
10:28:4.31065,742.1,237.1,fixation
10:28:4.31115,741.0,236.1,fixation
10:28:4.31164,740.3,236.1,fixation
10:28:4.31213,741.2,236.3,fixation
10:28:4.31262,743.3,236.4,fixation
10:28:4.31312,745.5,236.1,fixation
10:28:4.31361,744.3,234.5,fixation
10:28:4.31410,742.1,233.0,fixation
10:28:4.31459,741.6,232.0,fixation
10:28:4.31509,744.2,234.7,fixation
10:28:4.31558,746.4,237.2,fixation
10:28:4.31607,746.4,239.3,fixation
10:28:4.31657,745.4,238.7,fixation
10:28:4.31706,744.7,238.1,fixation
10:28:4.31755,742.9,238.4,fixation
10:28:4.31804,741.2,238.9,fixation
10:28:4.31854,739.7,238.4,fixation
10:28:4.31903,739.8,237.4,fixation
10:28:4.31952,739.9,237.4,fixation
10:28:4.32001,740.1,238.4,fixation
10:28:4.32051,739.4,239.3,fixation
10:28:4.32100,738.7,238.3,fixation
10:28:4.32149,740.3,237.4,fixation
10:28:4.32198,742.7,236.5,fixation
10:28:4.32248,744.9,236.5,fixation
10:28:4.32297,744.4,237.8,fixation
10:28:4.32346,743.7,239.0,fixation
10:28:4.32396,743.2,238.0,fixation
10:28:4.32445,741.7,235.0,fixation
10:28:4.32494,740.4,232.2,fixation
10:28:4.32543,740.2,231.9,fixation
10:28:4.32593,741.2,232.7,fixation
10:28:4.32642,742.1,233.7,fixation
10:28:4.32691,741.9,234.7,saccade
10:28:4.32740,742.0,234.5,saccade
10:28:4.3279,743.1,234.3,saccade
10:28:4.32839,744.2,235.5,saccade
10:28:4.32888,745.6,237.0,saccade
10:28:4.32938,745.9,237.9,saccade
10:28:4.32987,746.2,237.2,saccade
10:28:4.33036,748.2,236.6,saccade
10:28:4.33085,751.6,236.6,saccade
10:28:4.33135,756.2,236.3,saccade
10:28:4.33184,758.7,235.9,saccade
10:28:4.33233,760.1,235.3,saccade
10:28:4.33282,760.8,235.0,saccade
10:28:4.33332,762.0,234.7,saccade
10:28:4.33381,764.8,234.5,saccade
10:28:4.33430,767.4,234.4,saccade
10:28:4.33479,770.8,235.5,saccade
10:28:4.33529,772.3,236.8,saccade
10:28:4.33578,774.9,238.5,saccade
10:28:4.33627,775.7,239.0,saccade
10:28:4.33677,776.4,238.7,saccade
10:28:4.33726,778.7,238.2,saccade
10:28:4.33775,781.5,237.6,saccade
10:28:4.33824,784.6,236.0,saccade
10:28:4.33874,785.3,234.0,saccade
10:28:4.33923,786.3,231.9,saccade
10:28:4.33972,787.7,231.9,saccade
10:28:4.34021,788.8,232.1,saccade
10:28:4.34071,789.7,232.3,saccade
10:28:4.34120,789.3,231.9,saccade
10:28:4.34169,788.9,231.6,saccade
10:28:4.34218,789.1,231.7,saccade
10:28:4.34268,789.8,232.3,saccade
10:28:4.34317,792.8,233.6,fixation
10:28:4.34366,793.5,234.1,fixation
10:28:4.34416,793.0,233.6,fixation
10:28:4.34465,792.5,231.5,fixation
10:28:4.34514,791.5,229.3,fixation
10:28:4.34563,789.4,227.9,fixation
10:28:4.34613,786.9,227.9,fixation
10:28:4.34662,785.4,228.6,fixation
10:28:4.34711,785.5,229.2,fixation
10:28:4.34760,786.1,229.7,fixation
10:28:4.3481,784.5,229.5,fixation
10:28:4.34859,782.4,229.5,fixation
10:28:4.34908,780.0,229.7,fixation
10:28:4.34958,779.7,229.3,fixation
10:28:4.35007,779.2,228.8,fixation
10:28:4.35056,779.0,229.5,fixation
10:28:4.35105,779.9,230.8,fixation
10:28:4.35155,780.9,228.4,fixation
10:28:4.35204,781.9,224.9,fixation
10:28:4.35253,781.9,223.9,fixation
10:28:4.35302,781.1,226.4,fixation
10:28:4.35352,780.3,228.9,fixation
10:28:4.35401,779.3,229.0,fixation
10:28:4.35450,779.2,229.2,fixation
10:28:4.35499,779.3,229.1,fixation
10:28:4.35549,779.8,228.4,fixation
10:28:4.35598,780.3,227.6,fixation
10:28:4.35647,780.5,226.5,fixation
10:28:4.35697,780.0,225.9,fixation
10:28:4.35746,779.6,225.5,fixation
10:28:4.35795,780.0,225.9,fixation
10:28:4.35844,780.9,226.3,fixation
10:28:4.35894,781.9,226.5,fixation
10:28:4.35943,781.9,226.7,fixation
10:28:4.35992,781.9,227.4,fixation
10:28:4.36041,781.8,228.1,fixation
10:28:4.36091,781.7,228.5,fixation
10:28:4.36140,782.2,229.1,fixation
10:28:4.36189,782.7,229.5,fixation
10:28:4.36238,782.4,229.9,fixation
10:28:4.36288,781.5,229.9,fixation
10:28:4.36337,780.7,229.8,fixation
10:28:4.36386,780.4,231.7,fixation
10:28:4.36436,780.0,233.6,fixation
10:28:4.36485,780.6,235.5,fixation
10:28:4.36534,781.4,235.2,fixation
10:28:4.36583,782.5,234.7,fixation
10:28:4.36633,782.8,233.9,fixation
10:28:4.36682,783.1,233.3,fixation
10:28:4.36731,781.6,233.0,fixation
10:28:4.36780,780.0,231.7,fixation
10:28:4.3683,778.7,230.5,fixation
10:28:4.36879,778.9,229.4,fixation
10:28:4.36928,779.1,229.7,fixation
10:28:4.36977,779.7,230.4,fixation
10:28:4.37027,780.2,231.5,fixation
10:28:4.37076,780.8,232.7,fixation
10:28:4.37125,780.7,233.3,fixation
10:28:4.37175,780.6,233.5,fixation
10:28:4.37224,781.1,233.7,fixation
10:28:4.37273,781.7,232.7,fixation
10:28:4.37322,782.4,231.1,fixation
10:28:4.37372,782.5,229.4,fixation
10:28:4.37421,781.3,230.3,fixation
10:28:4.37470,780.1,231.4,fixation
10:28:4.37519,780.1,232.6,fixation
10:28:4.37569,781.4,232.4,fixation
10:28:4.37618,782.8,232.4,fixation
10:28:4.37667,783.0,232.2,fixation
10:28:4.37717,783.3,232.0,fixation
10:28:4.37766,782.6,232.9,fixation
10:28:4.37815,781.2,233.9,fixation
10:28:4.37864,779.8,233.7,fixation
10:28:4.37914,779.0,232.3,fixation
10:28:4.37963,779.4,233.0,fixation
10:28:4.38012,780.0,235.0,fixation
10:28:4.38061,780.6,236.4,fixation
10:28:4.38111,780.8,236.3,fixation
10:28:4.38160,780.8,236.2,fixation
10:28:4.38209,779.2,234.4,fixation
10:28:4.38258,777.5,232.0,fixation
10:28:4.38308,775.9,230.8,fixation
10:28:4.38357,778.5,231.5,fixation
10:28:4.38406,781.1,232.2,fixation
10:28:4.38456,782.6,232.8,fixation
10:28:4.38505,781.7,234.0,fixation
10:28:4.38554,780.4,235.3,fixation
10:28:4.38603,780.2,235.4,fixation
10:28:4.38653,779.7,234.3,fixation
10:28:4.38702,779.4,233.2,fixation
10:28:4.38751,780.6,234.0,fixation
10:28:4.38800,782.1,235.8,fixation
10:28:4.3885,782.3,237.6,fixation
10:28:4.38899,780.6,237.7,fixation
10:28:4.38948,779.0,237.9,fixation
10:28:4.38997,778.7,238.2,fixation
10:28:4.39047,778.9,238.4,fixation
10:28:4.39096,779.1,236.2,fixation
10:28:4.39145,779.2,233.6,fixation
10:28:4.39195,778.7,231.0,fixation
10:28:4.39244,778.1,231.7,fixation
10:28:4.39293,777.4,233.5,fixation
10:28:4.39342,777.2,235.3,fixation
10:28:4.39392,777.6,235.8,fixation
10:28:4.39441,778.3,234.7,fixation
10:28:4.39490,779.1,234.3,fixation
10:28:4.39539,779.1,234.5,fixation
10:28:4.39589,778.8,235.3,fixation
10:28:4.39638,778.6,233.4,fixation
10:28:4.39687,778.5,231.3,fixation
10:28:4.39737,778.6,230.1,fixation
10:28:4.39786,779.2,230.9,fixation
10:28:4.39835,779.8,231.8,fixation
10:28:4.39884,781.0,229.6,fixation
10:28:4.39934,781.6,227.3,fixation
10:28:4.39983,782.2,226.8,fixation
10:28:4.40032,782.2,229.5,fixation
10:28:4.40081,782.2,232.1,fixation
10:28:4.40131,782.1,232.6,fixation
10:28:4.40180,780.6,232.1,fixation
10:28:4.40229,779.2,232.0,fixation
10:28:4.40278,777.9,232.2,fixation
10:28:4.40328,777.9,232.2,fixation
10:28:4.40377,777.9,231.1,fixation
10:28:4.40426,777.9,230.1,fixation
10:28:4.40476,777.9,229.3,fixation
10:28:4.40525,777.8,230.1,fixation
10:28:4.40574,777.7,230.8,fixation
10:28:4.40623,778.2,231.5,fixation
10:28:4.40673,780.0,232.5,fixation
10:28:4.40722,781.9,232.4,fixation
10:28:4.40771,781.7,232.1,fixation
10:28:4.40820,780.2,230.6,fixation
10:28:4.4087,778.9,230.6,fixation
10:28:4.40919,779.1,231.2,fixation
10:28:4.40968,779.6,232.0,fixation
10:28:4.41017,780.0,232.4,fixation
10:28:4.41067,779.8,232.4,fixation
10:28:4.41116,779.6,232.3,fixation
10:28:4.41165,779.4,232.1,fixation
10:28:4.41215,778.1,231.6,fixation
10:28:4.41264,776.4,231.2,fixation
10:28:4.41313,774.7,230.3,fixation
10:28:4.41362,775.5,229.5,fixation
10:28:4.41412,776.5,228.8,fixation
10:28:4.41461,778.3,228.6,fixation
10:28:4.41510,778.9,228.5,fixation
10:28:4.41559,779.4,228.3,fixation
10:28:4.41609,779.2,228.1,fixation
10:28:4.41658,779.1,228.4,fixation
10:28:4.41707,778.3,229.4,fixation
10:28:4.41756,777.5,230.4,fixation
10:28:4.41806,777.6,231.0,fixation
10:28:4.41855,778.7,231.2,fixation
10:28:4.41904,779.9,231.2,fixation
10:28:4.41954,780.3,231.3,fixation
10:28:4.42003,779.3,231.3,fixation
10:28:4.42052,778.2,231.3,fixation
10:28:4.42101,777.2,231.8,fixation
10:28:4.42151,777.2,232.3,fixation
10:28:4.42200,777.6,232.6,fixation
10:28:4.42249,778.0,232.4,fixation
10:28:4.42298,777.8,232.2,fixation
10:28:4.42348,777.2,232.1,fixation
10:28:4.42397,776.5,231.8,fixation
10:28:4.42446,776.4,231.3,fixation
10:28:4.42496,776.4,231.0,fixation
10:28:4.42545,776.0,231.0,fixation
10:28:4.42594,775.7,231.2,fixation
10:28:4.42643,776.7,231.5,fixation
10:28:4.42693,777.7,231.3,fixation
10:28:4.42742,778.7,230.7,fixation
10:28:4.42791,778.3,229.4,fixation
10:28:4.42840,778.7,228.3,fixation
10:28:4.4289,779.1,227.8,fixation
10:28:4.42939,778.5,229.1,fixation
10:28:4.42988,777.5,230.1,fixation
10:28:4.43037,776.8,230.6,fixation
10:28:4.43087,777.4,230.2,fixation
10:28:4.43136,778.3,231.3,fixation
10:28:4.43185,778.9,232.6,fixation
10:28:4.43235,778.0,233.9,fixation
10:28:4.43284,776.8,233.9,fixation
10:28:4.43333,775.8,233.8,fixation
10:28:4.43382,775.7,233.7,fixation
10:28:4.43432,775.5,233.5,fixation
10:28:4.43481,776.5,233.1,fixation
10:28:4.43530,778.0,232.7,fixation
10:28:4.43579,779.3,233.8,fixation
10:28:4.43629,779.3,235.0,fixation
10:28:4.43678,778.8,234.6,fixation
10:28:4.43727,778.3,231.8,fixation
10:28:4.43776,777.5,229.0,fixation
10:28:4.43826,777.1,229.1,fixation
10:28:4.43875,777.7,230.4,fixation
10:28:4.43924,778.7,231.4,fixation
10:28:4.43974,779.4,231.2,fixation
10:28:4.44023,779.0,231.0,fixation
10:28:4.44072,778.7,231.2,fixation
10:28:4.44121,778.2,231.4,fixation
10:28:4.44171,777.9,232.7,fixation
10:28:4.44220,778.0,234.0,fixation
10:28:4.44269,778.6,235.1,fixation
10:28:4.44318,780.2,235.0,fixation
10:28:4.44368,781.5,235.9,fixation
10:28:4.44417,782.6,237.0,fixation
10:28:4.44466,779.9,236.6,fixation
10:28:4.44516,777.2,234.6,fixation
10:28:4.44565,775.9,232.6,fixation
10:28:4.44614,778.1,231.9,fixation
10:28:4.44663,780.4,231.8,fixation
10:28:4.44713,781.3,233.3,fixation
10:28:4.44762,781.4,234.8,fixation
10:28:4.44811,781.7,235.6,fixation
10:28:4.44860,781.9,234.9,fixation
10:28:4.4491,782.2,234.4,fixation
10:28:4.44959,781.0,234.7,fixation
10:28:4.45008,779.8,235.1,fixation
10:28:4.45057,778.9,235.2,fixation
10:28:4.45107,779.4,234.4,fixation
10:28:4.45156,779.9,233.5,fixation
10:28:4.45205,780.1,232.6,fixation
10:28:4.45255,780.1,232.6,fixation
10:28:4.45304,779.5,232.5,fixation
10:28:4.45353,778.9,233.2,fixation
10:28:4.45402,779.3,233.9,fixation
10:28:4.45452,780.3,234.7,fixation
10:28:4.45501,781.4,234.5,fixation
10:28:4.45550,780.7,234.3,fixation
10:28:4.45599,779.4,233.5,fixation
10:28:4.45649,778.2,232.5,fixation
10:28:4.45698,777.8,231.5,fixation
10:28:4.45747,778.4,231.2,fixation
10:28:4.45796,778.9,230.9,fixation
10:28:4.45846,779.1,230.4,fixation
10:28:4.45895,779.1,230.8,fixation
10:28:4.45944,779.3,232.1,fixation
10:28:4.45994,780.9,233.9,fixation
10:28:4.46043,782.6,234.6,fixation
10:28:4.46092,783.0,234.7,fixation
10:28:4.46141,780.7,234.3,fixation
10:28:4.46191,778.4,233.9,fixation
10:28:4.46240,778.7,233.7,fixation
10:28:4.46289,780.3,234.1,fixation
10:28:4.46338,781.8,234.7,fixation
10:28:4.46388,781.8,235.1,fixation
10:28:4.46437,781.7,234.9,fixation
10:28:4.46486,781.8,235.4,fixation
10:28:4.46535,780.9,236.1,fixation
10:28:4.46585,780.5,236.8,fixation
10:28:4.46634,780.1,236.6,fixation
10:28:4.46683,779.9,236.4,fixation
10:28:4.46733,779.8,236.3,fixation
10:28:4.46782,779.6,236.1,fixation
10:28:4.46831,779.8,235.7,fixation
10:28:4.46880,780.3,235.4,fixation
10:28:4.4693,781.0,235.0,fixation
10:28:4.46979,782.4,234.6,fixation
10:28:4.47028,783.1,234.0,fixation
10:28:4.47077,782.2,232.6,fixation
10:28:4.47127,779.8,229.9,fixation
10:28:4.47176,777.3,227.3,fixation
10:28:4.47225,776.7,226.6,fixation
10:28:4.47275,776.9,230.2,fixation
10:28:4.47324,777.7,233.9,fixation
10:28:4.47373,778.8,236.5,fixation
10:28:4.47422,779.7,236.6,fixation
10:28:4.47472,780.0,236.6,fixation
10:28:4.47521,780.5,236.9,fixation
10:28:4.47570,780.9,237.2,fixation
10:28:4.47619,780.9,237.4,fixation
10:28:4.47669,780.4,237.3,fixation
10:28:4.47718,780.4,237.3,fixation
10:28:4.47767,780.8,237.5,fixation
10:28:4.47816,781.3,236.5,fixation
10:28:4.47866,781.5,235.4,fixation
10:28:4.47915,781.2,234.3,fixation
10:28:4.47964,780.8,234.0,fixation
10:28:4.48014,779.8,233.7,fixation
10:28:4.48063,779.3,233.5,fixation
10:28:4.48112,780.0,235.2,fixation
10:28:4.48161,781.3,236.9,fixation
10:28:4.48211,782.5,236.4,fixation
10:28:4.48260,781.4,234.1,fixation
10:28:4.48309,780.6,231.7,fixation
10:28:4.48358,779.8,231.7,fixation
10:28:4.48408,779.8,232.0,fixation
10:28:4.48457,779.4,232.2,fixation
10:28:4.48506,779.1,233.1,fixation
10:28:4.48555,779.0,233.5,fixation
10:28:4.48605,778.9,233.8,fixation
10:28:4.48654,778.7,233.4,fixation
10:28:4.48703,778.5,233.2,fixation
10:28:4.48753,778.5,233.8,fixation
10:28:4.48802,778.7,234.4,fixation
10:28:4.48851,779.1,234.2,fixation
10:28:4.48900,779.3,233.4,fixation
10:28:4.4895,779.3,232.6,fixation
10:28:4.48999,779.2,232.8,fixation
10:28:4.49048,779.4,233.4,fixation
10:28:4.49097,778.8,233.9,fixation
10:28:4.49147,777.5,233.4,fixation
10:28:4.49196,776.3,232.3,fixation
10:28:4.49245,775.8,231.2,fixation
10:28:4.49294,776.3,231.0,fixation
10:28:4.49344,776.8,232.4,fixation
10:28:4.49393,777.3,233.8,fixation
10:28:4.49442,778.4,235.3,fixation
10:28:4.49492,779.4,235.2,fixation
10:28:4.49541,780.7,235.0,fixation
10:28:4.49590,781.0,234.7,fixation
10:28:4.49639,781.5,233.7,fixation
10:28:4.49689,781.7,232.6,fixation
10:28:4.49738,781.5,231.6,fixation
10:28:4.49787,781.2,231.6,fixation
10:28:4.49836,780.9,232.1,fixation
10:28:4.49886,780.5,232.5,fixation
10:28:4.49935,779.1,233.1,fixation
10:28:4.49984,777.7,233.5,fixation
10:28:4.50034,778.3,234.0,fixation
10:28:4.50083,779.8,234.0,fixation
10:28:4.50132,781.2,234.6,fixation
10:28:4.50181,780.9,234.9,fixation
10:28:4.50231,780.6,235.2,fixation
10:28:4.50280,781.4,235.1,fixation
10:28:4.50329,782.3,234.0,fixation
10:28:4.50378,783.2,233.3,fixation
10:28:4.50428,783.2,232.8,fixation
10:28:4.50477,781.8,233.6,fixation
10:28:4.50526,780.4,234.0,fixation
10:28:4.50575,778.9,233.3,fixation
10:28:4.50625,778.7,232.5,fixation
10:28:4.50674,778.4,231.1,fixation
10:28:4.50723,778.7,230.5,fixation
10:28:4.50773,779.1,230.4,fixation
10:28:4.50822,779.8,231.4,fixation
10:28:4.50871,780.0,233.1,fixation
10:28:4.50920,780.2,234.2,fixation
10:28:4.5097,780.0,234.1,fixation
10:28:4.51019,779.7,233.5,fixation
10:28:4.51068,779.6,232.9,fixation
10:28:4.51117,779.6,233.0,fixation
10:28:4.51167,779.1,232.7,fixation
10:28:4.51216,778.5,232.1,fixation
10:28:4.51265,778.8,231.6,fixation
10:28:4.51314,780.4,232.0,fixation
10:28:4.51364,782.0,233.0,fixation
10:28:4.51413,782.1,233.9,fixation
10:28:4.51462,781.0,234.3,fixation
10:28:4.51512,779.9,234.5,fixation
10:28:4.51561,779.4,234.8,fixation
10:28:4.51610,779.3,235.1,fixation
10:28:4.51659,780.6,234.1,fixation
10:28:4.51709,781.8,233.1,fixation
10:28:4.51758,783.0,233.5,fixation
10:28:4.51807,782.2,235.0,fixation
10:28:4.51856,780.3,236.4,fixation
10:28:4.51906,778.6,236.4,fixation
10:28:4.51955,777.4,236.4,fixation
10:28:4.52004,777.4,237.9,fixation
10:28:4.52054,779.3,239.4,fixation
10:28:4.52103,781.2,238.4,fixation
10:28:4.52152,783.2,235.9,fixation
10:28:4.52201,783.1,233.6,fixation
10:28:4.52251,782.8,234.1,fixation
10:28:4.52300,782.4,234.5,fixation
10:28:4.52349,782.1,234.6,fixation
10:28:4.52398,782.1,234.9,fixation
10:28:4.52448,781.3,235.1,fixation
10:28:4.52497,780.6,235.1,fixation
10:28:4.52546,780.1,234.9,fixation
10:28:4.52595,780.4,235.0,fixation
10:28:4.52645,780.7,236.7,fixation
10:28:4.52694,780.8,238.4,fixation
10:28:4.52743,781.0,240.3,fixation
10:28:4.52793,781.0,240.7,fixation
10:28:4.52842,781.2,239.4,fixation
10:28:4.52891,781.5,237.7,fixation
10:28:4.52940,781.9,237.2,fixation
10:28:4.5299,781.6,238.4,fixation
10:28:4.53039,781.3,239.2,fixation
10:28:4.53088,781.2,238.8,fixation
10:28:4.53137,781.6,238.4,fixation
10:28:4.53187,781.8,238.4,fixation
10:28:4.53236,781.9,238.6,fixation
10:28:4.53285,781.9,238.3,fixation
10:28:4.53334,782.2,238.2,fixation
10:28:4.53384,782.4,238.0,fixation
10:28:4.53433,782.7,238.9,fixation
10:28:4.53482,782.8,239.6,fixation
10:28:4.53532,782.8,240.0,fixation
10:28:4.53581,782.8,239.6,fixation
10:28:4.53630,782.6,238.4,fixation
10:28:4.53679,782.4,237.3,fixation
10:28:4.53729,782.1,236.6,fixation
10:28:4.53778,782.2,236.8,fixation
10:28:4.53827,782.2,237.1,fixation
10:28:4.53876,781.9,237.6,fixation
10:28:4.53926,781.5,238.2,fixation
10:28:4.53975,781.8,238.8,fixation
10:28:4.54024,782.5,239.0,fixation
10:28:4.54073,783.1,238.6,fixation
10:28:4.54123,782.7,237.5,fixation
10:28:4.54172,781.5,236.6,fixation
10:28:4.54221,780.3,235.9,fixation
10:28:4.54271,779.2,236.0,fixation
10:28:4.54320,778.9,235.1,fixation
10:28:4.54369,778.6,234.1,fixation
10:28:4.54418,778.4,232.9,fixation
10:28:4.54468,779.0,232.8,fixation
10:28:4.54517,779.8,233.9,fixation
10:28:4.54566,780.2,235.2,fixation
10:28:4.54615,779.8,237.4,fixation
10:28:4.54665,779.8,238.2,fixation
10:28:4.54714,780.3,238.0,fixation
10:28:4.54763,780.7,237.0,fixation
10:28:4.54813,780.4,236.1,fixation
10:28:4.54862,780.0,236.1,fixation
10:28:4.54911,779.4,235.9,fixation
10:28:4.54960,779.1,235.4,fixation
10:28:4.5501,778.9,235.0,fixation
10:28:4.55059,779.1,234.6,fixation
10:28:4.55108,781.0,235.8,fixation
10:28:4.55157,783.1,238.3,fixation
10:28:4.55207,785.1,240.8,fixation
10:28:4.55256,784.2,241.7,fixation
10:28:4.55305,783.1,240.8,fixation
10:28:4.55354,781.9,238.8,fixation
10:28:4.55404,781.9,235.8,fixation
10:28:4.55453,781.9,233.2,fixation
10:28:4.55502,782.0,233.7,fixation
10:28:4.55552,782.1,235.7,fixation
10:28:4.55601,781.1,235.8,fixation
10:28:4.55650,780.1,234.0,fixation
10:28:4.55699,780.3,232.1,fixation
10:28:4.55749,781.4,231.8,fixation
10:28:4.55798,782.6,231.6,fixation
10:28:4.55847,782.4,232.4,fixation
10:28:4.55896,782.2,234.8,fixation
10:28:4.55946,782.0,237.2,fixation
10:28:4.55995,782.1,238.6,fixation
10:28:4.56044,782.3,238.8,fixation
10:28:4.56093,782.3,239.2,fixation
10:28:4.56143,782.2,238.7,fixation
10:28:4.56192,782.4,237.9,fixation
10:28:4.56241,782.7,237.3,fixation
10:28:4.56291,782.8,237.5,fixation
10:28:4.56340,782.5,238.0,fixation
10:28:4.56389,782.2,238.5,fixation
10:28:4.56438,782.5,237.5,fixation
10:28:4.56488,782.9,236.0,fixation
10:28:4.56537,783.2,236.0,fixation
10:28:4.56586,782.6,237.3,fixation
10:28:4.56635,782.1,239.0,fixation
10:28:4.56685,782.0,239.5,fixation
10:28:4.56734,782.5,240.0,fixation
10:28:4.56783,783.0,240.2,fixation
10:28:4.56833,783.0,240.1,fixation
10:28:4.56882,782.8,240.0,fixation
10:28:4.56931,782.5,239.4,fixation
10:28:4.56980,782.6,239.0,fixation
10:28:4.5703,782.7,238.5,fixation
10:28:4.57079,782.1,236.8,fixation
10:28:4.57128,781.6,235.3,fixation
10:28:4.57177,782.0,233.9,fixation
10:28:4.57227,783.1,234.6,fixation
10:28:4.57276,784.4,235.0,fixation
10:28:4.57325,785.0,236.0,fixation
10:28:4.57374,785.6,236.9,fixation
10:28:4.57424,785.9,237.6,fixation
10:28:4.57473,784.3,237.4,fixation
10:28:4.57522,783.3,237.6,fixation
10:28:4.57572,783.1,237.9,fixation
10:28:4.57621,784.3,238.0,fixation
10:28:4.57670,784.9,237.7,fixation
10:28:4.57719,784.8,237.4,fixation
10:28:4.57769,784.6,237.5,fixation
10:28:4.57818,784.1,237.4,fixation
10:28:4.57867,782.9,236.6,fixation
10:28:4.57916,781.8,233.3,fixation
10:28:4.57966,781.2,230.1,fixation
10:28:4.58015,781.4,230.2,fixation
10:28:4.58064,781.9,233.1,fixation
10:28:4.58113,782.1,236.2,fixation
10:28:4.58163,782.8,236.7,fixation
10:28:4.58212,783.4,236.9,fixation
10:28:4.58261,784.0,236.6,fixation
10:28:4.58311,784.4,235.9,fixation
10:28:4.58360,785.2,235.2,fixation
10:28:4.58409,785.7,235.4,fixation
10:28:4.58458,785.4,236.4,fixation
10:28:4.58508,784.7,237.4,fixation
10:28:4.58557,784.3,237.9,fixation
10:28:4.58606,784.2,238.1,fixation
10:28:4.58655,783.8,238.3,fixation
10:28:4.58705,782.6,236.4,fixation
10:28:4.58754,781.6,234.2,fixation
10:28:4.58803,780.9,232.1,fixation
10:28:4.58852,781.0,232.2,fixation
10:28:4.58902,780.9,232.2,fixation
10:28:4.58951,780.8,231.8,fixation
10:28:4.59000,780.7,231.4,fixation
10:28:4.5905,780.4,232.5,fixation
10:28:4.59099,779.7,233.7,fixation
10:28:4.59148,778.4,234.7,fixation
10:28:4.59197,777.4,233.0,fixation
10:28:4.59247,777.5,231.6,fixation
10:28:4.59296,778.4,231.1,fixation
10:28:4.59345,779.2,231.7,fixation
10:28:4.59394,779.2,232.4,fixation
10:28:4.59444,778.7,232.9,fixation
10:28:4.59493,778.3,233.6,fixation
10:28:4.59542,778.2,235.1,fixation
10:28:4.59592,778.8,236.0,fixation
10:28:4.59641,779.6,237.5,fixation
10:28:4.59690,780.2,238.1,fixation
10:28:4.59739,780.6,236.4,fixation
10:28:4.59789,780.7,234.1,fixation
10:28:4.59838,780.8,231.1,fixation
10:28:4.59887,779.5,230.3,fixation
10:28:4.59936,778.1,229.5,fixation
10:28:4.59986,776.8,229.4,fixation
10:28:4.60035,779.0,230.1,fixation
10:28:4.60084,781.1,231.3,fixation
10:28:4.60133,781.3,232.5,fixation
10:28:4.60183,779.4,232.9,fixation
10:28:4.60232,778.1,232.8,fixation
10:28:4.60281,778.8,233.8,fixation
10:28:4.60331,779.5,234.3,fixation
10:28:4.60380,779.5,234.8,fixation
10:28:4.60429,778.8,234.2,fixation
10:28:4.60478,778.0,234.1,fixation
10:28:4.60528,778.5,233.5,fixation
10:28:4.60577,780.5,232.9,fixation
10:28:4.60626,782.5,232.3,fixation
10:28:4.60675,782.0,232.2,fixation
10:28:4.60725,781.2,232.0,fixation
10:28:4.60774,781.0,232.4,fixation
10:28:4.60823,782.2,232.9,fixation
10:28:4.60872,783.0,233.6,fixation
10:28:4.60922,782.8,233.7,fixation
10:28:4.60971,782.3,233.7,fixation
10:28:4.61020,781.9,234.4,fixation
10:28:4.6107,781.8,235.8,fixation
10:28:4.61119,781.6,237.1,fixation
10:28:4.61168,780.7,237.6,fixation
10:28:4.61217,779.9,237.3,fixation
10:28:4.61267,779.3,236.9,fixation
10:28:4.61316,779.9,236.8,fixation
10:28:4.61365,781.2,236.3,fixation
10:28:4.61414,782.5,235.3,fixation
10:28:4.61464,782.1,232.9,fixation
10:28:4.61513,780.9,231.0,fixation
10:28:4.61562,779.7,229.6,fixation
10:28:4.61612,779.7,229.6,fixation
10:28:4.61661,779.8,229.7,fixation
10:28:4.61710,779.9,229.7,fixation
10:28:4.61759,779.9,229.7,fixation
10:28:4.61809,781.1,231.5,fixation
10:28:4.61858,782.2,233.5,fixation
10:28:4.61907,781.5,233.7,fixation
10:28:4.61956,779.6,232.0,fixation
10:28:4.62006,779.3,230.7,fixation
10:28:4.62055,781.0,231.7,fixation
10:28:4.62104,782.6,233.0,fixation
10:28:4.62153,782.6,233.8,fixation
10:28:4.62203,782.7,233.9,fixation
10:28:4.62252,782.8,233.2,fixation
10:28:4.62301,782.6,231.7,fixation
10:28:4.62351,782.4,230.5,fixation
10:28:4.62400,782.1,229.7,fixation
10:28:4.62449,781.3,229.6,fixation
10:28:4.62498,780.5,229.5,fixation
10:28:4.62548,780.7,228.9,fixation
10:28:4.62597,781.7,228.3,fixation
10:28:4.62646,783.2,230.5,fixation
10:28:4.62695,783.6,233.2,fixation
10:28:4.62745,783.9,236.7,fixation
10:28:4.62794,783.8,237.5,fixation
10:28:4.62843,783.9,238.8,fixation
10:28:4.62892,784.2,239.3,fixation
10:28:4.62942,783.7,238.5,fixation
10:28:4.62991,782.3,237.0,fixation
10:28:4.63040,780.9,235.2,fixation
10:28:4.6309,781.1,234.8,fixation
10:28:4.63139,782.0,234.2,fixation
10:28:4.63188,784.2,233.8,fixation
10:28:4.63237,785.5,233.1,fixation
10:28:4.63287,786.8,232.7,fixation
10:28:4.63336,786.2,231.0,fixation
10:28:4.63385,785.5,229.5,fixation
10:28:4.63434,784.9,229.4,fixation
10:28:4.63484,784.5,232.2,fixation
10:28:4.63533,784.3,235.1,fixation
10:28:4.63582,784.0,236.8,fixation
10:28:4.63631,783.8,234.8,fixation
10:28:4.63681,783.7,232.9,fixation
10:28:4.63730,783.6,231.0,fixation
10:28:4.63779,783.1,231.0,fixation
10:28:4.63829,783.1,230.9,fixation
10:28:4.63878,783.1,233.1,fixation
10:28:4.63927,783.7,235.3,fixation
10:28:4.63976,783.9,238.2,fixation
10:28:4.64026,784.1,238.8,fixation
10:28:4.64075,784.2,237.8,fixation
10:28:4.64124,784.3,236.2,fixation
10:28:4.64173,784.5,234.6,fixation
10:28:4.64223,784.7,234.6,fixation
10:28:4.64272,785.1,234.6,fixation
10:28:4.64321,785.3,234.6,fixation
10:28:4.64371,785.3,234.6,fixation
10:28:4.64420,784.6,234.2,fixation
10:28:4.64469,784.0,233.8,fixation
10:28:4.64518,783.6,233.2,fixation
10:28:4.64568,783.6,232.7,fixation
10:28:4.64617,783.6,232.2,fixation
10:28:4.64666,783.5,231.9,fixation
10:28:4.64715,783.4,231.9,fixation
10:28:4.64765,783.3,232.1,fixation
10:28:4.64814,783.2,232.6,fixation
10:28:4.64863,783.2,233.6,fixation
10:28:4.64912,783.1,234.3,fixation
10:28:4.64962,783.0,233.9,fixation
10:28:4.65011,782.4,233.0,fixation
10:28:4.65060,781.5,232.5,fixation
10:28:4.6511,781.1,234.3,fixation
10:28:4.65159,781.0,236.0,fixation
10:28:4.65208,781.3,236.7,fixation
10:28:4.65257,781.2,236.1,fixation
10:28:4.65307,781.1,235.4,fixation
10:28:4.65356,781.1,235.7,fixation
10:28:4.65405,781.9,236.2,fixation
10:28:4.65454,782.8,236.9,fixation
10:28:4.65504,783.6,237.0,fixation
10:28:4.65553,783.8,236.7,fixation
10:28:4.65602,784.0,236.3,fixation
10:28:4.65651,783.2,235.9,fixation
10:28:4.65701,781.9,235.8,fixation
10:28:4.65750,780.1,235.8,fixation
10:28:4.65799,779.3,235.8,fixation
10:28:4.65849,778.8,235.8,fixation
10:28:4.65898,779.2,234.4,fixation
10:28:4.65947,779.6,232.9,fixation
10:28:4.65996,780.0,232.7,fixation
10:28:4.66046,780.0,233.8,fixation
10:28:4.66095,779.9,234.3,fixation
10:28:4.66144,779.8,233.7,fixation
10:28:4.66193,780.5,234.4,fixation
10:28:4.66243,780.8,235.7,fixation
10:28:4.66292,781.2,237.2,fixation
10:28:4.66341,781.0,237.6,fixation
10:28:4.66391,781.1,237.9,fixation
10:28:4.66440,780.9,238.8,fixation
10:28:4.66489,780.6,239.5,fixation
10:28:4.66538,780.2,240.2,fixation
10:28:4.66588,780.8,240.3,fixation
10:28:4.66637,781.5,240.1,fixation
10:28:4.66686,782.2,238.9,fixation
10:28:4.66735,782.5,237.6,fixation
10:28:4.66785,782.9,236.6,fixation
10:28:4.66834,783.5,237.1,fixation
10:28:4.66883,783.8,237.7,fixation
10:28:4.66932,784.1,236.5,fixation
10:28:4.66982,784.6,234.8,fixation
10:28:4.67031,784.9,234.4,fixation
10:28:4.67080,784.7,235.7,fixation
10:28:4.6713,783.7,237.0,fixation
10:28:4.67179,783.1,237.6,fixation
10:28:4.67228,782.8,237.9,fixation
10:28:4.67277,782.7,238.2,fixation
10:28:4.67327,782.4,238.2,fixation
10:28:4.67376,782.4,238.7,fixation
10:28:4.67425,782.5,237.4,fixation
10:28:4.67474,782.9,235.5,fixation
10:28:4.67524,783.1,234.8,fixation
10:28:4.67573,783.4,236.0,fixation
10:28:4.67622,783.8,235.5,fixation
10:28:4.67671,783.9,233.9,fixation
10:28:4.67721,783.9,233.4,fixation
10:28:4.67770,783.1,234.5,fixation
10:28:4.67819,782.8,235.9,fixation
10:28:4.67869,782.5,237.1,fixation
10:28:4.67918,781.8,238.5,fixation
10:28:4.67967,780.9,239.6,fixation
10:28:4.68016,780.6,238.9,fixation
10:28:4.68066,781.3,238.0,fixation
10:28:4.68115,782.3,237.2,fixation
10:28:4.68164,783.3,237.8,fixation
10:28:4.68213,784.4,238.6,fixation
10:28:4.68263,785.2,239.4,fixation
10:28:4.68312,785.3,239.5,fixation
10:28:4.68361,785.2,239.2,fixation
10:28:4.68410,785.0,238.7,fixation
10:28:4.6846,784.7,238.1,fixation
10:28:4.68509,784.6,237.9,fixation
10:28:4.68558,784.0,238.1,fixation
10:28:4.68608,783.5,238.3,fixation
10:28:4.68657,782.7,238.2,fixation
10:28:4.68706,782.5,237.6,fixation
10:28:4.68755,782.8,237.1,fixation
10:28:4.68805,783.4,238.3,fixation
10:28:4.68854,783.3,239.7,fixation
10:28:4.68903,782.5,239.4,fixation
10:28:4.68952,782.7,237.8,fixation
10:28:4.69002,783.6,236.2,fixation
10:28:4.69051,783.9,236.7,fixation
10:28:4.69100,783.1,237.1,fixation
10:28:4.6915,782.0,237.7,fixation
10:28:4.69199,781.8,237.9,fixation
10:28:4.69248,781.8,238.2,fixation
10:28:4.69297,782.4,237.3,fixation
10:28:4.69347,783.0,236.3,fixation
10:28:4.69396,783.5,235.5,fixation
10:28:4.69445,783.9,236.0,fixation
10:28:4.69494,785.1,236.4,fixation
10:28:4.69544,786.2,236.5,fixation
10:28:4.69593,786.8,236.3,fixation
10:28:4.69642,786.7,237.5,fixation
10:28:4.69691,786.5,238.7,fixation
10:28:4.69741,785.6,238.5,fixation
10:28:4.69790,784.6,237.1,fixation
10:28:4.69839,784.1,235.6,fixation
10:28:4.69889,785.0,237.2,fixation
10:28:4.69938,787.3,238.9,fixation
10:28:4.69987,789.0,239.4,fixation
10:28:4.70036,788.5,238.2,fixation
10:28:4.70086,786.6,237.4,fixation
10:28:4.70135,784.7,237.7,fixation
10:28:4.70184,784.2,236.4,fixation
10:28:4.70233,783.7,234.6,fixation
10:28:4.70283,783.2,233.3,fixation
10:28:4.70332,783.2,233.8,fixation
10:28:4.70381,784.5,234.3,fixation
10:28:4.70430,785.8,236.2,fixation
10:28:4.7048,787.0,238.0,fixation
10:28:4.70529,785.2,237.3,fixation
10:28:4.70578,783.3,234.8,fixation
10:28:4.70628,781.7,232.5,fixation
10:28:4.70677,782.1,232.9,fixation
10:28:4.70726,783.6,233.3,fixation
10:28:4.70775,784.8,233.5,fixation
10:28:4.70825,785.8,234.1,fixation
10:28:4.70874,785.8,234.5,fixation
10:28:4.70923,785.5,234.9,fixation
10:28:4.70972,785.3,235.0,fixation
10:28:4.71022,785.2,235.2,fixation
10:28:4.71071,785.5,235.2,fixation
10:28:4.71120,786.1,235.1,fixation
10:28:4.71169,786.7,234.9,fixation
10:28:4.71219,786.0,235.1,fixation
10:28:4.71268,785.0,235.6,fixation
10:28:4.71317,784.0,235.9,fixation
10:28:4.71367,783.9,235.9,fixation
10:28:4.71416,783.8,235.5,fixation
10:28:4.71465,783.5,234.6,fixation
10:28:4.71514,782.8,233.9,fixation
10:28:4.71564,782.1,233.1,fixation
10:28:4.71613,782.1,233.9,fixation
10:28:4.71662,783.0,234.7,fixation
10:28:4.71711,784.5,236.0,fixation
10:28:4.71761,785.8,236.4,fixation
10:28:4.71810,786.8,236.9,fixation
10:28:4.71859,787.4,237.0,fixation
10:28:4.71909,788.0,237.5,fixation
10:28:4.71958,788.3,238.0,fixation
10:28:4.72007,788.4,238.4,fixation
10:28:4.72056,788.5,238.1,fixation
10:28:4.72106,788.7,236.6,fixation
10:28:4.72155,787.8,234.9,fixation
10:28:4.72204,786.7,233.0,fixation
10:28:4.72253,785.6,232.4,fixation
10:28:4.72303,785.6,231.9,fixation
10:28:4.72352,785.5,231.6,fixation
10:28:4.72401,785.4,231.8,fixation
10:28:4.72450,785.4,232.5,fixation
10:28:4.725,785.3,233.2,fixation
10:28:4.72549,785.2,233.5,fixation
10:28:4.72598,785.1,233.8,fixation
10:28:4.72648,785.3,234.3,fixation
10:28:4.72697,785.6,234.2,fixation
10:28:4.72746,785.3,233.8,fixation
10:28:4.72795,784.8,233.2,fixation
10:28:4.72845,785.5,233.2,fixation
10:28:4.72894,786.7,233.1,fixation
10:28:4.72943,788.0,233.2,fixation
10:28:4.72992,788.1,233.4,fixation
10:28:4.73042,787.2,234.5,fixation
10:28:4.73091,786.1,235.5,fixation
10:28:4.73140,785.0,235.9,fixation
10:28:4.73189,784.9,235.3,fixation
10:28:4.73239,785.6,236.3,fixation
10:28:4.73288,786.2,238.0,fixation
10:28:4.73337,787.5,239.8,fixation
10:28:4.73387,788.1,240.0,fixation
10:28:4.73436,787.3,238.5,fixation
10:28:4.73485,785.8,236.8,fixation
10:28:4.73534,784.4,235.4,fixation
10:28:4.73584,784.5,236.0,fixation
10:28:4.73633,784.7,236.6,fixation
10:28:4.73682,785.2,237.0,fixation
10:28:4.73731,785.9,236.7,fixation
10:28:4.73781,786.6,236.5,fixation
10:28:4.73830,786.7,236.2,fixation
10:28:4.73879,786.7,237.4,fixation
10:28:4.73929,786.5,238.6,fixation
10:28:4.73978,786.2,239.8,fixation
10:28:4.74027,785.8,239.8,fixation
10:28:4.74076,785.4,239.8,fixation
10:28:4.74126,785.2,239.1,fixation
10:28:4.74175,785.0,238.2,fixation
10:28:4.74224,784.9,237.2,fixation
10:28:4.74273,785.0,237.4,fixation
10:28:4.74323,785.0,238.0,fixation
10:28:4.74372,785.1,238.7,fixation
10:28:4.74421,785.0,238.9,fixation
10:28:4.74470,785.0,238.7,fixation
10:28:4.7452,785.1,238.5,fixation
10:28:4.74569,785.2,239.0,fixation
10:28:4.74618,784.3,239.7,fixation
10:28:4.74668,783.4,240.3,fixation
10:28:4.74717,783.1,240.1,fixation
10:28:4.74766,784.3,239.7,fixation
10:28:4.74815,785.5,239.2,fixation
10:28:4.74865,786.0,238.9,fixation
10:28:4.74914,786.0,239.4,fixation
10:28:4.74963,786.9,239.8,fixation
10:28:4.75012,787.9,239.6,fixation
10:28:4.75062,787.1,238.5,fixation
10:28:4.75111,785.5,239.2,fixation
10:28:4.75160,784.1,240.3,fixation
10:28:4.75209,784.3,241.5,fixation
10:28:4.75259,784.4,241.3,fixation
10:28:4.75308,784.5,241.3,fixation
10:28:4.75357,784.6,241.2,fixation
10:28:4.75407,784.8,240.6,fixation
10:28:4.75456,785.0,239.9,fixation
10:28:4.75505,785.2,239.3,fixation
10:28:4.75554,785.4,239.4,fixation
10:28:4.75604,785.6,239.6,fixation
10:28:4.75653,785.9,240.0,fixation
10:28:4.75702,786.0,240.8,fixation
10:28:4.75751,785.9,242.1,fixation
10:28:4.75801,787.3,242.9,fixation
10:28:4.75850,788.9,243.5,fixation
10:28:4.75899,789.6,243.3,fixation
10:28:4.75948,788.7,242.8,fixation
10:28:4.75998,787.7,241.7,fixation
10:28:4.76047,787.4,238.8,fixation
10:28:4.76096,787.1,236.6,fixation
10:28:4.76146,786.6,236.1,fixation
10:28:4.76195,785.8,237.3,fixation
10:28:4.76244,785.0,239.4,fixation
10:28:4.76293,784.6,240.3,fixation
10:28:4.76343,784.6,241.3,fixation
10:28:4.76392,783.9,240.7,fixation
10:28:4.76441,783.1,240.0,fixation
10:28:4.76490,784.0,239.4,fixation
10:28:4.7654,785.6,239.4,fixation
10:28:4.76589,786.4,239.3,fixation
10:28:4.76638,785.5,239.1,fixation
10:28:4.76688,786.0,239.6,fixation
10:28:4.76737,787.4,240.0,fixation
10:28:4.76786,787.7,240.3,fixation
10:28:4.76835,786.6,240.1,fixation
10:28:4.76885,785.9,240.0,fixation
10:28:4.76934,786.3,240.2,fixation
10:28:4.76983,786.8,240.6,fixation
10:28:4.77032,786.8,241.1,fixation
10:28:4.77082,786.8,241.6,fixation
10:28:4.77131,786.9,241.7,fixation
10:28:4.77180,786.9,240.6,fixation
10:28:4.77229,787.1,239.4,fixation
10:28:4.77279,787.3,238.0,fixation
10:28:4.77328,787.6,237.6,fixation
10:28:4.77377,787.3,237.3,fixation
10:28:4.77427,786.9,237.2,fixation
10:28:4.77476,786.5,236.6,fixation
10:28:4.77525,786.5,236.1,fixation
10:28:4.77574,786.6,235.7,fixation
10:28:4.77624,787.0,235.8,fixation
10:28:4.77673,787.7,236.0,fixation
10:28:4.77722,788.2,236.0,fixation
10:28:4.77771,788.5,236.3,fixation
10:28:4.77821,788.3,236.6,fixation
10:28:4.77870,788.3,236.6,fixation
10:28:4.77919,788.6,236.5,fixation
10:28:4.77968,789.0,236.5,fixation
10:28:4.78018,788.9,236.7,fixation
10:28:4.78067,788.5,236.2,fixation
10:28:4.78116,787.9,235.5,fixation
10:28:4.78166,787.6,236.3,fixation
10:28:4.78215,787.2,237.7,fixation
10:28:4.78264,786.8,239.6,fixation
10:28:4.78313,787.4,240.3,fixation
10:28:4.78363,788.0,240.0,fixation
10:28:4.78412,788.6,239.1,fixation
10:28:4.78461,788.6,238.0,fixation
10:28:4.78510,788.0,237.8,fixation
10:28:4.7856,787.3,236.5,fixation
10:28:4.78609,786.7,235.3,fixation
10:28:4.78658,786.8,234.0,fixation
10:28:4.78708,788.1,233.8,fixation
10:28:4.78757,789.3,233.7,fixation
10:28:4.78806,790.2,233.9,fixation
10:28:4.78855,790.1,234.0,fixation
10:28:4.78905,789.8,233.4,fixation
10:28:4.78954,789.5,232.7,fixation
10:28:4.79003,788.9,233.1,fixation
10:28:4.79052,788.8,233.8,fixation
10:28:4.79102,789.2,234.5,fixation
10:28:4.79151,789.8,233.9,fixation
10:28:4.79200,789.1,233.7,fixation
10:28:4.79249,788.1,233.5,fixation
10:28:4.79299,788.8,233.5,fixation
10:28:4.79348,790.6,233.6,fixation
10:28:4.79397,790.2,233.9,fixation
10:28:4.79447,788.0,234.0,fixation
10:28:4.79496,786.4,234.2,fixation
10:28:4.79545,787.3,235.2,fixation
10:28:4.79594,788.2,236.1,fixation
10:28:4.79644,788.7,237.2,fixation
10:28:4.79693,788.7,237.2,fixation
10:28:4.79742,788.6,236.5,fixation
10:28:4.79791,788.5,235.6,fixation
10:28:4.79841,787.5,234.0,fixation
10:28:4.79890,786.6,233.2,fixation
10:28:4.79939,785.8,234.0,fixation
10:28:4.79988,785.8,235.8,fixation
10:28:4.80038,785.8,237.2,fixation
10:28:4.80087,786.1,236.6,fixation
10:28:4.80136,786.6,235.8,fixation
10:28:4.80186,787.2,235.4,fixation
10:28:4.80235,787.4,235.4,fixation
10:28:4.80284,787.2,235.4,fixation
10:28:4.80333,787.0,235.4,fixation
10:28:4.80383,788.0,235.1,fixation
10:28:4.80432,789.1,234.8,fixation
10:28:4.80481,789.0,234.5,fixation
10:28:4.80530,787.6,234.8,fixation
10:28:4.8058,786.2,235.0,fixation
10:28:4.80629,786.1,235.0,fixation
10:28:4.80678,786.0,234.2,fixation
10:28:4.80727,785.9,233.2,fixation
10:28:4.80777,785.8,232.4,fixation
10:28:4.80826,785.7,232.4,fixation
10:28:4.80875,785.5,232.8,fixation
10:28:4.80925,785.4,233.3,fixation
10:28:4.80974,785.6,234.4,fixation
10:28:4.81023,786.0,235.6,fixation
10:28:4.81072,786.2,236.2,fixation
10:28:4.81122,786.1,235.1,fixation
10:28:4.81171,786.0,233.4,fixation
10:28:4.81220,784.9,232.2,fixation
10:28:4.81269,783.7,231.4,fixation
10:28:4.81319,783.0,231.3,fixation
10:28:4.81368,783.4,230.8,fixation
10:28:4.81417,783.7,230.5,fixation
10:28:4.81467,783.5,230.3,fixation
10:28:4.81516,784.6,230.5,fixation
10:28:4.81565,785.8,230.7,fixation
10:28:4.81614,786.2,231.1,fixation
10:28:4.81664,785.4,231.9,fixation
10:28:4.81713,784.9,232.7,fixation
10:28:4.81762,785.2,232.7,fixation
10:28:4.81811,785.3,232.1,fixation
10:28:4.81861,785.1,231.0,fixation
10:28:4.81910,784.8,230.3,fixation
10:28:4.81959,784.6,230.3,fixation
10:28:4.82008,784.5,230.6,fixation
10:28:4.82058,784.6,231.4,fixation
10:28:4.82107,784.8,232.2,fixation
10:28:4.82156,785.6,233.0,fixation
10:28:4.82206,786.5,233.4,fixation
10:28:4.82255,787.5,233.2,fixation
10:28:4.82304,787.6,231.6,fixation
10:28:4.82353,787.8,231.1,fixation
10:28:4.82403,787.9,230.8,fixation
10:28:4.82452,787.6,232.1,fixation
10:28:4.82501,787.4,232.3,fixation
10:28:4.82550,786.9,232.2,fixation
10:28:4.826,786.6,232.5,fixation
10:28:4.82649,786.4,232.7,fixation
10:28:4.82698,786.4,232.5,fixation
10:28:4.82747,786.4,231.6,fixation
10:28:4.82797,786.5,230.6,fixation
10:28:4.82846,786.3,229.9,fixation
10:28:4.82895,785.2,229.3,fixation
10:28:4.82945,784.1,228.7,fixation
10:28:4.82994,783.2,228.3,fixation
10:28:4.83043,783.2,228.4,fixation
10:28:4.83092,783.6,228.5,fixation
10:28:4.83142,784.0,228.5,fixation
10:28:4.83191,784.3,228.6,fixation
10:28:4.83240,784.2,228.7,fixation
10:28:4.83289,783.7,228.8,fixation
10:28:4.83339,783.4,228.8,fixation
10:28:4.83388,783.3,228.7,fixation
10:28:4.83437,783.2,228.6,fixation
10:28:4.83487,782.7,228.5,fixation
10:28:4.83536,782.0,228.6,fixation
10:28:4.83585,782.0,228.9,fixation
10:28:4.83634,782.8,229.1,fixation
10:28:4.83684,783.7,229.3,fixation
10:28:4.83733,784.1,231.6,fixation
10:28:4.83782,784.4,233.8,fixation
10:28:4.83831,784.6,235.1,fixation
10:28:4.83881,784.8,233.6,fixation
10:28:4.83930,784.9,231.9,fixation
10:28:4.83979,785.0,231.2,fixation
10:28:4.84028,785.1,230.4,fixation
10:28:4.84078,785.3,229.9,fixation
10:28:4.84127,785.1,228.5,fixation
10:28:4.84176,784.9,227.4,fixation
10:28:4.84226,784.5,226.7,fixation
10:28:4.84275,784.2,226.9,fixation
10:28:4.84324,784.4,227.1,fixation
10:28:4.84373,785.2,227.7,fixation
10:28:4.84423,786.2,228.0,fixation
10:28:4.84472,785.2,228.3,fixation
10:28:4.84521,783.9,228.2,fixation
10:28:4.84570,784.2,228.7,fixation
10:28:4.8462,785.9,229.2,fixation
10:28:4.84669,787.8,230.2,fixation
10:28:4.84718,787.9,230.8,fixation
10:28:4.84767,787.1,231.3,fixation
10:28:4.84817,786.1,231.2,fixation
10:28:4.84866,785.1,230.0,fixation
10:28:4.84915,785.1,228.4,fixation
10:28:4.84965,785.6,226.9,fixation
10:28:4.85014,786.6,227.7,fixation
10:28:4.85063,788.4,228.9,fixation
10:28:4.85112,789.7,230.3,fixation
10:28:4.85162,790.5,230.7,fixation
10:28:4.85211,790.5,231.0,fixation
10:28:4.85260,790.3,231.0,fixation
10:28:4.85309,789.9,231.3,fixation
10:28:4.85359,789.5,231.5,fixation
10:28:4.85408,788.1,231.9,fixation
10:28:4.85457,786.9,232.0,fixation
10:28:4.85506,786.6,232.5,fixation
10:28:4.85556,787.5,232.8,fixation
10:28:4.85605,788.4,232.8,fixation
10:28:4.85654,788.0,232.2,fixation
10:28:4.85704,787.6,230.9,fixation
10:28:4.85753,787.3,229.9,fixation
10:28:4.85802,786.5,228.3,fixation
10:28:4.85851,785.7,227.5,fixation
10:28:4.85901,785.9,226.6,fixation
10:28:4.85950,786.9,226.5,fixation
10:28:4.85999,788.0,226.7,fixation
10:28:4.86048,788.2,226.2,fixation
10:28:4.86098,787.8,225.7,fixation
10:28:4.86147,787.1,226.5,fixation
10:28:4.86196,786.5,228.1,fixation
10:28:4.86246,786.4,229.7,fixation
10:28:4.86295,786.4,229.7,fixation
10:28:4.86344,785.8,229.7,fixation
10:28:4.86393,785.3,229.4,fixation
10:28:4.86443,785.2,229.1,fixation
10:28:4.86492,785.7,228.8,fixation
10:28:4.86541,786.7,228.7,fixation
10:28:4.86590,787.6,228.0,fixation
10:28:4.8664,788.3,227.3,fixation
10:28:4.86689,788.4,226.4,fixation
10:28:4.86738,786.9,226.0,fixation
10:28:4.86787,785.6,226.8,fixation
10:28:4.86837,784.8,227.7,fixation
10:28:4.86886,785.2,228.0,fixation
10:28:4.86935,785.9,227.4,fixation
10:28:4.86985,786.3,226.9,fixation
10:28:4.87034,786.9,226.8,fixation
10:28:4.87083,787.2,226.7,fixation
10:28:4.87132,787.3,226.5,fixation
10:28:4.87182,787.3,226.7,fixation
10:28:4.87231,786.0,227.2,fixation
10:28:4.87280,783.9,227.6,fixation
10:28:4.87329,781.9,227.3,fixation
10:28:4.87379,783.3,226.6,fixation
10:28:4.87428,785.4,227.5,fixation
10:28:4.87477,787.5,229.3,fixation
10:28:4.87526,787.5,230.2,fixation
10:28:4.87576,787.6,229.4,fixation
10:28:4.87625,787.8,228.5,fixation
10:28:4.87674,787.8,228.2,fixation
10:28:4.87724,787.6,227.6,fixation
10:28:4.87773,786.2,227.1,fixation
10:28:4.87822,784.8,226.8,fixation
10:28:4.87871,783.7,226.8,fixation
10:28:4.87921,783.8,227.5,fixation
10:28:4.87970,783.9,227.9,fixation
10:28:4.88019,783.6,228.2,fixation
10:28:4.88068,783.2,227.9,fixation
10:28:4.88118,782.8,227.8,fixation
10:28:4.88167,783.5,227.6,fixation
10:28:4.88216,785.2,227.5,fixation
10:28:4.88266,787.0,227.7,fixation
10:28:4.88315,787.0,227.8,fixation
10:28:4.88364,785.9,228.0,fixation
10:28:4.88413,784.8,227.8,fixation
10:28:4.88463,784.5,228.3,fixation
10:28:4.88512,784.2,229.0,fixation
10:28:4.88561,784.0,229.8,fixation
10:28:4.88610,783.7,230.1,fixation
10:28:4.8866,783.2,230.1,fixation
10:28:4.88709,782.9,228.5,fixation
10:28:4.88758,783.1,227.0,fixation
10:28:4.88807,783.4,225.4,fixation
10:28:4.88857,783.6,225.3,fixation
10:28:4.88906,783.8,225.1,fixation
10:28:4.88955,784.1,225.2,fixation
10:28:4.89005,784.5,225.8,fixation
10:28:4.89054,784.8,226.3,fixation
10:28:4.89103,785.0,226.3,fixation
10:28:4.89152,785.1,226.1,fixation
10:28:4.89202,784.9,226.5,fixation
10:28:4.89251,784.4,227.1,fixation
10:28:4.89300,784.2,228.2,fixation
10:28:4.89349,784.1,228.5,fixation
10:28:4.89399,783.8,228.8,fixation
10:28:4.89448,783.3,228.7,fixation
10:28:4.89497,782.7,228.6,fixation
10:28:4.89546,783.5,228.3,fixation
10:28:4.89596,784.1,227.8,fixation
10:28:4.89645,784.7,227.3,fixation
10:28:4.89694,784.6,227.8,fixation
10:28:4.89744,784.8,228.6,fixation
10:28:4.89793,783.2,228.7,fixation
10:28:4.89842,781.5,228.1,fixation
10:28:4.89891,779.9,227.6,fixation
10:28:4.89941,780.2,227.6,fixation
10:28:4.89990,782.5,227.7,fixation
10:28:4.90039,784.7,226.7,fixation
10:28:4.90088,785.8,225.9,fixation
10:28:4.90138,784.7,225.2,fixation
10:28:4.90187,784.3,225.6,fixation
10:28:4.90236,784.6,225.8,fixation
10:28:4.90285,784.6,225.9,fixation
10:28:4.90335,784.2,225.9,fixation
10:28:4.90384,784.7,226.0,fixation
10:28:4.90433,785.3,226.5,fixation
10:28:4.90483,785.8,227.0,fixation
10:28:4.90532,785.9,227.7,fixation
10:28:4.90581,786.0,228.1,fixation
10:28:4.90630,786.1,228.4,fixation
10:28:4.9068,785.8,227.8,fixation
10:28:4.90729,785.5,227.0,fixation
10:28:4.90778,785.3,226.3,fixation
10:28:4.90827,785.2,226.6,fixation
10:28:4.90877,785.1,226.9,fixation
10:28:4.90926,784.8,227.2,fixation
10:28:4.90975,784.6,227.6,fixation
10:28:4.91025,785.5,228.0,fixation
10:28:4.91074,786.8,229.3,fixation
10:28:4.91123,787.7,230.3,fixation
10:28:4.91172,787.0,229.5,fixation
10:28:4.91222,786.3,227.6,fixation
10:28:4.91271,786.4,225.8,fixation
10:28:4.91320,786.7,226.9,fixation
10:28:4.91369,787.1,228.9,fixation
10:28:4.91419,786.9,230.8,fixation
10:28:4.91468,786.8,231.4,fixation
10:28:4.91517,787.1,231.4,fixation
10:28:4.91566,787.4,231.6,fixation
10:28:4.91616,788.6,231.8,fixation
10:28:4.91665,789.3,231.3,fixation
10:28:4.91714,789.9,230.4,fixation
10:28:4.91764,789.1,229.5,fixation
10:28:4.91813,787.9,229.1,fixation
10:28:4.91862,785.8,229.0,fixation
10:28:4.91911,784.3,229.9,fixation
10:28:4.91961,783.1,230.8,fixation
10:28:4.92010,782.8,232.0,fixation
10:28:4.92059,784.4,232.2,fixation
10:28:4.92108,786.7,231.5,fixation
10:28:4.92158,789.1,230.8,fixation
10:28:4.92207,789.2,230.3,fixation
10:28:4.92256,788.7,230.7,fixation
10:28:4.92305,788.2,230.6,fixation
10:28:4.92355,787.7,230.3,fixation
10:28:4.92404,786.8,229.9,fixation
10:28:4.92453,786.3,228.3,fixation
10:28:4.92503,786.8,226.7,fixation
10:28:4.92552,787.6,226.3,fixation
10:28:4.92601,787.9,227.3,fixation
10:28:4.92650,787.9,228.3,fixation
10:28:4.927,788.0,227.7,fixation
10:28:4.92749,788.0,227.4,fixation
10:28:4.92798,787.8,227.7,fixation
10:28:4.92847,787.8,229.3,fixation
10:28:4.92897,788.3,230.9,fixation
10:28:4.92946,788.6,231.0,fixation
10:28:4.92995,788.7,229.7,fixation
10:28:4.93044,788.1,228.2,fixation
10:28:4.93094,787.6,228.4,fixation
10:28:4.93143,787.2,228.9,fixation
10:28:4.93192,787.4,229.0,fixation
10:28:4.93242,787.7,228.4,fixation
10:28:4.93291,788.5,227.9,fixation
10:28:4.93340,789.0,227.6,fixation
10:28:4.93389,788.9,227.1,fixation
10:28:4.93439,788.8,226.6,fixation
10:28:4.93488,789.0,226.7,fixation
10:28:4.93537,789.0,227.2,fixation
10:28:4.93586,788.1,227.6,fixation
10:28:4.93636,787.2,227.7,fixation
10:28:4.93685,786.3,227.8,fixation
10:28:4.93734,785.7,228.1,fixation
10:28:4.93784,785.2,228.4,fixation
10:28:4.93833,785.1,230.4,fixation
10:28:4.93882,784.8,232.3,fixation
10:28:4.93931,784.8,232.2,fixation
10:28:4.93981,784.7,230.2,fixation
10:28:4.94030,784.7,228.0,fixation
10:28:4.94079,784.6,227.8,fixation
10:28:4.94128,784.8,227.4,fixation
10:28:4.94178,785.1,227.3,fixation
10:28:4.94227,785.2,227.2,fixation
10:28:4.94276,785.1,227.5,fixation
10:28:4.94325,785.8,229.4,fixation
10:28:4.94375,786.6,231.0,fixation
10:28:4.94424,787.5,232.3,fixation
10:28:4.94473,787.5,232.2,fixation
10:28:4.94523,787.3,232.3,fixation
10:28:4.94572,788.1,233.0,fixation
10:28:4.94621,789.0,233.5,fixation
10:28:4.94670,788.9,234.0,fixation
10:28:4.9472,787.7,232.9,fixation
10:28:4.94769,786.8,232.1,fixation
10:28:4.94818,787.2,231.3,fixation
10:28:4.94867,787.7,231.8,fixation
10:28:4.94917,788.1,232.0,fixation
10:28:4.94966,788.3,232.2,fixation
10:28:4.95015,788.4,232.3,fixation
10:28:4.95064,788.1,232.4,fixation
10:28:4.95114,787.5,232.7,fixation
10:28:4.95163,787.1,233.0,fixation
10:28:4.95212,787.2,232.3,fixation
10:28:4.95262,787.2,231.2,fixation
10:28:4.95311,787.0,229.6,fixation
10:28:4.95360,786.5,228.8,fixation
10:28:4.95409,786.4,228.2,fixation
10:28:4.95459,785.8,226.8,fixation
10:28:4.95508,784.8,225.3,fixation
10:28:4.95557,783.9,226.9,fixation
10:28:4.95606,783.9,229.8,fixation
10:28:4.95656,784.6,232.6,fixation
10:28:4.95705,785.2,232.7,fixation
10:28:4.95754,785.3,232.3,fixation
10:28:4.95804,784.9,231.6,fixation
10:28:4.95853,784.3,230.3,fixation
10:28:4.95902,783.8,229.3,fixation
10:28:4.95951,784.1,228.9,fixation
10:28:4.96001,784.6,229.2,fixation
10:28:4.96050,785.6,229.5,fixation
10:28:4.96099,785.9,229.8,fixation
10:28:4.96148,786.2,230.0,fixation
10:28:4.96198,786.1,230.1,fixation
10:28:4.96247,786.7,229.8,fixation
10:28:4.96296,787.4,229.6,fixation
10:28:4.96345,788.0,229.4,fixation
10:28:4.96395,788.0,229.2,fixation
10:28:4.96444,788.0,229.2,fixation
10:28:4.96493,788.1,229.3,fixation
10:28:4.96543,788.6,229.5,fixation
10:28:4.96592,788.9,230.2,fixation
10:28:4.96641,789.2,231.0,fixation
10:28:4.96690,789.3,231.8,fixation
10:28:4.9674,789.5,231.0,fixation
10:28:4.96789,789.5,230.1,fixation
10:28:4.96838,789.1,229.4,fixation
10:28:4.96887,788.5,229.5,fixation
10:28:4.96937,787.8,229.1,fixation
10:28:4.96986,787.3,228.2,fixation
10:28:4.97035,787.0,226.9,fixation
10:28:4.97084,786.7,225.8,fixation
10:28:4.97134,786.5,225.1,fixation
10:28:4.97183,786.3,227.9,fixation
10:28:4.97232,786.2,230.3,fixation
10:28:4.97282,786.1,232.2,fixation
10:28:4.97331,786.3,230.9,fixation
10:28:4.97380,786.6,230.2,fixation
10:28:4.97429,787.8,230.1,fixation
10:28:4.97479,788.7,230.7,fixation
10:28:4.97528,789.5,231.2,fixation
10:28:4.97577,789.2,232.1,fixation
10:28:4.97626,788.6,232.6,fixation
10:28:4.97676,787.2,233.1,fixation
10:28:4.97725,786.1,233.1,fixation
10:28:4.97774,785.3,233.2,fixation
10:28:4.97823,785.2,232.1,fixation
10:28:4.97873,785.1,231.1,fixation
10:28:4.97922,784.9,229.6,fixation
10:28:4.97971,784.3,229.2,fixation
10:28:4.98021,783.9,228.9,fixation
10:28:4.98070,783.5,229.1,fixation
10:28:4.98119,784.3,229.6,fixation
10:28:4.98168,785.0,231.0,fixation
10:28:4.98218,785.8,232.6,fixation
10:28:4.98267,785.8,234.1,fixation
10:28:4.98316,785.7,233.5,fixation
10:28:4.98365,785.7,232.4,fixation
10:28:4.98415,785.4,230.9,fixation
10:28:4.98464,785.1,229.9,fixation
10:28:4.98513,784.7,228.8,fixation
10:28:4.98563,784.3,228.9,fixation
10:28:4.98612,784.1,229.6,fixation
10:28:4.98661,784.1,230.1,fixation
10:28:4.98710,784.4,229.8,fixation
10:28:4.9876,784.7,229.5,fixation
10:28:4.98809,784.9,229.3,fixation
10:28:4.98858,785.2,229.3,fixation
10:28:4.98907,785.2,229.3,fixation
10:28:4.98957,784.6,229.0,fixation
10:28:4.99006,784.2,228.8,fixation
10:28:4.99055,784.1,229.7,fixation
10:28:4.99104,784.8,230.9,fixation
10:28:4.99154,785.6,232.0,fixation
10:28:4.99203,786.0,232.2,fixation
10:28:4.99252,786.4,232.5,fixation
10:28:4.99302,785.5,232.8,fixation
10:28:4.99351,784.7,233.0,fixation
10:28:4.99400,784.1,232.0,fixation
10:28:4.99449,784.3,231.2,fixation
10:28:4.99499,784.5,230.3,fixation
10:28:4.99548,784.5,230.5,fixation
10:28:4.99597,784.9,231.7,fixation
10:28:4.99646,785.3,232.8,fixation
10:28:4.99696,785.5,232.6,fixation
10:28:4.99745,783.9,230.6,fixation
10:28:4.99794,782.0,228.7,fixation
10:28:4.99843,780.2,229.7,fixation
10:28:4.99893,780.6,231.4,fixation
10:28:4.99942,781.2,233.1,fixation
10:28:4.99991,781.7,233.1,fixation
10:28:5.00041,782.5,232.8,fixation
10:28:5.00090,783.3,232.5,fixation
10:28:5.00139,783.1,232.4,fixation
10:28:5.00188,782.2,232.3,fixation
10:28:5.00238,781.8,232.2,fixation
10:28:5.00287,782.3,231.6,fixation
10:28:5.00336,783.2,231.0,fixation
10:28:5.00385,783.2,231.7,fixation
10:28:5.00435,783.3,233.0,fixation
10:28:5.00484,783.0,232.3,fixation
10:28:5.00533,783.0,230.5,fixation
10:28:5.00583,782.9,229.0,fixation
10:28:5.00632,782.7,230.9,fixation
10:28:5.00681,782.1,232.7,fixation
10:28:5.00730,781.7,233.5,fixation
10:28:5.0078,782.4,232.7,fixation
10:28:5.00829,783.4,232.0,fixation
10:28:5.00878,784.3,232.1,fixation
10:28:5.00927,784.1,232.4,fixation
10:28:5.00977,783.6,232.6,fixation
10:28:5.01026,783.2,231.9,fixation
10:28:5.01075,783.5,231.1,fixation
10:28:5.01124,783.7,230.0,fixation
10:28:5.01174,783.5,229.7,fixation
10:28:5.01223,782.2,230.1,fixation
10:28:5.01272,781.2,232.3,fixation
10:28:5.01322,780.0,234.4,fixation
10:28:5.01371,779.5,235.7,fixation
10:28:5.01420,779.8,235.2,fixation
10:28:5.01469,780.6,234.8,fixation
10:28:5.01519,782.3,233.9,fixation
10:28:5.01568,783.3,233.4,fixation
10:28:5.01617,784.7,233.2,fixation
10:28:5.01666,785.2,233.5,fixation
10:28:5.01716,785.5,233.5,fixation
10:28:5.01765,785.1,233.5,fixation
10:28:5.01814,784.5,233.6,fixation
10:28:5.01863,783.7,233.2,saccade
10:28:5.01913,783.6,232.6,saccade
10:28:5.01962,783.4,232.1,saccade
10:28:5.02011,783.3,232.1,saccade
10:28:5.02061,784.6,231.7,saccade
10:28:5.02110,785.9,231.2,saccade
10:28:5.02159,786.4,231.1,saccade
10:28:5.02208,785.7,231.7,saccade
10:28:5.02258,785.1,232.6,saccade
10:28:5.02307,785.3,233.2,saccade
10:28:5.02356,784.5,232.9,saccade
10:28:5.02405,783.7,231.9,saccade
10:28:5.02455,782.6,231.0,saccade
10:28:5.02504,782.1,230.3,saccade
10:28:5.02553,778.9,230.0,saccade
10:28:5.02602,776.0,228.9,saccade
10:28:5.02652,773.0,227.9,saccade
10:28:5.02701,770.5,227.1,saccade
10:28:5.02750,767.1,227.1,saccade
10:28:5.028,763.1,226.7,saccade
10:28:5.02849,760.3,226.4,saccade
10:28:5.02898,756.8,227.7,saccade
10:28:5.02947,752.4,229.4,saccade
10:28:5.02997,747.6,229.9,saccade
10:28:5.03046,741.3,228.5,saccade
10:28:5.03095,736.8,227.9,saccade
10:28:5.03144,731.5,228.9,saccade
10:28:5.03194,727.5,230.2,saccade
10:28:5.03243,721.4,230.6,saccade
10:28:5.03292,713.4,231.1,saccade
10:28:5.03342,707.2,231.8,saccade
10:28:5.03391,702.5,233.7,saccade
10:28:5.03440,700.2,235.1,saccade
10:28:5.03489,696.5,235.9,saccade
10:28:5.03539,691.5,235.6,saccade
10:28:5.03588,685.6,235.8,saccade
10:28:5.03637,681.5,235.8,saccade
10:28:5.03686,677.9,235.8,saccade
10:28:5.03736,673.6,236.7,saccade
10:28:5.03785,669.3,237.6,saccade
10:28:5.03834,664.2,238.5,saccade
10:28:5.03883,660.3,238.2,saccade
10:28:5.03933,656.1,238.0,saccade
10:28:5.03982,652.1,238.9,saccade
10:28:5.04031,648.1,239.7,saccade
10:28:5.04081,644.1,240.5,saccade
10:28:5.04130,640.1,240.1,saccade
10:28:5.04179,638.2,241.0,saccade
10:28:5.04228,636.5,242.1,saccade
10:28:5.04278,634.4,242.9,saccade
10:28:5.04327,631.3,242.2,saccade
10:28:5.04376,627.5,241.6,saccade
10:28:5.04425,625.8,243.2,saccade
10:28:5.04475,624.7,245.0,saccade
10:28:5.04524,623.5,247.1,saccade
10:28:5.04573,621.4,246.8,saccade
10:28:5.04622,617.6,246.5,saccade
10:28:5.04672,613.6,246.0,saccade
10:28:5.04721,610.4,246.4,saccade
10:28:5.04770,609.1,246.6,saccade
10:28:5.0482,608.6,246.5,saccade
10:28:5.04869,607.2,245.8,saccade
10:28:5.04918,605.3,245.7,saccade
10:28:5.04967,603.8,246.4,saccade
10:28:5.05017,603.4,248.4,saccade
10:28:5.05066,604.3,250.1,saccade
10:28:5.05115,605.2,251.2,saccade
10:28:5.05164,606.2,251.8,fixation
10:28:5.05214,606.6,252.7,fixation
10:28:5.05263,606.7,254.0,fixation
10:28:5.05312,606.2,254.6,fixation
10:28:5.05362,605.7,255.1,fixation
10:28:5.05411,605.5,255.2,fixation
10:28:5.05460,605.2,255.6,fixation
10:28:5.05509,604.8,256.1,fixation
10:28:5.05559,604.3,256.5,fixation
10:28:5.05608,604.1,256.3,fixation
10:28:5.05657,604.0,255.5,fixation
10:28:5.05706,603.9,254.6,fixation
10:28:5.05756,604.0,254.0,fixation
10:28:5.05805,604.1,254.2,fixation
10:28:5.05854,603.3,254.3,fixation
10:28:5.05903,602.5,254.9,fixation
10:28:5.05953,601.6,255.3,fixation
10:28:5.06002,601.8,255.6,fixation
10:28:5.06051,602.2,255.2,fixation
10:28:5.06101,602.6,255.1,fixation
10:28:5.06150,602.8,255.2,fixation
10:28:5.06199,602.7,256.0,fixation
10:28:5.06248,602.5,256.6,fixation
10:28:5.06298,603.4,255.3,fixation
10:28:5.06347,604.4,253.6,fixation
10:28:5.06396,604.6,251.9,fixation
10:28:5.06445,603.7,251.3,fixation
10:28:5.06495,603.0,250.6,fixation
10:28:5.06544,604.0,250.3,fixation
10:28:5.06593,605.0,250.7,fixation
10:28:5.06642,605.4,251.9,fixation
10:28:5.06692,604.4,252.7,fixation
10:28:5.06741,603.5,253.4,fixation
10:28:5.06790,603.0,253.2,fixation
10:28:5.0684,601.8,252.9,fixation
10:28:5.06889,600.6,252.6,fixation
10:28:5.06938,600.1,252.5,fixation
10:28:5.06987,600.7,252.8,fixation
10:28:5.07037,600.6,253.0,fixation
10:28:5.07086,599.7,253.0,fixation
10:28:5.07135,600.0,252.6,fixation
10:28:5.07184,601.1,252.9,fixation
10:28:5.07234,602.3,253.3,fixation
10:28:5.07283,602.4,252.0,fixation
10:28:5.07332,602.4,250.1,fixation
10:28:5.07381,602.5,248.2,fixation
10:28:5.07431,603.1,249.8,fixation
10:28:5.07480,603.8,251.5,fixation
10:28:5.07529,604.4,253.2,fixation
10:28:5.07579,604.5,253.3,fixation
10:28:5.07628,604.5,253.3,fixation
10:28:5.07677,603.0,253.0,fixation
10:28:5.07726,601.4,252.8,fixation
10:28:5.07776,601.4,252.7,fixation
10:28:5.07825,602.9,252.9,fixation
10:28:5.07874,604.4,253.1,fixation
10:28:5.07923,604.7,252.7,fixation
10:28:5.07973,604.9,252.2,fixation
10:28:5.08022,603.7,251.7,fixation
10:28:5.08071,602.2,251.4,fixation
10:28:5.08121,601.3,251.3,fixation
10:28:5.08170,601.9,251.4,fixation
10:28:5.08219,602.6,251.6,fixation
10:28:5.08268,603.3,251.9,fixation
10:28:5.08318,603.6,252.1,fixation
10:28:5.08367,603.4,252.0,fixation
10:28:5.08416,601.5,251.6,fixation
10:28:5.08465,600.0,251.2,fixation
10:28:5.08515,597.5,250.9,fixation
10:28:5.08564,596.2,250.5,fixation
10:28:5.08613,596.1,250.3,fixation
10:28:5.08662,597.3,250.2,fixation
10:28:5.08712,598.9,250.2,fixation
10:28:5.08761,599.6,252.0,fixation
10:28:5.08810,600.3,253.8,fixation
10:28:5.0886,599.7,255.0,fixation
10:28:5.08909,598.8,254.3,fixation
10:28:5.08958,598.6,253.7,fixation
10:28:5.09007,599.1,254.7,fixation
10:28:5.09057,599.5,255.9,fixation
10:28:5.09106,599.6,257.3,fixation
10:28:5.09155,600.2,257.5,fixation
10:28:5.09204,600.9,253.7,fixation
10:28:5.09254,601.2,249.7,fixation
10:28:5.09303,600.9,247.5,fixation
10:28:5.09352,600.8,249.4,fixation
10:28:5.09401,600.9,251.5,fixation
10:28:5.09451,601.1,251.4,fixation
10:28:5.09500,601.2,251.1,fixation
10:28:5.09549,601.1,250.3,fixation
10:28:5.09599,601.0,250.0,fixation
10:28:5.09648,601.0,251.3,fixation
10:28:5.09697,601.1,253.0,fixation
10:28:5.09746,601.6,254.5,fixation
10:28:5.09796,602.5,254.0,fixation
10:28:5.09845,603.0,253.5,fixation
10:28:5.09894,603.1,252.9,fixation
10:28:5.09943,602.8,252.7,fixation
10:28:5.09993,602.9,254.1,fixation
10:28:5.10042,602.5,255.8,fixation
10:28:5.10091,601.8,257.4,fixation
10:28:5.10141,601.1,257.4,fixation
10:28:5.10190,601.9,257.4,fixation
10:28:5.10239,603.1,257.5,fixation
10:28:5.10288,604.4,257.7,fixation
10:28:5.10338,604.5,257.9,fixation
10:28:5.10387,604.2,257.7,fixation
10:28:5.10436,602.9,257.2,fixation
10:28:5.10485,601.5,255.1,fixation
10:28:5.10535,600.7,253.3,fixation
10:28:5.10584,600.9,251.4,fixation
10:28:5.10633,600.5,251.1,fixation
10:28:5.10682,599.5,252.2,fixation
10:28:5.10732,598.4,253.6,fixation
10:28:5.10781,598.3,254.9,fixation
10:28:5.10830,598.7,254.8,fixation
10:28:5.1088,599.0,254.7,fixation
10:28:5.10929,598.9,255.1,fixation
10:28:5.10978,600.0,255.0,fixation
10:28:5.11027,601.3,255.0,fixation
10:28:5.11077,602.5,254.9,fixation
10:28:5.11126,601.4,255.2,fixation
10:28:5.11175,600.3,255.5,fixation
10:28:5.11224,600.1,256.8,fixation
10:28:5.11274,601.1,258.2,fixation
10:28:5.11323,602.5,259.3,fixation
10:28:5.11372,602.6,258.9,fixation
10:28:5.11421,602.5,256.5,fixation
10:28:5.11471,602.0,254.5,fixation
10:28:5.11520,601.7,252.7,fixation
10:28:5.11569,602.0,253.1,fixation
10:28:5.11619,602.5,253.4,fixation
10:28:5.11668,603.1,252.9,fixation
10:28:5.11717,603.4,252.3,fixation
10:28:5.11766,602.9,251.9,fixation
10:28:5.11816,602.3,252.1,fixation
10:28:5.11865,600.9,252.2,fixation
10:28:5.11914,600.0,252.0,fixation
10:28:5.11963,600.9,253.1,fixation
10:28:5.12013,602.7,254.4,fixation
10:28:5.12062,604.5,256.0,fixation
10:28:5.12111,604.7,256.4,fixation
10:28:5.12160,604.8,256.7,fixation
10:28:5.1221,604.9,256.8,fixation
10:28:5.12259,604.9,256.9,fixation
10:28:5.12308,605.6,256.9,fixation
10:28:5.12358,606.3,256.9,fixation
10:28:5.12407,606.2,256.6,fixation
10:28:5.12456,604.0,254.9,fixation
10:28:5.12505,601.9,253.3,fixation
10:28:5.12555,601.1,251.7,fixation
10:28:5.12604,601.8,251.4,fixation
10:28:5.12653,603.4,251.2,fixation
10:28:5.12702,604.7,251.2,fixation
10:28:5.12752,605.6,252.7,fixation
10:28:5.12801,605.6,254.1,fixation
10:28:5.12850,605.5,255.8,fixation
10:28:5.129,605.2,256.4,fixation
10:28:5.12949,604.6,257.0,fixation
10:28:5.12998,603.5,256.7,fixation
10:28:5.13047,602.6,256.2,fixation
10:28:5.13097,602.1,255.8,fixation
10:28:5.13146,602.5,256.0,fixation
10:28:5.13195,602.9,256.1,fixation
10:28:5.13244,603.1,255.4,fixation
10:28:5.13294,603.2,255.1,fixation
10:28:5.13343,603.4,255.0,fixation
10:28:5.13392,603.4,255.6,fixation
10:28:5.13441,603.1,255.8,fixation
10:28:5.13491,602.8,255.4,fixation
10:28:5.13540,603.2,254.9,fixation
10:28:5.13589,604.1,254.0,fixation
10:28:5.13639,605.1,253.4,fixation
10:28:5.13688,605.2,254.5,fixation
10:28:5.13737,605.4,256.7,fixation
10:28:5.13786,605.5,258.9,fixation
10:28:5.13836,605.2,258.2,fixation
10:28:5.13885,603.1,256.4,fixation
10:28:5.13934,601.0,254.2,fixation
10:28:5.13983,599.8,253.7,fixation
10:28:5.14033,600.1,253.9,fixation
10:28:5.14082,600.4,254.3,fixation
10:28:5.14131,600.3,253.9,fixation
10:28:5.14180,600.3,253.3,fixation
10:28:5.1423,600.2,255.1,fixation
10:28:5.14279,600.0,257.2,fixation
10:28:5.14328,600.0,258.9,fixation
10:28:5.14378,600.1,258.1,fixation
10:28:5.14427,600.4,257.4,fixation
10:28:5.14476,601.2,257.0,fixation
10:28:5.14525,602.0,255.5,fixation
10:28:5.14575,603.0,253.9,fixation
10:28:5.14624,603.3,253.2,fixation
10:28:5.14673,603.8,254.7,fixation
10:28:5.14722,604.0,256.3,fixation
10:28:5.14772,604.2,256.8,fixation
10:28:5.14821,604.5,256.5,fixation
10:28:5.14870,604.7,255.7,fixation
10:28:5.14919,604.1,254.6,fixation
10:28:5.14969,602.3,253.7,fixation
10:28:5.15018,600.5,253.3,fixation
10:28:5.15067,599.5,253.4,fixation
10:28:5.15117,599.4,254.3,fixation
10:28:5.15166,599.2,254.8,fixation
10:28:5.15215,599.0,254.9,fixation
10:28:5.15264,599.8,254.7,fixation
10:28:5.15314,600.5,254.8,fixation
10:28:5.15363,601.7,256.0,fixation
10:28:5.15412,602.1,256.8,fixation
10:28:5.15461,602.8,257.5,fixation
10:28:5.15511,603.1,257.4,fixation
10:28:5.15560,601.9,256.7,fixation
10:28:5.15609,600.0,256.0,fixation
10:28:5.15659,598.2,255.5,fixation
10:28:5.15708,599.3,255.4,fixation
10:28:5.15757,600.8,255.2,fixation
10:28:5.15806,600.7,255.1,fixation
10:28:5.15856,599.2,255.3,fixation
10:28:5.15905,597.4,255.5,fixation
10:28:5.15954,597.0,254.9,fixation
10:28:5.16003,596.5,254.0,fixation
10:28:5.16053,596.5,253.4,fixation
10:28:5.16102,597.9,253.8,fixation
10:28:5.16151,599.5,254.2,fixation
10:28:5.16200,601.0,254.4,fixation
10:28:5.1625,601.2,254.3,fixation
10:28:5.16299,601.1,254.2,fixation
10:28:5.16348,600.5,254.7,fixation
10:28:5.16398,599.7,255.3,fixation
10:28:5.16447,598.9,255.2,fixation
10:28:5.16496,598.4,254.6,fixation
10:28:5.16545,598.6,253.9,fixation
10:28:5.16595,598.9,253.9,fixation
10:28:5.16644,598.8,253.8,fixation
10:28:5.16693,598.1,253.6,fixation
10:28:5.16742,597.5,253.9,fixation
10:28:5.16792,598.4,254.2,fixation
10:28:5.16841,599.4,254.8,fixation
10:28:5.16890,600.2,255.1,fixation
10:28:5.16939,599.0,255.2,fixation
10:28:5.16989,598.3,254.9,fixation
10:28:5.17038,598.3,254.6,fixation
10:28:5.17087,599.1,254.1,fixation
10:28:5.17137,599.6,253.7,fixation
10:28:5.17186,599.6,254.2,fixation
10:28:5.17235,600.4,255.2,fixation
10:28:5.17284,601.3,256.0,fixation
10:28:5.17334,601.8,255.8,fixation
10:28:5.17383,601.4,255.5,fixation
10:28:5.17432,601.0,256.2,fixation
10:28:5.17481,600.6,256.8,fixation
10:28:5.17531,600.2,256.8,fixation
10:28:5.17580,599.8,256.3,fixation
10:28:5.17629,601.4,256.0,fixation
10:28:5.17679,603.1,256.0,fixation
10:28:5.17728,603.0,254.9,fixation
10:28:5.17777,601.2,253.8,fixation
10:28:5.17826,599.4,253.9,fixation
10:28:5.17876,599.3,254.9,fixation
10:28:5.17925,599.2,255.2,fixation
10:28:5.17974,598.8,254.6,fixation
10:28:5.18023,598.6,254.0,fixation
10:28:5.18073,598.3,252.3,fixation
10:28:5.18122,598.5,251.1,fixation
10:28:5.18171,598.7,250.3,fixation
10:28:5.18220,599.0,251.5,fixation
10:28:5.1827,599.5,252.2,fixation
10:28:5.18319,599.9,252.5,fixation
