TimeStamp,X,Y,Event
10:34:56.5016,786.3,438.6,saccade
10:34:56.5021,786.2,436.8,saccade
10:34:56.5026,786.5,435.7,saccade
10:34:56.5031,783.2,433.7,saccade
10:34:56.5036,774.9,425.1,saccade
10:34:56.5041,761.5,409.2,saccade
10:34:56.5046,741.3,388.6,saccade
10:34:56.5051,716.2,369.3,saccade
10:34:56.5056,690.6,352.7,saccade
10:34:56.5061,665.6,340.9,saccade
10:34:56.5066,645.5,337.5,saccade
10:34:56.5071,634.6,340.7,saccade
10:34:56.5076,631.9,344.5,saccade
10:34:56.5081,631.8,350.5,saccade
10:34:56.5086,632.5,357.8,saccade
10:34:56.5091,634.3,359.6,saccade
10:34:56.5096,635.4,358.1,saccade
10:34:56.5101,637.1,358.3,saccade
10:34:56.5106,640.4,359.8,saccade
10:34:56.5111,644.0,365.0,saccade
10:34:56.5116,649.7,370.7,saccade
10:34:56.5121,654.4,374.1,saccade
10:34:56.5126,655.4,373.6,saccade
10:34:56.5131,655.4,373.3,saccade
10:34:56.5136,.,.,blink
10:34:56.5141,.,.,blink
10:34:56.5146,.,.,blink
10:34:56.5151,.,.,blink
10:34:56.5156,.,.,blink
10:34:56.5161,.,.,blink
10:34:56.5166,.,.,blink
10:34:56.5171,.,.,blink
10:34:56.5176,.,.,blink
10:34:56.5181,.,.,blink
10:34:56.5186,.,.,blink
10:34:56.5191,.,.,blink
10:34:56.5196,.,.,blink
10:34:56.5201,.,.,blink
10:34:56.5206,.,.,blink
10:34:56.5211,.,.,blink
10:34:56.5216,.,.,blink
10:34:56.5221,.,.,blink
10:34:56.5226,.,.,blink
10:34:56.5231,.,.,blink
10:34:56.5236,.,.,blink
10:34:56.5241,.,.,blink
10:34:56.5246,.,.,blink
10:34:56.5251,632.9,373.9,fixation
10:34:56.5256,633.7,374.1,fixation
10:34:56.5261,633.8,374.5,fixation
10:34:56.5266,632.5,374.1,fixation
10:34:56.5271,632.7,374.9,fixation
10:34:56.5276,633.6,375.9,fixation
10:34:56.5281,634.0,376.2,fixation
10:34:56.5286,634.1,376.6,fixation
10:34:56.5291,633.9,376.0,fixation
10:34:56.5296,633.6,374.4,fixation
10:34:56.5301,633.4,374.4,fixation
10:34:56.5306,632.8,375.5,fixation
10:34:56.5311,633.2,374.5,fixation
10:34:56.5316,632.9,374.5,fixation
10:34:56.5321,632.3,374.7,fixation
10:34:56.5326,632.4,376.1,fixation
10:34:56.5331,631.8,377.9,fixation
10:34:56.5336,629.8,377.5,fixation
10:34:56.5341,629.6,376.2,fixation
10:34:56.5346,630.4,376.0,fixation
10:34:56.5351,631.3,375.6,fixation
10:34:56.5356,630.6,374.9,fixation
10:34:56.5361,629.2,374.8,fixation
10:34:56.5366,630.3,374.6,fixation
10:34:56.5371,631.0,374.6,fixation
10:34:56.5376,631.1,374.9,fixation
10:34:56.5381,631.1,375.2,fixation
10:34:56.5386,629.9,374.8,fixation
10:34:56.5391,630.2,375.1,fixation
10:34:56.5396,630.5,375.1,fixation
10:34:56.5401,630.2,374.2,fixation
10:34:56.5406,630.1,374.3,fixation
10:34:56.5411,629.0,373.6,fixation
10:34:56.5416,628.2,374.1,fixation
10:34:56.5421,628.2,375.2,fixation
10:34:56.5426,628.4,375.5,fixation
10:34:56.5431,628.9,376.1,fixation
10:34:56.5436,628.8,376.2,fixation
10:34:56.5441,628.0,376.1,fixation
10:34:56.5446,627.9,376.4,fixation
10:34:56.5451,627.9,377.1,saccade
10:34:56.5456,628.4,379.7,saccade
10:34:56.5461,629.5,380.1,saccade
10:34:56.5466,628.3,372.7,saccade
10:34:56.5471,620.7,357.8,saccade
10:34:56.5476,598.6,340.7,saccade
10:34:56.5481,567.4,328.6,saccade
10:34:56.5486,529.6,317.1,saccade
10:34:56.5491,506.4,306.7,saccade
10:34:56.5496,503.8,305.1,saccade
10:34:56.5501,.,.,blink
10:34:56.5506,.,.,blink
10:34:56.5511,.,.,blink
10:34:56.5516,.,.,blink
10:34:56.5521,.,.,blink
10:34:56.5526,.,.,blink
10:34:56.5531,.,.,blink
10:34:56.5536,.,.,blink
10:34:56.5541,.,.,blink
10:34:56.5546,.,.,blink
10:34:56.5551,.,.,blink
10:34:56.5556,.,.,blink
10:34:56.5561,.,.,blink
10:34:56.5566,.,.,blink
10:34:56.5571,.,.,blink
10:34:56.5576,.,.,blink
10:34:56.5581,.,.,blink
10:34:56.5586,.,.,blink
10:34:56.5591,.,.,blink
10:34:56.5596,.,.,blink
10:34:56.5601,.,.,blink
10:34:56.5606,.,.,blink
10:34:56.5611,.,.,blink
10:34:56.5616,.,.,blink
10:34:56.5621,.,.,blink
10:34:56.5626,.,.,blink
10:34:56.5631,.,.,blink
10:34:56.5636,.,.,blink
10:34:56.5641,.,.,blink
10:34:56.5646,.,.,blink
10:34:56.5651,.,.,blink
10:34:56.5656,.,.,blink
10:34:56.5661,.,.,blink
10:34:56.5666,.,.,blink
10:34:56.5671,.,.,blink
10:34:56.5676,.,.,blink
10:34:56.5681,.,.,blink
10:34:56.5686,.,.,blink
10:34:56.5691,.,.,blink
10:34:56.5696,.,.,blink
10:34:56.5701,.,.,blink
10:34:56.5706,.,.,blink
10:34:56.5711,.,.,blink
10:34:56.5716,.,.,blink
10:34:56.5721,.,.,blink
10:34:56.5726,.,.,blink
10:34:56.5731,.,.,blink
10:34:56.5736,.,.,blink
10:34:56.5741,.,.,blink
10:34:56.5746,.,.,blink
10:34:56.5751,.,.,blink
10:34:56.5756,.,.,blink
10:34:56.5761,.,.,blink
10:34:56.5766,.,.,blink
10:34:56.5771,.,.,blink
10:34:56.5776,.,.,blink
10:34:56.5781,.,.,blink
10:34:56.5786,.,.,blink
10:34:56.5791,.,.,blink
10:34:56.5796,.,.,blink
10:34:56.5801,.,.,blink
10:34:56.5806,.,.,blink
10:34:56.5811,.,.,blink
10:34:56.5816,.,.,blink
10:34:56.5821,.,.,blink
10:34:56.5826,.,.,blink
10:34:56.5831,.,.,blink
10:34:56.5836,.,.,blink
10:34:56.5841,.,.,blink
10:34:56.5846,.,.,blink
10:34:56.5851,.,.,blink
10:34:56.5856,.,.,blink
10:34:56.5861,.,.,blink
10:34:56.5866,.,.,blink
10:34:56.5871,.,.,blink
10:34:56.5876,.,.,blink
10:34:56.5881,.,.,blink
10:34:56.5886,.,.,blink
10:34:56.5891,.,.,blink
10:34:56.5896,.,.,blink
10:34:56.5901,.,.,blink
10:34:56.5906,.,.,blink
10:34:56.5911,.,.,blink
10:34:56.5916,.,.,blink
10:34:56.5921,.,.,blink
10:34:56.5926,.,.,blink
10:34:56.5931,.,.,blink
10:34:56.5936,.,.,blink
10:34:56.5941,.,.,blink
10:34:56.5946,.,.,blink
10:34:56.5951,.,.,blink
10:34:56.5956,.,.,blink
10:34:56.5961,.,.,blink
10:34:56.5966,.,.,blink
10:34:56.5971,.,.,blink
10:34:56.5976,.,.,blink
10:34:56.5981,.,.,blink
10:34:56.5986,.,.,blink
10:34:56.5991,.,.,blink
10:34:56.5996,.,.,blink
10:34:56.6001,.,.,blink
10:34:56.6006,.,.,blink
10:34:56.6011,.,.,blink
10:34:56.6016,.,.,blink
10:34:56.6021,.,.,blink
10:34:56.6026,.,.,blink
10:34:56.6031,.,.,blink
10:34:56.6036,.,.,blink
10:34:56.6041,.,.,blink
10:34:56.6046,.,.,blink
10:34:56.6051,.,.,blink
10:34:56.6056,.,.,blink
10:34:56.6061,.,.,blink
10:34:56.6066,.,.,blink
10:34:56.6071,.,.,blink
10:34:56.6076,.,.,blink
10:34:56.6081,.,.,blink
10:34:56.6086,.,.,blink
10:34:56.6091,.,.,blink
10:34:56.6096,.,.,blink
10:34:56.6101,.,.,blink
10:34:56.6106,.,.,blink
10:34:56.6111,.,.,blink
10:34:56.6116,.,.,blink
10:34:56.6121,.,.,blink
10:34:56.6126,.,.,blink
10:34:56.6131,.,.,blink
10:34:56.6136,.,.,blink
10:34:56.6141,.,.,blink
10:34:56.6146,.,.,blink
10:34:56.6151,.,.,blink
10:34:56.6156,.,.,blink
10:34:56.6161,.,.,blink
10:34:56.6166,.,.,blink
10:34:56.6171,.,.,blink
10:34:56.6176,.,.,blink
10:34:56.6181,.,.,blink
10:34:56.6186,.,.,blink
10:34:56.6191,.,.,blink
10:34:56.6196,.,.,blink
10:34:56.6201,.,.,blink
10:34:56.6206,.,.,blink
10:34:56.6211,.,.,blink
10:34:56.6216,.,.,blink
10:34:56.6221,.,.,blink
10:34:56.6226,.,.,blink
10:34:56.6231,.,.,blink
10:34:56.6236,.,.,blink
10:34:56.6241,.,.,blink
10:34:56.6246,.,.,blink
10:34:56.6251,.,.,blink
10:34:56.6256,.,.,blink
10:34:56.6261,.,.,blink
10:34:56.6266,.,.,blink
10:34:56.6271,.,.,blink
10:34:56.6276,.,.,blink
10:34:56.6281,.,.,blink
10:34:56.6286,.,.,blink
10:34:56.6291,.,.,blink
10:34:56.6296,.,.,blink
10:34:56.6301,.,.,blink
10:34:56.6306,.,.,blink
10:34:56.6311,.,.,blink
10:34:56.6316,.,.,blink
10:34:56.6321,.,.,blink
10:34:56.6326,.,.,blink
10:34:56.6331,.,.,blink
10:34:56.6336,.,.,blink
10:34:56.6341,.,.,blink
10:34:56.6346,.,.,blink
10:34:56.6351,.,.,blink
10:34:56.6356,.,.,blink
10:34:56.6361,.,.,blink
10:34:56.6366,.,.,blink
10:34:56.6371,.,.,blink
10:34:56.6376,.,.,blink
10:34:56.6381,.,.,blink
10:34:56.6386,.,.,blink
10:34:56.6391,.,.,blink
10:34:56.6396,.,.,blink
10:34:56.6401,.,.,blink
10:34:56.6406,.,.,blink
10:34:56.6411,.,.,blink
10:34:56.6416,.,.,blink
10:34:56.6421,.,.,blink
10:34:56.6426,.,.,blink
10:34:56.6431,.,.,blink
10:34:56.6436,.,.,blink
10:34:56.6441,.,.,blink
10:34:56.6446,.,.,blink
10:34:56.6451,.,.,blink
10:34:56.6456,.,.,blink
10:34:56.6461,.,.,blink
10:34:56.6466,.,.,blink
10:34:56.6471,.,.,blink
10:34:56.6476,.,.,blink
10:34:56.6481,.,.,blink
10:34:56.6486,.,.,blink
10:34:56.6491,.,.,blink
10:34:56.6496,.,.,blink
10:34:56.6501,.,.,blink
10:34:56.6506,.,.,blink
10:34:56.6511,.,.,blink
10:34:56.6516,.,.,blink
10:34:56.6521,.,.,blink
10:34:56.6526,.,.,blink
10:34:56.6531,.,.,blink
10:34:56.6536,.,.,blink
10:34:56.6541,.,.,blink
10:34:56.6546,.,.,blink
10:34:56.6551,.,.,blink
10:34:56.6556,.,.,blink
10:34:56.6561,.,.,blink
10:34:56.6566,.,.,blink
10:34:56.6571,.,.,blink
10:34:56.6576,.,.,blink
10:34:56.6581,.,.,blink
10:34:56.6586,.,.,blink
10:34:56.6591,.,.,blink
10:34:56.6596,.,.,blink
10:34:56.6601,.,.,blink
10:34:56.6606,.,.,blink
10:34:56.6611,.,.,blink
10:34:56.6616,.,.,blink
10:34:56.6621,.,.,blink
10:34:56.6626,.,.,blink
10:34:56.6631,.,.,blink
10:34:56.6636,.,.,blink
10:34:56.6641,.,.,blink
10:34:56.6646,.,.,blink
10:34:56.6651,.,.,blink
10:34:56.6656,.,.,blink
10:34:56.6661,.,.,blink
10:34:56.6666,.,.,blink
10:34:56.6671,.,.,blink
10:34:56.6676,.,.,blink
10:34:56.6681,.,.,blink
10:34:56.6686,.,.,blink
10:34:56.6691,.,.,blink
10:34:56.6696,.,.,blink
10:34:56.6701,.,.,blink
10:34:56.6706,.,.,blink
10:34:56.6711,.,.,blink
10:34:56.6716,.,.,blink
10:34:56.6721,.,.,blink
10:34:56.6726,.,.,blink
10:34:56.6731,.,.,blink
10:34:56.6736,.,.,blink
10:34:56.6741,.,.,blink
10:34:56.6746,.,.,blink
10:34:56.6751,.,.,blink
10:34:56.6756,.,.,blink
10:34:56.6761,.,.,blink
10:34:56.6766,.,.,blink
10:34:56.6771,.,.,blink
10:34:56.6776,.,.,blink
10:34:56.6781,.,.,blink
10:34:56.6786,.,.,blink
10:34:56.6791,.,.,blink
10:34:56.6796,.,.,blink
10:34:56.6801,.,.,blink
10:34:56.6806,.,.,blink
10:34:56.6811,.,.,blink
10:34:56.6816,.,.,blink
10:34:56.6821,.,.,blink
10:34:56.6826,.,.,blink
10:34:56.6831,.,.,blink
10:34:56.6836,.,.,blink
10:34:56.6841,.,.,blink
10:34:56.6846,.,.,blink
10:34:56.6851,.,.,blink
10:34:56.6856,.,.,blink
10:34:56.6861,.,.,blink
10:34:56.6866,.,.,blink
10:34:56.6871,.,.,blink
10:34:56.6876,.,.,blink
10:34:56.6881,.,.,blink
10:34:56.6886,.,.,blink
10:34:56.6891,.,.,blink
10:34:56.6896,.,.,blink
10:34:56.6901,.,.,blink
10:34:56.6906,.,.,blink
10:34:56.6911,.,.,blink
10:34:56.6916,.,.,blink
10:34:56.6921,.,.,blink
10:34:56.6926,.,.,blink
10:34:56.6931,.,.,blink
10:34:56.6936,.,.,blink
10:34:56.6941,.,.,blink
10:34:56.6946,.,.,blink
10:34:56.6951,.,.,blink
10:34:56.6956,.,.,blink
10:34:56.6961,.,.,blink
10:34:56.6966,.,.,blink
10:34:56.6971,.,.,blink
10:34:56.6976,.,.,blink
10:34:56.6981,.,.,blink
10:34:56.6986,.,.,blink
10:34:56.6991,.,.,blink
10:34:56.6996,.,.,blink
10:34:56.7001,.,.,blink
10:34:56.7006,.,.,blink
10:34:56.7011,.,.,blink
10:34:56.7016,.,.,blink
10:34:56.7021,.,.,blink
10:34:56.7026,.,.,blink
10:34:56.7031,.,.,blink
10:34:56.7036,.,.,blink
10:34:56.7041,.,.,blink
10:34:56.7046,.,.,blink
10:34:56.7051,.,.,blink
10:34:56.7056,.,.,blink
10:34:56.7061,.,.,blink
10:34:56.7066,.,.,blink
10:34:56.7071,.,.,blink
10:34:56.7076,.,.,blink
10:34:56.7081,.,.,blink
10:34:56.7086,.,.,blink
10:34:56.7091,.,.,blink
10:34:56.7096,.,.,blink
10:34:56.7101,.,.,blink
10:34:56.7106,.,.,blink
10:34:56.7111,.,.,blink
10:34:56.7116,.,.,blink
10:34:56.7121,.,.,blink
10:34:56.7126,.,.,blink
10:34:56.7131,.,.,blink
10:34:56.7136,.,.,blink
10:34:56.7141,.,.,blink
10:34:56.7146,.,.,blink
10:34:56.7151,.,.,blink
10:34:56.7156,.,.,blink
10:34:56.7161,.,.,blink
10:34:56.7166,.,.,blink
10:34:56.7171,.,.,blink
10:34:56.7176,.,.,blink
10:34:56.7181,.,.,blink
10:34:56.7186,.,.,blink
10:34:56.7191,.,.,blink
10:34:56.7196,.,.,blink
10:34:56.7201,.,.,blink
10:34:56.7206,.,.,blink
10:34:56.7211,.,.,blink
10:34:56.7216,.,.,blink
10:34:56.7221,.,.,blink
10:34:56.7226,.,.,blink
10:34:56.7231,.,.,blink
10:34:56.7236,.,.,blink
10:34:56.7241,.,.,blink
10:34:56.7246,.,.,blink
10:34:56.7251,.,.,blink
10:34:56.7256,.,.,blink
10:34:56.7261,.,.,blink
10:34:56.7266,.,.,blink
10:34:56.7271,.,.,blink
10:34:56.7276,.,.,blink
10:34:56.7281,.,.,blink
10:34:56.7286,.,.,blink
10:34:56.7291,.,.,blink
10:34:56.7296,.,.,blink
10:34:56.7301,.,.,blink
10:34:56.7306,.,.,blink
10:34:56.7311,.,.,blink
10:34:56.7316,.,.,blink
10:34:56.7321,.,.,blink
10:34:56.7326,.,.,blink
10:34:56.7331,.,.,blink
10:34:56.7336,.,.,blink
10:34:56.7341,.,.,blink
10:34:56.7346,.,.,blink
10:34:56.7351,.,.,blink
10:34:56.7356,.,.,blink
10:34:56.7361,.,.,blink
10:34:56.7366,.,.,blink
10:34:56.7371,.,.,blink
10:34:56.7376,.,.,blink
10:34:56.7381,.,.,blink
10:34:56.7386,.,.,blink
10:34:56.7391,.,.,blink
10:34:56.7396,.,.,blink
10:34:56.7401,.,.,blink
10:34:56.7406,.,.,blink
10:34:56.7411,.,.,blink
10:34:56.7416,.,.,blink
10:34:56.7421,.,.,blink
10:34:56.7426,.,.,blink
10:34:56.7431,.,.,blink
10:34:56.7436,.,.,blink
10:34:56.7441,.,.,blink
10:34:56.7446,.,.,blink
10:34:56.7451,.,.,blink
10:34:56.7456,.,.,blink
10:34:56.7461,.,.,blink
10:34:56.7466,.,.,blink
10:34:56.7471,.,.,blink
10:34:56.7476,.,.,blink
10:34:56.7481,.,.,blink
10:34:56.7486,.,.,blink
10:34:56.7491,.,.,blink
10:34:56.7496,.,.,blink
10:34:56.7501,.,.,blink
10:34:56.7506,.,.,blink
10:34:56.7511,.,.,blink
10:34:56.7516,.,.,blink
10:34:56.7521,.,.,blink
10:34:56.7526,.,.,blink
10:34:56.7531,.,.,blink
10:34:56.7536,.,.,blink
10:34:56.7541,.,.,blink
10:34:56.7546,.,.,blink
10:34:56.7551,.,.,blink
10:34:56.7556,.,.,blink
10:34:56.7561,.,.,blink
10:34:56.7566,.,.,blink
10:34:56.7571,.,.,blink
10:34:56.7576,.,.,blink
10:34:56.7581,.,.,blink
10:34:56.7586,.,.,blink
10:34:56.7591,.,.,blink
10:34:56.7596,.,.,blink
10:34:56.7601,.,.,blink
10:34:56.7606,.,.,blink
10:34:56.7611,.,.,blink
10:34:56.7616,.,.,blink
10:34:56.7621,.,.,blink
10:34:56.7626,.,.,blink
10:34:56.7631,.,.,blink
10:34:56.7636,.,.,blink
10:34:56.7641,.,.,blink
10:34:56.7646,.,.,blink
10:34:56.7651,.,.,blink
10:34:56.7656,.,.,blink
10:34:56.7661,.,.,blink
10:34:56.7666,.,.,blink
10:34:56.7671,.,.,blink
10:34:56.7676,.,.,blink
10:34:56.7681,.,.,blink
10:34:56.7686,.,.,blink
10:34:56.7691,.,.,blink
10:34:56.7696,.,.,blink
10:34:56.7701,.,.,blink
10:34:56.7706,.,.,blink
10:34:56.7711,.,.,blink
10:34:56.7716,.,.,blink
10:34:56.7721,.,.,blink
10:34:56.7726,.,.,blink
10:34:56.7731,.,.,blink
10:34:56.7736,.,.,blink
10:34:56.7741,.,.,blink
10:34:56.7746,.,.,blink
10:34:56.7751,.,.,blink
10:34:56.7756,.,.,blink
10:34:56.7761,.,.,blink
10:34:56.7766,.,.,blink
10:34:56.7771,.,.,blink
10:34:56.7776,.,.,blink
10:34:56.7781,.,.,blink
10:34:56.7786,.,.,blink
10:34:56.7791,.,.,blink
10:34:56.7796,.,.,blink
10:34:56.7801,.,.,blink
10:34:56.7806,.,.,blink
10:34:56.7811,.,.,blink
10:34:56.7816,.,.,blink
10:34:56.7821,.,.,blink
10:34:56.7826,.,.,blink
10:34:56.7831,.,.,blink
10:34:56.7836,.,.,blink
10:34:56.7841,.,.,blink
10:34:56.7846,.,.,blink
10:34:56.7851,.,.,blink
10:34:56.7856,.,.,blink
10:34:56.7861,.,.,blink
10:34:56.7866,.,.,blink
10:34:56.7871,.,.,blink
10:34:56.7876,.,.,blink
10:34:56.7881,.,.,blink
10:34:56.7886,.,.,blink
10:34:56.7891,.,.,blink
10:34:56.7896,.,.,blink
10:34:56.7901,.,.,blink
10:34:56.7906,.,.,blink
10:34:56.7911,.,.,blink
10:34:56.7916,.,.,blink
10:34:56.7921,.,.,blink
10:34:56.7926,.,.,blink
10:34:56.7931,.,.,blink
10:34:56.7936,.,.,blink
10:34:56.7941,.,.,blink
10:34:56.7946,.,.,blink
10:34:56.7951,.,.,blink
10:34:56.7956,.,.,blink
10:34:56.7961,.,.,blink
10:34:56.7966,.,.,blink
10:34:56.7971,.,.,blink
10:34:56.7976,.,.,blink
10:34:56.7981,.,.,blink
10:34:56.7986,.,.,blink
10:34:56.7991,.,.,blink
10:34:56.7996,.,.,blink
10:34:56.8001,.,.,blink
10:34:56.8006,.,.,blink
10:34:56.8011,.,.,blink
10:34:56.8016,.,.,blink
10:34:56.8021,.,.,blink
10:34:56.8026,.,.,blink
10:34:56.8031,.,.,blink
10:34:56.8036,.,.,blink
10:34:56.8041,.,.,blink
10:34:56.8046,.,.,blink
10:34:56.8051,.,.,blink
10:34:56.8056,.,.,blink
10:34:56.8061,.,.,blink
10:34:56.8066,.,.,blink
10:34:56.8071,.,.,blink
10:34:56.8076,.,.,blink
10:34:56.8081,.,.,blink
10:34:56.8086,.,.,blink
10:34:56.8091,.,.,blink
10:34:56.8096,.,.,blink
10:34:56.8101,.,.,blink
10:34:56.8106,.,.,blink
10:34:56.8111,.,.,blink
10:34:56.8116,.,.,blink
10:34:56.8121,.,.,blink
10:34:56.8126,.,.,blink
10:34:56.8131,.,.,blink
10:34:56.8136,.,.,blink
10:34:56.8141,.,.,blink
10:34:56.8146,.,.,blink
10:34:56.8151,.,.,blink
10:34:56.8156,.,.,blink
10:34:56.8161,.,.,blink
10:34:56.8166,.,.,blink
10:34:56.8171,.,.,blink
10:34:56.8176,.,.,blink
10:34:56.8181,.,.,blink
10:34:56.8186,.,.,blink
10:34:56.8191,.,.,blink
10:34:56.8196,.,.,blink
10:34:56.8201,.,.,blink
10:34:56.8206,.,.,blink
10:34:56.8211,.,.,blink
10:34:56.8216,.,.,blink
10:34:56.8221,.,.,blink
10:34:56.8226,.,.,blink
10:34:56.8231,.,.,blink
10:34:56.8236,.,.,blink
10:34:56.8241,.,.,blink
10:34:56.8246,.,.,blink
10:34:56.8251,.,.,blink
10:34:56.8256,.,.,blink
10:34:56.8261,.,.,blink
10:34:56.8266,.,.,blink
10:34:56.8271,.,.,blink
10:34:56.8276,.,.,blink
10:34:56.8281,.,.,blink
10:34:56.8286,.,.,blink
10:34:56.8291,.,.,blink
10:34:56.8296,.,.,blink
10:34:56.8301,.,.,blink
10:34:56.8306,.,.,blink
10:34:56.8311,.,.,blink
10:34:56.8316,.,.,blink
10:34:56.8321,.,.,blink
10:34:56.8326,.,.,blink
10:34:56.8331,.,.,blink
10:34:56.8336,.,.,blink
10:34:56.8341,.,.,blink
10:34:56.8346,.,.,blink
10:34:56.8351,.,.,blink
10:34:56.8356,.,.,blink
10:34:56.8361,.,.,blink
10:34:56.8366,.,.,blink
10:34:56.8371,.,.,blink
10:34:56.8376,.,.,blink
10:34:56.8381,.,.,blink
10:34:56.8386,.,.,blink
10:34:56.8391,.,.,blink
10:34:56.8396,.,.,blink
10:34:56.8401,.,.,blink
10:34:56.8406,.,.,blink
10:34:56.8411,.,.,blink
10:34:56.8416,.,.,blink
10:34:56.8421,.,.,blink
10:34:56.8426,.,.,blink
10:34:56.8431,.,.,blink
10:34:56.8436,.,.,blink
10:34:56.8441,.,.,blink
10:34:56.8446,.,.,blink
10:34:56.8451,.,.,blink
10:34:56.8456,.,.,blink
10:34:56.8461,.,.,blink
10:34:56.8466,.,.,blink
10:34:56.8471,.,.,blink
10:34:56.8476,.,.,blink
10:34:56.8481,.,.,blink
10:34:56.8486,.,.,blink
10:34:56.8491,.,.,blink
10:34:56.8496,.,.,blink
10:34:56.8501,.,.,blink
10:34:56.8506,.,.,blink
10:34:56.8511,.,.,blink
10:34:56.8516,.,.,blink
10:34:56.8521,.,.,blink
10:34:56.8526,.,.,blink
10:34:56.8531,.,.,blink
10:34:56.8536,.,.,blink
10:34:56.8541,.,.,blink
10:34:56.8546,.,.,blink
10:34:56.8551,.,.,blink
10:34:56.8556,.,.,blink
10:34:56.8561,.,.,blink
10:34:56.8566,.,.,blink
10:34:56.8571,.,.,blink
10:34:56.8576,.,.,blink
10:34:56.8581,.,.,blink
10:34:56.8586,.,.,blink
10:34:56.8591,.,.,blink
10:34:56.8596,.,.,blink
10:34:56.8601,.,.,blink
10:34:56.8606,.,.,blink
10:34:56.8611,.,.,blink
10:34:56.8616,.,.,blink
10:34:56.8621,.,.,blink
10:34:56.8626,.,.,blink
10:34:56.8631,.,.,blink
10:34:56.8636,.,.,blink
10:34:56.8641,.,.,blink
10:34:56.8646,.,.,blink
10:34:56.8651,.,.,blink
10:34:56.8656,.,.,blink
10:34:56.8661,.,.,blink
10:34:56.8666,.,.,blink
10:34:56.8671,.,.,blink
10:34:56.8676,.,.,blink
10:34:56.8681,.,.,blink
10:34:56.8686,.,.,blink
10:34:56.8691,.,.,blink
10:34:56.8696,.,.,blink
10:34:56.8701,.,.,blink
10:34:56.8706,.,.,blink
10:34:56.8711,.,.,blink
10:34:56.8716,.,.,blink
10:34:56.8721,.,.,blink
10:34:56.8726,.,.,blink
10:34:56.8731,.,.,blink
10:34:56.8736,.,.,blink
10:34:56.8741,.,.,blink
10:34:56.8746,.,.,blink
10:34:56.8751,.,.,blink
10:34:56.8756,.,.,blink
10:34:56.8761,236.7,298.6,fixation
10:34:56.8766,238.1,298.2,fixation
10:34:56.8771,240.6,298.0,fixation
10:34:56.8776,240.9,298.1,fixation
10:34:56.8781,241.9,298.2,fixation
10:34:56.8786,243.0,298.0,fixation
10:34:56.8791,245.3,297.3,fixation
10:34:56.8796,246.3,297.6,fixation
10:34:56.8801,246.4,297.2,fixation
10:34:56.8806,246.5,296.9,fixation
10:34:56.8811,246.5,296.9,fixation
10:34:56.8816,245.2,295.5,fixation
10:34:56.8821,244.5,294.0,fixation
10:34:56.8826,244.2,294.0,fixation
10:34:56.8831,242.5,294.1,fixation
10:34:56.8836,242.3,294.0,fixation
10:34:56.8841,242.4,293.6,fixation
10:34:56.8846,241.4,293.5,fixation
10:34:56.8851,240.9,293.5,fixation
10:34:56.8856,241.5,294.0,fixation
10:34:56.8861,241.6,293.7,fixation
10:34:56.8866,242.0,295.0,fixation
10:34:56.8871,244.0,296.6,fixation
10:34:56.8876,246.5,296.3,fixation
10:34:56.8881,247.2,296.1,fixation
10:34:56.8886,246.5,296.5,fixation
10:34:56.8891,246.0,297.5,fixation
10:34:56.8896,244.5,297.3,fixation
10:34:56.8901,241.8,297.0,fixation
10:34:56.8906,241.6,295.3,fixation
10:34:56.8911,241.1,294.3,fixation
10:34:56.8916,238.6,294.5,fixation
10:34:56.8921,237.4,295.9,fixation
10:34:56.8926,237.8,297.5,fixation
10:34:56.8931,238.1,297.5,fixation
10:34:56.8936,238.3,295.0,fixation
10:34:56.8941,239.2,292.7,fixation
10:34:56.8946,239.4,294.0,fixation
10:34:56.8951,240.0,295.8,fixation
10:34:56.8956,240.4,294.1,fixation
10:34:56.8961,240.2,291.6,fixation
10:34:56.8966,241.5,291.0,fixation
10:34:56.8971,243.0,293.6,fixation
10:34:56.8976,243.1,293.5,fixation
10:34:56.8981,243.0,291.7,fixation
10:34:56.8986,242.3,291.5,fixation
10:34:56.8991,240.5,292.9,fixation
10:34:56.8996,240.2,293.2,fixation
10:34:56.9001,241.4,290.7,fixation
10:34:56.9006,242.5,290.5,fixation
10:34:56.9011,242.5,292.7,fixation
10:34:56.9016,242.2,291.7,fixation
10:34:56.9021,240.5,289.7,fixation
10:34:56.9026,239.0,290.8,fixation
10:34:56.9031,238.2,290.8,fixation
10:34:56.9036,238.2,288.9,fixation
10:34:56.9041,237.9,288.6,fixation
10:34:56.9046,238.2,289.2,fixation
10:34:56.9051,239.4,288.0,fixation
10:34:56.9056,239.2,287.9,fixation
10:34:56.9061,238.8,288.9,fixation
10:34:56.9066,239.6,289.2,fixation
10:34:56.9071,240.4,287.0,fixation
10:34:56.9076,239.9,287.3,fixation
10:34:56.9081,239.7,288.6,fixation
10:34:56.9086,240.1,288.7,fixation
10:34:56.9091,240.7,289.1,fixation
10:34:56.9096,241.3,288.8,fixation
10:34:56.9101,241.2,288.3,saccade
10:34:56.9106,241.0,288.7,saccade
10:34:56.9111,242.0,289.6,saccade
10:34:56.9116,245.1,291.3,saccade
10:34:56.9121,256.5,293.0,saccade
10:34:56.9126,275.3,296.0,saccade
10:34:56.9131,303.5,298.8,saccade
10:34:56.9136,336.1,301.1,saccade
10:34:56.9141,362.2,303.0,saccade
10:34:56.9146,378.2,303.8,saccade
10:34:56.9151,381.4,304.0,saccade
10:34:56.9156,.,.,blink
10:34:56.9161,.,.,blink
10:34:56.9166,.,.,blink
10:34:56.9171,.,.,blink
10:34:56.9176,.,.,blink
10:34:56.9181,.,.,blink
10:34:56.9186,.,.,blink
10:34:56.9191,.,.,blink
10:34:56.9196,.,.,blink
10:34:56.9201,.,.,blink
10:34:56.9206,.,.,blink
10:34:56.9211,.,.,blink
10:34:56.9216,.,.,blink
10:34:56.9221,.,.,blink
10:34:56.9226,.,.,blink
10:34:56.9231,.,.,blink
10:34:56.9236,.,.,blink
10:34:56.9241,.,.,blink
10:34:56.9246,.,.,blink
10:34:56.9251,.,.,blink
10:34:56.9256,.,.,blink
10:34:56.9261,.,.,blink
10:34:56.9266,.,.,blink
10:34:56.9271,.,.,blink
10:34:56.9276,.,.,blink
10:34:56.9281,.,.,blink
10:34:56.9286,.,.,blink
10:34:56.9291,.,.,blink
10:34:56.9296,.,.,blink
10:34:56.9301,.,.,blink
10:34:56.9306,.,.,blink
10:34:56.9311,.,.,blink
10:34:56.9316,.,.,blink
10:34:56.9321,.,.,blink
10:34:56.9326,.,.,blink
10:34:56.9331,.,.,blink
10:34:56.9336,.,.,blink
10:34:56.9341,.,.,blink
10:34:56.9346,.,.,blink
10:34:56.9351,.,.,blink
10:34:56.9356,.,.,blink
10:34:56.9361,.,.,blink
10:34:56.9366,.,.,blink
10:34:56.9371,.,.,blink
10:34:56.9376,.,.,blink
10:34:56.9381,.,.,blink
10:34:56.9386,.,.,blink
10:34:56.9391,.,.,blink
10:34:56.9396,.,.,blink
10:34:56.9401,.,.,blink
10:34:56.9406,.,.,blink
10:34:56.9411,.,.,blink
10:34:56.9416,.,.,blink
10:34:56.9421,.,.,blink
10:34:56.9426,.,.,blink
10:34:56.9431,.,.,blink
10:34:56.9436,.,.,blink
10:34:56.9441,.,.,blink
10:34:56.9446,.,.,blink
10:34:56.9451,.,.,blink
10:34:56.9456,.,.,blink
10:34:56.9461,.,.,blink
10:34:56.9466,.,.,blink
10:34:56.9471,.,.,blink
10:34:56.9476,.,.,blink
10:34:56.9481,.,.,blink
10:34:56.9486,.,.,blink
10:34:56.9491,.,.,blink
10:34:56.9496,.,.,blink
10:34:56.9501,.,.,blink
10:34:56.9506,.,.,blink
10:34:56.9511,.,.,blink
10:34:56.9516,.,.,blink
10:34:56.9521,.,.,blink
10:34:56.9526,.,.,blink
10:34:56.9531,.,.,blink
10:34:56.9536,.,.,blink
10:34:56.9541,.,.,blink
10:34:56.9546,.,.,blink
10:34:56.9551,.,.,blink
10:34:56.9556,.,.,blink
10:34:56.9561,.,.,blink
10:34:56.9566,.,.,blink
10:34:56.9571,.,.,blink
10:34:56.9576,.,.,blink
10:34:56.9581,.,.,blink
10:34:56.9586,.,.,blink
10:34:56.9591,.,.,blink
10:34:56.9596,.,.,blink
10:34:56.9601,.,.,blink
10:34:56.9606,.,.,blink
10:34:56.9611,.,.,blink
10:34:56.9616,.,.,blink
10:34:56.9621,.,.,blink
10:34:56.9626,.,.,blink
10:34:56.9631,.,.,blink
10:34:56.9636,.,.,blink
10:34:56.9641,.,.,blink
10:34:56.9646,.,.,blink
10:34:56.9651,.,.,blink
10:34:56.9656,.,.,blink
10:34:56.9661,.,.,blink
10:34:56.9666,.,.,blink
10:34:56.9671,.,.,blink
10:34:56.9676,.,.,blink
10:34:56.9681,.,.,blink
10:34:56.9686,.,.,blink
10:34:56.9691,.,.,blink
10:34:56.9696,.,.,blink
10:34:56.9701,.,.,blink
10:34:56.9706,.,.,blink
10:34:56.9711,.,.,blink
10:34:56.9716,.,.,blink
10:34:56.9721,.,.,blink
10:34:56.9726,.,.,blink
10:34:56.9731,.,.,blink
10:34:56.9736,.,.,blink
10:34:56.9741,.,.,blink
10:34:56.9746,.,.,blink
10:34:56.9751,.,.,blink
10:34:56.9756,.,.,blink
10:34:56.9761,.,.,blink
10:34:56.9766,.,.,blink
10:34:56.9771,.,.,blink
10:34:56.9776,.,.,blink
10:34:56.9781,.,.,blink
10:34:56.9786,.,.,blink
10:34:56.9791,.,.,blink
10:34:56.9796,.,.,blink
10:34:56.9801,.,.,blink
10:34:56.9806,.,.,blink
10:34:56.9811,.,.,blink
10:34:56.9816,.,.,blink
10:34:56.9821,.,.,blink
10:34:56.9826,.,.,blink
10:34:56.9831,.,.,blink
10:34:56.9836,.,.,blink
10:34:56.9841,.,.,blink
10:34:56.9846,.,.,blink
10:34:56.9851,.,.,blink
10:34:56.9856,.,.,blink
10:34:56.9861,.,.,blink
10:34:56.9866,.,.,blink
10:34:56.9871,.,.,blink
10:34:56.9876,.,.,blink
10:34:56.9881,.,.,blink
10:34:56.9886,.,.,blink
10:34:56.9891,.,.,blink
10:34:56.9896,.,.,blink
10:34:56.9901,.,.,blink
10:34:56.9906,.,.,blink
10:34:56.9911,.,.,blink
10:34:56.9916,.,.,blink
10:34:56.9921,.,.,blink
10:34:56.9926,.,.,blink
10:34:56.9931,.,.,blink
10:34:56.9936,.,.,blink
10:34:56.9941,.,.,blink
10:34:56.9946,.,.,blink
10:34:56.9951,.,.,blink
10:34:56.9956,.,.,blink
10:34:56.9961,.,.,blink
10:34:56.9966,.,.,blink
10:34:56.9971,.,.,blink
10:34:56.9976,.,.,blink
10:34:56.9981,.,.,blink
10:34:56.9986,.,.,blink
10:34:56.9991,.,.,blink
10:34:56.9996,.,.,blink
10:34:57.0001,.,.,blink
10:34:57.0006,.,.,blink
10:34:57.0011,.,.,blink
10:34:57.0016,.,.,blink
10:34:57.0021,.,.,blink
10:34:57.0026,.,.,blink
10:34:57.0031,.,.,blink
10:34:57.0036,.,.,blink
10:34:57.0041,.,.,blink
10:34:57.0046,.,.,blink
10:34:57.0051,.,.,blink
10:34:57.0056,.,.,blink
10:34:57.0061,.,.,blink
10:34:57.0066,.,.,blink
10:34:57.0071,.,.,blink
10:34:57.0076,.,.,blink
10:34:57.0081,.,.,blink
10:34:57.0086,.,.,blink
10:34:57.0091,.,.,blink
10:34:57.0096,.,.,blink
10:34:57.0101,.,.,blink
10:34:57.0106,.,.,blink
10:34:57.0111,.,.,blink
10:34:57.0116,.,.,blink
10:34:57.0121,.,.,blink
10:34:57.0126,.,.,blink
10:34:57.0131,.,.,blink
10:34:57.0136,.,.,blink
10:34:57.0141,.,.,blink
10:34:57.0146,.,.,blink
10:34:57.0151,.,.,blink
10:34:57.0156,.,.,blink
10:34:57.0161,.,.,blink
10:34:57.0166,.,.,blink
10:34:57.0171,.,.,blink
10:34:57.0176,.,.,blink
10:34:57.0181,.,.,blink
10:34:57.0186,.,.,blink
10:34:57.0191,.,.,blink
10:34:57.0196,.,.,blink
10:34:57.0201,.,.,blink
10:34:57.0206,.,.,blink
10:34:57.0211,.,.,blink
10:34:57.0216,.,.,blink
10:34:57.0221,.,.,blink
10:34:57.0226,.,.,blink
10:34:57.0231,.,.,blink
10:34:57.0236,.,.,blink
10:34:57.0241,.,.,blink
10:34:57.0246,.,.,blink
10:34:57.0251,.,.,blink
10:34:57.0256,.,.,blink
10:34:57.0261,.,.,blink
10:34:57.0266,.,.,blink
10:34:57.0271,.,.,blink
10:34:57.0276,.,.,blink
10:34:57.0281,.,.,blink
10:34:57.0286,.,.,blink
10:34:57.0291,.,.,blink
10:34:57.0296,.,.,blink
10:34:57.0301,.,.,blink
10:34:57.0306,.,.,blink
10:34:57.0311,.,.,blink
10:34:57.0316,.,.,blink
10:34:57.0321,.,.,blink
10:34:57.0326,.,.,blink
10:34:57.0331,.,.,blink
10:34:57.0336,.,.,blink
10:34:57.0341,.,.,blink
10:34:57.0346,.,.,blink
10:34:57.0351,.,.,blink
10:34:57.0356,.,.,blink
10:34:57.0361,.,.,blink
10:34:57.0366,.,.,blink
10:34:57.0371,.,.,blink
10:34:57.0376,.,.,blink
10:34:57.0381,.,.,blink
10:34:57.0386,.,.,blink
10:34:57.0391,.,.,blink
10:34:57.0396,.,.,blink
10:34:57.0401,.,.,blink
10:34:57.0406,.,.,blink
10:34:57.0411,.,.,blink
10:34:57.0416,.,.,blink
10:34:57.0421,.,.,blink
10:34:57.0426,.,.,blink
10:34:57.0431,.,.,blink
10:34:57.0436,.,.,blink
10:34:57.0441,.,.,blink
10:34:57.0446,.,.,blink
10:34:57.0451,.,.,blink
10:34:57.0456,.,.,blink
10:34:57.0461,.,.,blink
10:34:57.0466,.,.,blink
10:34:57.0471,.,.,blink
10:34:57.0476,.,.,blink
10:34:57.0481,.,.,blink
10:34:57.0486,.,.,blink
10:34:57.0491,.,.,blink
10:34:57.0496,.,.,blink
10:34:57.0501,.,.,blink
10:34:57.0506,.,.,blink
10:34:57.0511,.,.,blink
10:34:57.0516,.,.,blink
10:34:57.0521,.,.,blink
10:34:57.0526,.,.,blink
10:34:57.0531,.,.,blink
10:34:57.0536,.,.,blink
10:34:57.0541,.,.,blink
10:34:57.0546,.,.,blink
10:34:57.0551,.,.,blink
10:34:57.0556,.,.,blink
10:34:57.0561,.,.,blink
10:34:57.0566,.,.,blink
10:34:57.0571,.,.,blink
10:34:57.0576,.,.,blink
10:34:57.0581,.,.,blink
10:34:57.0586,.,.,blink
10:34:57.0591,.,.,blink
10:34:57.0596,.,.,blink
10:34:57.0601,.,.,blink
10:34:57.0606,.,.,blink
10:34:57.0611,.,.,blink
10:34:57.0616,.,.,blink
10:34:57.0621,.,.,blink
10:34:57.0626,.,.,blink
10:34:57.0631,.,.,blink
10:34:57.0636,.,.,blink
10:34:57.0641,.,.,blink
10:34:57.0646,.,.,blink
10:34:57.0651,.,.,blink
10:34:57.0656,.,.,blink
10:34:57.0661,.,.,blink
10:34:57.0666,.,.,blink
10:34:57.0671,.,.,blink
10:34:57.0676,.,.,blink
10:34:57.0681,.,.,blink
10:34:57.0686,.,.,blink
10:34:57.0691,.,.,blink
10:34:57.0696,.,.,blink
10:34:57.0701,.,.,blink
10:34:57.0706,.,.,blink
10:34:57.0711,.,.,blink
10:34:57.0716,.,.,blink
10:34:57.0721,.,.,blink
10:34:57.0726,.,.,blink
10:34:57.0731,.,.,blink
10:34:57.0736,.,.,blink
10:34:57.0741,.,.,blink
10:34:57.0746,.,.,blink
10:34:57.0751,.,.,blink
10:34:57.0756,.,.,blink
10:34:57.0761,.,.,blink
10:34:57.0766,.,.,blink
10:34:57.0771,.,.,blink
10:34:57.0776,.,.,blink
10:34:57.0781,.,.,blink
10:34:57.0786,.,.,blink
10:34:57.0791,.,.,blink
10:34:57.0796,.,.,blink
10:34:57.0801,.,.,blink
10:34:57.0806,.,.,blink
10:34:57.0811,.,.,blink
10:34:57.0816,.,.,blink
10:34:57.0821,.,.,blink
10:34:57.0826,.,.,blink
10:34:57.0831,.,.,blink
10:34:57.0836,.,.,blink
10:34:57.0841,.,.,blink
10:34:57.0846,.,.,blink
10:34:57.0851,.,.,blink
10:34:57.0856,.,.,blink
10:34:57.0861,.,.,blink
10:34:57.0866,.,.,blink
10:34:57.0871,.,.,blink
10:34:57.0876,.,.,blink
10:34:57.0881,.,.,blink
10:34:57.0886,.,.,blink
10:34:57.0891,.,.,blink
10:34:57.0896,.,.,blink
10:34:57.0901,.,.,blink
10:34:57.0906,.,.,blink
10:34:57.0911,.,.,blink
10:34:57.0916,.,.,blink
10:34:57.0921,.,.,blink
10:34:57.0926,.,.,blink
10:34:57.0931,.,.,blink
10:34:57.0936,.,.,blink
10:34:57.0941,.,.,blink
10:34:57.0946,.,.,blink
10:34:57.0951,.,.,blink
10:34:57.0956,.,.,blink
10:34:57.0961,.,.,blink
10:34:57.0966,.,.,blink
10:34:57.0971,.,.,blink
10:34:57.0976,.,.,blink
10:34:57.0981,.,.,blink
10:34:57.0986,.,.,blink
10:34:57.0991,.,.,blink
10:34:57.0996,.,.,blink
10:34:57.1001,.,.,blink
10:34:57.1006,.,.,blink
10:34:57.1011,.,.,blink
10:34:57.1016,.,.,blink
10:34:57.1021,.,.,blink
10:34:57.1026,.,.,blink
10:34:57.1031,.,.,blink
10:34:57.1036,.,.,blink
10:34:57.1041,.,.,blink
10:34:57.1046,.,.,blink
10:34:57.1051,.,.,blink
10:34:57.1056,.,.,blink
10:34:57.1061,.,.,blink
10:34:57.1066,.,.,blink
10:34:57.1071,.,.,blink
10:34:57.1076,.,.,blink
10:34:57.1081,.,.,blink
10:34:57.1086,.,.,blink
10:34:57.1091,.,.,blink
10:34:57.1096,.,.,blink
10:34:57.1101,.,.,blink
10:34:57.1106,.,.,blink
10:34:57.1111,.,.,blink
10:34:57.1116,.,.,blink
10:34:57.1121,.,.,blink
10:34:57.1126,.,.,blink
10:34:57.1131,.,.,blink
10:34:57.1136,.,.,blink
10:34:57.1141,.,.,blink
10:34:57.1146,.,.,blink
10:34:57.1151,.,.,blink
10:34:57.1156,.,.,blink
10:34:57.1161,.,.,blink
10:34:57.1166,.,.,blink
10:34:57.1171,.,.,blink
10:34:57.1176,.,.,blink
10:34:57.1181,.,.,blink
10:34:57.1186,.,.,blink
10:34:57.1191,.,.,blink
10:34:57.1196,.,.,blink
10:34:57.1201,.,.,blink
10:34:57.1206,.,.,blink
10:34:57.1211,.,.,blink
10:34:57.1216,.,.,blink
10:34:57.1221,.,.,blink
10:34:57.1226,.,.,blink
10:34:57.1231,.,.,blink
10:34:57.1236,.,.,blink
10:34:57.1241,.,.,blink
10:34:57.1246,.,.,blink
10:34:57.1251,.,.,blink
10:34:57.1256,.,.,blink
10:34:57.1261,.,.,blink
10:34:57.1266,.,.,blink
10:34:57.1271,.,.,blink
10:34:57.1276,.,.,blink
10:34:57.1281,.,.,blink
10:34:57.1286,.,.,blink
10:34:57.1291,.,.,blink
10:34:57.1296,.,.,blink
10:34:57.1301,.,.,blink
10:34:57.1306,.,.,blink
10:34:57.1311,.,.,blink
10:34:57.1316,.,.,blink
10:34:57.1321,.,.,blink
10:34:57.1326,.,.,blink
10:34:57.1331,.,.,blink
10:34:57.1336,.,.,blink
10:34:57.1341,.,.,blink
10:34:57.1346,.,.,blink
10:34:57.1351,.,.,blink
10:34:57.1356,.,.,blink
10:34:57.1361,.,.,blink
10:34:57.1366,.,.,blink
10:34:57.1371,.,.,blink
10:34:57.1376,.,.,blink
10:34:57.1381,.,.,blink
10:34:57.1386,.,.,blink
10:34:57.1391,.,.,blink
10:34:57.1396,.,.,blink
10:34:57.1401,.,.,blink
10:34:57.1406,.,.,blink
10:34:57.1411,.,.,blink
10:34:57.1416,.,.,blink
10:34:57.1421,.,.,blink
10:34:57.1426,.,.,blink
10:34:57.1431,.,.,blink
10:34:57.1436,.,.,blink
10:34:57.1441,.,.,blink
10:34:57.1446,.,.,blink
10:34:57.1451,.,.,blink
10:34:57.1456,.,.,blink
10:34:57.1461,.,.,blink
10:34:57.1466,.,.,blink
10:34:57.1471,.,.,blink
10:34:57.1476,.,.,blink
10:34:57.1481,.,.,blink
10:34:57.1486,.,.,blink
10:34:57.1491,.,.,blink
10:34:57.1496,.,.,blink
10:34:57.1501,.,.,blink
10:34:57.1506,.,.,blink
10:34:57.1511,.,.,blink
10:34:57.1516,.,.,blink
10:34:57.1521,.,.,blink
10:34:57.1526,.,.,blink
10:34:57.1531,.,.,blink
10:34:57.1536,.,.,blink
10:34:57.1541,.,.,blink
10:34:57.1546,.,.,blink
10:34:57.1551,.,.,blink
10:34:57.1556,.,.,blink
10:34:57.1561,.,.,blink
10:34:57.1566,.,.,blink
10:34:57.1571,.,.,blink
10:34:57.1576,.,.,blink
10:34:57.1581,.,.,blink
10:34:57.1586,.,.,blink
10:34:57.1591,.,.,blink
10:34:57.1596,.,.,blink
10:34:57.1601,.,.,blink
10:34:57.1606,.,.,blink
10:34:57.1611,.,.,blink
10:34:57.1616,.,.,blink
10:34:57.1621,.,.,blink
10:34:57.1626,.,.,blink
10:34:57.1631,.,.,blink
10:34:57.1636,.,.,blink
10:34:57.1641,.,.,blink
10:34:57.1646,.,.,blink
10:34:57.1651,.,.,blink
10:34:57.1656,.,.,blink
10:34:57.1661,.,.,blink
10:34:57.1666,.,.,blink
10:34:57.1671,.,.,blink
10:34:57.1676,.,.,blink
10:34:57.1681,.,.,blink
10:34:57.1686,.,.,blink
10:34:57.1691,.,.,blink
10:34:57.1696,.,.,blink
10:34:57.1701,.,.,blink
10:34:57.1706,.,.,blink
10:34:57.1711,.,.,blink
10:34:57.1716,.,.,blink
10:34:57.1721,.,.,blink
10:34:57.1726,.,.,blink
10:34:57.1731,.,.,blink
10:34:57.1736,.,.,blink
10:34:57.1741,.,.,blink
10:34:57.1746,.,.,blink
10:34:57.1751,.,.,blink
10:34:57.1756,.,.,blink
10:34:57.1761,.,.,blink
10:34:57.1766,.,.,blink
10:34:57.1771,.,.,blink
10:34:57.1776,.,.,blink
10:34:57.1781,.,.,blink
10:34:57.1786,.,.,blink
10:34:57.1791,.,.,blink
10:34:57.1796,.,.,blink
10:34:57.1801,.,.,blink
10:34:57.1806,.,.,blink
10:34:57.1811,.,.,blink
10:34:57.1816,.,.,blink
10:34:57.1821,.,.,blink
10:34:57.1826,.,.,blink
10:34:57.1831,.,.,blink
10:34:57.1836,.,.,blink
10:34:57.1841,.,.,blink
10:34:57.1846,.,.,blink
10:34:57.1851,.,.,blink
10:34:57.1856,.,.,blink
10:34:57.1861,.,.,blink
10:34:57.1866,.,.,blink
10:34:57.1871,.,.,blink
10:34:57.1876,.,.,blink
10:34:57.1881,.,.,blink
10:34:57.1886,.,.,blink
10:34:57.1891,.,.,blink
10:34:57.1896,.,.,blink
10:34:57.1901,.,.,blink
10:34:57.1906,.,.,blink
10:34:57.1911,.,.,blink
10:34:57.1916,.,.,blink
10:34:57.1921,.,.,blink
10:34:57.1926,.,.,blink
10:34:57.1931,.,.,blink
10:34:57.1936,.,.,blink
10:34:57.1941,.,.,blink
10:34:57.1946,.,.,blink
10:34:57.1951,.,.,blink
10:34:57.1956,.,.,blink
10:34:57.1961,.,.,blink
10:34:57.1966,.,.,blink
10:34:57.1971,.,.,blink
10:34:57.1976,.,.,blink
10:34:57.1981,.,.,blink
10:34:57.1986,.,.,blink
10:34:57.1991,.,.,blink
10:34:57.1996,.,.,blink
10:34:57.2001,.,.,blink
10:34:57.2006,.,.,blink
10:34:57.2011,.,.,blink
10:34:57.2016,.,.,blink
10:34:57.2021,.,.,blink
10:34:57.2026,.,.,blink
10:34:57.2031,.,.,blink
10:34:57.2036,.,.,blink
10:34:57.2041,.,.,blink
10:34:57.2046,.,.,blink
10:34:57.2051,.,.,blink
10:34:57.2056,.,.,blink
10:34:57.2061,.,.,blink
10:34:57.2066,.,.,blink
10:34:57.2071,.,.,blink
10:34:57.2076,.,.,blink
10:34:57.2081,.,.,blink
10:34:57.2086,.,.,blink
10:34:57.2091,.,.,blink
10:34:57.2096,.,.,blink
10:34:57.2101,.,.,blink
10:34:57.2106,.,.,blink
10:34:57.2111,.,.,blink
10:34:57.2116,.,.,blink
10:34:57.2121,.,.,blink
10:34:57.2126,.,.,blink
10:34:57.2131,.,.,blink
10:34:57.2136,.,.,blink
10:34:57.2141,.,.,blink
10:34:57.2146,.,.,blink
10:34:57.2151,.,.,blink
10:34:57.2156,.,.,blink
10:34:57.2161,.,.,blink
10:34:57.2166,.,.,blink
10:34:57.2171,.,.,blink
10:34:57.2176,.,.,blink
10:34:57.2181,.,.,blink
10:34:57.2186,.,.,blink
10:34:57.2191,.,.,blink
10:34:57.2196,.,.,blink
10:34:57.2201,.,.,blink
10:34:57.2206,.,.,blink
10:34:57.2211,.,.,blink
10:34:57.2216,.,.,blink
10:34:57.2221,.,.,blink
10:34:57.2226,.,.,blink
10:34:57.2231,.,.,blink
10:34:57.2236,.,.,blink
10:34:57.2241,.,.,blink
10:34:57.2246,.,.,blink
10:34:57.2251,.,.,blink
10:34:57.2256,.,.,blink
10:34:57.2261,.,.,blink
10:34:57.2266,.,.,blink
10:34:57.2271,.,.,blink
10:34:57.2276,.,.,blink
10:34:57.2281,.,.,blink
10:34:57.2286,.,.,blink
10:34:57.2291,.,.,blink
10:34:57.2296,.,.,blink
10:34:57.2301,.,.,blink
10:34:57.2306,.,.,blink
10:34:57.2311,.,.,blink
10:34:57.2316,.,.,blink
10:34:57.2321,.,.,blink
10:34:57.2326,.,.,blink
10:34:57.2331,.,.,blink
10:34:57.2336,.,.,blink
10:34:57.2341,.,.,blink
10:34:57.2346,.,.,blink
10:34:57.2351,.,.,blink
10:34:57.2356,.,.,blink
10:34:57.2361,.,.,blink
10:34:57.2366,.,.,blink
10:34:57.2371,.,.,blink
10:34:57.2376,.,.,blink
10:34:57.2381,.,.,blink
10:34:57.2386,.,.,blink
10:34:57.2391,.,.,blink
10:34:57.2396,.,.,blink
10:34:57.2401,.,.,blink
10:34:57.2406,.,.,blink
10:34:57.2411,.,.,blink
10:34:57.2416,.,.,blink
10:34:57.2421,.,.,blink
10:34:57.2426,.,.,blink
10:34:57.2431,.,.,blink
10:34:57.2436,.,.,blink
10:34:57.2441,.,.,blink
10:34:57.2446,.,.,blink
10:34:57.2451,.,.,blink
10:34:57.2456,.,.,blink
10:34:57.2461,.,.,blink
10:34:57.2466,.,.,blink
10:34:57.2471,.,.,blink
10:34:57.2476,.,.,blink
10:34:57.2481,.,.,blink
10:34:57.2486,.,.,blink
10:34:57.2491,.,.,blink
10:34:57.2496,.,.,blink
10:34:57.2501,.,.,blink
10:34:57.2506,.,.,blink
10:34:57.2511,.,.,blink
10:34:57.2516,.,.,blink
10:34:57.2521,.,.,blink
10:34:57.2526,.,.,blink
10:34:57.2531,.,.,blink
10:34:57.2536,.,.,blink
10:34:57.2541,.,.,blink
10:34:57.2546,.,.,blink
10:34:57.2551,.,.,blink
10:34:57.2556,.,.,blink
10:34:57.2561,.,.,blink
10:34:57.2566,.,.,blink
10:34:57.2571,.,.,blink
10:34:57.2576,.,.,blink
10:34:57.2581,.,.,blink
10:34:57.2586,.,.,blink
10:34:57.2591,.,.,blink
10:34:57.2596,.,.,blink
10:34:57.2601,.,.,blink
10:34:57.2606,.,.,blink
10:34:57.2611,.,.,blink
10:34:57.2616,.,.,blink
10:34:57.2621,.,.,blink
10:34:57.2626,.,.,blink
10:34:57.2631,.,.,blink
10:34:57.2636,.,.,blink
10:34:57.2641,.,.,blink
10:34:57.2646,.,.,blink
10:34:57.2651,.,.,blink
10:34:57.2656,.,.,blink
10:34:57.2661,.,.,blink
10:34:57.2666,.,.,blink
10:34:57.2671,.,.,blink
10:34:57.2676,.,.,blink
10:34:57.2681,.,.,blink
10:34:57.2686,.,.,blink
10:34:57.2691,.,.,blink
10:34:57.2696,.,.,blink
10:34:57.2701,.,.,blink
10:34:57.2706,.,.,blink
10:34:57.2711,.,.,blink
10:34:57.2716,.,.,blink
10:34:57.2721,.,.,blink
10:34:57.2726,.,.,blink
10:34:57.2731,.,.,blink
10:34:57.2736,.,.,blink
10:34:57.2741,.,.,blink
10:34:57.2746,.,.,blink
10:34:57.2751,.,.,blink
10:34:57.2756,.,.,blink
10:34:57.2761,.,.,blink
10:34:57.2766,.,.,blink
10:34:57.2771,.,.,blink
10:34:57.2776,.,.,blink
10:34:57.2781,.,.,blink
10:34:57.2786,.,.,blink
10:34:57.2791,.,.,blink
10:34:57.2796,.,.,blink
10:34:57.2801,.,.,blink
10:34:57.2806,.,.,blink
10:34:57.2811,.,.,blink
10:34:57.2816,.,.,blink
10:34:57.2821,.,.,blink
10:34:57.2826,.,.,blink
10:34:57.2831,.,.,blink
10:34:57.2836,.,.,blink
10:34:57.2841,.,.,blink
10:34:57.2846,.,.,blink
10:34:57.2851,.,.,blink
10:34:57.2856,.,.,blink
10:34:57.2861,.,.,blink
10:34:57.2866,.,.,blink
10:34:57.2871,.,.,blink
10:34:57.2876,.,.,blink
10:34:57.2881,.,.,blink
10:34:57.2886,.,.,blink
10:34:57.2891,.,.,blink
10:34:57.2896,.,.,blink
10:34:57.2901,.,.,blink
10:34:57.2906,.,.,blink
10:34:57.2911,.,.,blink
10:34:57.2916,.,.,blink
10:34:57.2921,.,.,blink
10:34:57.2926,.,.,blink
10:34:57.2931,.,.,blink
10:34:57.2936,.,.,blink
10:34:57.2941,.,.,blink
10:34:57.2946,.,.,blink
10:34:57.2951,.,.,blink
10:34:57.2956,.,.,blink
10:34:57.2961,.,.,blink
10:34:57.2966,.,.,blink
10:34:57.2971,.,.,blink
10:34:57.2976,.,.,blink
10:34:57.2981,.,.,blink
10:34:57.2986,.,.,blink
10:34:57.2991,.,.,blink
10:34:57.2996,.,.,blink
