TimeStamp,X,Y,Event
13:28:58.6090,983.6,300.4,fixation
13:28:58.6095,983.9,298.1,saccade
13:28:58.61,986.4,300.8,saccade
13:28:58.6105,988.7,305.1,saccade
13:28:58.6110,989.5,308.8,saccade
13:28:58.6115,988.1,308.0,saccade
13:28:58.612,987.0,305.4,saccade
13:28:58.6125,987.2,303.4,saccade
13:28:58.613,987.5,302.0,saccade
13:28:58.6135,987.8,302.3,saccade
13:28:58.6140,988.0,302.6,saccade
13:28:58.6145,988.0,299.8,saccade
13:28:58.615,987.5,297.0,saccade
13:28:58.6155,986.5,293.2,saccade
13:28:58.616,983.4,291.9,saccade
13:28:58.6165,980.1,296.1,saccade
13:28:58.6170,977.1,301.4,saccade
13:28:58.6175,973.7,305.2,saccade
13:28:58.618,969.3,303.4,saccade
13:28:58.6185,964.8,299.2,saccade
13:28:58.619,960.0,296.3,saccade
13:28:58.6195,956.5,293.7,saccade
13:28:58.6200,951.3,293.4,saccade
13:28:58.6205,946.0,293.8,saccade
13:28:58.621,938.9,295.0,saccade
13:28:58.6215,932.9,296.7,saccade
13:28:58.622,928.2,298.3,saccade
13:28:58.6225,923.2,300.0,saccade
13:28:58.6230,916.8,301.1,saccade
13:28:58.6235,906.0,301.3,saccade
13:28:58.624,897.0,300.8,saccade
13:28:58.6245,886.0,300.6,saccade
13:28:58.625,880.1,302.8,saccade
13:28:58.6255,870.1,304.1,saccade
13:28:58.6260,864.1,305.4,saccade
13:28:58.6265,859.1,304.4,saccade
13:28:58.627,850.9,303.0,saccade
13:28:58.6275,840.6,302.0,saccade
13:28:58.628,828.4,304.4,saccade
13:28:58.6285,821.5,307.4,saccade
13:28:58.6290,814.0,309.4,saccade
13:28:58.6295,805.2,308.0,saccade
13:28:58.63,794.6,307.2,saccade
13:28:58.6305,785.4,306.8,saccade
13:28:58.631,776.0,306.8,saccade
13:28:58.6315,767.9,309.3,saccade
13:28:58.6320,758.3,311.8,saccade
13:28:58.6325,750.5,312.4,saccade
13:28:58.633,741.9,309.6,saccade
13:28:58.6335,733.8,310.0,saccade
13:28:58.634,725.1,312.4,saccade
13:28:58.6345,716.9,314.9,saccade
13:28:58.6350,710.8,317.3,saccade
13:28:58.6355,704.8,319.8,saccade
13:28:58.636,702.4,320.8,saccade
13:28:58.6365,698.1,318.6,saccade
13:28:58.637,692.8,318.6,saccade
13:28:58.6375,683.2,320.0,saccade
13:28:58.6380,671.9,323.6,saccade
13:28:58.6385,661.7,324.9,saccade
13:28:58.639,654.1,326.6,saccade
13:28:58.6395,648.7,326.7,saccade
13:28:58.64,642.5,327.3,saccade
13:28:58.6405,634.9,327.4,saccade
13:28:58.6410,628.7,326.9,saccade
13:28:58.6415,620.7,326.3,saccade
13:28:58.642,612.6,326.8,saccade
13:28:58.6425,602.2,327.1,saccade
13:28:58.643,596.8,326.5,saccade
13:28:58.6435,591.3,324.9,saccade
13:28:58.6440,581.8,324.5,saccade
13:28:58.6445,571.7,324.4,saccade
13:28:58.645,561.0,323.8,saccade
13:28:58.6455,556.7,321.8,saccade
13:28:58.646,551.7,320.3,saccade
13:28:58.6465,550.3,320.8,saccade
13:28:58.6470,541.9,321.7,saccade
13:28:58.6475,533.6,324.4,saccade
13:28:58.648,525.4,326.1,saccade
13:28:58.6485,522.2,329.6,saccade
13:28:58.649,517.3,331.3,saccade
13:28:58.6495,510.8,332.9,saccade
13:28:58.6500,505.3,332.4,saccade
13:28:58.6505,500.0,332.2,saccade
13:28:58.651,495.6,332.2,saccade
13:28:58.6515,492.2,334.6,saccade
13:28:58.652,488.7,336.8,saccade
13:28:58.6525,486.1,339.0,saccade
13:28:58.6530,483.5,340.6,saccade
13:28:58.6535,480.5,342.2,saccade
13:28:58.654,475.7,343.3,saccade
13:28:58.6545,471.0,342.5,saccade
13:28:58.655,469.1,342.3,saccade
13:28:58.6555,469.0,342.6,saccade
13:28:58.6560,468.7,343.4,saccade
13:28:58.6565,468.0,344.5,saccade
13:28:58.6570,464.9,345.1,saccade
13:28:58.6575,462.5,344.8,saccade
13:28:58.658,460.8,344.1,saccade
13:28:58.6585,462.2,344.2,saccade
13:28:58.659,463.6,344.8,saccade
13:28:58.6595,464.7,345.3,saccade
13:28:58.6600,465.9,343.0,saccade
13:28:58.6605,469.1,340.6,saccade
13:28:58.661,472.3,338.2,saccade
13:28:58.6615,474.2,338.0,saccade
13:28:58.662,473.7,337.7,saccade
13:28:58.6625,473.2,337.5,saccade
13:28:58.6630,472.0,337.1,saccade
13:28:58.6635,470.8,336.6,saccade
13:28:58.664,472.4,336.4,saccade
13:28:58.6645,475.2,336.5,saccade
13:28:58.665,477.8,337.6,saccade
13:28:58.6655,477.7,339.4,saccade
13:28:58.6660,477.5,340.5,fixation
13:28:58.6665,477.3,339.1,fixation
13:28:58.667,477.0,338.2,fixation
13:28:58.6675,476.6,338.0,fixation
13:28:58.668,476.3,336.5,fixation
13:28:58.6685,476.0,334.3,fixation
13:28:58.6690,476.0,332.1,fixation
13:28:58.6695,474.3,330.8,fixation
13:28:58.67,472.5,330.0,fixation
13:28:58.6705,470.4,329.3,fixation
13:28:58.671,468.6,329.3,fixation
13:28:58.6715,466.6,330.3,fixation
13:28:58.6720,465.0,332.8,fixation
13:28:58.6725,465.1,336.1,fixation
13:28:58.673,466.3,338.7,fixation
13:28:58.6735,467.6,339.7,fixation
13:28:58.674,468.8,339.9,fixation
13:28:58.6745,469.0,338.6,fixation
13:28:58.6750,467.5,333.5,fixation
13:28:58.6755,466.0,328.4,fixation
13:28:58.676,466.2,330.1,fixation
13:28:58.6765,468.2,335.5,fixation
13:28:58.677,470.2,340.5,fixation
13:28:58.6775,469.7,339.4,fixation
13:28:58.6780,469.1,339.5,fixation
13:28:58.6785,469.2,340.1,fixation
13:28:58.679,470.1,338.1,fixation
13:28:58.6795,471.0,334.9,fixation
13:28:58.68,470.8,333.0,fixation
13:28:58.6805,469.8,335.6,fixation
13:28:58.6810,468.0,338.0,fixation
13:28:58.6815,466.7,337.8,fixation
13:28:58.682,466.2,336.3,fixation
13:28:58.6825,466.9,334.4,fixation
13:28:58.683,467.4,334.0,fixation
13:28:58.6835,467.3,334.7,fixation
13:28:58.6840,467.8,336.1,fixation
13:28:58.6845,468.4,336.2,fixation
13:28:58.685,469.1,335.2,fixation
13:28:58.6855,469.3,334.0,fixation
13:28:58.686,469.5,332.9,fixation
13:28:58.6865,469.7,331.7,fixation
13:28:58.6870,470.2,331.6,fixation
13:28:58.6875,471.1,333.8,fixation
13:28:58.688,471.4,335.9,fixation
13:28:58.6885,470.6,336.9,fixation
13:28:58.689,469.5,336.6,fixation
13:28:58.6895,469.2,336.1,fixation
13:28:58.6900,469.6,335.9,fixation
13:28:58.6905,469.0,335.8,fixation
13:28:58.691,468.5,333.8,fixation
13:28:58.6915,469.2,331.7,fixation
13:28:58.692,472.1,330.3,fixation
13:28:58.6925,474.8,331.4,fixation
13:28:58.6930,475.9,332.8,fixation
13:28:58.6935,475.1,334.1,fixation
13:28:58.694,472.5,335.8,fixation
13:28:58.6945,470.2,338.3,fixation
13:28:58.695,468.1,340.3,fixation
13:28:58.6955,467.9,337.6,fixation
13:28:58.6960,465.2,333.4,fixation
13:28:58.6965,462.7,329.2,fixation
13:28:58.697,466.4,332.7,fixation
13:28:58.6975,472.3,338.5,fixation
13:28:58.698,475.2,344.0,fixation
13:28:58.6985,471.8,346.2,fixation
13:28:58.6990,468.1,346.6,fixation
13:28:58.6995,467.8,343.5,fixation
13:28:58.7,466.6,339.5,fixation
13:28:58.7005,466.2,335.5,fixation
13:28:58.701,465.4,335.0,fixation
13:28:58.7015,466.9,334.8,fixation
13:28:58.7020,468.7,334.2,fixation
13:28:58.7025,470.4,334.0,fixation
13:28:58.703,470.8,332.5,fixation
13:28:58.7035,470.6,331.4,fixation
13:28:58.704,471.6,333.7,fixation
13:28:58.7045,472.8,337.0,fixation
13:28:58.7050,472.5,340.1,fixation
13:28:58.7055,471.1,337.0,fixation
13:28:58.706,469.6,334.2,fixation
13:28:58.7065,471.5,332.0,fixation
13:28:58.707,473.3,333.2,fixation
13:28:58.7075,474.2,333.9,fixation
13:28:58.7080,473.5,333.1,fixation
13:28:58.7085,474.0,332.2,fixation
13:28:58.709,475.5,331.4,fixation
13:28:58.7095,474.8,330.5,fixation
13:28:58.71,472.9,329.4,fixation
13:28:58.7105,470.4,327.2,fixation
13:28:58.7110,469.8,326.2,fixation
13:28:58.7115,470.4,327.9,fixation
13:28:58.712,471.5,330.5,fixation
13:28:58.7125,472.7,333.0,fixation
13:28:58.713,473.0,332.8,fixation
13:28:58.7135,473.2,333.2,fixation
13:28:58.7140,474.6,334.5,fixation
13:28:58.7145,475.5,335.2,fixation
13:28:58.715,476.2,335.3,fixation
13:28:58.7155,475.2,334.7,fixation
13:28:58.716,474.8,337.6,fixation
13:28:58.7165,474.6,340.6,fixation
13:28:58.7170,475.4,340.9,fixation
13:28:58.7175,476.1,338.3,fixation
13:28:58.718,476.6,336.6,fixation
13:28:58.7185,476.6,337.1,fixation
13:28:58.719,476.7,337.6,fixation
13:28:58.7195,476.9,336.9,fixation
13:28:58.72,476.6,336.7,fixation
13:28:58.7205,475.6,337.1,fixation
13:28:58.7210,474.3,337.6,fixation
13:28:58.7215,473.3,337.9,fixation
13:28:58.722,472.5,337.7,fixation
13:28:58.7225,471.9,338.0,fixation
13:28:58.723,471.6,338.6,fixation
13:28:58.7235,471.7,336.4,fixation
13:28:58.7240,471.8,333.2,fixation
13:28:58.7245,472.0,329.7,fixation
13:28:58.725,472.0,328.7,fixation
13:28:58.7255,472.4,327.4,fixation
13:28:58.726,472.8,326.3,fixation
13:28:58.7265,472.2,329.2,fixation
13:28:58.7270,471.0,332.6,fixation
13:28:58.7275,470.0,336.5,fixation
13:28:58.728,470.1,337.0,fixation
13:28:58.7285,471.0,337.9,fixation
13:28:58.729,471.7,338.6,fixation
13:28:58.7295,471.0,339.2,fixation
13:28:58.7300,469.7,340.0,fixation
13:28:58.7305,469.1,340.6,fixation
13:28:58.731,469.8,339.6,fixation
13:28:58.7315,470.7,336.7,fixation
13:28:58.732,470.8,333.7,fixation
13:28:58.7325,470.9,332.2,fixation
13:28:58.7330,470.9,331.2,fixation
13:28:58.7335,471.0,330.2,fixation
13:28:58.734,471.2,329.0,fixation
13:28:58.7345,471.4,328.9,fixation
13:28:58.735,471.7,329.8,fixation
13:28:58.7355,471.9,330.6,fixation
13:28:58.7360,471.8,331.1,fixation
13:28:58.7365,471.7,330.5,fixation
13:28:58.737,472.1,330.1,fixation
13:28:58.7375,472.6,331.3,fixation
13:28:58.738,470.0,332.3,fixation
13:28:58.7385,467.2,329.6,fixation
13:28:58.7390,464.2,325.5,fixation
13:28:58.7395,464.2,321.9,fixation
13:28:58.74,464.1,325.7,fixation
13:28:58.7405,465.4,329.6,fixation
13:28:58.741,468.4,333.8,fixation
13:28:58.7415,471.0,334.2,fixation
13:28:58.7420,472.3,332.2,fixation
13:28:58.7425,472.3,329.7,fixation
13:28:58.743,472.2,327.2,fixation
13:28:58.7435,472.4,328.0,fixation
13:28:58.744,472.2,329.0,fixation
13:28:58.7445,471.9,330.7,fixation
13:28:58.7450,471.7,331.4,fixation
13:28:58.7455,471.7,331.6,fixation
13:28:58.746,471.8,330.6,fixation
13:28:58.7465,472.3,327.6,fixation
13:28:58.747,473.2,321.1,fixation
13:28:58.7475,474.1,315.1,fixation
13:28:58.7480,474.0,314.6,fixation
13:28:58.7485,473.3,318.0,fixation
13:28:58.749,472.5,321.5,fixation
13:28:58.7495,472.2,322.3,fixation
13:28:58.75,473.6,323.2,fixation
13:28:58.7505,475.0,324.1,fixation
13:28:58.7510,477.2,324.0,fixation
13:28:58.7515,477.8,324.1,fixation
13:28:58.752,476.8,324.0,fixation
13:28:58.7525,474.9,327.4,fixation
13:28:58.753,471.9,330.8,fixation
13:28:58.7535,470.3,334.7,fixation
13:28:58.7540,471.8,335.3,fixation
13:28:58.7545,474.7,333.2,fixation
13:28:58.755,478.7,330.8,fixation
13:28:58.7555,479.9,327.9,fixation
13:28:58.756,477.6,327.4,fixation
13:28:58.7565,474.6,326.1,fixation
13:28:58.7570,471.6,325.0,fixation
13:28:58.7575,471.9,325.2,fixation
13:28:58.758,472.0,326.7,fixation
13:28:58.7585,472.1,328.6,fixation
13:28:58.759,472.2,329.8,fixation
13:28:58.7595,472.7,330.3,fixation
13:28:58.7600,473.2,330.4,fixation
13:28:58.7605,474.1,330.8,fixation
13:28:58.761,474.8,331.3,fixation
13:28:58.7615,475.5,332.1,fixation
13:28:58.762,476.0,333.1,fixation
13:28:58.7625,476.2,333.9,fixation
13:28:58.7630,476.5,334.3,fixation
13:28:58.7635,475.3,333.6,fixation
13:28:58.764,473.6,332.8,fixation
13:28:58.7645,471.9,332.0,fixation
13:28:58.765,472.9,330.2,fixation
13:28:58.7655,474.2,328.0,fixation
13:28:58.7660,475.6,325.7,fixation
13:28:58.7665,475.7,326.1,fixation
13:28:58.767,475.6,328.1,fixation
13:28:58.7675,475.3,329.1,fixation
13:28:58.768,475.1,329.3,fixation
13:28:58.7685,474.9,328.4,fixation
13:28:58.7690,477.1,328.8,fixation
13:28:58.7695,479.1,331.5,fixation
13:28:58.77,479.5,334.0,fixation
13:28:58.7705,478.0,334.6,fixation
13:28:58.771,477.4,332.9,fixation
13:28:58.7715,478.1,331.1,fixation
13:28:58.7720,478.4,330.9,fixation
13:28:58.7725,477.9,331.1,fixation
13:28:58.773,477.2,333.1,fixation
13:28:58.7735,476.5,335.1,fixation
13:28:58.774,475.1,336.1,fixation
13:28:58.7745,473.3,334.7,fixation
13:28:58.7750,471.9,332.9,fixation
13:28:58.7755,471.4,331.3,fixation
13:28:58.776,470.9,330.3,fixation
13:28:58.7765,470.1,331.9,fixation
13:28:58.777,469.5,334.1,fixation
13:28:58.7775,470.1,335.4,fixation
13:28:58.7780,471.1,333.7,fixation
13:28:58.7785,470.9,331.0,fixation
13:28:58.779,470.2,329.1,fixation
13:28:58.7795,470.9,325.6,fixation
13:28:58.78,472.4,323.0,fixation
13:28:58.7805,474.6,322.8,fixation
13:28:58.7810,475.4,325.0,fixation
13:28:58.7815,474.4,326.3,fixation
13:28:58.7820,472.1,326.0,fixation
13:28:58.7825,469.8,326.5,fixation
13:28:58.783,469.1,327.9,fixation
13:28:58.7835,469.6,324.9,fixation
13:28:58.784,469.9,323.1,fixation
13:28:58.7845,471.8,321.6,fixation
13:28:58.7850,473.4,323.2,fixation
13:28:58.7855,475.6,322.8,fixation
13:28:58.786,476.0,321.7,fixation
13:28:58.7865,476.2,321.3,fixation
13:28:58.787,475.4,324.2,fixation
13:28:58.7875,474.6,327.6,fixation
13:28:58.7880,473.7,330.7,fixation
13:28:58.7885,473.5,330.0,fixation
13:28:58.789,473.7,325.6,fixation
13:28:58.7895,474.2,321.6,fixation
13:28:58.79,473.8,316.7,fixation
13:28:58.7905,473.0,315.6,fixation
13:28:58.7910,472.9,317.4,fixation
13:28:58.7915,474.2,326.8,fixation
13:28:58.792,475.7,335.5,fixation
13:28:58.7925,476.7,340.6,fixation
13:28:58.793,477.3,337.5,fixation
13:28:58.7935,475.5,335.0,fixation
13:28:58.7940,473.4,333.3,fixation
13:28:58.7945,471.2,333.7,fixation
13:28:58.795,471.1,334.8,fixation
13:28:58.7955,473.4,337.6,fixation
13:28:58.796,475.8,339.9,fixation
13:28:58.7965,478.8,337.1,fixation
13:28:58.7970,479.4,332.6,fixation
13:28:58.7975,478.3,329.4,fixation
13:28:58.798,476.5,331.2,fixation
13:28:58.7985,475.5,333.4,fixation
13:28:58.799,476.5,334.4,fixation
13:28:58.7995,477.4,335.6,fixation
13:28:58.8000,477.4,336.3,fixation
13:28:58.8005,477.3,334.6,fixation
13:28:58.801,474.2,329.5,fixation
13:28:58.8015,471.1,326.1,fixation
13:28:58.802,468.5,325.5,fixation
13:28:58.8025,469.5,328.1,fixation
13:28:58.8030,471.4,328.4,fixation
13:28:58.8035,473.4,328.3,fixation
13:28:58.804,474.8,329.5,fixation
13:28:58.8045,475.6,331.3,fixation
13:28:58.805,475.9,333.0,fixation
13:28:58.8055,476.5,331.8,fixation
13:28:58.8060,477.3,330.7,fixation
13:28:58.8065,477.7,331.0,fixation
13:28:58.807,478.1,332.6,fixation
13:28:58.8075,478.1,334.0,fixation
13:28:58.808,475.5,331.5,fixation
13:28:58.8085,472.8,329.0,fixation
13:28:58.8090,470.1,326.7,fixation
13:28:58.8095,470.2,327.1,fixation
13:28:58.81,471.0,328.8,fixation
13:28:58.8105,471.7,330.3,fixation
13:28:58.811,471.7,329.9,fixation
13:28:58.8115,471.1,327.7,fixation
13:28:58.8120,472.5,325.8,fixation
13:28:58.8125,474.9,325.3,fixation
13:28:58.813,477.3,324.5,fixation
13:28:58.8135,477.4,323.5,fixation
13:28:58.814,477.1,320.8,fixation
13:28:58.8145,475.1,318.5,fixation
13:28:58.8150,472.9,320.7,fixation
13:28:58.8155,472.0,325.2,fixation
13:28:58.816,472.4,330.3,fixation
13:28:58.8165,473.2,330.8,fixation
13:28:58.817,472.3,331.1,fixation
13:28:58.8175,471.6,330.9,fixation
13:28:58.8180,473.8,332.9,fixation
13:28:58.8185,476.8,334.7,fixation
13:28:58.819,479.1,336.4,fixation
13:28:58.8195,478.8,335.8,fixation
13:28:58.82,478.5,335.4,fixation
13:28:58.8205,478.1,333.6,fixation
13:28:58.8210,477.4,331.9,fixation
13:28:58.8215,475.9,332.0,fixation
13:28:58.822,475.1,333.5,fixation
13:28:58.8225,474.0,335.0,fixation
13:28:58.823,473.6,335.6,fixation
13:28:58.8235,473.1,336.8,fixation
13:28:58.8240,473.8,338.4,fixation
13:28:58.8245,475.3,339.5,fixation
13:28:58.825,476.9,340.3,fixation
13:28:58.8255,478.3,341.2,fixation
13:28:58.826,478.9,342.0,fixation
13:28:58.8265,479.4,336.7,fixation
13:28:58.8270,478.5,330.8,fixation
13:28:58.8275,478.0,325.9,fixation
13:28:58.828,477.4,329.5,fixation
13:28:58.8285,476.8,333.1,fixation
13:28:58.829,475.5,336.9,fixation
13:28:58.8295,475.2,337.8,fixation
13:28:58.8300,475.6,339.5,fixation
13:28:58.8305,476.0,340.4,fixation
13:28:58.831,476.4,338.4,fixation
13:28:58.8315,476.8,336.5,fixation
13:28:58.832,476.6,335.4,fixation
13:28:58.8325,476.0,337.1,fixation
13:28:58.8330,476.0,336.2,fixation
13:28:58.8335,476.6,334.5,fixation
13:28:58.834,477.2,332.7,fixation
13:28:58.8345,475.7,332.1,fixation
13:28:58.835,474.4,329.9,fixation
13:28:58.8355,473.0,327.8,fixation
13:28:58.8360,473.5,324.5,fixation
13:28:58.8365,473.7,322.9,fixation
13:28:58.837,473.6,324.0,fixation
13:28:58.8375,473.5,326.0,fixation
13:28:58.838,473.5,328.0,fixation
13:28:58.8385,475.4,326.8,fixation
13:28:58.8390,477.0,326.2,fixation
13:28:58.8395,476.9,325.4,fixation
13:28:58.84,475.3,325.1,fixation
13:28:58.8405,473.6,325.3,fixation
13:28:58.841,472.7,328.8,fixation
13:28:58.8415,471.8,332.0,fixation
13:28:58.8420,470.6,334.8,fixation
13:28:58.8425,470.4,334.6,fixation
13:28:58.843,470.3,335.1,fixation
13:28:58.8435,472.6,336.0,fixation
13:28:58.844,474.7,336.9,fixation
13:28:58.8445,477.8,341.4,fixation
13:28:58.845,478.7,345.6,fixation
13:28:58.8455,477.9,346.1,fixation
13:28:58.8460,476.9,342.5,fixation
13:28:58.8465,475.8,339.5,fixation
13:28:58.847,477.1,340.3,fixation
13:28:58.8475,477.6,341.3,fixation
13:28:58.848,476.7,341.7,fixation
13:28:58.8485,475.0,342.0,fixation
13:28:58.8490,473.5,342.1,fixation
13:28:58.8495,473.7,341.5,fixation
13:28:58.85,474.1,340.3,fixation
13:28:58.8505,474.5,337.5,fixation
13:28:58.851,474.7,335.4,fixation
13:28:58.8515,474.7,335.1,fixation
13:28:58.8520,474.6,336.1,fixation
13:28:58.8525,474.6,336.9,fixation
13:28:58.853,475.0,336.4,fixation
13:28:58.8535,477.2,335.1,fixation
13:28:58.854,479.3,334.1,fixation
13:28:58.8545,478.5,335.2,fixation
13:28:58.8550,474.9,336.9,fixation
13:28:58.8555,471.2,338.6,fixation
13:28:58.856,473.1,339.5,fixation
13:28:58.8565,475.6,341.8,fixation
13:28:58.857,477.8,343.8,fixation
13:28:58.8575,477.0,344.2,fixation
13:28:58.8580,476.0,344.3,fixation
13:28:58.8585,475.3,345.1,fixation
13:28:58.859,476.0,345.5,fixation
13:28:58.8595,477.4,345.5,fixation
13:28:58.86,478.9,344.7,fixation
13:28:58.8605,479.3,344.5,fixation
13:28:58.8610,478.7,349.0,fixation
13:28:58.8615,477.9,354.3,saccade
13:28:58.862,477.8,349.0,saccade
13:28:58.8625,477.1,342.5,saccade
13:28:58.863,475.8,340.3,saccade
13:28:58.8635,475.8,344.6,saccade
13:28:58.8640,476.4,350.0,saccade
13:28:58.8645,476.3,354.2,saccade
13:28:58.865,475.5,351.2,saccade
13:28:58.8655,474.7,348.2,saccade
13:28:58.866,475.5,348.3,saccade
13:28:58.8665,476.6,350.2,saccade
13:28:58.8670,477.6,353.2,saccade
13:28:58.8675,477.8,354.4,saccade
13:28:58.868,479.0,355.6,saccade
13:28:58.8685,479.7,360.3,saccade
13:28:58.869,481.8,365.3,saccade
13:28:58.8695,482.8,374.0,saccade
13:28:58.8700,484.0,381.7,saccade
13:28:58.8705,486.0,389.8,saccade
13:28:58.871,487.9,394.8,saccade
13:28:58.8715,490.0,399.0,saccade
13:28:58.872,489.8,402.4,saccade
13:28:58.8725,491.1,414.1,saccade
13:28:58.8730,492.7,423.0,saccade
13:28:58.8735,493.8,437.7,saccade
13:28:58.874,493.8,446.1,saccade
13:28:58.8745,493.2,459.8,saccade
13:28:58.875,493.2,467.7,saccade
13:28:58.8755,492.1,478.2,saccade
13:28:58.8760,491.3,485.0,saccade
13:28:58.8765,491.8,499.1,saccade
13:28:58.877,493.1,507.9,saccade
13:28:58.8775,495.0,516.1,saccade
13:28:58.878,495.9,521.1,saccade
13:28:58.8785,495.8,529.9,saccade
13:28:58.8790,495.1,537.6,saccade
13:28:58.8795,494.7,545.0,saccade
13:28:58.88,494.7,556.6,saccade
13:28:58.8805,494.5,570.4,saccade
13:28:58.881,493.4,584.0,saccade
13:28:58.8815,492.4,591.8,saccade
13:28:58.8820,491.2,599.2,saccade
13:28:58.8825,490.1,605.8,saccade
13:28:58.883,490.4,617.7,saccade
13:28:58.8835,490.0,634.2,saccade
13:28:58.884,490.2,648.5,saccade
13:28:58.8845,489.1,658.6,saccade
13:28:58.8850,489.1,665.6,saccade
13:28:58.8855,488.3,675.6,saccade
13:28:58.886,488.1,682.7,saccade
13:28:58.8865,487.3,690.9,saccade
13:28:58.887,488.5,699.5,saccade
13:28:58.8875,489.6,707.9,saccade
13:28:58.8880,491.4,713.3,saccade
13:28:58.8885,491.4,720.4,saccade
13:28:58.889,491.8,729.9,saccade
13:28:58.8895,491.7,739.6,saccade
13:28:58.89,492.2,746.5,saccade
13:28:58.8905,492.7,751.9,saccade
13:28:58.8910,493.3,756.0,saccade
13:28:58.8915,492.9,760.2,saccade
13:28:58.892,492.1,763.6,saccade
13:28:58.8925,490.9,770.7,saccade
13:28:58.893,490.4,775.0,saccade
13:28:58.8935,490.4,778.6,saccade
13:28:58.8940,491.7,778.1,saccade
13:28:58.8945,493.2,779.8,saccade
13:28:58.895,494.5,782.1,saccade
13:28:58.8955,495.1,786.0,saccade
13:28:58.896,495.5,787.7,saccade
13:28:58.8965,495.5,790.0,saccade
13:28:58.8970,495.4,790.5,saccade
13:28:58.8975,495.2,791.1,saccade
13:28:58.898,497.1,792.1,saccade
13:28:58.8985,498.8,794.0,saccade
13:28:58.899,499.0,795.8,saccade
13:28:58.8995,497.5,796.4,saccade
13:28:58.9000,497.9,797.3,saccade
13:28:58.9005,499.8,798.4,saccade
13:28:58.901,501.8,801.4,fixation
13:28:58.9015,502.5,803.2,fixation
13:28:58.902,503.0,804.0,fixation
13:28:58.9025,503.4,804.8,fixation
13:28:58.9030,503.3,804.6,fixation
13:28:58.9035,501.9,803.6,fixation
13:28:58.904,500.5,803.0,fixation
13:28:58.9045,501.6,802.8,fixation
13:28:58.905,504.0,803.6,fixation
13:28:58.9055,506.2,804.2,fixation
13:28:58.9060,505.6,805.8,fixation
13:28:58.9065,505.1,807.3,fixation
13:28:58.9070,504.4,804.9,fixation
13:28:58.9075,503.8,801.7,fixation
13:28:58.908,503.2,798.5,fixation
13:28:58.9085,503.6,797.9,fixation
13:28:58.909,504.0,796.6,fixation
13:28:58.9095,504.5,795.1,fixation
13:28:58.9100,505.5,794.9,fixation
13:28:58.9105,506.5,794.6,fixation
13:28:58.911,507.5,795.9,fixation
13:28:58.9115,507.5,797.9,fixation
13:28:58.912,506.5,799.7,fixation
13:28:58.9125,505.4,799.7,fixation
13:28:58.9130,504.5,799.5,fixation
13:28:58.9135,505.0,800.2,fixation
13:28:58.914,505.8,801.9,fixation
13:28:58.9145,506.3,803.3,fixation
13:28:58.915,505.8,803.9,fixation
13:28:58.9155,504.8,804.5,fixation
13:28:58.9160,503.9,805.0,fixation
13:28:58.9165,503.9,805.7,fixation
13:28:58.917,504.0,806.0,fixation
13:28:58.9175,504.2,806.0,fixation
13:28:58.918,504.6,806.1,fixation
13:28:58.9185,504.9,806.1,fixation
13:28:58.9190,504.8,806.0,fixation
13:28:58.9195,504.3,807.8,fixation
13:28:58.92,503.7,809.6,fixation
13:28:58.9205,503.5,809.3,fixation
13:28:58.921,504.0,807.3,fixation
13:28:58.9215,504.7,806.2,fixation
13:28:58.9220,505.1,807.2,fixation
13:28:58.9225,504.2,808.3,fixation
13:28:58.923,503.3,808.4,fixation
13:28:58.9235,502.2,808.4,fixation
13:28:58.924,502.2,808.1,fixation
13:28:58.9245,502.6,808.5,fixation
13:28:58.9250,503.0,809.8,fixation
13:28:58.9255,502.9,811.1,fixation
13:28:58.926,502.6,811.3,fixation
13:28:58.9265,502.4,810.8,fixation
13:28:58.927,502.9,810.3,fixation
13:28:58.9275,503.3,809.0,fixation
13:28:58.9280,503.7,807.8,fixation
13:28:58.9285,503.9,806.1,fixation
13:28:58.929,504.1,805.8,fixation
13:28:58.9295,504.3,805.4,fixation
13:28:58.93,504.4,804.2,fixation
13:28:58.9305,504.4,803.1,fixation
13:28:58.9310,504.2,803.1,fixation
13:28:58.9315,504.2,804.4,fixation
13:28:58.932,504.2,805.5,fixation
13:28:58.9325,504.1,805.4,fixation
13:28:58.933,503.6,805.6,fixation
13:28:58.9335,503.1,805.8,fixation
13:28:58.9340,503.3,806.1,fixation
13:28:58.9345,503.3,805.9,fixation
13:28:58.935,503.3,804.8,fixation
13:28:58.9355,503.6,803.8,fixation
13:28:58.936,504.0,805.2,fixation
13:28:58.9365,504.2,807.6,fixation
13:28:58.9370,503.9,807.8,fixation
13:28:58.9375,503.8,805.9,fixation
13:28:58.938,503.9,803.9,fixation
13:28:58.9385,504.2,804.0,fixation
13:28:58.939,504.4,805.3,fixation
13:28:58.9395,504.6,807.7,fixation
13:28:58.9400,504.5,810.0,fixation
13:28:58.9405,504.4,807.8,fixation
13:28:58.941,504.5,804.7,fixation
13:28:58.9415,504.7,800.8,fixation
13:28:58.942,505.3,800.2,fixation
13:28:58.9425,505.4,801.6,fixation
13:28:58.9430,505.3,803.8,fixation
13:28:58.9435,505.0,805.6,fixation
13:28:58.944,504.8,804.9,fixation
13:28:58.9445,504.5,804.3,fixation
13:28:58.945,504.1,804.0,fixation
13:28:58.9455,504.0,804.7,fixation
13:28:58.9460,504.0,805.2,fixation
13:28:58.9465,504.4,805.4,fixation
13:28:58.947,504.7,804.9,fixation
13:28:58.9475,504.1,804.6,fixation
13:28:58.948,503.4,804.2,fixation
13:28:58.9485,502.9,803.7,fixation
13:28:58.9490,503.2,802.9,fixation
13:28:58.9495,503.4,801.8,fixation
13:28:58.95,503.4,800.8,fixation
13:28:58.9505,503.8,803.0,fixation
13:28:58.951,504.1,805.8,fixation
13:28:58.9515,503.5,808.4,fixation
13:28:58.9520,502.6,808.1,fixation
13:28:58.9525,502.0,807.4,fixation
13:28:58.953,501.9,805.7,fixation
13:28:58.9535,501.9,804.4,fixation
13:28:58.954,501.6,803.8,fixation
13:28:58.9545,501.4,804.4,fixation
13:28:58.9550,501.2,804.1,fixation
13:28:58.9555,501.2,803.2,fixation
13:28:58.956,501.4,802.3,fixation
13:28:58.9565,502.2,802.2,fixation
13:28:58.957,502.0,802.4,fixation
13:28:58.9575,501.8,802.5,fixation
13:28:58.9580,501.1,802.9,fixation
13:28:58.9585,501.1,803.3,fixation
13:28:58.959,502.0,803.8,fixation
13:28:58.9595,502.9,803.8,fixation
13:28:58.96,503.1,803.7,fixation
13:28:58.9605,502.2,804.7,fixation
13:28:58.9610,501.3,805.7,fixation
13:28:58.9615,501.6,806.7,fixation
13:28:58.962,502.6,806.6,fixation
13:28:58.9625,503.6,806.4,fixation
13:28:58.963,504.2,806.3,fixation
13:28:58.9635,503.7,806.8,fixation
13:28:58.9640,503.0,809.0,fixation
13:28:58.9645,502.8,811.3,fixation
13:28:58.965,503.4,810.0,fixation
13:28:58.9655,503.9,805.0,fixation
13:28:58.966,503.8,800.0,fixation
13:28:58.9665,503.9,798.2,fixation
13:28:58.9670,504.0,801.4,fixation
13:28:58.9675,504.2,804.6,fixation
13:28:58.968,503.6,807.7,fixation
13:28:58.9685,503.3,807.6,fixation
13:28:58.969,502.5,807.5,fixation
13:28:58.9695,501.9,807.4,fixation
13:28:58.97,501.4,809.4,fixation
13:28:58.9705,501.5,811.4,fixation
13:28:58.9710,501.7,811.9,fixation
13:28:58.9715,502.0,808.2,fixation
13:28:58.972,502.7,804.5,fixation
13:28:58.9725,503.5,802.5,fixation
13:28:58.973,504.2,804.6,fixation
13:28:58.9735,504.0,807.7,fixation
13:28:58.9740,503.5,810.7,fixation
13:28:58.9745,503.1,809.7,fixation
13:28:58.975,503.2,807.7,fixation
13:28:58.9755,504.5,804.5,fixation
13:28:58.976,505.7,803.6,fixation
13:28:58.9765,506.7,803.1,fixation
13:28:58.9770,506.1,804.9,fixation
13:28:58.9775,505.6,806.2,fixation
13:28:58.978,505.4,807.3,fixation
13:28:58.9785,505.5,807.5,fixation
13:28:58.979,505.3,807.6,fixation
13:28:58.9795,504.8,807.5,fixation
13:28:58.9800,504.7,807.5,fixation
13:28:58.9805,505.1,807.7,fixation
13:28:58.981,504.9,807.0,fixation
13:28:58.9815,504.3,806.0,fixation
13:28:58.982,503.8,804.8,fixation
13:28:58.9825,503.8,804.6,fixation
13:28:58.9830,505.4,804.2,fixation
13:28:58.9835,507.0,803.9,fixation
13:28:58.984,507.5,803.3,fixation
13:28:58.9845,506.4,803.0,fixation
13:28:58.985,505.7,802.6,fixation
13:28:58.9855,506.0,802.2,fixation
13:28:58.9860,506.6,802.3,fixation
13:28:58.9865,506.8,803.1,fixation
13:28:58.987,506.9,804.0,fixation
13:28:58.9875,506.6,803.9,fixation
13:28:58.988,505.9,803.4,fixation
13:28:58.9885,504.9,803.2,fixation
13:28:58.9890,504.1,804.3,fixation
13:28:58.9895,503.6,805.5,fixation
13:28:58.99,503.8,806.4,fixation
13:28:58.9905,504.1,806.4,fixation
13:28:58.991,503.4,806.2,fixation
13:28:58.9915,502.4,805.8,fixation
13:28:58.9920,501.8,803.4,fixation
13:28:58.9925,502.6,801.1,fixation
13:28:58.993,503.3,799.5,fixation
13:28:58.9935,503.6,800.3,fixation
13:28:58.994,503.4,801.1,fixation
13:28:58.9945,503.8,800.0,fixation
13:28:58.9950,505.1,799.0,fixation
13:28:58.9955,506.0,798.7,fixation
13:28:58.996,506.3,800.3,fixation
13:28:58.9965,506.1,800.8,fixation
13:28:58.997,505.0,800.2,fixation
13:28:58.9975,504.0,798.9,fixation
13:28:58.9980,503.7,800.7,fixation
13:28:58.9985,504.5,802.8,fixation
13:28:58.999,504.5,804.3,fixation
13:28:58.9995,503.6,803.7,fixation
13:28:59.,502.8,803.2,fixation
13:28:59.0005,502.7,803.4,fixation
13:28:59.0010,501.8,803.6,fixation
13:28:59.0015,500.8,804.5,fixation
13:28:59.002,501.3,806.1,fixation
13:28:59.0025,502.6,807.7,fixation
13:28:59.003,504.2,807.1,fixation
13:28:59.0035,504.8,803.0,fixation
13:28:59.0040,505.6,798.9,fixation
13:28:59.0045,505.8,798.6,fixation
13:28:59.005,505.7,801.0,fixation
13:28:59.0055,504.8,803.6,fixation
13:28:59.006,504.2,804.3,fixation
13:28:59.0065,503.7,805.0,fixation
13:28:59.0070,503.3,804.2,fixation
13:28:59.0075,503.4,802.6,fixation
13:28:59.008,503.6,801.0,fixation
13:28:59.0085,504.0,801.8,fixation
13:28:59.009,504.1,803.1,fixation
13:28:59.0095,503.8,804.4,fixation
13:28:59.0100,503.7,805.2,fixation
13:28:59.0105,504.1,807.0,fixation
13:28:59.011,504.5,808.7,fixation
13:28:59.0115,504.8,808.2,fixation
13:28:59.012,504.2,805.3,fixation
13:28:59.0125,503.2,802.3,fixation
13:28:59.0130,502.2,800.9,fixation
13:28:59.0135,501.5,801.3,fixation
13:28:59.014,501.3,801.8,fixation
13:28:59.0145,501.8,802.5,fixation
13:28:59.015,502.3,802.6,fixation
13:28:59.0155,502.2,802.6,fixation
13:28:59.0160,501.7,802.5,fixation
13:28:59.0165,502.3,802.0,fixation
13:28:59.017,503.5,801.1,fixation
13:28:59.0175,504.7,800.1,fixation
13:28:59.018,504.8,800.9,fixation
13:28:59.0185,504.4,802.1,fixation
13:28:59.0190,503.9,802.9,fixation
13:28:59.0195,503.9,801.9,fixation
13:28:59.02,504.0,800.8,fixation
13:28:59.0205,503.0,799.9,fixation
13:28:59.021,501.8,799.6,fixation
13:28:59.0215,501.2,800.8,fixation
13:28:59.0220,501.7,802.1,fixation
13:28:59.0225,502.7,802.9,fixation
13:28:59.023,503.4,802.5,fixation
13:28:59.0235,504.1,802.2,fixation
13:28:59.024,504.1,803.7,fixation
13:28:59.0245,503.9,805.2,fixation
13:28:59.0250,503.9,806.4,fixation
13:28:59.0255,504.1,806.3,fixation
13:28:59.026,504.5,806.2,fixation
13:28:59.0265,504.9,806.2,fixation
13:28:59.027,504.5,804.6,fixation
13:28:59.0275,504.3,802.1,fixation
13:28:59.0280,504.1,800.3,fixation
13:28:59.0285,504.1,800.2,fixation
13:28:59.029,503.8,801.2,fixation
13:28:59.0295,503.3,801.8,fixation
13:28:59.03,503.1,802.4,fixation
13:28:59.0305,504.7,801.5,saccade
13:28:59.0310,505.7,800.7,saccade
13:28:59.0315,505.8,800.5,saccade
13:28:59.0320,506.2,801.1,saccade
13:28:59.0325,506.7,803.0,saccade
13:28:59.033,507.2,804.8,saccade
13:28:59.0335,505.8,806.1,saccade
13:28:59.034,504.3,806.9,saccade
13:28:59.0345,502.8,807.2,saccade
13:28:59.0350,502.8,807.1,saccade
13:28:59.0355,503.1,808.4,saccade
13:28:59.036,503.3,811.1,saccade
13:28:59.0365,503.5,813.7,saccade
13:28:59.037,503.4,814.5,saccade
13:28:59.0375,504.1,815.2,saccade
13:28:59.0380,504.9,817.8,saccade
13:28:59.0385,507.4,824.3,saccade
13:28:59.039,508.9,832.8,saccade
13:28:59.0395,512.8,840.6,saccade
13:28:59.04,516.4,844.5,saccade
13:28:59.0405,520.3,845.8,saccade
13:28:59.0410,521.7,847.1,saccade
13:28:59.0415,523.4,849.5,saccade
13:28:59.042,525.0,853.2,saccade
13:28:59.0425,526.5,856.5,saccade
13:28:59.043,528.2,858.8,saccade
13:28:59.0435,530.8,864.1,saccade
13:28:59.0440,533.6,868.7,saccade
13:28:59.0445,536.3,875.0,saccade
13:28:59.045,537.8,879.7,saccade
13:28:59.0455,539.5,884.7,saccade
13:28:59.046,539.2,889.3,saccade
13:28:59.0465,540.6,891.4,saccade
13:28:59.0470,542.9,893.9,saccade
13:28:59.0475,545.1,897.8,saccade
13:28:59.048,545.7,904.4,saccade
13:28:59.0485,545.4,910.2,saccade
13:28:59.049,544.8,915.4,saccade
13:28:59.0495,544.7,918.0,saccade
13:28:59.0500,544.7,920.7,saccade
13:28:59.0505,545.0,921.1,saccade
13:28:59.051,544.9,924.0,saccade
13:28:59.0515,544.6,926.9,saccade
13:28:59.052,544.6,929.8,saccade
13:28:59.0525,544.9,930.3,saccade
13:28:59.0530,544.9,930.9,saccade
13:28:59.0535,544.3,934.1,saccade
13:28:59.054,543.3,936.8,saccade
13:28:59.0545,542.9,936.2,saccade
13:28:59.055,543.0,933.0,saccade
13:28:59.0555,544.1,931.9,saccade
13:28:59.0560,544.5,935.9,fixation
13:28:59.0565,544.1,935.8,fixation
13:28:59.057,544.8,935.9,fixation
13:28:59.0575,545.6,936.1,fixation
13:28:59.058,546.4,936.4,fixation
13:28:59.0585,546.0,937.1,fixation
13:28:59.0590,545.8,937.5,fixation
13:28:59.0595,545.5,937.9,fixation
13:28:59.06,547.7,939.8,fixation
13:28:59.0605,549.8,941.4,fixation
13:28:59.061,551.9,943.0,fixation
13:28:59.0615,551.9,942.6,fixation
13:28:59.0620,551.9,941.4,fixation
13:28:59.0625,552.0,940.3,fixation
13:28:59.063,552.6,939.2,fixation
13:28:59.0635,554.3,940.2,fixation
13:28:59.064,555.9,941.0,fixation
13:28:59.0645,556.8,941.8,fixation
13:28:59.0650,557.1,941.8,fixation
13:28:59.0655,557.4,945.7,fixation
13:28:59.066,557.8,950.6,fixation
13:28:59.0665,557.6,955.3,fixation
13:28:59.067,558.5,956.6,fixation
13:28:59.0675,559.5,956.8,fixation
13:28:59.0680,560.3,957.0,fixation
13:28:59.0685,559.9,957.0,fixation
13:28:59.069,559.7,957.1,fixation
13:28:59.0695,559.6,957.0,fixation
13:28:59.07,559.7,958.1,fixation
13:28:59.0705,559.8,958.7,fixation
13:28:59.0710,559.0,958.9,fixation
13:28:59.0715,558.0,955.9,fixation
13:28:59.072,557.0,953.4,fixation
13:28:59.0725,557.1,951.3,fixation
13:28:59.073,557.5,951.3,fixation
13:28:59.0735,557.4,951.1,fixation
13:28:59.0740,556.6,949.3,fixation
13:28:59.0745,555.7,947.4,fixation
13:28:59.075,555.2,945.7,fixation
13:28:59.0755,555.1,945.7,fixation
13:28:59.076,554.9,945.8,fixation
13:28:59.0765,553.8,946.3,fixation
13:28:59.0770,552.8,947.5,fixation
13:28:59.0775,551.9,948.7,fixation
13:28:59.078,551.7,949.4,fixation
13:28:59.0785,551.6,949.4,fixation
13:28:59.079,551.9,949.4,fixation
13:28:59.0795,552.1,949.4,fixation
13:28:59.0800,552.1,949.4,fixation
13:28:59.0805,551.2,949.2,fixation
13:28:59.081,549.1,948.9,fixation
13:28:59.0815,547.5,948.8,fixation
13:28:59.082,546.9,948.4,fixation
13:28:59.0825,548.9,948.4,fixation
13:28:59.0830,550.1,950.9,fixation
13:28:59.0835,551.0,953.9,fixation
13:28:59.084,550.5,954.4,fixation
13:28:59.0845,550.4,952.2,fixation
13:28:59.085,550.1,950.0,fixation
13:28:59.0855,549.7,950.9,fixation
13:28:59.0860,549.4,951.8,fixation
13:28:59.0865,549.0,952.8,fixation
13:28:59.087,548.6,952.8,fixation
13:28:59.0875,548.2,953.3,fixation
13:28:59.088,549.5,954.7,fixation
13:28:59.0885,550.9,956.1,fixation
13:28:59.0890,551.7,956.8,fixation
13:28:59.0895,550.7,956.7,fixation
13:28:59.09,549.7,956.5,fixation
13:28:59.0905,549.7,954.5,fixation
13:28:59.091,549.9,952.6,fixation
13:28:59.0915,550.0,950.6,fixation
13:28:59.0920,550.6,949.4,fixation
13:28:59.0925,551.6,948.4,fixation
13:28:59.093,552.5,948.5,fixation
13:28:59.0935,552.9,949.7,fixation
13:28:59.094,553.2,951.0,fixation
13:28:59.0945,553.5,951.1,fixation
13:28:59.095,552.9,950.7,fixation
13:28:59.0955,552.0,950.3,fixation
13:28:59.0960,551.4,950.0,fixation
13:28:59.0965,552.1,947.8,fixation
13:28:59.097,551.7,945.4,fixation
13:28:59.0975,550.9,943.8,fixation
13:28:59.098,549.7,944.5,fixation
13:28:59.0985,549.6,945.4,fixation
13:28:59.0990,550.8,945.7,fixation
13:28:59.0995,551.8,947.1,fixation
13:28:59.1,553.8,949.0,fixation
13:28:59.1005,554.5,950.7,fixation
13:28:59.101,555.5,951.7,fixation
13:28:59.1015,555.6,952.0,fixation
13:28:59.1020,555.7,952.1,fixation
13:28:59.1025,555.5,951.8,fixation
13:28:59.103,555.6,952.1,fixation
13:28:59.1035,555.7,952.6,fixation
13:28:59.104,556.1,952.2,fixation
13:28:59.1045,556.6,949.8,fixation
13:28:59.1050,556.6,947.3,fixation
13:28:59.1055,556.1,948.3,fixation
13:28:59.106,555.0,950.9,fixation
13:28:59.1065,554.5,951.8,fixation
13:28:59.107,554.7,948.6,fixation
13:28:59.1075,555.0,944.8,fixation
13:28:59.1080,555.6,942.8,fixation
13:28:59.1085,555.8,944.8,fixation
13:28:59.109,556.6,947.5,fixation
13:28:59.1095,557.2,950.0,fixation
13:28:59.11,558.3,950.1,fixation
13:28:59.1105,558.6,950.0,fixation
13:28:59.1110,557.8,949.8,fixation
13:28:59.1115,556.5,949.4,fixation
13:28:59.112,555.2,949.2,fixation
13:28:59.1125,554.8,949.5,fixation
13:28:59.113,554.6,950.9,fixation
13:28:59.1135,553.6,952.2,fixation
13:28:59.1140,552.7,953.1,fixation
13:28:59.1145,552.7,953.3,fixation
13:28:59.115,553.4,953.5,fixation
13:28:59.1155,554.2,953.7,fixation
13:28:59.116,554.4,954.7,fixation
13:28:59.1165,555.1,955.7,fixation
13:28:59.1170,555.7,956.7,fixation
13:28:59.1175,556.0,955.6,fixation
13:28:59.118,555.5,954.3,fixation
13:28:59.1185,553.7,952.6,fixation
13:28:59.119,551.4,951.0,fixation
13:28:59.1195,549.4,949.6,fixation
13:28:59.1200,548.4,950.7,fixation
13:28:59.1205,548.6,953.7,fixation
13:28:59.121,548.9,957.4,fixation
13:28:59.1215,549.5,959.4,fixation
13:28:59.122,549.4,960.7,fixation
13:28:59.1225,549.2,961.2,fixation
13:28:59.1230,549.2,960.9,fixation
13:28:59.1235,548.4,957.5,fixation
13:28:59.124,547.5,954.3,fixation
13:28:59.1245,548.3,951.2,fixation
13:28:59.125,550.4,951.2,fixation
13:28:59.1255,552.2,952.3,fixation
13:28:59.1260,551.2,953.2,fixation
13:28:59.1265,549.7,954.3,fixation
13:28:59.127,547.8,954.2,fixation
13:28:59.1275,547.1,954.7,fixation
13:28:59.128,547.2,955.1,fixation
13:28:59.1285,548.0,955.4,fixation
13:28:59.1290,548.3,955.1,fixation
13:28:59.1295,548.4,955.2,fixation
13:28:59.13,548.4,955.9,fixation
13:28:59.1305,548.9,956.9,fixation
13:28:59.131,548.9,957.6,fixation
13:28:59.1315,548.9,957.9,fixation
13:28:59.1320,548.8,956.3,fixation
13:28:59.1325,548.5,954.3,fixation
13:28:59.133,548.0,952.8,fixation
13:28:59.1335,547.9,953.1,fixation
13:28:59.134,548.6,953.7,fixation
13:28:59.1345,549.4,953.9,fixation
13:28:59.1350,549.9,954.2,fixation
13:28:59.1355,549.7,953.2,fixation
13:28:59.136,548.5,951.8,fixation
13:28:59.1365,547.4,950.4,fixation
13:28:59.137,546.9,950.6,fixation
13:28:59.1375,547.2,951.2,fixation
13:28:59.1380,547.8,950.1,fixation
13:28:59.1385,547.6,948.1,fixation
13:28:59.139,547.6,946.1,fixation
13:28:59.1395,547.7,946.4,fixation
13:28:59.14,548.1,947.2,fixation
13:28:59.1405,548.4,948.4,fixation
13:28:59.1410,548.2,948.9,fixation
13:28:59.1415,548.3,947.8,fixation
13:28:59.142,548.2,946.5,fixation
13:28:59.1425,548.3,945.0,fixation
13:28:59.143,548.1,945.1,fixation
13:28:59.1435,547.8,946.3,fixation
13:28:59.1440,548.1,947.8,fixation
13:28:59.1445,548.3,950.1,fixation
13:28:59.145,549.6,952.0,fixation
13:28:59.1455,550.3,953.9,fixation
13:28:59.146,550.7,952.2,fixation
13:28:59.1465,550.2,949.6,fixation
13:28:59.1470,549.0,946.9,fixation
13:28:59.1475,548.3,946.7,fixation
13:28:59.148,547.0,946.3,fixation
13:28:59.1485,546.4,946.0,fixation
13:28:59.149,545.6,945.2,fixation
13:28:59.1495,545.5,944.8,fixation
13:28:59.1500,545.8,944.6,fixation
13:28:59.1505,546.5,945.0,fixation
13:28:59.151,547.3,946.0,fixation
13:28:59.1515,547.8,946.9,fixation
13:28:59.152,548.0,946.9,fixation
13:28:59.1525,548.4,945.7,fixation
13:28:59.1530,548.9,944.4,fixation
13:28:59.1535,549.0,947.7,fixation
13:28:59.154,548.9,951.5,fixation
13:28:59.1545,548.0,954.9,fixation
13:28:59.155,547.6,953.7,fixation
13:28:59.1555,547.5,952.6,fixation
13:28:59.1560,548.4,951.9,fixation
13:28:59.1565,549.1,951.4,fixation
13:28:59.1570,550.3,951.0,fixation
13:28:59.1575,551.1,951.0,fixation
13:28:59.158,551.8,951.2,fixation
13:28:59.1585,551.7,951.3,fixation
13:28:59.159,550.9,950.7,fixation
13:28:59.1595,549.5,949.8,fixation
13:28:59.1600,548.2,949.1,fixation
13:28:59.1605,547.7,949.0,fixation
13:28:59.161,548.0,947.9,fixation
13:28:59.1615,548.1,946.7,fixation
13:28:59.162,547.9,946.9,fixation
13:28:59.1625,547.9,948.4,fixation
13:28:59.1630,548.6,950.0,fixation
13:28:59.1635,549.8,948.4,fixation
13:28:59.164,550.3,946.6,fixation
13:28:59.1645,550.1,946.6,fixation
13:28:59.165,549.7,948.4,fixation
13:28:59.1655,549.4,950.0,fixation
13:28:59.1660,549.4,949.6,fixation
13:28:59.1665,549.5,949.0,fixation
13:28:59.167,549.7,947.5,fixation
13:28:59.1675,549.3,946.5,fixation
13:28:59.168,548.9,945.9,fixation
13:28:59.1685,548.1,944.9,fixation
13:28:59.1690,548.3,942.7,fixation
13:28:59.1695,548.6,940.6,fixation
13:28:59.17,550.9,940.6,fixation
13:28:59.1705,552.7,942.1,fixation
13:28:59.171,553.2,942.6,fixation
13:28:59.1715,551.8,942.3,fixation
13:28:59.1720,550.2,943.5,fixation
13:28:59.1725,549.8,945.5,fixation
13:28:59.173,549.6,947.5,fixation
13:28:59.1735,549.3,949.6,fixation
13:28:59.174,548.7,951.7,fixation
13:28:59.1745,548.3,950.4,fixation
13:28:59.1750,547.2,946.8,fixation
13:28:59.1755,546.3,943.6,fixation
13:28:59.176,546.2,944.0,fixation
13:28:59.1765,547.1,945.0,fixation
13:28:59.177,547.8,945.2,fixation
13:28:59.1775,547.9,945.3,fixation
13:28:59.1780,548.5,944.3,fixation
13:28:59.1785,549.3,943.7,fixation
13:28:59.179,548.9,943.1,fixation
13:28:59.1795,548.0,943.5,fixation
13:28:59.18,547.2,944.2,fixation
13:28:59.1805,547.1,945.7,fixation
13:28:59.1810,546.3,948.1,fixation
13:28:59.1815,545.4,950.6,fixation
13:28:59.182,545.0,952.3,fixation
13:28:59.1825,545.3,952.8,fixation
13:28:59.183,545.7,952.3,fixation
13:28:59.1835,546.0,951.5,fixation
13:28:59.1840,546.3,950.8,fixation
13:28:59.1845,545.8,950.6,fixation
13:28:59.185,545.4,951.0,fixation
13:28:59.1855,545.0,951.3,fixation
13:28:59.186,546.4,950.7,fixation
13:28:59.1865,547.6,949.7,fixation
13:28:59.1870,548.5,948.6,fixation
13:28:59.1875,548.3,949.1,fixation
13:28:59.188,548.1,949.6,fixation
13:28:59.1885,547.7,952.7,fixation
13:28:59.189,548.0,956.0,fixation
13:28:59.1895,548.3,959.1,fixation
13:28:59.1900,549.9,957.0,fixation
13:28:59.1905,550.7,954.2,fixation
13:28:59.191,549.6,948.5,fixation
13:28:59.1915,545.3,944.9,saccade
13:28:59.192,544.9,947.2,saccade
13:28:59.1925,544.5,949.9,saccade
13:28:59.1930,545.3,950.3,saccade
13:28:59.1935,546.2,950.6,saccade
13:28:59.194,547.1,950.9,saccade
13:28:59.1945,547.1,951.2,saccade
13:28:59.195,547.4,947.7,saccade
13:28:59.1955,547.6,943.8,saccade
13:28:59.1960,547.8,939.8,saccade
13:28:59.1965,547.6,939.6,saccade
13:28:59.197,547.1,939.4,saccade
13:28:59.1975,546.2,939.2,saccade
13:28:59.198,545.4,937.5,saccade
13:28:59.1985,544.8,935.9,saccade
13:28:59.1990,544.5,931.0,saccade
13:28:59.1995,543.4,926.5,saccade
13:28:59.2,542.6,922.6,saccade
13:28:59.2005,541.9,921.9,saccade
13:28:59.201,541.9,920.9,saccade
13:28:59.2015,540.5,918.9,saccade
13:28:59.2020,539.3,916.6,saccade
13:28:59.2025,538.0,913.2,saccade
13:28:59.203,538.1,910.1,saccade
13:28:59.2035,538.0,907.3,saccade
13:28:59.204,537.6,906.9,fixation
13:28:59.2045,537.8,904.4,fixation
13:28:59.2050,538.0,902.1,fixation
13:28:59.2055,538.1,901.2,fixation
13:28:59.206,537.6,902.5,fixation
13:28:59.2065,537.2,903.9,fixation
13:28:59.207,536.9,903.9,fixation
13:28:59.2075,537.5,905.7,fixation
13:28:59.2080,537.8,906.9,fixation
13:28:59.2085,538.2,908.2,fixation
13:28:59.209,538.0,907.6,fixation
13:28:59.2095,538.3,906.7,fixation
13:28:59.21,538.3,905.8,fixation
13:28:59.2105,539.1,905.0,fixation
13:28:59.2110,539.8,905.2,fixation
13:28:59.2115,540.8,905.4,fixation
13:28:59.212,541.0,905.7,fixation
13:28:59.2125,539.7,905.7,fixation
13:28:59.213,538.2,906.5,fixation
13:28:59.2135,536.7,906.4,fixation
13:28:59.2140,536.9,905.7,fixation
13:28:59.2145,537.2,903.8,fixation
13:28:59.215,537.2,902.6,fixation
13:28:59.2155,536.8,904.5,fixation
13:28:59.216,536.4,906.7,fixation
13:28:59.2165,536.4,908.5,fixation
13:28:59.2170,536.7,908.2,fixation
13:28:59.2175,536.8,909.4,fixation
13:28:59.218,536.4,911.0,fixation
13:28:59.2185,535.0,910.7,fixation
13:28:59.219,534.0,907.5,fixation
13:28:59.2195,534.0,904.4,fixation
13:28:59.22,535.3,903.7,fixation
13:28:59.2205,536.3,904.5,fixation
13:28:59.2210,536.5,905.3,fixation
13:28:59.2215,536.5,905.6,fixation
13:28:59.222,535.7,906.7,fixation
13:28:59.2225,534.8,907.7,fixation
13:28:59.223,534.0,908.0,fixation
13:28:59.2235,533.9,906.8,fixation
13:28:59.2240,533.9,905.3,fixation
13:28:59.2245,534.3,904.6,fixation
13:28:59.225,535.3,904.7,fixation
13:28:59.2255,536.2,905.3,fixation
13:28:59.226,535.7,906.1,fixation
13:28:59.2265,534.9,906.7,fixation
13:28:59.2270,534.6,907.1,fixation
13:28:59.2275,535.0,907.5,fixation
13:28:59.228,534.7,907.2,fixation
13:28:59.2285,533.8,906.7,fixation
13:28:59.229,532.6,905.3,fixation
13:28:59.2295,532.6,904.4,fixation
13:28:59.2300,533.0,903.6,fixation
13:28:59.2305,534.3,903.8,fixation
13:28:59.231,535.4,903.0,fixation
13:28:59.2315,534.3,901.9,fixation
13:28:59.232,532.5,902.2,fixation
13:28:59.2325,530.2,903.4,fixation
13:28:59.2330,529.6,905.6,fixation
13:28:59.2335,530.0,906.4,fixation
13:28:59.234,531.5,907.3,fixation
13:28:59.2345,533.1,907.3,fixation
13:28:59.235,534.3,904.2,fixation
13:28:59.2355,534.1,900.1,fixation
13:28:59.2360,534.1,896.3,fixation
13:28:59.2365,533.6,896.5,fixation
13:28:59.237,533.9,899.6,fixation
13:28:59.2375,534.1,902.7,fixation
13:28:59.238,534.2,903.7,fixation
13:28:59.2385,534.3,900.8,fixation
13:28:59.2390,534.3,897.8,fixation
13:28:59.2395,535.0,895.3,fixation
13:28:59.24,535.4,894.8,fixation
13:28:59.2405,535.4,897.1,fixation
13:28:59.241,535.0,899.9,fixation
13:28:59.2415,534.4,902.5,fixation
13:28:59.2420,534.4,902.2,fixation
13:28:59.2425,535.2,902.1,fixation
13:28:59.243,536.7,903.3,fixation
13:28:59.2435,538.3,905.1,fixation
13:28:59.244,538.9,906.7,fixation
13:28:59.2445,537.7,907.4,fixation
13:28:59.2450,536.5,907.6,fixation
13:28:59.2455,534.8,907.2,fixation
13:28:59.246,534.2,906.1,fixation
13:28:59.2465,534.0,905.3,fixation
13:28:59.247,534.9,905.5,fixation
13:28:59.2475,535.7,906.3,fixation
13:28:59.2480,536.2,906.7,fixation
13:28:59.2485,536.0,906.8,fixation
13:28:59.249,536.0,906.3,fixation
13:28:59.2495,536.3,905.9,fixation
13:28:59.25,536.8,905.4,fixation
13:28:59.2505,537.3,904.9,fixation
13:28:59.2510,537.5,904.4,fixation
13:28:59.2515,536.9,906.2,fixation
13:28:59.252,536.2,908.5,fixation
13:28:59.2525,536.8,910.9,fixation
13:28:59.253,537.8,910.9,fixation
13:28:59.2535,538.8,911.0,fixation
13:28:59.2540,538.6,911.1,fixation
13:28:59.2545,538.4,910.7,fixation
13:28:59.255,538.2,910.2,fixation
13:28:59.2555,538.0,909.6,fixation
13:28:59.256,537.7,908.3,fixation
13:28:59.2565,537.4,907.1,fixation
13:28:59.2570,537.2,905.9,fixation
13:28:59.2575,537.3,906.2,fixation
13:28:59.258,537.5,905.9,fixation
13:28:59.2585,538.0,905.8,fixation
13:28:59.259,538.5,905.6,fixation
13:28:59.2595,538.9,905.7,fixation
13:28:59.2600,538.9,905.6,fixation
13:28:59.2605,539.5,903.2,fixation
13:28:59.261,540.2,900.8,fixation
13:28:59.2615,540.7,900.0,fixation
13:28:59.262,539.7,901.4,fixation
13:28:59.2625,538.2,905.4,fixation
13:28:59.2630,537.4,908.3,fixation
13:28:59.2635,537.9,911.5,fixation
13:28:59.264,538.9,911.3,fixation
13:28:59.2645,539.0,909.9,fixation
13:28:59.265,537.8,908.3,fixation
13:28:59.2655,536.5,907.6,fixation
13:28:59.2660,537.3,908.0,fixation
13:28:59.2665,539.0,908.5,fixation
13:28:59.267,540.4,908.9,fixation
13:28:59.2675,540.3,907.8,fixation
13:28:59.268,540.8,906.3,fixation
13:28:59.2685,541.7,904.9,fixation
13:28:59.2690,542.6,903.9,fixation
13:28:59.2695,542.5,903.4,fixation
13:28:59.27,542.1,903.5,fixation
13:28:59.2705,540.5,903.9,fixation
13:28:59.271,539.1,905.3,fixation
13:28:59.2715,539.8,906.4,fixation
13:28:59.2720,541.7,907.5,fixation
13:28:59.2725,542.4,906.8,fixation
13:28:59.273,541.0,905.8,fixation
13:28:59.2735,540.9,906.3,fixation
13:28:59.274,542.3,907.8,fixation
13:28:59.2745,543.7,909.0,fixation
13:28:59.2750,543.8,908.6,fixation
13:28:59.2755,542.6,908.0,fixation
13:28:59.276,540.9,907.5,fixation
13:28:59.2765,538.9,907.2,fixation
13:28:59.277,538.3,907.1,fixation
13:28:59.2775,538.2,906.5,fixation
13:28:59.2780,538.3,906.0,fixation
13:28:59.2785,539.4,906.5,fixation
13:28:59.279,539.9,909.1,fixation
13:28:59.2795,540.0,911.7,fixation
13:28:59.28,539.2,913.1,fixation
13:28:59.2805,540.5,912.7,fixation
13:28:59.2810,542.6,909.5,fixation
13:28:59.2815,544.9,906.6,fixation
13:28:59.2820,545.4,904.8,fixation
13:28:59.2825,544.7,905.8,fixation
13:28:59.283,543.8,906.8,fixation
13:28:59.2835,543.0,906.7,fixation
13:28:59.284,541.8,906.4,fixation
13:28:59.2845,540.6,906.0,fixation
13:28:59.2850,539.6,906.5,fixation
13:28:59.2855,540.3,908.0,fixation
13:28:59.286,541.3,909.8,fixation
13:28:59.2865,541.9,910.7,fixation
13:28:59.287,542.2,911.1,fixation
13:28:59.2875,542.0,911.4,fixation
13:28:59.2880,541.7,911.7,fixation
13:28:59.2885,541.4,911.8,fixation
13:28:59.289,541.4,911.1,fixation
13:28:59.2895,541.7,910.4,fixation
13:28:59.29,542.1,909.1,fixation
13:28:59.2905,542.4,908.5,fixation
13:28:59.2910,543.5,909.4,fixation
13:28:59.2915,544.6,910.3,fixation
13:28:59.292,543.9,910.9,fixation
13:28:59.2925,542.1,911.0,fixation
13:28:59.293,540.8,911.8,fixation
13:28:59.2935,541.2,912.9,fixation
13:28:59.2940,541.9,912.9,fixation
13:28:59.2945,541.9,912.8,fixation
13:28:59.295,540.8,912.3,fixation
13:28:59.2955,540.0,910.9,fixation
13:28:59.296,540.6,910.0,fixation
13:28:59.2965,542.2,910.6,fixation
13:28:59.2970,543.4,912.7,fixation
13:28:59.2975,543.2,915.1,fixation
13:28:59.298,543.1,916.6,fixation
13:28:59.2985,543.3,917.3,fixation
13:28:59.299,543.3,917.3,fixation
13:28:59.2995,543.7,917.8,fixation
13:28:59.3000,544.0,918.4,fixation
13:28:59.3005,544.2,918.1,fixation
13:28:59.301,543.9,916.0,fixation
13:28:59.3015,543.5,913.8,fixation
13:28:59.302,542.8,914.8,fixation
13:28:59.3025,542.2,916.9,fixation
13:28:59.3030,541.8,918.9,fixation
13:28:59.3035,542.0,916.6,fixation
13:28:59.304,541.6,913.6,fixation
13:28:59.3045,541.2,910.2,fixation
13:28:59.305,540.5,907.2,fixation
13:28:59.3055,540.3,904.8,fixation
13:28:59.3060,540.2,903.2,fixation
13:28:59.3065,538.6,903.2,fixation
13:28:59.307,536.9,904.3,fixation
13:28:59.3075,536.2,904.9,fixation
13:28:59.308,537.0,905.5,fixation
13:28:59.3085,537.1,906.8,fixation
13:28:59.3090,536.3,908.7,fixation
13:28:59.3095,535.7,910.5,fixation
13:28:59.31,536.0,910.6,fixation
13:28:59.3105,537.9,910.8,fixation
13:28:59.311,539.7,911.0,fixation
13:28:59.3115,541.1,911.2,fixation
13:28:59.3120,540.9,911.4,fixation
13:28:59.3125,540.7,911.7,fixation
13:28:59.313,539.3,910.6,fixation
13:28:59.3135,537.8,909.4,fixation
13:28:59.314,536.4,908.6,fixation
13:28:59.3145,536.7,909.2,fixation
13:28:59.3150,536.9,910.0,fixation
13:28:59.3155,536.9,910.8,fixation
13:28:59.316,536.8,912.3,fixation
13:28:59.3165,536.9,913.6,fixation
13:28:59.317,537.9,914.5,fixation
13:28:59.3175,539.1,914.2,fixation
13:28:59.3180,538.9,913.7,fixation
13:28:59.3185,537.3,911.5,fixation
13:28:59.319,535.7,909.6,fixation
13:28:59.3195,534.8,907.8,fixation
13:28:59.32,534.4,907.7,fixation
13:28:59.3205,534.1,907.4,fixation
13:28:59.3210,534.0,907.1,fixation
13:28:59.3215,533.8,905.2,fixation
13:28:59.322,533.5,903.5,fixation
13:28:59.3225,534.6,904.0,fixation
13:28:59.323,535.5,906.2,fixation
13:28:59.3235,536.7,908.5,fixation
13:28:59.3240,536.8,908.5,fixation
13:28:59.3245,537.1,908.0,fixation
13:28:59.325,537.3,907.5,fixation
13:28:59.3255,537.3,907.8,fixation
13:28:59.326,536.6,909.0,fixation
13:28:59.3265,535.6,910.2,fixation
13:28:59.3270,534.9,910.5,fixation
13:28:59.3275,535.2,910.4,fixation
13:28:59.328,535.4,910.1,fixation
13:28:59.3285,535.6,909.9,fixation
13:28:59.329,534.7,909.5,fixation
13:28:59.3295,534.0,909.3,fixation
13:28:59.3300,533.4,909.1,fixation
13:28:59.3305,533.7,909.2,fixation
13:28:59.331,533.9,909.6,fixation
13:28:59.3315,534.0,910.3,fixation
13:28:59.332,534.7,911.4,fixation
13:28:59.3325,535.1,912.2,fixation
13:28:59.3330,536.0,911.7,fixation
13:28:59.3335,536.2,909.6,fixation
13:28:59.334,536.2,908.1,fixation
13:28:59.3345,536.0,907.8,fixation
13:28:59.335,536.1,907.3,fixation
13:28:59.3355,536.5,906.3,fixation
13:28:59.3360,536.9,905.3,fixation
13:28:59.3365,536.9,906.2,fixation
13:28:59.337,536.9,907.0,fixation
13:28:59.3375,537.1,906.7,fixation
13:28:59.338,537.3,905.7,fixation
13:28:59.3385,537.5,904.9,fixation
13:28:59.3390,538.3,907.7,fixation
13:28:59.3395,539.1,910.9,fixation
13:28:59.34,539.5,914.0,fixation
13:28:59.3405,538.9,914.4,fixation
13:28:59.341,538.6,913.4,fixation
13:28:59.3415,538.6,913.3,fixation
13:28:59.3420,539.1,914.1,fixation
13:28:59.3425,539.6,915.8,fixation
13:28:59.343,540.0,916.7,fixation
13:28:59.3435,540.0,915.5,fixation
13:28:59.344,540.0,914.3,fixation
13:28:59.3445,540.2,913.1,fixation
13:28:59.345,540.2,913.3,fixation
13:28:59.3455,540.3,913.6,fixation
13:28:59.3460,540.7,912.5,fixation
13:28:59.3465,541.0,911.2,fixation
13:28:59.347,541.2,909.3,fixation
13:28:59.3475,541.2,908.7,fixation
13:28:59.348,541.6,910.9,fixation
13:28:59.3485,542.1,913.7,fixation
13:28:59.3490,542.0,914.5,fixation
13:28:59.3495,541.5,912.7,fixation
13:28:59.35,541.2,911.0,fixation
13:28:59.3505,541.3,911.3,fixation
13:28:59.351,541.8,911.6,fixation
13:28:59.3515,542.2,911.8,fixation
13:28:59.3520,542.6,911.7,fixation
13:28:59.3525,542.6,911.5,fixation
13:28:59.353,542.7,911.2,fixation
13:28:59.3535,541.3,911.1,fixation
13:28:59.354,539.8,911.2,fixation
13:28:59.3545,538.3,911.7,fixation
13:28:59.3550,538.3,912.4,fixation
13:28:59.3555,538.7,912.7,fixation
13:28:59.356,540.2,912.8,fixation
13:28:59.3565,541.6,911.8,fixation
13:28:59.357,542.6,911.3,fixation
13:28:59.3575,542.6,910.7,fixation
13:28:59.3580,542.6,910.9,fixation
13:28:59.3585,541.2,910.9,fixation
13:28:59.359,539.9,910.8,fixation
13:28:59.3595,540.3,910.7,fixation
13:28:59.36,542.1,911.0,fixation
13:28:59.3605,543.8,911.4,fixation
13:28:59.3610,543.9,911.8,fixation
13:28:59.3615,543.9,912.2,fixation
13:28:59.362,543.6,912.2,fixation
13:28:59.3625,543.4,911.8,fixation
13:28:59.363,543.3,911.6,fixation
13:28:59.3635,543.5,911.5,fixation
13:28:59.3640,543.9,910.2,fixation
13:28:59.3645,544.9,909.0,fixation
13:28:59.365,545.8,908.5,fixation
13:28:59.3655,545.8,909.7,fixation
13:28:59.366,544.8,912.1,fixation
13:28:59.3665,543.6,915.5,fixation
13:28:59.3670,543.2,918.4,fixation
13:28:59.3675,543.6,916.8,fixation
13:28:59.368,543.6,913.5,fixation
13:28:59.3685,544.0,909.4,fixation
13:28:59.369,544.4,908.6,fixation
13:28:59.3695,545.3,907.9,fixation
13:28:59.3700,545.5,908.3,fixation
13:28:59.3705,545.2,909.0,fixation
13:28:59.371,545.2,908.6,fixation
13:28:59.3715,545.6,907.9,fixation
13:28:59.372,546.1,906.7,fixation
13:28:59.3725,545.2,906.5,fixation
13:28:59.3730,544.0,906.3,fixation
13:28:59.3735,543.0,906.2,fixation
13:28:59.374,543.2,908.3,fixation
13:28:59.3745,543.3,910.3,fixation
13:28:59.375,543.4,912.4,fixation
13:28:59.3755,543.3,912.4,fixation
13:28:59.3760,543.2,912.7,fixation
13:28:59.3765,543.4,913.1,fixation
13:28:59.377,543.7,912.6,fixation
13:28:59.3775,543.8,911.0,fixation
13:28:59.378,543.8,908.6,fixation
13:28:59.3785,543.5,906.7,fixation
13:28:59.3790,543.3,905.7,fixation
13:28:59.3795,542.8,905.4,fixation
13:28:59.38,542.6,905.5,fixation
13:28:59.3805,541.6,906.3,fixation
13:28:59.381,540.9,907.1,fixation
13:28:59.3815,540.7,908.8,fixation
13:28:59.3820,541.1,909.8,fixation
13:28:59.3825,541.5,911.2,fixation
13:28:59.383,541.3,911.6,fixation
13:28:59.3835,541.4,911.8,fixation
13:28:59.384,541.9,911.2,fixation
13:28:59.3845,542.7,910.9,fixation
13:28:59.3850,543.3,910.7,fixation
13:28:59.3855,543.6,910.7,fixation
13:28:59.386,543.8,909.0,fixation
13:28:59.3865,544.2,907.5,fixation
13:28:59.387,544.4,906.3,fixation
13:28:59.3875,544.0,907.5,fixation
13:28:59.3880,543.6,909.1,fixation
13:28:59.3885,543.5,910.5,fixation
13:28:59.389,542.6,910.6,fixation
13:28:59.3895,541.7,909.9,fixation
13:28:59.39,541.3,906.4,fixation
13:28:59.3905,542.1,903.4,fixation
13:28:59.3910,543.4,900.9,fixation
13:28:59.3915,543.8,901.9,fixation
13:28:59.392,543.5,902.5,fixation
13:28:59.3925,542.5,904.4,fixation
13:28:59.393,541.8,905.7,fixation
13:28:59.3935,541.3,905.7,fixation
13:28:59.3940,541.6,904.4,fixation
13:28:59.3945,542.0,907.0,fixation
13:28:59.395,542.3,910.9,fixation
13:28:59.3955,542.1,915.4,fixation
13:28:59.396,543.7,916.8,fixation
13:28:59.3965,545.3,918.2,fixation
13:28:59.3970,545.4,914.1,fixation
13:28:59.3975,543.8,909.4,fixation
13:28:59.398,543.3,905.1,fixation
13:28:59.3985,544.4,905.9,fixation
13:28:59.399,545.2,908.9,fixation
13:28:59.3995,544.8,913.1,fixation
13:28:59.4000,544.4,917.0,fixation
13:28:59.4005,544.6,915.7,fixation
13:28:59.401,545.0,912.7,fixation
13:28:59.4015,545.0,909.5,fixation
13:28:59.402,544.5,909.3,fixation
13:28:59.4025,544.0,909.3,fixation
13:28:59.4030,543.8,909.5,fixation
13:28:59.4035,543.5,910.6,fixation
13:28:59.404,543.3,911.4,fixation
13:28:59.4045,544.0,912.8,fixation
13:28:59.405,545.1,913.4,fixation
13:28:59.4055,546.1,914.0,fixation
13:28:59.4060,545.6,913.2,fixation
13:28:59.4065,544.7,912.1,fixation
13:28:59.4070,543.5,910.9,fixation
13:28:59.4075,543.2,910.5,fixation
13:28:59.408,543.2,910.0,fixation
13:28:59.4085,543.4,909.7,fixation
13:28:59.409,543.7,909.1,fixation
13:28:59.4095,542.7,908.2,fixation
13:28:59.4100,541.6,907.3,fixation
13:28:59.4105,541.2,909.8,fixation
13:28:59.411,542.1,912.8,fixation
13:28:59.4115,542.7,915.0,fixation
13:28:59.412,542.2,912.6,fixation
13:28:59.4125,541.7,910.1,fixation
13:28:59.4130,542.1,909.1,fixation
13:28:59.4135,542.6,909.6,fixation
13:28:59.414,543.4,911.6,fixation
13:28:59.4145,543.4,913.8,fixation
13:28:59.415,543.4,916.0,fixation
13:28:59.4155,543.2,916.7,fixation
13:28:59.4160,543.1,916.7,fixation
13:28:59.4165,543.4,916.8,fixation
13:28:59.417,543.7,916.8,fixation
13:28:59.4175,543.8,917.6,fixation
13:28:59.418,543.7,918.4,fixation
13:28:59.4185,542.7,917.1,fixation
13:28:59.4190,541.9,915.3,fixation
13:28:59.4195,542.5,913.8,fixation
13:28:59.42,543.9,913.9,fixation
13:28:59.4205,544.2,913.1,fixation
13:28:59.421,543.1,912.0,fixation
13:28:59.4215,541.6,911.5,fixation
13:28:59.4220,541.4,911.6,fixation
13:28:59.4225,541.2,912.7,fixation
13:28:59.423,541.4,913.8,fixation
13:28:59.4235,541.7,914.6,fixation
13:28:59.424,542.0,914.1,fixation
13:28:59.4245,542.0,913.4,fixation
13:28:59.4250,542.1,912.7,fixation
13:28:59.4255,542.3,911.1,fixation
13:28:59.426,542.1,909.6,fixation
13:28:59.4265,541.9,908.5,fixation
13:28:59.427,542.1,908.7,fixation
13:28:59.4275,542.7,908.7,fixation
13:28:59.4280,543.0,908.4,fixation
13:28:59.4285,542.6,907.9,fixation
13:28:59.429,543.7,908.3,fixation
13:28:59.4295,545.2,908.8,fixation
13:28:59.43,546.7,906.9,fixation
13:28:59.4305,546.8,904.5,fixation
13:28:59.4310,546.8,902.5,fixation
13:28:59.4315,546.9,903.5,fixation
13:28:59.432,547.3,902.8,fixation
13:28:59.4325,545.2,901.3,fixation
13:28:59.433,543.0,899.6,fixation
13:28:59.4335,541.8,900.2,fixation
13:28:59.4340,542.5,903.0,fixation
13:28:59.4345,542.9,907.2,fixation
13:28:59.435,541.9,910.8,fixation
13:28:59.4355,541.5,912.6,fixation
13:28:59.436,541.9,911.7,fixation
13:28:59.4365,542.5,910.8,fixation
13:28:59.4370,544.3,910.0,fixation
13:28:59.4375,545.3,910.1,fixation
13:28:59.438,545.9,910.0,fixation
13:28:59.4385,544.1,909.5,fixation
13:28:59.439,542.7,909.1,fixation
13:28:59.4395,541.5,908.9,fixation
13:28:59.4400,541.9,908.4,fixation
13:28:59.4405,542.4,907.3,fixation
13:28:59.441,542.8,906.1,fixation
13:28:59.4415,542.7,906.6,fixation
13:28:59.442,542.5,907.8,fixation
13:28:59.4425,543.0,909.1,fixation
13:28:59.4430,543.6,908.5,fixation
13:28:59.4435,544.3,907.9,fixation
13:28:59.444,543.8,905.7,fixation
13:28:59.4445,543.4,902.9,fixation
13:28:59.445,544.1,900.3,fixation
13:28:59.4455,545.2,899.6,fixation
13:28:59.4460,546.2,900.8,fixation
13:28:59.4465,545.9,904.1,fixation
13:28:59.447,545.7,906.9,fixation
13:28:59.4475,545.4,909.0,fixation
13:28:59.448,545.0,908.7,fixation
13:28:59.4485,544.2,911.2,fixation
13:28:59.4490,543.4,913.8,fixation
13:28:59.4495,543.2,915.9,fixation
13:28:59.45,543.4,916.6,fixation
13:28:59.4505,543.3,917.2,fixation
13:28:59.451,543.4,915.9,fixation
13:28:59.4515,543.3,913.2,fixation
13:28:59.4520,543.6,908.7,fixation
13:28:59.4525,543.4,906.7,fixation
13:28:59.453,543.0,907.3,fixation
13:28:59.4535,543.4,909.9,fixation
13:28:59.454,544.2,911.9,fixation
13:28:59.4545,545.5,911.1,fixation
13:28:59.4550,545.1,910.3,fixation
13:28:59.4555,544.4,910.1,fixation
13:28:59.456,543.8,910.3,fixation
13:28:59.4565,545.8,912.0,fixation
13:28:59.457,547.8,913.5,fixation
13:28:59.4575,549.7,911.9,fixation
13:28:59.4580,549.6,908.9,fixation
13:28:59.4585,549.0,910.2,fixation
13:28:59.459,548.3,914.6,fixation
13:28:59.4595,547.8,916.5,fixation
13:28:59.46,547.6,914.1,fixation
13:28:59.4605,547.5,912.0,fixation
13:28:59.4610,547.2,912.4,fixation
13:28:59.4615,547.6,912.8,fixation
13:28:59.462,548.0,913.0,fixation
13:28:59.4625,548.4,913.1,fixation
13:28:59.463,548.6,913.0,fixation
13:28:59.4635,548.4,912.8,fixation
13:28:59.4640,547.7,912.7,fixation
13:28:59.4645,546.7,912.2,fixation
13:28:59.465,545.3,911.1,fixation
13:28:59.4655,544.8,908.5,fixation
13:28:59.466,544.9,906.5,fixation
13:28:59.4665,545.6,905.9,fixation
13:28:59.4670,544.6,906.5,fixation
13:28:59.4675,543.3,907.2,fixation
13:28:59.468,543.9,909.8,fixation
13:28:59.4685,545.7,912.6,fixation
13:28:59.469,546.4,914.3,fixation
13:28:59.4695,544.7,913.1,fixation
13:28:59.47,543.0,911.9,fixation
13:28:59.4705,544.1,911.8,fixation
13:28:59.4710,545.9,911.8,fixation
13:28:59.4715,547.3,911.8,fixation
13:28:59.472,546.4,910.5,fixation
13:28:59.4725,545.6,909.2,fixation
13:28:59.473,545.3,908.6,fixation
13:28:59.4735,545.5,909.2,fixation
13:28:59.4740,545.5,910.1,fixation
13:28:59.4745,545.5,910.6,fixation
13:28:59.475,545.6,911.0,fixation
13:28:59.4755,546.1,911.2,fixation
13:28:59.476,546.6,911.5,fixation
13:28:59.4765,546.8,912.3,fixation
13:28:59.4770,546.5,913.0,fixation
13:28:59.4775,545.8,912.9,fixation
13:28:59.478,545.4,912.4,fixation
13:28:59.4785,545.2,912.8,fixation
13:28:59.479,545.5,913.7,fixation
13:28:59.4795,544.5,914.0,fixation
13:28:59.4800,543.1,913.6,fixation
13:28:59.4805,541.7,913.2,fixation
13:28:59.481,541.7,913.6,fixation
13:28:59.4815,541.7,914.0,fixation
13:28:59.482,541.5,914.2,fixation
13:28:59.4825,541.0,914.1,fixation
13:28:59.4830,540.6,914.0,fixation
13:28:59.4835,540.5,913.3,fixation
13:28:59.484,541.2,912.2,fixation
13:28:59.4845,541.9,911.1,fixation
13:28:59.485,541.8,912.2,fixation
13:28:59.4855,541.1,913.8,fixation
13:28:59.4860,540.5,915.5,fixation
13:28:59.4865,540.1,915.1,fixation
13:28:59.487,539.6,914.8,fixation
13:28:59.4875,539.2,914.5,fixation
13:28:59.488,539.2,914.7,fixation
13:28:59.4885,539.4,914.9,fixation
13:28:59.4890,540.1,914.4,fixation
13:28:59.4895,540.6,913.5,fixation
13:28:59.49,541.1,912.6,fixation
13:28:59.4905,541.1,912.1,fixation
13:28:59.491,541.1,911.7,fixation
13:28:59.4915,540.8,913.3,fixation
13:28:59.4920,540.4,915.1,fixation
13:28:59.4925,540.0,917.0,fixation
13:28:59.493,540.0,916.5,fixation
13:28:59.4935,539.8,915.6,fixation
13:28:59.494,539.4,914.5,fixation
13:28:59.4945,538.9,914.0,fixation
13:28:59.4950,538.2,913.8,fixation
13:28:59.4955,538.0,911.9,fixation
13:28:59.496,538.2,910.1,fixation
13:28:59.4965,538.2,908.7,fixation
13:28:59.497,537.8,909.6,fixation
13:28:59.4975,537.3,912.3,fixation
13:28:59.4980,537.2,914.5,fixation
13:28:59.4985,537.5,913.6,fixation
13:28:59.499,536.3,910.8,fixation
13:28:59.4995,535.2,907.4,fixation
13:28:59.5,535.0,906.8,fixation
13:28:59.5005,536.3,907.1,fixation
13:28:59.5010,537.4,908.5,fixation
13:28:59.5015,537.7,912.4,fixation
13:28:59.502,537.8,916.7,fixation
13:28:59.5025,537.9,920.4,fixation
13:28:59.503,537.7,921.5,fixation
13:28:59.5035,537.9,921.6,fixation
13:28:59.5040,538.5,921.6,fixation
13:28:59.5045,539.0,921.6,fixation
13:28:59.505,539.2,920.7,fixation
13:28:59.5055,539.2,919.8,fixation
13:28:59.506,539.1,919.7,fixation
13:28:59.5065,539.2,920.4,fixation
13:28:59.5070,539.4,920.0,fixation
13:28:59.5075,539.7,919.0,fixation
13:28:59.508,539.3,919.5,fixation
13:28:59.5085,537.9,921.0,fixation
13:28:59.509,536.6,923.0,fixation
13:28:59.5095,535.7,923.9,fixation
13:28:59.5100,535.7,924.9,fixation
13:28:59.5105,535.7,925.2,fixation
13:28:59.511,536.4,925.1,fixation
13:28:59.5115,537.6,925.0,saccade
13:28:59.512,538.6,925.2,saccade
13:28:59.5125,539.6,925.5,saccade
13:28:59.5130,540.7,925.7,saccade
13:28:59.5135,539.3,925.3,saccade
13:28:59.514,537.6,924.8,saccade
13:28:59.5145,535.6,924.3,saccade
13:28:59.515,534.6,923.8,saccade
13:28:59.5155,532.8,923.3,saccade
13:28:59.5160,531.4,922.6,saccade
13:28:59.5165,530.5,922.3,saccade
13:28:59.517,528.7,922.0,saccade
13:28:59.5175,526.8,922.3,saccade
13:28:59.518,524.9,922.7,saccade
13:28:59.5185,523.1,923.0,saccade
13:28:59.5190,521.0,925.4,saccade
13:28:59.5195,517.8,928.3,saccade
13:28:59.52,516.4,932.1,saccade
13:28:59.5205,515.4,933.2,saccade
13:28:59.521,512.0,933.2,saccade
13:28:59.5215,508.4,933.4,saccade
13:28:59.5220,503.3,933.4,saccade
13:28:59.5225,501.2,934.0,saccade
13:28:59.523,499.4,932.8,saccade
13:28:59.5235,498.3,931.8,saccade
13:28:59.524,496.6,930.7,saccade
13:28:59.5245,494.4,932.5,saccade
13:28:59.5250,494.0,937.0,saccade
13:28:59.5255,496.5,946.8,saccade
13:28:59.526,497.5,977.2,saccade
13:28:59.5265,499.1,1005.7,saccade
13:28:59.527,498.6,1049.1,saccade
13:28:59.5275,498.5,1079.9,saccade
13:28:59.5280,499.2,1152.8,saccade
13:28:59.5285,494.9,1235.3,saccade
13:28:59.529,488.4,1329.5,saccade
13:28:59.5295,469.8,1434.0,saccade
13:28:59.53,374.8,1552.5,saccade
13:28:59.5305,253.0,1638.3,saccade
13:28:59.5310,118.7,1692.2,saccade
13:28:59.5315,.,.,blink
13:28:59.5320,.,.,blink
13:28:59.5325,.,.,blink
13:28:59.533,.,.,blink
13:28:59.5335,.,.,blink
13:28:59.534,.,.,blink
13:28:59.5345,.,.,blink
13:28:59.5350,.,.,blink
13:28:59.5355,.,.,blink
13:28:59.536,.,.,blink
13:28:59.5365,.,.,blink
13:28:59.537,.,.,blink
13:28:59.5375,.,.,blink
13:28:59.5380,.,.,blink
13:28:59.5385,.,.,blink
13:28:59.539,.,.,blink
13:28:59.5395,.,.,blink
13:28:59.54,.,.,blink
13:28:59.5405,.,.,blink
13:28:59.5410,.,.,blink
13:28:59.5415,.,.,blink
13:28:59.542,.,.,blink
13:28:59.5425,.,.,blink
13:28:59.543,.,.,blink
13:28:59.5435,.,.,blink
13:28:59.5440,.,.,blink
13:28:59.5445,.,.,blink
13:28:59.545,.,.,blink
13:28:59.5455,.,.,blink
13:28:59.546,.,.,blink
13:28:59.5465,.,.,blink
13:28:59.5470,.,.,blink
13:28:59.5475,.,.,blink
13:28:59.548,.,.,blink
13:28:59.5485,.,.,blink
13:28:59.549,.,.,blink
13:28:59.5495,.,.,blink
13:28:59.5500,.,.,blink
13:28:59.5505,.,.,blink
13:28:59.551,.,.,blink
13:28:59.5515,.,.,blink
13:28:59.552,.,.,blink
13:28:59.5525,.,.,blink
13:28:59.5530,.,.,blink
13:28:59.5535,.,.,blink
13:28:59.554,.,.,blink
13:28:59.5545,.,.,blink
13:28:59.555,.,.,blink
13:28:59.5555,.,.,blink
13:28:59.5560,.,.,blink
13:28:59.5565,.,.,blink
13:28:59.557,.,.,blink
13:28:59.5575,.,.,blink
13:28:59.558,.,.,blink
13:28:59.5585,.,.,blink
13:28:59.5590,.,.,blink
13:28:59.5595,.,.,blink
13:28:59.56,.,.,blink
13:28:59.5605,.,.,blink
13:28:59.561,.,.,blink
13:28:59.5615,.,.,blink
13:28:59.5620,.,.,blink
13:28:59.5625,.,.,blink
13:28:59.563,.,.,blink
13:28:59.5635,.,.,blink
13:28:59.564,.,.,blink
13:28:59.5645,.,.,blink
13:28:59.5650,.,.,blink
13:28:59.5655,.,.,blink
13:28:59.566,.,.,blink
13:28:59.5665,.,.,blink
13:28:59.567,.,.,blink
13:28:59.5675,.,.,blink
13:28:59.5680,.,.,blink
13:28:59.5685,.,.,blink
13:28:59.569,.,.,blink
13:28:59.5695,.,.,blink
13:28:59.57,.,.,blink
13:28:59.5705,.,.,blink
13:28:59.5710,.,.,blink
13:28:59.5715,.,.,blink
13:28:59.572,.,.,blink
13:28:59.5725,.,.,blink
13:28:59.573,.,.,blink
13:28:59.5735,.,.,blink
13:28:59.5740,.,.,blink
13:28:59.5745,.,.,blink
13:28:59.575,.,.,blink
13:28:59.5755,.,.,blink
13:28:59.576,.,.,blink
13:28:59.5765,.,.,blink
13:28:59.5770,.,.,blink
13:28:59.5775,.,.,blink
13:28:59.578,.,.,blink
13:28:59.5785,.,.,blink
13:28:59.579,.,.,blink
13:28:59.5795,.,.,blink
13:28:59.5800,.,.,blink
13:28:59.5805,.,.,blink
13:28:59.581,.,.,blink
13:28:59.5815,.,.,blink
13:28:59.582,.,.,blink
13:28:59.5825,.,.,blink
13:28:59.5830,.,.,blink
13:28:59.5835,.,.,blink
13:28:59.584,.,.,blink
13:28:59.5845,.,.,blink
13:28:59.585,.,.,blink
13:28:59.5855,.,.,blink
13:28:59.5860,.,.,blink
13:28:59.5865,.,.,blink
13:28:59.587,.,.,blink
13:28:59.5875,.,.,blink
13:28:59.588,.,.,blink
13:28:59.5885,.,.,blink
13:28:59.5890,.,.,blink
13:28:59.5895,.,.,blink
13:28:59.59,.,.,blink
13:28:59.5905,.,.,blink
13:28:59.591,.,.,blink
13:28:59.5915,.,.,blink
13:28:59.5920,.,.,blink
13:28:59.5925,.,.,blink
13:28:59.593,.,.,blink
13:28:59.5935,.,.,blink
13:28:59.594,.,.,blink
13:28:59.5945,.,.,blink
13:28:59.595,.,.,blink
13:28:59.5955,.,.,blink
13:28:59.5960,.,.,blink
13:28:59.5965,.,.,blink
13:28:59.597,.,.,blink
13:28:59.5975,.,.,blink
13:28:59.598,.,.,blink
13:28:59.5985,.,.,blink
13:28:59.5990,.,.,blink
13:28:59.5995,.,.,blink
13:28:59.6,.,.,blink
13:28:59.6005,.,.,blink
13:28:59.601,.,.,blink
13:28:59.6015,.,.,blink
13:28:59.6020,.,.,blink
13:28:59.6025,.,.,blink
13:28:59.603,.,.,blink
13:28:59.6035,.,.,blink
13:28:59.604,.,.,blink
13:28:59.6045,.,.,blink
13:28:59.6050,.,.,blink
13:28:59.6055,.,.,blink
13:28:59.606,.,.,blink
13:28:59.6065,.,.,blink
13:28:59.607,.,.,blink
13:28:59.6075,.,.,blink
13:28:59.6080,.,.,blink
13:28:59.6085,.,.,blink
13:28:59.609,.,.,blink
13:28:59.6095,.,.,blink
13:28:59.61,.,.,blink
13:28:59.6105,.,.,blink
13:28:59.6110,.,.,blink
13:28:59.6115,.,.,blink
13:28:59.612,.,.,blink
13:28:59.6125,.,.,blink
13:28:59.613,.,.,blink
13:28:59.6135,.,.,blink
13:28:59.6140,.,.,blink
13:28:59.6145,.,.,blink
13:28:59.615,.,.,blink
13:28:59.6155,.,.,blink
13:28:59.616,.,.,blink
13:28:59.6165,.,.,blink
13:28:59.6170,.,.,blink
13:28:59.6175,.,.,blink
13:28:59.618,.,.,blink
13:28:59.6185,.,.,blink
13:28:59.619,.,.,blink
13:28:59.6195,.,.,blink
13:28:59.6200,.,.,blink
13:28:59.6205,.,.,blink
13:28:59.621,.,.,blink
13:28:59.6215,.,.,blink
13:28:59.622,.,.,blink
13:28:59.6225,.,.,blink
13:28:59.6230,.,.,blink
13:28:59.6235,.,.,blink
13:28:59.624,.,.,blink
13:28:59.6245,.,.,blink
13:28:59.625,.,.,blink
13:28:59.6255,.,.,blink
13:28:59.6260,.,.,blink
13:28:59.6265,.,.,blink
13:28:59.627,.,.,blink
13:28:59.6275,.,.,blink
13:28:59.628,.,.,blink
13:28:59.6285,.,.,blink
13:28:59.6290,.,.,blink
13:28:59.6295,.,.,blink
13:28:59.63,.,.,blink
13:28:59.6305,.,.,blink
13:28:59.631,.,.,blink
13:28:59.6315,.,.,blink
13:28:59.6320,.,.,blink
13:28:59.6325,.,.,blink
13:28:59.633,.,.,blink
13:28:59.6335,.,.,blink
13:28:59.634,.,.,blink
13:28:59.6345,.,.,blink
13:28:59.6350,.,.,blink
13:28:59.6355,.,.,blink
13:28:59.636,.,.,blink
13:28:59.6365,.,.,blink
13:28:59.637,.,.,blink
13:28:59.6375,.,.,blink
13:28:59.6380,.,.,blink
13:28:59.6385,.,.,blink
13:28:59.639,.,.,blink
13:28:59.6395,.,.,blink
13:28:59.64,.,.,blink
13:28:59.6405,.,.,blink
13:28:59.6410,.,.,blink
13:28:59.6415,.,.,blink
13:28:59.642,.,.,blink
13:28:59.6425,.,.,blink
13:28:59.643,.,.,blink
13:28:59.6435,.,.,blink
13:28:59.6440,.,.,blink
13:28:59.6445,.,.,blink
13:28:59.645,.,.,blink
13:28:59.6455,.,.,blink
13:28:59.646,.,.,blink
13:28:59.6465,.,.,blink
13:28:59.6470,.,.,blink
13:28:59.6475,.,.,blink
13:28:59.648,.,.,blink
13:28:59.6485,.,.,blink
13:28:59.649,.,.,blink
13:28:59.6495,.,.,blink
13:28:59.6500,.,.,blink
13:28:59.6505,.,.,blink
13:28:59.651,.,.,blink
13:28:59.6515,.,.,blink
13:28:59.652,.,.,blink
13:28:59.6525,.,.,blink
13:28:59.6530,.,.,blink
13:28:59.6535,.,.,blink
13:28:59.654,555.8,907.5,fixation
13:28:59.6545,556.3,907.4,fixation
13:28:59.655,557.2,910.0,fixation
13:28:59.6555,557.2,911.0,fixation
13:28:59.6560,555.9,909.5,fixation
13:28:59.6565,554.3,909.9,fixation
13:28:59.6570,554.7,912.5,fixation
13:28:59.6575,555.2,915.2,fixation
13:28:59.658,556.2,912.1,fixation
13:28:59.6585,555.6,909.4,fixation
13:28:59.659,555.5,907.0,fixation
13:28:59.6595,554.9,908.7,fixation
13:28:59.6600,554.7,910.2,fixation
13:28:59.6605,553.9,911.3,fixation
13:28:59.661,553.3,911.1,fixation
13:28:59.6615,552.2,910.2,fixation
13:28:59.662,551.6,909.3,fixation
13:28:59.6625,550.9,909.9,fixation
13:28:59.6630,551.0,910.4,fixation
13:28:59.6635,551.5,908.2,fixation
13:28:59.664,552.0,905.5,fixation
13:28:59.6645,552.0,906.3,fixation
13:28:59.665,551.5,909.7,fixation
13:28:59.6655,551.6,908.7,fixation
13:28:59.6660,552.1,904.3,fixation
13:28:59.6665,552.3,901.4,fixation
13:28:59.667,552.0,902.9,fixation
13:28:59.6675,551.8,904.2,fixation
13:28:59.668,551.9,903.7,fixation
13:28:59.6685,552.9,903.4,fixation
13:28:59.6690,553.9,903.1,fixation
13:28:59.6695,554.4,905.3,fixation
13:28:59.67,553.9,907.3,fixation
13:28:59.6705,553.2,909.3,fixation
13:28:59.671,552.7,907.5,fixation
13:28:59.6715,552.3,905.7,fixation
13:28:59.6720,551.6,908.1,fixation
13:28:59.6725,550.3,913.2,fixation
13:28:59.673,549.1,918.2,fixation
13:28:59.6735,548.3,918.8,fixation
13:28:59.674,548.2,917.4,fixation
13:28:59.6745,548.6,915.0,fixation
13:28:59.6750,549.4,913.1,fixation
13:28:59.6755,551.0,914.0,fixation
13:28:59.676,551.9,916.6,fixation
13:28:59.6765,551.8,919.1,fixation
13:28:59.677,550.7,919.7,fixation
13:28:59.6775,550.9,919.7,fixation
13:28:59.6780,552.0,919.8,fixation
13:28:59.6785,552.6,919.7,fixation
13:28:59.679,552.2,918.8,fixation
13:28:59.6795,552.0,916.8,fixation
13:28:59.68,552.0,915.8,fixation
13:28:59.6805,552.0,915.1,fixation
13:28:59.6810,551.8,915.7,fixation
13:28:59.6815,551.9,915.4,fixation
13:28:59.682,551.9,915.4,fixation
13:28:59.6825,552.0,914.2,fixation
13:28:59.683,552.1,913.0,fixation
13:28:59.6835,552.8,913.1,fixation
13:28:59.6840,553.3,914.3,fixation
13:28:59.6845,553.8,915.5,fixation
13:28:59.685,553.4,915.4,fixation
13:28:59.6855,553.4,913.4,fixation
13:28:59.686,553.8,909.5,fixation
13:28:59.6865,554.5,905.7,fixation
13:28:59.6870,554.5,904.9,fixation
13:28:59.6875,554.2,905.6,fixation
13:28:59.688,556.0,906.8,fixation
13:28:59.6885,558.2,907.0,fixation
13:28:59.689,560.0,907.6,fixation
13:28:59.6895,559.4,907.9,fixation
13:28:59.6900,558.0,908.5,fixation
13:28:59.6905,557.0,909.2,fixation
13:28:59.691,556.2,910.3,fixation
13:28:59.6915,556.8,911.1,fixation
13:28:59.692,557.5,910.5,fixation
13:28:59.6925,557.4,909.1,fixation
13:28:59.6930,556.4,909.8,fixation
13:28:59.6935,555.1,911.7,fixation
13:28:59.694,554.8,911.2,fixation
13:28:59.6945,554.7,909.2,fixation
13:28:59.695,554.9,907.8,fixation
13:28:59.6955,555.0,909.3,fixation
13:28:59.6960,555.2,910.3,fixation
13:28:59.6965,555.3,910.7,fixation
13:28:59.697,555.1,912.0,fixation
13:28:59.6975,554.9,913.2,fixation
13:28:59.698,555.7,914.7,fixation
13:28:59.6985,556.5,914.9,fixation
13:28:59.6990,557.2,915.3,fixation
13:28:59.6995,556.8,915.4,fixation
13:28:59.7,556.5,916.0,fixation
13:28:59.7005,556.3,916.6,fixation
13:28:59.701,556.2,917.7,fixation
13:28:59.7015,558.0,919.2,fixation
13:28:59.7020,559.7,921.8,fixation
13:28:59.7025,560.6,923.6,fixation
13:28:59.703,559.5,924.0,fixation
13:28:59.7035,558.5,923.3,fixation
13:28:59.704,558.5,922.0,fixation
13:28:59.7045,558.5,921.2,fixation
13:28:59.7050,559.7,920.5,fixation
13:28:59.7055,561.0,920.4,fixation
13:28:59.706,560.7,918.5,fixation
13:28:59.7065,559.1,916.6,fixation
13:28:59.707,558.5,916.0,fixation
13:28:59.7075,561.0,917.4,fixation
13:28:59.7080,563.5,918.8,fixation
13:28:59.7085,564.7,921.4,fixation
13:28:59.709,564.4,923.8,fixation
13:28:59.7095,564.3,925.3,fixation
13:28:59.71,563.6,924.3,fixation
13:28:59.7105,562.8,923.8,fixation
13:28:59.7110,561.9,924.1,fixation
13:28:59.7115,561.8,924.6,fixation
13:28:59.712,562.5,924.8,fixation
13:28:59.7125,563.1,924.9,fixation
13:28:59.713,563.7,925.5,fixation
13:28:59.7135,562.4,925.8,fixation
13:28:59.7140,562.0,922.9,fixation
13:28:59.7145,561.8,919.7,fixation
13:28:59.715,562.9,915.4,fixation
13:28:59.7155,563.1,914.2,fixation
13:28:59.716,563.4,914.8,fixation
13:28:59.7165,564.5,918.3,fixation
13:28:59.7170,565.6,921.7,fixation
13:28:59.7175,565.9,923.4,fixation
13:28:59.718,565.1,922.2,fixation
13:28:59.7185,564.5,918.8,fixation
13:28:59.719,564.4,915.5,fixation
13:28:59.7195,563.8,915.4,fixation
13:28:59.72,563.1,917.5,fixation
13:28:59.7205,562.3,919.8,fixation
13:28:59.7210,562.3,919.9,fixation
13:28:59.7215,562.0,919.2,fixation
13:28:59.722,561.8,918.5,fixation
13:28:59.7225,561.9,918.1,fixation
13:28:59.723,562.3,918.7,fixation
13:28:59.7235,562.7,919.4,fixation
13:28:59.7240,562.3,921.7,fixation
13:28:59.7245,562.3,923.9,fixation
13:28:59.725,562.4,925.9,fixation
13:28:59.7255,562.7,925.9,fixation
13:28:59.726,562.9,924.6,fixation
13:28:59.7265,563.1,923.2,fixation
13:28:59.7270,562.7,921.7,fixation
13:28:59.7275,562.2,921.8,fixation
13:28:59.728,561.7,922.1,fixation
13:28:59.7285,561.4,923.4,fixation
13:28:59.729,561.3,924.0,fixation
13:28:59.7295,561.1,924.5,fixation
13:28:59.7300,561.2,924.5,fixation
13:28:59.7305,561.5,924.7,fixation
13:28:59.731,561.6,925.0,fixation
13:28:59.7315,561.1,924.7,fixation
13:28:59.732,559.2,924.4,fixation
13:28:59.7325,557.2,924.2,fixation
13:28:59.7330,556.5,923.4,fixation
13:28:59.7335,557.4,922.8,fixation
13:28:59.734,558.2,922.2,fixation
13:28:59.7345,558.1,924.6,fixation
13:28:59.735,557.8,927.3,fixation
13:28:59.7355,558.0,930.0,fixation
13:28:59.7360,558.7,930.5,fixation
13:28:59.7365,559.3,930.4,fixation
13:28:59.737,559.5,930.1,fixation
13:28:59.7375,560.9,931.5,fixation
13:28:59.738,562.2,933.1,fixation
13:28:59.7385,563.4,934.2,fixation
13:28:59.7390,562.6,933.6,fixation
13:28:59.7395,561.7,932.6,fixation
13:28:59.74,561.2,931.7,fixation
13:28:59.7405,561.2,930.9,fixation
13:28:59.741,561.1,930.4,fixation
13:28:59.7415,560.8,930.4,fixation
13:28:59.7420,560.6,930.4,fixation
13:28:59.7425,560.3,930.3,fixation
13:28:59.743,560.0,930.3,fixation
13:28:59.7435,560.1,930.9,fixation
13:28:59.744,560.2,931.5,fixation
13:28:59.7445,560.1,931.0,fixation
13:28:59.7450,559.4,929.7,fixation
13:28:59.7455,558.9,928.6,fixation
13:28:59.746,558.7,928.9,fixation
13:28:59.7465,558.8,929.3,fixation
13:28:59.747,558.8,928.7,fixation
13:28:59.7475,558.7,927.9,fixation
13:28:59.7480,558.7,928.1,fixation
13:28:59.7485,558.6,929.0,fixation
13:28:59.749,558.2,928.8,fixation
13:28:59.7495,557.4,928.0,fixation
13:28:59.75,556.7,927.3,fixation
13:28:59.7505,556.7,926.3,fixation
13:28:59.7510,557.0,924.7,fixation
13:28:59.7515,557.5,923.1,fixation
13:28:59.752,558.1,924.4,fixation
13:28:59.7525,558.2,925.1,fixation
13:28:59.753,558.3,925.1,fixation
13:28:59.7535,558.2,923.9,fixation
13:28:59.7540,558.2,923.4,fixation
13:28:59.7545,558.3,922.9,fixation
13:28:59.755,558.2,922.1,fixation
13:28:59.7555,557.8,923.3,fixation
13:28:59.756,557.3,925.3,fixation
13:28:59.7565,556.5,925.0,fixation
13:28:59.7570,556.0,922.6,fixation
13:28:59.7575,555.6,920.5,fixation
13:28:59.758,555.9,921.0,fixation
13:28:59.7585,556.0,921.8,fixation
13:28:59.759,556.3,922.8,fixation
13:28:59.7595,556.5,923.5,fixation
13:28:59.7600,556.8,923.8,fixation
13:28:59.7605,555.9,923.7,fixation
13:28:59.761,554.7,923.7,fixation
13:28:59.7615,552.9,923.7,fixation
13:28:59.762,552.3,923.4,fixation
13:28:59.7625,552.0,923.0,fixation
13:28:59.7630,552.2,922.7,fixation
13:28:59.7635,551.6,923.1,fixation
13:28:59.764,550.7,923.6,fixation
13:28:59.7645,549.8,924.2,fixation
13:28:59.765,549.8,924.4,fixation
13:28:59.7655,549.7,922.8,fixation
13:28:59.7660,549.8,921.3,fixation
13:28:59.7665,549.8,920.6,fixation
13:28:59.767,549.8,923.2,fixation
13:28:59.7675,549.4,925.7,fixation
13:28:59.768,549.4,925.0,fixation
13:28:59.7685,549.4,922.5,fixation
13:28:59.7690,550.5,920.2,fixation
13:28:59.7695,551.2,920.4,fixation
13:28:59.77,551.8,920.7,fixation
13:28:59.7705,551.7,919.7,fixation
13:28:59.771,551.7,918.7,fixation
13:28:59.7715,552.0,917.1,fixation
13:28:59.7720,551.4,916.4,fixation
13:28:59.7725,551.0,916.7,fixation
13:28:59.773,550.4,917.7,fixation
13:28:59.7735,550.1,920.0,fixation
13:28:59.774,549.7,921.3,fixation
13:28:59.7745,549.4,922.4,fixation
13:28:59.7750,549.5,922.4,fixation
13:28:59.7755,549.5,922.4,fixation
13:28:59.776,548.6,922.2,fixation
13:28:59.7765,548.1,921.9,fixation
13:28:59.777,547.4,921.6,fixation
13:28:59.7775,547.5,921.6,fixation
13:28:59.7780,547.2,921.8,fixation
13:28:59.7785,548.4,922.9,fixation
13:28:59.779,549.7,924.0,fixation
13:28:59.7795,550.6,924.6,fixation
13:28:59.78,548.8,923.5,fixation
13:28:59.7805,547.4,920.9,fixation
13:28:59.7810,546.5,918.8,fixation
13:28:59.7815,547.0,917.8,fixation
13:28:59.7820,547.1,919.0,fixation
13:28:59.7825,547.0,920.2,fixation
13:28:59.783,546.3,919.2,fixation
13:28:59.7835,545.7,917.7,fixation
13:28:59.784,544.6,916.8,fixation
13:28:59.7845,544.2,917.4,fixation
13:28:59.7850,543.6,918.0,fixation
13:28:59.7855,543.6,917.1,fixation
13:28:59.786,544.7,916.6,fixation
13:28:59.7865,545.8,916.1,fixation
13:28:59.787,546.6,917.3,fixation
13:28:59.7875,546.1,919.1,fixation
13:28:59.7880,546.2,921.1,fixation
13:28:59.7885,546.5,922.1,fixation
13:28:59.789,546.0,921.5,fixation
13:28:59.7895,545.1,920.5,fixation
13:28:59.79,544.6,919.4,fixation
13:28:59.7905,544.9,919.1,fixation
13:28:59.7910,544.3,919.0,fixation
13:28:59.7915,543.3,919.0,fixation
13:28:59.792,542.4,920.1,fixation
13:28:59.7925,542.4,921.4,fixation
13:28:59.793,541.9,918.4,fixation
13:28:59.7935,541.5,914.3,fixation
13:28:59.7940,542.1,913.3,fixation
13:28:59.7945,543.1,919.2,fixation
13:28:59.795,544.1,925.1,fixation
13:28:59.7955,544.3,925.3,fixation
13:28:59.796,544.3,922.8,fixation
13:28:59.7965,544.3,920.2,fixation
13:28:59.7970,543.9,920.4,fixation
13:28:59.7975,544.0,920.6,fixation
13:28:59.798,544.1,920.3,fixation
13:28:59.7985,544.3,919.7,fixation
13:28:59.799,544.5,919.1,fixation
13:28:59.7995,545.2,917.2,fixation
13:28:59.8000,545.8,915.3,fixation
13:28:59.8005,546.5,912.8,fixation
13:28:59.801,546.4,912.1,fixation
13:28:59.8015,546.2,912.5,fixation
13:28:59.802,545.7,914.7,fixation
13:28:59.8025,545.4,917.1,fixation
13:28:59.8030,545.2,918.6,fixation
13:28:59.8035,545.5,918.0,fixation
13:28:59.804,545.7,917.2,fixation
13:28:59.8045,545.9,915.9,fixation
13:28:59.805,546.0,915.4,fixation
13:28:59.8055,546.5,917.3,fixation
13:28:59.8060,547.0,919.7,fixation
13:28:59.8065,547.4,922.3,fixation
13:28:59.807,547.3,922.6,fixation
13:28:59.8075,547.6,922.6,fixation
13:28:59.808,547.9,922.3,fixation
13:28:59.8085,546.4,921.5,fixation
13:28:59.8090,544.5,921.9,fixation
13:28:59.8095,542.7,922.5,fixation
13:28:59.81,543.2,922.5,fixation
13:28:59.8105,545.0,920.8,saccade
13:28:59.811,545.7,921.0,saccade
13:28:59.8115,546.2,921.1,saccade
13:28:59.8120,546.3,921.3,saccade
13:28:59.8125,545.7,921.3,saccade
13:28:59.813,545.0,921.1,saccade
13:28:59.8135,544.5,920.6,saccade
13:28:59.814,544.5,920.2,saccade
13:28:59.8145,543.7,920.5,saccade
13:28:59.8150,542.8,921.6,saccade
13:28:59.8155,542.3,922.7,saccade
13:28:59.816,543.4,921.8,saccade
13:28:59.8165,545.2,920.6,saccade
13:28:59.817,547.6,919.6,saccade
13:28:59.8175,551.1,921.0,saccade
13:28:59.8180,553.8,922.0,saccade
13:28:59.8185,556.3,922.8,saccade
13:28:59.819,561.5,923.5,saccade
13:28:59.8195,567.5,924.5,saccade
13:28:59.82,575.9,926.0,saccade
13:28:59.8205,579.8,926.8,saccade
13:28:59.8210,582.8,927.7,saccade
13:28:59.8215,586.8,928.9,saccade
13:28:59.822,593.3,930.3,saccade
13:28:59.8225,600.2,931.4,saccade
13:28:59.823,606.2,933.8,saccade
13:28:59.8235,610.9,938.0,saccade
13:28:59.8240,616.7,942.3,saccade
13:28:59.8245,619.7,944.2,saccade
13:28:59.825,622.6,944.5,saccade
13:28:59.8255,624.4,944.0,saccade
13:28:59.826,628.4,944.0,saccade
13:28:59.8265,634.6,945.3,saccade
13:28:59.8270,641.5,948.3,saccade
13:28:59.8275,646.5,950.7,saccade
13:28:59.828,649.5,952.2,saccade
13:28:59.8285,652.0,953.0,saccade
13:28:59.829,653.9,953.7,saccade
13:28:59.8295,655.8,954.7,saccade
13:28:59.8300,657.4,958.5,saccade
13:28:59.8305,660.3,962.3,saccade
13:28:59.831,661.7,964.7,saccade
13:28:59.8315,663.3,963.9,saccade
13:28:59.832,663.3,963.3,saccade
13:28:59.8325,665.1,964.2,saccade
13:28:59.8330,667.0,965.7,saccade
13:28:59.8335,668.9,966.9,saccade
13:28:59.834,669.1,968.9,saccade
13:28:59.8345,670.6,971.3,saccade
13:28:59.835,673.2,973.6,fixation
13:28:59.8355,672.9,972.3,fixation
13:28:59.8360,672.4,973.4,fixation
13:28:59.8365,672.1,974.9,fixation
13:28:59.837,671.5,976.4,fixation
13:28:59.8375,671.5,975.5,fixation
13:28:59.838,671.4,975.6,fixation
13:28:59.8385,670.3,974.4,fixation
13:28:59.8390,669.0,972.3,fixation
13:28:59.8395,668.2,970.3,fixation
13:28:59.84,670.1,969.6,fixation
13:28:59.8405,672.6,969.8,fixation
13:28:59.841,674.6,970.0,fixation
13:28:59.8415,675.7,970.3,fixation
13:28:59.8420,676.0,971.1,fixation
13:28:59.8425,675.1,971.7,fixation
13:28:59.843,673.9,972.1,fixation
13:28:59.8435,673.1,971.7,fixation
13:28:59.844,673.9,971.3,fixation
13:28:59.8445,674.8,970.3,fixation
13:28:59.845,676.0,969.2,fixation
13:28:59.8455,676.7,968.0,fixation
13:28:59.8460,676.9,969.5,fixation
13:28:59.8465,676.5,971.5,fixation
13:28:59.847,676.3,973.6,fixation
13:28:59.8475,676.4,973.9,fixation
13:28:59.848,676.6,974.1,fixation
13:28:59.8485,676.6,974.2,fixation
13:28:59.8490,677.2,974.4,fixation
13:28:59.8495,677.6,974.6,fixation
13:28:59.85,678.0,973.5,fixation
13:28:59.8505,677.6,971.7,fixation
13:28:59.851,677.0,969.8,fixation
13:28:59.8515,676.5,969.0,fixation
13:28:59.8520,676.3,969.3,fixation
13:28:59.8525,676.1,971.9,fixation
13:28:59.853,675.9,974.5,fixation
13:28:59.8535,676.1,973.8,fixation
13:28:59.854,676.6,971.0,fixation
13:28:59.8545,677.0,968.4,fixation
13:28:59.8550,676.9,968.9,fixation
13:28:59.8555,676.8,969.5,fixation
13:28:59.856,676.1,969.9,fixation
13:28:59.8565,674.7,970.0,fixation
13:28:59.857,673.3,970.0,fixation
13:28:59.8575,675.3,970.3,fixation
13:28:59.8580,677.4,973.3,fixation
13:28:59.8585,679.4,976.1,fixation
13:28:59.859,677.9,978.3,fixation
13:28:59.8595,677.4,977.7,fixation
13:28:59.86,677.0,977.2,fixation
13:28:59.8605,675.9,976.5,fixation
13:28:59.8610,674.3,977.0,fixation
13:28:59.8615,672.2,977.3,fixation
13:28:59.862,671.5,978.0,fixation
13:28:59.8625,671.7,978.1,fixation
13:28:59.863,672.4,978.5,fixation
13:28:59.8635,673.4,976.1,fixation
13:28:59.8640,673.5,973.4,fixation
13:28:59.8645,673.4,971.8,fixation
13:28:59.865,672.8,973.0,fixation
13:28:59.8655,672.4,974.4,fixation
13:28:59.866,672.3,974.7,fixation
13:28:59.8665,673.8,974.8,fixation
13:28:59.8670,675.1,974.7,fixation
13:28:59.8675,676.0,977.4,fixation
13:28:59.868,676.3,980.4,fixation
13:28:59.8685,676.5,983.3,fixation
13:28:59.869,677.1,982.0,fixation
13:28:59.8695,676.9,980.6,fixation
13:28:59.8700,676.5,979.6,fixation
13:28:59.8705,676.1,979.8,fixation
13:28:59.871,675.7,980.0,fixation
13:28:59.8715,675.3,980.2,fixation
13:28:59.872,674.5,980.5,fixation
13:28:59.8725,674.0,980.2,fixation
13:28:59.8730,673.8,978.8,fixation
13:28:59.8735,672.9,976.5,fixation
13:28:59.874,672.0,974.9,fixation
13:28:59.8745,671.1,974.0,fixation
13:28:59.875,671.7,974.2,fixation
13:28:59.8755,672.3,976.2,fixation
13:28:59.8760,672.9,978.0,fixation
13:28:59.8765,673.2,979.7,fixation
13:28:59.877,673.4,978.4,fixation
13:28:59.8775,673.4,977.1,fixation
13:28:59.878,673.4,978.3,fixation
13:28:59.8785,673.3,980.8,fixation
13:28:59.8790,673.5,980.3,fixation
13:28:59.8795,673.6,978.0,fixation
13:28:59.88,674.3,975.8,fixation
13:28:59.8805,675.2,976.6,fixation
13:28:59.881,676.4,977.4,fixation
13:28:59.8815,676.7,977.6,fixation
13:28:59.8820,675.4,977.2,fixation
13:28:59.8825,674.2,976.2,fixation
13:28:59.883,673.1,975.5,fixation
13:28:59.8835,673.3,975.5,fixation
13:28:59.884,673.7,974.8,fixation
13:28:59.8845,674.1,974.2,fixation
13:28:59.8850,674.2,974.8,fixation
13:28:59.8855,674.2,976.0,fixation
13:28:59.886,674.1,977.9,fixation
13:28:59.8865,675.0,980.4,fixation
13:28:59.887,675.8,982.9,fixation
13:28:59.8875,675.4,984.4,fixation
13:28:59.8880,674.1,983.7,fixation
13:28:59.8885,672.5,982.9,fixation
13:28:59.889,672.1,982.7,fixation
13:28:59.8895,671.8,982.0,fixation
13:28:59.89,671.9,981.4,fixation
13:28:59.8905,672.1,979.7,fixation
13:28:59.8910,671.9,978.8,fixation
13:28:59.8915,671.7,977.9,fixation
13:28:59.892,671.4,978.1,fixation
13:28:59.8925,670.9,978.1,fixation
13:28:59.893,670.7,977.8,fixation
13:28:59.8935,670.8,977.3,fixation
13:28:59.8940,671.0,976.8,fixation
13:28:59.8945,671.1,976.7,fixation
13:28:59.895,670.8,976.9,fixation
13:28:59.8955,669.9,979.3,fixation
13:28:59.896,669.1,981.9,fixation
13:28:59.8965,670.0,984.5,fixation
13:28:59.8970,671.8,985.0,fixation
13:28:59.8975,673.8,983.3,fixation
13:28:59.898,674.4,981.3,fixation
13:28:59.8985,675.0,979.5,fixation
13:28:59.899,674.3,979.6,fixation
13:28:59.8995,673.4,979.3,fixation
13:28:59.9000,672.5,978.6,fixation
13:28:59.9005,671.4,977.6,fixation
13:28:59.901,670.2,977.1,fixation
13:28:59.9015,668.6,978.7,fixation
13:28:59.902,668.2,980.5,fixation
13:28:59.9025,668.7,981.1,fixation
13:28:59.9030,669.0,979.8,fixation
13:28:59.9035,669.2,978.8,fixation
13:28:59.904,669.0,978.9,fixation
13:28:59.9045,669.5,978.5,fixation
13:28:59.905,670.4,977.9,fixation
13:28:59.9055,671.0,979.0,fixation
13:28:59.9060,671.6,980.7,fixation
13:28:59.9065,671.0,981.1,fixation
13:28:59.9070,670.3,979.8,fixation
13:28:59.9075,669.8,978.5,fixation
13:28:59.908,669.9,978.8,fixation
13:28:59.9085,670.0,979.5,fixation
13:28:59.909,669.8,980.4,fixation
13:28:59.9095,669.6,981.0,fixation
13:28:59.9100,669.3,981.7,fixation
13:28:59.9105,669.2,982.2,fixation
13:28:59.911,669.8,981.1,fixation
13:28:59.9115,670.4,980.2,fixation
13:28:59.912,671.0,979.3,fixation
13:28:59.9125,671.2,980.7,fixation
13:28:59.9130,671.3,981.7,fixation
13:28:59.9135,671.4,982.7,fixation
13:28:59.914,671.1,982.9,fixation
13:28:59.9145,670.6,983.1,fixation
13:28:59.915,669.8,983.0,fixation
13:28:59.9155,669.1,982.6,fixation
13:28:59.9160,669.4,982.2,fixation
13:28:59.9165,669.8,983.3,fixation
13:28:59.917,670.1,984.5,fixation
13:28:59.9175,669.7,985.7,fixation
13:28:59.918,669.5,985.7,fixation
13:28:59.9185,669.7,984.0,fixation
13:28:59.9190,670.0,982.5,fixation
13:28:59.9195,670.3,981.0,fixation
13:28:59.92,671.0,981.3,fixation
13:28:59.9205,671.5,981.3,fixation
13:28:59.921,670.9,980.4,fixation
13:28:59.9215,669.8,979.5,fixation
13:28:59.9220,668.6,978.7,fixation
13:28:59.9225,668.6,978.7,fixation
13:28:59.923,668.4,979.3,fixation
13:28:59.9235,668.3,979.5,fixation
13:28:59.924,668.4,979.3,fixation
13:28:59.9245,668.9,978.6,fixation
13:28:59.9250,669.0,978.2,fixation
13:28:59.9255,668.7,979.2,fixation
13:28:59.926,668.2,980.2,fixation
13:28:59.9265,668.3,978.9,fixation
13:28:59.927,668.6,976.6,fixation
13:28:59.9275,668.9,973.8,fixation
13:28:59.9280,669.1,973.2,fixation
13:28:59.9285,669.3,972.7,fixation
13:28:59.929,669.5,972.7,fixation
13:28:59.9295,668.9,974.0,fixation
13:28:59.93,668.4,976.1,fixation
13:28:59.9305,667.5,978.1,fixation
13:28:59.9310,667.1,978.6,fixation
13:28:59.9315,666.9,978.2,fixation
13:28:59.932,666.9,979.1,fixation
13:28:59.9325,666.8,980.3,fixation
13:28:59.933,666.4,981.7,fixation
13:28:59.9335,666.3,981.1,fixation
13:28:59.9340,667.4,980.5,fixation
13:28:59.9345,668.7,980.0,fixation
13:28:59.935,667.7,979.8,fixation
13:28:59.9355,665.5,979.6,fixation
13:28:59.936,664.8,979.3,fixation
13:28:59.9365,666.3,979.1,fixation
13:28:59.9370,667.8,978.7,fixation
13:28:59.9375,667.9,978.1,fixation
13:28:59.938,666.9,977.7,fixation
13:28:59.9385,665.5,977.4,fixation
13:28:59.939,664.4,974.9,fixation
13:28:59.9395,664.7,972.5,fixation
13:28:59.9400,665.5,971.6,fixation
13:28:59.9405,666.1,973.1,fixation
13:28:59.941,666.5,974.6,fixation
13:28:59.9415,666.9,974.5,fixation
13:28:59.942,666.6,977.3,fixation
13:28:59.9425,666.1,980.1,fixation
13:28:59.9430,666.0,980.5,fixation
13:28:59.9435,666.9,978.2,fixation
13:28:59.944,667.9,976.4,fixation
13:28:59.9445,668.3,977.5,fixation
13:28:59.945,668.0,978.6,fixation
13:28:59.9455,667.7,979.1,fixation
13:28:59.9460,667.5,979.3,fixation
13:28:59.9465,667.5,979.5,fixation
13:28:59.947,667.5,979.7,fixation
13:28:59.9475,665.8,976.5,fixation
13:28:59.948,664.0,973.3,fixation
13:28:59.9485,663.0,972.7,fixation
13:28:59.9490,664.2,975.8,fixation
13:28:59.9495,666.7,978.9,fixation
13:28:59.95,668.4,979.5,fixation
13:28:59.9505,669.3,980.4,fixation
13:28:59.951,668.9,981.4,fixation
13:28:59.9515,668.2,982.4,fixation
13:28:59.9520,665.5,981.6,fixation
13:28:59.9525,662.9,982.0,fixation
13:28:59.953,661.1,982.4,fixation
13:28:59.9535,662.0,983.6,fixation
13:28:59.954,665.0,983.5,fixation
13:28:59.9545,667.4,983.0,fixation
13:28:59.9550,669.2,982.9,fixation
13:28:59.9555,669.0,982.9,fixation
13:28:59.956,668.8,983.0,fixation
13:28:59.9565,668.6,983.0,fixation
13:28:59.957,668.3,983.2,fixation
13:28:59.9575,667.9,983.9,fixation
13:28:59.9580,666.7,984.8,fixation
13:28:59.9585,665.9,983.6,fixation
13:28:59.959,665.2,981.8,fixation
13:28:59.9595,664.6,980.3,fixation
13:28:59.96,663.9,980.2,fixation
13:28:59.9605,663.3,980.9,fixation
13:28:59.9610,663.5,981.4,fixation
13:28:59.9615,663.8,980.1,fixation
13:28:59.962,666.0,978.6,fixation
13:28:59.9625,668.3,977.0,fixation
13:28:59.963,670.6,977.1,fixation
13:28:59.9635,670.9,977.2,fixation
13:28:59.9640,670.2,977.3,fixation
13:28:59.9645,669.1,976.7,fixation
13:28:59.965,667.4,975.9,fixation
13:28:59.9655,666.7,974.5,fixation
13:28:59.966,666.3,973.2,fixation
13:28:59.9665,666.6,972.1,fixation
13:28:59.9670,667.7,971.7,fixation
13:28:59.9675,668.7,971.9,fixation
13:28:59.968,670.0,970.5,fixation
13:28:59.9685,670.3,968.9,fixation
13:28:59.969,670.2,969.8,fixation
13:28:59.9695,669.1,972.4,fixation
13:28:59.97,667.9,974.8,fixation
13:28:59.9705,667.1,974.6,fixation
13:28:59.9710,666.9,975.7,fixation
13:28:59.9715,666.6,976.8,fixation
13:28:59.972,666.4,978.5,fixation
13:28:59.9725,666.4,979.1,fixation
13:28:59.973,667.5,978.2,fixation
13:28:59.9735,668.7,976.7,fixation
13:28:59.9740,669.7,975.3,fixation
13:28:59.9745,669.5,975.4,fixation
13:28:59.975,669.4,975.2,fixation
13:28:59.9755,669.5,974.7,fixation
13:28:59.976,668.8,974.0,fixation
13:28:59.9765,667.7,975.4,fixation
13:28:59.9770,667.0,977.0,fixation
13:28:59.9775,667.3,979.0,fixation
13:28:59.978,668.6,979.4,fixation
13:28:59.9785,669.7,978.7,fixation
13:28:59.979,669.7,977.2,fixation
13:28:59.9795,669.0,975.6,fixation
13:28:59.9800,667.2,975.2,fixation
13:28:59.9805,666.2,975.3,fixation
13:28:59.981,665.8,974.8,fixation
13:28:59.9815,666.4,974.2,fixation
13:28:59.982,667.0,973.6,fixation
13:28:59.9825,666.6,973.6,fixation
13:28:59.9830,666.2,973.6,fixation
13:28:59.9835,665.8,973.6,fixation
13:28:59.984,666.1,972.8,fixation
13:28:59.9845,665.2,972.2,fixation
13:28:59.985,664.1,971.9,fixation
13:28:59.9855,662.7,973.1,fixation
13:28:59.9860,662.5,974.2,fixation
13:28:59.9865,662.7,974.9,fixation
13:28:59.987,663.0,976.3,fixation
13:28:59.9875,663.4,977.7,fixation
13:28:59.988,663.6,979.5,fixation
13:28:59.9885,663.7,980.0,fixation
13:28:59.9890,663.6,980.5,fixation
13:28:59.9895,663.6,977.5,fixation
13:28:59.99,663.5,974.8,fixation
13:28:59.9905,663.0,972.6,fixation
13:28:59.991,662.2,974.5,fixation
13:28:59.9915,661.6,977.0,fixation
13:28:59.9920,661.5,979.0,fixation
13:28:59.9925,661.2,978.6,fixation
13:28:59.993,661.4,977.3,fixation
13:28:59.9935,661.6,976.0,fixation
13:28:59.994,661.6,973.4,fixation
13:28:59.9945,660.9,970.7,fixation
13:28:59.9950,660.8,970.3,fixation
13:28:59.9955,661.3,973.3,fixation
13:28:59.996,661.9,976.8,fixation
13:28:59.9965,662.8,979.7,fixation
13:28:59.997,663.6,982.2,fixation
13:28:59.9975,664.4,984.2,fixation
13:28:59.9980,664.3,982.5,fixation
13:28:59.9985,664.5,980.6,fixation
13:28:59.999,664.9,978.3,fixation
13:28:59.9995,665.0,977.9,fixation
13:28:60.,665.0,977.9,fixation
13:29:0.00050,664.7,978.2,fixation
13:29:0.001,664.3,978.5,fixation
13:29:0.0015,664.0,977.8,fixation
13:29:0.002,663.9,977.1,fixation
13:29:0.0025,663.8,976.5,fixation
13:29:0.003,663.8,977.4,fixation
13:29:0.0035,663.8,980.0,fixation
13:29:0.004,663.8,982.5,fixation
13:29:0.00450,665.0,983.1,fixation
13:29:0.00499,666.2,981.6,fixation
13:29:0.00549,667.4,980.1,fixation
13:29:0.00599,667.3,979.5,fixation
13:29:0.00648,667.3,978.4,fixation
13:29:0.00698,667.4,977.3,fixation
13:29:0.00748,666.9,976.1,fixation
13:29:0.00798,666.0,976.1,fixation
13:29:0.00848,665.1,976.0,fixation
13:29:0.00898,664.8,976.0,fixation
13:29:0.00948,664.7,976.1,fixation
13:29:0.00998,665.5,976.2,fixation
13:29:0.01048,666.3,976.3,fixation
13:29:0.01098,667.0,977.7,fixation
13:29:0.01148,666.9,979.0,fixation
13:29:0.01198,666.9,980.4,fixation
13:29:0.01248,667.2,980.5,fixation
13:29:0.01298,667.3,977.4,fixation
13:29:0.01348,667.2,974.3,fixation
13:29:0.01398,667.3,971.4,fixation
13:29:0.01448,667.2,973.0,fixation
13:29:0.01498,666.7,977.2,fixation
13:29:0.01548,666.2,981.1,fixation
13:29:0.01598,665.9,982.9,fixation
13:29:0.01648,666.0,981.8,fixation
13:29:0.01698,665.4,979.9,fixation
13:29:0.01748,664.9,978.6,fixation
13:29:0.01798,664.6,978.4,fixation
13:29:0.01848,665.2,979.0,fixation
13:29:0.01898,665.5,979.4,fixation
13:29:0.01948,665.6,979.1,fixation
13:29:0.01998,665.6,978.3,fixation
13:29:0.02048,665.2,977.3,fixation
13:29:0.02098,664.9,976.4,fixation
13:29:0.02148,664.8,975.6,fixation
13:29:0.02198,664.6,975.3,fixation
13:29:0.02248,664.3,974.9,fixation
13:29:0.02298,664.2,974.3,fixation
13:29:0.02348,664.7,973.8,fixation
13:29:0.02398,665.3,973.9,fixation
13:29:0.02448,665.5,974.6,fixation
13:29:0.02498,664.2,975.1,fixation
13:29:0.02548,663.1,975.0,fixation
13:29:0.02598,662.2,975.0,fixation
13:29:0.02648,662.6,974.1,fixation
13:29:0.02698,662.4,973.3,fixation
13:29:0.02748,661.7,973.3,fixation
13:29:0.02798,661.3,974.2,fixation
13:29:0.02848,661.8,975.9,fixation
13:29:0.02898,661.7,977.1,fixation
13:29:0.02948,661.2,978.6,fixation
13:29:0.02998,660.7,979.0,fixation
13:29:0.03048,661.0,978.5,fixation
13:29:0.03098,661.2,977.7,fixation
13:29:0.03148,661.1,977.4,fixation
13:29:0.03198,661.9,978.3,fixation
13:29:0.03248,662.8,979.3,fixation
13:29:0.03298,663.5,980.6,fixation
13:29:0.03348,663.4,980.9,fixation
13:29:0.03398,663.5,981.0,fixation
13:29:0.03448,664.5,980.9,fixation
13:29:0.03498,665.3,981.4,fixation
13:29:0.03548,665.8,983.2,fixation
13:29:0.03598,665.3,985.0,fixation
13:29:0.03648,664.8,986.4,fixation
13:29:0.03698,664.8,986.6,fixation
13:29:0.03748,664.9,986.7,fixation
13:29:0.03798,665.4,986.7,fixation
13:29:0.03848,666.0,986.7,fixation
13:29:0.03898,667.2,983.5,fixation
13:29:0.03948,666.0,979.9,fixation
13:29:0.03998,664.5,977.2,fixation
13:29:0.04048,662.3,978.7,fixation
13:29:0.04098,662.2,980.3,fixation
13:29:0.04148,662.2,981.1,fixation
13:29:0.04198,663.5,980.9,fixation
13:29:0.04248,664.9,980.3,fixation
13:29:0.04298,665.3,979.8,fixation
13:29:0.04348,664.5,979.4,fixation
13:29:0.04398,663.4,979.3,fixation
13:29:0.04448,663.1,979.1,fixation
13:29:0.04498,661.8,979.1,fixation
13:29:0.04548,659.6,979.0,fixation
13:29:0.04598,655.5,977.0,fixation
13:29:0.04648,652.3,975.0,fixation
13:29:0.04698,650.4,973.4,fixation
13:29:0.04748,650.6,973.7,fixation
13:29:0.04798,651.1,974.7,fixation
13:29:0.04848,651.5,975.3,fixation
13:29:0.04898,652.4,976.9,fixation
13:29:0.04948,652.8,977.8,fixation
13:29:0.04998,653.4,974.7,fixation
13:29:0.05048,654.9,966.5,saccade
13:29:0.05098,656.3,966.2,saccade
13:29:0.05148,656.6,969.7,saccade
13:29:0.05198,655.4,973.3,saccade
13:29:0.05248,653.4,976.7,saccade
13:29:0.05298,651.8,976.4,saccade
13:29:0.05348,650.4,978.5,saccade
13:29:0.05398,649.7,980.8,saccade
13:29:0.05448,648.3,983.1,saccade
13:29:0.05498,647.4,981.4,saccade
13:29:0.05548,646.6,979.8,saccade
13:29:0.05598,644.7,976.3,saccade
13:29:0.05648,642.6,974.4,saccade
13:29:0.05698,640.7,970.9,saccade
13:29:0.05748,640.1,969.3,saccade
13:29:0.05798,639.6,967.7,saccade
13:29:0.05848,638.4,971.8,saccade
13:29:0.05898,639.4,980.5,saccade
13:29:0.05948,639.7,994.1,saccade
13:29:0.05998,640.2,1006.8,saccade
13:29:0.06048,642.1,1034.6,saccade
13:29:0.06098,643.3,1070.2,saccade
13:29:0.06148,644.9,1131.8,saccade
13:29:0.06198,639.4,1197.9,saccade
13:29:0.06248,636.2,1288.1,saccade
13:29:0.06298,614.1,1434.2,saccade
13:29:0.06348,590.5,1559.3,saccade
13:29:0.06398,462.0,1627.2,saccade
13:29:0.06448,331.1,1632.6,saccade
13:29:0.06498,186.1,1640.7,saccade
13:29:0.06548,128.3,1708.6,saccade
13:29:0.06598,85.4,1792.8,saccade
13:29:0.06648,.,.,blink
13:29:0.06698,.,.,blink
13:29:0.06748,.,.,blink
13:29:0.06798,.,.,blink
13:29:0.06848,.,.,blink
13:29:0.06898,.,.,blink
13:29:0.06948,.,.,blink
13:29:0.06998,.,.,blink
13:29:0.07048,.,.,blink
13:29:0.07098,.,.,blink
13:29:0.07148,.,.,blink
13:29:0.07198,.,.,blink
13:29:0.07248,.,.,blink
13:29:0.07298,.,.,blink
13:29:0.07348,.,.,blink
13:29:0.07398,.,.,blink
13:29:0.07448,.,.,blink
13:29:0.07498,.,.,blink
13:29:0.07548,.,.,blink
13:29:0.07598,.,.,blink
13:29:0.07648,.,.,blink
13:29:0.07698,.,.,blink
13:29:0.07748,.,.,blink
13:29:0.07798,.,.,blink
13:29:0.07848,.,.,blink
13:29:0.07898,.,.,blink
13:29:0.07948,.,.,blink
13:29:0.07998,.,.,blink
13:29:0.08048,.,.,blink
13:29:0.08098,.,.,blink
13:29:0.08148,.,.,blink
13:29:0.08198,.,.,blink
13:29:0.08248,.,.,blink
13:29:0.08298,.,.,blink
13:29:0.08348,.,.,blink
13:29:0.08398,.,.,blink
13:29:0.08448,.,.,blink
13:29:0.08498,.,.,blink
13:29:0.08548,.,.,blink
13:29:0.08598,.,.,blink
13:29:0.08648,.,.,blink
13:29:0.08698,.,.,blink
13:29:0.08748,.,.,blink
13:29:0.08798,.,.,blink
13:29:0.08848,.,.,blink
13:29:0.08898,.,.,blink
13:29:0.08948,.,.,blink
13:29:0.08998,.,.,blink
13:29:0.09048,.,.,blink
13:29:0.09098,.,.,blink
13:29:0.09148,.,.,blink
13:29:0.09198,.,.,blink
13:29:0.09248,.,.,blink
13:29:0.09298,.,.,blink
13:29:0.09348,.,.,blink
13:29:0.09398,.,.,blink
13:29:0.09448,.,.,blink
13:29:0.09498,.,.,blink
13:29:0.09548,.,.,blink
13:29:0.09598,.,.,blink
13:29:0.09648,.,.,blink
13:29:0.09698,.,.,blink
13:29:0.09748,.,.,blink
13:29:0.09798,.,.,blink
13:29:0.09848,.,.,blink
13:29:0.09898,.,.,blink
13:29:0.09948,.,.,blink
13:29:0.09998,.,.,blink
13:29:0.10048,.,.,blink
13:29:0.10098,.,.,blink
13:29:0.10148,.,.,blink
13:29:0.10198,.,.,blink
13:29:0.10248,.,.,blink
13:29:0.10298,.,.,blink
13:29:0.10348,.,.,blink
13:29:0.10398,.,.,blink
13:29:0.10448,.,.,blink
13:29:0.10498,.,.,blink
13:29:0.10548,.,.,blink
13:29:0.10598,.,.,blink
13:29:0.10648,.,.,blink
13:29:0.10698,.,.,blink
13:29:0.10748,.,.,blink
13:29:0.10798,.,.,blink
13:29:0.10848,.,.,blink
13:29:0.10898,.,.,blink
13:29:0.10948,.,.,blink
13:29:0.10998,.,.,blink
13:29:0.11048,.,.,blink
13:29:0.11098,.,.,blink
13:29:0.11148,.,.,blink
13:29:0.11198,.,.,blink
13:29:0.11248,.,.,blink
13:29:0.11298,.,.,blink
13:29:0.11348,.,.,blink
13:29:0.11398,.,.,blink
13:29:0.11448,.,.,blink
13:29:0.11498,.,.,blink
13:29:0.11548,.,.,blink
13:29:0.11598,.,.,blink
13:29:0.11648,.,.,blink
13:29:0.11698,.,.,blink
13:29:0.11748,.,.,blink
13:29:0.11798,.,.,blink
13:29:0.11848,.,.,blink
13:29:0.11898,.,.,blink
13:29:0.11948,.,.,blink
13:29:0.11998,.,.,blink
13:29:0.12048,.,.,blink
13:29:0.12098,.,.,blink
13:29:0.12148,.,.,blink
13:29:0.12198,.,.,blink
13:29:0.12248,.,.,blink
13:29:0.12298,.,.,blink
13:29:0.12348,.,.,blink
13:29:0.12398,.,.,blink
13:29:0.12448,.,.,blink
13:29:0.12498,.,.,blink
13:29:0.12547,.,.,blink
13:29:0.12597,.,.,blink
13:29:0.12647,.,.,blink
13:29:0.12697,.,.,blink
13:29:0.12747,.,.,blink
13:29:0.12797,.,.,blink
13:29:0.12847,.,.,blink
13:29:0.12897,.,.,blink
13:29:0.12947,.,.,blink
13:29:0.12997,.,.,blink
13:29:0.13047,.,.,blink
13:29:0.13097,.,.,blink
13:29:0.13147,.,.,blink
13:29:0.13197,.,.,blink
13:29:0.13247,.,.,blink
13:29:0.13297,.,.,blink
13:29:0.13347,.,.,blink
13:29:0.13397,.,.,blink
13:29:0.13447,.,.,blink
13:29:0.13497,.,.,blink
13:29:0.13547,.,.,blink
13:29:0.13597,.,.,blink
13:29:0.13647,.,.,blink
13:29:0.13697,.,.,blink
13:29:0.13747,.,.,blink
13:29:0.13797,.,.,blink
13:29:0.13847,.,.,blink
13:29:0.13897,.,.,blink
13:29:0.13947,.,.,blink
13:29:0.13997,.,.,blink
13:29:0.14047,.,.,blink
13:29:0.14097,.,.,blink
13:29:0.14147,.,.,blink
13:29:0.14197,.,.,blink
13:29:0.14247,.,.,blink
13:29:0.14297,.,.,blink
13:29:0.14347,.,.,blink
13:29:0.14397,.,.,blink
13:29:0.14447,.,.,blink
13:29:0.14497,.,.,blink
13:29:0.14547,.,.,blink
13:29:0.14597,.,.,blink
13:29:0.14647,.,.,blink
13:29:0.14697,.,.,blink
13:29:0.14747,.,.,blink
13:29:0.14797,.,.,blink
13:29:0.14847,.,.,blink
13:29:0.14897,.,.,blink
13:29:0.14947,.,.,blink
13:29:0.14997,.,.,blink
13:29:0.15047,.,.,blink
13:29:0.15097,.,.,blink
13:29:0.15147,.,.,blink
13:29:0.15197,.,.,blink
13:29:0.15247,.,.,blink
13:29:0.15297,.,.,blink
13:29:0.15347,.,.,blink
13:29:0.15397,.,.,blink
13:29:0.15447,.,.,blink
13:29:0.15497,.,.,blink
13:29:0.15547,.,.,blink
13:29:0.15597,.,.,blink
13:29:0.15647,.,.,blink
13:29:0.15697,.,.,blink
13:29:0.15747,.,.,blink
13:29:0.15797,.,.,blink
13:29:0.15847,.,.,blink
13:29:0.15897,.,.,blink
13:29:0.15947,.,.,blink
13:29:0.15997,.,.,blink
13:29:0.16047,.,.,blink
13:29:0.16097,.,.,blink
13:29:0.16147,.,.,blink
13:29:0.16197,.,.,blink
13:29:0.16247,.,.,blink
13:29:0.16297,.,.,blink
13:29:0.16347,.,.,blink
13:29:0.16397,.,.,blink
13:29:0.16447,.,.,blink
13:29:0.16497,.,.,blink
13:29:0.16547,.,.,blink
13:29:0.16597,.,.,blink
13:29:0.16647,.,.,blink
13:29:0.16697,.,.,blink
13:29:0.16747,.,.,blink
13:29:0.16797,.,.,blink
13:29:0.16847,.,.,blink
13:29:0.16897,.,.,blink
13:29:0.16947,.,.,blink
13:29:0.16997,.,.,blink
13:29:0.17047,.,.,blink
13:29:0.17097,.,.,blink
13:29:0.17147,.,.,blink
13:29:0.17197,.,.,blink
13:29:0.17247,.,.,blink
13:29:0.17297,.,.,blink
13:29:0.17347,.,.,blink
13:29:0.17397,.,.,blink
13:29:0.17447,.,.,blink
13:29:0.17497,.,.,blink
13:29:0.17547,.,.,blink
13:29:0.17597,.,.,blink
13:29:0.17647,.,.,blink
13:29:0.17697,.,.,blink
13:29:0.17747,.,.,blink
13:29:0.17797,.,.,blink
13:29:0.17847,.,.,blink
13:29:0.17897,.,.,blink
13:29:0.17947,.,.,blink
13:29:0.17997,.,.,blink
13:29:0.18047,.,.,blink
13:29:0.18097,.,.,blink
13:29:0.18147,.,.,blink
13:29:0.18197,.,.,blink
13:29:0.18247,.,.,blink
13:29:0.18297,.,.,blink
13:29:0.18347,.,.,blink
13:29:0.18397,.,.,blink
13:29:0.18447,.,.,blink
13:29:0.18497,.,.,blink
13:29:0.18547,.,.,blink
13:29:0.18597,.,.,blink
13:29:0.18647,.,.,blink
13:29:0.18697,.,.,blink
13:29:0.18747,.,.,blink
13:29:0.18797,.,.,blink
13:29:0.18847,.,.,blink
13:29:0.18897,.,.,blink
13:29:0.18947,.,.,blink
13:29:0.18997,.,.,blink
13:29:0.19047,.,.,blink
13:29:0.19097,.,.,blink
13:29:0.19147,.,.,blink
13:29:0.19197,.,.,blink
13:29:0.19247,.,.,blink
13:29:0.19297,.,.,blink
13:29:0.19347,.,.,blink
13:29:0.19397,.,.,blink
13:29:0.19447,.,.,blink
13:29:0.19497,.,.,blink
13:29:0.19547,.,.,blink
13:29:0.19597,.,.,blink
13:29:0.19647,.,.,blink
13:29:0.19697,.,.,blink
13:29:0.19747,.,.,blink
13:29:0.19797,.,.,blink
13:29:0.19847,.,.,blink
13:29:0.19897,.,.,blink
13:29:0.19947,.,.,blink
13:29:0.19997,.,.,blink
13:29:0.20047,.,.,blink
13:29:0.20097,.,.,blink
13:29:0.20147,.,.,blink
13:29:0.20197,.,.,blink
13:29:0.20247,.,.,blink
13:29:0.20297,.,.,blink
13:29:0.20347,.,.,blink
13:29:0.20397,.,.,blink
13:29:0.20447,.,.,blink
13:29:0.20497,.,.,blink
13:29:0.20547,.,.,blink
13:29:0.20597,.,.,blink
13:29:0.20647,.,.,blink
13:29:0.20697,.,.,blink
13:29:0.20747,.,.,blink
13:29:0.20797,.,.,blink
13:29:0.20847,.,.,blink
13:29:0.20897,.,.,blink
13:29:0.20947,.,.,blink
13:29:0.20997,.,.,blink
13:29:0.21047,.,.,blink
13:29:0.21097,.,.,blink
13:29:0.21147,.,.,blink
13:29:0.21197,.,.,blink
13:29:0.21247,.,.,blink
13:29:0.21297,.,.,blink
13:29:0.21347,.,.,blink
13:29:0.21397,.,.,blink
13:29:0.21447,.,.,blink
13:29:0.21497,.,.,blink
13:29:0.21547,.,.,blink
13:29:0.21597,.,.,blink
13:29:0.21647,.,.,blink
13:29:0.21697,.,.,blink
13:29:0.21747,.,.,blink
13:29:0.21797,.,.,blink
13:29:0.21847,.,.,blink
13:29:0.21897,.,.,blink
13:29:0.21947,.,.,blink
13:29:0.21997,.,.,blink
13:29:0.22047,.,.,blink
13:29:0.22097,.,.,blink
13:29:0.22147,.,.,blink
13:29:0.22197,.,.,blink
13:29:0.22247,.,.,blink
13:29:0.22297,.,.,blink
13:29:0.22347,.,.,blink
13:29:0.22397,.,.,blink
13:29:0.22447,.,.,blink
13:29:0.22497,.,.,blink
13:29:0.22547,.,.,blink
13:29:0.22597,.,.,blink
13:29:0.22647,.,.,blink
13:29:0.22697,.,.,blink
13:29:0.22747,.,.,blink
13:29:0.22797,.,.,blink
13:29:0.22847,.,.,blink
13:29:0.22897,.,.,blink
13:29:0.22947,.,.,blink
13:29:0.22997,.,.,blink
13:29:0.23047,.,.,blink
13:29:0.23097,.,.,blink
13:29:0.23147,.,.,blink
13:29:0.23197,.,.,blink
13:29:0.23247,.,.,blink
13:29:0.23297,.,.,blink
13:29:0.23347,.,.,blink
13:29:0.23397,.,.,blink
13:29:0.23447,.,.,blink
13:29:0.23497,.,.,blink
13:29:0.23547,.,.,blink
13:29:0.23597,.,.,blink
13:29:0.23647,.,.,blink
13:29:0.23697,.,.,blink
13:29:0.23747,.,.,blink
13:29:0.23797,.,.,blink
13:29:0.23847,.,.,blink
13:29:0.23897,.,.,blink
13:29:0.23947,.,.,blink
13:29:0.23997,.,.,blink
13:29:0.24047,.,.,blink
13:29:0.24097,.,.,blink
13:29:0.24147,.,.,blink
13:29:0.24197,.,.,blink
13:29:0.24247,.,.,blink
13:29:0.24297,.,.,blink
13:29:0.24347,.,.,blink
13:29:0.24397,.,.,blink
13:29:0.24447,.,.,blink
13:29:0.24497,.,.,blink
13:29:0.24547,.,.,blink
13:29:0.24597,.,.,blink
13:29:0.24647,.,.,blink
13:29:0.24697,.,.,blink
13:29:0.24747,.,.,blink
13:29:0.24797,.,.,blink
13:29:0.24847,.,.,blink
13:29:0.24897,.,.,blink
13:29:0.24947,.,.,blink
13:29:0.24997,.,.,blink
13:29:0.25046,.,.,blink
13:29:0.25096,522.3,946.6,fixation
13:29:0.25146,523.2,948.4,fixation
13:29:0.25196,524.1,950.2,fixation
13:29:0.25246,525.8,947.4,fixation
13:29:0.25296,526.7,942.8,fixation
13:29:0.25346,527.4,940.5,fixation
13:29:0.25396,528.4,943.8,fixation
13:29:0.25446,529.4,946.9,fixation
13:29:0.25496,530.0,947.5,fixation
13:29:0.25546,529.4,947.1,fixation
13:29:0.25596,528.7,946.8,fixation
13:29:0.25646,529.0,944.4,fixation
13:29:0.25696,529.6,942.1,fixation
13:29:0.25746,530.3,939.8,fixation
13:29:0.25796,530.7,939.9,fixation
13:29:0.25846,530.4,941.1,fixation
13:29:0.25896,529.8,943.6,fixation
13:29:0.25946,529.3,946.0,fixation
13:29:0.25996,529.2,947.2,fixation
13:29:0.26046,529.6,947.2,fixation
13:29:0.26096,530.2,947.4,fixation
13:29:0.26146,530.5,947.6,fixation
13:29:0.26196,530.6,947.2,fixation
13:29:0.26246,530.2,945.8,fixation
13:29:0.26296,529.9,944.5,fixation
13:29:0.26346,530.1,943.9,fixation
13:29:0.26396,530.9,944.1,fixation
13:29:0.26446,532.0,943.1,fixation
13:29:0.26496,532.0,942.3,fixation
13:29:0.26546,531.7,941.9,fixation
13:29:0.26596,531.0,942.1,fixation
13:29:0.26646,530.8,941.9,fixation
13:29:0.26696,531.0,941.1,fixation
13:29:0.26746,531.7,940.9,fixation
13:29:0.26796,532.3,941.4,fixation
13:29:0.26846,532.6,943.0,fixation
13:29:0.26896,532.6,944.5,fixation
13:29:0.26946,532.3,944.1,fixation
13:29:0.26996,532.0,943.0,fixation
13:29:0.27046,531.6,942.0,fixation
13:29:0.27096,531.9,941.9,fixation
13:29:0.27146,532.5,940.0,fixation
13:29:0.27196,533.1,938.0,fixation
13:29:0.27246,533.6,935.0,fixation
13:29:0.27296,534.1,934.0,fixation
13:29:0.27346,534.1,936.7,fixation
13:29:0.27396,533.8,940.4,fixation
13:29:0.27446,532.9,943.9,fixation
13:29:0.27496,532.8,943.9,fixation
13:29:0.27546,533.0,944.4,fixation
13:29:0.27596,534.1,945.2,fixation
13:29:0.27646,535.0,945.6,fixation
13:29:0.27696,535.1,945.7,fixation
13:29:0.27746,534.1,945.7,fixation
13:29:0.27796,533.2,945.4,fixation
13:29:0.27846,532.8,945.3,fixation
13:29:0.27896,532.6,945.1,fixation
13:29:0.27946,532.5,944.2,fixation
13:29:0.27996,532.3,943.2,fixation
13:29:0.28046,533.3,942.8,fixation
13:29:0.28096,534.1,943.4,fixation
13:29:0.28146,534.9,944.0,fixation
13:29:0.28196,534.9,944.0,fixation
13:29:0.28246,534.9,943.7,fixation
13:29:0.28296,534.9,943.4,fixation
13:29:0.28346,534.2,942.9,fixation
13:29:0.28396,533.6,942.5,fixation
13:29:0.28446,533.0,941.7,fixation
13:29:0.28496,533.2,940.7,fixation
13:29:0.28546,533.3,938.6,fixation
13:29:0.28596,533.3,936.7,fixation
13:29:0.28646,532.8,937.7,fixation
13:29:0.28696,532.8,940.3,fixation
13:29:0.28746,532.9,942.3,fixation
13:29:0.28796,533.6,942.0,fixation
13:29:0.28846,533.7,942.8,fixation
13:29:0.28896,533.7,944.0,fixation
13:29:0.28946,533.5,944.3,fixation
13:29:0.28996,533.4,943.3,fixation
13:29:0.29046,533.4,942.3,fixation
13:29:0.29096,533.2,941.2,fixation
13:29:0.29146,533.2,940.2,fixation
13:29:0.29196,533.2,939.4,fixation
13:29:0.29246,533.3,939.5,fixation
13:29:0.29296,533.7,938.5,fixation
13:29:0.29346,533.7,937.1,fixation
13:29:0.29396,533.9,935.7,fixation
13:29:0.29446,533.5,937.7,fixation
13:29:0.29496,533.3,940.0,fixation
13:29:0.29546,533.1,941.7,fixation
13:29:0.29596,533.4,941.4,fixation
13:29:0.29646,533.6,940.9,fixation
13:29:0.29696,533.8,940.6,fixation
13:29:0.29746,533.8,940.0,fixation
13:29:0.29796,533.0,939.1,fixation
13:29:0.29846,532.1,938.5,fixation
13:29:0.29896,530.7,940.3,fixation
13:29:0.29946,530.3,942.3,fixation
13:29:0.29996,529.9,943.6,fixation
13:29:0.30046,530.3,943.0,fixation
13:29:0.30096,530.9,942.5,fixation
13:29:0.30146,531.5,942.6,fixation
13:29:0.30196,531.7,942.7,fixation
13:29:0.30246,531.7,942.7,fixation
13:29:0.30296,531.6,942.6,fixation
13:29:0.30346,531.5,942.5,fixation
13:29:0.30396,531.5,942.3,fixation
13:29:0.30446,531.5,942.0,fixation
13:29:0.30496,531.6,941.6,fixation
13:29:0.30546,531.7,941.8,fixation
13:29:0.30596,531.7,942.0,fixation
13:29:0.30646,532.2,941.5,fixation
13:29:0.30696,533.2,938.7,fixation
13:29:0.30746,534.4,936.0,fixation
13:29:0.30796,535.4,934.2,fixation
13:29:0.30846,536.0,934.2,fixation
13:29:0.30896,536.2,935.2,fixation
13:29:0.30946,536.0,937.3,fixation
13:29:0.30996,535.7,939.3,fixation
13:29:0.31046,535.6,940.6,fixation
13:29:0.31096,535.6,940.7,fixation
13:29:0.31146,535.4,941.6,fixation
13:29:0.31196,536.2,942.3,fixation
13:29:0.31246,537.0,942.9,fixation
13:29:0.31296,537.7,943.2,fixation
13:29:0.31346,537.5,943.4,fixation
13:29:0.31396,537.8,943.6,fixation
13:29:0.31446,538.5,942.0,fixation
13:29:0.31496,539.1,940.5,fixation
13:29:0.31546,539.2,940.1,fixation
13:29:0.31596,538.7,942.6,fixation
13:29:0.31646,538.1,945.1,fixation
13:29:0.31696,537.1,945.8,fixation
13:29:0.31746,536.5,945.1,fixation
13:29:0.31796,535.6,944.3,fixation
13:29:0.31846,535.4,942.5,fixation
13:29:0.31896,535.2,940.7,fixation
13:29:0.31946,536.2,940.6,fixation
13:29:0.31996,537.1,942.2,fixation
13:29:0.32046,538.2,944.3,fixation
13:29:0.32096,538.2,944.8,fixation
13:29:0.32146,538.3,944.8,fixation
13:29:0.32196,538.4,944.5,fixation
13:29:0.32246,539.0,944.5,fixation
13:29:0.32296,540.0,944.7,fixation
13:29:0.32346,541.0,944.7,fixation
13:29:0.32396,541.2,945.5,fixation
13:29:0.32446,541.5,946.5,fixation
13:29:0.32496,541.9,946.8,fixation
13:29:0.32546,542.3,946.1,fixation
13:29:0.32596,542.0,945.4,fixation
13:29:0.32646,541.8,945.3,fixation
13:29:0.32696,541.6,946.2,fixation
13:29:0.32746,542.1,947.2,fixation
13:29:0.32796,542.7,946.9,fixation
13:29:0.32846,543.1,945.8,fixation
13:29:0.32896,542.4,946.5,fixation
13:29:0.32946,540.0,948.2,fixation
13:29:0.32996,537.6,950.6,fixation
13:29:0.33046,537.0,952.3,fixation
13:29:0.33096,538.1,954.3,fixation
13:29:0.33146,539.3,954.7,fixation
13:29:0.33196,539.5,953.4,fixation
13:29:0.33246,539.7,951.6,fixation
13:29:0.33296,540.0,950.6,fixation
13:29:0.33346,540.3,949.6,fixation
13:29:0.33396,539.1,948.9,fixation
13:29:0.33446,537.9,948.4,fixation
13:29:0.33496,536.6,949.6,fixation
13:29:0.33546,537.5,951.2,fixation
13:29:0.33596,537.9,954.2,fixation
13:29:0.33646,538.2,955.7,fixation
13:29:0.33696,538.1,955.5,fixation
13:29:0.33746,536.8,953.6,fixation
13:29:0.33796,535.4,951.8,fixation
13:29:0.33846,534.6,951.7,fixation
13:29:0.33896,535.6,951.1,fixation
13:29:0.33946,534.8,950.2,fixation
13:29:0.33996,533.1,949.2,fixation
13:29:0.34046,532.6,949.1,fixation
13:29:0.34096,534.0,948.6,fixation
13:29:0.34146,535.0,948.2,fixation
13:29:0.34196,534.8,947.8,fixation
13:29:0.34246,534.3,949.1,fixation
13:29:0.34296,534.1,950.2,fixation
13:29:0.34346,533.8,951.7,fixation
13:29:0.34396,533.6,952.4,fixation
13:29:0.34446,532.1,952.8,fixation
13:29:0.34496,530.8,952.7,fixation
13:29:0.34546,530.6,954.2,fixation
13:29:0.34596,531.7,956.0,fixation
13:29:0.34646,532.1,955.6,fixation
13:29:0.34696,531.6,953.5,fixation
13:29:0.34746,531.3,952.4,fixation
13:29:0.34796,531.8,952.8,fixation
13:29:0.34846,532.1,953.1,fixation
13:29:0.34896,531.8,952.5,fixation
13:29:0.34946,531.3,952.8,fixation
13:29:0.34996,530.5,953.5,fixation
13:29:0.35046,529.8,954.2,fixation
13:29:0.35096,529.1,954.5,fixation
13:29:0.35146,529.0,954.6,fixation
13:29:0.35196,529.7,954.4,fixation
13:29:0.35246,530.5,954.4,fixation
13:29:0.35296,530.5,954.4,fixation
13:29:0.35346,530.0,952.6,fixation
13:29:0.35396,529.6,950.8,fixation
13:29:0.35446,529.9,949.0,fixation
13:29:0.35496,529.9,948.9,fixation
13:29:0.35546,530.0,949.4,fixation
13:29:0.35596,530.0,950.3,fixation
13:29:0.35646,529.9,951.4,fixation
13:29:0.35696,529.9,953.0,fixation
13:29:0.35746,529.8,954.2,fixation
13:29:0.35796,529.4,953.8,fixation
13:29:0.35846,529.1,951.8,fixation
13:29:0.35896,528.8,949.8,fixation
13:29:0.35946,528.3,949.3,fixation
13:29:0.35996,527.8,949.2,fixation
13:29:0.36046,526.8,949.3,fixation
13:29:0.36096,526.4,949.8,fixation
13:29:0.36146,526.6,951.2,fixation
13:29:0.36196,527.1,952.3,fixation
13:29:0.36246,526.8,953.2,fixation
13:29:0.36296,525.8,953.2,fixation
13:29:0.36346,526.0,953.4,fixation
13:29:0.36396,527.0,953.6,fixation
13:29:0.36446,527.8,953.9,fixation
13:29:0.36496,527.0,954.1,fixation
13:29:0.36546,526.0,956.2,fixation
13:29:0.36596,526.2,958.3,fixation
13:29:0.36646,527.0,960.2,fixation
13:29:0.36696,528.1,958.4,fixation
13:29:0.36746,527.9,956.7,fixation
13:29:0.36796,527.6,955.1,fixation
13:29:0.36846,527.4,955.3,fixation
13:29:0.36896,527.4,955.3,fixation
13:29:0.36946,527.7,956.5,fixation
13:29:0.36996,527.8,957.3,fixation
13:29:0.37046,527.7,958.1,fixation
13:29:0.37096,527.7,959.2,fixation
13:29:0.37146,528.7,960.9,fixation
13:29:0.37196,529.8,961.9,fixation
13:29:0.37246,529.9,961.3,fixation
13:29:0.37296,528.8,961.7,fixation
13:29:0.37346,528.6,963.2,fixation
13:29:0.37396,529.5,964.9,fixation
13:29:0.37446,530.4,965.3,fixation
13:29:0.37496,530.2,965.4,fixation
13:29:0.37546,530.0,965.4,fixation
13:29:0.37596,530.8,967.1,fixation
13:29:0.37646,531.6,968.7,fixation
13:29:0.37696,532.5,970.0,fixation
13:29:0.37746,532.4,969.5,fixation
13:29:0.37796,532.2,969.0,fixation
13:29:0.37846,532.0,969.0,fixation
13:29:0.37896,531.3,967.7,fixation
13:29:0.37946,530.8,966.2,fixation
13:29:0.37996,530.3,964.7,fixation
13:29:0.38046,530.0,966.6,fixation
13:29:0.38096,529.8,968.8,fixation
13:29:0.38146,529.8,969.8,fixation
13:29:0.38196,530.2,968.8,fixation
13:29:0.38246,530.5,968.5,fixation
13:29:0.38296,530.5,969.3,fixation
13:29:0.38346,530.5,970.2,fixation
13:29:0.38396,530.3,970.2,fixation
13:29:0.38446,530.2,970.2,fixation
13:29:0.38496,530.1,970.1,fixation
13:29:0.38546,530.2,970.1,fixation
13:29:0.38596,530.4,969.2,fixation
13:29:0.38646,530.9,968.4,fixation
13:29:0.38696,531.1,968.8,fixation
13:29:0.38746,532.4,970.1,fixation
13:29:0.38796,533.4,971.2,fixation
13:29:0.38846,534.3,972.0,fixation
13:29:0.38896,533.9,973.6,fixation
13:29:0.38946,534.1,975.3,fixation
13:29:0.38996,534.7,975.2,fixation
13:29:0.39046,535.3,974.3,fixation
13:29:0.39096,535.1,972.9,fixation
13:29:0.39146,534.7,972.5,fixation
13:29:0.39196,534.6,972.4,fixation
13:29:0.39246,534.7,972.7,fixation
13:29:0.39296,534.0,972.7,fixation
13:29:0.39346,533.4,972.2,fixation
13:29:0.39396,533.0,970.7,fixation
13:29:0.39446,533.2,969.4,fixation
13:29:0.39496,533.7,968.2,fixation
13:29:0.39546,534.3,969.2,fixation
13:29:0.39596,534.9,970.4,fixation
13:29:0.39646,534.6,971.5,fixation
13:29:0.39696,534.0,970.8,fixation
13:29:0.39746,535.3,970.4,fixation
13:29:0.39796,537.2,970.2,fixation
13:29:0.39846,538.7,970.7,fixation
13:29:0.39896,538.4,970.9,fixation
13:29:0.39946,537.9,971.0,fixation
13:29:0.39996,537.8,971.0,fixation
13:29:0.40046,537.8,971.4,fixation
13:29:0.40096,537.8,972.2,fixation
13:29:0.40146,537.9,973.0,fixation
13:29:0.40196,537.9,974.3,fixation
13:29:0.40246,538.1,974.6,fixation
13:29:0.40296,538.7,974.9,fixation
13:29:0.40346,539.3,975.6,fixation
13:29:0.40396,539.9,977.1,fixation
13:29:0.40446,540.1,978.5,fixation
13:29:0.40496,540.3,978.3,fixation
13:29:0.40546,541.2,978.3,fixation
13:29:0.40596,542.1,978.5,fixation
13:29:0.40646,541.6,978.5,fixation
13:29:0.40696,540.1,978.3,fixation
13:29:0.40746,539.4,979.5,fixation
13:29:0.40796,540.2,981.0,fixation
13:29:0.40846,541.1,981.3,fixation
13:29:0.40896,541.2,980.1,fixation
13:29:0.40946,541.4,978.8,fixation
13:29:0.40996,541.5,978.1,fixation
13:29:0.41046,541.5,976.9,fixation
13:29:0.41096,541.8,975.7,fixation
13:29:0.41146,542.0,975.3,fixation
13:29:0.41196,542.2,975.3,fixation
13:29:0.41246,541.7,977.5,fixation
13:29:0.41296,541.2,979.7,fixation
13:29:0.41346,540.7,981.9,fixation
13:29:0.41396,540.7,981.7,fixation
13:29:0.41446,540.4,981.4,fixation
13:29:0.41496,540.3,979.1,fixation
13:29:0.41546,540.1,976.9,fixation
13:29:0.41596,539.9,976.2,fixation
13:29:0.41646,539.9,973.9,saccade
13:29:0.41696,540.3,969.5,saccade
13:29:0.41746,540.8,965.5,saccade
13:29:0.41796,540.4,967.8,saccade
13:29:0.41846,540.1,969.6,saccade
13:29:0.41896,539.8,970.9,saccade
13:29:0.41946,539.2,970.4,saccade
13:29:0.41996,538.5,969.6,saccade
13:29:0.42046,537.3,968.9,saccade
13:29:0.42096,536.3,968.8,saccade
13:29:0.42146,535.1,969.0,saccade
13:29:0.42196,534.1,969.3,saccade
13:29:0.42246,533.5,969.2,saccade
13:29:0.42296,533.0,969.4,saccade
13:29:0.42346,532.4,970.7,saccade
13:29:0.42396,531.2,972.9,saccade
13:29:0.42446,529.1,979.5,saccade
13:29:0.42496,527.3,984.9,saccade
13:29:0.42546,524.6,990.0,saccade
13:29:0.42596,521.8,994.2,saccade
13:29:0.42646,518.3,1003.8,saccade
13:29:0.42696,515.7,1018.0,saccade
13:29:0.42746,512.8,1036.2,saccade
13:29:0.42796,509.5,1055.5,saccade
13:29:0.42846,504.8,1070.9,saccade
13:29:0.42896,501.2,1078.8,saccade
13:29:0.42946,502.0,1060.4,saccade
13:29:0.42996,505.0,1039.4,saccade
13:29:0.43046,508.3,1017.3,saccade
13:29:0.43096,510.6,1015.3,saccade
13:29:0.43146,512.2,1014.3,saccade
13:29:0.43196,513.6,1014.6,saccade
13:29:0.43246,528.2,1113.8,saccade
13:29:0.43296,541.2,1245.8,saccade
13:29:0.43346,552.6,1381.9,saccade
13:29:0.43396,555.2,1374.9,saccade
13:29:0.43446,559.9,1357.3,saccade
13:29:0.43496,562.2,1358.8,saccade
13:29:0.43546,467.0,1464.2,saccade
13:29:0.43596,355.5,1543.3,saccade
13:29:0.43646,244.8,1615.2,saccade
13:29:0.43696,225.4,1627.1,saccade
13:29:0.43746,210.4,1638.8,saccade
13:29:0.43796,196.0,1636.2,saccade
13:29:0.43846,174.5,1668.6,saccade
13:29:0.43896,163.5,1712.6,saccade
13:29:0.43946,154.5,1759.4,saccade
13:29:0.43996,181.6,1794.1,saccade
13:29:0.44046,205.5,1843.4,saccade
13:29:0.44096,206.6,1895.6,saccade
13:29:0.44146,175.9,1936.3,saccade
13:29:0.44196,149.6,1956.0,saccade
13:29:0.44246,.,.,blink
13:29:0.44296,.,.,blink
13:29:0.44346,.,.,blink
13:29:0.44396,.,.,blink
13:29:0.44446,.,.,blink
13:29:0.44496,.,.,blink
13:29:0.44546,.,.,blink
13:29:0.44596,.,.,blink
13:29:0.44646,.,.,blink
13:29:0.44696,.,.,blink
13:29:0.44746,.,.,blink
13:29:0.44796,.,.,blink
13:29:0.44846,.,.,blink
13:29:0.44896,.,.,blink
13:29:0.44946,.,.,blink
13:29:0.44996,.,.,blink
13:29:0.45046,.,.,blink
13:29:0.45096,.,.,blink
13:29:0.45146,.,.,blink
13:29:0.45196,.,.,blink
13:29:0.45246,.,.,blink
13:29:0.45296,.,.,blink
13:29:0.45346,.,.,blink
13:29:0.45396,.,.,blink
13:29:0.45446,.,.,blink
13:29:0.45496,.,.,blink
13:29:0.45546,.,.,blink
13:29:0.45596,.,.,blink
13:29:0.45646,.,.,blink
13:29:0.45696,.,.,blink
13:29:0.45746,.,.,blink
13:29:0.45796,.,.,blink
13:29:0.45846,.,.,blink
13:29:0.45896,.,.,blink
13:29:0.45946,.,.,blink
13:29:0.45996,.,.,blink
13:29:0.46046,.,.,blink
13:29:0.46096,.,.,blink
13:29:0.46146,.,.,blink
13:29:0.46196,.,.,blink
13:29:0.46246,.,.,blink
13:29:0.46296,.,.,blink
13:29:0.46346,.,.,blink
13:29:0.46396,.,.,blink
13:29:0.46446,.,.,blink
13:29:0.46496,.,.,blink
13:29:0.46546,.,.,blink
13:29:0.46596,.,.,blink
13:29:0.46646,.,.,blink
13:29:0.46696,.,.,blink
13:29:0.46746,.,.,blink
13:29:0.46796,.,.,blink
13:29:0.46846,.,.,blink
13:29:0.46896,.,.,blink
13:29:0.46946,.,.,blink
13:29:0.46996,.,.,blink
13:29:0.47046,.,.,blink
13:29:0.47096,.,.,blink
13:29:0.47146,.,.,blink
13:29:0.47196,.,.,blink
13:29:0.47246,.,.,blink
13:29:0.47296,.,.,blink
13:29:0.47346,.,.,blink
13:29:0.47396,.,.,blink
13:29:0.47446,.,.,blink
13:29:0.47496,.,.,blink
13:29:0.47546,.,.,blink
13:29:0.47596,.,.,blink
13:29:0.47646,.,.,blink
13:29:0.47696,.,.,blink
13:29:0.47746,.,.,blink
13:29:0.47796,.,.,blink
13:29:0.47846,.,.,blink
13:29:0.47896,.,.,blink
13:29:0.47946,.,.,blink
13:29:0.47996,.,.,blink
13:29:0.48046,.,.,blink
13:29:0.48096,.,.,blink
13:29:0.48146,.,.,blink
13:29:0.48196,.,.,blink
13:29:0.48246,.,.,blink
13:29:0.48296,.,.,blink
13:29:0.48346,.,.,blink
13:29:0.48396,.,.,blink
13:29:0.48446,.,.,blink
13:29:0.48496,.,.,blink
13:29:0.48546,.,.,blink
13:29:0.48596,.,.,blink
13:29:0.48646,.,.,blink
13:29:0.48696,.,.,blink
13:29:0.48746,.,.,blink
13:29:0.48796,.,.,blink
13:29:0.48846,.,.,blink
13:29:0.48896,.,.,blink
13:29:0.48946,.,.,blink
13:29:0.48996,.,.,blink
13:29:0.49046,.,.,blink
13:29:0.49096,.,.,blink
13:29:0.49146,.,.,blink
13:29:0.49196,.,.,blink
13:29:0.49246,.,.,blink
13:29:0.49296,.,.,blink
13:29:0.49346,.,.,blink
13:29:0.49396,.,.,blink
13:29:0.49446,.,.,blink
13:29:0.49496,.,.,blink
13:29:0.49546,.,.,blink
13:29:0.49596,.,.,blink
13:29:0.49646,.,.,blink
13:29:0.49696,.,.,blink
13:29:0.49746,.,.,blink
13:29:0.49796,.,.,blink
13:29:0.49846,.,.,blink
13:29:0.49896,.,.,blink
13:29:0.49946,.,.,blink
13:29:0.49996,.,.,blink
13:29:0.50046,.,.,blink
13:29:0.50096,.,.,blink
13:29:0.50145,.,.,blink
13:29:0.50194,.,.,blink
13:29:0.50244,.,.,blink
13:29:0.50293,.,.,blink
13:29:0.50342,.,.,blink
13:29:0.50391,.,.,blink
13:29:0.50440,.,.,blink
13:29:0.50489,.,.,blink
13:29:0.50538,.,.,blink
13:29:0.50588,.,.,blink
13:29:0.50637,.,.,blink
13:29:0.50686,.,.,blink
13:29:0.50735,.,.,blink
13:29:0.50784,.,.,blink
13:29:0.50833,.,.,blink
13:29:0.50882,.,.,blink
13:29:0.50932,.,.,blink
13:29:0.50981,.,.,blink
13:29:0.51030,.,.,blink
13:29:0.51079,.,.,blink
13:29:0.51128,.,.,blink
13:29:0.51177,.,.,blink
13:29:0.51226,.,.,blink
13:29:0.51276,.,.,blink
13:29:0.51325,.,.,blink
13:29:0.51374,.,.,blink
13:29:0.51423,.,.,blink
13:29:0.51472,.,.,blink
13:29:0.51521,.,.,blink
13:29:0.51570,.,.,blink
13:29:0.5162,.,.,blink
13:29:0.51669,.,.,blink
13:29:0.51718,.,.,blink
13:29:0.51767,.,.,blink
13:29:0.51816,.,.,blink
13:29:0.51865,.,.,blink
13:29:0.51915,.,.,blink
13:29:0.51965,.,.,blink
13:29:0.52014,.,.,blink
13:29:0.52064,.,.,blink
13:29:0.52113,.,.,blink
13:29:0.52162,.,.,blink
13:29:0.52211,.,.,blink
13:29:0.52260,.,.,blink
13:29:0.52309,.,.,blink
13:29:0.52359,.,.,blink
13:29:0.52409,.,.,blink
13:29:0.52458,.,.,blink
13:29:0.52508,.,.,blink
13:29:0.52557,.,.,blink
13:29:0.52606,.,.,blink
13:29:0.52655,.,.,blink
13:29:0.52704,.,.,blink
13:29:0.52753,.,.,blink
13:29:0.52803,.,.,blink
13:29:0.52852,.,.,blink
13:29:0.52901,.,.,blink
13:29:0.52950,.,.,blink
13:29:0.52999,.,.,blink
13:29:0.53048,.,.,blink
13:29:0.53097,.,.,blink
13:29:0.53147,.,.,blink
13:29:0.53196,.,.,blink
13:29:0.53245,.,.,blink
13:29:0.53294,.,.,blink
13:29:0.53343,.,.,blink
13:29:0.53392,.,.,blink
13:29:0.53441,.,.,blink
13:29:0.53491,.,.,blink
13:29:0.53540,.,.,blink
13:29:0.53589,.,.,blink
13:29:0.53638,.,.,blink
13:29:0.53687,.,.,blink
13:29:0.53736,.,.,blink
13:29:0.53785,.,.,blink
13:29:0.53835,.,.,blink
13:29:0.53884,.,.,blink
13:29:0.53933,.,.,blink
13:29:0.53982,.,.,blink
13:29:0.54031,.,.,blink
13:29:0.54080,.,.,blink
13:29:0.54129,.,.,blink
13:29:0.54179,.,.,blink
13:29:0.54228,.,.,blink
13:29:0.54277,.,.,blink
13:29:0.54326,.,.,blink
13:29:0.54375,.,.,blink
13:29:0.54424,.,.,blink
13:29:0.54473,.,.,blink
13:29:0.54523,.,.,blink
13:29:0.54572,.,.,blink
13:29:0.54621,.,.,blink
13:29:0.54670,.,.,blink
13:29:0.54719,.,.,blink
13:29:0.54768,.,.,blink
13:29:0.54817,.,.,blink
13:29:0.54867,.,.,blink
13:29:0.54916,.,.,blink
13:29:0.54965,.,.,blink
13:29:0.55014,.,.,blink
13:29:0.55063,.,.,blink
13:29:0.55112,.,.,blink
13:29:0.55162,.,.,blink
13:29:0.55211,.,.,blink
13:29:0.55260,.,.,blink
13:29:0.55309,.,.,blink
13:29:0.55358,.,.,blink
13:29:0.55407,.,.,blink
13:29:0.55456,.,.,blink
13:29:0.55506,.,.,blink
13:29:0.55555,.,.,blink
13:29:0.55604,.,.,blink
13:29:0.55653,.,.,blink
13:29:0.55702,.,.,blink
13:29:0.55751,.,.,blink
13:29:0.55800,.,.,blink
13:29:0.5585,.,.,blink
13:29:0.55899,.,.,blink
13:29:0.55948,.,.,blink
13:29:0.55997,.,.,blink
13:29:0.56046,.,.,blink
13:29:0.56095,.,.,blink
13:29:0.56144,.,.,blink
13:29:0.56194,.,.,blink
13:29:0.56243,.,.,blink
13:29:0.56292,.,.,blink
13:29:0.56341,.,.,blink
13:29:0.56390,.,.,blink
13:29:0.56439,.,.,blink
13:29:0.56488,.,.,blink
13:29:0.56538,.,.,blink
13:29:0.56587,535.4,883.8,fixation
13:29:0.56636,534.5,886.6,fixation
13:29:0.56685,533.9,886.6,fixation
13:29:0.56734,533.2,886.5,fixation
13:29:0.56783,532.5,887.2,fixation
13:29:0.56832,531.8,887.8,fixation
13:29:0.56882,531.7,888.5,fixation
13:29:0.56931,531.8,888.5,fixation
13:29:0.56980,531.7,888.1,fixation
13:29:0.57029,531.6,887.7,fixation
13:29:0.57078,532.0,888.2,fixation
13:29:0.57127,532.8,889.1,fixation
13:29:0.57176,533.6,889.8,fixation
13:29:0.57226,533.1,889.2,fixation
13:29:0.57275,532.3,888.0,fixation
13:29:0.57324,531.6,886.5,fixation
13:29:0.57373,530.8,883.9,fixation
13:29:0.57422,529.8,882.0,fixation
13:29:0.57471,529.5,882.7,fixation
13:29:0.57521,530.2,884.8,fixation
13:29:0.57570,531.1,884.8,fixation
13:29:0.57619,531.5,882.6,fixation
13:29:0.57668,532.1,879.7,fixation
13:29:0.57717,532.5,878.3,fixation
13:29:0.57766,532.3,875.4,fixation
13:29:0.57815,532.2,872.8,fixation
13:29:0.57865,531.9,870.9,fixation
13:29:0.57914,531.7,872.3,fixation
13:29:0.57963,531.4,874.1,fixation
13:29:0.58012,531.2,875.8,fixation
13:29:0.58061,531.2,875.6,fixation
13:29:0.58110,531.6,876.7,fixation
13:29:0.58159,532.9,878.1,fixation
13:29:0.58209,533.9,879.1,fixation
13:29:0.58258,534.7,878.8,fixation
13:29:0.58307,534.3,878.8,fixation
13:29:0.58356,534.1,879.4,fixation
13:29:0.58405,533.4,882.2,fixation
13:29:0.58454,532.6,884.7,fixation
13:29:0.58503,532.3,884.7,fixation
13:29:0.58553,532.4,882.6,fixation
13:29:0.58602,533.7,880.3,fixation
13:29:0.58651,534.7,880.1,fixation
13:29:0.58700,534.5,879.8,fixation
13:29:0.58749,533.3,880.3,fixation
13:29:0.58798,531.7,880.7,fixation
13:29:0.58847,531.1,881.3,fixation
13:29:0.58897,530.6,880.5,fixation
13:29:0.58946,530.6,879.7,fixation
13:29:0.58995,531.0,879.0,fixation
13:29:0.59044,531.3,879.0,fixation
13:29:0.59093,531.6,877.8,fixation
13:29:0.59142,531.8,876.5,fixation
13:29:0.59191,532.3,876.0,fixation
13:29:0.59241,533.2,876.3,fixation
13:29:0.59290,534.0,876.9,fixation
13:29:0.59339,533.6,876.8,fixation
13:29:0.59388,532.7,876.8,fixation
13:29:0.59437,532.1,876.6,fixation
13:29:0.59486,532.5,876.8,fixation
13:29:0.59536,534.3,877.2,fixation
13:29:0.59586,536.0,877.7,fixation
13:29:0.59635,536.4,879.0,fixation
13:29:0.59685,535.3,880.5,fixation
13:29:0.59734,534.4,882.4,fixation
13:29:0.59783,534.5,883.0,fixation
13:29:0.59832,533.2,882.7,fixation
13:29:0.59881,531.4,881.6,fixation
13:29:0.59930,529.7,880.2,fixation
13:29:0.5998,529.6,879.7,fixation
13:29:0.6003,530.1,879.5,fixation
13:29:0.60079,531.2,879.7,fixation
13:29:0.60129,532.2,878.8,fixation
13:29:0.60178,532.8,877.7,fixation
13:29:0.60227,532.9,876.8,fixation
13:29:0.60276,532.7,877.2,fixation
13:29:0.60325,532.6,877.9,fixation
13:29:0.60374,532.3,878.7,fixation
13:29:0.60424,531.3,881.5,fixation
13:29:0.60473,529.3,888.5,saccade
13:29:0.60522,528.9,889.7,saccade
13:29:0.60571,529.3,889.8,saccade
13:29:0.60620,529.8,890.0,saccade
13:29:0.60669,530.0,890.1,saccade
13:29:0.60718,529.4,890.3,saccade
13:29:0.60768,528.8,890.5,saccade
13:29:0.60817,528.4,890.4,saccade
13:29:0.60866,528.3,890.1,saccade
13:29:0.60915,528.2,890.1,saccade
13:29:0.60964,527.2,889.8,saccade
13:29:0.61013,526.2,889.4,saccade
13:29:0.61062,524.9,890.9,saccade
13:29:0.61112,522.6,892.6,saccade
13:29:0.61161,520.0,896.1,saccade
13:29:0.61210,518.3,899.5,saccade
13:29:0.61259,518.7,902.8,saccade
13:29:0.61308,518.8,904.3,saccade
13:29:0.61357,518.1,905.5,saccade
13:29:0.61406,516.6,911.6,saccade
13:29:0.61456,515.2,919.7,saccade
13:29:0.61505,513.7,931.7,saccade
13:29:0.61554,512.0,945.2,saccade
13:29:0.61603,509.9,961.5,saccade
13:29:0.61652,507.2,978.7,saccade
13:29:0.61701,505.5,990.0,saccade
13:29:0.61750,505.6,985.5,saccade
13:29:0.618,506.7,974.5,saccade
13:29:0.61849,508.8,970.2,saccade
13:29:0.61898,508.7,984.5,saccade
13:29:0.61947,511.8,1009.9,saccade
13:29:0.61996,516.1,1042.9,saccade
13:29:0.62045,521.5,1069.6,saccade
13:29:0.62094,522.6,1090.5,saccade
13:29:0.62144,521.7,1091.7,saccade
13:29:0.62193,520.9,1091.7,saccade
13:29:0.62242,513.9,1129.0,saccade
13:29:0.62291,370.5,1206.5,saccade
13:29:0.62340,224.2,1290.1,saccade
13:29:0.62389,78.8,1360.1,saccade
13:29:0.62438,48.8,1394.3,saccade
13:29:0.62488,13.7,1428.8,saccade
13:29:0.62537,-11.6,1433.0,saccade
13:29:0.62586,-24.1,1478.2,saccade
13:29:0.62635,-33.9,1585.9,saccade
13:29:0.62684,-47.1,1702.9,saccade
13:29:0.62733,-55.2,1787.2,saccade
13:29:0.62783,-67.5,1805.3,saccade
13:29:0.62832,-84.5,1832.1,saccade
13:29:0.62881,-117.3,1865.9,saccade
13:29:0.62930,.,.,blink
13:29:0.62979,.,.,blink
13:29:0.63028,.,.,blink
13:29:0.63077,.,.,blink
13:29:0.63127,.,.,blink
13:29:0.63176,.,.,blink
13:29:0.63225,.,.,blink
13:29:0.63274,.,.,blink
13:29:0.63323,.,.,blink
13:29:0.63372,.,.,blink
13:29:0.63421,.,.,blink
13:29:0.63471,.,.,blink
13:29:0.63520,.,.,blink
13:29:0.63569,.,.,blink
13:29:0.63618,.,.,blink
13:29:0.63667,.,.,blink
13:29:0.63716,.,.,blink
13:29:0.63765,.,.,blink
13:29:0.63815,.,.,blink
13:29:0.63864,.,.,blink
13:29:0.63913,.,.,blink
13:29:0.63962,.,.,blink
13:29:0.64011,.,.,blink
13:29:0.64060,.,.,blink
13:29:0.64109,.,.,blink
13:29:0.64159,.,.,blink
13:29:0.64208,.,.,blink
13:29:0.64257,.,.,blink
13:29:0.64306,.,.,blink
13:29:0.64355,.,.,blink
13:29:0.64404,.,.,blink
13:29:0.64453,.,.,blink
13:29:0.64503,.,.,blink
13:29:0.64552,.,.,blink
13:29:0.64601,.,.,blink
13:29:0.64650,.,.,blink
13:29:0.64699,.,.,blink
13:29:0.64748,.,.,blink
13:29:0.64798,.,.,blink
13:29:0.64848,.,.,blink
13:29:0.64897,.,.,blink
13:29:0.64947,.,.,blink
13:29:0.64996,.,.,blink
13:29:0.65045,.,.,blink
13:29:0.65094,.,.,blink
13:29:0.65143,.,.,blink
13:29:0.65192,.,.,blink
13:29:0.65242,.,.,blink
13:29:0.65292,.,.,blink
13:29:0.65341,.,.,blink
13:29:0.65391,.,.,blink
13:29:0.65440,.,.,blink
13:29:0.65489,.,.,blink
13:29:0.65538,.,.,blink
13:29:0.65587,.,.,blink
13:29:0.65636,.,.,blink
13:29:0.65686,.,.,blink
13:29:0.65735,.,.,blink
13:29:0.65784,.,.,blink
13:29:0.65833,.,.,blink
13:29:0.65882,.,.,blink
13:29:0.65931,.,.,blink
13:29:0.65980,.,.,blink
13:29:0.6603,.,.,blink
13:29:0.66079,.,.,blink
13:29:0.66128,.,.,blink
13:29:0.66177,.,.,blink
13:29:0.66226,.,.,blink
13:29:0.66275,.,.,blink
13:29:0.66324,.,.,blink
13:29:0.66374,.,.,blink
13:29:0.66423,.,.,blink
13:29:0.66472,.,.,blink
13:29:0.66521,.,.,blink
13:29:0.66570,.,.,blink
13:29:0.66619,.,.,blink
13:29:0.66668,.,.,blink
13:29:0.66718,.,.,blink
13:29:0.66767,.,.,blink
13:29:0.66816,.,.,blink
13:29:0.66865,.,.,blink
13:29:0.66914,.,.,blink
13:29:0.66963,.,.,blink
13:29:0.67012,.,.,blink
13:29:0.67062,.,.,blink
13:29:0.67111,.,.,blink
13:29:0.67160,.,.,blink
13:29:0.67209,.,.,blink
13:29:0.67258,.,.,blink
13:29:0.67307,.,.,blink
13:29:0.67356,.,.,blink
13:29:0.67406,.,.,blink
13:29:0.67455,.,.,blink
13:29:0.67504,.,.,blink
13:29:0.67553,.,.,blink
13:29:0.67602,.,.,blink
13:29:0.67651,.,.,blink
13:29:0.67700,.,.,blink
13:29:0.6775,.,.,blink
13:29:0.67799,.,.,blink
13:29:0.67848,.,.,blink
13:29:0.67897,.,.,blink
13:29:0.67946,.,.,blink
13:29:0.67995,.,.,blink
13:29:0.68045,.,.,blink
13:29:0.68094,.,.,blink
13:29:0.68143,.,.,blink
13:29:0.68192,.,.,blink
13:29:0.68241,.,.,blink
13:29:0.68290,.,.,blink
13:29:0.68339,.,.,blink
13:29:0.68389,.,.,blink
13:29:0.68438,.,.,blink
13:29:0.68487,.,.,blink
13:29:0.68536,.,.,blink
13:29:0.68585,.,.,blink
13:29:0.68634,.,.,blink
13:29:0.68683,.,.,blink
13:29:0.68733,.,.,blink
13:29:0.68782,.,.,blink
13:29:0.68831,.,.,blink
13:29:0.68880,.,.,blink
13:29:0.68929,.,.,blink
13:29:0.68978,.,.,blink
13:29:0.69027,.,.,blink
13:29:0.69077,.,.,blink
13:29:0.69126,.,.,blink
13:29:0.69175,.,.,blink
13:29:0.69224,.,.,blink
13:29:0.69273,.,.,blink
13:29:0.69322,.,.,blink
13:29:0.69371,.,.,blink
13:29:0.69421,.,.,blink
13:29:0.69470,.,.,blink
13:29:0.69519,.,.,blink
13:29:0.69568,.,.,blink
13:29:0.69617,.,.,blink
13:29:0.69666,.,.,blink
13:29:0.69715,.,.,blink
13:29:0.69765,.,.,blink
13:29:0.69814,.,.,blink
13:29:0.69863,.,.,blink
13:29:0.69912,.,.,blink
13:29:0.69961,.,.,blink
13:29:0.70010,.,.,blink
13:29:0.70059,.,.,blink
13:29:0.70109,.,.,blink
13:29:0.70158,.,.,blink
13:29:0.70207,.,.,blink
13:29:0.70256,.,.,blink
13:29:0.70305,.,.,blink
13:29:0.70354,.,.,blink
13:29:0.70404,.,.,blink
13:29:0.70453,.,.,blink
13:29:0.70502,.,.,blink
13:29:0.70551,.,.,blink
13:29:0.70600,.,.,blink
13:29:0.70649,.,.,blink
13:29:0.70698,.,.,blink
13:29:0.70748,.,.,blink
13:29:0.70797,.,.,blink
13:29:0.70846,.,.,blink
13:29:0.70895,.,.,blink
13:29:0.70944,.,.,blink
13:29:0.70993,.,.,blink
13:29:0.71042,.,.,blink
13:29:0.71092,.,.,blink
13:29:0.71141,.,.,blink
13:29:0.71190,.,.,blink
13:29:0.71239,.,.,blink
13:29:0.71288,.,.,blink
13:29:0.71337,.,.,blink
13:29:0.71386,.,.,blink
13:29:0.71436,.,.,blink
13:29:0.71485,.,.,blink
13:29:0.71534,.,.,blink
13:29:0.71583,.,.,blink
13:29:0.71632,.,.,blink
13:29:0.71681,.,.,blink
13:29:0.71730,.,.,blink
13:29:0.7178,.,.,blink
13:29:0.71829,.,.,blink
13:29:0.71878,.,.,blink
13:29:0.71927,.,.,blink
13:29:0.71976,.,.,blink
13:29:0.72025,.,.,blink
13:29:0.72074,.,.,blink
13:29:0.72124,.,.,blink
13:29:0.72173,.,.,blink
13:29:0.72222,.,.,blink
13:29:0.72271,.,.,blink
13:29:0.72320,.,.,blink
13:29:0.72369,.,.,blink
13:29:0.72419,.,.,blink
13:29:0.72469,.,.,blink
13:29:0.72518,.,.,blink
13:29:0.72568,.,.,blink
13:29:0.72617,.,.,blink
13:29:0.72666,.,.,blink
13:29:0.72715,.,.,blink
13:29:0.72764,.,.,blink
13:29:0.72813,.,.,blink
13:29:0.72863,.,.,blink
13:29:0.72913,.,.,blink
13:29:0.72962,.,.,blink
13:29:0.73012,.,.,blink
13:29:0.73061,.,.,blink
13:29:0.73110,.,.,blink
13:29:0.73159,.,.,blink
13:29:0.73208,.,.,blink
13:29:0.73257,.,.,blink
13:29:0.73307,.,.,blink
13:29:0.73356,.,.,blink
13:29:0.73405,.,.,blink
13:29:0.73454,.,.,blink
13:29:0.73503,.,.,blink
13:29:0.73552,.,.,blink
13:29:0.73601,.,.,blink
13:29:0.73651,.,.,blink
13:29:0.73700,.,.,blink
13:29:0.73749,.,.,blink
13:29:0.73798,.,.,blink
13:29:0.73847,.,.,blink
13:29:0.73896,.,.,blink
13:29:0.73945,.,.,blink
13:29:0.73995,.,.,blink
13:29:0.74044,.,.,blink
13:29:0.74093,.,.,blink
13:29:0.74142,.,.,blink
13:29:0.74191,.,.,blink
13:29:0.74240,.,.,blink
13:29:0.74289,.,.,blink
13:29:0.74339,.,.,blink
13:29:0.74388,.,.,blink
13:29:0.74437,.,.,blink
13:29:0.74486,.,.,blink
13:29:0.74535,.,.,blink
13:29:0.74584,.,.,blink
13:29:0.74633,.,.,blink
13:29:0.74683,.,.,blink
13:29:0.74732,.,.,blink
13:29:0.74781,.,.,blink
13:29:0.74830,.,.,blink
13:29:0.74879,.,.,blink
13:29:0.74928,.,.,blink
13:29:0.74977,.,.,blink
13:29:0.75027,.,.,blink
13:29:0.75076,.,.,blink
13:29:0.75125,.,.,blink
13:29:0.75174,.,.,blink
13:29:0.75223,.,.,blink
13:29:0.75272,.,.,blink
13:29:0.75321,.,.,blink
13:29:0.75371,.,.,blink
13:29:0.75420,.,.,blink
13:29:0.75469,.,.,blink
13:29:0.75518,.,.,blink
13:29:0.75567,.,.,blink
13:29:0.75616,.,.,blink
13:29:0.75666,.,.,blink
13:29:0.75715,.,.,blink
13:29:0.75764,.,.,blink
13:29:0.75813,.,.,blink
13:29:0.75862,.,.,blink
13:29:0.75911,.,.,blink
13:29:0.75960,.,.,blink
13:29:0.7601,.,.,blink
13:29:0.76059,.,.,blink
13:29:0.76108,.,.,blink
13:29:0.76157,.,.,blink
13:29:0.76206,.,.,blink
13:29:0.76255,.,.,blink
13:29:0.76304,.,.,blink
13:29:0.76354,.,.,blink
13:29:0.76403,.,.,blink
13:29:0.76452,.,.,blink
13:29:0.76501,.,.,blink
13:29:0.76550,.,.,blink
13:29:0.76599,.,.,blink
13:29:0.76648,.,.,blink
13:29:0.76698,.,.,blink
13:29:0.76747,.,.,blink
13:29:0.76796,.,.,blink
13:29:0.76845,.,.,blink
13:29:0.76894,.,.,blink
13:29:0.76943,.,.,blink
13:29:0.76992,.,.,blink
13:29:0.77042,.,.,blink
13:29:0.77091,.,.,blink
13:29:0.77140,.,.,blink
13:29:0.77189,.,.,blink
13:29:0.77238,.,.,blink
13:29:0.77287,.,.,blink
13:29:0.77336,.,.,blink
13:29:0.77386,.,.,blink
13:29:0.77435,.,.,blink
13:29:0.77484,.,.,blink
13:29:0.77533,.,.,blink
13:29:0.77582,.,.,blink
13:29:0.77631,.,.,blink
13:29:0.77680,.,.,blink
13:29:0.7773,.,.,blink
13:29:0.77779,.,.,blink
13:29:0.77828,.,.,blink
13:29:0.77877,.,.,blink
13:29:0.77926,.,.,blink
13:29:0.77975,.,.,blink
13:29:0.78025,.,.,blink
13:29:0.78074,.,.,blink
13:29:0.78123,.,.,blink
13:29:0.78172,.,.,blink
13:29:0.78221,.,.,blink
13:29:0.78270,.,.,blink
13:29:0.78319,.,.,blink
13:29:0.78369,.,.,blink
13:29:0.78418,.,.,blink
13:29:0.78467,.,.,blink
13:29:0.78516,.,.,blink
13:29:0.78565,.,.,blink
13:29:0.78614,.,.,blink
13:29:0.78663,.,.,blink
13:29:0.78713,.,.,blink
13:29:0.78762,.,.,blink
13:29:0.78811,.,.,blink
13:29:0.78860,.,.,blink
13:29:0.78909,.,.,blink
13:29:0.78958,.,.,blink
13:29:0.79007,.,.,blink
13:29:0.79057,.,.,blink
13:29:0.79106,.,.,blink
13:29:0.79155,.,.,blink
13:29:0.79204,.,.,blink
13:29:0.79253,.,.,blink
13:29:0.79302,.,.,blink
13:29:0.79351,.,.,blink
13:29:0.79401,.,.,blink
13:29:0.79450,.,.,blink
13:29:0.79499,.,.,blink
13:29:0.79548,.,.,blink
13:29:0.79597,.,.,blink
13:29:0.79646,.,.,blink
13:29:0.79695,.,.,blink
13:29:0.79745,.,.,blink
13:29:0.79794,.,.,blink
13:29:0.79843,.,.,blink
13:29:0.79892,.,.,blink
13:29:0.79941,.,.,blink
13:29:0.79990,.,.,blink
13:29:0.8004,.,.,blink
13:29:0.8009,.,.,blink
13:29:0.80139,.,.,blink
13:29:0.80189,.,.,blink
13:29:0.80238,.,.,blink
13:29:0.80287,.,.,blink
13:29:0.80336,.,.,blink
13:29:0.80385,.,.,blink
13:29:0.80434,.,.,blink
13:29:0.80484,.,.,blink
13:29:0.80534,.,.,blink
13:29:0.80583,.,.,blink
13:29:0.80633,.,.,blink
13:29:0.80682,.,.,blink
13:29:0.80731,.,.,blink
13:29:0.80780,.,.,blink
13:29:0.80829,.,.,blink
13:29:0.80878,.,.,blink
13:29:0.80928,.,.,blink
13:29:0.80977,.,.,blink
13:29:0.81026,.,.,blink
13:29:0.81075,.,.,blink
13:29:0.81124,.,.,blink
13:29:0.81173,.,.,blink
13:29:0.81222,.,.,blink
13:29:0.81272,.,.,blink
13:29:0.81321,.,.,blink
13:29:0.81370,.,.,blink
13:29:0.81419,.,.,blink
13:29:0.81468,.,.,blink
13:29:0.81517,.,.,blink
13:29:0.81566,.,.,blink
13:29:0.81616,.,.,blink
13:29:0.81665,.,.,blink
13:29:0.81714,.,.,blink
13:29:0.81763,.,.,blink
13:29:0.81812,.,.,blink
13:29:0.81861,.,.,blink
13:29:0.81910,.,.,blink
13:29:0.8196,.,.,blink
13:29:0.82009,.,.,blink
13:29:0.82058,.,.,blink
13:29:0.82107,.,.,blink
13:29:0.82156,.,.,blink
13:29:0.82205,.,.,blink
13:29:0.82254,.,.,blink
13:29:0.82304,.,.,blink
13:29:0.82353,.,.,blink
13:29:0.82402,.,.,blink
13:29:0.82451,.,.,blink
13:29:0.82500,.,.,blink
13:29:0.82549,.,.,blink
13:29:0.82598,.,.,blink
13:29:0.82648,.,.,blink
13:29:0.82697,.,.,blink
13:29:0.82746,.,.,blink
13:29:0.82795,.,.,blink
13:29:0.82844,.,.,blink
13:29:0.82893,.,.,blink
13:29:0.82942,.,.,blink
13:29:0.82992,.,.,blink
13:29:0.83041,.,.,blink
13:29:0.83090,.,.,blink
13:29:0.83139,.,.,blink
13:29:0.83188,.,.,blink
13:29:0.83237,.,.,blink
13:29:0.83287,.,.,blink
13:29:0.83336,.,.,blink
13:29:0.83385,.,.,blink
13:29:0.83434,.,.,blink
13:29:0.83483,.,.,blink
13:29:0.83532,.,.,blink
13:29:0.83581,.,.,blink
13:29:0.83631,.,.,blink
13:29:0.83680,.,.,blink
13:29:0.83729,.,.,blink
13:29:0.83778,.,.,blink
13:29:0.83827,.,.,blink
13:29:0.83876,.,.,blink
13:29:0.83925,.,.,blink
13:29:0.83975,.,.,blink
13:29:0.84024,.,.,blink
13:29:0.84073,.,.,blink
13:29:0.84122,.,.,blink
13:29:0.84171,.,.,blink
13:29:0.84220,.,.,blink
13:29:0.84269,.,.,blink
13:29:0.84319,.,.,blink
13:29:0.84368,.,.,blink
13:29:0.84417,.,.,blink
13:29:0.84466,.,.,blink
13:29:0.84515,.,.,blink
13:29:0.84564,.,.,blink
13:29:0.84613,.,.,blink
13:29:0.84663,.,.,blink
13:29:0.84712,.,.,blink
13:29:0.84761,.,.,blink
13:29:0.84810,.,.,blink
13:29:0.84859,.,.,blink
13:29:0.84908,.,.,blink
13:29:0.84957,.,.,blink
13:29:0.85007,.,.,blink
13:29:0.85056,.,.,blink
13:29:0.85105,.,.,blink
13:29:0.85154,.,.,blink
13:29:0.85203,.,.,blink
13:29:0.85252,.,.,blink
13:29:0.85301,.,.,blink
13:29:0.85351,.,.,blink
13:29:0.85400,.,.,blink
13:29:0.85449,.,.,blink
13:29:0.85498,.,.,blink
13:29:0.85547,.,.,blink
13:29:0.85596,.,.,blink
13:29:0.85646,.,.,blink
13:29:0.85695,.,.,blink
13:29:0.85744,.,.,blink
13:29:0.85793,.,.,blink
13:29:0.85842,.,.,blink
13:29:0.85891,.,.,blink
13:29:0.85940,.,.,blink
13:29:0.8599,.,.,blink
13:29:0.86039,.,.,blink
13:29:0.86088,.,.,blink
13:29:0.86137,.,.,blink
13:29:0.86186,.,.,blink
13:29:0.86235,.,.,blink
13:29:0.86284,.,.,blink
13:29:0.86334,.,.,blink
13:29:0.86383,.,.,blink
13:29:0.86432,.,.,blink
13:29:0.86481,.,.,blink
13:29:0.86530,.,.,blink
13:29:0.86579,.,.,blink
13:29:0.86628,.,.,blink
13:29:0.86678,.,.,blink
13:29:0.86727,.,.,blink
13:29:0.86776,.,.,blink
13:29:0.86825,.,.,blink
13:29:0.86874,.,.,blink
13:29:0.86923,.,.,blink
13:29:0.86972,.,.,blink
13:29:0.87022,.,.,blink
13:29:0.87071,.,.,blink
13:29:0.87120,.,.,blink
13:29:0.87169,.,.,blink
13:29:0.87218,.,.,blink
13:29:0.87267,.,.,blink
13:29:0.87316,.,.,blink
13:29:0.87366,.,.,blink
13:29:0.87415,.,.,blink
13:29:0.87464,.,.,blink
13:29:0.87513,.,.,blink
13:29:0.87562,.,.,blink
13:29:0.87611,.,.,blink
13:29:0.87661,.,.,blink
13:29:0.87711,.,.,blink
13:29:0.87760,.,.,blink
13:29:0.8781,.,.,blink
13:29:0.87859,.,.,blink
13:29:0.87908,.,.,blink
13:29:0.87957,.,.,blink
13:29:0.88006,.,.,blink
13:29:0.88055,.,.,blink
13:29:0.88105,.,.,blink
13:29:0.88155,.,.,blink
13:29:0.88204,.,.,blink
13:29:0.88254,.,.,blink
13:29:0.88303,.,.,blink
13:29:0.88352,.,.,blink
13:29:0.88401,.,.,blink
13:29:0.88450,.,.,blink
13:29:0.88499,.,.,blink
13:29:0.88549,.,.,blink
13:29:0.88598,.,.,blink
13:29:0.88647,.,.,blink
13:29:0.88696,.,.,blink
13:29:0.88745,.,.,blink
13:29:0.88794,.,.,blink
13:29:0.88843,.,.,blink
13:29:0.88893,.,.,blink
13:29:0.88942,.,.,blink
13:29:0.88991,.,.,blink
13:29:0.89040,.,.,blink
13:29:0.89089,.,.,blink
13:29:0.89138,.,.,blink
13:29:0.89187,.,.,blink
13:29:0.89237,.,.,blink
13:29:0.89286,.,.,blink
13:29:0.89335,.,.,blink
13:29:0.89384,.,.,blink
13:29:0.89433,.,.,blink
13:29:0.89482,.,.,blink
13:29:0.89531,.,.,blink
13:29:0.89581,.,.,blink
13:29:0.89630,.,.,blink
13:29:0.89679,.,.,blink
13:29:0.89728,.,.,blink
13:29:0.89777,.,.,blink
13:29:0.89826,.,.,blink
13:29:0.89875,.,.,blink
13:29:0.89925,.,.,blink
13:29:0.89974,.,.,blink
13:29:0.90023,.,.,blink
13:29:0.90072,.,.,blink
13:29:0.90121,.,.,blink
13:29:0.90170,.,.,blink
13:29:0.90219,.,.,blink
13:29:0.90269,.,.,blink
13:29:0.90318,.,.,blink
13:29:0.90367,.,.,blink
13:29:0.90416,.,.,blink
13:29:0.90465,.,.,blink
13:29:0.90514,.,.,blink
13:29:0.90563,.,.,blink
13:29:0.90613,.,.,blink
13:29:0.90662,.,.,blink
13:29:0.90711,.,.,blink
13:29:0.90760,.,.,blink
13:29:0.90809,.,.,blink
13:29:0.90858,.,.,blink
13:29:0.90908,.,.,blink
13:29:0.90957,.,.,blink
13:29:0.91006,.,.,blink
13:29:0.91055,.,.,blink
13:29:0.91104,.,.,blink
13:29:0.91153,.,.,blink
13:29:0.91202,.,.,blink
13:29:0.91252,.,.,blink
13:29:0.91301,.,.,blink
13:29:0.91350,.,.,blink
13:29:0.91399,.,.,blink
13:29:0.91448,.,.,blink
13:29:0.91497,.,.,blink
13:29:0.91546,.,.,blink
13:29:0.91596,.,.,blink
13:29:0.91645,.,.,blink
13:29:0.91694,518.9,155.0,fixation
13:29:0.91743,521.2,155.0,fixation
13:29:0.91792,522.2,158.0,fixation
13:29:0.91841,521.8,161.3,fixation
13:29:0.91890,521.0,163.9,fixation
13:29:0.9194,520.6,161.9,fixation
13:29:0.91989,520.3,159.5,fixation
13:29:0.92038,523.3,158.3,fixation
13:29:0.92087,526.1,160.3,fixation
13:29:0.92136,527.4,162.4,fixation
13:29:0.92185,525.7,163.9,fixation
13:29:0.92234,525.4,163.9,fixation
13:29:0.92284,527.6,164.4,fixation
13:29:0.92333,529.9,164.8,fixation
13:29:0.92382,530.9,165.5,fixation
13:29:0.92431,530.9,166.2,fixation
13:29:0.92480,530.6,167.0,fixation
13:29:0.92529,530.4,167.5,fixation
13:29:0.92578,530.9,167.8,fixation
13:29:0.92628,531.6,167.8,fixation
13:29:0.92677,531.0,166.2,fixation
13:29:0.92726,529.5,164.4,fixation
13:29:0.92775,528.4,162.5,fixation
13:29:0.92824,529.1,162.0,fixation
13:29:0.92873,529.9,161.0,fixation
13:29:0.92923,530.5,160.6,fixation
13:29:0.92973,531.2,162.5,fixation
13:29:0.93022,531.5,166.2,fixation
13:29:0.93072,532.0,169.9,fixation
13:29:0.93121,532.6,170.9,fixation
13:29:0.93170,532.9,170.3,fixation
13:29:0.93219,532.8,170.5,fixation
13:29:0.93268,532.1,172.0,fixation
13:29:0.93317,531.4,173.8,fixation
13:29:0.93367,531.2,172.7,fixation
13:29:0.93417,531.2,170.8,fixation
13:29:0.93466,532.4,168.8,fixation
13:29:0.93516,533.3,167.8,fixation
13:29:0.93565,534.4,167.4,fixation
13:29:0.93614,535.0,167.0,fixation
13:29:0.93663,535.7,167.4,fixation
13:29:0.93712,536.2,166.8,fixation
13:29:0.93761,536.4,166.3,fixation
13:29:0.93811,536.4,165.9,fixation
13:29:0.93860,536.4,166.2,fixation
13:29:0.93909,536.5,166.5,fixation
13:29:0.93958,536.7,166.7,fixation
13:29:0.94007,536.8,167.3,fixation
13:29:0.94056,537.4,167.9,fixation
13:29:0.94105,537.9,168.4,fixation
13:29:0.94155,538.3,168.3,fixation
13:29:0.94204,537.7,170.1,fixation
13:29:0.94253,537.9,172.3,fixation
13:29:0.94302,538.4,172.0,fixation
13:29:0.94351,538.9,169.7,fixation
13:29:0.94400,538.7,167.6,fixation
13:29:0.94449,538.1,168.9,fixation
13:29:0.94499,538.5,170.2,fixation
13:29:0.94548,539.8,171.2,fixation
13:29:0.94597,541.7,174.0,fixation
13:29:0.94646,542.9,177.0,fixation
13:29:0.94695,543.4,179.5,fixation
13:29:0.94744,543.5,178.7,fixation
13:29:0.94793,543.4,178.2,fixation
13:29:0.94843,543.3,178.0,fixation
13:29:0.94892,543.4,176.7,fixation
13:29:0.94941,542.0,174.8,fixation
13:29:0.94990,540.4,174.1,fixation
13:29:0.95039,539.5,175.2,fixation
13:29:0.95088,540.5,174.6,fixation
13:29:0.95137,540.4,172.5,fixation
13:29:0.95187,539.4,171.7,fixation
13:29:0.95236,539.4,173.1,fixation
13:29:0.95285,541.6,174.7,fixation
13:29:0.95334,544.3,173.1,fixation
13:29:0.95383,545.5,170.9,fixation
13:29:0.95432,545.3,168.7,fixation
13:29:0.95481,544.4,172.8,fixation
13:29:0.95531,543.0,177.0,fixation
13:29:0.95580,542.2,177.5,fixation
13:29:0.95629,541.9,173.6,fixation
13:29:0.95678,542.3,169.8,fixation
13:29:0.95727,543.0,171.5,fixation
13:29:0.95776,543.9,173.1,fixation
13:29:0.95825,545.4,174.9,fixation
13:29:0.95875,546.1,174.4,fixation
13:29:0.95924,546.7,174.0,fixation
13:29:0.95973,546.8,173.4,fixation
13:29:0.96022,546.4,173.6,fixation
13:29:0.96071,546.2,174.1,fixation
13:29:0.96120,546.1,174.6,fixation
13:29:0.9617,546.5,172.1,fixation
13:29:0.96219,546.8,169.1,fixation
13:29:0.96268,548.8,166.5,fixation
13:29:0.96317,550.5,167.6,fixation
13:29:0.96366,551.8,169.1,fixation
13:29:0.96415,551.0,172.5,fixation
13:29:0.96464,550.4,174.8,fixation
13:29:0.96514,550.3,175.2,fixation
13:29:0.96563,550.4,173.7,fixation
13:29:0.96612,550.4,172.3,fixation
13:29:0.96661,550.8,169.4,fixation
13:29:0.96710,551.3,166.0,fixation
13:29:0.96759,551.6,162.7,fixation
13:29:0.96808,551.5,162.8,fixation
13:29:0.96858,551.8,164.5,fixation
13:29:0.96907,553.0,166.7,fixation
13:29:0.96956,554.2,168.8,fixation
13:29:0.97005,554.5,169.2,fixation
13:29:0.97054,553.7,169.2,fixation
13:29:0.97103,552.9,169.1,fixation
13:29:0.97152,551.7,169.2,fixation
13:29:0.97202,550.8,169.3,fixation
13:29:0.97251,550.5,169.4,fixation
13:29:0.97300,551.6,168.5,fixation
13:29:0.97349,553.1,167.6,fixation
13:29:0.97398,554.3,167.8,fixation
13:29:0.97447,555.6,171.2,fixation
13:29:0.97496,556.5,174.5,fixation
13:29:0.97546,557.1,178.0,fixation
13:29:0.97595,557.0,179.3,fixation
13:29:0.97644,557.5,181.8,fixation
13:29:0.97693,558.5,182.5,fixation
13:29:0.97742,559.6,182.8,fixation
13:29:0.97791,560.0,181.3,fixation
13:29:0.97840,560.0,180.2,fixation
13:29:0.9789,559.8,181.0,fixation
13:29:0.97939,559.7,182.4,fixation
13:29:0.97988,559.4,184.0,fixation
13:29:0.98037,559.1,184.3,fixation
13:29:0.98086,559.2,184.4,fixation
13:29:0.98135,560.1,184.3,fixation
13:29:0.98184,561.0,183.9,fixation
13:29:0.98234,561.5,183.2,fixation
13:29:0.98283,561.4,182.8,fixation
13:29:0.98332,561.9,183.0,fixation
13:29:0.98381,562.7,183.6,fixation
13:29:0.98430,563.9,184.4,fixation
13:29:0.98479,564.5,184.8,fixation
13:29:0.98529,565.4,185.2,fixation
13:29:0.98578,566.1,185.3,fixation
13:29:0.98627,567.0,184.4,fixation
13:29:0.98676,568.4,183.6,fixation
13:29:0.98725,570.0,182.1,fixation
13:29:0.98774,571.3,181.6,fixation
13:29:0.98823,571.2,181.7,fixation
13:29:0.98873,568.8,182.1,fixation
13:29:0.98922,567.5,181.1,fixation
13:29:0.98971,566.4,179.3,fixation
13:29:0.99020,567.5,178.2,fixation
13:29:0.99069,568.1,179.6,fixation
13:29:0.99118,569.2,181.2,fixation
13:29:0.99167,570.1,183.7,fixation
13:29:0.99217,569.6,184.3,fixation
13:29:0.99266,568.7,183.7,fixation
13:29:0.99315,568.0,181.6,fixation
13:29:0.99364,568.8,180.6,fixation
13:29:0.99413,569.0,183.7,fixation
13:29:0.99462,569.2,187.1,fixation
13:29:0.99511,568.6,190.3,fixation
13:29:0.99561,568.8,187.3,fixation
13:29:0.99610,568.9,183.8,fixation
13:29:0.99659,568.5,180.3,fixation
13:29:0.99708,567.9,180.1,fixation
13:29:0.99757,566.8,180.3,fixation
13:29:0.99806,566.2,180.1,fixation
13:29:0.99855,567.1,179.9,fixation
13:29:0.99905,569.0,180.0,fixation
13:29:0.99954,570.8,180.7,fixation
13:29:1.00004,570.8,181.1,fixation
13:29:1.00054,570.5,179.9,fixation
13:29:1.00104,568.8,178.0,fixation
13:29:1.00153,567.3,178.0,fixation
13:29:1.00203,565.7,179.3,fixation
13:29:1.00253,565.7,180.6,fixation
13:29:1.00302,566.1,180.5,fixation
13:29:1.00352,566.5,180.5,fixation
13:29:1.00402,566.4,180.6,fixation
13:29:1.00451,566.0,180.3,fixation
13:29:1.00501,566.4,180.4,fixation
13:29:1.00551,568.5,181.0,fixation
13:29:1.00600,570.5,182.0,fixation
13:29:1.0065,570.8,182.4,fixation
13:29:1.007,570.2,180.2,fixation
13:29:1.00749,568.9,177.4,fixation
13:29:1.00799,568.4,174.8,fixation
13:29:1.00848,567.7,173.0,fixation
13:29:1.00898,567.2,171.2,fixation
13:29:1.00948,566.7,168.8,fixation
13:29:1.00997,566.1,167.2,fixation
13:29:1.01047,563.8,165.4,fixation
13:29:1.01097,561.1,164.2,fixation
13:29:1.01146,558.4,164.1,fixation
13:29:1.01196,559.5,164.7,fixation
13:29:1.01246,560.8,165.3,fixation
13:29:1.01295,561.0,165.6,fixation
13:29:1.01345,559.9,164.1,fixation
13:29:1.01395,558.8,162.6,fixation
13:29:1.01444,558.8,162.5,fixation
13:29:1.01494,559.6,165.5,fixation
13:29:1.01544,560.6,168.6,fixation
13:29:1.01593,559.6,171.9,saccade
13:29:1.01643,558.2,171.6,saccade
13:29:1.01693,557.4,170.5,saccade
13:29:1.01742,558.1,165.3,saccade
13:29:1.01792,557.4,160.9,saccade
13:29:1.01841,556.5,157.1,saccade
13:29:1.01891,553.4,157.9,saccade
13:29:1.01941,551.7,159.0,saccade
13:29:1.01990,550.8,159.5,saccade
13:29:1.0204,551.6,159.1,saccade
13:29:1.0209,551.9,157.9,saccade
13:29:1.02139,550.3,154.2,saccade
13:29:1.02189,546.5,150.8,saccade
13:29:1.02239,543.3,147.9,saccade
13:29:1.02288,542.2,147.6,saccade
13:29:1.02338,542.9,149.7,saccade
13:29:1.02388,543.0,151.8,saccade
13:29:1.02437,539.8,150.4,saccade
13:29:1.02487,536.8,147.1,saccade
13:29:1.02537,534.3,143.2,saccade
13:29:1.02586,533.5,142.6,saccade
13:29:1.02636,532.5,141.5,saccade
13:29:1.02685,531.9,141.0,saccade
13:29:1.02735,531.5,146.2,saccade
13:29:1.02785,530.8,151.7,saccade
13:29:1.02834,529.2,156.8,saccade
13:29:1.02884,528.2,156.3,saccade
13:29:1.02934,527.9,154.6,saccade
13:29:1.02983,526.3,153.1,saccade
13:29:1.03033,524.1,156.7,saccade
13:29:1.03083,521.6,161.4,saccade
13:29:1.03132,518.6,167.9,saccade
13:29:1.03182,516.1,169.4,saccade
13:29:1.03232,512.7,169.9,saccade
13:29:1.03281,511.6,168.8,saccade
13:29:1.03331,510.9,168.0,saccade
13:29:1.03381,511.2,168.7,saccade
13:29:1.03430,510.2,169.3,saccade
13:29:1.0348,508.8,169.7,saccade
13:29:1.03529,506.9,174.3,saccade
13:29:1.03579,504.3,178.7,saccade
13:29:1.03629,501.8,182.1,saccade
13:29:1.03678,501.0,181.1,saccade
13:29:1.03728,503.8,181.7,saccade
13:29:1.03778,506.5,183.2,saccade
13:29:1.03827,506.7,182.6,saccade
13:29:1.03877,505.2,180.6,saccade
13:29:1.03927,503.7,178.6,saccade
13:29:1.03976,503.1,178.5,saccade
13:29:1.04026,502.4,179.7,saccade
13:29:1.04076,502.1,185.6,saccade
13:29:1.04125,502.4,191.5,saccade
13:29:1.04175,503.1,191.9,saccade
13:29:1.04225,503.9,187.7,saccade
13:29:1.04274,505.0,184.8,saccade
13:29:1.04324,505.9,186.5,saccade
13:29:1.04374,506.7,188.2,saccade
13:29:1.04423,507.1,189.5,saccade
13:29:1.04473,507.6,191.1,saccade
13:29:1.04522,507.6,192.7,saccade
13:29:1.04572,507.6,193.5,saccade
13:29:1.04622,506.4,193.4,saccade
13:29:1.04671,504.5,193.1,saccade
13:29:1.04721,502.5,193.1,saccade
13:29:1.04771,501.9,193.3,saccade
13:29:1.04820,503.3,193.1,saccade
13:29:1.0487,504.7,193.1,saccade
13:29:1.0492,505.4,193.5,saccade
13:29:1.04969,504.2,194.2,saccade
13:29:1.05019,502.8,194.3,saccade
13:29:1.05069,502.3,196.0,saccade
13:29:1.05118,502.3,197.3,saccade
13:29:1.05168,502.1,198.0,saccade
13:29:1.05218,501.6,196.6,saccade
13:29:1.05267,500.6,200.5,saccade
13:29:1.05317,500.3,205.0,saccade
13:29:1.05366,499.9,209.6,saccade
13:29:1.05416,499.6,212.1,saccade
13:29:1.05466,499.1,215.1,saccade
13:29:1.05515,498.6,218.0,saccade
13:29:1.05565,498.1,219.4,saccade
13:29:1.05615,497.3,221.1,saccade
13:29:1.05664,495.9,225.2,saccade
13:29:1.05714,494.8,229.9,saccade
13:29:1.05764,493.3,237.0,saccade
13:29:1.05813,492.4,241.1,saccade
13:29:1.05863,491.7,242.7,saccade
13:29:1.05913,492.8,241.3,saccade
13:29:1.05962,492.9,243.8,saccade
13:29:1.06012,492.2,250.3,saccade
13:29:1.06062,488.8,266.5,saccade
13:29:1.06111,486.2,279.7,saccade
13:29:1.06161,486.7,290.0,saccade
13:29:1.06210,494.4,321.0,saccade
13:29:1.0626,500.7,356.6,saccade
13:29:1.0631,503.8,392.0,saccade
13:29:1.06359,502.7,396.6,saccade
13:29:1.06409,502.0,414.9,saccade
13:29:1.06459,500.3,460.6,saccade
13:29:1.06508,495.6,506.8,saccade
13:29:1.06558,491.6,532.8,saccade
13:29:1.06608,485.0,565.2,saccade
13:29:1.06657,481.3,598.0,saccade
13:29:1.06707,477.2,631.1,saccade
13:29:1.06757,474.5,653.5,saccade
13:29:1.06806,464.3,675.2,saccade
13:29:1.06856,454.4,697.0,saccade
13:29:1.06906,438.5,716.9,saccade
13:29:1.06955,428.7,737.5,saccade
13:29:1.07005,429.8,749.2,saccade
13:29:1.07055,450.0,681.0,saccade
13:29:1.07104,465.7,644.9,saccade
13:29:1.07154,478.3,634.6,saccade
13:29:1.07203,485.5,683.6,saccade
13:29:1.07253,496.4,727.7,saccade
13:29:1.07303,500.7,755.1,saccade
13:29:1.07352,535.9,780.8,saccade
13:29:1.07402,571.6,780.3,saccade
13:29:1.07452,537.4,771.1,saccade
13:29:1.07501,465.3,765.8,saccade
13:29:1.07551,392.7,767.3,saccade
13:29:1.07601,409.8,811.7,saccade
13:29:1.07650,430.3,855.0,saccade
13:29:1.077,429.5,909.0,saccade
13:29:1.0775,405.1,936.9,saccade
13:29:1.07799,379.5,977.2,saccade
13:29:1.07849,375.7,1010.6,saccade
13:29:1.07899,374.4,1039.7,saccade
13:29:1.07948,374.0,1057.9,saccade
13:29:1.07998,356.2,1064.4,saccade
13:29:1.08047,.,.,blink
13:29:1.08097,.,.,blink
13:29:1.08147,.,.,blink
13:29:1.08196,.,.,blink
13:29:1.08246,.,.,blink
13:29:1.08296,.,.,blink
13:29:1.08345,.,.,blink
13:29:1.08395,.,.,blink
13:29:1.08445,.,.,blink
13:29:1.08494,.,.,blink
13:29:1.08544,.,.,blink
13:29:1.08594,.,.,blink
13:29:1.08643,.,.,blink
13:29:1.08693,.,.,blink
13:29:1.08743,.,.,blink
13:29:1.08792,.,.,blink
13:29:1.08842,.,.,blink
13:29:1.08891,.,.,blink
13:29:1.08941,.,.,blink
13:29:1.08991,.,.,blink
13:29:1.09040,.,.,blink
13:29:1.0909,.,.,blink
13:29:1.0914,.,.,blink
13:29:1.09189,.,.,blink
13:29:1.09239,.,.,blink
13:29:1.09289,.,.,blink
13:29:1.09338,.,.,blink
13:29:1.09388,.,.,blink
13:29:1.09438,.,.,blink
13:29:1.09487,.,.,blink
13:29:1.09537,.,.,blink
13:29:1.09587,.,.,blink
13:29:1.09636,.,.,blink
13:29:1.09686,.,.,blink
13:29:1.09736,.,.,blink
13:29:1.09785,.,.,blink
13:29:1.09835,.,.,blink
13:29:1.09884,.,.,blink
13:29:1.09934,.,.,blink
13:29:1.09984,.,.,blink
13:29:1.10033,.,.,blink
13:29:1.10083,.,.,blink
13:29:1.10133,.,.,blink
13:29:1.10182,.,.,blink
13:29:1.10232,.,.,blink
13:29:1.10282,.,.,blink
13:29:1.10331,.,.,blink
13:29:1.10381,.,.,blink
13:29:1.10431,.,.,blink
13:29:1.10480,.,.,blink
13:29:1.1053,.,.,blink
13:29:1.1058,.,.,blink
13:29:1.10629,.,.,blink
13:29:1.10679,.,.,blink
13:29:1.10728,.,.,blink
13:29:1.10778,.,.,blink
13:29:1.10828,.,.,blink
13:29:1.10877,.,.,blink
13:29:1.10927,.,.,blink
13:29:1.10977,.,.,blink
13:29:1.11026,.,.,blink
13:29:1.11076,.,.,blink
13:29:1.11126,.,.,blink
13:29:1.11175,.,.,blink
13:29:1.11225,.,.,blink
13:29:1.11275,.,.,blink
13:29:1.11324,.,.,blink
13:29:1.11374,.,.,blink
13:29:1.11424,.,.,blink
13:29:1.11473,.,.,blink
13:29:1.11523,.,.,blink
13:29:1.11572,.,.,blink
13:29:1.11622,.,.,blink
13:29:1.11672,.,.,blink
13:29:1.11721,.,.,blink
13:29:1.11771,.,.,blink
13:29:1.11821,.,.,blink
13:29:1.11870,.,.,blink
13:29:1.1192,.,.,blink
13:29:1.1197,.,.,blink
13:29:1.12019,.,.,blink
13:29:1.12069,.,.,blink
13:29:1.12119,.,.,blink
13:29:1.12168,.,.,blink
13:29:1.12218,.,.,blink
13:29:1.12268,.,.,blink
13:29:1.12317,.,.,blink
13:29:1.12367,.,.,blink
13:29:1.12417,.,.,blink
13:29:1.12466,.,.,blink
13:29:1.12516,.,.,blink
13:29:1.12565,.,.,blink
13:29:1.12615,.,.,blink
13:29:1.12665,.,.,blink
13:29:1.12714,.,.,blink
13:29:1.12764,.,.,blink
13:29:1.12814,.,.,blink
13:29:1.12863,.,.,blink
13:29:1.12913,.,.,blink
13:29:1.12963,.,.,blink
13:29:1.13012,.,.,blink
13:29:1.13062,.,.,blink
13:29:1.13112,.,.,blink
13:29:1.13161,.,.,blink
13:29:1.13211,.,.,blink
13:29:1.13261,.,.,blink
13:29:1.13310,.,.,blink
13:29:1.1336,.,.,blink
13:29:1.13409,.,.,blink
13:29:1.13459,.,.,blink
13:29:1.13509,.,.,blink
13:29:1.13558,.,.,blink
13:29:1.13608,.,.,blink
13:29:1.13658,.,.,blink
13:29:1.13707,.,.,blink
13:29:1.13757,.,.,blink
13:29:1.13807,.,.,blink
13:29:1.13856,.,.,blink
13:29:1.13906,.,.,blink
13:29:1.13956,.,.,blink
13:29:1.14005,.,.,blink
13:29:1.14055,.,.,blink
13:29:1.14105,.,.,blink
13:29:1.14154,.,.,blink
13:29:1.14204,.,.,blink
13:29:1.14254,.,.,blink
13:29:1.14303,.,.,blink
13:29:1.14353,.,.,blink
13:29:1.14402,.,.,blink
13:29:1.14452,.,.,blink
13:29:1.14502,.,.,blink
13:29:1.14551,.,.,blink
13:29:1.14601,.,.,blink
13:29:1.14651,.,.,blink
13:29:1.14700,.,.,blink
13:29:1.1475,.,.,blink
13:29:1.148,.,.,blink
13:29:1.14849,.,.,blink
13:29:1.14899,.,.,blink
13:29:1.14949,.,.,blink
13:29:1.14998,.,.,blink
13:29:1.15048,.,.,blink
13:29:1.15098,.,.,blink
13:29:1.15147,.,.,blink
13:29:1.15197,.,.,blink
13:29:1.15246,.,.,blink
13:29:1.15296,.,.,blink
13:29:1.15346,.,.,blink
13:29:1.15395,.,.,blink
13:29:1.15445,327.3,174.1,fixation
13:29:1.15495,327.3,173.7,fixation
13:29:1.15544,326.9,175.9,fixation
13:29:1.15594,326.6,177.3,fixation
13:29:1.15644,326.5,176.5,fixation
13:29:1.15693,326.4,175.6,fixation
13:29:1.15743,326.0,176.5,fixation
13:29:1.15793,325.7,177.3,fixation
13:29:1.15842,325.5,177.7,fixation
13:29:1.15892,325.8,177.8,fixation
13:29:1.15942,326.0,178.2,fixation
13:29:1.15991,326.0,179.0,fixation
13:29:1.16041,326.0,180.0,fixation
13:29:1.16090,326.2,180.5,fixation
13:29:1.1614,326.0,179.0,fixation
13:29:1.1619,325.6,176.8,fixation
13:29:1.16239,325.1,175.4,fixation
13:29:1.16289,325.0,176.1,fixation
13:29:1.16339,325.0,176.8,fixation
13:29:1.16388,325.0,177.8,fixation
13:29:1.16438,325.1,179.0,fixation
13:29:1.16488,325.1,180.3,fixation
13:29:1.16537,325.0,180.1,fixation
13:29:1.16587,324.5,179.4,fixation
13:29:1.16637,323.9,178.5,fixation
13:29:1.16686,323.6,177.5,fixation
13:29:1.16736,323.7,176.4,fixation
13:29:1.16786,324.0,175.3,fixation
13:29:1.16835,324.3,176.0,fixation
13:29:1.16885,324.5,178.2,fixation
13:29:1.16935,324.6,180.4,fixation
13:29:1.16984,324.6,181.2,fixation
13:29:1.17034,324.3,180.9,fixation
13:29:1.17083,324.0,180.4,fixation
13:29:1.17133,323.7,179.7,fixation
13:29:1.17183,323.9,179.1,fixation
13:29:1.17232,324.2,179.8,fixation
13:29:1.17282,324.4,181.1,fixation
13:29:1.17332,324.4,182.3,fixation
13:29:1.17381,324.6,181.0,fixation
13:29:1.17431,325.1,179.7,fixation
13:29:1.17481,325.6,178.9,fixation
13:29:1.17530,325.8,179.9,fixation
13:29:1.1758,325.9,181.0,fixation
13:29:1.1763,326.3,181.4,fixation
13:29:1.17679,326.4,181.2,fixation
13:29:1.17729,326.0,181.0,fixation
13:29:1.17779,325.2,180.9,fixation
13:29:1.17828,324.6,181.0,fixation
13:29:1.17878,324.2,181.3,fixation
13:29:1.17927,323.7,181.5,fixation
13:29:1.17977,323.3,181.5,fixation
13:29:1.18027,323.1,181.6,fixation
13:29:1.18076,323.2,181.5,fixation
13:29:1.18126,323.0,182.1,fixation
13:29:1.18176,322.7,182.9,fixation
13:29:1.18225,323.2,183.7,fixation
13:29:1.18275,323.9,184.9,fixation
13:29:1.18325,324.6,185.4,fixation
13:29:1.18374,324.4,185.9,fixation
13:29:1.18424,324.7,185.2,fixation
13:29:1.18474,325.0,184.8,fixation
13:29:1.18523,325.5,184.8,fixation
13:29:1.18573,325.6,185.3,fixation
13:29:1.18623,325.4,185.6,fixation
13:29:1.18672,325.2,185.6,fixation
13:29:1.18722,324.7,185.3,fixation
13:29:1.18771,324.5,185.3,fixation
13:29:1.18821,324.8,185.3,fixation
13:29:1.18871,325.3,185.4,fixation
13:29:1.18920,326.1,186.3,fixation
13:29:1.1897,326.5,186.8,fixation
13:29:1.1902,327.0,187.0,fixation
13:29:1.19069,327.2,186.4,fixation
13:29:1.19119,327.4,186.4,fixation
13:29:1.19169,327.4,186.9,fixation
13:29:1.19218,327.1,187.2,fixation
13:29:1.19268,326.8,187.3,fixation
13:29:1.19318,326.6,187.1,fixation
13:29:1.19367,326.1,186.6,fixation
13:29:1.19417,325.8,185.2,fixation
13:29:1.19467,326.0,183.8,fixation
13:29:1.19516,327.3,182.7,fixation
13:29:1.19566,328.4,184.8,fixation
13:29:1.19616,328.9,187.2,fixation
13:29:1.19665,327.3,189.2,fixation
13:29:1.19715,325.9,188.7,fixation
13:29:1.19764,324.5,188.2,fixation
13:29:1.19814,326.0,188.5,fixation
13:29:1.19864,327.4,188.9,fixation
13:29:1.19913,328.8,189.4,fixation
13:29:1.19963,328.6,189.0,fixation
13:29:1.20013,327.6,188.7,fixation
13:29:1.20062,326.6,188.5,fixation
13:29:1.20112,325.1,188.5,fixation
13:29:1.20162,324.5,187.5,fixation
13:29:1.20211,323.8,186.8,fixation
13:29:1.20261,323.8,186.8,fixation
13:29:1.20311,324.0,187.9,fixation
13:29:1.20360,324.3,188.6,fixation
13:29:1.2041,324.8,188.4,fixation
13:29:1.2046,325.2,188.0,fixation
13:29:1.20509,325.7,187.6,fixation
13:29:1.20559,325.8,187.5,fixation
13:29:1.20608,325.5,188.2,fixation
13:29:1.20658,325.0,188.9,fixation
13:29:1.20708,324.7,189.0,fixation
13:29:1.20757,324.8,188.4,fixation
13:29:1.20807,325.2,187.9,fixation
13:29:1.20857,325.6,188.0,fixation
13:29:1.20906,326.5,188.2,fixation
13:29:1.20956,327.3,188.6,fixation
13:29:1.21006,328.1,188.9,fixation
13:29:1.21055,328.1,189.7,fixation
13:29:1.21105,327.6,190.3,fixation
13:29:1.21155,327.1,190.4,fixation
13:29:1.21204,326.8,190.1,fixation
13:29:1.21254,327.7,191.0,fixation
13:29:1.21304,328.5,192.3,fixation
13:29:1.21353,328.1,192.4,fixation
13:29:1.21403,327.2,189.7,fixation
13:29:1.21452,327.2,187.2,fixation
13:29:1.21502,329.0,186.0,fixation
13:29:1.21552,330.7,185.2,fixation
13:29:1.21601,330.9,184.2,fixation
13:29:1.21651,330.1,183.3,fixation
13:29:1.21701,329.2,183.4,fixation
13:29:1.21750,329.3,184.0,fixation
13:29:1.218,329.7,184.3,fixation
13:29:1.2185,329.8,184.6,fixation
13:29:1.21899,329.8,184.5,fixation
13:29:1.21949,329.5,184.5,fixation
13:29:1.21999,329.9,184.6,fixation
13:29:1.22048,330.2,185.5,fixation
13:29:1.22098,330.0,186.3,fixation
13:29:1.22148,329.6,186.7,fixation
13:29:1.22197,329.3,186.2,fixation
13:29:1.22247,329.2,185.8,fixation
13:29:1.22297,329.3,186.2,fixation
13:29:1.22346,329.6,186.2,fixation
13:29:1.22396,329.9,186.0,fixation
13:29:1.22445,330.1,185.2,fixation
13:29:1.22495,330.7,184.8,fixation
13:29:1.22545,331.8,184.9,fixation
13:29:1.22594,333.0,185.0,fixation
13:29:1.22644,333.6,183.6,fixation
13:29:1.22694,333.6,182.2,fixation
13:29:1.22743,333.6,180.0,fixation
13:29:1.22793,333.3,179.5,fixation
13:29:1.22843,332.9,178.9,fixation
13:29:1.22892,332.4,178.9,fixation
13:29:1.22942,331.9,178.8,fixation
13:29:1.22992,331.5,178.7,fixation
13:29:1.23041,331.0,178.8,fixation
13:29:1.23091,331.1,178.3,fixation
13:29:1.23141,331.2,177.9,fixation
13:29:1.23190,331.4,176.0,fixation
13:29:1.2324,331.5,175.1,fixation
13:29:1.23289,331.6,174.9,fixation
13:29:1.23339,331.7,176.2,fixation
13:29:1.23389,332.0,177.2,fixation
13:29:1.23438,332.3,178.5,fixation
13:29:1.23488,332.6,179.7,fixation
13:29:1.23538,333.1,180.8,fixation
13:29:1.23587,333.8,181.1,fixation
13:29:1.23637,334.6,181.8,fixation
13:29:1.23687,334.8,182.2,fixation
13:29:1.23736,334.1,180.8,fixation
13:29:1.23786,333.2,179.1,fixation
13:29:1.23836,332.5,178.1,fixation
13:29:1.23885,332.8,179.0,fixation
13:29:1.23935,333.0,177.6,fixation
13:29:1.23985,333.0,175.5,fixation
13:29:1.24034,333.1,174.4,fixation
13:29:1.24084,333.6,176.7,fixation
13:29:1.24133,334.0,179.2,fixation
13:29:1.24183,333.1,180.4,fixation
13:29:1.24233,332.2,179.6,fixation
13:29:1.24282,331.2,178.5,fixation
13:29:1.24332,331.9,177.9,fixation
13:29:1.24382,332.5,178.2,fixation
13:29:1.24431,333.1,178.6,fixation
13:29:1.24481,333.6,179.0,fixation
13:29:1.24531,334.1,179.2,fixation
13:29:1.24580,334.6,177.2,fixation
13:29:1.2463,334.6,175.6,fixation
13:29:1.2468,334.3,173.9,fixation
13:29:1.24729,333.8,175.3,fixation
13:29:1.24779,333.8,176.0,fixation
13:29:1.24829,334.5,176.7,fixation
13:29:1.24878,335.5,176.8,fixation
13:29:1.24928,336.0,176.8,fixation
13:29:1.24978,336.0,177.0,fixation
13:29:1.25027,335.9,177.5,fixation
13:29:1.25077,336.4,178.1,fixation
13:29:1.25126,337.2,177.1,fixation
13:29:1.25176,338.0,175.9,fixation
13:29:1.25226,338.3,174.7,fixation
13:29:1.25275,338.5,174.9,fixation
13:29:1.25325,337.6,174.7,fixation
13:29:1.25375,336.6,174.4,fixation
13:29:1.25424,335.5,174.1,fixation
13:29:1.25474,335.4,172.9,fixation
13:29:1.25524,335.4,171.6,fixation
13:29:1.25573,335.7,170.0,fixation
13:29:1.25623,336.0,169.6,fixation
13:29:1.25673,335.9,171.7,fixation
13:29:1.25722,336.2,173.7,fixation
13:29:1.25772,336.5,175.3,fixation
13:29:1.25822,337.2,174.6,fixation
13:29:1.25871,337.7,173.5,fixation
13:29:1.25921,338.0,173.1,fixation
13:29:1.25970,338.2,173.0,fixation
13:29:1.2602,337.8,173.7,fixation
13:29:1.2607,337.1,174.0,fixation
13:29:1.26119,336.6,173.9,fixation
13:29:1.26169,336.7,173.8,fixation
13:29:1.26219,337.2,173.7,fixation
13:29:1.26268,336.3,171.6,fixation
13:29:1.26318,335.1,169.5,fixation
13:29:1.26368,333.8,167.3,fixation
13:29:1.26417,334.3,167.5,fixation
13:29:1.26467,335.0,167.7,fixation
13:29:1.26517,335.7,167.6,fixation
13:29:1.26566,335.9,167.3,fixation
13:29:1.26616,336.1,166.7,fixation
13:29:1.26666,336.5,166.5,fixation
13:29:1.26715,337.0,166.2,fixation
13:29:1.26765,337.3,166.1,fixation
13:29:1.26814,335.6,165.4,fixation
13:29:1.26864,333.9,164.2,fixation
13:29:1.26914,334.5,163.3,fixation
13:29:1.26963,336.9,161.9,fixation
13:29:1.27013,338.9,160.9,fixation
13:29:1.27063,338.1,161.7,fixation
13:29:1.27112,337.4,163.9,fixation
13:29:1.27162,337.2,166.1,fixation
13:29:1.27212,337.6,165.8,fixation
13:29:1.27261,337.8,165.4,fixation
13:29:1.27311,337.9,164.0,fixation
13:29:1.27361,338.4,163.2,fixation
13:29:1.27410,338.8,163.1,fixation
13:29:1.2746,338.4,163.9,fixation
13:29:1.2751,337.7,162.7,fixation
13:29:1.27559,337.3,160.6,fixation
13:29:1.27609,337.5,161.3,fixation
13:29:1.27659,337.4,163.9,fixation
13:29:1.27708,337.0,166.2,fixation
13:29:1.27758,335.9,165.8,fixation
13:29:1.27807,334.8,165.3,fixation
13:29:1.27857,335.3,165.0,fixation
13:29:1.27907,337.9,164.5,fixation
13:29:1.27956,340.5,164.0,fixation
13:29:1.28006,340.6,163.7,fixation
13:29:1.28056,339.4,163.8,fixation
13:29:1.28105,339.4,165.6,fixation
13:29:1.28155,340.6,167.4,fixation
13:29:1.28205,340.8,168.3,fixation
13:29:1.28254,338.9,166.8,fixation
13:29:1.28304,337.3,162.8,fixation
13:29:1.28354,337.7,159.7,fixation
13:29:1.28403,338.8,159.0,fixation
13:29:1.28453,339.9,161.2,fixation
13:29:1.28503,340.6,163.5,fixation
13:29:1.28552,341.3,164.8,fixation
13:29:1.28602,341.4,165.6,fixation
13:29:1.28651,340.6,166.2,fixation
13:29:1.28701,339.8,166.0,fixation
13:29:1.28751,339.4,165.9,fixation
13:29:1.28800,340.1,166.1,fixation
13:29:1.2885,341.0,163.9,fixation
13:29:1.289,342.5,161.7,fixation
13:29:1.28949,343.8,159.1,fixation
13:29:1.28999,345.0,158.8,fixation
13:29:1.29049,345.1,161.0,fixation
13:29:1.29098,344.5,163.5,fixation
13:29:1.29148,343.9,166.1,fixation
13:29:1.29198,343.9,164.8,fixation
13:29:1.29247,343.7,163.3,fixation
13:29:1.29297,343.1,163.6,fixation
13:29:1.29347,341.6,165.5,fixation
13:29:1.29396,340.5,167.5,fixation
13:29:1.29446,339.8,167.1,fixation
13:29:1.29495,339.8,166.6,fixation
13:29:1.29545,339.8,167.2,fixation
13:29:1.29595,339.6,168.2,fixation
13:29:1.29644,339.6,167.8,fixation
13:29:1.29694,339.4,166.4,fixation
13:29:1.29744,339.3,164.9,fixation
13:29:1.29793,339.1,164.9,fixation
13:29:1.29843,339.4,164.5,fixation
13:29:1.29893,339.8,164.0,fixation
13:29:1.29942,340.3,163.8,fixation
13:29:1.29992,340.4,163.9,fixation
13:29:1.30042,340.5,164.6,fixation
13:29:1.30091,341.0,165.6,fixation
13:29:1.30141,341.4,166.7,fixation
13:29:1.30191,341.7,167.3,fixation
13:29:1.30240,341.7,164.8,fixation
13:29:1.3029,341.8,162.8,fixation
13:29:1.3034,343.5,161.1,fixation
13:29:1.30389,345.0,161.7,fixation
13:29:1.30439,346.0,161.7,fixation
13:29:1.30488,345.6,162.9,fixation
13:29:1.30538,345.2,164.4,fixation
13:29:1.30588,345.2,165.9,fixation
13:29:1.30637,345.3,166.0,fixation
13:29:1.30687,345.7,166.0,fixation
13:29:1.30737,346.5,166.2,fixation
13:29:1.30786,347.4,166.5,fixation
13:29:1.30836,347.8,166.6,fixation
13:29:1.30886,347.7,166.5,fixation
13:29:1.30935,347.6,166.4,fixation
13:29:1.30985,347.2,166.3,fixation
13:29:1.31035,346.9,166.3,fixation
13:29:1.31084,347.5,166.7,fixation
13:29:1.31134,348.8,167.2,fixation
13:29:1.31184,350.0,167.5,fixation
13:29:1.31233,350.3,168.5,fixation
13:29:1.31283,350.3,168.5,fixation
13:29:1.31332,350.9,168.6,fixation
13:29:1.31382,352.3,167.9,saccade
13:29:1.31432,352.3,168.5,saccade
13:29:1.31481,352.3,169.6,saccade
13:29:1.31531,352.3,171.3,saccade
13:29:1.31581,353.2,173.2,saccade
13:29:1.31630,355.1,174.7,saccade
13:29:1.3168,357.1,175.8,saccade
13:29:1.3173,358.8,176.2,saccade
13:29:1.31779,359.6,175.3,saccade
13:29:1.31829,360.3,174.1,saccade
13:29:1.31879,360.3,172.7,saccade
13:29:1.31928,360.2,172.4,saccade
13:29:1.31978,360.8,177.0,saccade
13:29:1.32028,361.5,181.9,saccade
13:29:1.32077,362.5,182.8,saccade
13:29:1.32127,363.6,179.0,saccade
13:29:1.32177,364.9,178.4,saccade
13:29:1.32226,366.0,181.5,saccade
13:29:1.32276,366.3,184.5,saccade
13:29:1.32325,367.6,185.5,saccade
13:29:1.32375,368.8,186.8,saccade
13:29:1.32425,370.2,188.3,saccade
13:29:1.32474,370.5,188.7,saccade
13:29:1.32524,370.7,189.3,saccade
13:29:1.32574,371.5,189.9,saccade
13:29:1.32623,373.9,192.0,saccade
13:29:1.32673,376.8,195.6,saccade
13:29:1.32723,378.9,202.3,saccade
13:29:1.32772,380.4,207.5,saccade
13:29:1.32822,381.9,211.0,saccade
13:29:1.32872,383.0,214.7,saccade
13:29:1.32921,383.2,218.2,saccade
13:29:1.32971,383.5,221.7,saccade
13:29:1.33021,386.5,224.4,saccade
13:29:1.33070,389.5,227.0,saccade
13:29:1.3312,391.8,231.0,saccade
13:29:1.33169,391.3,234.5,saccade
13:29:1.33219,392.1,239.3,saccade
13:29:1.33269,393.0,242.7,saccade
13:29:1.33318,394.4,243.7,saccade
13:29:1.33368,394.7,243.5,saccade
13:29:1.33418,394.8,245.2,saccade
13:29:1.33467,394.6,248.8,saccade
13:29:1.33517,396.5,252.3,saccade
13:29:1.33567,398.7,253.7,saccade
13:29:1.33616,401.2,256.4,saccade
13:29:1.33666,401.4,259.3,saccade
13:29:1.33716,402.3,262.4,saccade
13:29:1.33765,403.3,262.6,saccade
13:29:1.33815,404.4,263.4,saccade
13:29:1.33865,408.0,264.3,saccade
13:29:1.33914,411.3,265.3,saccade
13:29:1.33964,414.3,266.6,saccade
13:29:1.34013,414.7,267.5,saccade
13:29:1.34063,416.2,269.2,saccade
13:29:1.34113,417.5,270.4,saccade
13:29:1.34162,418.3,272.2,saccade
13:29:1.34212,418.8,273.4,saccade
13:29:1.34262,419.6,273.7,saccade
13:29:1.34311,422.4,273.3,saccade
13:29:1.34361,424.5,270.2,saccade
13:29:1.34411,426.6,267.2,saccade
13:29:1.34460,425.8,263.0,saccade
13:29:1.3451,424.9,261.1,saccade
13:29:1.3456,424.0,259.6,saccade
13:29:1.34609,426.7,260.7,saccade
13:29:1.34659,429.1,263.8,saccade
13:29:1.34709,432.1,267.0,saccade
13:29:1.34758,434.7,270.8,saccade
13:29:1.34808,437.9,273.6,saccade
13:29:1.34858,441.0,277.1,saccade
13:29:1.34907,444.2,283.2,saccade
13:29:1.34957,448.1,288.8,saccade
13:29:1.35006,452.7,296.3,saccade
13:29:1.35056,457.9,304.3,saccade
13:29:1.35106,462.5,313.7,saccade
13:29:1.35155,467.3,324.0,saccade
13:29:1.35205,472.1,331.7,saccade
13:29:1.35255,479.2,341.4,saccade
13:29:1.35304,486.0,350.9,saccade
13:29:1.35354,491.8,362.1,saccade
13:29:1.35404,496.3,373.9,saccade
13:29:1.35453,500.0,385.1,saccade
13:29:1.35503,502.9,396.0,saccade
13:29:1.35553,504.2,405.1,saccade
13:29:1.35602,505.4,417.2,saccade
13:29:1.35652,505.5,428.5,saccade
13:29:1.35702,505.2,441.9,saccade
13:29:1.35751,503.3,454.8,saccade
13:29:1.35801,501.0,467.5,saccade
13:29:1.35850,499.4,477.1,saccade
13:29:1.359,498.7,485.4,saccade
13:29:1.3595,497.8,493.2,saccade
13:29:1.35999,496.2,502.8,saccade
13:29:1.36049,494.8,510.6,saccade
13:29:1.36099,493.5,517.9,saccade
13:29:1.36148,492.4,525.7,saccade
13:29:1.36198,491.6,534.5,saccade
13:29:1.36248,491.9,545.1,saccade
13:29:1.36297,492.7,552.0,saccade
13:29:1.36347,493.3,557.3,saccade
13:29:1.36397,495.3,562.2,saccade
13:29:1.36446,497.3,566.8,saccade
13:29:1.36496,500.4,570.4,saccade
13:29:1.36546,501.6,570.4,saccade
13:29:1.36595,503.6,572.3,saccade
13:29:1.36645,504.8,574.3,saccade
13:29:1.36694,505.8,576.3,saccade
13:29:1.36744,505.9,576.2,saccade
13:29:1.36794,505.9,576.1,saccade
13:29:1.36843,505.8,575.9,saccade
13:29:1.36893,505.6,577.3,saccade
13:29:1.36943,506.1,578.8,saccade
13:29:1.36992,507.0,580.1,saccade
13:29:1.37042,507.8,580.0,saccade
13:29:1.37092,508.1,578.9,fixation
13:29:1.37141,508.8,578.4,fixation
13:29:1.37191,509.8,578.3,fixation
13:29:1.37241,510.3,577.6,fixation
13:29:1.37290,509.9,577.0,fixation
13:29:1.3734,509.1,577.0,fixation
13:29:1.3739,508.1,577.5,fixation
13:29:1.37439,507.8,576.5,fixation
13:29:1.37489,507.3,574.9,fixation
13:29:1.37539,506.5,574.0,fixation
13:29:1.37588,505.7,574.8,fixation
13:29:1.37638,505.2,575.6,fixation
13:29:1.37687,505.4,575.7,fixation
13:29:1.37737,505.6,576.0,fixation
13:29:1.37787,506.2,576.3,fixation
13:29:1.37836,507.1,576.5,fixation
13:29:1.37886,507.9,576.4,fixation
13:29:1.37936,507.6,575.8,fixation
13:29:1.37985,506.9,575.2,fixation
13:29:1.38035,506.0,574.9,fixation
13:29:1.38085,505.8,575.2,fixation
13:29:1.38134,507.2,577.3,fixation
13:29:1.38184,508.4,579.2,fixation
13:29:1.38234,509.7,581.0,fixation
13:29:1.38283,509.1,581.2,fixation
13:29:1.38333,508.7,581.4,fixation
13:29:1.38383,508.3,581.7,fixation
13:29:1.38432,508.3,582.2,fixation
13:29:1.38482,508.5,583.3,fixation
13:29:1.38531,508.5,585.6,fixation
13:29:1.38581,509.1,587.4,fixation
13:29:1.38631,509.8,588.4,fixation
13:29:1.38680,510.5,588.1,fixation
13:29:1.3873,512.1,589.2,fixation
13:29:1.3878,513.7,590.8,fixation
13:29:1.38829,514.3,593.4,fixation
13:29:1.38879,513.2,595.4,fixation
13:29:1.38929,512.1,597.3,fixation
13:29:1.38978,512.3,597.1,fixation
13:29:1.39028,512.6,596.0,fixation
13:29:1.39078,512.9,594.9,fixation
13:29:1.39127,512.0,595.7,fixation
13:29:1.39177,511.2,596.3,fixation
13:29:1.39227,510.9,596.9,fixation
13:29:1.39276,511.5,598.7,fixation
13:29:1.39326,512.1,600.7,fixation
13:29:1.39375,511.8,601.6,fixation
13:29:1.39425,511.7,600.0,fixation
13:29:1.39475,512.6,598.6,fixation
13:29:1.39524,513.7,600.9,fixation
13:29:1.39574,514.6,603.8,fixation
13:29:1.39624,514.0,605.4,fixation
13:29:1.39673,513.4,604.2,fixation
13:29:1.39723,512.7,603.0,fixation
13:29:1.39773,513.2,602.7,fixation
13:29:1.39822,514.3,602.3,fixation
13:29:1.39872,515.3,602.3,fixation
13:29:1.39922,515.8,602.7,fixation
13:29:1.39971,515.1,603.2,fixation
13:29:1.40021,514.5,603.1,fixation
13:29:1.40071,514.1,602.1,fixation
13:29:1.40120,514.3,601.1,fixation
13:29:1.4017,514.5,601.3,fixation
13:29:1.4022,514.1,603.4,fixation
13:29:1.40269,513.8,605.1,fixation
13:29:1.40319,513.4,605.3,fixation
13:29:1.40368,513.3,605.4,fixation
13:29:1.40418,512.9,605.8,fixation
13:29:1.40468,512.4,605.7,fixation
13:29:1.40517,511.9,603.3,fixation
13:29:1.40567,511.9,600.9,fixation
13:29:1.40617,511.9,599.5,fixation
13:29:1.40666,511.6,599.7,fixation
13:29:1.40716,510.9,601.7,fixation
13:29:1.40766,511.0,603.6,fixation
13:29:1.40815,511.8,603.5,fixation
13:29:1.40865,512.9,601.6,fixation
13:29:1.40915,512.7,601.8,fixation
13:29:1.40964,512.2,604.1,fixation
13:29:1.41014,511.6,606.3,fixation
13:29:1.41064,512.5,604.4,fixation
13:29:1.41113,513.5,602.5,fixation
13:29:1.41163,514.4,601.6,fixation
13:29:1.41212,514.6,602.6,fixation
13:29:1.41262,514.9,602.9,fixation
13:29:1.41312,515.0,602.3,fixation
13:29:1.41361,514.8,601.9,fixation
13:29:1.41411,514.5,602.1,fixation
13:29:1.41461,513.8,601.1,fixation
13:29:1.41510,513.2,599.7,fixation
13:29:1.4156,513.1,599.5,fixation
13:29:1.4161,513.7,600.6,fixation
13:29:1.41659,515.1,602.3,fixation
13:29:1.41709,515.9,603.4,fixation
13:29:1.41759,515.8,604.4,fixation
13:29:1.41808,514.0,604.8,fixation
13:29:1.41858,512.1,603.9,fixation
13:29:1.41908,511.1,602.2,fixation
13:29:1.41957,511.7,598.9,fixation
13:29:1.42007,512.5,596.3,fixation
13:29:1.42056,512.8,597.2,fixation
13:29:1.42106,513.2,599.9,fixation
13:29:1.42156,513.5,603.9,fixation
13:29:1.42205,514.3,605.4,fixation
13:29:1.42255,514.4,606.6,fixation
13:29:1.42305,513.2,607.3,fixation
13:29:1.42354,511.7,608.0,fixation
13:29:1.42404,510.7,607.5,fixation
13:29:1.42454,511.7,605.6,fixation
13:29:1.42503,512.9,603.0,fixation
13:29:1.42553,513.7,601.5,fixation
13:29:1.42603,514.3,600.7,fixation
13:29:1.42652,514.5,600.7,fixation
13:29:1.42702,514.4,601.0,fixation
13:29:1.42752,514.0,601.6,fixation
13:29:1.42801,513.4,602.2,fixation
13:29:1.42851,513.2,602.8,fixation
13:29:1.42901,513.1,603.3,fixation
13:29:1.42950,513.1,603.7,fixation
13:29:1.43,514.1,603.9,fixation
13:29:1.43049,515.4,601.5,fixation
13:29:1.43099,516.7,599.1,fixation
13:29:1.43149,515.7,596.6,fixation
13:29:1.43198,514.3,596.6,fixation
13:29:1.43248,513.0,596.8,fixation
13:29:1.43298,513.0,598.5,fixation
13:29:1.43347,512.9,600.6,fixation
13:29:1.43397,512.7,603.0,fixation
13:29:1.43447,512.5,603.1,fixation
13:29:1.43496,512.4,602.5,fixation
13:29:1.43546,512.6,601.2,fixation
13:29:1.43596,512.9,600.6,fixation
13:29:1.43645,513.1,600.2,fixation
13:29:1.43695,514.2,602.1,fixation
13:29:1.43745,515.1,604.6,fixation
13:29:1.43794,515.9,607.2,fixation
13:29:1.43844,515.8,607.5,fixation
13:29:1.43893,515.6,607.5,fixation
13:29:1.43943,514.6,606.2,fixation
13:29:1.43993,513.4,604.9,fixation
13:29:1.44042,512.3,603.7,fixation
13:29:1.44092,513.3,604.4,fixation
13:29:1.44142,514.4,605.1,fixation
13:29:1.44191,515.3,606.6,fixation
13:29:1.44241,514.9,607.2,fixation
13:29:1.44291,514.6,606.0,fixation
13:29:1.44340,514.5,604.1,fixation
13:29:1.4439,514.5,603.2,fixation
13:29:1.4444,514.4,604.0,fixation
13:29:1.44489,515.0,604.9,fixation
13:29:1.44539,515.7,607.5,fixation
13:29:1.44589,516.3,610.1,fixation
13:29:1.44638,516.1,610.0,fixation
13:29:1.44688,515.1,607.2,fixation
13:29:1.44737,514.1,604.6,fixation
13:29:1.44787,513.5,604.8,fixation
13:29:1.44837,513.7,604.5,fixation
13:29:1.44886,514.4,604.2,fixation
13:29:1.44936,515.0,604.0,fixation
13:29:1.44986,514.4,604.5,fixation
13:29:1.45035,513.4,605.0,fixation
13:29:1.45085,512.5,605.3,fixation
13:29:1.45135,512.5,605.5,fixation
13:29:1.45184,513.6,605.8,fixation
13:29:1.45234,514.6,606.2,fixation
13:29:1.45284,514.9,606.2,fixation
13:29:1.45333,514.5,604.1,fixation
13:29:1.45383,514.3,602.1,fixation
13:29:1.45433,514.8,599.9,fixation
13:29:1.45482,515.0,599.8,fixation
13:29:1.45532,516.0,601.1,fixation
13:29:1.45582,517.0,602.7,fixation
13:29:1.45631,516.6,604.5,fixation
13:29:1.45681,515.1,604.7,fixation
13:29:1.45730,514.0,605.1,fixation
13:29:1.4578,515.3,605.3,fixation
13:29:1.4583,516.6,605.6,fixation
13:29:1.45879,517.4,606.8,fixation
13:29:1.45929,517.5,607.4,fixation
13:29:1.45979,517.7,607.6,fixation
13:29:1.46028,518.0,606.8,fixation
13:29:1.46078,517.7,606.4,fixation
13:29:1.46128,517.2,606.6,fixation
13:29:1.46177,516.5,606.9,fixation
13:29:1.46227,516.2,607.1,fixation
13:29:1.46277,516.1,606.2,fixation
13:29:1.46326,516.0,605.1,fixation
13:29:1.46376,515.7,603.9,fixation
13:29:1.46426,515.3,603.3,fixation
13:29:1.46475,515.3,602.2,fixation
13:29:1.46525,515.4,601.1,fixation
13:29:1.46574,516.2,600.8,fixation
13:29:1.46624,516.8,601.3,fixation
13:29:1.46674,517.4,601.8,fixation
13:29:1.46723,517.4,601.8,fixation
13:29:1.46773,517.9,601.9,fixation
13:29:1.46823,518.5,602.0,fixation
13:29:1.46872,518.3,603.1,fixation
13:29:1.46922,517.6,603.7,fixation
13:29:1.46972,517.2,604.4,fixation
13:29:1.47021,517.9,604.2,fixation
13:29:1.47071,518.5,604.1,fixation
13:29:1.47121,518.9,604.0,fixation
13:29:1.47170,518.7,605.0,fixation
13:29:1.4722,517.2,606.0,fixation
13:29:1.4727,515.8,606.0,fixation
13:29:1.47319,514.8,604.9,fixation
13:29:1.47369,515.1,603.9,fixation
13:29:1.47419,515.3,603.9,fixation
13:29:1.47468,515.3,604.5,fixation
13:29:1.47518,515.2,605.2,fixation
13:29:1.47567,515.3,605.7,fixation
13:29:1.47617,515.6,605.5,fixation
13:29:1.47667,515.6,605.2,fixation
13:29:1.47716,515.0,605.0,fixation
13:29:1.47766,515.1,603.7,fixation
13:29:1.47816,515.5,602.5,fixation
13:29:1.47865,515.2,601.1,fixation
13:29:1.47915,514.0,601.0,fixation
13:29:1.47965,512.7,601.4,fixation
13:29:1.48014,511.8,602.8,fixation
13:29:1.48064,510.9,604.3,fixation
13:29:1.48114,510.4,603.1,fixation
13:29:1.48163,511.8,601.1,fixation
13:29:1.48213,513.3,599.6,fixation
13:29:1.48263,513.6,600.2,fixation
13:29:1.48312,512.5,600.6,fixation
13:29:1.48362,511.3,601.2,fixation
13:29:1.48411,511.5,601.2,fixation
13:29:1.48461,511.7,601.5,fixation
13:29:1.48511,511.7,601.3,fixation
13:29:1.48560,511.4,601.8,fixation
13:29:1.4861,511.3,603.3,fixation
13:29:1.4866,511.2,604.7,fixation
13:29:1.48709,511.1,605.9,fixation
13:29:1.48759,510.9,605.8,fixation
13:29:1.48809,510.9,606.1,fixation
13:29:1.48858,511.2,606.6,fixation
13:29:1.48908,511.4,606.4,fixation
13:29:1.48958,511.6,605.8,fixation
13:29:1.49007,511.8,605.1,fixation
13:29:1.49057,511.9,605.2,fixation
13:29:1.49107,511.3,605.2,fixation
13:29:1.49156,510.6,605.1,fixation
13:29:1.49206,509.8,605.0,fixation
13:29:1.49255,510.7,604.6,fixation
13:29:1.49305,511.7,603.6,fixation
13:29:1.49355,512.7,602.7,fixation
13:29:1.49404,512.7,603.1,fixation
13:29:1.49454,512.4,605.8,fixation
13:29:1.49504,511.8,608.5,fixation
13:29:1.49553,511.5,610.2,fixation
13:29:1.49603,511.3,610.4,fixation
13:29:1.49653,511.2,610.6,fixation
13:29:1.49702,510.9,610.4,fixation
13:29:1.49752,510.7,610.2,fixation
13:29:1.49802,510.5,610.1,fixation
13:29:1.49851,510.2,610.8,fixation
13:29:1.49901,510.1,611.1,fixation
13:29:1.49951,510.0,611.0,fixation
13:29:1.50000,509.8,610.7,fixation
13:29:1.5005,509.7,610.3,fixation
13:29:1.501,510.5,609.5,fixation
13:29:1.50149,511.7,608.7,fixation
13:29:1.50199,512.9,607.8,fixation
13:29:1.50248,512.1,607.8,fixation
13:29:1.50298,511.1,608.0,fixation
13:29:1.50348,510.0,608.3,fixation
13:29:1.50397,509.9,608.5,fixation
13:29:1.50447,510.0,608.1,fixation
13:29:1.50497,510.2,607.4,fixation
13:29:1.50546,510.5,606.8,fixation
13:29:1.50596,510.5,606.2,fixation
13:29:1.50646,510.3,605.6,fixation
13:29:1.50695,510.0,604.8,fixation
13:29:1.50745,510.0,604.4,fixation
13:29:1.50795,509.7,607.0,fixation
13:29:1.50844,509.3,611.4,fixation
13:29:1.50894,508.8,615.9,fixation
13:29:1.50944,508.8,617.3,fixation
13:29:1.50993,508.9,617.2,fixation
13:29:1.51043,508.5,617.0,fixation
13:29:1.51092,508.1,616.8,fixation
13:29:1.51142,506.4,614.8,saccade
13:29:1.51192,505.8,612.8,saccade
13:29:1.51241,505.6,611.5,saccade
13:29:1.51291,505.7,610.8,saccade
13:29:1.51341,505.7,610.8,saccade
13:29:1.51390,505.9,610.2,saccade
13:29:1.5144,506.1,609.7,saccade
13:29:1.5149,506.2,609.5,saccade
13:29:1.51539,505.4,609.7,saccade
13:29:1.51589,504.6,609.0,saccade
13:29:1.51639,504.0,607.9,saccade
13:29:1.51688,505.0,607.0,saccade
13:29:1.51738,506.1,605.5,saccade
13:29:1.51788,506.8,603.0,saccade
13:29:1.51837,506.6,599.7,saccade
13:29:1.51887,506.0,596.6,saccade
13:29:1.51936,505.5,593.4,saccade
13:29:1.51986,503.5,591.2,saccade
13:29:1.52036,501.8,590.5,saccade
13:29:1.52085,500.9,589.4,saccade
13:29:1.52135,501.3,588.1,saccade
13:29:1.52185,501.7,586.9,saccade
13:29:1.52234,501.7,586.9,saccade
13:29:1.52284,502.0,584.8,saccade
13:29:1.52334,501.8,582.4,saccade
13:29:1.52383,501.6,579.9,saccade
13:29:1.52433,501.1,579.2,saccade
13:29:1.52483,501.0,576.1,fixation
13:29:1.52532,500.8,574.1,fixation
13:29:1.52582,500.6,572.1,fixation
13:29:1.52632,500.4,572.1,fixation
13:29:1.52681,499.6,573.9,fixation
13:29:1.52731,498.0,575.6,fixation
13:29:1.52781,496.7,576.4,fixation
13:29:1.52830,495.4,575.2,fixation
13:29:1.5288,495.0,574.1,fixation
13:29:1.52929,494.5,573.5,fixation
13:29:1.52979,494.5,573.1,fixation
13:29:1.53029,494.5,573.3,fixation
13:29:1.53078,493.3,574.4,fixation
13:29:1.53128,492.1,575.4,fixation
13:29:1.53178,491.1,574.1,fixation
13:29:1.53227,490.8,572.3,fixation
13:29:1.53277,490.6,570.6,fixation
13:29:1.53327,490.2,572.3,fixation
13:29:1.53376,488.6,573.9,fixation
13:29:1.53426,486.9,575.3,fixation
13:29:1.53476,485.5,575.0,fixation
13:29:1.53525,485.2,574.8,fixation
13:29:1.53575,484.9,574.8,fixation
13:29:1.53625,485.0,574.7,fixation
13:29:1.53674,485.4,574.6,fixation
13:29:1.53724,485.8,574.0,fixation
13:29:1.53773,485.6,573.6,fixation
13:29:1.53823,485.7,573.1,fixation
13:29:1.53873,485.8,573.9,fixation
13:29:1.53922,486.0,574.5,fixation
13:29:1.53972,486.6,574.7,fixation
13:29:1.54022,487.3,574.3,fixation
13:29:1.54071,488.3,572.7,fixation
13:29:1.54121,488.7,571.7,fixation
13:29:1.54171,488.8,572.2,fixation
13:29:1.54220,487.7,573.8,fixation
13:29:1.5427,486.9,573.4,fixation
13:29:1.5432,486.3,571.5,fixation
13:29:1.54369,487.2,569.6,fixation
13:29:1.54419,487.9,570.4,fixation
13:29:1.54469,488.6,571.3,fixation
13:29:1.54518,488.7,571.9,fixation
13:29:1.54568,488.7,571.9,fixation
13:29:1.54617,488.5,571.8,fixation
13:29:1.54667,488.3,572.2,fixation
13:29:1.54717,487.8,573.0,fixation
13:29:1.54766,487.4,573.8,fixation
13:29:1.54816,487.2,573.9,fixation
13:29:1.54866,487.4,573.4,fixation
13:29:1.54915,487.4,573.3,fixation
13:29:1.54965,488.2,574.0,fixation
13:29:1.55015,489.9,574.8,fixation
13:29:1.55064,491.6,575.2,fixation
13:29:1.55114,491.8,574.3,fixation
13:29:1.55164,490.4,573.5,fixation
13:29:1.55213,488.9,572.9,fixation
13:29:1.55263,489.6,573.3,fixation
13:29:1.55313,491.1,573.8,fixation
13:29:1.55362,492.4,574.0,fixation
13:29:1.55412,492.0,573.8,fixation
13:29:1.55462,491.6,573.4,fixation
13:29:1.55511,491.1,573.0,fixation
13:29:1.55561,491.1,572.9,fixation
13:29:1.55610,491.3,572.0,fixation
13:29:1.5566,490.5,570.9,fixation
13:29:1.5571,489.5,570.5,fixation
13:29:1.55759,488.8,570.9,fixation
13:29:1.55809,489.3,571.5,fixation
13:29:1.55859,489.8,572.0,fixation
13:29:1.55908,489.1,574.3,fixation
13:29:1.55958,488.3,576.6,fixation
13:29:1.56008,489.0,577.7,fixation
13:29:1.56057,490.6,577.0,fixation
13:29:1.56107,492.3,576.4,fixation
13:29:1.56157,492.5,576.4,fixation
13:29:1.56206,492.4,575.9,fixation
13:29:1.56256,491.8,575.4,fixation
13:29:1.56306,490.7,574.8,fixation
13:29:1.56355,489.6,575.0,fixation
13:29:1.56405,488.6,575.2,fixation
13:29:1.56454,488.1,576.2,fixation
13:29:1.56504,487.4,576.6,fixation
13:29:1.56554,487.2,576.5,fixation
13:29:1.56603,487.4,575.8,fixation
13:29:1.56653,488.1,575.6,fixation
13:29:1.56703,489.0,575.7,fixation
13:29:1.56752,489.6,575.9,fixation
13:29:1.56802,489.8,576.1,fixation
13:29:1.56852,489.6,576.5,fixation
13:29:1.56901,489.3,576.4,fixation
13:29:1.56951,489.0,576.2,fixation
13:29:1.57001,488.9,576.1,fixation
13:29:1.57050,489.1,576.5,fixation
13:29:1.571,489.4,576.1,fixation
13:29:1.5715,490.2,575.5,fixation
13:29:1.57199,490.9,574.7,fixation
13:29:1.57249,491.3,574.8,fixation
13:29:1.57298,491.0,574.8,fixation
13:29:1.57348,490.6,574.8,fixation
13:29:1.57398,489.9,576.7,fixation
13:29:1.57447,489.5,578.7,fixation
13:29:1.57497,489.2,580.1,fixation
13:29:1.57547,489.5,579.6,fixation
13:29:1.57596,489.9,579.0,fixation
13:29:1.57646,489.2,577.5,fixation
13:29:1.57696,488.3,575.9,fixation
13:29:1.57745,488.1,576.8,fixation
13:29:1.57795,488.8,579.2,fixation
13:29:1.57845,489.5,581.1,fixation
13:29:1.57894,489.6,580.3,fixation
13:29:1.57944,489.7,579.5,fixation
13:29:1.57994,489.6,579.2,fixation
13:29:1.58043,489.4,579.7,fixation
13:29:1.58093,489.3,580.3,fixation
13:29:1.58143,489.4,579.2,fixation
13:29:1.58192,489.5,577.4,fixation
13:29:1.58242,489.8,576.0,fixation
13:29:1.58291,490.1,576.7,fixation
13:29:1.58341,490.5,577.0,fixation
13:29:1.58391,490.5,576.9,fixation
13:29:1.58440,490.3,576.4,fixation
13:29:1.5849,489.8,576.6,fixation
13:29:1.5854,488.8,576.7,fixation
13:29:1.58589,487.7,576.8,fixation
13:29:1.58639,486.7,576.5,fixation
13:29:1.58689,486.7,576.4,fixation
13:29:1.58738,486.9,576.4,fixation
13:29:1.58788,487.1,576.4,fixation
13:29:1.58838,486.8,576.5,fixation
13:29:1.58887,486.6,576.5,fixation
13:29:1.58937,486.5,576.5,fixation
13:29:1.58987,486.6,576.4,fixation
13:29:1.59036,486.7,576.5,fixation
13:29:1.59086,486.8,576.6,fixation
13:29:1.59135,486.8,577.0,fixation
13:29:1.59185,486.7,577.3,fixation
13:29:1.59235,486.6,577.3,fixation
13:29:1.59284,486.5,576.9,fixation
13:29:1.59334,486.8,576.6,fixation
13:29:1.59384,487.2,576.7,fixation
13:29:1.59433,487.0,576.6,fixation
13:29:1.59483,486.3,576.4,fixation
13:29:1.59533,485.7,576.0,fixation
13:29:1.59582,486.6,575.9,fixation
13:29:1.59632,487.4,575.8,fixation
13:29:1.59682,488.1,576.2,fixation
13:29:1.59731,487.6,577.0,fixation
13:29:1.59781,487.2,577.8,fixation
13:29:1.59831,486.5,577.7,fixation
13:29:1.59880,485.9,577.2,fixation
13:29:1.5993,485.9,576.6,fixation
13:29:1.59979,486.9,574.5,fixation
13:29:1.60029,487.8,572.3,fixation
13:29:1.60079,488.3,570.4,fixation
13:29:1.60128,488.4,570.8,fixation
13:29:1.60178,488.0,571.4,fixation
13:29:1.60228,487.1,573.6,fixation
13:29:1.60277,486.2,575.9,fixation
13:29:1.60327,485.9,578.0,fixation
13:29:1.60377,486.4,578.4,fixation
13:29:1.60426,486.7,580.2,fixation
13:29:1.60476,487.1,582.1,fixation
13:29:1.60526,486.0,581.6,fixation
13:29:1.60575,485.1,579.3,fixation
13:29:1.60625,484.7,578.0,fixation
13:29:1.60675,485.1,579.8,fixation
13:29:1.60724,485.5,581.5,fixation
13:29:1.60774,484.5,582.2,fixation
13:29:1.60824,483.9,581.2,fixation
13:29:1.60873,483.2,580.2,fixation
13:29:1.60923,483.7,580.0,fixation
13:29:1.60972,483.9,580.5,fixation
13:29:1.61022,483.8,581.3,fixation
13:29:1.61072,483.3,581.4,fixation
13:29:1.61121,483.4,579.8,fixation
13:29:1.61171,483.7,577.9,fixation
13:29:1.61221,483.8,576.5,fixation
13:29:1.61270,483.6,577.0,fixation
13:29:1.6132,483.1,577.5,fixation
13:29:1.6137,482.7,577.8,fixation
13:29:1.61419,483.1,578.0,fixation
13:29:1.61469,483.9,578.3,fixation
13:29:1.61519,484.7,578.4,fixation
13:29:1.61568,484.7,578.4,fixation
13:29:1.61618,484.8,578.4,fixation
13:29:1.61668,485.0,577.6,fixation
13:29:1.61717,485.2,576.8,fixation
13:29:1.61767,485.2,577.6,fixation
13:29:1.61816,485.5,579.3,fixation
13:29:1.61866,485.7,581.3,fixation
13:29:1.61916,485.8,581.7,fixation
13:29:1.61965,485.7,580.9,fixation
13:29:1.62015,485.6,579.6,fixation
13:29:1.62065,485.9,577.6,fixation
13:29:1.62114,485.0,576.7,fixation
13:29:1.62164,484.1,575.9,fixation
13:29:1.62214,483.4,576.5,fixation
13:29:1.62263,483.7,577.2,fixation
13:29:1.62313,484.1,578.0,fixation
13:29:1.62363,484.1,578.2,fixation
13:29:1.62412,484.4,578.4,fixation
13:29:1.62462,484.6,578.7,fixation
13:29:1.62512,484.5,578.7,fixation
13:29:1.62561,484.1,578.7,fixation
13:29:1.62611,483.5,578.7,fixation
13:29:1.62661,482.9,579.8,fixation
13:29:1.62710,482.3,580.7,fixation
13:29:1.6276,483.3,581.7,fixation
13:29:1.62809,484.8,581.4,fixation
13:29:1.62859,485.6,581.1,fixation
13:29:1.62909,484.9,580.7,fixation
13:29:1.62958,484.1,581.3,fixation
13:29:1.63008,484.0,581.9,fixation
13:29:1.63058,482.8,581.7,fixation
13:29:1.63107,482.1,578.2,fixation
13:29:1.63157,481.8,574.8,fixation
13:29:1.63207,483.0,573.4,fixation
13:29:1.63256,483.9,574.8,fixation
13:29:1.63306,484.3,576.5,fixation
13:29:1.63356,484.6,577.2,fixation
13:29:1.63405,484.5,578.4,fixation
13:29:1.63455,484.4,579.4,fixation
13:29:1.63505,483.9,579.9,fixation
13:29:1.63554,484.6,579.4,fixation
13:29:1.63604,485.6,578.8,fixation
13:29:1.63653,485.9,578.5,fixation
13:29:1.63703,485.3,578.9,fixation
13:29:1.63753,484.6,579.3,fixation
13:29:1.63802,483.5,578.2,fixation
13:29:1.63852,482.5,576.9,fixation
13:29:1.63902,481.5,578.0,fixation
13:29:1.63951,482.6,580.4,fixation
13:29:1.64001,483.7,582.2,fixation
13:29:1.64051,484.9,581.5,fixation
13:29:1.64100,485.0,580.1,fixation
13:29:1.6415,484.9,578.7,fixation
13:29:1.642,485.0,577.5,fixation
13:29:1.64249,485.0,578.2,fixation
13:29:1.64299,485.2,579.6,fixation
13:29:1.64349,485.3,580.9,fixation
13:29:1.64398,484.9,580.8,fixation
13:29:1.64448,484.3,580.6,fixation
13:29:1.64497,483.7,580.3,fixation
13:29:1.64547,484.0,580.4,fixation
13:29:1.64597,484.8,580.8,fixation
13:29:1.64646,485.4,581.5,fixation
13:29:1.64696,486.0,580.1,fixation
13:29:1.64746,485.6,578.3,fixation
13:29:1.64795,485.1,577.0,fixation
13:29:1.64845,484.3,577.3,fixation
13:29:1.64895,483.9,577.6,fixation
13:29:1.64944,484.4,578.1,fixation
13:29:1.64994,485.1,579.1,fixation
13:29:1.65044,485.8,579.2,fixation
13:29:1.65093,485.7,578.7,fixation
13:29:1.65143,485.6,577.6,fixation
13:29:1.65193,485.5,577.3,fixation
13:29:1.65242,485.0,579.8,fixation
13:29:1.65292,484.5,582.4,fixation
13:29:1.65342,484.8,585.4,fixation
13:29:1.65391,485.6,585.6,fixation
13:29:1.65441,486.2,586.2,fixation
13:29:1.65490,485.9,586.5,fixation
13:29:1.6554,485.3,586.1,fixation
13:29:1.6559,484.9,585.2,fixation
13:29:1.65639,484.6,582.9,fixation
13:29:1.65689,484.7,581.3,fixation
13:29:1.65739,484.4,581.8,fixation
13:29:1.65788,483.8,583.7,fixation
13:29:1.65838,483.2,585.5,fixation
13:29:1.65888,483.0,584.6,fixation
13:29:1.65937,482.7,583.6,fixation
13:29:1.65987,482.3,583.7,fixation
13:29:1.66037,482.4,583.4,fixation
13:29:1.66086,483.1,583.8,fixation
13:29:1.66136,484.0,583.0,fixation
13:29:1.66186,485.0,583.7,fixation
13:29:1.66235,485.6,584.3,fixation
13:29:1.66285,486.0,585.4,fixation
13:29:1.66334,485.7,586.5,fixation
13:29:1.66384,483.9,586.4,fixation
13:29:1.66434,482.1,585.4,fixation
13:29:1.66483,481.6,584.5,fixation
13:29:1.66533,482.6,584.2,fixation
13:29:1.66583,483.6,584.3,fixation
13:29:1.66632,484.1,584.9,fixation
13:29:1.66682,484.8,585.4,fixation
13:29:1.66732,485.6,585.9,fixation
13:29:1.66781,485.3,587.1,fixation
13:29:1.66831,483.7,588.2,fixation
13:29:1.66881,482.3,588.7,fixation
13:29:1.66930,481.2,588.1,fixation
13:29:1.6698,482.1,587.7,fixation
13:29:1.6703,483.1,586.3,fixation
13:29:1.67079,484.2,584.8,fixation
13:29:1.67129,484.6,583.2,fixation
13:29:1.67178,482.1,584.0,fixation
13:29:1.67228,479.4,584.8,fixation
13:29:1.67278,477.0,585.6,fixation
13:29:1.67327,477.6,585.6,fixation
13:29:1.67377,478.5,585.7,fixation
13:29:1.67427,479.1,585.5,fixation
13:29:1.67476,480.0,585.2,fixation
13:29:1.67526,480.3,584.5,fixation
13:29:1.67576,480.6,584.0,fixation
13:29:1.67625,480.3,583.7,fixation
13:29:1.67675,480.7,583.5,fixation
13:29:1.67725,481.2,583.4,fixation
13:29:1.67774,481.7,583.5,fixation
13:29:1.67824,481.9,583.8,fixation
13:29:1.67874,482.3,583.4,fixation
13:29:1.67923,482.7,582.7,fixation
13:29:1.67973,483.0,582.1,fixation
13:29:1.68023,482.9,582.3,fixation
13:29:1.68072,482.7,582.7,fixation
13:29:1.68122,482.7,583.2,fixation
13:29:1.68171,482.6,583.7,fixation
13:29:1.68221,482.5,584.9,fixation
13:29:1.68271,483.0,586.7,fixation
13:29:1.68320,483.6,588.4,fixation
13:29:1.6837,484.1,589.1,fixation
13:29:1.6842,484.0,589.1,fixation
13:29:1.68469,484.1,588.1,fixation
13:29:1.68519,484.1,587.2,fixation
13:29:1.68569,483.9,586.4,fixation
13:29:1.68618,484.0,586.8,fixation
13:29:1.68668,484.1,586.7,fixation
13:29:1.68718,484.4,586.5,fixation
13:29:1.68767,483.9,587.2,fixation
13:29:1.68817,483.4,588.3,fixation
13:29:1.68867,482.7,589.6,fixation
13:29:1.68916,482.2,589.9,fixation
13:29:1.68966,483.3,591.2,fixation
13:29:1.69015,484.5,592.3,fixation
13:29:1.69065,485.8,593.1,fixation
13:29:1.69115,485.8,593.2,fixation
13:29:1.69164,486.3,594.4,fixation
13:29:1.69214,486.8,595.6,fixation
13:29:1.69264,486.0,596.7,fixation
13:29:1.69313,484.4,596.4,fixation
13:29:1.69363,482.6,595.4,fixation
13:29:1.69413,481.7,595.0,fixation
13:29:1.69462,481.2,594.6,fixation
13:29:1.69512,480.9,595.0,fixation
13:29:1.69562,481.8,594.8,fixation
13:29:1.69611,483.0,594.0,fixation
13:29:1.69661,484.3,593.3,fixation
13:29:1.69711,484.4,594.2,fixation
13:29:1.69760,484.2,596.5,fixation
13:29:1.6981,483.0,598.8,fixation
13:29:1.69859,482.1,598.4,fixation
13:29:1.69909,482.2,597.5,fixation
13:29:1.69959,483.2,596.0,fixation
13:29:1.70008,484.5,595.2,fixation
13:29:1.70058,485.2,594.4,fixation
13:29:1.70108,485.9,594.1,fixation
13:29:1.70157,486.1,594.7,fixation
13:29:1.70207,486.0,595.1,fixation
13:29:1.70257,485.9,595.5,fixation
13:29:1.70306,485.8,595.2,fixation
13:29:1.70356,484.4,594.7,fixation
13:29:1.70406,483.3,592.6,fixation
13:29:1.70455,482.3,590.6,fixation
13:29:1.70505,482.7,590.3,fixation
13:29:1.70555,483.5,591.9,fixation
13:29:1.70604,484.3,593.4,fixation
13:29:1.70654,484.5,590.6,fixation
13:29:1.70704,484.1,587.7,fixation
13:29:1.70753,483.2,587.4,fixation
13:29:1.70803,482.8,589.9,fixation
13:29:1.70852,483.0,592.4,fixation
13:29:1.70902,483.7,592.1,fixation
13:29:1.70952,484.5,591.8,fixation
13:29:1.71001,484.5,591.8,fixation
