TimeStamp,X,Y,Event
11:34:54.6129,1084.7,634.8,saccade
11:34:54.6134,1084.4,634.3,saccade
11:34:54.6139,1084.4,633.3,saccade
11:34:54.6144,1084.5,632.6,saccade
11:34:54.6149,1084.5,633.4,saccade
11:34:54.6154,1084.6,634.0,saccade
11:34:54.6159,1084.7,635.0,saccade
11:34:54.6164,1085.0,636.1,saccade
11:34:54.6169,1085.3,637.1,saccade
11:34:54.6174,1085.5,638.2,saccade
11:34:54.6179,1085.7,639.0,saccade
11:34:54.6184,1085.9,639.8,saccade
11:34:54.6189,1086.1,639.8,saccade
11:34:54.6194,1085.0,637.4,saccade
11:34:54.6199,1083.0,634.0,saccade
11:34:54.6204,1080.7,628.1,saccade
11:34:54.6209,1079.2,624.0,saccade
11:34:54.6214,1075.4,620.9,saccade
11:34:54.6219,1070.3,615.5,saccade
11:34:54.6224,1064.3,609.8,saccade
11:34:54.6229,1061.0,602.1,saccade
11:34:54.6234,1055.7,596.1,saccade
11:34:54.6239,1047.4,587.4,saccade
11:34:54.6244,1037.7,578.3,saccade
11:34:54.6249,1028.7,570.5,saccade
11:34:54.6254,1020.4,564.0,saccade
11:34:54.6259,1008.9,558.4,saccade
11:34:54.6264,998.9,550.8,saccade
11:34:54.6269,989.1,543.7,saccade
11:34:54.6274,981.1,535.6,saccade
11:34:54.6279,970.5,527.0,saccade
11:34:54.6284,961.6,519.1,saccade
11:34:54.6289,952.9,509.7,saccade
11:34:54.6294,943.7,501.9,saccade
11:34:54.6299,932.2,494.2,saccade
11:34:54.6304,921.1,486.5,saccade
11:34:54.6309,910.9,479.5,saccade
11:34:54.6314,902.4,469.3,saccade
11:34:54.6319,894.3,462.6,saccade
11:34:54.6324,885.0,454.6,saccade
11:34:54.6329,875.8,449.6,saccade
11:34:54.6334,865.9,442.3,saccade
11:34:54.6339,857.2,434.4,saccade
11:34:54.6344,850.7,426.5,saccade
11:34:54.6349,841.8,417.3,saccade
11:34:54.6354,832.8,412.0,saccade
11:34:54.6359,821.7,403.5,saccade
11:34:54.6364,810.4,398.3,saccade
11:34:54.6369,802.8,389.9,saccade
11:34:54.6374,792.8,383.5,saccade
11:34:54.6379,783.3,377.4,saccade
11:34:54.6384,772.8,371.9,saccade
11:34:54.6389,765.1,368.0,saccade
11:34:54.6394,758.6,359.5,saccade
11:34:54.6399,748.0,351.3,saccade
11:34:54.6404,736.3,341.7,saccade
11:34:54.6409,727.8,335.7,saccade
11:34:54.6414,719.5,328.3,saccade
11:34:54.6419,711.0,322.2,saccade
11:34:54.6424,700.5,317.1,saccade
11:34:54.6429,693.0,314.3,saccade
11:34:54.6434,683.4,312.6,saccade
11:34:54.6439,675.5,311.0,saccade
11:34:54.6444,663.5,309.9,saccade
11:34:54.6449,653.7,308.6,saccade
11:34:54.6454,641.9,307.1,saccade
11:34:54.6459,633.3,306.5,saccade
11:34:54.6464,624.6,304.1,saccade
11:34:54.6469,616.2,301.6,saccade
11:34:54.6474,605.5,299.5,saccade
11:34:54.6479,595.9,299.6,saccade
11:34:54.6484,588.2,298.2,saccade
11:34:54.6489,581.5,296.3,saccade
11:34:54.6494,574.5,293.5,saccade
11:34:54.6499,565.2,292.2,saccade
11:34:54.6504,557.9,293.1,saccade
11:34:54.6509,550.1,294.8,saccade
11:34:54.6514,542.1,297.0,saccade
11:34:54.6519,534.0,296.8,saccade
11:34:54.6524,526.1,296.6,saccade
11:34:54.6529,518.8,297.7,saccade
11:34:54.6534,511.3,299.0,saccade
11:34:54.6539,504.9,302.2,saccade
11:34:54.6544,498.7,303.7,saccade
11:34:54.6549,494.0,305.7,saccade
11:34:54.6554,490.3,306.8,saccade
11:34:54.6559,484.8,308.5,saccade
11:34:54.6564,480.4,309.9,saccade
11:34:54.6569,475.0,310.5,saccade
11:34:54.6574,472.3,310.6,saccade
11:34:54.6579,470.0,311.3,saccade
11:34:54.6584,468.7,311.9,saccade
11:34:54.6589,467.4,310.6,saccade
11:34:54.6594,465.6,308.7,saccade
11:34:54.6599,463.6,309.1,saccade
11:34:54.6604,463.3,311.4,saccade
11:34:54.6609,463.3,311.7,saccade
11:34:54.6614,464.5,308.5,saccade
11:34:54.6619,466.2,305.4,saccade
11:34:54.6624,467.7,303.7,saccade
11:34:54.6629,468.1,302.9,saccade
11:34:54.6634,468.0,300.7,saccade
11:34:54.6639,468.3,297.8,saccade
11:34:54.6644,469.6,293.1,saccade
11:34:54.6649,471.5,289.9,saccade
11:34:54.6654,475.3,288.2,saccade
11:34:54.6659,478.4,286.4,saccade
11:34:54.6664,480.8,284.4,saccade
11:34:54.6669,482.6,282.2,saccade
11:34:54.6674,484.4,281.2,saccade
11:34:54.6679,486.3,279.9,saccade
11:34:54.6684,486.7,277.7,saccade
11:34:54.6689,486.9,275.8,saccade
11:34:54.6694,487.2,274.5,saccade
11:34:54.6699,487.4,274.2,saccade
11:34:54.6704,487.9,274.3,saccade
11:34:54.6709,488.8,274.5,saccade
11:34:54.6714,489.5,274.4,saccade
11:34:54.6719,489.7,274.3,saccade
11:34:54.6724,488.0,274.1,saccade
11:34:54.6729,486.4,274.3,saccade
11:34:54.6734,486.0,274.6,fixation
11:34:54.6739,487.3,274.6,fixation
11:34:54.6744,487.9,274.5,fixation
11:34:54.6749,486.2,276.5,fixation
11:34:54.6754,483.8,278.5,fixation
11:34:54.6759,480.8,280.4,fixation
11:34:54.6764,478.7,280.3,fixation
11:34:54.6769,478.2,280.2,fixation
11:34:54.6774,480.0,280.6,fixation
11:34:54.6779,481.7,282.4,fixation
11:34:54.6784,481.6,284.3,fixation
11:34:54.6789,479.1,285.8,fixation
11:34:54.6794,476.7,286.0,fixation
11:34:54.6799,475.7,286.1,fixation
11:34:54.6804,476.4,286.0,fixation
11:34:54.6809,477.1,286.0,fixation
11:34:54.6814,476.5,286.3,fixation
11:34:54.6819,475.5,287.0,fixation
11:34:54.6824,476.5,287.8,fixation
11:34:54.6829,478.3,287.2,fixation
11:34:54.6834,479.7,286.1,fixation
11:34:54.6839,479.1,285.3,fixation
11:34:54.6844,479.4,285.9,fixation
11:34:54.6849,480.7,286.1,fixation
11:34:54.6854,481.9,286.0,fixation
11:34:54.6859,482.7,285.5,fixation
11:34:54.6864,482.9,285.3,fixation
11:34:54.6869,483.1,286.1,fixation
11:34:54.6874,482.9,287.8,fixation
11:34:54.6879,482.7,289.8,fixation
11:34:54.6884,482.7,290.8,fixation
11:34:54.6889,483.8,290.9,fixation
11:34:54.6894,484.6,291.4,fixation
11:34:54.6899,485.2,291.8,fixation
11:34:54.6904,483.1,291.8,fixation
11:34:54.6909,481.2,291.3,fixation
11:34:54.6914,480.7,290.8,fixation
11:34:54.6919,482.6,290.9,fixation
11:34:54.6924,484.6,290.6,fixation
11:34:54.6929,483.1,290.2,fixation
11:34:54.6934,481.0,289.5,fixation
11:34:54.6939,479.2,289.3,fixation
11:34:54.6944,479.9,288.8,fixation
11:34:54.6949,480.6,288.4,fixation
11:34:54.6954,480.8,290.0,fixation
11:34:54.6959,480.5,292.0,fixation
11:34:54.6964,479.8,293.7,fixation
11:34:54.6969,479.3,293.5,fixation
11:34:54.6974,480.1,294.9,fixation
11:34:54.6979,481.2,296.4,fixation
11:34:54.6984,482.3,297.4,fixation
11:34:54.6989,481.3,296.5,fixation
11:34:54.6994,480.4,295.3,fixation
11:34:54.6999,479.2,294.3,fixation
11:34:54.7004,478.9,293.6,fixation
11:34:54.7009,478.4,293.4,fixation
11:34:54.7014,478.3,291.6,fixation
11:34:54.7019,478.2,289.8,fixation
11:34:54.7024,478.1,288.5,fixation
11:34:54.7029,478.1,289.3,fixation
11:34:54.7034,478.1,290.4,fixation
11:34:54.7039,478.7,291.4,fixation
11:34:54.7044,479.0,291.9,fixation
11:34:54.7049,478.9,289.6,fixation
11:34:54.7054,478.5,287.0,fixation
11:34:54.7059,477.4,285.4,fixation
11:34:54.7064,477.4,286.5,fixation
11:34:54.7069,477.3,287.6,fixation
11:34:54.7074,477.8,288.1,fixation
11:34:54.7079,477.6,289.1,fixation
11:34:54.7084,477.9,290.1,fixation
11:34:54.7089,478.2,290.5,fixation
11:34:54.7094,478.6,288.2,fixation
11:34:54.7099,478.5,285.9,fixation
11:34:54.7104,478.0,283.6,fixation
11:34:54.7109,477.8,286.7,fixation
11:34:54.7114,477.7,289.8,fixation
11:34:54.7119,478.2,292.9,fixation
11:34:54.7124,478.3,292.8,fixation
11:34:54.7129,478.4,292.7,fixation
11:34:54.7134,479.0,292.7,fixation
11:34:54.7139,479.8,290.9,fixation
11:34:54.7144,480.8,289.2,fixation
11:34:54.7149,481.1,288.0,fixation
11:34:54.7154,479.3,288.8,fixation
11:34:54.7159,477.3,289.8,fixation
11:34:54.7164,475.4,290.1,fixation
11:34:54.7169,475.3,290.2,fixation
11:34:54.7174,475.2,290.2,fixation
11:34:54.7179,475.1,290.3,fixation
11:34:54.7184,477.0,290.6,fixation
11:34:54.7189,479.0,290.5,fixation
11:34:54.7194,480.6,290.4,fixation
11:34:54.7199,480.1,289.9,fixation
11:34:54.7204,479.6,289.4,fixation
11:34:54.7209,479.6,288.9,fixation
11:34:54.7214,479.7,288.7,fixation
11:34:54.7219,479.3,288.5,fixation
11:34:54.7224,479.0,288.2,fixation
11:34:54.7229,480.1,288.6,fixation
11:34:54.7234,481.7,289.3,fixation
11:34:54.7239,482.8,290.5,fixation
11:34:54.7244,482.4,291.3,fixation
11:34:54.7249,482.3,292.2,fixation
11:34:54.7254,482.7,292.5,fixation
11:34:54.7259,482.2,292.5,fixation
11:34:54.7264,481.3,292.1,fixation
11:34:54.7269,480.3,291.5,fixation
11:34:54.7274,480.4,289.4,fixation
11:34:54.7279,480.5,287.4,fixation
11:34:54.7284,480.7,285.7,fixation
11:34:54.7289,480.3,285.6,fixation
11:34:54.7294,479.9,285.7,fixation
11:34:54.7299,479.4,285.8,fixation
11:34:54.7304,479.1,286.1,fixation
11:34:54.7309,478.8,287.4,fixation
11:34:54.7314,478.7,288.8,fixation
11:34:54.7319,478.5,289.5,fixation
11:34:54.7324,478.3,289.2,fixation
11:34:54.7329,478.2,288.1,fixation
11:34:54.7334,478.3,287.2,fixation
11:34:54.7339,478.2,286.4,fixation
11:34:54.7344,478.2,286.5,fixation
11:34:54.7349,478.1,286.6,fixation
11:34:54.7354,478.0,286.7,fixation
11:34:54.7359,476.6,286.8,fixation
11:34:54.7364,475.2,287.2,fixation
11:34:54.7369,473.7,287.6,fixation
11:34:54.7374,473.7,288.0,fixation
11:34:54.7379,473.6,288.0,fixation
11:34:54.7384,473.4,288.7,fixation
11:34:54.7389,474.5,289.5,fixation
11:34:54.7394,475.6,290.3,fixation
11:34:54.7399,476.8,290.6,fixation
11:34:54.7404,478.3,291.0,fixation
11:34:54.7409,479.9,291.5,fixation
11:34:54.7414,479.5,291.9,fixation
11:34:54.7419,477.6,292.0,fixation
11:34:54.7424,476.9,290.2,fixation
11:34:54.7429,478.2,288.0,fixation
11:34:54.7434,479.7,286.0,fixation
11:34:54.7439,480.1,285.8,fixation
11:34:54.7444,480.6,286.5,fixation
11:34:54.7449,480.8,287.1,fixation
11:34:54.7454,479.9,287.5,fixation
11:34:54.7459,478.6,287.3,fixation
11:34:54.7464,477.3,287.7,fixation
11:34:54.7469,476.9,288.3,fixation
11:34:54.7474,476.8,287.9,fixation
11:34:54.7479,477.7,286.9,fixation
11:34:54.7484,479.4,285.7,fixation
11:34:54.7489,481.1,284.7,fixation
11:34:54.7494,482.0,283.6,fixation
11:34:54.7499,481.4,285.3,fixation
11:34:54.7504,480.5,287.7,fixation
11:34:54.7509,479.7,288.8,fixation
11:34:54.7514,479.9,287.6,fixation
11:34:54.7519,480.7,286.4,fixation
11:34:54.7524,481.5,286.5,fixation
11:34:54.7529,481.7,286.5,fixation
11:34:54.7534,481.5,286.6,fixation
11:34:54.7539,481.4,285.9,fixation
11:34:54.7544,481.3,285.8,fixation
11:34:54.7549,481.3,286.5,fixation
11:34:54.7554,481.3,287.9,fixation
11:34:54.7559,480.1,288.5,fixation
11:34:54.7564,478.9,288.4,fixation
11:34:54.7569,477.8,286.4,fixation
11:34:54.7574,477.9,284.3,fixation
11:34:54.7579,478.0,283.3,fixation
11:34:54.7584,477.9,284.3,fixation
11:34:54.7589,477.8,285.9,fixation
11:34:54.7594,477.8,286.5,fixation
11:34:54.7599,478.2,287.0,fixation
11:34:54.7604,479.1,286.8,fixation
11:34:54.7609,480.0,286.6,fixation
11:34:54.7614,480.2,286.9,fixation
11:34:54.7619,479.7,287.1,fixation
11:34:54.7624,478.7,286.8,fixation
11:34:54.7629,477.9,286.4,fixation
11:34:54.7634,477.3,286.0,fixation
11:34:54.7639,477.3,286.1,fixation
11:34:54.7644,477.2,287.4,fixation
11:34:54.7649,477.3,288.7,fixation
11:34:54.7654,477.5,290.0,fixation
11:34:54.7659,477.9,289.5,fixation
11:34:54.7664,478.3,287.6,fixation
11:34:54.7669,477.7,286.3,fixation
11:34:54.7674,476.7,286.1,fixation
11:34:54.7679,475.6,287.4,fixation
11:34:54.7684,475.8,288.1,fixation
11:34:54.7689,476.2,288.2,fixation
11:34:54.7694,476.9,288.5,fixation
11:34:54.7699,477.1,288.8,fixation
11:34:54.7704,477.1,289.8,fixation
11:34:54.7709,476.9,290.4,fixation
11:34:54.7714,477.2,290.7,fixation
11:34:54.7719,477.3,290.8,fixation
11:34:54.7724,477.2,291.0,fixation
11:34:54.7729,476.5,291.3,fixation
11:34:54.7734,476.1,291.0,fixation
11:34:54.7739,476.0,289.9,fixation
11:34:54.7744,476.5,288.9,fixation
11:34:54.7749,477.6,288.1,fixation
11:34:54.7754,478.5,288.4,fixation
11:34:54.7759,478.9,289.0,fixation
11:34:54.7764,478.6,289.3,fixation
11:34:54.7769,478.3,289.4,fixation
11:34:54.7774,478.2,289.3,fixation
11:34:54.7779,478.1,289.4,fixation
11:34:54.7784,478.0,289.5,fixation
11:34:54.7789,478.0,289.7,fixation
11:34:54.7794,478.0,290.2,fixation
11:34:54.7799,479.1,291.1,fixation
11:34:54.7804,480.2,292.1,fixation
11:34:54.7809,481.3,292.6,fixation
11:34:54.7814,481.2,292.7,fixation
11:34:54.7819,480.7,292.7,fixation
11:34:54.7824,480.0,292.7,fixation
11:34:54.7829,479.2,292.8,fixation
11:34:54.7834,477.9,292.7,fixation
11:34:54.7839,477.0,292.5,fixation
11:34:54.7844,477.6,292.9,fixation
11:34:54.7849,479.7,293.2,fixation
11:34:54.7854,481.9,293.5,fixation
11:34:54.7859,482.4,293.9,fixation
11:34:54.7864,481.5,294.7,fixation
11:34:54.7869,480.5,295.5,fixation
11:34:54.7874,479.8,296.1,fixation
11:34:54.7879,479.8,296.6,fixation
11:34:54.7884,480.0,294.8,fixation
11:34:54.7889,479.9,292.8,fixation
11:34:54.7894,479.8,291.1,fixation
11:34:54.7899,479.6,291.9,fixation
11:34:54.7904,479.7,292.5,fixation
11:34:54.7909,479.8,292.7,fixation
11:34:54.7914,480.9,292.9,fixation
11:34:54.7919,482.3,293.1,fixation
11:34:54.7924,483.6,293.4,fixation
11:34:54.7929,482.5,293.4,fixation
11:34:54.7934,481.1,293.3,fixation
11:34:54.7939,479.8,290.8,fixation
11:34:54.7944,480.0,288.3,fixation
11:34:54.7949,480.3,286.8,fixation
11:34:54.7954,480.4,289.4,fixation
11:34:54.7959,480.5,291.9,fixation
11:34:54.7964,479.9,293.3,fixation
11:34:54.7969,479.5,292.9,fixation
11:34:54.7974,479.8,291.5,fixation
11:34:54.7979,480.5,290.2,fixation
11:34:54.7984,481.3,289.6,fixation
11:34:54.7989,481.2,290.1,fixation
11:34:54.7994,481.3,288.4,fixation
11:34:54.7999,482.1,285.8,saccade
11:34:54.8004,482.2,288.8,saccade
11:34:54.8009,482.1,291.8,saccade
11:34:54.8014,482.6,291.9,saccade
11:34:54.8019,483.3,289.1,saccade
11:34:54.8024,484.0,285.8,saccade
11:34:54.8029,484.0,283.4,saccade
11:34:54.8034,483.0,283.0,saccade
11:34:54.8039,481.9,283.0,saccade
11:34:54.8044,481.9,283.1,saccade
11:34:54.8049,482.6,283.7,saccade
11:34:54.8054,481.9,284.2,saccade
11:34:54.8059,479.6,285.0,saccade
11:34:54.8064,476.4,285.2,saccade
11:34:54.8069,473.4,284.2,saccade
11:34:54.8074,471.3,282.8,saccade
11:34:54.8079,467.1,282.5,saccade
11:34:54.8084,463.8,284.0,saccade
11:34:54.8089,458.7,285.4,saccade
11:34:54.8094,456.5,285.8,saccade
11:34:54.8099,452.0,286.9,saccade
11:34:54.8104,447.9,287.9,saccade
11:34:54.8109,442.1,288.8,saccade
11:34:54.8114,438.3,288.6,saccade
11:34:54.8119,434.0,289.1,saccade
11:34:54.8124,429.6,289.7,saccade
11:34:54.8129,424.2,289.1,saccade
11:34:54.8134,418.6,287.6,saccade
11:34:54.8139,413.7,285.4,saccade
11:34:54.8144,408.2,284.4,saccade
11:34:54.8149,404.6,283.6,saccade
11:34:54.8154,397.9,283.2,saccade
11:34:54.8159,393.5,282.9,saccade
11:34:54.8164,389.0,282.6,saccade
11:34:54.8169,388.8,284.5,saccade
11:34:54.8174,388.5,286.4,saccade
11:34:54.8179,388.1,287.9,saccade
11:34:54.8184,386.1,286.9,saccade
11:34:54.8189,384.1,286.2,saccade
11:34:54.8194,382.2,286.2,saccade
11:34:54.8199,382.1,287.3,saccade
11:34:54.8204,382.0,289.7,saccade
11:34:54.8209,383.4,291.8,saccade
11:34:54.8214,385.4,291.7,saccade
11:34:54.8219,387.6,289.9,saccade
11:34:54.8224,389.8,288.5,saccade
11:34:54.8229,391.4,289.9,saccade
11:34:54.8234,392.8,293.9,fixation
11:34:54.8239,392.6,294.9,fixation
11:34:54.8244,392.7,293.6,fixation
11:34:54.8249,394.0,291.9,fixation
11:34:54.8254,395.9,290.2,fixation
11:34:54.8259,398.9,290.1,fixation
11:34:54.8264,400.8,289.8,fixation
11:34:54.8269,401.9,289.2,fixation
11:34:54.8274,401.6,288.8,fixation
11:34:54.8279,401.3,288.2,fixation
11:34:54.8284,401.3,288.0,fixation
11:34:54.8289,401.2,287.8,fixation
11:34:54.8294,400.4,287.7,fixation
11:34:54.8299,399.5,287.5,fixation
11:34:54.8304,399.9,287.5,fixation
11:34:54.8309,401.2,287.6,fixation
11:34:54.8314,402.6,287.2,fixation
11:34:54.8319,401.7,286.7,fixation
11:34:54.8324,400.6,285.7,fixation
11:34:54.8329,399.4,285.4,fixation
11:34:54.8334,399.3,285.3,fixation
11:34:54.8339,399.0,286.5,fixation
11:34:54.8344,398.5,288.6,fixation
11:34:54.8349,398.1,290.5,fixation
11:34:54.8354,397.3,290.9,fixation
11:34:54.8359,397.1,288.7,fixation
11:34:54.8364,396.5,286.5,fixation
11:34:54.8369,396.2,286.6,fixation
11:34:54.8374,395.6,288.3,fixation
11:34:54.8379,395.3,290.0,fixation
11:34:54.8384,397.3,290.1,fixation
11:34:54.8389,399.5,290.0,fixation
11:34:54.8394,402.1,289.9,fixation
11:34:54.8399,403.0,290.5,fixation
11:34:54.8404,403.8,291.5,fixation
11:34:54.8409,404.2,292.5,fixation
11:34:54.8414,404.2,293.0,fixation
11:34:54.8419,402.6,293.3,fixation
11:34:54.8424,400.8,294.2,fixation
11:34:54.8429,400.0,294.5,fixation
11:34:54.8434,400.8,294.6,fixation
11:34:54.8439,401.9,293.6,fixation
11:34:54.8444,402.2,292.9,fixation
11:34:54.8449,401.4,292.4,fixation
11:34:54.8454,400.4,292.3,fixation
11:34:54.8459,399.3,291.8,fixation
11:34:54.8464,400.5,291.5,fixation
11:34:54.8469,401.8,292.6,fixation
11:34:54.8474,401.8,293.6,fixation
11:34:54.8479,400.5,294.1,fixation
11:34:54.8484,399.4,293.1,fixation
11:34:54.8489,399.6,292.7,fixation
11:34:54.8494,400.4,293.2,fixation
11:34:54.8499,401.2,293.7,fixation
11:34:54.8504,402.1,294.4,fixation
11:34:54.8509,402.4,294.4,fixation
11:34:54.8514,401.4,295.8,fixation
11:34:54.8519,400.4,297.1,fixation
11:34:54.8524,399.3,298.4,fixation
11:34:54.8529,399.5,298.4,fixation
11:34:54.8534,400.0,295.6,fixation
11:34:54.8539,400.5,292.8,fixation
11:34:54.8544,400.2,290.3,fixation
11:34:54.8549,399.4,291.0,fixation
11:34:54.8554,399.7,292.2,fixation
11:34:54.8559,400.9,293.1,fixation
11:34:54.8564,401.6,292.1,fixation
11:34:54.8569,401.1,290.5,fixation
11:34:54.8574,400.3,289.2,fixation
11:34:54.8579,399.9,289.6,fixation
11:34:54.8584,399.1,290.1,fixation
11:34:54.8589,398.7,290.5,fixation
11:34:54.8594,398.8,291.2,fixation
11:34:54.8599,399.2,291.8,fixation
11:34:54.8604,399.7,291.8,fixation
11:34:54.8609,401.4,291.4,fixation
11:34:54.8614,403.1,291.2,fixation
11:34:54.8619,403.6,291.4,fixation
11:34:54.8624,401.7,291.4,fixation
11:34:54.8629,399.7,292.3,fixation
11:34:54.8634,398.8,293.3,fixation
11:34:54.8639,398.5,294.3,fixation
11:34:54.8644,399.0,294.2,fixation
11:34:54.8649,399.8,292.8,fixation
11:34:54.8654,400.5,291.5,fixation
11:34:54.8659,400.6,290.2,fixation
11:34:54.8664,400.5,290.2,fixation
11:34:54.8669,400.0,290.2,fixation
11:34:54.8674,399.3,291.0,fixation
11:34:54.8679,398.6,292.0,fixation
11:34:54.8684,399.6,293.0,fixation
11:34:54.8689,400.9,294.7,fixation
11:34:54.8694,401.7,296.4,fixation
11:34:54.8699,401.1,297.3,fixation
11:34:54.8704,401.2,296.0,fixation
11:34:54.8709,401.7,294.6,fixation
11:34:54.8714,401.6,293.9,fixation
11:34:54.8719,401.0,294.5,fixation
11:34:54.8724,400.3,295.1,fixation
11:34:54.8729,399.9,295.4,fixation
11:34:54.8734,399.6,294.8,fixation
11:34:54.8739,397.9,293.5,fixation
11:34:54.8744,396.5,292.6,fixation
11:34:54.8749,396.4,292.2,fixation
11:34:54.8754,397.7,293.1,fixation
11:34:54.8759,399.1,294.2,fixation
11:34:54.8764,399.2,295.0,fixation
11:34:54.8769,399.2,293.9,fixation
11:34:54.8774,399.2,292.6,fixation
11:34:54.8779,399.4,292.9,fixation
11:34:54.8784,400.5,294.5,fixation
11:34:54.8789,401.8,295.3,fixation
11:34:54.8794,401.6,294.2,fixation
11:34:54.8799,400.4,293.1,fixation
11:34:54.8804,398.6,292.7,fixation
11:34:54.8809,398.1,292.5,fixation
11:34:54.8814,397.4,292.3,fixation
11:34:54.8819,397.3,292.4,fixation
11:34:54.8824,397.2,292.6,fixation
11:34:54.8829,397.3,293.4,fixation
11:34:54.8834,397.3,293.9,fixation
11:34:54.8839,397.4,291.8,fixation
11:34:54.8844,398.3,289.4,fixation
11:34:54.8849,399.3,287.8,fixation
11:34:54.8854,400.0,288.6,fixation
11:34:54.8859,400.1,289.2,fixation
11:34:54.8864,401.5,289.1,fixation
11:34:54.8869,403.7,289.4,fixation
11:34:54.8874,405.8,289.7,fixation
11:34:54.8879,405.2,289.9,fixation
11:34:54.8884,403.2,289.7,fixation
11:34:54.8889,401.1,289.2,fixation
11:34:54.8894,400.4,288.8,fixation
11:34:54.8899,400.0,288.2,fixation
11:34:54.8904,399.4,288.1,fixation
11:34:54.8909,398.6,290.5,fixation
11:34:54.8914,397.9,293.0,fixation
11:34:54.8919,397.7,292.8,fixation
11:34:54.8924,398.4,290.1,fixation
11:34:54.8929,399.2,288.0,fixation
11:34:54.8934,398.6,289.1,fixation
11:34:54.8939,397.5,289.6,fixation
11:34:54.8944,396.7,289.6,fixation
11:34:54.8949,396.9,290.9,fixation
11:34:54.8954,396.9,292.8,fixation
11:34:54.8959,396.7,294.5,fixation
11:34:54.8964,397.8,294.4,fixation
11:34:54.8969,398.9,294.2,fixation
11:34:54.8974,400.9,293.7,fixation
11:34:54.8979,401.7,293.1,fixation
11:34:54.8984,400.3,291.7,fixation
11:34:54.8989,398.0,290.7,fixation
11:34:54.8994,396.8,289.7,fixation
11:34:54.8999,397.8,289.9,fixation
11:34:54.9004,398.9,290.4,fixation
11:34:54.9009,398.2,290.9,fixation
11:34:54.9014,397.5,291.4,fixation
11:34:54.9019,397.5,291.8,fixation
11:34:54.9024,398.9,291.4,fixation
11:34:54.9029,400.3,290.6,fixation
11:34:54.9034,401.2,289.7,fixation
11:34:54.9039,401.5,289.7,fixation
11:34:54.9044,401.7,290.4,fixation
11:34:54.9049,402.0,291.6,fixation
11:34:54.9054,402.1,293.1,fixation
11:34:54.9059,401.9,294.3,fixation
11:34:54.9064,401.6,295.1,fixation
11:34:54.9069,401.4,295.4,fixation
11:34:54.9074,401.7,295.3,fixation
11:34:54.9079,401.9,295.9,fixation
11:34:54.9084,402.0,297.5,fixation
11:34:54.9089,401.8,299.0,fixation
11:34:54.9094,402.4,299.8,fixation
11:34:54.9099,403.0,300.0,fixation
11:34:54.9104,402.5,300.5,fixation
11:34:54.9109,401.3,300.9,fixation
11:34:54.9114,400.2,301.1,fixation
11:34:54.9119,400.0,302.7,fixation
11:34:54.9124,399.7,304.3,fixation
11:34:54.9129,399.3,305.9,fixation
11:34:54.9134,398.4,305.8,fixation
11:34:54.9139,397.7,305.7,fixation
11:34:54.9144,397.6,306.0,fixation
11:34:54.9149,397.3,306.3,fixation
11:34:54.9154,397.2,306.5,fixation
11:34:54.9159,396.9,306.3,fixation
11:34:54.9164,397.4,307.8,fixation
11:34:54.9169,398.2,311.0,saccade
11:34:54.9174,398.6,311.0,saccade
11:34:54.9179,399.1,311.0,saccade
11:34:54.9184,399.4,310.9,saccade
11:34:54.9189,399.7,312.8,saccade
11:34:54.9194,399.8,315.4,saccade
11:34:54.9199,399.8,318.2,saccade
11:34:54.9204,399.8,319.1,saccade
11:34:54.9209,399.5,319.1,saccade
11:34:54.9214,398.8,320.6,saccade
11:34:54.9219,398.0,323.7,saccade
11:34:54.9224,397.5,326.8,saccade
11:34:54.9229,397.3,328.5,saccade
11:34:54.9234,397.1,328.4,saccade
11:34:54.9239,396.6,328.9,saccade
11:34:54.9244,395.9,330.6,saccade
11:34:54.9249,393.7,339.2,saccade
11:34:54.9254,391.8,347.4,saccade
11:34:54.9259,388.8,354.2,saccade
11:34:54.9264,386.9,360.2,saccade
11:34:54.9269,384.9,366.2,saccade
11:34:54.9274,383.6,380.1,saccade
11:34:54.9279,383.0,398.6,saccade
11:34:54.9284,381.6,424.7,saccade
11:34:54.9289,381.0,469.7,saccade
11:34:54.9294,377.4,531.8,saccade
11:34:54.9299,383.2,630.8,saccade
11:34:54.9304,389.7,724.8,saccade
11:34:54.9309,400.5,804.0,saccade
11:34:54.9314,398.6,866.6,saccade
11:34:54.9319,364.0,909.5,saccade
11:34:54.9324,326.4,954.2,saccade
11:34:54.9329,290.0,986.9,saccade
11:34:54.9334,286.8,1015.8,saccade
11:34:54.9339,.,.,blink
11:34:54.9344,.,.,blink
11:34:54.9349,.,.,blink
11:34:54.9354,.,.,blink
11:34:54.9359,.,.,blink
11:34:54.9364,.,.,blink
11:34:54.9369,.,.,blink
11:34:54.9374,.,.,blink
11:34:54.9379,.,.,blink
11:34:54.9384,.,.,blink
11:34:54.9389,.,.,blink
11:34:54.9394,.,.,blink
11:34:54.9399,.,.,blink
11:34:54.9404,.,.,blink
11:34:54.9409,.,.,blink
11:34:54.9414,.,.,blink
11:34:54.9419,.,.,blink
11:34:54.9424,.,.,blink
11:34:54.9429,.,.,blink
11:34:54.9434,.,.,blink
11:34:54.9439,.,.,blink
11:34:54.9444,.,.,blink
11:34:54.9449,.,.,blink
11:34:54.9454,.,.,blink
11:34:54.9459,.,.,blink
11:34:54.9464,.,.,blink
11:34:54.9469,.,.,blink
11:34:54.9474,.,.,blink
11:34:54.9479,.,.,blink
11:34:54.9484,.,.,blink
11:34:54.9489,.,.,blink
11:34:54.9494,.,.,blink
11:34:54.9499,.,.,blink
11:34:54.9504,.,.,blink
11:34:54.9509,.,.,blink
11:34:54.9514,.,.,blink
11:34:54.9519,.,.,blink
11:34:54.9524,.,.,blink
11:34:54.9529,.,.,blink
11:34:54.9534,.,.,blink
11:34:54.9539,.,.,blink
11:34:54.9544,.,.,blink
11:34:54.9549,.,.,blink
11:34:54.9554,.,.,blink
11:34:54.9559,.,.,blink
11:34:54.9564,.,.,blink
11:34:54.9569,.,.,blink
11:34:54.9574,.,.,blink
11:34:54.9579,.,.,blink
11:34:54.9584,.,.,blink
11:34:54.9589,.,.,blink
11:34:54.9594,.,.,blink
11:34:54.9599,.,.,blink
11:34:54.9604,.,.,blink
11:34:54.9609,.,.,blink
11:34:54.9614,.,.,blink
11:34:54.9619,.,.,blink
11:34:54.9624,.,.,blink
11:34:54.9629,.,.,blink
11:34:54.9634,.,.,blink
11:34:54.9639,.,.,blink
11:34:54.9644,.,.,blink
11:34:54.9649,.,.,blink
11:34:54.9654,.,.,blink
11:34:54.9659,.,.,blink
11:34:54.9664,.,.,blink
11:34:54.9669,.,.,blink
11:34:54.9674,.,.,blink
11:34:54.9679,.,.,blink
11:34:54.9684,.,.,blink
11:34:54.9689,.,.,blink
11:34:54.9694,.,.,blink
11:34:54.9699,.,.,blink
11:34:54.9704,.,.,blink
11:34:54.9709,.,.,blink
11:34:54.9714,.,.,blink
11:34:54.9719,.,.,blink
11:34:54.9724,.,.,blink
11:34:54.9729,.,.,blink
11:34:54.9734,.,.,blink
11:34:54.9739,.,.,blink
11:34:54.9744,.,.,blink
11:34:54.9749,.,.,blink
11:34:54.9754,.,.,blink
11:34:54.9759,.,.,blink
11:34:54.9764,.,.,blink
11:34:54.9769,.,.,blink
11:34:54.9774,.,.,blink
11:34:54.9779,.,.,blink
11:34:54.9784,.,.,blink
11:34:54.9789,.,.,blink
11:34:54.9794,.,.,blink
11:34:54.9799,.,.,blink
11:34:54.9804,.,.,blink
11:34:54.9809,.,.,blink
11:34:54.9814,.,.,blink
11:34:54.9819,.,.,blink
11:34:54.9824,.,.,blink
11:34:54.9829,.,.,blink
11:34:54.9834,.,.,blink
11:34:54.9839,.,.,blink
11:34:54.9844,.,.,blink
11:34:54.9849,.,.,blink
11:34:54.9854,.,.,blink
11:34:54.9859,.,.,blink
11:34:54.9864,.,.,blink
11:34:54.9869,.,.,blink
11:34:54.9874,.,.,blink
11:34:54.9879,.,.,blink
11:34:54.9884,.,.,blink
11:34:54.9889,.,.,blink
11:34:54.9894,.,.,blink
11:34:54.9899,.,.,blink
11:34:54.9904,.,.,blink
11:34:54.9909,.,.,blink
11:34:54.9914,.,.,blink
11:34:54.9919,.,.,blink
11:34:54.9924,.,.,blink
11:34:54.9929,.,.,blink
11:34:54.9934,.,.,blink
11:34:54.9939,.,.,blink
11:34:54.9944,.,.,blink
11:34:54.9949,.,.,blink
11:34:54.9954,.,.,blink
11:34:54.9959,.,.,blink
11:34:54.9964,.,.,blink
11:34:54.9969,.,.,blink
11:34:54.9974,.,.,blink
11:34:54.9979,.,.,blink
11:34:54.9984,.,.,blink
11:34:54.9989,.,.,blink
11:34:54.9994,.,.,blink
11:34:54.9999,.,.,blink
11:34:55.0004,.,.,blink
11:34:55.0009,.,.,blink
11:34:55.0014,.,.,blink
11:34:55.0019,.,.,blink
11:34:55.0024,.,.,blink
11:34:55.0029,.,.,blink
11:34:55.0034,.,.,blink
11:34:55.0039,.,.,blink
11:34:55.0044,.,.,blink
11:34:55.0049,.,.,blink
11:34:55.0054,.,.,blink
11:34:55.0059,.,.,blink
11:34:55.0064,.,.,blink
11:34:55.0069,.,.,blink
11:34:55.0074,.,.,blink
11:34:55.0079,.,.,blink
11:34:55.0084,.,.,blink
11:34:55.0089,.,.,blink
11:34:55.0094,.,.,blink
11:34:55.0099,.,.,blink
11:34:55.0104,.,.,blink
11:34:55.0109,.,.,blink
11:34:55.0114,.,.,blink
11:34:55.0119,.,.,blink
11:34:55.0124,.,.,blink
11:34:55.0129,.,.,blink
11:34:55.0134,.,.,blink
11:34:55.0139,.,.,blink
11:34:55.0144,.,.,blink
11:34:55.0149,.,.,blink
11:34:55.0154,.,.,blink
11:34:55.0159,.,.,blink
11:34:55.0164,.,.,blink
11:34:55.0169,.,.,blink
11:34:55.0174,.,.,blink
11:34:55.0179,.,.,blink
11:34:55.0184,.,.,blink
11:34:55.0189,.,.,blink
11:34:55.0194,.,.,blink
11:34:55.0199,.,.,blink
11:34:55.0204,.,.,blink
11:34:55.0209,.,.,blink
11:34:55.0214,.,.,blink
11:34:55.0219,.,.,blink
11:34:55.0224,.,.,blink
11:34:55.0229,.,.,blink
11:34:55.0234,.,.,blink
11:34:55.0239,.,.,blink
11:34:55.0244,.,.,blink
11:34:55.0249,.,.,blink
11:34:55.0254,.,.,blink
11:34:55.0259,.,.,blink
11:34:55.0264,.,.,blink
11:34:55.0269,.,.,blink
11:34:55.0274,.,.,blink
11:34:55.0279,.,.,blink
11:34:55.0284,.,.,blink
11:34:55.0289,.,.,blink
11:34:55.0294,.,.,blink
11:34:55.0299,.,.,blink
11:34:55.0304,.,.,blink
11:34:55.0309,.,.,blink
11:34:55.0314,.,.,blink
11:34:55.0319,.,.,blink
11:34:55.0324,.,.,blink
11:34:55.0329,.,.,blink
11:34:55.0334,.,.,blink
11:34:55.0339,.,.,blink
11:34:55.0344,.,.,blink
11:34:55.0349,.,.,blink
11:34:55.0354,.,.,blink
11:34:55.0359,.,.,blink
11:34:55.0364,.,.,blink
11:34:55.0369,.,.,blink
11:34:55.0374,.,.,blink
11:34:55.0379,.,.,blink
11:34:55.0384,.,.,blink
11:34:55.0389,.,.,blink
11:34:55.0394,.,.,blink
11:34:55.0399,.,.,blink
11:34:55.0404,.,.,blink
11:34:55.0409,.,.,blink
11:34:55.0414,.,.,blink
11:34:55.0419,.,.,blink
11:34:55.0424,.,.,blink
11:34:55.0429,.,.,blink
11:34:55.0434,.,.,blink
11:34:55.0439,.,.,blink
11:34:55.0444,.,.,blink
11:34:55.0449,.,.,blink
11:34:55.0454,.,.,blink
11:34:55.0459,.,.,blink
11:34:55.0464,436.3,312.6,fixation
11:34:55.0469,435.9,312.7,fixation
11:34:55.0474,437.5,313.7,fixation
11:34:55.0479,439.2,313.9,fixation
11:34:55.0484,439.3,313.1,fixation
11:34:55.0489,438.4,309.5,fixation
11:34:55.0494,437.2,307.9,fixation
11:34:55.0499,434.8,307.9,fixation
11:34:55.0504,432.5,309.9,fixation
11:34:55.0509,430.6,309.2,fixation
11:34:55.0514,429.6,307.6,fixation
11:34:55.0519,429.6,305.8,fixation
11:34:55.0524,429.4,305.6,fixation
11:34:55.0529,429.8,305.4,fixation
11:34:55.0534,430.4,303.3,fixation
11:34:55.0539,431.0,301.3,fixation
11:34:55.0544,431.3,299.4,fixation
11:34:55.0549,431.3,299.5,fixation
11:34:55.0554,431.6,299.3,fixation
11:34:55.0559,432.1,296.8,fixation
11:34:55.0564,432.0,294.4,fixation
11:34:55.0569,431.7,291.3,fixation
11:34:55.0574,431.7,290.8,fixation
11:34:55.0579,432.4,290.5,fixation
11:34:55.0584,433.0,291.6,fixation
11:34:55.0589,433.4,292.5,fixation
11:34:55.0594,433.6,293.4,fixation
11:34:55.0599,433.8,294.3,fixation
11:34:55.0604,434.0,295.2,fixation
11:34:55.0609,434.4,296.0,fixation
11:34:55.0614,433.9,295.7,fixation
11:34:55.0619,433.1,295.2,fixation
11:34:55.0624,432.4,294.7,fixation
11:34:55.0629,432.0,294.7,fixation
11:34:55.0634,431.4,295.1,fixation
11:34:55.0639,430.9,297.1,fixation
11:34:55.0644,431.2,298.9,fixation
11:34:55.0649,431.8,300.4,fixation
11:34:55.0654,432.3,300.3,fixation
11:34:55.0659,432.5,300.3,fixation
11:34:55.0664,432.5,300.3,fixation
11:34:55.0669,432.5,300.4,fixation
11:34:55.0674,433.5,299.9,fixation
11:34:55.0679,434.5,299.0,fixation
11:34:55.0684,435.1,298.5,fixation
11:34:55.0689,434.7,298.4,fixation
11:34:55.0694,435.3,298.9,fixation
11:34:55.0699,436.4,298.5,fixation
11:34:55.0704,437.3,298.0,fixation
11:34:55.0709,436.9,297.6,fixation
11:34:55.0714,436.2,297.8,fixation
11:34:55.0719,436.0,298.7,fixation
11:34:55.0724,435.9,299.6,fixation
11:34:55.0729,436.1,300.3,fixation
11:34:55.0734,436.2,300.1,fixation
11:34:55.0739,436.3,299.9,fixation
11:34:55.0744,437.7,299.8,fixation
11:34:55.0749,439.1,299.8,fixation
11:34:55.0754,440.1,300.0,fixation
11:34:55.0759,439.5,300.4,fixation
11:34:55.0764,438.3,300.7,fixation
11:34:55.0769,437.4,300.8,fixation
11:34:55.0774,436.8,300.0,fixation
11:34:55.0779,437.0,297.7,fixation
11:34:55.0784,437.3,295.4,fixation
11:34:55.0789,437.8,297.2,fixation
11:34:55.0794,438.2,300.6,fixation
11:34:55.0799,438.8,302.1,fixation
11:34:55.0804,438.9,300.3,fixation
11:34:55.0809,439.0,298.5,fixation
11:34:55.0814,439.0,297.8,fixation
11:34:55.0819,438.6,296.5,fixation
11:34:55.0824,437.5,295.1,fixation
11:34:55.0829,436.4,294.4,fixation
11:34:55.0834,436.8,295.5,fixation
11:34:55.0839,438.9,297.6,fixation
11:34:55.0844,441.0,299.7,fixation
11:34:55.0849,440.8,300.4,fixation
11:34:55.0854,439.3,299.8,fixation
11:34:55.0859,437.8,299.1,fixation
11:34:55.0864,437.5,298.8,fixation
11:34:55.0869,437.3,298.6,fixation
11:34:55.0874,437.0,298.6,fixation
11:34:55.0879,437.2,298.9,fixation
11:34:55.0884,437.6,299.3,fixation
11:34:55.0889,438.1,299.5,fixation
11:34:55.0894,438.0,300.9,fixation
11:34:55.0899,437.7,302.3,fixation
11:34:55.0904,437.5,302.3,fixation
11:34:55.0909,438.3,300.9,fixation
11:34:55.0914,439.3,299.8,fixation
11:34:55.0919,439.2,300.0,fixation
11:34:55.0924,438.2,300.2,fixation
11:34:55.0929,437.0,300.2,fixation
11:34:55.0934,436.7,301.0,fixation
11:34:55.0939,437.4,301.8,fixation
11:34:55.0944,438.4,302.2,fixation
11:34:55.0949,439.6,300.6,fixation
11:34:55.0954,439.9,299.0,fixation
11:34:55.0959,439.7,298.2,fixation
11:34:55.0964,439.5,298.7,fixation
11:34:55.0969,439.3,299.3,fixation
11:34:55.0974,439.3,299.4,fixation
11:34:55.0979,439.0,299.5,fixation
11:34:55.0984,438.4,299.5,fixation
11:34:55.0989,437.8,299.4,fixation
11:34:55.0994,437.6,299.6,fixation
11:34:55.0999,437.5,299.9,fixation
11:34:55.1004,437.6,298.0,fixation
11:34:55.1009,437.8,295.9,fixation
11:34:55.1014,437.9,294.8,fixation
11:34:55.1019,438.4,296.1,fixation
11:34:55.1024,439.0,297.7,fixation
11:34:55.1029,439.6,298.3,fixation
11:34:55.1034,439.5,298.5,fixation
11:34:55.1039,439.2,300.2,fixation
11:34:55.1044,439.1,301.2,fixation
11:34:55.1049,439.2,301.4,fixation
11:34:55.1054,439.2,299.6,fixation
11:34:55.1059,438.9,298.5,fixation
11:34:55.1064,438.6,297.8,fixation
11:34:55.1069,438.6,297.6,fixation
11:34:55.1074,438.9,297.3,fixation
11:34:55.1079,439.2,297.4,fixation
11:34:55.1084,439.4,297.3,fixation
11:34:55.1089,439.1,297.2,fixation
11:34:55.1094,438.5,297.4,fixation
11:34:55.1099,437.9,298.0,fixation
11:34:55.1104,438.0,300.0,fixation
11:34:55.1109,438.4,301.7,fixation
11:34:55.1114,439.3,303.1,fixation
11:34:55.1119,440.2,302.3,fixation
11:34:55.1124,441.1,300.8,fixation
11:34:55.1129,441.6,299.3,fixation
11:34:55.1134,441.6,298.6,fixation
11:34:55.1139,440.6,299.2,fixation
11:34:55.1144,439.4,300.4,fixation
11:34:55.1149,438.3,303.0,fixation
11:34:55.1154,438.6,305.2,fixation
11:34:55.1159,439.0,306.7,fixation
11:34:55.1164,438.3,306.7,fixation
11:34:55.1169,437.4,306.6,fixation
11:34:55.1174,436.0,305.9,fixation
11:34:55.1179,435.6,304.7,fixation
11:34:55.1184,436.0,303.3,fixation
11:34:55.1189,436.9,302.5,fixation
11:34:55.1194,437.8,302.4,fixation
11:34:55.1199,438.7,302.4,fixation
11:34:55.1204,439.5,302.5,fixation
11:34:55.1209,440.4,302.5,fixation
11:34:55.1214,440.3,303.0,fixation
11:34:55.1219,439.5,303.5,fixation
11:34:55.1224,438.7,303.9,fixation
11:34:55.1229,437.6,303.6,fixation
11:34:55.1234,437.3,303.4,fixation
11:34:55.1239,437.4,303.4,fixation
11:34:55.1244,437.8,303.5,fixation
11:34:55.1249,438.2,303.8,fixation
11:34:55.1254,438.4,304.1,fixation
11:34:55.1259,438.9,303.7,fixation
11:34:55.1264,439.1,303.1,fixation
11:34:55.1269,439.3,302.3,fixation
11:34:55.1274,439.2,301.8,fixation
11:34:55.1279,439.5,301.7,fixation
11:34:55.1284,439.8,302.1,fixation
11:34:55.1289,440.1,303.0,fixation
11:34:55.1294,439.1,303.5,fixation
11:34:55.1299,437.9,303.7,fixation
11:34:55.1304,436.8,303.3,fixation
11:34:55.1309,436.2,301.5,fixation
11:34:55.1314,435.9,299.8,fixation
11:34:55.1319,435.8,298.4,fixation
11:34:55.1324,436.5,299.1,fixation
11:34:55.1329,437.1,299.7,fixation
11:34:55.1334,437.1,300.1,fixation
11:34:55.1339,436.8,299.0,fixation
11:34:55.1344,436.5,298.0,fixation
11:34:55.1349,436.6,297.5,fixation
11:34:55.1354,436.5,298.2,fixation
11:34:55.1359,436.5,298.7,fixation
11:34:55.1364,436.5,298.8,fixation
11:34:55.1369,436.5,298.6,fixation
11:34:55.1374,435.9,298.7,fixation
11:34:55.1379,435.3,298.1,fixation
11:34:55.1384,435.1,297.4,fixation
11:34:55.1389,435.5,297.2,fixation
11:34:55.1394,435.0,298.2,fixation
11:34:55.1399,434.1,298.9,fixation
11:34:55.1404,433.9,298.8,fixation
11:34:55.1409,434.5,298.3,fixation
11:34:55.1414,433.8,298.1,fixation
11:34:55.1419,432.7,297.6,fixation
11:34:55.1424,434.0,297.2,fixation
11:34:55.1429,436.5,296.3,fixation
11:34:55.1434,438.9,295.8,fixation
11:34:55.1439,437.8,295.1,fixation
11:34:55.1444,436.6,295.4,fixation
11:34:55.1449,436.9,295.8,fixation
11:34:55.1454,438.2,296.3,fixation
11:34:55.1459,438.7,296.4,fixation
11:34:55.1464,437.7,296.3,fixation
11:34:55.1469,437.2,296.4,fixation
11:34:55.1474,437.7,296.7,fixation
11:34:55.1479,438.4,296.6,fixation
11:34:55.1484,438.5,295.8,fixation
11:34:55.1489,438.7,294.9,fixation
11:34:55.1494,438.8,294.4,fixation
11:34:55.1499,438.8,294.4,fixation
11:34:55.1504,439.9,294.9,fixation
11:34:55.1509,441.0,295.9,fixation
11:34:55.1514,442.0,296.9,fixation
11:34:55.1519,442.0,297.4,fixation
11:34:55.1524,440.7,296.8,fixation
11:34:55.1529,439.4,296.1,fixation
11:34:55.1534,438.5,295.6,fixation
11:34:55.1539,438.9,295.6,fixation
11:34:55.1544,440.1,294.5,fixation
11:34:55.1549,441.3,293.3,fixation
11:34:55.1554,442.6,292.3,fixation
11:34:55.1559,442.9,292.7,fixation
11:34:55.1564,443.0,293.0,fixation
11:34:55.1569,442.9,293.1,fixation
11:34:55.1574,442.8,293.0,fixation
11:34:55.1579,443.0,293.1,fixation
11:34:55.1584,443.4,293.0,fixation
11:34:55.1589,444.0,292.9,fixation
11:34:55.1594,444.1,294.0,fixation
11:34:55.1599,444.1,295.1,fixation
11:34:55.1604,442.2,295.6,fixation
11:34:55.1609,440.5,295.1,fixation
11:34:55.1614,439.2,294.7,fixation
11:34:55.1619,439.8,294.8,fixation
11:34:55.1624,440.4,293.0,fixation
11:34:55.1629,440.6,291.1,fixation
11:34:55.1634,440.4,290.3,fixation
11:34:55.1639,440.3,291.3,fixation
11:34:55.1644,441.1,292.4,fixation
11:34:55.1649,442.0,292.5,fixation
11:34:55.1654,443.0,292.4,fixation
11:34:55.1659,442.9,292.3,fixation
11:34:55.1664,442.8,292.6,fixation
11:34:55.1669,443.5,293.2,fixation
11:34:55.1674,444.2,293.9,fixation
11:34:55.1679,445.1,294.0,fixation
11:34:55.1684,445.3,294.0,fixation
11:34:55.1689,445.1,294.0,fixation
11:34:55.1694,444.6,294.0,fixation
11:34:55.1699,444.0,294.1,fixation
11:34:55.1704,444.0,294.4,fixation
11:34:55.1709,444.0,294.6,fixation
11:34:55.1714,444.1,294.6,fixation
11:34:55.1719,444.2,294.0,fixation
11:34:55.1724,444.1,293.3,fixation
11:34:55.1729,443.4,292.5,fixation
11:34:55.1734,442.6,292.3,fixation
11:34:55.1739,441.9,292.6,fixation
11:34:55.1744,440.5,292.2,fixation
11:34:55.1749,439.1,291.7,fixation
11:34:55.1754,437.8,291.0,fixation
11:34:55.1759,439.6,291.0,fixation
11:34:55.1764,441.5,290.7,fixation
11:34:55.1769,442.1,290.3,fixation
11:34:55.1774,440.4,291.6,fixation
11:34:55.1779,438.7,293.2,fixation
11:34:55.1784,438.4,295.3,fixation
11:34:55.1789,438.8,295.9,fixation
11:34:55.1794,439.2,295.6,fixation
11:34:55.1799,439.6,294.8,fixation
11:34:55.1804,439.6,293.9,fixation
11:34:55.1809,439.6,294.7,fixation
11:34:55.1814,439.5,295.5,fixation
11:34:55.1819,440.3,296.3,fixation
11:34:55.1824,441.2,296.3,fixation
11:34:55.1829,441.1,296.2,fixation
11:34:55.1834,440.2,296.2,fixation
11:34:55.1839,438.9,297.8,fixation
11:34:55.1844,438.4,299.4,fixation
11:34:55.1849,438.0,300.9,fixation
11:34:55.1854,438.2,299.9,fixation
11:34:55.1859,439.0,298.2,fixation
11:34:55.1864,439.7,297.0,fixation
11:34:55.1869,440.1,297.0,fixation
11:34:55.1874,439.8,297.7,fixation
11:34:55.1879,439.4,297.3,fixation
11:34:55.1884,438.9,296.6,fixation
11:34:55.1889,439.7,296.0,fixation
11:34:55.1894,440.7,296.0,fixation
11:34:55.1899,441.6,296.0,fixation
11:34:55.1904,439.8,295.9,fixation
11:34:55.1909,438.1,296.5,fixation
11:34:55.1914,436.6,297.2,fixation
11:34:55.1919,436.9,297.9,fixation
11:34:55.1924,437.8,297.5,fixation
11:34:55.1929,438.7,297.1,fixation
11:34:55.1934,439.2,296.6,fixation
11:34:55.1939,438.8,297.6,fixation
11:34:55.1944,438.4,298.3,fixation
11:34:55.1949,436.9,298.7,fixation
11:34:55.1954,435.4,298.6,fixation
11:34:55.1959,434.1,299.2,fixation
11:34:55.1964,434.5,300.1,fixation
11:34:55.1969,435.2,300.3,fixation
11:34:55.1974,436.0,300.1,fixation
11:34:55.1979,436.7,300.0,fixation
11:34:55.1984,437.1,301.1,fixation
11:34:55.1989,437.2,302.2,fixation
11:34:55.1994,435.8,302.7,fixation
11:34:55.1999,434.5,302.4,fixation
11:34:55.2004,434.8,302.3,fixation
11:34:55.2009,436.2,302.2,fixation
11:34:55.2014,437.6,301.9,fixation
11:34:55.2019,438.6,301.5,fixation
11:34:55.2024,439.4,301.6,fixation
11:34:55.2029,440.0,301.6,fixation
11:34:55.2034,439.1,299.0,fixation
11:34:55.2039,438.6,296.4,fixation
11:34:55.2044,438.7,294.2,fixation
11:34:55.2049,439.5,295.0,fixation
11:34:55.2054,440.4,295.5,fixation
11:34:55.2059,440.5,295.4,fixation
11:34:55.2064,440.3,295.2,fixation
11:34:55.2069,440.2,295.6,fixation
11:34:55.2074,440.2,296.3,fixation
11:34:55.2079,440.2,296.1,fixation
11:34:55.2084,440.2,295.1,fixation
11:34:55.2089,440.1,294.2,fixation
11:34:55.2094,440.0,293.8,fixation
11:34:55.2099,440.5,294.0,fixation
11:34:55.2104,440.9,295.3,fixation
11:34:55.2109,441.2,296.6,fixation
11:34:55.2114,441.1,296.9,fixation
11:34:55.2119,441.3,295.9,fixation
11:34:55.2124,441.9,295.7,fixation
11:34:55.2129,442.3,296.6,fixation
11:34:55.2134,443.4,297.5,fixation
11:34:55.2139,444.1,297.4,fixation
11:34:55.2144,444.8,297.2,fixation
11:34:55.2149,444.8,296.9,fixation
11:34:55.2154,445.2,296.9,fixation
11:34:55.2159,445.6,296.9,fixation
11:34:55.2164,445.3,296.6,fixation
11:34:55.2169,444.5,296.0,fixation
11:34:55.2174,443.5,294.1,fixation
11:34:55.2179,442.5,292.5,fixation
11:34:55.2184,441.6,291.1,fixation
11:34:55.2189,441.4,290.5,fixation
11:34:55.2194,442.0,289.7,fixation
11:34:55.2199,442.5,289.0,fixation
11:34:55.2204,442.5,289.7,fixation
11:34:55.2209,442.3,290.7,fixation
