TimeStamp,X,Y,Event
10:26:37.2378,388.1,172.1,fixation
10:26:37.2383,386.8,172.6,fixation
10:26:37.2388,385.4,173.4,fixation
10:26:37.2393,385.0,173.6,fixation
10:26:37.2398,384.9,173.4,fixation
10:26:37.2403,384.6,173.2,fixation
10:26:37.2408,383.3,173.2,fixation
10:26:37.2413,382.9,173.4,fixation
10:26:37.2418,381.8,172.9,fixation
10:26:37.2423,380.7,172.6,fixation
10:26:37.2428,380.8,173.4,fixation
10:26:37.2433,382.2,174.2,fixation
10:26:37.2438,382.5,174.3,fixation
10:26:37.2443,382.3,173.8,fixation
10:26:37.2448,382.2,173.3,fixation
10:26:37.2453,382.4,173.2,fixation
10:26:37.2458,382.5,172.3,fixation
10:26:37.2463,382.0,171.5,fixation
10:26:37.2468,381.6,171.6,fixation
10:26:37.2473,382.4,172.6,fixation
10:26:37.2478,383.4,173.9,fixation
10:26:37.2483,383.6,173.9,fixation
10:26:37.2488,383.8,173.0,fixation
10:26:37.2493,384.3,172.2,fixation
10:26:37.2498,384.4,170.5,fixation
10:26:37.2503,384.0,169.4,fixation
10:26:37.2508,384.0,169.2,fixation
10:26:37.2513,384.4,169.6,fixation
10:26:37.2518,385.0,170.5,fixation
10:26:37.2523,385.8,170.7,fixation
10:26:37.2528,386.0,170.5,fixation
10:26:37.2533,385.3,171.4,fixation
10:26:37.2538,384.3,172.1,fixation
10:26:37.2543,384.0,172.9,fixation
10:26:37.2548,384.0,173.0,fixation
10:26:37.2553,383.7,172.9,fixation
10:26:37.2558,383.6,172.9,fixation
10:26:37.2563,383.4,172.8,fixation
10:26:37.2568,383.0,172.5,fixation
10:26:37.2573,382.7,172.0,fixation
10:26:37.2578,383.2,171.7,fixation
10:26:37.2583,382.9,170.8,fixation
10:26:37.2588,382.4,168.8,fixation
10:26:37.2593,382.9,168.1,fixation
10:26:37.2598,382.9,167.3,fixation
10:26:37.2603,382.6,167.9,fixation
10:26:37.2608,382.7,168.4,fixation
10:26:37.2613,382.5,169.2,fixation
10:26:37.2618,381.9,170.5,fixation
10:26:37.2623,382.2,171.8,fixation
10:26:37.2628,381.9,173.2,fixation
10:26:37.2633,381.7,173.1,fixation
10:26:37.2638,382.1,173.7,fixation
10:26:37.2643,382.5,173.4,fixation
10:26:37.2648,382.9,172.8,fixation
10:26:37.2653,383.1,172.8,fixation
10:26:37.2658,383.4,172.3,fixation
10:26:37.2663,384.0,171.4,fixation
10:26:37.2668,384.5,171.5,fixation
10:26:37.2673,384.3,171.7,fixation
10:26:37.2678,383.4,171.7,fixation
10:26:37.2683,384.0,172.1,fixation
10:26:37.2688,385.4,172.5,fixation
10:26:37.2693,385.5,172.6,fixation
10:26:37.2698,385.2,172.9,fixation
10:26:37.2703,384.6,172.4,fixation
10:26:37.2708,384.6,171.8,fixation
10:26:37.2713,384.8,171.5,fixation
10:26:37.2718,385.4,171.0,fixation
10:26:37.2723,385.3,170.8,fixation
10:26:37.2728,385.3,171.3,fixation
10:26:37.2733,386.0,172.0,fixation
10:26:37.2738,385.7,172.3,fixation
10:26:37.2743,384.8,172.9,fixation
10:26:37.2748,384.5,173.3,fixation
10:26:37.2753,385.0,173.5,fixation
10:26:37.2758,385.3,173.4,fixation
10:26:37.2763,385.1,173.3,fixation
10:26:37.2768,385.2,174.1,saccade
10:26:37.2773,385.1,174.1,saccade
10:26:37.2778,381.2,173.1,saccade
10:26:37.2783,374.3,171.3,saccade
10:26:37.2788,363.6,168.6,saccade
10:26:37.2793,346.8,164.5,saccade
10:26:37.2798,327.4,159.9,saccade
10:26:37.2803,308.3,154.9,saccade
10:26:37.2808,289.4,149.2,saccade
10:26:37.2813,273.8,145.2,saccade
10:26:37.2818,259.1,140.9,saccade
10:26:37.2823,243.9,134.1,saccade
10:26:37.2828,232.4,127.2,saccade
10:26:37.2833,224.4,122.5,saccade
10:26:37.2838,222.6,120.9,saccade
10:26:37.2843,225.6,119.9,saccade
10:26:37.2848,229.6,120.0,fixation
10:26:37.2853,234.6,120.3,fixation
10:26:37.2858,241.7,121.9,fixation
10:26:37.2863,245.4,123.3,fixation
10:26:37.2868,246.5,125.1,fixation
10:26:37.2873,247.5,126.6,fixation
10:26:37.2878,247.7,126.6,fixation
10:26:37.2883,246.7,125.4,fixation
10:26:37.2888,244.3,124.0,fixation
10:26:37.2893,243.8,122.8,fixation
10:26:37.2898,243.5,121.3,fixation
10:26:37.2903,244.0,121.6,fixation
10:26:37.2908,244.9,122.8,fixation
10:26:37.2913,245.2,123.9,fixation
10:26:37.2918,245.2,124.9,fixation
10:26:37.2923,245.7,126.2,fixation
10:26:37.2928,245.3,126.7,fixation
10:26:37.2933,244.1,126.5,fixation
10:26:37.2938,242.9,126.2,fixation
10:26:37.2943,242.7,126.6,fixation
10:26:37.2948,242.5,127.4,fixation
10:26:37.2953,242.4,127.7,fixation
10:26:37.2958,242.1,127.6,fixation
10:26:37.2963,242.1,126.9,fixation
10:26:37.2968,242.2,125.9,fixation
10:26:37.2973,242.3,124.9,fixation
10:26:37.2978,241.9,123.7,fixation
10:26:37.2983,242.0,122.4,fixation
10:26:37.2988,242.2,121.5,fixation
10:26:37.2993,242.5,120.9,fixation
10:26:37.2998,242.9,120.9,fixation
10:26:37.3003,243.6,121.5,fixation
10:26:37.3008,243.6,121.8,fixation
10:26:37.3013,242.4,121.8,fixation
10:26:37.3018,243.0,122.9,fixation
10:26:37.3023,243.5,124.1,fixation
10:26:37.3028,242.9,124.8,fixation
10:26:37.3033,242.5,125.3,fixation
10:26:37.3038,243.4,125.9,fixation
10:26:37.3043,244.0,126.3,fixation
10:26:37.3048,243.9,126.7,fixation
10:26:37.3053,244.0,127.7,fixation
10:26:37.3058,244.1,128.2,fixation
10:26:37.3063,244.1,128.3,fixation
10:26:37.3068,243.9,129.0,fixation
10:26:37.3073,244.1,129.6,fixation
10:26:37.3078,244.6,129.8,fixation
10:26:37.3083,245.0,129.6,fixation
10:26:37.3088,245.8,129.3,fixation
10:26:37.3093,246.0,129.4,fixation
10:26:37.3098,245.7,129.3,fixation
10:26:37.3103,245.1,129.0,fixation
10:26:37.3108,244.5,128.7,fixation
10:26:37.3113,244.9,128.3,fixation
10:26:37.3118,244.4,129.0,fixation
10:26:37.3123,245.3,129.8,fixation
10:26:37.3128,245.9,130.0,fixation
10:26:37.3133,246.3,130.1,fixation
10:26:37.3138,245.2,129.6,fixation
10:26:37.3143,244.5,129.0,fixation
10:26:37.3148,244.8,129.5,fixation
10:26:37.3153,244.7,129.9,fixation
10:26:37.3158,244.1,129.9,fixation
10:26:37.3163,244.1,130.1,fixation
10:26:37.3168,243.6,129.8,fixation
10:26:37.3173,243.1,129.8,fixation
10:26:37.3178,243.4,129.0,fixation
10:26:37.3183,243.4,128.8,fixation
10:26:37.3188,243.6,129.7,fixation
10:26:37.3193,244.3,130.7,fixation
10:26:37.3198,243.9,130.7,fixation
10:26:37.3203,243.6,130.8,fixation
10:26:37.3208,244.0,131.2,fixation
10:26:37.3213,242.6,130.2,fixation
10:26:37.3218,242.2,128.9,fixation
10:26:37.3223,242.6,129.7,fixation
10:26:37.3228,242.3,130.8,fixation
10:26:37.3233,242.1,131.0,fixation
10:26:37.3238,241.8,130.8,fixation
10:26:37.3243,241.5,130.4,fixation
10:26:37.3248,241.3,128.5,fixation
10:26:37.3253,241.3,128.3,fixation
10:26:37.3258,241.5,127.9,fixation
10:26:37.3263,242.0,127.0,fixation
10:26:37.3268,242.3,126.5,fixation
10:26:37.3273,242.5,126.4,fixation
10:26:37.3278,242.8,126.2,fixation
10:26:37.3283,242.2,125.2,fixation
10:26:37.3288,241.0,125.4,fixation
10:26:37.3293,241.0,125.7,fixation
10:26:37.3298,240.4,125.2,fixation
10:26:37.3303,240.3,124.8,fixation
10:26:37.3308,240.3,125.1,fixation
10:26:37.3313,240.0,125.2,fixation
10:26:37.3318,240.8,125.8,fixation
10:26:37.3323,241.5,126.5,fixation
10:26:37.3328,241.5,127.2,fixation
10:26:37.3333,241.7,127.8,fixation
10:26:37.3338,242.1,128.3,fixation
10:26:37.3343,243.1,129.4,fixation
10:26:37.3348,243.1,129.6,fixation
10:26:37.3353,242.4,128.2,fixation
10:26:37.3358,242.1,127.3,fixation
10:26:37.3363,242.8,127.7,fixation
10:26:37.3368,242.6,129.6,fixation
10:26:37.3373,242.3,131.2,fixation
10:26:37.3378,242.5,131.9,fixation
10:26:37.3383,242.2,132.5,fixation
10:26:37.3388,241.8,133.0,fixation
10:26:37.3393,242.4,133.4,fixation
10:26:37.3398,243.3,134.2,fixation
10:26:37.3403,243.5,135.1,fixation
10:26:37.3408,243.6,135.2,fixation
10:26:37.3413,244.1,135.2,fixation
10:26:37.3418,245.3,135.6,fixation
10:26:37.3423,245.7,134.7,fixation
10:26:37.3428,245.2,133.7,fixation
10:26:37.3433,244.6,133.5,fixation
10:26:37.3438,245.3,133.1,fixation
10:26:37.3443,245.8,132.2,fixation
10:26:37.3448,245.7,132.3,fixation
10:26:37.3453,247.1,131.9,fixation
10:26:37.3458,248.0,132.2,fixation
10:26:37.3463,247.3,134.0,fixation
10:26:37.3468,246.8,135.5,fixation
10:26:37.3473,247.5,136.9,saccade
10:26:37.3478,248.1,137.8,saccade
10:26:37.3483,249.0,138.9,saccade
10:26:37.3488,252.1,143.4,saccade
10:26:37.3493,260.1,149.0,saccade
10:26:37.3498,269.6,154.9,saccade
10:26:37.3503,280.7,157.8,saccade
10:26:37.3508,296.7,160.1,saccade
10:26:37.3513,319.2,161.6,saccade
10:26:37.3518,347.3,162.3,saccade
10:26:37.3523,380.9,163.5,saccade
10:26:37.3528,410.9,164.8,saccade
10:26:37.3533,436.7,168.8,saccade
10:26:37.3538,462.4,174.0,saccade
10:26:37.3543,480.0,177.0,saccade
10:26:37.3548,489.0,177.9,saccade
10:26:37.3553,493.5,179.2,saccade
10:26:37.3558,494.6,180.2,saccade
10:26:37.3563,494.0,180.1,saccade
10:26:37.3568,491.8,179.7,fixation
10:26:37.3573,488.7,178.9,fixation
10:26:37.3578,485.4,178.6,fixation
10:26:37.3583,481.6,178.3,fixation
10:26:37.3588,479.9,177.1,fixation
10:26:37.3593,478.0,175.3,fixation
10:26:37.3598,477.1,174.8,fixation
10:26:37.3603,477.4,174.6,fixation
10:26:37.3608,478.3,175.4,fixation
10:26:37.3613,478.7,176.3,fixation
10:26:37.3618,478.2,175.5,fixation
10:26:37.3623,478.0,174.4,fixation
10:26:37.3628,478.1,175.1,fixation
10:26:37.3633,477.6,175.7,fixation
10:26:37.3638,476.3,176.0,fixation
10:26:37.3643,475.1,176.1,fixation
10:26:37.3648,474.8,175.6,fixation
10:26:37.3653,475.9,175.5,fixation
10:26:37.3658,476.8,175.6,fixation
10:26:37.3663,477.1,175.6,fixation
10:26:37.3668,476.9,175.0,fixation
10:26:37.3673,477.0,174.0,fixation
10:26:37.3678,478.0,174.2,fixation
10:26:37.3683,478.0,174.3,fixation
10:26:37.3688,477.9,175.0,fixation
10:26:37.3693,478.0,176.1,fixation
10:26:37.3698,478.4,177.2,fixation
10:26:37.3703,478.3,178.0,fixation
10:26:37.3708,477.7,178.2,fixation
10:26:37.3713,477.1,177.3,fixation
10:26:37.3718,476.3,177.9,fixation
10:26:37.3723,476.5,177.4,fixation
10:26:37.3728,476.4,177.3,fixation
10:26:37.3733,476.7,177.4,fixation
10:26:37.3738,477.1,177.6,fixation
10:26:37.3743,477.3,177.7,fixation
10:26:37.3748,477.2,178.1,fixation
10:26:37.3753,476.8,177.7,fixation
10:26:37.3758,476.6,177.3,fixation
10:26:37.3763,476.9,176.3,fixation
10:26:37.3768,477.6,175.2,fixation
10:26:37.3773,477.6,175.6,fixation
10:26:37.3778,478.2,176.1,fixation
10:26:37.3783,478.1,175.9,fixation
10:26:37.3788,477.8,175.7,fixation
10:26:37.3793,476.8,175.3,fixation
10:26:37.3798,476.5,175.2,fixation
10:26:37.3803,476.5,174.9,fixation
10:26:37.3808,476.7,175.1,fixation
10:26:37.3813,477.1,175.5,fixation
10:26:37.3818,477.8,176.0,fixation
10:26:37.3823,478.5,177.1,fixation
10:26:37.3828,479.0,177.2,fixation
10:26:37.3833,479.6,177.2,fixation
10:26:37.3838,479.9,177.8,fixation
10:26:37.3843,478.7,177.6,fixation
10:26:37.3848,477.4,176.6,fixation
10:26:37.3853,476.8,176.1,fixation
10:26:37.3858,477.2,176.2,fixation
10:26:37.3863,477.4,175.7,fixation
10:26:37.3868,477.6,174.8,fixation
10:26:37.3873,478.0,173.9,fixation
10:26:37.3878,478.1,174.7,fixation
10:26:37.3883,478.4,175.4,fixation
10:26:37.3888,479.1,175.8,fixation
10:26:37.3893,479.9,175.9,fixation
10:26:37.3898,479.7,177.0,fixation
10:26:37.3903,479.6,177.9,fixation
10:26:37.3908,479.4,177.8,fixation
10:26:37.3913,479.2,179.0,fixation
10:26:37.3918,479.4,180.1,fixation
10:26:37.3923,479.3,180.2,fixation
10:26:37.3928,478.8,179.1,fixation
10:26:37.3933,478.6,178.2,fixation
10:26:37.3938,478.5,177.9,fixation
10:26:37.3943,478.6,178.2,fixation
10:26:37.3948,479.1,177.1,fixation
10:26:37.3953,479.2,176.6,fixation
10:26:37.3958,478.3,177.4,fixation
10:26:37.3963,478.5,177.9,fixation
10:26:37.3968,478.6,178.3,fixation
10:26:37.3973,478.3,178.4,fixation
10:26:37.3978,478.0,178.3,fixation
10:26:37.3983,478.7,178.8,fixation
10:26:37.3988,478.3,179.3,fixation
10:26:37.3993,479.1,179.8,fixation
10:26:37.3998,479.0,179.9,fixation
10:26:37.4003,479.8,180.1,fixation
10:26:37.4008,480.6,181.7,fixation
10:26:37.4013,480.0,184.3,fixation
10:26:37.4018,480.3,186.0,fixation
10:26:37.4023,480.3,188.1,fixation
10:26:37.4028,479.3,190.1,fixation
10:26:37.4033,477.9,192.1,saccade
10:26:37.4038,476.3,195.9,saccade
10:26:37.4043,474.8,201.4,saccade
10:26:37.4048,472.5,208.5,saccade
10:26:37.4053,469.6,214.9,saccade
10:26:37.4058,467.5,218.5,saccade
10:26:37.4063,466.4,218.6,saccade
10:26:37.4068,464.8,213.8,saccade
10:26:37.4073,462.1,234.4,saccade
10:26:37.4078,467.5,306.0,saccade
10:26:37.4083,473.8,405.3,saccade
10:26:37.4088,465.8,541.3,saccade
10:26:37.4093,470.5,683.8,saccade
10:26:37.4098,494.0,807.1,saccade
10:26:37.4103,477.9,917.1,saccade
10:26:37.4108,98.7,1173.3,saccade
10:26:37.4113,-60.3,1335.2,saccade
10:26:37.4118,-123.8,1556.9,saccade
10:26:37.4123,-149.6,1668.3,saccade
10:26:37.4128,.,.,blink
10:26:37.4133,.,.,blink
10:26:37.4138,.,.,blink
10:26:37.4143,.,.,blink
10:26:37.4148,.,.,blink
10:26:37.4153,.,.,blink
10:26:37.4158,.,.,blink
10:26:37.4163,.,.,blink
10:26:37.4168,.,.,blink
10:26:37.4173,.,.,blink
10:26:37.4178,.,.,blink
10:26:37.4183,.,.,blink
10:26:37.4188,.,.,blink
10:26:37.4193,.,.,blink
10:26:37.4198,.,.,blink
10:26:37.4203,.,.,blink
10:26:37.4208,.,.,blink
10:26:37.4213,.,.,blink
10:26:37.4218,.,.,blink
10:26:37.4223,.,.,blink
10:26:37.4228,.,.,blink
10:26:37.4233,.,.,blink
10:26:37.4238,.,.,blink
10:26:37.4243,.,.,blink
10:26:37.4248,.,.,blink
10:26:37.4253,.,.,blink
10:26:37.4258,.,.,blink
10:26:37.4263,.,.,blink
10:26:37.4268,.,.,blink
10:26:37.4273,.,.,blink
10:26:37.4278,.,.,blink
10:26:37.4283,.,.,blink
10:26:37.4288,.,.,blink
10:26:37.4293,.,.,blink
10:26:37.4298,.,.,blink
10:26:37.4303,.,.,blink
10:26:37.4308,.,.,blink
10:26:37.4313,.,.,blink
10:26:37.4318,.,.,blink
10:26:37.4323,548.1,61.7,fixation
10:26:37.4328,545.7,71.4,fixation
10:26:37.4333,544.2,81.2,fixation
10:26:37.4338,543.7,84.1,fixation
10:26:37.4343,543.4,84.5,fixation
10:26:37.4348,543.3,85.1,fixation
10:26:37.4353,544.2,86.2,fixation
10:26:37.4358,544.7,86.8,fixation
10:26:37.4363,544.6,87.1,fixation
10:26:37.4368,544.3,87.1,fixation
10:26:37.4373,543.7,86.1,fixation
10:26:37.4378,542.8,84.7,fixation
10:26:37.4383,541.4,84.4,fixation
10:26:37.4388,540.2,85.4,fixation
10:26:37.4393,542.1,88.2,fixation
10:26:37.4398,543.4,90.5,fixation
10:26:37.4403,543.4,91.4,fixation
10:26:37.4408,542.8,92.6,fixation
10:26:37.4413,540.7,92.9,fixation
10:26:37.4418,540.1,93.0,fixation
10:26:37.4423,540.7,92.9,fixation
10:26:37.4428,540.9,93.1,fixation
10:26:37.4433,541.2,93.2,fixation
10:26:37.4438,541.8,92.4,fixation
10:26:37.4443,541.5,92.1,fixation
10:26:37.4448,540.7,92.7,fixation
10:26:37.4453,540.5,93.5,fixation
10:26:37.4458,540.1,94.4,fixation
10:26:37.4463,539.4,95.4,fixation
10:26:37.4468,540.1,96.0,fixation
10:26:37.4473,541.5,95.2,fixation
10:26:37.4478,540.9,93.5,fixation
10:26:37.4483,539.2,91.3,fixation
10:26:37.4488,538.2,90.5,fixation
10:26:37.4493,538.1,90.4,fixation
10:26:37.4498,539.1,90.6,fixation
10:26:37.4503,539.7,90.2,fixation
10:26:37.4508,539.6,90.0,fixation
10:26:37.4513,540.3,90.6,fixation
10:26:37.4518,540.6,90.1,fixation
10:26:37.4523,539.2,89.3,fixation
10:26:37.4528,538.5,87.5,fixation
10:26:37.4533,538.7,86.9,fixation
10:26:37.4538,538.8,88.2,fixation
10:26:37.4543,539.2,88.3,fixation
10:26:37.4548,539.1,88.3,fixation
10:26:37.4553,539.3,88.5,fixation
10:26:37.4558,540.0,88.6,fixation
10:26:37.4563,540.1,88.2,fixation
10:26:37.4568,538.9,87.4,fixation
10:26:37.4573,538.1,86.9,fixation
10:26:37.4578,538.4,86.3,fixation
10:26:37.4583,538.6,86.1,fixation
10:26:37.4588,538.5,85.6,fixation
10:26:37.4593,538.5,85.2,fixation
10:26:37.4598,538.9,85.8,fixation
10:26:37.4603,539.4,86.7,fixation
10:26:37.4608,540.0,87.0,fixation
10:26:37.4613,540.6,86.6,fixation
10:26:37.4618,541.6,87.2,fixation
10:26:37.4623,542.1,87.2,fixation
10:26:37.4628,541.7,85.9,fixation
10:26:37.4633,541.3,86.5,fixation
10:26:37.4638,540.7,86.0,fixation
10:26:37.4643,540.9,85.6,fixation
10:26:37.4648,541.1,86.5,fixation
10:26:37.4653,541.0,85.9,fixation
10:26:37.4658,541.1,85.6,fixation
10:26:37.4663,541.6,86.1,fixation
10:26:37.4668,542.0,86.6,fixation
10:26:37.4673,542.0,85.9,fixation
10:26:37.4678,542.0,85.9,fixation
10:26:37.4683,542.2,86.6,fixation
10:26:37.4688,543.0,86.9,fixation
10:26:37.4693,544.0,86.8,fixation
10:26:37.4698,544.3,86.7,fixation
10:26:37.4703,544.0,87.0,fixation
10:26:37.4708,544.5,87.9,fixation
10:26:37.4713,544.4,88.4,fixation
10:26:37.4718,544.4,88.9,fixation
10:26:37.4723,543.9,88.9,fixation
10:26:37.4728,544.4,89.5,fixation
10:26:37.4733,544.8,88.5,fixation
10:26:37.4738,544.5,87.9,fixation
10:26:37.4743,543.9,87.9,fixation
10:26:37.4748,543.6,87.5,fixation
10:26:37.4753,543.5,88.7,fixation
10:26:37.4758,543.6,89.4,fixation
10:26:37.4763,543.6,89.9,fixation
10:26:37.4768,543.5,90.0,fixation
10:26:37.4773,542.8,90.1,fixation
10:26:37.4778,542.6,90.3,fixation
10:26:37.4783,542.3,90.9,fixation
10:26:37.4788,542.0,90.6,fixation
10:26:37.4793,541.5,90.1,fixation
10:26:37.4798,541.7,90.2,fixation
10:26:37.4803,542.2,89.8,fixation
10:26:37.4808,542.4,88.1,fixation
10:26:37.4813,542.5,87.1,fixation
10:26:37.4818,543.3,87.2,fixation
10:26:37.4823,543.2,87.7,fixation
10:26:37.4828,543.3,88.4,fixation
10:26:37.4833,541.7,88.8,fixation
10:26:37.4838,541.3,89.3,fixation
10:26:37.4843,541.6,89.5,fixation
10:26:37.4848,541.7,89.8,fixation
10:26:37.4853,542.0,89.8,fixation
10:26:37.4858,541.8,89.1,fixation
10:26:37.4863,541.0,88.9,fixation
10:26:37.4868,540.4,89.1,fixation
10:26:37.4873,540.3,88.8,fixation
10:26:37.4878,540.2,87.5,fixation
10:26:37.4883,539.5,84.8,fixation
10:26:37.4888,538.7,83.1,fixation
10:26:37.4893,538.8,83.0,fixation
10:26:37.4898,538.8,82.7,fixation
10:26:37.4903,539.3,83.3,fixation
10:26:37.4908,539.2,84.2,fixation
10:26:37.4913,538.9,85.0,fixation
10:26:37.4918,538.0,83.8,fixation
10:26:37.4923,537.2,82.1,fixation
10:26:37.4928,537.2,82.1,fixation
10:26:37.4933,537.8,82.8,fixation
10:26:37.4938,537.7,82.9,fixation
10:26:37.4943,538.3,82.4,fixation
10:26:37.4948,537.9,83.0,fixation
10:26:37.4953,537.6,82.4,fixation
10:26:37.4958,537.5,81.4,fixation
10:26:37.4963,536.6,81.7,fixation
10:26:37.4968,536.2,82.0,fixation
10:26:37.4973,536.1,82.5,fixation
10:26:37.4978,536.1,82.2,fixation
10:26:37.4983,536.8,82.5,fixation
10:26:37.4988,537.3,82.9,fixation
10:26:37.4993,537.1,82.6,fixation
10:26:37.4998,537.0,83.9,fixation
10:26:37.5003,536.5,82.9,fixation
10:26:37.5008,536.1,82.2,fixation
10:26:37.5013,536.1,82.3,fixation
10:26:37.5018,536.3,82.8,fixation
10:26:37.5023,536.2,82.9,fixation
10:26:37.5028,534.8,81.9,fixation
10:26:37.5033,534.7,81.7,fixation
10:26:37.5038,535.1,82.5,fixation
10:26:37.5043,535.6,82.6,fixation
10:26:37.5048,535.6,82.7,fixation
10:26:37.5053,535.3,82.6,fixation
10:26:37.5058,535.3,82.3,fixation
10:26:37.5063,535.9,82.7,fixation
10:26:37.5068,535.7,83.5,fixation
10:26:37.5073,534.5,83.1,fixation
10:26:37.5078,533.2,81.7,fixation
10:26:37.5083,533.9,81.3,fixation
10:26:37.5088,534.3,81.4,fixation
10:26:37.5093,534.2,81.3,fixation
10:26:37.5098,532.8,80.9,fixation
10:26:37.5103,531.6,80.5,fixation
10:26:37.5108,531.2,80.8,fixation
10:26:37.5113,531.8,81.2,fixation
10:26:37.5118,532.6,81.7,fixation
10:26:37.5123,533.0,82.2,fixation
10:26:37.5128,533.3,82.1,fixation
10:26:37.5133,532.5,81.3,fixation
10:26:37.5138,531.7,81.4,fixation
10:26:37.5143,532.4,82.4,fixation
10:26:37.5148,533.0,83.7,fixation
10:26:37.5153,532.8,84.9,fixation
10:26:37.5158,533.1,85.6,fixation
10:26:37.5163,533.4,84.9,fixation
10:26:37.5168,532.7,84.0,fixation
10:26:37.5173,531.8,83.8,fixation
10:26:37.5178,530.9,83.8,fixation
10:26:37.5183,530.5,84.6,fixation
10:26:37.5188,529.9,85.8,fixation
10:26:37.5193,530.1,87.1,fixation
10:26:37.5198,530.9,87.0,fixation
10:26:37.5203,531.1,87.2,fixation
10:26:37.5208,530.9,88.0,fixation
10:26:37.5213,531.5,88.4,fixation
10:26:37.5218,532.9,89.8,fixation
10:26:37.5223,533.7,91.7,fixation
10:26:37.5228,533.9,92.5,fixation
10:26:37.5233,533.7,93.2,fixation
10:26:37.5238,532.3,92.2,fixation
10:26:37.5243,530.9,91.3,fixation
10:26:37.5248,531.1,91.7,fixation
10:26:37.5253,530.6,93.1,fixation
10:26:37.5258,530.1,93.8,fixation
10:26:37.5263,529.0,92.6,fixation
10:26:37.5268,528.0,92.5,fixation
10:26:37.5273,528.1,94.9,fixation
10:26:37.5278,529.1,95.8,fixation
10:26:37.5283,530.1,96.2,fixation
10:26:37.5288,530.5,96.7,fixation
10:26:37.5293,530.6,97.3,fixation
10:26:37.5298,530.8,97.8,fixation
10:26:37.5303,531.0,98.2,fixation
10:26:37.5308,532.2,99.6,fixation
10:26:37.5313,532.3,101.2,fixation
10:26:37.5318,531.9,102.4,fixation
10:26:37.5323,531.5,104.0,fixation
10:26:37.5328,531.3,104.6,fixation
10:26:37.5333,531.9,105.0,fixation
10:26:37.5338,532.1,106.6,fixation
10:26:37.5343,531.1,107.4,fixation
10:26:37.5348,530.1,107.2,fixation
10:26:37.5353,531.1,107.5,fixation
10:26:37.5358,531.7,107.8,fixation
10:26:37.5363,531.8,108.2,fixation
10:26:37.5368,531.4,108.9,fixation
10:26:37.5373,530.9,109.9,fixation
10:26:37.5378,530.9,109.4,fixation
10:26:37.5383,530.8,109.2,fixation
10:26:37.5388,531.0,108.8,fixation
10:26:37.5393,531.7,107.8,fixation
10:26:37.5398,531.9,106.3,fixation
10:26:37.5403,531.2,105.8,fixation
10:26:37.5408,531.7,106.3,fixation
10:26:37.5413,532.6,106.9,fixation
10:26:37.5418,531.9,106.9,fixation
10:26:37.5423,531.5,107.5,fixation
10:26:37.5428,532.0,108.4,fixation
10:26:37.5433,532.2,108.7,fixation
10:26:37.5438,532.6,109.6,fixation
10:26:37.5443,533.7,111.7,fixation
10:26:37.5448,533.9,112.6,fixation
10:26:37.5453,534.2,112.8,fixation
10:26:37.5458,535.3,113.3,fixation
10:26:37.5463,535.6,114.9,fixation
10:26:37.5468,535.3,116.3,fixation
10:26:37.5473,534.3,117.1,fixation
10:26:37.5478,534.3,118.2,fixation
10:26:37.5483,534.8,118.5,fixation
10:26:37.5488,534.3,117.8,fixation
10:26:37.5493,533.8,116.4,fixation
10:26:37.5498,533.6,116.0,fixation
10:26:37.5503,533.4,115.8,fixation
10:26:37.5508,533.4,115.8,fixation
10:26:37.5513,533.4,115.8,fixation
10:26:37.5518,533.0,116.0,fixation
10:26:37.5523,532.7,116.5,fixation
10:26:37.5528,532.6,117.4,fixation
10:26:37.5533,532.6,117.8,fixation
10:26:37.5538,533.2,118.0,fixation
10:26:37.5543,533.6,118.3,fixation
10:26:37.5548,533.5,119.4,fixation
10:26:37.5553,533.8,119.7,fixation
10:26:37.5558,535.0,120.0,fixation
10:26:37.5563,536.1,120.3,fixation
10:26:37.5568,536.1,121.2,fixation
10:26:37.5573,536.2,121.6,fixation
10:26:37.5578,536.2,123.1,fixation
10:26:37.5583,536.6,124.8,fixation
10:26:37.5588,537.0,126.6,fixation
10:26:37.5593,537.2,128.3,fixation
10:26:37.5598,538.3,131.0,fixation
10:26:37.5603,538.5,132.5,fixation
10:26:37.5608,538.7,132.9,fixation
10:26:37.5613,538.3,133.2,fixation
10:26:37.5618,537.9,132.3,fixation
10:26:37.5623,537.9,132.9,fixation
10:26:37.5628,537.8,134.0,fixation
10:26:37.5633,537.8,135.7,fixation
10:26:37.5638,538.3,138.4,fixation
10:26:37.5643,539.5,140.4,fixation
10:26:37.5648,539.6,140.5,fixation
10:26:37.5653,539.5,139.5,fixation
10:26:37.5658,539.5,140.0,fixation
10:26:37.5663,539.4,142.4,fixation
10:26:37.5668,538.8,144.4,fixation
10:26:37.5673,537.6,146.4,fixation
10:26:37.5678,537.3,146.9,fixation
10:26:37.5683,537.8,147.4,fixation
10:26:37.5688,539.1,147.8,fixation
10:26:37.5693,540.5,147.7,fixation
10:26:37.5698,540.4,147.6,fixation
10:26:37.5703,541.0,147.6,fixation
10:26:37.5708,540.8,147.6,fixation
10:26:37.5713,539.3,147.8,fixation
10:26:37.5718,538.3,148.7,fixation
10:26:37.5723,538.3,149.4,fixation
10:26:37.5728,538.6,149.6,fixation
10:26:37.5733,539.9,149.6,fixation
10:26:37.5738,540.5,149.6,fixation
10:26:37.5743,540.8,150.0,fixation
10:26:37.5748,541.1,151.4,fixation
10:26:37.5753,540.6,152.0,fixation
10:26:37.5758,540.2,151.6,fixation
10:26:37.5763,539.9,151.6,fixation
10:26:37.5768,539.9,151.5,fixation
10:26:37.5773,540.3,151.0,fixation
10:26:37.5778,541.4,150.8,fixation
10:26:37.5783,542.1,152.1,fixation
10:26:37.5788,542.7,153.8,fixation
10:26:37.5793,542.7,153.7,fixation
10:26:37.5798,542.0,153.7,fixation
10:26:37.5803,541.4,154.0,fixation
10:26:37.5808,541.0,154.1,fixation
10:26:37.5813,540.4,154.0,fixation
10:26:37.5818,541.9,155.8,fixation
10:26:37.5823,544.3,158.0,fixation
10:26:37.5828,544.7,158.4,fixation
10:26:37.5833,544.4,158.4,fixation
10:26:37.5838,543.4,157.8,fixation
10:26:37.5843,542.0,157.2,fixation
10:26:37.5848,541.9,157.2,fixation
10:26:37.5853,542.2,157.7,fixation
10:26:37.5858,542.8,158.3,fixation
10:26:37.5863,544.6,160.5,fixation
10:26:37.5868,545.8,162.6,fixation
10:26:37.5873,545.9,163.6,fixation
10:26:37.5878,545.7,163.9,fixation
10:26:37.5883,543.9,163.6,fixation
10:26:37.5888,542.7,163.9,fixation
10:26:37.5893,542.6,164.6,fixation
10:26:37.5898,542.9,164.7,fixation
10:26:37.5903,542.9,165.2,fixation
10:26:37.5908,544.3,165.4,fixation
10:26:37.5913,545.5,165.5,fixation
10:26:37.5918,545.5,165.6,fixation
10:26:37.5923,545.6,167.3,fixation
10:26:37.5928,545.5,168.8,fixation
10:26:37.5933,545.3,167.7,fixation
10:26:37.5938,544.6,167.4,fixation
10:26:37.5943,544.0,167.8,fixation
10:26:37.5948,544.5,169.1,fixation
10:26:37.5953,545.4,169.8,fixation
10:26:37.5958,545.5,170.3,fixation
10:26:37.5963,546.3,171.0,fixation
10:26:37.5968,547.5,171.8,fixation
10:26:37.5973,548.1,173.0,fixation
10:26:37.5978,548.6,172.3,fixation
10:26:37.5983,548.1,171.9,fixation
10:26:37.5988,547.4,171.7,fixation
10:26:37.5993,546.7,172.2,fixation
10:26:37.5998,545.9,173.0,fixation
10:26:37.6003,544.9,173.3,fixation
10:26:37.6008,544.3,173.2,fixation
10:26:37.6013,544.0,174.1,fixation
10:26:37.6018,544.1,175.2,fixation
10:26:37.6023,544.5,175.0,fixation
10:26:37.6028,544.7,174.6,fixation
10:26:37.6033,544.5,174.5,fixation
10:26:37.6038,544.8,174.5,fixation
10:26:37.6043,546.2,174.8,fixation
10:26:37.6048,547.6,175.1,fixation
10:26:37.6053,548.1,175.5,fixation
10:26:37.6058,547.8,176.0,fixation
10:26:37.6063,547.8,176.7,fixation
10:26:37.6068,548.8,176.4,fixation
10:26:37.6073,548.7,176.2,fixation
10:26:37.6078,548.3,176.9,fixation
10:26:37.6083,548.4,177.1,fixation
10:26:37.6088,548.6,177.1,fixation
10:26:37.6093,548.4,176.7,fixation
10:26:37.6098,547.8,176.5,fixation
10:26:37.6103,547.8,177.2,fixation
10:26:37.6108,547.4,177.8,fixation
10:26:37.6113,546.6,178.3,fixation
10:26:37.6118,546.8,179.3,fixation
10:26:37.6123,546.7,179.0,fixation
10:26:37.6128,546.6,178.6,fixation
10:26:37.6133,546.7,179.1,fixation
10:26:37.6138,546.1,179.5,fixation
10:26:37.6143,544.9,178.9,fixation
10:26:37.6148,544.0,177.6,fixation
10:26:37.6153,544.8,177.2,fixation
10:26:37.6158,545.1,177.1,fixation
10:26:37.6163,545.0,178.2,fixation
10:26:37.6168,544.5,179.0,fixation
10:26:37.6173,544.4,179.3,fixation
10:26:37.6178,545.7,180.6,fixation
10:26:37.6183,547.2,182.1,fixation
10:26:37.6188,547.1,181.3,fixation
10:26:37.6193,546.5,180.5,fixation
10:26:37.6198,546.2,180.2,fixation
10:26:37.6203,545.3,179.5,fixation
10:26:37.6208,547.0,179.8,fixation
10:26:37.6213,548.8,181.1,fixation
10:26:37.6218,548.9,182.3,fixation
10:26:37.6223,548.7,183.4,fixation
10:26:37.6228,548.7,183.6,fixation
10:26:37.6233,549.5,183.8,fixation
10:26:37.6238,549.4,183.1,fixation
10:26:37.6243,550.5,182.4,fixation
10:26:37.6248,550.2,181.8,fixation
10:26:37.6253,549.2,181.4,fixation
10:26:37.6258,549.2,181.8,fixation
10:26:37.6263,549.6,182.8,fixation
10:26:37.6268,549.4,183.7,fixation
10:26:37.6273,549.0,183.7,fixation
10:26:37.6278,548.8,183.6,fixation
10:26:37.6283,548.4,183.9,fixation
10:26:37.6288,548.9,184.9,fixation
10:26:37.6293,549.4,184.9,fixation
10:26:37.6298,549.4,184.2,fixation
10:26:37.6303,548.6,183.2,fixation
10:26:37.6308,547.9,181.5,fixation
10:26:37.6313,547.2,181.1,fixation
10:26:37.6318,547.1,180.6,fixation
10:26:37.6323,547.2,180.2,fixation
10:26:37.6328,547.0,179.2,fixation
10:26:37.6333,547.1,179.8,fixation
10:26:37.6338,547.6,180.6,fixation
10:26:37.6343,546.7,180.9,fixation
10:26:37.6348,545.9,180.6,fixation
10:26:37.6353,546.5,181.2,fixation
10:26:37.6358,546.4,181.8,fixation
10:26:37.6363,547.5,182.4,fixation
10:26:37.6368,548.1,182.6,fixation
10:26:37.6373,549.2,182.9,fixation
10:26:37.6378,550.3,184.2,fixation
10:26:37.6383,550.7,184.9,fixation
10:26:37.6388,551.6,185.1,fixation
10:26:37.6393,550.6,185.3,fixation
10:26:37.6398,548.4,184.7,fixation
10:26:37.6403,547.0,184.0,fixation
10:26:37.6408,546.4,183.8,fixation
10:26:37.6413,545.7,183.6,fixation
10:26:37.6418,545.5,183.3,fixation
10:26:37.6423,545.8,182.7,fixation
10:26:37.6428,546.3,182.0,fixation
10:26:37.6433,547.1,181.4,fixation
10:26:37.6438,547.5,180.1,fixation
10:26:37.6443,548.5,181.0,fixation
10:26:37.6448,548.5,182.2,fixation
10:26:37.6453,548.4,182.0,fixation
10:26:37.6458,548.2,181.0,fixation
10:26:37.6463,547.4,180.2,fixation
10:26:37.6468,546.5,180.7,fixation
10:26:37.6473,545.3,181.5,fixation
10:26:37.6478,544.3,182.3,fixation
10:26:37.6483,544.6,183.0,fixation
10:26:37.6488,545.8,184.2,fixation
10:26:37.6493,547.0,185.9,fixation
10:26:37.6498,547.7,185.9,fixation
10:26:37.6503,549.0,185.5,fixation
10:26:37.6508,550.4,183.8,fixation
10:26:37.6513,550.1,183.8,fixation
10:26:37.6518,549.6,183.1,fixation
10:26:37.6523,549.0,182.8,fixation
10:26:37.6528,547.7,182.8,fixation
10:26:37.6533,547.4,183.2,fixation
10:26:37.6538,547.0,183.3,fixation
10:26:37.6543,547.2,183.0,fixation
10:26:37.6548,546.5,182.7,fixation
10:26:37.6553,546.1,182.0,fixation
10:26:37.6558,546.5,181.7,fixation
10:26:37.6563,547.1,181.0,fixation
10:26:37.6568,547.5,179.9,fixation
10:26:37.6573,548.8,180.6,fixation
10:26:37.6578,549.0,181.6,fixation
10:26:37.6583,549.2,181.9,fixation
10:26:37.6588,549.9,182.0,fixation
10:26:37.6593,550.1,182.6,fixation
10:26:37.6598,549.9,182.8,fixation
10:26:37.6603,549.2,181.9,fixation
10:26:37.6608,549.1,180.8,fixation
10:26:37.6613,549.4,181.0,fixation
10:26:37.6618,549.2,180.7,fixation
10:26:37.6623,548.8,180.3,fixation
10:26:37.6628,548.0,180.1,fixation
10:26:37.6633,548.4,180.5,fixation
10:26:37.6638,549.3,181.2,fixation
10:26:37.6643,548.9,181.4,fixation
10:26:37.6648,547.8,182.3,fixation
10:26:37.6653,547.2,182.6,fixation
10:26:37.6658,547.5,183.2,fixation
10:26:37.6663,548.0,184.3,fixation
10:26:37.6668,548.4,185.6,fixation
10:26:37.6673,549.3,185.6,fixation
10:26:37.6678,550.1,185.4,fixation
10:26:37.6683,550.9,185.3,fixation
10:26:37.6688,550.8,185.2,fixation
10:26:37.6693,551.6,185.3,fixation
10:26:37.6698,552.5,185.6,fixation
10:26:37.6703,552.5,186.6,fixation
10:26:37.6708,551.8,187.0,fixation
10:26:37.6713,548.8,185.2,fixation
10:26:37.6718,547.6,184.4,fixation
10:26:37.6723,547.7,184.7,fixation
10:26:37.6728,547.6,184.9,fixation
10:26:37.6733,548.0,185.0,fixation
10:26:37.6738,548.3,184.7,fixation
10:26:37.6743,548.5,183.1,fixation
10:26:37.6748,549.5,182.7,fixation
10:26:37.6753,549.6,182.6,fixation
10:26:37.6758,548.7,181.7,fixation
10:26:37.6763,548.8,182.0,fixation
10:26:37.6768,549.7,184.3,fixation
10:26:37.6773,551.7,185.9,fixation
10:26:37.6778,551.2,185.9,fixation
10:26:37.6783,549.9,185.9,fixation
10:26:37.6788,548.4,186.3,fixation
10:26:37.6793,547.1,186.4,saccade
10:26:37.6798,546.9,186.6,saccade
10:26:37.6803,550.0,187.2,saccade
10:26:37.6808,554.4,187.8,saccade
10:26:37.6813,561.6,187.8,saccade
10:26:37.6818,568.9,186.4,saccade
10:26:37.6823,581.2,186.9,saccade
10:26:37.6828,594.8,187.8,saccade
10:26:37.6833,605.5,188.2,saccade
10:26:37.6838,612.2,187.1,saccade
10:26:37.6843,615.8,187.0,saccade
10:26:37.6848,617.1,186.2,saccade
10:26:37.6853,616.0,186.0,fixation
10:26:37.6858,613.5,187.7,fixation
10:26:37.6863,610.1,187.6,fixation
10:26:37.6868,607.5,187.0,fixation
10:26:37.6873,606.9,188.2,fixation
10:26:37.6878,607.1,189.5,fixation
10:26:37.6883,607.1,190.5,fixation
10:26:37.6888,606.9,190.7,fixation
10:26:37.6893,607.6,190.9,fixation
10:26:37.6898,608.5,191.0,fixation
10:26:37.6903,608.8,191.1,fixation
10:26:37.6908,608.4,191.0,fixation
10:26:37.6913,607.5,190.8,fixation
10:26:37.6918,606.4,190.7,fixation
10:26:37.6923,606.0,190.7,fixation
10:26:37.6928,605.7,190.6,fixation
10:26:37.6933,605.5,190.2,fixation
10:26:37.6938,605.4,190.4,fixation
10:26:37.6943,603.9,190.8,fixation
10:26:37.6948,603.4,189.9,fixation
10:26:37.6953,603.5,189.1,fixation
10:26:37.6958,603.7,189.2,fixation
10:26:37.6963,604.5,189.9,fixation
10:26:37.6968,605.9,190.7,fixation
10:26:37.6973,606.9,190.7,fixation
10:26:37.6978,609.1,191.0,fixation
10:26:37.6983,609.2,190.5,fixation
10:26:37.6988,609.0,188.8,fixation
10:26:37.6993,609.3,188.1,fixation
10:26:37.6998,609.3,189.9,fixation
10:26:37.7003,608.7,190.9,fixation
10:26:37.7008,608.5,190.7,fixation
10:26:37.7013,607.8,190.5,fixation
10:26:37.7018,607.3,189.8,fixation
10:26:37.7023,608.8,189.7,fixation
10:26:37.7028,609.0,189.0,fixation
10:26:37.7033,609.7,187.8,fixation
10:26:37.7038,610.6,188.0,fixation
10:26:37.7043,610.7,189.4,fixation
10:26:37.7048,609.7,189.0,fixation
10:26:37.7053,607.9,187.8,fixation
10:26:37.7058,609.1,188.4,fixation
10:26:37.7063,611.6,190.4,fixation
10:26:37.7068,612.8,190.3,fixation
10:26:37.7073,611.7,190.2,fixation
10:26:37.7078,610.0,190.1,fixation
10:26:37.7083,608.2,188.7,fixation
10:26:37.7088,608.5,189.2,fixation
10:26:37.7093,610.9,191.4,fixation
10:26:37.7098,612.6,192.6,fixation
10:26:37.7103,613.4,193.3,fixation
10:26:37.7108,613.3,192.5,fixation
10:26:37.7113,612.1,191.9,fixation
10:26:37.7118,609.9,191.1,fixation
10:26:37.7123,608.9,189.9,fixation
10:26:37.7128,611.0,189.9,fixation
10:26:37.7133,614.0,190.9,fixation
10:26:37.7138,613.7,190.9,fixation
10:26:37.7143,612.2,190.1,fixation
10:26:37.7148,610.9,190.0,fixation
10:26:37.7153,610.3,190.4,fixation
10:26:37.7158,609.8,191.0,fixation
10:26:37.7163,612.3,191.9,fixation
10:26:37.7168,613.7,191.3,fixation
10:26:37.7173,614.0,190.8,fixation
10:26:37.7178,613.5,189.7,fixation
10:26:37.7183,611.6,188.4,fixation
10:26:37.7188,610.8,190.4,fixation
10:26:37.7193,610.9,191.4,fixation
10:26:37.7198,611.2,190.9,fixation
10:26:37.7203,612.9,189.8,fixation
10:26:37.7208,614.1,191.4,fixation
10:26:37.7213,615.0,191.7,fixation
10:26:37.7218,615.3,192.0,fixation
10:26:37.7223,615.1,191.9,fixation
10:26:37.7228,614.6,190.8,fixation
10:26:37.7233,613.4,190.0,fixation
10:26:37.7238,611.9,189.6,fixation
10:26:37.7243,612.8,191.5,fixation
10:26:37.7248,613.8,193.0,fixation
10:26:37.7253,614.7,192.4,fixation
10:26:37.7258,616.3,192.7,fixation
10:26:37.7263,616.7,192.1,fixation
10:26:37.7268,616.5,191.6,fixation
10:26:37.7273,615.6,192.8,fixation
10:26:37.7278,615.3,193.6,fixation
10:26:37.7283,614.7,192.6,fixation
10:26:37.7288,615.8,192.6,fixation
10:26:37.7293,617.0,192.5,fixation
10:26:37.7298,616.2,191.2,fixation
10:26:37.7303,615.1,190.0,fixation
10:26:37.7308,614.4,189.8,fixation
10:26:37.7313,613.8,189.7,fixation
10:26:37.7318,614.1,191.1,fixation
10:26:37.7323,614.9,193.1,fixation
10:26:37.7328,615.0,194.2,fixation
10:26:37.7333,614.9,194.6,fixation
10:26:37.7338,615.0,194.2,fixation
10:26:37.7343,615.3,193.3,fixation
10:26:37.7348,614.9,192.3,fixation
10:26:37.7353,614.5,191.1,fixation
10:26:37.7358,615.4,191.5,fixation
10:26:37.7363,615.5,191.9,fixation
10:26:37.7368,615.0,191.9,fixation
10:26:37.7373,615.0,191.6,fixation
10:26:37.7378,616.3,192.4,fixation
10:26:37.7383,617.8,193.4,fixation
10:26:37.7388,617.2,192.5,fixation
10:26:37.7393,616.4,190.7,fixation
10:26:37.7398,616.6,190.7,fixation
10:26:37.7403,617.1,191.6,fixation
10:26:37.7408,617.3,191.1,fixation
10:26:37.7413,617.3,190.9,fixation
10:26:37.7418,617.3,190.6,fixation
10:26:37.7423,617.7,190.9,fixation
10:26:37.7428,617.7,191.2,fixation
10:26:37.7433,618.4,190.9,fixation
10:26:37.7438,619.3,190.9,fixation
10:26:37.7443,619.4,191.3,fixation
10:26:37.7448,620.3,192.4,fixation
10:26:37.7453,621.5,192.8,fixation
10:26:37.7458,621.8,192.7,fixation
10:26:37.7463,621.3,192.3,fixation
10:26:37.7468,620.9,191.4,fixation
10:26:37.7473,621.0,191.5,fixation
10:26:37.7478,619.6,191.7,fixation
10:26:37.7483,617.4,191.3,fixation
10:26:37.7488,617.5,191.4,fixation
10:26:37.7493,617.9,191.1,fixation
10:26:37.7498,618.0,190.4,fixation
10:26:37.7503,618.9,189.6,fixation
10:26:37.7508,620.6,189.7,fixation
10:26:37.7513,620.1,190.1,fixation
10:26:37.7518,620.2,190.1,fixation
10:26:37.7523,621.2,191.3,fixation
10:26:37.7528,621.4,191.5,fixation
10:26:37.7533,621.4,191.5,fixation
10:26:37.7538,621.1,192.5,fixation
10:26:37.7543,621.1,193.4,fixation
10:26:37.7548,621.3,193.4,fixation
10:26:37.7553,621.4,192.6,fixation
10:26:37.7558,621.1,191.8,fixation
10:26:37.7563,620.4,191.1,fixation
10:26:37.7568,619.4,189.8,fixation
10:26:37.7573,618.5,189.7,fixation
10:26:37.7578,618.8,190.9,fixation
10:26:37.7583,620.6,191.5,fixation
10:26:37.7588,621.4,192.1,fixation
10:26:37.7593,622.2,192.7,fixation
10:26:37.7598,624.4,194.0,fixation
10:26:37.7603,625.2,194.5,fixation
10:26:37.7608,624.8,194.6,fixation
10:26:37.7613,623.0,194.7,fixation
10:26:37.7618,622.0,194.7,fixation
10:26:37.7623,622.6,193.7,fixation
10:26:37.7628,621.5,192.2,fixation
10:26:37.7633,621.2,192.8,fixation
10:26:37.7638,623.2,193.4,fixation
10:26:37.7643,624.5,193.3,fixation
10:26:37.7648,624.7,192.5,fixation
10:26:37.7653,624.8,191.9,fixation
10:26:37.7658,624.8,191.5,fixation
10:26:37.7663,625.0,190.8,fixation
10:26:37.7668,625.1,190.8,fixation
10:26:37.7673,623.9,190.5,fixation
10:26:37.7678,623.5,189.7,fixation
10:26:37.7683,622.8,190.3,fixation
10:26:37.7688,622.5,191.0,fixation
10:26:37.7693,622.7,190.7,fixation
10:26:37.7698,622.9,190.4,fixation
10:26:37.7703,623.4,189.9,fixation
10:26:37.7708,623.5,190.0,fixation
10:26:37.7713,623.4,190.2,fixation
10:26:37.7718,622.9,190.1,fixation
10:26:37.7723,623.5,189.9,fixation
10:26:37.7728,624.8,190.4,fixation
10:26:37.7733,624.6,190.6,fixation
10:26:37.7738,623.8,190.4,fixation
10:26:37.7743,623.8,191.2,fixation
10:26:37.7748,625.2,191.9,fixation
10:26:37.7753,626.5,192.3,fixation
10:26:37.7758,626.2,193.0,fixation
10:26:37.7763,625.7,193.3,fixation
10:26:37.7768,625.4,193.8,fixation
10:26:37.7773,625.2,194.7,fixation
10:26:37.7778,625.3,195.1,fixation
10:26:37.7783,625.0,195.4,fixation
10:26:37.7788,625.4,194.5,fixation
10:26:37.7793,626.8,194.0,fixation
10:26:37.7798,627.1,194.7,fixation
10:26:37.7803,627.2,195.9,fixation
10:26:37.7808,627.6,195.3,fixation
10:26:37.7813,627.2,195.0,fixation
10:26:37.7818,626.3,194.6,fixation
10:26:37.7823,625.9,194.1,fixation
10:26:37.7828,624.8,193.9,fixation
10:26:37.7833,625.2,194.0,fixation
10:26:37.7838,626.2,194.2,fixation
10:26:37.7843,626.2,194.2,fixation
10:26:37.7848,626.3,193.7,fixation
10:26:37.7853,625.4,193.5,fixation
10:26:37.7858,625.4,193.1,fixation
10:26:37.7863,625.7,192.4,fixation
10:26:37.7868,626.7,192.3,fixation
10:26:37.7873,626.4,192.2,fixation
10:26:37.7878,625.8,192.0,fixation
10:26:37.7883,625.7,191.8,fixation
10:26:37.7888,625.9,192.0,fixation
10:26:37.7893,626.1,191.9,fixation
10:26:37.7898,626.6,192.2,fixation
10:26:37.7903,627.6,193.2,fixation
10:26:37.7908,628.0,193.7,fixation
10:26:37.7913,627.8,194.0,fixation
10:26:37.7918,628.0,194.6,fixation
10:26:37.7923,628.3,195.9,fixation
10:26:37.7928,628.2,196.2,fixation
10:26:37.7933,628.3,195.8,fixation
10:26:37.7938,628.5,196.1,fixation
10:26:37.7943,628.6,196.2,fixation
10:26:37.7948,628.7,195.7,fixation
10:26:37.7953,628.5,195.8,fixation
10:26:37.7958,627.7,195.7,fixation
10:26:37.7963,628.0,195.6,fixation
10:26:37.7968,629.5,195.8,fixation
10:26:37.7973,630.4,195.9,fixation
10:26:37.7978,630.6,195.8,fixation
10:26:37.7983,630.2,195.7,fixation
10:26:37.7988,629.4,195.4,fixation
10:26:37.7993,629.9,194.6,fixation
10:26:37.7998,630.5,194.4,fixation
10:26:37.8003,630.5,193.7,fixation
10:26:37.8008,630.8,192.9,fixation
10:26:37.8013,631.4,191.9,fixation
10:26:37.8018,631.4,192.1,fixation
10:26:37.8023,631.0,193.4,fixation
10:26:37.8028,630.2,192.9,fixation
10:26:37.8033,629.2,193.0,fixation
10:26:37.8038,628.6,193.2,fixation
10:26:37.8043,628.9,193.6,fixation
10:26:37.8048,628.7,193.1,fixation
10:26:37.8053,628.2,192.9,fixation
10:26:37.8058,628.9,192.6,fixation
10:26:37.8063,629.6,192.8,fixation
10:26:37.8068,629.3,193.6,fixation
10:26:37.8073,629.5,193.8,fixation
10:26:37.8078,630.2,194.1,fixation
10:26:37.8083,630.2,194.2,fixation
10:26:37.8088,630.7,193.6,fixation
10:26:37.8093,629.9,192.8,fixation
10:26:37.8098,628.7,192.4,fixation
10:26:37.8103,628.7,192.8,fixation
10:26:37.8108,629.2,193.5,fixation
10:26:37.8113,629.8,193.3,fixation
10:26:37.8118,629.8,194.1,fixation
10:26:37.8123,629.5,194.5,fixation
10:26:37.8128,628.9,193.8,fixation
10:26:37.8133,629.1,194.1,fixation
10:26:37.8138,629.8,194.7,fixation
10:26:37.8143,630.5,194.8,fixation
10:26:37.8148,630.3,194.6,fixation
10:26:37.8153,630.4,194.9,fixation
10:26:37.8158,629.8,194.6,fixation
10:26:37.8163,629.2,194.8,fixation
10:26:37.8168,629.3,195.9,fixation
10:26:37.8173,629.2,195.9,fixation
10:26:37.8178,629.5,195.5,fixation
10:26:37.8183,629.9,195.8,fixation
10:26:37.8188,630.1,196.5,fixation
10:26:37.8193,630.8,195.7,fixation
10:26:37.8198,630.7,195.5,fixation
10:26:37.8203,630.5,197.8,fixation
10:26:37.8208,630.9,198.2,fixation
10:26:37.8213,630.9,197.9,fixation
10:26:37.8218,631.8,197.6,fixation
10:26:37.8223,632.6,197.3,fixation
10:26:37.8228,632.4,197.3,fixation
10:26:37.8233,632.2,197.1,fixation
10:26:37.8238,632.2,196.9,fixation
10:26:37.8243,632.4,197.1,fixation
10:26:37.8248,632.3,197.3,fixation
10:26:37.8253,632.1,197.4,saccade
10:26:37.8258,631.4,197.0,saccade
10:26:37.8263,631.7,196.8,saccade
10:26:37.8268,636.9,196.3,saccade
10:26:37.8273,650.4,195.9,saccade
10:26:37.8278,669.8,194.9,saccade
10:26:37.8283,693.5,195.3,saccade
10:26:37.8288,718.6,197.2,saccade
10:26:37.8293,744.2,199.1,saccade
10:26:37.8298,766.0,199.8,saccade
10:26:37.8303,780.5,198.7,saccade
10:26:37.8308,791.9,197.0,saccade
10:26:37.8313,800.3,196.2,saccade
10:26:37.8318,805.0,196.8,saccade
10:26:37.8323,806.1,197.8,saccade
10:26:37.8328,805.1,197.7,saccade
10:26:37.8333,802.0,196.5,fixation
10:26:37.8338,796.3,195.9,fixation
10:26:37.8343,792.7,195.7,fixation
10:26:37.8348,788.7,195.2,fixation
10:26:37.8353,787.2,194.6,fixation
10:26:37.8358,786.0,194.2,fixation
10:26:37.8363,785.0,194.1,fixation
10:26:37.8368,784.9,194.0,fixation
10:26:37.8373,785.1,194.0,fixation
10:26:37.8378,785.7,194.0,fixation
10:26:37.8383,785.2,193.6,fixation
10:26:37.8388,783.9,192.7,fixation
10:26:37.8393,784.1,192.7,fixation
10:26:37.8398,783.9,194.7,fixation
10:26:37.8403,783.8,195.7,fixation
10:26:37.8408,783.8,195.5,fixation
10:26:37.8413,783.8,195.6,fixation
10:26:37.8418,783.5,195.4,fixation
10:26:37.8423,783.5,195.2,fixation
10:26:37.8428,784.0,195.1,fixation
10:26:37.8433,784.6,194.4,fixation
10:26:37.8438,784.3,194.0,fixation
10:26:37.8443,783.2,193.3,fixation
10:26:37.8448,783.3,192.6,fixation
10:26:37.8453,783.5,192.1,fixation
10:26:37.8458,782.7,191.6,fixation
10:26:37.8463,783.2,191.9,fixation
10:26:37.8468,783.6,192.0,fixation
10:26:37.8473,783.9,190.6,fixation
10:26:37.8478,783.8,190.1,fixation
10:26:37.8483,784.0,189.5,fixation
10:26:37.8488,784.2,189.9,fixation
10:26:37.8493,783.8,190.2,fixation
10:26:37.8498,783.8,190.7,fixation
10:26:37.8503,785.2,191.7,fixation
10:26:37.8508,784.6,192.1,fixation
10:26:37.8513,784.4,192.4,fixation
10:26:37.8518,784.8,192.9,fixation
10:26:37.8523,784.6,193.9,fixation
10:26:37.8528,784.5,194.5,fixation
10:26:37.8533,784.4,194.6,fixation
10:26:37.8538,782.9,194.5,fixation
10:26:37.8543,782.7,194.5,fixation
10:26:37.8548,785.0,194.9,fixation
10:26:37.8553,785.2,194.2,fixation
10:26:37.8558,784.9,194.3,fixation
10:26:37.8563,785.5,194.8,fixation
10:26:37.8568,785.5,195.5,fixation
10:26:37.8573,786.0,195.6,fixation
10:26:37.8578,786.7,195.3,fixation
10:26:37.8583,786.7,194.0,fixation
10:26:37.8588,786.6,192.6,fixation
10:26:37.8593,786.8,192.2,fixation
10:26:37.8598,787.5,192.9,fixation
10:26:37.8603,786.9,193.8,fixation
10:26:37.8608,785.7,194.0,fixation
10:26:37.8613,785.8,194.5,fixation
10:26:37.8618,786.2,196.2,fixation
10:26:37.8623,786.7,196.7,fixation
10:26:37.8628,786.6,196.5,fixation
10:26:37.8633,786.4,196.3,fixation
10:26:37.8638,786.0,196.2,fixation
10:26:37.8643,785.2,195.8,fixation
10:26:37.8648,785.7,195.3,fixation
10:26:37.8653,785.8,195.3,fixation
10:26:37.8658,786.0,195.2,fixation
10:26:37.8663,787.0,196.0,fixation
10:26:37.8668,786.4,196.2,fixation
10:26:37.8673,786.1,196.0,fixation
10:26:37.8678,786.3,195.9,fixation
10:26:37.8683,786.7,196.0,fixation
10:26:37.8688,787.4,195.7,fixation
10:26:37.8693,788.6,195.3,fixation
10:26:37.8698,789.1,195.2,fixation
10:26:37.8703,788.9,195.3,fixation
10:26:37.8708,788.8,195.3,fixation
10:26:37.8713,788.6,195.2,fixation
10:26:37.8718,788.3,195.5,fixation
10:26:37.8723,787.8,195.6,fixation
10:26:37.8728,787.7,195.8,fixation
10:26:37.8733,787.9,195.9,fixation
10:26:37.8738,788.2,196.2,fixation
10:26:37.8743,788.9,197.3,fixation
10:26:37.8748,788.4,198.0,fixation
10:26:37.8753,788.0,197.4,fixation
10:26:37.8758,787.4,197.0,fixation
10:26:37.8763,786.5,197.3,fixation
10:26:37.8768,787.1,197.6,fixation
10:26:37.8773,787.2,197.8,fixation
10:26:37.8778,787.1,197.9,fixation
10:26:37.8783,786.9,197.6,fixation
10:26:37.8788,786.8,197.4,fixation
10:26:37.8793,786.3,198.2,fixation
10:26:37.8798,786.3,197.5,fixation
10:26:37.8803,786.9,197.3,fixation
10:26:37.8808,787.0,197.1,fixation
10:26:37.8813,787.1,196.8,fixation
10:26:37.8818,787.0,196.6,fixation
10:26:37.8823,787.1,197.0,fixation
10:26:37.8828,787.7,197.8,fixation
10:26:37.8833,788.5,198.6,fixation
10:26:37.8838,788.0,198.2,fixation
10:26:37.8843,787.1,198.8,fixation
10:26:37.8848,787.5,198.3,fixation
10:26:37.8853,789.2,198.1,fixation
10:26:37.8858,790.0,199.0,fixation
10:26:37.8863,790.5,199.6,fixation
10:26:37.8868,790.4,199.5,fixation
10:26:37.8873,791.0,199.6,fixation
10:26:37.8878,791.2,200.4,fixation
10:26:37.8883,791.2,200.9,fixation
10:26:37.8888,791.3,201.0,fixation
10:26:37.8893,791.8,201.0,fixation
10:26:37.8898,792.0,200.8,fixation
10:26:37.8903,791.8,199.9,fixation
10:26:37.8908,791.8,199.3,fixation
10:26:37.8913,792.1,199.8,fixation
10:26:37.8918,792.0,200.3,fixation
10:26:37.8923,791.9,200.2,fixation
10:26:37.8928,792.0,200.2,fixation
10:26:37.8933,792.5,200.3,fixation
10:26:37.8938,792.1,199.8,fixation
10:26:37.8943,791.3,199.2,fixation
10:26:37.8948,790.8,199.3,fixation
10:26:37.8953,792.6,199.4,fixation
10:26:37.8958,793.4,199.4,fixation
10:26:37.8963,793.6,200.0,fixation
10:26:37.8968,793.5,200.1,fixation
10:26:37.8973,793.6,200.5,fixation
10:26:37.8978,793.7,200.2,fixation
10:26:37.8983,793.9,199.8,fixation
10:26:37.8988,794.2,199.7,fixation
10:26:37.8993,794.0,199.5,fixation
10:26:37.8998,794.1,200.1,fixation
10:26:37.9003,794.1,200.9,fixation
10:26:37.9008,794.1,201.8,fixation
10:26:37.9013,794.2,202.4,fixation
10:26:37.9018,794.0,203.4,fixation
10:26:37.9023,794.2,203.2,fixation
10:26:37.9028,794.2,203.1,fixation
10:26:37.9033,794.0,204.3,fixation
10:26:37.9038,795.1,205.6,fixation
10:26:37.9043,796.0,205.8,fixation
10:26:37.9048,795.5,204.9,fixation
10:26:37.9053,795.7,204.6,fixation
10:26:37.9058,795.6,204.0,fixation
10:26:37.9063,793.7,202.6,fixation
10:26:37.9068,793.2,202.0,fixation
10:26:37.9073,793.7,201.6,fixation
10:26:37.9078,793.7,201.4,fixation
10:26:37.9083,793.2,200.9,fixation
10:26:37.9088,793.0,201.2,fixation
10:26:37.9093,793.5,201.7,fixation
10:26:37.9098,793.9,201.7,fixation
10:26:37.9103,794.0,201.8,fixation
10:26:37.9108,794.2,201.8,fixation
10:26:37.9113,794.5,202.0,fixation
10:26:37.9118,794.2,202.0,fixation
10:26:37.9123,793.9,201.9,fixation
10:26:37.9128,793.7,201.8,fixation
10:26:37.9133,792.5,201.6,fixation
10:26:37.9138,791.5,200.9,fixation
10:26:37.9143,791.4,199.5,fixation
10:26:37.9148,792.2,198.1,fixation
10:26:37.9153,793.0,198.2,fixation
10:26:37.9158,793.1,198.0,fixation
10:26:37.9163,793.4,197.7,fixation
10:26:37.9168,794.6,197.5,fixation
10:26:37.9173,795.5,197.4,fixation
10:26:37.9178,795.5,196.8,fixation
10:26:37.9183,794.5,196.5,fixation
10:26:37.9188,793.3,196.3,fixation
10:26:37.9193,793.0,195.9,fixation
10:26:37.9198,792.6,196.1,fixation
10:26:37.9203,792.4,196.3,fixation
10:26:37.9208,792.2,195.3,fixation
10:26:37.9213,792.2,194.9,fixation
10:26:37.9218,794.3,195.7,fixation
10:26:37.9223,794.6,196.3,fixation
10:26:37.9228,794.1,195.6,fixation
10:26:37.9233,793.4,195.3,fixation
10:26:37.9238,792.8,195.2,fixation
10:26:37.9243,792.9,194.6,fixation
10:26:37.9248,793.1,192.8,fixation
10:26:37.9253,792.4,192.7,fixation
10:26:37.9258,792.5,193.5,fixation
10:26:37.9263,792.9,194.4,fixation
10:26:37.9268,792.2,195.3,fixation
10:26:37.9273,791.8,195.6,fixation
10:26:37.9278,792.4,196.2,fixation
10:26:37.9283,793.9,196.7,fixation
10:26:37.9288,793.7,196.6,fixation
10:26:37.9293,793.1,196.1,fixation
10:26:37.9298,793.5,196.2,fixation
10:26:37.9303,793.9,196.4,fixation
10:26:37.9308,793.7,196.6,fixation
10:26:37.9313,793.3,195.4,fixation
10:26:37.9318,793.3,195.0,fixation
10:26:37.9323,793.2,195.0,fixation
10:26:37.9328,791.8,194.6,fixation
10:26:37.9333,790.8,194.8,fixation
10:26:37.9338,792.1,195.8,fixation
10:26:37.9343,791.8,196.2,fixation
10:26:37.9348,792.3,196.1,fixation
10:26:37.9353,793.5,196.2,fixation
10:26:37.9358,793.9,196.9,fixation
10:26:37.9363,794.2,197.0,fixation
10:26:37.9368,793.8,197.5,fixation
10:26:37.9373,794.2,198.1,fixation
10:26:37.9378,794.4,198.5,fixation
10:26:37.9383,792.9,197.6,fixation
10:26:37.9388,792.3,195.9,fixation
10:26:37.9393,791.9,196.5,fixation
10:26:37.9398,791.2,196.4,fixation
10:26:37.9403,790.9,196.4,fixation
10:26:37.9408,791.0,196.8,fixation
10:26:37.9413,791.2,196.4,fixation
10:26:37.9418,791.3,196.1,fixation
10:26:37.9423,791.2,196.3,fixation
10:26:37.9428,791.0,196.3,fixation
10:26:37.9433,791.1,197.0,fixation
10:26:37.9438,791.6,197.5,fixation
10:26:37.9443,792.1,197.2,fixation
10:26:37.9448,792.8,197.0,fixation
10:26:37.9453,793.0,197.7,fixation
10:26:37.9458,793.3,198.5,fixation
10:26:37.9463,794.6,198.8,fixation
10:26:37.9468,795.4,199.1,fixation
10:26:37.9473,796.3,199.4,fixation
10:26:37.9478,796.7,199.2,fixation
10:26:37.9483,794.8,198.5,fixation
10:26:37.9488,793.6,198.1,fixation
10:26:37.9493,793.4,198.1,fixation
10:26:37.9498,793.6,198.1,fixation
10:26:37.9503,793.8,197.8,fixation
10:26:37.9508,794.0,197.6,fixation
10:26:37.9513,793.5,196.8,fixation
10:26:37.9518,792.4,195.4,fixation
10:26:37.9523,791.6,194.3,fixation
10:26:37.9528,791.3,193.8,fixation
10:26:37.9533,791.5,194.0,fixation
10:26:37.9538,791.8,194.2,fixation
10:26:37.9543,791.6,195.0,fixation
10:26:37.9548,791.5,195.9,fixation
10:26:37.9553,792.0,196.2,fixation
10:26:37.9558,792.1,195.6,fixation
10:26:37.9563,791.6,195.5,fixation
10:26:37.9568,791.3,196.1,fixation
10:26:37.9573,790.9,195.7,fixation
10:26:37.9578,790.8,194.6,fixation
10:26:37.9583,791.8,194.5,fixation
10:26:37.9588,792.1,195.1,fixation
10:26:37.9593,793.2,195.5,fixation
10:26:37.9598,793.2,195.3,fixation
10:26:37.9603,792.5,194.8,fixation
10:26:37.9608,792.5,194.4,fixation
10:26:37.9613,792.3,193.9,fixation
10:26:37.9618,792.5,193.7,fixation
10:26:37.9623,792.8,194.8,fixation
10:26:37.9628,792.8,194.6,fixation
10:26:37.9633,792.7,194.2,fixation
10:26:37.9638,792.5,194.7,fixation
10:26:37.9643,792.9,195.2,fixation
10:26:37.9648,793.5,195.6,fixation
10:26:37.9653,793.4,195.8,fixation
10:26:37.9658,792.6,195.8,fixation
10:26:37.9663,791.4,195.8,fixation
10:26:37.9668,791.5,195.6,fixation
10:26:37.9673,792.1,195.5,fixation
10:26:37.9678,793.1,195.9,fixation
10:26:37.9683,793.6,195.8,fixation
10:26:37.9688,793.4,196.3,fixation
10:26:37.9693,793.6,197.4,fixation
10:26:37.9698,793.4,198.5,fixation
10:26:37.9703,793.0,198.0,fixation
10:26:37.9708,792.5,197.0,fixation
10:26:37.9713,792.4,196.4,fixation
10:26:37.9718,792.3,196.4,fixation
10:26:37.9723,792.0,197.1,fixation
10:26:37.9728,791.9,197.4,fixation
10:26:37.9733,792.0,197.3,fixation
10:26:37.9738,792.0,198.1,fixation
10:26:37.9743,791.6,198.3,fixation
10:26:37.9748,791.1,198.2,fixation
10:26:37.9753,791.7,198.2,fixation
10:26:37.9758,791.4,198.2,fixation
10:26:37.9763,791.3,199.0,fixation
10:26:37.9768,791.2,199.7,fixation
10:26:37.9773,791.2,199.3,fixation
10:26:37.9778,791.5,198.4,fixation
10:26:37.9783,791.4,197.9,fixation
10:26:37.9788,791.0,197.7,fixation
10:26:37.9793,791.3,199.2,fixation
10:26:37.9798,791.4,200.6,fixation
10:26:37.9803,790.9,200.4,fixation
10:26:37.9808,790.9,200.3,fixation
10:26:37.9813,791.2,200.1,fixation
10:26:37.9818,792.7,200.2,fixation
10:26:37.9823,792.9,200.2,fixation
10:26:37.9828,792.8,200.2,fixation
10:26:37.9833,792.9,201.1,fixation
10:26:37.9838,792.9,201.4,fixation
10:26:37.9843,794.4,201.7,fixation
10:26:37.9848,795.5,201.9,fixation
10:26:37.9853,795.5,201.9,fixation
10:26:37.9858,796.8,202.0,fixation
10:26:37.9863,797.2,202.5,fixation
10:26:37.9868,797.0,203.6,fixation
10:26:37.9873,797.5,204.5,fixation
10:26:37.9878,798.0,205.0,fixation
10:26:37.9883,798.0,205.4,fixation
10:26:37.9888,796.6,205.3,fixation
10:26:37.9893,794.9,204.6,fixation
10:26:37.9898,793.5,203.7,fixation
10:26:37.9903,792.3,203.0,fixation
10:26:37.9908,791.1,202.1,fixation
10:26:37.9913,790.2,201.6,fixation
10:26:37.9918,790.0,202.2,fixation
10:26:37.9923,791.8,203.3,fixation
10:26:37.9928,792.4,204.4,fixation
10:26:37.9933,793.0,206.0,fixation
10:26:37.9938,794.2,206.4,fixation
10:26:37.9943,795.0,206.9,fixation
10:26:37.9948,795.4,207.4,fixation
10:26:37.9953,794.8,207.2,fixation
10:26:37.9958,795.1,206.9,fixation
10:26:37.9963,795.5,207.2,fixation
10:26:37.9968,797.0,207.9,fixation
10:26:37.9973,797.3,207.9,fixation
10:26:37.9978,796.2,209.1,fixation
10:26:37.9983,796.3,210.3,fixation
10:26:37.9988,796.6,211.0,fixation
10:26:37.9993,795.7,211.5,fixation
10:26:37.9998,796.8,212.4,fixation
10:26:38.0003,797.1,211.7,fixation
10:26:38.0008,797.0,211.4,fixation
10:26:38.0013,796.7,211.0,fixation
10:26:38.0018,796.1,210.5,fixation
10:26:38.0023,796.0,210.3,fixation
10:26:38.0028,796.3,210.5,fixation
10:26:38.0033,796.3,210.4,fixation
10:26:38.0038,796.7,210.8,fixation
10:26:38.0043,795.7,211.6,fixation
10:26:38.0048,795.4,213.1,fixation
10:26:38.0053,795.0,216.1,fixation
10:26:38.0058,793.8,218.4,fixation
10:26:38.0063,791.7,220.2,fixation
10:26:38.0068,788.8,221.3,fixation
10:26:38.0073,787.1,223.0,fixation
10:26:38.0078,785.3,225.1,fixation
10:26:38.0083,784.6,226.9,saccade
10:26:38.0088,784.4,230.3,saccade
10:26:38.0093,784.4,233.3,saccade
10:26:38.0098,781.4,233.2,saccade
10:26:38.0103,782.6,243.3,saccade
10:26:38.0108,795.2,289.8,saccade
10:26:38.0113,809.4,359.7,saccade
10:26:38.0118,841.0,441.1,saccade
10:26:38.0123,861.2,471.8,saccade
10:26:38.0128,.,.,blink
10:26:38.0133,.,.,blink
10:26:38.0138,.,.,blink
10:26:38.0143,.,.,blink
10:26:38.0148,.,.,blink
10:26:38.0153,.,.,blink
10:26:38.0158,.,.,blink
10:26:38.0163,.,.,blink
10:26:38.0168,.,.,blink
10:26:38.0173,.,.,blink
10:26:38.0178,.,.,blink
10:26:38.0183,.,.,blink
10:26:38.0188,.,.,blink
10:26:38.0193,.,.,blink
10:26:38.0198,.,.,blink
10:26:38.0203,.,.,blink
10:26:38.0208,.,.,blink
10:26:38.0213,.,.,blink
10:26:38.0218,.,.,blink
10:26:38.0223,.,.,blink
10:26:38.0228,.,.,blink
10:26:38.0233,.,.,blink
10:26:38.0238,.,.,blink
10:26:38.0243,.,.,blink
10:26:38.0248,.,.,blink
10:26:38.0253,.,.,blink
10:26:38.0258,.,.,blink
10:26:38.0263,.,.,blink
10:26:38.0268,.,.,blink
10:26:38.0273,.,.,blink
10:26:38.0278,.,.,blink
10:26:38.0283,.,.,blink
10:26:38.0288,.,.,blink
10:26:38.0293,.,.,blink
10:26:38.0298,.,.,blink
10:26:38.0303,.,.,blink
10:26:38.0308,.,.,blink
10:26:38.0313,.,.,blink
10:26:38.0318,.,.,blink
10:26:38.0323,.,.,blink
10:26:38.0328,.,.,blink
10:26:38.0333,.,.,blink
10:26:38.0338,.,.,blink
10:26:38.0343,.,.,blink
10:26:38.0348,.,.,blink
10:26:38.0353,.,.,blink
10:26:38.0358,.,.,blink
10:26:38.0363,.,.,blink
10:26:38.0368,.,.,blink
10:26:38.0373,.,.,blink
10:26:38.0378,.,.,blink
10:26:38.0383,.,.,blink
10:26:38.0388,.,.,blink
10:26:38.0393,.,.,blink
10:26:38.0398,.,.,blink
10:26:38.0403,.,.,blink
10:26:38.0408,.,.,blink
10:26:38.0413,.,.,blink
10:26:38.0418,868.2,84.3,fixation
10:26:38.0423,871.7,93.4,fixation
10:26:38.0428,873.2,101.2,fixation
10:26:38.0433,873.1,105.8,fixation
10:26:38.0438,873.1,107.4,fixation
10:26:38.0443,873.2,108.5,fixation
10:26:38.0448,872.4,108.7,fixation
10:26:38.0453,871.5,108.4,fixation
10:26:38.0458,870.9,108.2,fixation
10:26:38.0463,870.2,108.1,fixation
10:26:38.0468,870.2,108.6,fixation
10:26:38.0473,870.6,109.2,fixation
10:26:38.0478,870.8,109.7,fixation
10:26:38.0483,871.0,110.6,fixation
10:26:38.0488,871.5,111.4,fixation
10:26:38.0493,871.1,111.7,fixation
10:26:38.0498,871.0,111.8,fixation
10:26:38.0503,871.4,111.1,fixation
10:26:38.0508,870.6,109.3,fixation
10:26:38.0513,871.1,108.0,fixation
10:26:38.0518,870.1,108.1,fixation
10:26:38.0523,869.1,106.9,fixation
10:26:38.0528,869.3,106.1,fixation
10:26:38.0533,869.4,105.3,fixation
10:26:38.0538,869.4,104.5,fixation
10:26:38.0543,869.9,104.3,fixation
10:26:38.0548,869.6,104.3,fixation
10:26:38.0553,868.8,104.2,fixation
10:26:38.0558,869.2,104.3,fixation
10:26:38.0563,869.5,104.0,fixation
10:26:38.0568,869.5,102.5,fixation
10:26:38.0573,869.7,101.8,fixation
10:26:38.0578,870.5,102.5,fixation
10:26:38.0583,871.3,102.7,fixation
10:26:38.0588,871.0,102.8,fixation
10:26:38.0593,870.4,102.5,fixation
10:26:38.0598,870.6,102.5,fixation
10:26:38.0603,870.6,102.9,fixation
10:26:38.0608,870.3,102.3,fixation
10:26:38.0613,870.5,102.3,fixation
10:26:38.0618,870.4,101.7,fixation
10:26:38.0623,869.1,101.4,fixation
10:26:38.0628,868.9,101.6,fixation
10:26:38.0633,869.0,101.4,fixation
10:26:38.0638,869.2,101.7,fixation
10:26:38.0643,869.6,102.4,fixation
10:26:38.0648,869.7,101.9,fixation
10:26:38.0653,869.1,101.5,fixation
10:26:38.0658,868.9,101.3,fixation
10:26:38.0663,868.7,101.3,fixation
10:26:38.0668,868.0,101.7,fixation
10:26:38.0673,867.7,101.9,fixation
10:26:38.0678,867.7,102.2,fixation
10:26:38.0683,868.2,103.2,fixation
10:26:38.0688,868.4,103.6,fixation
10:26:38.0693,868.4,103.9,fixation
10:26:38.0698,868.1,103.4,fixation
10:26:38.0703,867.9,103.7,fixation
10:26:38.0708,869.0,104.4,fixation
10:26:38.0713,868.9,104.5,fixation
10:26:38.0718,868.3,104.1,fixation
10:26:38.0723,868.3,103.5,fixation
10:26:38.0728,866.4,103.0,fixation
10:26:38.0733,866.4,102.9,fixation
10:26:38.0738,867.0,103.4,fixation
10:26:38.0743,867.3,103.9,fixation
10:26:38.0748,867.5,104.5,fixation
10:26:38.0753,867.9,105.1,fixation
10:26:38.0758,869.6,106.7,fixation
10:26:38.0763,870.1,107.0,fixation
10:26:38.0768,870.6,106.5,fixation
10:26:38.0773,872.3,107.1,fixation
10:26:38.0778,873.3,107.5,fixation
10:26:38.0783,872.8,107.5,fixation
10:26:38.0788,872.5,107.4,fixation
10:26:38.0793,872.8,107.3,fixation
10:26:38.0798,872.6,107.3,fixation
10:26:38.0803,872.2,106.3,fixation
10:26:38.0808,871.6,104.5,fixation
10:26:38.0813,870.3,104.1,fixation
10:26:38.0818,870.2,104.2,fixation
10:26:38.0823,869.9,104.2,fixation
10:26:38.0828,870.5,105.2,fixation
10:26:38.0833,871.0,106.1,fixation
10:26:38.0838,871.0,105.3,fixation
10:26:38.0843,871.6,104.1,fixation
10:26:38.0848,871.6,103.5,fixation
10:26:38.0853,871.3,103.3,fixation
10:26:38.0858,870.8,103.6,fixation
10:26:38.0863,870.7,104.2,fixation
10:26:38.0868,871.2,103.4,fixation
10:26:38.0873,871.4,101.7,fixation
10:26:38.0878,871.0,100.8,fixation
10:26:38.0883,870.3,101.4,fixation
10:26:38.0888,868.6,101.7,fixation
10:26:38.0893,867.5,101.7,fixation
10:26:38.0898,867.4,101.8,fixation
10:26:38.0903,868.1,101.9,fixation
10:26:38.0908,869.0,101.1,fixation
10:26:38.0913,870.3,100.4,fixation
10:26:38.0918,869.7,100.7,fixation
10:26:38.0923,869.5,101.2,fixation
10:26:38.0928,869.5,100.6,fixation
10:26:38.0933,868.6,99.3,fixation
10:26:38.0938,868.4,97.3,fixation
10:26:38.0943,868.9,96.5,fixation
10:26:38.0948,868.6,96.4,fixation
10:26:38.0953,868.1,96.8,fixation
10:26:38.0958,867.7,97.2,fixation
10:26:38.0963,868.8,97.4,fixation
10:26:38.0968,869.8,97.7,fixation
10:26:38.0973,869.9,97.6,fixation
10:26:38.0978,870.2,96.0,fixation
10:26:38.0983,870.1,94.5,fixation
10:26:38.0988,870.2,94.7,fixation
10:26:38.0993,870.0,94.6,fixation
10:26:38.0998,869.3,93.9,fixation
10:26:38.1003,868.9,93.6,fixation
10:26:38.1008,868.8,93.1,fixation
10:26:38.1013,868.7,92.2,fixation
10:26:38.1018,869.2,92.1,fixation
10:26:38.1023,869.3,92.6,fixation
10:26:38.1028,868.8,92.9,fixation
10:26:38.1033,868.9,92.9,fixation
10:26:38.1038,869.5,93.2,fixation
10:26:38.1043,869.6,92.6,fixation
10:26:38.1048,869.3,90.7,fixation
10:26:38.1053,869.0,89.9,fixation
10:26:38.1058,869.0,90.1,fixation
10:26:38.1063,868.8,89.5,fixation
10:26:38.1068,868.2,89.1,fixation
10:26:38.1073,867.9,89.2,fixation
10:26:38.1078,868.0,89.7,fixation
10:26:38.1083,867.9,89.6,fixation
10:26:38.1088,867.2,90.3,fixation
10:26:38.1093,866.6,91.4,fixation
10:26:38.1098,866.7,91.5,fixation
10:26:38.1103,867.2,91.7,fixation
10:26:38.1108,867.9,91.6,fixation
10:26:38.1113,867.5,91.4,fixation
10:26:38.1118,868.3,92.5,fixation
10:26:38.1123,868.7,91.8,fixation
10:26:38.1128,868.7,90.7,fixation
10:26:38.1133,868.7,89.9,fixation
10:26:38.1138,868.4,89.9,fixation
10:26:38.1143,868.5,90.1,fixation
10:26:38.1148,868.8,90.1,fixation
10:26:38.1153,869.1,90.1,fixation
10:26:38.1158,868.3,89.9,fixation
10:26:38.1163,869.2,89.8,fixation
10:26:38.1168,868.6,89.6,fixation
10:26:38.1173,868.3,89.9,fixation
10:26:38.1178,868.3,90.7,fixation
10:26:38.1183,868.9,91.0,fixation
10:26:38.1188,870.4,90.8,fixation
10:26:38.1193,872.2,90.8,fixation
10:26:38.1198,871.4,91.0,fixation
10:26:38.1203,872.5,90.9,fixation
10:26:38.1208,872.7,90.5,fixation
10:26:38.1213,872.0,90.1,fixation
10:26:38.1218,872.1,90.0,fixation
10:26:38.1223,872.5,89.6,fixation
10:26:38.1228,872.2,89.4,fixation
10:26:38.1233,871.1,89.5,fixation
10:26:38.1238,870.4,89.6,fixation
10:26:38.1243,869.8,89.7,fixation
10:26:38.1248,870.0,90.1,fixation
10:26:38.1253,870.1,89.7,fixation
10:26:38.1258,870.6,88.8,fixation
10:26:38.1263,873.0,91.0,fixation
10:26:38.1268,873.7,92.1,fixation
10:26:38.1273,873.9,92.7,fixation
10:26:38.1278,873.7,93.4,fixation
10:26:38.1283,872.0,93.7,fixation
10:26:38.1288,871.2,93.5,fixation
10:26:38.1293,871.0,93.1,fixation
10:26:38.1298,872.5,92.5,fixation
10:26:38.1303,873.8,92.6,fixation
10:26:38.1308,874.7,93.4,fixation
10:26:38.1313,875.3,93.6,fixation
10:26:38.1318,874.4,93.4,fixation
10:26:38.1323,872.7,93.8,fixation
10:26:38.1328,872.1,94.2,fixation
10:26:38.1333,872.2,93.2,fixation
10:26:38.1338,872.5,92.3,fixation
10:26:38.1343,874.0,92.6,fixation
10:26:38.1348,875.1,93.3,fixation
10:26:38.1353,875.5,93.8,fixation
10:26:38.1358,875.6,94.3,fixation
10:26:38.1363,875.8,94.3,fixation
10:26:38.1368,875.5,95.1,fixation
10:26:38.1373,874.4,94.4,fixation
10:26:38.1378,873.8,92.8,fixation
10:26:38.1383,874.8,93.0,fixation
10:26:38.1388,876.0,93.6,fixation
10:26:38.1393,876.9,94.6,fixation
10:26:38.1398,875.7,95.4,fixation
10:26:38.1403,875.0,96.1,fixation
10:26:38.1408,874.8,96.0,fixation
10:26:38.1413,874.5,95.3,fixation
10:26:38.1418,875.0,95.3,fixation
10:26:38.1423,875.2,95.7,fixation
10:26:38.1428,875.3,96.3,fixation
10:26:38.1433,875.5,97.0,fixation
10:26:38.1438,875.5,97.3,fixation
10:26:38.1443,875.6,98.1,fixation
10:26:38.1448,875.3,98.3,fixation
10:26:38.1453,875.1,97.4,fixation
10:26:38.1458,875.5,96.9,fixation
10:26:38.1463,877.1,98.0,fixation
10:26:38.1468,877.8,99.7,fixation
10:26:38.1473,877.5,100.3,fixation
10:26:38.1478,877.3,100.3,fixation
10:26:38.1483,877.9,100.8,fixation
10:26:38.1488,878.4,102.0,fixation
10:26:38.1493,878.4,102.0,fixation
10:26:38.1498,877.3,99.7,fixation
10:26:38.1503,877.4,98.9,fixation
10:26:38.1508,877.1,99.9,fixation
10:26:38.1513,876.1,99.0,fixation
10:26:38.1518,875.9,99.4,fixation
10:26:38.1523,875.5,99.7,fixation
10:26:38.1528,876.2,99.5,fixation
10:26:38.1533,877.1,99.1,fixation
10:26:38.1538,877.1,99.6,fixation
10:26:38.1543,876.3,99.8,fixation
10:26:38.1548,875.0,99.3,fixation
10:26:38.1553,874.2,99.0,fixation
10:26:38.1558,874.0,98.4,fixation
10:26:38.1563,873.5,98.0,fixation
10:26:38.1568,873.1,97.9,fixation
10:26:38.1573,873.0,98.8,fixation
10:26:38.1578,872.9,99.0,fixation
10:26:38.1583,872.6,99.0,fixation
10:26:38.1588,872.8,100.5,fixation
10:26:38.1593,874.1,101.8,fixation
10:26:38.1598,876.3,101.7,fixation
10:26:38.1603,875.6,101.6,fixation
10:26:38.1608,875.1,101.6,fixation
10:26:38.1613,874.9,101.4,fixation
10:26:38.1618,874.4,100.4,fixation
10:26:38.1623,874.2,100.9,fixation
10:26:38.1628,874.1,100.9,fixation
10:26:38.1633,873.8,99.5,fixation
10:26:38.1638,873.2,98.8,fixation
10:26:38.1643,873.3,99.1,fixation
10:26:38.1648,873.3,99.8,fixation
10:26:38.1653,872.5,99.9,fixation
10:26:38.1658,871.7,100.1,fixation
10:26:38.1663,871.4,100.3,fixation
10:26:38.1668,870.9,100.8,fixation
10:26:38.1673,870.6,101.1,fixation
10:26:38.1678,870.2,101.0,fixation
10:26:38.1683,870.0,100.7,fixation
10:26:38.1688,870.0,100.1,fixation
10:26:38.1693,869.6,100.0,fixation
10:26:38.1698,869.6,99.8,fixation
10:26:38.1703,870.0,99.8,fixation
10:26:38.1708,870.0,99.3,fixation
10:26:38.1713,869.3,98.9,fixation
10:26:38.1718,869.0,99.6,fixation
10:26:38.1723,868.6,99.9,fixation
10:26:38.1728,868.3,99.9,fixation
10:26:38.1733,868.2,99.7,fixation
10:26:38.1738,868.2,99.3,fixation
10:26:38.1743,869.0,99.9,fixation
10:26:38.1748,869.1,100.1,fixation
10:26:38.1753,867.9,100.1,fixation
10:26:38.1758,868.0,100.6,fixation
10:26:38.1763,867.0,101.4,fixation
10:26:38.1768,866.3,100.8,fixation
10:26:38.1773,866.8,100.1,fixation
10:26:38.1778,867.1,100.6,fixation
10:26:38.1783,867.3,101.6,fixation
10:26:38.1788,867.2,102.3,fixation
10:26:38.1793,867.4,102.7,fixation
10:26:38.1798,868.0,102.8,fixation
10:26:38.1803,868.4,103.7,fixation
10:26:38.1808,868.7,104.2,fixation
10:26:38.1813,867.7,104.2,fixation
10:26:38.1818,866.5,103.6,fixation
10:26:38.1823,866.9,102.1,fixation
10:26:38.1828,866.8,102.1,fixation
10:26:38.1833,866.5,101.8,fixation
10:26:38.1838,866.8,101.0,fixation
10:26:38.1843,867.3,101.4,fixation
10:26:38.1848,867.6,102.1,fixation
10:26:38.1853,867.8,102.2,fixation
10:26:38.1858,867.9,101.7,fixation
10:26:38.1863,868.0,102.2,fixation
10:26:38.1868,868.1,102.4,fixation
10:26:38.1873,868.1,102.1,fixation
10:26:38.1878,868.4,101.8,fixation
10:26:38.1883,868.4,102.2,fixation
10:26:38.1888,868.4,103.5,fixation
10:26:38.1893,868.8,104.6,fixation
10:26:38.1898,868.6,107.7,fixation
10:26:38.1903,868.7,111.1,saccade
10:26:38.1908,869.1,115.0,saccade
10:26:38.1913,869.6,120.3,saccade
10:26:38.1918,869.5,129.9,saccade
10:26:38.1923,868.0,145.3,saccade
10:26:38.1928,865.1,169.2,saccade
10:26:38.1933,861.1,190.7,saccade
10:26:38.1938,858.4,201.5,saccade
10:26:38.1943,856.0,207.0,saccade
10:26:38.1948,855.2,210.5,saccade
10:26:38.1953,853.6,214.6,saccade
10:26:38.1958,850.5,217.3,saccade
10:26:38.1963,849.9,218.2,saccade
10:26:38.1968,850.1,219.1,saccade
10:26:38.1973,848.9,221.2,saccade
10:26:38.1978,847.5,226.5,saccade
10:26:38.1983,846.5,227.3,saccade
10:26:38.1988,843.6,224.2,saccade
10:26:38.1993,847.7,250.3,saccade
10:26:38.1998,859.7,309.3,saccade
10:26:38.2003,879.1,388.4,saccade
10:26:38.2008,914.1,448.8,saccade
10:26:38.2013,922.8,455.7,saccade
10:26:38.2018,.,.,blink
10:26:38.2023,.,.,blink
10:26:38.2028,.,.,blink
10:26:38.2033,.,.,blink
10:26:38.2038,.,.,blink
10:26:38.2043,.,.,blink
10:26:38.2048,.,.,blink
10:26:38.2053,.,.,blink
10:26:38.2058,.,.,blink
10:26:38.2063,.,.,blink
10:26:38.2068,.,.,blink
10:26:38.2073,.,.,blink
10:26:38.2078,.,.,blink
10:26:38.2083,.,.,blink
10:26:38.2088,.,.,blink
10:26:38.2093,.,.,blink
10:26:38.2098,.,.,blink
10:26:38.2103,.,.,blink
10:26:38.2108,.,.,blink
10:26:38.2113,.,.,blink
10:26:38.2118,.,.,blink
10:26:38.2123,.,.,blink
10:26:38.2128,.,.,blink
10:26:38.2133,.,.,blink
10:26:38.2138,.,.,blink
10:26:38.2143,.,.,blink
10:26:38.2148,.,.,blink
10:26:38.2153,.,.,blink
10:26:38.2158,.,.,blink
10:26:38.2163,.,.,blink
10:26:38.2168,.,.,blink
10:26:38.2173,.,.,blink
10:26:38.2178,.,.,blink
10:26:38.2183,.,.,blink
10:26:38.2188,.,.,blink
10:26:38.2193,.,.,blink
10:26:38.2198,.,.,blink
10:26:38.2203,.,.,blink
10:26:38.2208,.,.,blink
10:26:38.2213,.,.,blink
10:26:38.2218,.,.,blink
10:26:38.2223,.,.,blink
10:26:38.2228,.,.,blink
10:26:38.2233,.,.,blink
10:26:38.2238,.,.,blink
10:26:38.2243,.,.,blink
10:26:38.2248,.,.,blink
10:26:38.2253,.,.,blink
10:26:38.2258,.,.,blink
10:26:38.2263,.,.,blink
10:26:38.2268,.,.,blink
10:26:38.2273,.,.,blink
10:26:38.2278,.,.,blink
10:26:38.2283,.,.,blink
10:26:38.2288,.,.,blink
10:26:38.2293,.,.,blink
10:26:38.2298,.,.,blink
10:26:38.2303,.,.,blink
10:26:38.2308,.,.,blink
10:26:38.2313,.,.,blink
10:26:38.2318,.,.,blink
10:26:38.2323,.,.,blink
10:26:38.2328,.,.,blink
10:26:38.2333,.,.,blink
10:26:38.2338,.,.,blink
10:26:38.2343,.,.,blink
10:26:38.2348,.,.,blink
10:26:38.2353,.,.,blink
10:26:38.2358,876.7,89.8,fixation
10:26:38.2363,877.6,90.3,fixation
10:26:38.2368,877.2,87.5,fixation
10:26:38.2373,878.0,84.4,fixation
10:26:38.2378,878.8,78.3,fixation
10:26:38.2383,878.6,72.1,fixation
10:26:38.2388,878.3,66.4,fixation
10:26:38.2393,879.3,59.3,fixation
10:26:38.2398,881.9,52.2,fixation
10:26:38.2403,882.6,45.6,fixation
10:26:38.2408,883.5,40.6,fixation
10:26:38.2413,884.9,37.3,fixation
10:26:38.2418,885.5,35.5,fixation
10:26:38.2423,885.9,34.9,fixation
10:26:38.2428,886.8,34.0,fixation
10:26:38.2433,887.2,34.0,fixation
10:26:38.2438,888.3,34.3,fixation
10:26:38.2443,887.8,33.9,fixation
10:26:38.2448,887.0,33.4,fixation
10:26:38.2453,887.5,33.9,fixation
10:26:38.2458,885.9,34.7,fixation
10:26:38.2463,884.8,34.6,fixation
10:26:38.2468,884.7,33.8,fixation
10:26:38.2473,884.3,35.3,fixation
10:26:38.2478,884.2,36.5,fixation
10:26:38.2483,885.4,37.5,fixation
10:26:38.2488,885.2,38.1,fixation
10:26:38.2493,884.7,40.4,fixation
10:26:38.2498,884.6,42.1,fixation
10:26:38.2503,884.0,43.9,fixation
10:26:38.2508,883.1,45.8,fixation
10:26:38.2513,882.4,47.1,fixation
10:26:38.2518,881.1,48.5,fixation
10:26:38.2523,880.7,51.0,fixation
10:26:38.2528,880.8,53.9,fixation
10:26:38.2533,881.0,56.6,fixation
10:26:38.2538,879.9,58.5,fixation
10:26:38.2543,879.8,61.1,fixation
10:26:38.2548,879.6,64.3,fixation
10:26:38.2553,878.8,67.3,fixation
10:26:38.2558,877.7,71.2,fixation
10:26:38.2563,876.5,72.7,fixation
10:26:38.2568,876.1,74.6,fixation
10:26:38.2573,875.3,78.1,fixation
10:26:38.2578,874.8,80.8,fixation
10:26:38.2583,874.9,84.8,fixation
10:26:38.2588,874.5,88.5,fixation
10:26:38.2593,874.7,90.3,fixation
10:26:38.2598,875.2,91.5,fixation
10:26:38.2603,875.4,91.9,fixation
10:26:38.2608,875.7,93.2,fixation
10:26:38.2613,875.7,93.8,fixation
10:26:38.2618,876.0,96.3,fixation
10:26:38.2623,876.3,98.1,fixation
10:26:38.2628,875.7,99.1,fixation
10:26:38.2633,875.5,99.9,fixation
10:26:38.2638,877.1,100.4,fixation
10:26:38.2643,878.5,101.4,fixation
10:26:38.2648,878.7,101.7,fixation
10:26:38.2653,880.3,103.0,fixation
10:26:38.2658,882.9,104.2,fixation
10:26:38.2663,884.5,104.7,fixation
10:26:38.2668,885.3,105.5,fixation
10:26:38.2673,886.2,107.2,fixation
10:26:38.2678,887.7,107.3,fixation
10:26:38.2683,888.7,107.6,fixation
10:26:38.2688,889.5,107.4,fixation
10:26:38.2693,890.5,106.9,fixation
10:26:38.2698,890.8,107.1,fixation
10:26:38.2703,891.1,107.2,fixation
10:26:38.2708,892.5,107.3,fixation
10:26:38.2713,893.0,107.9,fixation
10:26:38.2718,893.0,109.3,fixation
10:26:38.2723,894.3,109.7,fixation
10:26:38.2728,895.8,109.7,fixation
10:26:38.2733,896.9,109.4,fixation
10:26:38.2738,897.4,109.3,fixation
10:26:38.2743,897.6,109.4,fixation
10:26:38.2748,898.4,109.2,fixation
10:26:38.2753,898.8,108.8,fixation
10:26:38.2758,899.3,108.8,fixation
10:26:38.2763,899.6,110.4,fixation
10:26:38.2768,901.2,111.2,fixation
10:26:38.2773,903.2,111.2,fixation
10:26:38.2778,903.5,111.4,fixation
10:26:38.2783,903.1,110.4,fixation
10:26:38.2788,902.3,109.3,fixation
10:26:38.2793,902.4,108.6,fixation
10:26:38.2798,902.6,108.3,fixation
10:26:38.2803,902.6,108.1,fixation
10:26:38.2808,902.7,107.7,fixation
10:26:38.2813,903.2,107.5,fixation
10:26:38.2818,903.4,107.3,fixation
10:26:38.2823,903.3,107.5,fixation
10:26:38.2828,903.2,107.7,fixation
10:26:38.2833,902.8,107.3,fixation
10:26:38.2838,902.2,106.0,fixation
10:26:38.2843,901.9,105.4,fixation
10:26:38.2848,901.6,105.0,fixation
10:26:38.2853,901.8,103.9,fixation
10:26:38.2858,902.8,103.6,fixation
10:26:38.2863,904.2,104.3,fixation
10:26:38.2868,905.3,104.9,fixation
10:26:38.2873,905.2,104.1,fixation
10:26:38.2878,905.0,103.8,fixation
10:26:38.2883,905.8,103.8,fixation
10:26:38.2888,906.1,103.8,fixation
10:26:38.2893,905.8,103.3,fixation
10:26:38.2898,906.1,103.2,fixation
10:26:38.2903,906.6,103.0,fixation
10:26:38.2908,906.8,102.4,fixation
10:26:38.2913,906.7,101.4,fixation
10:26:38.2918,907.0,101.4,fixation
10:26:38.2923,906.9,101.4,fixation
10:26:38.2928,906.7,101.9,fixation
10:26:38.2933,906.2,102.2,fixation
10:26:38.2938,905.4,102.0,fixation
10:26:38.2943,904.6,101.5,fixation
10:26:38.2948,904.8,102.1,fixation
10:26:38.2953,903.9,102.7,fixation
10:26:38.2958,904.1,102.0,fixation
10:26:38.2963,904.9,101.8,fixation
10:26:38.2968,905.7,101.9,fixation
10:26:38.2973,905.9,101.8,fixation
10:26:38.2978,905.0,101.7,fixation
10:26:38.2983,904.2,102.1,fixation
10:26:38.2988,904.9,103.0,fixation
10:26:38.2993,905.9,103.4,fixation
10:26:38.2998,905.9,102.9,fixation
10:26:38.3003,905.9,103.0,fixation
10:26:38.3008,907.2,103.5,fixation
10:26:38.3013,907.6,103.5,fixation
10:26:38.3018,907.1,103.3,fixation
10:26:38.3023,905.9,102.8,fixation
10:26:38.3028,905.2,102.8,fixation
10:26:38.3033,906.4,103.9,fixation
10:26:38.3038,907.8,104.8,fixation
10:26:38.3043,907.6,105.0,fixation
10:26:38.3048,907.6,104.6,fixation
10:26:38.3053,908.3,104.4,fixation
10:26:38.3058,908.8,104.4,fixation
10:26:38.3063,909.1,104.5,fixation
10:26:38.3068,908.5,104.8,fixation
10:26:38.3073,908.6,105.9,fixation
10:26:38.3078,909.2,105.5,fixation
10:26:38.3083,908.9,104.2,fixation
10:26:38.3088,908.8,103.8,fixation
10:26:38.3093,909.5,103.7,fixation
10:26:38.3098,909.6,104.3,fixation
10:26:38.3103,908.7,104.6,fixation
10:26:38.3108,908.3,104.5,fixation
10:26:38.3113,907.8,104.4,fixation
10:26:38.3118,907.5,104.4,fixation
10:26:38.3123,907.4,104.7,fixation
10:26:38.3128,907.6,105.5,fixation
10:26:38.3133,908.7,105.8,fixation
10:26:38.3138,908.5,106.1,fixation
10:26:38.3143,907.8,106.4,fixation
10:26:38.3148,907.7,106.0,fixation
10:26:38.3153,907.8,105.6,fixation
10:26:38.3158,908.0,104.8,fixation
10:26:38.3163,908.2,104.1,fixation
10:26:38.3168,909.2,104.0,fixation
10:26:38.3173,910.3,103.9,fixation
10:26:38.3178,909.9,104.0,fixation
10:26:38.3183,910.0,105.1,fixation
10:26:38.3188,911.4,106.0,fixation
10:26:38.3193,911.9,106.3,fixation
10:26:38.3198,912.1,105.5,fixation
10:26:38.3203,912.3,104.6,fixation
10:26:38.3208,912.0,105.0,fixation
10:26:38.3213,911.9,104.7,fixation
10:26:38.3218,912.2,103.6,fixation
10:26:38.3223,912.3,103.3,fixation
10:26:38.3228,912.5,103.9,fixation
10:26:38.3233,913.0,104.4,fixation
10:26:38.3238,913.3,104.4,fixation
10:26:38.3243,913.6,104.7,fixation
10:26:38.3248,913.5,104.5,fixation
10:26:38.3253,913.1,104.1,fixation
10:26:38.3258,912.8,103.8,fixation
10:26:38.3263,913.3,103.7,fixation
10:26:38.3268,913.8,103.7,fixation
10:26:38.3273,914.0,104.1,fixation
10:26:38.3278,915.0,104.7,fixation
10:26:38.3283,915.2,106.1,fixation
10:26:38.3288,914.5,106.0,fixation
10:26:38.3293,913.2,105.8,fixation
10:26:38.3298,913.9,106.1,fixation
10:26:38.3303,914.1,106.4,fixation
10:26:38.3308,913.8,106.2,fixation
10:26:38.3313,912.9,106.2,fixation
10:26:38.3318,912.9,106.4,fixation
10:26:38.3323,913.5,106.5,fixation
10:26:38.3328,913.7,107.4,fixation
10:26:38.3333,912.6,107.6,fixation
10:26:38.3338,912.1,106.8,fixation
10:26:38.3343,911.8,106.6,fixation
10:26:38.3348,912.9,106.4,fixation
10:26:38.3353,914.2,106.1,fixation
10:26:38.3358,914.2,106.0,fixation
10:26:38.3363,913.7,105.2,fixation
10:26:38.3368,913.2,104.3,fixation
10:26:38.3373,912.7,104.1,fixation
10:26:38.3378,912.8,104.6,fixation
10:26:38.3383,914.0,104.2,fixation
10:26:38.3388,913.6,103.6,fixation
10:26:38.3393,913.4,103.5,fixation
10:26:38.3398,913.6,103.4,fixation
10:26:38.3403,913.8,103.2,fixation
10:26:38.3408,914.2,103.6,fixation
10:26:38.3413,914.7,104.0,fixation
10:26:38.3418,915.0,103.5,fixation
10:26:38.3423,915.1,102.5,fixation
10:26:38.3428,914.8,101.5,fixation
10:26:38.3433,914.8,102.3,fixation
10:26:38.3438,915.0,103.4,fixation
10:26:38.3443,915.2,102.9,fixation
10:26:38.3448,915.3,102.7,fixation
10:26:38.3453,914.5,102.6,fixation
10:26:38.3458,913.5,102.4,fixation
10:26:38.3463,913.3,101.9,fixation
10:26:38.3468,913.1,102.3,fixation
10:26:38.3473,912.9,102.0,fixation
10:26:38.3478,913.1,101.5,fixation
10:26:38.3483,913.7,102.6,fixation
10:26:38.3488,914.2,103.4,fixation
10:26:38.3493,914.4,103.6,fixation
10:26:38.3498,914.4,103.5,fixation
10:26:38.3503,914.3,103.7,fixation
10:26:38.3508,914.4,103.7,fixation
10:26:38.3513,914.9,103.0,fixation
10:26:38.3518,915.2,103.1,fixation
10:26:38.3523,915.3,103.6,fixation
10:26:38.3528,915.2,104.1,fixation
10:26:38.3533,915.2,103.5,fixation
10:26:38.3538,914.7,102.5,fixation
10:26:38.3543,913.6,102.3,fixation
10:26:38.3548,913.3,102.3,fixation
10:26:38.3553,913.2,101.7,fixation
10:26:38.3558,912.5,101.7,fixation
10:26:38.3563,911.7,101.8,fixation
10:26:38.3568,911.7,102.6,fixation
10:26:38.3573,911.7,102.5,fixation
10:26:38.3578,913.0,102.8,fixation
10:26:38.3583,913.8,103.7,fixation
10:26:38.3588,913.6,103.7,fixation
10:26:38.3593,913.3,104.6,fixation
10:26:38.3598,913.8,105.2,fixation
10:26:38.3603,913.9,105.7,fixation
10:26:38.3608,914.2,106.8,fixation
10:26:38.3613,915.3,107.7,fixation
10:26:38.3618,917.2,108.6,fixation
10:26:38.3623,918.7,109.0,saccade
10:26:38.3628,919.6,112.6,saccade
10:26:38.3633,920.4,120.9,saccade
10:26:38.3638,920.2,130.3,saccade
10:26:38.3643,918.9,146.6,saccade
10:26:38.3648,915.2,169.3,saccade
10:26:38.3653,911.7,188.5,saccade
10:26:38.3658,910.5,197.3,saccade
10:26:38.3663,909.0,201.2,saccade
10:26:38.3668,907.6,204.9,saccade
10:26:38.3673,907.3,208.4,saccade
10:26:38.3678,908.4,211.0,saccade
10:26:38.3683,909.8,214.9,saccade
10:26:38.3688,910.5,214.4,saccade
10:26:38.3693,912.9,216.2,saccade
10:26:38.3698,923.2,260.9,saccade
10:26:38.3703,945.3,349.8,saccade
10:26:38.3708,979.3,426.0,saccade
10:26:38.3713,987.3,436.2,saccade
10:26:38.3718,.,.,blink
10:26:38.3723,.,.,blink
10:26:38.3728,.,.,blink
10:26:38.3733,.,.,blink
10:26:38.3738,.,.,blink
10:26:38.3743,.,.,blink
10:26:38.3748,.,.,blink
10:26:38.3753,.,.,blink
10:26:38.3758,.,.,blink
10:26:38.3763,.,.,blink
10:26:38.3768,.,.,blink
10:26:38.3773,.,.,blink
10:26:38.3778,.,.,blink
10:26:38.3783,.,.,blink
10:26:38.3788,.,.,blink
10:26:38.3793,.,.,blink
10:26:38.3798,.,.,blink
10:26:38.3803,.,.,blink
10:26:38.3808,.,.,blink
10:26:38.3813,.,.,blink
10:26:38.3818,.,.,blink
10:26:38.3823,.,.,blink
10:26:38.3828,.,.,blink
10:26:38.3833,.,.,blink
10:26:38.3838,.,.,blink
10:26:38.3843,.,.,blink
10:26:38.3848,.,.,blink
10:26:38.3853,.,.,blink
10:26:38.3858,.,.,blink
10:26:38.3863,.,.,blink
10:26:38.3868,.,.,blink
10:26:38.3873,.,.,blink
10:26:38.3878,.,.,blink
10:26:38.3883,.,.,blink
10:26:38.3888,.,.,blink
10:26:38.3893,.,.,blink
10:26:38.3898,.,.,blink
10:26:38.3903,.,.,blink
10:26:38.3908,.,.,blink
10:26:38.3913,.,.,blink
10:26:38.3918,.,.,blink
10:26:38.3923,.,.,blink
10:26:38.3928,.,.,blink
10:26:38.3933,.,.,blink
10:26:38.3938,.,.,blink
10:26:38.3943,.,.,blink
10:26:38.3948,.,.,blink
10:26:38.3953,.,.,blink
10:26:38.3958,.,.,blink
10:26:38.3963,.,.,blink
10:26:38.3968,.,.,blink
10:26:38.3973,.,.,blink
10:26:38.3978,.,.,blink
10:26:38.3983,.,.,blink
10:26:38.3988,.,.,blink
10:26:38.3993,.,.,blink
10:26:38.3998,.,.,blink
10:26:38.4003,.,.,blink
10:26:38.4008,.,.,blink
10:26:38.4013,.,.,blink
10:26:38.4018,.,.,blink
10:26:38.4023,.,.,blink
10:26:38.4028,.,.,blink
10:26:38.4033,.,.,blink
10:26:38.4038,.,.,blink
10:26:38.4043,.,.,blink
10:26:38.4048,.,.,blink
10:26:38.4053,.,.,blink
10:26:38.4058,.,.,blink
10:26:38.4063,.,.,blink
10:26:38.4068,.,.,blink
10:26:38.4073,.,.,blink
10:26:38.4078,.,.,blink
10:26:38.4083,873.5,93.6,fixation
10:26:38.4088,874.8,92.3,fixation
10:26:38.4093,874.6,90.5,fixation
10:26:38.4098,874.5,87.0,fixation
10:26:38.4103,875.4,83.3,fixation
10:26:38.4108,876.1,80.2,fixation
10:26:38.4113,876.5,77.1,fixation
10:26:38.4118,878.1,74.8,fixation
10:26:38.4123,879.1,74.5,fixation
10:26:38.4128,879.3,74.2,fixation
10:26:38.4133,880.2,73.1,fixation
10:26:38.4138,880.2,72.4,fixation
10:26:38.4143,881.1,72.2,fixation
10:26:38.4148,881.4,71.6,fixation
10:26:38.4153,881.9,71.2,fixation
10:26:38.4158,883.4,70.9,fixation
10:26:38.4163,883.7,71.4,fixation
10:26:38.4168,883.2,73.3,fixation
10:26:38.4173,882.7,76.0,fixation
10:26:38.4178,882.2,78.0,fixation
10:26:38.4183,882.1,79.3,fixation
10:26:38.4188,881.0,81.2,fixation
10:26:38.4193,880.0,82.6,fixation
10:26:38.4198,879.9,83.1,fixation
10:26:38.4203,880.0,84.8,fixation
10:26:38.4208,880.1,86.4,fixation
10:26:38.4213,880.2,88.3,fixation
10:26:38.4218,880.6,90.4,fixation
10:26:38.4223,880.4,91.9,fixation
10:26:38.4228,880.2,92.5,fixation
10:26:38.4233,880.4,94.2,fixation
10:26:38.4238,880.1,96.5,fixation
10:26:38.4243,879.9,98.9,fixation
10:26:38.4248,878.9,101.3,fixation
10:26:38.4253,878.9,103.8,fixation
10:26:38.4258,878.9,104.5,fixation
10:26:38.4263,878.7,105.2,fixation
10:26:38.4268,878.3,106.9,fixation
10:26:38.4273,878.3,108.3,fixation
10:26:38.4278,878.7,111.1,fixation
10:26:38.4283,879.1,114.5,fixation
10:26:38.4288,880.3,117.6,fixation
10:26:38.4293,881.7,120.1,fixation
10:26:38.4298,881.4,120.5,fixation
10:26:38.4303,881.7,120.7,fixation
10:26:38.4308,882.8,122.0,fixation
10:26:38.4313,883.5,124.0,fixation
10:26:38.4318,884.4,124.8,fixation
10:26:38.4323,886.1,125.1,fixation
10:26:38.4328,886.5,125.5,fixation
10:26:38.4333,886.6,125.6,fixation
10:26:38.4338,885.7,125.2,fixation
10:26:38.4343,885.3,124.9,fixation
10:26:38.4348,885.8,125.1,fixation
10:26:38.4353,888.0,125.4,fixation
10:26:38.4358,889.9,126.6,fixation
10:26:38.4363,892.2,127.2,fixation
10:26:38.4368,893.6,127.0,fixation
10:26:38.4373,893.8,127.5,fixation
10:26:38.4378,894.7,127.6,fixation
10:26:38.4383,895.4,128.1,fixation
10:26:38.4388,895.6,129.3,fixation
10:26:38.4393,896.0,129.7,fixation
10:26:38.4398,895.7,130.0,fixation
10:26:38.4403,894.8,129.4,fixation
10:26:38.4408,896.7,129.7,fixation
10:26:38.4413,898.3,130.0,fixation
10:26:38.4418,899.1,130.2,fixation
10:26:38.4423,899.7,129.8,fixation
10:26:38.4428,899.8,129.3,fixation
10:26:38.4433,900.3,129.0,fixation
10:26:38.4438,900.4,128.3,fixation
10:26:38.4443,900.0,129.0,fixation
10:26:38.4448,899.3,129.8,fixation
10:26:38.4453,899.9,129.6,fixation
10:26:38.4458,900.1,128.4,fixation
10:26:38.4463,899.0,127.2,fixation
10:26:38.4468,899.2,126.9,fixation
10:26:38.4473,899.8,127.9,fixation
10:26:38.4478,899.5,128.4,fixation
10:26:38.4483,898.5,129.6,fixation
10:26:38.4488,899.0,130.0,fixation
10:26:38.4493,899.1,130.1,fixation
10:26:38.4498,899.0,129.9,fixation
10:26:38.4503,897.5,128.8,fixation
10:26:38.4508,896.0,127.4,fixation
10:26:38.4513,896.5,127.0,fixation
10:26:38.4518,896.8,127.0,fixation
10:26:38.4523,896.6,127.0,fixation
10:26:38.4528,896.6,127.0,fixation
10:26:38.4533,896.7,127.3,fixation
10:26:38.4538,896.8,128.0,fixation
10:26:38.4543,897.5,128.7,fixation
10:26:38.4548,897.6,129.2,fixation
10:26:38.4553,898.6,129.9,fixation
10:26:38.4558,899.0,130.5,fixation
10:26:38.4563,898.3,130.3,fixation
10:26:38.4568,899.0,129.3,fixation
10:26:38.4573,901.1,127.4,fixation
10:26:38.4578,902.3,127.0,fixation
10:26:38.4583,902.8,127.3,fixation
10:26:38.4588,902.5,127.6,fixation
10:26:38.4593,902.6,128.0,fixation
10:26:38.4598,903.0,128.5,fixation
10:26:38.4603,903.2,128.7,fixation
10:26:38.4608,902.8,128.4,fixation
10:26:38.4613,902.9,127.4,fixation
10:26:38.4618,903.0,127.1,fixation
10:26:38.4623,902.7,126.6,fixation
10:26:38.4628,902.4,126.2,fixation
10:26:38.4633,903.1,126.4,fixation
10:26:38.4638,902.2,126.0,fixation
10:26:38.4643,900.8,124.9,fixation
10:26:38.4648,900.8,124.2,fixation
10:26:38.4653,902.3,125.1,fixation
10:26:38.4658,903.4,127.0,fixation
10:26:38.4663,904.1,127.5,fixation
10:26:38.4668,903.9,127.9,fixation
10:26:38.4673,903.4,128.1,fixation
10:26:38.4678,902.7,127.9,fixation
10:26:38.4683,902.2,127.3,fixation
10:26:38.4688,902.1,125.4,fixation
10:26:38.4693,901.8,124.0,fixation
10:26:38.4698,900.9,124.3,fixation
10:26:38.4703,900.3,125.8,fixation
10:26:38.4708,900.3,126.5,fixation
10:26:38.4713,900.3,126.8,fixation
10:26:38.4718,900.2,127.1,fixation
10:26:38.4723,900.0,127.7,fixation
10:26:38.4728,899.9,128.0,fixation
10:26:38.4733,899.9,127.5,fixation
10:26:38.4738,900.5,126.7,fixation
10:26:38.4743,901.2,126.2,fixation
10:26:38.4748,900.5,125.6,fixation
10:26:38.4753,900.8,125.6,fixation
10:26:38.4758,901.0,124.6,fixation
10:26:38.4763,900.8,124.0,fixation
10:26:38.4768,899.7,123.3,fixation
10:26:38.4773,899.1,122.0,fixation
10:26:38.4778,899.1,121.0,fixation
10:26:38.4783,899.2,120.8,fixation
10:26:38.4788,899.0,120.1,fixation
10:26:38.4793,898.5,119.3,fixation
10:26:38.4798,897.9,120.5,fixation
10:26:38.4803,898.2,121.7,fixation
10:26:38.4808,898.6,121.7,fixation
10:26:38.4813,898.7,121.7,fixation
10:26:38.4818,898.2,121.5,fixation
10:26:38.4823,896.8,121.5,fixation
10:26:38.4828,897.0,122.0,fixation
10:26:38.4833,896.9,122.7,fixation
10:26:38.4838,896.1,123.3,fixation
10:26:38.4843,896.7,122.2,fixation
10:26:38.4848,897.6,122.0,fixation
10:26:38.4853,897.2,122.2,fixation
10:26:38.4858,897.8,123.1,fixation
10:26:38.4863,898.5,124.4,fixation
10:26:38.4868,898.1,124.8,fixation
10:26:38.4873,897.2,124.7,fixation
10:26:38.4878,897.2,123.8,fixation
10:26:38.4883,896.3,122.9,fixation
10:26:38.4888,895.9,122.7,fixation
10:26:38.4893,897.6,122.8,fixation
10:26:38.4898,898.7,123.6,fixation
10:26:38.4903,897.4,124.0,fixation
10:26:38.4908,896.9,123.1,fixation
10:26:38.4913,897.1,122.4,fixation
10:26:38.4918,897.9,122.7,fixation
10:26:38.4923,898.4,123.7,fixation
10:26:38.4928,898.6,124.2,fixation
10:26:38.4933,898.1,123.7,fixation
10:26:38.4938,896.6,122.6,fixation
10:26:38.4943,896.2,123.1,fixation
10:26:38.4948,897.7,124.8,fixation
10:26:38.4953,897.5,125.8,fixation
10:26:38.4958,897.1,125.9,fixation
10:26:38.4963,897.4,125.2,fixation
10:26:38.4968,897.0,125.3,fixation
10:26:38.4973,896.7,125.9,fixation
10:26:38.4978,896.4,125.2,fixation
10:26:38.4983,896.9,124.5,fixation
10:26:38.4988,897.3,124.6,fixation
10:26:38.4993,897.5,125.5,fixation
10:26:38.4998,897.2,125.1,fixation
10:26:38.5003,897.0,125.1,saccade
10:26:38.5008,896.5,124.7,saccade
10:26:38.5013,892.9,123.3,saccade
10:26:38.5018,887.3,121.6,saccade
10:26:38.5023,879.3,119.0,saccade
10:26:38.5028,866.6,114.7,saccade
10:26:38.5033,853.7,109.8,saccade
10:26:38.5038,846.3,105.2,saccade
10:26:38.5043,845.0,103.5,saccade
10:26:38.5048,847.8,102.8,saccade
10:26:38.5053,852.6,103.0,saccade
10:26:38.5058,858.2,103.6,fixation
10:26:38.5063,863.0,104.7,fixation
10:26:38.5068,865.1,106.8,fixation
10:26:38.5073,865.9,108.0,fixation
10:26:38.5078,865.6,108.0,fixation
10:26:38.5083,865.1,108.6,fixation
10:26:38.5088,865.1,110.1,fixation
10:26:38.5093,865.6,110.4,fixation
10:26:38.5098,866.6,110.5,fixation
10:26:38.5103,866.0,110.7,fixation
10:26:38.5108,864.9,111.0,fixation
10:26:38.5113,864.3,111.0,fixation
10:26:38.5118,863.2,110.2,fixation
10:26:38.5123,863.0,108.2,fixation
10:26:38.5128,863.3,107.2,fixation
10:26:38.5133,863.8,107.6,fixation
10:26:38.5138,864.0,107.6,fixation
10:26:38.5143,864.2,107.6,fixation
10:26:38.5148,864.8,108.1,fixation
10:26:38.5153,866.3,108.8,fixation
10:26:38.5158,866.4,109.6,fixation
10:26:38.5163,866.7,110.7,fixation
10:26:38.5168,866.5,111.0,fixation
10:26:38.5173,864.4,109.4,fixation
10:26:38.5178,862.6,108.5,fixation
10:26:38.5183,861.7,108.9,fixation
10:26:38.5188,862.4,109.3,fixation
10:26:38.5193,862.8,109.5,fixation
10:26:38.5198,862.4,109.4,fixation
10:26:38.5203,862.2,109.3,fixation
10:26:38.5208,863.4,109.0,fixation
10:26:38.5213,864.5,108.7,fixation
10:26:38.5218,864.4,108.8,fixation
10:26:38.5223,864.4,109.1,fixation
10:26:38.5228,864.5,110.1,fixation
10:26:38.5233,864.6,111.3,fixation
10:26:38.5238,863.5,112.3,fixation
10:26:38.5243,861.8,111.8,fixation
10:26:38.5248,861.9,111.4,fixation
10:26:38.5253,861.3,111.2,fixation
10:26:38.5258,860.3,110.8,fixation
10:26:38.5263,860.2,110.4,fixation
10:26:38.5268,860.3,109.8,fixation
10:26:38.5273,860.7,109.4,fixation
10:26:38.5278,861.6,108.9,fixation
10:26:38.5283,861.6,108.6,fixation
10:26:38.5288,861.7,110.0,fixation
10:26:38.5293,861.2,110.9,fixation
10:26:38.5298,859.5,110.2,fixation
10:26:38.5303,858.2,109.4,fixation
10:26:38.5308,856.8,109.8,fixation
10:26:38.5313,856.6,109.8,fixation
10:26:38.5318,857.7,110.4,fixation
10:26:38.5323,858.8,111.1,fixation
10:26:38.5328,860.2,111.3,fixation
10:26:38.5333,860.8,111.5,fixation
10:26:38.5338,860.7,111.8,fixation
10:26:38.5343,859.4,112.1,fixation
10:26:38.5348,857.5,112.2,fixation
10:26:38.5353,856.3,111.8,fixation
10:26:38.5358,855.9,111.6,fixation
10:26:38.5363,856.6,111.6,fixation
10:26:38.5368,857.5,111.6,fixation
10:26:38.5373,857.8,111.7,fixation
10:26:38.5378,858.0,112.6,fixation
10:26:38.5383,858.3,113.4,fixation
10:26:38.5388,857.7,113.2,fixation
10:26:38.5393,856.6,112.4,fixation
10:26:38.5398,856.8,112.7,fixation
10:26:38.5403,856.6,112.8,fixation
10:26:38.5408,855.8,112.7,fixation
10:26:38.5413,855.7,113.6,fixation
10:26:38.5418,856.9,114.6,fixation
10:26:38.5423,858.6,114.7,fixation
10:26:38.5428,859.4,114.4,fixation
10:26:38.5433,859.1,113.9,fixation
10:26:38.5438,857.8,113.6,fixation
10:26:38.5443,856.1,112.6,fixation
10:26:38.5448,855.6,113.5,fixation
10:26:38.5453,856.3,114.5,fixation
10:26:38.5458,856.5,115.3,fixation
10:26:38.5463,855.5,115.3,fixation
10:26:38.5468,855.5,113.8,fixation
10:26:38.5473,855.8,112.6,fixation
10:26:38.5478,856.4,114.2,fixation
10:26:38.5483,856.7,115.4,fixation
10:26:38.5488,857.4,114.6,fixation
10:26:38.5493,857.8,114.5,fixation
10:26:38.5498,858.0,114.4,fixation
10:26:38.5503,857.9,114.5,fixation
10:26:38.5508,858.8,114.8,fixation
10:26:38.5513,858.6,114.5,fixation
10:26:38.5518,857.2,114.3,fixation
10:26:38.5523,857.2,113.9,fixation
10:26:38.5528,856.7,113.8,fixation
10:26:38.5533,855.8,113.6,fixation
10:26:38.5538,854.5,112.7,fixation
10:26:38.5543,853.6,112.1,fixation
10:26:38.5548,854.8,112.8,fixation
10:26:38.5553,854.7,113.4,fixation
10:26:38.5558,853.5,112.9,fixation
10:26:38.5563,853.5,112.6,fixation
10:26:38.5568,853.6,112.3,fixation
10:26:38.5573,854.0,111.6,fixation
10:26:38.5578,854.1,111.3,fixation
10:26:38.5583,853.6,111.3,fixation
10:26:38.5588,853.1,111.4,fixation
10:26:38.5593,853.2,111.0,fixation
10:26:38.5598,852.8,110.1,fixation
10:26:38.5603,853.0,108.9,fixation
10:26:38.5608,854.1,108.6,fixation
10:26:38.5613,854.6,109.1,fixation
10:26:38.5618,854.7,110.4,fixation
10:26:38.5623,854.7,110.9,fixation
10:26:38.5628,854.8,110.7,fixation
10:26:38.5633,854.1,111.1,fixation
10:26:38.5638,854.3,110.8,fixation
10:26:38.5643,854.8,111.1,fixation
10:26:38.5648,855.1,112.7,fixation
10:26:38.5653,856.2,113.5,fixation
10:26:38.5658,856.4,113.4,fixation
10:26:38.5663,857.0,113.0,fixation
10:26:38.5668,857.3,112.9,fixation
10:26:38.5673,856.5,113.3,fixation
10:26:38.5678,855.7,113.6,fixation
10:26:38.5683,855.2,113.4,fixation
10:26:38.5688,855.0,112.1,fixation
10:26:38.5693,855.1,110.5,fixation
10:26:38.5698,855.1,110.5,fixation
10:26:38.5703,854.8,110.7,fixation
10:26:38.5708,856.5,111.0,fixation
10:26:38.5713,857.1,111.6,fixation
10:26:38.5718,857.3,112.5,fixation
10:26:38.5723,857.3,112.8,fixation
10:26:38.5728,857.4,112.6,fixation
10:26:38.5733,857.9,113.3,fixation
10:26:38.5738,859.4,113.8,fixation
10:26:38.5743,859.8,113.9,fixation
10:26:38.5748,860.1,113.9,fixation
10:26:38.5753,861.0,114.1,fixation
10:26:38.5758,862.4,114.7,fixation
10:26:38.5763,863.1,114.5,fixation
10:26:38.5768,862.5,114.6,fixation
10:26:38.5773,863.5,116.7,fixation
10:26:38.5778,864.5,117.8,fixation
10:26:38.5783,864.0,117.1,fixation
10:26:38.5788,864.3,116.5,fixation
10:26:38.5793,864.7,116.3,fixation
10:26:38.5798,865.2,116.5,fixation
10:26:38.5803,866.1,116.6,fixation
10:26:38.5808,866.8,116.9,fixation
10:26:38.5813,867.9,118.8,fixation
10:26:38.5818,868.6,121.3,fixation
10:26:38.5823,868.3,124.5,saccade
10:26:38.5828,868.2,129.0,saccade
10:26:38.5833,868.5,134.1,saccade
10:26:38.5838,868.8,141.0,saccade
10:26:38.5843,869.1,149.9,saccade
10:26:38.5848,867.9,160.4,saccade
10:26:38.5853,865.3,173.8,saccade
10:26:38.5858,862.9,189.3,saccade
10:26:38.5863,860.8,198.5,saccade
10:26:38.5868,859.9,203.5,saccade
10:26:38.5873,859.7,206.1,fixation
10:26:38.5878,859.6,206.7,fixation
10:26:38.5883,859.2,207.0,fixation
10:26:38.5888,858.0,207.3,fixation
10:26:38.5893,856.8,208.3,fixation
10:26:38.5898,855.3,208.3,fixation
10:26:38.5903,855.0,206.6,fixation
10:26:38.5908,854.9,206.6,fixation
10:26:38.5913,855.3,208.4,fixation
10:26:38.5918,855.7,209.3,fixation
10:26:38.5923,856.1,211.0,fixation
10:26:38.5928,855.7,212.7,fixation
10:26:38.5933,855.7,215.3,fixation
10:26:38.5938,856.8,217.7,fixation
10:26:38.5943,857.3,219.5,fixation
10:26:38.5948,858.2,222.9,fixation
10:26:38.5953,859.6,225.4,fixation
10:26:38.5958,860.7,228.7,saccade
10:26:38.5963,858.8,233.7,saccade
10:26:38.5968,853.0,232.5,saccade
10:26:38.5973,848.6,229.2,saccade
10:26:38.5978,855.7,270.8,saccade
10:26:38.5983,875.7,363.1,saccade
10:26:38.5988,911.6,442.2,saccade
10:26:38.5993,919.5,452.9,saccade
10:26:38.5998,.,.,blink
10:26:38.6003,.,.,blink
10:26:38.6008,.,.,blink
10:26:38.6013,.,.,blink
10:26:38.6018,.,.,blink
10:26:38.6023,.,.,blink
10:26:38.6028,.,.,blink
10:26:38.6033,.,.,blink
10:26:38.6038,.,.,blink
10:26:38.6043,.,.,blink
10:26:38.6048,.,.,blink
10:26:38.6053,.,.,blink
10:26:38.6058,.,.,blink
10:26:38.6063,.,.,blink
10:26:38.6068,.,.,blink
10:26:38.6073,.,.,blink
10:26:38.6078,.,.,blink
10:26:38.6083,.,.,blink
10:26:38.6088,.,.,blink
10:26:38.6093,.,.,blink
10:26:38.6098,.,.,blink
10:26:38.6103,.,.,blink
10:26:38.6108,.,.,blink
10:26:38.6113,.,.,blink
10:26:38.6118,.,.,blink
10:26:38.6123,.,.,blink
10:26:38.6128,.,.,blink
10:26:38.6133,.,.,blink
10:26:38.6138,.,.,blink
10:26:38.6143,.,.,blink
10:26:38.6148,.,.,blink
10:26:38.6153,.,.,blink
10:26:38.6158,.,.,blink
10:26:38.6163,.,.,blink
10:26:38.6168,.,.,blink
10:26:38.6173,.,.,blink
10:26:38.6178,.,.,blink
10:26:38.6183,.,.,blink
10:26:38.6188,.,.,blink
10:26:38.6193,.,.,blink
10:26:38.6198,.,.,blink
10:26:38.6203,.,.,blink
10:26:38.6208,.,.,blink
10:26:38.6213,.,.,blink
10:26:38.6218,.,.,blink
10:26:38.6223,.,.,blink
10:26:38.6228,.,.,blink
10:26:38.6233,.,.,blink
10:26:38.6238,.,.,blink
10:26:38.6243,.,.,blink
10:26:38.6248,.,.,blink
10:26:38.6253,.,.,blink
10:26:38.6258,.,.,blink
10:26:38.6263,.,.,blink
10:26:38.6268,.,.,blink
10:26:38.6273,857.4,105.9,fixation
10:26:38.6278,855.4,104.4,fixation
10:26:38.6283,854.2,103.3,fixation
10:26:38.6288,853.1,102.4,fixation
10:26:38.6293,851.1,99.7,fixation
10:26:38.6298,850.6,98.3,fixation
10:26:38.6303,850.4,98.4,fixation
10:26:38.6308,848.7,98.7,fixation
10:26:38.6313,846.1,98.5,fixation
10:26:38.6318,844.2,98.0,fixation
10:26:38.6323,842.6,97.5,fixation
10:26:38.6328,841.9,97.3,fixation
10:26:38.6333,842.7,96.0,fixation
10:26:38.6338,843.0,94.9,fixation
10:26:38.6343,843.8,94.7,fixation
10:26:38.6348,844.2,94.1,fixation
10:26:38.6353,844.4,94.2,fixation
10:26:38.6358,844.1,93.7,fixation
10:26:38.6363,845.2,93.3,fixation
10:26:38.6368,845.1,93.3,fixation
10:26:38.6373,843.3,93.3,fixation
10:26:38.6378,841.8,92.7,fixation
10:26:38.6383,841.2,92.6,fixation
10:26:38.6388,841.3,92.6,fixation
10:26:38.6393,842.1,93.2,fixation
10:26:38.6398,843.3,93.8,fixation
10:26:38.6403,843.9,93.7,fixation
10:26:38.6408,844.5,94.2,fixation
10:26:38.6413,845.1,93.8,fixation
10:26:38.6418,843.9,93.2,fixation
10:26:38.6423,843.6,92.8,fixation
10:26:38.6428,844.5,93.2,fixation
10:26:38.6433,844.3,94.2,fixation
10:26:38.6438,844.1,95.1,fixation
10:26:38.6443,844.9,96.9,fixation
10:26:38.6448,844.8,97.7,fixation
10:26:38.6453,844.2,97.4,fixation
10:26:38.6458,845.5,97.4,fixation
10:26:38.6463,847.0,97.8,fixation
10:26:38.6468,848.0,98.4,fixation
10:26:38.6473,849.2,99.5,fixation
10:26:38.6478,851.0,100.6,fixation
10:26:38.6483,853.2,100.7,fixation
10:26:38.6488,853.9,100.6,fixation
10:26:38.6493,854.9,100.5,fixation
10:26:38.6498,855.3,100.4,fixation
10:26:38.6503,855.5,100.9,fixation
10:26:38.6508,855.6,101.5,fixation
10:26:38.6513,856.5,102.7,fixation
10:26:38.6518,858.0,102.6,fixation
10:26:38.6523,859.1,102.8,fixation
10:26:38.6528,859.0,103.5,fixation
10:26:38.6533,859.7,103.6,fixation
10:26:38.6538,862.3,103.9,fixation
10:26:38.6543,861.7,104.0,fixation
10:26:38.6548,861.6,104.0,fixation
10:26:38.6553,862.1,104.1,fixation
10:26:38.6558,863.5,104.2,fixation
10:26:38.6563,863.3,104.3,fixation
10:26:38.6568,865.0,105.1,fixation
10:26:38.6573,865.7,105.4,fixation
10:26:38.6578,865.3,105.2,fixation
10:26:38.6583,865.5,105.4,fixation
10:26:38.6588,866.9,105.4,fixation
10:26:38.6593,867.6,105.3,fixation
10:26:38.6598,867.4,104.9,fixation
10:26:38.6603,868.0,104.6,fixation
10:26:38.6608,868.9,104.7,fixation
10:26:38.6613,868.5,104.5,fixation
10:26:38.6618,866.7,103.3,fixation
10:26:38.6623,867.0,102.8,fixation
10:26:38.6628,868.0,103.2,fixation
10:26:38.6633,868.1,102.8,fixation
10:26:38.6638,868.2,102.6,fixation
10:26:38.6643,869.3,103.3,fixation
10:26:38.6648,869.8,103.3,fixation
10:26:38.6653,869.2,103.0,fixation
10:26:38.6658,868.7,103.0,fixation
10:26:38.6663,868.5,102.6,fixation
10:26:38.6668,867.8,101.7,fixation
10:26:38.6673,868.3,101.0,fixation
10:26:38.6678,868.5,102.5,fixation
10:26:38.6683,869.0,103.9,fixation
10:26:38.6688,869.2,103.0,fixation
10:26:38.6693,868.4,103.0,fixation
10:26:38.6698,868.0,103.5,fixation
10:26:38.6703,868.8,102.9,fixation
10:26:38.6708,869.8,102.7,fixation
10:26:38.6713,869.4,103.0,fixation
10:26:38.6718,868.5,102.6,fixation
10:26:38.6723,867.9,101.0,fixation
10:26:38.6728,867.6,99.8,fixation
10:26:38.6733,867.5,99.0,fixation
10:26:38.6738,867.3,98.5,fixation
10:26:38.6743,867.2,97.8,fixation
10:26:38.6748,867.0,97.8,fixation
10:26:38.6753,866.9,98.5,fixation
10:26:38.6758,867.1,98.5,fixation
10:26:38.6763,867.2,97.8,fixation
10:26:38.6768,867.1,97.9,fixation
10:26:38.6773,866.7,97.8,fixation
10:26:38.6778,866.7,97.9,fixation
10:26:38.6783,866.7,98.3,fixation
10:26:38.6788,866.7,98.4,fixation
10:26:38.6793,867.0,98.4,fixation
10:26:38.6798,867.5,98.4,fixation
10:26:38.6803,867.1,98.6,fixation
10:26:38.6808,866.4,98.8,fixation
10:26:38.6813,867.3,98.7,fixation
10:26:38.6818,868.4,97.8,fixation
10:26:38.6823,867.8,96.6,fixation
10:26:38.6828,866.6,95.4,fixation
10:26:38.6833,865.3,94.7,fixation
10:26:38.6838,865.0,94.0,fixation
10:26:38.6843,865.5,93.6,fixation
10:26:38.6848,866.2,93.7,fixation
10:26:38.6853,865.9,93.5,fixation
10:26:38.6858,864.9,93.5,fixation
10:26:38.6863,864.6,94.1,fixation
10:26:38.6868,864.9,95.1,fixation
10:26:38.6873,865.2,95.6,fixation
10:26:38.6878,864.9,95.6,fixation
10:26:38.6883,864.7,95.1,fixation
10:26:38.6888,864.3,94.6,fixation
10:26:38.6893,864.2,94.4,fixation
10:26:38.6898,864.0,94.3,fixation
10:26:38.6903,863.2,94.0,fixation
10:26:38.6908,863.3,93.6,fixation
10:26:38.6913,863.8,92.8,fixation
10:26:38.6918,863.1,91.0,fixation
10:26:38.6923,862.8,91.2,fixation
10:26:38.6928,863.2,91.6,fixation
10:26:38.6933,862.9,90.6,fixation
10:26:38.6938,862.3,90.0,fixation
10:26:38.6943,861.9,90.5,fixation
10:26:38.6948,861.7,91.2,fixation
10:26:38.6953,862.7,91.3,fixation
10:26:38.6958,862.7,91.6,fixation
10:26:38.6963,861.9,91.6,fixation
10:26:38.6968,861.7,91.1,fixation
10:26:38.6973,861.2,90.6,fixation
10:26:38.6978,861.1,90.4,fixation
10:26:38.6983,861.2,90.5,fixation
10:26:38.6988,861.4,90.5,fixation
10:26:38.6993,861.7,89.8,fixation
10:26:38.6998,863.3,90.5,fixation
10:26:38.7003,863.6,90.3,fixation
10:26:38.7008,862.5,89.0,fixation
10:26:38.7013,862.2,87.9,fixation
10:26:38.7018,861.2,87.6,fixation
10:26:38.7023,861.5,87.9,fixation
10:26:38.7028,861.1,87.1,fixation
10:26:38.7033,860.7,87.6,fixation
10:26:38.7038,861.5,88.4,fixation
10:26:38.7043,861.8,88.6,fixation
10:26:38.7048,862.3,89.3,fixation
10:26:38.7053,862.0,88.9,fixation
10:26:38.7058,861.8,88.1,fixation
10:26:38.7063,861.7,88.5,fixation
10:26:38.7068,862.4,90.2,fixation
10:26:38.7073,863.3,91.1,fixation
10:26:38.7078,863.7,92.1,fixation
10:26:38.7083,863.8,91.2,fixation
10:26:38.7088,863.6,92.0,fixation
10:26:38.7093,862.9,92.1,fixation
10:26:38.7098,861.4,91.3,fixation
10:26:38.7103,861.4,90.0,fixation
10:26:38.7108,861.7,89.3,fixation
10:26:38.7113,861.1,89.0,fixation
10:26:38.7118,861.1,88.4,fixation
10:26:38.7123,861.6,87.4,fixation
10:26:38.7128,862.3,87.3,fixation
10:26:38.7133,862.2,87.0,fixation
10:26:38.7138,862.0,86.3,fixation
10:26:38.7143,860.9,86.2,fixation
10:26:38.7148,858.6,86.4,fixation
10:26:38.7153,858.6,86.7,fixation
10:26:38.7158,860.0,86.9,fixation
10:26:38.7163,860.5,86.7,fixation
10:26:38.7168,860.8,86.9,fixation
10:26:38.7173,860.7,87.4,fixation
10:26:38.7178,859.6,87.7,fixation
10:26:38.7183,859.8,89.2,fixation
10:26:38.7188,860.3,89.8,fixation
10:26:38.7193,859.9,89.9,fixation
10:26:38.7198,859.8,90.2,fixation
10:26:38.7203,860.3,90.3,fixation
10:26:38.7208,860.6,90.7,fixation
10:26:38.7213,860.4,91.1,fixation
10:26:38.7218,860.3,90.2,fixation
10:26:38.7223,860.5,89.0,fixation
10:26:38.7228,860.6,89.2,fixation
10:26:38.7233,860.4,89.8,fixation
10:26:38.7238,860.6,90.5,fixation
10:26:38.7243,861.0,91.0,fixation
10:26:38.7248,861.6,91.2,fixation
10:26:38.7253,861.8,91.1,fixation
10:26:38.7258,861.2,90.9,fixation
10:26:38.7263,861.1,90.1,fixation
10:26:38.7268,860.8,89.4,fixation
10:26:38.7273,860.9,88.6,fixation
10:26:38.7278,861.4,88.5,fixation
10:26:38.7283,861.9,89.3,fixation
10:26:38.7288,861.7,89.5,fixation
10:26:38.7293,861.4,89.6,fixation
10:26:38.7298,861.4,89.9,fixation
10:26:38.7303,861.3,90.0,fixation
10:26:38.7308,862.0,90.0,fixation
10:26:38.7313,861.9,90.1,fixation
10:26:38.7318,861.7,89.9,fixation
10:26:38.7323,861.8,89.7,fixation
10:26:38.7328,862.3,89.6,fixation
10:26:38.7333,862.0,89.2,fixation
10:26:38.7338,860.8,89.2,fixation
10:26:38.7343,861.0,88.6,fixation
10:26:38.7348,862.2,88.4,fixation
10:26:38.7353,861.5,88.2,fixation
10:26:38.7358,861.2,87.9,fixation
10:26:38.7363,861.1,87.3,fixation
10:26:38.7368,860.5,87.1,fixation
10:26:38.7373,860.1,87.0,fixation
10:26:38.7378,860.3,86.7,fixation
10:26:38.7383,860.7,86.2,fixation
10:26:38.7388,860.8,86.5,fixation
10:26:38.7393,860.3,87.2,fixation
10:26:38.7398,861.0,87.9,fixation
10:26:38.7403,861.7,87.9,fixation
10:26:38.7408,861.1,87.5,fixation
10:26:38.7413,860.6,86.9,fixation
10:26:38.7418,860.8,86.5,fixation
10:26:38.7423,861.8,86.7,fixation
10:26:38.7428,861.7,87.1,fixation
10:26:38.7433,860.2,87.4,fixation
10:26:38.7438,860.5,89.0,fixation
10:26:38.7443,861.0,89.4,fixation
10:26:38.7448,860.4,89.6,fixation
10:26:38.7453,860.8,89.3,fixation
10:26:38.7458,860.8,88.6,fixation
10:26:38.7463,861.0,89.2,fixation
10:26:38.7468,861.0,89.1,fixation
10:26:38.7473,860.9,88.7,fixation
10:26:38.7478,860.1,88.7,fixation
10:26:38.7483,859.4,89.2,fixation
10:26:38.7488,859.8,89.2,fixation
10:26:38.7493,859.9,88.7,fixation
10:26:38.7498,860.1,88.9,fixation
10:26:38.7503,860.9,89.0,fixation
10:26:38.7508,861.7,89.2,fixation
10:26:38.7513,861.6,88.6,fixation
10:26:38.7518,861.0,88.6,fixation
10:26:38.7523,861.6,89.3,fixation
10:26:38.7528,861.9,89.2,fixation
10:26:38.7533,859.9,88.0,fixation
10:26:38.7538,859.1,87.0,fixation
10:26:38.7543,858.9,86.4,fixation
10:26:38.7548,859.4,85.8,fixation
10:26:38.7553,860.2,85.6,fixation
10:26:38.7558,860.2,85.2,fixation
10:26:38.7563,859.8,84.8,fixation
10:26:38.7568,859.8,84.7,fixation
10:26:38.7573,860.3,84.6,fixation
10:26:38.7578,860.8,85.0,fixation
10:26:38.7583,861.2,84.9,fixation
10:26:38.7588,860.3,84.7,fixation
10:26:38.7593,859.9,84.4,fixation
10:26:38.7598,859.7,84.9,fixation
10:26:38.7603,859.8,85.8,fixation
10:26:38.7608,859.8,86.0,fixation
10:26:38.7613,860.0,85.6,fixation
10:26:38.7618,860.4,85.2,fixation
10:26:38.7623,860.2,85.5,fixation
10:26:38.7628,860.0,85.4,fixation
10:26:38.7633,859.3,85.6,fixation
10:26:38.7638,860.3,86.5,fixation
10:26:38.7643,860.6,86.5,fixation
10:26:38.7648,861.0,86.7,fixation
10:26:38.7653,861.2,87.2,fixation
10:26:38.7658,860.7,87.3,fixation
10:26:38.7663,860.5,87.4,fixation
10:26:38.7668,860.7,87.0,fixation
10:26:38.7673,860.2,86.5,fixation
10:26:38.7678,859.3,85.9,fixation
10:26:38.7683,858.7,86.1,fixation
10:26:38.7688,857.7,86.2,fixation
10:26:38.7693,857.8,85.8,fixation
10:26:38.7698,858.7,85.9,fixation
10:26:38.7703,859.3,86.1,fixation
10:26:38.7708,859.9,86.0,fixation
10:26:38.7713,860.1,85.7,fixation
10:26:38.7718,860.3,85.9,fixation
10:26:38.7723,860.3,86.7,fixation
10:26:38.7728,860.3,86.4,fixation
10:26:38.7733,860.3,86.2,fixation
10:26:38.7738,860.4,86.1,fixation
10:26:38.7743,861.0,85.9,fixation
10:26:38.7748,861.3,87.1,fixation
10:26:38.7753,861.3,87.9,fixation
10:26:38.7758,861.1,87.7,fixation
10:26:38.7763,860.8,87.6,fixation
10:26:38.7768,860.6,87.1,fixation
10:26:38.7773,860.6,86.0,fixation
10:26:38.7778,860.7,85.7,fixation
10:26:38.7783,860.7,86.2,fixation
10:26:38.7788,860.6,85.8,fixation
10:26:38.7793,860.5,85.4,fixation
10:26:38.7798,860.5,85.9,fixation
10:26:38.7803,859.7,85.8,fixation
10:26:38.7808,858.0,85.3,fixation
10:26:38.7813,857.4,85.3,fixation
10:26:38.7818,857.2,85.1,fixation
10:26:38.7823,857.0,84.9,fixation
10:26:38.7828,856.7,85.1,fixation
10:26:38.7833,856.3,84.9,fixation
10:26:38.7838,856.6,84.5,fixation
10:26:38.7843,856.8,84.1,fixation
10:26:38.7848,856.7,84.1,fixation
10:26:38.7853,856.9,84.2,fixation
10:26:38.7858,857.2,83.6,fixation
10:26:38.7863,856.8,83.9,fixation
10:26:38.7868,856.3,84.5,fixation
10:26:38.7873,856.9,84.4,fixation
10:26:38.7878,857.5,84.2,fixation
10:26:38.7883,857.3,84.0,fixation
10:26:38.7888,857.1,84.4,fixation
10:26:38.7893,857.0,84.3,fixation
10:26:38.7898,856.8,84.4,fixation
10:26:38.7903,856.7,84.4,fixation
10:26:38.7908,856.9,84.4,fixation
10:26:38.7913,857.2,84.2,fixation
10:26:38.7918,857.3,84.5,fixation
10:26:38.7923,857.2,84.7,fixation
10:26:38.7928,857.5,84.6,fixation
10:26:38.7933,857.7,84.6,fixation
10:26:38.7938,857.0,84.6,fixation
10:26:38.7943,855.8,84.8,fixation
10:26:38.7948,856.5,85.1,fixation
10:26:38.7953,856.6,84.8,fixation
10:26:38.7958,856.8,84.6,fixation
10:26:38.7963,857.4,84.9,fixation
10:26:38.7968,857.3,85.5,fixation
10:26:38.7973,856.7,85.1,fixation
10:26:38.7978,856.0,85.9,fixation
10:26:38.7983,855.9,86.0,fixation
10:26:38.7988,855.8,85.4,fixation
10:26:38.7993,855.3,84.3,fixation
10:26:38.7998,855.6,85.1,fixation
10:26:38.8003,856.4,85.2,fixation
10:26:38.8008,856.4,84.7,fixation
10:26:38.8013,856.5,84.7,fixation
10:26:38.8018,857.3,84.7,fixation
10:26:38.8023,857.4,84.9,fixation
10:26:38.8028,857.3,85.4,fixation
10:26:38.8033,857.6,85.5,fixation
10:26:38.8038,857.8,85.6,fixation
10:26:38.8043,857.6,85.5,fixation
10:26:38.8048,857.3,85.5,fixation
10:26:38.8053,856.7,85.8,fixation
10:26:38.8058,856.0,86.5,fixation
10:26:38.8063,856.0,86.6,fixation
10:26:38.8068,857.9,87.0,fixation
10:26:38.8073,857.7,86.9,fixation
10:26:38.8078,856.9,86.4,fixation
10:26:38.8083,857.7,86.6,fixation
10:26:38.8088,858.6,86.8,fixation
10:26:38.8093,858.6,86.9,fixation
10:26:38.8098,858.5,87.5,fixation
10:26:38.8103,858.8,87.8,fixation
10:26:38.8108,859.4,89.1,fixation
10:26:38.8113,859.5,90.2,fixation
10:26:38.8118,859.4,89.9,fixation
10:26:38.8123,859.9,90.5,fixation
10:26:38.8128,860.6,91.9,fixation
10:26:38.8133,861.0,92.6,fixation
10:26:38.8138,862.7,93.1,fixation
10:26:38.8143,862.7,93.7,fixation
10:26:38.8148,862.9,93.8,fixation
10:26:38.8153,864.2,94.8,fixation
10:26:38.8158,864.8,96.2,fixation
10:26:38.8163,864.3,98.1,fixation
10:26:38.8168,864.6,101.8,fixation
10:26:38.8173,865.4,104.1,fixation
10:26:38.8178,865.6,106.6,saccade
10:26:38.8183,866.3,111.1,saccade
10:26:38.8188,868.5,117.1,saccade
10:26:38.8193,867.9,122.1,saccade
10:26:38.8198,868.8,126.5,fixation
10:26:38.8203,869.1,130.7,fixation
10:26:38.8208,868.8,132.7,fixation
10:26:38.8213,868.5,134.8,fixation
10:26:38.8218,868.5,136.4,fixation
10:26:38.8223,867.8,138.9,fixation
10:26:38.8228,866.7,141.6,fixation
10:26:38.8233,865.4,145.6,fixation
10:26:38.8238,865.3,149.8,fixation
10:26:38.8243,865.1,154.0,fixation
10:26:38.8248,863.5,157.2,fixation
10:26:38.8253,862.0,159.7,fixation
10:26:38.8258,861.1,162.2,fixation
10:26:38.8263,860.6,163.6,fixation
10:26:38.8268,860.5,165.6,fixation
10:26:38.8273,860.2,166.4,fixation
10:26:38.8278,860.4,166.2,fixation
10:26:38.8283,860.2,168.2,fixation
10:26:38.8288,858.9,171.8,fixation
10:26:38.8293,857.0,174.9,fixation
10:26:38.8298,855.4,175.3,fixation
10:26:38.8303,855.1,175.6,fixation
10:26:38.8308,854.7,176.3,fixation
10:26:38.8313,855.1,177.9,fixation
10:26:38.8318,855.1,180.4,fixation
10:26:38.8323,856.0,181.8,fixation
10:26:38.8328,856.1,181.7,fixation
10:26:38.8333,854.5,181.3,fixation
10:26:38.8338,855.3,181.6,fixation
10:26:38.8343,856.2,181.8,fixation
10:26:38.8348,856.3,182.6,fixation
10:26:38.8353,856.3,183.9,fixation
10:26:38.8358,856.3,185.2,fixation
10:26:38.8363,856.2,185.5,fixation
10:26:38.8368,856.0,185.4,fixation
10:26:38.8373,855.5,185.3,fixation
10:26:38.8378,855.9,185.3,fixation
10:26:38.8383,856.0,185.1,fixation
10:26:38.8388,855.9,184.3,fixation
10:26:38.8393,855.9,182.6,fixation
10:26:38.8398,854.5,182.2,fixation
10:26:38.8403,853.3,182.4,fixation
10:26:38.8408,853.6,183.5,fixation
10:26:38.8413,853.8,184.3,fixation
10:26:38.8418,853.8,184.5,fixation
10:26:38.8423,853.8,184.6,fixation
10:26:38.8428,853.4,185.1,fixation
10:26:38.8433,852.4,185.4,fixation
10:26:38.8438,852.2,185.8,fixation
10:26:38.8443,851.9,185.8,fixation
10:26:38.8448,852.8,186.3,fixation
10:26:38.8453,853.2,186.8,fixation
10:26:38.8458,852.6,186.8,fixation
10:26:38.8463,852.6,186.8,fixation
10:26:38.8468,851.9,187.3,fixation
10:26:38.8473,851.9,187.3,fixation
10:26:38.8478,851.8,187.2,fixation
10:26:38.8483,851.6,187.4,fixation
10:26:38.8488,851.7,187.9,fixation
10:26:38.8493,851.8,189.5,fixation
10:26:38.8498,850.7,189.7,fixation
10:26:38.8503,849.9,189.1,fixation
10:26:38.8508,849.8,188.3,fixation
10:26:38.8513,850.8,187.9,fixation
10:26:38.8518,851.9,187.9,fixation
10:26:38.8523,852.4,188.0,fixation
10:26:38.8528,852.4,188.3,fixation
10:26:38.8533,852.2,188.6,fixation
10:26:38.8538,851.8,188.9,fixation
10:26:38.8543,851.4,188.3,fixation
10:26:38.8548,851.1,187.6,fixation
10:26:38.8553,848.8,187.7,fixation
10:26:38.8558,847.7,188.7,fixation
10:26:38.8563,848.6,189.3,fixation
10:26:38.8568,849.7,189.9,fixation
10:26:38.8573,850.4,192.5,fixation
10:26:38.8578,851.7,194.3,fixation
10:26:38.8583,852.7,194.9,fixation
10:26:38.8588,853.5,195.2,fixation
10:26:38.8593,854.2,197.0,fixation
10:26:38.8598,854.9,199.9,fixation
10:26:38.8603,854.8,201.6,fixation
10:26:38.8608,854.1,202.9,fixation
10:26:38.8613,852.8,205.1,fixation
10:26:38.8618,850.9,207.9,fixation
10:26:38.8623,849.7,210.2,fixation
10:26:38.8628,848.9,213.9,fixation
10:26:38.8633,848.3,214.9,fixation
10:26:38.8638,847.5,214.5,saccade
10:26:38.8643,846.4,216.1,saccade
10:26:38.8648,845.6,215.9,saccade
10:26:38.8653,845.8,210.1,saccade
10:26:38.8658,855.9,236.0,saccade
10:26:38.8663,872.7,304.3,saccade
10:26:38.8668,892.8,398.1,saccade
10:26:38.8673,915.7,468.5,saccade
10:26:38.8678,919.8,477.4,saccade
10:26:38.8683,.,.,blink
10:26:38.8688,.,.,blink
10:26:38.8693,.,.,blink
10:26:38.8698,.,.,blink
10:26:38.8703,.,.,blink
10:26:38.8708,.,.,blink
10:26:38.8713,.,.,blink
10:26:38.8718,.,.,blink
10:26:38.8723,.,.,blink
10:26:38.8728,.,.,blink
10:26:38.8733,.,.,blink
10:26:38.8738,.,.,blink
10:26:38.8743,.,.,blink
10:26:38.8748,.,.,blink
10:26:38.8753,.,.,blink
10:26:38.8758,.,.,blink
10:26:38.8763,.,.,blink
10:26:38.8768,.,.,blink
10:26:38.8773,.,.,blink
10:26:38.8778,.,.,blink
10:26:38.8783,.,.,blink
10:26:38.8788,.,.,blink
10:26:38.8793,.,.,blink
10:26:38.8798,.,.,blink
10:26:38.8803,.,.,blink
10:26:38.8808,.,.,blink
10:26:38.8813,.,.,blink
10:26:38.8818,.,.,blink
10:26:38.8823,.,.,blink
10:26:38.8828,.,.,blink
10:26:38.8833,.,.,blink
10:26:38.8838,.,.,blink
10:26:38.8843,.,.,blink
10:26:38.8848,.,.,blink
10:26:38.8853,.,.,blink
10:26:38.8858,.,.,blink
10:26:38.8863,.,.,blink
10:26:38.8868,.,.,blink
10:26:38.8873,.,.,blink
10:26:38.8878,.,.,blink
10:26:38.8883,.,.,blink
10:26:38.8888,.,.,blink
10:26:38.8893,.,.,blink
10:26:38.8898,.,.,blink
10:26:38.8903,.,.,blink
10:26:38.8908,.,.,blink
10:26:38.8913,.,.,blink
10:26:38.8918,.,.,blink
10:26:38.8923,.,.,blink
10:26:38.8928,.,.,blink
10:26:38.8933,.,.,blink
10:26:38.8938,899.6,105.3,fixation
10:26:38.8943,902.8,112.7,fixation
10:26:38.8948,904.1,117.2,fixation
10:26:38.8953,903.9,120.5,fixation
10:26:38.8958,903.4,121.1,fixation
10:26:38.8963,903.4,121.6,fixation
10:26:38.8968,903.3,121.6,fixation
10:26:38.8973,903.6,121.5,fixation
10:26:38.8978,904.2,122.0,fixation
10:26:38.8983,902.7,121.9,fixation
10:26:38.8988,902.5,121.7,fixation
10:26:38.8993,903.4,121.1,fixation
10:26:38.8998,902.6,120.4,fixation
10:26:38.9003,902.3,120.0,fixation
10:26:38.9008,902.3,119.4,fixation
10:26:38.9013,902.2,118.9,fixation
10:26:38.9018,902.4,119.8,fixation
10:26:38.9023,902.4,120.1,fixation
10:26:38.9028,901.8,119.4,fixation
10:26:38.9033,901.9,118.4,fixation
10:26:38.9038,902.9,117.9,fixation
10:26:38.9043,903.2,117.7,fixation
10:26:38.9048,903.4,118.2,fixation
10:26:38.9053,904.2,118.6,fixation
10:26:38.9058,905.1,118.5,fixation
10:26:38.9063,905.1,118.2,fixation
10:26:38.9068,904.9,117.5,fixation
10:26:38.9073,904.7,116.9,fixation
10:26:38.9078,905.2,116.8,fixation
10:26:38.9083,905.8,116.1,fixation
10:26:38.9088,905.0,115.3,fixation
10:26:38.9093,904.9,113.7,fixation
10:26:38.9098,905.1,112.0,fixation
10:26:38.9103,904.6,111.4,fixation
10:26:38.9108,903.6,111.3,fixation
10:26:38.9113,904.0,111.0,fixation
10:26:38.9118,904.5,111.0,fixation
10:26:38.9123,905.0,111.1,fixation
10:26:38.9128,905.5,111.1,fixation
10:26:38.9133,905.6,111.6,fixation
10:26:38.9138,905.5,111.8,fixation
10:26:38.9143,906.0,111.1,fixation
10:26:38.9148,906.6,110.9,fixation
10:26:38.9153,905.9,110.9,fixation
10:26:38.9158,905.9,110.9,fixation
10:26:38.9163,906.2,110.6,fixation
10:26:38.9168,905.6,111.1,fixation
10:26:38.9173,905.3,112.1,fixation
10:26:38.9178,907.0,112.1,fixation
10:26:38.9183,907.1,111.7,fixation
10:26:38.9188,905.4,111.0,fixation
10:26:38.9193,904.4,110.3,fixation
10:26:38.9198,905.3,110.1,fixation
10:26:38.9203,905.9,109.7,fixation
10:26:38.9208,904.2,108.7,fixation
10:26:38.9213,904.3,108.3,fixation
10:26:38.9218,904.4,107.9,fixation
10:26:38.9223,904.3,107.5,fixation
10:26:38.9228,904.2,108.6,fixation
10:26:38.9233,904.0,108.9,fixation
10:26:38.9238,902.7,108.3,fixation
10:26:38.9243,903.1,108.2,fixation
10:26:38.9248,904.1,107.9,fixation
10:26:38.9253,904.4,107.7,fixation
10:26:38.9258,904.5,109.2,fixation
10:26:38.9263,905.1,110.7,fixation
10:26:38.9268,905.2,110.6,fixation
10:26:38.9273,904.9,110.4,fixation
10:26:38.9278,904.9,110.6,fixation
10:26:38.9283,905.2,110.6,fixation
10:26:38.9288,905.0,109.8,fixation
10:26:38.9293,904.7,109.5,fixation
10:26:38.9298,904.8,109.9,fixation
10:26:38.9303,904.8,109.8,fixation
10:26:38.9308,905.1,109.0,fixation
10:26:38.9313,905.6,108.2,fixation
10:26:38.9318,905.3,107.3,fixation
10:26:38.9323,904.9,107.5,fixation
10:26:38.9328,904.9,108.4,fixation
10:26:38.9333,904.9,108.3,fixation
10:26:38.9338,904.7,107.7,fixation
10:26:38.9343,904.4,107.6,fixation
10:26:38.9348,904.2,107.4,fixation
10:26:38.9353,904.9,107.2,fixation
10:26:38.9358,905.4,107.5,fixation
10:26:38.9363,905.0,107.8,fixation
10:26:38.9368,906.0,107.8,fixation
10:26:38.9373,906.4,108.4,fixation
10:26:38.9378,905.8,108.7,fixation
10:26:38.9383,905.4,107.5,fixation
10:26:38.9388,904.3,106.5,fixation
10:26:38.9393,904.0,105.3,fixation
10:26:38.9398,904.6,105.1,fixation
10:26:38.9403,906.2,105.3,fixation
10:26:38.9408,907.3,105.2,fixation
10:26:38.9413,906.9,104.4,fixation
10:26:38.9418,906.3,103.8,fixation
10:26:38.9423,906.6,102.5,fixation
10:26:38.9428,907.9,103.5,fixation
10:26:38.9433,908.1,103.8,fixation
10:26:38.9438,908.0,103.6,fixation
10:26:38.9443,906.9,103.9,fixation
10:26:38.9448,906.3,104.6,fixation
10:26:38.9453,906.8,104.4,fixation
10:26:38.9458,908.0,104.0,fixation
10:26:38.9463,908.7,104.8,fixation
10:26:38.9468,908.7,105.0,fixation
10:26:38.9473,908.7,104.5,fixation
10:26:38.9478,908.5,105.3,fixation
10:26:38.9483,908.5,104.9,fixation
10:26:38.9488,908.5,104.6,fixation
10:26:38.9493,909.2,104.4,fixation
10:26:38.9498,909.9,104.5,fixation
10:26:38.9503,909.9,104.6,fixation
10:26:38.9508,909.4,103.9,fixation
10:26:38.9513,908.7,103.2,fixation
10:26:38.9518,907.7,103.2,fixation
10:26:38.9523,907.2,103.1,fixation
10:26:38.9528,907.7,102.9,fixation
10:26:38.9533,909.4,102.9,fixation
10:26:38.9538,910.4,102.9,fixation
10:26:38.9543,910.5,102.4,fixation
10:26:38.9548,910.4,102.7,fixation
10:26:38.9553,910.1,102.1,fixation
10:26:38.9558,910.3,101.2,fixation
10:26:38.9563,911.0,102.3,fixation
10:26:38.9568,910.0,102.6,fixation
10:26:38.9573,909.5,101.9,fixation
10:26:38.9578,909.5,102.1,fixation
10:26:38.9583,909.1,101.7,fixation
10:26:38.9588,909.3,101.3,fixation
10:26:38.9593,910.4,100.9,fixation
10:26:38.9598,910.6,100.4,fixation
10:26:38.9603,910.5,100.3,fixation
10:26:38.9608,910.5,100.3,fixation
10:26:38.9613,908.5,98.8,fixation
10:26:38.9618,908.1,98.5,fixation
10:26:38.9623,908.0,99.5,fixation
10:26:38.9628,907.9,99.0,fixation
10:26:38.9633,907.8,98.8,fixation
10:26:38.9638,907.9,99.5,fixation
10:26:38.9643,908.2,99.9,fixation
10:26:38.9648,908.1,99.8,fixation
10:26:38.9653,907.4,99.5,fixation
10:26:38.9658,908.2,99.5,fixation
10:26:38.9663,908.5,99.6,fixation
10:26:38.9668,908.2,99.8,fixation
10:26:38.9673,907.6,99.7,fixation
10:26:38.9678,907.6,99.3,fixation
10:26:38.9683,907.7,99.2,fixation
10:26:38.9688,907.7,99.2,fixation
10:26:38.9693,908.3,99.1,fixation
10:26:38.9698,909.3,99.4,fixation
10:26:38.9703,910.1,100.2,fixation
10:26:38.9708,910.0,100.6,fixation
10:26:38.9713,909.9,101.2,fixation
10:26:38.9718,910.7,101.7,fixation
10:26:38.9723,911.1,101.0,fixation
10:26:38.9728,910.7,100.6,fixation
10:26:38.9733,909.8,100.6,fixation
10:26:38.9738,909.6,101.0,fixation
10:26:38.9743,909.6,101.7,fixation
10:26:38.9748,909.3,102.5,fixation
10:26:38.9753,908.3,101.9,fixation
10:26:38.9758,907.7,101.1,fixation
10:26:38.9763,907.6,101.0,fixation
10:26:38.9768,907.5,101.0,fixation
10:26:38.9773,907.6,101.1,fixation
10:26:38.9778,907.8,100.8,fixation
10:26:38.9783,907.0,99.1,fixation
10:26:38.9788,906.9,98.0,fixation
10:26:38.9793,906.7,98.4,fixation
10:26:38.9798,906.0,98.3,fixation
10:26:38.9803,906.2,98.6,fixation
10:26:38.9808,906.7,98.9,fixation
10:26:38.9813,906.0,98.7,fixation
10:26:38.9818,905.1,98.9,fixation
10:26:38.9823,905.2,99.3,fixation
10:26:38.9828,905.1,98.3,fixation
10:26:38.9833,905.2,98.1,fixation
10:26:38.9838,905.4,98.1,fixation
10:26:38.9843,905.4,97.9,fixation
10:26:38.9848,906.0,97.5,fixation
10:26:38.9853,906.7,97.5,fixation
10:26:38.9858,906.7,97.6,fixation
10:26:38.9863,906.8,98.0,fixation
10:26:38.9868,906.8,99.0,fixation
10:26:38.9873,906.5,99.5,fixation
10:26:38.9878,906.5,99.0,fixation
10:26:38.9883,906.3,99.0,fixation
10:26:38.9888,906.1,99.1,fixation
10:26:38.9893,906.6,99.2,fixation
10:26:38.9898,908.0,99.3,fixation
10:26:38.9903,907.3,99.1,fixation
10:26:38.9908,906.8,98.6,fixation
10:26:38.9913,906.0,98.4,fixation
10:26:38.9918,905.7,99.3,fixation
10:26:38.9923,905.6,99.7,fixation
10:26:38.9928,906.2,100.9,fixation
10:26:38.9933,907.5,102.0,fixation
10:26:38.9938,907.9,101.4,fixation
10:26:38.9943,908.0,101.1,fixation
10:26:38.9948,907.3,101.7,fixation
10:26:38.9953,906.4,100.9,fixation
10:26:38.9958,905.9,99.9,fixation
10:26:38.9963,906.9,99.3,fixation
10:26:38.9968,907.5,99.4,fixation
10:26:38.9973,907.8,99.4,fixation
10:26:38.9978,908.8,100.9,fixation
10:26:38.9983,909.5,102.4,fixation
10:26:38.9988,909.8,103.2,fixation
10:26:38.9993,909.7,104.4,fixation
10:26:38.9998,910.2,105.0,fixation
10:26:39.0003,910.8,105.5,fixation
10:26:39.0008,911.2,106.9,fixation
10:26:39.0013,911.4,107.3,fixation
10:26:39.0018,912.1,107.4,fixation
10:26:39.0023,912.9,107.1,fixation
10:26:39.0028,912.2,106.1,fixation
10:26:39.0033,912.4,105.8,fixation
10:26:39.0038,913.1,105.9,fixation
10:26:39.0043,913.3,105.4,fixation
10:26:39.0048,914.6,105.8,fixation
10:26:39.0053,915.8,105.9,fixation
10:26:39.0058,916.5,106.0,fixation
10:26:39.0063,915.7,105.9,fixation
10:26:39.0068,915.3,107.0,fixation
10:26:39.0073,915.6,109.2,fixation
10:26:39.0078,915.1,109.9,fixation
10:26:39.0083,915.5,110.5,fixation
10:26:39.0088,916.1,111.4,fixation
10:26:39.0093,915.4,112.3,fixation
10:26:39.0098,914.2,111.6,fixation
10:26:39.0103,913.5,111.0,fixation
10:26:39.0108,914.4,110.6,fixation
10:26:39.0113,913.8,110.2,fixation
10:26:39.0118,914.2,109.9,fixation
10:26:39.0123,915.6,109.2,fixation
10:26:39.0128,915.9,108.7,fixation
10:26:39.0133,915.7,107.5,fixation
10:26:39.0138,915.8,106.6,fixation
10:26:39.0143,916.1,106.4,fixation
10:26:39.0148,915.5,106.3,fixation
10:26:39.0153,914.4,106.3,fixation
10:26:39.0158,913.2,106.4,fixation
10:26:39.0163,913.2,107.1,fixation
10:26:39.0168,913.6,107.3,fixation
10:26:39.0173,912.8,106.5,fixation
10:26:39.0178,912.7,106.4,fixation
10:26:39.0183,912.6,106.3,fixation
10:26:39.0188,911.2,105.8,fixation
10:26:39.0193,911.1,105.7,fixation
10:26:39.0198,911.2,105.0,fixation
10:26:39.0203,911.3,105.0,fixation
10:26:39.0208,911.2,105.9,fixation
10:26:39.0213,911.5,105.4,fixation
10:26:39.0218,911.6,105.2,fixation
10:26:39.0223,911.4,105.2,fixation
10:26:39.0228,911.8,105.2,fixation
10:26:39.0233,912.2,105.3,fixation
10:26:39.0238,912.3,106.0,fixation
10:26:39.0243,912.8,107.4,fixation
10:26:39.0248,913.1,107.7,fixation
10:26:39.0253,913.7,107.8,fixation
10:26:39.0258,914.2,109.3,fixation
10:26:39.0263,915.9,110.3,fixation
10:26:39.0268,916.4,109.9,fixation
10:26:39.0273,916.3,109.2,fixation
10:26:39.0278,916.1,108.7,fixation
10:26:39.0283,916.4,108.4,fixation
10:26:39.0288,917.1,107.8,fixation
10:26:39.0293,916.6,106.6,fixation
10:26:39.0298,915.8,106.4,fixation
10:26:39.0303,915.5,107.0,fixation
10:26:39.0308,915.2,106.4,fixation
10:26:39.0313,914.4,105.3,fixation
10:26:39.0318,914.2,105.6,fixation
10:26:39.0323,913.5,105.9,fixation
10:26:39.0328,912.8,105.7,fixation
10:26:39.0333,912.3,104.7,fixation
10:26:39.0338,911.3,104.2,fixation
10:26:39.0343,910.9,104.1,fixation
10:26:39.0348,911.5,104.5,fixation
10:26:39.0353,912.9,104.6,fixation
10:26:39.0358,913.7,104.7,fixation
10:26:39.0363,913.6,104.7,fixation
10:26:39.0368,914.1,104.7,fixation
10:26:39.0373,915.0,104.6,fixation
10:26:39.0378,915.1,105.2,fixation
10:26:39.0383,915.2,105.7,fixation
10:26:39.0388,915.3,105.9,fixation
10:26:39.0393,915.8,106.6,fixation
10:26:39.0398,917.4,107.2,fixation
10:26:39.0403,917.5,107.4,fixation
10:26:39.0408,918.1,107.7,fixation
10:26:39.0413,918.3,108.4,fixation
10:26:39.0418,918.4,108.6,fixation
10:26:39.0423,918.4,108.8,fixation
10:26:39.0428,917.6,109.0,fixation
10:26:39.0433,916.9,110.0,fixation
10:26:39.0438,916.7,110.9,fixation
10:26:39.0443,917.8,110.8,fixation
10:26:39.0448,918.5,110.5,fixation
10:26:39.0453,918.6,111.4,fixation
10:26:39.0458,918.4,111.9,fixation
10:26:39.0463,918.6,112.1,fixation
10:26:39.0468,917.3,112.7,fixation
10:26:39.0473,916.9,112.9,fixation
10:26:39.0478,916.6,112.3,fixation
10:26:39.0483,916.5,112.5,fixation
10:26:39.0488,916.6,112.7,fixation
10:26:39.0493,916.5,113.1,fixation
10:26:39.0498,916.4,113.7,fixation
10:26:39.0503,916.6,114.0,fixation
10:26:39.0508,916.9,114.0,fixation
10:26:39.0513,916.8,113.4,fixation
10:26:39.0518,916.5,114.0,fixation
10:26:39.0523,916.7,114.8,fixation
10:26:39.0528,917.3,113.5,fixation
10:26:39.0533,917.4,113.2,fixation
10:26:39.0538,917.4,112.3,fixation
10:26:39.0543,918.3,112.4,fixation
10:26:39.0548,917.9,112.3,fixation
10:26:39.0553,917.0,112.2,fixation
10:26:39.0558,917.3,112.5,fixation
10:26:39.0563,917.8,112.5,fixation
10:26:39.0568,918.6,112.6,fixation
10:26:39.0573,919.1,112.7,fixation
10:26:39.0578,919.3,112.5,fixation
10:26:39.0583,919.8,112.8,fixation
10:26:39.0588,919.9,113.5,fixation
10:26:39.0593,919.0,113.1,fixation
10:26:39.0598,918.6,112.8,fixation
10:26:39.0603,918.7,113.1,fixation
10:26:39.0608,918.6,113.6,fixation
10:26:39.0613,918.6,114.1,fixation
10:26:39.0618,919.1,113.8,fixation
10:26:39.0623,919.5,113.7,fixation
10:26:39.0628,919.4,112.8,fixation
10:26:39.0633,918.8,112.9,fixation
10:26:39.0638,918.3,113.1,fixation
10:26:39.0643,917.9,113.1,fixation
10:26:39.0648,916.9,112.9,fixation
10:26:39.0653,916.5,112.6,fixation
10:26:39.0658,915.9,111.6,fixation
10:26:39.0663,915.2,111.2,fixation
10:26:39.0668,916.3,111.7,fixation
10:26:39.0673,917.4,112.5,fixation
10:26:39.0678,917.0,112.6,fixation
10:26:39.0683,917.9,113.0,fixation
10:26:39.0688,919.2,113.9,fixation
10:26:39.0693,919.5,113.9,fixation
10:26:39.0698,919.6,113.9,fixation
10:26:39.0703,919.8,114.5,fixation
10:26:39.0708,920.0,114.8,fixation
10:26:39.0713,920.0,114.9,fixation
10:26:39.0718,920.0,115.0,fixation
10:26:39.0723,919.7,116.0,fixation
10:26:39.0728,918.7,116.1,fixation
10:26:39.0733,918.5,116.0,fixation
10:26:39.0738,918.4,116.1,fixation
10:26:39.0743,917.4,116.1,fixation
10:26:39.0748,917.9,115.9,fixation
10:26:39.0753,918.9,116.2,fixation
10:26:39.0758,918.4,116.1,fixation
10:26:39.0763,918.4,116.1,fixation
10:26:39.0768,918.6,116.1,fixation
10:26:39.0773,918.7,115.2,fixation
10:26:39.0778,919.0,114.5,fixation
10:26:39.0783,919.6,115.4,fixation
10:26:39.0788,920.0,115.4,fixation
10:26:39.0793,919.7,114.1,fixation
10:26:39.0798,919.5,114.4,fixation
10:26:39.0803,919.7,114.8,fixation
10:26:39.0808,919.7,114.9,fixation
10:26:39.0813,919.5,115.4,fixation
10:26:39.0818,919.5,115.7,fixation
10:26:39.0823,920.3,115.8,fixation
10:26:39.0828,921.0,115.8,fixation
10:26:39.0833,920.9,115.9,fixation
10:26:39.0838,920.4,116.0,fixation
10:26:39.0843,920.4,116.4,fixation
10:26:39.0848,921.0,116.6,fixation
10:26:39.0853,920.3,116.6,fixation
10:26:39.0858,919.9,116.8,fixation
10:26:39.0863,919.6,116.2,fixation
10:26:39.0868,919.6,115.8,fixation
10:26:39.0873,920.0,116.1,fixation
10:26:39.0878,919.6,116.4,fixation
10:26:39.0883,918.6,116.6,fixation
10:26:39.0888,918.2,116.1,fixation
10:26:39.0893,918.7,117.0,fixation
10:26:39.0898,918.4,118.4,fixation
10:26:39.0903,918.5,119.1,fixation
10:26:39.0908,919.1,118.4,fixation
10:26:39.0913,918.5,117.7,fixation
10:26:39.0918,918.1,117.7,fixation
10:26:39.0923,917.6,118.1,fixation
10:26:39.0928,916.2,118.6,fixation
10:26:39.0933,916.4,118.9,fixation
10:26:39.0938,916.4,118.4,fixation
10:26:39.0943,916.3,116.5,fixation
10:26:39.0948,917.3,116.1,fixation
10:26:39.0953,918.6,115.4,fixation
10:26:39.0958,919.1,114.9,fixation
10:26:39.0963,918.2,114.3,fixation
10:26:39.0968,917.5,113.2,fixation
10:26:39.0973,917.5,113.6,fixation
10:26:39.0978,916.4,114.5,fixation
10:26:39.0983,915.6,114.7,fixation
10:26:39.0988,915.9,114.0,fixation
10:26:39.0993,916.0,114.9,fixation
10:26:39.0998,915.9,115.0,fixation
10:26:39.1003,916.4,114.8,fixation
10:26:39.1008,917.2,115.4,fixation
10:26:39.1013,916.8,115.6,fixation
10:26:39.1018,916.6,115.7,fixation
10:26:39.1023,916.1,115.8,fixation
10:26:39.1028,915.9,116.0,fixation
10:26:39.1033,916.4,115.7,fixation
10:26:39.1038,916.3,114.5,fixation
10:26:39.1043,915.4,113.8,fixation
10:26:39.1048,915.0,112.9,fixation
10:26:39.1053,914.3,113.1,fixation
10:26:39.1058,914.4,113.3,fixation
10:26:39.1063,914.8,113.0,fixation
10:26:39.1068,915.2,112.7,fixation
10:26:39.1073,915.6,112.7,fixation
10:26:39.1078,916.0,113.9,fixation
10:26:39.1083,916.1,115.2,fixation
10:26:39.1088,915.8,116.9,fixation
10:26:39.1093,915.4,117.5,fixation
10:26:39.1098,914.2,117.1,fixation
10:26:39.1103,913.9,117.8,fixation
10:26:39.1108,914.8,119.2,fixation
10:26:39.1113,914.7,118.7,fixation
10:26:39.1118,913.4,117.3,fixation
10:26:39.1123,912.7,117.2,fixation
10:26:39.1128,913.5,117.2,fixation
10:26:39.1133,914.2,117.2,fixation
10:26:39.1138,914.3,117.1,fixation
10:26:39.1143,914.9,116.8,fixation
10:26:39.1148,915.8,116.0,fixation
10:26:39.1153,916.1,116.0,fixation
10:26:39.1158,915.1,115.8,fixation
10:26:39.1163,914.8,114.5,fixation
10:26:39.1168,915.5,114.7,fixation
10:26:39.1173,915.6,114.6,fixation
10:26:39.1178,915.7,114.4,fixation
10:26:39.1183,916.4,114.2,fixation
10:26:39.1188,916.4,113.6,fixation
10:26:39.1193,916.2,113.4,fixation
10:26:39.1198,915.9,112.4,fixation
10:26:39.1203,915.0,111.8,fixation
10:26:39.1208,914.0,111.4,fixation
10:26:39.1213,913.6,111.3,fixation
10:26:39.1218,913.7,111.4,fixation
10:26:39.1223,914.0,111.7,fixation
10:26:39.1228,913.6,111.9,fixation
10:26:39.1233,913.2,110.8,fixation
10:26:39.1238,912.9,110.2,fixation
10:26:39.1243,912.2,111.0,fixation
10:26:39.1248,912.0,111.3,fixation
10:26:39.1253,912.2,111.7,fixation
10:26:39.1258,912.2,111.5,fixation
10:26:39.1263,911.6,110.6,fixation
10:26:39.1268,911.3,110.5,fixation
10:26:39.1273,911.6,110.4,fixation
10:26:39.1278,911.6,110.1,fixation
10:26:39.1283,911.5,109.9,fixation
10:26:39.1288,911.7,109.9,fixation
10:26:39.1293,912.5,110.0,fixation
10:26:39.1298,913.4,110.5,fixation
10:26:39.1303,913.2,111.0,fixation
10:26:39.1308,913.1,111.6,fixation
10:26:39.1313,912.9,112.1,fixation
10:26:39.1318,912.8,112.2,fixation
10:26:39.1323,912.9,112.4,fixation
10:26:39.1328,913.5,113.6,fixation
10:26:39.1333,913.8,115.5,fixation
10:26:39.1338,913.5,116.1,fixation
10:26:39.1343,914.5,116.0,fixation
10:26:39.1348,915.4,115.8,fixation
10:26:39.1353,915.0,116.9,fixation
10:26:39.1358,915.2,117.6,fixation
10:26:39.1363,915.8,117.7,fixation
10:26:39.1368,916.1,117.7,fixation
10:26:39.1373,915.6,117.7,fixation
10:26:39.1378,915.6,117.5,fixation
10:26:39.1383,916.1,117.4,fixation
10:26:39.1388,916.2,117.5,fixation
10:26:39.1393,916.2,117.3,fixation
10:26:39.1398,916.2,117.9,fixation
10:26:39.1403,916.5,118.2,fixation
10:26:39.1408,916.6,117.7,fixation
10:26:39.1413,916.1,117.8,fixation
10:26:39.1418,915.8,119.9,fixation
10:26:39.1423,916.0,120.3,fixation
10:26:39.1428,915.2,120.1,fixation
10:26:39.1433,914.4,120.5,fixation
10:26:39.1438,914.6,121.2,fixation
10:26:39.1443,914.7,122.0,fixation
10:26:39.1448,915.1,123.4,fixation
10:26:39.1453,915.8,124.4,fixation
10:26:39.1458,915.7,124.5,fixation
10:26:39.1463,915.1,124.8,fixation
10:26:39.1468,915.3,125.4,fixation
10:26:39.1473,916.6,125.4,fixation
10:26:39.1478,918.1,125.0,fixation
10:26:39.1483,918.3,124.9,fixation
10:26:39.1488,918.4,125.4,fixation
10:26:39.1493,919.1,126.1,fixation
10:26:39.1498,919.6,127.8,fixation
10:26:39.1503,919.4,128.3,fixation
10:26:39.1508,918.1,128.2,fixation
10:26:39.1513,917.0,127.5,fixation
10:26:39.1518,917.6,128.7,fixation
10:26:39.1523,918.6,131.1,fixation
10:26:39.1528,918.8,134.8,fixation
10:26:39.1533,919.0,137.5,fixation
10:26:39.1538,919.8,139.5,fixation
10:26:39.1543,920.2,141.6,fixation
10:26:39.1548,920.3,142.7,fixation
10:26:39.1553,920.6,144.1,fixation
10:26:39.1558,920.4,144.6,fixation
10:26:39.1563,920.3,143.5,fixation
10:26:39.1568,920.4,142.7,fixation
10:26:39.1573,920.6,142.5,fixation
10:26:39.1578,919.5,142.0,fixation
10:26:39.1583,918.6,142.2,fixation
10:26:39.1588,918.2,142.8,fixation
10:26:39.1593,918.4,143.4,fixation
10:26:39.1598,918.6,143.2,fixation
10:26:39.1603,918.4,142.7,fixation
10:26:39.1608,918.4,142.6,fixation
10:26:39.1613,919.2,143.2,fixation
10:26:39.1618,919.0,143.8,fixation
10:26:39.1623,919.0,143.9,fixation
10:26:39.1628,919.7,144.1,fixation
10:26:39.1633,919.5,144.0,fixation
10:26:39.1638,919.4,143.8,fixation
10:26:39.1643,918.1,143.1,fixation
10:26:39.1648,917.0,141.7,fixation
10:26:39.1653,917.3,141.2,fixation
10:26:39.1658,916.6,139.9,fixation
10:26:39.1663,916.4,139.1,fixation
10:26:39.1668,916.2,139.4,fixation
10:26:39.1673,916.4,139.4,fixation
10:26:39.1678,916.7,140.2,fixation
10:26:39.1683,917.4,141.8,fixation
10:26:39.1688,917.7,140.5,fixation
10:26:39.1693,918.7,139.6,fixation
10:26:39.1698,919.5,139.4,fixation
10:26:39.1703,920.7,140.5,fixation
10:26:39.1708,920.6,141.2,fixation
10:26:39.1713,920.3,141.1,fixation
10:26:39.1718,919.9,140.9,fixation
10:26:39.1723,919.0,140.7,fixation
10:26:39.1728,918.9,140.5,fixation
10:26:39.1733,919.4,140.2,fixation
10:26:39.1738,919.7,139.9,fixation
10:26:39.1743,920.0,138.9,fixation
10:26:39.1748,919.6,138.8,fixation
