TimeStamp,X,Y,Event
11:38:36.1961,811.1,274.9,fixation
11:38:36.1966,810.2,275.0,fixation
11:38:36.1971,810.8,276.5,fixation
11:38:36.1976,812.0,277.9,fixation
11:38:36.1981,811.9,277.6,fixation
11:38:36.1986,810.4,277.4,fixation
11:38:36.1991,810.0,279.6,fixation
11:38:36.1996,811.3,281.8,fixation
11:38:36.2001,812.5,283.0,fixation
11:38:36.2006,812.7,282.5,fixation
11:38:36.2011,812.7,281.9,fixation
11:38:36.2016,812.6,280.9,fixation
11:38:36.2021,813.3,279.5,fixation
11:38:36.2026,814.5,277.4,fixation
11:38:36.2031,815.6,277.0,fixation
11:38:36.2036,816.1,276.9,fixation
11:38:36.2041,816.0,277.8,fixation
11:38:36.2046,816.0,278.6,fixation
11:38:36.2051,816.1,279.7,fixation
11:38:36.2056,816.2,280.5,fixation
11:38:36.2061,815.6,278.4,fixation
11:38:36.2066,813.3,275.6,fixation
11:38:36.2071,810.9,274.7,fixation
11:38:36.2076,809.2,277.1,fixation
11:38:36.2081,809.5,279.7,fixation
11:38:36.2086,811.3,280.3,fixation
11:38:36.2091,812.9,280.0,fixation
11:38:36.2096,813.9,280.0,fixation
11:38:36.2101,813.2,280.2,fixation
11:38:36.2106,811.8,280.6,fixation
11:38:36.2111,810.0,280.1,fixation
11:38:36.2116,808.4,278.8,fixation
11:38:36.2121,807.5,277.6,fixation
11:38:36.2126,808.2,277.1,fixation
11:38:36.2131,808.8,277.9,fixation
11:38:36.2136,809.4,278.6,fixation
11:38:36.2141,809.2,279.2,fixation
11:38:36.2146,809.8,279.0,fixation
11:38:36.2151,810.6,279.3,fixation
11:38:36.2156,811.2,279.8,fixation
11:38:36.2161,811.1,279.9,fixation
11:38:36.2166,811.1,279.1,fixation
11:38:36.2171,811.3,278.3,fixation
11:38:36.2176,811.8,277.9,fixation
11:38:36.2181,812.6,277.9,fixation
11:38:36.2186,813.4,278.1,fixation
11:38:36.2191,812.7,278.4,fixation
11:38:36.2196,811.6,278.1,fixation
11:38:36.2201,811.3,277.7,fixation
11:38:36.2206,812.5,277.2,fixation
11:38:36.2211,813.4,276.7,fixation
11:38:36.2216,813.4,276.1,fixation
11:38:36.2221,812.9,277.4,fixation
11:38:36.2226,812.7,279.3,fixation
11:38:36.2231,812.6,281.3,fixation
11:38:36.2236,812.6,281.5,fixation
11:38:36.2241,812.0,281.8,fixation
11:38:36.2246,811.4,280.7,fixation
11:38:36.2251,810.1,279.4,fixation
11:38:36.2256,808.6,277.9,fixation
11:38:36.2261,807.1,278.6,fixation
11:38:36.2266,806.1,279.1,fixation
11:38:36.2271,805.9,279.7,fixation
11:38:36.2276,806.8,280.2,fixation
11:38:36.2281,808.2,281.1,fixation
11:38:36.2286,809.7,280.5,fixation
11:38:36.2291,810.1,279.1,fixation
11:38:36.2296,811.1,277.7,fixation
11:38:36.2301,812.1,276.1,fixation
11:38:36.2306,812.5,274.9,fixation
11:38:36.2311,812.0,274.2,fixation
11:38:36.2316,811.3,275.6,fixation
11:38:36.2321,811.5,276.5,fixation
11:38:36.2326,812.1,276.9,fixation
11:38:36.2331,813.2,277.0,fixation
11:38:36.2336,814.0,277.2,fixation
11:38:36.2341,814.5,278.5,fixation
11:38:36.2346,812.4,279.6,fixation
11:38:36.2351,810.4,280.4,fixation
11:38:36.2356,808.3,280.2,fixation
11:38:36.2361,808.3,280.4,fixation
11:38:36.2366,808.2,280.7,fixation
11:38:36.2371,808.2,280.1,fixation
11:38:36.2376,807.6,278.6,fixation
11:38:36.2381,807.0,277.1,fixation
11:38:36.2386,805.7,276.8,fixation
11:38:36.2391,805.3,277.0,fixation
11:38:36.2396,804.9,275.8,fixation
11:38:36.2401,805.2,274.0,fixation
11:38:36.2406,806.4,272.3,fixation
11:38:36.2411,807.8,271.5,fixation
11:38:36.2416,809.2,271.2,fixation
11:38:36.2421,809.5,270.9,fixation
11:38:36.2426,809.6,270.9,fixation
11:38:36.2431,809.3,272.3,fixation
11:38:36.2436,808.5,273.9,fixation
11:38:36.2441,807.7,275.8,fixation
11:38:36.2446,807.5,276.4,fixation
11:38:36.2451,808.0,276.6,fixation
11:38:36.2456,808.8,276.6,fixation
11:38:36.2461,809.5,276.4,fixation
11:38:36.2466,809.0,276.1,fixation
11:38:36.2471,808.4,275.4,fixation
11:38:36.2476,807.9,274.4,fixation
11:38:36.2481,808.3,273.5,fixation
11:38:36.2486,808.6,273.1,fixation
11:38:36.2491,808.7,273.1,fixation
11:38:36.2496,807.6,272.6,fixation
11:38:36.2501,806.4,272.1,fixation
11:38:36.2506,805.5,273.6,fixation
11:38:36.2511,806.1,275.4,fixation
11:38:36.2516,807.2,277.1,fixation
11:38:36.2521,808.1,277.0,fixation
11:38:36.2526,807.3,276.5,fixation
11:38:36.2531,806.0,276.1,fixation
11:38:36.2536,806.1,275.2,fixation
11:38:36.2541,807.4,274.9,fixation
11:38:36.2546,808.2,274.5,fixation
11:38:36.2551,807.2,274.0,fixation
11:38:36.2556,806.2,273.6,fixation
11:38:36.2561,807.6,273.4,fixation
11:38:36.2566,809.4,273.9,fixation
11:38:36.2571,811.2,274.7,fixation
11:38:36.2576,811.0,275.1,fixation
11:38:36.2581,810.0,273.6,fixation
11:38:36.2586,809.1,271.6,fixation
11:38:36.2591,807.9,269.6,fixation
11:38:36.2596,807.4,269.6,fixation
11:38:36.2601,807.0,270.3,fixation
11:38:36.2606,807.1,273.0,fixation
11:38:36.2611,807.4,275.4,fixation
11:38:36.2616,808.0,276.9,fixation
11:38:36.2621,808.3,276.3,fixation
11:38:36.2626,808.4,275.6,fixation
11:38:36.2631,809.2,275.6,fixation
11:38:36.2636,810.7,274.7,fixation
11:38:36.2641,812.2,273.8,fixation
11:38:36.2646,812.7,274.9,fixation
11:38:36.2651,812.7,277.0,fixation
11:38:36.2656,812.0,276.0,saccade
11:38:36.2661,810.8,274.4,saccade
11:38:36.2666,809.5,274.4,saccade
11:38:36.2671,807.9,274.6,saccade
11:38:36.2676,807.0,274.9,saccade
11:38:36.2681,806.4,275.2,saccade
11:38:36.2686,805.6,275.1,saccade
11:38:36.2691,804.1,275.0,saccade
11:38:36.2696,802.7,273.8,saccade
11:38:36.2701,802.4,272.6,saccade
11:38:36.2706,802.8,271.7,saccade
11:38:36.2711,800.1,271.8,saccade
11:38:36.2716,797.1,272.0,saccade
11:38:36.2721,793.8,272.8,saccade
11:38:36.2726,791.3,273.5,saccade
11:38:36.2731,789.1,274.2,saccade
11:38:36.2736,787.0,274.1,saccade
11:38:36.2741,786.2,275.7,saccade
11:38:36.2746,785.5,276.8,saccade
11:38:36.2751,784.6,277.5,saccade
11:38:36.2756,784.3,276.6,saccade
11:38:36.2761,781.6,276.2,saccade
11:38:36.2766,778.9,276.2,saccade
11:38:36.2771,776.3,276.2,saccade
11:38:36.2776,776.5,277.6,saccade
11:38:36.2781,776.9,279.1,saccade
11:38:36.2786,777.3,280.6,saccade
11:38:36.2791,776.2,282.2,fixation
11:38:36.2796,776.1,283.8,fixation
11:38:36.2801,776.6,284.4,fixation
11:38:36.2806,777.3,282.4,fixation
11:38:36.2811,776.7,280.2,fixation
11:38:36.2816,776.0,278.8,fixation
11:38:36.2821,777.6,278.1,fixation
11:38:36.2826,780.0,277.5,fixation
11:38:36.2831,783.0,277.2,fixation
11:38:36.2836,783.3,278.7,fixation
11:38:36.2841,783.3,280.2,fixation
11:38:36.2846,782.8,281.3,fixation
11:38:36.2851,782.7,280.9,fixation
11:38:36.2856,783.1,280.6,fixation
11:38:36.2861,783.4,280.1,fixation
11:38:36.2866,782.8,279.6,fixation
11:38:36.2871,782.0,279.1,fixation
11:38:36.2876,781.6,279.1,fixation
11:38:36.2881,782.2,279.2,fixation
11:38:36.2886,784.5,279.3,fixation
11:38:36.2891,786.3,279.0,fixation
11:38:36.2896,787.7,278.5,fixation
11:38:36.2901,787.6,277.9,fixation
11:38:36.2906,787.3,279.1,fixation
11:38:36.2911,787.1,280.6,fixation
11:38:36.2916,786.7,280.6,fixation
11:38:36.2921,786.5,279.7,fixation
11:38:36.2926,786.6,278.5,fixation
11:38:36.2931,786.8,278.5,fixation
11:38:36.2936,786.9,277.6,fixation
11:38:36.2941,786.7,276.6,fixation
11:38:36.2946,786.3,276.0,fixation
11:38:36.2951,785.9,276.7,fixation
11:38:36.2956,785.3,277.8,fixation
11:38:36.2961,784.9,277.9,fixation
11:38:36.2966,784.6,276.9,fixation
11:38:36.2971,785.7,277.1,fixation
11:38:36.2976,786.7,278.2,fixation
11:38:36.2981,787.7,279.1,fixation
11:38:36.2986,787.7,278.8,fixation
11:38:36.2991,787.7,278.4,fixation
11:38:36.2996,787.8,278.2,fixation
11:38:36.3001,787.9,277.6,fixation
11:38:36.3006,788.1,277.1,fixation
11:38:36.3011,788.2,276.7,fixation
11:38:36.3016,788.5,276.6,fixation
11:38:36.3021,788.7,276.6,fixation
11:38:36.3026,788.7,276.7,fixation
11:38:36.3031,788.6,277.9,fixation
11:38:36.3036,788.6,278.8,fixation
11:38:36.3041,788.6,279.8,fixation
11:38:36.3046,788.1,279.9,fixation
11:38:36.3051,787.3,280.0,fixation
11:38:36.3056,786.6,279.9,fixation
11:38:36.3061,786.5,278.9,fixation
11:38:36.3066,786.6,277.9,fixation
11:38:36.3071,786.3,277.1,fixation
11:38:36.3076,785.7,277.1,fixation
11:38:36.3081,785.1,277.4,fixation
11:38:36.3086,786.3,277.6,fixation
11:38:36.3091,787.8,278.0,fixation
11:38:36.3096,789.2,278.1,fixation
11:38:36.3101,789.4,278.4,fixation
11:38:36.3106,789.5,278.7,fixation
11:38:36.3111,789.7,278.9,fixation
11:38:36.3116,789.9,278.5,fixation
11:38:36.3121,790.1,278.0,fixation
11:38:36.3126,790.3,277.5,fixation
11:38:36.3131,790.1,277.2,fixation
11:38:36.3136,789.4,276.5,fixation
11:38:36.3141,788.3,275.7,fixation
11:38:36.3146,787.6,275.9,fixation
11:38:36.3151,787.5,276.4,fixation
11:38:36.3156,788.1,277.0,fixation
11:38:36.3161,788.6,276.5,fixation
11:38:36.3166,788.9,276.2,fixation
11:38:36.3171,788.7,275.8,fixation
11:38:36.3176,787.0,275.1,fixation
11:38:36.3181,785.5,274.3,fixation
11:38:36.3186,784.3,273.7,fixation
11:38:36.3191,784.5,274.2,fixation
11:38:36.3196,784.7,274.9,fixation
11:38:36.3201,784.6,275.5,fixation
11:38:36.3206,784.6,276.2,fixation
11:38:36.3211,784.8,276.8,fixation
11:38:36.3216,784.7,277.1,fixation
11:38:36.3221,784.5,277.0,fixation
11:38:36.3226,784.1,277.1,fixation
11:38:36.3231,783.9,277.5,fixation
11:38:36.3236,783.7,277.8,fixation
11:38:36.3241,782.8,278.0,fixation
11:38:36.3246,782.0,277.9,fixation
11:38:36.3251,782.5,278.3,fixation
11:38:36.3256,783.6,278.8,fixation
11:38:36.3261,784.6,277.6,fixation
11:38:36.3266,784.4,276.0,fixation
11:38:36.3271,784.1,275.3,fixation
11:38:36.3276,783.7,276.1,fixation
11:38:36.3281,783.6,277.0,fixation
11:38:36.3286,783.8,277.3,fixation
11:38:36.3291,784.2,277.5,fixation
11:38:36.3296,784.3,277.8,fixation
11:38:36.3301,784.3,277.8,fixation
11:38:36.3306,784.6,275.5,fixation
11:38:36.3311,784.8,273.2,fixation
11:38:36.3316,785.1,271.1,fixation
11:38:36.3321,785.1,272.5,fixation
11:38:36.3326,785.1,273.9,fixation
11:38:36.3331,785.1,274.7,fixation
11:38:36.3336,785.1,274.3,fixation
11:38:36.3341,784.2,273.8,fixation
11:38:36.3346,783.3,273.6,fixation
11:38:36.3351,782.3,273.3,fixation
11:38:36.3356,782.1,273.0,fixation
11:38:36.3361,781.9,272.8,fixation
11:38:36.3366,781.8,273.3,fixation
11:38:36.3371,782.1,274.0,fixation
11:38:36.3376,782.5,274.7,fixation
11:38:36.3381,782.9,274.6,fixation
11:38:36.3386,782.8,274.3,fixation
11:38:36.3391,782.8,274.0,fixation
11:38:36.3396,782.9,274.3,fixation
11:38:36.3401,782.9,274.7,fixation
11:38:36.3406,782.5,275.0,fixation
11:38:36.3411,782.0,275.1,fixation
11:38:36.3416,781.1,275.1,fixation
11:38:36.3421,780.3,275.2,fixation
11:38:36.3426,779.5,275.0,fixation
11:38:36.3431,779.5,275.0,fixation
11:38:36.3436,780.3,274.0,fixation
11:38:36.3441,781.2,273.1,fixation
11:38:36.3446,781.9,272.1,fixation
11:38:36.3451,782.2,272.2,fixation
11:38:36.3456,782.4,272.8,fixation
11:38:36.3461,783.0,273.4,fixation
11:38:36.3466,783.9,273.6,fixation
11:38:36.3471,784.9,273.1,fixation
11:38:36.3476,785.4,272.6,fixation
11:38:36.3481,785.4,273.7,fixation
11:38:36.3486,785.2,275.1,fixation
11:38:36.3491,784.8,276.7,fixation
11:38:36.3496,784.3,277.5,fixation
11:38:36.3501,784.0,278.4,fixation
11:38:36.3506,783.9,279.1,fixation
11:38:36.3511,783.6,276.9,fixation
11:38:36.3516,783.3,274.6,fixation
11:38:36.3521,784.7,273.0,fixation
11:38:36.3526,786.5,273.7,fixation
11:38:36.3531,788.2,274.5,fixation
11:38:36.3536,788.3,274.6,fixation
11:38:36.3541,788.6,275.6,fixation
11:38:36.3546,788.8,275.8,fixation
11:38:36.3551,787.8,275.9,fixation
11:38:36.3556,786.4,275.1,fixation
11:38:36.3561,785.0,274.8,fixation
11:38:36.3566,785.8,274.6,fixation
11:38:36.3571,786.7,274.6,fixation
11:38:36.3576,787.7,274.4,fixation
11:38:36.3581,787.7,273.8,fixation
11:38:36.3586,787.6,273.2,fixation
11:38:36.3591,787.7,272.9,fixation
11:38:36.3596,787.9,273.0,fixation
11:38:36.3601,788.6,272.8,fixation
11:38:36.3606,789.1,272.6,fixation
11:38:36.3611,789.7,272.3,fixation
11:38:36.3616,790.5,272.2,fixation
11:38:36.3621,791.4,273.1,fixation
11:38:36.3626,790.9,274.0,fixation
11:38:36.3631,789.6,275.2,fixation
11:38:36.3636,788.1,275.5,fixation
11:38:36.3641,787.8,276.0,fixation
11:38:36.3646,787.6,276.2,fixation
11:38:36.3651,787.6,276.2,fixation
11:38:36.3656,787.7,275.9,fixation
11:38:36.3661,787.9,275.4,fixation
11:38:36.3666,788.0,274.6,fixation
11:38:36.3671,788.0,274.2,fixation
11:38:36.3676,789.3,274.1,fixation
11:38:36.3681,790.6,274.0,fixation
11:38:36.3686,790.9,273.9,fixation
11:38:36.3691,789.9,274.7,fixation
11:38:36.3696,788.8,277.4,fixation
11:38:36.3701,788.5,280.0,fixation
11:38:36.3706,788.3,281.8,fixation
11:38:36.3711,788.9,282.0,fixation
11:38:36.3716,789.7,280.3,fixation
11:38:36.3721,790.2,278.4,fixation
11:38:36.3726,789.8,276.4,fixation
11:38:36.3731,788.9,275.6,fixation
11:38:36.3736,788.0,274.7,fixation
11:38:36.3741,787.2,273.7,fixation
11:38:36.3746,786.6,273.6,fixation
11:38:36.3751,786.3,274.0,fixation
11:38:36.3756,786.1,275.8,fixation
11:38:36.3761,785.9,277.7,fixation
11:38:36.3766,786.3,279.9,fixation
11:38:36.3771,786.8,280.8,fixation
11:38:36.3776,787.4,281.4,fixation
11:38:36.3781,787.1,280.7,fixation
11:38:36.3786,786.6,280.5,fixation
11:38:36.3791,786.0,280.6,fixation
11:38:36.3796,785.4,280.4,fixation
11:38:36.3801,784.9,279.6,fixation
11:38:36.3806,784.2,278.9,fixation
11:38:36.3811,783.8,275.8,fixation
11:38:36.3816,783.6,272.7,fixation
11:38:36.3821,783.5,269.6,fixation
11:38:36.3826,783.0,271.0,fixation
11:38:36.3831,782.7,272.4,fixation
11:38:36.3836,782.1,273.7,fixation
11:38:36.3841,781.8,273.7,fixation
11:38:36.3846,783.5,273.9,fixation
11:38:36.3851,785.4,274.3,fixation
11:38:36.3856,787.2,274.6,fixation
11:38:36.3861,785.2,274.4,fixation
11:38:36.3866,783.4,274.3,fixation
11:38:36.3871,782.5,274.4,fixation
11:38:36.3876,783.4,274.8,fixation
11:38:36.3881,783.9,275.3,fixation
11:38:36.3886,783.4,276.1,fixation
11:38:36.3891,783.1,276.6,fixation
11:38:36.3896,783.2,277.0,fixation
11:38:36.3901,784.7,275.2,fixation
11:38:36.3906,786.0,273.6,fixation
11:38:36.3911,785.7,272.1,fixation
11:38:36.3916,784.2,271.9,fixation
11:38:36.3921,783.4,272.5,fixation
11:38:36.3926,784.9,273.3,fixation
11:38:36.3931,786.8,274.3,fixation
11:38:36.3936,788.1,274.5,fixation
11:38:36.3941,788.7,274.7,fixation
11:38:36.3946,788.9,274.7,fixation
11:38:36.3951,788.7,275.3,fixation
11:38:36.3956,789.2,276.4,fixation
11:38:36.3961,789.8,277.1,fixation
11:38:36.3966,790.4,277.1,fixation
11:38:36.3971,791.2,276.4,fixation
11:38:36.3976,792.2,276.1,fixation
11:38:36.3981,793.2,275.7,fixation
11:38:36.3986,792.5,275.2,fixation
11:38:36.3991,791.0,275.0,fixation
11:38:36.3996,789.4,274.7,fixation
11:38:36.4001,789.1,274.5,fixation
11:38:36.4006,789.7,274.7,fixation
11:38:36.4011,790.7,275.3,fixation
11:38:36.4016,791.0,276.7,fixation
11:38:36.4021,790.4,277.8,fixation
11:38:36.4026,789.4,278.7,fixation
11:38:36.4031,788.4,279.2,fixation
11:38:36.4036,788.0,279.7,fixation
11:38:36.4041,787.6,278.5,fixation
11:38:36.4046,787.4,277.1,fixation
11:38:36.4051,787.6,275.7,fixation
11:38:36.4056,787.9,275.7,fixation
11:38:36.4061,788.1,275.7,fixation
11:38:36.4066,788.1,276.2,fixation
11:38:36.4071,788.3,276.7,fixation
11:38:36.4076,788.6,277.4,fixation
11:38:36.4081,788.8,277.6,fixation
11:38:36.4086,788.9,277.1,fixation
11:38:36.4091,788.7,276.5,fixation
11:38:36.4096,788.5,275.7,fixation
11:38:36.4101,788.5,275.7,fixation
11:38:36.4106,789.4,275.9,fixation
11:38:36.4111,790.3,277.2,fixation
11:38:36.4116,789.8,278.3,fixation
11:38:36.4121,788.1,279.3,fixation
11:38:36.4126,786.4,279.3,fixation
11:38:36.4131,785.8,279.3,fixation
11:38:36.4136,785.2,279.1,fixation
11:38:36.4141,784.8,279.0,fixation
11:38:36.4146,784.5,279.0,fixation
11:38:36.4151,784.4,279.2,fixation
11:38:36.4156,784.1,279.4,fixation
11:38:36.4161,783.9,279.6,fixation
11:38:36.4166,783.7,279.8,fixation
11:38:36.4171,783.8,279.6,fixation
11:38:36.4176,783.8,279.4,fixation
11:38:36.4181,782.8,278.3,fixation
11:38:36.4186,781.8,277.2,fixation
11:38:36.4191,781.8,276.3,fixation
11:38:36.4196,782.8,276.3,fixation
11:38:36.4201,784.3,276.3,fixation
11:38:36.4206,785.5,276.5,fixation
11:38:36.4211,786.7,276.6,fixation
11:38:36.4216,786.9,276.3,fixation
11:38:36.4221,785.9,276.0,fixation
11:38:36.4226,785.0,275.7,fixation
11:38:36.4231,784.4,276.8,fixation
11:38:36.4236,784.3,277.1,fixation
11:38:36.4241,784.1,277.4,fixation
11:38:36.4246,784.0,276.7,fixation
11:38:36.4251,784.1,276.8,fixation
11:38:36.4256,786.1,277.1,fixation
11:38:36.4261,788.0,277.3,fixation
11:38:36.4266,788.5,277.6,fixation
11:38:36.4271,787.4,278.0,fixation
11:38:36.4276,787.7,279.5,fixation
11:38:36.4281,789.2,281.0,fixation
11:38:36.4286,790.3,282.2,fixation
11:38:36.4291,789.5,282.4,fixation
11:38:36.4296,788.6,282.2,fixation
11:38:36.4301,788.1,282.0,fixation
11:38:36.4306,787.9,281.9,fixation
11:38:36.4311,787.7,282.1,fixation
11:38:36.4316,787.7,282.5,fixation
11:38:36.4321,788.3,283.0,fixation
11:38:36.4326,789.0,282.5,fixation
11:38:36.4331,789.3,281.8,fixation
11:38:36.4336,789.0,280.9,fixation
11:38:36.4341,788.8,280.2,fixation
11:38:36.4346,788.8,278.9,fixation
11:38:36.4351,789.0,277.8,fixation
11:38:36.4356,789.1,277.4,fixation
11:38:36.4361,788.7,278.1,fixation
11:38:36.4366,788.2,279.0,fixation
11:38:36.4371,787.7,279.7,fixation
11:38:36.4376,788.0,280.0,fixation
11:38:36.4381,788.3,279.8,fixation
11:38:36.4386,788.6,279.6,fixation
11:38:36.4391,788.6,279.5,fixation
11:38:36.4396,788.6,279.0,fixation
11:38:36.4401,787.2,278.1,fixation
11:38:36.4406,785.7,276.8,fixation
11:38:36.4411,784.2,276.5,fixation
11:38:36.4416,784.8,276.8,fixation
11:38:36.4421,785.6,277.4,fixation
11:38:36.4426,786.3,278.2,fixation
11:38:36.4431,787.1,279.2,fixation
11:38:36.4436,788.5,281.1,fixation
11:38:36.4441,790.0,282.2,fixation
11:38:36.4446,789.5,282.5,fixation
11:38:36.4451,788.1,281.3,fixation
11:38:36.4456,786.7,280.0,fixation
11:38:36.4461,787.2,281.2,fixation
11:38:36.4466,788.0,282.7,fixation
11:38:36.4471,788.9,283.8,fixation
11:38:36.4476,789.1,281.9,fixation
11:38:36.4481,789.4,281.0,fixation
11:38:36.4486,789.6,280.5,fixation
11:38:36.4491,789.5,281.4,fixation
11:38:36.4496,790.1,281.7,fixation
11:38:36.4501,790.3,282.4,fixation
11:38:36.4506,790.0,282.9,fixation
11:38:36.4511,789.3,281.6,fixation
11:38:36.4516,789.2,279.8,fixation
11:38:36.4521,789.3,277.7,fixation
11:38:36.4526,788.9,277.4,fixation
11:38:36.4531,787.9,278.7,fixation
11:38:36.4536,787.1,280.1,fixation
11:38:36.4541,786.5,281.2,fixation
11:38:36.4546,786.5,280.9,fixation
11:38:36.4551,786.9,280.3,fixation
11:38:36.4556,787.3,280.1,fixation
11:38:36.4561,787.6,279.7,fixation
11:38:36.4566,787.7,279.4,fixation
11:38:36.4571,788.0,280.2,fixation
11:38:36.4576,788.8,282.3,fixation
11:38:36.4581,789.7,284.4,fixation
11:38:36.4586,790.5,285.5,fixation
11:38:36.4591,790.6,284.7,fixation
11:38:36.4596,790.1,283.0,fixation
11:38:36.4601,789.2,281.0,fixation
11:38:36.4606,788.2,279.9,fixation
11:38:36.4611,787.5,279.6,fixation
11:38:36.4616,787.1,279.6,fixation
11:38:36.4621,787.0,279.5,fixation
11:38:36.4626,786.8,279.4,fixation
11:38:36.4631,786.5,279.4,fixation
11:38:36.4636,786.2,278.9,fixation
11:38:36.4641,786.1,278.6,fixation
11:38:36.4646,786.2,278.5,fixation
11:38:36.4651,786.2,278.7,fixation
11:38:36.4656,786.3,278.6,fixation
11:38:36.4661,787.4,278.8,fixation
11:38:36.4666,788.5,279.5,fixation
11:38:36.4671,789.7,280.3,fixation
11:38:36.4676,788.6,280.8,fixation
11:38:36.4681,787.5,281.2,fixation
11:38:36.4686,786.7,281.5,fixation
11:38:36.4691,787.1,281.8,fixation
11:38:36.4696,786.3,281.9,fixation
11:38:36.4701,785.3,282.0,fixation
11:38:36.4706,785.9,282.2,fixation
11:38:36.4711,787.6,283.6,fixation
11:38:36.4716,789.2,284.9,fixation
11:38:36.4721,788.5,286.5,fixation
11:38:36.4726,788.1,286.8,fixation
11:38:36.4731,787.7,287.0,fixation
11:38:36.4736,787.2,287.3,fixation
11:38:36.4741,786.6,287.5,fixation
11:38:36.4746,785.8,287.8,fixation
11:38:36.4751,785.6,288.0,fixation
11:38:36.4756,785.9,287.9,fixation
11:38:36.4761,786.2,287.7,fixation
11:38:36.4766,786.6,287.9,fixation
11:38:36.4771,788.1,289.1,fixation
11:38:36.4776,789.3,290.4,fixation
11:38:36.4781,790.4,291.3,fixation
11:38:36.4786,789.3,291.4,fixation
11:38:36.4791,788.4,291.3,fixation
11:38:36.4796,787.6,291.2,fixation
11:38:36.4801,786.6,291.3,fixation
11:38:36.4806,784.9,292.8,saccade
11:38:36.4811,784.9,293.9,saccade
11:38:36.4816,785.0,294.8,saccade
11:38:36.4821,785.1,295.3,saccade
11:38:36.4826,785.2,295.8,saccade
11:38:36.4831,785.1,298.3,saccade
11:38:36.4836,784.9,300.8,saccade
11:38:36.4841,784.8,301.7,saccade
11:38:36.4846,784.8,300.3,saccade
11:38:36.4851,785.2,299.0,saccade
11:38:36.4856,785.5,299.6,saccade
11:38:36.4861,785.8,300.2,saccade
11:38:36.4866,785.8,300.8,saccade
11:38:36.4871,785.6,301.4,saccade
11:38:36.4876,785.3,302.6,saccade
11:38:36.4881,785.6,308.3,saccade
11:38:36.4886,785.9,315.1,saccade
11:38:36.4891,786.3,325.8,saccade
11:38:36.4896,786.2,332.0,saccade
11:38:36.4901,785.7,344.9,saccade
11:38:36.4906,785.0,361.1,saccade
11:38:36.4911,784.1,395.8,saccade
11:38:36.4916,790.5,432.5,saccade
11:38:36.4921,796.5,477.2,saccade
11:38:36.4926,800.9,533.6,saccade
11:38:36.4931,788.7,641.3,saccade
11:38:36.4936,775.5,754.9,saccade
11:38:36.4941,756.6,851.3,saccade
11:38:36.4946,.,.,blink
11:38:36.4951,.,.,blink
11:38:36.4956,.,.,blink
11:38:36.4961,.,.,blink
11:38:36.4966,.,.,blink
11:38:36.4971,.,.,blink
11:38:36.4976,.,.,blink
11:38:36.4981,.,.,blink
11:38:36.4986,.,.,blink
11:38:36.4991,.,.,blink
11:38:36.4996,.,.,blink
11:38:36.5001,.,.,blink
11:38:36.5006,.,.,blink
11:38:36.5011,.,.,blink
11:38:36.5016,.,.,blink
11:38:36.5021,.,.,blink
11:38:36.5026,.,.,blink
11:38:36.5031,.,.,blink
11:38:36.5036,.,.,blink
11:38:36.5041,.,.,blink
11:38:36.5046,.,.,blink
11:38:36.5051,.,.,blink
11:38:36.5056,.,.,blink
11:38:36.5061,.,.,blink
11:38:36.5066,.,.,blink
11:38:36.5071,.,.,blink
11:38:36.5076,.,.,blink
11:38:36.5081,.,.,blink
11:38:36.5086,.,.,blink
11:38:36.5091,.,.,blink
11:38:36.5096,.,.,blink
11:38:36.5101,.,.,blink
11:38:36.5106,.,.,blink
11:38:36.5111,.,.,blink
11:38:36.5116,.,.,blink
11:38:36.5121,.,.,blink
11:38:36.5126,.,.,blink
11:38:36.5131,.,.,blink
11:38:36.5136,.,.,blink
11:38:36.5141,.,.,blink
11:38:36.5146,.,.,blink
11:38:36.5151,.,.,blink
11:38:36.5156,.,.,blink
11:38:36.5161,.,.,blink
11:38:36.5166,.,.,blink
11:38:36.5171,.,.,blink
11:38:36.5176,.,.,blink
11:38:36.5181,.,.,blink
11:38:36.5186,.,.,blink
11:38:36.5191,.,.,blink
11:38:36.5196,.,.,blink
11:38:36.5201,.,.,blink
11:38:36.5206,.,.,blink
11:38:36.5211,.,.,blink
11:38:36.5216,.,.,blink
11:38:36.5221,.,.,blink
11:38:36.5226,.,.,blink
11:38:36.5231,.,.,blink
11:38:36.5236,.,.,blink
11:38:36.5241,.,.,blink
11:38:36.5246,.,.,blink
11:38:36.5251,.,.,blink
11:38:36.5256,.,.,blink
11:38:36.5261,.,.,blink
11:38:36.5266,.,.,blink
11:38:36.5271,.,.,blink
11:38:36.5276,.,.,blink
11:38:36.5281,.,.,blink
11:38:36.5286,.,.,blink
11:38:36.5291,.,.,blink
11:38:36.5296,.,.,blink
11:38:36.5301,.,.,blink
11:38:36.5306,.,.,blink
11:38:36.5311,.,.,blink
11:38:36.5316,.,.,blink
11:38:36.5321,.,.,blink
11:38:36.5326,.,.,blink
11:38:36.5331,.,.,blink
11:38:36.5336,.,.,blink
11:38:36.5341,.,.,blink
11:38:36.5346,.,.,blink
11:38:36.5351,.,.,blink
11:38:36.5356,.,.,blink
11:38:36.5361,.,.,blink
11:38:36.5366,.,.,blink
11:38:36.5371,.,.,blink
11:38:36.5376,.,.,blink
11:38:36.5381,.,.,blink
11:38:36.5386,.,.,blink
11:38:36.5391,.,.,blink
11:38:36.5396,.,.,blink
11:38:36.5401,.,.,blink
11:38:36.5406,.,.,blink
11:38:36.5411,.,.,blink
11:38:36.5416,.,.,blink
11:38:36.5421,.,.,blink
11:38:36.5426,.,.,blink
11:38:36.5431,.,.,blink
11:38:36.5436,.,.,blink
11:38:36.5441,.,.,blink
11:38:36.5446,.,.,blink
11:38:36.5451,.,.,blink
11:38:36.5456,.,.,blink
11:38:36.5461,.,.,blink
11:38:36.5466,.,.,blink
11:38:36.5471,.,.,blink
11:38:36.5476,.,.,blink
11:38:36.5481,.,.,blink
11:38:36.5486,.,.,blink
11:38:36.5491,.,.,blink
11:38:36.5496,.,.,blink
11:38:36.5501,.,.,blink
11:38:36.5506,.,.,blink
11:38:36.5511,.,.,blink
11:38:36.5516,.,.,blink
11:38:36.5521,.,.,blink
11:38:36.5526,.,.,blink
11:38:36.5531,.,.,blink
11:38:36.5536,.,.,blink
11:38:36.5541,.,.,blink
11:38:36.5546,.,.,blink
11:38:36.5551,.,.,blink
11:38:36.5556,.,.,blink
11:38:36.5561,.,.,blink
11:38:36.5566,.,.,blink
11:38:36.5571,.,.,blink
11:38:36.5576,.,.,blink
11:38:36.5581,.,.,blink
11:38:36.5586,.,.,blink
11:38:36.5591,.,.,blink
11:38:36.5596,.,.,blink
11:38:36.5601,.,.,blink
11:38:36.5606,.,.,blink
11:38:36.5611,.,.,blink
11:38:36.5616,.,.,blink
11:38:36.5621,.,.,blink
11:38:36.5626,.,.,blink
11:38:36.5631,.,.,blink
11:38:36.5636,.,.,blink
11:38:36.5641,.,.,blink
11:38:36.5646,.,.,blink
11:38:36.5651,.,.,blink
11:38:36.5656,.,.,blink
11:38:36.5661,.,.,blink
11:38:36.5666,.,.,blink
11:38:36.5671,.,.,blink
11:38:36.5676,.,.,blink
11:38:36.5681,.,.,blink
11:38:36.5686,.,.,blink
11:38:36.5691,.,.,blink
11:38:36.5696,.,.,blink
11:38:36.5701,.,.,blink
11:38:36.5706,.,.,blink
11:38:36.5711,.,.,blink
11:38:36.5716,.,.,blink
11:38:36.5721,.,.,blink
11:38:36.5726,.,.,blink
11:38:36.5731,.,.,blink
11:38:36.5736,.,.,blink
11:38:36.5741,.,.,blink
11:38:36.5746,.,.,blink
11:38:36.5751,.,.,blink
11:38:36.5756,.,.,blink
11:38:36.5761,.,.,blink
11:38:36.5766,.,.,blink
11:38:36.5771,.,.,blink
11:38:36.5776,.,.,blink
11:38:36.5781,.,.,blink
11:38:36.5786,.,.,blink
11:38:36.5791,.,.,blink
11:38:36.5796,.,.,blink
11:38:36.5801,.,.,blink
11:38:36.5806,.,.,blink
11:38:36.5811,.,.,blink
11:38:36.5816,.,.,blink
11:38:36.5821,.,.,blink
11:38:36.5826,.,.,blink
11:38:36.5831,.,.,blink
11:38:36.5836,.,.,blink
11:38:36.5841,.,.,blink
11:38:36.5846,.,.,blink
11:38:36.5851,.,.,blink
11:38:36.5856,.,.,blink
11:38:36.5861,.,.,blink
11:38:36.5866,.,.,blink
11:38:36.5871,.,.,blink
11:38:36.5876,.,.,blink
11:38:36.5881,.,.,blink
11:38:36.5886,.,.,blink
11:38:36.5891,.,.,blink
11:38:36.5896,.,.,blink
11:38:36.5901,.,.,blink
11:38:36.5906,.,.,blink
11:38:36.5911,.,.,blink
11:38:36.5916,.,.,blink
11:38:36.5921,.,.,blink
11:38:36.5926,.,.,blink
11:38:36.5931,.,.,blink
11:38:36.5936,.,.,blink
11:38:36.5941,.,.,blink
11:38:36.5946,.,.,blink
11:38:36.5951,.,.,blink
11:38:36.5956,.,.,blink
11:38:36.5961,.,.,blink
11:38:36.5966,.,.,blink
11:38:36.5971,.,.,blink
11:38:36.5976,.,.,blink
11:38:36.5981,.,.,blink
11:38:36.5986,.,.,blink
11:38:36.5991,.,.,blink
11:38:36.5996,.,.,blink
11:38:36.6001,.,.,blink
11:38:36.6006,.,.,blink
11:38:36.6011,.,.,blink
11:38:36.6016,.,.,blink
11:38:36.6021,.,.,blink
11:38:36.6026,.,.,blink
11:38:36.6031,.,.,blink
11:38:36.6036,.,.,blink
11:38:36.6041,.,.,blink
11:38:36.6046,.,.,blink
11:38:36.6051,.,.,blink
11:38:36.6056,.,.,blink
11:38:36.6061,.,.,blink
11:38:36.6066,.,.,blink
11:38:36.6071,.,.,blink
11:38:36.6076,.,.,blink
11:38:36.6081,.,.,blink
11:38:36.6086,.,.,blink
11:38:36.6091,.,.,blink
11:38:36.6096,.,.,blink
11:38:36.6101,.,.,blink
11:38:36.6106,.,.,blink
11:38:36.6111,.,.,blink
11:38:36.6116,.,.,blink
11:38:36.6121,.,.,blink
11:38:36.6126,.,.,blink
11:38:36.6131,.,.,blink
11:38:36.6136,.,.,blink
11:38:36.6141,.,.,blink
11:38:36.6146,.,.,blink
11:38:36.6151,.,.,blink
11:38:36.6156,.,.,blink
11:38:36.6161,.,.,blink
11:38:36.6166,.,.,blink
11:38:36.6171,.,.,blink
11:38:36.6176,.,.,blink
11:38:36.6181,.,.,blink
11:38:36.6186,.,.,blink
11:38:36.6191,.,.,blink
11:38:36.6196,.,.,blink
11:38:36.6201,.,.,blink
11:38:36.6206,.,.,blink
11:38:36.6211,.,.,blink
11:38:36.6216,.,.,blink
11:38:36.6221,.,.,blink
11:38:36.6226,.,.,blink
11:38:36.6231,.,.,blink
11:38:36.6236,.,.,blink
11:38:36.6241,.,.,blink
11:38:36.6246,.,.,blink
11:38:36.6251,.,.,blink
11:38:36.6256,.,.,blink
11:38:36.6261,.,.,blink
11:38:36.6266,.,.,blink
11:38:36.6271,844.5,297.3,fixation
11:38:36.6276,843.6,297.0,fixation
11:38:36.6281,843.0,296.6,fixation
11:38:36.6286,843.3,293.5,fixation
11:38:36.6291,843.6,289.4,fixation
11:38:36.6296,843.8,285.5,fixation
11:38:36.6301,844.2,286.2,fixation
11:38:36.6306,844.6,288.3,fixation
11:38:36.6311,844.3,290.3,fixation
11:38:36.6316,843.7,290.5,fixation
11:38:36.6321,843.0,290.4,fixation
11:38:36.6326,843.1,289.6,fixation
11:38:36.6331,843.7,288.9,fixation
11:38:36.6336,844.2,288.8,fixation
11:38:36.6341,844.9,290.4,fixation
11:38:36.6346,845.0,292.0,fixation
11:38:36.6351,844.5,292.3,fixation
11:38:36.6356,843.9,291.6,fixation
11:38:36.6361,843.3,290.8,fixation
11:38:36.6366,843.2,290.4,fixation
11:38:36.6371,843.0,290.9,fixation
11:38:36.6376,842.7,291.9,fixation
11:38:36.6381,842.7,292.9,fixation
11:38:36.6386,842.7,293.4,fixation
11:38:36.6391,842.7,293.4,fixation
11:38:36.6396,842.0,293.4,fixation
11:38:36.6401,841.5,292.9,fixation
11:38:36.6406,841.2,291.9,fixation
11:38:36.6411,841.6,291.0,fixation
11:38:36.6416,841.8,292.3,fixation
11:38:36.6421,841.8,295.1,fixation
11:38:36.6426,841.7,297.9,fixation
11:38:36.6431,842.3,298.7,fixation
11:38:36.6436,843.7,298.8,fixation
11:38:36.6441,845.0,298.9,fixation
11:38:36.6446,845.6,297.5,fixation
11:38:36.6451,846.0,295.9,fixation
11:38:36.6456,846.3,294.3,fixation
11:38:36.6461,846.3,294.4,fixation
11:38:36.6466,845.8,294.4,fixation
11:38:36.6471,845.2,294.6,fixation
11:38:36.6476,844.7,294.9,fixation
11:38:36.6481,844.6,295.9,fixation
11:38:36.6486,844.7,296.8,fixation
11:38:36.6491,844.6,297.6,fixation
11:38:36.6496,844.5,297.9,fixation
11:38:36.6501,845.5,298.1,fixation
11:38:36.6506,846.5,298.3,fixation
11:38:36.6511,848.1,299.4,fixation
11:38:36.6516,848.7,300.6,fixation
11:38:36.6521,848.0,301.8,fixation
11:38:36.6526,846.7,301.7,fixation
11:38:36.6531,845.5,301.7,fixation
11:38:36.6536,845.2,300.9,fixation
11:38:36.6541,844.9,300.2,fixation
11:38:36.6546,844.8,299.4,fixation
11:38:36.6551,845.1,298.6,fixation
11:38:36.6556,845.3,297.2,fixation
11:38:36.6561,845.3,296.0,fixation
11:38:36.6566,845.0,295.7,fixation
11:38:36.6571,844.8,296.0,fixation
11:38:36.6576,844.6,297.1,fixation
11:38:36.6581,843.9,298.1,fixation
11:38:36.6586,843.2,299.8,fixation
11:38:36.6591,842.3,300.6,fixation
11:38:36.6596,841.7,302.0,fixation
11:38:36.6601,841.3,302.5,fixation
11:38:36.6606,841.4,302.8,fixation
11:38:36.6611,841.3,302.2,fixation
11:38:36.6616,841.0,301.6,fixation
11:38:36.6621,840.9,301.1,fixation
11:38:36.6626,841.4,300.6,fixation
11:38:36.6631,842.0,300.3,fixation
11:38:36.6636,842.7,300.7,fixation
11:38:36.6641,843.1,301.5,fixation
11:38:36.6646,842.5,300.7,fixation
11:38:36.6651,842.0,299.1,fixation
11:38:36.6656,841.7,298.6,fixation
11:38:36.6661,842.6,299.8,fixation
11:38:36.6666,843.1,301.0,fixation
11:38:36.6671,843.6,299.8,fixation
11:38:36.6676,843.8,298.4,fixation
11:38:36.6681,843.9,298.1,fixation
11:38:36.6686,843.8,299.2,fixation
11:38:36.6691,844.9,298.9,fixation
11:38:36.6696,846.0,297.5,fixation
11:38:36.6701,846.8,296.5,fixation
11:38:36.6706,846.1,297.3,fixation
11:38:36.6711,845.4,298.3,fixation
11:38:36.6716,845.0,298.8,fixation
11:38:36.6721,844.9,298.8,fixation
11:38:36.6726,844.5,298.5,fixation
11:38:36.6731,843.8,298.4,fixation
11:38:36.6736,842.9,298.3,fixation
11:38:36.6741,842.3,298.4,fixation
11:38:36.6746,843.0,298.7,fixation
11:38:36.6751,843.7,299.1,fixation
11:38:36.6756,843.9,299.4,fixation
11:38:36.6761,843.3,299.6,fixation
11:38:36.6766,843.2,299.6,fixation
11:38:36.6771,843.5,299.3,fixation
11:38:36.6776,843.8,298.5,fixation
11:38:36.6781,843.9,297.6,fixation
11:38:36.6786,843.9,297.2,fixation
11:38:36.6791,843.9,296.6,fixation
11:38:36.6796,844.3,296.2,fixation
11:38:36.6801,844.7,295.9,fixation
11:38:36.6806,843.5,296.0,fixation
11:38:36.6811,841.9,295.9,fixation
11:38:36.6816,840.4,296.1,fixation
11:38:36.6821,840.0,296.4,fixation
11:38:36.6826,839.7,296.2,fixation
11:38:36.6831,839.7,295.7,fixation
11:38:36.6836,839.9,295.3,fixation
11:38:36.6841,839.9,295.2,fixation
11:38:36.6846,839.7,295.2,fixation
11:38:36.6851,840.0,295.2,fixation
11:38:36.6856,840.3,295.5,fixation
11:38:36.6861,840.2,295.8,fixation
11:38:36.6866,839.9,294.8,fixation
11:38:36.6871,839.3,293.7,fixation
11:38:36.6876,839.1,292.9,fixation
11:38:36.6881,839.8,294.7,fixation
11:38:36.6886,840.7,296.4,fixation
11:38:36.6891,841.2,297.2,fixation
11:38:36.6896,841.0,295.8,fixation
11:38:36.6901,840.7,294.7,fixation
11:38:36.6906,840.2,294.3,fixation
11:38:36.6911,839.6,294.8,fixation
11:38:36.6916,839.0,295.0,fixation
11:38:36.6921,839.2,293.8,fixation
11:38:36.6926,839.4,292.5,fixation
11:38:36.6931,838.9,292.2,fixation
11:38:36.6936,838.2,293.2,fixation
11:38:36.6941,838.0,293.5,fixation
11:38:36.6946,838.4,292.7,fixation
11:38:36.6951,838.7,292.3,fixation
11:38:36.6956,839.1,292.5,fixation
11:38:36.6961,839.7,292.6,fixation
11:38:36.6966,840.5,292.5,fixation
11:38:36.6971,841.0,292.4,fixation
11:38:36.6976,841.5,292.5,fixation
11:38:36.6981,841.3,292.5,fixation
11:38:36.6986,840.9,292.4,fixation
11:38:36.6991,840.5,293.2,fixation
11:38:36.6996,840.6,294.0,fixation
11:38:36.7001,840.6,294.4,fixation
11:38:36.7006,840.6,293.2,fixation
11:38:36.7011,840.7,292.0,fixation
11:38:36.7016,840.7,291.3,fixation
11:38:36.7021,840.7,291.2,fixation
11:38:36.7026,840.4,290.7,fixation
11:38:36.7031,839.7,290.3,fixation
11:38:36.7036,839.1,290.0,fixation
11:38:36.7041,838.4,290.3,fixation
11:38:36.7046,838.2,290.6,fixation
11:38:36.7051,838.0,291.9,fixation
11:38:36.7056,838.0,293.4,fixation
11:38:36.7061,838.0,294.8,fixation
11:38:36.7066,838.0,295.6,fixation
11:38:36.7071,836.9,296.0,fixation
11:38:36.7076,835.9,295.1,fixation
11:38:36.7081,835.1,293.5,fixation
11:38:36.7086,835.8,291.9,fixation
11:38:36.7091,836.6,291.5,fixation
11:38:36.7096,837.5,293.0,fixation
11:38:36.7101,838.1,294.6,fixation
11:38:36.7106,836.7,296.1,fixation
11:38:36.7111,835.0,296.2,fixation
11:38:36.7116,834.0,295.3,fixation
11:38:36.7121,834.7,294.2,fixation
11:38:36.7126,835.3,293.1,fixation
11:38:36.7131,835.2,293.2,fixation
11:38:36.7136,836.3,293.6,fixation
11:38:36.7141,837.5,294.2,fixation
11:38:36.7146,838.7,294.5,fixation
11:38:36.7151,838.8,294.6,fixation
11:38:36.7156,838.6,295.2,fixation
11:38:36.7161,838.3,296.8,fixation
11:38:36.7166,838.0,298.4,fixation
11:38:36.7171,837.9,298.2,fixation
11:38:36.7176,837.8,296.9,fixation
11:38:36.7181,837.7,295.9,fixation
11:38:36.7186,838.6,296.1,fixation
11:38:36.7191,839.7,296.6,fixation
11:38:36.7196,840.7,296.9,fixation
11:38:36.7201,840.5,296.2,fixation
11:38:36.7206,840.5,295.3,fixation
11:38:36.7211,840.7,294.6,fixation
11:38:36.7216,841.0,294.9,fixation
11:38:36.7221,839.7,296.4,fixation
11:38:36.7226,838.3,297.7,fixation
11:38:36.7231,837.0,299.7,fixation
11:38:36.7236,837.1,300.4,fixation
11:38:36.7241,836.9,299.7,fixation
11:38:36.7246,837.0,298.8,fixation
11:38:36.7251,837.1,297.9,fixation
11:38:36.7256,837.6,296.4,fixation
11:38:36.7261,837.8,294.4,fixation
11:38:36.7266,837.9,293.5,fixation
11:38:36.7271,837.2,294.5,fixation
11:38:36.7276,836.6,295.5,fixation
11:38:36.7281,836.1,295.1,fixation
11:38:36.7286,836.5,294.8,fixation
11:38:36.7291,837.5,294.7,fixation
11:38:36.7296,838.3,294.8,fixation
11:38:36.7301,838.7,294.3,fixation
11:38:36.7306,838.1,293.9,fixation
11:38:36.7311,837.5,294.4,fixation
11:38:36.7316,838.5,295.4,fixation
11:38:36.7321,839.9,296.3,fixation
11:38:36.7326,841.2,296.0,fixation
11:38:36.7331,840.9,294.7,fixation
11:38:36.7336,840.0,293.4,fixation
11:38:36.7341,839.1,292.3,fixation
11:38:36.7346,838.1,291.8,fixation
11:38:36.7351,837.8,291.3,fixation
11:38:36.7356,838.0,290.8,fixation
11:38:36.7361,838.2,290.7,fixation
11:38:36.7366,836.9,290.4,fixation
11:38:36.7371,835.4,290.1,fixation
11:38:36.7376,835.0,293.3,fixation
11:38:36.7381,836.3,296.9,fixation
11:38:36.7386,838.1,298.3,fixation
11:38:36.7391,838.6,296.2,fixation
11:38:36.7396,839.0,294.0,fixation
11:38:36.7401,839.0,293.6,fixation
11:38:36.7406,838.9,293.3,fixation
11:38:36.7411,838.5,293.1,fixation
11:38:36.7416,837.4,293.0,fixation
11:38:36.7421,836.4,292.9,fixation
11:38:36.7426,836.3,292.8,fixation
11:38:36.7431,837.5,292.9,fixation
11:38:36.7436,839.0,293.1,fixation
11:38:36.7441,839.7,293.6,fixation
11:38:36.7446,838.8,294.0,fixation
11:38:36.7451,837.7,294.9,fixation
11:38:36.7456,836.3,295.4,fixation
11:38:36.7461,835.9,294.3,fixation
11:38:36.7466,835.5,292.6,fixation
11:38:36.7471,835.6,291.0,fixation
11:38:36.7476,835.3,291.0,fixation
11:38:36.7481,835.1,290.9,fixation
11:38:36.7486,834.9,290.8,fixation
11:38:36.7491,835.2,291.6,fixation
11:38:36.7496,835.4,292.3,fixation
11:38:36.7501,835.4,291.8,fixation
11:38:36.7506,835.4,290.5,fixation
11:38:36.7511,835.3,289.3,fixation
11:38:36.7516,834.8,289.3,fixation
11:38:36.7521,834.4,289.4,fixation
11:38:36.7526,835.2,289.7,fixation
11:38:36.7531,836.5,290.2,fixation
11:38:36.7536,837.9,290.1,fixation
11:38:36.7541,837.9,290.0,fixation
11:38:36.7546,837.4,289.9,fixation
11:38:36.7551,836.3,291.6,fixation
11:38:36.7556,835.1,293.3,fixation
11:38:36.7561,834.6,293.4,fixation
11:38:36.7566,834.8,292.0,fixation
11:38:36.7571,835.0,290.2,fixation
11:38:36.7576,834.5,289.8,fixation
11:38:36.7581,834.1,289.6,fixation
11:38:36.7586,833.4,289.8,fixation
11:38:36.7591,833.2,290.2,fixation
11:38:36.7596,833.7,290.8,fixation
11:38:36.7601,834.8,292.2,fixation
11:38:36.7606,836.0,293.3,fixation
11:38:36.7611,836.4,293.4,fixation
11:38:36.7616,836.4,291.9,fixation
11:38:36.7621,836.3,289.9,fixation
11:38:36.7626,836.3,288.4,fixation
11:38:36.7631,837.7,289.1,fixation
11:38:36.7636,839.1,291.4,fixation
11:38:36.7641,838.8,293.6,fixation
11:38:36.7646,837.0,292.9,fixation
11:38:36.7651,835.4,291.1,fixation
11:38:36.7656,835.2,289.4,fixation
11:38:36.7661,835.0,289.5,fixation
11:38:36.7666,834.7,290.4,fixation
11:38:36.7671,834.5,293.2,fixation
11:38:36.7676,834.2,296.0,fixation
11:38:36.7681,835.1,295.3,fixation
11:38:36.7686,836.2,292.7,fixation
11:38:36.7691,837.3,289.9,fixation
11:38:36.7696,837.4,289.7,fixation
11:38:36.7701,836.4,289.9,fixation
11:38:36.7706,835.4,290.5,fixation
11:38:36.7711,834.6,291.1,fixation
11:38:36.7716,835.0,291.9,fixation
11:38:36.7721,835.8,292.6,fixation
11:38:36.7726,836.6,293.4,fixation
11:38:36.7731,837.2,293.5,fixation
11:38:36.7736,837.6,293.5,fixation
11:38:36.7741,837.9,293.2,fixation
11:38:36.7746,838.3,292.9,fixation
11:38:36.7751,838.5,292.1,fixation
11:38:36.7756,838.6,291.4,fixation
11:38:36.7761,838.6,290.7,fixation
11:38:36.7766,837.9,290.7,fixation
11:38:36.7771,837.4,291.0,fixation
11:38:36.7776,837.1,291.6,fixation
11:38:36.7781,837.4,292.9,fixation
11:38:36.7786,837.4,294.0,fixation
11:38:36.7791,837.1,294.8,fixation
11:38:36.7796,836.1,294.7,fixation
11:38:36.7801,835.2,294.7,fixation
11:38:36.7806,834.9,294.6,fixation
11:38:36.7811,835.8,294.5,fixation
11:38:36.7816,836.8,292.8,fixation
11:38:36.7821,836.4,291.2,fixation
11:38:36.7826,835.4,291.2,fixation
11:38:36.7831,834.5,292.8,fixation
11:38:36.7836,834.7,292.5,fixation
11:38:36.7841,835.1,290.7,fixation
11:38:36.7846,835.3,289.3,fixation
11:38:36.7851,835.4,290.1,fixation
11:38:36.7856,836.4,290.7,fixation
11:38:36.7861,837.4,290.7,fixation
11:38:36.7866,838.1,290.1,fixation
11:38:36.7871,837.7,289.6,fixation
11:38:36.7876,837.4,289.5,fixation
11:38:36.7881,837.1,289.7,fixation
11:38:36.7886,837.0,290.1,fixation
11:38:36.7891,837.1,290.5,fixation
11:38:36.7896,838.1,290.9,fixation
11:38:36.7901,839.1,291.2,fixation
11:38:36.7906,838.8,291.4,fixation
11:38:36.7911,837.7,291.5,fixation
11:38:36.7916,836.2,291.6,fixation
11:38:36.7921,835.9,291.9,fixation
11:38:36.7926,835.7,292.0,fixation
11:38:36.7931,835.7,292.2,fixation
11:38:36.7936,835.5,292.1,fixation
11:38:36.7941,835.4,290.6,fixation
11:38:36.7946,837.4,289.2,fixation
11:38:36.7951,839.6,287.6,fixation
11:38:36.7956,841.2,287.4,fixation
11:38:36.7961,840.0,287.4,fixation
11:38:36.7966,839.1,287.6,fixation
11:38:36.7971,838.7,288.0,fixation
11:38:36.7976,838.5,288.0,fixation
11:38:36.7981,838.1,287.9,fixation
11:38:36.7986,837.8,289.3,fixation
11:38:36.7991,838.1,290.8,fixation
11:38:36.7996,838.7,289.5,fixation
11:38:36.8001,838.6,286.6,fixation
11:38:36.8006,838.3,283.8,fixation
11:38:36.8011,838.7,284.2,fixation
11:38:36.8016,839.6,285.0,fixation
11:38:36.8021,840.5,285.7,fixation
11:38:36.8026,840.4,286.2,fixation
11:38:36.8031,840.3,287.3,fixation
11:38:36.8036,840.0,288.3,fixation
11:38:36.8041,839.7,289.9,fixation
11:38:36.8046,839.9,291.1,fixation
11:38:36.8051,839.8,292.4,fixation
11:38:36.8056,839.8,292.5,fixation
11:38:36.8061,839.1,289.9,fixation
11:38:36.8066,838.8,287.2,fixation
11:38:36.8071,838.5,286.4,fixation
11:38:36.8076,838.6,287.6,fixation
11:38:36.8081,838.8,289.0,fixation
11:38:36.8086,839.9,289.2,fixation
11:38:36.8091,841.0,289.5,fixation
11:38:36.8096,842.0,289.6,fixation
11:38:36.8101,841.0,289.6,fixation
11:38:36.8106,840.0,289.8,fixation
11:38:36.8111,839.3,290.9,fixation
11:38:36.8116,839.7,292.1,fixation
11:38:36.8121,839.6,293.1,fixation
11:38:36.8126,839.5,292.0,fixation
11:38:36.8131,839.1,290.6,fixation
11:38:36.8136,839.2,289.2,fixation
11:38:36.8141,839.2,289.3,fixation
11:38:36.8146,840.2,289.5,fixation
11:38:36.8151,840.9,290.2,fixation
11:38:36.8156,841.6,290.7,fixation
11:38:36.8161,841.2,291.3,fixation
11:38:36.8166,841.7,291.8,fixation
11:38:36.8171,842.4,292.4,fixation
11:38:36.8176,843.1,292.0,fixation
11:38:36.8181,843.3,290.8,fixation
11:38:36.8186,843.1,289.7,fixation
11:38:36.8191,842.8,290.1,fixation
11:38:36.8196,842.7,291.1,fixation
11:38:36.8201,842.7,292.1,fixation
11:38:36.8206,841.6,292.2,fixation
11:38:36.8211,840.5,290.9,fixation
11:38:36.8216,839.4,289.6,fixation
11:38:36.8221,841.1,288.1,fixation
11:38:36.8226,842.7,287.6,fixation
11:38:36.8231,843.2,287.6,fixation
11:38:36.8236,842.1,288.2,fixation
11:38:36.8241,841.3,290.0,fixation
11:38:36.8246,841.5,291.4,fixation
11:38:36.8251,842.0,292.3,fixation
11:38:36.8256,842.4,292.4,fixation
11:38:36.8261,842.4,292.2,fixation
11:38:36.8266,841.9,291.9,fixation
11:38:36.8271,841.5,291.7,fixation
11:38:36.8276,842.3,291.8,fixation
11:38:36.8281,843.0,291.2,fixation
11:38:36.8286,844.0,290.6,fixation
11:38:36.8291,844.2,290.0,fixation
11:38:36.8296,843.8,290.1,fixation
11:38:36.8301,843.2,290.3,fixation
11:38:36.8306,842.5,290.5,fixation
11:38:36.8311,842.5,290.4,fixation
11:38:36.8316,842.5,290.1,fixation
11:38:36.8321,841.8,290.9,fixation
11:38:36.8326,841.0,292.0,fixation
11:38:36.8331,840.4,291.3,fixation
11:38:36.8336,840.6,289.5,fixation
11:38:36.8341,841.1,289.3,fixation
11:38:36.8346,841.6,291.2,fixation
11:38:36.8351,842.1,293.2,fixation
11:38:36.8356,842.4,292.7,fixation
11:38:36.8361,842.9,291.9,fixation
11:38:36.8366,843.4,291.0,fixation
11:38:36.8371,844.2,290.2,fixation
11:38:36.8376,844.5,289.4,fixation
11:38:36.8381,844.1,290.0,fixation
11:38:36.8386,843.4,291.2,fixation
11:38:36.8391,842.9,291.0,fixation
11:38:36.8396,843.1,289.6,fixation
11:38:36.8401,843.3,289.1,fixation
11:38:36.8406,843.3,290.0,fixation
11:38:36.8411,843.4,290.8,fixation
11:38:36.8416,844.8,290.9,fixation
11:38:36.8421,846.0,291.3,fixation
11:38:36.8426,847.2,291.9,fixation
11:38:36.8431,847.2,292.6,fixation
11:38:36.8436,847.6,291.2,fixation
11:38:36.8441,847.9,289.4,fixation
11:38:36.8446,847.3,287.6,fixation
11:38:36.8451,845.0,287.4,fixation
11:38:36.8456,842.7,287.3,fixation
11:38:36.8461,841.1,287.2,fixation
11:38:36.8466,840.7,287.0,fixation
11:38:36.8471,840.4,286.6,fixation
11:38:36.8476,840.4,286.1,fixation
11:38:36.8481,840.5,285.0,fixation
11:38:36.8486,840.6,284.0,fixation
11:38:36.8491,840.7,283.1,fixation
11:38:36.8496,839.6,282.9,fixation
11:38:36.8501,838.2,284.6,fixation
11:38:36.8506,838.5,286.4,fixation
11:38:36.8511,840.1,288.2,fixation
11:38:36.8516,841.1,288.1,fixation
11:38:36.8521,840.5,287.8,fixation
11:38:36.8526,839.9,287.4,fixation
11:38:36.8531,840.0,287.5,fixation
11:38:36.8536,840.0,287.8,fixation
11:38:36.8541,840.2,288.3,fixation
11:38:36.8546,840.4,288.3,fixation
11:38:36.8551,840.8,288.5,fixation
11:38:36.8556,841.0,288.6,fixation
11:38:36.8561,839.0,288.4,fixation
11:38:36.8566,836.9,288.1,fixation
11:38:36.8571,835.1,287.8,fixation
11:38:36.8576,835.6,287.0,fixation
11:38:36.8581,836.2,286.3,fixation
11:38:36.8586,836.6,285.7,fixation
11:38:36.8591,837.2,285.9,fixation
11:38:36.8596,837.8,286.0,fixation
11:38:36.8601,838.1,286.3,fixation
11:38:36.8606,837.6,286.9,fixation
11:38:36.8611,836.8,287.0,fixation
11:38:36.8616,836.2,286.8,fixation
11:38:36.8621,836.0,286.4,fixation
11:38:36.8626,836.9,286.8,fixation
11:38:36.8631,837.7,287.7,fixation
11:38:36.8636,838.2,288.6,fixation
11:38:36.8641,837.9,289.1,fixation
11:38:36.8646,838.3,288.8,fixation
11:38:36.8651,838.9,288.3,fixation
11:38:36.8656,839.7,287.8,fixation
11:38:36.8661,839.9,287.0,fixation
11:38:36.8666,840.1,286.7,fixation
11:38:36.8671,840.4,286.7,fixation
11:38:36.8676,840.7,287.0,fixation
11:38:36.8681,840.2,287.0,fixation
11:38:36.8686,839.5,286.9,fixation
11:38:36.8691,838.6,287.0,fixation
11:38:36.8696,838.6,287.2,fixation
11:38:36.8701,838.2,286.3,fixation
11:38:36.8706,837.9,285.4,fixation
11:38:36.8711,838.4,284.4,fixation
11:38:36.8716,839.3,284.4,fixation
11:38:36.8721,840.5,284.5,fixation
11:38:36.8726,840.6,284.7,fixation
11:38:36.8731,840.8,285.1,fixation
11:38:36.8736,841.5,286.9,fixation
11:38:36.8741,842.4,288.8,fixation
11:38:36.8746,843.3,290.8,fixation
11:38:36.8751,843.2,292.5,fixation
11:38:36.8756,842.8,293.5,fixation
11:38:36.8761,842.5,293.6,fixation
11:38:36.8766,842.2,293.0,fixation
11:38:36.8771,840.9,292.9,fixation
11:38:36.8776,839.7,292.8,fixation
11:38:36.8781,838.6,292.2,fixation
11:38:36.8786,838.8,291.4,fixation
11:38:36.8791,839.6,291.1,fixation
11:38:36.8796,840.3,290.7,fixation
11:38:36.8801,841.5,291.3,fixation
11:38:36.8806,842.2,292.3,fixation
11:38:36.8811,842.6,293.3,fixation
11:38:36.8816,842.3,295.7,fixation
11:38:36.8821,842.5,298.0,fixation
11:38:36.8826,843.2,299.0,fixation
11:38:36.8831,844.1,297.7,fixation
11:38:36.8836,844.0,296.4,fixation
11:38:36.8841,843.6,296.8,fixation
11:38:36.8846,843.3,297.9,fixation
11:38:36.8851,843.0,299.0,fixation
11:38:36.8856,842.8,298.0,fixation
11:38:36.8861,842.6,296.6,fixation
11:38:36.8866,842.6,295.3,fixation
11:38:36.8871,842.3,295.2,fixation
11:38:36.8876,841.9,295.1,fixation
11:38:36.8881,841.9,294.9,fixation
11:38:36.8886,842.6,294.8,fixation
11:38:36.8891,843.1,294.9,fixation
11:38:36.8896,843.0,295.2,fixation
11:38:36.8901,842.6,295.5,fixation
11:38:36.8906,841.8,295.3,fixation
11:38:36.8911,841.1,294.8,fixation
11:38:36.8916,841.6,294.3,fixation
11:38:36.8921,842.8,294.0,fixation
11:38:36.8926,843.9,293.9,fixation
11:38:36.8931,843.9,294.7,fixation
11:38:36.8936,845.1,295.5,fixation
11:38:36.8941,846.3,295.1,fixation
11:38:36.8946,846.2,294.0,fixation
11:38:36.8951,844.9,293.2,fixation
11:38:36.8956,843.7,293.7,fixation
11:38:36.8961,844.0,291.7,fixation
11:38:36.8966,844.5,289.3,fixation
11:38:36.8971,844.6,288.8,fixation
11:38:36.8976,844.6,290.7,fixation
11:38:36.8981,844.4,292.5,fixation
11:38:36.8986,844.8,292.3,fixation
11:38:36.8991,845.7,291.7,fixation
11:38:36.8996,847.4,290.7,saccade
11:38:36.9001,847.5,290.7,saccade
11:38:36.9006,847.0,290.5,saccade
11:38:36.9011,846.4,291.1,saccade
11:38:36.9016,846.6,292.3,saccade
11:38:36.9021,847.4,293.6,saccade
11:38:36.9026,847.8,294.6,saccade
11:38:36.9031,847.0,294.9,saccade
11:38:36.9036,846.0,294.9,saccade
11:38:36.9041,844.0,294.3,saccade
11:38:36.9046,842.6,292.5,saccade
11:38:36.9051,841.4,290.8,saccade
11:38:36.9056,841.5,289.8,saccade
11:38:36.9061,841.6,290.4,saccade
11:38:36.9066,839.4,290.9,saccade
11:38:36.9071,836.4,290.8,saccade
11:38:36.9076,832.5,289.9,saccade
11:38:36.9081,829.2,288.9,saccade
11:38:36.9086,825.6,288.2,saccade
11:38:36.9091,822.2,287.5,saccade
11:38:36.9096,818.1,286.8,saccade
11:38:36.9101,814.4,285.9,saccade
11:38:36.9106,811.3,285.3,saccade
11:38:36.9111,808.4,284.9,saccade
11:38:36.9116,806.1,285.4,saccade
11:38:36.9121,803.2,286.0,saccade
11:38:36.9126,799.5,286.9,saccade
11:38:36.9131,795.3,287.1,saccade
11:38:36.9136,791.9,286.2,saccade
11:38:36.9141,788.6,285.4,saccade
11:38:36.9146,783.3,284.5,saccade
11:38:36.9151,777.4,283.6,saccade
11:38:36.9156,772.3,282.6,saccade
11:38:36.9161,769.9,281.6,saccade
11:38:36.9166,768.2,281.8,saccade
11:38:36.9171,768.2,281.9,saccade
11:38:36.9176,768.7,282.5,saccade
11:38:36.9181,769.2,283.5,saccade
11:38:36.9186,767.9,284.3,saccade
11:38:36.9191,766.2,285.4,saccade
11:38:36.9196,764.6,285.9,saccade
11:38:36.9201,764.8,286.5,saccade
11:38:36.9206,766.5,287.9,saccade
11:38:36.9211,768.4,290.0,saccade
11:38:36.9216,770.1,292.2,saccade
11:38:36.9221,770.6,294.6,fixation
11:38:36.9226,771.3,295.4,fixation
11:38:36.9231,772.0,295.0,fixation
11:38:36.9236,772.9,293.2,fixation
11:38:36.9241,773.6,291.4,fixation
11:38:36.9246,774.8,289.7,fixation
11:38:36.9251,776.2,289.8,fixation
11:38:36.9256,777.3,289.7,fixation
11:38:36.9261,777.4,289.8,fixation
11:38:36.9266,777.1,289.2,fixation
11:38:36.9271,777.0,288.3,fixation
11:38:36.9276,778.3,287.5,fixation
11:38:36.9281,779.9,286.6,fixation
11:38:36.9286,781.2,286.3,fixation
11:38:36.9291,781.6,286.4,fixation
11:38:36.9296,781.6,287.2,fixation
11:38:36.9301,781.9,287.9,fixation
11:38:36.9306,782.0,289.3,fixation
11:38:36.9311,782.9,290.3,fixation
11:38:36.9316,784.7,291.3,fixation
11:38:36.9321,786.3,292.0,fixation
11:38:36.9326,786.9,292.7,fixation
11:38:36.9331,786.8,293.3,fixation
11:38:36.9336,786.8,293.3,fixation
11:38:36.9341,786.9,293.2,fixation
11:38:36.9346,786.7,293.1,fixation
11:38:36.9351,785.6,292.9,fixation
11:38:36.9356,784.5,292.9,fixation
11:38:36.9361,783.6,293.2,fixation
11:38:36.9366,784.1,293.1,fixation
11:38:36.9371,785.6,293.0,fixation
11:38:36.9376,787.2,292.6,fixation
11:38:36.9381,788.1,292.5,fixation
11:38:36.9386,788.1,292.5,fixation
11:38:36.9391,787.6,292.1,fixation
11:38:36.9396,786.9,291.8,fixation
11:38:36.9401,786.0,291.6,fixation
11:38:36.9406,784.8,291.6,fixation
11:38:36.9411,783.8,291.7,fixation
11:38:36.9416,783.0,292.1,fixation
11:38:36.9421,782.2,292.5,fixation
11:38:36.9426,781.3,291.6,fixation
11:38:36.9431,782.1,290.3,fixation
11:38:36.9436,784.0,289.6,fixation
11:38:36.9441,786.0,290.5,fixation
11:38:36.9446,786.5,291.3,fixation
11:38:36.9451,787.1,289.0,fixation
11:38:36.9456,787.5,286.3,fixation
11:38:36.9461,788.0,283.5,fixation
11:38:36.9466,788.3,285.7,fixation
11:38:36.9471,788.9,288.0,fixation
11:38:36.9476,790.1,289.8,fixation
11:38:36.9481,791.1,289.4,fixation
11:38:36.9486,792.5,291.2,fixation
11:38:36.9491,793.4,293.4,fixation
11:38:36.9496,792.0,295.3,fixation
11:38:36.9501,789.7,294.7,fixation
11:38:36.9506,787.5,293.9,fixation
11:38:36.9511,787.7,292.2,fixation
11:38:36.9516,787.9,290.0,fixation
11:38:36.9521,788.1,288.0,fixation
11:38:36.9526,788.2,286.8,fixation
11:38:36.9531,788.4,286.3,fixation
11:38:36.9536,788.5,286.8,fixation
11:38:36.9541,787.7,287.0,fixation
11:38:36.9546,786.7,287.4,fixation
11:38:36.9551,785.6,287.1,fixation
11:38:36.9556,785.3,290.8,fixation
11:38:36.9561,785.4,294.2,fixation
11:38:36.9566,786.0,296.6,fixation
11:38:36.9571,787.6,295.0,fixation
11:38:36.9576,788.7,292.9,fixation
11:38:36.9581,789.9,291.5,fixation
11:38:36.9586,790.4,292.2,fixation
11:38:36.9591,790.8,293.5,fixation
11:38:36.9596,790.4,293.1,fixation
11:38:36.9601,790.2,291.5,fixation
11:38:36.9606,790.4,289.3,fixation
11:38:36.9611,790.9,288.7,fixation
11:38:36.9616,791.1,287.9,fixation
11:38:36.9621,790.7,287.7,fixation
11:38:36.9626,790.2,288.6,fixation
11:38:36.9631,790.9,289.9,fixation
11:38:36.9636,791.8,291.1,fixation
11:38:36.9641,791.6,290.9,fixation
11:38:36.9646,790.7,290.8,fixation
11:38:36.9651,789.7,290.8,fixation
11:38:36.9656,789.3,290.9,fixation
11:38:36.9661,788.7,291.0,fixation
11:38:36.9666,787.3,291.0,fixation
11:38:36.9671,786.6,290.3,fixation
11:38:36.9676,786.1,289.8,fixation
11:38:36.9681,786.3,289.3,fixation
11:38:36.9686,786.5,288.9,fixation
11:38:36.9691,786.8,287.9,fixation
11:38:36.9696,788.0,287.0,fixation
11:38:36.9701,788.8,288.1,fixation
11:38:36.9706,789.4,289.6,fixation
11:38:36.9711,789.0,290.7,fixation
11:38:36.9716,789.6,289.9,fixation
11:38:36.9721,790.2,289.1,fixation
11:38:36.9726,790.9,288.9,fixation
11:38:36.9731,791.1,289.2,fixation
11:38:36.9736,791.2,290.1,fixation
11:38:36.9741,790.9,290.9,fixation
11:38:36.9746,790.5,290.7,fixation
11:38:36.9751,790.2,289.9,fixation
11:38:36.9756,790.3,289.1,fixation
11:38:36.9761,789.8,289.6,fixation
11:38:36.9766,789.3,290.7,fixation
11:38:36.9771,789.8,291.9,fixation
11:38:36.9776,790.8,292.2,fixation
11:38:36.9781,791.2,291.7,fixation
11:38:36.9786,790.0,291.1,fixation
11:38:36.9791,788.6,290.7,fixation
11:38:36.9796,787.7,290.6,fixation
11:38:36.9801,787.4,291.0,fixation
11:38:36.9806,787.3,291.5,fixation
11:38:36.9811,787.3,291.3,fixation
11:38:36.9816,787.3,290.4,fixation
11:38:36.9821,787.6,289.6,fixation
11:38:36.9826,787.8,289.4,fixation
11:38:36.9831,788.0,289.3,fixation
11:38:36.9836,788.0,289.1,fixation
11:38:36.9841,787.8,291.2,fixation
11:38:36.9846,787.8,293.3,fixation
11:38:36.9851,788.0,295.9,fixation
11:38:36.9856,788.0,296.4,fixation
11:38:36.9861,787.9,295.7,fixation
11:38:36.9866,787.6,294.5,fixation
11:38:36.9871,787.6,293.3,fixation
11:38:36.9876,787.5,293.4,fixation
11:38:36.9881,787.6,293.1,fixation
11:38:36.9886,787.9,292.2,fixation
11:38:36.9891,788.2,290.4,fixation
11:38:36.9896,788.4,289.1,fixation
11:38:36.9901,788.4,289.2,fixation
11:38:36.9906,788.8,290.3,fixation
11:38:36.9911,789.6,291.3,fixation
11:38:36.9916,790.5,291.1,fixation
11:38:36.9921,791.0,291.0,fixation
11:38:36.9926,791.1,291.0,fixation
11:38:36.9931,790.3,290.7,fixation
11:38:36.9936,789.5,290.3,fixation
11:38:36.9941,788.7,290.3,fixation
11:38:36.9946,788.1,291.0,fixation
11:38:36.9951,787.4,291.8,fixation
11:38:36.9956,786.8,290.7,fixation
11:38:36.9961,786.8,289.3,fixation
11:38:36.9966,787.3,287.9,fixation
11:38:36.9971,787.8,287.9,fixation
11:38:36.9976,787.7,287.8,fixation
11:38:36.9981,787.0,288.1,fixation
11:38:36.9986,786.4,288.4,fixation
11:38:36.9991,786.3,288.7,fixation
11:38:36.9996,786.3,288.9,fixation
11:38:37.0001,785.7,289.3,fixation
11:38:37.0006,784.7,289.7,fixation
11:38:37.0011,783.8,289.9,fixation
11:38:37.0016,785.1,290.6,fixation
11:38:37.0021,786.7,291.3,fixation
11:38:37.0026,787.4,291.5,fixation
11:38:37.0031,786.5,290.4,fixation
11:38:37.0036,785.7,289.3,fixation
11:38:37.0041,786.2,289.1,fixation
11:38:37.0046,787.2,289.7,fixation
11:38:37.0051,788.0,289.9,fixation
11:38:37.0056,788.5,289.9,fixation
11:38:37.0061,788.3,291.0,fixation
11:38:37.0066,788.2,292.6,fixation
11:38:37.0071,788.1,294.2,fixation
11:38:37.0076,788.5,292.8,fixation
11:38:37.0081,789.3,291.5,fixation
11:38:37.0086,790.0,290.1,fixation
11:38:37.0091,789.4,288.3,fixation
11:38:37.0096,788.5,286.5,fixation
11:38:37.0101,788.0,285.5,fixation
11:38:37.0106,788.3,287.1,fixation
11:38:37.0111,788.7,288.7,fixation
11:38:37.0116,788.6,290.0,fixation
11:38:37.0121,788.4,291.7,fixation
11:38:37.0126,787.8,293.3,fixation
11:38:37.0131,787.3,294.5,fixation
11:38:37.0136,786.2,294.6,fixation
11:38:37.0141,785.3,294.6,fixation
11:38:37.0146,785.8,294.6,fixation
11:38:37.0151,786.8,294.6,fixation
11:38:37.0156,786.9,294.5,fixation
11:38:37.0161,786.0,294.0,fixation
11:38:37.0166,785.1,293.2,fixation
11:38:37.0171,784.7,291.7,fixation
11:38:37.0176,784.3,290.6,fixation
11:38:37.0181,784.6,289.9,fixation
11:38:37.0186,785.4,290.2,fixation
11:38:37.0191,786.3,290.3,fixation
11:38:37.0196,786.5,290.4,fixation
11:38:37.0201,786.6,291.1,fixation
11:38:37.0206,786.7,292.0,fixation
11:38:37.0211,786.6,292.8,fixation
11:38:37.0216,786.5,291.2,fixation
11:38:37.0221,786.3,289.6,fixation
11:38:37.0226,785.7,287.3,fixation
11:38:37.0231,785.4,286.3,fixation
11:38:37.0236,785.1,285.1,fixation
11:38:37.0241,786.4,284.4,fixation
11:38:37.0246,787.6,285.9,fixation
11:38:37.0251,788.8,287.7,fixation
11:38:37.0256,788.4,290.0,fixation
11:38:37.0261,787.9,290.7,fixation
11:38:37.0266,786.9,291.3,fixation
11:38:37.0271,786.6,289.3,fixation
11:38:37.0276,786.5,287.3,fixation
11:38:37.0281,786.7,285.7,fixation
11:38:37.0286,786.7,286.2,fixation
11:38:37.0291,786.8,287.1,fixation
11:38:37.0296,787.0,287.6,fixation
11:38:37.0301,786.7,287.8,fixation
11:38:37.0306,786.4,287.9,fixation
11:38:37.0311,786.1,287.8,fixation
11:38:37.0316,786.4,287.7,fixation
11:38:37.0321,787.1,287.8,fixation
11:38:37.0326,787.9,288.2,fixation
11:38:37.0331,788.0,288.7,fixation
11:38:37.0336,787.4,289.1,fixation
11:38:37.0341,787.3,289.3,fixation
11:38:37.0346,787.7,289.5,fixation
11:38:37.0351,786.0,289.4,fixation
11:38:37.0356,784.0,289.2,fixation
11:38:37.0361,782.8,289.6,fixation
11:38:37.0366,783.5,290.3,fixation
11:38:37.0371,784.2,291.6,fixation
11:38:37.0376,784.8,292.2,fixation
11:38:37.0381,785.5,291.6,fixation
11:38:37.0386,786.0,290.4,fixation
11:38:37.0391,785.4,289.0,fixation
11:38:37.0396,784.2,288.8,fixation
11:38:37.0401,783.2,289.3,fixation
11:38:37.0406,783.2,290.0,fixation
11:38:37.0411,783.8,290.7,fixation
11:38:37.0416,784.5,290.7,fixation
11:38:37.0421,784.6,290.7,fixation
11:38:37.0426,784.9,290.7,fixation
11:38:37.0431,784.9,291.2,fixation
11:38:37.0436,784.8,292.0,fixation
11:38:37.0441,784.4,292.9,fixation
11:38:37.0446,784.2,294.3,fixation
11:38:37.0451,784.5,295.3,fixation
11:38:37.0456,784.9,296.2,fixation
11:38:37.0461,785.0,295.5,fixation
11:38:37.0466,784.8,293.6,fixation
11:38:37.0471,784.7,291.7,fixation
11:38:37.0476,784.6,290.4,fixation
11:38:37.0481,784.5,290.4,fixation
11:38:37.0486,784.4,291.1,fixation
11:38:37.0491,784.6,291.8,fixation
11:38:37.0496,784.8,292.4,fixation
11:38:37.0501,785.2,292.4,fixation
11:38:37.0506,785.4,292.3,fixation
11:38:37.0511,784.3,291.7,fixation
11:38:37.0516,783.4,290.8,fixation
11:38:37.0521,782.6,289.6,fixation
11:38:37.0526,782.3,289.1,fixation
11:38:37.0531,781.8,288.9,fixation
11:38:37.0536,782.7,289.2,fixation
11:38:37.0541,784.1,290.2,fixation
11:38:37.0546,785.3,291.2,fixation
11:38:37.0551,785.2,288.7,fixation
11:38:37.0556,784.2,285.3,fixation
11:38:37.0561,783.3,282.8,fixation
11:38:37.0566,782.2,284.5,fixation
11:38:37.0571,781.9,286.3,fixation
11:38:37.0576,782.5,286.9,fixation
11:38:37.0581,783.8,286.7,fixation
11:38:37.0586,785.1,286.0,fixation
11:38:37.0591,784.6,285.5,fixation
11:38:37.0596,783.5,284.8,fixation
11:38:37.0601,783.4,284.8,fixation
11:38:37.0606,784.1,284.7,fixation
11:38:37.0611,784.8,285.9,fixation
11:38:37.0616,785.7,287.1,fixation
11:38:37.0621,786.9,288.3,fixation
11:38:37.0626,787.0,288.2,fixation
11:38:37.0631,785.8,287.5,fixation
11:38:37.0636,784.8,286.8,fixation
11:38:37.0641,785.4,286.4,fixation
11:38:37.0646,786.0,286.8,fixation
11:38:37.0651,786.8,287.3,fixation
11:38:37.0656,787.2,287.4,fixation
11:38:37.0661,786.3,285.9,fixation
11:38:37.0666,784.9,285.0,fixation
11:38:37.0671,783.5,284.2,fixation
11:38:37.0676,784.1,285.0,fixation
11:38:37.0681,784.8,285.2,fixation
11:38:37.0686,785.6,285.4,fixation
11:38:37.0691,785.6,284.5,fixation
11:38:37.0696,785.9,283.6,fixation
11:38:37.0701,786.1,282.8,fixation
11:38:37.0706,786.0,283.0,fixation
11:38:37.0711,785.6,283.7,fixation
11:38:37.0716,785.4,284.3,fixation
11:38:37.0721,785.4,284.9,fixation
11:38:37.0726,786.1,285.0,fixation
11:38:37.0731,786.7,285.1,fixation
11:38:37.0736,786.9,285.1,fixation
11:38:37.0741,786.7,285.0,fixation
11:38:37.0746,786.6,284.9,fixation
11:38:37.0751,786.8,285.1,fixation
11:38:37.0756,787.0,285.2,fixation
11:38:37.0761,787.5,285.0,fixation
11:38:37.0766,787.8,284.9,fixation
11:38:37.0771,788.1,285.1,fixation
11:38:37.0776,787.2,285.5,fixation
11:38:37.0781,786.2,285.9,fixation
11:38:37.0786,785.5,286.3,fixation
11:38:37.0791,785.7,287.2,fixation
11:38:37.0796,785.1,287.9,fixation
11:38:37.0801,784.4,287.0,fixation
11:38:37.0806,782.4,286.0,fixation
11:38:37.0811,781.1,285.0,fixation
11:38:37.0816,779.9,284.7,fixation
11:38:37.0821,779.8,284.0,fixation
11:38:37.0826,780.2,285.1,fixation
11:38:37.0831,781.0,286.8,fixation
11:38:37.0836,781.7,288.0,fixation
11:38:37.0841,782.0,286.1,fixation
11:38:37.0846,781.9,284.7,fixation
11:38:37.0851,782.2,283.6,fixation
11:38:37.0856,782.9,284.1,fixation
11:38:37.0861,783.4,283.1,fixation
11:38:37.0866,783.6,282.5,fixation
11:38:37.0871,783.4,282.6,fixation
11:38:37.0876,783.3,283.4,fixation
11:38:37.0881,783.1,283.8,fixation
11:38:37.0886,782.8,283.4,fixation
11:38:37.0891,782.4,284.1,fixation
11:38:37.0896,781.4,284.7,fixation
11:38:37.0901,779.9,285.3,fixation
11:38:37.0906,778.6,284.1,fixation
11:38:37.0911,778.7,283.5,fixation
11:38:37.0916,779.3,284.8,fixation
11:38:37.0921,779.7,287.3,fixation
11:38:37.0926,779.3,290.0,fixation
11:38:37.0931,778.9,290.9,fixation
11:38:37.0936,778.7,289.7,fixation
11:38:37.0941,778.6,288.3,fixation
11:38:37.0946,778.8,286.8,fixation
11:38:37.0951,778.9,286.8,fixation
11:38:37.0956,779.0,287.6,fixation
11:38:37.0961,779.0,289.5,fixation
11:38:37.0966,779.1,291.3,fixation
11:38:37.0971,779.7,291.6,fixation
11:38:37.0976,780.2,290.4,fixation
11:38:37.0981,780.7,289.0,fixation
11:38:37.0986,781.1,288.0,fixation
11:38:37.0991,781.5,285.9,fixation
11:38:37.0996,781.9,284.0,fixation
11:38:37.1001,782.0,282.4,fixation
11:38:37.1006,781.8,282.8,fixation
11:38:37.1011,781.5,283.2,fixation
11:38:37.1016,781.3,283.6,fixation
11:38:37.1021,781.4,285.4,fixation
11:38:37.1026,781.5,287.0,fixation
11:38:37.1031,781.4,288.5,fixation
11:38:37.1036,781.2,287.7,fixation
11:38:37.1041,780.8,286.5,fixation
11:38:37.1046,780.3,285.3,fixation
11:38:37.1051,780.1,284.8,fixation
11:38:37.1056,780.0,285.1,fixation
11:38:37.1061,780.0,285.6,fixation
11:38:37.1066,782.2,286.8,fixation
11:38:37.1071,784.4,287.7,fixation
11:38:37.1076,786.3,286.7,fixation
11:38:37.1081,785.6,284.3,fixation
11:38:37.1086,784.8,281.9,fixation
11:38:37.1091,784.2,283.7,fixation
11:38:37.1096,783.9,286.1,fixation
11:38:37.1101,783.8,287.8,fixation
11:38:37.1106,783.7,287.0,fixation
11:38:37.1111,783.7,285.3,fixation
11:38:37.1116,783.9,284.3,fixation
11:38:37.1121,783.8,285.6,fixation
11:38:37.1126,783.5,287.8,fixation
11:38:37.1131,783.0,290.6,fixation
11:38:37.1136,782.9,291.3,fixation
11:38:37.1141,783.0,290.4,fixation
11:38:37.1146,783.1,288.9,fixation
11:38:37.1151,783.9,286.3,fixation
11:38:37.1156,784.6,285.2,fixation
11:38:37.1161,784.4,284.8,fixation
11:38:37.1166,783.5,285.5,fixation
11:38:37.1171,784.1,286.2,fixation
11:38:37.1176,785.6,285.8,fixation
11:38:37.1181,787.1,285.4,fixation
11:38:37.1186,786.6,284.5,fixation
11:38:37.1191,786.1,283.7,fixation
11:38:37.1196,785.6,282.8,fixation
11:38:37.1201,785.6,283.5,fixation
11:38:37.1206,785.9,286.0,fixation
11:38:37.1211,785.8,288.4,fixation
11:38:37.1216,785.8,289.8,fixation
11:38:37.1221,785.3,289.6,fixation
11:38:37.1226,784.5,289.3,fixation
11:38:37.1231,783.6,289.0,fixation
11:38:37.1236,781.7,288.3,fixation
11:38:37.1241,780.7,287.7,fixation
11:38:37.1246,779.7,287.2,fixation
11:38:37.1251,780.0,287.2,fixation
11:38:37.1256,780.6,287.3,fixation
11:38:37.1261,781.1,287.6,fixation
11:38:37.1266,781.3,287.8,fixation
11:38:37.1271,781.7,288.4,fixation
11:38:37.1276,782.3,288.6,fixation
11:38:37.1281,783.6,287.9,fixation
11:38:37.1286,784.5,287.0,fixation
11:38:37.1291,785.4,286.2,fixation
11:38:37.1296,785.5,286.3,fixation
11:38:37.1301,785.0,288.0,fixation
11:38:37.1306,784.4,289.7,fixation
11:38:37.1311,783.7,291.2,fixation
11:38:37.1316,783.8,291.1,fixation
11:38:37.1321,783.4,291.1,fixation
11:38:37.1326,783.0,289.4,fixation
11:38:37.1331,783.0,287.8,fixation
11:38:37.1336,783.5,286.4,fixation
11:38:37.1341,784.0,287.0,fixation
11:38:37.1346,784.8,287.6,fixation
11:38:37.1351,785.4,287.5,fixation
11:38:37.1356,786.0,287.0,fixation
11:38:37.1361,785.9,286.5,fixation
11:38:37.1366,785.8,286.5,fixation
11:38:37.1371,785.7,286.5,fixation
11:38:37.1376,785.7,286.8,fixation
11:38:37.1381,784.9,287.0,fixation
11:38:37.1386,784.5,287.2,fixation
11:38:37.1391,784.2,287.2,fixation
11:38:37.1396,784.8,287.6,fixation
11:38:37.1401,784.9,288.0,fixation
11:38:37.1406,784.8,288.0,fixation
11:38:37.1411,784.8,286.9,fixation
11:38:37.1416,784.7,285.8,fixation
11:38:37.1421,784.7,285.5,fixation
11:38:37.1426,784.7,286.1,fixation
11:38:37.1431,784.6,287.4,fixation
11:38:37.1436,783.0,288.4,fixation
11:38:37.1441,781.5,287.8,fixation
11:38:37.1446,780.7,286.3,fixation
11:38:37.1451,781.4,284.9,fixation
11:38:37.1456,782.9,285.7,fixation
11:38:37.1461,784.2,286.9,fixation
11:38:37.1466,785.7,288.0,fixation
11:38:37.1471,786.0,288.0,fixation
11:38:37.1476,786.0,288.3,fixation
11:38:37.1481,785.4,288.5,fixation
11:38:37.1486,785.2,287.7,fixation
11:38:37.1491,785.5,286.6,fixation
11:38:37.1496,786.0,286.7,fixation
11:38:37.1501,786.4,287.8,fixation
11:38:37.1506,786.3,288.3,fixation
11:38:37.1511,783.5,287.0,fixation
11:38:37.1516,780.7,285.7,fixation
11:38:37.1521,778.6,285.1,fixation
11:38:37.1526,779.3,285.4,fixation
11:38:37.1531,780.4,286.3,fixation
11:38:37.1536,781.0,287.1,fixation
11:38:37.1541,781.9,285.3,fixation
11:38:37.1546,782.5,282.9,fixation
11:38:37.1551,783.0,280.4,fixation
11:38:37.1556,783.0,280.5,fixation
11:38:37.1561,782.7,280.4,fixation
11:38:37.1566,782.4,279.8,fixation
11:38:37.1571,781.5,279.2,fixation
11:38:37.1576,780.5,281.0,fixation
11:38:37.1581,780.5,283.4,fixation
11:38:37.1586,781.1,285.3,fixation
11:38:37.1591,782.1,284.9,fixation
11:38:37.1596,782.3,284.6,fixation
11:38:37.1601,782.4,285.1,fixation
11:38:37.1606,782.9,285.5,fixation
11:38:37.1611,783.5,285.8,fixation
11:38:37.1616,783.8,284.8,fixation
11:38:37.1621,782.3,283.1,fixation
11:38:37.1626,780.8,281.7,fixation
11:38:37.1631,779.9,281.4,fixation
11:38:37.1636,780.6,283.1,fixation
11:38:37.1641,781.2,284.6,fixation
11:38:37.1646,781.6,285.9,fixation
11:38:37.1651,781.6,285.9,fixation
11:38:37.1656,780.8,285.6,fixation
11:38:37.1661,779.9,285.1,fixation
11:38:37.1666,779.1,283.8,fixation
11:38:37.1671,779.9,282.7,fixation
11:38:37.1676,780.8,281.2,fixation
11:38:37.1681,781.6,280.7,fixation
11:38:37.1686,781.7,280.6,fixation
11:38:37.1691,780.9,281.4,fixation
11:38:37.1696,780.0,283.0,fixation
11:38:37.1701,779.2,284.2,fixation
11:38:37.1706,778.9,284.9,fixation
11:38:37.1711,778.7,284.3,fixation
11:38:37.1716,779.0,283.7,fixation
11:38:37.1721,780.0,284.3,fixation
11:38:37.1726,780.8,285.3,fixation
11:38:37.1731,781.0,286.3,fixation
11:38:37.1736,780.8,286.3,fixation
11:38:37.1741,780.7,286.6,fixation
11:38:37.1746,780.4,287.0,fixation
11:38:37.1751,779.6,287.4,fixation
11:38:37.1756,778.9,287.5,fixation
11:38:37.1761,777.9,287.2,fixation
11:38:37.1766,777.5,286.9,fixation
11:38:37.1771,777.8,286.9,fixation
11:38:37.1776,778.6,287.3,fixation
11:38:37.1781,779.6,287.7,fixation
11:38:37.1786,779.3,288.2,fixation
11:38:37.1791,779.0,288.6,fixation
11:38:37.1796,778.4,288.3,fixation
11:38:37.1801,778.4,287.6,fixation
11:38:37.1806,778.6,286.8,fixation
11:38:37.1811,779.0,286.8,fixation
11:38:37.1816,779.4,286.7,fixation
11:38:37.1821,779.3,286.6,fixation
11:38:37.1826,778.6,286.5,fixation
11:38:37.1831,778.0,286.5,fixation
11:38:37.1836,777.2,286.5,fixation
11:38:37.1841,776.9,286.6,fixation
11:38:37.1846,776.7,286.6,fixation
11:38:37.1851,776.9,285.9,fixation
11:38:37.1856,776.9,283.7,fixation
11:38:37.1861,776.7,281.6,fixation
11:38:37.1866,775.9,280.7,fixation
11:38:37.1871,775.1,281.8,fixation
11:38:37.1876,774.5,284.3,fixation
11:38:37.1881,775.2,286.3,fixation
11:38:37.1886,775.9,287.7,fixation
11:38:37.1891,776.7,286.9,fixation
11:38:37.1896,776.3,286.2,fixation
11:38:37.1901,776.1,285.5,fixation
11:38:37.1906,775.8,286.2,fixation
11:38:37.1911,776.1,287.5,fixation
11:38:37.1916,776.2,288.8,fixation
11:38:37.1921,776.0,288.6,fixation
11:38:37.1926,775.6,287.7,fixation
11:38:37.1931,775.4,287.7,fixation
11:38:37.1936,776.8,288.4,fixation
11:38:37.1941,778.1,289.0,fixation
11:38:37.1946,779.1,289.5,fixation
11:38:37.1951,779.0,290.1,fixation
11:38:37.1956,777.5,288.4,fixation
11:38:37.1961,776.1,286.1,fixation
11:38:37.1966,775.1,284.7,fixation
11:38:37.1971,775.9,285.9,fixation
11:38:37.1976,777.0,287.1,fixation
11:38:37.1981,777.6,287.2,fixation
11:38:37.1986,777.6,287.0,fixation
11:38:37.1991,775.4,284.2,fixation
11:38:37.1996,773.3,282.1,fixation
11:38:37.2001,771.7,280.5,fixation
11:38:37.2006,773.5,282.2,fixation
11:38:37.2011,775.3,283.7,fixation
11:38:37.2016,776.6,284.8,fixation
11:38:37.2021,776.6,284.7,fixation
11:38:37.2026,776.8,284.3,fixation
11:38:37.2031,777.1,284.0,fixation
11:38:37.2036,777.7,284.0,fixation
11:38:37.2041,777.9,284.0,fixation
11:38:37.2046,778.2,284.1,fixation
11:38:37.2051,778.3,281.6,fixation
11:38:37.2056,778.5,278.9,fixation
11:38:37.2061,778.8,276.6,fixation
11:38:37.2066,776.9,279.5,saccade
11:38:37.2071,774.5,281.0,saccade
11:38:37.2076,772.7,281.8,saccade
11:38:37.2081,771.0,280.5,saccade
11:38:37.2086,770.5,279.7,saccade
11:38:37.2091,770.3,279.3,saccade
11:38:37.2096,770.1,278.7,saccade
11:38:37.2101,770.0,278.3,saccade
11:38:37.2106,767.3,278.0,saccade
11:38:37.2111,764.7,277.4,saccade
11:38:37.2116,762.3,277.0,saccade
11:38:37.2121,762.5,276.6,saccade
11:38:37.2126,762.6,276.4,saccade
11:38:37.2131,762.6,276.0,saccade
11:38:37.2136,762.6,275.5,saccade
11:38:37.2141,762.3,275.2,saccade
11:38:37.2146,761.9,274.3,saccade
11:38:37.2151,758.0,273.3,saccade
11:38:37.2156,751.9,272.3,saccade
11:38:37.2161,744.5,271.9,saccade
11:38:37.2166,740.5,272.9,saccade
11:38:37.2171,736.1,273.9,saccade
11:38:37.2176,731.6,273.2,saccade
11:38:37.2181,722.5,270.9,saccade
11:38:37.2186,716.1,268.7,saccade
11:38:37.2191,711.2,268.3,saccade
11:38:37.2196,708.7,268.6,saccade
11:38:37.2201,706.1,270.3,saccade
11:38:37.2206,703.5,272.0,saccade
11:38:37.2211,702.5,272.7,saccade
11:38:37.2216,701.6,272.3,saccade
11:38:37.2221,700.7,271.8,saccade
11:38:37.2226,700.3,271.8,saccade
11:38:37.2231,699.9,272.4,saccade
11:38:37.2236,699.8,273.0,saccade
11:38:37.2241,699.9,273.6,saccade
11:38:37.2246,700.0,273.7,saccade
11:38:37.2251,701.5,273.8,saccade
11:38:37.2256,703.0,275.1,saccade
11:38:37.2261,704.5,279.1,fixation
11:38:37.2266,705.0,279.8,fixation
11:38:37.2271,707.0,280.0,fixation
11:38:37.2276,708.8,280.2,fixation
11:38:37.2281,710.6,280.8,fixation
11:38:37.2286,710.8,281.5,fixation
11:38:37.2291,710.3,282.2,fixation
11:38:37.2296,709.5,281.7,fixation
11:38:37.2301,708.9,280.9,fixation
11:38:37.2306,709.0,280.1,fixation
11:38:37.2311,708.6,279.8,fixation
11:38:37.2316,707.4,279.3,fixation
11:38:37.2321,706.3,278.7,fixation
11:38:37.2326,706.6,278.8,fixation
11:38:37.2331,707.5,279.3,fixation
11:38:37.2336,708.3,279.1,fixation
11:38:37.2341,708.5,277.7,fixation
11:38:37.2346,708.9,276.1,fixation
11:38:37.2351,710.5,275.4,fixation
11:38:37.2356,712.1,275.5,fixation
11:38:37.2361,712.8,274.6,fixation
11:38:37.2366,711.2,273.6,fixation
11:38:37.2371,709.6,272.3,fixation
11:38:37.2376,710.2,272.2,fixation
11:38:37.2381,711.7,272.3,fixation
11:38:37.2386,713.3,273.0,fixation
11:38:37.2391,713.7,273.7,fixation
11:38:37.2396,714.2,274.3,fixation
11:38:37.2401,714.3,274.6,fixation
11:38:37.2406,712.7,274.4,fixation
11:38:37.2411,711.1,274.0,fixation
11:38:37.2416,710.0,273.9,fixation
11:38:37.2421,710.2,274.4,fixation
11:38:37.2426,711.4,274.8,fixation
11:38:37.2431,712.3,275.2,fixation
11:38:37.2436,713.1,275.3,fixation
11:38:37.2441,712.4,274.7,fixation
11:38:37.2446,711.2,273.9,fixation
11:38:37.2451,710.0,273.4,fixation
11:38:37.2456,711.7,274.1,fixation
11:38:37.2461,713.9,275.6,fixation
11:38:37.2466,714.4,276.9,fixation
11:38:37.2471,712.8,276.4,fixation
11:38:37.2476,712.4,275.1,fixation
11:38:37.2481,713.6,275.2,fixation
11:38:37.2486,715.0,276.5,fixation
11:38:37.2491,715.3,278.4,fixation
11:38:37.2496,715.6,279.7,fixation
11:38:37.2501,715.8,280.9,fixation
11:38:37.2506,715.9,280.5,fixation
11:38:37.2511,715.9,279.8,fixation
11:38:37.2516,715.7,279.6,fixation
11:38:37.2521,714.3,280.4,fixation
11:38:37.2526,712.9,280.8,fixation
11:38:37.2531,711.2,280.7,fixation
11:38:37.2536,710.6,279.7,fixation
11:38:37.2541,709.8,278.6,fixation
11:38:37.2546,709.3,277.5,fixation
11:38:37.2551,708.9,277.8,fixation
11:38:37.2556,709.0,278.2,fixation
11:38:37.2561,709.0,278.7,fixation
11:38:37.2566,709.2,278.7,fixation
11:38:37.2571,709.8,277.9,fixation
11:38:37.2576,710.3,277.4,fixation
11:38:37.2581,710.5,276.8,fixation
11:38:37.2586,710.3,277.0,fixation
11:38:37.2591,710.8,276.7,fixation
11:38:37.2596,711.5,276.4,fixation
11:38:37.2601,711.8,275.4,fixation
11:38:37.2606,711.4,274.0,fixation
11:38:37.2611,710.8,272.7,fixation
11:38:37.2616,710.3,272.2,fixation
11:38:37.2621,709.9,272.5,fixation
11:38:37.2626,709.5,276.4,fixation
11:38:37.2631,709.3,280.1,fixation
11:38:37.2636,709.1,282.2,fixation
11:38:37.2641,709.0,280.9,fixation
11:38:37.2646,709.0,279.7,fixation
11:38:37.2651,708.7,280.3,fixation
11:38:37.2656,708.4,281.2,fixation
11:38:37.2661,708.3,281.9,fixation
11:38:37.2666,708.2,282.3,fixation
11:38:37.2671,708.1,282.2,fixation
11:38:37.2676,708.0,282.0,fixation
11:38:37.2681,709.2,281.9,fixation
11:38:37.2686,710.7,282.3,fixation
11:38:37.2691,712.2,283.0,fixation
11:38:37.2696,712.4,283.5,fixation
11:38:37.2701,712.2,282.3,fixation
11:38:37.2706,711.4,281.0,fixation
11:38:37.2711,708.0,279.2,fixation
11:38:37.2716,705.0,278.4,fixation
11:38:37.2721,702.6,277.6,fixation
11:38:37.2726,702.9,277.3,fixation
11:38:37.2731,703.5,277.2,fixation
11:38:37.2736,703.5,276.4,fixation
11:38:37.2741,703.3,275.7,fixation
11:38:37.2746,703.3,276.9,fixation
11:38:37.2751,703.9,278.8,fixation
11:38:37.2756,704.7,279.6,fixation
11:38:37.2761,704.9,278.6,fixation
11:38:37.2766,705.2,277.0,fixation
11:38:37.2771,705.6,274.7,fixation
11:38:37.2776,707.3,272.5,fixation
11:38:37.2781,709.0,270.3,fixation
11:38:37.2786,709.2,269.8,fixation
11:38:37.2791,708.3,271.1,fixation
11:38:37.2796,707.6,273.0,fixation
11:38:37.2801,707.7,275.8,fixation
11:38:37.2806,707.7,276.7,fixation
11:38:37.2811,707.4,277.7,fixation
11:38:37.2816,707.6,277.6,fixation
11:38:37.2821,707.8,277.2,fixation
11:38:37.2826,707.6,276.5,fixation
11:38:37.2831,707.4,274.8,fixation
11:38:37.2836,707.3,272.4,fixation
11:38:37.2841,707.8,270.4,fixation
11:38:37.2846,708.2,272.5,fixation
11:38:37.2851,707.9,275.4,fixation
11:38:37.2856,706.8,278.8,fixation
11:38:37.2861,705.4,279.2,fixation
11:38:37.2866,704.2,279.2,fixation
11:38:37.2871,703.7,278.6,fixation
11:38:37.2876,703.1,278.7,fixation
11:38:37.2881,702.6,279.3,fixation
11:38:37.2886,701.1,279.9,fixation
11:38:37.2891,699.9,279.9,fixation
11:38:37.2896,699.4,277.9,fixation
11:38:37.2901,700.1,275.5,fixation
11:38:37.2906,700.9,273.1,fixation
11:38:37.2911,700.9,273.1,fixation
11:38:37.2916,700.7,274.0,fixation
11:38:37.2921,701.2,275.0,fixation
11:38:37.2926,703.3,275.6,fixation
11:38:37.2931,705.4,275.7,fixation
11:38:37.2936,706.8,275.8,fixation
11:38:37.2941,706.8,275.8,fixation
11:38:37.2946,706.8,275.8,fixation
11:38:37.2951,705.8,276.1,fixation
11:38:37.2956,704.7,276.4,fixation
11:38:37.2961,703.6,275.6,fixation
11:38:37.2966,703.5,274.6,fixation
11:38:37.2971,703.9,273.6,fixation
11:38:37.2976,704.5,273.7,fixation
11:38:37.2981,705.3,273.8,fixation
11:38:37.2986,706.0,275.0,fixation
11:38:37.2991,706.4,276.2,fixation
11:38:37.2996,705.7,276.2,fixation
11:38:37.3001,704.9,274.8,fixation
11:38:37.3006,704.2,273.4,fixation
11:38:37.3011,705.0,275.3,fixation
11:38:37.3016,705.9,277.0,fixation
11:38:37.3021,705.6,278.5,fixation
11:38:37.3026,704.6,278.0,fixation
11:38:37.3031,703.5,278.2,fixation
11:38:37.3036,702.9,278.5,fixation
11:38:37.3041,701.7,277.7,fixation
11:38:37.3046,700.4,276.7,fixation
11:38:37.3051,700.7,275.7,fixation
11:38:37.3056,701.8,275.4,fixation
11:38:37.3061,703.1,275.1,fixation
11:38:37.3066,703.2,275.8,fixation
11:38:37.3071,702.9,276.3,fixation
11:38:37.3076,701.3,276.9,fixation
11:38:37.3081,699.8,276.6,fixation
11:38:37.3086,698.6,276.6,fixation
11:38:37.3091,700.9,276.5,fixation
11:38:37.3096,703.1,276.4,fixation
11:38:37.3101,704.9,276.3,fixation
11:38:37.3106,704.1,277.3,fixation
11:38:37.3111,702.4,278.2,fixation
11:38:37.3116,701.1,279.0,fixation
11:38:37.3121,701.6,278.2,fixation
11:38:37.3126,702.9,277.5,fixation
11:38:37.3131,703.4,276.3,fixation
11:38:37.3136,702.6,276.3,fixation
11:38:37.3141,701.8,276.7,fixation
11:38:37.3146,701.6,277.4,fixation
11:38:37.3151,701.2,277.6,fixation
11:38:37.3156,701.5,277.4,fixation
11:38:37.3161,702.5,277.1,fixation
11:38:37.3166,703.7,277.0,fixation
11:38:37.3171,704.4,277.4,fixation
11:38:37.3176,704.7,278.6,fixation
11:38:37.3181,703.5,279.8,fixation
11:38:37.3186,701.5,280.2,fixation
11:38:37.3191,699.6,280.0,fixation
11:38:37.3196,700.0,279.8,fixation
11:38:37.3201,701.2,279.8,fixation
11:38:37.3206,702.6,279.2,fixation
11:38:37.3211,702.7,278.7,fixation
11:38:37.3216,702.8,278.4,fixation
11:38:37.3221,702.8,278.7,fixation
11:38:37.3226,702.7,279.1,fixation
11:38:37.3231,701.7,277.1,fixation
11:38:37.3236,700.8,274.9,fixation
11:38:37.3241,700.0,274.6,fixation
11:38:37.3246,699.8,277.3,fixation
11:38:37.3251,699.7,280.1,fixation
11:38:37.3256,699.7,280.3,fixation
11:38:37.3261,700.1,279.7,fixation
11:38:37.3266,700.6,278.5,fixation
11:38:37.3271,700.9,277.5,fixation
11:38:37.3276,701.1,276.7,fixation
11:38:37.3281,701.2,276.4,fixation
11:38:37.3286,701.1,277.0,fixation
11:38:37.3291,701.0,277.5,fixation
11:38:37.3296,700.9,278.0,fixation
11:38:37.3301,701.2,277.8,fixation
11:38:37.3306,701.6,277.5,fixation
11:38:37.3311,702.3,274.8,fixation
11:38:37.3316,701.9,272.4,fixation
11:38:37.3321,700.8,270.9,fixation
11:38:37.3326,699.6,271.9,fixation
11:38:37.3331,699.0,272.9,fixation
11:38:37.3336,698.1,273.4,fixation
11:38:37.3341,697.3,273.7,fixation
11:38:37.3346,697.8,274.0,fixation
11:38:37.3351,699.6,275.0,fixation
11:38:37.3356,701.3,275.8,fixation
11:38:37.3361,701.8,276.6,fixation
11:38:37.3366,701.9,277.5,fixation
11:38:37.3371,701.9,278.5,fixation
11:38:37.3376,702.0,278.1,fixation
11:38:37.3381,702.0,276.7,fixation
11:38:37.3386,702.1,274.8,fixation
11:38:37.3391,702.2,274.2,fixation
11:38:37.3396,702.2,273.6,fixation
11:38:37.3401,702.0,273.4,fixation
11:38:37.3406,702.0,273.2,fixation
11:38:37.3411,702.2,273.0,fixation
11:38:37.3416,702.5,273.1,fixation
11:38:37.3421,702.7,273.2,fixation
11:38:37.3426,703.2,273.7,fixation
11:38:37.3431,703.4,274.4,fixation
11:38:37.3436,703.5,275.1,fixation
11:38:37.3441,703.3,274.5,fixation
11:38:37.3446,701.9,273.5,fixation
11:38:37.3451,700.6,273.1,fixation
11:38:37.3456,699.2,273.5,fixation
11:38:37.3461,699.0,272.5,fixation
11:38:37.3466,698.6,270.9,fixation
11:38:37.3471,698.3,270.7,fixation
11:38:37.3476,698.9,272.3,fixation
11:38:37.3481,701.1,273.9,fixation
11:38:37.3486,703.4,274.2,fixation
11:38:37.3491,702.7,274.2,fixation
11:38:37.3496,700.3,272.9,fixation
11:38:37.3501,698.4,271.6,fixation
11:38:37.3506,699.1,270.4,fixation
11:38:37.3511,699.6,270.3,fixation
11:38:37.3516,699.6,270.7,fixation
11:38:37.3521,699.3,271.9,fixation
11:38:37.3526,700.6,273.2,fixation
11:38:37.3531,702.2,274.1,fixation
11:38:37.3536,703.8,274.3,fixation
11:38:37.3541,703.4,274.3,fixation
11:38:37.3546,702.9,274.1,fixation
11:38:37.3551,703.0,273.9,fixation
11:38:37.3556,703.7,273.9,fixation
11:38:37.3561,704.3,274.3,fixation
11:38:37.3566,703.8,274.7,fixation
11:38:37.3571,701.7,274.4,fixation
11:38:37.3576,699.7,273.9,fixation
11:38:37.3581,700.1,274.1,fixation
11:38:37.3586,701.9,275.2,fixation
11:38:37.3591,703.7,276.3,fixation
11:38:37.3596,704.0,276.8,fixation
11:38:37.3601,704.6,273.9,fixation
11:38:37.3606,703.4,271.0,fixation
11:38:37.3611,701.5,270.3,fixation
11:38:37.3616,699.6,272.5,fixation
11:38:37.3621,699.7,275.0,fixation
11:38:37.3626,700.0,275.3,fixation
11:38:37.3631,700.3,275.7,fixation
11:38:37.3636,700.6,275.7,fixation
11:38:37.3641,701.0,275.3,fixation
11:38:37.3646,701.7,273.7,fixation
11:38:37.3651,701.9,272.2,fixation
11:38:37.3656,702.0,272.8,fixation
11:38:37.3661,701.8,274.7,fixation
11:38:37.3666,701.5,276.6,fixation
11:38:37.3671,701.3,275.1,fixation
11:38:37.3676,701.7,272.4,fixation
11:38:37.3681,702.4,269.8,fixation
11:38:37.3686,703.0,269.7,fixation
11:38:37.3691,703.4,273.3,fixation
11:38:37.3696,703.8,276.9,fixation
11:38:37.3701,704.7,280.2,fixation
11:38:37.3706,705.1,281.0,fixation
11:38:37.3711,703.5,279.8,fixation
11:38:37.3716,701.4,277.6,fixation
11:38:37.3721,701.1,275.6,fixation
11:38:37.3726,702.8,275.9,fixation
11:38:37.3731,705.0,276.8,fixation
11:38:37.3736,705.5,278.6,fixation
11:38:37.3741,704.8,279.9,fixation
11:38:37.3746,703.6,279.5,fixation
11:38:37.3751,702.5,278.0,fixation
11:38:37.3756,702.7,276.7,fixation
11:38:37.3761,702.8,276.8,fixation
11:38:37.3766,702.5,277.0,fixation
11:38:37.3771,702.0,277.3,fixation
11:38:37.3776,702.1,277.4,fixation
11:38:37.3781,702.3,277.5,fixation
11:38:37.3786,702.3,277.5,fixation
11:38:37.3791,701.4,277.5,fixation
11:38:37.3796,700.8,277.9,fixation
11:38:37.3801,700.0,278.4,fixation
11:38:37.3806,699.5,279.7,fixation
11:38:37.3811,699.1,280.5,fixation
11:38:37.3816,699.1,282.0,fixation
11:38:37.3821,699.0,282.7,fixation
11:38:37.3826,698.9,281.8,fixation
11:38:37.3831,699.0,278.7,fixation
11:38:37.3836,700.5,275.7,fixation
11:38:37.3841,702.0,274.3,fixation
11:38:37.3846,703.2,277.3,fixation
11:38:37.3851,705.5,280.3,fixation
11:38:37.3856,707.8,283.4,fixation
11:38:37.3861,708.3,282.5,fixation
11:38:37.3866,705.3,281.4,fixation
11:38:37.3871,702.9,279.8,fixation
11:38:37.3876,703.0,279.4,fixation
11:38:37.3881,704.3,279.2,fixation
11:38:37.3886,705.3,278.0,fixation
11:38:37.3891,705.7,276.6,fixation
11:38:37.3896,704.4,274.7,fixation
11:38:37.3901,702.6,274.3,fixation
11:38:37.3906,701.7,276.3,fixation
11:38:37.3911,702.2,278.2,fixation
11:38:37.3916,702.6,280.0,fixation
11:38:37.3921,703.1,279.5,fixation
11:38:37.3926,704.0,278.8,fixation
11:38:37.3931,704.9,277.4,fixation
11:38:37.3936,705.0,275.9,fixation
11:38:37.3941,704.7,277.1,fixation
11:38:37.3946,704.2,278.9,fixation
11:38:37.3951,703.8,280.7,fixation
11:38:37.3956,703.8,281.3,fixation
11:38:37.3961,705.7,282.2,fixation
11:38:37.3966,707.5,282.3,fixation
11:38:37.3971,709.3,280.7,fixation
11:38:37.3976,709.0,278.8,fixation
11:38:37.3981,708.1,277.7,fixation
11:38:37.3986,706.0,278.7,fixation
11:38:37.3991,704.7,280.0,fixation
11:38:37.3996,704.4,279.1,fixation
11:38:37.4001,705.0,276.9,fixation
11:38:37.4006,704.3,274.7,fixation
11:38:37.4011,703.1,275.3,fixation
11:38:37.4016,701.6,276.3,fixation
11:38:37.4021,701.0,277.3,fixation
11:38:37.4026,700.6,276.1,fixation
11:38:37.4031,700.1,274.3,fixation
11:38:37.4036,699.8,272.5,fixation
11:38:37.4041,701.4,275.5,fixation
11:38:37.4046,703.4,278.7,fixation
11:38:37.4051,705.0,281.5,fixation
11:38:37.4056,704.3,279.3,fixation
11:38:37.4061,703.3,277.1,fixation
11:38:37.4066,702.6,275.2,fixation
11:38:37.4071,702.7,275.3,fixation
11:38:37.4076,703.5,275.1,fixation
11:38:37.4081,704.4,274.8,fixation
11:38:37.4086,704.4,274.9,fixation
11:38:37.4091,704.0,275.5,fixation
11:38:37.4096,703.5,276.3,fixation
11:38:37.4101,703.5,276.5,fixation
11:38:37.4106,703.6,276.4,fixation
11:38:37.4111,703.7,276.4,fixation
11:38:37.4116,704.0,276.1,fixation
11:38:37.4121,704.3,275.3,fixation
11:38:37.4126,704.6,274.5,fixation
11:38:37.4131,705.0,274.8,fixation
11:38:37.4136,705.4,275.1,fixation
11:38:37.4141,705.3,275.3,fixation
11:38:37.4146,704.7,275.5,fixation
11:38:37.4151,705.2,276.4,fixation
11:38:37.4156,706.3,277.5,fixation
11:38:37.4161,707.0,279.3,fixation
11:38:37.4166,706.4,280.6,fixation
11:38:37.4171,706.2,281.6,fixation
11:38:37.4176,706.4,281.1,fixation
11:38:37.4181,707.2,280.6,fixation
11:38:37.4186,707.5,280.3,fixation
11:38:37.4191,707.9,279.6,fixation
11:38:37.4196,707.9,277.9,fixation
11:38:37.4201,706.5,276.1,fixation
11:38:37.4206,705.2,275.2,fixation
11:38:37.4211,703.9,275.5,fixation
11:38:37.4216,704.0,276.0,fixation
11:38:37.4221,704.0,276.0,fixation
11:38:37.4226,704.0,275.5,fixation
11:38:37.4231,705.0,275.0,fixation
11:38:37.4236,706.1,275.6,fixation
11:38:37.4241,706.6,276.5,fixation
11:38:37.4246,705.4,277.7,fixation
11:38:37.4251,703.9,278.4,fixation
11:38:37.4256,703.1,279.2,fixation
11:38:37.4261,702.7,279.2,fixation
11:38:37.4266,703.0,279.3,fixation
11:38:37.4271,704.9,279.6,fixation
11:38:37.4276,706.9,277.5,fixation
11:38:37.4281,707.1,274.8,fixation
11:38:37.4286,705.7,272.6,fixation
11:38:37.4291,704.2,273.6,fixation
11:38:37.4296,703.9,274.6,fixation
11:38:37.4301,703.6,275.0,fixation
11:38:37.4306,703.5,274.8,fixation
11:38:37.4311,703.4,274.7,fixation
11:38:37.4316,704.2,276.1,fixation
11:38:37.4321,704.8,277.7,fixation
11:38:37.4326,705.3,279.2,fixation
11:38:37.4331,705.3,279.3,fixation
11:38:37.4336,704.7,279.3,fixation
11:38:37.4341,702.8,279.3,fixation
11:38:37.4346,701.0,279.0,fixation
11:38:37.4351,700.0,278.4,fixation
11:38:37.4356,700.7,278.2,fixation
11:38:37.4361,701.9,278.2,fixation
11:38:37.4366,702.9,278.5,fixation
11:38:37.4371,703.3,278.4,fixation
11:38:37.4376,702.6,278.3,fixation
11:38:37.4381,701.9,278.2,fixation
11:38:37.4386,701.9,278.1,fixation
11:38:37.4391,702.5,277.9,fixation
11:38:37.4396,703.1,277.7,fixation
11:38:37.4401,702.4,277.2,fixation
11:38:37.4406,701.9,276.9,fixation
11:38:37.4411,701.8,276.7,fixation
11:38:37.4416,702.2,277.1,fixation
11:38:37.4421,702.6,278.4,fixation
11:38:37.4426,702.5,279.5,fixation
11:38:37.4431,702.6,279.7,fixation
11:38:37.4436,702.5,278.6,fixation
11:38:37.4441,702.4,277.5,fixation
11:38:37.4446,702.3,276.4,fixation
11:38:37.4451,702.2,275.2,fixation
11:38:37.4456,701.5,273.6,saccade
11:38:37.4461,701.5,273.9,saccade
11:38:37.4466,701.9,275.0,saccade
11:38:37.4471,702.2,277.3,saccade
11:38:37.4476,701.4,279.4,saccade
11:38:37.4481,700.4,281.5,saccade
11:38:37.4486,699.4,282.6,saccade
11:38:37.4491,699.3,283.7,saccade
11:38:37.4496,699.5,282.6,saccade
11:38:37.4501,700.2,281.0,saccade
11:38:37.4506,701.1,279.4,saccade
11:38:37.4511,703.1,279.5,saccade
11:38:37.4516,704.9,279.4,saccade
11:38:37.4521,706.2,279.0,saccade
11:38:37.4526,706.3,278.4,saccade
11:38:37.4531,708.7,278.3,saccade
11:38:37.4536,711.6,278.3,saccade
11:38:37.4541,715.4,278.4,saccade
11:38:37.4546,718.3,279.9,saccade
11:38:37.4551,720.9,281.6,saccade
11:38:37.4556,724.0,283.2,saccade
11:38:37.4561,725.8,283.3,saccade
11:38:37.4566,728.7,284.2,saccade
11:38:37.4571,732.2,284.6,saccade
11:38:37.4576,735.3,285.2,saccade
11:38:37.4581,740.2,285.2,saccade
11:38:37.4586,743.8,285.7,saccade
11:38:37.4591,749.0,284.5,saccade
11:38:37.4596,752.0,282.7,saccade
11:38:37.4601,758.3,280.6,saccade
11:38:37.4606,763.4,279.9,saccade
11:38:37.4611,769.5,280.2,saccade
11:38:37.4616,777.2,281.2,saccade
11:38:37.4621,784.6,282.2,saccade
11:38:37.4626,790.6,282.2,saccade
11:38:37.4631,792.7,281.8,saccade
11:38:37.4636,796.6,280.5,saccade
11:38:37.4641,800.2,279.8,saccade
11:38:37.4646,804.5,279.0,saccade
11:38:37.4651,806.8,278.9,saccade
11:38:37.4656,809.8,279.1,saccade
11:38:37.4661,810.8,279.8,saccade
11:38:37.4666,812.0,280.4,saccade
11:38:37.4671,812.6,280.9,saccade
11:38:37.4676,813.1,281.3,saccade
11:38:37.4681,814.7,282.6,saccade
11:38:37.4686,816.2,283.8,saccade
11:38:37.4691,817.5,285.0,saccade
11:38:37.4696,816.7,284.8,saccade
11:38:37.4701,815.9,284.2,saccade
11:38:37.4706,814.6,283.4,saccade
11:38:37.4711,812.1,282.9,fixation
11:38:37.4716,811.0,283.1,fixation
11:38:37.4721,810.4,283.8,fixation
11:38:37.4726,810.5,284.8,fixation
11:38:37.4731,810.2,285.5,fixation
11:38:37.4736,809.3,285.8,fixation
11:38:37.4741,807.8,286.0,fixation
11:38:37.4746,806.3,286.2,fixation
11:38:37.4751,803.7,285.9,fixation
11:38:37.4756,801.7,285.4,fixation
11:38:37.4761,800.1,286.0,fixation
11:38:37.4766,800.1,287.2,fixation
11:38:37.4771,800.3,286.1,fixation
11:38:37.4776,800.7,283.9,fixation
11:38:37.4781,801.4,281.9,fixation
11:38:37.4786,802.5,282.2,fixation
11:38:37.4791,803.6,281.9,fixation
11:38:37.4796,804.3,281.4,fixation
11:38:37.4801,804.2,282.3,fixation
11:38:37.4806,804.0,283.7,fixation
11:38:37.4811,803.7,282.9,fixation
11:38:37.4816,803.5,280.9,fixation
11:38:37.4821,803.5,279.0,fixation
11:38:37.4826,803.6,279.3,fixation
11:38:37.4831,803.8,280.0,fixation
11:38:37.4836,803.7,280.5,fixation
11:38:37.4841,803.8,280.4,fixation
11:38:37.4846,803.6,279.6,fixation
11:38:37.4851,803.4,278.7,fixation
11:38:37.4856,804.4,278.6,fixation
11:38:37.4861,805.5,278.8,fixation
11:38:37.4866,806.6,279.6,fixation
11:38:37.4871,805.8,280.3,fixation
11:38:37.4876,804.6,281.1,fixation
11:38:37.4881,803.4,281.7,fixation
11:38:37.4886,803.0,281.2,fixation
11:38:37.4891,803.4,280.2,fixation
11:38:37.4896,803.7,279.2,fixation
11:38:37.4901,802.8,279.3,fixation
11:38:37.4906,801.8,279.4,fixation
11:38:37.4911,801.1,279.4,fixation
11:38:37.4916,801.6,279.3,fixation
11:38:37.4921,802.1,278.9,fixation
11:38:37.4926,802.1,279.3,fixation
11:38:37.4931,802.0,280.5,fixation
11:38:37.4936,801.7,281.9,fixation
11:38:37.4941,801.5,280.5,fixation
11:38:37.4946,801.4,278.4,fixation
11:38:37.4951,801.5,277.0,fixation
11:38:37.4956,802.1,278.3,fixation
11:38:37.4961,802.8,279.5,fixation
11:38:37.4966,803.8,279.5,fixation
11:38:37.4971,804.3,278.9,fixation
11:38:37.4976,804.9,278.4,fixation
11:38:37.4981,804.9,278.6,fixation
11:38:37.4986,804.7,279.1,fixation
11:38:37.4991,804.1,281.1,fixation
11:38:37.4996,803.7,282.5,fixation
11:38:37.5001,803.7,283.1,fixation
11:38:37.5006,804.2,282.4,fixation
11:38:37.5011,804.7,282.7,fixation
11:38:37.5016,804.5,283.4,fixation
11:38:37.5021,804.2,283.8,fixation
11:38:37.5026,803.8,283.7,fixation
11:38:37.5031,803.8,283.9,fixation
11:38:37.5036,804.3,284.2,fixation
11:38:37.5041,804.9,283.0,fixation
11:38:37.5046,805.4,281.3,fixation
11:38:37.5051,804.3,279.4,fixation
11:38:37.5056,803.2,279.0,fixation
11:38:37.5061,802.3,278.8,fixation
11:38:37.5066,802.3,278.7,fixation
11:38:37.5071,803.1,279.7,fixation
11:38:37.5076,803.9,280.9,fixation
11:38:37.5081,804.7,282.8,fixation
11:38:37.5086,804.6,283.7,fixation
11:38:37.5091,804.5,284.6,fixation
11:38:37.5096,804.4,283.4,fixation
11:38:37.5101,804.1,282.1,fixation
11:38:37.5106,803.8,281.0,fixation
11:38:37.5111,803.6,281.2,fixation
11:38:37.5116,803.5,281.1,fixation
11:38:37.5121,803.4,280.7,fixation
11:38:37.5126,803.3,280.2,fixation
11:38:37.5131,803.0,280.1,fixation
11:38:37.5136,802.8,280.2,fixation
11:38:37.5141,802.7,280.5,fixation
11:38:37.5146,803.0,280.9,fixation
11:38:37.5151,803.2,281.2,fixation
11:38:37.5156,803.2,281.4,fixation
11:38:37.5161,802.9,281.4,fixation
11:38:37.5166,802.3,281.6,fixation
11:38:37.5171,801.8,281.7,fixation
11:38:37.5176,802.8,281.9,fixation
11:38:37.5181,804.1,282.0,fixation
11:38:37.5186,804.1,281.3,fixation
11:38:37.5191,802.7,280.6,fixation
11:38:37.5196,801.3,280.0,fixation
11:38:37.5201,801.2,280.1,fixation
11:38:37.5206,801.2,280.4,fixation
11:38:37.5211,801.8,280.8,fixation
11:38:37.5216,802.5,281.3,fixation
11:38:37.5221,802.0,281.3,fixation
11:38:37.5226,800.9,281.0,fixation
11:38:37.5231,799.8,281.0,fixation
11:38:37.5236,799.8,281.4,fixation
11:38:37.5241,799.6,282.8,fixation
11:38:37.5246,799.6,284.0,fixation
11:38:37.5251,799.5,284.4,fixation
11:38:37.5256,799.5,283.9,fixation
11:38:37.5261,800.1,283.7,fixation
11:38:37.5266,801.5,284.6,fixation
11:38:37.5271,802.9,285.3,fixation
11:38:37.5276,803.7,285.8,fixation
11:38:37.5281,803.8,286.0,fixation
11:38:37.5286,803.9,286.4,fixation
11:38:37.5291,803.9,286.6,fixation
11:38:37.5296,803.8,286.2,fixation
11:38:37.5301,803.7,285.7,fixation
11:38:37.5306,803.5,285.1,fixation
11:38:37.5311,803.5,284.1,fixation
11:38:37.5316,803.2,283.1,fixation
11:38:37.5321,802.8,282.1,fixation
11:38:37.5326,802.9,282.2,fixation
11:38:37.5331,803.4,282.3,fixation
11:38:37.5336,803.8,283.3,fixation
11:38:37.5341,803.7,284.1,fixation
11:38:37.5346,803.6,284.8,fixation
11:38:37.5351,803.9,283.6,fixation
11:38:37.5356,804.2,282.5,fixation
11:38:37.5361,804.5,281.6,fixation
11:38:37.5366,805.3,283.1,fixation
11:38:37.5371,805.8,284.6,fixation
11:38:37.5376,806.5,284.5,fixation
11:38:37.5381,806.3,283.0,fixation
11:38:37.5386,806.4,281.7,fixation
11:38:37.5391,806.3,282.1,fixation
11:38:37.5396,806.5,282.2,fixation
11:38:37.5401,806.6,282.1,fixation
11:38:37.5406,806.6,281.6,fixation
11:38:37.5411,806.4,281.4,fixation
11:38:37.5416,806.1,280.5,fixation
11:38:37.5421,805.9,279.0,fixation
11:38:37.5426,805.7,277.5,fixation
11:38:37.5431,805.4,278.2,fixation
11:38:37.5436,805.3,279.5,fixation
11:38:37.5441,806.2,283.1,fixation
11:38:37.5446,808.3,284.7,fixation
11:38:37.5451,810.5,286.5,fixation
11:38:37.5456,810.4,286.0,fixation
11:38:37.5461,809.3,286.1,fixation
11:38:37.5466,807.9,286.1,fixation
11:38:37.5471,807.7,286.0,fixation
11:38:37.5476,807.2,285.7,fixation
11:38:37.5481,806.9,285.9,fixation
11:38:37.5486,806.2,286.4,fixation
11:38:37.5491,805.8,287.7,fixation
11:38:37.5496,806.0,288.7,fixation
11:38:37.5501,807.0,288.7,fixation
11:38:37.5506,808.3,287.9,fixation
11:38:37.5511,808.9,287.2,fixation
11:38:37.5516,809.5,287.4,fixation
11:38:37.5521,810.0,287.8,fixation
11:38:37.5526,810.6,287.1,fixation
11:38:37.5531,811.0,286.2,fixation
11:38:37.5536,810.7,285.3,fixation
11:38:37.5541,810.2,285.6,fixation
11:38:37.5546,809.7,285.9,fixation
11:38:37.5551,809.6,286.2,fixation
11:38:37.5556,809.3,286.8,fixation
11:38:37.5561,809.0,287.5,fixation
11:38:37.5566,808.8,288.2,fixation
11:38:37.5571,808.9,288.6,fixation
11:38:37.5576,809.1,287.9,fixation
11:38:37.5581,809.4,287.3,fixation
11:38:37.5586,809.7,286.3,fixation
11:38:37.5591,809.1,285.7,fixation
11:38:37.5596,807.3,285.1,fixation
11:38:37.5601,805.0,284.6,fixation
11:38:37.5606,803.8,284.4,fixation
11:38:37.5611,803.8,285.9,fixation
11:38:37.5616,804.9,288.0,fixation
11:38:37.5621,805.6,290.0,fixation
11:38:37.5626,806.0,289.7,fixation
11:38:37.5631,806.0,289.1,fixation
11:38:37.5636,806.2,287.5,fixation
11:38:37.5641,806.6,286.4,fixation
11:38:37.5646,807.1,285.4,fixation
11:38:37.5651,807.6,285.8,fixation
11:38:37.5656,807.0,286.3,fixation
11:38:37.5661,806.3,286.8,fixation
11:38:37.5666,805.9,287.0,fixation
11:38:37.5671,806.7,285.8,fixation
11:38:37.5676,807.4,284.6,fixation
11:38:37.5681,807.7,284.8,fixation
11:38:37.5686,807.5,286.1,fixation
11:38:37.5691,806.8,287.3,fixation
11:38:37.5696,806.2,287.0,fixation
11:38:37.5701,805.6,287.2,fixation
11:38:37.5706,805.6,288.0,fixation
11:38:37.5711,805.8,288.9,fixation
11:38:37.5716,806.3,287.0,fixation
11:38:37.5721,806.9,284.6,fixation
11:38:37.5726,807.3,285.1,fixation
11:38:37.5731,807.1,287.5,fixation
11:38:37.5736,806.6,289.5,fixation
11:38:37.5741,806.3,286.4,fixation
11:38:37.5746,806.1,284.9,fixation
11:38:37.5751,805.8,283.9,fixation
11:38:37.5756,805.2,285.0,fixation
11:38:37.5761,804.8,284.8,fixation
11:38:37.5766,805.0,284.5,fixation
11:38:37.5771,805.0,285.4,fixation
11:38:37.5776,804.9,286.4,fixation
11:38:37.5781,804.6,287.3,fixation
11:38:37.5786,804.4,287.6,fixation
11:38:37.5791,804.7,288.5,fixation
11:38:37.5796,805.2,289.5,fixation
11:38:37.5801,805.0,288.7,fixation
11:38:37.5806,804.2,287.4,fixation
11:38:37.5811,803.5,286.2,fixation
11:38:37.5816,803.7,286.2,fixation
11:38:37.5821,805.4,286.5,fixation
11:38:37.5826,806.9,287.5,fixation
11:38:37.5831,807.6,288.4,fixation
11:38:37.5836,807.0,288.9,fixation
11:38:37.5841,806.5,288.4,fixation
11:38:37.5846,806.6,287.9,fixation
11:38:37.5851,806.4,287.0,fixation
11:38:37.5856,806.3,286.2,fixation
11:38:37.5861,806.0,287.1,fixation
11:38:37.5866,805.9,288.7,fixation
11:38:37.5871,805.7,286.8,fixation
11:38:37.5876,805.6,283.4,fixation
11:38:37.5881,805.0,282.3,fixation
11:38:37.5886,804.4,284.0,fixation
11:38:37.5891,803.9,285.1,fixation
11:38:37.5896,804.3,283.9,fixation
11:38:37.5901,804.5,283.8,fixation
11:38:37.5906,804.7,285.8,fixation
11:38:37.5911,805.1,287.9,fixation
11:38:37.5916,805.8,289.9,fixation
11:38:37.5921,806.4,290.2,fixation
11:38:37.5926,806.5,288.8,fixation
11:38:37.5931,806.5,287.0,fixation
11:38:37.5936,805.9,285.1,fixation
11:38:37.5941,804.1,284.8,fixation
11:38:37.5946,802.2,284.2,fixation
11:38:37.5951,802.4,284.0,fixation
11:38:37.5956,803.6,285.8,fixation
11:38:37.5961,804.5,287.6,fixation
11:38:37.5966,803.9,289.3,fixation
11:38:37.5971,803.7,288.2,fixation
11:38:37.5976,803.8,287.3,fixation
11:38:37.5981,803.8,286.1,fixation
11:38:37.5986,803.7,285.8,fixation
11:38:37.5991,803.7,285.6,fixation
11:38:37.5996,803.8,284.9,fixation
11:38:37.6001,803.8,284.1,fixation
11:38:37.6006,803.4,283.6,fixation
11:38:37.6011,803.0,284.0,fixation
11:38:37.6016,803.7,284.8,fixation
11:38:37.6021,804.8,286.0,fixation
11:38:37.6026,805.7,286.9,fixation
11:38:37.6031,805.4,287.7,fixation
11:38:37.6036,805.2,287.8,fixation
11:38:37.6041,804.5,287.5,fixation
11:38:37.6046,803.7,286.9,fixation
11:38:37.6051,802.9,286.5,fixation
11:38:37.6056,802.9,286.7,fixation
11:38:37.6061,802.7,286.8,fixation
11:38:37.6066,802.6,286.6,fixation
11:38:37.6071,802.8,285.4,fixation
11:38:37.6076,803.0,284.3,fixation
11:38:37.6081,803.2,283.4,fixation
11:38:37.6086,803.6,283.9,fixation
11:38:37.6091,803.7,284.9,fixation
11:38:37.6096,804.1,285.9,fixation
11:38:37.6101,804.5,286.3,fixation
11:38:37.6106,804.8,286.1,fixation
11:38:37.6111,804.8,286.9,fixation
11:38:37.6116,804.2,287.4,fixation
11:38:37.6121,803.4,287.4,fixation
11:38:37.6126,802.6,286.4,fixation
11:38:37.6131,802.3,286.0,fixation
11:38:37.6136,802.3,286.1,fixation
11:38:37.6141,802.7,286.3,fixation
11:38:37.6146,803.9,286.6,fixation
11:38:37.6151,805.0,286.8,fixation
11:38:37.6156,805.9,287.0,fixation
11:38:37.6161,804.9,287.7,fixation
11:38:37.6166,803.9,288.3,fixation
11:38:37.6171,802.9,288.7,fixation
11:38:37.6176,803.0,288.6,fixation
11:38:37.6181,803.0,288.7,fixation
11:38:37.6186,802.9,288.8,fixation
11:38:37.6191,803.1,286.2,fixation
11:38:37.6196,803.3,283.4,fixation
11:38:37.6201,803.4,281.8,fixation
11:38:37.6206,803.0,283.4,fixation
11:38:37.6211,802.6,285.5,fixation
11:38:37.6216,803.0,286.3,fixation
11:38:37.6221,804.1,286.6,fixation
11:38:37.6226,805.2,287.7,fixation
11:38:37.6231,804.5,288.8,fixation
11:38:37.6236,803.5,289.5,fixation
11:38:37.6241,802.9,288.6,fixation
11:38:37.6246,803.5,287.0,fixation
11:38:37.6251,804.1,285.7,fixation
11:38:37.6256,804.4,284.9,fixation
11:38:37.6261,804.4,284.9,fixation
11:38:37.6266,804.4,284.8,fixation
11:38:37.6271,804.1,284.8,fixation
11:38:37.6276,803.5,285.4,fixation
11:38:37.6281,802.3,286.0,fixation
11:38:37.6286,801.5,286.5,fixation
11:38:37.6291,801.5,288.0,fixation
11:38:37.6296,802.0,289.4,fixation
11:38:37.6301,802.6,289.5,fixation
11:38:37.6306,803.1,288.1,fixation
11:38:37.6311,803.7,287.9,fixation
11:38:37.6316,803.9,288.4,fixation
11:38:37.6321,803.7,288.8,fixation
11:38:37.6326,803.1,288.0,fixation
11:38:37.6331,803.0,287.8,fixation
11:38:37.6336,803.0,287.7,fixation
11:38:37.6341,802.1,287.5,fixation
11:38:37.6346,801.4,285.4,fixation
11:38:37.6351,802.0,283.3,fixation
11:38:37.6356,803.3,282.8,fixation
11:38:37.6361,803.8,284.4,fixation
11:38:37.6366,802.9,286.8,fixation
11:38:37.6371,802.2,287.7,fixation
11:38:37.6376,802.1,288.7,fixation
11:38:37.6381,802.4,288.6,fixation
11:38:37.6386,803.1,288.6,fixation
11:38:37.6391,803.4,289.0,fixation
11:38:37.6396,803.0,289.5,fixation
11:38:37.6401,802.6,288.5,fixation
11:38:37.6406,802.6,287.3,fixation
11:38:37.6411,803.4,286.2,fixation
11:38:37.6416,804.2,286.6,fixation
11:38:37.6421,805.0,286.8,fixation
11:38:37.6426,803.9,287.0,fixation
11:38:37.6431,802.5,287.2,fixation
11:38:37.6436,800.9,288.1,fixation
11:38:37.6441,800.6,288.8,fixation
11:38:37.6446,800.7,288.7,fixation
11:38:37.6451,802.2,286.6,fixation
11:38:37.6456,803.8,284.5,fixation
11:38:37.6461,803.6,286.0,fixation
11:38:37.6466,802.1,288.8,fixation
11:38:37.6471,801.8,291.6,fixation
11:38:37.6476,803.4,290.8,fixation
11:38:37.6481,805.0,289.9,fixation
11:38:37.6486,805.5,289.0,fixation
11:38:37.6491,805.5,289.1,fixation
11:38:37.6496,805.7,288.8,fixation
11:38:37.6501,806.1,288.3,fixation
11:38:37.6506,806.6,287.8,fixation
11:38:37.6511,806.6,287.6,fixation
11:38:37.6516,806.4,287.4,fixation
11:38:37.6521,806.0,287.2,fixation
11:38:37.6526,805.8,287.2,fixation
11:38:37.6531,805.3,288.5,fixation
11:38:37.6536,804.9,289.8,fixation
11:38:37.6541,804.7,291.2,fixation
11:38:37.6546,803.6,291.2,fixation
11:38:37.6551,802.7,290.9,fixation
11:38:37.6556,801.8,290.5,fixation
11:38:37.6561,802.1,289.3,fixation
11:38:37.6566,802.5,287.6,fixation
11:38:37.6571,802.8,285.9,fixation
11:38:37.6576,802.8,285.8,fixation
11:38:37.6581,802.6,286.5,fixation
11:38:37.6586,802.5,286.9,fixation
11:38:37.6591,802.3,286.6,fixation
11:38:37.6596,802.1,286.4,fixation
11:38:37.6601,802.6,286.7,fixation
11:38:37.6606,803.4,287.0,fixation
11:38:37.6611,804.3,287.2,fixation
11:38:37.6616,804.7,285.4,fixation
11:38:37.6621,805.4,283.7,fixation
11:38:37.6626,806.0,282.3,fixation
11:38:37.6631,806.2,282.9,fixation
11:38:37.6636,805.1,283.4,fixation
11:38:37.6641,804.1,284.5,fixation
11:38:37.6646,805.3,285.3,fixation
11:38:37.6651,807.4,286.0,fixation
11:38:37.6656,809.4,286.1,fixation
11:38:37.6661,807.9,286.6,fixation
11:38:37.6666,806.3,287.0,fixation
11:38:37.6671,805.6,287.3,fixation
11:38:37.6676,806.4,287.4,fixation
11:38:37.6681,807.1,287.4,fixation
11:38:37.6686,805.8,288.0,fixation
11:38:37.6691,804.5,288.6,fixation
11:38:37.6696,803.1,288.8,fixation
11:38:37.6701,803.2,288.2,fixation
11:38:37.6706,803.4,287.5,fixation
11:38:37.6711,803.8,286.8,fixation
11:38:37.6716,804.2,286.3,fixation
11:38:37.6721,804.6,285.8,fixation
11:38:37.6726,804.6,285.7,fixation
11:38:37.6731,804.3,286.7,fixation
11:38:37.6736,804.2,287.3,fixation
11:38:37.6741,804.4,287.5,fixation
11:38:37.6746,804.7,286.7,fixation
11:38:37.6751,805.1,286.4,fixation
11:38:37.6756,805.4,287.1,fixation
11:38:37.6761,805.0,288.4,fixation
11:38:37.6766,804.2,289.6,fixation
11:38:37.6771,803.6,290.1,fixation
11:38:37.6776,804.0,288.3,fixation
11:38:37.6781,804.3,286.6,fixation
11:38:37.6786,804.5,285.6,fixation
11:38:37.6791,805.1,286.7,fixation
11:38:37.6796,805.7,287.8,fixation
11:38:37.6801,806.4,288.3,fixation
11:38:37.6806,807.9,290.3,fixation
11:38:37.6811,809.4,292.2,fixation
11:38:37.6816,810.3,293.9,fixation
11:38:37.6821,810.1,293.5,fixation
11:38:37.6826,810.0,292.6,fixation
11:38:37.6831,810.2,291.9,fixation
11:38:37.6836,809.8,292.6,fixation
11:38:37.6841,809.2,293.7,fixation
11:38:37.6846,808.6,294.0,fixation
11:38:37.6851,808.4,293.1,fixation
11:38:37.6856,808.2,294.1,fixation
11:38:37.6861,808.7,296.8,fixation
11:38:37.6866,809.2,299.5,fixation
11:38:37.6871,809.2,297.8,fixation
11:38:37.6876,808.6,295.2,fixation
11:38:37.6881,807.8,295.7,fixation
11:38:37.6886,806.1,298.6,fixation
11:38:37.6891,804.4,301.6,fixation
11:38:37.6896,803.7,301.8,fixation
11:38:37.6901,804.5,302.0,fixation
11:38:37.6906,805.6,302.8,fixation
11:38:37.6911,805.8,304.0,fixation
11:38:37.6916,805.9,304.8,fixation
11:38:37.6921,805.7,304.6,fixation
11:38:37.6926,805.5,304.0,fixation
11:38:37.6931,805.4,303.7,fixation
11:38:37.6936,805.7,303.9,fixation
11:38:37.6941,806.0,304.7,fixation
11:38:37.6946,806.2,306.8,saccade
11:38:37.6951,806.3,307.4,saccade
11:38:37.6956,806.6,308.4,saccade
11:38:37.6961,807.6,309.2,saccade
11:38:37.6966,808.2,309.8,saccade
11:38:37.6971,808.4,310.0,saccade
11:38:37.6976,807.8,310.6,saccade
11:38:37.6981,807.1,311.2,saccade
11:38:37.6986,806.3,311.8,saccade
11:38:37.6991,804.9,312.5,saccade
11:38:37.6996,803.8,313.4,saccade
11:38:37.7001,802.9,314.4,saccade
11:38:37.7006,802.5,314.5,saccade
11:38:37.7011,802.1,315.4,saccade
11:38:37.7016,801.8,317.2,saccade
11:38:37.7021,801.6,319.9,saccade
11:38:37.7026,801.6,322.7,saccade
11:38:37.7031,801.2,331.1,saccade
11:38:37.7036,801.3,343.0,saccade
11:38:37.7041,801.3,355.8,saccade
11:38:37.7046,804.9,374.8,saccade
11:38:37.7051,809.1,404.1,saccade
11:38:37.7056,826.0,472.4,saccade
11:38:37.7061,839.2,542.9,saccade
11:38:37.7066,837.5,614.4,saccade
11:38:37.7071,812.8,703.4,saccade
11:38:37.7076,787.0,788.3,saccade
11:38:37.7081,775.3,858.5,saccade
11:38:37.7086,.,.,blink
11:38:37.7091,.,.,blink
11:38:37.7096,.,.,blink
11:38:37.7101,.,.,blink
11:38:37.7106,.,.,blink
11:38:37.7111,.,.,blink
11:38:37.7116,.,.,blink
11:38:37.7121,.,.,blink
11:38:37.7126,.,.,blink
11:38:37.7131,.,.,blink
11:38:37.7136,.,.,blink
11:38:37.7141,.,.,blink
11:38:37.7146,.,.,blink
11:38:37.7151,.,.,blink
11:38:37.7156,.,.,blink
11:38:37.7161,.,.,blink
11:38:37.7166,.,.,blink
11:38:37.7171,.,.,blink
11:38:37.7176,.,.,blink
11:38:37.7181,.,.,blink
11:38:37.7186,.,.,blink
11:38:37.7191,.,.,blink
11:38:37.7196,.,.,blink
11:38:37.7201,.,.,blink
11:38:37.7206,.,.,blink
11:38:37.7211,.,.,blink
11:38:37.7216,.,.,blink
11:38:37.7221,.,.,blink
11:38:37.7226,.,.,blink
11:38:37.7231,.,.,blink
11:38:37.7236,.,.,blink
11:38:37.7241,.,.,blink
11:38:37.7246,.,.,blink
11:38:37.7251,.,.,blink
11:38:37.7256,.,.,blink
11:38:37.7261,.,.,blink
11:38:37.7266,.,.,blink
11:38:37.7271,.,.,blink
11:38:37.7276,.,.,blink
11:38:37.7281,.,.,blink
11:38:37.7286,.,.,blink
11:38:37.7291,.,.,blink
11:38:37.7296,.,.,blink
11:38:37.7301,.,.,blink
11:38:37.7306,.,.,blink
11:38:37.7311,.,.,blink
11:38:37.7316,.,.,blink
11:38:37.7321,.,.,blink
11:38:37.7326,.,.,blink
11:38:37.7331,.,.,blink
11:38:37.7336,.,.,blink
11:38:37.7341,.,.,blink
11:38:37.7346,.,.,blink
11:38:37.7351,.,.,blink
11:38:37.7356,.,.,blink
11:38:37.7361,.,.,blink
11:38:37.7366,.,.,blink
11:38:37.7371,.,.,blink
11:38:37.7376,.,.,blink
11:38:37.7381,.,.,blink
11:38:37.7386,.,.,blink
11:38:37.7391,.,.,blink
11:38:37.7396,.,.,blink
11:38:37.7401,.,.,blink
11:38:37.7406,.,.,blink
11:38:37.7411,.,.,blink
11:38:37.7416,.,.,blink
11:38:37.7421,.,.,blink
11:38:37.7426,.,.,blink
11:38:37.7431,.,.,blink
11:38:37.7436,.,.,blink
11:38:37.7441,.,.,blink
11:38:37.7446,.,.,blink
11:38:37.7451,.,.,blink
11:38:37.7456,.,.,blink
11:38:37.7461,.,.,blink
11:38:37.7466,.,.,blink
11:38:37.7471,.,.,blink
11:38:37.7476,.,.,blink
11:38:37.7481,.,.,blink
11:38:37.7486,.,.,blink
11:38:37.7491,.,.,blink
11:38:37.7496,.,.,blink
11:38:37.7501,.,.,blink
11:38:37.7506,.,.,blink
11:38:37.7511,.,.,blink
11:38:37.7516,.,.,blink
11:38:37.7521,.,.,blink
11:38:37.7526,.,.,blink
11:38:37.7531,.,.,blink
11:38:37.7536,.,.,blink
11:38:37.7541,.,.,blink
11:38:37.7546,.,.,blink
11:38:37.7551,.,.,blink
11:38:37.7556,.,.,blink
11:38:37.7561,.,.,blink
11:38:37.7566,.,.,blink
11:38:37.7571,.,.,blink
11:38:37.7576,.,.,blink
11:38:37.7581,.,.,blink
11:38:37.7586,.,.,blink
11:38:37.7591,.,.,blink
11:38:37.7596,.,.,blink
11:38:37.7601,.,.,blink
11:38:37.7606,.,.,blink
11:38:37.7611,.,.,blink
11:38:37.7616,.,.,blink
11:38:37.7621,.,.,blink
11:38:37.7626,.,.,blink
11:38:37.7631,.,.,blink
11:38:37.7636,.,.,blink
11:38:37.7641,.,.,blink
11:38:37.7646,.,.,blink
11:38:37.7651,.,.,blink
11:38:37.7656,.,.,blink
11:38:37.7661,.,.,blink
11:38:37.7666,.,.,blink
11:38:37.7671,.,.,blink
11:38:37.7676,.,.,blink
11:38:37.7681,.,.,blink
11:38:37.7686,.,.,blink
11:38:37.7691,.,.,blink
11:38:37.7696,.,.,blink
11:38:37.7701,.,.,blink
11:38:37.7706,.,.,blink
11:38:37.7711,.,.,blink
11:38:37.7716,.,.,blink
11:38:37.7721,.,.,blink
11:38:37.7726,.,.,blink
11:38:37.7731,.,.,blink
11:38:37.7736,.,.,blink
11:38:37.7741,.,.,blink
11:38:37.7746,.,.,blink
11:38:37.7751,.,.,blink
11:38:37.7756,.,.,blink
11:38:37.7761,.,.,blink
11:38:37.7766,.,.,blink
11:38:37.7771,.,.,blink
11:38:37.7776,.,.,blink
11:38:37.7781,.,.,blink
11:38:37.7786,.,.,blink
11:38:37.7791,.,.,blink
11:38:37.7796,.,.,blink
11:38:37.7801,.,.,blink
11:38:37.7806,.,.,blink
11:38:37.7811,.,.,blink
11:38:37.7816,.,.,blink
11:38:37.7821,.,.,blink
11:38:37.7826,.,.,blink
11:38:37.7831,.,.,blink
11:38:37.7836,.,.,blink
11:38:37.7841,.,.,blink
11:38:37.7846,.,.,blink
11:38:37.7851,.,.,blink
11:38:37.7856,.,.,blink
11:38:37.7861,.,.,blink
11:38:37.7866,.,.,blink
11:38:37.7871,.,.,blink
11:38:37.7876,.,.,blink
11:38:37.7881,.,.,blink
11:38:37.7886,.,.,blink
11:38:37.7891,.,.,blink
11:38:37.7896,.,.,blink
11:38:37.7901,.,.,blink
11:38:37.7906,.,.,blink
11:38:37.7911,.,.,blink
11:38:37.7916,.,.,blink
11:38:37.7921,.,.,blink
11:38:37.7926,.,.,blink
11:38:37.7931,.,.,blink
11:38:37.7936,.,.,blink
11:38:37.7941,.,.,blink
11:38:37.7946,.,.,blink
11:38:37.7951,.,.,blink
11:38:37.7956,.,.,blink
11:38:37.7961,.,.,blink
11:38:37.7966,.,.,blink
11:38:37.7971,.,.,blink
11:38:37.7976,.,.,blink
11:38:37.7981,.,.,blink
11:38:37.7986,.,.,blink
11:38:37.7991,.,.,blink
11:38:37.7996,.,.,blink
11:38:37.8001,.,.,blink
11:38:37.8006,.,.,blink
11:38:37.8011,.,.,blink
11:38:37.8016,.,.,blink
11:38:37.8021,.,.,blink
11:38:37.8026,.,.,blink
11:38:37.8031,.,.,blink
11:38:37.8036,.,.,blink
11:38:37.8041,.,.,blink
11:38:37.8046,.,.,blink
11:38:37.8051,.,.,blink
11:38:37.8056,.,.,blink
11:38:37.8061,.,.,blink
11:38:37.8066,.,.,blink
11:38:37.8071,.,.,blink
11:38:37.8076,.,.,blink
11:38:37.8081,.,.,blink
11:38:37.8086,.,.,blink
11:38:37.8091,.,.,blink
11:38:37.8096,.,.,blink
11:38:37.8101,.,.,blink
11:38:37.8106,.,.,blink
11:38:37.8111,749.1,262.5,fixation
11:38:37.8116,751.2,262.9,fixation
11:38:37.8121,752.7,262.9,fixation
11:38:37.8126,752.1,261.9,fixation
11:38:37.8131,751.6,261.0,fixation
11:38:37.8136,750.7,260.1,fixation
11:38:37.8141,749.8,259.1,fixation
11:38:37.8146,749.1,260.9,fixation
11:38:37.8151,750.3,263.3,fixation
11:38:37.8156,751.8,265.7,fixation
11:38:37.8161,753.1,265.8,fixation
11:38:37.8166,753.5,265.5,fixation
11:38:37.8171,753.5,265.0,fixation
11:38:37.8176,753.4,264.5,fixation
11:38:37.8181,753.2,264.2,fixation
11:38:37.8186,753.4,262.2,fixation
11:38:37.8191,753.5,260.2,fixation
11:38:37.8196,753.8,258.1,fixation
11:38:37.8201,754.1,258.0,fixation
11:38:37.8206,754.3,259.0,fixation
11:38:37.8211,753.9,261.0,fixation
11:38:37.8216,753.3,262.9,fixation
11:38:37.8221,752.0,263.6,fixation
11:38:37.8226,751.3,263.4,fixation
11:38:37.8231,750.1,263.4,fixation
11:38:37.8236,749.7,263.7,fixation
11:38:37.8241,749.4,263.0,fixation
11:38:37.8246,750.5,262.2,fixation
11:38:37.8251,751.5,263.3,fixation
11:38:37.8256,753.1,265.3,fixation
11:38:37.8261,753.8,267.1,fixation
11:38:37.8266,755.0,267.1,fixation
11:38:37.8271,755.0,268.5,fixation
11:38:37.8276,755.0,270.0,fixation
11:38:37.8281,753.8,270.7,fixation
11:38:37.8286,752.8,269.9,fixation
11:38:37.8291,752.8,269.1,fixation
11:38:37.8296,753.6,269.1,fixation
11:38:37.8301,753.4,268.5,fixation
11:38:37.8306,751.3,267.8,fixation
11:38:37.8311,749.2,268.0,fixation
11:38:37.8316,747.6,268.5,fixation
11:38:37.8321,747.0,268.8,fixation
11:38:37.8326,749.1,268.5,fixation
11:38:37.8331,751.6,269.6,fixation
11:38:37.8336,754.2,270.9,fixation
11:38:37.8341,754.6,272.2,fixation
11:38:37.8346,755.2,271.9,fixation
11:38:37.8351,755.7,271.5,fixation
11:38:37.8356,755.6,271.1,fixation
11:38:37.8361,754.7,271.0,fixation
11:38:37.8366,753.9,271.3,fixation
11:38:37.8371,753.1,272.0,fixation
11:38:37.8376,753.2,272.6,fixation
11:38:37.8381,753.2,272.9,fixation
11:38:37.8386,753.6,272.6,fixation
11:38:37.8391,753.9,272.3,fixation
11:38:37.8396,753.6,272.0,fixation
11:38:37.8401,753.2,272.0,fixation
11:38:37.8406,752.7,273.3,fixation
11:38:37.8411,752.8,274.6,fixation
11:38:37.8416,752.6,275.0,fixation
11:38:37.8421,753.1,274.1,fixation
11:38:37.8426,753.7,272.9,fixation
11:38:37.8431,753.0,272.6,fixation
11:38:37.8436,751.9,272.2,fixation
11:38:37.8441,751.0,272.2,fixation
11:38:37.8446,751.1,272.3,fixation
11:38:37.8451,751.1,272.3,fixation
11:38:37.8456,750.9,272.2,fixation
11:38:37.8461,750.9,272.1,fixation
11:38:37.8466,751.1,271.6,fixation
11:38:37.8471,751.1,271.1,fixation
11:38:37.8476,751.0,271.9,fixation
11:38:37.8481,751.2,273.4,fixation
11:38:37.8486,752.2,274.8,fixation
11:38:37.8491,753.1,274.9,fixation
11:38:37.8496,752.5,274.9,fixation
11:38:37.8501,750.9,274.1,fixation
11:38:37.8506,749.4,273.3,fixation
11:38:37.8511,749.1,272.6,fixation
11:38:37.8516,749.1,272.6,fixation
11:38:37.8521,749.5,272.5,fixation
11:38:37.8526,749.9,272.5,fixation
11:38:37.8531,750.2,272.6,fixation
11:38:37.8536,750.1,273.0,fixation
11:38:37.8541,750.4,273.3,fixation
11:38:37.8546,750.8,273.7,fixation
11:38:37.8551,751.3,274.0,fixation
11:38:37.8556,750.0,273.8,fixation
11:38:37.8561,748.6,272.4,fixation
11:38:37.8566,747.3,271.1,fixation
11:38:37.8571,747.3,270.2,fixation
11:38:37.8576,747.3,270.3,fixation
11:38:37.8581,748.7,271.0,fixation
11:38:37.8586,750.1,271.7,fixation
11:38:37.8591,751.6,271.9,fixation
11:38:37.8596,751.6,270.9,fixation
11:38:37.8601,750.8,269.8,fixation
11:38:37.8606,749.9,270.2,fixation
11:38:37.8611,749.0,271.2,fixation
11:38:37.8616,749.5,271.2,fixation
11:38:37.8621,750.6,270.3,fixation
11:38:37.8626,751.7,269.4,fixation
11:38:37.8631,751.7,269.5,fixation
11:38:37.8636,751.2,269.6,fixation
11:38:37.8641,750.7,269.6,fixation
11:38:37.8646,750.3,270.7,fixation
11:38:37.8651,749.9,271.8,fixation
11:38:37.8656,749.6,271.8,fixation
11:38:37.8661,749.6,271.1,fixation
11:38:37.8666,749.6,270.3,fixation
11:38:37.8671,749.6,270.4,fixation
11:38:37.8676,749.6,270.1,fixation
11:38:37.8681,749.2,269.9,fixation
11:38:37.8686,748.5,269.7,fixation
11:38:37.8691,747.9,269.3,fixation
11:38:37.8696,747.6,267.4,fixation
11:38:37.8701,747.6,265.5,fixation
11:38:37.8706,747.0,263.9,fixation
11:38:37.8711,746.3,264.1,fixation
11:38:37.8716,746.1,264.3,fixation
11:38:37.8721,747.1,264.6,fixation
11:38:37.8726,748.5,266.2,fixation
11:38:37.8731,749.7,267.7,fixation
11:38:37.8736,751.1,269.1,fixation
11:38:37.8741,752.1,269.3,fixation
11:38:37.8746,751.9,269.4,fixation
11:38:37.8751,750.8,269.1,fixation
11:38:37.8756,750.0,267.9,fixation
11:38:37.8761,750.2,266.0,fixation
11:38:37.8766,749.4,264.5,fixation
11:38:37.8771,748.3,263.9,fixation
11:38:37.8776,747.1,265.1,fixation
11:38:37.8781,747.2,266.3,fixation
11:38:37.8786,747.7,265.7,fixation
11:38:37.8791,748.5,263.3,fixation
11:38:37.8796,749.7,261.0,fixation
11:38:37.8801,750.3,262.0,fixation
11:38:37.8806,750.5,265.0,fixation
11:38:37.8811,749.8,268.0,fixation
11:38:37.8816,749.5,266.9,fixation
11:38:37.8821,750.1,264.8,fixation
11:38:37.8826,750.9,262.8,fixation
11:38:37.8831,751.6,262.7,fixation
11:38:37.8836,751.4,262.5,fixation
11:38:37.8841,751.8,263.3,fixation
11:38:37.8846,752.2,264.2,fixation
11:38:37.8851,753.5,263.7,fixation
11:38:37.8856,754.3,262.4,fixation
11:38:37.8861,754.8,261.7,fixation
11:38:37.8866,754.4,262.4,fixation
11:38:37.8871,753.8,263.3,fixation
11:38:37.8876,753.5,263.6,fixation
11:38:37.8881,753.6,263.7,fixation
11:38:37.8886,753.8,263.1,fixation
11:38:37.8891,752.3,262.4,fixation
11:38:37.8896,750.7,261.6,fixation
11:38:37.8901,749.0,261.7,fixation
11:38:37.8906,749.2,262.0,fixation
11:38:37.8911,750.8,262.2,fixation
11:38:37.8916,752.4,262.0,fixation
11:38:37.8921,753.9,261.9,fixation
11:38:37.8926,753.9,261.9,fixation
11:38:37.8931,752.9,261.9,fixation
11:38:37.8936,751.9,261.7,fixation
11:38:37.8941,751.6,261.6,fixation
11:38:37.8946,752.7,261.8,fixation
11:38:37.8951,754.1,262.7,fixation
11:38:37.8956,754.8,263.8,fixation
11:38:37.8961,755.3,264.8,fixation
11:38:37.8966,755.4,265.0,fixation
11:38:37.8971,755.8,265.0,fixation
11:38:37.8976,756.1,265.0,fixation
11:38:37.8981,756.5,264.2,fixation
11:38:37.8986,756.8,263.3,fixation
11:38:37.8991,757.0,263.5,fixation
11:38:37.8996,757.2,264.7,fixation
11:38:37.9001,756.9,265.7,fixation
11:38:37.9006,756.6,265.5,fixation
11:38:37.9011,756.3,265.4,fixation
11:38:37.9016,756.5,265.8,fixation
11:38:37.9021,756.3,266.2,fixation
11:38:37.9026,754.9,266.3,fixation
11:38:37.9031,753.6,266.3,fixation
11:38:37.9036,752.7,266.1,fixation
11:38:37.9041,754.2,266.1,fixation
11:38:37.9046,755.6,266.0,fixation
11:38:37.9051,756.8,266.0,fixation
11:38:37.9056,756.6,265.9,fixation
11:38:37.9061,756.7,265.9,fixation
11:38:37.9066,756.7,266.1,fixation
11:38:37.9071,756.5,266.0,fixation
11:38:37.9076,756.1,266.0,fixation
11:38:37.9081,756.4,265.9,fixation
11:38:37.9086,757.0,265.8,fixation
11:38:37.9091,758.5,266.9,fixation
11:38:37.9096,759.4,267.9,fixation
11:38:37.9101,760.0,267.6,fixation
11:38:37.9106,759.5,266.4,fixation
11:38:37.9111,759.0,265.4,fixation
11:38:37.9116,757.7,265.8,fixation
11:38:37.9121,756.7,265.1,fixation
11:38:37.9126,755.7,264.2,fixation
11:38:37.9131,755.8,263.9,fixation
11:38:37.9136,755.7,264.5,fixation
11:38:37.9141,755.9,265.1,fixation
11:38:37.9146,756.2,265.1,fixation
11:38:37.9151,756.3,265.2,fixation
11:38:37.9156,756.0,265.2,fixation
11:38:37.9161,756.5,265.2,fixation
11:38:37.9166,757.1,265.2,fixation
11:38:37.9171,756.3,265.0,fixation
11:38:37.9176,754.8,264.7,fixation
11:38:37.9181,753.4,265.8,fixation
11:38:37.9186,753.9,267.2,fixation
11:38:37.9191,754.2,268.5,fixation
11:38:37.9196,754.4,267.9,fixation
11:38:37.9201,754.1,266.8,fixation
11:38:37.9206,754.0,265.3,fixation
11:38:37.9211,754.1,264.4,fixation
11:38:37.9216,754.4,264.2,fixation
11:38:37.9221,754.5,264.4,fixation
11:38:37.9226,753.9,264.5,fixation
11:38:37.9231,753.3,265.1,fixation
11:38:37.9236,752.7,265.7,fixation
11:38:37.9241,752.7,266.4,fixation
11:38:37.9246,752.7,266.4,fixation
11:38:37.9251,752.4,266.1,fixation
11:38:37.9256,752.2,265.8,fixation
11:38:37.9261,752.0,265.5,fixation
11:38:37.9266,752.3,265.4,fixation
11:38:37.9271,752.4,265.0,fixation
11:38:37.9276,752.6,264.2,fixation
11:38:37.9281,752.7,263.2,fixation
11:38:37.9286,752.1,262.4,fixation
11:38:37.9291,751.4,262.0,fixation
11:38:37.9296,750.6,262.6,fixation
11:38:37.9301,750.3,263.2,fixation
11:38:37.9306,750.0,264.4,fixation
11:38:37.9311,750.0,265.3,fixation
11:38:37.9316,750.4,266.3,fixation
11:38:37.9321,750.9,266.8,fixation
11:38:37.9326,749.7,266.7,fixation
11:38:37.9331,748.3,266.8,fixation
11:38:37.9336,747.1,267.0,fixation
11:38:37.9341,747.5,267.3,fixation
11:38:37.9346,748.0,266.8,fixation
11:38:37.9351,748.3,266.5,fixation
11:38:37.9356,748.3,266.0,fixation
11:38:37.9361,748.2,266.2,fixation
11:38:37.9366,748.1,266.0,fixation
11:38:37.9371,748.2,266.6,fixation
11:38:37.9376,749.1,267.2,fixation
11:38:37.9381,750.1,267.3,fixation
11:38:37.9386,750.6,266.9,fixation
11:38:37.9391,749.9,266.3,fixation
11:38:37.9396,749.2,266.2,fixation
11:38:37.9401,748.8,266.0,fixation
11:38:37.9406,748.3,265.9,fixation
11:38:37.9411,747.9,264.9,fixation
11:38:37.9416,747.6,263.4,fixation
11:38:37.9421,747.9,261.9,fixation
11:38:37.9426,748.1,261.3,fixation
11:38:37.9431,749.5,261.7,fixation
11:38:37.9436,750.9,262.2,fixation
11:38:37.9441,751.7,262.5,fixation
11:38:37.9446,751.3,262.3,fixation
11:38:37.9451,750.9,262.0,fixation
11:38:37.9456,750.6,264.3,fixation
11:38:37.9461,750.3,266.6,fixation
11:38:37.9466,750.1,268.1,fixation
11:38:37.9471,750.6,266.9,fixation
11:38:37.9476,750.9,265.6,fixation
11:38:37.9481,751.0,265.2,fixation
11:38:37.9486,751.0,264.3,fixation
11:38:37.9491,750.7,263.5,fixation
11:38:37.9496,750.5,260.7,fixation
11:38:37.9501,750.5,258.8,fixation
11:38:37.9506,750.5,257.3,fixation
11:38:37.9511,749.6,258.0,fixation
11:38:37.9516,748.5,260.3,fixation
11:38:37.9521,747.2,262.2,fixation
11:38:37.9526,746.8,262.7,fixation
11:38:37.9531,747.6,261.7,fixation
11:38:37.9536,749.2,262.9,fixation
11:38:37.9541,750.7,265.2,fixation
11:38:37.9546,751.1,267.4,fixation
11:38:37.9551,750.2,266.3,fixation
11:38:37.9556,749.3,266.0,fixation
11:38:37.9561,749.3,265.7,fixation
11:38:37.9566,750.2,266.0,fixation
11:38:37.9571,751.7,265.2,fixation
11:38:37.9576,752.4,264.3,fixation
11:38:37.9581,752.8,263.1,fixation
11:38:37.9586,752.7,262.2,fixation
11:38:37.9591,752.7,261.7,fixation
11:38:37.9596,752.8,261.3,fixation
11:38:37.9601,752.7,260.9,fixation
11:38:37.9606,753.6,261.7,fixation
11:38:37.9611,754.7,263.0,fixation
11:38:37.9616,755.4,264.0,fixation
11:38:37.9621,755.0,263.3,fixation
11:38:37.9626,755.1,262.5,fixation
11:38:37.9631,755.7,262.1,fixation
11:38:37.9636,755.0,260.2,fixation
11:38:37.9641,753.2,258.4,fixation
11:38:37.9646,751.1,259.6,fixation
11:38:37.9651,750.1,262.5,fixation
11:38:37.9656,751.0,264.2,fixation
11:38:37.9661,751.8,263.0,fixation
11:38:37.9666,752.6,263.0,fixation
11:38:37.9671,753.1,264.1,fixation
11:38:37.9676,753.8,265.3,fixation
11:38:37.9681,755.3,265.3,fixation
11:38:37.9686,756.7,265.6,fixation
11:38:37.9691,758.1,265.8,fixation
11:38:37.9696,757.8,266.0,fixation
11:38:37.9701,756.7,266.0,fixation
11:38:37.9706,755.6,266.0,fixation
11:38:37.9711,756.1,265.9,fixation
11:38:37.9716,756.6,265.5,fixation
11:38:37.9721,757.4,263.7,fixation
11:38:37.9726,757.7,261.7,fixation
11:38:37.9731,758.6,260.1,fixation
11:38:37.9736,759.1,259.9,fixation
11:38:37.9741,759.3,259.9,fixation
11:38:37.9746,758.6,259.8,fixation
11:38:37.9751,757.9,260.2,fixation
11:38:37.9756,757.3,260.9,fixation
11:38:37.9761,755.6,261.5,fixation
11:38:37.9766,753.9,261.7,fixation
11:38:37.9771,752.6,261.6,fixation
11:38:37.9776,752.8,262.6,fixation
11:38:37.9781,752.7,263.5,fixation
11:38:37.9786,752.5,264.3,fixation
11:38:37.9791,751.9,262.2,fixation
11:38:37.9796,751.1,260.3,fixation
11:38:37.9801,750.4,259.0,fixation
11:38:37.9806,750.8,259.6,fixation
11:38:37.9811,752.3,260.2,fixation
11:38:37.9816,753.9,260.0,fixation
11:38:37.9821,754.3,259.3,fixation
11:38:37.9826,753.7,258.7,fixation
11:38:37.9831,753.1,258.1,fixation
11:38:37.9836,753.0,257.9,fixation
11:38:37.9841,751.6,259.4,fixation
11:38:37.9846,750.1,260.7,fixation
11:38:37.9851,748.6,261.7,fixation
11:38:37.9856,748.8,259.0,fixation
11:38:37.9861,749.7,256.5,fixation
11:38:37.9866,750.8,254.4,fixation
11:38:37.9871,752.0,255.2,fixation
11:38:37.9876,752.4,256.7,fixation
11:38:37.9881,751.9,258.3,fixation
11:38:37.9886,751.3,259.1,fixation
11:38:37.9891,749.4,259.4,fixation
11:38:37.9896,748.2,259.7,fixation
11:38:37.9901,747.1,260.2,fixation
11:38:37.9906,747.4,260.5,fixation
11:38:37.9911,747.9,260.5,fixation
11:38:37.9916,748.2,260.0,fixation
11:38:37.9921,748.4,259.2,fixation
11:38:37.9926,748.5,258.5,fixation
11:38:37.9931,748.4,258.3,fixation
11:38:37.9936,748.4,258.0,fixation
11:38:37.9941,748.5,257.6,fixation
11:38:37.9946,748.7,257.7,fixation
11:38:37.9951,748.9,258.2,fixation
11:38:37.9956,749.0,258.2,fixation
11:38:37.9961,749.1,257.6,fixation
11:38:37.9966,749.0,258.2,fixation
11:38:37.9971,749.0,259.5,fixation
11:38:37.9976,748.8,260.7,fixation
11:38:37.9981,748.6,260.7,fixation
11:38:37.9986,748.6,260.9,fixation
11:38:37.9991,748.9,261.2,fixation
11:38:37.9996,749.3,261.5,fixation
11:38:38.0001,749.7,260.9,fixation
11:38:38.0006,749.9,260.2,fixation
11:38:38.0011,750.1,259.4,fixation
11:38:38.0016,750.0,259.4,fixation
11:38:38.0021,749.8,259.2,fixation
11:38:38.0026,749.6,258.9,fixation
11:38:38.0031,749.8,258.7,fixation
11:38:38.0036,750.0,258.8,fixation
11:38:38.0041,750.6,259.1,fixation
11:38:38.0046,751.5,259.4,fixation
11:38:38.0051,752.4,258.8,fixation
11:38:38.0056,752.9,258.8,fixation
11:38:38.0061,752.8,259.3,fixation
11:38:38.0066,752.5,260.4,fixation
11:38:38.0071,752.3,260.8,fixation
11:38:38.0076,752.2,260.6,fixation
11:38:38.0081,752.3,259.5,fixation
11:38:38.0086,752.3,258.5,fixation
11:38:38.0091,752.3,257.6,fixation
11:38:38.0096,752.3,258.1,fixation
11:38:38.0101,752.5,258.7,fixation
11:38:38.0106,752.5,258.2,fixation
11:38:38.0111,752.6,257.1,fixation
11:38:38.0116,753.2,258.0,fixation
11:38:38.0121,753.8,260.0,fixation
11:38:38.0126,754.4,262.1,fixation
11:38:38.0131,754.9,262.3,fixation
11:38:38.0136,755.8,262.4,fixation
11:38:38.0141,756.7,262.4,fixation
11:38:38.0146,757.0,261.4,fixation
11:38:38.0151,756.7,260.5,fixation
11:38:38.0156,755.2,259.3,fixation
11:38:38.0161,753.8,259.0,fixation
11:38:38.0166,752.3,258.7,fixation
11:38:38.0171,752.1,258.8,fixation
11:38:38.0176,751.9,259.1,fixation
11:38:38.0181,752.3,259.2,fixation
11:38:38.0186,752.6,258.6,fixation
11:38:38.0191,753.1,257.6,fixation
11:38:38.0196,755.5,257.0,fixation
11:38:38.0201,758.0,257.3,fixation
11:38:38.0206,759.4,258.0,fixation
11:38:38.0211,757.4,258.6,fixation
11:38:38.0216,755.5,258.6,fixation
11:38:38.0221,754.6,258.6,fixation
11:38:38.0226,754.7,258.4,fixation
11:38:38.0231,754.9,257.4,fixation
11:38:38.0236,755.0,256.6,fixation
11:38:38.0241,755.0,255.5,fixation
11:38:38.0246,755.1,255.2,fixation
11:38:38.0251,754.3,254.8,fixation
11:38:38.0256,753.5,255.5,fixation
11:38:38.0261,753.2,256.2,fixation
11:38:38.0266,754.0,256.9,fixation
11:38:38.0271,754.7,257.9,fixation
11:38:38.0276,755.0,258.8,fixation
11:38:38.0281,754.1,258.4,fixation
11:38:38.0286,753.3,257.1,fixation
11:38:38.0291,752.7,255.7,fixation
11:38:38.0296,753.3,255.3,fixation
11:38:38.0301,753.8,255.0,fixation
11:38:38.0306,754.3,255.0,fixation
11:38:38.0311,754.4,255.3,fixation
11:38:38.0316,754.4,255.5,fixation
11:38:38.0321,754.4,256.1,fixation
11:38:38.0326,754.6,256.8,saccade
11:38:38.0331,754.6,256.7,saccade
11:38:38.0336,754.5,257.0,saccade
11:38:38.0341,754.3,257.5,saccade
11:38:38.0346,754.2,258.0,saccade
11:38:38.0351,754.0,257.9,saccade
11:38:38.0356,754.9,257.6,saccade
11:38:38.0361,756.0,256.2,saccade
11:38:38.0366,757.0,254.9,saccade
11:38:38.0371,756.7,254.0,saccade
11:38:38.0376,756.1,253.9,saccade
11:38:38.0381,755.3,253.8,saccade
11:38:38.0386,754.2,254.7,saccade
11:38:38.0391,751.6,256.0,saccade
11:38:38.0396,749.1,257.4,saccade
11:38:38.0401,746.8,258.9,saccade
11:38:38.0406,746.1,260.3,saccade
11:38:38.0411,744.9,261.3,saccade
11:38:38.0416,743.0,260.7,saccade
11:38:38.0421,738.5,260.1,saccade
11:38:38.0426,733.4,260.3,saccade
11:38:38.0431,729.4,261.8,saccade
11:38:38.0436,728.2,263.5,saccade
11:38:38.0441,724.0,264.3,saccade
11:38:38.0446,719.2,265.6,saccade
11:38:38.0451,714.0,266.8,saccade
11:38:38.0456,711.1,268.2,saccade
11:38:38.0461,708.7,269.3,saccade
11:38:38.0466,705.3,271.1,saccade
11:38:38.0471,703.4,274.2,saccade
11:38:38.0476,700.0,278.9,saccade
11:38:38.0481,698.1,283.0,saccade
11:38:38.0486,694.6,285.0,saccade
11:38:38.0491,691.6,284.1,saccade
11:38:38.0496,688.5,284.0,saccade
11:38:38.0501,686.7,285.6,saccade
11:38:38.0506,686.0,287.2,saccade
11:38:38.0511,685.5,287.9,saccade
11:38:38.0516,685.3,287.7,saccade
11:38:38.0521,685.6,289.4,saccade
11:38:38.0526,685.7,291.3,saccade
11:38:38.0531,686.4,293.5,saccade
11:38:38.0536,687.4,293.7,saccade
11:38:38.0541,688.3,293.9,saccade
11:38:38.0546,688.7,293.7,saccade
11:38:38.0551,690.4,293.4,saccade
11:38:38.0556,693.2,293.2,saccade
11:38:38.0561,696.1,292.9,saccade
11:38:38.0566,697.1,292.6,saccade
11:38:38.0571,701.1,293.2,fixation
11:38:38.0576,703.4,293.1,fixation
11:38:38.0581,704.0,292.3,fixation
11:38:38.0586,704.3,288.9,fixation
11:38:38.0591,704.5,285.9,fixation
11:38:38.0596,704.7,284.8,fixation
11:38:38.0601,704.8,286.1,fixation
11:38:38.0606,705.5,287.1,fixation
11:38:38.0611,706.5,285.3,fixation
11:38:38.0616,707.2,283.7,fixation
11:38:38.0621,706.9,284.8,fixation
11:38:38.0626,706.5,287.3,fixation
11:38:38.0631,705.6,288.8,fixation
11:38:38.0636,705.1,287.8,fixation
11:38:38.0641,705.7,286.8,fixation
11:38:38.0646,706.5,287.9,fixation
11:38:38.0651,707.2,289.2,fixation
11:38:38.0656,706.9,288.7,fixation
11:38:38.0661,706.9,287.1,fixation
11:38:38.0666,707.0,284.7,fixation
11:38:38.0671,706.9,283.9,fixation
11:38:38.0676,707.2,285.0,fixation
11:38:38.0681,707.5,286.9,fixation
11:38:38.0686,707.7,288.4,fixation
11:38:38.0691,707.4,288.1,fixation
11:38:38.0696,707.1,288.0,fixation
11:38:38.0701,706.9,288.4,fixation
11:38:38.0706,708.7,289.6,fixation
11:38:38.0711,710.7,290.6,fixation
11:38:38.0716,712.8,290.2,fixation
11:38:38.0721,712.6,289.2,fixation
11:38:38.0726,712.1,288.2,fixation
11:38:38.0731,710.9,288.6,fixation
11:38:38.0736,709.7,288.8,fixation
11:38:38.0741,708.9,286.8,fixation
11:38:38.0746,708.6,284.5,fixation
11:38:38.0751,708.0,282.2,fixation
11:38:38.0756,706.6,282.6,fixation
11:38:38.0761,705.4,283.3,fixation
11:38:38.0766,705.1,284.0,fixation
11:38:38.0771,705.1,284.3,fixation
11:38:38.0776,705.1,283.8,fixation
11:38:38.0781,704.7,282.7,fixation
11:38:38.0786,704.7,281.6,fixation
11:38:38.0791,705.6,280.6,fixation
11:38:38.0796,706.6,280.2,fixation
11:38:38.0801,707.4,282.4,fixation
11:38:38.0806,707.4,285.1,fixation
11:38:38.0811,707.6,286.1,fixation
11:38:38.0816,707.7,283.5,fixation
11:38:38.0821,707.5,280.9,fixation
11:38:38.0826,707.6,280.0,fixation
11:38:38.0831,707.5,282.9,fixation
11:38:38.0836,707.6,285.8,fixation
11:38:38.0841,707.4,289.1,fixation
11:38:38.0846,706.7,289.4,fixation
11:38:38.0851,706.0,289.8,fixation
11:38:38.0856,705.3,289.7,fixation
11:38:38.0861,705.8,288.2,fixation
11:38:38.0866,706.2,286.7,fixation
11:38:38.0871,706.7,284.6,fixation
11:38:38.0876,706.7,283.4,fixation
11:38:38.0881,706.7,282.3,fixation
11:38:38.0886,707.1,282.0,fixation
11:38:38.0891,707.4,282.5,fixation
11:38:38.0896,705.1,283.0,fixation
11:38:38.0901,702.5,283.3,fixation
11:38:38.0906,701.8,283.4,fixation
11:38:38.0911,703.7,283.9,fixation
11:38:38.0916,705.6,284.4,fixation
11:38:38.0921,705.5,284.7,fixation
11:38:38.0926,705.3,284.6,fixation
11:38:38.0931,705.2,284.2,fixation
11:38:38.0936,703.9,283.2,fixation
11:38:38.0941,702.6,282.1,fixation
11:38:38.0946,701.5,281.2,fixation
11:38:38.0951,701.5,282.4,fixation
11:38:38.0956,701.6,282.9,fixation
11:38:38.0961,701.7,283.6,fixation
11:38:38.0966,701.9,282.9,fixation
11:38:38.0971,702.2,282.9,fixation
11:38:38.0976,702.4,282.3,fixation
11:38:38.0981,702.9,281.6,fixation
11:38:38.0986,703.2,281.3,fixation
11:38:38.0991,703.8,281.4,fixation
11:38:38.0996,704.1,281.3,fixation
11:38:38.1001,704.6,281.1,fixation
11:38:38.1006,704.9,280.9,fixation
11:38:38.1011,705.1,281.0,fixation
11:38:38.1016,705.2,280.8,fixation
11:38:38.1021,705.4,280.6,fixation
11:38:38.1026,704.8,280.0,fixation
11:38:38.1031,704.0,279.7,fixation
11:38:38.1036,703.6,280.3,fixation
11:38:38.1041,704.0,280.8,fixation
11:38:38.1046,704.5,280.8,fixation
11:38:38.1051,704.7,279.9,fixation
11:38:38.1056,704.8,280.4,fixation
11:38:38.1061,704.9,281.1,fixation
11:38:38.1066,705.1,281.8,fixation
11:38:38.1071,705.5,281.7,fixation
11:38:38.1076,705.7,282.1,fixation
11:38:38.1081,705.4,282.7,fixation
11:38:38.1086,705.0,283.3,fixation
11:38:38.1091,704.7,284.0,fixation
11:38:38.1096,705.2,283.9,fixation
11:38:38.1101,705.7,283.3,fixation
11:38:38.1106,706.2,282.7,fixation
11:38:38.1111,706.8,282.5,fixation
11:38:38.1116,707.4,283.4,fixation
11:38:38.1121,708.2,284.2,fixation
11:38:38.1126,708.5,284.2,fixation
11:38:38.1131,708.2,283.4,fixation
11:38:38.1136,707.8,282.1,fixation
11:38:38.1141,707.1,281.7,fixation
11:38:38.1146,707.5,281.5,fixation
11:38:38.1151,707.9,281.8,fixation
11:38:38.1156,708.1,284.2,fixation
11:38:38.1161,707.6,286.4,fixation
11:38:38.1166,707.2,287.9,fixation
11:38:38.1171,707.2,286.9,fixation
11:38:38.1176,707.4,286.2,fixation
11:38:38.1181,707.7,285.9,fixation
11:38:38.1186,707.7,285.7,fixation
11:38:38.1191,707.8,284.4,fixation
11:38:38.1196,707.9,283.1,fixation
11:38:38.1201,707.9,282.4,fixation
11:38:38.1206,708.0,282.5,fixation
11:38:38.1211,708.2,282.6,fixation
11:38:38.1216,708.4,282.6,fixation
11:38:38.1221,708.5,282.6,fixation
11:38:38.1226,706.8,284.4,fixation
11:38:38.1231,705.1,286.4,fixation
11:38:38.1236,704.4,287.4,fixation
11:38:38.1241,705.6,287.1,fixation
11:38:38.1246,706.8,286.7,fixation
11:38:38.1251,707.0,287.5,fixation
11:38:38.1256,707.1,287.7,fixation
11:38:38.1261,706.8,288.0,fixation
11:38:38.1266,706.7,287.2,fixation
11:38:38.1271,706.5,286.4,fixation
11:38:38.1276,706.3,285.5,fixation
11:38:38.1281,705.8,285.7,fixation
11:38:38.1286,705.4,285.9,fixation
11:38:38.1291,705.6,286.3,fixation
11:38:38.1296,706.2,286.7,fixation
11:38:38.1301,706.7,285.7,fixation
11:38:38.1306,706.8,285.0,fixation
11:38:38.1311,706.6,284.3,fixation
11:38:38.1316,706.2,285.7,fixation
11:38:38.1321,704.2,287.3,fixation
11:38:38.1326,702.3,288.6,fixation
11:38:38.1331,700.5,289.0,fixation
11:38:38.1336,700.6,288.6,fixation
11:38:38.1341,700.8,288.3,fixation
11:38:38.1346,701.0,288.1,fixation
11:38:38.1351,699.6,288.1,fixation
11:38:38.1356,698.1,288.1,fixation
11:38:38.1361,698.0,288.1,fixation
11:38:38.1366,699.3,288.0,fixation
11:38:38.1371,700.5,287.8,fixation
11:38:38.1376,699.9,287.5,fixation
11:38:38.1381,699.4,285.2,fixation
11:38:38.1386,699.1,283.0,fixation
11:38:38.1391,699.7,281.0,fixation
11:38:38.1396,701.4,282.6,fixation
11:38:38.1401,703.0,284.6,fixation
11:38:38.1406,703.3,286.4,fixation
11:38:38.1411,702.3,286.8,fixation
11:38:38.1416,701.0,286.9,fixation
11:38:38.1421,700.8,287.0,fixation
11:38:38.1426,700.8,286.9,fixation
11:38:38.1431,701.2,287.0,fixation
11:38:38.1436,701.6,287.2,fixation
11:38:38.1441,702.4,287.4,fixation
11:38:38.1446,703.9,287.8,fixation
11:38:38.1451,705.3,288.4,fixation
11:38:38.1456,705.8,289.0,fixation
11:38:38.1461,705.0,289.1,fixation
11:38:38.1466,704.1,290.0,fixation
11:38:38.1471,703.6,290.8,fixation
11:38:38.1476,703.5,290.6,fixation
11:38:38.1481,703.5,289.5,fixation
11:38:38.1486,705.3,288.5,fixation
11:38:38.1491,707.1,288.5,fixation
11:38:38.1496,709.0,288.7,fixation
11:38:38.1501,709.1,288.8,fixation
11:38:38.1506,708.5,288.8,fixation
11:38:38.1511,708.1,288.5,fixation
11:38:38.1516,707.8,288.5,fixation
11:38:38.1521,708.5,288.7,fixation
11:38:38.1526,709.0,289.0,fixation
11:38:38.1531,709.6,289.2,fixation
11:38:38.1536,708.8,290.0,fixation
11:38:38.1541,707.8,290.5,fixation
11:38:38.1546,706.9,290.1,fixation
11:38:38.1551,706.8,289.1,fixation
11:38:38.1556,706.8,288.2,fixation
11:38:38.1561,707.6,289.1,fixation
11:38:38.1566,709.4,290.1,fixation
11:38:38.1571,711.2,290.6,fixation
11:38:38.1576,711.0,290.2,fixation
11:38:38.1581,710.0,289.7,fixation
11:38:38.1586,708.5,289.1,fixation
11:38:38.1591,708.2,288.1,fixation
11:38:38.1596,707.9,286.7,fixation
11:38:38.1601,708.1,285.7,fixation
11:38:38.1606,708.1,286.2,fixation
11:38:38.1611,708.0,287.1,fixation
11:38:38.1616,707.7,287.9,fixation
11:38:38.1621,707.2,287.7,fixation
11:38:38.1626,706.8,288.8,fixation
11:38:38.1631,706.7,290.0,fixation
11:38:38.1636,707.0,291.7,fixation
11:38:38.1641,707.2,292.2,fixation
11:38:38.1646,707.8,290.1,fixation
11:38:38.1651,708.2,287.5,fixation
11:38:38.1656,708.6,286.0,fixation
11:38:38.1661,708.4,287.0,fixation
11:38:38.1666,708.2,288.2,fixation
11:38:38.1671,709.5,288.3,fixation
11:38:38.1676,710.8,288.4,fixation
11:38:38.1681,711.7,288.3,fixation
11:38:38.1686,711.1,288.3,fixation
11:38:38.1691,710.0,288.5,fixation
11:38:38.1696,709.5,287.4,fixation
11:38:38.1701,709.5,286.2,fixation
11:38:38.1706,708.9,285.3,fixation
11:38:38.1711,707.8,286.3,fixation
11:38:38.1716,706.8,287.2,fixation
11:38:38.1721,706.6,287.1,fixation
11:38:38.1726,706.7,286.5,fixation
11:38:38.1731,708.6,286.0,fixation
11:38:38.1736,710.3,287.2,fixation
11:38:38.1741,711.7,288.3,fixation
11:38:38.1746,710.7,289.3,fixation
11:38:38.1751,709.4,289.2,fixation
11:38:38.1756,708.4,289.2,fixation
11:38:38.1761,707.9,289.7,fixation
11:38:38.1766,708.1,290.1,fixation
11:38:38.1771,708.6,290.6,fixation
11:38:38.1776,709.3,290.4,fixation
11:38:38.1781,709.8,289.6,fixation
11:38:38.1786,709.9,287.2,fixation
11:38:38.1791,709.6,283.9,fixation
11:38:38.1796,709.5,281.5,fixation
11:38:38.1801,709.5,283.4,fixation
11:38:38.1806,710.1,286.2,fixation
11:38:38.1811,710.5,288.9,fixation
11:38:38.1816,711.0,288.7,fixation
11:38:38.1821,711.2,288.2,fixation
11:38:38.1826,711.3,287.8,fixation
11:38:38.1831,711.3,288.1,fixation
11:38:38.1836,711.1,288.8,fixation
11:38:38.1841,711.1,289.3,fixation
11:38:38.1846,711.3,289.0,fixation
11:38:38.1851,711.8,288.4,fixation
11:38:38.1856,712.1,287.9,fixation
11:38:38.1861,712.4,288.7,fixation
11:38:38.1866,712.5,289.8,fixation
11:38:38.1871,712.7,289.1,fixation
11:38:38.1876,712.8,287.4,fixation
11:38:38.1881,711.8,285.6,fixation
11:38:38.1886,710.7,285.7,fixation
11:38:38.1891,709.6,286.1,fixation
11:38:38.1896,709.3,286.5,fixation
11:38:38.1901,709.0,287.2,fixation
11:38:38.1906,708.7,287.8,fixation
11:38:38.1911,708.7,287.8,fixation
11:38:38.1916,709.1,287.3,fixation
11:38:38.1921,709.5,286.8,fixation
11:38:38.1926,709.4,286.5,fixation
11:38:38.1931,708.5,286.2,fixation
11:38:38.1936,707.6,286.0,fixation
11:38:38.1941,707.3,286.1,fixation
11:38:38.1946,707.5,286.3,fixation
11:38:38.1951,707.7,286.3,fixation
11:38:38.1956,707.8,288.5,fixation
11:38:38.1961,708.2,290.7,fixation
11:38:38.1966,708.7,291.6,fixation
11:38:38.1971,709.3,288.6,fixation
11:38:38.1976,710.2,285.7,fixation
11:38:38.1981,710.6,283.9,fixation
11:38:38.1986,710.7,284.6,fixation
11:38:38.1991,710.2,285.9,fixation
11:38:38.1996,711.0,287.3,fixation
11:38:38.2001,712.1,286.0,fixation
11:38:38.2006,711.6,284.0,fixation
11:38:38.2011,710.0,282.8,fixation
11:38:38.2016,708.2,283.6,fixation
11:38:38.2021,708.3,284.6,fixation
11:38:38.2026,707.9,286.2,fixation
11:38:38.2031,707.5,287.8,fixation
11:38:38.2036,706.6,289.3,fixation
11:38:38.2041,706.0,289.3,fixation
11:38:38.2046,705.5,289.0,fixation
11:38:38.2051,705.6,288.6,fixation
11:38:38.2056,705.7,288.1,fixation
11:38:38.2061,705.8,287.1,fixation
11:38:38.2066,706.6,286.8,fixation
11:38:38.2071,707.4,286.4,fixation
11:38:38.2076,708.2,286.9,fixation
11:38:38.2081,708.2,286.7,fixation
11:38:38.2086,708.4,286.5,fixation
11:38:38.2091,708.5,286.2,fixation
11:38:38.2096,708.4,285.9,fixation
11:38:38.2101,707.7,285.5,fixation
11:38:38.2106,706.0,285.0,fixation
11:38:38.2111,704.5,285.2,fixation
11:38:38.2116,703.6,285.7,fixation
11:38:38.2121,704.0,286.3,fixation
11:38:38.2126,705.6,286.4,fixation
11:38:38.2131,707.1,286.5,fixation
11:38:38.2136,708.5,287.0,fixation
11:38:38.2141,708.6,287.5,fixation
11:38:38.2146,707.9,287.7,fixation
11:38:38.2151,707.1,287.4,fixation
11:38:38.2156,706.3,287.2,fixation
11:38:38.2161,706.3,287.2,fixation
11:38:38.2166,704.5,284.6,fixation
11:38:38.2171,702.7,281.9,fixation
11:38:38.2176,701.6,279.5,fixation
11:38:38.2181,703.0,280.1,fixation
11:38:38.2186,705.5,281.2,fixation
11:38:38.2191,707.2,282.3,fixation
11:38:38.2196,708.3,283.1,fixation
11:38:38.2201,708.4,284.3,fixation
11:38:38.2206,708.0,284.0,fixation
11:38:38.2211,707.6,283.7,fixation
11:38:38.2216,707.4,283.9,fixation
11:38:38.2221,709.1,285.5,fixation
11:38:38.2226,710.7,286.9,fixation
11:38:38.2231,710.6,285.2,fixation
11:38:38.2236,709.0,283.4,fixation
11:38:38.2241,707.5,283.3,fixation
11:38:38.2246,707.5,284.6,fixation
11:38:38.2251,707.6,285.7,fixation
11:38:38.2256,706.8,285.2,fixation
11:38:38.2261,706.2,282.7,fixation
11:38:38.2266,706.3,280.5,fixation
11:38:38.2271,707.3,279.4,fixation
11:38:38.2276,708.6,280.4,fixation
11:38:38.2281,709.1,282.6,fixation
11:38:38.2286,709.4,283.8,fixation
11:38:38.2291,708.1,284.8,fixation
11:38:38.2296,706.9,284.9,fixation
11:38:38.2301,706.9,285.0,fixation
11:38:38.2306,708.0,285.2,fixation
11:38:38.2311,708.4,285.6,fixation
11:38:38.2316,707.8,285.5,fixation
11:38:38.2321,706.9,285.0,fixation
11:38:38.2326,706.7,284.3,fixation
11:38:38.2331,707.6,285.1,fixation
11:38:38.2336,708.7,286.4,fixation
11:38:38.2341,709.6,288.3,fixation
11:38:38.2346,709.4,288.9,fixation
11:38:38.2351,709.2,287.7,fixation
11:38:38.2356,709.2,285.3,fixation
11:38:38.2361,708.8,282.9,fixation
11:38:38.2366,708.3,284.5,fixation
11:38:38.2371,707.8,286.5,fixation
11:38:38.2376,707.4,288.3,fixation
11:38:38.2381,707.1,287.7,fixation
11:38:38.2386,706.0,286.1,fixation
11:38:38.2391,704.8,284.7,fixation
11:38:38.2396,703.7,283.7,fixation
11:38:38.2401,704.1,283.3,fixation
11:38:38.2406,704.8,283.0,fixation
11:38:38.2411,704.8,283.8,fixation
11:38:38.2416,704.0,284.9,fixation
11:38:38.2421,703.5,286.0,fixation
11:38:38.2426,704.0,285.8,fixation
11:38:38.2431,704.3,285.5,fixation
11:38:38.2436,704.3,284.7,fixation
11:38:38.2441,704.4,284.2,fixation
11:38:38.2446,704.7,285.6,fixation
11:38:38.2451,705.7,287.8,fixation
11:38:38.2456,706.2,290.0,fixation
11:38:38.2461,706.4,289.9,fixation
11:38:38.2466,705.1,289.4,fixation
11:38:38.2471,704.4,288.8,fixation
11:38:38.2476,704.0,288.5,fixation
11:38:38.2481,704.5,288.2,fixation
11:38:38.2486,704.8,287.6,fixation
11:38:38.2491,704.9,286.0,fixation
11:38:38.2496,705.0,284.7,fixation
11:38:38.2501,706.2,283.3,fixation
11:38:38.2506,707.3,282.8,fixation
11:38:38.2511,708.1,282.1,fixation
11:38:38.2516,707.1,281.9,fixation
11:38:38.2521,706.0,283.2,fixation
11:38:38.2526,705.2,284.7,fixation
11:38:38.2531,705.1,285.6,fixation
11:38:38.2536,705.2,284.9,fixation
11:38:38.2541,705.4,283.8,fixation
11:38:38.2546,705.4,283.6,fixation
11:38:38.2551,704.2,283.5,fixation
11:38:38.2556,703.1,283.9,fixation
11:38:38.2561,702.2,281.2,fixation
11:38:38.2566,702.3,278.4,fixation
11:38:38.2571,702.3,278.9,fixation
11:38:38.2576,702.7,283.1,fixation
11:38:38.2581,703.1,286.8,fixation
11:38:38.2586,703.8,286.7,fixation
11:38:38.2591,703.6,285.8,fixation
11:38:38.2596,703.3,285.4,fixation
11:38:38.2601,703.2,285.4,fixation
11:38:38.2606,703.4,285.4,fixation
11:38:38.2611,702.3,284.8,fixation
11:38:38.2616,701.1,284.4,fixation
11:38:38.2621,700.5,283.9,fixation
11:38:38.2626,701.3,284.8,fixation
11:38:38.2631,704.0,285.1,fixation
11:38:38.2636,706.3,285.4,fixation
11:38:38.2641,708.3,285.3,fixation
11:38:38.2646,706.3,285.5,fixation
11:38:38.2651,704.2,285.6,fixation
11:38:38.2656,703.5,285.8,fixation
11:38:38.2661,704.8,286.1,fixation
11:38:38.2666,706.2,286.5,fixation
11:38:38.2671,706.1,287.5,fixation
11:38:38.2676,706.0,288.5,fixation
11:38:38.2681,705.9,286.8,fixation
11:38:38.2686,705.8,283.9,fixation
11:38:38.2691,705.3,282.9,fixation
11:38:38.2696,705.0,284.8,fixation
11:38:38.2701,704.2,286.7,fixation
11:38:38.2706,703.9,286.8,fixation
11:38:38.2711,704.0,286.9,fixation
11:38:38.2716,704.4,287.0,fixation
11:38:38.2721,705.8,287.0,fixation
11:38:38.2726,706.8,286.8,fixation
11:38:38.2731,707.5,287.7,fixation
11:38:38.2736,707.0,288.8,fixation
11:38:38.2741,706.5,289.9,fixation
11:38:38.2746,705.7,288.6,fixation
11:38:38.2751,705.2,287.3,fixation
11:38:38.2756,704.8,286.4,fixation
11:38:38.2761,704.8,286.8,fixation
11:38:38.2766,704.8,287.4,fixation
11:38:38.2771,704.8,287.7,fixation
11:38:38.2776,704.9,287.3,fixation
11:38:38.2781,705.3,286.1,fixation
11:38:38.2786,705.7,284.9,fixation
11:38:38.2791,706.3,284.5,fixation
11:38:38.2796,706.6,284.9,fixation
11:38:38.2801,706.4,285.1,fixation
11:38:38.2806,705.7,285.2,fixation
11:38:38.2811,705.0,286.2,fixation
11:38:38.2816,705.3,287.0,fixation
11:38:38.2821,706.0,287.6,fixation
11:38:38.2826,706.8,287.0,fixation
11:38:38.2831,706.9,287.8,fixation
11:38:38.2836,707.2,288.9,fixation
11:38:38.2841,707.6,290.0,fixation
11:38:38.2846,707.2,289.9,fixation
11:38:38.2851,706.0,290.0,fixation
11:38:38.2856,704.8,290.0,fixation
11:38:38.2861,704.9,290.3,fixation
11:38:38.2866,705.3,290.4,fixation
11:38:38.2871,705.8,290.5,fixation
11:38:38.2876,705.8,290.6,fixation
11:38:38.2881,705.8,290.1,fixation
11:38:38.2886,705.5,289.2,fixation
11:38:38.2891,704.0,288.4,fixation
11:38:38.2896,702.4,288.1,fixation
11:38:38.2901,702.7,288.0,fixation
11:38:38.2906,704.3,287.5,fixation
11:38:38.2911,705.9,287.3,fixation
11:38:38.2916,705.7,287.4,fixation
11:38:38.2921,705.3,287.8,fixation
11:38:38.2926,705.0,288.1,fixation
11:38:38.2931,705.1,287.8,fixation
11:38:38.2936,706.0,287.4,fixation
11:38:38.2941,707.0,287.0,fixation
11:38:38.2946,707.1,287.6,fixation
11:38:38.2951,706.5,288.0,fixation
11:38:38.2956,705.0,288.3,fixation
11:38:38.2961,704.1,288.0,fixation
11:38:38.2966,703.9,288.1,fixation
11:38:38.2971,704.4,288.2,fixation
11:38:38.2976,704.8,288.4,fixation
11:38:38.2981,704.6,289.5,fixation
11:38:38.2986,704.3,290.5,fixation
11:38:38.2991,704.2,292.1,fixation
11:38:38.2996,704.8,292.8,fixation
11:38:38.3001,705.4,291.3,fixation
11:38:38.3006,705.6,289.0,fixation
11:38:38.3011,705.5,286.7,fixation
11:38:38.3016,705.0,286.6,fixation
11:38:38.3021,704.7,287.5,fixation
11:38:38.3026,704.6,288.5,fixation
11:38:38.3031,704.6,289.5,fixation
11:38:38.3036,704.6,290.1,fixation
11:38:38.3041,704.4,290.8,fixation
11:38:38.3046,704.5,291.0,fixation
11:38:38.3051,704.2,290.6,fixation
11:38:38.3056,703.9,290.1,fixation
11:38:38.3061,703.4,288.0,fixation
11:38:38.3066,703.3,285.8,fixation
11:38:38.3071,703.1,285.3,fixation
11:38:38.3076,703.1,286.9,fixation
11:38:38.3081,703.6,286.9,fixation
11:38:38.3086,704.4,285.2,fixation
11:38:38.3091,705.1,286.8,fixation
11:38:38.3096,705.5,289.9,fixation
11:38:38.3101,706.8,292.9,fixation
11:38:38.3106,708.0,292.3,fixation
11:38:38.3111,709.3,292.1,fixation
11:38:38.3116,709.5,291.9,fixation
11:38:38.3121,709.3,291.7,fixation
11:38:38.3126,708.6,291.0,fixation
11:38:38.3131,707.3,290.2,fixation
11:38:38.3136,706.3,289.9,fixation
11:38:38.3141,705.7,289.2,fixation
11:38:38.3146,705.9,288.6,fixation
11:38:38.3151,706.2,286.2,fixation
11:38:38.3156,707.1,284.5,fixation
11:38:38.3161,708.4,284.4,fixation
11:38:38.3166,709.5,286.1,fixation
11:38:38.3171,709.5,289.7,fixation
11:38:38.3176,708.7,291.6,fixation
11:38:38.3181,708.1,292.8,fixation
11:38:38.3186,708.0,291.4,fixation
11:38:38.3191,707.0,290.6,fixation
11:38:38.3196,705.9,290.6,fixation
11:38:38.3201,704.9,289.8,fixation
11:38:38.3206,705.0,288.4,fixation
11:38:38.3211,705.3,286.5,fixation
11:38:38.3216,705.6,285.9,fixation
11:38:38.3221,706.1,285.5,fixation
11:38:38.3226,706.3,285.9,fixation
11:38:38.3231,706.4,286.1,fixation
11:38:38.3236,706.2,286.2,fixation
11:38:38.3241,706.1,286.5,fixation
11:38:38.3246,706.3,286.6,fixation
11:38:38.3251,706.5,286.2,fixation
11:38:38.3256,706.3,285.3,fixation
11:38:38.3261,705.9,284.4,fixation
11:38:38.3266,705.8,284.0,fixation
11:38:38.3271,706.5,283.6,fixation
11:38:38.3276,707.2,284.1,fixation
11:38:38.3281,707.6,284.5,fixation
11:38:38.3286,707.7,284.7,fixation
11:38:38.3291,707.7,284.7,fixation
11:38:38.3296,707.6,284.7,fixation
11:38:38.3301,707.7,284.8,fixation
11:38:38.3306,707.8,284.7,fixation
11:38:38.3311,708.1,284.5,fixation
11:38:38.3316,708.2,284.6,fixation
11:38:38.3321,708.0,284.8,fixation
11:38:38.3326,707.7,284.9,fixation
11:38:38.3331,708.7,284.8,fixation
11:38:38.3336,709.9,284.7,fixation
11:38:38.3341,709.3,285.1,fixation
11:38:38.3346,707.6,285.9,fixation
11:38:38.3351,705.4,286.7,fixation
11:38:38.3356,705.0,287.5,fixation
11:38:38.3361,704.7,287.8,fixation
11:38:38.3366,704.9,286.5,fixation
11:38:38.3371,705.1,284.5,fixation
11:38:38.3376,706.6,282.6,fixation
11:38:38.3381,707.9,281.9,fixation
11:38:38.3386,709.2,281.5,fixation
11:38:38.3391,708.9,282.0,fixation
11:38:38.3396,708.2,282.8,fixation
11:38:38.3401,707.8,284.2,fixation
11:38:38.3406,707.7,284.7,fixation
11:38:38.3411,707.4,285.2,fixation
11:38:38.3416,706.8,285.0,fixation
11:38:38.3421,706.3,284.5,fixation
11:38:38.3426,705.7,284.0,fixation
11:38:38.3431,705.0,283.6,fixation
11:38:38.3436,704.3,283.6,fixation
11:38:38.3441,704.2,283.6,fixation
11:38:38.3446,704.4,284.1,fixation
11:38:38.3451,704.7,285.0,fixation
11:38:38.3456,705.0,285.9,fixation
11:38:38.3461,704.6,285.9,fixation
11:38:38.3466,704.7,285.6,fixation
11:38:38.3471,704.8,285.2,fixation
11:38:38.3476,704.5,285.6,fixation
11:38:38.3481,702.6,286.3,fixation
11:38:38.3486,700.6,286.9,fixation
11:38:38.3491,700.2,287.4,fixation
11:38:38.3496,702.8,287.7,fixation
11:38:38.3501,705.5,287.3,fixation
11:38:38.3506,706.8,286.9,fixation
11:38:38.3511,705.8,286.3,fixation
11:38:38.3516,704.6,287.1,fixation
11:38:38.3521,703.9,287.7,fixation
11:38:38.3526,703.8,288.4,fixation
11:38:38.3531,703.9,288.2,fixation
11:38:38.3536,704.2,286.4,fixation
11:38:38.3541,704.5,284.7,fixation
11:38:38.3546,704.8,283.4,fixation
11:38:38.3551,704.3,284.0,fixation
11:38:38.3556,703.4,284.6,fixation
11:38:38.3561,702.5,284.9,fixation
11:38:38.3566,702.3,286.6,fixation
11:38:38.3571,702.3,288.4,fixation
11:38:38.3576,702.2,289.0,fixation
11:38:38.3581,701.7,287.8,fixation
11:38:38.3586,701.1,286.3,fixation
11:38:38.3591,700.3,285.8,fixation
11:38:38.3596,699.7,285.8,fixation
11:38:38.3601,699.0,286.1,fixation
11:38:38.3606,698.8,285.3,fixation
11:38:38.3611,698.6,284.0,fixation
11:38:38.3616,698.6,282.7,fixation
11:38:38.3621,698.9,282.9,fixation
11:38:38.3626,699.3,283.0,fixation
11:38:38.3631,700.0,282.9,fixation
11:38:38.3636,700.2,282.7,fixation
11:38:38.3641,700.5,283.3,fixation
11:38:38.3646,699.9,284.0,fixation
11:38:38.3651,699.3,283.4,fixation
11:38:38.3656,699.3,282.1,fixation
11:38:38.3661,700.0,280.8,fixation
11:38:38.3666,700.8,280.6,fixation
11:38:38.3671,701.0,280.2,fixation
11:38:38.3676,701.2,279.5,fixation
11:38:38.3681,701.3,278.9,fixation
11:38:38.3686,701.5,281.2,fixation
11:38:38.3691,701.9,283.9,fixation
11:38:38.3696,702.3,285.9,fixation
11:38:38.3701,701.9,283.1,fixation
11:38:38.3706,700.9,280.3,fixation
11:38:38.3711,699.9,278.0,fixation
11:38:38.3716,700.3,277.9,fixation
11:38:38.3721,701.1,279.3,fixation
11:38:38.3726,701.9,280.9,fixation
11:38:38.3731,702.8,283.2,fixation
11:38:38.3736,703.9,284.0,fixation
11:38:38.3741,705.1,285.0,fixation
11:38:38.3746,705.3,285.2,fixation
11:38:38.3751,705.5,285.5,fixation
11:38:38.3756,705.5,285.6,fixation
11:38:38.3761,704.3,285.6,fixation
11:38:38.3766,703.2,285.3,fixation
11:38:38.3771,703.5,285.1,fixation
11:38:38.3776,704.9,284.9,fixation
11:38:38.3781,706.4,283.5,fixation
11:38:38.3786,706.4,283.0,fixation
11:38:38.3791,706.3,282.3,fixation
11:38:38.3796,706.2,282.7,fixation
11:38:38.3801,706.3,282.2,fixation
11:38:38.3806,706.5,281.6,fixation
11:38:38.3811,706.6,281.2,fixation
11:38:38.3816,706.4,282.5,fixation
11:38:38.3821,706.1,284.3,fixation
11:38:38.3826,705.8,286.5,fixation
11:38:38.3831,705.4,286.8,fixation
11:38:38.3836,705.0,286.1,fixation
11:38:38.3841,704.9,285.1,fixation
11:38:38.3846,705.2,285.0,fixation
11:38:38.3851,705.3,285.9,fixation
11:38:38.3856,705.2,287.1,fixation
11:38:38.3861,704.6,287.6,fixation
11:38:38.3866,704.2,288.1,fixation
11:38:38.3871,703.9,286.2,fixation
11:38:38.3876,704.2,284.0,fixation
11:38:38.3881,703.7,283.5,fixation
11:38:38.3886,703.1,286.9,fixation
11:38:38.3891,703.3,290.4,fixation
11:38:38.3896,704.3,291.0,fixation
11:38:38.3901,703.9,289.6,fixation
11:38:38.3906,702.3,286.7,fixation
11:38:38.3911,700.5,286.0,fixation
11:38:38.3916,701.4,285.3,fixation
11:38:38.3921,702.7,284.7,fixation
11:38:38.3926,703.9,283.4,fixation
11:38:38.3931,703.6,281.9,fixation
11:38:38.3936,703.2,281.9,fixation
11:38:38.3941,702.0,282.3,fixation
11:38:38.3946,701.3,283.1,fixation
11:38:38.3951,700.6,284.1,fixation
11:38:38.3956,701.2,284.8,fixation
11:38:38.3961,701.3,285.2,fixation
11:38:38.3966,701.2,284.5,fixation
11:38:38.3971,700.7,283.6,fixation
11:38:38.3976,700.2,282.7,fixation
11:38:38.3981,699.2,283.9,fixation
11:38:38.3986,698.7,285.1,fixation
11:38:38.3991,698.5,286.4,fixation
11:38:38.3996,699.4,286.9,fixation
11:38:38.4001,700.0,287.8,fixation
11:38:38.4006,699.4,288.6,fixation
11:38:38.4011,698.5,289.1,fixation
11:38:38.4016,697.6,289.2,fixation
11:38:38.4021,697.7,289.3,fixation
11:38:38.4026,697.7,289.4,fixation
11:38:38.4031,697.9,287.5,fixation
11:38:38.4036,697.8,285.6,fixation
11:38:38.4041,697.8,283.7,fixation
11:38:38.4046,697.7,283.0,fixation
11:38:38.4051,698.1,282.4,fixation
11:38:38.4056,698.4,284.0,fixation
11:38:38.4061,698.5,285.8,fixation
11:38:38.4066,698.3,287.6,fixation
11:38:38.4071,698.3,287.4,fixation
11:38:38.4076,698.3,287.7,fixation
11:38:38.4081,698.3,288.1,fixation
11:38:38.4086,699.2,286.6,fixation
11:38:38.4091,700.1,285.0,fixation
11:38:38.4096,701.1,283.4,fixation
11:38:38.4101,701.1,284.0,fixation
11:38:38.4106,701.2,284.6,fixation
11:38:38.4111,701.3,285.2,fixation
11:38:38.4116,701.4,285.1,fixation
11:38:38.4121,701.5,285.9,fixation
11:38:38.4126,701.4,287.3,fixation
11:38:38.4131,701.4,288.7,fixation
11:38:38.4136,701.8,289.5,fixation
11:38:38.4141,702.3,289.7,fixation
11:38:38.4146,702.9,290.0,fixation
11:38:38.4151,703.0,290.0,fixation
11:38:38.4156,702.6,290.0,fixation
11:38:38.4161,702.4,290.1,fixation
11:38:38.4166,702.1,290.4,fixation
11:38:38.4171,702.2,290.7,fixation
11:38:38.4176,702.2,289.8,fixation
11:38:38.4181,703.4,288.8,fixation
11:38:38.4186,704.7,287.9,fixation
11:38:38.4191,705.7,288.0,fixation
11:38:38.4196,705.4,288.0,fixation
11:38:38.4201,705.0,289.0,fixation
11:38:38.4206,704.8,290.1,fixation
11:38:38.4211,704.7,291.2,fixation
11:38:38.4216,704.7,291.3,fixation
11:38:38.4221,704.5,289.9,fixation
11:38:38.4226,704.2,288.4,fixation
11:38:38.4231,704.0,287.3,fixation
11:38:38.4236,702.7,288.0,fixation
11:38:38.4241,701.4,288.7,fixation
11:38:38.4246,701.7,289.5,fixation
11:38:38.4251,703.7,290.0,fixation
11:38:38.4256,705.8,289.3,fixation
11:38:38.4261,706.3,288.0,fixation
11:38:38.4266,706.0,286.7,fixation
11:38:38.4271,705.1,286.5,fixation
11:38:38.4276,704.2,286.4,fixation
11:38:38.4281,703.5,286.5,fixation
11:38:38.4286,703.2,286.9,fixation
11:38:38.4291,703.4,288.6,fixation
11:38:38.4296,703.8,290.0,fixation
11:38:38.4301,705.0,289.8,fixation
11:38:38.4306,705.8,288.1,fixation
11:38:38.4311,706.0,286.4,fixation
11:38:38.4316,704.4,285.9,fixation
11:38:38.4321,702.7,285.3,fixation
11:38:38.4326,702.0,284.8,fixation
11:38:38.4331,702.8,284.8,fixation
11:38:38.4336,703.6,285.1,fixation
11:38:38.4341,704.3,285.5,fixation
11:38:38.4346,704.8,285.4,fixation
11:38:38.4351,705.4,284.9,fixation
11:38:38.4356,706.0,285.2,fixation
11:38:38.4361,706.2,285.8,fixation
11:38:38.4366,706.1,286.5,fixation
11:38:38.4371,705.5,287.2,fixation
11:38:38.4376,704.7,288.0,fixation
11:38:38.4381,704.2,288.8,fixation
11:38:38.4386,703.9,288.3,fixation
11:38:38.4391,703.9,287.5,fixation
11:38:38.4396,703.8,286.8,fixation
11:38:38.4401,704.0,286.2,fixation
11:38:38.4406,704.3,285.6,fixation
11:38:38.4411,704.7,285.1,fixation
11:38:38.4416,704.9,285.2,fixation
11:38:38.4421,705.0,285.3,fixation
11:38:38.4426,704.9,285.3,fixation
11:38:38.4431,707.0,285.4,fixation
11:38:38.4436,709.3,284.8,fixation
11:38:38.4441,710.1,284.2,fixation
11:38:38.4446,708.8,283.7,fixation
11:38:38.4451,708.2,284.1,fixation
11:38:38.4456,709.0,284.9,fixation
11:38:38.4461,709.4,285.4,fixation
11:38:38.4466,708.5,285.5,fixation
11:38:38.4471,707.0,285.6,fixation
11:38:38.4476,706.0,285.6,fixation
11:38:38.4481,705.7,284.6,fixation
11:38:38.4486,705.9,283.2,fixation
11:38:38.4491,704.6,281.7,fixation
11:38:38.4496,703.2,281.6,fixation
11:38:38.4501,701.7,282.1,fixation
11:38:38.4506,701.6,284.0,fixation
11:38:38.4511,702.5,285.6,fixation
11:38:38.4516,703.3,287.5,fixation
11:38:38.4521,704.1,288.0,fixation
11:38:38.4526,704.2,287.7,fixation
11:38:38.4531,704.4,287.0,fixation
11:38:38.4536,704.5,286.0,fixation
11:38:38.4541,703.7,285.7,fixation
11:38:38.4546,702.8,285.3,fixation
11:38:38.4551,701.8,285.2,fixation
11:38:38.4556,703.2,285.3,fixation
11:38:38.4561,704.1,285.5,fixation
11:38:38.4566,705.0,285.8,fixation
11:38:38.4571,704.1,285.6,fixation
11:38:38.4576,703.5,284.5,fixation
11:38:38.4581,702.9,283.5,fixation
11:38:38.4586,701.9,283.0,fixation
11:38:38.4591,701.1,283.2,fixation
11:38:38.4596,700.6,283.3,fixation
11:38:38.4601,701.0,283.2,fixation
11:38:38.4606,701.8,283.5,fixation
11:38:38.4611,703.5,284.2,fixation
11:38:38.4616,705.0,284.9,fixation
11:38:38.4621,706.3,285.2,fixation
11:38:38.4626,706.2,285.2,fixation
11:38:38.4631,705.0,283.9,fixation
11:38:38.4636,703.9,282.5,fixation
11:38:38.4641,702.8,282.9,fixation
11:38:38.4646,704.0,286.2,saccade
11:38:38.4651,704.6,285.7,saccade
11:38:38.4656,704.6,285.1,saccade
11:38:38.4661,704.7,286.2,saccade
11:38:38.4666,704.8,287.6,saccade
11:38:38.4671,705.5,287.1,saccade
11:38:38.4676,706.0,285.1,saccade
11:38:38.4681,706.5,283.9,saccade
11:38:38.4686,709.3,284.8,saccade
11:38:38.4691,712.3,286.1,saccade
11:38:38.4696,716.3,287.6,saccade
11:38:38.4701,717.4,289.0,saccade
11:38:38.4706,718.9,289.4,saccade
11:38:38.4711,719.8,288.7,saccade
11:38:38.4716,722.3,288.0,saccade
11:38:38.4721,724.2,288.6,saccade
11:38:38.4726,726.7,289.2,saccade
11:38:38.4731,728.2,289.8,saccade
11:38:38.4736,730.0,289.3,saccade
11:38:38.4741,733.2,288.2,saccade
11:38:38.4746,735.7,287.3,saccade
11:38:38.4751,738.0,287.0,saccade
11:38:38.4756,740.0,285.5,saccade
11:38:38.4761,742.0,283.9,saccade
11:38:38.4766,744.4,282.2,saccade
11:38:38.4771,746.8,282.5,saccade
11:38:38.4776,750.1,282.8,saccade
11:38:38.4781,753.0,282.0,saccade
11:38:38.4786,754.0,280.9,saccade
11:38:38.4791,754.3,280.1,saccade
11:38:38.4796,754.7,280.5,saccade
11:38:38.4801,755.3,279.7,saccade
11:38:38.4806,755.7,278.5,saccade
11:38:38.4811,756.6,278.2,saccade
11:38:38.4816,757.8,279.1,saccade
11:38:38.4821,759.7,281.2,saccade
11:38:38.4826,760.8,282.5,saccade
11:38:38.4831,760.2,283.2,fixation
11:38:38.4836,759.4,283.2,fixation
11:38:38.4841,758.9,284.1,fixation
11:38:38.4846,758.7,286.0,fixation
11:38:38.4851,757.8,287.6,fixation
11:38:38.4856,755.2,288.5,fixation
11:38:38.4861,752.8,288.3,fixation
11:38:38.4866,751.4,288.2,fixation
11:38:38.4871,751.8,288.1,fixation
11:38:38.4876,752.1,287.5,fixation
11:38:38.4881,752.5,287.0,fixation
11:38:38.4886,752.6,287.4,fixation
11:38:38.4891,752.1,288.3,fixation
11:38:38.4896,751.4,288.2,fixation
11:38:38.4901,751.9,287.3,fixation
11:38:38.4906,752.9,287.7,fixation
11:38:38.4911,753.6,289.1,fixation
11:38:38.4916,753.3,290.4,fixation
11:38:38.4921,753.0,290.4,fixation
11:38:38.4926,752.9,290.7,fixation
11:38:38.4931,752.4,291.0,fixation
11:38:38.4936,752.0,290.3,fixation
11:38:38.4941,751.5,289.4,fixation
11:38:38.4946,751.2,288.4,fixation
11:38:38.4951,750.0,287.1,fixation
11:38:38.4956,749.0,285.8,fixation
11:38:38.4961,750.7,286.1,fixation
11:38:38.4966,753.3,287.7,fixation
11:38:38.4971,754.4,289.2,fixation
11:38:38.4976,752.9,289.1,fixation
11:38:38.4981,752.0,288.5,fixation
11:38:38.4986,752.7,287.5,fixation
11:38:38.4991,753.5,284.7,fixation
11:38:38.4996,753.6,282.4,fixation
11:38:38.5001,753.5,282.9,fixation
11:38:38.5006,753.0,285.0,fixation
11:38:38.5011,752.7,287.0,fixation
11:38:38.5016,752.4,286.7,fixation
11:38:38.5021,752.3,286.3,fixation
11:38:38.5026,752.8,286.2,fixation
11:38:38.5031,753.4,286.4,fixation
11:38:38.5036,754.0,286.7,fixation
11:38:38.5041,752.8,285.8,fixation
11:38:38.5046,751.6,284.8,fixation
11:38:38.5051,750.3,283.7,fixation
11:38:38.5056,750.3,283.6,fixation
11:38:38.5061,750.3,283.4,fixation
11:38:38.5066,750.3,283.2,fixation
11:38:38.5071,750.5,282.9,fixation
11:38:38.5076,750.7,282.6,fixation
11:38:38.5081,750.9,283.4,fixation
11:38:38.5086,751.5,284.4,fixation
11:38:38.5091,752.5,285.5,fixation
11:38:38.5096,753.9,284.5,fixation
11:38:38.5101,754.5,283.6,fixation
11:38:38.5106,754.6,282.8,fixation
11:38:38.5111,754.5,283.2,fixation
11:38:38.5116,754.4,284.2,fixation
11:38:38.5121,754.3,285.5,fixation
11:38:38.5126,754.3,286.5,fixation
11:38:38.5131,754.1,286.1,fixation
11:38:38.5136,754.0,285.2,fixation
11:38:38.5141,753.9,284.3,fixation
11:38:38.5146,754.1,284.3,fixation
11:38:38.5151,754.6,284.3,fixation
11:38:38.5156,756.0,285.0,fixation
11:38:38.5161,757.2,285.7,fixation
11:38:38.5166,757.6,286.1,fixation
11:38:38.5171,757.2,285.9,fixation
11:38:38.5176,756.7,285.7,fixation
11:38:38.5181,756.5,285.6,fixation
11:38:38.5186,756.1,285.3,fixation
11:38:38.5191,755.3,285.0,fixation
11:38:38.5196,754.5,285.4,fixation
11:38:38.5201,754.3,286.0,fixation
11:38:38.5206,754.6,285.9,fixation
11:38:38.5211,754.9,285.3,fixation
11:38:38.5216,754.9,284.7,fixation
11:38:38.5221,754.7,284.7,fixation
11:38:38.5226,754.5,284.0,fixation
11:38:38.5231,754.8,283.3,fixation
11:38:38.5236,755.2,282.6,fixation
11:38:38.5241,755.5,283.2,fixation
11:38:38.5246,754.9,284.0,fixation
11:38:38.5251,754.2,284.9,fixation
11:38:38.5256,753.5,285.1,fixation
11:38:38.5261,753.4,285.3,fixation
11:38:38.5266,753.4,285.6,fixation
11:38:38.5271,753.7,285.0,fixation
11:38:38.5276,753.9,284.1,fixation
11:38:38.5281,753.7,283.1,fixation
11:38:38.5286,753.4,283.7,fixation
11:38:38.5291,754.6,284.4,fixation
11:38:38.5296,756.1,285.1,fixation
11:38:38.5301,756.5,285.1,fixation
11:38:38.5306,755.4,284.1,fixation
11:38:38.5311,754.3,283.5,fixation
11:38:38.5316,755.2,282.9,fixation
11:38:38.5321,756.1,281.9,fixation
11:38:38.5326,756.2,280.4,fixation
11:38:38.5331,755.4,280.3,fixation
11:38:38.5336,755.3,281.7,fixation
11:38:38.5341,756.1,281.9,fixation
11:38:38.5346,755.9,280.5,fixation
11:38:38.5351,754.7,280.4,fixation
11:38:38.5356,755.1,281.6,fixation
11:38:38.5361,756.4,283.3,fixation
11:38:38.5366,757.9,283.9,fixation
11:38:38.5371,757.7,285.3,fixation
11:38:38.5376,757.4,286.4,fixation
11:38:38.5381,757.0,287.3,fixation
11:38:38.5386,756.6,287.4,fixation
11:38:38.5391,755.3,284.9,fixation
11:38:38.5396,754.3,282.3,fixation
11:38:38.5401,753.6,281.7,fixation
11:38:38.5406,753.9,283.7,fixation
11:38:38.5411,753.7,284.9,fixation
11:38:38.5416,753.5,284.0,fixation
11:38:38.5421,753.3,283.3,fixation
11:38:38.5426,753.1,283.7,fixation
11:38:38.5431,752.6,284.2,fixation
11:38:38.5436,752.7,284.7,fixation
11:38:38.5441,753.1,284.9,fixation
11:38:38.5446,753.5,284.9,fixation
11:38:38.5451,753.4,284.4,fixation
11:38:38.5456,751.6,284.0,fixation
11:38:38.5461,749.9,285.2,fixation
11:38:38.5466,748.3,286.1,fixation
11:38:38.5471,748.5,287.1,fixation
11:38:38.5476,748.7,286.8,fixation
11:38:38.5481,748.6,287.1,fixation
11:38:38.5486,748.4,286.7,fixation
11:38:38.5491,749.0,284.7,fixation
11:38:38.5496,749.7,282.7,fixation
11:38:38.5501,750.4,281.4,fixation
11:38:38.5506,750.4,281.4,fixation
11:38:38.5511,750.3,283.2,fixation
11:38:38.5516,750.2,284.9,fixation
11:38:38.5521,748.8,286.3,fixation
11:38:38.5526,748.4,286.1,fixation
11:38:38.5531,747.9,285.8,fixation
11:38:38.5536,749.2,285.8,fixation
11:38:38.5541,749.6,285.7,fixation
11:38:38.5546,749.5,287.0,fixation
11:38:38.5551,749.0,288.4,fixation
11:38:38.5556,748.7,289.8,fixation
11:38:38.5561,749.0,289.9,fixation
11:38:38.5566,749.6,289.9,fixation
11:38:38.5571,749.9,289.9,fixation
11:38:38.5576,750.1,290.5,fixation
11:38:38.5581,749.9,291.0,fixation
11:38:38.5586,749.7,290.7,fixation
11:38:38.5591,749.4,289.8,fixation
11:38:38.5596,749.2,289.0,fixation
11:38:38.5601,749.2,289.6,fixation
11:38:38.5606,751.7,290.3,fixation
11:38:38.5611,754.1,291.7,fixation
11:38:38.5616,754.2,292.5,fixation
11:38:38.5621,752.1,293.1,fixation
11:38:38.5626,750.2,293.0,fixation
11:38:38.5631,752.0,293.1,fixation
11:38:38.5636,753.9,292.6,fixation
11:38:38.5641,755.7,291.9,fixation
11:38:38.5646,755.8,291.1,fixation
11:38:38.5651,755.1,291.1,fixation
11:38:38.5656,754.4,290.8,fixation
11:38:38.5661,753.7,290.4,fixation
11:38:38.5666,753.9,292.0,fixation
11:38:38.5671,754.1,294.0,fixation
11:38:38.5676,754.3,294.1,fixation
11:38:38.5681,754.8,292.1,fixation
11:38:38.5686,755.7,290.8,fixation
11:38:38.5691,756.3,291.6,fixation
11:38:38.5696,756.4,292.3,fixation
11:38:38.5701,756.3,292.5,fixation
11:38:38.5706,756.3,292.5,fixation
11:38:38.5711,755.8,293.1,fixation
11:38:38.5716,755.1,294.3,fixation
11:38:38.5721,754.4,297.1,fixation
11:38:38.5726,754.5,299.4,fixation
11:38:38.5731,754.5,301.1,fixation
11:38:38.5736,754.5,301.0,fixation
11:38:38.5741,754.4,301.4,fixation
11:38:38.5746,754.3,302.2,fixation
11:38:38.5751,755.7,303.1,fixation
11:38:38.5756,757.2,303.6,fixation
11:38:38.5761,757.3,301.8,fixation
11:38:38.5766,755.9,299.9,fixation
11:38:38.5771,754.5,298.7,fixation
11:38:38.5776,754.5,300.8,fixation
11:38:38.5781,754.5,302.8,fixation
11:38:38.5786,754.2,304.2,fixation
11:38:38.5791,753.7,304.4,fixation
11:38:38.5796,753.3,304.4,fixation
11:38:38.5801,753.3,304.1,fixation
11:38:38.5806,753.4,302.3,fixation
11:38:38.5811,753.9,300.7,fixation
11:38:38.5816,754.3,300.8,fixation
11:38:38.5821,754.8,302.4,fixation
11:38:38.5826,755.1,303.8,fixation
11:38:38.5831,755.5,303.6,fixation
11:38:38.5836,755.7,303.8,fixation
11:38:38.5841,755.6,304.1,fixation
11:38:38.5846,755.4,304.5,fixation
11:38:38.5851,755.2,305.3,fixation
11:38:38.5856,755.2,306.2,fixation
11:38:38.5861,755.0,307.0,fixation
11:38:38.5866,754.7,306.8,fixation
11:38:38.5871,754.6,306.4,fixation
11:38:38.5876,754.8,306.7,saccade
11:38:38.5881,754.6,307.6,saccade
11:38:38.5886,754.2,308.4,saccade
11:38:38.5891,754.1,308.2,saccade
11:38:38.5896,754.7,308.0,saccade
11:38:38.5901,755.4,308.5,saccade
11:38:38.5906,756.1,309.4,saccade
11:38:38.5911,756.1,310.5,saccade
11:38:38.5916,756.0,311.3,saccade
11:38:38.5921,754.8,311.7,saccade
11:38:38.5926,754.1,311.8,saccade
11:38:38.5931,753.6,311.6,saccade
11:38:38.5936,754.2,310.7,saccade
11:38:38.5941,754.0,309.8,saccade
11:38:38.5946,752.5,314.8,saccade
11:38:38.5951,751.0,320.6,saccade
11:38:38.5956,749.3,326.4,saccade
11:38:38.5961,748.9,326.4,saccade
11:38:38.5966,749.5,336.3,saccade
11:38:38.5971,751.7,346.1,saccade
11:38:38.5976,754.6,370.1,saccade
11:38:38.5981,759.1,384.4,saccade
11:38:38.5986,762.6,423.2,saccade
11:38:38.5991,764.8,457.1,saccade
11:38:38.5996,756.6,546.5,saccade
11:38:38.6001,748.4,611.9,saccade
11:38:38.6006,733.7,729.5,saccade
11:38:38.6011,723.3,790.9,saccade
11:38:38.6016,.,.,blink
11:38:38.6021,.,.,blink
11:38:38.6026,.,.,blink
11:38:38.6031,.,.,blink
11:38:38.6036,.,.,blink
11:38:38.6041,.,.,blink
11:38:38.6046,.,.,blink
11:38:38.6051,.,.,blink
11:38:38.6056,.,.,blink
11:38:38.6061,.,.,blink
11:38:38.6066,.,.,blink
11:38:38.6071,.,.,blink
11:38:38.6076,.,.,blink
11:38:38.6081,.,.,blink
11:38:38.6086,.,.,blink
11:38:38.6091,.,.,blink
11:38:38.6096,.,.,blink
11:38:38.6101,.,.,blink
11:38:38.6106,.,.,blink
11:38:38.6111,.,.,blink
11:38:38.6116,.,.,blink
11:38:38.6121,.,.,blink
11:38:38.6126,.,.,blink
11:38:38.6131,.,.,blink
11:38:38.6136,.,.,blink
11:38:38.6141,.,.,blink
11:38:38.6146,.,.,blink
11:38:38.6151,.,.,blink
11:38:38.6156,.,.,blink
11:38:38.6161,.,.,blink
11:38:38.6166,.,.,blink
11:38:38.6171,.,.,blink
11:38:38.6176,.,.,blink
11:38:38.6181,.,.,blink
11:38:38.6186,.,.,blink
11:38:38.6191,.,.,blink
11:38:38.6196,.,.,blink
11:38:38.6201,.,.,blink
11:38:38.6206,.,.,blink
11:38:38.6211,.,.,blink
11:38:38.6216,.,.,blink
11:38:38.6221,.,.,blink
11:38:38.6226,.,.,blink
11:38:38.6231,.,.,blink
11:38:38.6236,.,.,blink
11:38:38.6241,.,.,blink
11:38:38.6246,.,.,blink
11:38:38.6251,.,.,blink
11:38:38.6256,.,.,blink
11:38:38.6261,.,.,blink
11:38:38.6266,.,.,blink
11:38:38.6271,.,.,blink
11:38:38.6276,.,.,blink
11:38:38.6281,.,.,blink
11:38:38.6286,.,.,blink
11:38:38.6291,.,.,blink
11:38:38.6296,.,.,blink
11:38:38.6301,.,.,blink
11:38:38.6306,.,.,blink
11:38:38.6311,.,.,blink
11:38:38.6316,.,.,blink
11:38:38.6321,.,.,blink
11:38:38.6326,.,.,blink
11:38:38.6331,.,.,blink
11:38:38.6336,.,.,blink
11:38:38.6341,.,.,blink
11:38:38.6346,.,.,blink
11:38:38.6351,.,.,blink
11:38:38.6356,.,.,blink
11:38:38.6361,.,.,blink
11:38:38.6366,.,.,blink
11:38:38.6371,.,.,blink
11:38:38.6376,.,.,blink
11:38:38.6381,.,.,blink
11:38:38.6386,.,.,blink
11:38:38.6391,.,.,blink
11:38:38.6396,.,.,blink
11:38:38.6401,.,.,blink
11:38:38.6406,.,.,blink
11:38:38.6411,.,.,blink
11:38:38.6416,.,.,blink
11:38:38.6421,.,.,blink
11:38:38.6426,.,.,blink
11:38:38.6431,.,.,blink
11:38:38.6436,.,.,blink
11:38:38.6441,.,.,blink
11:38:38.6446,.,.,blink
11:38:38.6451,.,.,blink
11:38:38.6456,.,.,blink
11:38:38.6461,.,.,blink
11:38:38.6466,.,.,blink
11:38:38.6471,.,.,blink
11:38:38.6476,.,.,blink
11:38:38.6481,.,.,blink
11:38:38.6486,.,.,blink
11:38:38.6491,.,.,blink
11:38:38.6496,.,.,blink
11:38:38.6501,.,.,blink
11:38:38.6506,.,.,blink
11:38:38.6511,.,.,blink
11:38:38.6516,.,.,blink
11:38:38.6521,.,.,blink
11:38:38.6526,.,.,blink
11:38:38.6531,.,.,blink
11:38:38.6536,.,.,blink
11:38:38.6541,.,.,blink
11:38:38.6546,.,.,blink
11:38:38.6551,.,.,blink
11:38:38.6556,.,.,blink
11:38:38.6561,.,.,blink
11:38:38.6566,.,.,blink
11:38:38.6571,.,.,blink
11:38:38.6576,.,.,blink
11:38:38.6581,.,.,blink
11:38:38.6586,.,.,blink
11:38:38.6591,.,.,blink
11:38:38.6596,.,.,blink
11:38:38.6601,.,.,blink
11:38:38.6606,.,.,blink
11:38:38.6611,.,.,blink
11:38:38.6616,.,.,blink
11:38:38.6621,.,.,blink
11:38:38.6626,.,.,blink
11:38:38.6631,.,.,blink
11:38:38.6636,.,.,blink
11:38:38.6641,.,.,blink
11:38:38.6646,.,.,blink
11:38:38.6651,.,.,blink
11:38:38.6656,.,.,blink
11:38:38.6661,.,.,blink
11:38:38.6666,.,.,blink
11:38:38.6671,.,.,blink
11:38:38.6676,.,.,blink
11:38:38.6681,.,.,blink
11:38:38.6686,.,.,blink
11:38:38.6691,.,.,blink
11:38:38.6696,.,.,blink
11:38:38.6701,.,.,blink
11:38:38.6706,.,.,blink
11:38:38.6711,.,.,blink
11:38:38.6716,.,.,blink
11:38:38.6721,.,.,blink
11:38:38.6726,.,.,blink
11:38:38.6731,.,.,blink
11:38:38.6736,.,.,blink
11:38:38.6741,.,.,blink
11:38:38.6746,.,.,blink
11:38:38.6751,.,.,blink
11:38:38.6756,.,.,blink
11:38:38.6761,.,.,blink
11:38:38.6766,.,.,blink
11:38:38.6771,.,.,blink
11:38:38.6776,.,.,blink
11:38:38.6781,.,.,blink
11:38:38.6786,.,.,blink
11:38:38.6791,.,.,blink
11:38:38.6796,.,.,blink
11:38:38.6801,.,.,blink
11:38:38.6806,.,.,blink
11:38:38.6811,.,.,blink
11:38:38.6816,.,.,blink
11:38:38.6821,.,.,blink
11:38:38.6826,.,.,blink
11:38:38.6831,.,.,blink
11:38:38.6836,.,.,blink
11:38:38.6841,.,.,blink
11:38:38.6846,.,.,blink
11:38:38.6851,.,.,blink
11:38:38.6856,.,.,blink
11:38:38.6861,.,.,blink
11:38:38.6866,.,.,blink
11:38:38.6871,.,.,blink
11:38:38.6876,.,.,blink
11:38:38.6881,.,.,blink
11:38:38.6886,.,.,blink
11:38:38.6891,.,.,blink
11:38:38.6896,.,.,blink
11:38:38.6901,.,.,blink
11:38:38.6906,.,.,blink
11:38:38.6911,.,.,blink
11:38:38.6916,.,.,blink
11:38:38.6921,.,.,blink
11:38:38.6926,.,.,blink
11:38:38.6931,.,.,blink
11:38:38.6936,.,.,blink
11:38:38.6941,.,.,blink
11:38:38.6946,.,.,blink
11:38:38.6951,.,.,blink
11:38:38.6956,.,.,blink
11:38:38.6961,.,.,blink
11:38:38.6966,.,.,blink
11:38:38.6971,.,.,blink
11:38:38.6976,.,.,blink
11:38:38.6981,.,.,blink
11:38:38.6986,.,.,blink
11:38:38.6991,.,.,blink
11:38:38.6996,.,.,blink
11:38:38.7001,.,.,blink
11:38:38.7006,.,.,blink
11:38:38.7011,.,.,blink
11:38:38.7016,.,.,blink
11:38:38.7021,.,.,blink
11:38:38.7026,.,.,blink
11:38:38.7031,.,.,blink
11:38:38.7036,.,.,blink
11:38:38.7041,.,.,blink
11:38:38.7046,.,.,blink
11:38:38.7051,.,.,blink
11:38:38.7056,.,.,blink
11:38:38.7061,.,.,blink
11:38:38.7066,.,.,blink
11:38:38.7071,.,.,blink
11:38:38.7076,.,.,blink
11:38:38.7081,.,.,blink
11:38:38.7086,.,.,blink
11:38:38.7091,.,.,blink
11:38:38.7096,.,.,blink
11:38:38.7101,.,.,blink
11:38:38.7106,.,.,blink
11:38:38.7111,.,.,blink
11:38:38.7116,.,.,blink
11:38:38.7121,.,.,blink
11:38:38.7126,.,.,blink
11:38:38.7131,.,.,blink
11:38:38.7136,.,.,blink
11:38:38.7141,.,.,blink
11:38:38.7146,.,.,blink
11:38:38.7151,.,.,blink
11:38:38.7156,.,.,blink
11:38:38.7161,.,.,blink
11:38:38.7166,.,.,blink
11:38:38.7171,.,.,blink
11:38:38.7176,.,.,blink
11:38:38.7181,.,.,blink
11:38:38.7186,.,.,blink
11:38:38.7191,.,.,blink
11:38:38.7196,.,.,blink
11:38:38.7201,.,.,blink
11:38:38.7206,.,.,blink
11:38:38.7211,.,.,blink
11:38:38.7216,.,.,blink
11:38:38.7221,.,.,blink
11:38:38.7226,.,.,blink
11:38:38.7231,.,.,blink
11:38:38.7236,.,.,blink
11:38:38.7241,.,.,blink
11:38:38.7246,.,.,blink
11:38:38.7251,.,.,blink
11:38:38.7256,.,.,blink
11:38:38.7261,.,.,blink
11:38:38.7266,.,.,blink
11:38:38.7271,.,.,blink
11:38:38.7276,.,.,blink
11:38:38.7281,816.3,307.5,fixation
11:38:38.7286,816.2,306.3,fixation
11:38:38.7291,816.1,305.8,fixation
11:38:38.7296,817.1,305.8,fixation
11:38:38.7301,817.7,310.5,fixation
11:38:38.7306,818.3,315.1,fixation
11:38:38.7311,817.4,318.7,fixation
11:38:38.7316,816.7,317.6,fixation
11:38:38.7321,817.0,316.6,fixation
11:38:38.7326,818.1,315.9,fixation
11:38:38.7331,818.6,314.4,fixation
11:38:38.7336,817.5,313.3,fixation
11:38:38.7341,816.2,312.9,fixation
11:38:38.7346,815.4,313.4,fixation
11:38:38.7351,816.0,313.4,fixation
11:38:38.7356,816.9,312.5,fixation
11:38:38.7361,817.8,311.6,fixation
11:38:38.7366,817.9,312.0,fixation
11:38:38.7371,817.9,313.3,fixation
11:38:38.7376,817.8,314.6,fixation
11:38:38.7381,818.0,314.6,fixation
11:38:38.7386,818.3,314.8,fixation
11:38:38.7391,819.1,315.3,fixation
11:38:38.7396,819.7,315.9,fixation
11:38:38.7401,820.0,316.5,fixation
11:38:38.7406,819.7,317.6,fixation
11:38:38.7411,819.5,317.9,fixation
11:38:38.7416,820.1,318.0,fixation
11:38:38.7421,820.8,317.5,fixation
11:38:38.7426,821.2,317.4,fixation
11:38:38.7431,821.0,317.5,fixation
11:38:38.7436,820.9,317.7,fixation
11:38:38.7441,821.1,317.8,fixation
11:38:38.7446,821.3,317.0,fixation
11:38:38.7451,821.5,316.1,fixation
11:38:38.7456,820.9,316.6,fixation
11:38:38.7461,820.3,318.0,fixation
11:38:38.7466,821.2,321.5,fixation
11:38:38.7471,822.7,323.6,fixation
11:38:38.7476,824.5,325.8,fixation
11:38:38.7481,824.7,326.0,fixation
11:38:38.7486,825.0,326.1,fixation
11:38:38.7491,823.6,325.6,fixation
11:38:38.7496,822.2,324.5,fixation
11:38:38.7501,822.2,323.3,fixation
11:38:38.7506,823.5,322.9,fixation
11:38:38.7511,824.0,323.2,fixation
11:38:38.7516,823.0,324.5,fixation
11:38:38.7521,822.3,325.6,fixation
11:38:38.7526,822.7,326.7,fixation
11:38:38.7531,824.1,327.2,fixation
11:38:38.7536,825.4,327.5,fixation
11:38:38.7541,825.0,327.6,fixation
11:38:38.7546,823.7,327.4,fixation
11:38:38.7551,822.2,327.4,fixation
11:38:38.7556,822.2,327.2,fixation
11:38:38.7561,822.3,326.9,fixation
11:38:38.7566,822.8,326.8,fixation
11:38:38.7571,824.3,326.8,fixation
11:38:38.7576,825.6,327.0,fixation
11:38:38.7581,825.6,327.0,fixation
11:38:38.7586,824.7,327.0,fixation
11:38:38.7591,823.8,327.0,fixation
11:38:38.7596,823.9,326.4,fixation
11:38:38.7601,824.0,325.8,fixation
11:38:38.7606,823.8,325.2,fixation
11:38:38.7611,823.3,326.4,fixation
11:38:38.7616,822.8,327.5,fixation
11:38:38.7621,822.3,328.6,fixation
11:38:38.7626,821.9,328.6,fixation
11:38:38.7631,821.5,328.6,fixation
11:38:38.7636,821.3,327.4,fixation
11:38:38.7641,821.5,325.0,fixation
11:38:38.7646,822.2,322.0,fixation
11:38:38.7651,822.8,320.4,fixation
11:38:38.7656,823.3,319.5,fixation
11:38:38.7661,824.0,319.2,fixation
11:38:38.7666,825.3,320.2,fixation
11:38:38.7671,826.5,321.5,fixation
11:38:38.7676,825.7,322.8,fixation
11:38:38.7681,824.0,323.0,fixation
11:38:38.7686,822.5,323.2,fixation
11:38:38.7691,822.2,323.3,fixation
11:38:38.7696,822.3,324.5,fixation
11:38:38.7701,821.7,325.7,fixation
11:38:38.7706,821.3,327.2,fixation
11:38:38.7711,821.0,327.4,fixation
11:38:38.7716,821.1,327.5,fixation
11:38:38.7721,820.9,327.2,fixation
11:38:38.7726,820.7,326.8,fixation
11:38:38.7731,820.6,326.6,fixation
11:38:38.7736,821.1,326.2,fixation
11:38:38.7741,822.0,325.4,fixation
11:38:38.7746,822.9,324.6,fixation
11:38:38.7751,823.4,324.2,fixation
11:38:38.7756,823.6,323.2,fixation
11:38:38.7761,823.9,322.1,fixation
11:38:38.7766,823.9,321.1,fixation
11:38:38.7771,823.3,321.1,fixation
11:38:38.7776,822.1,322.0,fixation
11:38:38.7781,821.1,323.1,fixation
11:38:38.7786,820.4,324.3,fixation
11:38:38.7791,820.7,324.5,fixation
11:38:38.7796,821.3,324.3,fixation
11:38:38.7801,822.0,323.6,fixation
11:38:38.7806,821.8,322.6,fixation
11:38:38.7811,821.5,319.8,fixation
11:38:38.7816,821.3,317.3,fixation
11:38:38.7821,821.5,316.1,fixation
11:38:38.7826,819.9,316.9,fixation
11:38:38.7831,818.2,317.7,fixation
11:38:38.7836,816.9,318.5,fixation
11:38:38.7841,817.4,319.3,fixation
11:38:38.7846,818.0,320.1,fixation
11:38:38.7851,818.3,320.1,fixation
11:38:38.7856,818.5,319.1,fixation
11:38:38.7861,819.0,318.1,fixation
11:38:38.7866,819.2,316.7,fixation
11:38:38.7871,819.2,316.3,fixation
11:38:38.7876,818.8,318.5,fixation
11:38:38.7881,818.7,321.1,fixation
11:38:38.7886,818.6,321.9,fixation
11:38:38.7891,818.5,320.1,fixation
11:38:38.7896,817.6,317.5,fixation
11:38:38.7901,816.5,316.8,fixation
11:38:38.7906,815.4,318.0,fixation
11:38:38.7911,815.3,319.9,fixation
11:38:38.7916,815.2,320.5,fixation
11:38:38.7921,815.2,319.0,fixation
11:38:38.7926,815.8,317.6,fixation
11:38:38.7931,817.1,318.3,fixation
11:38:38.7936,818.4,319.5,fixation
11:38:38.7941,819.1,320.8,fixation
11:38:38.7946,819.0,321.7,fixation
11:38:38.7951,818.8,322.4,fixation
11:38:38.7956,818.6,322.8,fixation
11:38:38.7961,818.5,322.2,fixation
11:38:38.7966,818.4,321.5,fixation
11:38:38.7971,818.1,321.0,fixation
11:38:38.7976,817.9,320.6,fixation
11:38:38.7981,818.3,319.2,fixation
11:38:38.7986,818.7,318.0,fixation
11:38:38.7991,819.0,317.4,fixation
11:38:38.7996,819.1,318.0,fixation
11:38:38.8001,819.3,318.5,fixation
11:38:38.8006,818.5,318.5,fixation
11:38:38.8011,817.6,317.7,fixation
11:38:38.8016,816.2,317.4,fixation
11:38:38.8021,815.8,317.4,fixation
11:38:38.8026,815.3,318.1,fixation
11:38:38.8031,815.4,318.6,fixation
11:38:38.8036,816.3,318.7,fixation
11:38:38.8041,817.1,318.5,fixation
11:38:38.8046,817.3,318.2,fixation
11:38:38.8051,816.5,317.8,fixation
11:38:38.8056,815.6,318.4,fixation
11:38:38.8061,815.4,319.0,fixation
11:38:38.8066,815.9,319.5,fixation
11:38:38.8071,816.6,319.7,fixation
11:38:38.8076,816.4,320.0,fixation
11:38:38.8081,815.7,319.5,fixation
11:38:38.8086,815.1,318.7,fixation
11:38:38.8091,815.5,318.2,fixation
11:38:38.8096,815.5,319.9,fixation
11:38:38.8101,815.3,321.3,fixation
11:38:38.8106,815.0,322.4,fixation
11:38:38.8111,814.8,320.2,fixation
11:38:38.8116,814.8,318.3,fixation
11:38:38.8121,815.2,318.8,fixation
11:38:38.8126,815.4,321.1,fixation
11:38:38.8131,815.6,322.6,fixation
11:38:38.8136,815.8,321.5,fixation
11:38:38.8141,817.4,320.5,fixation
11:38:38.8146,818.9,320.6,fixation
11:38:38.8151,820.0,321.0,fixation
11:38:38.8156,818.1,319.5,fixation
11:38:38.8161,816.3,317.7,fixation
11:38:38.8166,816.8,315.8,fixation
11:38:38.8171,819.3,315.8,fixation
11:38:38.8176,821.2,317.1,fixation
11:38:38.8181,820.5,318.5,fixation
11:38:38.8186,819.6,320.3,fixation
11:38:38.8191,819.2,320.6,fixation
11:38:38.8196,819.0,320.7,fixation
11:38:38.8201,819.0,319.9,fixation
11:38:38.8206,818.4,319.5,fixation
11:38:38.8211,817.8,319.6,fixation
11:38:38.8216,818.1,320.5,fixation
11:38:38.8221,819.0,321.3,fixation
11:38:38.8226,819.9,322.0,fixation
11:38:38.8231,819.9,321.5,fixation
11:38:38.8236,819.6,321.0,fixation
11:38:38.8241,819.0,320.5,fixation
11:38:38.8246,818.3,320.8,fixation
11:38:38.8251,817.8,321.0,fixation
11:38:38.8256,817.7,319.8,fixation
11:38:38.8261,817.6,318.2,fixation
11:38:38.8266,817.7,316.7,fixation
11:38:38.8271,818.7,316.7,fixation
11:38:38.8276,819.8,316.9,fixation
11:38:38.8281,820.8,317.2,fixation
11:38:38.8286,820.8,317.7,fixation
11:38:38.8291,820.6,318.0,fixation
11:38:38.8296,819.5,318.2,fixation
11:38:38.8301,818.4,318.3,fixation
11:38:38.8306,817.4,318.2,fixation
11:38:38.8311,817.4,318.1,fixation
11:38:38.8316,817.4,317.4,fixation
11:38:38.8321,817.1,316.9,fixation
11:38:38.8326,816.9,316.4,fixation
11:38:38.8331,816.6,316.5,fixation
11:38:38.8336,816.6,316.5,fixation
11:38:38.8341,817.5,317.0,fixation
11:38:38.8346,818.1,317.7,fixation
11:38:38.8351,818.6,318.4,fixation
11:38:38.8356,820.0,316.3,fixation
11:38:38.8361,821.8,314.1,fixation
11:38:38.8366,822.4,311.9,fixation
11:38:38.8371,821.4,312.5,fixation
11:38:38.8376,820.5,313.2,fixation
11:38:38.8381,820.8,313.7,fixation
11:38:38.8386,821.5,313.7,fixation
11:38:38.8391,821.8,313.4,fixation
11:38:38.8396,822.0,315.3,fixation
11:38:38.8401,822.0,317.3,fixation
11:38:38.8406,822.3,319.2,fixation
11:38:38.8411,822.3,319.1,fixation
11:38:38.8416,820.9,316.2,fixation
11:38:38.8421,819.3,313.4,fixation
11:38:38.8426,818.2,312.7,fixation
11:38:38.8431,817.8,315.3,fixation
11:38:38.8436,817.5,317.9,fixation
11:38:38.8441,817.5,318.1,fixation
11:38:38.8446,817.7,317.3,fixation
11:38:38.8451,817.9,316.5,fixation
11:38:38.8456,818.0,315.2,fixation
11:38:38.8461,818.8,314.3,fixation
11:38:38.8466,819.6,313.5,fixation
11:38:38.8471,820.6,313.8,fixation
11:38:38.8476,820.7,315.5,fixation
11:38:38.8481,819.7,317.2,fixation
11:38:38.8486,818.5,319.0,fixation
11:38:38.8491,817.1,319.2,fixation
11:38:38.8496,816.7,319.4,fixation
11:38:38.8501,816.4,318.8,fixation
11:38:38.8506,816.4,318.2,fixation
11:38:38.8511,816.3,319.1,fixation
11:38:38.8516,814.6,320.5,fixation
11:38:38.8521,812.8,322.5,fixation
11:38:38.8526,812.9,322.9,fixation
11:38:38.8531,814.6,322.7,fixation
11:38:38.8536,815.9,323.1,fixation
11:38:38.8541,815.5,323.5,fixation
11:38:38.8546,814.7,323.3,fixation
11:38:38.8551,814.2,321.8,fixation
11:38:38.8556,813.3,320.2,fixation
11:38:38.8561,812.8,319.6,fixation
11:38:38.8566,812.3,319.4,fixation
11:38:38.8571,812.6,319.4,fixation
11:38:38.8576,813.2,319.7,fixation
11:38:38.8581,813.7,320.4,fixation
11:38:38.8586,814.1,320.9,fixation
11:38:38.8591,813.9,321.1,fixation
11:38:38.8596,813.5,320.4,fixation
11:38:38.8601,813.5,320.3,fixation
11:38:38.8606,813.7,320.3,fixation
11:38:38.8611,813.9,320.7,fixation
11:38:38.8616,812.7,320.5,fixation
11:38:38.8621,811.7,320.7,fixation
11:38:38.8626,810.8,320.9,fixation
11:38:38.8631,810.9,319.1,fixation
11:38:38.8636,812.3,317.0,fixation
11:38:38.8641,813.6,318.0,fixation
11:38:38.8646,814.4,321.0,fixation
11:38:38.8651,813.9,321.4,fixation
11:38:38.8656,812.6,319.2,fixation
11:38:38.8661,811.6,316.9,fixation
11:38:38.8666,811.7,317.3,fixation
11:38:38.8671,812.7,317.2,fixation
11:38:38.8676,812.8,317.1,fixation
11:38:38.8681,811.9,316.9,fixation
11:38:38.8686,810.1,316.9,fixation
11:38:38.8691,809.2,317.7,fixation
11:38:38.8696,809.0,318.4,fixation
11:38:38.8701,809.7,319.6,fixation
11:38:38.8706,810.7,320.1,fixation
11:38:38.8711,810.9,319.8,fixation
11:38:38.8716,811.2,319.0,fixation
11:38:38.8721,811.0,318.1,fixation
11:38:38.8726,810.7,317.8,fixation
11:38:38.8731,811.0,317.5,fixation
11:38:38.8736,811.7,316.4,fixation
11:38:38.8741,812.9,315.7,fixation
11:38:38.8746,813.2,316.3,fixation
11:38:38.8751,813.8,317.7,fixation
11:38:38.8756,814.0,318.8,fixation
11:38:38.8761,813.7,318.4,fixation
11:38:38.8766,813.2,318.0,fixation
11:38:38.8771,813.4,318.7,fixation
11:38:38.8776,814.3,319.5,fixation
11:38:38.8781,814.4,320.4,fixation
11:38:38.8786,813.0,320.6,fixation
11:38:38.8791,811.7,320.7,fixation
11:38:38.8796,811.2,320.2,fixation
11:38:38.8801,812.3,319.5,fixation
11:38:38.8806,813.3,318.8,fixation
11:38:38.8811,813.5,318.8,fixation
11:38:38.8816,812.8,317.7,fixation
11:38:38.8821,812.1,316.6,fixation
11:38:38.8826,812.6,315.6,fixation
11:38:38.8831,813.2,315.7,fixation
11:38:38.8836,813.8,315.8,fixation
11:38:38.8841,813.6,315.6,fixation
11:38:38.8846,813.2,315.3,fixation
11:38:38.8851,812.9,314.9,fixation
11:38:38.8856,812.7,315.5,fixation
11:38:38.8861,812.8,316.3,fixation
11:38:38.8866,812.3,317.2,fixation
11:38:38.8871,811.8,317.3,fixation
11:38:38.8876,811.2,317.4,fixation
11:38:38.8881,811.1,317.2,fixation
11:38:38.8886,811.2,317.4,fixation
11:38:38.8891,811.3,318.2,fixation
11:38:38.8896,812.8,319.1,fixation
11:38:38.8901,814.4,317.2,fixation
11:38:38.8906,814.9,314.4,fixation
11:38:38.8911,814.0,311.6,fixation
11:38:38.8916,813.4,314.0,fixation
11:38:38.8921,813.8,316.5,fixation
11:38:38.8926,814.3,317.8,fixation
11:38:38.8931,814.0,316.7,fixation
11:38:38.8936,813.1,316.5,fixation
11:38:38.8941,812.2,317.4,fixation
11:38:38.8946,811.8,317.0,fixation
11:38:38.8951,812.0,315.7,fixation
11:38:38.8956,812.1,314.5,fixation
11:38:38.8961,812.1,314.5,fixation
11:38:38.8966,812.1,314.2,fixation
11:38:38.8971,812.5,314.1,fixation
11:38:38.8976,812.8,313.9,fixation
11:38:38.8981,813.1,313.8,fixation
11:38:38.8986,814.7,313.6,fixation
11:38:38.8991,816.5,312.9,fixation
11:38:38.8996,815.7,312.4,fixation
11:38:38.9001,813.2,312.4,fixation
11:38:38.9006,813.6,313.5,saccade
11:38:38.9011,815.9,313.5,saccade
11:38:38.9016,816.1,314.2,saccade
11:38:38.9021,814.7,314.8,saccade
11:38:38.9026,813.2,315.5,saccade
11:38:38.9031,812.6,315.6,saccade
11:38:38.9036,812.1,313.3,saccade
11:38:38.9041,811.5,310.9,saccade
11:38:38.9046,811.7,309.4,saccade
11:38:38.9051,811.6,310.2,saccade
11:38:38.9056,810.5,311.2,saccade
11:38:38.9061,809.5,312.0,saccade
11:38:38.9066,808.3,312.1,saccade
11:38:38.9071,808.1,311.7,saccade
11:38:38.9076,805.0,310.7,saccade
11:38:38.9081,802.1,310.2,saccade
11:38:38.9086,799.2,310.1,saccade
11:38:38.9091,796.7,310.0,saccade
11:38:38.9096,793.8,307.4,saccade
11:38:38.9101,790.9,304.8,saccade
11:38:38.9106,789.3,302.3,saccade
11:38:38.9111,788.1,302.4,saccade
11:38:38.9116,786.8,302.7,saccade
11:38:38.9121,785.4,302.7,saccade
11:38:38.9126,782.9,302.6,saccade
11:38:38.9131,780.4,302.3,saccade
11:38:38.9136,779.3,302.3,saccade
11:38:38.9141,779.4,302.3,saccade
11:38:38.9146,778.0,301.0,saccade
11:38:38.9151,776.7,299.8,saccade
11:38:38.9156,775.6,298.5,saccade
11:38:38.9161,776.1,298.4,saccade
11:38:38.9166,776.4,299.2,saccade
11:38:38.9171,776.4,300.2,saccade
11:38:38.9176,776.5,300.8,saccade
11:38:38.9181,776.2,300.1,fixation
11:38:38.9186,777.0,300.1,fixation
11:38:38.9191,778.1,300.1,fixation
11:38:38.9196,779.1,301.2,fixation
11:38:38.9201,779.8,302.2,fixation
11:38:38.9206,780.5,302.1,fixation
11:38:38.9211,781.3,300.9,fixation
11:38:38.9216,781.7,299.9,fixation
11:38:38.9221,782.0,300.3,fixation
11:38:38.9226,782.2,300.2,fixation
11:38:38.9231,782.3,299.9,fixation
11:38:38.9236,782.3,298.4,fixation
11:38:38.9241,782.3,297.4,fixation
11:38:38.9246,783.2,297.4,fixation
11:38:38.9251,784.2,299.3,fixation
11:38:38.9256,785.4,301.4,fixation
11:38:38.9261,785.4,302.8,fixation
11:38:38.9266,785.3,303.4,fixation
11:38:38.9271,785.5,303.9,fixation
11:38:38.9276,786.4,304.6,fixation
11:38:38.9281,787.9,305.1,fixation
11:38:38.9286,788.8,305.5,fixation
11:38:38.9291,788.9,305.6,fixation
11:38:38.9296,786.8,306.0,fixation
11:38:38.9301,784.8,306.9,fixation
11:38:38.9306,783.3,307.9,fixation
11:38:38.9311,784.2,309.6,fixation
11:38:38.9316,785.5,310.8,fixation
11:38:38.9321,786.0,310.0,fixation
11:38:38.9326,785.9,308.1,fixation
11:38:38.9331,785.6,306.5,fixation
11:38:38.9336,785.7,306.9,fixation
11:38:38.9341,785.8,307.3,fixation
11:38:38.9346,786.2,306.8,fixation
11:38:38.9351,786.7,306.4,fixation
11:38:38.9356,787.1,306.4,fixation
11:38:38.9361,787.2,306.8,fixation
11:38:38.9366,786.9,306.9,fixation
11:38:38.9371,786.5,306.6,fixation
11:38:38.9376,786.2,306.7,fixation
11:38:38.9381,786.4,306.8,fixation
11:38:38.9386,786.3,306.9,fixation
11:38:38.9391,786.1,304.8,fixation
11:38:38.9396,785.8,302.5,fixation
11:38:38.9401,785.6,300.8,fixation
11:38:38.9406,785.4,301.8,fixation
11:38:38.9411,785.4,302.8,fixation
11:38:38.9416,785.4,303.1,fixation
11:38:38.9421,785.5,302.8,fixation
11:38:38.9426,785.3,304.1,fixation
11:38:38.9431,784.8,306.0,fixation
11:38:38.9436,784.4,307.3,fixation
11:38:38.9441,783.9,307.0,fixation
11:38:38.9446,783.6,306.1,fixation
11:38:38.9451,783.1,305.9,fixation
11:38:38.9456,783.1,306.0,fixation
11:38:38.9461,783.4,306.0,fixation
11:38:38.9466,783.4,306.0,fixation
11:38:38.9471,783.5,305.9,fixation
11:38:38.9476,784.1,306.1,fixation
11:38:38.9481,785.1,306.3,fixation
11:38:38.9486,785.6,306.6,fixation
11:38:38.9491,785.1,306.2,fixation
11:38:38.9496,784.0,306.0,fixation
11:38:38.9501,782.8,305.9,fixation
11:38:38.9506,781.7,306.2,fixation
11:38:38.9511,781.5,304.6,fixation
11:38:38.9516,781.5,302.4,fixation
11:38:38.9521,781.5,300.2,fixation
11:38:38.9526,782.9,300.1,fixation
11:38:38.9531,784.7,301.1,fixation
11:38:38.9536,785.6,302.5,fixation
11:38:38.9541,784.7,303.7,fixation
11:38:38.9546,783.3,304.3,fixation
11:38:38.9551,782.6,304.2,fixation
11:38:38.9556,781.9,303.7,fixation
11:38:38.9561,781.7,302.7,fixation
11:38:38.9566,781.6,301.6,fixation
11:38:38.9571,781.5,301.4,fixation
11:38:38.9576,782.1,301.8,fixation
11:38:38.9581,782.8,302.2,fixation
11:38:38.9586,781.8,302.2,fixation
11:38:38.9591,780.0,302.8,fixation
11:38:38.9596,778.9,303.4,fixation
11:38:38.9601,779.7,303.0,fixation
11:38:38.9606,780.5,301.9,fixation
11:38:38.9611,780.7,300.8,fixation
11:38:38.9616,780.6,300.8,fixation
11:38:38.9621,780.4,300.6,fixation
11:38:38.9626,780.3,300.3,fixation
11:38:38.9631,780.3,301.0,fixation
11:38:38.9636,780.4,301.9,fixation
11:38:38.9641,780.4,302.4,fixation
11:38:38.9646,780.4,302.1,fixation
11:38:38.9651,780.5,301.6,fixation
11:38:38.9656,780.8,301.3,fixation
11:38:38.9661,781.2,298.8,fixation
11:38:38.9666,780.4,296.4,fixation
11:38:38.9671,779.5,294.2,fixation
11:38:38.9676,780.2,295.9,fixation
11:38:38.9681,781.7,299.1,fixation
11:38:38.9686,783.2,302.2,fixation
11:38:38.9691,782.9,303.6,fixation
11:38:38.9696,782.7,302.6,fixation
11:38:38.9701,782.6,300.5,fixation
11:38:38.9706,782.7,298.5,fixation
11:38:38.9711,782.6,298.0,fixation
11:38:38.9716,782.5,298.5,fixation
11:38:38.9721,782.3,299.4,fixation
11:38:38.9726,781.6,299.7,fixation
11:38:38.9731,780.9,300.0,fixation
11:38:38.9736,779.9,299.9,fixation
11:38:38.9741,779.6,299.7,fixation
11:38:38.9746,779.3,299.5,fixation
11:38:38.9751,779.3,299.4,fixation
11:38:38.9756,779.2,299.6,fixation
11:38:38.9761,779.2,299.6,fixation
11:38:38.9766,780.2,299.6,fixation
11:38:38.9771,781.0,300.4,fixation
11:38:38.9776,781.9,301.3,fixation
11:38:38.9781,782.2,301.2,fixation
11:38:38.9786,782.7,300.3,fixation
11:38:38.9791,783.1,299.3,fixation
11:38:38.9796,783.4,298.1,fixation
11:38:38.9801,783.6,297.0,fixation
11:38:38.9806,783.5,295.8,fixation
11:38:38.9811,783.1,298.6,fixation
11:38:38.9816,782.9,301.3,fixation
11:38:38.9821,783.3,304.1,fixation
11:38:38.9826,783.8,304.7,fixation
11:38:38.9831,783.1,305.2,fixation
11:38:38.9836,782.3,303.6,fixation
11:38:38.9841,781.4,301.5,fixation
11:38:38.9846,781.6,299.5,fixation
11:38:38.9851,781.2,299.9,fixation
11:38:38.9856,780.7,300.8,fixation
11:38:38.9861,780.4,301.8,fixation
11:38:38.9866,780.7,300.8,fixation
11:38:38.9871,780.9,300.4,fixation
11:38:38.9876,780.9,299.8,fixation
11:38:38.9881,781.4,300.7,fixation
11:38:38.9886,782.3,300.3,fixation
11:38:38.9891,783.4,299.9,fixation
11:38:38.9896,783.7,298.8,fixation
11:38:38.9901,784.1,297.9,fixation
11:38:38.9906,784.3,297.5,fixation
11:38:38.9911,785.0,298.0,fixation
11:38:38.9916,785.2,299.4,fixation
11:38:38.9921,785.4,300.7,fixation
11:38:38.9926,784.6,301.5,fixation
11:38:38.9931,783.8,300.9,fixation
11:38:38.9936,783.2,300.2,fixation
11:38:38.9941,783.1,300.7,fixation
11:38:38.9946,783.0,302.3,fixation
11:38:38.9951,783.0,304.0,fixation
11:38:38.9956,783.1,304.0,fixation
11:38:38.9961,783.2,303.5,fixation
11:38:38.9966,782.9,303.1,fixation
11:38:38.9971,782.7,303.7,fixation
11:38:38.9976,782.5,304.1,fixation
11:38:38.9981,782.8,302.3,fixation
11:38:38.9986,782.7,297.9,fixation
11:38:38.9991,782.5,293.5,fixation
11:38:38.9996,782.4,293.8,fixation
11:38:39.0001,782.6,296.5,fixation
11:38:39.0006,782.8,299.8,fixation
11:38:39.0011,784.0,300.6,fixation
11:38:39.0016,785.1,302.5,fixation
11:38:39.0021,786.1,303.4,fixation
11:38:39.0026,786.0,303.5,fixation
11:38:39.0031,785.8,302.7,fixation
11:38:39.0036,785.8,302.3,fixation
11:38:39.0041,784.7,302.0,fixation
11:38:39.0046,783.7,301.7,fixation
11:38:39.0051,784.7,301.3,fixation
11:38:39.0056,786.6,301.3,fixation
11:38:39.0061,788.4,302.2,fixation
11:38:39.0066,788.6,303.1,fixation
11:38:39.0071,788.9,304.3,fixation
11:38:39.0076,789.4,304.6,fixation
11:38:39.0081,789.4,305.6,fixation
11:38:39.0086,788.9,306.5,fixation
11:38:39.0091,786.9,307.4,fixation
11:38:39.0096,785.2,307.2,fixation
11:38:39.0101,784.0,306.2,fixation
11:38:39.0106,784.2,305.2,fixation
11:38:39.0111,784.0,304.1,fixation
11:38:39.0116,783.7,303.3,fixation
11:38:39.0121,783.5,302.3,fixation
11:38:39.0126,783.7,301.6,fixation
11:38:39.0131,784.0,301.7,fixation
11:38:39.0136,784.1,302.7,fixation
11:38:39.0141,784.6,304.2,fixation
11:38:39.0146,786.0,305.2,fixation
11:38:39.0151,787.4,305.7,fixation
11:38:39.0156,788.1,305.5,fixation
11:38:39.0161,787.6,305.3,fixation
11:38:39.0166,787.0,305.5,fixation
11:38:39.0171,786.7,305.9,fixation
11:38:39.0176,786.7,306.4,fixation
11:38:39.0181,786.4,306.6,fixation
11:38:39.0186,786.2,306.6,fixation
11:38:39.0191,785.8,306.6,fixation
11:38:39.0196,785.7,306.6,fixation
11:38:39.0201,785.5,306.6,fixation
11:38:39.0206,785.7,306.0,fixation
11:38:39.0211,786.2,305.4,fixation
11:38:39.0216,786.6,304.8,fixation
11:38:39.0221,786.7,306.6,fixation
11:38:39.0226,786.8,308.2,fixation
11:38:39.0231,786.8,309.7,fixation
11:38:39.0236,786.3,308.3,fixation
11:38:39.0241,785.6,306.9,fixation
11:38:39.0246,786.0,304.1,fixation
11:38:39.0251,787.0,302.5,fixation
11:38:39.0256,787.9,301.0,fixation
11:38:39.0261,787.8,301.1,fixation
11:38:39.0266,787.7,301.3,fixation
11:38:39.0271,788.3,301.7,fixation
11:38:39.0276,788.7,304.0,fixation
11:38:39.0281,789.5,306.2,fixation
11:38:39.0286,789.7,308.0,fixation
11:38:39.0291,789.3,307.5,fixation
11:38:39.0296,788.4,305.3,fixation
11:38:39.0301,787.2,303.4,fixation
11:38:39.0306,786.7,302.3,fixation
11:38:39.0311,786.3,303.5,fixation
11:38:39.0316,786.5,304.8,fixation
11:38:39.0321,786.8,305.7,fixation
11:38:39.0326,787.8,306.0,fixation
11:38:39.0331,788.4,306.4,fixation
11:38:39.0336,788.9,306.7,fixation
11:38:39.0341,788.5,308.3,fixation
11:38:39.0346,787.7,309.7,fixation
11:38:39.0351,787.2,308.5,fixation
11:38:39.0356,786.9,306.0,fixation
11:38:39.0361,786.4,303.2,fixation
11:38:39.0366,785.1,302.8,fixation
11:38:39.0371,783.6,305.0,fixation
11:38:39.0376,783.0,307.5,fixation
11:38:39.0381,783.1,310.0,fixation
11:38:39.0386,783.5,310.4,fixation
11:38:39.0391,784.0,310.8,fixation
11:38:39.0396,784.6,311.0,fixation
11:38:39.0401,785.7,310.8,fixation
11:38:39.0406,786.6,310.6,fixation
11:38:39.0411,787.3,309.7,fixation
11:38:39.0416,787.4,308.8,fixation
11:38:39.0421,787.4,307.9,fixation
11:38:39.0426,787.3,308.1,fixation
11:38:39.0431,787.1,308.6,fixation
11:38:39.0436,786.8,309.2,fixation
11:38:39.0441,786.6,309.3,fixation
11:38:39.0446,786.5,309.2,fixation
11:38:39.0451,787.6,309.2,fixation
11:38:39.0456,787.9,310.2,fixation
11:38:39.0461,788.2,311.1,fixation
11:38:39.0466,787.3,311.1,fixation
11:38:39.0471,787.3,310.5,fixation
11:38:39.0476,786.9,309.5,fixation
11:38:39.0481,786.6,309.2,fixation
11:38:39.0486,786.4,308.8,fixation
11:38:39.0491,786.5,308.2,fixation
11:38:39.0496,786.5,307.6,fixation
11:38:39.0501,787.4,307.0,fixation
11:38:39.0506,788.3,306.9,fixation
11:38:39.0511,789.2,306.6,fixation
11:38:39.0516,788.6,306.3,fixation
11:38:39.0521,788.0,306.2,fixation
11:38:39.0526,787.5,306.3,fixation
11:38:39.0531,787.6,306.3,fixation
11:38:39.0536,787.8,306.6,fixation
11:38:39.0541,788.0,307.0,fixation
11:38:39.0546,787.7,307.3,fixation
11:38:39.0551,787.3,307.2,fixation
11:38:39.0556,786.5,307.7,fixation
11:38:39.0561,786.2,308.2,fixation
11:38:39.0566,785.8,308.9,fixation
11:38:39.0571,785.5,308.9,fixation
11:38:39.0576,785.2,308.9,fixation
11:38:39.0581,785.3,308.8,fixation
11:38:39.0586,785.6,307.9,fixation
11:38:39.0591,785.8,306.4,fixation
11:38:39.0596,786.3,305.0,fixation
11:38:39.0601,787.6,304.6,fixation
11:38:39.0606,788.9,305.1,fixation
11:38:39.0611,789.0,305.4,fixation
11:38:39.0616,788.0,305.6,fixation
11:38:39.0621,786.8,305.4,fixation
11:38:39.0626,786.4,303.8,fixation
11:38:39.0631,786.6,302.1,fixation
11:38:39.0636,787.3,300.8,fixation
11:38:39.0641,787.7,300.9,fixation
11:38:39.0646,787.9,301.2,fixation
11:38:39.0651,789.3,303.6,fixation
11:38:39.0656,790.8,305.8,fixation
11:38:39.0661,792.1,307.8,fixation
11:38:39.0666,791.4,308.8,fixation
11:38:39.0671,790.6,309.9,fixation
11:38:39.0676,790.0,310.7,fixation
11:38:39.0681,790.3,310.4,fixation
11:38:39.0686,790.7,310.1,fixation
11:38:39.0691,791.1,309.2,fixation
11:38:39.0696,791.1,308.4,fixation
11:38:39.0701,791.0,307.5,fixation
11:38:39.0706,790.8,306.4,fixation
11:38:39.0711,789.8,305.2,fixation
11:38:39.0716,789.0,304.2,fixation
11:38:39.0721,788.2,304.4,fixation
11:38:39.0726,788.1,304.5,fixation
11:38:39.0731,788.2,303.8,fixation
11:38:39.0736,788.3,302.9,fixation
11:38:39.0741,788.2,304.3,fixation
11:38:39.0746,788.3,306.6,fixation
11:38:39.0751,788.4,308.6,fixation
11:38:39.0756,788.6,308.1,fixation
11:38:39.0761,788.3,306.6,fixation
11:38:39.0766,788.1,305.4,fixation
11:38:39.0771,787.9,304.5,fixation
11:38:39.0776,788.0,303.4,fixation
11:38:39.0781,788.4,302.3,fixation
11:38:39.0786,788.8,302.7,fixation
11:38:39.0791,789.3,304.2,fixation
11:38:39.0796,789.7,305.8,fixation
11:38:39.0801,789.9,306.7,fixation
11:38:39.0806,790.2,307.6,fixation
11:38:39.0811,790.4,308.0,fixation
11:38:39.0816,790.7,308.0,fixation
11:38:39.0821,791.4,308.3,fixation
11:38:39.0826,792.1,309.3,fixation
11:38:39.0831,792.9,309.6,fixation
11:38:39.0836,792.6,309.1,fixation
11:38:39.0841,791.8,308.2,fixation
11:38:39.0846,791.1,308.4,fixation
11:38:39.0851,790.9,309.1,fixation
11:38:39.0856,791.3,308.9,fixation
11:38:39.0861,790.5,307.3,fixation
11:38:39.0866,789.5,305.3,fixation
11:38:39.0871,788.1,304.7,fixation
11:38:39.0876,787.7,305.4,fixation
11:38:39.0881,787.3,306.6,fixation
11:38:39.0886,787.6,307.1,fixation
11:38:39.0891,787.9,307.2,fixation
11:38:39.0896,788.0,308.1,fixation
11:38:39.0901,788.5,309.0,fixation
11:38:39.0906,789.1,309.9,fixation
11:38:39.0911,789.1,309.2,fixation
11:38:39.0916,788.6,308.5,fixation
11:38:39.0921,788.9,308.0,fixation
11:38:39.0926,789.8,308.2,fixation
11:38:39.0931,789.5,307.6,fixation
11:38:39.0936,788.4,305.1,fixation
11:38:39.0941,787.3,302.6,fixation
11:38:39.0946,787.2,302.3,fixation
11:38:39.0951,787.1,303.9,fixation
11:38:39.0956,788.2,305.6,fixation
11:38:39.0961,789.5,305.0,fixation
11:38:39.0966,790.7,304.0,fixation
11:38:39.0971,790.6,303.2,fixation
11:38:39.0976,790.5,303.6,fixation
11:38:39.0981,790.5,304.9,fixation
11:38:39.0986,790.1,305.9,fixation
11:38:39.0991,789.8,306.9,fixation
11:38:39.0996,789.7,307.0,fixation
11:38:39.1001,790.1,306.7,fixation
11:38:39.1006,790.4,304.0,fixation
11:38:39.1011,790.6,301.4,fixation
11:38:39.1016,790.2,299.8,fixation
11:38:39.1021,789.8,300.5,fixation
11:38:39.1026,789.7,301.2,fixation
11:38:39.1031,790.1,301.5,fixation
11:38:39.1036,790.5,301.9,fixation
11:38:39.1041,790.5,302.2,fixation
11:38:39.1046,790.2,302.0,fixation
11:38:39.1051,789.5,301.4,fixation
11:38:39.1056,788.7,300.5,fixation
11:38:39.1061,788.3,300.1,fixation
11:38:39.1066,787.8,300.1,fixation
11:38:39.1071,787.4,300.3,fixation
11:38:39.1076,787.5,300.6,fixation
11:38:39.1081,788.1,300.5,fixation
11:38:39.1086,788.8,300.8,fixation
11:38:39.1091,789.0,301.3,fixation
11:38:39.1096,788.8,301.9,fixation
11:38:39.1101,788.4,302.3,fixation
11:38:39.1106,788.0,303.1,fixation
11:38:39.1111,788.0,303.7,fixation
11:38:39.1116,788.1,303.8,fixation
11:38:39.1121,788.5,303.3,fixation
11:38:39.1126,788.9,302.1,fixation
11:38:39.1131,789.3,301.2,fixation
11:38:39.1136,789.5,300.2,fixation
11:38:39.1141,789.6,300.6,fixation
11:38:39.1146,789.6,300.9,fixation
11:38:39.1151,789.5,300.2,fixation
11:38:39.1156,789.6,299.0,fixation
11:38:39.1161,789.6,297.8,fixation
11:38:39.1166,789.9,299.5,fixation
11:38:39.1171,789.8,301.2,fixation
11:38:39.1176,789.7,301.5,fixation
11:38:39.1181,789.3,300.1,fixation
11:38:39.1186,789.2,299.0,fixation
11:38:39.1191,789.2,299.4,fixation
11:38:39.1196,789.3,299.0,fixation
11:38:39.1201,788.9,298.2,fixation
11:38:39.1206,788.3,298.4,fixation
11:38:39.1211,788.4,300.5,fixation
11:38:39.1216,788.9,302.6,fixation
11:38:39.1221,789.5,303.5,fixation
11:38:39.1226,789.4,302.5,fixation
11:38:39.1231,789.5,301.5,fixation
11:38:39.1236,788.9,300.6,fixation
11:38:39.1241,788.5,300.4,fixation
11:38:39.1246,788.4,301.2,fixation
11:38:39.1251,788.9,302.2,fixation
11:38:39.1256,789.1,304.3,fixation
11:38:39.1261,788.0,305.2,fixation
11:38:39.1266,787.0,305.8,fixation
11:38:39.1271,786.8,305.1,fixation
11:38:39.1276,787.3,304.5,fixation
11:38:39.1281,787.7,304.3,fixation
11:38:39.1286,788.0,304.7,fixation
11:38:39.1291,788.6,305.1,fixation
11:38:39.1296,789.0,305.2,fixation
11:38:39.1301,788.9,305.0,fixation
11:38:39.1306,788.8,304.6,fixation
11:38:39.1311,788.3,304.2,fixation
11:38:39.1316,787.6,304.1,fixation
11:38:39.1321,787.8,304.2,fixation
11:38:39.1326,788.5,304.3,fixation
11:38:39.1331,789.2,304.7,fixation
11:38:39.1336,788.5,304.9,fixation
11:38:39.1341,787.8,305.5,fixation
11:38:39.1346,787.3,306.1,fixation
11:38:39.1351,787.5,307.1,fixation
11:38:39.1356,787.9,307.9,fixation
11:38:39.1361,788.4,306.9,fixation
11:38:39.1366,788.8,305.4,fixation
11:38:39.1371,789.0,304.9,fixation
11:38:39.1376,788.3,306.0,fixation
11:38:39.1381,787.3,307.0,fixation
11:38:39.1386,786.4,306.9,fixation
11:38:39.1391,785.6,306.6,fixation
11:38:39.1396,784.9,306.4,fixation
11:38:39.1401,784.1,306.3,fixation
11:38:39.1406,784.3,306.5,fixation
11:38:39.1411,784.7,306.5,fixation
11:38:39.1416,784.8,306.6,fixation
11:38:39.1421,784.8,306.4,fixation
11:38:39.1426,785.3,306.2,fixation
11:38:39.1431,786.1,306.4,fixation
11:38:39.1436,786.9,306.8,fixation
11:38:39.1441,787.4,307.0,fixation
11:38:39.1446,788.0,306.6,fixation
11:38:39.1451,787.7,305.3,fixation
11:38:39.1456,785.8,304.4,fixation
11:38:39.1461,783.8,303.7,fixation
11:38:39.1466,783.0,303.6,fixation
11:38:39.1471,783.4,303.3,fixation
11:38:39.1476,784.2,303.5,fixation
11:38:39.1481,784.8,304.1,fixation
11:38:39.1486,785.1,305.0,fixation
11:38:39.1491,785.1,305.4,fixation
11:38:39.1496,785.6,305.8,fixation
11:38:39.1501,786.2,305.3,fixation
11:38:39.1506,786.7,304.9,fixation
11:38:39.1511,786.6,305.0,fixation
11:38:39.1516,786.4,305.6,fixation
11:38:39.1521,786.2,306.2,fixation
11:38:39.1526,785.6,306.1,fixation
11:38:39.1531,784.7,305.9,fixation
11:38:39.1536,783.6,304.6,fixation
11:38:39.1541,783.3,303.2,fixation
11:38:39.1546,783.9,302.2,fixation
11:38:39.1551,784.8,302.5,fixation
11:38:39.1556,785.3,303.4,fixation
11:38:39.1561,785.5,304.3,fixation
11:38:39.1566,785.5,304.4,fixation
11:38:39.1571,785.6,304.1,fixation
11:38:39.1576,785.6,304.3,fixation
11:38:39.1581,785.5,304.7,fixation
11:38:39.1586,785.6,305.1,fixation
11:38:39.1591,785.8,304.8,fixation
11:38:39.1596,786.0,305.1,fixation
11:38:39.1601,785.5,305.2,fixation
11:38:39.1606,784.9,305.2,fixation
11:38:39.1611,784.6,303.7,fixation
11:38:39.1616,784.9,302.5,fixation
11:38:39.1621,786.2,301.6,fixation
11:38:39.1626,787.3,301.6,fixation
11:38:39.1631,788.4,301.4,fixation
11:38:39.1636,788.5,301.3,fixation
11:38:39.1641,788.5,301.1,fixation
11:38:39.1646,788.4,301.0,fixation
11:38:39.1651,788.4,300.5,fixation
11:38:39.1656,787.5,300.2,fixation
11:38:39.1661,786.5,300.2,fixation
11:38:39.1666,785.6,299.8,fixation
11:38:39.1671,785.7,299.3,fixation
11:38:39.1676,785.9,298.7,fixation
11:38:39.1681,786.4,298.6,fixation
11:38:39.1686,786.8,298.6,fixation
11:38:39.1691,786.5,298.6,fixation
11:38:39.1696,785.8,300.2,fixation
11:38:39.1701,784.8,301.8,fixation
11:38:39.1706,784.3,303.0,fixation
11:38:39.1711,784.3,301.5,fixation
11:38:39.1716,784.7,300.8,fixation
11:38:39.1721,786.7,301.3,fixation
11:38:39.1726,788.3,302.9,fixation
11:38:39.1731,789.2,302.9,fixation
11:38:39.1736,788.3,302.2,fixation
11:38:39.1741,787.8,300.7,fixation
11:38:39.1746,788.1,300.1,fixation
11:38:39.1751,788.0,299.4,fixation
11:38:39.1756,786.3,298.6,fixation
11:38:39.1761,784.7,297.7,fixation
11:38:39.1766,783.9,297.0,fixation
11:38:39.1771,784.5,297.5,fixation
11:38:39.1776,785.5,297.2,fixation
11:38:39.1781,786.2,296.5,fixation
11:38:39.1786,786.7,295.5,fixation
11:38:39.1791,786.7,295.3,fixation
11:38:39.1796,786.5,297.0,fixation
11:38:39.1801,787.4,298.7,fixation
11:38:39.1806,788.4,300.2,fixation
11:38:39.1811,787.2,299.7,fixation
11:38:39.1816,785.0,299.0,fixation
11:38:39.1821,783.4,298.3,fixation
11:38:39.1826,784.1,298.1,fixation
11:38:39.1831,784.8,298.4,fixation
11:38:39.1836,784.8,298.9,fixation
11:38:39.1841,785.8,299.1,fixation
11:38:39.1846,786.9,299.1,fixation
11:38:39.1851,787.7,298.9,fixation
11:38:39.1856,787.3,298.3,fixation
11:38:39.1861,786.8,297.7,fixation
11:38:39.1866,786.3,297.2,fixation
11:38:39.1871,784.3,296.9,fixation
11:38:39.1876,782.4,296.5,fixation
11:38:39.1881,782.5,298.6,fixation
11:38:39.1886,784.3,300.9,fixation
11:38:39.1891,786.2,301.2,fixation
11:38:39.1896,786.2,299.2,fixation
11:38:39.1901,786.4,297.2,fixation
11:38:39.1906,786.3,297.3,fixation
11:38:39.1911,786.1,297.4,fixation
11:38:39.1916,785.4,297.4,fixation
11:38:39.1921,784.7,297.6,fixation
11:38:39.1926,784.2,298.1,fixation
11:38:39.1931,783.9,298.8,fixation
11:38:39.1936,783.8,299.2,fixation
11:38:39.1941,783.7,299.9,fixation
11:38:39.1946,783.6,300.3,fixation
11:38:39.1951,784.9,300.8,fixation
11:38:39.1956,786.2,300.8,fixation
11:38:39.1961,786.8,301.4,fixation
11:38:39.1966,785.7,301.9,fixation
11:38:39.1971,784.8,302.3,fixation
11:38:39.1976,784.9,302.0,fixation
11:38:39.1981,785.2,301.6,fixation
11:38:39.1986,785.4,301.4,fixation
11:38:39.1991,785.5,301.4,fixation
11:38:39.1996,785.6,301.2,fixation
11:38:39.2001,785.7,300.8,fixation
11:38:39.2006,785.2,300.9,fixation
11:38:39.2011,784.4,301.8,fixation
11:38:39.2016,783.5,302.9,fixation
11:38:39.2021,783.4,303.3,fixation
11:38:39.2026,784.1,302.8,fixation
11:38:39.2031,785.2,302.3,fixation
11:38:39.2036,786.0,302.1,fixation
11:38:39.2041,786.4,302.7,fixation
11:38:39.2046,786.1,305.0,saccade
11:38:39.2051,786.3,305.6,saccade
11:38:39.2056,786.6,305.7,saccade
11:38:39.2061,788.3,303.8,saccade
11:38:39.2066,790.7,300.9,saccade
11:38:39.2071,793.0,297.9,saccade
11:38:39.2076,793.7,296.9,saccade
11:38:39.2081,793.7,296.9,saccade
11:38:39.2086,793.7,296.9,saccade
11:38:39.2091,793.9,296.8,saccade
11:38:39.2096,794.5,296.8,saccade
11:38:39.2101,796.5,297.5,saccade
11:38:39.2106,798.5,298.6,saccade
11:38:39.2111,800.4,299.6,saccade
11:38:39.2116,802.8,299.9,saccade
11:38:39.2121,804.9,299.3,saccade
11:38:39.2126,806.7,298.9,saccade
11:38:39.2131,808.5,298.8,saccade
11:38:39.2136,810.7,295.9,saccade
11:38:39.2141,812.9,292.8,saccade
11:38:39.2146,813.0,289.6,saccade
11:38:39.2151,814.0,290.4,saccade
11:38:39.2156,815.1,291.2,saccade
11:38:39.2161,816.1,292.2,saccade
11:38:39.2166,817.0,292.8,saccade
11:38:39.2171,817.8,293.2,saccade
11:38:39.2176,817.2,293.4,saccade
11:38:39.2181,815.6,293.2,saccade
11:38:39.2186,814.1,293.7,saccade
11:38:39.2191,813.6,294.3,saccade
11:38:39.2196,812.9,295.3,saccade
11:38:39.2201,812.1,295.7,saccade
11:38:39.2206,809.6,295.9,saccade
11:38:39.2211,807.4,295.8,saccade
11:38:39.2216,805.3,295.9,saccade
11:38:39.2221,804.0,296.2,fixation
11:38:39.2226,803.0,297.8,fixation
11:38:39.2231,802.7,299.6,fixation
11:38:39.2236,802.4,301.4,fixation
11:38:39.2241,802.4,301.1,fixation
11:38:39.2246,802.3,300.7,fixation
11:38:39.2251,802.2,300.4,fixation
11:38:39.2256,802.8,300.5,fixation
11:38:39.2261,803.5,300.6,fixation
11:38:39.2266,804.2,300.3,fixation
11:38:39.2271,804.2,299.5,fixation
11:38:39.2276,804.1,298.7,fixation
11:38:39.2281,803.9,298.2,fixation
11:38:39.2286,803.7,297.4,fixation
11:38:39.2291,803.6,296.4,fixation
11:38:39.2296,803.8,294.7,fixation
11:38:39.2301,804.4,294.0,fixation
11:38:39.2306,805.0,293.7,fixation
11:38:39.2311,806.2,293.7,fixation
11:38:39.2316,807.1,293.4,fixation
11:38:39.2321,807.9,293.5,fixation
11:38:39.2326,808.2,293.9,fixation
11:38:39.2331,808.6,294.3,fixation
11:38:39.2336,807.8,294.3,fixation
11:38:39.2341,806.7,294.2,fixation
11:38:39.2346,805.8,294.3,fixation
11:38:39.2351,805.9,294.4,fixation
11:38:39.2356,806.1,294.4,fixation
11:38:39.2361,806.0,296.1,fixation
11:38:39.2366,806.0,297.8,fixation
11:38:39.2371,805.9,298.5,fixation
11:38:39.2376,805.8,297.5,fixation
11:38:39.2381,805.6,296.5,fixation
11:38:39.2386,805.3,296.6,fixation
11:38:39.2391,805.6,296.9,fixation
11:38:39.2396,806.1,297.2,fixation
11:38:39.2401,806.3,297.4,fixation
11:38:39.2406,806.0,297.4,fixation
11:38:39.2411,805.2,297.2,fixation
11:38:39.2416,804.7,297.1,fixation
11:38:39.2421,804.0,299.0,fixation
11:38:39.2426,803.8,301.0,fixation
11:38:39.2431,803.7,302.4,fixation
11:38:39.2436,803.8,301.5,fixation
11:38:39.2441,803.5,300.9,fixation
11:38:39.2446,802.8,300.7,fixation
11:38:39.2451,802.2,299.7,fixation
11:38:39.2456,803.2,299.1,fixation
11:38:39.2461,804.4,299.2,fixation
11:38:39.2466,805.5,302.2,fixation
11:38:39.2471,805.6,304.2,fixation
11:38:39.2476,805.8,305.2,fixation
11:38:39.2481,806.2,304.4,fixation
11:38:39.2486,806.3,302.4,fixation
11:38:39.2491,805.4,300.6,fixation
11:38:39.2496,804.4,298.9,fixation
11:38:39.2501,804.6,298.8,fixation
11:38:39.2506,805.8,298.7,fixation
11:38:39.2511,807.0,298.7,fixation
11:38:39.2516,807.1,298.6,fixation
11:38:39.2521,807.2,298.7,fixation
11:38:39.2526,807.4,298.7,fixation
11:38:39.2531,807.6,298.8,fixation
11:38:39.2536,807.8,299.0,fixation
11:38:39.2541,807.9,299.3,fixation
11:38:39.2546,808.1,299.5,fixation
11:38:39.2551,808.2,299.5,fixation
11:38:39.2556,807.8,299.4,fixation
11:38:39.2561,807.5,299.4,fixation
11:38:39.2566,807.2,299.5,fixation
11:38:39.2571,807.4,299.2,fixation
11:38:39.2576,807.7,298.8,fixation
11:38:39.2581,807.9,298.4,fixation
11:38:39.2586,807.9,298.9,fixation
11:38:39.2591,809.2,299.4,fixation
11:38:39.2596,810.4,299.9,fixation
11:38:39.2601,810.8,299.9,fixation
11:38:39.2606,809.4,299.9,fixation
11:38:39.2611,807.7,299.8,fixation
11:38:39.2616,807.0,299.7,fixation
11:38:39.2621,806.9,299.5,fixation
11:38:39.2626,807.9,299.4,fixation
11:38:39.2631,808.7,299.6,fixation
11:38:39.2636,808.2,299.9,fixation
11:38:39.2641,807.0,299.7,fixation
11:38:39.2646,805.9,299.2,fixation
11:38:39.2651,806.1,299.2,fixation
11:38:39.2656,806.4,299.8,fixation
11:38:39.2661,806.5,300.3,fixation
11:38:39.2666,806.8,300.4,fixation
11:38:39.2671,806.9,300.5,fixation
11:38:39.2676,805.7,298.5,fixation
11:38:39.2681,804.5,296.6,fixation
11:38:39.2686,803.6,296.0,fixation
11:38:39.2691,804.4,297.4,fixation
11:38:39.2696,804.9,298.3,fixation
11:38:39.2701,805.3,298.0,fixation
11:38:39.2706,806.2,297.7,fixation
11:38:39.2711,807.0,297.9,fixation
11:38:39.2716,807.9,297.3,fixation
11:38:39.2721,809.5,296.7,fixation
11:38:39.2726,811.0,295.9,fixation
11:38:39.2731,811.8,295.7,fixation
11:38:39.2736,810.0,295.5,fixation
11:38:39.2741,808.2,295.4,fixation
11:38:39.2746,807.1,296.3,fixation
11:38:39.2751,807.0,297.3,fixation
11:38:39.2756,807.2,298.3,fixation
11:38:39.2761,807.5,298.5,fixation
11:38:39.2766,806.2,298.5,fixation
11:38:39.2771,804.5,298.6,fixation
11:38:39.2776,805.2,299.2,fixation
11:38:39.2781,807.5,299.9,fixation
11:38:39.2786,810.4,299.0,fixation
11:38:39.2791,810.8,297.5,fixation
11:38:39.2796,811.0,295.8,fixation
11:38:39.2801,810.0,295.3,fixation
11:38:39.2806,809.3,294.8,fixation
11:38:39.2811,809.5,295.9,fixation
11:38:39.2816,810.2,297.5,fixation
11:38:39.2821,809.1,299.4,fixation
11:38:39.2826,807.2,300.2,fixation
11:38:39.2831,805.7,300.6,fixation
11:38:39.2836,805.9,300.5,fixation
11:38:39.2841,806.2,300.2,fixation
11:38:39.2846,806.4,299.3,fixation
11:38:39.2851,806.6,298.1,fixation
11:38:39.2856,807.3,296.9,fixation
11:38:39.2861,807.9,296.8,fixation
11:38:39.2866,808.4,297.7,fixation
11:38:39.2871,808.4,299.0,fixation
11:38:39.2876,807.9,300.1,fixation
11:38:39.2881,807.1,300.8,fixation
11:38:39.2886,806.3,300.4,fixation
11:38:39.2891,807.6,299.6,fixation
11:38:39.2896,809.2,298.8,fixation
11:38:39.2901,811.3,298.8,fixation
11:38:39.2906,811.7,299.1,fixation
11:38:39.2911,810.9,299.8,fixation
11:38:39.2916,809.7,300.3,fixation
11:38:39.2921,807.4,299.6,fixation
11:38:39.2926,806.4,298.4,fixation
11:38:39.2931,805.6,297.6,fixation
11:38:39.2936,806.3,297.4,fixation
11:38:39.2941,806.6,296.8,fixation
11:38:39.2946,806.6,296.3,fixation
11:38:39.2951,806.6,296.2,fixation
11:38:39.2956,807.0,296.5,fixation
11:38:39.2961,807.5,296.1,fixation
11:38:39.2966,807.5,295.4,fixation
11:38:39.2971,807.6,294.7,fixation
11:38:39.2976,807.7,294.7,fixation
11:38:39.2981,807.7,295.0,fixation
11:38:39.2986,808.0,295.0,fixation
11:38:39.2991,808.3,294.6,fixation
11:38:39.2996,808.4,296.4,fixation
11:38:39.3001,808.4,298.4,fixation
11:38:39.3006,808.6,298.9,fixation
11:38:39.3011,809.4,297.5,fixation
11:38:39.3016,810.2,296.1,fixation
11:38:39.3021,810.3,295.8,fixation
11:38:39.3026,809.5,295.5,fixation
11:38:39.3031,808.9,295.9,fixation
11:38:39.3036,808.9,296.7,fixation
11:38:39.3041,809.3,297.4,fixation
11:38:39.3046,809.6,297.4,fixation
11:38:39.3051,809.6,296.8,fixation
11:38:39.3056,809.5,296.3,fixation
11:38:39.3061,809.3,296.8,fixation
11:38:39.3066,809.5,297.7,fixation
11:38:39.3071,809.9,298.5,fixation
11:38:39.3076,810.3,298.3,fixation
11:38:39.3081,809.9,299.1,fixation
11:38:39.3086,809.1,299.7,fixation
11:38:39.3091,808.5,300.0,fixation
11:38:39.3096,808.3,298.0,fixation
11:38:39.3101,808.4,296.4,fixation
11:38:39.3106,808.4,295.4,fixation
11:38:39.3111,808.2,295.7,fixation
11:38:39.3116,807.6,295.6,fixation
11:38:39.3121,807.1,295.3,fixation
11:38:39.3126,806.6,297.1,fixation
11:38:39.3131,806.8,299.5,fixation
11:38:39.3136,807.3,300.4,fixation
11:38:39.3141,807.6,298.9,fixation
11:38:39.3146,807.7,298.8,fixation
11:38:39.3151,807.5,300.0,fixation
11:38:39.3156,807.4,300.1,fixation
11:38:39.3161,807.7,298.5,fixation
11:38:39.3166,808.0,296.9,fixation
11:38:39.3171,807.1,296.5,fixation
11:38:39.3176,806.1,296.6,fixation
11:38:39.3181,805.2,296.7,fixation
11:38:39.3186,805.3,297.8,fixation
11:38:39.3191,805.4,298.7,fixation
11:38:39.3196,805.3,299.6,fixation
11:38:39.3201,805.0,298.2,fixation
11:38:39.3206,804.8,296.8,fixation
11:38:39.3211,805.3,295.5,fixation
11:38:39.3216,806.0,295.5,fixation
11:38:39.3221,806.4,295.4,fixation
11:38:39.3226,805.7,295.1,fixation
11:38:39.3231,804.4,294.9,fixation
11:38:39.3236,803.7,294.7,fixation
11:38:39.3241,803.5,294.3,fixation
11:38:39.3246,804.0,294.4,fixation
11:38:39.3251,804.6,295.1,fixation
11:38:39.3256,805.1,296.0,fixation
11:38:39.3261,804.4,294.3,fixation
11:38:39.3266,803.2,292.1,fixation
11:38:39.3271,801.5,291.8,fixation
11:38:39.3276,800.8,293.7,fixation
11:38:39.3281,801.8,295.1,fixation
11:38:39.3286,804.1,294.1,fixation
11:38:39.3291,806.4,293.1,fixation
11:38:39.3296,806.3,293.6,fixation
11:38:39.3301,805.5,296.0,fixation
11:38:39.3306,804.8,298.3,fixation
11:38:39.3311,804.9,299.8,fixation
11:38:39.3316,805.2,300.0,fixation
11:38:39.3321,805.6,296.1,fixation
11:38:39.3326,806.0,292.0,fixation
11:38:39.3331,805.6,290.4,fixation
11:38:39.3336,804.1,292.9,fixation
11:38:39.3341,802.6,295.8,fixation
11:38:39.3346,802.0,296.2,fixation
11:38:39.3351,802.3,296.6,fixation
11:38:39.3356,803.1,295.8,fixation
11:38:39.3361,803.5,295.0,fixation
11:38:39.3366,804.5,294.2,fixation
11:38:39.3371,805.1,294.5,fixation
11:38:39.3376,804.2,294.8,fixation
11:38:39.3381,802.5,295.1,fixation
11:38:39.3386,801.4,295.1,fixation
11:38:39.3391,801.9,294.6,fixation
11:38:39.3396,803.4,294.1,fixation
11:38:39.3401,804.5,293.6,fixation
11:38:39.3406,805.8,293.7,fixation
11:38:39.3411,806.1,293.9,fixation
11:38:39.3416,805.7,294.2,fixation
11:38:39.3421,804.8,294.4,fixation
11:38:39.3426,803.9,294.1,fixation
11:38:39.3431,803.4,293.6,fixation
11:38:39.3436,803.2,294.3,fixation
11:38:39.3441,804.3,295.3,fixation
11:38:39.3446,805.6,295.6,fixation
11:38:39.3451,805.5,294.7,fixation
11:38:39.3456,804.0,294.4,fixation
11:38:39.3461,803.6,295.5,fixation
11:38:39.3466,804.6,296.5,fixation
11:38:39.3471,805.5,297.0,fixation
11:38:39.3476,805.2,296.9,fixation
11:38:39.3481,804.8,298.3,fixation
11:38:39.3486,804.2,299.7,fixation
11:38:39.3491,803.8,299.1,fixation
11:38:39.3496,803.9,297.7,fixation
11:38:39.3501,804.3,296.8,fixation
11:38:39.3506,804.6,297.8,fixation
11:38:39.3511,804.7,298.2,fixation
11:38:39.3516,804.5,298.2,fixation
11:38:39.3521,804.2,297.1,fixation
11:38:39.3526,803.8,296.0,fixation
11:38:39.3531,803.7,294.2,fixation
11:38:39.3536,803.7,293.5,fixation
11:38:39.3541,803.6,295.6,fixation
11:38:39.3546,804.4,298.4,fixation
11:38:39.3551,805.3,299.6,fixation
11:38:39.3556,806.4,298.1,fixation
11:38:39.3561,805.8,296.6,fixation
11:38:39.3566,805.1,296.6,fixation
11:38:39.3571,804.3,296.6,fixation
11:38:39.3576,804.1,296.2,fixation
11:38:39.3581,804.0,295.4,fixation
11:38:39.3586,804.1,294.2,fixation
11:38:39.3591,804.2,293.2,fixation
11:38:39.3596,804.4,292.3,fixation
11:38:39.3601,804.2,291.4,fixation
11:38:39.3606,803.9,290.7,fixation
11:38:39.3611,804.4,290.3,fixation
11:38:39.3616,804.3,290.3,fixation
11:38:39.3621,804.2,290.6,fixation
11:38:39.3626,804.5,291.0,fixation
11:38:39.3631,806.0,291.5,fixation
11:38:39.3636,808.0,292.0,fixation
11:38:39.3641,808.8,292.4,fixation
11:38:39.3646,809.6,292.6,fixation
11:38:39.3651,809.8,293.3,fixation
11:38:39.3656,810.0,294.1,fixation
11:38:39.3661,810.1,295.1,fixation
11:38:39.3666,809.6,295.6,fixation
11:38:39.3671,808.8,296.2,fixation
11:38:39.3676,808.0,296.3,fixation
11:38:39.3681,807.4,296.3,fixation
11:38:39.3686,806.5,296.0,fixation
11:38:39.3691,805.5,295.6,fixation
11:38:39.3696,804.8,295.3,fixation
11:38:39.3701,804.9,296.1,fixation
11:38:39.3706,805.0,297.1,fixation
11:38:39.3711,805.1,297.4,fixation
11:38:39.3716,805.3,295.8,fixation
11:38:39.3721,806.3,294.3,fixation
11:38:39.3726,807.1,293.7,fixation
11:38:39.3731,807.8,293.9,fixation
11:38:39.3736,806.5,291.6,fixation
11:38:39.3741,805.1,289.2,fixation
11:38:39.3746,804.5,287.7,fixation
11:38:39.3751,806.3,288.0,fixation
11:38:39.3756,808.1,288.4,fixation
11:38:39.3761,808.1,287.9,fixation
11:38:39.3766,806.9,288.5,fixation
11:38:39.3771,806.6,289.6,fixation
11:38:39.3776,807.4,290.8,fixation
11:38:39.3781,808.3,290.1,fixation
11:38:39.3786,808.5,289.5,fixation
11:38:39.3791,808.7,289.5,fixation
11:38:39.3796,808.3,292.7,fixation
11:38:39.3801,807.8,295.2,fixation
11:38:39.3806,807.6,295.5,fixation
11:38:39.3811,807.9,293.6,fixation
11:38:39.3816,808.5,291.8,fixation
11:38:39.3821,809.2,291.5,fixation
11:38:39.3826,810.2,291.5,fixation
11:38:39.3831,810.8,291.5,fixation
11:38:39.3836,810.8,291.4,fixation
11:38:39.3841,810.6,292.2,fixation
11:38:39.3846,811.3,293.1,fixation
11:38:39.3851,812.1,293.8,fixation
11:38:39.3856,811.3,293.7,fixation
11:38:39.3861,809.6,293.5,fixation
11:38:39.3866,808.0,292.7,fixation
11:38:39.3871,808.5,292.0,fixation
11:38:39.3876,809.0,291.3,fixation
11:38:39.3881,809.7,291.5,fixation
11:38:39.3886,810.1,292.1,fixation
11:38:39.3891,810.3,293.0,fixation
11:38:39.3896,809.7,293.9,fixation
11:38:39.3901,809.0,293.8,fixation
11:38:39.3906,808.3,293.4,fixation
11:38:39.3911,808.3,293.3,fixation
11:38:39.3916,808.0,293.7,fixation
11:38:39.3921,807.5,294.0,fixation
11:38:39.3926,807.5,293.7,fixation
11:38:39.3931,807.6,293.4,fixation
11:38:39.3936,808.0,293.8,fixation
11:38:39.3941,807.9,294.5,fixation
11:38:39.3946,807.3,295.4,fixation
11:38:39.3951,807.2,295.7,fixation
11:38:39.3956,807.2,295.9,fixation
11:38:39.3961,807.6,295.9,fixation
11:38:39.3966,807.1,296.5,fixation
11:38:39.3971,806.4,297.1,fixation
11:38:39.3976,805.4,297.1,fixation
11:38:39.3981,805.0,296.5,fixation
11:38:39.3986,804.6,296.5,fixation
11:38:39.3991,804.5,297.1,fixation
11:38:39.3996,804.1,296.8,fixation
11:38:39.4001,803.7,295.8,fixation
11:38:39.4006,805.3,295.0,fixation
11:38:39.4011,807.2,295.3,fixation
11:38:39.4016,808.1,295.0,fixation
11:38:39.4021,807.1,294.5,fixation
11:38:39.4026,806.5,294.1,fixation
11:38:39.4031,807.0,294.3,fixation
11:38:39.4036,807.7,294.9,fixation
11:38:39.4041,808.0,295.7,fixation
11:38:39.4046,807.3,296.6,fixation
11:38:39.4051,806.4,297.2,fixation
11:38:39.4056,805.7,297.5,fixation
11:38:39.4061,805.9,297.8,fixation
11:38:39.4066,806.0,298.4,fixation
11:38:39.4071,806.0,299.0,fixation
11:38:39.4076,804.9,299.3,fixation
11:38:39.4081,803.6,298.8,fixation
11:38:39.4086,802.4,298.4,fixation
11:38:39.4091,802.2,299.3,fixation
11:38:39.4096,802.2,300.4,fixation
11:38:39.4101,802.9,300.9,fixation
11:38:39.4106,804.1,299.8,fixation
11:38:39.4111,806.1,298.7,fixation
11:38:39.4116,807.5,298.2,fixation
11:38:39.4121,807.1,298.4,fixation
11:38:39.4126,805.5,298.6,fixation
11:38:39.4131,803.9,299.2,fixation
11:38:39.4136,804.2,299.5,fixation
11:38:39.4141,804.7,299.8,fixation
11:38:39.4146,804.6,299.8,fixation
11:38:39.4151,803.9,299.2,fixation
11:38:39.4156,803.2,298.7,fixation
11:38:39.4161,803.1,298.4,fixation
11:38:39.4166,802.9,298.7,fixation
11:38:39.4171,803.1,298.8,fixation
11:38:39.4176,803.6,299.2,fixation
11:38:39.4181,804.3,299.9,fixation
11:38:39.4186,804.6,300.5,fixation
11:38:39.4191,804.3,300.4,fixation
11:38:39.4196,803.9,300.1,fixation
11:38:39.4201,803.6,298.5,fixation
11:38:39.4206,804.1,297.4,fixation
11:38:39.4211,805.5,297.7,fixation
11:38:39.4216,806.9,299.2,fixation
11:38:39.4221,807.2,300.5,fixation
11:38:39.4226,806.2,300.0,fixation
11:38:39.4231,805.4,298.4,fixation
11:38:39.4236,805.5,296.9,fixation
11:38:39.4241,806.2,296.5,fixation
11:38:39.4246,806.5,297.3,fixation
11:38:39.4251,806.6,298.1,fixation
11:38:39.4256,806.6,298.6,fixation
11:38:39.4261,806.9,299.1,fixation
11:38:39.4266,807.0,299.7,fixation
11:38:39.4271,807.1,299.8,fixation
11:38:39.4276,806.6,298.0,fixation
11:38:39.4281,805.8,296.0,fixation
11:38:39.4286,804.2,294.0,fixation
11:38:39.4291,802.9,294.2,fixation
11:38:39.4296,801.9,294.6,fixation
11:38:39.4301,801.9,294.9,fixation
11:38:39.4306,801.6,295.1,fixation
11:38:39.4311,801.1,295.3,fixation
11:38:39.4316,800.6,295.3,fixation
11:38:39.4321,800.8,295.1,fixation
11:38:39.4326,801.7,294.1,fixation
11:38:39.4331,802.5,292.6,fixation
11:38:39.4336,803.1,291.3,fixation
11:38:39.4341,803.3,290.3,fixation
11:38:39.4346,803.4,290.0,fixation
11:38:39.4351,803.4,290.1,fixation
11:38:39.4356,804.6,290.7,fixation
11:38:39.4361,805.9,291.5,fixation
11:38:39.4366,805.9,292.5,fixation
11:38:39.4371,804.5,293.3,fixation
11:38:39.4376,803.2,294.3,fixation
11:38:39.4381,803.3,294.7,fixation
11:38:39.4386,803.5,294.1,fixation
11:38:39.4391,803.5,293.5,fixation
11:38:39.4396,803.7,293.2,fixation
11:38:39.4401,803.7,294.0,fixation
11:38:39.4406,803.7,293.9,fixation
11:38:39.4411,803.4,293.0,fixation
11:38:39.4416,803.2,292.3,fixation
11:38:39.4421,803.0,292.0,fixation
11:38:39.4426,803.0,292.1,fixation
11:38:39.4431,803.0,292.5,fixation
11:38:39.4436,802.7,292.8,fixation
11:38:39.4441,802.2,292.2,fixation
11:38:39.4446,801.8,291.3,fixation
11:38:39.4451,802.8,290.2,fixation
11:38:39.4456,804.0,289.7,fixation
11:38:39.4461,805.3,289.2,fixation
11:38:39.4466,805.4,288.9,fixation
11:38:39.4471,804.9,288.6,fixation
11:38:39.4476,804.4,288.4,fixation
11:38:39.4481,803.3,288.1,fixation
11:38:39.4486,802.9,288.1,fixation
11:38:39.4491,803.0,288.9,fixation
11:38:39.4496,803.5,290.7,fixation
11:38:39.4501,803.8,292.3,fixation
11:38:39.4506,803.6,293.0,fixation
11:38:39.4511,804.5,292.9,fixation
11:38:39.4516,805.7,292.7,fixation
11:38:39.4521,805.9,291.9,fixation
11:38:39.4526,805.0,291.1,fixation
11:38:39.4531,805.3,289.9,fixation
11:38:39.4536,806.4,289.6,fixation
11:38:39.4541,806.8,289.4,fixation
11:38:39.4546,805.8,289.1,fixation
11:38:39.4551,804.7,288.6,fixation
11:38:39.4556,804.9,288.7,fixation
11:38:39.4561,805.3,289.1,fixation
11:38:39.4566,806.0,289.5,fixation
11:38:39.4571,806.4,289.5,fixation
11:38:39.4576,807.1,291.5,saccade
11:38:39.4581,805.6,292.4,saccade
11:38:39.4586,804.1,292.9,saccade
11:38:39.4591,803.3,293.4,saccade
11:38:39.4596,803.5,293.9,saccade
11:38:39.4601,803.7,294.5,saccade
11:38:39.4606,804.0,295.0,saccade
11:38:39.4611,805.2,294.0,saccade
11:38:39.4616,806.8,292.7,saccade
11:38:39.4621,807.9,290.8,saccade
11:38:39.4626,808.5,289.8,saccade
11:38:39.4631,808.8,288.8,saccade
11:38:39.4636,810.9,289.4,saccade
11:38:39.4641,812.9,290.4,saccade
11:38:39.4646,815.0,291.4,saccade
11:38:39.4651,815.8,291.2,saccade
11:38:39.4656,817.4,291.0,saccade
11:38:39.4661,821.2,291.6,saccade
11:38:39.4666,824.6,292.4,saccade
11:38:39.4671,827.8,291.2,saccade
11:38:39.4676,830.3,289.4,saccade
11:38:39.4681,835.0,287.5,saccade
11:38:39.4686,839.4,287.6,saccade
11:38:39.4691,845.5,288.1,saccade
11:38:39.4696,852.2,288.8,saccade
11:38:39.4701,860.6,289.6,saccade
11:38:39.4706,867.4,290.0,saccade
11:38:39.4711,873.0,290.6,saccade
11:38:39.4716,878.0,291.2,saccade
11:38:39.4721,881.6,291.5,saccade
11:38:39.4726,887.1,291.6,saccade
11:38:39.4731,891.0,291.7,saccade
11:38:39.4736,897.0,291.9,saccade
11:38:39.4741,901.5,290.8,saccade
11:38:39.4746,907.0,289.1,saccade
11:38:39.4751,909.9,287.3,saccade
11:38:39.4756,910.6,286.8,saccade
11:38:39.4761,910.7,286.4,saccade
11:38:39.4766,911.1,285.9,saccade
11:38:39.4771,911.7,285.3,saccade
11:38:39.4776,913.8,285.1,saccade
11:38:39.4781,915.8,285.1,saccade
11:38:39.4786,916.7,285.3,saccade
11:38:39.4791,915.8,285.6,saccade
11:38:39.4796,913.9,285.7,saccade
11:38:39.4801,913.0,285.7,saccade
11:38:39.4806,912.3,285.6,saccade
11:38:39.4811,911.4,285.7,fixation
11:38:39.4816,910.0,286.0,fixation
11:38:39.4821,907.5,286.4,fixation
11:38:39.4826,906.3,286.2,fixation
11:38:39.4831,904.6,286.1,fixation
11:38:39.4836,903.2,287.9,fixation
11:38:39.4841,901.6,289.9,fixation
11:38:39.4846,900.5,292.5,fixation
11:38:39.4851,900.2,293.1,fixation
11:38:39.4856,900.0,293.8,fixation
11:38:39.4861,900.0,293.9,fixation
11:38:39.4866,899.9,294.5,fixation
11:38:39.4871,899.8,295.2,fixation
11:38:39.4876,899.6,295.9,fixation
11:38:39.4881,899.3,296.1,fixation
11:38:39.4886,899.0,296.3,fixation
11:38:39.4891,898.9,295.6,fixation
11:38:39.4896,897.8,294.7,fixation
11:38:39.4901,896.6,293.8,fixation
11:38:39.4906,895.2,293.7,fixation
11:38:39.4911,895.0,294.4,fixation
11:38:39.4916,895.2,294.9,fixation
11:38:39.4921,895.7,295.2,fixation
11:38:39.4926,896.2,295.0,fixation
11:38:39.4931,896.4,294.9,fixation
11:38:39.4936,896.3,294.8,fixation
11:38:39.4941,896.2,294.4,fixation
11:38:39.4946,896.8,294.0,fixation
11:38:39.4951,897.4,293.6,fixation
11:38:39.4956,897.1,294.0,fixation
11:38:39.4961,896.2,294.3,fixation
11:38:39.4966,895.3,294.7,fixation
11:38:39.4971,895.4,294.8,fixation
11:38:39.4976,896.6,295.1,fixation
11:38:39.4981,897.9,295.7,fixation
11:38:39.4986,899.2,296.3,fixation
11:38:39.4991,898.8,296.6,fixation
11:38:39.4996,898.5,297.1,fixation
11:38:39.5001,899.1,297.6,fixation
11:38:39.5006,900.4,298.1,fixation
11:38:39.5011,901.7,298.4,fixation
11:38:39.5016,901.9,298.7,fixation
11:38:39.5021,901.8,298.9,fixation
11:38:39.5026,902.5,300.2,fixation
11:38:39.5031,903.2,301.6,fixation
11:38:39.5036,903.2,301.9,fixation
11:38:39.5041,902.8,300.9,fixation
11:38:39.5046,902.4,299.5,fixation
11:38:39.5051,901.7,298.8,fixation
11:38:39.5056,900.8,296.8,fixation
11:38:39.5061,899.4,295.1,fixation
11:38:39.5066,897.7,294.5,fixation
11:38:39.5071,895.9,295.3,fixation
11:38:39.5076,894.4,295.9,fixation
11:38:39.5081,894.9,295.7,fixation
11:38:39.5086,895.4,294.8,fixation
11:38:39.5091,896.0,294.1,fixation
11:38:39.5096,896.2,294.8,fixation
11:38:39.5101,896.3,296.2,fixation
11:38:39.5106,896.1,297.5,fixation
11:38:39.5111,895.9,297.4,fixation
11:38:39.5116,895.7,297.3,fixation
11:38:39.5121,896.1,297.3,fixation
11:38:39.5126,896.7,297.6,fixation
11:38:39.5131,897.3,297.9,fixation
11:38:39.5136,897.3,297.7,fixation
11:38:39.5141,897.1,296.9,fixation
11:38:39.5146,896.8,296.0,fixation
11:38:39.5151,898.3,297.0,fixation
11:38:39.5156,900.0,298.4,fixation
11:38:39.5161,901.3,299.7,fixation
11:38:39.5166,901.0,301.2,fixation
11:38:39.5171,900.7,302.8,fixation
11:38:39.5176,899.4,301.8,fixation
11:38:39.5181,898.0,299.3,fixation
11:38:39.5186,896.5,296.8,fixation
11:38:39.5191,896.6,295.7,fixation
11:38:39.5196,897.6,294.5,fixation
11:38:39.5201,898.7,293.3,fixation
11:38:39.5206,899.8,293.2,fixation
11:38:39.5211,899.7,293.1,fixation
11:38:39.5216,899.1,293.3,fixation
11:38:39.5221,898.5,293.5,fixation
11:38:39.5226,898.2,293.7,fixation
11:38:39.5231,898.3,293.3,fixation
11:38:39.5236,898.2,292.6,fixation
11:38:39.5241,898.0,291.9,fixation
11:38:39.5246,897.2,290.5,fixation
11:38:39.5251,897.0,289.4,fixation
11:38:39.5256,897.0,288.5,fixation
11:38:39.5261,897.8,288.9,fixation
11:38:39.5266,898.5,289.2,fixation
11:38:39.5271,899.1,289.4,fixation
11:38:39.5276,899.7,289.6,fixation
11:38:39.5281,900.4,289.8,fixation
11:38:39.5286,901.0,290.0,fixation
11:38:39.5291,902.1,290.1,fixation
11:38:39.5296,903.1,291.1,fixation
11:38:39.5301,903.9,292.1,fixation
11:38:39.5306,903.6,293.4,fixation
11:38:39.5311,903.1,293.6,fixation
11:38:39.5316,902.6,291.7,fixation
11:38:39.5321,900.8,289.6,fixation
11:38:39.5326,898.6,288.0,fixation
11:38:39.5331,896.7,288.6,fixation
11:38:39.5336,896.4,289.8,fixation
11:38:39.5341,897.2,291.8,fixation
11:38:39.5346,898.1,293.9,fixation
11:38:39.5351,896.7,295.0,fixation
11:38:39.5356,894.7,295.2,fixation
11:38:39.5361,892.7,295.8,fixation
11:38:39.5366,892.6,296.7,fixation
11:38:39.5371,892.4,297.5,fixation
11:38:39.5376,892.3,297.9,fixation
11:38:39.5381,894.9,298.4,fixation
11:38:39.5386,897.3,298.5,fixation
11:38:39.5391,899.6,297.7,fixation
11:38:39.5396,901.5,297.1,fixation
11:38:39.5401,903.7,296.6,fixation
11:38:39.5406,905.0,297.0,fixation
11:38:39.5411,904.1,297.8,fixation
11:38:39.5416,903.3,298.6,fixation
11:38:39.5421,903.4,298.6,fixation
11:38:39.5426,903.5,297.9,fixation
11:38:39.5431,903.6,297.2,fixation
11:38:39.5436,902.4,297.3,fixation
11:38:39.5441,901.2,297.4,fixation
11:38:39.5446,900.8,297.7,fixation
11:38:39.5451,901.7,298.2,fixation
11:38:39.5456,901.6,298.8,fixation
11:38:39.5461,900.6,299.3,fixation
11:38:39.5466,900.9,298.8,fixation
11:38:39.5471,902.3,297.6,fixation
11:38:39.5476,902.6,296.2,fixation
11:38:39.5481,901.6,295.6,fixation
11:38:39.5486,900.6,295.6,fixation
11:38:39.5491,900.8,295.7,fixation
11:38:39.5496,900.9,295.8,fixation
11:38:39.5501,901.2,296.5,fixation
11:38:39.5506,901.4,297.0,fixation
11:38:39.5511,902.0,297.6,fixation
11:38:39.5516,902.5,298.1,fixation
11:38:39.5521,902.8,298.2,fixation
11:38:39.5526,902.9,298.3,fixation
11:38:39.5531,902.8,297.9,fixation
11:38:39.5536,902.5,296.8,fixation
11:38:39.5541,902.1,294.2,fixation
11:38:39.5546,901.6,292.2,fixation
11:38:39.5551,902.1,291.6,fixation
11:38:39.5556,902.1,293.6,fixation
11:38:39.5561,901.7,295.2,fixation
11:38:39.5566,900.7,295.7,fixation
11:38:39.5571,900.2,295.0,fixation
11:38:39.5576,900.2,294.5,fixation
11:38:39.5581,900.2,294.7,fixation
11:38:39.5586,899.9,295.0,fixation
11:38:39.5591,899.4,295.2,fixation
11:38:39.5596,899.2,294.9,fixation
11:38:39.5601,899.3,294.3,fixation
11:38:39.5606,900.0,293.5,fixation
11:38:39.5611,900.4,293.3,fixation
11:38:39.5616,900.0,293.3,fixation
11:38:39.5621,899.2,293.3,fixation
11:38:39.5626,898.4,293.4,fixation
11:38:39.5631,898.4,294.2,fixation
11:38:39.5636,899.1,294.9,fixation
11:38:39.5641,900.1,295.6,fixation
11:38:39.5646,901.4,295.5,fixation
11:38:39.5651,902.1,295.5,fixation
11:38:39.5656,903.5,296.9,fixation
11:38:39.5661,904.4,298.5,fixation
11:38:39.5666,905.0,299.4,fixation
11:38:39.5671,903.9,299.1,fixation
11:38:39.5676,903.0,298.8,fixation
11:38:39.5681,902.2,299.4,fixation
11:38:39.5686,902.0,300.2,fixation
11:38:39.5691,901.7,301.0,fixation
11:38:39.5696,901.4,301.2,fixation
11:38:39.5701,900.7,301.0,fixation
11:38:39.5706,900.3,299.5,fixation
11:38:39.5711,900.0,297.7,fixation
11:38:39.5716,899.2,296.8,fixation
11:38:39.5721,898.4,296.8,fixation
11:38:39.5726,897.6,297.3,fixation
11:38:39.5731,897.7,297.1,fixation
11:38:39.5736,897.2,297.1,fixation
11:38:39.5741,896.6,297.4,fixation
11:38:39.5746,896.2,298.0,fixation
11:38:39.5751,896.6,298.6,fixation
11:38:39.5756,898.1,298.9,fixation
11:38:39.5761,899.7,298.9,fixation
11:38:39.5766,901.3,298.9,fixation
11:38:39.5771,901.8,298.9,fixation
11:38:39.5776,902.1,298.6,fixation
11:38:39.5781,902.5,298.3,fixation
11:38:39.5786,902.7,298.0,fixation
11:38:39.5791,903.0,297.9,fixation
11:38:39.5796,903.0,297.6,fixation
11:38:39.5801,903.0,297.3,fixation
11:38:39.5806,902.6,297.7,fixation
11:38:39.5811,902.2,298.7,fixation
11:38:39.5816,902.3,299.7,fixation
11:38:39.5821,902.9,300.3,fixation
11:38:39.5826,903.4,300.3,fixation
11:38:39.5831,901.9,297.7,fixation
11:38:39.5836,900.3,295.1,fixation
11:38:39.5841,899.7,293.2,fixation
11:38:39.5846,900.7,293.9,fixation
11:38:39.5851,899.9,294.9,fixation
11:38:39.5856,898.2,295.3,fixation
11:38:39.5861,896.7,295.7,fixation
11:38:39.5866,897.1,295.8,fixation
11:38:39.5871,897.9,295.8,fixation
11:38:39.5876,898.9,294.7,fixation
11:38:39.5881,899.8,293.6,fixation
11:38:39.5886,900.1,292.6,fixation
11:38:39.5891,900.1,292.8,fixation
11:38:39.5896,900.3,292.5,fixation
11:38:39.5901,900.7,292.0,fixation
11:38:39.5906,901.0,291.5,fixation
11:38:39.5911,901.0,291.9,fixation
11:38:39.5916,901.0,292.3,fixation
11:38:39.5921,901.0,292.6,fixation
11:38:39.5926,903.5,292.7,fixation
11:38:39.5931,905.8,294.2,fixation
11:38:39.5936,907.0,295.8,fixation
11:38:39.5941,906.0,297.1,fixation
11:38:39.5946,905.9,296.9,fixation
11:38:39.5951,906.9,296.8,fixation
11:38:39.5956,907.8,296.9,fixation
11:38:39.5961,907.1,297.0,fixation
11:38:39.5966,906.1,297.2,fixation
11:38:39.5971,905.4,297.2,fixation
11:38:39.5976,905.5,297.0,fixation
11:38:39.5981,905.9,296.3,fixation
11:38:39.5986,906.1,295.4,fixation
11:38:39.5991,905.8,294.7,fixation
11:38:39.5996,905.2,295.8,fixation
11:38:39.6001,904.4,296.8,fixation
11:38:39.6006,904.1,297.5,fixation
11:38:39.6011,903.3,296.7,fixation
11:38:39.6016,902.4,295.3,fixation
11:38:39.6021,901.4,294.2,fixation
11:38:39.6026,901.0,293.1,fixation
11:38:39.6031,900.8,292.6,fixation
11:38:39.6036,901.0,292.1,fixation
11:38:39.6041,900.9,292.0,fixation
11:38:39.6046,900.7,292.4,fixation
11:38:39.6051,899.4,293.5,fixation
11:38:39.6056,898.3,294.6,fixation
11:38:39.6061,897.3,295.5,fixation
11:38:39.6066,896.9,296.0,fixation
11:38:39.6071,896.5,296.8,fixation
11:38:39.6076,896.4,297.6,fixation
11:38:39.6081,896.7,298.1,fixation
11:38:39.6086,898.8,298.8,fixation
11:38:39.6091,900.6,299.5,fixation
11:38:39.6096,902.4,300.5,fixation
11:38:39.6101,902.5,300.8,fixation
11:38:39.6106,902.8,300.8,fixation
11:38:39.6111,903.1,300.4,fixation
11:38:39.6116,903.6,299.4,fixation
11:38:39.6121,904.8,298.8,fixation
11:38:39.6126,905.7,299.5,fixation
11:38:39.6131,906.2,300.7,fixation
11:38:39.6136,905.9,301.8,fixation
11:38:39.6141,905.9,301.9,fixation
11:38:39.6146,906.3,301.9,fixation
11:38:39.6151,907.2,300.9,fixation
11:38:39.6156,907.9,299.9,fixation
11:38:39.6161,908.4,299.5,fixation
11:38:39.6166,908.2,300.5,fixation
11:38:39.6171,907.1,301.5,fixation
11:38:39.6176,906.0,301.2,fixation
11:38:39.6181,905.4,300.4,fixation
11:38:39.6186,906.1,299.7,fixation
11:38:39.6191,906.7,299.5,fixation
11:38:39.6196,906.7,298.5,fixation
11:38:39.6201,906.6,297.2,fixation
11:38:39.6206,906.4,296.1,fixation
11:38:39.6211,904.1,297.4,fixation
11:38:39.6216,902.4,298.8,fixation
11:38:39.6221,900.8,299.9,fixation
11:38:39.6226,901.4,300.0,fixation
11:38:39.6231,901.4,300.8,fixation
11:38:39.6236,901.3,301.5,fixation
11:38:39.6241,901.5,302.5,fixation
11:38:39.6246,901.7,302.7,fixation
11:38:39.6251,901.2,302.8,fixation
11:38:39.6256,900.5,302.6,fixation
11:38:39.6261,899.8,302.4,fixation
11:38:39.6266,899.8,302.6,fixation
11:38:39.6271,899.9,302.9,fixation
11:38:39.6276,899.9,303.6,fixation
11:38:39.6281,900.0,304.1,fixation
11:38:39.6286,901.7,304.6,fixation
11:38:39.6291,903.4,304.2,fixation
11:38:39.6296,904.8,304.3,fixation
11:38:39.6301,903.2,304.4,fixation
11:38:39.6306,901.5,305.2,fixation
11:38:39.6311,901.8,305.4,fixation
11:38:39.6316,903.3,305.7,fixation
11:38:39.6321,904.6,305.6,fixation
11:38:39.6326,904.7,304.6,fixation
11:38:39.6331,904.8,303.9,fixation
11:38:39.6336,906.0,303.2,fixation
11:38:39.6341,907.0,303.7,fixation
11:38:39.6346,907.9,303.9,fixation
11:38:39.6351,907.9,304.5,fixation
11:38:39.6356,907.9,305.1,fixation
11:38:39.6361,906.6,303.5,fixation
11:38:39.6366,905.3,301.5,fixation
11:38:39.6371,904.7,299.6,fixation
11:38:39.6376,905.3,300.6,fixation
11:38:39.6381,907.1,301.6,fixation
11:38:39.6386,908.3,301.1,fixation
11:38:39.6391,909.4,299.9,fixation
11:38:39.6396,909.3,298.7,fixation
11:38:39.6401,909.1,299.8,fixation
11:38:39.6406,908.9,300.8,fixation
11:38:39.6411,907.5,301.9,fixation
11:38:39.6416,906.0,302.4,fixation
11:38:39.6421,904.6,302.6,fixation
11:38:39.6426,903.5,302.4,fixation
11:38:39.6431,902.4,302.4,fixation
11:38:39.6436,901.2,302.7,fixation
11:38:39.6441,901.5,302.8,fixation
11:38:39.6446,902.0,302.6,fixation
11:38:39.6451,902.8,302.4,fixation
11:38:39.6456,903.0,301.9,fixation
11:38:39.6461,902.8,300.6,fixation
11:38:39.6466,902.3,299.3,fixation
11:38:39.6471,902.2,298.8,fixation
11:38:39.6476,902.3,301.1,fixation
11:38:39.6481,902.4,303.2,fixation
11:38:39.6486,902.3,305.3,fixation
11:38:39.6491,902.3,304.2,fixation
11:38:39.6496,901.6,302.7,fixation
11:38:39.6501,901.0,301.5,fixation
11:38:39.6506,900.9,301.4,fixation
11:38:39.6511,901.5,301.6,fixation
11:38:39.6516,902.0,301.8,fixation
11:38:39.6521,902.2,301.5,fixation
11:38:39.6526,902.6,301.0,fixation
11:38:39.6531,902.9,300.8,fixation
11:38:39.6536,902.6,301.1,fixation
11:38:39.6541,902.2,301.7,fixation
11:38:39.6546,902.2,302.8,fixation
11:38:39.6551,903.6,303.1,fixation
11:38:39.6556,905.5,303.5,fixation
11:38:39.6561,907.1,302.4,fixation
11:38:39.6566,906.0,301.3,fixation
11:38:39.6571,904.5,301.4,fixation
11:38:39.6576,903.2,302.4,fixation
11:38:39.6581,903.5,303.1,fixation
11:38:39.6586,903.7,302.9,fixation
11:38:39.6591,905.2,302.6,fixation
11:38:39.6596,907.3,302.8,fixation
11:38:39.6601,909.4,302.8,fixation
11:38:39.6606,909.8,302.8,fixation
11:38:39.6611,909.3,302.2,fixation
11:38:39.6616,908.9,301.4,fixation
11:38:39.6621,908.8,300.7,fixation
11:38:39.6626,909.0,301.2,fixation
11:38:39.6631,909.2,302.9,fixation
11:38:39.6636,909.3,304.6,fixation
11:38:39.6641,909.4,305.5,fixation
11:38:39.6646,909.5,305.1,fixation
11:38:39.6651,910.1,302.0,fixation
11:38:39.6656,910.6,299.1,fixation
11:38:39.6661,910.2,298.2,fixation
11:38:39.6666,908.9,300.0,fixation
11:38:39.6671,907.7,301.9,fixation
11:38:39.6676,907.6,302.3,fixation
11:38:39.6681,907.7,302.7,fixation
11:38:39.6686,908.0,302.7,fixation
11:38:39.6691,908.3,302.3,fixation
11:38:39.6696,907.5,301.1,fixation
11:38:39.6701,906.4,300.1,fixation
11:38:39.6706,905.3,299.4,fixation
11:38:39.6711,905.2,301.1,fixation
11:38:39.6716,905.1,302.8,fixation
11:38:39.6721,905.1,302.9,fixation
11:38:39.6726,905.3,301.3,fixation
11:38:39.6731,903.9,299.6,fixation
11:38:39.6736,902.3,299.4,fixation
11:38:39.6741,902.0,299.4,fixation
11:38:39.6746,903.3,299.5,fixation
11:38:39.6751,904.7,298.8,fixation
11:38:39.6756,905.1,298.1,fixation
11:38:39.6761,905.4,297.3,fixation
11:38:39.6766,904.3,297.3,fixation
11:38:39.6771,902.8,298.9,fixation
11:38:39.6776,901.4,300.4,fixation
11:38:39.6781,901.5,300.2,fixation
11:38:39.6786,901.7,298.3,fixation
11:38:39.6791,901.6,297.4,fixation
11:38:39.6796,901.1,298.4,fixation
11:38:39.6801,900.7,298.9,fixation
11:38:39.6806,900.4,298.5,fixation
11:38:39.6811,899.9,298.0,fixation
11:38:39.6816,899.4,298.9,fixation
11:38:39.6821,900.4,299.7,fixation
11:38:39.6826,901.5,300.3,fixation
11:38:39.6831,902.7,298.7,fixation
11:38:39.6836,902.9,297.3,fixation
11:38:39.6841,902.9,296.0,fixation
11:38:39.6846,902.9,296.1,fixation
11:38:39.6851,902.6,296.3,fixation
11:38:39.6856,903.0,296.8,fixation
11:38:39.6861,903.3,297.5,fixation
11:38:39.6866,903.5,298.1,fixation
11:38:39.6871,903.5,298.8,fixation
11:38:39.6876,903.9,299.1,fixation
11:38:39.6881,904.3,299.2,fixation
11:38:39.6886,904.3,299.0,fixation
11:38:39.6891,903.8,298.2,fixation
11:38:39.6896,903.3,297.8,fixation
11:38:39.6901,903.6,297.3,fixation
11:38:39.6906,903.9,297.3,fixation
11:38:39.6911,903.9,297.6,fixation
11:38:39.6916,903.7,297.9,fixation
11:38:39.6921,903.5,298.2,fixation
11:38:39.6926,903.3,298.2,fixation
11:38:39.6931,903.0,298.3,fixation
11:38:39.6936,902.7,298.5,fixation
11:38:39.6941,902.6,298.6,fixation
11:38:39.6946,902.7,297.5,fixation
11:38:39.6951,902.7,296.4,fixation
11:38:39.6956,902.9,295.5,fixation
11:38:39.6961,902.9,296.6,fixation
11:38:39.6966,902.8,297.7,fixation
11:38:39.6971,902.6,297.2,fixation
11:38:39.6976,902.5,295.8,fixation
11:38:39.6981,902.5,294.8,fixation
11:38:39.6986,902.6,294.6,fixation
11:38:39.6991,902.6,294.6,fixation
11:38:39.6996,902.8,294.2,fixation
11:38:39.7001,903.8,294.1,fixation
11:38:39.7006,904.8,293.4,fixation
11:38:39.7011,905.9,292.8,fixation
11:38:39.7016,906.9,294.8,fixation
11:38:39.7021,907.9,297.2,fixation
11:38:39.7026,906.7,298.2,fixation
11:38:39.7031,904.9,296.8,fixation
11:38:39.7036,903.0,295.9,fixation
11:38:39.7041,902.8,297.1,fixation
11:38:39.7046,902.7,298.4,fixation
11:38:39.7051,901.9,298.2,fixation
11:38:39.7056,901.1,297.2,fixation
11:38:39.7061,900.4,296.2,fixation
11:38:39.7066,900.1,296.4,fixation
11:38:39.7071,899.5,296.7,fixation
11:38:39.7076,898.8,296.7,fixation
11:38:39.7081,899.3,296.4,fixation
11:38:39.7086,901.4,297.1,fixation
11:38:39.7091,903.5,298.0,fixation
11:38:39.7096,904.6,299.6,fixation
11:38:39.7101,904.2,300.3,fixation
11:38:39.7106,903.4,300.9,fixation
11:38:39.7111,902.0,300.9,fixation
11:38:39.7116,900.9,300.8,fixation
11:38:39.7121,900.2,301.1,fixation
11:38:39.7126,900.2,301.4,fixation
11:38:39.7131,900.9,299.8,fixation
11:38:39.7136,901.7,298.0,fixation
11:38:39.7141,901.7,296.5,fixation
11:38:39.7146,901.0,296.8,fixation
11:38:39.7151,900.2,297.1,fixation
11:38:39.7156,901.7,298.4,fixation
11:38:39.7161,903.2,299.8,fixation
11:38:39.7166,904.7,301.2,fixation
11:38:39.7171,904.7,301.2,fixation
11:38:39.7176,904.8,299.5,fixation
11:38:39.7181,905.0,297.7,fixation
11:38:39.7186,905.1,296.6,fixation
11:38:39.7191,904.7,297.0,fixation
11:38:39.7196,904.2,297.3,fixation
11:38:39.7201,903.8,296.9,fixation
11:38:39.7206,903.8,298.0,fixation
11:38:39.7211,903.5,300.2,fixation
11:38:39.7216,903.2,302.5,fixation
11:38:39.7221,903.3,302.1,fixation
11:38:39.7226,903.4,300.8,fixation
11:38:39.7231,903.3,299.8,fixation
11:38:39.7236,903.0,300.4,fixation
11:38:39.7241,903.0,302.3,fixation
11:38:39.7246,903.2,303.6,fixation
11:38:39.7251,903.2,304.7,fixation
11:38:39.7256,903.0,304.5,fixation
11:38:39.7261,903.0,304.6,fixation
11:38:39.7266,903.2,304.7,fixation
11:38:39.7271,903.3,303.9,fixation
11:38:39.7276,903.0,302.2,fixation
11:38:39.7281,902.7,300.5,fixation
11:38:39.7286,903.0,299.7,fixation
11:38:39.7291,903.7,299.8,fixation
11:38:39.7296,904.6,299.9,fixation
11:38:39.7301,904.8,299.8,fixation
11:38:39.7306,905.0,299.7,fixation
11:38:39.7311,904.9,300.8,fixation
11:38:39.7316,904.9,302.0,fixation
11:38:39.7321,903.8,303.1,fixation
11:38:39.7326,902.7,302.7,fixation
11:38:39.7331,901.5,302.4,fixation
11:38:39.7336,901.5,302.2,fixation
11:38:39.7341,901.4,302.0,fixation
11:38:39.7346,901.4,301.8,fixation
11:38:39.7351,902.7,302.9,fixation
11:38:39.7356,904.1,304.2,fixation
11:38:39.7361,906.1,305.2,fixation
11:38:39.7366,906.5,304.7,fixation
11:38:39.7371,906.8,303.6,fixation
11:38:39.7376,906.2,302.8,fixation
11:38:39.7381,905.3,302.1,fixation
11:38:39.7386,904.4,302.0,fixation
11:38:39.7391,903.7,303.3,fixation
11:38:39.7396,903.5,304.8,fixation
11:38:39.7401,902.6,306.4,fixation
11:38:39.7406,901.8,306.5,fixation
11:38:39.7411,901.3,304.8,fixation
11:38:39.7416,901.7,302.7,fixation
11:38:39.7421,902.3,300.7,fixation
11:38:39.7426,902.5,299.9,fixation
11:38:39.7431,902.6,299.4,fixation
11:38:39.7436,902.6,299.4,fixation
11:38:39.7441,902.4,300.0,fixation
11:38:39.7446,902.3,299.8,fixation
11:38:39.7451,902.3,299.0,fixation
11:38:39.7456,902.3,299.9,fixation
11:38:39.7461,902.3,301.6,fixation
11:38:39.7466,902.0,302.2,fixation
11:38:39.7471,901.5,301.0,fixation
11:38:39.7476,901.1,299.5,fixation
11:38:39.7481,901.7,299.0,fixation
11:38:39.7486,902.8,298.7,fixation
11:38:39.7491,903.9,298.8,fixation
11:38:39.7496,903.6,299.1,fixation
11:38:39.7501,902.9,299.3,fixation
11:38:39.7506,902.2,299.3,fixation
11:38:39.7511,901.2,299.3,fixation
11:38:39.7516,900.3,299.0,fixation
11:38:39.7521,899.3,298.7,fixation
11:38:39.7526,899.1,298.7,fixation
11:38:39.7531,898.9,299.0,fixation
11:38:39.7536,898.7,299.3,fixation
11:38:39.7541,898.7,299.4,fixation
11:38:39.7546,899.2,298.4,fixation
11:38:39.7551,900.9,297.5,fixation
11:38:39.7556,902.6,296.7,fixation
11:38:39.7561,903.4,296.1,fixation
11:38:39.7566,902.7,295.5,fixation
11:38:39.7571,902.0,295.7,fixation
11:38:39.7576,901.6,296.5,fixation
11:38:39.7581,901.5,297.4,fixation
11:38:39.7586,901.5,297.7,fixation
11:38:39.7591,901.6,297.8,fixation
11:38:39.7596,901.5,297.9,fixation
11:38:39.7601,901.4,297.8,fixation
11:38:39.7606,901.7,297.8,fixation
11:38:39.7611,902.0,297.7,fixation
11:38:39.7616,902.3,298.0,fixation
11:38:39.7621,901.6,299.1,fixation
11:38:39.7626,900.8,300.1,fixation
11:38:39.7631,900.4,300.7,fixation
11:38:39.7636,900.7,300.6,fixation
11:38:39.7641,900.3,298.8,fixation
11:38:39.7646,899.6,297.5,fixation
11:38:39.7651,900.0,296.8,fixation
11:38:39.7656,901.0,299.0,fixation
11:38:39.7661,902.0,300.7,fixation
11:38:39.7666,901.7,300.6,fixation
11:38:39.7671,901.4,299.5,fixation
11:38:39.7676,901.2,298.3,fixation
11:38:39.7681,901.3,297.6,fixation
11:38:39.7686,900.8,296.8,fixation
11:38:39.7691,900.3,297.1,fixation
11:38:39.7696,899.6,298.1,fixation
11:38:39.7701,899.3,299.3,fixation
11:38:39.7706,899.3,299.5,fixation
11:38:39.7711,899.5,299.7,fixation
11:38:39.7716,899.6,299.9,fixation
11:38:39.7721,899.6,300.2,fixation
11:38:39.7726,900.7,300.0,fixation
11:38:39.7731,902.0,299.6,fixation
11:38:39.7736,903.7,299.2,fixation
11:38:39.7741,904.1,299.0,fixation
11:38:39.7746,903.7,298.6,fixation
11:38:39.7751,902.9,298.1,fixation
11:38:39.7756,901.9,298.3,fixation
11:38:39.7761,901.7,299.1,fixation
11:38:39.7766,901.7,300.0,fixation
11:38:39.7771,902.4,300.0,fixation
11:38:39.7776,903.5,299.6,fixation
11:38:39.7781,904.3,299.2,fixation
11:38:39.7786,904.5,298.8,fixation
11:38:39.7791,904.4,298.2,fixation
11:38:39.7796,904.2,297.4,fixation
11:38:39.7801,904.5,297.0,fixation
11:38:39.7806,904.9,296.7,fixation
11:38:39.7811,905.3,296.8,fixation
11:38:39.7816,905.8,297.2,fixation
11:38:39.7821,906.4,297.4,fixation
11:38:39.7826,907.3,297.4,fixation
11:38:39.7831,907.7,297.1,fixation
11:38:39.7836,906.9,297.0,fixation
11:38:39.7841,905.7,296.9,fixation
11:38:39.7846,904.6,296.4,fixation
11:38:39.7851,904.5,296.1,fixation
11:38:39.7856,904.5,296.1,fixation
11:38:39.7861,904.4,297.5,fixation
11:38:39.7866,904.3,298.9,fixation
11:38:39.7871,904.2,300.2,fixation
11:38:39.7876,904.2,300.6,fixation
11:38:39.7881,904.4,300.6,fixation
11:38:39.7886,904.5,300.0,fixation
11:38:39.7891,904.7,298.8,fixation
11:38:39.7896,904.6,297.9,fixation
11:38:39.7901,903.3,297.4,fixation
11:38:39.7906,902.0,297.1,fixation
11:38:39.7911,900.7,296.4,fixation
11:38:39.7916,900.3,295.8,fixation
11:38:39.7921,900.0,295.3,fixation
11:38:39.7926,899.8,295.1,fixation
11:38:39.7931,899.9,295.2,fixation
11:38:39.7936,899.9,295.6,fixation
11:38:39.7941,900.0,296.0,fixation
11:38:39.7946,900.0,295.3,fixation
11:38:39.7951,900.0,294.5,fixation
11:38:39.7956,900.5,295.3,fixation
11:38:39.7961,901.0,296.8,fixation
11:38:39.7966,901.2,298.4,fixation
11:38:39.7971,900.7,299.3,fixation
11:38:39.7976,900.2,300.2,fixation
11:38:39.7981,899.9,299.6,fixation
11:38:39.7986,899.6,298.1,fixation
11:38:39.7991,899.2,296.5,fixation
11:38:39.7996,899.1,296.6,fixation
11:38:39.8001,899.0,296.8,fixation
11:38:39.8006,900.2,297.2,fixation
11:38:39.8011,901.4,297.5,fixation
11:38:39.8016,902.4,297.7,fixation
11:38:39.8021,902.1,298.2,fixation
11:38:39.8026,903.5,298.6,fixation
11:38:39.8031,905.2,298.2,fixation
11:38:39.8036,906.7,297.0,fixation
11:38:39.8041,906.3,295.8,fixation
11:38:39.8046,905.7,295.4,fixation
11:38:39.8051,905.3,295.5,fixation
11:38:39.8056,905.3,295.3,fixation
11:38:39.8061,903.8,294.5,fixation
11:38:39.8066,902.2,294.5,fixation
11:38:39.8071,901.0,294.5,fixation
11:38:39.8076,901.6,294.9,fixation
11:38:39.8081,902.3,294.6,fixation
11:38:39.8086,902.5,294.8,fixation
11:38:39.8091,902.4,295.9,fixation
11:38:39.8096,902.0,296.8,fixation
11:38:39.8101,901.6,297.3,fixation
11:38:39.8106,899.8,296.4,fixation
11:38:39.8111,898.1,295.2,fixation
11:38:39.8116,898.1,294.4,fixation
11:38:39.8121,899.5,294.7,fixation
11:38:39.8126,900.6,296.7,fixation
11:38:39.8131,900.1,298.6,fixation
11:38:39.8136,899.7,298.9,fixation
11:38:39.8141,899.6,298.0,fixation
11:38:39.8146,899.7,296.5,fixation
11:38:39.8151,900.1,295.9,fixation
11:38:39.8156,900.7,295.7,fixation
11:38:39.8161,901.3,296.5,fixation
11:38:39.8166,901.4,297.3,fixation
11:38:39.8171,900.9,296.4,fixation
11:38:39.8176,900.3,295.0,fixation
11:38:39.8181,900.7,295.3,fixation
11:38:39.8186,901.6,298.0,fixation
11:38:39.8191,902.5,301.2,fixation
11:38:39.8196,902.5,302.7,fixation
11:38:39.8201,902.6,301.5,fixation
11:38:39.8206,901.9,299.6,fixation
11:38:39.8211,901.2,297.7,fixation
11:38:39.8216,900.6,297.3,fixation
11:38:39.8221,900.8,297.3,fixation
11:38:39.8226,901.0,297.3,fixation
11:38:39.8231,901.2,298.2,fixation
11:38:39.8236,901.6,299.0,fixation
11:38:39.8241,902.0,299.8,fixation
11:38:39.8246,902.3,299.5,fixation
11:38:39.8251,902.4,299.1,fixation
11:38:39.8256,902.4,298.9,fixation
11:38:39.8261,902.9,299.1,fixation
11:38:39.8266,904.1,299.3,fixation
11:38:39.8271,905.3,297.9,fixation
11:38:39.8276,905.8,296.4,fixation
11:38:39.8281,904.3,294.8,fixation
11:38:39.8286,902.6,295.3,fixation
11:38:39.8291,900.8,295.8,fixation
11:38:39.8296,900.4,296.9,fixation
11:38:39.8301,899.6,297.9,fixation
11:38:39.8306,898.7,299.0,fixation
11:38:39.8311,897.8,299.8,fixation
11:38:39.8316,897.3,300.8,fixation
11:38:39.8321,897.7,301.9,fixation
11:38:39.8326,898.1,302.7,fixation
11:38:39.8331,897.9,302.3,fixation
11:38:39.8336,897.3,301.9,fixation
11:38:39.8341,896.8,302.0,fixation
11:38:39.8346,897.3,302.2,fixation
11:38:39.8351,897.9,301.8,fixation
11:38:39.8356,897.9,301.3,fixation
11:38:39.8361,897.2,301.0,fixation
11:38:39.8366,896.7,301.5,fixation
11:38:39.8371,896.6,301.8,fixation
11:38:39.8376,897.1,302.4,fixation
11:38:39.8381,897.7,302.8,fixation
11:38:39.8386,898.0,302.9,fixation
11:38:39.8391,898.4,302.5,fixation
11:38:39.8396,898.9,302.2,fixation
11:38:39.8401,899.4,302.2,fixation
11:38:39.8406,900.2,302.3,fixation
11:38:39.8411,900.8,301.6,fixation
11:38:39.8416,901.0,300.3,fixation
11:38:39.8421,900.8,298.8,fixation
11:38:39.8426,901.2,297.9,fixation
11:38:39.8431,901.7,298.9,fixation
11:38:39.8436,901.8,299.8,fixation
11:38:39.8441,901.5,300.7,fixation
11:38:39.8446,901.4,300.6,fixation
11:38:39.8451,901.7,299.9,fixation
11:38:39.8456,902.0,299.2,fixation
11:38:39.8461,901.9,299.8,fixation
11:38:39.8466,901.5,301.2,fixation
11:38:39.8471,900.5,302.6,fixation
11:38:39.8476,899.8,303.0,fixation
11:38:39.8481,900.2,303.5,fixation
11:38:39.8486,901.2,303.0,fixation
11:38:39.8491,901.8,301.8,fixation
11:38:39.8496,901.4,300.6,fixation
11:38:39.8501,900.8,300.5,fixation
11:38:39.8506,900.5,300.7,fixation
11:38:39.8511,900.1,302.0,fixation
11:38:39.8516,900.0,303.1,fixation
11:38:39.8521,900.8,304.3,fixation
11:38:39.8526,901.6,305.1,fixation
11:38:39.8531,902.2,305.8,fixation
11:38:39.8536,902.3,305.7,fixation
11:38:39.8541,902.0,304.8,fixation
11:38:39.8546,901.7,303.8,fixation
11:38:39.8551,901.4,303.8,fixation
11:38:39.8556,900.2,304.0,fixation
11:38:39.8561,898.9,303.4,fixation
11:38:39.8566,897.7,301.7,fixation
11:38:39.8571,897.5,300.0,fixation
11:38:39.8576,896.8,300.3,fixation
11:38:39.8581,896.1,301.5,fixation
11:38:39.8586,895.5,302.6,fixation
11:38:39.8591,895.4,302.6,fixation
11:38:39.8596,895.3,302.7,fixation
11:38:39.8601,895.2,303.0,fixation
11:38:39.8606,894.9,304.9,saccade
11:38:39.8611,895.1,303.8,saccade
11:38:39.8616,896.6,301.9,saccade
11:38:39.8621,897.9,300.0,saccade
11:38:39.8626,898.5,299.4,saccade
11:38:39.8631,896.8,298.8,saccade
11:38:39.8636,894.6,298.9,saccade
11:38:39.8641,892.8,299.7,saccade
11:38:39.8646,892.4,300.5,saccade
11:38:39.8651,892.7,300.2,saccade
11:38:39.8656,892.7,299.9,saccade
11:38:39.8661,892.6,299.5,saccade
11:38:39.8666,892.8,299.2,saccade
11:38:39.8671,894.3,299.1,saccade
11:38:39.8676,896.4,299.1,saccade
11:38:39.8681,898.2,299.6,saccade
11:38:39.8686,900.7,299.4,saccade
11:38:39.8691,902.6,299.2,saccade
11:38:39.8696,904.6,298.9,saccade
11:38:39.8701,904.7,298.6,saccade
11:38:39.8706,907.3,298.1,saccade
11:38:39.8711,909.8,297.2,saccade
11:38:39.8716,913.1,296.9,saccade
11:38:39.8721,914.7,296.5,saccade
11:38:39.8726,916.7,296.8,saccade
11:38:39.8731,918.7,297.2,saccade
11:38:39.8736,920.1,297.5,saccade
11:38:39.8741,921.3,296.9,saccade
11:38:39.8746,921.7,296.1,saccade
11:38:39.8751,922.3,295.3,saccade
11:38:39.8756,922.8,294.0,saccade
11:38:39.8761,925.7,292.8,saccade
11:38:39.8766,930.2,291.4,saccade
11:38:39.8771,934.4,291.2,saccade
11:38:39.8776,937.8,291.9,saccade
11:38:39.8781,940.9,292.7,saccade
11:38:39.8786,944.2,292.0,saccade
11:38:39.8791,947.4,290.1,saccade
11:38:39.8796,949.5,288.1,saccade
11:38:39.8801,952.8,287.5,saccade
11:38:39.8806,954.5,287.0,saccade
11:38:39.8811,956.9,286.7,saccade
11:38:39.8816,957.9,286.8,saccade
11:38:39.8821,959.4,287.2,saccade
11:38:39.8826,959.5,286.5,saccade
11:38:39.8831,959.6,285.6,saccade
11:38:39.8836,959.8,286.7,saccade
11:38:39.8841,960.4,289.5,saccade
11:38:39.8846,961.7,292.2,saccade
11:38:39.8851,962.3,292.8,saccade
11:38:39.8856,961.1,292.7,saccade
11:38:39.8861,954.2,291.9,fixation
11:38:39.8866,952.3,292.0,fixation
11:38:39.8871,952.0,292.0,fixation
11:38:39.8876,952.1,292.2,fixation
11:38:39.8881,952.6,291.7,fixation
11:38:39.8886,951.8,291.4,fixation
11:38:39.8891,950.5,292.1,fixation
11:38:39.8896,949.1,293.2,fixation
11:38:39.8901,949.1,293.6,fixation
11:38:39.8906,949.2,292.9,fixation
11:38:39.8911,949.4,292.3,fixation
11:38:39.8916,949.4,292.5,fixation
11:38:39.8921,949.2,292.7,fixation
11:38:39.8926,948.7,291.8,fixation
11:38:39.8931,948.3,290.6,fixation
11:38:39.8936,947.8,288.9,fixation
11:38:39.8941,946.7,288.3,fixation
11:38:39.8946,945.5,289.0,fixation
11:38:39.8951,946.0,290.3,fixation
11:38:39.8956,947.3,291.5,fixation
11:38:39.8961,948.7,290.6,fixation
11:38:39.8966,948.7,289.7,fixation
11:38:39.8971,948.4,289.1,fixation
11:38:39.8976,948.1,289.5,fixation
11:38:39.8981,947.7,291.9,fixation
11:38:39.8986,947.2,294.0,fixation
11:38:39.8991,946.9,295.1,fixation
11:38:39.8996,947.4,294.3,fixation
11:38:39.9001,948.3,293.4,fixation
11:38:39.9006,947.4,292.9,fixation
11:38:39.9011,945.6,292.5,fixation
11:38:39.9016,943.7,294.0,fixation
11:38:39.9021,944.8,295.8,fixation
11:38:39.9026,945.9,296.8,fixation
11:38:39.9031,946.4,296.0,fixation
11:38:39.9036,945.7,295.3,fixation
11:38:39.9041,944.9,295.3,fixation
11:38:39.9046,945.3,294.7,fixation
11:38:39.9051,946.1,294.1,fixation
11:38:39.9056,947.0,293.1,fixation
11:38:39.9061,947.7,292.1,fixation
11:38:39.9066,948.0,291.2,fixation
11:38:39.9071,948.2,290.8,fixation
11:38:39.9076,948.2,291.5,fixation
11:38:39.9081,948.2,291.9,fixation
11:38:39.9086,949.2,292.2,fixation
11:38:39.9091,950.1,291.9,fixation
11:38:39.9096,951.0,292.0,fixation
11:38:39.9101,951.3,292.0,fixation
11:38:39.9106,951.6,292.0,fixation
11:38:39.9111,951.7,294.0,fixation
11:38:39.9116,952.6,296.2,fixation
11:38:39.9121,953.7,298.4,fixation
11:38:39.9126,954.9,297.0,fixation
11:38:39.9131,953.9,295.4,fixation
11:38:39.9136,953.0,293.8,fixation
11:38:39.9141,952.0,294.0,fixation
11:38:39.9146,952.0,294.3,fixation
11:38:39.9151,951.9,296.0,fixation
11:38:39.9156,951.8,297.6,fixation
11:38:39.9161,951.8,298.9,fixation
11:38:39.9166,951.9,297.4,fixation
11:38:39.9171,951.9,295.9,fixation
11:38:39.9176,952.0,294.4,fixation
11:38:39.9181,952.0,294.4,fixation
11:38:39.9186,951.2,294.5,fixation
11:38:39.9191,950.5,295.0,fixation
11:38:39.9196,949.7,295.4,fixation
11:38:39.9201,949.7,295.7,fixation
11:38:39.9206,949.9,295.0,fixation
11:38:39.9211,950.1,294.7,fixation
11:38:39.9216,950.4,294.3,fixation
11:38:39.9221,950.1,294.6,fixation
11:38:39.9226,948.3,295.9,fixation
11:38:39.9231,946.6,297.2,fixation
11:38:39.9236,945.9,298.1,fixation
11:38:39.9241,946.7,297.8,fixation
11:38:39.9246,947.4,297.5,fixation
11:38:39.9251,948.6,297.2,fixation
11:38:39.9256,949.9,296.5,fixation
11:38:39.9261,950.1,295.6,fixation
11:38:39.9266,948.5,294.9,fixation
11:38:39.9271,946.8,294.6,fixation
11:38:39.9276,945.9,295.5,fixation
11:38:39.9281,945.8,296.5,fixation
11:38:39.9286,945.9,296.0,fixation
11:38:39.9291,946.1,294.4,fixation
11:38:39.9296,945.9,293.3,fixation
11:38:39.9301,944.4,294.0,fixation
11:38:39.9306,942.8,294.8,fixation
11:38:39.9311,942.4,295.7,fixation
11:38:39.9316,944.3,296.5,fixation
11:38:39.9321,946.0,297.3,fixation
11:38:39.9326,946.9,297.1,fixation
11:38:39.9331,947.0,296.5,fixation
11:38:39.9336,947.5,296.8,fixation
11:38:39.9341,948.6,297.6,fixation
11:38:39.9346,949.4,298.4,fixation
11:38:39.9351,949.6,297.0,fixation
11:38:39.9356,949.4,295.2,fixation
11:38:39.9361,949.0,293.1,fixation
11:38:39.9366,948.6,292.5,fixation
11:38:39.9371,948.1,293.9,fixation
11:38:39.9376,947.7,295.6,fixation
11:38:39.9381,947.6,297.0,fixation
11:38:39.9386,948.0,296.3,fixation
11:38:39.9391,948.8,295.2,fixation
11:38:39.9396,949.3,294.2,fixation
11:38:39.9401,949.1,293.7,fixation
11:38:39.9406,948.9,293.7,fixation
11:38:39.9411,949.4,293.3,fixation
11:38:39.9416,950.8,293.0,fixation
11:38:39.9421,952.2,292.5,fixation
11:38:39.9426,953.3,292.9,fixation
11:38:39.9431,953.7,293.7,fixation
11:38:39.9436,953.7,294.8,fixation
11:38:39.9441,953.9,296.4,fixation
11:38:39.9446,954.0,297.6,fixation
11:38:39.9451,954.2,298.7,fixation
11:38:39.9456,954.4,299.0,fixation
11:38:39.9461,954.7,296.9,fixation
11:38:39.9466,955.3,294.5,fixation
11:38:39.9471,955.7,292.8,fixation
11:38:39.9476,954.4,293.7,fixation
11:38:39.9481,952.9,294.6,fixation
11:38:39.9486,951.3,294.8,fixation
11:38:39.9491,951.2,294.3,fixation
11:38:39.9496,951.2,293.7,fixation
11:38:39.9501,951.3,293.1,fixation
11:38:39.9506,951.4,293.7,fixation
11:38:39.9511,949.8,294.2,fixation
11:38:39.9516,948.1,294.7,fixation
11:38:39.9521,947.2,294.7,fixation
11:38:39.9526,948.0,294.7,fixation
11:38:39.9531,948.7,294.9,fixation
11:38:39.9536,948.7,295.1,fixation
11:38:39.9541,948.0,295.3,fixation
11:38:39.9546,947.3,295.3,fixation
11:38:39.9551,947.0,295.3,fixation
11:38:39.9556,947.7,295.1,fixation
11:38:39.9561,948.8,294.6,fixation
11:38:39.9566,949.6,293.6,fixation
11:38:39.9571,949.8,292.8,fixation
11:38:39.9576,948.9,293.0,fixation
11:38:39.9581,948.0,294.5,fixation
11:38:39.9586,947.9,295.9,fixation
11:38:39.9591,948.6,295.2,fixation
11:38:39.9596,949.3,292.7,fixation
11:38:39.9601,949.7,290.2,fixation
11:38:39.9606,950.1,289.9,fixation
11:38:39.9611,950.6,290.6,fixation
11:38:39.9616,950.6,291.4,fixation
11:38:39.9621,950.7,293.3,fixation
11:38:39.9626,950.5,294.7,fixation
11:38:39.9631,950.1,295.5,fixation
11:38:39.9636,950.0,294.6,fixation
11:38:39.9641,949.8,294.6,fixation
11:38:39.9646,949.2,295.5,fixation
11:38:39.9651,948.5,296.3,fixation
11:38:39.9656,947.8,297.0,fixation
11:38:39.9661,947.7,297.4,fixation
11:38:39.9666,947.7,296.4,fixation
11:38:39.9671,946.6,295.0,fixation
11:38:39.9676,945.5,293.6,fixation
11:38:39.9681,944.7,293.5,fixation
11:38:39.9686,945.4,293.2,fixation
11:38:39.9691,946.3,293.1,fixation
11:38:39.9696,947.0,293.0,fixation
11:38:39.9701,947.3,293.1,fixation
11:38:39.9706,947.6,292.9,fixation
11:38:39.9711,948.3,292.6,fixation
11:38:39.9716,949.5,291.8,fixation
11:38:39.9721,950.7,291.4,fixation
11:38:39.9726,952.4,291.1,fixation
11:38:39.9731,953.7,291.5,fixation
11:38:39.9736,953.6,291.5,fixation
11:38:39.9741,952.7,291.0,fixation
11:38:39.9746,951.8,290.1,fixation
11:38:39.9751,952.0,289.6,fixation
11:38:39.9756,952.3,289.6,fixation
11:38:39.9761,952.7,290.1,fixation
11:38:39.9766,952.8,290.4,fixation
11:38:39.9771,953.0,290.5,fixation
11:38:39.9776,953.3,290.4,fixation
11:38:39.9781,952.8,290.5,fixation
11:38:39.9786,952.1,290.5,fixation
11:38:39.9791,951.3,290.7,fixation
11:38:39.9796,952.5,290.9,fixation
11:38:39.9801,953.6,291.2,fixation
11:38:39.9806,953.2,291.2,fixation
11:38:39.9811,951.6,291.2,fixation
11:38:39.9816,951.1,291.2,fixation
11:38:39.9821,952.2,291.3,fixation
11:38:39.9826,953.8,291.7,fixation
11:38:39.9831,954.3,292.3,fixation
11:38:39.9836,953.0,292.7,fixation
11:38:39.9841,951.0,292.5,fixation
11:38:39.9846,949.0,292.0,fixation
11:38:39.9851,948.7,293.0,fixation
11:38:39.9856,948.5,294.2,fixation
11:38:39.9861,948.4,296.2,fixation
11:38:39.9866,948.4,297.0,fixation
11:38:39.9871,948.4,296.2,fixation
11:38:39.9876,948.5,294.6,fixation
11:38:39.9881,948.6,293.3,fixation
11:38:39.9886,947.5,293.7,fixation
11:38:39.9891,946.3,294.1,fixation
11:38:39.9896,945.0,294.9,fixation
11:38:39.9901,944.8,295.7,fixation
11:38:39.9906,944.8,295.6,fixation
11:38:39.9911,945.9,294.7,fixation
11:38:39.9916,946.9,294.6,fixation
11:38:39.9921,947.8,295.4,fixation
11:38:39.9926,947.7,296.4,fixation
11:38:39.9931,947.6,296.5,fixation
11:38:39.9936,947.7,296.6,fixation
11:38:39.9941,947.8,296.6,fixation
11:38:39.9946,947.9,296.6,fixation
11:38:39.9951,947.9,296.9,fixation
11:38:39.9956,947.8,297.2,fixation
11:38:39.9961,947.8,297.3,fixation
11:38:39.9966,947.8,297.5,fixation
11:38:39.9971,947.4,297.7,fixation
11:38:39.9976,947.0,297.4,fixation
11:38:39.9981,946.7,296.8,fixation
11:38:39.9986,946.8,296.3,fixation
11:38:39.9991,947.1,296.2,fixation
11:38:39.9996,947.5,296.1,fixation
11:38:40.0001,947.7,294.6,fixation
11:38:40.0006,948.1,293.2,fixation
11:38:40.0011,949.3,292.5,fixation
11:38:40.0016,950.3,293.1,fixation
11:38:40.0021,950.9,294.2,fixation
11:38:40.0026,950.5,295.2,fixation
11:38:40.0031,950.2,295.6,fixation
11:38:40.0036,950.1,295.6,fixation
11:38:40.0041,950.4,295.1,fixation
11:38:40.0046,950.5,294.7,fixation
11:38:40.0051,950.6,294.5,fixation
11:38:40.0056,950.3,294.3,fixation
11:38:40.0061,950.1,295.0,fixation
11:38:40.0066,949.7,295.5,fixation
11:38:40.0071,949.3,295.9,fixation
11:38:40.0076,949.6,295.2,fixation
11:38:40.0081,950.6,294.6,fixation
11:38:40.0086,951.6,294.1,fixation
11:38:40.0091,951.9,294.5,fixation
11:38:40.0096,951.8,295.1,fixation
11:38:40.0101,951.5,295.9,fixation
11:38:40.0106,951.2,296.5,fixation
11:38:40.0111,950.9,297.5,fixation
11:38:40.0116,950.7,298.3,fixation
11:38:40.0121,950.6,298.8,fixation
11:38:40.0126,950.4,298.4,fixation
11:38:40.0131,951.1,298.3,fixation
11:38:40.0136,951.8,298.5,fixation
11:38:40.0141,952.7,297.7,fixation
11:38:40.0146,952.8,296.6,fixation
11:38:40.0151,951.2,295.4,fixation
11:38:40.0156,949.7,294.4,fixation
11:38:40.0161,948.3,293.5,fixation
11:38:40.0166,948.4,292.5,fixation
11:38:40.0171,949.1,294.5,fixation
11:38:40.0176,949.8,296.5,fixation
11:38:40.0181,950.3,298.1,fixation
11:38:40.0186,949.8,297.2,fixation
11:38:40.0191,949.4,295.9,fixation
11:38:40.0196,949.3,295.0,fixation
11:38:40.0201,949.9,295.5,fixation
11:38:40.0206,950.6,296.4,fixation
11:38:40.0211,950.2,295.4,fixation
11:38:40.0216,949.6,293.4,fixation
11:38:40.0221,949.0,292.4,fixation
11:38:40.0226,949.7,293.4,fixation
11:38:40.0231,950.7,294.5,fixation
11:38:40.0236,951.9,294.4,fixation
11:38:40.0241,951.5,294.4,fixation
11:38:40.0246,949.8,294.3,fixation
11:38:40.0251,948.1,294.2,fixation
11:38:40.0256,947.3,294.2,fixation
11:38:40.0261,947.2,294.4,fixation
11:38:40.0266,946.7,294.5,fixation
11:38:40.0271,946.4,294.6,fixation
11:38:40.0276,947.0,294.6,fixation
11:38:40.0281,947.9,294.5,fixation
11:38:40.0286,949.2,294.6,fixation
11:38:40.0291,949.4,294.7,fixation
11:38:40.0296,949.4,294.9,fixation
11:38:40.0301,947.9,293.9,fixation
11:38:40.0306,946.5,292.8,fixation
11:38:40.0311,945.4,293.9,fixation
11:38:40.0316,945.4,295.9,fixation
11:38:40.0321,945.3,297.4,fixation
11:38:40.0326,945.3,296.9,fixation
11:38:40.0331,945.2,296.4,fixation
11:38:40.0336,946.3,296.4,fixation
11:38:40.0341,947.6,296.4,fixation
11:38:40.0346,947.7,296.3,fixation
11:38:40.0351,946.7,294.7,fixation
11:38:40.0356,945.9,293.1,fixation
11:38:40.0361,946.6,291.1,fixation
11:38:40.0366,946.7,291.1,fixation
11:38:40.0371,946.5,291.3,fixation
11:38:40.0376,947.2,291.7,fixation
11:38:40.0381,948.6,291.8,fixation
11:38:40.0386,950.0,291.3,fixation
11:38:40.0391,950.4,290.7,fixation
11:38:40.0396,950.7,290.1,fixation
11:38:40.0401,950.8,290.2,fixation
11:38:40.0406,950.9,290.6,fixation
11:38:40.0411,950.7,291.0,fixation
11:38:40.0416,950.1,291.2,fixation
11:38:40.0421,949.3,291.6,fixation
11:38:40.0426,948.6,291.7,fixation
11:38:40.0431,948.3,291.7,fixation
11:38:40.0436,949.1,291.7,fixation
11:38:40.0441,950.0,292.3,fixation
11:38:40.0446,950.9,292.6,fixation
11:38:40.0451,950.9,292.0,fixation
11:38:40.0456,950.6,290.7,fixation
11:38:40.0461,950.2,289.4,fixation
11:38:40.0466,950.3,288.8,fixation
11:38:40.0471,950.3,290.9,fixation
11:38:40.0476,950.7,293.0,fixation
11:38:40.0481,951.1,294.6,fixation
11:38:40.0486,951.6,293.6,fixation
11:38:40.0491,952.8,292.6,fixation
11:38:40.0496,953.8,293.7,fixation
11:38:40.0501,953.5,295.3,fixation
11:38:40.0506,952.2,296.7,fixation
11:38:40.0511,951.0,296.6,fixation
11:38:40.0516,951.2,296.5,fixation
11:38:40.0521,952.3,296.7,fixation
11:38:40.0526,953.4,296.6,fixation
11:38:40.0531,952.8,295.9,fixation
11:38:40.0536,951.4,295.2,fixation
11:38:40.0541,949.5,294.4,fixation
11:38:40.0546,948.7,294.3,fixation
11:38:40.0551,947.9,295.0,fixation
11:38:40.0556,947.6,295.7,fixation
11:38:40.0561,947.6,296.5,fixation
11:38:40.0566,947.6,297.5,fixation
11:38:40.0571,947.5,298.5,fixation
11:38:40.0576,947.5,299.0,fixation
11:38:40.0581,947.5,297.7,fixation
11:38:40.0586,947.9,296.4,fixation
11:38:40.0591,949.5,295.4,fixation
11:38:40.0596,951.1,295.3,fixation
11:38:40.0601,952.5,294.6,fixation
11:38:40.0606,952.5,293.6,fixation
11:38:40.0611,952.6,292.5,fixation
11:38:40.0616,953.0,292.1,fixation
11:38:40.0621,953.3,292.2,fixation
11:38:40.0626,953.9,292.1,fixation
11:38:40.0631,954.3,292.0,fixation
11:38:40.0636,954.7,291.8,fixation
11:38:40.0641,955.5,292.4,fixation
11:38:40.0646,956.0,293.3,fixation
11:38:40.0651,955.3,294.2,fixation
11:38:40.0656,952.0,294.1,fixation
11:38:40.0661,948.7,293.1,fixation
11:38:40.0666,948.6,292.3,fixation
11:38:40.0671,950.6,292.0,fixation
11:38:40.0676,952.7,292.6,fixation
11:38:40.0681,952.8,293.9,fixation
11:38:40.0686,952.6,295.5,fixation
11:38:40.0691,951.9,296.7,fixation
11:38:40.0696,949.1,295.7,fixation
11:38:40.0701,946.6,294.4,fixation
11:38:40.0706,946.0,293.0,fixation
11:38:40.0711,947.4,292.9,fixation
11:38:40.0716,949.0,293.0,fixation
11:38:40.0721,949.2,293.2,fixation
11:38:40.0726,949.4,293.2,fixation
11:38:40.0731,948.8,293.0,fixation
11:38:40.0736,948.3,292.7,fixation
11:38:40.0741,947.7,292.2,fixation
11:38:40.0746,949.1,291.8,fixation
11:38:40.0751,950.4,291.1,fixation
11:38:40.0756,951.7,290.5,fixation
11:38:40.0761,951.7,289.9,fixation
11:38:40.0766,950.3,291.3,fixation
11:38:40.0771,948.8,292.9,fixation
11:38:40.0776,947.8,294.8,fixation
11:38:40.0781,948.5,294.9,fixation
11:38:40.0786,949.2,292.7,fixation
11:38:40.0791,949.3,290.3,fixation
11:38:40.0796,949.1,290.5,fixation
11:38:40.0801,948.7,293.1,fixation
11:38:40.0806,947.9,293.8,fixation
11:38:40.0811,947.3,290.9,fixation
11:38:40.0816,946.7,287.9,fixation
11:38:40.0821,947.7,288.4,fixation
11:38:40.0826,948.9,289.9,fixation
11:38:40.0831,950.0,291.3,fixation
11:38:40.0836,949.6,291.1,fixation
11:38:40.0841,948.2,291.1,fixation
11:38:40.0846,946.9,291.0,fixation
11:38:40.0851,946.4,291.1,fixation
11:38:40.0856,946.6,291.2,fixation
11:38:40.0861,946.7,290.7,fixation
11:38:40.0866,946.5,290.1,fixation
11:38:40.0871,946.3,289.6,fixation
11:38:40.0876,947.7,290.6,fixation
11:38:40.0881,949.3,291.7,fixation
11:38:40.0886,949.7,292.7,fixation
11:38:40.0891,948.5,292.5,fixation
11:38:40.0896,946.2,292.0,fixation
11:38:40.0901,945.0,291.6,fixation
11:38:40.0906,943.7,292.5,fixation
11:38:40.0911,943.7,293.6,fixation
11:38:40.0916,943.8,293.7,fixation
11:38:40.0921,945.1,292.7,fixation
11:38:40.0926,946.4,291.6,fixation
11:38:40.0931,947.5,291.6,fixation
11:38:40.0936,947.5,291.5,fixation
11:38:40.0941,947.6,291.3,fixation
11:38:40.0946,947.6,291.1,fixation
11:38:40.0951,947.7,292.3,fixation
11:38:40.0956,948.1,293.3,fixation
11:38:40.0961,948.5,294.3,fixation
11:38:40.0966,948.8,293.8,fixation
11:38:40.0971,948.6,293.4,fixation
11:38:40.0976,946.9,293.0,fixation
11:38:40.0981,945.3,292.7,fixation
11:38:40.0986,943.7,292.7,fixation
11:38:40.0991,943.4,294.1,fixation
11:38:40.0996,944.6,295.4,fixation
11:38:40.1001,946.2,294.6,fixation
11:38:40.1006,947.5,293.0,fixation
11:38:40.1011,946.0,292.0,fixation
11:38:40.1016,944.3,293.2,fixation
11:38:40.1021,942.5,293.9,fixation
11:38:40.1026,942.1,293.9,fixation
11:38:40.1031,943.0,293.9,fixation
11:38:40.1036,944.4,293.9,fixation
11:38:40.1041,945.8,294.1,fixation
11:38:40.1046,945.9,294.2,fixation
11:38:40.1051,945.7,294.7,fixation
11:38:40.1056,945.5,295.4,fixation
11:38:40.1061,945.8,296.2,fixation
11:38:40.1066,946.2,296.4,fixation
11:38:40.1071,946.5,297.4,fixation
11:38:40.1076,946.5,297.9,fixation
11:38:40.1081,946.3,298.0,fixation
11:38:40.1086,946.1,297.3,fixation
11:38:40.1091,945.9,296.8,fixation
11:38:40.1096,946.6,296.6,fixation
11:38:40.1101,947.2,296.4,fixation
11:38:40.1106,948.8,296.2,fixation
11:38:40.1111,949.5,298.0,fixation
11:38:40.1116,950.7,300.0,fixation
11:38:40.1121,951.1,300.3,fixation
11:38:40.1126,950.9,298.7,fixation
11:38:40.1131,950.5,297.4,fixation
11:38:40.1136,950.1,297.6,fixation
11:38:40.1141,950.1,297.9,fixation
11:38:40.1146,949.9,296.2,fixation
11:38:40.1151,949.6,294.5,fixation
11:38:40.1156,949.4,294.2,fixation
11:38:40.1161,949.7,296.3,fixation
11:38:40.1166,950.0,298.3,fixation
11:38:40.1171,949.4,298.5,fixation
11:38:40.1176,948.3,298.2,fixation
11:38:40.1181,947.1,297.8,fixation
11:38:40.1186,947.0,298.1,fixation
11:38:40.1191,947.4,298.5,fixation
11:38:40.1196,947.9,298.9,fixation
11:38:40.1201,948.3,298.8,fixation
11:38:40.1206,948.4,298.6,fixation
11:38:40.1211,948.6,298.5,fixation
11:38:40.1216,948.7,298.4,fixation
11:38:40.1221,948.7,298.7,fixation
11:38:40.1226,948.4,299.1,fixation
11:38:40.1231,948.0,299.5,fixation
11:38:40.1236,947.9,298.3,fixation
11:38:40.1241,948.1,297.0,fixation
11:38:40.1246,948.5,295.7,fixation
11:38:40.1251,948.8,296.8,fixation
11:38:40.1256,949.0,298.0,fixation
11:38:40.1261,949.1,299.3,fixation
11:38:40.1266,948.9,299.5,fixation
11:38:40.1271,948.4,299.7,fixation
11:38:40.1276,947.8,299.9,fixation
11:38:40.1281,948.4,298.8,fixation
11:38:40.1286,949.2,297.7,fixation
11:38:40.1291,950.2,295.1,fixation
11:38:40.1296,950.7,292.3,fixation
11:38:40.1301,951.2,289.4,fixation
11:38:40.1306,950.5,288.0,fixation
11:38:40.1311,949.2,291.3,fixation
11:38:40.1316,949.2,294.5,fixation
11:38:40.1321,950.3,295.8,fixation
11:38:40.1326,951.5,293.9,fixation
11:38:40.1331,951.4,292.4,fixation
11:38:40.1336,951.6,292.6,fixation
11:38:40.1341,951.9,292.9,fixation
11:38:40.1346,951.7,292.8,fixation
11:38:40.1351,950.9,292.7,fixation
11:38:40.1356,950.1,293.4,fixation
11:38:40.1361,949.9,294.2,fixation
11:38:40.1366,950.5,294.9,fixation
11:38:40.1371,951.2,294.7,fixation
11:38:40.1376,951.8,295.0,fixation
11:38:40.1381,952.4,295.5,fixation
11:38:40.1386,952.9,296.0,fixation
11:38:40.1391,952.7,296.0,fixation
11:38:40.1396,951.2,295.6,fixation
11:38:40.1401,949.9,295.0,fixation
11:38:40.1406,949.6,294.5,fixation
11:38:40.1411,950.1,293.9,fixation
11:38:40.1416,950.5,293.7,fixation
11:38:40.1421,950.5,293.6,fixation
11:38:40.1426,950.4,293.2,fixation
11:38:40.1431,950.8,292.6,fixation
11:38:40.1436,951.3,292.4,fixation
11:38:40.1441,951.3,292.7,fixation
11:38:40.1446,950.9,293.1,fixation
11:38:40.1451,950.4,293.7,fixation
11:38:40.1456,949.9,294.3,fixation
11:38:40.1461,949.3,295.1,fixation
11:38:40.1466,948.5,295.2,fixation
11:38:40.1471,948.3,294.1,fixation
11:38:40.1476,948.0,293.3,fixation
11:38:40.1481,948.1,292.4,fixation
11:38:40.1486,948.7,291.3,fixation
11:38:40.1491,949.9,289.8,fixation
11:38:40.1496,951.0,288.4,fixation
11:38:40.1501,951.4,288.4,fixation
11:38:40.1506,951.2,290.5,fixation
11:38:40.1511,951.3,292.5,fixation
11:38:40.1516,952.7,294.6,fixation
11:38:40.1521,954.3,294.3,fixation
11:38:40.1526,955.5,293.6,fixation
11:38:40.1531,954.1,292.8,fixation
11:38:40.1536,952.8,292.9,fixation
11:38:40.1541,952.1,293.3,fixation
11:38:40.1546,952.7,294.6,fixation
11:38:40.1551,952.9,295.4,fixation
11:38:40.1556,952.6,294.4,fixation
11:38:40.1561,952.3,292.7,fixation
11:38:40.1566,952.3,291.9,fixation
11:38:40.1571,952.2,292.9,fixation
11:38:40.1576,952.1,294.1,fixation
11:38:40.1581,952.0,294.3,fixation
11:38:40.1586,952.6,294.0,fixation
11:38:40.1591,953.3,294.3,fixation
11:38:40.1596,953.6,294.7,fixation
11:38:40.1601,953.3,295.7,fixation
11:38:40.1606,953.1,296.0,fixation
11:38:40.1611,952.3,296.3,fixation
11:38:40.1616,951.5,295.2,fixation
11:38:40.1621,950.6,293.9,fixation
11:38:40.1626,950.9,293.2,fixation
11:38:40.1631,951.0,294.1,fixation
11:38:40.1636,951.1,295.1,fixation
11:38:40.1641,951.7,294.4,fixation
11:38:40.1646,952.4,293.5,fixation
11:38:40.1651,952.9,292.4,fixation
11:38:40.1656,952.8,292.6,fixation
11:38:40.1661,952.7,291.8,fixation
11:38:40.1666,952.8,291.1,fixation
11:38:40.1671,954.0,290.4,fixation
11:38:40.1676,955.1,291.0,fixation
11:38:40.1681,956.1,292.2,fixation
11:38:40.1686,956.1,293.2,fixation
11:38:40.1691,956.1,293.5,fixation
11:38:40.1696,955.1,293.1,fixation
11:38:40.1701,954.0,293.8,fixation
11:38:40.1706,953.0,294.4,fixation
11:38:40.1711,953.1,295.1,fixation
11:38:40.1716,953.2,295.2,fixation
11:38:40.1721,953.1,295.3,fixation
11:38:40.1726,953.4,295.7,fixation
11:38:40.1731,953.7,295.9,fixation
11:38:40.1736,952.6,297.1,fixation
11:38:40.1741,951.2,298.2,fixation
11:38:40.1746,950.1,297.0,fixation
11:38:40.1751,950.4,294.7,fixation
11:38:40.1756,951.1,292.5,fixation
11:38:40.1761,951.4,292.3,fixation
11:38:40.1766,951.5,292.2,fixation
11:38:40.1771,951.3,293.2,fixation
11:38:40.1776,952.3,294.1,fixation
11:38:40.1781,953.4,294.9,fixation
11:38:40.1786,954.3,294.5,fixation
11:38:40.1791,953.9,294.7,fixation
11:38:40.1796,953.5,295.0,fixation
11:38:40.1801,953.5,295.0,fixation
11:38:40.1806,953.5,294.6,fixation
11:38:40.1811,953.3,294.1,fixation
11:38:40.1816,952.9,293.5,fixation
11:38:40.1821,952.4,293.3,fixation
11:38:40.1826,952.3,293.0,fixation
11:38:40.1831,952.3,293.1,fixation
11:38:40.1836,952.6,293.6,fixation
11:38:40.1841,952.8,294.3,fixation
11:38:40.1846,952.9,295.6,fixation
11:38:40.1851,952.6,296.6,fixation
11:38:40.1856,953.4,297.3,fixation
11:38:40.1861,954.4,297.3,fixation
11:38:40.1866,955.5,297.0,fixation
11:38:40.1871,955.3,296.5,fixation
11:38:40.1876,954.9,296.0,fixation
11:38:40.1881,953.7,295.9,fixation
11:38:40.1886,952.6,296.8,fixation
11:38:40.1891,951.7,297.9,fixation
11:38:40.1896,951.4,297.9,fixation
11:38:40.1901,951.0,296.9,fixation
11:38:40.1906,950.9,295.8,fixation
11:38:40.1911,951.2,294.8,fixation
11:38:40.1916,951.5,293.3,fixation
11:38:40.1921,951.5,291.9,fixation
11:38:40.1926,951.5,292.1,fixation
11:38:40.1931,951.6,293.6,fixation
11:38:40.1936,951.8,295.2,fixation
11:38:40.1941,951.1,296.2,fixation
11:38:40.1946,950.5,296.3,fixation
11:38:40.1951,950.0,296.2,fixation
11:38:40.1956,950.2,296.2,fixation
11:38:40.1961,950.8,295.5,fixation
11:38:40.1966,951.4,294.4,fixation
11:38:40.1971,952.1,293.2,fixation
11:38:40.1976,952.5,293.0,fixation
11:38:40.1981,952.7,293.3,fixation
11:38:40.1986,952.7,293.7,fixation
11:38:40.1991,952.9,293.8,fixation
11:38:40.1996,953.0,293.4,fixation
11:38:40.2001,953.0,293.0,fixation
11:38:40.2006,952.9,293.4,fixation
11:38:40.2011,952.7,294.0,fixation
11:38:40.2016,952.5,295.5,fixation
11:38:40.2021,952.5,296.3,fixation
11:38:40.2026,952.7,296.2,fixation
11:38:40.2031,952.9,295.2,fixation
11:38:40.2036,953.0,293.8,fixation
11:38:40.2041,953.0,293.3,fixation
11:38:40.2046,953.0,292.7,fixation
11:38:40.2051,953.6,293.5,fixation
11:38:40.2056,954.2,294.3,fixation
11:38:40.2061,954.3,295.1,fixation
11:38:40.2066,954.0,295.9,fixation
11:38:40.2071,954.0,296.5,fixation
11:38:40.2076,954.4,297.0,fixation
11:38:40.2081,953.7,296.0,fixation
11:38:40.2086,953.2,294.5,fixation
11:38:40.2091,952.6,292.4,fixation
11:38:40.2096,952.2,291.0,fixation
11:38:40.2101,951.4,291.7,fixation
11:38:40.2106,949.4,293.0,fixation
11:38:40.2111,948.2,294.2,fixation
11:38:40.2116,947.4,293.7,fixation
11:38:40.2121,949.1,292.6,fixation
11:38:40.2126,950.8,291.7,fixation
11:38:40.2131,952.6,291.1,fixation
11:38:40.2136,953.0,291.1,fixation
11:38:40.2141,953.1,291.2,fixation
11:38:40.2146,952.4,291.3,fixation
11:38:40.2151,951.9,290.0,fixation
11:38:40.2156,951.7,288.7,fixation
11:38:40.2161,951.5,288.7,fixation
11:38:40.2166,951.2,290.2,fixation
11:38:40.2171,951.1,291.7,fixation
11:38:40.2176,951.2,291.9,fixation
11:38:40.2181,951.5,292.8,fixation
11:38:40.2186,951.9,293.7,fixation
11:38:40.2191,953.0,295.0,fixation
11:38:40.2196,953.9,295.5,fixation
11:38:40.2201,953.1,294.8,fixation
11:38:40.2206,951.6,293.3,fixation
11:38:40.2211,950.1,291.7,fixation
11:38:40.2216,950.0,291.2,fixation
11:38:40.2221,949.3,291.4,fixation
11:38:40.2226,948.5,291.8,fixation
11:38:40.2231,948.1,292.3,fixation
11:38:40.2236,948.2,292.2,fixation
11:38:40.2241,948.5,291.9,fixation
11:38:40.2246,948.5,290.9,fixation
11:38:40.2251,948.6,290.2,fixation
11:38:40.2256,947.1,289.1,saccade
11:38:40.2261,945.9,289.5,saccade
11:38:40.2266,945.2,290.9,saccade
11:38:40.2271,945.1,292.4,saccade
11:38:40.2276,945.7,291.6,saccade
11:38:40.2281,946.8,290.1,saccade
11:38:40.2286,947.8,288.3,saccade
11:38:40.2291,948.2,288.0,saccade
11:38:40.2296,947.6,287.9,saccade
11:38:40.2301,945.5,288.3,saccade
11:38:40.2306,943.4,288.8,saccade
11:38:40.2311,942.0,289.1,saccade
11:38:40.2316,942.0,289.1,saccade
11:38:40.2321,940.2,289.0,saccade
11:38:40.2326,938.4,289.1,saccade
11:38:40.2331,934.9,289.6,saccade
11:38:40.2336,931.4,290.1,saccade
11:38:40.2341,925.0,290.1,saccade
11:38:40.2346,920.0,289.7,saccade
11:38:40.2351,914.1,289.3,saccade
11:38:40.2356,910.3,289.0,saccade
11:38:40.2361,903.7,290.1,saccade
11:38:40.2366,899.3,291.2,saccade
11:38:40.2371,894.2,291.7,saccade
11:38:40.2376,891.5,290.9,saccade
11:38:40.2381,889.4,291.5,saccade
11:38:40.2386,888.7,293.5,saccade
11:38:40.2391,887.1,295.4,saccade
11:38:40.2396,882.5,295.3,saccade
11:38:40.2401,878.1,294.3,saccade
11:38:40.2406,875.1,293.4,saccade
11:38:40.2411,874.9,294.5,saccade
11:38:40.2416,874.6,295.9,saccade
11:38:40.2421,874.3,298.3,saccade
11:38:40.2426,873.9,299.3,saccade
11:38:40.2431,873.6,299.5,saccade
11:38:40.2436,874.9,298.7,saccade
11:38:40.2441,876.5,298.4,saccade
11:38:40.2446,877.8,299.5,saccade
11:38:40.2451,877.5,300.6,saccade
11:38:40.2456,877.3,299.0,saccade
11:38:40.2461,877.1,295.3,fixation
11:38:40.2466,876.9,296.5,fixation
11:38:40.2471,879.2,297.7,fixation
11:38:40.2476,882.8,297.9,fixation
11:38:40.2481,886.4,298.1,fixation
11:38:40.2486,887.5,298.3,fixation
11:38:40.2491,887.8,298.5,fixation
11:38:40.2496,888.1,297.7,fixation
11:38:40.2501,888.4,295.7,fixation
11:38:40.2506,888.3,293.2,fixation
11:38:40.2511,888.7,291.7,fixation
11:38:40.2516,889.5,291.9,fixation
11:38:40.2521,890.3,293.5,fixation
11:38:40.2526,890.0,295.1,fixation
11:38:40.2531,889.7,295.0,fixation
11:38:40.2536,889.5,294.1,fixation
11:38:40.2541,890.5,295.2,fixation
11:38:40.2546,891.3,297.1,fixation
11:38:40.2551,892.1,299.1,fixation
11:38:40.2556,892.8,299.1,fixation
11:38:40.2561,893.4,298.9,fixation
11:38:40.2566,893.2,298.6,fixation
11:38:40.2571,891.9,297.8,fixation
11:38:40.2576,890.6,297.3,fixation
11:38:40.2581,889.8,296.2,fixation
11:38:40.2586,889.6,295.6,fixation
11:38:40.2591,889.2,295.8,fixation
11:38:40.2596,889.0,296.6,fixation
11:38:40.2601,888.7,297.6,fixation
11:38:40.2606,889.6,297.8,fixation
11:38:40.2611,890.3,297.7,fixation
11:38:40.2616,890.9,297.4,fixation
11:38:40.2621,891.4,297.1,fixation
11:38:40.2626,892.1,297.2,fixation
11:38:40.2631,892.9,296.7,fixation
11:38:40.2636,892.9,296.2,fixation
11:38:40.2641,892.9,295.2,fixation
11:38:40.2646,892.1,294.7,fixation
11:38:40.2651,891.2,295.3,fixation
11:38:40.2656,891.8,296.5,fixation
11:38:40.2661,893.0,297.8,fixation
11:38:40.2666,894.3,297.9,fixation
11:38:40.2671,894.4,297.8,fixation
11:38:40.2676,893.7,297.6,fixation
11:38:40.2681,893.1,297.6,fixation
11:38:40.2686,892.6,297.4,fixation
11:38:40.2691,892.6,297.2,fixation
11:38:40.2696,892.9,297.2,fixation
11:38:40.2701,893.2,297.3,fixation
11:38:40.2706,893.1,297.5,fixation
11:38:40.2711,891.9,297.4,fixation
11:38:40.2716,890.6,298.2,fixation
11:38:40.2721,891.3,298.6,fixation
11:38:40.2726,893.0,298.6,fixation
11:38:40.2731,894.8,296.7,fixation
11:38:40.2736,893.3,295.2,fixation
11:38:40.2741,891.6,295.3,fixation
11:38:40.2746,891.6,296.6,fixation
11:38:40.2751,893.2,298.1,fixation
11:38:40.2756,892.9,298.3,fixation
11:38:40.2761,890.8,298.0,fixation
11:38:40.2766,889.3,297.6,fixation
11:38:40.2771,890.1,297.2,fixation
11:38:40.2776,890.9,297.1,fixation
11:38:40.2781,891.6,297.0,fixation
11:38:40.2786,892.1,296.8,fixation
11:38:40.2791,892.4,296.9,fixation
11:38:40.2796,892.3,297.5,fixation
11:38:40.2801,891.3,298.2,fixation
11:38:40.2806,890.3,298.1,fixation
11:38:40.2811,889.4,296.6,fixation
11:38:40.2816,889.4,295.1,fixation
11:38:40.2821,889.6,294.3,fixation
11:38:40.2826,889.8,294.6,fixation
11:38:40.2831,890.3,294.9,fixation
11:38:40.2836,890.6,294.9,fixation
11:38:40.2841,890.9,294.8,fixation
11:38:40.2846,891.1,294.5,fixation
11:38:40.2851,890.9,294.2,fixation
11:38:40.2856,890.5,294.0,fixation
11:38:40.2861,890.5,294.0,fixation
11:38:40.2866,891.0,294.5,fixation
11:38:40.2871,890.9,295.0,fixation
11:38:40.2876,890.3,295.6,fixation
11:38:40.2881,889.8,295.6,fixation
11:38:40.2886,890.3,296.4,fixation
11:38:40.2891,890.9,297.1,fixation
11:38:40.2896,890.3,296.9,fixation
11:38:40.2901,889.2,296.1,fixation
11:38:40.2906,888.0,295.2,fixation
11:38:40.2911,888.0,295.2,fixation
11:38:40.2916,887.6,295.7,fixation
11:38:40.2921,887.0,296.2,fixation
11:38:40.2926,886.1,296.3,fixation
11:38:40.2931,885.5,295.9,fixation
11:38:40.2936,885.2,295.5,fixation
11:38:40.2941,885.1,294.7,fixation
11:38:40.2946,885.1,293.9,fixation
11:38:40.2951,885.1,293.1,fixation
11:38:40.2956,885.2,294.5,fixation
11:38:40.2961,885.3,295.8,fixation
11:38:40.2966,884.5,295.9,fixation
11:38:40.2971,883.6,294.7,fixation
11:38:40.2976,882.6,293.5,fixation
11:38:40.2981,882.7,292.1,fixation
11:38:40.2986,882.7,290.8,fixation
11:38:40.2991,883.8,291.1,fixation
11:38:40.2996,884.8,293.2,fixation
11:38:40.3001,885.1,295.2,fixation
11:38:40.3006,884.2,296.4,fixation
11:38:40.3011,883.0,297.1,fixation
11:38:40.3016,882.6,298.0,fixation
11:38:40.3021,882.3,298.1,fixation
11:38:40.3026,882.6,296.6,fixation
11:38:40.3031,882.5,294.2,fixation
11:38:40.3036,882.3,291.7,fixation
11:38:40.3041,883.4,290.6,fixation
11:38:40.3046,884.8,290.3,fixation
11:38:40.3051,885.6,292.4,fixation
11:38:40.3056,884.5,295.0,fixation
11:38:40.3061,883.5,297.5,fixation
11:38:40.3066,883.9,297.6,fixation
11:38:40.3071,884.8,296.4,fixation
11:38:40.3076,885.7,295.2,fixation
11:38:40.3081,885.6,295.5,fixation
11:38:40.3086,885.3,297.0,fixation
11:38:40.3091,885.2,297.3,fixation
11:38:40.3096,885.4,296.1,fixation
11:38:40.3101,885.9,294.8,fixation
11:38:40.3106,886.4,294.7,fixation
11:38:40.3111,886.2,294.9,fixation
11:38:40.3116,885.7,295.6,fixation
11:38:40.3121,885.4,296.6,fixation
11:38:40.3126,885.6,297.3,fixation
11:38:40.3131,885.7,297.9,fixation
11:38:40.3136,885.5,298.0,fixation
11:38:40.3141,885.4,298.2,fixation
11:38:40.3146,885.4,297.9,fixation
11:38:40.3151,885.6,297.9,fixation
11:38:40.3156,885.7,297.9,fixation
11:38:40.3161,885.5,297.9,fixation
11:38:40.3166,885.0,297.8,fixation
11:38:40.3171,884.9,297.8,fixation
11:38:40.3176,885.4,298.0,fixation
11:38:40.3181,886.3,298.2,fixation
11:38:40.3186,886.7,298.4,fixation
11:38:40.3191,886.7,298.4,fixation
11:38:40.3196,886.2,298.0,fixation
11:38:40.3201,885.2,297.6,fixation
11:38:40.3206,884.4,297.2,fixation
11:38:40.3211,884.0,296.4,fixation
11:38:40.3216,885.0,295.7,fixation
11:38:40.3221,885.6,295.6,fixation
11:38:40.3226,886.1,296.4,fixation
11:38:40.3231,886.5,297.5,fixation
11:38:40.3236,887.2,299.1,fixation
11:38:40.3241,887.1,300.4,fixation
11:38:40.3246,886.2,301.5,fixation
11:38:40.3251,886.7,301.3,fixation
11:38:40.3256,888.1,300.8,fixation
11:38:40.3261,888.9,300.3,fixation
11:38:40.3266,887.8,299.7,fixation
11:38:40.3271,886.8,299.4,fixation
11:38:40.3276,886.3,298.4,fixation
11:38:40.3281,886.4,297.6,fixation
11:38:40.3286,886.6,296.9,fixation
11:38:40.3291,886.9,297.1,fixation
11:38:40.3296,887.2,296.3,fixation
11:38:40.3301,886.6,295.3,fixation
11:38:40.3306,885.7,294.7,fixation
11:38:40.3311,885.1,295.1,fixation
11:38:40.3316,885.4,295.7,fixation
11:38:40.3321,885.3,295.8,fixation
11:38:40.3326,884.2,295.9,fixation
11:38:40.3331,883.1,295.9,fixation
11:38:40.3336,883.0,295.9,fixation
11:38:40.3341,883.4,297.7,fixation
11:38:40.3346,883.9,299.4,fixation
11:38:40.3351,882.7,298.1,fixation
11:38:40.3356,881.7,295.1,fixation
11:38:40.3361,881.8,292.2,fixation
11:38:40.3366,883.6,292.4,fixation
11:38:40.3371,885.3,292.6,fixation
11:38:40.3376,886.1,293.8,fixation
11:38:40.3381,886.4,294.8,fixation
11:38:40.3386,886.1,295.7,fixation
11:38:40.3391,884.4,295.6,fixation
11:38:40.3396,882.7,295.6,fixation
11:38:40.3401,881.8,296.0,fixation
11:38:40.3406,882.1,296.3,fixation
11:38:40.3411,882.4,297.2,fixation
11:38:40.3416,883.2,297.6,fixation
11:38:40.3421,883.9,297.9,fixation
11:38:40.3426,884.5,296.2,fixation
11:38:40.3431,884.3,294.6,fixation
11:38:40.3436,883.2,293.1,fixation
11:38:40.3441,882.2,293.3,fixation
11:38:40.3446,881.3,293.9,fixation
11:38:40.3451,881.2,295.0,fixation
11:38:40.3456,881.1,295.9,fixation
11:38:40.3461,881.0,296.6,fixation
11:38:40.3466,881.9,295.5,fixation
11:38:40.3471,882.8,294.2,fixation
11:38:40.3476,883.8,292.5,fixation
11:38:40.3481,883.9,291.7,fixation
11:38:40.3486,884.2,290.8,fixation
11:38:40.3491,884.3,290.4,fixation
11:38:40.3496,884.6,290.4,fixation
11:38:40.3501,885.0,290.7,fixation
11:38:40.3506,885.3,291.1,fixation
11:38:40.3511,884.6,291.4,fixation
11:38:40.3516,883.7,292.2,fixation
11:38:40.3521,882.7,293.4,fixation
11:38:40.3526,882.5,294.7,fixation
11:38:40.3531,883.3,294.8,fixation
11:38:40.3536,884.3,294.2,fixation
11:38:40.3541,885.2,293.7,fixation
11:38:40.3546,885.4,293.4,fixation
11:38:40.3551,885.7,292.9,fixation
11:38:40.3556,885.9,292.5,fixation
11:38:40.3561,885.9,292.0,fixation
11:38:40.3566,885.7,291.7,fixation
11:38:40.3571,885.7,291.9,fixation
11:38:40.3576,886.9,292.5,fixation
11:38:40.3581,888.6,293.2,fixation
11:38:40.3586,890.3,294.0,fixation
11:38:40.3591,890.7,294.6,fixation
11:38:40.3596,888.8,294.8,fixation
11:38:40.3601,887.0,294.4,fixation
11:38:40.3606,886.9,294.0,fixation
11:38:40.3611,888.4,294.0,fixation
11:38:40.3616,889.8,294.1,fixation
11:38:40.3621,889.5,294.2,fixation
11:38:40.3626,889.3,294.2,fixation
11:38:40.3631,889.2,294.2,fixation
11:38:40.3636,889.1,295.1,fixation
11:38:40.3641,888.6,296.1,fixation
11:38:40.3646,888.0,296.9,fixation
11:38:40.3651,887.3,296.8,fixation
11:38:40.3656,886.8,296.5,fixation
11:38:40.3661,886.6,296.2,fixation
11:38:40.3666,886.5,296.1,fixation
11:38:40.3671,887.0,296.1,fixation
11:38:40.3676,887.6,295.7,fixation
11:38:40.3681,888.7,295.2,fixation
11:38:40.3686,889.4,295.0,fixation
11:38:40.3691,888.7,295.2,fixation
11:38:40.3696,887.5,295.8,fixation
11:38:40.3701,886.3,296.6,fixation
11:38:40.3706,886.3,298.4,fixation
11:38:40.3711,886.2,299.8,fixation
11:38:40.3716,886.1,299.9,fixation
11:38:40.3721,886.2,297.2,fixation
11:38:40.3726,886.0,294.6,fixation
11:38:40.3731,885.9,294.1,fixation
11:38:40.3736,885.7,295.4,fixation
11:38:40.3741,885.8,296.4,fixation
11:38:40.3746,886.1,296.1,fixation
11:38:40.3751,886.4,295.9,fixation
11:38:40.3756,885.6,295.8,fixation
11:38:40.3761,884.7,295.6,fixation
11:38:40.3766,884.3,295.3,fixation
11:38:40.3771,884.8,295.4,fixation
11:38:40.3776,885.9,295.3,fixation
11:38:40.3781,886.8,295.0,fixation
11:38:40.3786,887.7,294.8,fixation
11:38:40.3791,887.5,294.1,fixation
11:38:40.3796,886.7,293.3,fixation
11:38:40.3801,887.0,292.4,fixation
11:38:40.3806,887.9,292.2,fixation
11:38:40.3811,889.1,293.4,fixation
11:38:40.3816,889.6,295.0,fixation
11:38:40.3821,890.0,296.7,fixation
11:38:40.3826,889.9,296.7,fixation
11:38:40.3831,889.3,296.6,fixation
11:38:40.3836,889.1,296.6,fixation
11:38:40.3841,889.3,296.9,fixation
11:38:40.3846,889.7,296.1,fixation
11:38:40.3851,889.9,295.1,fixation
11:38:40.3856,890.3,295.4,fixation
11:38:40.3861,891.8,297.2,fixation
11:38:40.3866,893.1,299.1,fixation
11:38:40.3871,893.3,300.4,fixation
11:38:40.3876,891.6,301.1,fixation
11:38:40.3881,889.9,301.9,fixation
11:38:40.3886,890.9,302.1,fixation
11:38:40.3891,892.5,302.2,fixation
11:38:40.3896,893.9,302.4,fixation
11:38:40.3901,893.5,302.9,fixation
11:38:40.3906,892.8,303.6,fixation
11:38:40.3911,891.6,304.4,fixation
11:38:40.3916,890.0,303.9,fixation
11:38:40.3921,888.8,303.2,fixation
11:38:40.3926,889.4,305.2,fixation
11:38:40.3931,890.7,308.0,fixation
11:38:40.3936,890.7,310.7,fixation
11:38:40.3941,889.5,311.0,fixation
11:38:40.3946,887.9,311.3,fixation
11:38:40.3951,887.1,311.6,fixation
11:38:40.3956,886.0,312.5,fixation
11:38:40.3961,885.2,313.5,fixation
11:38:40.3966,884.9,314.3,fixation
11:38:40.3971,884.7,314.2,fixation
11:38:40.3976,884.4,315.1,fixation
11:38:40.3981,884.3,316.7,fixation
11:38:40.3986,884.4,318.9,fixation
11:38:40.3991,883.6,320.2,fixation
11:38:40.3996,882.7,318.5,fixation
11:38:40.4001,882.0,316.2,fixation
11:38:40.4006,884.3,313.9,saccade
11:38:40.4011,885.4,314.5,saccade
11:38:40.4016,886.1,315.2,saccade
11:38:40.4021,885.4,315.9,saccade
11:38:40.4026,884.2,316.1,saccade
11:38:40.4031,883.3,316.4,saccade
11:38:40.4036,882.0,318.4,saccade
11:38:40.4041,881.5,320.3,saccade
11:38:40.4046,880.9,321.9,saccade
11:38:40.4051,880.9,323.3,saccade
11:38:40.4056,880.8,324.7,saccade
11:38:40.4061,881.2,326.1,saccade
11:38:40.4066,881.6,325.6,saccade
11:38:40.4071,881.8,325.2,saccade
11:38:40.4076,881.3,328.6,saccade
11:38:40.4081,880.6,335.1,saccade
11:38:40.4086,880.1,341.5,saccade
11:38:40.4091,879.8,346.6,saccade
11:38:40.4096,879.6,350.6,saccade
11:38:40.4101,881.9,354.6,saccade
11:38:40.4106,884.0,362.6,saccade
11:38:40.4111,885.9,377.9,saccade
11:38:40.4116,885.8,402.8,saccade
11:38:40.4121,890.0,431.0,saccade
11:38:40.4126,898.2,466.5,saccade
11:38:40.4131,904.4,517.4,saccade
11:38:40.4136,905.9,588.1,saccade
11:38:40.4141,889.4,693.5,saccade
11:38:40.4146,871.4,784.6,saccade
11:38:40.4151,854.6,848.6,saccade
11:38:40.4156,.,.,blink
11:38:40.4161,.,.,blink
11:38:40.4166,.,.,blink
11:38:40.4171,.,.,blink
11:38:40.4176,.,.,blink
11:38:40.4181,.,.,blink
11:38:40.4186,.,.,blink
11:38:40.4191,.,.,blink
11:38:40.4196,.,.,blink
11:38:40.4201,.,.,blink
11:38:40.4206,.,.,blink
11:38:40.4211,.,.,blink
11:38:40.4216,.,.,blink
11:38:40.4221,.,.,blink
11:38:40.4226,.,.,blink
11:38:40.4231,.,.,blink
11:38:40.4236,.,.,blink
11:38:40.4241,.,.,blink
11:38:40.4246,.,.,blink
11:38:40.4251,.,.,blink
11:38:40.4256,.,.,blink
11:38:40.4261,.,.,blink
11:38:40.4266,.,.,blink
11:38:40.4271,.,.,blink
11:38:40.4276,.,.,blink
11:38:40.4281,.,.,blink
11:38:40.4286,.,.,blink
11:38:40.4291,.,.,blink
11:38:40.4296,.,.,blink
11:38:40.4301,.,.,blink
11:38:40.4306,.,.,blink
11:38:40.4311,.,.,blink
11:38:40.4316,.,.,blink
11:38:40.4321,.,.,blink
11:38:40.4326,.,.,blink
11:38:40.4331,.,.,blink
11:38:40.4336,.,.,blink
11:38:40.4341,.,.,blink
11:38:40.4346,.,.,blink
11:38:40.4351,.,.,blink
11:38:40.4356,.,.,blink
11:38:40.4361,.,.,blink
11:38:40.4366,.,.,blink
11:38:40.4371,.,.,blink
11:38:40.4376,.,.,blink
11:38:40.4381,.,.,blink
11:38:40.4386,.,.,blink
11:38:40.4391,.,.,blink
11:38:40.4396,.,.,blink
11:38:40.4401,.,.,blink
11:38:40.4406,.,.,blink
11:38:40.4411,.,.,blink
11:38:40.4416,.,.,blink
11:38:40.4421,.,.,blink
11:38:40.4426,.,.,blink
11:38:40.4431,.,.,blink
11:38:40.4436,.,.,blink
11:38:40.4441,.,.,blink
11:38:40.4446,.,.,blink
11:38:40.4451,.,.,blink
11:38:40.4456,.,.,blink
11:38:40.4461,.,.,blink
11:38:40.4466,.,.,blink
11:38:40.4471,.,.,blink
11:38:40.4476,.,.,blink
11:38:40.4481,.,.,blink
11:38:40.4486,.,.,blink
11:38:40.4491,.,.,blink
11:38:40.4496,.,.,blink
11:38:40.4501,.,.,blink
11:38:40.4506,.,.,blink
11:38:40.4511,.,.,blink
11:38:40.4516,.,.,blink
11:38:40.4521,.,.,blink
11:38:40.4526,.,.,blink
11:38:40.4531,.,.,blink
11:38:40.4536,.,.,blink
11:38:40.4541,.,.,blink
11:38:40.4546,.,.,blink
11:38:40.4551,.,.,blink
11:38:40.4556,.,.,blink
11:38:40.4561,.,.,blink
11:38:40.4566,.,.,blink
11:38:40.4571,.,.,blink
11:38:40.4576,.,.,blink
11:38:40.4581,.,.,blink
11:38:40.4586,.,.,blink
11:38:40.4591,.,.,blink
11:38:40.4596,.,.,blink
11:38:40.4601,.,.,blink
11:38:40.4606,.,.,blink
11:38:40.4611,.,.,blink
11:38:40.4616,.,.,blink
11:38:40.4621,.,.,blink
11:38:40.4626,.,.,blink
11:38:40.4631,.,.,blink
11:38:40.4636,.,.,blink
11:38:40.4641,.,.,blink
11:38:40.4646,.,.,blink
11:38:40.4651,.,.,blink
11:38:40.4656,.,.,blink
11:38:40.4661,.,.,blink
11:38:40.4666,.,.,blink
11:38:40.4671,.,.,blink
11:38:40.4676,.,.,blink
11:38:40.4681,.,.,blink
11:38:40.4686,.,.,blink
11:38:40.4691,.,.,blink
11:38:40.4696,.,.,blink
11:38:40.4701,.,.,blink
11:38:40.4706,.,.,blink
11:38:40.4711,.,.,blink
11:38:40.4716,.,.,blink
11:38:40.4721,.,.,blink
11:38:40.4726,.,.,blink
11:38:40.4731,.,.,blink
11:38:40.4736,.,.,blink
11:38:40.4741,.,.,blink
11:38:40.4746,.,.,blink
11:38:40.4751,.,.,blink
11:38:40.4756,.,.,blink
11:38:40.4761,.,.,blink
11:38:40.4766,.,.,blink
11:38:40.4771,.,.,blink
11:38:40.4776,.,.,blink
11:38:40.4781,.,.,blink
11:38:40.4786,.,.,blink
11:38:40.4791,.,.,blink
11:38:40.4796,.,.,blink
11:38:40.4801,.,.,blink
11:38:40.4806,.,.,blink
11:38:40.4811,.,.,blink
11:38:40.4816,.,.,blink
11:38:40.4821,.,.,blink
11:38:40.4826,.,.,blink
11:38:40.4831,.,.,blink
11:38:40.4836,.,.,blink
11:38:40.4841,.,.,blink
11:38:40.4846,.,.,blink
11:38:40.4851,.,.,blink
11:38:40.4856,.,.,blink
11:38:40.4861,.,.,blink
11:38:40.4866,.,.,blink
11:38:40.4871,.,.,blink
11:38:40.4876,.,.,blink
11:38:40.4881,.,.,blink
11:38:40.4886,.,.,blink
11:38:40.4891,.,.,blink
11:38:40.4896,.,.,blink
11:38:40.4901,.,.,blink
11:38:40.4906,.,.,blink
11:38:40.4911,.,.,blink
11:38:40.4916,.,.,blink
11:38:40.4921,.,.,blink
11:38:40.4926,.,.,blink
11:38:40.4931,.,.,blink
11:38:40.4936,.,.,blink
11:38:40.4941,.,.,blink
11:38:40.4946,.,.,blink
11:38:40.4951,.,.,blink
11:38:40.4956,.,.,blink
11:38:40.4961,.,.,blink
11:38:40.4966,.,.,blink
11:38:40.4971,.,.,blink
11:38:40.4976,.,.,blink
11:38:40.4981,.,.,blink
11:38:40.4986,.,.,blink
11:38:40.4991,.,.,blink
11:38:40.4996,.,.,blink
11:38:40.5001,.,.,blink
11:38:40.5006,.,.,blink
11:38:40.5011,.,.,blink
11:38:40.5016,.,.,blink
11:38:40.5021,.,.,blink
11:38:40.5026,.,.,blink
11:38:40.5031,.,.,blink
11:38:40.5036,.,.,blink
11:38:40.5041,.,.,blink
11:38:40.5046,.,.,blink
11:38:40.5051,.,.,blink
11:38:40.5056,.,.,blink
11:38:40.5061,.,.,blink
11:38:40.5066,.,.,blink
11:38:40.5071,.,.,blink
11:38:40.5076,.,.,blink
11:38:40.5081,.,.,blink
11:38:40.5086,.,.,blink
11:38:40.5091,.,.,blink
11:38:40.5096,.,.,blink
11:38:40.5101,.,.,blink
11:38:40.5106,.,.,blink
11:38:40.5111,.,.,blink
11:38:40.5116,.,.,blink
11:38:40.5121,.,.,blink
11:38:40.5126,.,.,blink
11:38:40.5131,.,.,blink
11:38:40.5136,.,.,blink
11:38:40.5141,.,.,blink
11:38:40.5146,.,.,blink
11:38:40.5151,.,.,blink
11:38:40.5156,.,.,blink
11:38:40.5161,.,.,blink
11:38:40.5166,.,.,blink
11:38:40.5171,.,.,blink
11:38:40.5176,.,.,blink
11:38:40.5181,.,.,blink
11:38:40.5186,.,.,blink
11:38:40.5191,905.6,304.3,fixation
11:38:40.5196,905.4,305.0,fixation
11:38:40.5201,904.9,305.9,fixation
11:38:40.5206,905.5,306.8,fixation
11:38:40.5211,906.2,304.4,fixation
11:38:40.5216,906.0,301.4,fixation
11:38:40.5221,905.4,299.7,fixation
11:38:40.5226,905.9,301.0,fixation
11:38:40.5231,907.2,302.3,fixation
11:38:40.5236,908.8,302.1,fixation
11:38:40.5241,909.1,301.8,fixation
11:38:40.5246,909.1,305.0,fixation
11:38:40.5251,909.0,308.6,fixation
11:38:40.5256,909.0,310.3,fixation
11:38:40.5261,909.2,308.4,fixation
11:38:40.5266,909.3,307.0,fixation
11:38:40.5271,909.5,307.4,fixation
11:38:40.5276,909.8,307.7,fixation
11:38:40.5281,910.1,307.7,fixation
11:38:40.5286,910.3,307.3,fixation
11:38:40.5291,910.3,306.6,fixation
11:38:40.5296,910.4,305.8,fixation
11:38:40.5301,910.5,307.2,fixation
11:38:40.5306,910.5,308.9,fixation
11:38:40.5311,910.6,309.1,fixation
11:38:40.5316,910.8,308.1,fixation
11:38:40.5321,911.0,307.5,fixation
11:38:40.5326,911.1,308.4,fixation
11:38:40.5331,910.9,308.9,fixation
11:38:40.5336,910.5,307.4,fixation
11:38:40.5341,910.0,305.9,fixation
11:38:40.5346,909.5,306.7,fixation
11:38:40.5351,910.5,309.0,fixation
11:38:40.5356,911.7,310.6,fixation
11:38:40.5361,913.1,309.8,fixation
11:38:40.5366,912.6,307.2,fixation
11:38:40.5371,912.5,305.5,fixation
11:38:40.5376,912.8,304.4,fixation
11:38:40.5381,913.5,305.0,fixation
11:38:40.5386,911.8,305.6,fixation
11:38:40.5391,909.7,305.5,fixation
11:38:40.5396,907.7,305.5,fixation
11:38:40.5401,907.9,304.5,fixation
11:38:40.5406,908.2,303.2,fixation
11:38:40.5411,908.4,301.8,fixation
11:38:40.5416,908.5,301.7,fixation
11:38:40.5421,908.7,304.2,fixation
11:38:40.5426,908.9,306.6,fixation
11:38:40.5431,909.3,308.7,fixation
11:38:40.5436,909.5,307.8,fixation
11:38:40.5441,909.6,307.3,fixation
11:38:40.5446,910.5,307.0,fixation
11:38:40.5451,911.2,307.7,fixation
11:38:40.5456,909.9,308.1,fixation
11:38:40.5461,907.8,308.1,fixation
11:38:40.5466,906.1,308.1,fixation
11:38:40.5471,906.5,308.1,fixation
11:38:40.5476,906.9,307.1,fixation
11:38:40.5481,907.3,306.0,fixation
11:38:40.5486,907.6,304.9,fixation
11:38:40.5491,907.8,304.9,fixation
11:38:40.5496,907.9,305.0,fixation
11:38:40.5501,907.9,307.0,fixation
11:38:40.5506,907.9,308.9,fixation
11:38:40.5511,907.8,310.6,fixation
11:38:40.5516,908.0,310.4,fixation
11:38:40.5521,908.6,308.4,fixation
11:38:40.5526,909.2,306.4,fixation
11:38:40.5531,909.7,304.5,fixation
11:38:40.5536,910.0,304.5,fixation
11:38:40.5541,909.6,304.6,fixation
11:38:40.5546,908.2,306.2,fixation
11:38:40.5551,906.7,309.0,fixation
11:38:40.5556,905.8,311.6,fixation
11:38:40.5561,905.7,312.6,fixation
11:38:40.5566,907.3,312.3,fixation
11:38:40.5571,908.9,312.1,fixation
11:38:40.5576,910.5,312.1,fixation
11:38:40.5581,910.1,312.0,fixation
11:38:40.5586,909.6,311.9,fixation
11:38:40.5591,909.2,311.9,fixation
11:38:40.5596,909.3,312.0,fixation
11:38:40.5601,909.4,311.6,fixation
11:38:40.5606,908.7,311.0,fixation
11:38:40.5611,907.9,310.3,fixation
11:38:40.5616,905.6,309.8,fixation
11:38:40.5621,904.1,309.2,fixation
11:38:40.5626,902.3,308.3,fixation
11:38:40.5631,902.0,307.6,fixation
11:38:40.5636,902.9,307.2,fixation
11:38:40.5641,904.1,307.3,fixation
11:38:40.5646,904.0,305.7,fixation
11:38:40.5651,902.6,304.0,fixation
11:38:40.5656,902.1,302.6,fixation
11:38:40.5661,903.0,303.8,fixation
11:38:40.5666,904.5,304.9,fixation
11:38:40.5671,904.8,305.7,fixation
11:38:40.5676,905.1,305.5,fixation
11:38:40.5681,904.2,305.3,fixation
11:38:40.5686,903.7,305.3,fixation
11:38:40.5691,902.9,305.1,fixation
11:38:40.5696,902.6,304.8,fixation
11:38:40.5701,903.1,306.0,fixation
11:38:40.5706,903.9,307.2,fixation
11:38:40.5711,904.4,308.4,fixation
11:38:40.5716,904.1,308.1,fixation
11:38:40.5721,903.7,308.1,fixation
11:38:40.5726,903.7,307.4,fixation
11:38:40.5731,903.7,306.6,fixation
11:38:40.5736,904.0,305.8,fixation
11:38:40.5741,904.1,305.8,fixation
11:38:40.5746,902.9,307.7,fixation
11:38:40.5751,901.4,309.5,fixation
11:38:40.5756,899.7,311.3,fixation
11:38:40.5761,899.4,311.2,fixation
11:38:40.5766,900.9,310.9,fixation
11:38:40.5771,902.7,310.6,fixation
11:38:40.5776,905.2,310.6,fixation
11:38:40.5781,905.9,310.8,fixation
11:38:40.5786,906.7,310.9,fixation
11:38:40.5791,906.4,310.8,fixation
11:38:40.5796,905.9,312.1,fixation
11:38:40.5801,905.5,313.4,fixation
11:38:40.5806,905.5,314.8,fixation
11:38:40.5811,905.8,314.5,fixation
11:38:40.5816,906.1,312.9,fixation
11:38:40.5821,906.4,311.1,fixation
11:38:40.5826,906.4,309.5,fixation
11:38:40.5831,906.3,309.5,fixation
11:38:40.5836,906.4,309.8,fixation
11:38:40.5841,906.6,310.9,fixation
11:38:40.5846,906.4,311.6,fixation
11:38:40.5851,906.1,311.0,fixation
11:38:40.5856,905.8,309.7,fixation
11:38:40.5861,905.8,310.1,fixation
11:38:40.5866,905.7,311.8,fixation
11:38:40.5871,904.3,311.5,fixation
11:38:40.5876,903.2,309.5,fixation
11:38:40.5881,902.1,306.4,fixation
11:38:40.5886,902.7,305.3,fixation
11:38:40.5891,903.0,306.3,fixation
11:38:40.5896,903.2,308.2,fixation
11:38:40.5901,902.9,310.6,fixation
11:38:40.5906,902.0,311.0,fixation
11:38:40.5911,901.2,308.6,fixation
11:38:40.5916,900.6,305.9,fixation
11:38:40.5921,900.5,304.6,fixation
11:38:40.5926,900.5,306.0,fixation
11:38:40.5931,900.5,307.4,fixation
11:38:40.5936,900.6,307.3,fixation
11:38:40.5941,900.9,306.8,fixation
11:38:40.5946,902.6,306.2,fixation
11:38:40.5951,904.1,305.7,fixation
11:38:40.5956,905.5,305.7,fixation
11:38:40.5961,905.7,306.0,fixation
11:38:40.5966,905.8,306.2,fixation
11:38:40.5971,906.4,305.9,fixation
11:38:40.5976,907.2,305.7,fixation
11:38:40.5981,907.9,305.7,fixation
11:38:40.5986,906.9,305.6,fixation
11:38:40.5991,905.4,305.7,fixation
11:38:40.5996,904.9,305.7,fixation
11:38:40.6001,905.7,305.9,fixation
11:38:40.6006,906.6,306.1,fixation
11:38:40.6011,906.9,305.8,fixation
11:38:40.6016,907.1,305.3,fixation
11:38:40.6021,905.6,305.8,fixation
11:38:40.6026,904.0,306.9,fixation
11:38:40.6031,902.2,308.0,fixation
11:38:40.6036,901.9,308.0,fixation
11:38:40.6041,901.6,306.2,fixation
11:38:40.6046,901.2,304.5,fixation
11:38:40.6051,901.0,304.6,fixation
11:38:40.6056,900.9,306.5,fixation
11:38:40.6061,901.2,308.1,fixation
11:38:40.6066,901.4,307.7,fixation
11:38:40.6071,901.9,309.3,fixation
11:38:40.6076,902.3,311.2,fixation
11:38:40.6081,901.8,311.3,fixation
11:38:40.6086,901.1,309.4,fixation
11:38:40.6091,900.8,307.2,fixation
11:38:40.6096,902.3,307.0,fixation
11:38:40.6101,903.8,306.3,fixation
11:38:40.6106,904.1,305.7,fixation
11:38:40.6111,903.5,305.2,fixation
11:38:40.6116,903.9,305.9,fixation
11:38:40.6121,904.8,306.7,fixation
11:38:40.6126,905.9,307.3,fixation
11:38:40.6131,906.1,307.0,fixation
11:38:40.6136,906.2,305.9,fixation
11:38:40.6141,906.1,305.0,fixation
11:38:40.6146,905.8,305.9,fixation
11:38:40.6151,905.8,307.5,fixation
11:38:40.6156,905.8,309.2,fixation
11:38:40.6161,904.8,309.4,fixation
11:38:40.6166,903.6,309.5,fixation
11:38:40.6171,901.8,309.6,fixation
11:38:40.6176,901.3,309.4,fixation
11:38:40.6181,900.8,308.8,fixation
11:38:40.6186,901.0,307.8,fixation
11:38:40.6191,900.8,306.7,fixation
11:38:40.6196,900.4,306.3,fixation
11:38:40.6201,899.9,306.4,fixation
11:38:40.6206,899.5,306.2,fixation
11:38:40.6211,898.6,305.7,fixation
11:38:40.6216,897.8,305.1,fixation
11:38:40.6221,897.5,304.0,fixation
11:38:40.6226,898.3,303.5,fixation
11:38:40.6231,900.1,303.2,fixation
11:38:40.6236,901.6,303.0,fixation
11:38:40.6241,902.8,302.6,fixation
11:38:40.6246,903.0,302.0,fixation
11:38:40.6251,903.1,304.0,fixation
11:38:40.6256,903.3,305.9,fixation
11:38:40.6261,903.4,307.7,fixation
11:38:40.6266,903.6,307.6,fixation
11:38:40.6271,904.6,307.6,fixation
11:38:40.6276,905.6,307.5,fixation
11:38:40.6281,906.5,307.7,fixation
11:38:40.6286,905.3,307.9,fixation
11:38:40.6291,904.1,308.2,fixation
11:38:40.6296,902.8,308.2,fixation
11:38:40.6301,903.0,308.3,fixation
11:38:40.6306,903.2,309.0,fixation
11:38:40.6311,902.2,309.9,fixation
11:38:40.6316,901.1,310.3,fixation
11:38:40.6321,900.1,309.5,fixation
11:38:40.6326,899.6,308.4,fixation
11:38:40.6331,898.9,307.8,fixation
11:38:40.6336,898.2,307.8,fixation
11:38:40.6341,898.1,308.0,fixation
11:38:40.6346,897.7,307.7,fixation
11:38:40.6351,897.3,307.9,fixation
11:38:40.6356,896.9,307.9,fixation
11:38:40.6361,896.9,308.3,fixation
11:38:40.6366,897.5,308.1,fixation
11:38:40.6371,898.0,308.1,fixation
11:38:40.6376,898.7,307.0,fixation
11:38:40.6381,899.0,305.7,fixation
11:38:40.6386,899.2,304.4,fixation
11:38:40.6391,899.3,302.8,fixation
11:38:40.6396,899.4,301.2,fixation
11:38:40.6401,900.6,301.1,fixation
11:38:40.6406,901.6,303.7,fixation
11:38:40.6411,902.6,306.2,fixation
11:38:40.6416,902.4,307.3,fixation
11:38:40.6421,902.3,307.2,fixation
11:38:40.6426,902.3,307.0,fixation
11:38:40.6431,902.3,306.7,fixation
11:38:40.6436,902.7,306.6,fixation
11:38:40.6441,903.1,306.5,fixation
11:38:40.6446,903.4,306.7,fixation
11:38:40.6451,903.2,307.5,fixation
11:38:40.6456,902.9,307.1,fixation
11:38:40.6461,902.4,306.6,fixation
11:38:40.6466,901.9,305.7,fixation
11:38:40.6471,901.5,305.8,fixation
11:38:40.6476,901.4,305.8,fixation
11:38:40.6481,901.4,305.7,fixation
11:38:40.6486,900.7,305.6,fixation
11:38:40.6491,900.0,305.7,fixation
11:38:40.6496,899.7,304.6,fixation
11:38:40.6501,900.2,303.4,fixation
11:38:40.6506,899.9,303.3,fixation
11:38:40.6511,899.1,304.7,fixation
11:38:40.6516,898.0,306.6,fixation
11:38:40.6521,897.7,307.5,fixation
11:38:40.6526,897.5,307.8,fixation
11:38:40.6531,897.6,307.4,fixation
11:38:40.6536,897.7,306.3,fixation
11:38:40.6541,898.1,305.2,fixation
11:38:40.6546,898.5,304.4,fixation
11:38:40.6551,898.8,304.7,fixation
11:38:40.6556,898.4,305.0,fixation
11:38:40.6561,897.9,305.1,fixation
11:38:40.6566,897.2,305.0,fixation
11:38:40.6571,896.9,304.8,fixation
11:38:40.6576,897.6,305.0,fixation
11:38:40.6581,898.3,305.3,fixation
11:38:40.6586,898.8,305.6,fixation
11:38:40.6591,898.3,305.7,fixation
11:38:40.6596,898.1,305.8,fixation
11:38:40.6601,898.2,305.0,fixation
11:38:40.6606,898.0,304.2,fixation
11:38:40.6611,897.4,303.9,fixation
11:38:40.6616,896.9,304.4,fixation
11:38:40.6621,897.9,305.5,fixation
11:38:40.6626,899.1,306.1,fixation
11:38:40.6631,900.8,307.4,fixation
11:38:40.6636,901.4,308.1,fixation
11:38:40.6641,902.1,307.2,fixation
11:38:40.6646,902.4,305.6,fixation
11:38:40.6651,902.7,302.7,fixation
11:38:40.6656,902.6,301.9,fixation
11:38:40.6661,902.2,301.4,fixation
11:38:40.6666,901.5,303.3,fixation
11:38:40.6671,901.5,304.7,fixation
11:38:40.6676,901.8,305.8,fixation
11:38:40.6681,901.7,305.7,fixation
11:38:40.6686,901.2,305.6,fixation
11:38:40.6691,900.1,305.6,fixation
11:38:40.6696,899.3,305.6,fixation
11:38:40.6701,898.6,305.8,fixation
11:38:40.6706,898.6,306.0,fixation
11:38:40.6711,898.6,305.5,fixation
11:38:40.6716,898.5,304.7,fixation
11:38:40.6721,898.4,303.6,fixation
11:38:40.6726,898.3,302.7,fixation
11:38:40.6731,897.8,302.0,fixation
11:38:40.6736,897.3,301.7,fixation
11:38:40.6741,895.6,303.3,fixation
11:38:40.6746,894.1,304.8,fixation
11:38:40.6751,892.8,305.9,fixation
11:38:40.6756,893.4,303.9,fixation
11:38:40.6761,894.0,301.8,fixation
11:38:40.6766,894.3,300.2,fixation
11:38:40.6771,893.7,300.2,fixation
11:38:40.6776,893.6,300.1,fixation
11:38:40.6781,893.8,300.3,fixation
11:38:40.6786,893.9,300.6,fixation
11:38:40.6791,893.4,301.6,fixation
11:38:40.6796,893.0,302.4,fixation
11:38:40.6801,893.0,302.2,fixation
11:38:40.6806,894.1,301.1,fixation
11:38:40.6811,894.8,301.2,fixation
11:38:40.6816,895.1,302.3,fixation
11:38:40.6821,895.0,301.5,fixation
11:38:40.6826,895.3,300.4,fixation
11:38:40.6831,895.6,299.5,fixation
11:38:40.6836,895.3,300.6,fixation
11:38:40.6841,895.1,301.0,fixation
11:38:40.6846,895.2,301.1,fixation
11:38:40.6851,894.4,300.8,fixation
11:38:40.6856,893.5,300.8,fixation
11:38:40.6861,893.6,301.0,fixation
11:38:40.6866,894.6,300.4,fixation
11:38:40.6871,895.7,299.7,fixation
11:38:40.6876,895.8,298.8,fixation
11:38:40.6881,895.7,298.5,fixation
11:38:40.6886,895.5,297.8,fixation
11:38:40.6891,895.5,296.3,fixation
11:38:40.6896,896.2,295.1,fixation
11:38:40.6901,896.7,294.7,fixation
11:38:40.6906,897.1,295.2,fixation
11:38:40.6911,896.8,294.9,fixation
11:38:40.6916,896.8,294.2,fixation
11:38:40.6921,898.4,293.1,fixation
11:38:40.6926,899.7,292.9,fixation
11:38:40.6931,900.7,295.1,fixation
11:38:40.6936,900.0,297.5,fixation
11:38:40.6941,899.1,299.1,fixation
11:38:40.6946,898.7,297.5,fixation
11:38:40.6951,898.9,295.7,fixation
11:38:40.6956,900.5,294.7,fixation
11:38:40.6961,902.1,294.0,fixation
11:38:40.6966,902.6,293.5,fixation
11:38:40.6971,902.1,293.9,fixation
11:38:40.6976,901.6,294.8,fixation
11:38:40.6981,901.5,295.7,fixation
11:38:40.6986,901.7,295.7,fixation
11:38:40.6991,902.1,293.8,fixation
11:38:40.6996,902.0,291.8,fixation
11:38:40.7001,901.3,290.1,fixation
11:38:40.7006,900.5,290.4,fixation
11:38:40.7011,900.1,290.1,fixation
11:38:40.7016,899.3,289.7,fixation
11:38:40.7021,898.4,290.0,fixation
11:38:40.7026,898.3,291.2,fixation
11:38:40.7031,898.6,292.8,fixation
11:38:40.7036,898.7,293.4,fixation
11:38:40.7041,898.3,291.8,fixation
11:38:40.7046,898.6,289.9,fixation
11:38:40.7051,898.9,287.4,fixation
11:38:40.7056,898.8,286.7,fixation
11:38:40.7061,898.4,287.6,fixation
11:38:40.7066,898.1,289.2,fixation
11:38:40.7071,898.1,291.1,fixation
11:38:40.7076,898.2,291.3,fixation
11:38:40.7081,898.2,291.3,fixation
11:38:40.7086,898.0,291.2,fixation
11:38:40.7091,897.6,291.1,fixation
11:38:40.7096,897.4,291.2,fixation
11:38:40.7101,897.3,291.3,fixation
11:38:40.7106,897.3,291.4,fixation
11:38:40.7111,896.6,291.4,fixation
11:38:40.7116,895.9,291.1,fixation
11:38:40.7121,895.2,290.8,fixation
11:38:40.7126,895.3,290.1,fixation
11:38:40.7131,895.3,289.7,fixation
11:38:40.7136,896.0,290.9,fixation
11:38:40.7141,896.5,291.5,fixation
11:38:40.7146,896.7,292.5,fixation
11:38:40.7151,896.4,292.0,fixation
11:38:40.7156,896.2,292.5,fixation
11:38:40.7161,895.6,292.0,fixation
11:38:40.7166,895.1,291.5,fixation
11:38:40.7171,894.6,290.6,fixation
11:38:40.7176,894.6,290.4,fixation
11:38:40.7181,894.4,290.4,fixation
11:38:40.7186,893.9,291.1,fixation
11:38:40.7191,893.4,291.8,fixation
11:38:40.7196,893.0,292.2,fixation
11:38:40.7201,892.9,292.3,fixation
11:38:40.7206,892.5,292.2,fixation
11:38:40.7211,892.1,292.0,fixation
11:38:40.7216,891.7,291.7,fixation
11:38:40.7221,891.5,291.4,fixation
11:38:40.7226,891.4,291.3,fixation
11:38:40.7231,892.1,291.2,fixation
11:38:40.7236,892.8,291.2,fixation
11:38:40.7241,893.6,291.2,fixation
11:38:40.7246,893.6,291.8,fixation
11:38:40.7251,893.7,292.5,fixation
11:38:40.7256,894.0,291.3,fixation
11:38:40.7261,894.3,289.4,fixation
11:38:40.7266,894.4,288.9,fixation
11:38:40.7271,894.2,290.1,fixation
11:38:40.7276,893.6,292.4,fixation
11:38:40.7281,892.9,293.4,fixation
11:38:40.7286,892.2,294.5,fixation
11:38:40.7291,892.6,294.7,fixation
11:38:40.7296,892.7,295.0,fixation
11:38:40.7301,892.9,295.2,fixation
11:38:40.7306,893.0,295.2,fixation
11:38:40.7311,894.7,293.9,fixation
11:38:40.7316,896.6,292.6,fixation
11:38:40.7321,897.8,291.5,fixation
11:38:40.7326,896.7,291.9,fixation
11:38:40.7331,895.5,292.3,fixation
11:38:40.7336,894.0,292.8,fixation
11:38:40.7341,893.8,293.5,fixation
11:38:40.7346,895.3,294.5,fixation
11:38:40.7351,897.0,295.3,fixation
11:38:40.7356,897.8,294.4,fixation
11:38:40.7361,896.8,293.0,fixation
11:38:40.7366,895.5,291.7,fixation
11:38:40.7371,895.1,291.4,fixation
11:38:40.7376,894.7,290.6,fixation
11:38:40.7381,894.4,289.9,fixation
11:38:40.7386,894.3,289.6,fixation
11:38:40.7391,894.1,290.0,fixation
11:38:40.7396,895.4,291.1,fixation
11:38:40.7401,896.9,292.1,fixation
11:38:40.7406,898.2,294.1,fixation
11:38:40.7411,898.0,295.6,fixation
11:38:40.7416,897.9,295.8,fixation
11:38:40.7421,896.9,294.8,fixation
11:38:40.7426,895.8,294.0,fixation
11:38:40.7431,894.6,294.2,fixation
11:38:40.7436,894.5,294.0,fixation
11:38:40.7441,893.9,293.5,fixation
11:38:40.7446,892.9,294.4,fixation
11:38:40.7451,892.0,295.7,fixation
11:38:40.7456,892.5,295.2,fixation
11:38:40.7461,893.5,293.5,fixation
11:38:40.7466,894.4,293.3,fixation
11:38:40.7471,894.3,294.8,fixation
11:38:40.7476,894.2,296.3,fixation
11:38:40.7481,894.2,296.4,fixation
11:38:40.7486,894.2,296.5,fixation
11:38:40.7491,894.0,294.7,fixation
11:38:40.7496,893.8,292.8,fixation
11:38:40.7501,893.7,290.7,fixation
11:38:40.7506,893.7,290.5,fixation
11:38:40.7511,893.7,291.7,fixation
11:38:40.7516,893.6,293.1,fixation
11:38:40.7521,892.4,293.0,fixation
11:38:40.7526,891.3,292.1,fixation
11:38:40.7531,889.8,291.3,fixation
11:38:40.7536,889.3,292.2,fixation
11:38:40.7541,889.6,292.7,fixation
11:38:40.7546,891.0,293.2,fixation
11:38:40.7551,892.7,291.7,fixation
11:38:40.7556,893.8,290.0,fixation
11:38:40.7561,893.8,290.8,fixation
11:38:40.7566,894.0,293.2,fixation
11:38:40.7571,894.3,295.5,fixation
11:38:40.7576,894.5,294.8,fixation
11:38:40.7581,894.2,293.9,fixation
11:38:40.7586,893.8,293.3,fixation
11:38:40.7591,893.2,292.6,fixation
11:38:40.7596,892.9,292.4,fixation
11:38:40.7601,893.7,292.4,fixation
11:38:40.7606,894.7,292.7,fixation
11:38:40.7611,895.8,293.0,fixation
11:38:40.7616,895.6,293.0,fixation
11:38:40.7621,895.5,292.9,fixation
11:38:40.7626,895.6,292.7,fixation
11:38:40.7631,895.8,293.9,fixation
11:38:40.7636,895.9,295.3,fixation
11:38:40.7641,895.7,296.2,fixation
11:38:40.7646,895.7,295.5,fixation
11:38:40.7651,895.6,294.7,fixation
11:38:40.7656,895.3,294.2,fixation
11:38:40.7661,895.4,294.0,fixation
11:38:40.7666,895.7,294.1,fixation
11:38:40.7671,895.0,294.3,fixation
11:38:40.7676,894.1,294.5,fixation
11:38:40.7681,893.1,294.7,fixation
11:38:40.7686,893.1,294.7,fixation
11:38:40.7691,892.8,294.2,fixation
11:38:40.7696,892.1,293.7,fixation
11:38:40.7701,891.1,292.9,fixation
11:38:40.7706,890.5,292.4,fixation
11:38:40.7711,890.3,292.0,fixation
11:38:40.7716,890.0,292.0,fixation
11:38:40.7721,889.7,292.0,fixation
11:38:40.7726,888.9,291.7,fixation
11:38:40.7731,888.4,291.3,fixation
11:38:40.7736,889.6,290.9,fixation
11:38:40.7741,891.2,290.9,fixation
11:38:40.7746,892.6,290.8,fixation
11:38:40.7751,892.2,291.0,fixation
11:38:40.7756,891.8,290.5,fixation
11:38:40.7761,891.5,290.0,fixation
11:38:40.7766,892.2,291.7,fixation
11:38:40.7771,892.9,294.2,fixation
11:38:40.7776,892.4,296.2,fixation
11:38:40.7781,891.2,295.8,fixation
11:38:40.7786,889.2,295.4,fixation
11:38:40.7791,888.5,293.6,fixation
11:38:40.7796,889.1,291.8,fixation
11:38:40.7801,890.6,290.1,fixation
11:38:40.7806,891.9,290.1,fixation
11:38:40.7811,891.9,290.4,fixation
11:38:40.7816,891.8,290.7,fixation
11:38:40.7821,891.6,290.9,fixation
11:38:40.7826,891.6,290.7,fixation
11:38:40.7831,891.5,290.6,fixation
11:38:40.7836,891.5,291.6,fixation
11:38:40.7841,891.6,292.7,fixation
11:38:40.7846,891.8,293.9,fixation
11:38:40.7851,891.7,293.9,fixation
11:38:40.7856,891.4,294.9,fixation
11:38:40.7861,891.4,296.0,fixation
11:38:40.7866,892.1,294.5,fixation
11:38:40.7871,893.0,291.8,fixation
11:38:40.7876,893.4,289.1,fixation
11:38:40.7881,893.4,290.0,fixation
11:38:40.7886,893.1,290.0,fixation
11:38:40.7891,893.1,290.1,fixation
11:38:40.7896,893.2,290.2,fixation
11:38:40.7901,893.0,291.2,fixation
11:38:40.7906,892.1,293.1,fixation
11:38:40.7911,891.2,293.9,fixation
11:38:40.7916,890.9,292.9,fixation
11:38:40.7921,891.1,291.0,fixation
11:38:40.7926,890.4,289.0,fixation
11:38:40.7931,889.4,288.7,fixation
11:38:40.7936,889.7,288.5,fixation
11:38:40.7941,891.0,288.7,fixation
11:38:40.7946,891.2,289.2,fixation
11:38:40.7951,890.2,289.6,fixation
11:38:40.7956,889.1,289.9,fixation
11:38:40.7961,889.0,290.4,fixation
11:38:40.7966,888.9,290.8,fixation
11:38:40.7971,889.1,291.1,fixation
11:38:40.7976,889.3,290.8,fixation
11:38:40.7981,889.7,290.5,fixation
11:38:40.7986,889.9,290.1,fixation
11:38:40.7991,890.1,290.1,fixation
11:38:40.7996,890.2,290.3,fixation
11:38:40.8001,890.0,290.5,fixation
11:38:40.8006,889.8,290.7,fixation
11:38:40.8011,890.1,290.4,fixation
11:38:40.8016,890.7,289.9,fixation
11:38:40.8021,891.6,289.5,fixation
11:38:40.8026,892.3,291.0,fixation
11:38:40.8031,892.9,292.7,fixation
11:38:40.8036,891.6,292.5,fixation
11:38:40.8041,890.1,290.2,fixation
11:38:40.8046,889.7,288.0,fixation
11:38:40.8051,891.4,287.8,fixation
11:38:40.8056,893.1,288.0,fixation
11:38:40.8061,893.5,287.7,fixation
11:38:40.8066,893.6,287.5,fixation
11:38:40.8071,893.6,287.4,fixation
11:38:40.8076,894.4,289.2,fixation
11:38:40.8081,895.2,290.8,fixation
11:38:40.8086,895.7,290.3,fixation
11:38:40.8091,895.4,288.5,fixation
11:38:40.8096,895.0,287.4,fixation
11:38:40.8101,894.9,288.6,fixation
11:38:40.8106,895.2,289.8,fixation
11:38:40.8111,895.5,290.8,fixation
11:38:40.8116,895.9,291.2,fixation
11:38:40.8121,895.8,291.6,fixation
11:38:40.8126,895.8,291.7,fixation
11:38:40.8131,896.0,290.4,fixation
11:38:40.8136,896.5,288.8,fixation
11:38:40.8141,897.2,287.2,fixation
11:38:40.8146,897.6,285.8,fixation
11:38:40.8151,897.6,284.6,fixation
11:38:40.8156,897.3,284.8,fixation
11:38:40.8161,896.9,285.5,fixation
11:38:40.8166,896.8,285.6,fixation
11:38:40.8171,896.8,284.3,fixation
11:38:40.8176,895.3,283.6,fixation
11:38:40.8181,893.7,284.0,fixation
11:38:40.8186,892.3,285.0,fixation
11:38:40.8191,892.6,286.0,fixation
11:38:40.8196,892.9,286.5,fixation
11:38:40.8201,893.0,286.7,fixation
11:38:40.8206,893.0,286.9,fixation
11:38:40.8211,892.8,287.4,fixation
11:38:40.8216,892.0,287.7,fixation
11:38:40.8221,891.3,287.8,fixation
11:38:40.8226,890.5,288.7,fixation
11:38:40.8231,890.3,289.6,fixation
11:38:40.8236,890.4,290.5,fixation
11:38:40.8241,890.6,291.0,fixation
11:38:40.8246,890.8,291.5,fixation
11:38:40.8251,891.8,291.9,fixation
11:38:40.8256,892.5,291.7,fixation
11:38:40.8261,892.9,291.4,fixation
11:38:40.8266,892.2,292.6,fixation
11:38:40.8271,891.1,294.1,fixation
11:38:40.8276,890.3,295.6,fixation
11:38:40.8281,889.7,295.8,fixation
11:38:40.8286,889.1,295.3,fixation
11:38:40.8291,888.7,294.1,fixation
11:38:40.8296,888.4,291.8,fixation
11:38:40.8301,888.7,290.1,fixation
11:38:40.8306,888.8,289.1,fixation
11:38:40.8311,888.6,289.5,fixation
11:38:40.8316,888.3,290.8,fixation
11:38:40.8321,888.2,291.9,fixation
11:38:40.8326,888.7,292.0,fixation
11:38:40.8331,890.2,291.3,fixation
11:38:40.8336,891.4,290.7,fixation
11:38:40.8341,892.4,290.8,fixation
11:38:40.8346,892.7,291.1,fixation
11:38:40.8351,892.8,291.4,fixation
11:38:40.8356,892.8,292.3,fixation
11:38:40.8361,892.6,293.0,fixation
11:38:40.8366,892.6,294.1,fixation
11:38:40.8371,892.8,294.5,fixation
11:38:40.8376,893.0,295.3,fixation
11:38:40.8381,893.3,295.8,fixation
11:38:40.8386,893.5,295.8,fixation
11:38:40.8391,893.5,294.8,fixation
11:38:40.8396,893.6,293.8,fixation
11:38:40.8401,893.4,293.2,fixation
11:38:40.8406,893.3,293.0,fixation
11:38:40.8411,894.1,293.0,fixation
11:38:40.8416,895.0,293.1,fixation
11:38:40.8421,895.7,293.4,fixation
11:38:40.8426,895.5,293.6,fixation
11:38:40.8431,895.5,293.8,fixation
11:38:40.8436,895.8,293.9,fixation
11:38:40.8441,896.1,294.0,fixation
11:38:40.8446,896.2,293.2,fixation
11:38:40.8451,896.1,292.4,fixation
11:38:40.8456,896.8,291.6,fixation
11:38:40.8461,897.2,292.2,fixation
11:38:40.8466,897.5,293.2,fixation
11:38:40.8471,897.1,294.2,fixation
11:38:40.8476,897.9,293.7,fixation
11:38:40.8481,898.8,292.8,fixation
11:38:40.8486,899.5,293.2,fixation
11:38:40.8491,899.0,294.5,fixation
11:38:40.8496,898.6,295.7,fixation
11:38:40.8501,898.3,295.6,fixation
11:38:40.8506,898.5,295.8,fixation
11:38:40.8511,898.7,296.1,fixation
11:38:40.8516,899.0,295.2,fixation
11:38:40.8521,898.8,294.3,fixation
11:38:40.8526,897.8,293.2,fixation
11:38:40.8531,896.7,293.5,fixation
11:38:40.8536,896.0,293.7,fixation
11:38:40.8541,897.8,294.0,fixation
11:38:40.8546,899.6,294.2,fixation
11:38:40.8551,901.6,292.6,fixation
11:38:40.8556,901.7,290.8,fixation
11:38:40.8561,901.9,289.9,fixation
11:38:40.8566,902.0,291.3,fixation
11:38:40.8571,902.1,292.5,fixation
11:38:40.8576,901.7,292.7,fixation
11:38:40.8581,901.3,292.6,fixation
11:38:40.8586,900.9,292.6,fixation
11:38:40.8591,900.8,292.9,fixation
11:38:40.8596,900.8,292.9,fixation
11:38:40.8601,900.2,292.8,fixation
11:38:40.8606,898.9,292.5,fixation
11:38:40.8611,897.6,292.5,fixation
11:38:40.8616,896.9,293.3,fixation
11:38:40.8621,896.3,294.1,fixation
11:38:40.8626,894.0,295.1,saccade
11:38:40.8631,893.5,295.0,saccade
11:38:40.8636,893.6,294.8,saccade
11:38:40.8641,893.6,294.8,saccade
11:38:40.8646,893.7,294.7,saccade
11:38:40.8651,896.1,294.6,saccade
11:38:40.8656,898.5,294.9,saccade
11:38:40.8661,900.9,295.7,saccade
11:38:40.8666,900.9,296.5,saccade
11:38:40.8671,901.2,296.8,saccade
11:38:40.8676,903.3,297.0,saccade
11:38:40.8681,905.1,297.8,saccade
11:38:40.8686,906.8,298.2,saccade
11:38:40.8691,906.7,298.2,saccade
11:38:40.8696,908.2,294.5,saccade
11:38:40.8701,910.1,291.2,saccade
11:38:40.8706,912.6,288.3,saccade
11:38:40.8711,914.2,288.5,saccade
11:38:40.8716,917.7,289.1,saccade
11:38:40.8721,923.1,289.8,saccade
11:38:40.8726,928.1,288.5,saccade
11:38:40.8731,931.5,286.7,saccade
11:38:40.8736,934.2,284.8,saccade
11:38:40.8741,937.4,284.8,saccade
11:38:40.8746,939.9,285.0,saccade
11:38:40.8751,942.5,285.2,saccade
11:38:40.8756,946.0,285.5,saccade
11:38:40.8761,950.3,284.1,saccade
11:38:40.8766,952.7,282.8,saccade
11:38:40.8771,955.2,282.0,saccade
11:38:40.8776,956.8,282.3,saccade
11:38:40.8781,959.4,282.7,saccade
11:38:40.8786,960.6,282.8,saccade
11:38:40.8791,962.0,284.0,saccade
11:38:40.8796,962.3,285.1,saccade
11:38:40.8801,961.6,286.2,saccade
11:38:40.8806,960.6,286.4,saccade
11:38:40.8811,959.6,286.5,saccade
11:38:40.8816,958.7,286.4,saccade
11:38:40.8821,957.8,287.4,saccade
11:38:40.8826,956.9,288.7,saccade
11:38:40.8831,956.0,293.0,fixation
11:38:40.8836,955.0,294.2,fixation
11:38:40.8841,954.3,294.8,fixation
11:38:40.8846,954.1,293.7,fixation
11:38:40.8851,954.3,293.2,fixation
11:38:40.8856,954.2,292.9,fixation
11:38:40.8861,953.9,293.1,fixation
11:38:40.8866,953.0,296.5,fixation
11:38:40.8871,952.0,299.9,fixation
11:38:40.8876,951.3,301.0,fixation
11:38:40.8881,951.1,299.3,fixation
11:38:40.8886,949.4,298.0,fixation
11:38:40.8891,947.3,298.3,fixation
11:38:40.8896,945.5,297.3,fixation
11:38:40.8901,945.2,296.4,fixation
11:38:40.8906,946.2,295.5,fixation
11:38:40.8911,947.1,295.4,fixation
11:38:40.8916,947.9,293.7,fixation
11:38:40.8921,947.5,291.5,fixation
11:38:40.8926,947.0,290.0,fixation
11:38:40.8931,946.6,289.7,fixation
11:38:40.8936,947.3,289.7,fixation
11:38:40.8941,948.0,289.7,fixation
11:38:40.8946,948.3,289.7,fixation
11:38:40.8951,947.8,290.3,fixation
11:38:40.8956,947.2,291.4,fixation
11:38:40.8961,947.2,292.5,fixation
11:38:40.8966,947.3,292.8,fixation
11:38:40.8971,947.4,292.4,fixation
11:38:40.8976,947.4,292.1,fixation
11:38:40.8981,947.3,293.6,fixation
11:38:40.8986,947.2,295.0,fixation
11:38:40.8991,947.1,296.4,fixation
11:38:40.8996,945.9,296.1,fixation
11:38:40.9001,944.7,296.1,fixation
11:38:40.9006,943.0,296.0,fixation
11:38:40.9011,942.7,296.0,fixation
11:38:40.9016,942.9,295.8,fixation
11:38:40.9021,943.4,295.4,fixation
11:38:40.9026,944.0,294.7,fixation
11:38:40.9031,943.9,294.0,fixation
11:38:40.9036,943.9,293.5,fixation
11:38:40.9041,943.7,293.9,fixation
11:38:40.9046,943.4,295.1,fixation
11:38:40.9051,943.1,296.5,fixation
11:38:40.9056,943.5,297.2,fixation
11:38:40.9061,944.0,297.4,fixation
11:38:40.9066,944.6,297.2,fixation
11:38:40.9071,944.7,296.9,fixation
11:38:40.9076,944.9,296.2,fixation
11:38:40.9081,945.0,295.6,fixation
11:38:40.9086,945.0,295.2,fixation
11:38:40.9091,944.9,293.9,fixation
11:38:40.9096,944.8,292.6,fixation
11:38:40.9101,944.1,292.2,fixation
11:38:40.9106,943.5,293.1,fixation
11:38:40.9111,943.0,294.8,fixation
11:38:40.9116,943.0,296.3,fixation
11:38:40.9121,942.6,297.7,fixation
11:38:40.9126,942.2,296.7,fixation
11:38:40.9131,942.9,295.1,fixation
11:38:40.9136,944.1,293.5,fixation
11:38:40.9141,944.2,293.1,fixation
11:38:40.9146,942.8,292.5,fixation
11:38:40.9151,941.5,291.9,fixation
11:38:40.9156,941.2,291.7,fixation
11:38:40.9161,941.7,291.4,fixation
11:38:40.9166,942.0,291.9,fixation
11:38:40.9171,942.2,292.4,fixation
11:38:40.9176,942.2,292.9,fixation
11:38:40.9181,942.3,292.4,fixation
11:38:40.9186,943.0,292.1,fixation
11:38:40.9191,943.5,294.2,fixation
11:38:40.9196,943.1,296.5,fixation
11:38:40.9201,942.0,298.0,fixation
11:38:40.9206,941.2,297.1,fixation
11:38:40.9211,941.4,296.1,fixation
11:38:40.9216,941.8,295.9,fixation
11:38:40.9221,942.1,295.5,fixation
11:38:40.9226,941.7,294.8,fixation
11:38:40.9231,940.8,294.2,fixation
11:38:40.9236,939.8,294.4,fixation
11:38:40.9241,940.7,294.9,fixation
11:38:40.9246,941.9,295.4,fixation
11:38:40.9251,943.2,295.3,fixation
11:38:40.9256,943.8,295.2,fixation
11:38:40.9261,944.4,294.4,fixation
11:38:40.9266,944.8,293.6,fixation
11:38:40.9271,944.7,292.7,fixation
11:38:40.9276,944.3,293.6,fixation
11:38:40.9281,943.9,294.5,fixation
11:38:40.9286,943.5,295.3,fixation
11:38:40.9291,944.2,295.2,fixation
11:38:40.9296,945.0,294.9,fixation
11:38:40.9301,945.8,294.7,fixation
11:38:40.9306,947.2,294.6,fixation
11:38:40.9311,948.7,294.7,fixation
11:38:40.9316,948.1,292.2,fixation
11:38:40.9321,946.1,289.6,fixation
11:38:40.9326,944.2,286.3,fixation
11:38:40.9331,945.5,285.7,fixation
11:38:40.9336,947.1,286.9,fixation
11:38:40.9341,948.6,288.8,fixation
11:38:40.9346,949.0,290.7,fixation
11:38:40.9351,949.6,290.9,fixation
11:38:40.9356,950.1,291.3,fixation
11:38:40.9361,949.0,291.9,fixation
11:38:40.9366,947.6,292.3,fixation
11:38:40.9371,946.7,292.4,fixation
11:38:40.9376,946.9,291.9,fixation
11:38:40.9381,947.2,291.4,fixation
11:38:40.9386,946.9,293.5,fixation
11:38:40.9391,946.7,296.1,fixation
11:38:40.9396,946.0,297.5,fixation
11:38:40.9401,945.5,296.3,fixation
11:38:40.9406,945.4,295.2,fixation
11:38:40.9411,945.8,295.3,fixation
11:38:40.9416,946.0,295.2,fixation
11:38:40.9421,945.7,295.0,fixation
11:38:40.9426,945.6,294.8,fixation
11:38:40.9431,945.8,294.6,fixation
11:38:40.9436,946.0,294.1,fixation
11:38:40.9441,946.5,293.4,fixation
11:38:40.9446,946.8,292.7,fixation
11:38:40.9451,947.0,291.3,fixation
11:38:40.9456,948.7,290.3,fixation
11:38:40.9461,950.3,291.3,fixation
11:38:40.9466,951.8,293.1,fixation
11:38:40.9471,951.6,294.8,fixation
11:38:40.9476,951.5,294.7,fixation
11:38:40.9481,951.5,294.4,fixation
11:38:40.9486,951.5,294.1,fixation
11:38:40.9491,951.4,293.9,fixation
11:38:40.9496,951.2,293.9,fixation
11:38:40.9501,950.9,293.9,fixation
11:38:40.9506,949.1,292.5,fixation
11:38:40.9511,947.2,291.1,fixation
11:38:40.9516,945.2,291.1,fixation
11:38:40.9521,945.4,293.2,fixation
11:38:40.9526,945.8,295.3,fixation
11:38:40.9531,946.2,296.1,fixation
11:38:40.9536,946.1,295.1,fixation
11:38:40.9541,945.9,294.2,fixation
11:38:40.9546,945.8,293.6,fixation
11:38:40.9551,946.5,294.3,fixation
11:38:40.9556,947.4,295.2,fixation
11:38:40.9561,948.2,295.8,fixation
11:38:40.9566,948.1,295.0,fixation
11:38:40.9571,948.1,293.9,fixation
11:38:40.9576,948.2,292.8,fixation
11:38:40.9581,948.1,293.2,fixation
11:38:40.9586,949.2,293.7,fixation
11:38:40.9591,950.3,294.1,fixation
11:38:40.9596,951.3,295.5,fixation
11:38:40.9601,951.1,296.9,fixation
11:38:40.9606,950.8,298.9,fixation
11:38:40.9611,950.5,299.5,fixation
11:38:40.9616,950.3,300.3,fixation
11:38:40.9621,949.5,300.4,fixation
11:38:40.9626,948.8,299.6,fixation
11:38:40.9631,948.6,297.9,fixation
11:38:40.9636,949.0,296.1,fixation
11:38:40.9641,949.3,294.8,fixation
11:38:40.9646,949.5,294.4,fixation
11:38:40.9651,949.8,293.6,fixation
11:38:40.9656,948.6,293.4,fixation
11:38:40.9661,947.2,293.4,fixation
11:38:40.9666,946.0,294.0,fixation
11:38:40.9671,946.5,293.6,fixation
11:38:40.9676,946.7,292.0,fixation
11:38:40.9681,946.8,290.5,fixation
11:38:40.9686,947.1,288.8,fixation
11:38:40.9691,947.9,288.1,fixation
11:38:40.9696,949.4,288.8,fixation
11:38:40.9701,950.5,290.3,fixation
11:38:40.9706,951.1,291.7,fixation
11:38:40.9711,951.0,291.6,fixation
11:38:40.9716,950.5,291.3,fixation
11:38:40.9721,949.4,291.0,fixation
11:38:40.9726,948.5,290.2,fixation
11:38:40.9731,948.6,289.5,fixation
11:38:40.9736,949.3,289.4,fixation
11:38:40.9741,950.1,289.9,fixation
11:38:40.9746,950.3,290.1,fixation
11:38:40.9751,950.6,289.9,fixation
11:38:40.9756,950.9,289.6,fixation
11:38:40.9761,951.1,289.8,fixation
11:38:40.9766,951.1,290.2,fixation
11:38:40.9771,950.9,290.5,fixation
11:38:40.9776,950.5,291.6,fixation
11:38:40.9781,950.2,292.4,fixation
11:38:40.9786,949.3,291.7,fixation
11:38:40.9791,948.5,290.2,fixation
11:38:40.9796,947.6,288.5,fixation
11:38:40.9801,947.4,288.2,fixation
11:38:40.9806,946.8,287.8,fixation
11:38:40.9811,946.3,287.5,fixation
11:38:40.9816,945.8,288.4,fixation
11:38:40.9821,945.7,289.4,fixation
11:38:40.9826,946.0,289.7,fixation
11:38:40.9831,946.7,289.6,fixation
11:38:40.9836,947.4,289.6,fixation
11:38:40.9841,948.2,290.3,fixation
11:38:40.9846,948.6,290.3,fixation
11:38:40.9851,949.0,290.3,fixation
11:38:40.9856,949.0,290.2,fixation
11:38:40.9861,948.8,290.2,fixation
11:38:40.9866,948.3,290.2,fixation
11:38:40.9871,947.6,289.6,fixation
11:38:40.9876,946.9,289.0,fixation
11:38:40.9881,946.3,288.5,fixation
11:38:40.9886,946.0,288.7,fixation
11:38:40.9891,946.2,289.1,fixation
11:38:40.9896,946.6,289.5,fixation
11:38:40.9901,947.0,289.7,fixation
11:38:40.9906,946.4,290.0,fixation
11:38:40.9911,945.7,290.3,fixation
11:38:40.9916,945.3,290.0,fixation
11:38:40.9921,945.9,287.9,fixation
11:38:40.9926,946.3,285.8,fixation
11:38:40.9931,946.3,283.8,fixation
11:38:40.9936,946.2,283.3,fixation
11:38:40.9941,946.3,285.0,fixation
11:38:40.9946,946.3,287.5,fixation
11:38:40.9951,946.7,290.0,fixation
11:38:40.9956,946.9,290.4,fixation
11:38:40.9961,945.1,290.6,fixation
11:38:40.9966,943.1,289.5,fixation
11:38:40.9971,941.2,288.2,fixation
11:38:40.9976,941.3,287.7,fixation
11:38:40.9981,941.9,288.5,fixation
11:38:40.9986,942.6,289.3,fixation
11:38:40.9991,943.4,289.4,fixation
11:38:40.9996,943.5,289.5,fixation
11:38:41.0001,942.2,289.6,fixation
11:38:41.0006,940.8,287.4,fixation
11:38:41.0011,939.6,285.2,fixation
11:38:41.0016,939.7,284.3,fixation
11:38:41.0021,939.6,285.8,fixation
11:38:41.0026,939.5,286.7,fixation
11:38:41.0031,940.8,286.2,fixation
11:38:41.0036,942.2,286.0,fixation
11:38:41.0041,943.5,286.4,fixation
11:38:41.0046,943.3,286.7,fixation
11:38:41.0051,943.1,286.9,fixation
11:38:41.0056,943.0,287.3,fixation
11:38:41.0061,942.9,287.9,fixation
11:38:41.0066,942.9,288.2,fixation
11:38:41.0071,943.3,287.7,fixation
11:38:41.0076,944.3,287.7,fixation
11:38:41.0081,945.7,287.7,fixation
11:38:41.0086,946.5,289.2,fixation
11:38:41.0091,946.1,290.2,fixation
11:38:41.0096,945.4,291.7,fixation
11:38:41.0101,944.8,292.7,fixation
11:38:41.0106,944.9,293.7,fixation
11:38:41.0111,944.9,294.0,fixation
11:38:41.0116,944.8,293.8,fixation
11:38:41.0121,944.7,293.1,fixation
11:38:41.0126,944.9,292.5,fixation
11:38:41.0131,945.1,292.1,fixation
11:38:41.0136,945.3,292.6,fixation
11:38:41.0141,945.4,292.9,fixation
11:38:41.0146,945.7,293.2,fixation
11:38:41.0151,945.9,292.4,fixation
11:38:41.0156,946.1,290.9,fixation
11:38:41.0161,946.1,289.5,fixation
11:38:41.0166,946.1,288.1,fixation
11:38:41.0171,946.4,287.5,fixation
11:38:41.0176,946.6,287.0,fixation
11:38:41.0181,946.8,287.3,fixation
11:38:41.0186,946.7,288.3,fixation
11:38:41.0191,946.3,288.8,fixation
11:38:41.0196,946.0,288.7,fixation
11:38:41.0201,945.8,287.9,fixation
11:38:41.0206,947.0,289.4,fixation
11:38:41.0211,948.3,291.3,fixation
11:38:41.0216,949.1,292.7,fixation
11:38:41.0221,948.6,292.2,fixation
11:38:41.0226,948.2,290.6,fixation
11:38:41.0231,948.4,289.5,fixation
11:38:41.0236,948.7,288.4,fixation
11:38:41.0241,948.8,288.3,fixation
11:38:41.0246,948.5,288.2,fixation
11:38:41.0251,948.0,288.4,fixation
11:38:41.0256,947.6,288.6,fixation
11:38:41.0261,947.4,288.9,fixation
11:38:41.0266,947.5,289.0,fixation
11:38:41.0271,948.4,289.3,fixation
11:38:41.0276,949.3,289.5,fixation
11:38:41.0281,950.3,289.3,fixation
11:38:41.0286,950.5,289.1,fixation
11:38:41.0291,950.3,289.8,fixation
11:38:41.0296,949.5,290.8,fixation
11:38:41.0301,948.7,290.9,fixation
11:38:41.0306,948.1,290.0,fixation
11:38:41.0311,948.0,288.7,fixation
11:38:41.0316,947.1,288.1,fixation
11:38:41.0321,946.4,287.8,fixation
11:38:41.0326,945.8,288.2,fixation
11:38:41.0331,946.2,289.6,fixation
11:38:41.0336,946.6,290.9,fixation
11:38:41.0341,946.5,292.3,fixation
11:38:41.0346,946.2,292.7,fixation
11:38:41.0351,946.0,292.5,fixation
11:38:41.0356,946.1,291.9,fixation
11:38:41.0361,946.2,291.4,fixation
11:38:41.0366,947.0,291.9,fixation
11:38:41.0371,948.1,292.3,fixation
11:38:41.0376,949.1,292.7,fixation
11:38:41.0381,948.8,289.8,fixation
11:38:41.0386,948.1,286.9,fixation
11:38:41.0391,947.4,284.9,fixation
11:38:41.0396,947.4,287.6,fixation
11:38:41.0401,947.4,290.3,fixation
11:38:41.0406,946.3,289.7,fixation
11:38:41.0411,945.2,287.4,fixation
11:38:41.0416,944.0,284.9,fixation
11:38:41.0421,943.9,284.7,fixation
11:38:41.0426,945.0,285.4,fixation
11:38:41.0431,946.2,287.0,fixation
11:38:41.0436,947.2,288.9,fixation
11:38:41.0441,946.9,290.4,fixation
11:38:41.0446,946.6,291.1,fixation
11:38:41.0451,946.3,291.3,fixation
11:38:41.0456,946.5,291.0,fixation
11:38:41.0461,946.8,290.6,fixation
11:38:41.0466,947.1,290.5,fixation
11:38:41.0471,947.1,290.4,fixation
11:38:41.0476,947.1,289.6,fixation
11:38:41.0481,946.9,288.6,fixation
11:38:41.0486,946.4,287.7,fixation
11:38:41.0491,945.9,288.0,fixation
11:38:41.0496,945.5,288.3,fixation
11:38:41.0501,945.6,288.7,fixation
11:38:41.0506,943.9,288.9,fixation
11:38:41.0511,942.1,289.0,fixation
11:38:41.0516,941.6,288.1,fixation
11:38:41.0521,942.8,286.6,fixation
11:38:41.0526,944.5,285.1,fixation
11:38:41.0531,944.9,284.0,fixation
11:38:41.0536,946.6,283.6,fixation
11:38:41.0541,947.9,283.7,fixation
11:38:41.0546,949.1,284.8,fixation
11:38:41.0551,949.0,285.8,fixation
11:38:41.0556,947.4,286.0,fixation
11:38:41.0561,945.7,285.8,fixation
11:38:41.0566,945.5,286.0,fixation
11:38:41.0571,947.0,286.3,fixation
11:38:41.0576,948.1,286.5,fixation
11:38:41.0581,948.0,286.5,fixation
11:38:41.0586,947.9,286.9,fixation
11:38:41.0591,948.2,287.2,fixation
11:38:41.0596,948.3,287.4,fixation
11:38:41.0601,948.9,287.2,fixation
11:38:41.0606,950.6,287.1,fixation
11:38:41.0611,952.3,287.0,fixation
11:38:41.0616,952.7,287.8,fixation
11:38:41.0621,951.9,288.4,fixation
11:38:41.0626,951.0,289.1,fixation
11:38:41.0631,951.1,290.9,fixation
11:38:41.0636,951.4,293.1,fixation
11:38:41.0641,951.7,295.4,fixation
11:38:41.0646,951.7,295.7,fixation
11:38:41.0651,951.7,295.7,fixation
11:38:41.0656,951.6,296.0,fixation
11:38:41.0661,951.6,296.3,fixation
11:38:41.0666,951.6,295.2,fixation
11:38:41.0671,951.2,293.7,fixation
11:38:41.0676,950.2,293.0,fixation
11:38:41.0681,949.1,294.6,fixation
11:38:41.0686,948.5,296.9,fixation
11:38:41.0691,950.0,298.6,fixation
11:38:41.0696,951.4,298.4,fixation
11:38:41.0701,952.9,297.6,fixation
11:38:41.0706,953.1,296.2,fixation
11:38:41.0711,952.1,295.8,fixation
11:38:41.0716,951.5,295.5,fixation
11:38:41.0721,950.8,296.2,fixation
11:38:41.0726,951.8,297.9,fixation
11:38:41.0731,952.4,299.5,fixation
11:38:41.0736,952.5,300.2,fixation
11:38:41.0741,951.6,299.9,fixation
11:38:41.0746,949.7,301.3,fixation
11:38:41.0751,948.4,303.0,fixation
11:38:41.0756,947.7,304.7,fixation
11:38:41.0761,947.8,304.0,fixation
11:38:41.0766,947.9,303.4,fixation
11:38:41.0771,947.9,303.2,fixation
11:38:41.0776,948.5,302.9,fixation
11:38:41.0781,949.1,302.6,fixation
11:38:41.0786,948.1,302.8,saccade
11:38:41.0791,946.6,304.8,saccade
11:38:41.0796,945.1,306.2,saccade
11:38:41.0801,944.7,308.5,saccade
11:38:41.0806,944.4,309.1,saccade
11:38:41.0811,944.1,309.8,saccade
11:38:41.0816,944.0,309.6,saccade
11:38:41.0821,944.0,309.4,saccade
11:38:41.0826,943.8,310.4,saccade
11:38:41.0831,943.2,311.6,saccade
11:38:41.0836,941.0,312.8,saccade
11:38:41.0841,939.2,313.1,saccade
11:38:41.0846,937.7,313.8,saccade
11:38:41.0851,937.4,317.6,saccade
11:38:41.0856,937.2,320.7,saccade
11:38:41.0861,937.3,323.6,saccade
11:38:41.0866,938.0,325.1,saccade
11:38:41.0871,939.5,326.9,saccade
11:38:41.0876,940.0,338.0,saccade
11:38:41.0881,939.9,350.8,saccade
11:38:41.0886,941.2,374.3,saccade
11:38:41.0891,942.0,406.0,saccade
11:38:41.0896,946.3,448.3,saccade
11:38:41.0901,947.6,493.5,saccade
11:38:41.0906,936.7,602.0,saccade
11:38:41.0911,921.7,711.4,saccade
11:38:41.0916,911.5,821.9,saccade
11:38:41.0921,914.7,854.5,saccade
11:38:41.0926,.,.,blink
11:38:41.0931,.,.,blink
11:38:41.0936,.,.,blink
11:38:41.0941,.,.,blink
11:38:41.0946,.,.,blink
11:38:41.0951,.,.,blink
11:38:41.0956,.,.,blink
11:38:41.0961,.,.,blink
11:38:41.0966,.,.,blink
11:38:41.0971,.,.,blink
11:38:41.0976,.,.,blink
11:38:41.0981,.,.,blink
11:38:41.0986,.,.,blink
11:38:41.0991,.,.,blink
11:38:41.0996,.,.,blink
11:38:41.1001,.,.,blink
11:38:41.1006,.,.,blink
11:38:41.1011,.,.,blink
11:38:41.1016,.,.,blink
11:38:41.1021,.,.,blink
11:38:41.1026,.,.,blink
11:38:41.1031,.,.,blink
11:38:41.1036,.,.,blink
11:38:41.1041,.,.,blink
11:38:41.1046,.,.,blink
11:38:41.1051,.,.,blink
11:38:41.1056,.,.,blink
11:38:41.1061,.,.,blink
11:38:41.1066,.,.,blink
11:38:41.1071,.,.,blink
11:38:41.1076,.,.,blink
11:38:41.1081,.,.,blink
11:38:41.1086,.,.,blink
11:38:41.1091,.,.,blink
11:38:41.1096,.,.,blink
11:38:41.1101,.,.,blink
11:38:41.1106,.,.,blink
11:38:41.1111,.,.,blink
11:38:41.1116,.,.,blink
11:38:41.1121,.,.,blink
11:38:41.1126,.,.,blink
11:38:41.1131,.,.,blink
11:38:41.1136,.,.,blink
11:38:41.1141,.,.,blink
11:38:41.1146,.,.,blink
11:38:41.1151,.,.,blink
11:38:41.1156,.,.,blink
11:38:41.1161,.,.,blink
11:38:41.1166,.,.,blink
11:38:41.1171,.,.,blink
11:38:41.1176,.,.,blink
11:38:41.1181,.,.,blink
11:38:41.1186,.,.,blink
11:38:41.1191,.,.,blink
11:38:41.1196,.,.,blink
11:38:41.1201,.,.,blink
11:38:41.1206,.,.,blink
11:38:41.1211,.,.,blink
11:38:41.1216,.,.,blink
11:38:41.1221,.,.,blink
11:38:41.1226,.,.,blink
11:38:41.1231,.,.,blink
11:38:41.1236,.,.,blink
11:38:41.1241,.,.,blink
11:38:41.1246,.,.,blink
11:38:41.1251,.,.,blink
11:38:41.1256,.,.,blink
11:38:41.1261,.,.,blink
11:38:41.1266,.,.,blink
11:38:41.1271,.,.,blink
11:38:41.1276,.,.,blink
11:38:41.1281,.,.,blink
11:38:41.1286,.,.,blink
11:38:41.1291,.,.,blink
11:38:41.1296,.,.,blink
11:38:41.1301,.,.,blink
11:38:41.1306,.,.,blink
11:38:41.1311,.,.,blink
11:38:41.1316,.,.,blink
11:38:41.1321,.,.,blink
11:38:41.1326,.,.,blink
11:38:41.1331,.,.,blink
11:38:41.1336,.,.,blink
11:38:41.1341,.,.,blink
11:38:41.1346,.,.,blink
11:38:41.1351,.,.,blink
11:38:41.1356,.,.,blink
11:38:41.1361,.,.,blink
11:38:41.1366,.,.,blink
11:38:41.1371,.,.,blink
11:38:41.1376,.,.,blink
11:38:41.1381,.,.,blink
11:38:41.1386,.,.,blink
11:38:41.1391,.,.,blink
11:38:41.1396,.,.,blink
11:38:41.1401,.,.,blink
11:38:41.1406,.,.,blink
11:38:41.1411,.,.,blink
11:38:41.1416,.,.,blink
11:38:41.1421,.,.,blink
11:38:41.1426,.,.,blink
11:38:41.1431,.,.,blink
11:38:41.1436,.,.,blink
11:38:41.1441,.,.,blink
11:38:41.1446,.,.,blink
11:38:41.1451,.,.,blink
11:38:41.1456,.,.,blink
11:38:41.1461,.,.,blink
11:38:41.1466,.,.,blink
11:38:41.1471,.,.,blink
11:38:41.1476,.,.,blink
11:38:41.1481,.,.,blink
11:38:41.1486,.,.,blink
11:38:41.1491,.,.,blink
11:38:41.1496,.,.,blink
11:38:41.1501,.,.,blink
11:38:41.1506,.,.,blink
11:38:41.1511,.,.,blink
11:38:41.1516,.,.,blink
11:38:41.1521,.,.,blink
11:38:41.1526,.,.,blink
11:38:41.1531,.,.,blink
11:38:41.1536,.,.,blink
11:38:41.1541,.,.,blink
11:38:41.1546,.,.,blink
11:38:41.1551,.,.,blink
11:38:41.1556,.,.,blink
11:38:41.1561,.,.,blink
11:38:41.1566,.,.,blink
11:38:41.1571,.,.,blink
11:38:41.1576,.,.,blink
11:38:41.1581,.,.,blink
11:38:41.1586,.,.,blink
11:38:41.1591,.,.,blink
11:38:41.1596,.,.,blink
11:38:41.1601,.,.,blink
11:38:41.1606,.,.,blink
11:38:41.1611,.,.,blink
11:38:41.1616,.,.,blink
11:38:41.1621,.,.,blink
11:38:41.1626,.,.,blink
11:38:41.1631,.,.,blink
11:38:41.1636,.,.,blink
11:38:41.1641,.,.,blink
11:38:41.1646,.,.,blink
11:38:41.1651,.,.,blink
11:38:41.1656,.,.,blink
11:38:41.1661,.,.,blink
11:38:41.1666,.,.,blink
11:38:41.1671,.,.,blink
11:38:41.1676,.,.,blink
11:38:41.1681,.,.,blink
11:38:41.1686,.,.,blink
11:38:41.1691,.,.,blink
11:38:41.1696,.,.,blink
11:38:41.1701,.,.,blink
11:38:41.1706,.,.,blink
11:38:41.1711,.,.,blink
11:38:41.1716,.,.,blink
11:38:41.1721,.,.,blink
11:38:41.1726,.,.,blink
11:38:41.1731,.,.,blink
11:38:41.1736,.,.,blink
11:38:41.1741,.,.,blink
11:38:41.1746,.,.,blink
11:38:41.1751,.,.,blink
11:38:41.1756,.,.,blink
11:38:41.1761,.,.,blink
11:38:41.1766,.,.,blink
11:38:41.1771,.,.,blink
11:38:41.1776,.,.,blink
11:38:41.1781,.,.,blink
11:38:41.1786,.,.,blink
11:38:41.1791,.,.,blink
11:38:41.1796,.,.,blink
11:38:41.1801,.,.,blink
11:38:41.1806,.,.,blink
11:38:41.1811,.,.,blink
11:38:41.1816,.,.,blink
11:38:41.1821,.,.,blink
11:38:41.1826,.,.,blink
11:38:41.1831,.,.,blink
11:38:41.1836,.,.,blink
11:38:41.1841,.,.,blink
11:38:41.1846,.,.,blink
11:38:41.1851,.,.,blink
11:38:41.1856,.,.,blink
11:38:41.1861,.,.,blink
11:38:41.1866,.,.,blink
11:38:41.1871,.,.,blink
11:38:41.1876,.,.,blink
11:38:41.1881,.,.,blink
11:38:41.1886,.,.,blink
11:38:41.1891,.,.,blink
11:38:41.1896,.,.,blink
11:38:41.1901,.,.,blink
11:38:41.1906,.,.,blink
11:38:41.1911,.,.,blink
11:38:41.1916,.,.,blink
11:38:41.1921,.,.,blink
11:38:41.1926,.,.,blink
11:38:41.1931,.,.,blink
11:38:41.1936,.,.,blink
11:38:41.1941,.,.,blink
11:38:41.1946,.,.,blink
11:38:41.1951,.,.,blink
11:38:41.1956,.,.,blink
11:38:41.1961,.,.,blink
11:38:41.1966,.,.,blink
11:38:41.1971,.,.,blink
11:38:41.1976,.,.,blink
11:38:41.1981,.,.,blink
11:38:41.1986,.,.,blink
11:38:41.1991,.,.,blink
11:38:41.1996,.,.,blink
11:38:41.2001,.,.,blink
11:38:41.2006,.,.,blink
11:38:41.2011,.,.,blink
11:38:41.2016,.,.,blink
11:38:41.2021,.,.,blink
11:38:41.2026,.,.,blink
11:38:41.2031,.,.,blink
11:38:41.2036,.,.,blink
11:38:41.2041,.,.,blink
11:38:41.2046,.,.,blink
11:38:41.2051,.,.,blink
11:38:41.2056,.,.,blink
11:38:41.2061,.,.,blink
11:38:41.2066,.,.,blink
11:38:41.2071,.,.,blink
11:38:41.2076,.,.,blink
11:38:41.2081,.,.,blink
11:38:41.2086,.,.,blink
11:38:41.2091,.,.,blink
11:38:41.2096,.,.,blink
11:38:41.2101,.,.,blink
11:38:41.2106,.,.,blink
11:38:41.2111,981.6,284.5,fixation
11:38:41.2116,983.3,287.4,fixation
11:38:41.2121,982.5,289.6,fixation
11:38:41.2126,980.9,286.7,fixation
11:38:41.2131,978.7,283.8,fixation
11:38:41.2136,978.0,282.4,fixation
11:38:41.2141,978.5,283.2,fixation
11:38:41.2146,979.6,284.6,fixation
11:38:41.2151,979.2,285.2,fixation
11:38:41.2156,977.7,284.9,fixation
11:38:41.2161,976.2,284.1,fixation
11:38:41.2166,976.1,283.3,fixation
11:38:41.2171,976.0,283.4,fixation
11:38:41.2176,975.9,283.5,fixation
11:38:41.2181,976.0,282.6,fixation
11:38:41.2186,976.2,280.4,fixation
11:38:41.2191,976.0,278.2,fixation
11:38:41.2196,975.9,277.1,fixation
11:38:41.2201,975.9,277.1,fixation
11:38:41.2206,976.0,279.4,fixation
11:38:41.2211,976.0,281.8,fixation
11:38:41.2216,976.4,283.0,fixation
11:38:41.2221,976.5,280.9,fixation
11:38:41.2226,976.5,278.9,fixation
11:38:41.2231,976.1,277.8,fixation
11:38:41.2236,976.1,277.7,fixation
11:38:41.2241,976.5,279.6,fixation
11:38:41.2246,976.8,281.6,fixation
11:38:41.2251,977.3,283.7,fixation
11:38:41.2256,977.4,283.5,fixation
11:38:41.2261,976.6,282.9,fixation
11:38:41.2266,975.7,281.8,fixation
11:38:41.2271,975.5,280.7,fixation
11:38:41.2276,977.3,278.2,fixation
11:38:41.2281,979.1,276.1,fixation
11:38:41.2286,980.1,275.8,fixation
11:38:41.2291,979.8,276.7,fixation
11:38:41.2296,979.5,277.7,fixation
11:38:41.2301,979.7,277.4,fixation
11:38:41.2306,980.2,277.4,fixation
11:38:41.2311,980.7,277.4,fixation
11:38:41.2316,980.4,277.8,fixation
11:38:41.2321,979.8,277.5,fixation
11:38:41.2326,979.3,277.2,fixation
11:38:41.2331,979.7,278.2,fixation
11:38:41.2336,980.6,280.3,fixation
11:38:41.2341,981.6,282.3,fixation
11:38:41.2346,982.0,282.5,fixation
11:38:41.2351,982.3,282.4,fixation
11:38:41.2356,982.4,282.2,fixation
11:38:41.2361,982.0,281.8,fixation
11:38:41.2366,981.5,281.4,fixation
11:38:41.2371,981.2,280.8,fixation
11:38:41.2376,981.3,280.5,fixation
11:38:41.2381,981.5,280.2,fixation
11:38:41.2386,981.7,278.5,fixation
11:38:41.2391,981.8,276.9,fixation
11:38:41.2396,981.8,276.8,fixation
11:38:41.2401,982.6,279.0,fixation
11:38:41.2406,983.5,280.8,fixation
11:38:41.2411,984.3,280.5,fixation
11:38:41.2416,983.5,279.6,fixation
11:38:41.2421,982.8,279.2,fixation
11:38:41.2426,982.2,280.9,fixation
11:38:41.2431,981.9,282.4,fixation
11:38:41.2436,981.7,283.9,fixation
11:38:41.2441,981.6,283.8,fixation
11:38:41.2446,981.8,281.7,fixation
11:38:41.2451,982.0,279.5,fixation
11:38:41.2456,982.0,277.3,fixation
11:38:41.2461,981.8,277.1,fixation
11:38:41.2466,980.6,277.2,fixation
11:38:41.2471,979.9,277.6,fixation
11:38:41.2476,979.3,278.2,fixation
11:38:41.2481,979.8,278.9,fixation
11:38:41.2486,980.5,279.4,fixation
11:38:41.2491,981.4,279.1,fixation
11:38:41.2496,982.0,278.6,fixation
11:38:41.2501,982.0,279.4,fixation
11:38:41.2506,981.6,282.1,fixation
11:38:41.2511,982.4,284.8,fixation
11:38:41.2516,983.3,286.3,fixation
11:38:41.2521,984.1,286.4,fixation
11:38:41.2526,983.9,287.2,fixation
11:38:41.2531,984.1,287.9,fixation
11:38:41.2536,984.7,288.3,fixation
11:38:41.2541,985.5,287.7,fixation
11:38:41.2546,986.0,285.8,fixation
11:38:41.2551,985.3,284.8,fixation
11:38:41.2556,984.5,284.7,fixation
11:38:41.2561,983.6,285.8,fixation
11:38:41.2566,983.8,285.2,fixation
11:38:41.2571,984.0,284.0,fixation
11:38:41.2576,983.7,282.4,fixation
11:38:41.2581,983.3,282.0,fixation
11:38:41.2586,982.8,281.6,fixation
11:38:41.2591,982.8,281.7,fixation
11:38:41.2596,982.9,281.6,fixation
11:38:41.2601,983.0,281.5,fixation
11:38:41.2606,982.6,281.6,fixation
11:38:41.2611,982.1,281.7,fixation
11:38:41.2616,982.2,281.3,fixation
11:38:41.2621,982.8,279.9,fixation
11:38:41.2626,983.0,278.4,fixation
11:38:41.2631,982.6,277.8,fixation
11:38:41.2636,982.1,278.2,fixation
11:38:41.2641,983.0,279.4,fixation
11:38:41.2646,983.9,281.1,fixation
11:38:41.2651,984.7,282.7,fixation
11:38:41.2656,983.7,283.9,fixation
11:38:41.2661,982.8,284.4,fixation
11:38:41.2666,981.8,285.3,fixation
11:38:41.2671,981.7,286.0,fixation
11:38:41.2676,981.6,286.7,fixation
11:38:41.2681,981.6,286.3,fixation
11:38:41.2686,981.3,285.8,fixation
11:38:41.2691,981.0,285.2,fixation
11:38:41.2696,980.7,284.7,fixation
11:38:41.2701,980.7,284.3,fixation
11:38:41.2706,981.9,284.7,fixation
11:38:41.2711,983.2,285.6,fixation
11:38:41.2716,983.1,286.9,fixation
11:38:41.2721,981.9,287.3,fixation
11:38:41.2726,982.4,287.5,fixation
11:38:41.2731,984.2,287.1,fixation
11:38:41.2736,984.9,286.7,fixation
11:38:41.2741,984.1,286.5,fixation
11:38:41.2746,983.4,286.5,fixation
11:38:41.2751,983.7,286.3,fixation
11:38:41.2756,983.4,285.8,fixation
11:38:41.2761,983.0,285.3,fixation
11:38:41.2766,982.4,285.1,fixation
11:38:41.2771,982.1,285.1,fixation
11:38:41.2776,981.7,285.3,fixation
11:38:41.2781,982.6,285.6,fixation
11:38:41.2786,983.7,284.8,fixation
11:38:41.2791,984.2,283.9,fixation
11:38:41.2796,983.6,282.7,fixation
11:38:41.2801,983.0,282.4,fixation
11:38:41.2806,983.0,282.2,fixation
11:38:41.2811,983.0,282.7,fixation
11:38:41.2816,983.1,283.3,fixation
11:38:41.2821,982.4,284.5,fixation
11:38:41.2826,981.7,285.1,fixation
11:38:41.2831,980.9,285.6,fixation
11:38:41.2836,981.0,284.2,fixation
11:38:41.2841,980.6,282.7,fixation
11:38:41.2846,980.1,283.3,fixation
11:38:41.2851,980.2,286.7,fixation
11:38:41.2856,980.8,290.0,fixation
11:38:41.2861,981.4,291.2,fixation
11:38:41.2866,981.2,289.4,fixation
11:38:41.2871,981.0,286.8,fixation
11:38:41.2876,980.9,284.3,fixation
11:38:41.2881,980.8,283.7,fixation
11:38:41.2886,980.4,284.0,fixation
11:38:41.2891,980.0,284.2,fixation
11:38:41.2896,979.5,284.8,fixation
11:38:41.2901,981.2,285.5,fixation
11:38:41.2906,982.9,286.4,fixation
11:38:41.2911,983.7,287.6,fixation
11:38:41.2916,982.9,288.6,fixation
11:38:41.2921,982.2,288.8,fixation
11:38:41.2926,982.4,287.7,fixation
11:38:41.2931,982.6,285.6,fixation
11:38:41.2936,983.1,284.2,fixation
11:38:41.2941,983.6,283.4,fixation
11:38:41.2946,983.9,283.6,fixation
11:38:41.2951,984.0,283.6,fixation
11:38:41.2956,984.1,283.7,fixation
11:38:41.2961,984.1,283.8,fixation
11:38:41.2966,983.0,283.8,fixation
11:38:41.2971,982.0,283.9,fixation
11:38:41.2976,980.8,284.0,fixation
11:38:41.2981,980.3,284.1,fixation
11:38:41.2986,979.9,283.5,fixation
11:38:41.2991,979.0,282.7,fixation
11:38:41.2996,978.6,281.9,fixation
11:38:41.3001,979.4,281.7,fixation
11:38:41.3006,980.7,281.8,fixation
11:38:41.3011,980.8,281.9,fixation
11:38:41.3016,979.0,281.9,fixation
11:38:41.3021,977.3,281.8,fixation
11:38:41.3026,977.0,281.7,fixation
11:38:41.3031,978.5,281.9,fixation
11:38:41.3036,980.1,282.3,fixation
11:38:41.3041,981.5,282.7,fixation
11:38:41.3046,981.4,282.9,fixation
11:38:41.3051,981.3,283.0,fixation
11:38:41.3056,981.1,283.0,fixation
11:38:41.3061,981.0,282.7,fixation
11:38:41.3066,981.0,282.2,fixation
11:38:41.3071,981.2,281.7,fixation
11:38:41.3076,981.3,282.5,fixation
11:38:41.3081,980.9,284.2,fixation
11:38:41.3086,980.2,285.8,fixation
11:38:41.3091,979.5,286.1,fixation
11:38:41.3096,979.2,285.6,fixation
11:38:41.3101,979.2,285.2,fixation
11:38:41.3106,979.3,283.9,fixation
11:38:41.3111,979.3,282.6,fixation
11:38:41.3116,979.2,283.0,fixation
11:38:41.3121,977.9,285.1,fixation
11:38:41.3126,976.7,287.2,fixation
11:38:41.3131,976.8,286.9,fixation
11:38:41.3136,977.9,285.6,fixation
11:38:41.3141,979.3,284.9,fixation
11:38:41.3146,979.5,285.5,fixation
11:38:41.3151,980.1,286.6,fixation
11:38:41.3156,980.5,287.0,fixation
11:38:41.3161,980.7,286.9,fixation
11:38:41.3166,980.4,287.1,fixation
11:38:41.3171,980.4,287.5,fixation
11:38:41.3176,981.2,286.9,fixation
11:38:41.3181,981.9,286.1,fixation
11:38:41.3186,982.5,285.5,fixation
11:38:41.3191,982.7,286.1,fixation
11:38:41.3196,981.3,286.3,fixation
11:38:41.3201,979.6,286.3,fixation
11:38:41.3206,978.8,285.8,fixation
11:38:41.3211,979.9,285.3,fixation
11:38:41.3216,980.7,286.3,fixation
11:38:41.3221,980.8,287.4,fixation
11:38:41.3226,980.4,288.5,fixation
11:38:41.3231,980.4,288.3,fixation
11:38:41.3236,980.4,286.9,fixation
11:38:41.3241,980.6,285.5,fixation
11:38:41.3246,980.8,284.1,fixation
11:38:41.3251,980.0,284.1,fixation
11:38:41.3256,979.0,284.7,fixation
11:38:41.3261,978.3,285.2,fixation
11:38:41.3266,978.7,285.8,fixation
11:38:41.3271,979.3,287.3,fixation
11:38:41.3276,979.3,289.7,fixation
11:38:41.3281,978.9,291.2,fixation
11:38:41.3286,978.6,290.1,fixation
11:38:41.3291,978.7,287.3,fixation
11:38:41.3296,979.1,285.5,fixation
11:38:41.3301,979.3,284.4,fixation
11:38:41.3306,979.5,284.2,fixation
11:38:41.3311,979.9,286.1,fixation
11:38:41.3316,980.6,288.3,fixation
11:38:41.3321,981.4,289.9,fixation
11:38:41.3326,981.7,289.3,fixation
11:38:41.3331,981.8,288.8,fixation
11:38:41.3336,982.1,288.9,fixation
11:38:41.3341,982.7,289.7,fixation
11:38:41.3346,983.3,290.4,fixation
11:38:41.3351,982.2,291.0,fixation
11:38:41.3356,980.9,290.9,fixation
11:38:41.3361,979.6,290.6,fixation
11:38:41.3366,979.6,290.1,fixation
11:38:41.3371,979.4,289.3,fixation
11:38:41.3376,978.8,288.6,fixation
11:38:41.3381,978.2,288.2,fixation
11:38:41.3386,978.8,288.1,fixation
11:38:41.3391,979.8,287.8,fixation
11:38:41.3396,980.7,287.9,fixation
11:38:41.3401,980.7,288.6,fixation
11:38:41.3406,981.0,289.4,fixation
11:38:41.3411,981.4,289.7,fixation
11:38:41.3416,981.3,289.3,fixation
11:38:41.3421,980.7,289.0,fixation
11:38:41.3426,980.1,288.6,fixation
11:38:41.3431,980.6,288.3,fixation
11:38:41.3436,981.0,287.5,fixation
11:38:41.3441,981.5,286.5,fixation
11:38:41.3446,981.4,286.2,fixation
11:38:41.3451,981.3,287.1,fixation
11:38:41.3456,981.4,288.4,fixation
11:38:41.3461,981.4,288.8,fixation
11:38:41.3466,982.0,288.7,fixation
11:38:41.3471,982.2,290.1,fixation
11:38:41.3476,982.1,291.7,fixation
11:38:41.3481,981.8,291.4,fixation
11:38:41.3486,981.8,290.0,fixation
11:38:41.3491,980.7,288.6,fixation
11:38:41.3496,979.3,288.9,fixation
11:38:41.3501,977.8,289.3,fixation
11:38:41.3506,977.6,289.6,fixation
11:38:41.3511,978.1,289.9,fixation
11:38:41.3516,978.8,289.7,fixation
11:38:41.3521,979.5,289.7,fixation
11:38:41.3526,979.5,291.1,fixation
11:38:41.3531,978.5,292.6,fixation
11:38:41.3536,977.5,293.0,fixation
11:38:41.3541,976.6,291.9,fixation
11:38:41.3546,976.9,290.1,fixation
11:38:41.3551,977.4,289.3,fixation
11:38:41.3556,977.7,288.1,fixation
11:38:41.3561,977.7,287.7,fixation
11:38:41.3566,978.6,287.1,fixation
11:38:41.3571,979.5,286.8,fixation
11:38:41.3576,979.9,286.8,fixation
11:38:41.3581,979.1,288.5,fixation
11:38:41.3586,978.2,290.3,fixation
11:38:41.3591,977.6,290.2,fixation
11:38:41.3596,977.3,288.7,fixation
11:38:41.3601,977.0,287.3,fixation
11:38:41.3606,976.7,289.2,fixation
11:38:41.3611,976.1,291.2,fixation
11:38:41.3616,975.7,293.9,fixation
11:38:41.3621,975.4,294.6,fixation
11:38:41.3626,975.7,291.6,fixation
11:38:41.3631,975.7,287.9,fixation
11:38:41.3636,975.6,285.4,fixation
11:38:41.3641,975.9,286.7,fixation
11:38:41.3646,977.1,288.4,fixation
11:38:41.3651,978.4,288.7,fixation
11:38:41.3656,979.1,288.0,fixation
11:38:41.3661,978.9,287.0,fixation
11:38:41.3666,978.9,288.0,fixation
11:38:41.3671,979.0,290.1,fixation
11:38:41.3676,979.6,290.3,fixation
11:38:41.3681,980.0,288.4,fixation
11:38:41.3686,979.2,286.4,fixation
11:38:41.3691,977.9,286.4,fixation
11:38:41.3696,976.5,286.7,fixation
11:38:41.3701,976.4,286.9,fixation
11:38:41.3706,976.1,286.9,fixation
11:38:41.3711,975.8,286.5,fixation
11:38:41.3716,975.5,286.2,fixation
11:38:41.3721,975.5,285.9,fixation
11:38:41.3726,975.9,285.5,fixation
11:38:41.3731,976.4,285.2,fixation
11:38:41.3736,977.9,285.2,fixation
11:38:41.3741,979.1,285.5,fixation
11:38:41.3746,979.6,285.8,fixation
11:38:41.3751,979.0,286.1,fixation
11:38:41.3756,978.5,286.1,fixation
11:38:41.3761,979.5,286.0,fixation
11:38:41.3766,980.4,286.2,fixation
11:38:41.3771,981.1,286.4,fixation
11:38:41.3776,980.6,285.8,fixation
11:38:41.3781,980.0,285.1,fixation
11:38:41.3786,979.4,284.7,fixation
11:38:41.3791,978.5,285.1,fixation
11:38:41.3796,977.8,284.9,fixation
11:38:41.3801,977.4,283.4,fixation
11:38:41.3806,977.5,281.8,fixation
11:38:41.3811,977.4,282.3,fixation
11:38:41.3816,977.2,283.8,fixation
11:38:41.3821,977.1,284.9,fixation
11:38:41.3826,977.3,284.4,fixation
11:38:41.3831,977.8,284.8,fixation
11:38:41.3836,978.2,285.7,fixation
11:38:41.3841,979.0,286.5,fixation
11:38:41.3846,979.4,286.7,fixation
11:38:41.3851,979.9,286.9,fixation
11:38:41.3856,979.8,286.3,fixation
11:38:41.3861,979.9,285.4,fixation
11:38:41.3866,979.8,284.4,fixation
11:38:41.3871,979.7,284.7,fixation
11:38:41.3876,979.7,285.1,fixation
11:38:41.3881,979.5,284.2,fixation
11:38:41.3886,979.3,282.8,fixation
11:38:41.3891,979.2,281.7,fixation
11:38:41.3896,979.4,282.3,fixation
11:38:41.3901,979.2,284.3,fixation
11:38:41.3906,978.5,286.1,fixation
11:38:41.3911,977.4,287.3,fixation
11:38:41.3916,976.8,286.8,fixation
11:38:41.3921,976.4,286.8,fixation
11:38:41.3926,976.7,287.1,fixation
11:38:41.3931,976.9,286.1,fixation
11:38:41.3936,977.2,284.7,fixation
11:38:41.3941,977.6,283.4,fixation
11:38:41.3946,978.1,283.7,fixation
11:38:41.3951,979.0,284.0,fixation
11:38:41.3956,979.4,284.2,fixation
11:38:41.3961,979.2,283.8,fixation
11:38:41.3966,978.6,283.4,fixation
11:38:41.3971,978.6,283.5,fixation
11:38:41.3976,978.6,284.0,fixation
11:38:41.3981,978.6,284.5,fixation
11:38:41.3986,978.5,284.5,fixation
11:38:41.3991,978.5,284.6,fixation
11:38:41.3996,978.6,284.6,fixation
11:38:41.4001,977.8,284.7,fixation
11:38:41.4006,977.1,285.1,fixation
11:38:41.4011,976.4,285.4,fixation
11:38:41.4016,976.5,285.4,fixation
11:38:41.4021,976.6,285.3,fixation
11:38:41.4026,976.8,285.3,fixation
11:38:41.4031,976.8,285.4,fixation
11:38:41.4036,976.5,285.6,fixation
11:38:41.4041,976.2,285.8,fixation
11:38:41.4046,976.1,285.9,fixation
11:38:41.4051,976.0,286.2,fixation
11:38:41.4056,976.0,286.3,fixation
11:38:41.4061,976.1,286.4,fixation
11:38:41.4066,976.3,285.9,fixation
11:38:41.4071,976.3,285.3,fixation
11:38:41.4076,976.2,284.8,fixation
11:38:41.4081,976.3,285.2,fixation
11:38:41.4086,977.0,285.6,fixation
11:38:41.4091,977.6,285.9,fixation
11:38:41.4096,977.8,285.7,fixation
11:38:41.4101,977.9,285.6,fixation
11:38:41.4106,977.9,285.6,fixation
11:38:41.4111,977.9,286.3,fixation
11:38:41.4116,978.3,287.8,fixation
11:38:41.4121,978.7,289.1,fixation
11:38:41.4126,977.7,289.8,saccade
11:38:41.4131,977.1,289.7,saccade
11:38:41.4136,977.5,289.8,saccade
11:38:41.4141,977.6,289.9,saccade
11:38:41.4146,977.9,289.1,saccade
11:38:41.4151,978.1,288.2,saccade
11:38:41.4156,978.3,287.1,saccade
11:38:41.4161,978.4,286.8,saccade
11:38:41.4166,979.2,286.6,saccade
11:38:41.4171,980.0,285.0,saccade
11:38:41.4176,981.4,283.4,saccade
11:38:41.4181,982.7,282.2,saccade
11:38:41.4186,984.3,282.8,saccade
11:38:41.4191,987.7,285.6,saccade
11:38:41.4196,990.4,288.2,saccade
11:38:41.4201,992.7,290.4,saccade
11:38:41.4206,994.6,289.9,saccade
11:38:41.4211,997.5,289.4,saccade
11:38:41.4216,1000.7,288.7,saccade
11:38:41.4221,1002.3,288.4,saccade
11:38:41.4226,1004.8,288.8,saccade
11:38:41.4231,1007.9,289.4,saccade
11:38:41.4236,1010.5,290.6,saccade
11:38:41.4241,1011.4,290.9,saccade
11:38:41.4246,1012.0,291.2,saccade
11:38:41.4251,1015.1,291.9,saccade
11:38:41.4256,1018.9,292.8,saccade
11:38:41.4261,1022.2,293.7,saccade
11:38:41.4266,1023.0,293.9,saccade
11:38:41.4271,1022.1,294.2,saccade
11:38:41.4276,1021.0,293.5,saccade
11:38:41.4281,1019.8,292.5,saccade
11:38:41.4286,1019.6,293.1,saccade
11:38:41.4291,1018.8,297.7,fixation
11:38:41.4296,1018.7,297.8,fixation
11:38:41.4301,1017.8,297.1,fixation
11:38:41.4306,1016.8,296.3,fixation
11:38:41.4311,1014.3,296.1,fixation
11:38:41.4316,1013.4,296.0,fixation
11:38:41.4321,1012.5,296.3,fixation
11:38:41.4326,1013.2,296.6,fixation
11:38:41.4331,1012.4,296.9,fixation
11:38:41.4336,1011.6,296.6,fixation
11:38:41.4341,1010.7,296.3,fixation
11:38:41.4346,1010.3,295.5,fixation
11:38:41.4351,1009.9,295.1,fixation
11:38:41.4356,1010.9,295.5,fixation
11:38:41.4361,1012.3,296.3,fixation
11:38:41.4366,1013.7,297.1,fixation
11:38:41.4371,1013.6,297.2,fixation
11:38:41.4376,1013.1,297.4,fixation
11:38:41.4381,1012.5,297.9,fixation
11:38:41.4386,1012.0,298.2,fixation
11:38:41.4391,1011.9,298.6,fixation
11:38:41.4396,1011.8,299.0,fixation
11:38:41.4401,1011.7,299.4,fixation
11:38:41.4406,1011.7,298.5,fixation
11:38:41.4411,1011.9,297.4,fixation
11:38:41.4416,1011.7,296.3,fixation
11:38:41.4421,1011.2,296.4,fixation
11:38:41.4426,1010.6,296.6,fixation
11:38:41.4431,1010.3,296.7,fixation
11:38:41.4436,1010.2,296.4,fixation
11:38:41.4441,1010.2,296.1,fixation
11:38:41.4446,1010.1,296.3,fixation
11:38:41.4451,1010.7,296.9,fixation
11:38:41.4456,1012.4,297.4,fixation
11:38:41.4461,1014.2,297.4,fixation
11:38:41.4466,1013.1,296.6,fixation
11:38:41.4471,1011.0,294.9,fixation
11:38:41.4476,1010.6,293.3,fixation
11:38:41.4481,1012.4,292.5,fixation
11:38:41.4486,1012.9,292.5,fixation
11:38:41.4491,1010.8,292.5,fixation
11:38:41.4496,1008.7,292.5,fixation
11:38:41.4501,1007.9,292.3,fixation
11:38:41.4506,1008.0,292.1,fixation
11:38:41.4511,1009.3,292.7,fixation
11:38:41.4516,1010.6,293.5,fixation
11:38:41.4521,1010.4,294.8,fixation
11:38:41.4526,1008.9,295.2,fixation
11:38:41.4531,1008.1,296.1,fixation
11:38:41.4536,1008.7,296.5,fixation
11:38:41.4541,1008.5,296.7,fixation
11:38:41.4546,1007.6,296.5,fixation
11:38:41.4551,1007.4,296.5,fixation
11:38:41.4556,1008.0,296.6,fixation
11:38:41.4561,1008.7,296.3,fixation
11:38:41.4566,1008.7,296.1,fixation
11:38:41.4571,1009.4,295.9,fixation
11:38:41.4576,1010.1,296.7,fixation
11:38:41.4581,1009.6,297.4,fixation
11:38:41.4586,1007.7,296.2,fixation
11:38:41.4591,1006.0,294.4,fixation
11:38:41.4596,1005.8,294.3,fixation
11:38:41.4601,1006.1,295.9,fixation
11:38:41.4606,1006.1,297.3,fixation
11:38:41.4611,1005.8,296.4,fixation
11:38:41.4616,1005.3,295.0,fixation
11:38:41.4621,1005.2,294.3,fixation
11:38:41.4626,1005.0,294.1,fixation
11:38:41.4631,1004.9,294.3,fixation
11:38:41.4636,1004.8,294.2,fixation
11:38:41.4641,1004.7,294.3,fixation
11:38:41.4646,1005.6,295.5,fixation
11:38:41.4651,1006.6,296.6,fixation
11:38:41.4656,1006.8,297.4,fixation
11:38:41.4661,1006.0,296.4,fixation
11:38:41.4666,1005.2,295.2,fixation
11:38:41.4671,1005.7,294.2,fixation
11:38:41.4676,1006.2,294.0,fixation
11:38:41.4681,1006.8,291.7,fixation
11:38:41.4686,1007.0,289.4,fixation
11:38:41.4691,1007.3,288.4,fixation
11:38:41.4696,1007.4,289.8,fixation
11:38:41.4701,1007.7,291.4,fixation
11:38:41.4706,1008.2,291.9,fixation
11:38:41.4711,1008.6,292.5,fixation
11:38:41.4716,1008.6,292.8,fixation
11:38:41.4721,1008.4,292.7,fixation
11:38:41.4726,1008.2,292.7,fixation
11:38:41.4731,1007.4,293.1,fixation
11:38:41.4736,1006.5,293.6,fixation
11:38:41.4741,1005.8,293.8,fixation
11:38:41.4746,1006.0,293.9,fixation
11:38:41.4751,1006.1,294.1,fixation
11:38:41.4756,1005.2,293.7,fixation
11:38:41.4761,1004.5,293.2,fixation
11:38:41.4766,1005.4,292.6,fixation
11:38:41.4771,1006.9,292.8,fixation
11:38:41.4776,1008.6,293.1,fixation
11:38:41.4781,1008.6,293.8,fixation
11:38:41.4786,1007.9,294.2,fixation
11:38:41.4791,1007.1,293.9,fixation
11:38:41.4796,1006.6,292.2,fixation
11:38:41.4801,1006.9,290.5,fixation
11:38:41.4806,1007.4,288.9,fixation
11:38:41.4811,1007.8,288.3,fixation
11:38:41.4816,1008.7,287.4,fixation
11:38:41.4821,1009.9,287.1,fixation
11:38:41.4826,1010.9,288.2,fixation
11:38:41.4831,1011.7,289.6,fixation
11:38:41.4836,1012.0,291.5,fixation
11:38:41.4841,1012.4,292.1,fixation
11:38:41.4846,1012.4,293.0,fixation
11:38:41.4851,1012.3,293.4,fixation
11:38:41.4856,1012.1,292.7,fixation
11:38:41.4861,1010.8,291.7,fixation
11:38:41.4866,1009.7,290.7,fixation
11:38:41.4871,1009.5,290.7,fixation
11:38:41.4876,1010.4,290.9,fixation
11:38:41.4881,1011.3,291.2,fixation
11:38:41.4886,1011.3,291.8,fixation
11:38:41.4891,1010.1,292.4,fixation
11:38:41.4896,1008.7,294.0,fixation
11:38:41.4901,1007.5,295.2,fixation
11:38:41.4906,1007.9,295.8,fixation
11:38:41.4911,1008.5,295.9,fixation
11:38:41.4916,1009.4,296.4,fixation
11:38:41.4921,1009.9,297.3,fixation
11:38:41.4926,1010.5,297.4,fixation
11:38:41.4931,1010.6,297.3,fixation
11:38:41.4936,1010.7,295.7,fixation
11:38:41.4941,1010.7,294.0,fixation
11:38:41.4946,1010.5,293.6,fixation
11:38:41.4951,1010.4,294.8,fixation
11:38:41.4956,1010.1,296.0,fixation
11:38:41.4961,1010.0,296.1,fixation
11:38:41.4966,1009.5,295.8,fixation
11:38:41.4971,1008.6,295.1,fixation
11:38:41.4976,1007.7,294.4,fixation
11:38:41.4981,1008.2,294.0,fixation
11:38:41.4986,1009.1,293.9,fixation
11:38:41.4991,1010.0,293.8,fixation
11:38:41.4996,1010.0,293.6,fixation
11:38:41.5001,1010.1,293.5,fixation
11:38:41.5006,1009.9,293.7,fixation
11:38:41.5011,1008.9,294.0,fixation
11:38:41.5016,1006.9,292.1,fixation
11:38:41.5021,1005.2,290.1,fixation
11:38:41.5026,1005.4,287.8,fixation
11:38:41.5031,1006.7,287.5,fixation
11:38:41.5036,1007.7,288.3,fixation
11:38:41.5041,1007.1,290.7,fixation
11:38:41.5046,1006.1,293.2,fixation
11:38:41.5051,1005.4,295.3,fixation
11:38:41.5056,1005.2,296.1,fixation
11:38:41.5061,1005.4,297.0,fixation
11:38:41.5066,1005.5,298.3,fixation
11:38:41.5071,1005.4,299.4,fixation
11:38:41.5076,1005.6,299.2,fixation
11:38:41.5081,1006.1,297.6,fixation
11:38:41.5086,1006.6,295.1,fixation
11:38:41.5091,1006.8,294.7,fixation
11:38:41.5096,1006.8,294.4,fixation
11:38:41.5101,1006.1,294.7,fixation
11:38:41.5106,1005.4,294.2,fixation
11:38:41.5111,1005.2,294.0,fixation
11:38:41.5116,1006.3,293.3,fixation
11:38:41.5121,1007.4,292.6,fixation
11:38:41.5126,1008.0,292.1,fixation
11:38:41.5131,1008.0,292.4,fixation
11:38:41.5136,1008.1,293.0,fixation
11:38:41.5141,1007.9,293.3,fixation
11:38:41.5146,1007.5,293.5,fixation
11:38:41.5151,1007.0,293.5,fixation
11:38:41.5156,1006.5,291.8,fixation
11:38:41.5161,1005.8,290.1,fixation
11:38:41.5166,1005.2,288.5,fixation
11:38:41.5171,1004.6,288.7,fixation
11:38:41.5176,1004.4,288.9,fixation
11:38:41.5181,1005.3,291.0,fixation
11:38:41.5186,1006.4,293.1,fixation
11:38:41.5191,1006.7,295.2,fixation
11:38:41.5196,1006.0,295.6,fixation
11:38:41.5201,1004.8,296.1,fixation
11:38:41.5206,1004.4,296.4,fixation
11:38:41.5211,1004.1,295.7,fixation
11:38:41.5216,1004.3,294.8,fixation
11:38:41.5221,1004.5,294.0,fixation
11:38:41.5226,1004.3,294.5,fixation
11:38:41.5231,1004.1,295.5,fixation
11:38:41.5236,1004.3,296.5,fixation
11:38:41.5241,1004.9,297.1,fixation
11:38:41.5246,1005.6,297.2,fixation
11:38:41.5251,1006.2,296.6,fixation
11:38:41.5256,1006.5,295.8,fixation
11:38:41.5261,1006.7,295.0,fixation
11:38:41.5266,1006.4,295.0,fixation
11:38:41.5271,1006.1,293.5,fixation
11:38:41.5276,1005.9,291.9,fixation
11:38:41.5281,1006.5,290.2,fixation
11:38:41.5286,1006.8,290.0,fixation
11:38:41.5291,1007.2,290.1,fixation
11:38:41.5296,1007.1,291.0,fixation
11:38:41.5301,1007.1,292.0,fixation
11:38:41.5306,1006.8,292.7,fixation
11:38:41.5311,1006.9,292.0,fixation
11:38:41.5316,1007.3,291.2,fixation
11:38:41.5321,1008.2,291.9,fixation
11:38:41.5326,1008.7,293.1,fixation
11:38:41.5331,1008.6,294.1,fixation
11:38:41.5336,1008.3,293.9,fixation
11:38:41.5341,1007.9,293.9,fixation
11:38:41.5346,1008.2,294.2,fixation
11:38:41.5351,1008.7,294.7,fixation
11:38:41.5356,1008.9,295.3,fixation
11:38:41.5361,1008.3,295.5,fixation
11:38:41.5366,1007.8,295.2,fixation
11:38:41.5371,1007.5,294.6,fixation
11:38:41.5376,1007.6,294.2,fixation
11:38:41.5381,1007.4,293.6,fixation
11:38:41.5386,1007.2,293.3,fixation
11:38:41.5391,1008.3,294.5,fixation
11:38:41.5396,1009.2,295.8,fixation
11:38:41.5401,1009.8,297.2,fixation
11:38:41.5406,1008.8,297.3,fixation
11:38:41.5411,1008.2,296.2,fixation
11:38:41.5416,1007.9,295.0,fixation
11:38:41.5421,1007.4,294.2,fixation
11:38:41.5426,1006.8,294.6,fixation
11:38:41.5431,1005.1,294.9,fixation
11:38:41.5436,1003.8,294.7,fixation
11:38:41.5441,1003.8,294.2,fixation
11:38:41.5446,1005.4,293.6,fixation
11:38:41.5451,1006.9,292.7,fixation
11:38:41.5456,1006.7,292.4,fixation
11:38:41.5461,1006.2,292.6,fixation
11:38:41.5466,1005.7,294.6,fixation
11:38:41.5471,1005.7,296.2,fixation
11:38:41.5476,1005.6,297.7,fixation
11:38:41.5481,1005.3,297.7,fixation
11:38:41.5486,1004.8,296.3,fixation
11:38:41.5491,1004.4,295.0,fixation
11:38:41.5496,1003.9,294.9,fixation
11:38:41.5501,1003.5,296.1,fixation
11:38:41.5506,1003.0,297.9,fixation
11:38:41.5511,1004.0,298.5,fixation
11:38:41.5516,1005.1,297.4,fixation
11:38:41.5521,1005.7,295.8,fixation
11:38:41.5526,1004.8,294.2,fixation
11:38:41.5531,1003.7,294.1,fixation
11:38:41.5536,1003.6,293.9,fixation
11:38:41.5541,1004.0,293.7,fixation
11:38:41.5546,1004.5,293.5,fixation
11:38:41.5551,1004.7,293.2,fixation
11:38:41.5556,1005.3,292.9,fixation
11:38:41.5561,1005.9,292.9,fixation
11:38:41.5566,1006.4,293.6,fixation
11:38:41.5571,1006.3,294.3,fixation
11:38:41.5576,1006.1,295.5,fixation
11:38:41.5581,1005.8,296.0,fixation
11:38:41.5586,1005.8,295.7,fixation
11:38:41.5591,1007.4,295.0,fixation
11:38:41.5596,1009.0,295.3,fixation
11:38:41.5601,1010.2,296.4,fixation
11:38:41.5606,1009.7,297.2,fixation
11:38:41.5611,1009.3,296.8,fixation
11:38:41.5616,1010.2,296.4,fixation
11:38:41.5621,1011.0,296.4,fixation
11:38:41.5626,1010.2,296.4,fixation
11:38:41.5631,1008.6,296.0,fixation
11:38:41.5636,1006.8,295.7,fixation
11:38:41.5641,1006.7,295.7,fixation
11:38:41.5646,1007.0,296.1,fixation
11:38:41.5651,1007.9,296.3,fixation
11:38:41.5656,1008.7,296.4,fixation
11:38:41.5661,1008.4,296.9,fixation
11:38:41.5666,1007.6,297.4,fixation
11:38:41.5671,1006.9,297.4,fixation
11:38:41.5676,1006.9,296.4,fixation
11:38:41.5681,1007.3,295.3,fixation
11:38:41.5686,1007.8,294.1,fixation
11:38:41.5691,1008.5,293.4,fixation
11:38:41.5696,1009.3,292.9,fixation
11:38:41.5701,1010.6,292.9,fixation
11:38:41.5706,1011.6,294.5,fixation
11:38:41.5711,1011.9,296.2,fixation
11:38:41.5716,1011.4,297.0,fixation
11:38:41.5721,1011.1,295.9,fixation
11:38:41.5726,1010.9,294.7,fixation
11:38:41.5731,1010.3,294.3,fixation
11:38:41.5736,1009.6,294.3,fixation
11:38:41.5741,1010.8,294.7,fixation
11:38:41.5746,1012.8,295.1,fixation
11:38:41.5751,1014.7,296.1,fixation
11:38:41.5756,1015.0,296.7,fixation
11:38:41.5761,1014.0,296.2,fixation
11:38:41.5766,1013.2,295.2,fixation
11:38:41.5771,1012.4,292.7,fixation
11:38:41.5776,1012.5,291.1,fixation
11:38:41.5781,1012.7,291.0,fixation
11:38:41.5786,1012.7,292.3,fixation
11:38:41.5791,1012.0,294.6,fixation
11:38:41.5796,1011.1,295.5,fixation
11:38:41.5801,1010.2,296.4,fixation
11:38:41.5806,1010.3,294.6,fixation
11:38:41.5811,1010.7,292.9,fixation
11:38:41.5816,1011.2,290.6,fixation
11:38:41.5821,1012.0,290.2,fixation
11:38:41.5826,1012.5,289.6,fixation
11:38:41.5831,1013.3,289.5,fixation
11:38:41.5836,1013.7,289.5,fixation
11:38:41.5841,1012.7,289.7,fixation
11:38:41.5846,1011.3,289.9,fixation
11:38:41.5851,1009.4,290.0,fixation
11:38:41.5856,1008.8,290.1,fixation
11:38:41.5861,1008.2,290.1,fixation
11:38:41.5866,1008.3,290.4,fixation
11:38:41.5871,1008.6,290.7,fixation
11:38:41.5876,1009.2,291.0,fixation
11:38:41.5881,1009.6,290.9,fixation
11:38:41.5886,1009.6,291.5,fixation
11:38:41.5891,1011.0,292.2,fixation
11:38:41.5896,1012.6,292.3,fixation
11:38:41.5901,1014.1,291.9,fixation
11:38:41.5906,1013.7,292.6,fixation
11:38:41.5911,1013.1,294.0,fixation
11:38:41.5916,1012.4,295.4,fixation
11:38:41.5921,1012.2,294.8,fixation
11:38:41.5926,1012.1,294.3,fixation
11:38:41.5931,1011.4,293.9,fixation
11:38:41.5936,1010.6,293.0,fixation
11:38:41.5941,1009.7,290.8,fixation
11:38:41.5946,1009.5,288.7,fixation
11:38:41.5951,1010.3,289.5,fixation
11:38:41.5956,1011.3,290.9,fixation
11:38:41.5961,1012.4,291.9,fixation
11:38:41.5966,1012.5,291.1,fixation
11:38:41.5971,1012.6,290.5,fixation
11:38:41.5976,1012.6,290.2,fixation
11:38:41.5981,1012.8,292.1,fixation
11:38:41.5986,1013.0,294.2,fixation
11:38:41.5991,1013.4,295.3,fixation
11:38:41.5996,1013.6,294.3,fixation
11:38:41.6001,1013.3,293.1,fixation
11:38:41.6006,1012.2,293.0,fixation
11:38:41.6011,1010.7,292.8,fixation
11:38:41.6016,1010.0,293.0,fixation
11:38:41.6021,1009.7,293.1,fixation
11:38:41.6026,1009.8,293.3,fixation
11:38:41.6031,1009.8,292.9,fixation
11:38:41.6036,1009.7,292.5,fixation
11:38:41.6041,1009.6,291.8,fixation
11:38:41.6046,1009.4,292.2,fixation
11:38:41.6051,1010.9,293.2,fixation
11:38:41.6056,1012.6,294.8,fixation
11:38:41.6061,1013.2,295.6,fixation
11:38:41.6066,1012.2,295.8,fixation
11:38:41.6071,1011.1,295.9,fixation
11:38:41.6076,1011.2,294.6,fixation
11:38:41.6081,1011.2,293.1,fixation
11:38:41.6086,1011.2,291.7,fixation
11:38:41.6091,1010.8,292.5,fixation
11:38:41.6096,1009.7,293.2,fixation
11:38:41.6101,1008.7,293.4,fixation
11:38:41.6106,1008.3,292.5,fixation
11:38:41.6111,1008.9,291.5,fixation
11:38:41.6116,1010.7,290.7,fixation
11:38:41.6121,1012.2,290.0,fixation
11:38:41.6126,1013.5,289.4,fixation
11:38:41.6131,1013.7,289.3,fixation
11:38:41.6136,1013.1,289.8,fixation
11:38:41.6141,1011.8,290.4,fixation
11:38:41.6146,1010.4,292.1,fixation
11:38:41.6151,1009.7,293.5,fixation
11:38:41.6156,1009.9,294.7,fixation
11:38:41.6161,1010.2,293.4,fixation
11:38:41.6166,1011.0,292.1,fixation
11:38:41.6171,1012.0,291.0,fixation
11:38:41.6176,1013.0,291.3,fixation
11:38:41.6181,1013.4,292.1,fixation
11:38:41.6186,1012.2,292.7,fixation
11:38:41.6191,1011.0,293.2,fixation
11:38:41.6196,1009.9,292.1,fixation
11:38:41.6201,1010.7,290.8,fixation
11:38:41.6206,1011.8,289.6,fixation
11:38:41.6211,1012.9,289.7,fixation
11:38:41.6216,1013.1,289.5,fixation
11:38:41.6221,1012.2,289.2,fixation
11:38:41.6226,1011.2,288.7,fixation
11:38:41.6231,1010.4,288.5,fixation
11:38:41.6236,1010.4,288.4,fixation
11:38:41.6241,1011.3,288.5,fixation
11:38:41.6246,1012.2,288.4,fixation
11:38:41.6251,1013.1,288.8,fixation
11:38:41.6256,1013.3,289.0,fixation
11:38:41.6261,1013.6,289.2,fixation
11:38:41.6266,1014.1,288.7,fixation
11:38:41.6271,1014.4,288.5,fixation
11:38:41.6276,1014.5,288.3,fixation
11:38:41.6281,1013.4,287.7,fixation
11:38:41.6286,1012.4,286.8,fixation
11:38:41.6291,1013.2,287.5,fixation
11:38:41.6296,1015.2,289.0,fixation
11:38:41.6301,1017.0,291.2,fixation
11:38:41.6306,1016.9,291.8,fixation
11:38:41.6311,1016.6,292.1,fixation
11:38:41.6316,1016.1,291.8,fixation
11:38:41.6321,1015.6,290.9,fixation
11:38:41.6326,1015.7,290.2,fixation
11:38:41.6331,1016.2,289.5,fixation
11:38:41.6336,1016.6,288.8,fixation
11:38:41.6341,1016.4,288.5,fixation
11:38:41.6346,1016.2,288.3,fixation
11:38:41.6351,1016.1,288.7,fixation
11:38:41.6356,1016.0,288.5,fixation
11:38:41.6361,1014.3,287.7,fixation
11:38:41.6366,1012.6,286.6,fixation
11:38:41.6371,1011.9,286.0,fixation
11:38:41.6376,1013.0,285.7,fixation
11:38:41.6381,1014.1,285.9,fixation
11:38:41.6386,1014.7,286.0,fixation
11:38:41.6391,1015.2,286.3,fixation
11:38:41.6396,1015.7,286.5,fixation
11:38:41.6401,1015.8,286.4,fixation
11:38:41.6406,1015.9,286.4,fixation
11:38:41.6411,1016.0,287.0,fixation
11:38:41.6416,1015.9,289.0,fixation
11:38:41.6421,1016.1,290.9,fixation
11:38:41.6426,1016.2,291.1,fixation
11:38:41.6431,1016.5,290.0,fixation
11:38:41.6436,1016.5,289.5,fixation
11:38:41.6441,1016.4,290.1,fixation
11:38:41.6446,1016.4,289.6,fixation
11:38:41.6451,1015.7,288.3,fixation
11:38:41.6456,1014.9,286.9,fixation
11:38:41.6461,1014.0,287.6,fixation
11:38:41.6466,1014.0,288.6,fixation
11:38:41.6471,1013.6,289.3,fixation
11:38:41.6476,1013.2,289.0,fixation
11:38:41.6481,1011.8,288.7,fixation
11:38:41.6486,1010.9,287.5,fixation
11:38:41.6491,1009.9,286.4,fixation
11:38:41.6496,1009.6,286.2,fixation
11:38:41.6501,1010.0,287.2,fixation
11:38:41.6506,1010.3,288.3,fixation
11:38:41.6511,1010.7,289.7,fixation
11:38:41.6516,1010.3,291.1,fixation
11:38:41.6521,1010.4,290.3,fixation
11:38:41.6526,1010.7,288.2,fixation
11:38:41.6531,1010.8,286.2,fixation
11:38:41.6536,1010.6,286.6,fixation
11:38:41.6541,1010.9,287.1,fixation
11:38:41.6546,1011.5,287.7,fixation
11:38:41.6551,1011.4,287.9,fixation
11:38:41.6556,1011.0,286.8,fixation
11:38:41.6561,1010.7,285.6,fixation
11:38:41.6566,1010.9,286.0,fixation
11:38:41.6571,1011.6,287.5,fixation
11:38:41.6576,1012.3,288.6,fixation
11:38:41.6581,1013.0,288.2,fixation
11:38:41.6586,1012.9,287.8,fixation
11:38:41.6591,1012.8,287.9,fixation
11:38:41.6596,1012.5,287.9,fixation
11:38:41.6601,1011.9,288.0,fixation
11:38:41.6606,1011.5,288.3,fixation
11:38:41.6611,1011.2,288.6,fixation
11:38:41.6616,1010.8,288.8,fixation
11:38:41.6621,1009.7,288.9,fixation
11:38:41.6626,1008.5,288.9,fixation
11:38:41.6631,1008.1,288.9,fixation
11:38:41.6636,1008.2,289.0,fixation
11:38:41.6641,1008.2,288.3,fixation
11:38:41.6646,1008.0,286.8,fixation
11:38:41.6651,1009.6,285.3,fixation
11:38:41.6656,1011.3,285.4,fixation
11:38:41.6661,1013.0,286.3,fixation
11:38:41.6666,1013.1,287.2,fixation
11:38:41.6671,1013.3,286.9,fixation
11:38:41.6676,1013.6,286.5,fixation
11:38:41.6681,1013.5,285.7,fixation
11:38:41.6686,1013.2,285.4,fixation
11:38:41.6691,1013.5,286.2,fixation
11:38:41.6696,1014.5,287.6,fixation
11:38:41.6701,1016.3,290.1,fixation
11:38:41.6706,1017.3,291.5,fixation
11:38:41.6711,1016.5,293.0,fixation
11:38:41.6716,1014.9,293.5,fixation
11:38:41.6721,1013.9,293.7,fixation
11:38:41.6726,1014.6,293.3,fixation
11:38:41.6731,1015.3,292.5,fixation
11:38:41.6736,1015.6,292.0,fixation
11:38:41.6741,1015.7,291.6,fixation
11:38:41.6746,1015.8,291.6,fixation
11:38:41.6751,1015.9,291.3,fixation
11:38:41.6756,1015.9,290.6,fixation
11:38:41.6761,1015.7,290.0,fixation
11:38:41.6766,1015.0,289.6,fixation
11:38:41.6771,1014.4,289.6,fixation
11:38:41.6776,1014.5,289.9,fixation
11:38:41.6781,1014.6,290.0,fixation
11:38:41.6786,1014.7,290.2,fixation
11:38:41.6791,1015.1,290.1,fixation
11:38:41.6796,1015.8,290.1,fixation
11:38:41.6801,1015.4,290.5,fixation
11:38:41.6806,1014.4,290.8,fixation
11:38:41.6811,1013.4,290.8,fixation
11:38:41.6816,1013.5,290.4,fixation
11:38:41.6821,1012.8,289.9,fixation
11:38:41.6826,1011.6,289.5,fixation
11:38:41.6831,1010.4,289.1,fixation
11:38:41.6836,1011.5,290.0,fixation
11:38:41.6841,1013.2,291.7,fixation
11:38:41.6846,1015.1,293.1,fixation
11:38:41.6851,1015.4,293.0,fixation
11:38:41.6856,1015.2,291.6,fixation
11:38:41.6861,1012.4,289.9,fixation
11:38:41.6866,1009.7,288.6,fixation
11:38:41.6871,1007.5,287.7,fixation
11:38:41.6876,1007.5,287.4,fixation
11:38:41.6881,1008.4,288.6,fixation
11:38:41.6886,1009.3,290.1,fixation
11:38:41.6891,1010.2,291.3,fixation
11:38:41.6896,1010.5,290.9,fixation
11:38:41.6901,1010.8,290.7,fixation
11:38:41.6906,1010.6,290.8,fixation
11:38:41.6911,1010.1,290.1,fixation
11:38:41.6916,1009.7,289.3,fixation
11:38:41.6921,1009.8,289.1,fixation
11:38:41.6926,1010.2,291.8,fixation
11:38:41.6931,1010.9,294.6,fixation
11:38:41.6936,1012.0,295.5,fixation
11:38:41.6941,1013.8,294.3,fixation
11:38:41.6946,1015.1,293.7,fixation
11:38:41.6951,1015.9,294.4,fixation
11:38:41.6956,1015.3,293.1,fixation
11:38:41.6961,1014.8,291.1,fixation
11:38:41.6966,1014.0,289.5,fixation
11:38:41.6971,1013.8,289.9,fixation
11:38:41.6976,1013.5,291.2,fixation
11:38:41.6981,1013.5,292.2,fixation
11:38:41.6986,1013.5,291.4,fixation
11:38:41.6991,1013.3,289.6,fixation
11:38:41.6996,1012.8,289.3,fixation
11:38:41.7001,1012.1,290.7,fixation
11:38:41.7006,1011.7,292.2,fixation
11:38:41.7011,1012.6,292.1,fixation
11:38:41.7016,1013.6,291.2,fixation
11:38:41.7021,1014.7,289.4,fixation
11:38:41.7026,1014.8,287.8,fixation
11:38:41.7031,1014.8,286.9,fixation
11:38:41.7036,1014.8,286.9,fixation
11:38:41.7041,1014.8,287.5,fixation
11:38:41.7046,1014.5,288.2,fixation
11:38:41.7051,1014.1,288.4,fixation
11:38:41.7056,1013.5,287.9,fixation
11:38:41.7061,1012.2,287.7,fixation
11:38:41.7066,1010.9,287.9,fixation
11:38:41.7071,1009.6,287.9,fixation
11:38:41.7076,1009.0,287.8,fixation
11:38:41.7081,1009.1,287.9,fixation
11:38:41.7086,1010.0,287.7,fixation
11:38:41.7091,1010.9,287.1,fixation
11:38:41.7096,1011.4,286.3,fixation
11:38:41.7101,1011.5,285.9,fixation
11:38:41.7106,1011.2,284.9,fixation
11:38:41.7111,1011.0,283.9,fixation
11:38:41.7116,1010.7,282.6,fixation
11:38:41.7121,1010.7,282.2,fixation
11:38:41.7126,1010.8,281.7,fixation
11:38:41.7131,1011.0,281.8,fixation
11:38:41.7136,1012.1,282.1,fixation
11:38:41.7141,1013.1,282.5,fixation
11:38:41.7146,1013.9,282.4,fixation
11:38:41.7151,1013.8,282.1,fixation
11:38:41.7156,1015.0,282.6,fixation
11:38:41.7161,1016.2,282.8,fixation
11:38:41.7166,1017.4,282.8,fixation
11:38:41.7171,1017.5,282.0,fixation
11:38:41.7176,1017.8,282.9,fixation
11:38:41.7181,1018.1,284.1,fixation
11:38:41.7186,1018.5,285.3,fixation
11:38:41.7191,1018.7,285.4,fixation
11:38:41.7196,1018.9,285.4,fixation
11:38:41.7201,1019.0,284.8,fixation
11:38:41.7206,1018.7,283.5,fixation
11:38:41.7211,1018.2,282.2,fixation
11:38:41.7216,1016.9,282.3,fixation
11:38:41.7221,1016.0,283.0,fixation
11:38:41.7226,1014.9,285.4,fixation
11:38:41.7231,1014.4,287.1,fixation
11:38:41.7236,1013.2,287.5,fixation
11:38:41.7241,1012.0,286.2,fixation
11:38:41.7246,1010.9,285.0,fixation
11:38:41.7251,1011.3,286.5,fixation
11:38:41.7256,1013.2,288.0,fixation
11:38:41.7261,1015.1,289.5,fixation
11:38:41.7266,1015.3,289.0,fixation
11:38:41.7271,1014.2,288.8,fixation
11:38:41.7276,1013.2,288.6,fixation
11:38:41.7281,1013.2,288.0,fixation
11:38:41.7286,1013.2,287.0,fixation
11:38:41.7291,1012.6,286.7,fixation
11:38:41.7296,1011.4,287.4,fixation
11:38:41.7301,1010.3,288.0,fixation
11:38:41.7306,1009.5,287.9,fixation
11:38:41.7311,1009.2,287.3,fixation
11:38:41.7316,1008.8,286.8,fixation
11:38:41.7321,1009.1,286.8,fixation
11:38:41.7326,1010.6,287.2,fixation
11:38:41.7331,1011.8,287.8,fixation
11:38:41.7336,1012.5,288.7,fixation
11:38:41.7341,1012.2,289.5,fixation
11:38:41.7346,1011.9,289.9,fixation
11:38:41.7351,1011.4,289.0,fixation
11:38:41.7356,1011.0,286.7,fixation
11:38:41.7361,1010.3,284.9,fixation
11:38:41.7366,1009.9,283.3,fixation
11:38:41.7371,1009.4,282.9,fixation
11:38:41.7376,1009.4,283.2,fixation
11:38:41.7381,1010.7,283.9,fixation
11:38:41.7386,1012.2,283.9,fixation
11:38:41.7391,1013.8,283.3,fixation
11:38:41.7396,1014.0,282.6,fixation
11:38:41.7401,1015.2,282.1,fixation
11:38:41.7406,1016.4,281.7,fixation
11:38:41.7411,1017.5,281.4,fixation
11:38:41.7416,1017.6,281.3,fixation
11:38:41.7421,1017.8,281.1,fixation
11:38:41.7426,1018.1,281.4,fixation
11:38:41.7431,1018.2,281.7,fixation
11:38:41.7436,1018.4,282.0,fixation
11:38:41.7441,1018.4,282.4,fixation
11:38:41.7446,1018.1,283.1,fixation
11:38:41.7451,1017.4,283.9,fixation
11:38:41.7456,1017.1,284.0,fixation
11:38:41.7461,1017.0,283.4,fixation
11:38:41.7466,1017.3,283.0,fixation
11:38:41.7471,1017.2,282.9,fixation
11:38:41.7476,1017.1,283.2,fixation
11:38:41.7481,1017.0,283.5,fixation
11:38:41.7486,1017.0,284.2,fixation
11:38:41.7491,1016.9,284.8,fixation
11:38:41.7496,1016.8,285.7,fixation
11:38:41.7501,1015.2,286.5,fixation
11:38:41.7506,1013.5,287.3,fixation
11:38:41.7511,1012.8,288.0,fixation
11:38:41.7516,1013.7,288.8,fixation
11:38:41.7521,1014.9,289.6,fixation
11:38:41.7526,1015.0,290.4,fixation
11:38:41.7531,1015.2,290.9,fixation
11:38:41.7536,1015.1,291.1,fixation
11:38:41.7541,1015.3,290.6,fixation
11:38:41.7546,1015.4,289.9,fixation
11:38:41.7551,1015.5,289.2,fixation
11:38:41.7556,1015.2,288.6,fixation
11:38:41.7561,1015.0,287.6,fixation
11:38:41.7566,1014.5,286.8,fixation
11:38:41.7571,1014.2,286.9,fixation
11:38:41.7576,1014.0,287.7,fixation
11:38:41.7581,1014.3,288.3,fixation
11:38:41.7586,1014.8,288.1,fixation
11:38:41.7591,1015.1,287.9,fixation
11:38:41.7596,1015.1,286.8,fixation
11:38:41.7601,1015.2,285.7,fixation
11:38:41.7606,1015.4,284.1,fixation
11:38:41.7611,1015.0,283.7,fixation
11:38:41.7616,1014.8,283.3,fixation
11:38:41.7621,1014.5,283.4,fixation
11:38:41.7626,1013.2,283.2,fixation
11:38:41.7631,1011.6,282.8,fixation
11:38:41.7636,1010.1,282.0,fixation
11:38:41.7641,1010.2,281.2,fixation
11:38:41.7646,1010.0,280.7,fixation
11:38:41.7651,1009.8,280.9,fixation
11:38:41.7656,1010.5,281.2,fixation
11:38:41.7661,1011.4,281.6,fixation
11:38:41.7666,1012.2,282.2,fixation
11:38:41.7671,1012.1,283.1,fixation
11:38:41.7676,1011.7,284.4,fixation
11:38:41.7681,1011.4,285.0,fixation
11:38:41.7686,1011.1,285.0,fixation
11:38:41.7691,1011.2,284.3,fixation
11:38:41.7696,1011.3,283.8,fixation
11:38:41.7701,1011.6,283.3,fixation
11:38:41.7706,1012.1,283.2,fixation
11:38:41.7711,1012.6,284.0,fixation
11:38:41.7716,1012.9,285.4,fixation
11:38:41.7721,1012.6,286.1,fixation
11:38:41.7726,1012.4,286.0,fixation
11:38:41.7731,1012.3,286.0,fixation
11:38:41.7736,1012.4,287.4,fixation
11:38:41.7741,1012.9,288.8,fixation
11:38:41.7746,1013.4,289.5,fixation
11:38:41.7751,1013.9,289.5,fixation
11:38:41.7756,1014.0,289.5,fixation
11:38:41.7761,1014.2,289.4,fixation
11:38:41.7766,1014.3,289.2,fixation
11:38:41.7771,1013.3,289.0,fixation
11:38:41.7776,1012.3,287.3,fixation
11:38:41.7781,1012.0,285.7,fixation
11:38:41.7786,1012.8,283.8,fixation
11:38:41.7791,1014.3,283.2,fixation
11:38:41.7796,1015.0,282.3,fixation
11:38:41.7801,1015.9,281.7,fixation
11:38:41.7806,1016.0,281.4,fixation
11:38:41.7811,1016.2,281.5,fixation
11:38:41.7816,1016.7,280.3,fixation
11:38:41.7821,1017.1,279.0,fixation
11:38:41.7826,1016.9,277.7,fixation
11:38:41.7831,1016.3,279.7,fixation
11:38:41.7836,1015.6,281.8,fixation
11:38:41.7841,1015.9,283.8,fixation
11:38:41.7846,1016.8,283.9,fixation
11:38:41.7851,1017.7,282.9,fixation
11:38:41.7856,1016.6,282.7,fixation
11:38:41.7861,1015.1,282.4,fixation
11:38:41.7866,1015.2,283.0,fixation
11:38:41.7871,1017.1,283.6,fixation
11:38:41.7876,1018.9,284.4,fixation
11:38:41.7881,1019.1,285.0,fixation
11:38:41.7886,1018.4,284.9,fixation
11:38:41.7891,1016.4,284.2,fixation
11:38:41.7896,1014.3,283.9,fixation
11:38:41.7901,1012.8,283.7,fixation
11:38:41.7906,1013.6,284.1,fixation
11:38:41.7911,1014.5,284.3,fixation
11:38:41.7916,1015.4,285.0,fixation
11:38:41.7921,1015.5,285.0,fixation
11:38:41.7926,1016.0,285.3,fixation
11:38:41.7931,1016.8,285.3,fixation
11:38:41.7936,1017.5,286.4,fixation
11:38:41.7941,1017.9,287.1,fixation
11:38:41.7946,1017.9,287.3,fixation
11:38:41.7951,1017.6,287.6,fixation
11:38:41.7956,1017.1,288.0,fixation
11:38:41.7961,1016.7,287.5,fixation
11:38:41.7966,1016.8,285.9,fixation
11:38:41.7971,1016.9,284.2,fixation
11:38:41.7976,1016.7,284.5,fixation
11:38:41.7981,1016.3,286.1,fixation
11:38:41.7986,1015.6,287.8,fixation
11:38:41.7991,1014.9,286.6,fixation
11:38:41.7996,1014.5,284.9,fixation
11:38:41.8001,1014.3,283.5,fixation
11:38:41.8006,1014.3,284.2,fixation
11:38:41.8011,1014.3,285.7,fixation
11:38:41.8016,1014.4,286.8,fixation
11:38:41.8021,1014.6,287.7,fixation
11:38:41.8026,1014.9,287.8,fixation
11:38:41.8031,1015.1,287.5,fixation
11:38:41.8036,1016.0,286.8,fixation
11:38:41.8041,1016.9,286.1,fixation
11:38:41.8046,1017.7,285.9,fixation
11:38:41.8051,1018.0,285.9,fixation
11:38:41.8056,1018.5,285.7,fixation
11:38:41.8061,1019.0,285.1,fixation
11:38:41.8066,1019.7,284.7,fixation
11:38:41.8071,1020.0,284.5,fixation
11:38:41.8076,1020.1,284.5,fixation
11:38:41.8081,1019.6,284.3,fixation
11:38:41.8086,1019.0,283.5,fixation
11:38:41.8091,1018.6,282.6,fixation
11:38:41.8096,1018.2,281.7,fixation
11:38:41.8101,1017.6,281.5,fixation
11:38:41.8106,1016.5,281.6,fixation
11:38:41.8111,1014.2,281.7,fixation
11:38:41.8116,1012.1,281.7,fixation
11:38:41.8121,1010.6,281.6,fixation
11:38:41.8126,1010.6,281.5,fixation
11:38:41.8131,1010.2,282.0,fixation
11:38:41.8136,1009.7,283.9,fixation
11:38:41.8141,1009.6,285.8,fixation
11:38:41.8146,1010.2,287.4,fixation
11:38:41.8151,1011.0,287.6,fixation
11:38:41.8156,1011.7,285.7,fixation
11:38:41.8161,1012.0,283.4,fixation
11:38:41.8166,1012.2,282.1,fixation
11:38:41.8171,1012.2,283.9,fixation
11:38:41.8176,1012.0,287.2,fixation
11:38:41.8181,1011.5,289.6,fixation
11:38:41.8186,1010.6,290.6,fixation
11:38:41.8191,1009.7,290.2,fixation
11:38:41.8196,1009.3,289.6,fixation
11:38:41.8201,1009.2,289.6,fixation
11:38:41.8206,1009.0,289.5,fixation
11:38:41.8211,1008.9,289.1,fixation
11:38:41.8216,1008.6,288.6,fixation
11:38:41.8221,1008.3,288.1,fixation
11:38:41.8226,1008.6,287.7,fixation
11:38:41.8231,1009.0,287.3,fixation
11:38:41.8236,1009.5,286.5,fixation
11:38:41.8241,1010.3,286.2,fixation
11:38:41.8246,1011.1,286.0,fixation
11:38:41.8251,1011.7,286.2,fixation
11:38:41.8256,1011.6,286.5,fixation
11:38:41.8261,1011.5,286.8,fixation
11:38:41.8266,1011.5,286.7,fixation
11:38:41.8271,1011.4,286.4,fixation
11:38:41.8276,1011.3,286.3,fixation
11:38:41.8281,1011.2,285.7,fixation
11:38:41.8286,1011.3,284.8,fixation
11:38:41.8291,1011.4,282.7,fixation
11:38:41.8296,1011.3,281.2,fixation
11:38:41.8301,1011.2,280.0,fixation
11:38:41.8306,1010.4,282.8,fixation
11:38:41.8311,1009.9,285.7,fixation
11:38:41.8316,1009.4,288.9,fixation
11:38:41.8321,1011.0,289.2,fixation
11:38:41.8326,1012.7,288.1,fixation
11:38:41.8331,1012.6,286.7,fixation
11:38:41.8336,1010.9,285.2,fixation
11:38:41.8341,1009.7,285.2,fixation
11:38:41.8346,1011.6,285.1,fixation
11:38:41.8351,1013.4,284.8,fixation
11:38:41.8356,1014.6,284.7,fixation
11:38:41.8361,1014.6,284.8,fixation
11:38:41.8366,1014.9,284.9,fixation
11:38:41.8371,1015.2,284.6,fixation
11:38:41.8376,1015.3,284.4,fixation
11:38:41.8381,1015.2,284.3,fixation
11:38:41.8386,1014.8,284.9,fixation
11:38:41.8391,1014.5,285.5,fixation
11:38:41.8396,1015.1,286.0,fixation
11:38:41.8401,1015.9,284.8,fixation
11:38:41.8406,1015.9,283.6,fixation
11:38:41.8411,1015.2,282.3,fixation
11:38:41.8416,1014.7,282.2,fixation
11:38:41.8421,1015.3,281.4,fixation
11:38:41.8426,1015.9,280.0,fixation
11:38:41.8431,1016.2,278.5,fixation
11:38:41.8436,1016.3,277.7,fixation
11:38:41.8441,1016.2,278.3,fixation
11:38:41.8446,1014.5,279.2,fixation
11:38:41.8451,1012.7,280.0,fixation
11:38:41.8456,1010.9,279.8,fixation
11:38:41.8461,1010.8,279.6,fixation
11:38:41.8466,1011.0,280.5,fixation
11:38:41.8471,1011.5,281.7,fixation
11:38:41.8476,1012.6,283.0,fixation
11:38:41.8481,1013.6,283.1,fixation
11:38:41.8486,1014.4,283.4,fixation
11:38:41.8491,1014.4,283.7,fixation
11:38:41.8496,1014.1,283.7,fixation
11:38:41.8501,1014.1,283.2,fixation
11:38:41.8506,1014.5,283.0,fixation
11:38:41.8511,1015.4,283.5,fixation
11:38:41.8516,1016.0,283.7,fixation
11:38:41.8521,1016.7,283.7,fixation
11:38:41.8526,1016.9,283.1,fixation
11:38:41.8531,1017.0,282.9,fixation
11:38:41.8536,1016.8,284.2,fixation
11:38:41.8541,1016.4,285.7,fixation
11:38:41.8546,1015.6,287.3,fixation
11:38:41.8551,1014.9,288.7,fixation
11:38:41.8556,1014.5,290.2,fixation
11:38:41.8561,1014.4,291.6,fixation
11:38:41.8566,1014.5,291.3,fixation
11:38:41.8571,1014.5,290.9,fixation
11:38:41.8576,1014.5,290.6,fixation
11:38:41.8581,1013.8,290.4,fixation
11:38:41.8586,1013.0,290.3,fixation
11:38:41.8591,1012.3,290.2,fixation
11:38:41.8596,1012.2,289.8,fixation
11:38:41.8601,1011.9,289.5,fixation
11:38:41.8606,1011.0,289.4,fixation
11:38:41.8611,1010.2,289.4,fixation
11:38:41.8616,1009.5,289.5,fixation
11:38:41.8621,1009.4,289.1,fixation
11:38:41.8626,1009.1,288.8,fixation
11:38:41.8631,1008.7,290.3,fixation
11:38:41.8636,1011.2,292.2,fixation
11:38:41.8641,1014.1,292.4,fixation
11:38:41.8646,1016.8,290.6,fixation
11:38:41.8651,1016.5,288.7,fixation
11:38:41.8656,1016.1,288.3,fixation
11:38:41.8661,1014.3,287.9,fixation
11:38:41.8666,1011.8,287.6,fixation
11:38:41.8671,1009.4,287.0,fixation
11:38:41.8676,1009.8,286.7,fixation
11:38:41.8681,1010.7,287.2,fixation
11:38:41.8686,1011.8,288.1,fixation
11:38:41.8691,1011.9,289.0,fixation
11:38:41.8696,1012.3,289.3,fixation
11:38:41.8701,1012.6,289.7,fixation
11:38:41.8706,1013.0,290.0,fixation
11:38:41.8711,1013.1,290.2,fixation
11:38:41.8716,1013.5,290.3,fixation
11:38:41.8721,1013.7,290.3,fixation
11:38:41.8726,1014.0,290.3,fixation
11:38:41.8731,1014.0,290.4,fixation
11:38:41.8736,1014.2,290.4,fixation
11:38:41.8741,1015.9,290.4,fixation
11:38:41.8746,1017.4,290.2,fixation
11:38:41.8751,1018.7,289.9,fixation
11:38:41.8756,1018.7,289.7,fixation
11:38:41.8761,1018.7,289.8,fixation
11:38:41.8766,1018.7,288.8,fixation
11:38:41.8771,1018.7,287.9,fixation
11:38:41.8776,1019.0,287.1,fixation
11:38:41.8781,1019.3,287.6,fixation
11:38:41.8786,1017.7,288.0,fixation
11:38:41.8791,1015.9,288.4,fixation
11:38:41.8796,1014.0,288.4,fixation
11:38:41.8801,1014.8,288.2,fixation
11:38:41.8806,1016.2,288.0,fixation
11:38:41.8811,1017.6,287.9,fixation
11:38:41.8816,1016.4,287.5,fixation
11:38:41.8821,1014.7,286.8,fixation
11:38:41.8826,1013.1,286.0,fixation
11:38:41.8831,1013.1,285.8,fixation
11:38:41.8836,1014.3,285.0,fixation
11:38:41.8841,1015.5,283.5,fixation
11:38:41.8846,1016.3,282.5,fixation
11:38:41.8851,1015.5,282.2,fixation
11:38:41.8856,1013.7,282.7,fixation
11:38:41.8861,1012.3,283.3,fixation
11:38:41.8866,1011.4,284.0,fixation
11:38:41.8871,1011.0,284.7,fixation
11:38:41.8876,1010.8,284.6,fixation
11:38:41.8881,1010.7,284.5,fixation
11:38:41.8886,1010.9,283.4,fixation
11:38:41.8891,1010.4,282.3,fixation
11:38:41.8896,1009.7,281.2,fixation
11:38:41.8901,1008.6,281.4,fixation
11:38:41.8906,1008.2,281.9,fixation
11:38:41.8911,1008.4,284.0,fixation
11:38:41.8916,1009.0,286.1,fixation
11:38:41.8921,1009.6,288.4,fixation
11:38:41.8926,1009.6,288.9,fixation
11:38:41.8931,1009.5,287.1,fixation
11:38:41.8936,1009.4,284.6,fixation
11:38:41.8941,1011.1,284.2,fixation
11:38:41.8946,1013.0,286.3,fixation
11:38:41.8951,1013.0,288.4,fixation
11:38:41.8956,1011.3,288.2,fixation
11:38:41.8961,1011.1,287.8,fixation
11:38:41.8966,1012.8,287.5,fixation
11:38:41.8971,1014.7,287.3,fixation
11:38:41.8976,1015.1,287.1,fixation
11:38:41.8981,1015.5,286.5,fixation
11:38:41.8986,1014.8,285.7,fixation
11:38:41.8991,1014.0,285.6,fixation
11:38:41.8996,1013.9,286.9,fixation
11:38:41.9001,1014.5,288.5,fixation
11:38:41.9006,1015.2,289.3,fixation
11:38:41.9011,1015.1,290.2,fixation
11:38:41.9016,1014.8,291.1,fixation
11:38:41.9021,1014.5,292.0,fixation
11:38:41.9026,1014.3,292.0,fixation
11:38:41.9031,1014.4,292.1,fixation
11:38:41.9036,1014.5,291.8,fixation
11:38:41.9041,1014.6,291.5,fixation
11:38:41.9046,1014.6,291.3,fixation
11:38:41.9051,1014.5,291.6,fixation
11:38:41.9056,1014.8,292.0,fixation
11:38:41.9061,1015.2,293.2,fixation
11:38:41.9066,1015.6,294.0,fixation
11:38:41.9071,1015.4,294.8,fixation
11:38:41.9076,1015.0,295.2,fixation
11:38:41.9081,1014.2,297.5,fixation
11:38:41.9086,1013.1,299.9,fixation
11:38:41.9091,1011.7,301.5,fixation
11:38:41.9096,1010.6,300.8,fixation
11:38:41.9101,1009.9,299.9,fixation
11:38:41.9106,1009.7,299.0,fixation
11:38:41.9111,1009.2,298.4,fixation
11:38:41.9116,1009.1,298.2,fixation
11:38:41.9121,1009.0,298.2,fixation
11:38:41.9126,1009.1,298.1,fixation
11:38:41.9131,1009.3,300.3,fixation
11:38:41.9136,1009.4,302.6,fixation
11:38:41.9141,1008.9,304.8,fixation
11:38:41.9146,1009.2,301.4,fixation
11:38:41.9151,1009.4,297.8,fixation
11:38:41.9156,1009.1,295.1,fixation
11:38:41.9161,1008.0,297.6,fixation
11:38:41.9166,1005.9,300.0,fixation
11:38:41.9171,1004.8,300.8,fixation
11:38:41.9176,1004.8,300.2,fixation
11:38:41.9181,1005.7,299.5,fixation
11:38:41.9186,1006.4,299.5,fixation
11:38:41.9191,1006.2,300.3,fixation
11:38:41.9196,1006.4,301.2,fixation
11:38:41.9201,1006.8,301.4,fixation
11:38:41.9206,1007.7,300.7,fixation
11:38:41.9211,1008.3,300.4,fixation
11:38:41.9216,1008.9,301.0,fixation
11:38:41.9221,1009.1,301.5,fixation
11:38:41.9226,1008.9,301.6,saccade
11:38:41.9231,1009.0,301.5,saccade
11:38:41.9236,1009.1,302.1,saccade
11:38:41.9241,1009.3,302.9,saccade
11:38:41.9246,1008.8,304.4,saccade
11:38:41.9251,1008.2,304.6,saccade
11:38:41.9256,1008.0,305.0,saccade
11:38:41.9261,1008.4,304.9,saccade
11:38:41.9266,1007.9,305.4,saccade
11:38:41.9271,1006.7,305.3,saccade
11:38:41.9276,1003.8,305.0,saccade
11:38:41.9281,1001.6,306.4,saccade
11:38:41.9286,999.7,308.0,saccade
11:38:41.9291,999.3,312.9,saccade
11:38:41.9296,999.2,317.1,saccade
11:38:41.9301,999.1,323.7,saccade
11:38:41.9306,999.1,327.0,saccade
11:38:41.9311,998.9,330.2,saccade
11:38:41.9316,1000.3,331.9,saccade
11:38:41.9321,1001.7,333.8,saccade
11:38:41.9326,1003.4,334.9,saccade
11:38:41.9331,1003.1,342.2,saccade
11:38:41.9336,1002.8,349.3,saccade
11:38:41.9341,1003.4,367.2,saccade
11:38:41.9346,1006.8,381.7,saccade
11:38:41.9351,1013.4,401.2,saccade
11:38:41.9356,1021.1,433.6,saccade
11:38:41.9361,1026.2,466.7,saccade
11:38:41.9366,1027.8,499.7,saccade
11:38:41.9371,1026.7,518.0,saccade
11:38:41.9376,1017.4,603.8,saccade
11:38:41.9381,1007.9,690.5,saccade
11:38:41.9386,999.2,777.5,saccade
11:38:41.9391,999.1,794.8,saccade
11:38:41.9396,.,.,blink
11:38:41.9401,.,.,blink
11:38:41.9406,.,.,blink
11:38:41.9411,.,.,blink
11:38:41.9416,.,.,blink
11:38:41.9421,.,.,blink
11:38:41.9426,.,.,blink
11:38:41.9431,.,.,blink
11:38:41.9436,.,.,blink
11:38:41.9441,.,.,blink
11:38:41.9446,.,.,blink
11:38:41.9451,.,.,blink
11:38:41.9456,.,.,blink
11:38:41.9461,.,.,blink
11:38:41.9466,.,.,blink
11:38:41.9471,.,.,blink
11:38:41.9476,.,.,blink
11:38:41.9481,.,.,blink
11:38:41.9486,.,.,blink
11:38:41.9491,.,.,blink
11:38:41.9496,.,.,blink
11:38:41.9501,.,.,blink
11:38:41.9506,.,.,blink
11:38:41.9511,.,.,blink
11:38:41.9516,.,.,blink
11:38:41.9521,.,.,blink
11:38:41.9526,.,.,blink
11:38:41.9531,.,.,blink
11:38:41.9536,.,.,blink
11:38:41.9541,.,.,blink
11:38:41.9546,.,.,blink
11:38:41.9551,.,.,blink
11:38:41.9556,.,.,blink
11:38:41.9561,.,.,blink
11:38:41.9566,.,.,blink
11:38:41.9571,.,.,blink
11:38:41.9576,.,.,blink
11:38:41.9581,.,.,blink
11:38:41.9586,.,.,blink
11:38:41.9591,.,.,blink
11:38:41.9596,.,.,blink
11:38:41.9601,.,.,blink
11:38:41.9606,.,.,blink
11:38:41.9611,.,.,blink
11:38:41.9616,.,.,blink
11:38:41.9621,.,.,blink
11:38:41.9626,.,.,blink
11:38:41.9631,.,.,blink
11:38:41.9636,.,.,blink
11:38:41.9641,.,.,blink
11:38:41.9646,.,.,blink
11:38:41.9651,.,.,blink
11:38:41.9656,.,.,blink
11:38:41.9661,.,.,blink
11:38:41.9666,.,.,blink
11:38:41.9671,.,.,blink
11:38:41.9676,.,.,blink
11:38:41.9681,.,.,blink
11:38:41.9686,.,.,blink
11:38:41.9691,.,.,blink
11:38:41.9696,.,.,blink
11:38:41.9701,.,.,blink
11:38:41.9706,.,.,blink
11:38:41.9711,.,.,blink
11:38:41.9716,.,.,blink
11:38:41.9721,.,.,blink
11:38:41.9726,.,.,blink
11:38:41.9731,.,.,blink
11:38:41.9736,.,.,blink
11:38:41.9741,.,.,blink
11:38:41.9746,.,.,blink
11:38:41.9751,.,.,blink
11:38:41.9756,.,.,blink
11:38:41.9761,.,.,blink
11:38:41.9766,.,.,blink
11:38:41.9771,.,.,blink
11:38:41.9776,.,.,blink
11:38:41.9781,.,.,blink
11:38:41.9786,.,.,blink
11:38:41.9791,.,.,blink
11:38:41.9796,.,.,blink
11:38:41.9801,.,.,blink
11:38:41.9806,.,.,blink
11:38:41.9811,.,.,blink
11:38:41.9816,.,.,blink
11:38:41.9821,.,.,blink
11:38:41.9826,.,.,blink
11:38:41.9831,.,.,blink
11:38:41.9836,.,.,blink
11:38:41.9841,.,.,blink
11:38:41.9846,.,.,blink
11:38:41.9851,.,.,blink
11:38:41.9856,.,.,blink
11:38:41.9861,.,.,blink
11:38:41.9866,.,.,blink
11:38:41.9871,.,.,blink
11:38:41.9876,.,.,blink
11:38:41.9881,.,.,blink
11:38:41.9886,.,.,blink
11:38:41.9891,.,.,blink
11:38:41.9896,.,.,blink
11:38:41.9901,.,.,blink
11:38:41.9906,.,.,blink
11:38:41.9911,.,.,blink
11:38:41.9916,.,.,blink
11:38:41.9921,.,.,blink
11:38:41.9926,.,.,blink
11:38:41.9931,.,.,blink
11:38:41.9936,.,.,blink
11:38:41.9941,.,.,blink
11:38:41.9946,.,.,blink
11:38:41.9951,.,.,blink
11:38:41.9956,.,.,blink
11:38:41.9961,.,.,blink
11:38:41.9966,.,.,blink
11:38:41.9971,.,.,blink
11:38:41.9976,.,.,blink
11:38:41.9981,.,.,blink
11:38:41.9986,.,.,blink
11:38:41.9991,.,.,blink
11:38:41.9996,.,.,blink
11:38:42.0001,.,.,blink
11:38:42.0006,.,.,blink
11:38:42.0011,.,.,blink
11:38:42.0016,.,.,blink
11:38:42.0021,.,.,blink
11:38:42.0026,.,.,blink
11:38:42.0031,.,.,blink
11:38:42.0036,.,.,blink
11:38:42.0041,.,.,blink
11:38:42.0046,.,.,blink
11:38:42.0051,.,.,blink
11:38:42.0056,.,.,blink
11:38:42.0061,.,.,blink
11:38:42.0066,.,.,blink
11:38:42.0071,.,.,blink
11:38:42.0076,.,.,blink
11:38:42.0081,.,.,blink
11:38:42.0086,.,.,blink
11:38:42.0091,.,.,blink
11:38:42.0096,.,.,blink
11:38:42.0101,.,.,blink
11:38:42.0106,.,.,blink
11:38:42.0111,.,.,blink
11:38:42.0116,.,.,blink
11:38:42.0121,.,.,blink
11:38:42.0126,.,.,blink
11:38:42.0131,.,.,blink
11:38:42.0136,.,.,blink
11:38:42.0141,.,.,blink
11:38:42.0146,.,.,blink
11:38:42.0151,.,.,blink
11:38:42.0156,.,.,blink
11:38:42.0161,.,.,blink
11:38:42.0166,.,.,blink
11:38:42.0171,.,.,blink
11:38:42.0176,.,.,blink
11:38:42.0181,.,.,blink
11:38:42.0186,.,.,blink
11:38:42.0191,.,.,blink
11:38:42.0196,.,.,blink
11:38:42.0201,.,.,blink
11:38:42.0206,.,.,blink
11:38:42.0211,.,.,blink
11:38:42.0216,.,.,blink
11:38:42.0221,.,.,blink
11:38:42.0226,.,.,blink
11:38:42.0231,.,.,blink
11:38:42.0236,.,.,blink
11:38:42.0241,.,.,blink
11:38:42.0246,.,.,blink
11:38:42.0251,.,.,blink
11:38:42.0256,.,.,blink
11:38:42.0261,.,.,blink
11:38:42.0266,.,.,blink
11:38:42.0271,.,.,blink
11:38:42.0276,.,.,blink
11:38:42.0281,.,.,blink
11:38:42.0286,.,.,blink
11:38:42.0291,.,.,blink
11:38:42.0296,.,.,blink
11:38:42.0301,.,.,blink
11:38:42.0306,.,.,blink
11:38:42.0311,.,.,blink
11:38:42.0316,.,.,blink
11:38:42.0321,.,.,blink
11:38:42.0326,.,.,blink
11:38:42.0331,.,.,blink
11:38:42.0336,.,.,blink
11:38:42.0341,.,.,blink
11:38:42.0346,.,.,blink
11:38:42.0351,.,.,blink
11:38:42.0356,.,.,blink
11:38:42.0361,.,.,blink
11:38:42.0366,.,.,blink
11:38:42.0371,.,.,blink
11:38:42.0376,.,.,blink
11:38:42.0381,.,.,blink
11:38:42.0386,.,.,blink
11:38:42.0391,.,.,blink
11:38:42.0396,.,.,blink
11:38:42.0401,.,.,blink
11:38:42.0406,.,.,blink
11:38:42.0411,.,.,blink
11:38:42.0416,.,.,blink
11:38:42.0421,.,.,blink
11:38:42.0426,.,.,blink
11:38:42.0431,.,.,blink
11:38:42.0436,.,.,blink
11:38:42.0441,.,.,blink
11:38:42.0446,.,.,blink
11:38:42.0451,.,.,blink
11:38:42.0456,.,.,blink
11:38:42.0461,.,.,blink
11:38:42.0466,.,.,blink
11:38:42.0471,.,.,blink
11:38:42.0476,.,.,blink
11:38:42.0481,.,.,blink
11:38:42.0486,.,.,blink
11:38:42.0491,.,.,blink
11:38:42.0496,.,.,blink
11:38:42.0501,.,.,blink
11:38:42.0506,.,.,blink
11:38:42.0511,.,.,blink
11:38:42.0516,.,.,blink
11:38:42.0521,.,.,blink
11:38:42.0526,.,.,blink
11:38:42.0531,.,.,blink
11:38:42.0536,.,.,blink
11:38:42.0541,.,.,blink
11:38:42.0546,.,.,blink
11:38:42.0551,.,.,blink
11:38:42.0556,.,.,blink
11:38:42.0561,.,.,blink
11:38:42.0566,.,.,blink
11:38:42.0571,.,.,blink
11:38:42.0576,.,.,blink
11:38:42.0581,.,.,blink
11:38:42.0586,.,.,blink
11:38:42.0591,.,.,blink
11:38:42.0596,.,.,blink
11:38:42.0601,.,.,blink
11:38:42.0606,.,.,blink
11:38:42.0611,.,.,blink
11:38:42.0616,.,.,blink
11:38:42.0621,.,.,blink
11:38:42.0626,.,.,blink
11:38:42.0631,.,.,blink
11:38:42.0636,.,.,blink
11:38:42.0641,.,.,blink
11:38:42.0646,.,.,blink
11:38:42.0651,.,.,blink
11:38:42.0656,.,.,blink
11:38:42.0661,.,.,blink
11:38:42.0666,.,.,blink
11:38:42.0671,.,.,blink
11:38:42.0676,.,.,blink
11:38:42.0681,.,.,blink
11:38:42.0686,.,.,blink
11:38:42.0691,.,.,blink
11:38:42.0696,.,.,blink
11:38:42.0701,.,.,blink
11:38:42.0706,.,.,blink
11:38:42.0711,.,.,blink
11:38:42.0716,.,.,blink
11:38:42.0721,.,.,blink
11:38:42.0726,.,.,blink
11:38:42.0731,.,.,blink
11:38:42.0736,.,.,blink
11:38:42.0741,.,.,blink
11:38:42.0746,.,.,blink
11:38:42.0751,.,.,blink
11:38:42.0756,.,.,blink
11:38:42.0761,.,.,blink
11:38:42.0766,.,.,blink
11:38:42.0771,905.4,306.1,fixation
11:38:42.0776,905.4,305.0,fixation
11:38:42.0781,904.0,304.0,fixation
11:38:42.0786,902.6,303.1,fixation
11:38:42.0791,901.2,302.3,fixation
11:38:42.0796,901.1,302.0,fixation
11:38:42.0801,900.8,306.1,fixation
11:38:42.0806,900.7,310.5,fixation
11:38:42.0811,900.6,314.2,fixation
11:38:42.0816,900.9,313.0,fixation
11:38:42.0821,900.9,311.7,fixation
11:38:42.0826,900.6,311.1,fixation
11:38:42.0831,900.4,311.0,fixation
11:38:42.0836,900.4,310.7,fixation
11:38:42.0841,901.1,310.3,fixation
11:38:42.0846,901.9,309.9,fixation
11:38:42.0851,902.5,309.8,fixation
11:38:42.0856,902.6,309.8,fixation
11:38:42.0861,902.6,310.0,fixation
11:38:42.0866,904.0,310.3,fixation
11:38:42.0871,905.4,310.2,fixation
11:38:42.0876,905.7,309.9,fixation
11:38:42.0881,904.0,308.9,fixation
11:38:42.0886,902.2,307.6,fixation
11:38:42.0891,901.4,306.4,fixation
11:38:42.0896,901.1,306.5,fixation
11:38:42.0901,900.7,307.1,fixation
11:38:42.0906,901.4,307.8,fixation
11:38:42.0911,902.3,307.8,fixation
11:38:42.0916,903.1,307.7,fixation
11:38:42.0921,902.7,308.5,fixation
11:38:42.0926,902.3,309.4,fixation
11:38:42.0931,901.6,310.4,fixation
11:38:42.0936,901.3,310.6,fixation
11:38:42.0941,901.0,310.5,fixation
11:38:42.0946,901.4,309.0,fixation
11:38:42.0951,901.3,307.6,fixation
11:38:42.0956,901.2,306.2,fixation
11:38:42.0961,900.2,306.2,fixation
11:38:42.0966,900.1,306.2,fixation
11:38:42.0971,900.0,306.1,fixation
11:38:42.0976,900.6,305.9,fixation
11:38:42.0981,900.6,305.7,fixation
11:38:42.0986,900.5,305.5,fixation
11:38:42.0991,900.1,305.3,fixation
11:38:42.0996,899.8,304.7,fixation
11:38:42.1001,900.0,304.3,fixation
11:38:42.1006,900.8,304.0,fixation
11:38:42.1011,901.7,304.8,fixation
11:38:42.1016,902.1,305.7,fixation
11:38:42.1021,902.3,306.6,fixation
11:38:42.1026,902.7,306.3,fixation
11:38:42.1031,903.1,306.1,fixation
11:38:42.1036,903.5,305.8,fixation
11:38:42.1041,901.6,306.0,fixation
11:38:42.1046,899.5,306.3,fixation
11:38:42.1051,897.7,306.3,fixation
11:38:42.1056,898.2,306.3,fixation
11:38:42.1061,898.9,305.6,fixation
11:38:42.1066,899.6,305.1,fixation
11:38:42.1071,900.4,305.1,fixation
11:38:42.1076,901.0,305.7,fixation
11:38:42.1081,901.5,306.9,fixation
11:38:42.1086,901.6,307.6,fixation
11:38:42.1091,900.1,305.9,fixation
11:38:42.1096,898.3,303.6,fixation
11:38:42.1101,896.6,302.1,fixation
11:38:42.1106,896.5,303.0,fixation
11:38:42.1111,896.4,303.8,fixation
11:38:42.1116,896.2,304.0,fixation
11:38:42.1121,896.1,304.5,fixation
11:38:42.1126,896.1,305.3,fixation
11:38:42.1131,896.6,306.0,fixation
11:38:42.1136,897.0,306.6,fixation
11:38:42.1141,897.3,306.8,fixation
11:38:42.1146,897.5,306.9,fixation
11:38:42.1151,897.7,306.8,fixation
11:38:42.1156,898.0,306.9,fixation
11:38:42.1161,898.1,306.9,fixation
11:38:42.1166,899.0,307.2,fixation
11:38:42.1171,899.4,307.3,fixation
11:38:42.1176,899.7,307.5,fixation
11:38:42.1181,899.2,305.4,fixation
11:38:42.1186,899.1,303.3,fixation
11:38:42.1191,899.2,301.2,fixation
11:38:42.1196,898.7,301.2,fixation
11:38:42.1201,898.6,301.4,fixation
11:38:42.1206,898.3,301.9,fixation
11:38:42.1211,898.5,303.3,fixation
11:38:42.1216,898.2,304.4,fixation
11:38:42.1221,898.1,305.3,fixation
11:38:42.1226,898.0,305.3,fixation
11:38:42.1231,897.8,305.2,fixation
11:38:42.1236,897.7,305.2,fixation
11:38:42.1241,898.4,305.1,fixation
11:38:42.1246,899.0,305.1,fixation
11:38:42.1251,899.6,305.0,fixation
11:38:42.1256,899.2,305.1,fixation
11:38:42.1261,898.8,305.2,fixation
11:38:42.1266,898.5,305.2,fixation
11:38:42.1271,898.2,306.9,fixation
11:38:42.1276,898.1,308.5,fixation
11:38:42.1281,898.2,309.7,fixation
11:38:42.1286,898.4,308.7,fixation
11:38:42.1291,898.6,306.1,fixation
11:38:42.1296,899.1,303.9,fixation
11:38:42.1301,899.5,304.0,fixation
11:38:42.1306,899.8,305.7,fixation
11:38:42.1311,899.8,307.7,fixation
11:38:42.1316,899.8,307.6,fixation
11:38:42.1321,899.8,307.4,fixation
11:38:42.1326,899.9,306.9,fixation
11:38:42.1331,900.0,306.7,fixation
11:38:42.1336,900.3,306.3,fixation
11:38:42.1341,900.5,305.1,fixation
11:38:42.1346,899.9,304.1,fixation
11:38:42.1351,899.1,303.2,fixation
11:38:42.1356,898.3,303.8,fixation
11:38:42.1361,899.2,305.2,fixation
11:38:42.1366,900.2,306.6,fixation
11:38:42.1371,900.2,307.8,fixation
11:38:42.1376,899.2,308.0,fixation
11:38:42.1381,899.2,308.3,fixation
11:38:42.1386,900.2,308.5,fixation
11:38:42.1391,900.6,308.8,fixation
11:38:42.1396,900.2,306.7,fixation
11:38:42.1401,900.1,304.4,fixation
11:38:42.1406,900.4,302.3,fixation
11:38:42.1411,900.6,302.8,fixation
11:38:42.1416,900.5,305.4,fixation
11:38:42.1421,900.4,307.8,fixation
11:38:42.1426,900.1,309.9,fixation
11:38:42.1431,899.9,309.9,fixation
11:38:42.1436,899.8,309.4,fixation
11:38:42.1441,900.6,308.9,fixation
11:38:42.1446,901.3,309.2,fixation
11:38:42.1451,901.9,309.9,fixation
11:38:42.1456,901.8,310.2,fixation
11:38:42.1461,900.3,309.8,fixation
11:38:42.1466,898.5,308.0,fixation
11:38:42.1471,896.8,306.7,fixation
11:38:42.1476,896.5,306.0,fixation
11:38:42.1481,896.4,306.6,fixation
11:38:42.1486,898.0,307.2,fixation
11:38:42.1491,899.6,307.2,fixation
11:38:42.1496,901.2,307.4,fixation
11:38:42.1501,901.0,307.4,fixation
11:38:42.1506,900.6,307.4,fixation
11:38:42.1511,900.3,308.6,fixation
11:38:42.1516,900.2,309.4,fixation
11:38:42.1521,900.5,310.3,fixation
11:38:42.1526,900.5,310.0,fixation
11:38:42.1531,900.2,310.8,fixation
11:38:42.1536,899.9,311.1,fixation
11:38:42.1541,899.9,310.9,fixation
11:38:42.1546,900.3,310.5,fixation
11:38:42.1551,900.4,310.6,fixation
11:38:42.1556,900.2,311.0,fixation
11:38:42.1561,899.9,311.5,fixation
11:38:42.1566,899.7,312.0,fixation
11:38:42.1571,899.3,312.0,fixation
11:38:42.1576,899.1,311.1,fixation
11:38:42.1581,899.2,309.8,fixation
11:38:42.1586,899.4,309.1,fixation
11:38:42.1591,899.4,309.0,fixation
11:38:42.1596,899.7,309.2,fixation
11:38:42.1601,900.0,309.4,fixation
11:38:42.1606,900.3,309.4,fixation
11:38:42.1611,900.4,309.6,fixation
11:38:42.1616,900.5,309.9,fixation
11:38:42.1621,900.5,310.2,fixation
11:38:42.1626,900.5,309.5,fixation
11:38:42.1631,900.6,308.6,fixation
11:38:42.1636,900.6,308.9,fixation
11:38:42.1641,900.5,310.0,fixation
11:38:42.1646,900.3,310.6,fixation
11:38:42.1651,898.9,310.1,fixation
11:38:42.1656,897.6,309.3,fixation
11:38:42.1661,896.8,308.9,fixation
11:38:42.1666,897.3,308.9,fixation
11:38:42.1671,897.8,309.3,fixation
11:38:42.1676,897.9,309.6,fixation
11:38:42.1681,897.8,310.0,fixation
11:38:42.1686,897.5,310.4,fixation
11:38:42.1691,896.8,310.8,fixation
11:38:42.1696,896.2,310.8,fixation
11:38:42.1701,896.2,308.2,fixation
11:38:42.1706,897.0,305.5,fixation
11:38:42.1711,897.4,303.2,fixation
11:38:42.1716,897.7,304.0,fixation
11:38:42.1721,897.8,306.6,fixation
11:38:42.1726,898.2,308.9,fixation
11:38:42.1731,898.6,310.6,fixation
11:38:42.1736,898.7,310.2,fixation
11:38:42.1741,898.8,309.8,fixation
11:38:42.1746,899.3,310.3,fixation
11:38:42.1751,899.8,310.9,fixation
11:38:42.1756,900.2,311.5,fixation
11:38:42.1761,899.6,311.3,fixation
11:38:42.1766,898.8,311.1,fixation
11:38:42.1771,897.9,310.7,fixation
11:38:42.1776,897.6,310.4,fixation
11:38:42.1781,897.6,310.2,fixation
11:38:42.1786,897.4,311.7,fixation
11:38:42.1791,897.3,313.1,fixation
11:38:42.1796,897.3,313.7,fixation
11:38:42.1801,897.6,312.5,fixation
11:38:42.1806,899.0,311.2,fixation
11:38:42.1811,900.3,311.4,fixation
11:38:42.1816,899.8,312.1,fixation
11:38:42.1821,898.1,312.8,fixation
11:38:42.1826,896.5,312.9,fixation
11:38:42.1831,896.7,313.3,fixation
11:38:42.1836,895.8,313.6,fixation
11:38:42.1841,895.0,312.2,fixation
11:38:42.1846,895.7,310.4,fixation
11:38:42.1851,897.3,309.0,fixation
11:38:42.1856,898.3,309.8,fixation
11:38:42.1861,897.8,310.6,fixation
11:38:42.1866,897.4,311.1,fixation
11:38:42.1871,897.4,311.2,fixation
11:38:42.1876,897.5,311.2,fixation
11:38:42.1881,897.4,312.0,fixation
11:38:42.1886,897.4,313.3,fixation
11:38:42.1891,897.4,314.6,fixation
11:38:42.1896,897.1,311.6,fixation
11:38:42.1901,897.0,308.0,fixation
11:38:42.1906,896.9,305.9,fixation
11:38:42.1911,896.8,307.6,fixation
11:38:42.1916,896.6,309.2,fixation
11:38:42.1921,897.2,309.4,fixation
11:38:42.1926,898.3,309.6,fixation
11:38:42.1931,899.5,309.9,fixation
11:38:42.1936,899.5,310.3,fixation
11:38:42.1941,899.3,310.8,fixation
11:38:42.1946,899.1,311.3,fixation
11:38:42.1951,899.0,311.6,fixation
11:38:42.1956,898.2,311.2,fixation
11:38:42.1961,897.5,310.7,fixation
11:38:42.1966,896.8,309.9,fixation
11:38:42.1971,897.0,309.3,fixation
11:38:42.1976,897.4,308.9,fixation
11:38:42.1981,897.7,309.0,fixation
11:38:42.1986,897.7,309.4,fixation
11:38:42.1991,897.9,309.4,fixation
11:38:42.1996,898.0,309.8,fixation
11:38:42.2001,898.1,310.5,fixation
11:38:42.2006,897.8,310.7,fixation
11:38:42.2011,897.7,310.5,fixation
11:38:42.2016,897.3,310.0,fixation
11:38:42.2021,897.0,310.0,fixation
11:38:42.2026,896.9,310.0,fixation
11:38:42.2031,897.1,310.1,fixation
11:38:42.2036,897.7,310.2,fixation
11:38:42.2041,898.3,310.5,fixation
11:38:42.2046,898.7,311.0,fixation
11:38:42.2051,898.7,311.4,fixation
11:38:42.2056,898.7,311.3,fixation
11:38:42.2061,898.4,310.9,fixation
11:38:42.2066,898.0,311.0,fixation
11:38:42.2071,897.6,311.4,fixation
11:38:42.2076,897.5,310.7,fixation
11:38:42.2081,897.9,309.5,fixation
11:38:42.2086,898.2,308.2,fixation
11:38:42.2091,898.4,307.6,fixation
11:38:42.2096,898.3,307.2,fixation
11:38:42.2101,898.3,306.9,fixation
11:38:42.2106,898.4,307.3,fixation
11:38:42.2111,898.5,308.1,fixation
11:38:42.2116,897.2,308.6,fixation
11:38:42.2121,895.6,308.8,fixation
11:38:42.2126,894.1,308.5,fixation
11:38:42.2131,893.9,308.6,fixation
11:38:42.2136,894.0,308.8,fixation
11:38:42.2141,894.1,309.1,fixation
11:38:42.2146,895.9,309.2,fixation
11:38:42.2151,897.7,309.3,fixation
11:38:42.2156,898.8,309.5,fixation
11:38:42.2161,898.0,309.7,fixation
11:38:42.2166,896.8,311.1,fixation
11:38:42.2171,896.4,312.5,fixation
11:38:42.2176,896.3,313.5,fixation
11:38:42.2181,896.7,313.0,fixation
11:38:42.2186,896.9,312.4,fixation
11:38:42.2191,896.8,312.0,fixation
11:38:42.2196,895.5,312.1,fixation
11:38:42.2201,894.3,312.3,fixation
11:38:42.2206,893.5,311.9,fixation
11:38:42.2211,893.8,311.6,fixation
11:38:42.2216,894.3,311.6,fixation
11:38:42.2221,894.7,313.4,fixation
11:38:42.2226,894.4,314.9,fixation
11:38:42.2231,893.8,316.0,fixation
11:38:42.2236,893.6,315.9,fixation
11:38:42.2241,893.8,315.5,fixation
11:38:42.2246,894.1,315.2,fixation
11:38:42.2251,894.0,315.0,fixation
11:38:42.2256,894.1,314.9,fixation
11:38:42.2261,894.0,314.7,fixation
11:38:42.2266,893.7,313.9,fixation
11:38:42.2271,893.4,313.1,fixation
11:38:42.2276,893.1,312.5,fixation
11:38:42.2281,893.0,312.6,fixation
11:38:42.2286,892.8,312.7,fixation
11:38:42.2291,892.7,312.7,fixation
11:38:42.2296,892.8,312.5,fixation
11:38:42.2301,892.9,312.4,fixation
11:38:42.2306,892.7,312.5,fixation
11:38:42.2311,892.7,312.3,fixation
11:38:42.2316,892.7,311.9,fixation
11:38:42.2321,892.3,311.7,fixation
11:38:42.2326,891.6,311.9,fixation
11:38:42.2331,891.0,313.7,fixation
11:38:42.2336,891.4,315.4,fixation
11:38:42.2341,891.9,316.0,fixation
11:38:42.2346,892.4,315.3,fixation
11:38:42.2351,891.9,314.5,fixation
11:38:42.2356,891.3,313.4,fixation
11:38:42.2361,890.8,312.1,fixation
11:38:42.2366,891.1,310.8,fixation
11:38:42.2371,891.2,310.9,fixation
11:38:42.2376,891.9,311.3,fixation
11:38:42.2381,893.0,311.7,fixation
11:38:42.2386,894.1,312.6,fixation
11:38:42.2391,894.4,313.1,fixation
11:38:42.2396,893.8,312.4,fixation
11:38:42.2401,892.5,311.1,fixation
11:38:42.2406,891.3,309.9,fixation
11:38:42.2411,890.7,309.0,fixation
11:38:42.2416,890.9,308.1,fixation
11:38:42.2421,891.1,308.1,fixation
11:38:42.2426,891.0,309.2,fixation
11:38:42.2431,890.8,310.2,fixation
11:38:42.2436,890.7,309.3,fixation
11:38:42.2441,890.7,308.1,fixation
11:38:42.2446,891.2,306.8,fixation
11:38:42.2451,891.6,306.7,fixation
11:38:42.2456,892.5,306.7,fixation
11:38:42.2461,892.9,307.5,fixation
11:38:42.2466,892.8,308.6,fixation
11:38:42.2471,892.3,308.7,fixation
11:38:42.2476,891.5,308.4,fixation
11:38:42.2481,891.1,308.3,fixation
11:38:42.2486,890.7,309.2,fixation
11:38:42.2491,890.3,309.4,fixation
11:38:42.2496,890.0,309.1,fixation
11:38:42.2501,889.7,308.8,fixation
11:38:42.2506,888.9,308.7,fixation
11:38:42.2511,888.1,308.7,fixation
11:38:42.2516,888.2,310.2,fixation
11:38:42.2521,889.9,311.6,fixation
11:38:42.2526,891.7,312.0,fixation
11:38:42.2531,892.8,311.2,fixation
11:38:42.2536,893.0,310.5,fixation
11:38:42.2541,893.1,310.5,fixation
11:38:42.2546,892.7,310.6,fixation
11:38:42.2551,891.2,311.0,fixation
11:38:42.2556,889.9,311.4,fixation
11:38:42.2561,889.3,311.7,fixation
11:38:42.2566,890.4,311.8,fixation
11:38:42.2571,891.6,310.1,fixation
11:38:42.2576,892.1,308.4,fixation
11:38:42.2581,892.3,306.9,fixation
11:38:42.2586,892.6,307.1,fixation
11:38:42.2591,893.0,307.6,fixation
11:38:42.2596,893.6,308.2,fixation
11:38:42.2601,894.3,308.2,fixation
11:38:42.2606,895.5,307.3,fixation
11:38:42.2611,896.5,306.4,fixation
11:38:42.2616,897.1,306.5,fixation
11:38:42.2621,897.1,307.3,fixation
11:38:42.2626,897.1,308.4,fixation
11:38:42.2631,897.1,309.2,fixation
11:38:42.2636,897.1,310.6,fixation
11:38:42.2641,897.2,311.3,fixation
11:38:42.2646,897.3,311.0,fixation
11:38:42.2651,897.5,310.2,fixation
11:38:42.2656,897.4,309.5,fixation
11:38:42.2661,897.0,309.7,fixation
11:38:42.2666,895.1,308.4,fixation
11:38:42.2671,893.4,307.1,fixation
11:38:42.2676,893.6,305.6,fixation
11:38:42.2681,895.2,305.5,fixation
11:38:42.2686,896.7,305.6,fixation
11:38:42.2691,896.7,305.1,fixation
11:38:42.2696,896.6,304.5,fixation
11:38:42.2701,897.3,304.7,fixation
11:38:42.2706,898.1,305.7,fixation
11:38:42.2711,898.2,307.1,fixation
11:38:42.2716,897.0,307.5,fixation
11:38:42.2721,895.8,307.8,fixation
11:38:42.2726,895.2,307.5,fixation
11:38:42.2731,895.2,307.2,fixation
11:38:42.2736,895.2,307.0,fixation
11:38:42.2741,895.2,306.9,fixation
11:38:42.2746,896.3,306.3,fixation
11:38:42.2751,898.0,305.7,fixation
11:38:42.2756,899.7,305.0,fixation
11:38:42.2761,900.1,303.5,fixation
11:38:42.2766,899.9,302.0,fixation
11:38:42.2771,899.5,301.8,fixation
11:38:42.2776,899.0,303.1,fixation
11:38:42.2781,898.3,304.5,fixation
11:38:42.2786,897.7,305.1,fixation
11:38:42.2791,897.2,305.6,fixation
11:38:42.2796,897.0,306.2,fixation
11:38:42.2801,896.9,306.2,fixation
11:38:42.2806,896.7,306.0,fixation
11:38:42.2811,898.2,305.8,fixation
11:38:42.2816,899.9,305.6,fixation
11:38:42.2821,901.3,307.2,fixation
11:38:42.2826,900.9,308.7,fixation
11:38:42.2831,899.5,310.2,fixation
11:38:42.2836,898.3,309.9,fixation
11:38:42.2841,896.6,309.3,fixation
11:38:42.2846,896.1,307.7,fixation
11:38:42.2851,896.2,306.5,fixation
11:38:42.2856,897.0,305.4,fixation
11:38:42.2861,897.3,305.2,fixation
11:38:42.2866,898.2,305.1,fixation
11:38:42.2871,899.0,305.1,fixation
11:38:42.2876,899.8,305.0,fixation
11:38:42.2881,898.7,305.5,fixation
11:38:42.2886,897.6,306.1,fixation
11:38:42.2891,896.4,306.6,fixation
11:38:42.2896,896.4,306.5,fixation
11:38:42.2901,896.3,306.8,fixation
11:38:42.2906,896.4,307.1,fixation
11:38:42.2911,897.2,307.4,fixation
11:38:42.2916,898.1,307.1,fixation
11:38:42.2921,898.5,306.9,fixation
11:38:42.2926,898.4,306.8,fixation
11:38:42.2931,898.5,308.8,fixation
11:38:42.2936,899.1,310.7,fixation
11:38:42.2941,899.5,311.4,fixation
11:38:42.2946,898.0,310.4,fixation
11:38:42.2951,896.5,309.2,fixation
11:38:42.2956,896.3,309.1,fixation
11:38:42.2961,897.7,309.5,fixation
11:38:42.2966,899.0,309.9,fixation
11:38:42.2971,898.9,309.7,fixation
11:38:42.2976,898.8,309.0,fixation
11:38:42.2981,898.8,308.6,fixation
11:38:42.2986,897.6,309.0,fixation
11:38:42.2991,896.4,309.5,fixation
11:38:42.2996,895.2,309.0,fixation
11:38:42.3001,895.3,308.1,fixation
11:38:42.3006,896.9,307.3,fixation
11:38:42.3011,898.5,306.8,fixation
11:38:42.3016,900.0,306.5,fixation
11:38:42.3021,899.9,307.0,fixation
11:38:42.3026,896.2,307.5,saccade
11:38:42.3031,894.2,306.0,saccade
11:38:42.3036,896.3,304.5,saccade
11:38:42.3041,898.6,304.0,saccade
11:38:42.3046,900.7,303.6,saccade
11:38:42.3051,900.1,303.0,saccade
11:38:42.3056,902.1,303.2,saccade
11:38:42.3061,904.3,303.6,saccade
11:38:42.3066,906.7,302.2,saccade
11:38:42.3071,908.0,300.5,saccade
11:38:42.3076,909.8,298.3,saccade
11:38:42.3081,912.0,297.9,saccade
11:38:42.3086,913.5,298.2,saccade
11:38:42.3091,914.5,299.0,saccade
11:38:42.3096,916.4,299.8,saccade
11:38:42.3101,918.4,299.7,saccade
11:38:42.3106,920.3,299.4,saccade
11:38:42.3111,921.9,298.9,saccade
11:38:42.3116,923.4,298.6,saccade
11:38:42.3121,924.8,298.3,saccade
11:38:42.3126,925.2,297.3,saccade
11:38:42.3131,925.7,296.1,saccade
11:38:42.3136,926.2,295.0,saccade
11:38:42.3141,927.3,294.4,fixation
11:38:42.3146,927.2,295.0,fixation
11:38:42.3151,927.0,295.8,fixation
11:38:42.3156,926.8,296.7,fixation
11:38:42.3161,926.2,295.8,fixation
11:38:42.3166,925.3,294.9,fixation
11:38:42.3171,924.3,293.6,fixation
11:38:42.3176,923.9,293.4,fixation
11:38:42.3181,923.0,294.1,fixation
11:38:42.3186,922.4,295.2,fixation
11:38:42.3191,921.7,296.9,fixation
11:38:42.3196,921.4,297.7,fixation
11:38:42.3201,921.7,298.4,fixation
11:38:42.3206,922.8,300.1,fixation
11:38:42.3211,923.9,301.9,fixation
11:38:42.3216,923.6,302.0,fixation
11:38:42.3221,922.7,300.4,fixation
11:38:42.3226,921.9,298.9,fixation
11:38:42.3231,921.9,299.0,fixation
11:38:42.3236,922.5,298.8,fixation
11:38:42.3241,923.2,298.6,fixation
11:38:42.3246,924.2,298.5,fixation
11:38:42.3251,924.6,298.7,fixation
11:38:42.3256,925.1,297.4,fixation
11:38:42.3261,924.9,295.8,fixation
11:38:42.3266,924.7,294.2,fixation
11:38:42.3271,924.4,294.1,fixation
11:38:42.3276,924.6,294.2,fixation
11:38:42.3281,924.7,294.5,fixation
11:38:42.3286,924.8,295.0,fixation
11:38:42.3291,926.1,296.8,fixation
11:38:42.3296,927.5,298.4,fixation
11:38:42.3301,928.1,298.1,fixation
11:38:42.3306,926.2,296.3,fixation
11:38:42.3311,924.3,294.6,fixation
11:38:42.3316,923.3,294.7,fixation
11:38:42.3321,923.5,294.9,fixation
11:38:42.3326,923.9,295.4,fixation
11:38:42.3331,924.3,295.7,fixation
11:38:42.3336,924.1,296.0,fixation
11:38:42.3341,923.7,296.0,fixation
11:38:42.3346,923.9,295.1,fixation
11:38:42.3351,924.4,294.2,fixation
11:38:42.3356,924.8,293.5,fixation
11:38:42.3361,924.6,294.0,fixation
11:38:42.3366,924.3,294.5,fixation
11:38:42.3371,923.3,294.7,fixation
11:38:42.3376,922.2,296.8,fixation
11:38:42.3381,921.3,298.9,fixation
11:38:42.3386,921.8,300.7,fixation
11:38:42.3391,923.0,300.0,fixation
11:38:42.3396,924.3,298.3,fixation
11:38:42.3401,925.3,296.9,fixation
11:38:42.3406,925.3,298.1,fixation
11:38:42.3411,924.4,300.2,fixation
11:38:42.3416,923.3,301.8,fixation
11:38:42.3421,922.3,300.8,fixation
11:38:42.3426,921.8,299.9,fixation
11:38:42.3431,921.5,299.6,fixation
11:38:42.3436,921.6,299.6,fixation
11:38:42.3441,922.5,299.4,fixation
11:38:42.3446,923.4,300.0,fixation
11:38:42.3451,924.2,300.7,fixation
11:38:42.3456,924.3,298.8,fixation
11:38:42.3461,924.4,296.2,fixation
11:38:42.3466,924.8,293.7,fixation
11:38:42.3471,925.5,293.9,fixation
11:38:42.3476,926.4,294.4,fixation
11:38:42.3481,926.9,294.8,fixation
11:38:42.3486,925.7,294.9,fixation
11:38:42.3491,924.3,294.9,fixation
11:38:42.3496,922.9,295.0,fixation
11:38:42.3501,922.8,295.3,fixation
11:38:42.3506,923.4,295.6,fixation
11:38:42.3511,924.0,295.9,fixation
11:38:42.3516,924.4,297.4,fixation
11:38:42.3521,924.0,298.8,fixation
11:38:42.3526,923.9,299.9,fixation
11:38:42.3531,924.1,299.2,fixation
11:38:42.3536,924.1,298.6,fixation
11:38:42.3541,923.8,298.4,fixation
11:38:42.3546,924.1,297.0,fixation
11:38:42.3551,924.9,295.3,fixation
11:38:42.3556,925.0,293.4,fixation
11:38:42.3561,924.4,293.1,fixation
11:38:42.3566,923.6,295.2,fixation
11:38:42.3571,923.6,297.5,fixation
11:38:42.3576,924.1,298.6,fixation
11:38:42.3581,924.7,297.4,fixation
11:38:42.3586,925.2,296.2,fixation
11:38:42.3591,925.1,296.1,fixation
11:38:42.3596,924.4,296.4,fixation
11:38:42.3601,923.7,297.1,fixation
11:38:42.3606,923.6,297.8,fixation
11:38:42.3611,924.2,298.2,fixation
11:38:42.3616,924.8,298.1,fixation
11:38:42.3621,925.0,298.1,fixation
11:38:42.3626,925.5,297.7,fixation
11:38:42.3631,925.9,297.4,fixation
11:38:42.3636,926.5,296.4,fixation
11:38:42.3641,926.8,295.1,fixation
11:38:42.3646,927.2,293.9,fixation
11:38:42.3651,927.3,293.2,fixation
11:38:42.3656,927.2,293.2,fixation
11:38:42.3661,927.1,294.2,fixation
11:38:42.3666,927.1,295.4,fixation
11:38:42.3671,927.2,296.6,fixation
11:38:42.3676,927.4,296.9,fixation
11:38:42.3681,927.4,297.3,fixation
11:38:42.3686,927.4,297.6,fixation
11:38:42.3691,927.2,298.2,fixation
11:38:42.3696,927.0,298.5,fixation
11:38:42.3701,927.0,299.9,fixation
11:38:42.3706,927.2,301.2,fixation
11:38:42.3711,927.4,301.5,fixation
11:38:42.3716,928.4,300.0,fixation
11:38:42.3721,929.4,298.4,fixation
11:38:42.3726,929.8,298.5,fixation
11:38:42.3731,929.0,299.2,fixation
11:38:42.3736,927.9,299.3,fixation
11:38:42.3741,927.2,298.5,fixation
11:38:42.3746,926.9,297.7,fixation
11:38:42.3751,926.5,297.0,fixation
11:38:42.3756,926.1,296.6,fixation
11:38:42.3761,925.4,297.1,fixation
11:38:42.3766,924.9,297.8,fixation
11:38:42.3771,924.3,298.3,fixation
11:38:42.3776,923.9,298.8,fixation
11:38:42.3781,924.2,299.5,fixation
11:38:42.3786,925.0,300.0,fixation
11:38:42.3791,925.9,299.2,fixation
11:38:42.3796,926.3,297.7,fixation
11:38:42.3801,926.4,296.3,fixation
11:38:42.3806,926.5,295.3,fixation
11:38:42.3811,926.5,294.6,fixation
11:38:42.3816,926.5,294.5,fixation
11:38:42.3821,926.6,294.7,fixation
11:38:42.3826,926.8,294.7,fixation
11:38:42.3831,926.9,294.4,fixation
11:38:42.3836,927.4,295.4,fixation
11:38:42.3841,927.9,296.8,fixation
11:38:42.3846,928.3,298.0,fixation
11:38:42.3851,928.4,297.9,fixation
11:38:42.3856,929.6,297.8,fixation
11:38:42.3861,930.8,297.8,fixation
11:38:42.3866,931.7,297.8,fixation
11:38:42.3871,931.0,297.5,fixation
11:38:42.3876,930.3,297.1,fixation
11:38:42.3881,930.0,298.4,fixation
11:38:42.3886,930.0,300.0,fixation
11:38:42.3891,929.9,301.5,fixation
11:38:42.3896,929.9,301.4,fixation
11:38:42.3901,929.8,301.3,fixation
11:38:42.3906,930.5,300.6,fixation
11:38:42.3911,931.1,299.8,fixation
11:38:42.3916,931.7,299.1,fixation
11:38:42.3921,931.5,299.1,fixation
11:38:42.3926,931.5,299.2,fixation
11:38:42.3931,931.6,299.3,fixation
11:38:42.3936,931.7,299.3,fixation
11:38:42.3941,931.8,299.2,fixation
11:38:42.3946,931.9,298.9,fixation
11:38:42.3951,932.1,298.8,fixation
11:38:42.3956,932.9,298.7,fixation
11:38:42.3961,933.5,298.9,fixation
11:38:42.3966,933.9,299.1,fixation
11:38:42.3971,933.6,299.2,fixation
11:38:42.3976,933.1,299.0,fixation
11:38:42.3981,932.3,298.5,fixation
11:38:42.3986,931.4,298.1,fixation
11:38:42.3991,930.5,297.5,fixation
11:38:42.3996,930.1,297.2,fixation
11:38:42.4001,930.6,298.9,fixation
11:38:42.4006,931.3,300.8,fixation
11:38:42.4011,931.9,303.3,fixation
11:38:42.4016,931.5,304.2,fixation
11:38:42.4021,931.2,305.1,fixation
11:38:42.4026,931.3,304.9,fixation
11:38:42.4031,931.4,303.9,fixation
11:38:42.4036,931.7,302.6,fixation
11:38:42.4041,931.5,301.8,fixation
11:38:42.4046,931.2,301.5,fixation
11:38:42.4051,931.5,300.9,fixation
11:38:42.4056,931.6,300.1,fixation
11:38:42.4061,931.9,299.4,fixation
11:38:42.4066,931.8,300.1,fixation
11:38:42.4071,932.6,301.0,fixation
11:38:42.4076,933.6,300.1,fixation
11:38:42.4081,934.4,298.3,fixation
11:38:42.4086,933.8,297.2,fixation
11:38:42.4091,932.6,299.0,fixation
11:38:42.4096,933.0,300.4,fixation
11:38:42.4101,934.6,300.7,fixation
11:38:42.4106,936.1,299.9,fixation
11:38:42.4111,935.9,298.9,fixation
11:38:42.4116,935.9,298.2,fixation
11:38:42.4121,936.1,297.5,fixation
11:38:42.4126,936.1,297.4,fixation
11:38:42.4131,935.8,297.3,fixation
11:38:42.4136,935.4,297.3,fixation
11:38:42.4141,934.1,297.4,fixation
11:38:42.4146,933.0,297.3,fixation
11:38:42.4151,932.2,296.9,fixation
11:38:42.4156,932.4,296.8,fixation
11:38:42.4161,932.5,296.8,fixation
11:38:42.4166,932.3,298.3,fixation
11:38:42.4171,932.0,299.6,fixation
11:38:42.4176,932.4,298.6,fixation
11:38:42.4181,932.8,296.3,fixation
11:38:42.4186,932.9,293.7,fixation
11:38:42.4191,932.7,293.4,fixation
11:38:42.4196,932.5,293.2,fixation
11:38:42.4201,933.8,293.5,fixation
11:38:42.4206,935.1,293.8,fixation
11:38:42.4211,936.3,294.0,fixation
11:38:42.4216,936.0,294.2,fixation
11:38:42.4221,935.8,295.6,fixation
11:38:42.4226,935.2,297.1,fixation
11:38:42.4231,934.7,298.3,fixation
11:38:42.4236,934.2,297.9,fixation
11:38:42.4241,934.1,297.8,fixation
11:38:42.4246,934.0,297.9,fixation
11:38:42.4251,934.0,298.2,fixation
11:38:42.4256,934.0,298.1,fixation
11:38:42.4261,934.1,296.7,fixation
11:38:42.4266,934.8,295.6,fixation
11:38:42.4271,935.5,294.5,fixation
11:38:42.4276,936.4,294.9,fixation
11:38:42.4281,936.5,294.8,fixation
11:38:42.4286,936.7,294.7,fixation
11:38:42.4291,936.5,294.9,fixation
11:38:42.4296,935.9,295.3,fixation
11:38:42.4301,934.9,295.8,fixation
11:38:42.4306,934.1,296.1,fixation
11:38:42.4311,933.7,296.2,fixation
11:38:42.4316,933.6,296.0,fixation
11:38:42.4321,933.1,295.8,fixation
11:38:42.4326,932.5,296.2,fixation
11:38:42.4331,932.0,297.6,fixation
11:38:42.4336,932.1,299.1,fixation
11:38:42.4341,931.8,299.6,fixation
11:38:42.4346,931.5,299.1,fixation
11:38:42.4351,932.4,299.5,fixation
11:38:42.4356,933.6,300.3,fixation
11:38:42.4361,934.8,300.7,fixation
11:38:42.4366,934.8,299.9,fixation
11:38:42.4371,934.6,298.3,fixation
11:38:42.4376,934.5,296.8,fixation
11:38:42.4381,934.4,295.6,fixation
11:38:42.4386,934.3,296.4,fixation
11:38:42.4391,934.2,297.8,fixation
11:38:42.4396,934.4,299.8,fixation
11:38:42.4401,934.7,300.5,fixation
11:38:42.4406,934.3,299.3,fixation
11:38:42.4411,933.5,297.4,fixation
11:38:42.4416,932.3,295.7,fixation
11:38:42.4421,931.9,296.2,fixation
11:38:42.4426,931.5,296.7,fixation
11:38:42.4431,931.4,297.0,fixation
11:38:42.4436,932.1,296.7,fixation
11:38:42.4441,932.8,296.4,fixation
11:38:42.4446,933.6,297.5,fixation
11:38:42.4451,933.7,298.9,fixation
11:38:42.4456,933.8,300.4,fixation
11:38:42.4461,933.8,300.0,fixation
11:38:42.4466,933.9,299.7,fixation
11:38:42.4471,934.0,299.2,fixation
11:38:42.4476,934.1,299.1,fixation
11:38:42.4481,934.0,299.1,fixation
11:38:42.4486,933.9,299.4,fixation
11:38:42.4491,933.7,301.1,fixation
11:38:42.4496,932.5,302.7,fixation
11:38:42.4501,931.4,304.3,fixation
11:38:42.4506,931.5,304.4,fixation
11:38:42.4511,932.9,302.5,fixation
11:38:42.4516,934.2,300.6,fixation
11:38:42.4521,934.4,299.2,fixation
11:38:42.4526,934.0,299.8,fixation
11:38:42.4531,933.7,300.3,fixation
11:38:42.4536,933.4,299.6,fixation
11:38:42.4541,933.3,299.4,fixation
11:38:42.4546,932.9,299.6,fixation
11:38:42.4551,932.5,299.9,fixation
11:38:42.4556,932.6,299.9,fixation
11:38:42.4561,932.9,299.4,fixation
11:38:42.4566,933.0,300.0,fixation
11:38:42.4571,932.7,301.3,fixation
11:38:42.4576,932.3,302.6,fixation
11:38:42.4581,932.0,303.4,fixation
11:38:42.4586,930.9,301.6,fixation
11:38:42.4591,930.0,299.8,fixation
11:38:42.4596,929.3,298.2,fixation
11:38:42.4601,930.4,298.3,fixation
11:38:42.4606,931.3,298.0,fixation
11:38:42.4611,932.2,296.8,fixation
11:38:42.4616,932.0,295.6,fixation
11:38:42.4621,931.6,295.0,fixation
11:38:42.4626,931.2,295.2,fixation
11:38:42.4631,931.0,295.6,fixation
11:38:42.4636,931.0,296.6,fixation
11:38:42.4641,932.0,297.3,fixation
11:38:42.4646,933.1,297.9,fixation
11:38:42.4651,934.2,297.8,fixation
11:38:42.4656,933.2,296.9,fixation
11:38:42.4661,932.3,296.0,fixation
11:38:42.4666,932.3,294.5,fixation
11:38:42.4671,933.4,293.3,fixation
11:38:42.4676,932.5,292.0,fixation
11:38:42.4681,930.5,292.9,fixation
11:38:42.4686,929.2,294.4,fixation
11:38:42.4691,931.3,296.3,fixation
11:38:42.4696,933.5,296.7,fixation
11:38:42.4701,933.6,296.5,fixation
11:38:42.4706,932.3,294.5,fixation
11:38:42.4711,930.8,292.4,fixation
11:38:42.4716,930.6,293.0,fixation
11:38:42.4721,929.8,294.9,fixation
11:38:42.4726,929.1,294.6,fixation
11:38:42.4731,928.4,292.3,fixation
11:38:42.4736,929.3,290.8,fixation
11:38:42.4741,930.9,291.5,fixation
11:38:42.4746,932.5,292.3,fixation
11:38:42.4751,932.9,293.3,fixation
11:38:42.4756,932.9,294.3,fixation
11:38:42.4761,932.9,295.3,fixation
11:38:42.4766,932.8,294.9,fixation
11:38:42.4771,932.8,294.1,fixation
11:38:42.4776,933.0,292.7,fixation
11:38:42.4781,932.6,291.6,fixation
11:38:42.4786,932.0,291.2,fixation
11:38:42.4791,931.0,291.9,fixation
11:38:42.4796,930.4,294.3,fixation
11:38:42.4801,929.5,296.4,fixation
11:38:42.4806,929.1,295.7,fixation
11:38:42.4811,929.0,293.5,fixation
11:38:42.4816,929.5,291.2,fixation
11:38:42.4821,930.1,291.2,fixation
11:38:42.4826,930.8,292.4,fixation
11:38:42.4831,931.2,293.7,fixation
11:38:42.4836,931.6,295.0,fixation
11:38:42.4841,933.8,295.5,fixation
11:38:42.4846,936.0,296.0,fixation
11:38:42.4851,938.0,296.6,fixation
11:38:42.4856,936.6,297.0,fixation
11:38:42.4861,935.2,297.3,fixation
11:38:42.4866,933.7,297.5,fixation
11:38:42.4871,933.1,297.5,fixation
11:38:42.4876,932.5,295.9,fixation
11:38:42.4881,932.2,294.7,fixation
11:38:42.4886,932.1,293.5,fixation
11:38:42.4891,932.0,293.8,fixation
11:38:42.4896,932.1,293.9,fixation
11:38:42.4901,932.2,294.1,fixation
11:38:42.4906,932.4,294.3,fixation
11:38:42.4911,933.3,295.0,fixation
11:38:42.4916,934.2,295.5,fixation
11:38:42.4921,934.9,296.1,fixation
11:38:42.4926,934.2,296.2,fixation
11:38:42.4931,933.7,295.6,fixation
11:38:42.4936,933.9,295.0,fixation
11:38:42.4941,934.4,294.4,fixation
11:38:42.4946,934.9,294.5,fixation
11:38:42.4951,934.1,294.6,fixation
11:38:42.4956,932.9,295.0,fixation
11:38:42.4961,932.1,295.4,fixation
11:38:42.4966,932.2,295.7,fixation
11:38:42.4971,932.9,297.4,fixation
11:38:42.4976,933.3,299.7,fixation
11:38:42.4981,933.5,302.1,fixation
11:38:42.4986,933.4,302.5,fixation
11:38:42.4991,933.2,302.2,fixation
11:38:42.4996,932.9,301.8,fixation
11:38:42.5001,932.8,299.5,fixation
11:38:42.5006,932.9,297.2,fixation
11:38:42.5011,932.9,295.2,fixation
11:38:42.5016,933.1,295.6,fixation
11:38:42.5021,933.2,298.1,fixation
11:38:42.5026,933.3,300.4,fixation
11:38:42.5031,934.4,299.6,fixation
11:38:42.5036,935.6,296.6,fixation
11:38:42.5041,936.9,293.6,fixation
11:38:42.5046,936.3,295.6,fixation
11:38:42.5051,935.7,297.5,fixation
11:38:42.5056,935.3,299.5,fixation
11:38:42.5061,935.8,299.5,fixation
11:38:42.5066,936.4,297.9,fixation
11:38:42.5071,935.7,296.3,fixation
11:38:42.5076,934.8,295.3,fixation
11:38:42.5081,934.7,295.9,fixation
11:38:42.5086,935.3,298.2,fixation
11:38:42.5091,935.0,299.8,fixation
11:38:42.5096,934.0,300.5,fixation
11:38:42.5101,933.3,299.5,fixation
11:38:42.5106,933.8,298.7,fixation
11:38:42.5111,934.3,299.1,fixation
11:38:42.5116,933.9,299.4,fixation
11:38:42.5121,933.4,298.6,fixation
11:38:42.5126,933.9,297.5,fixation
11:38:42.5131,935.3,296.5,fixation
11:38:42.5136,936.6,295.9,fixation
11:38:42.5141,936.8,295.5,fixation
11:38:42.5146,935.7,295.3,fixation
11:38:42.5151,934.5,296.2,fixation
11:38:42.5156,933.5,297.2,fixation
11:38:42.5161,933.6,299.5,fixation
11:38:42.5166,933.6,301.5,fixation
11:38:42.5171,933.5,301.7,fixation
11:38:42.5176,934.4,300.2,fixation
11:38:42.5181,935.6,298.4,fixation
11:38:42.5186,936.8,298.0,fixation
11:38:42.5191,936.9,297.7,fixation
11:38:42.5196,936.7,297.6,fixation
11:38:42.5201,936.3,297.1,fixation
11:38:42.5206,935.9,296.5,fixation
11:38:42.5211,935.9,296.2,fixation
11:38:42.5216,936.1,296.6,fixation
11:38:42.5221,936.6,296.7,fixation
11:38:42.5226,937.6,296.3,fixation
11:38:42.5231,938.2,295.5,fixation
11:38:42.5236,938.4,295.2,fixation
11:38:42.5241,938.0,296.0,fixation
11:38:42.5246,937.7,296.9,fixation
11:38:42.5251,937.5,297.8,fixation
11:38:42.5256,938.2,298.4,fixation
11:38:42.5261,938.6,299.1,fixation
11:38:42.5266,938.9,300.1,fixation
11:38:42.5271,938.5,300.5,fixation
11:38:42.5276,938.5,300.2,fixation
11:38:42.5281,938.7,299.6,fixation
11:38:42.5286,939.4,298.7,fixation
11:38:42.5291,940.0,298.1,fixation
11:38:42.5296,940.4,297.5,fixation
11:38:42.5301,940.0,297.4,fixation
11:38:42.5306,938.1,297.5,fixation
11:38:42.5311,936.4,297.6,fixation
11:38:42.5316,936.1,297.7,fixation
11:38:42.5321,937.2,297.9,fixation
11:38:42.5326,937.7,297.4,fixation
11:38:42.5331,937.1,296.8,fixation
11:38:42.5336,936.7,297.0,fixation
11:38:42.5341,936.9,297.7,fixation
11:38:42.5346,937.0,298.5,fixation
11:38:42.5351,936.7,299.0,fixation
11:38:42.5356,936.1,299.6,fixation
11:38:42.5361,935.7,299.4,fixation
11:38:42.5366,935.4,297.7,fixation
11:38:42.5371,935.7,296.1,fixation
11:38:42.5376,935.8,295.6,fixation
11:38:42.5381,935.8,296.4,fixation
11:38:42.5386,935.7,297.1,fixation
11:38:42.5391,935.6,297.3,fixation
11:38:42.5396,935.8,297.3,fixation
11:38:42.5401,935.9,298.2,fixation
11:38:42.5406,935.4,299.1,fixation
11:38:42.5411,934.7,299.9,fixation
11:38:42.5416,934.0,299.8,fixation
11:38:42.5421,933.9,299.2,fixation
11:38:42.5426,933.5,299.4,fixation
11:38:42.5431,932.6,299.5,fixation
11:38:42.5436,931.6,299.2,fixation
11:38:42.5441,930.8,297.2,fixation
11:38:42.5446,931.3,295.3,fixation
11:38:42.5451,932.0,295.1,fixation
11:38:42.5456,932.7,296.5,fixation
11:38:42.5461,932.7,297.3,fixation
11:38:42.5466,932.4,297.3,fixation
11:38:42.5471,932.3,296.4,fixation
11:38:42.5476,932.2,296.2,fixation
11:38:42.5481,932.4,296.0,fixation
11:38:42.5486,931.6,296.2,fixation
11:38:42.5491,930.8,296.3,fixation
11:38:42.5496,931.1,297.6,fixation
11:38:42.5501,932.3,299.0,fixation
11:38:42.5506,933.2,300.8,fixation
11:38:42.5511,933.0,301.2,fixation
11:38:42.5516,933.7,301.1,fixation
11:38:42.5521,934.8,299.3,fixation
11:38:42.5526,936.0,297.6,fixation
11:38:42.5531,936.2,295.8,fixation
11:38:42.5536,936.5,294.8,fixation
11:38:42.5541,937.5,293.8,fixation
11:38:42.5546,938.4,293.4,fixation
11:38:42.5551,939.4,293.3,fixation
11:38:42.5556,939.4,293.9,fixation
11:38:42.5561,939.3,294.6,fixation
11:38:42.5566,939.1,295.3,fixation
11:38:42.5571,938.9,295.4,fixation
11:38:42.5576,940.3,295.3,fixation
11:38:42.5581,942.1,295.2,fixation
11:38:42.5586,943.9,295.1,fixation
11:38:42.5591,942.7,295.1,fixation
11:38:42.5596,941.5,295.1,fixation
11:38:42.5601,940.3,294.8,fixation
11:38:42.5606,941.4,294.4,fixation
11:38:42.5611,942.0,293.9,fixation
11:38:42.5616,942.2,293.1,fixation
11:38:42.5621,941.8,292.4,fixation
11:38:42.5626,941.7,292.2,fixation
11:38:42.5631,941.3,292.9,fixation
11:38:42.5636,940.1,293.6,fixation
11:38:42.5641,939.0,294.0,fixation
11:38:42.5646,938.4,294.3,fixation
11:38:42.5651,938.3,295.6,fixation
11:38:42.5656,937.4,296.7,fixation
11:38:42.5661,936.4,297.8,fixation
11:38:42.5666,935.5,297.9,fixation
11:38:42.5671,934.9,297.4,fixation
11:38:42.5676,934.3,295.9,fixation
11:38:42.5681,933.5,294.4,fixation
11:38:42.5686,933.2,293.6,fixation
11:38:42.5691,932.1,293.6,fixation
11:38:42.5696,931.1,293.6,fixation
11:38:42.5701,930.0,293.9,fixation
11:38:42.5706,929.5,294.2,fixation
11:38:42.5711,929.0,294.6,fixation
11:38:42.5716,929.7,294.5,fixation
11:38:42.5721,931.0,294.7,fixation
11:38:42.5726,932.4,294.5,fixation
11:38:42.5731,931.6,293.9,fixation
11:38:42.5736,930.6,293.2,fixation
11:38:42.5741,931.0,293.1,fixation
11:38:42.5746,932.6,293.2,fixation
11:38:42.5751,934.1,293.2,fixation
11:38:42.5756,934.9,292.8,fixation
11:38:42.5761,935.8,292.6,fixation
11:38:42.5766,936.8,292.6,fixation
11:38:42.5771,937.2,293.1,fixation
11:38:42.5776,937.3,293.9,fixation
11:38:42.5781,937.4,295.0,fixation
11:38:42.5786,937.5,295.9,fixation
11:38:42.5791,937.8,295.5,fixation
11:38:42.5796,938.6,294.5,fixation
11:38:42.5801,939.6,293.4,fixation
11:38:42.5806,940.5,293.4,fixation
11:38:42.5811,940.9,293.7,fixation
11:38:42.5816,941.7,293.7,fixation
11:38:42.5821,942.5,293.9,fixation
11:38:42.5826,943.4,293.6,fixation
11:38:42.5831,943.1,294.2,fixation
11:38:42.5836,942.1,294.7,fixation
11:38:42.5841,940.7,295.5,fixation
11:38:42.5846,939.7,295.9,fixation
11:38:42.5851,939.5,296.4,fixation
11:38:42.5856,939.7,296.4,fixation
11:38:42.5861,940.0,294.4,fixation
11:38:42.5866,941.4,292.5,fixation
11:38:42.5871,942.6,292.5,fixation
11:38:42.5876,942.7,294.7,fixation
11:38:42.5881,941.4,296.8,fixation
11:38:42.5886,940.4,295.9,fixation
11:38:42.5891,940.5,294.8,fixation
11:38:42.5896,940.2,293.8,fixation
11:38:42.5901,939.4,295.1,fixation
11:38:42.5906,938.8,296.3,fixation
11:38:42.5911,938.7,295.9,fixation
11:38:42.5916,937.6,294.2,fixation
11:38:42.5921,936.2,292.4,fixation
11:38:42.5926,934.7,292.1,fixation
11:38:42.5931,934.3,292.7,fixation
11:38:42.5936,933.7,294.4,fixation
11:38:42.5941,934.3,296.2,fixation
11:38:42.5946,935.4,296.3,fixation
11:38:42.5951,936.0,295.3,fixation
11:38:42.5956,935.6,294.2,fixation
11:38:42.5961,934.8,294.0,fixation
11:38:42.5966,934.5,293.6,fixation
11:38:42.5971,934.9,293.1,fixation
11:38:42.5976,935.6,292.5,fixation
11:38:42.5981,936.2,292.3,fixation
11:38:42.5986,936.1,292.6,fixation
11:38:42.5991,936.0,292.8,fixation
11:38:42.5996,935.9,293.0,fixation
11:38:42.6001,936.6,293.1,fixation
11:38:42.6006,937.2,293.2,fixation
11:38:42.6011,937.8,293.0,fixation
11:38:42.6016,937.8,292.3,fixation
11:38:42.6021,937.5,291.4,fixation
11:38:42.6026,937.1,291.5,fixation
11:38:42.6031,936.6,292.4,fixation
11:38:42.6036,936.7,293.6,fixation
11:38:42.6041,936.9,293.0,fixation
11:38:42.6046,937.2,291.8,fixation
11:38:42.6051,937.1,291.0,fixation
11:38:42.6056,937.7,291.5,fixation
11:38:42.6061,938.6,291.1,fixation
11:38:42.6066,939.7,290.1,fixation
11:38:42.6071,940.4,289.2,fixation
11:38:42.6076,940.8,288.8,fixation
11:38:42.6081,940.3,288.3,fixation
11:38:42.6086,939.3,289.4,fixation
11:38:42.6091,939.9,291.0,fixation
11:38:42.6096,941.4,292.3,fixation
11:38:42.6101,942.8,292.1,fixation
11:38:42.6106,942.3,292.3,fixation
11:38:42.6111,941.3,292.7,fixation
11:38:42.6116,940.6,293.1,fixation
11:38:42.6121,940.1,293.1,fixation
11:38:42.6126,939.8,292.1,fixation
11:38:42.6131,939.0,291.1,fixation
11:38:42.6136,938.2,290.9,fixation
11:38:42.6141,938.4,292.6,fixation
11:38:42.6146,939.0,294.3,fixation
11:38:42.6151,940.1,295.2,fixation
11:38:42.6156,940.4,295.1,fixation
11:38:42.6161,940.8,295.3,fixation
11:38:42.6166,940.8,295.6,fixation
11:38:42.6171,940.4,295.8,fixation
11:38:42.6176,940.1,295.8,fixation
11:38:42.6181,939.7,295.9,fixation
11:38:42.6186,939.1,295.7,fixation
11:38:42.6191,938.6,295.4,fixation
11:38:42.6196,938.0,295.5,fixation
11:38:42.6201,937.5,295.9,fixation
11:38:42.6206,936.6,295.7,fixation
11:38:42.6211,936.0,295.0,fixation
11:38:42.6216,936.1,293.8,fixation
11:38:42.6221,936.6,293.3,fixation
11:38:42.6226,936.7,295.0,fixation
11:38:42.6231,936.6,297.3,fixation
11:38:42.6236,936.5,299.7,fixation
11:38:42.6241,936.6,300.0,fixation
11:38:42.6246,936.6,300.4,fixation
11:38:42.6251,934.6,297.7,fixation
11:38:42.6256,932.7,294.9,fixation
11:38:42.6261,932.3,292.1,fixation
11:38:42.6266,933.9,292.0,fixation
11:38:42.6271,936.5,292.0,fixation
11:38:42.6276,937.5,291.6,fixation
11:38:42.6281,938.6,291.2,fixation
11:38:42.6286,938.5,291.3,fixation
11:38:42.6291,938.3,292.3,fixation
11:38:42.6296,937.9,293.8,fixation
11:38:42.6301,938.2,295.3,fixation
11:38:42.6306,939.5,296.1,fixation
11:38:42.6311,941.1,296.4,fixation
11:38:42.6316,940.2,296.3,fixation
11:38:42.6321,938.5,296.0,fixation
11:38:42.6326,938.2,295.7,fixation
11:38:42.6331,939.5,295.2,fixation
11:38:42.6336,940.7,294.9,fixation
11:38:42.6341,940.5,294.7,fixation
11:38:42.6346,940.3,294.6,fixation
11:38:42.6351,939.5,295.1,fixation
11:38:42.6356,938.8,295.3,fixation
11:38:42.6361,938.2,295.1,fixation
11:38:42.6366,938.3,294.5,fixation
11:38:42.6371,938.4,294.3,fixation
11:38:42.6376,939.6,293.6,fixation
11:38:42.6381,940.8,292.7,fixation
11:38:42.6386,941.3,291.3,fixation
11:38:42.6391,940.7,290.4,fixation
11:38:42.6396,939.9,289.5,fixation
11:38:42.6401,939.6,289.5,fixation
11:38:42.6406,939.4,290.8,fixation
11:38:42.6411,939.2,293.1,fixation
11:38:42.6416,939.1,294.8,fixation
11:38:42.6421,939.6,295.6,fixation
11:38:42.6426,940.6,295.6,fixation
11:38:42.6431,941.5,295.7,fixation
11:38:42.6436,940.5,295.9,fixation
11:38:42.6441,939.1,296.0,fixation
11:38:42.6446,937.4,296.1,fixation
11:38:42.6451,937.0,296.1,fixation
11:38:42.6456,936.7,295.2,fixation
11:38:42.6461,936.8,294.2,fixation
11:38:42.6466,937.0,293.2,fixation
11:38:42.6471,937.3,293.0,fixation
11:38:42.6476,937.2,294.0,fixation
11:38:42.6481,937.2,294.9,fixation
11:38:42.6486,937.0,295.4,fixation
11:38:42.6491,936.5,294.8,fixation
11:38:42.6496,936.0,294.3,fixation
11:38:42.6501,935.1,294.2,fixation
11:38:42.6506,934.8,294.1,fixation
11:38:42.6511,934.3,294.2,fixation
11:38:42.6516,934.1,294.3,fixation
11:38:42.6521,934.9,294.4,fixation
11:38:42.6526,936.0,293.1,fixation
11:38:42.6531,937.1,291.7,fixation
11:38:42.6536,937.8,292.7,fixation
11:38:42.6541,938.5,295.1,fixation
11:38:42.6546,939.2,297.4,fixation
11:38:42.6551,939.2,297.2,fixation
11:38:42.6556,939.0,297.2,fixation
11:38:42.6561,939.0,297.3,fixation
11:38:42.6566,939.0,297.0,fixation
11:38:42.6571,939.5,296.6,fixation
11:38:42.6576,940.5,295.7,fixation
11:38:42.6581,941.4,295.2,fixation
11:38:42.6586,941.7,295.3,fixation
11:38:42.6591,941.3,296.0,fixation
11:38:42.6596,940.4,295.4,fixation
11:38:42.6601,939.6,294.1,fixation
11:38:42.6606,937.7,292.8,fixation
11:38:42.6611,936.3,293.1,fixation
11:38:42.6616,933.8,295.2,saccade
11:38:42.6621,933.6,296.3,saccade
11:38:42.6626,933.5,297.7,saccade
11:38:42.6631,933.2,298.4,saccade
11:38:42.6636,932.6,299.5,saccade
11:38:42.6641,933.2,299.9,saccade
11:38:42.6646,934.1,300.4,saccade
11:38:42.6651,934.8,303.0,saccade
11:38:42.6656,934.6,305.7,saccade
11:38:42.6661,934.4,308.4,saccade
11:38:42.6666,934.3,309.8,saccade
11:38:42.6671,935.3,311.2,saccade
11:38:42.6676,936.1,314.1,saccade
11:38:42.6681,936.8,315.3,saccade
11:38:42.6686,936.4,316.6,saccade
11:38:42.6691,937.5,317.2,saccade
11:38:42.6696,938.8,318.9,saccade
11:38:42.6701,939.8,324.2,saccade
11:38:42.6706,938.7,328.6,saccade
11:38:42.6711,937.6,334.3,saccade
11:38:42.6716,937.9,338.4,saccade
11:38:42.6721,939.3,342.4,saccade
11:38:42.6726,941.6,348.6,saccade
11:38:42.6731,942.4,355.6,saccade
11:38:42.6736,942.9,363.3,saccade
11:38:42.6741,943.5,368.7,saccade
11:38:42.6746,944.7,372.0,saccade
11:38:42.6751,946.0,378.5,saccade
11:38:42.6756,946.7,384.8,saccade
11:38:42.6761,948.1,391.5,saccade
11:38:42.6766,949.2,397.4,saccade
11:38:42.6771,949.9,404.5,saccade
11:38:42.6776,949.6,411.5,saccade
11:38:42.6781,949.1,420.6,saccade
11:38:42.6786,948.3,426.4,saccade
11:38:42.6791,947.3,434.7,saccade
11:38:42.6796,946.5,441.3,saccade
11:38:42.6801,945.8,450.3,saccade
11:38:42.6806,945.3,458.7,saccade
11:38:42.6811,944.6,465.9,saccade
11:38:42.6816,943.9,472.5,saccade
11:38:42.6821,943.2,479.2,saccade
11:38:42.6826,942.6,486.6,saccade
11:38:42.6831,940.8,495.5,saccade
11:38:42.6836,937.7,503.8,saccade
11:38:42.6841,933.7,510.7,saccade
11:38:42.6846,930.6,520.5,saccade
11:38:42.6851,927.3,529.1,saccade
11:38:42.6856,922.1,539.7,saccade
11:38:42.6861,917.1,546.3,saccade
11:38:42.6866,913.4,556.1,saccade
11:38:42.6871,910.4,567.2,saccade
11:38:42.6876,907.2,578.7,saccade
11:38:42.6881,902.4,589.1,saccade
11:38:42.6886,899.9,596.7,saccade
11:38:42.6891,897.6,605.5,saccade
11:38:42.6896,895.2,612.0,saccade
11:38:42.6901,892.4,620.1,saccade
11:38:42.6906,888.5,628.6,saccade
11:38:42.6911,885.8,636.7,saccade
11:38:42.6916,883.6,644.2,saccade
11:38:42.6921,882.5,650.1,saccade
11:38:42.6926,882.0,659.0,saccade
11:38:42.6931,881.7,665.8,saccade
11:38:42.6936,881.6,672.9,saccade
11:38:42.6941,881.4,679.5,saccade
11:38:42.6946,881.2,688.4,saccade
11:38:42.6951,880.9,698.1,saccade
11:38:42.6956,881.4,704.6,saccade
11:38:42.6961,882.3,709.2,saccade
11:38:42.6966,883.1,713.9,saccade
11:38:42.6971,883.1,718.6,saccade
11:38:42.6976,882.4,722.8,saccade
11:38:42.6981,881.8,723.9,saccade
11:38:42.6986,881.7,725.0,saccade
11:38:42.6991,881.8,725.9,saccade
11:38:42.6996,881.8,727.3,saccade
11:38:42.7001,883.9,728.7,saccade
11:38:42.7006,886.0,730.1,saccade
11:38:42.7011,887.6,731.3,saccade
11:38:42.7016,887.0,733.0,saccade
11:38:42.7021,886.1,736.5,saccade
11:38:42.7026,885.9,739.3,saccade
11:38:42.7031,887.0,742.1,saccade
11:38:42.7036,889.5,743.1,saccade
11:38:42.7041,891.7,744.3,saccade
11:38:42.7046,892.5,745.8,saccade
11:38:42.7051,893.4,747.8,saccade
11:38:42.7056,894.4,752.7,saccade
11:38:42.7061,895.3,756.7,saccade
11:38:42.7066,894.9,761.6,saccade
11:38:42.7071,894.5,766.1,saccade
11:38:42.7076,894.1,773.3,saccade
11:38:42.7081,893.8,780.2,saccade
11:38:42.7086,894.3,785.4,saccade
11:38:42.7091,894.9,789.4,saccade
11:38:42.7096,895.8,796.6,saccade
11:38:42.7101,895.9,805.1,saccade
11:38:42.7106,895.6,814.5,saccade
11:38:42.7111,894.9,820.8,saccade
11:38:42.7116,894.3,826.3,saccade
11:38:42.7121,894.2,830.1,saccade
11:38:42.7126,892.3,832.5,saccade
11:38:42.7131,890.7,833.2,saccade
11:38:42.7136,889.1,833.2,saccade
11:38:42.7141,889.2,833.1,saccade
11:38:42.7146,888.5,836.4,saccade
11:38:42.7151,887.4,839.7,saccade
11:38:42.7156,886.3,843.0,saccade
11:38:42.7161,885.5,843.0,saccade
11:38:42.7166,885.1,843.2,saccade
11:38:42.7171,884.9,843.6,saccade
11:38:42.7176,884.9,842.7,saccade
11:38:42.7181,885.3,837.6,fixation
11:38:42.7186,884.8,834.6,fixation
11:38:42.7191,884.4,831.7,fixation
11:38:42.7196,884.6,831.5,fixation
11:38:42.7201,885.5,830.9,fixation
11:38:42.7206,887.1,829.1,fixation
11:38:42.7211,887.8,827.3,fixation
11:38:42.7216,888.5,825.7,fixation
11:38:42.7221,888.3,825.1,fixation
11:38:42.7226,888.0,824.5,fixation
11:38:42.7231,887.7,824.5,fixation
11:38:42.7236,887.6,824.5,fixation
11:38:42.7241,887.9,824.8,fixation
11:38:42.7246,888.2,825.0,fixation
11:38:42.7251,888.7,825.3,fixation
11:38:42.7256,889.0,825.3,fixation
11:38:42.7261,888.9,825.4,fixation
11:38:42.7266,888.5,826.7,fixation
11:38:42.7271,887.7,827.9,fixation
11:38:42.7276,887.4,828.4,fixation
11:38:42.7281,888.3,827.8,fixation
11:38:42.7286,889.6,827.4,fixation
11:38:42.7291,889.1,829.1,fixation
11:38:42.7296,887.3,830.8,fixation
11:38:42.7301,885.5,831.8,fixation
11:38:42.7306,885.6,831.2,fixation
11:38:42.7311,885.5,832.2,fixation
11:38:42.7316,885.5,833.7,fixation
11:38:42.7321,885.3,834.9,fixation
11:38:42.7326,885.2,834.5,fixation
11:38:42.7331,885.5,835.8,fixation
11:38:42.7336,886.3,837.5,fixation
11:38:42.7341,887.2,838.2,fixation
11:38:42.7346,887.1,837.3,fixation
11:38:42.7351,886.4,836.3,fixation
11:38:42.7356,886.6,836.3,fixation
11:38:42.7361,887.4,837.2,fixation
11:38:42.7366,888.0,838.1,fixation
11:38:42.7371,887.6,839.1,fixation
11:38:42.7376,887.3,838.2,fixation
11:38:42.7381,887.1,837.4,fixation
11:38:42.7386,886.6,836.5,fixation
11:38:42.7391,886.2,836.3,fixation
11:38:42.7396,886.0,836.2,fixation
11:38:42.7401,886.5,836.2,fixation
11:38:42.7406,887.2,835.8,fixation
11:38:42.7411,887.8,835.4,fixation
11:38:42.7416,888.1,834.9,fixation
11:38:42.7421,888.2,834.4,fixation
11:38:42.7426,888.3,833.6,fixation
11:38:42.7431,888.1,831.8,fixation
11:38:42.7436,888.0,830.5,fixation
11:38:42.7441,887.8,829.4,fixation
11:38:42.7446,887.8,830.7,fixation
11:38:42.7451,887.7,832.1,fixation
11:38:42.7456,887.5,833.4,fixation
11:38:42.7461,887.7,833.4,fixation
11:38:42.7466,888.4,833.2,fixation
11:38:42.7471,889.2,832.9,fixation
11:38:42.7476,889.9,832.5,fixation
11:38:42.7481,890.3,831.9,fixation
11:38:42.7486,890.1,831.6,fixation
11:38:42.7491,889.5,832.1,fixation
11:38:42.7496,889.0,833.1,fixation
11:38:42.7501,889.1,834.2,fixation
11:38:42.7506,888.9,834.5,fixation
11:38:42.7511,887.9,833.3,fixation
11:38:42.7516,886.9,831.9,fixation
11:38:42.7521,886.5,830.6,fixation
11:38:42.7526,886.7,830.9,fixation
11:38:42.7531,886.9,831.2,fixation
11:38:42.7536,886.8,831.7,fixation
11:38:42.7541,886.6,831.9,fixation
11:38:42.7546,886.4,832.1,fixation
11:38:42.7551,886.5,832.9,fixation
11:38:42.7556,887.1,833.5,fixation
11:38:42.7561,888.2,834.1,fixation
11:38:42.7566,889.2,833.9,fixation
11:38:42.7571,889.6,833.0,fixation
11:38:42.7576,889.5,832.1,fixation
11:38:42.7581,888.4,831.2,fixation
11:38:42.7586,887.3,831.1,fixation
11:38:42.7591,886.4,831.4,fixation
11:38:42.7596,886.7,831.7,fixation
11:38:42.7601,887.3,832.0,fixation
11:38:42.7606,888.6,832.1,fixation
11:38:42.7611,889.4,832.2,fixation
11:38:42.7616,890.3,832.3,fixation
11:38:42.7621,890.6,831.9,fixation
11:38:42.7626,890.8,831.4,fixation
11:38:42.7631,890.7,830.8,fixation
11:38:42.7636,890.0,830.7,fixation
11:38:42.7641,889.5,830.5,fixation
11:38:42.7646,889.4,830.5,fixation
11:38:42.7651,889.9,831.4,fixation
11:38:42.7656,890.4,832.4,fixation
11:38:42.7661,889.7,833.7,fixation
11:38:42.7666,888.7,834.2,fixation
11:38:42.7671,887.8,834.7,fixation
11:38:42.7676,887.8,835.1,fixation
11:38:42.7681,888.0,835.4,fixation
11:38:42.7686,888.3,835.4,fixation
11:38:42.7691,888.9,835.2,fixation
11:38:42.7696,889.1,834.9,fixation
11:38:42.7701,889.2,835.3,fixation
11:38:42.7706,889.1,835.9,fixation
11:38:42.7711,889.8,836.5,fixation
11:38:42.7716,890.6,836.0,fixation
11:38:42.7721,891.4,835.4,fixation
11:38:42.7726,892.2,834.7,fixation
11:38:42.7731,893.4,835.2,fixation
11:38:42.7736,894.6,835.6,fixation
11:38:42.7741,894.0,836.1,fixation
11:38:42.7746,892.4,836.2,fixation
11:38:42.7751,890.8,836.3,fixation
11:38:42.7756,889.7,836.7,fixation
11:38:42.7761,889.5,836.9,fixation
11:38:42.7766,889.7,837.1,fixation
11:38:42.7771,890.1,837.1,fixation
11:38:42.7776,890.5,837.1,fixation
11:38:42.7781,889.9,837.1,fixation
11:38:42.7786,889.3,837.5,fixation
11:38:42.7791,888.8,838.1,fixation
11:38:42.7796,888.9,838.9,fixation
11:38:42.7801,888.9,839.3,fixation
11:38:42.7806,888.6,838.3,fixation
11:38:42.7811,887.2,837.1,fixation
11:38:42.7816,885.9,836.0,fixation
11:38:42.7821,885.1,836.2,fixation
11:38:42.7826,885.4,837.0,fixation
11:38:42.7831,885.5,837.8,fixation
11:38:42.7836,887.2,838.4,fixation
11:38:42.7841,888.8,840.3,fixation
11:38:42.7846,890.4,842.2,fixation
11:38:42.7851,889.1,841.5,fixation
11:38:42.7856,888.0,838.9,fixation
11:38:42.7861,887.0,836.4,fixation
11:38:42.7866,887.3,835.8,fixation
11:38:42.7871,887.5,835.2,fixation
11:38:42.7876,887.5,834.7,fixation
11:38:42.7881,886.5,834.7,fixation
11:38:42.7886,885.2,836.8,fixation
11:38:42.7891,884.1,838.9,fixation
11:38:42.7896,884.4,839.1,fixation
11:38:42.7901,885.3,837.3,fixation
11:38:42.7906,886.1,835.0,fixation
11:38:42.7911,886.7,834.6,fixation
11:38:42.7916,887.4,836.8,fixation
11:38:42.7921,888.0,839.4,fixation
11:38:42.7926,887.9,839.6,fixation
11:38:42.7931,886.0,837.1,fixation
11:38:42.7936,884.1,834.9,fixation
11:38:42.7941,883.2,835.5,fixation
11:38:42.7946,883.8,836.1,fixation
11:38:42.7951,884.5,836.3,fixation
11:38:42.7956,885.1,836.2,fixation
11:38:42.7961,884.9,836.3,fixation
11:38:42.7966,884.6,836.4,fixation
11:38:42.7971,884.3,836.7,fixation
11:38:42.7976,884.5,837.1,fixation
11:38:42.7981,885.0,837.4,fixation
11:38:42.7986,885.6,836.7,fixation
11:38:42.7991,885.6,835.8,fixation
11:38:42.7996,885.1,835.9,fixation
11:38:42.8001,884.6,837.0,fixation
11:38:42.8006,883.9,837.9,fixation
11:38:42.8011,883.2,837.7,fixation
11:38:42.8016,882.9,836.2,fixation
11:38:42.8021,883.3,834.9,fixation
11:38:42.8026,884.2,833.7,fixation
11:38:42.8031,884.5,834.5,fixation
11:38:42.8036,884.4,835.1,fixation
11:38:42.8041,884.2,835.4,fixation
11:38:42.8046,884.2,835.1,fixation
11:38:42.8051,884.4,835.1,fixation
11:38:42.8056,886.0,835.6,fixation
11:38:42.8061,887.5,836.0,fixation
11:38:42.8066,888.9,836.6,fixation
11:38:42.8071,889.0,836.8,fixation
11:38:42.8076,888.8,837.4,fixation
11:38:42.8081,888.5,837.6,fixation
11:38:42.8086,888.2,837.9,fixation
11:38:42.8091,887.9,838.5,fixation
11:38:42.8096,887.7,839.1,fixation
11:38:42.8101,887.7,839.7,fixation
11:38:42.8106,887.9,839.7,fixation
11:38:42.8111,888.1,839.4,fixation
11:38:42.8116,888.1,838.9,fixation
11:38:42.8121,888.1,838.3,fixation
11:38:42.8126,888.1,838.1,fixation
11:38:42.8131,889.0,837.9,fixation
11:38:42.8136,889.9,837.8,fixation
11:38:42.8141,890.8,838.2,fixation
11:38:42.8146,890.7,839.2,fixation
11:38:42.8151,890.7,839.9,fixation
11:38:42.8156,890.7,839.7,fixation
11:38:42.8161,890.3,839.2,fixation
11:38:42.8166,889.9,839.0,fixation
11:38:42.8171,890.4,838.8,fixation
11:38:42.8176,891.1,838.6,fixation
11:38:42.8181,891.5,838.6,fixation
11:38:42.8186,890.5,838.8,fixation
11:38:42.8191,889.4,838.9,fixation
11:38:42.8196,888.5,839.3,fixation
11:38:42.8201,888.2,839.6,fixation
11:38:42.8206,888.3,839.8,fixation
11:38:42.8211,888.5,840.1,fixation
11:38:42.8216,888.7,840.5,fixation
11:38:42.8221,888.4,840.8,fixation
11:38:42.8226,887.5,840.5,fixation
11:38:42.8231,886.8,838.9,fixation
11:38:42.8236,886.4,837.4,fixation
11:38:42.8241,886.5,836.2,fixation
11:38:42.8246,886.6,836.3,fixation
11:38:42.8251,886.7,836.8,fixation
11:38:42.8256,886.8,837.5,fixation
11:38:42.8261,886.8,838.8,fixation
11:38:42.8266,886.6,840.3,fixation
11:38:42.8271,886.6,841.3,fixation
11:38:42.8276,886.8,841.4,fixation
11:38:42.8281,886.3,840.9,fixation
11:38:42.8286,885.5,839.3,fixation
11:38:42.8291,884.4,837.7,fixation
11:38:42.8296,884.2,836.1,fixation
11:38:42.8301,884.0,837.9,fixation
11:38:42.8306,884.3,840.0,fixation
11:38:42.8311,884.8,842.2,fixation
11:38:42.8316,885.4,842.5,fixation
11:38:42.8321,885.9,842.0,fixation
11:38:42.8326,886.6,841.3,fixation
11:38:42.8331,887.0,840.4,fixation
11:38:42.8336,887.0,840.0,fixation
11:38:42.8341,886.7,839.5,fixation
11:38:42.8346,886.3,839.6,fixation
11:38:42.8351,886.5,839.3,fixation
11:38:42.8356,886.5,839.0,fixation
11:38:42.8361,886.5,838.4,fixation
11:38:42.8366,886.5,838.7,fixation
11:38:42.8371,886.3,839.3,fixation
11:38:42.8376,886.1,840.2,fixation
11:38:42.8381,885.9,840.7,fixation
11:38:42.8386,886.0,840.9,fixation
11:38:42.8391,886.0,840.9,fixation
11:38:42.8396,885.9,840.8,fixation
11:38:42.8401,886.1,840.9,fixation
11:38:42.8406,886.3,840.9,fixation
11:38:42.8411,886.6,841.0,fixation
11:38:42.8416,886.6,841.1,fixation
11:38:42.8421,886.5,841.2,fixation
11:38:42.8426,886.5,841.3,fixation
11:38:42.8431,885.6,841.2,fixation
11:38:42.8436,884.8,840.9,fixation
11:38:42.8441,884.3,840.3,fixation
11:38:42.8446,884.6,839.4,fixation
11:38:42.8451,884.5,837.0,fixation
11:38:42.8456,884.1,834.7,fixation
11:38:42.8461,884.0,832.9,fixation
11:38:42.8466,886.7,834.0,fixation
11:38:42.8471,889.3,835.0,fixation
11:38:42.8476,889.6,836.1,fixation
11:38:42.8481,887.9,835.6,fixation
11:38:42.8486,886.0,835.6,fixation
11:38:42.8491,886.2,835.7,fixation
11:38:42.8496,886.0,835.9,fixation
11:38:42.8501,885.8,836.2,fixation
11:38:42.8506,885.6,836.6,fixation
11:38:42.8511,886.8,836.9,fixation
11:38:42.8516,888.2,837.0,fixation
11:38:42.8521,889.5,837.8,fixation
11:38:42.8526,889.5,838.7,fixation
11:38:42.8531,889.4,840.0,fixation
11:38:42.8536,889.1,840.5,fixation
11:38:42.8541,887.6,840.8,fixation
11:38:42.8546,886.4,840.7,fixation
11:38:42.8551,885.9,839.2,fixation
11:38:42.8556,886.6,837.8,fixation
11:38:42.8561,886.2,836.2,fixation
11:38:42.8566,885.2,836.0,fixation
11:38:42.8571,884.6,835.9,fixation
11:38:42.8576,885.1,836.1,fixation
11:38:42.8581,885.3,837.3,fixation
11:38:42.8586,884.7,838.3,fixation
11:38:42.8591,884.1,839.3,fixation
11:38:42.8596,884.0,838.2,fixation
11:38:42.8601,884.2,837.0,fixation
11:38:42.8606,884.1,836.3,fixation
11:38:42.8611,883.8,837.1,fixation
11:38:42.8616,883.2,837.9,fixation
11:38:42.8621,883.0,838.3,fixation
11:38:42.8626,883.4,838.3,fixation
11:38:42.8631,884.1,838.4,fixation
11:38:42.8636,884.8,837.8,fixation
11:38:42.8641,884.1,837.2,fixation
11:38:42.8646,883.3,837.4,fixation
11:38:42.8651,883.5,837.7,fixation
11:38:42.8656,884.3,837.5,fixation
11:38:42.8661,885.0,836.6,fixation
11:38:42.8666,884.8,836.6,fixation
11:38:42.8671,885.0,837.3,fixation
11:38:42.8676,885.2,837.8,fixation
11:38:42.8681,884.0,837.9,fixation
11:38:42.8686,882.5,837.4,fixation
11:38:42.8691,881.0,837.0,fixation
11:38:42.8696,881.7,836.7,fixation
11:38:42.8701,882.4,836.9,fixation
11:38:42.8706,883.0,837.2,fixation
11:38:42.8711,882.7,837.4,fixation
11:38:42.8716,882.6,836.5,fixation
11:38:42.8721,882.5,835.5,fixation
11:38:42.8726,882.4,834.1,fixation
11:38:42.8731,882.1,833.4,fixation
11:38:42.8736,881.8,832.7,fixation
11:38:42.8741,881.7,833.4,fixation
11:38:42.8746,882.3,834.5,fixation
