TimeStamp,X,Y,Event
12:36:51.9774,.,.,blink
12:36:51.9779,.,.,blink
12:36:51.9784,.,.,blink
12:36:51.9789,.,.,blink
12:36:51.9794,.,.,blink
12:36:51.9799,.,.,blink
12:36:51.9804,.,.,blink
12:36:51.9809,.,.,blink
12:36:51.9814,.,.,blink
12:36:51.9819,.,.,blink
12:36:51.9824,.,.,blink
12:36:51.9829,.,.,blink
12:36:51.9834,.,.,blink
12:36:51.9839,.,.,blink
12:36:51.9844,.,.,blink
12:36:51.9849,.,.,blink
12:36:51.9854,.,.,blink
12:36:51.9859,.,.,blink
12:36:51.9864,.,.,blink
12:36:51.9869,.,.,blink
12:36:51.9874,.,.,blink
12:36:51.9879,.,.,blink
12:36:51.9884,.,.,blink
12:36:51.9889,.,.,blink
12:36:51.9894,.,.,blink
12:36:51.9899,.,.,blink
12:36:51.9904,.,.,blink
12:36:51.9909,.,.,blink
12:36:51.9914,.,.,blink
12:36:51.9919,.,.,blink
12:36:51.9924,.,.,blink
12:36:51.9929,.,.,blink
12:36:51.9934,.,.,blink
12:36:51.9939,.,.,blink
12:36:51.9944,.,.,blink
12:36:51.9949,.,.,blink
12:36:51.9954,.,.,blink
12:36:51.9959,.,.,blink
12:36:51.9964,.,.,blink
12:36:51.9969,.,.,blink
12:36:51.9974,.,.,blink
12:36:51.9979,.,.,blink
12:36:51.9984,.,.,blink
12:36:51.9989,.,.,blink
12:36:51.9994,.,.,blink
12:36:51.9999,.,.,blink
12:36:52.0004,.,.,blink
12:36:52.0009,.,.,blink
12:36:52.0014,.,.,blink
12:36:52.0019,.,.,blink
12:36:52.0024,.,.,blink
12:36:52.0029,.,.,blink
12:36:52.0034,.,.,blink
12:36:52.0039,.,.,blink
12:36:52.0044,.,.,blink
12:36:52.0049,.,.,blink
12:36:52.0054,.,.,blink
12:36:52.0059,.,.,blink
12:36:52.0064,.,.,blink
12:36:52.0069,.,.,blink
12:36:52.0074,.,.,blink
12:36:52.0079,.,.,blink
12:36:52.0084,.,.,blink
12:36:52.0089,.,.,blink
12:36:52.0094,.,.,blink
12:36:52.0099,.,.,blink
12:36:52.0104,.,.,blink
12:36:52.0109,.,.,blink
12:36:52.0114,.,.,blink
12:36:52.0119,.,.,blink
12:36:52.0124,.,.,blink
12:36:52.0129,.,.,blink
12:36:52.0134,.,.,blink
12:36:52.0139,.,.,blink
12:36:52.0144,.,.,blink
12:36:52.0149,.,.,blink
12:36:52.0154,.,.,blink
12:36:52.0159,.,.,blink
12:36:52.0164,.,.,blink
12:36:52.0169,.,.,blink
12:36:52.0174,.,.,blink
12:36:52.0179,.,.,blink
12:36:52.0184,.,.,blink
12:36:52.0189,.,.,blink
12:36:52.0194,.,.,blink
12:36:52.0199,.,.,blink
12:36:52.0204,.,.,blink
12:36:52.0209,.,.,blink
12:36:52.0214,.,.,blink
12:36:52.0219,.,.,blink
12:36:52.0224,.,.,blink
12:36:52.0229,.,.,blink
12:36:52.0234,.,.,blink
12:36:52.0239,.,.,blink
12:36:52.0244,.,.,blink
12:36:52.0249,.,.,blink
12:36:52.0254,.,.,blink
12:36:52.0259,.,.,blink
12:36:52.0264,.,.,blink
12:36:52.0269,.,.,blink
12:36:52.0274,.,.,blink
12:36:52.0279,.,.,blink
12:36:52.0284,.,.,blink
12:36:52.0289,.,.,blink
12:36:52.0294,.,.,blink
12:36:52.0299,.,.,blink
12:36:52.0304,.,.,blink
12:36:52.0309,.,.,blink
12:36:52.0314,.,.,blink
12:36:52.0319,.,.,blink
12:36:52.0324,.,.,blink
12:36:52.0329,.,.,blink
12:36:52.0334,.,.,blink
12:36:52.0339,.,.,blink
12:36:52.0344,.,.,blink
12:36:52.0349,.,.,blink
12:36:52.0354,.,.,blink
12:36:52.0359,.,.,blink
12:36:52.0364,.,.,blink
12:36:52.0369,.,.,blink
12:36:52.0374,.,.,blink
12:36:52.0379,.,.,blink
12:36:52.0384,.,.,blink
12:36:52.0389,.,.,blink
12:36:52.0394,.,.,blink
12:36:52.0399,.,.,blink
12:36:52.0404,.,.,blink
12:36:52.0409,.,.,blink
12:36:52.0414,.,.,blink
12:36:52.0419,.,.,blink
12:36:52.0424,.,.,blink
12:36:52.0429,.,.,blink
12:36:52.0434,.,.,blink
12:36:52.0439,.,.,blink
12:36:52.0444,.,.,blink
12:36:52.0449,.,.,blink
12:36:52.0454,.,.,blink
12:36:52.0459,.,.,blink
12:36:52.0464,.,.,blink
12:36:52.0469,.,.,blink
12:36:52.0474,.,.,blink
12:36:52.0479,.,.,blink
12:36:52.0484,.,.,blink
12:36:52.0489,.,.,blink
12:36:52.0494,.,.,blink
12:36:52.0499,.,.,blink
12:36:52.0504,.,.,blink
12:36:52.0509,.,.,blink
12:36:52.0514,.,.,blink
12:36:52.0519,.,.,blink
12:36:52.0524,.,.,blink
12:36:52.0529,.,.,blink
12:36:52.0534,.,.,blink
12:36:52.0539,.,.,blink
12:36:52.0544,.,.,blink
12:36:52.0549,.,.,blink
12:36:52.0554,.,.,blink
12:36:52.0559,.,.,blink
12:36:52.0564,.,.,blink
12:36:52.0569,.,.,blink
12:36:52.0574,.,.,blink
12:36:52.0579,.,.,blink
12:36:52.0584,.,.,blink
12:36:52.0589,.,.,blink
12:36:52.0594,.,.,blink
12:36:52.0599,.,.,blink
12:36:52.0604,.,.,blink
12:36:52.0609,.,.,blink
12:36:52.0614,.,.,blink
12:36:52.0619,.,.,blink
12:36:52.0624,.,.,blink
12:36:52.0629,.,.,blink
12:36:52.0634,.,.,blink
12:36:52.0639,.,.,blink
12:36:52.0644,.,.,blink
12:36:52.0649,.,.,blink
12:36:52.0654,.,.,blink
12:36:52.0659,.,.,blink
12:36:52.0664,.,.,blink
12:36:52.0669,.,.,blink
12:36:52.0674,.,.,blink
12:36:52.0679,.,.,blink
12:36:52.0684,.,.,blink
12:36:52.0689,.,.,blink
12:36:52.0694,.,.,blink
12:36:52.0699,.,.,blink
12:36:52.0704,.,.,blink
12:36:52.0709,.,.,blink
12:36:52.0714,.,.,blink
12:36:52.0719,.,.,blink
12:36:52.0724,.,.,blink
12:36:52.0729,.,.,blink
12:36:52.0734,.,.,blink
12:36:52.0739,.,.,blink
12:36:52.0744,.,.,blink
12:36:52.0749,.,.,blink
12:36:52.0754,.,.,blink
12:36:52.0759,.,.,blink
12:36:52.0764,.,.,blink
12:36:52.0769,.,.,blink
12:36:52.0774,.,.,blink
12:36:52.0779,.,.,blink
12:36:52.0784,.,.,blink
12:36:52.0789,.,.,blink
12:36:52.0794,.,.,blink
12:36:52.0799,.,.,blink
12:36:52.0804,.,.,blink
12:36:52.0809,.,.,blink
12:36:52.0814,.,.,blink
12:36:52.0819,.,.,blink
12:36:52.0824,.,.,blink
12:36:52.0829,.,.,blink
12:36:52.0834,.,.,blink
12:36:52.0839,.,.,blink
12:36:52.0844,.,.,blink
12:36:52.0849,.,.,blink
12:36:52.0854,.,.,blink
12:36:52.0859,.,.,blink
12:36:52.0864,.,.,blink
12:36:52.0869,.,.,blink
12:36:52.0874,.,.,blink
12:36:52.0879,.,.,blink
12:36:52.0884,.,.,blink
12:36:52.0889,.,.,blink
12:36:52.0894,.,.,blink
12:36:52.0899,.,.,blink
12:36:52.0904,.,.,blink
12:36:52.0909,.,.,blink
12:36:52.0914,.,.,blink
12:36:52.0919,.,.,blink
12:36:52.0924,.,.,blink
12:36:52.0929,.,.,blink
12:36:52.0934,.,.,blink
12:36:52.0939,.,.,blink
12:36:52.0944,.,.,blink
12:36:52.0949,.,.,blink
12:36:52.0954,.,.,blink
12:36:52.0959,.,.,blink
12:36:52.0964,.,.,blink
12:36:52.0969,.,.,blink
12:36:52.0974,.,.,blink
12:36:52.0979,.,.,blink
12:36:52.0984,.,.,blink
12:36:52.0989,.,.,blink
12:36:52.0994,.,.,blink
12:36:52.0999,.,.,blink
12:36:52.1004,.,.,blink
12:36:52.1009,.,.,blink
12:36:52.1014,.,.,blink
12:36:52.1019,.,.,blink
12:36:52.1024,.,.,blink
12:36:52.1029,.,.,blink
12:36:52.1034,.,.,blink
12:36:52.1039,.,.,blink
12:36:52.1044,.,.,blink
12:36:52.1049,.,.,blink
12:36:52.1054,.,.,blink
12:36:52.1059,.,.,blink
12:36:52.1064,.,.,blink
12:36:52.1069,.,.,blink
12:36:52.1074,.,.,blink
12:36:52.1079,.,.,blink
12:36:52.1084,.,.,blink
12:36:52.1089,.,.,blink
12:36:52.1094,.,.,blink
12:36:52.1099,.,.,blink
12:36:52.1104,.,.,blink
12:36:52.1109,.,.,blink
12:36:52.1114,.,.,blink
12:36:52.1119,.,.,blink
12:36:52.1124,.,.,blink
12:36:52.1129,.,.,blink
12:36:52.1134,.,.,blink
12:36:52.1139,.,.,blink
12:36:52.1144,.,.,blink
12:36:52.1149,.,.,blink
12:36:52.1154,.,.,blink
12:36:52.1159,.,.,blink
12:36:52.1164,.,.,blink
12:36:52.1169,.,.,blink
12:36:52.1174,.,.,blink
12:36:52.1179,.,.,blink
12:36:52.1184,.,.,blink
12:36:52.1189,.,.,blink
12:36:52.1194,.,.,blink
12:36:52.1199,.,.,blink
12:36:52.1204,.,.,blink
12:36:52.1209,.,.,blink
12:36:52.1214,.,.,blink
12:36:52.1219,.,.,blink
12:36:52.1224,.,.,blink
12:36:52.1229,.,.,blink
12:36:52.1234,.,.,blink
12:36:52.1239,.,.,blink
12:36:52.1244,.,.,blink
12:36:52.1249,.,.,blink
12:36:52.1254,.,.,blink
12:36:52.1259,.,.,blink
12:36:52.1264,.,.,blink
12:36:52.1269,.,.,blink
12:36:52.1274,.,.,blink
12:36:52.1279,.,.,blink
12:36:52.1284,.,.,blink
12:36:52.1289,.,.,blink
12:36:52.1294,.,.,blink
12:36:52.1299,.,.,blink
12:36:52.1304,.,.,blink
12:36:52.1309,.,.,blink
12:36:52.1314,.,.,blink
12:36:52.1319,.,.,blink
12:36:52.1324,.,.,blink
12:36:52.1329,.,.,blink
12:36:52.1334,.,.,blink
12:36:52.1339,.,.,blink
12:36:52.1344,.,.,blink
12:36:52.1349,.,.,blink
12:36:52.1354,.,.,blink
12:36:52.1359,.,.,blink
12:36:52.1364,.,.,blink
12:36:52.1369,.,.,blink
12:36:52.1374,.,.,blink
12:36:52.1379,.,.,blink
12:36:52.1384,.,.,blink
12:36:52.1389,.,.,blink
12:36:52.1394,.,.,blink
12:36:52.1399,.,.,blink
12:36:52.1404,.,.,blink
12:36:52.1409,.,.,blink
12:36:52.1414,.,.,blink
12:36:52.1419,.,.,blink
12:36:52.1424,.,.,blink
12:36:52.1429,.,.,blink
12:36:52.1434,.,.,blink
12:36:52.1439,.,.,blink
12:36:52.1444,.,.,blink
12:36:52.1449,.,.,blink
12:36:52.1454,.,.,blink
12:36:52.1459,.,.,blink
12:36:52.1464,.,.,blink
12:36:52.1469,.,.,blink
12:36:52.1474,.,.,blink
12:36:52.1479,.,.,blink
12:36:52.1484,.,.,blink
12:36:52.1489,.,.,blink
12:36:52.1494,.,.,blink
12:36:52.1499,.,.,blink
12:36:52.1504,.,.,blink
12:36:52.1509,.,.,blink
12:36:52.1514,.,.,blink
12:36:52.1519,.,.,blink
12:36:52.1524,.,.,blink
12:36:52.1529,.,.,blink
12:36:52.1534,.,.,blink
12:36:52.1539,.,.,blink
12:36:52.1544,.,.,blink
12:36:52.1549,.,.,blink
12:36:52.1554,.,.,blink
12:36:52.1559,.,.,blink
12:36:52.1564,.,.,blink
12:36:52.1569,.,.,blink
12:36:52.1574,.,.,blink
12:36:52.1579,.,.,blink
12:36:52.1584,.,.,blink
12:36:52.1589,.,.,blink
12:36:52.1594,.,.,blink
12:36:52.1599,.,.,blink
12:36:52.1604,.,.,blink
12:36:52.1609,.,.,blink
12:36:52.1614,.,.,blink
12:36:52.1619,.,.,blink
12:36:52.1624,.,.,blink
12:36:52.1629,.,.,blink
12:36:52.1634,.,.,blink
12:36:52.1639,.,.,blink
12:36:52.1644,.,.,blink
12:36:52.1649,.,.,blink
12:36:52.1654,.,.,blink
12:36:52.1659,.,.,blink
12:36:52.1664,.,.,blink
12:36:52.1669,.,.,blink
12:36:52.1674,.,.,blink
12:36:52.1679,.,.,blink
12:36:52.1684,.,.,blink
12:36:52.1689,.,.,blink
12:36:52.1694,.,.,blink
12:36:52.1699,.,.,blink
12:36:52.1704,.,.,blink
12:36:52.1709,.,.,blink
12:36:52.1714,.,.,blink
12:36:52.1719,.,.,blink
12:36:52.1724,.,.,blink
12:36:52.1729,.,.,blink
12:36:52.1734,.,.,blink
12:36:52.1739,.,.,blink
12:36:52.1744,.,.,blink
12:36:52.1749,.,.,blink
12:36:52.1754,.,.,blink
12:36:52.1759,.,.,blink
12:36:52.1764,.,.,blink
12:36:52.1769,.,.,blink
12:36:52.1774,.,.,blink
12:36:52.1779,.,.,blink
12:36:52.1784,.,.,blink
12:36:52.1789,.,.,blink
12:36:52.1794,.,.,blink
12:36:52.1799,.,.,blink
12:36:52.1804,.,.,blink
12:36:52.1809,.,.,blink
12:36:52.1814,.,.,blink
12:36:52.1819,.,.,blink
12:36:52.1824,.,.,blink
12:36:52.1829,.,.,blink
12:36:52.1834,.,.,blink
12:36:52.1839,.,.,blink
12:36:52.1844,.,.,blink
12:36:52.1849,.,.,blink
12:36:52.1854,.,.,blink
12:36:52.1859,.,.,blink
12:36:52.1864,.,.,blink
12:36:52.1869,.,.,blink
12:36:52.1874,.,.,blink
12:36:52.1879,.,.,blink
12:36:52.1884,.,.,blink
12:36:52.1889,.,.,blink
12:36:52.1894,.,.,blink
12:36:52.1899,.,.,blink
12:36:52.1904,.,.,blink
12:36:52.1909,.,.,blink
12:36:52.1914,.,.,blink
12:36:52.1919,.,.,blink
12:36:52.1924,.,.,blink
12:36:52.1929,.,.,blink
12:36:52.1934,.,.,blink
12:36:52.1939,.,.,blink
12:36:52.1944,.,.,blink
12:36:52.1949,.,.,blink
12:36:52.1954,.,.,blink
12:36:52.1959,.,.,blink
12:36:52.1964,.,.,blink
12:36:52.1969,.,.,blink
12:36:52.1974,.,.,blink
12:36:52.1979,.,.,blink
12:36:52.1984,.,.,blink
12:36:52.1989,.,.,blink
12:36:52.1994,.,.,blink
12:36:52.1999,.,.,blink
12:36:52.2004,.,.,blink
12:36:52.2009,.,.,blink
12:36:52.2014,.,.,blink
12:36:52.2019,.,.,blink
12:36:52.2024,.,.,blink
12:36:52.2029,.,.,blink
12:36:52.2034,.,.,blink
12:36:52.2039,.,.,blink
12:36:52.2044,.,.,blink
12:36:52.2049,.,.,blink
12:36:52.2054,.,.,blink
12:36:52.2059,.,.,blink
12:36:52.2064,.,.,blink
12:36:52.2069,.,.,blink
12:36:52.2074,.,.,blink
12:36:52.2079,.,.,blink
12:36:52.2084,.,.,blink
12:36:52.2089,.,.,blink
12:36:52.2094,.,.,blink
12:36:52.2099,.,.,blink
12:36:52.2104,.,.,blink
12:36:52.2109,.,.,blink
12:36:52.2114,.,.,blink
12:36:52.2119,.,.,blink
12:36:52.2124,.,.,blink
12:36:52.2129,.,.,blink
12:36:52.2134,.,.,blink
12:36:52.2139,.,.,blink
12:36:52.2144,.,.,blink
12:36:52.2149,.,.,blink
12:36:52.2154,.,.,blink
12:36:52.2159,.,.,blink
12:36:52.2164,.,.,blink
12:36:52.2169,.,.,blink
12:36:52.2174,.,.,blink
12:36:52.2179,.,.,blink
12:36:52.2184,.,.,blink
12:36:52.2189,.,.,blink
12:36:52.2194,.,.,blink
12:36:52.2199,.,.,blink
12:36:52.2204,.,.,blink
12:36:52.2209,.,.,blink
12:36:52.2214,.,.,blink
12:36:52.2219,.,.,blink
12:36:52.2224,.,.,blink
12:36:52.2229,.,.,blink
12:36:52.2234,.,.,blink
12:36:52.2239,.,.,blink
12:36:52.2244,.,.,blink
12:36:52.2249,.,.,blink
12:36:52.2254,.,.,blink
12:36:52.2259,.,.,blink
12:36:52.2264,.,.,blink
12:36:52.2269,.,.,blink
12:36:52.2274,.,.,blink
12:36:52.2279,.,.,blink
12:36:52.2284,.,.,blink
12:36:52.2289,.,.,blink
12:36:52.2294,.,.,blink
12:36:52.2299,.,.,blink
12:36:52.2304,.,.,blink
12:36:52.2309,.,.,blink
12:36:52.2314,.,.,blink
12:36:52.2319,.,.,blink
12:36:52.2324,.,.,blink
12:36:52.2329,.,.,blink
12:36:52.2334,.,.,blink
12:36:52.2339,.,.,blink
12:36:52.2344,.,.,blink
12:36:52.2349,.,.,blink
12:36:52.2354,.,.,blink
12:36:52.2359,.,.,blink
12:36:52.2364,.,.,blink
12:36:52.2369,.,.,blink
12:36:52.2374,.,.,blink
12:36:52.2379,.,.,blink
12:36:52.2384,.,.,blink
12:36:52.2389,.,.,blink
12:36:52.2394,.,.,blink
12:36:52.2399,.,.,blink
12:36:52.2404,.,.,blink
12:36:52.2409,.,.,blink
12:36:52.2414,.,.,blink
12:36:52.2419,.,.,blink
12:36:52.2424,.,.,blink
12:36:52.2429,.,.,blink
12:36:52.2434,.,.,blink
12:36:52.2439,.,.,blink
12:36:52.2444,.,.,blink
12:36:52.2449,.,.,blink
12:36:52.2454,.,.,blink
12:36:52.2459,.,.,blink
12:36:52.2464,.,.,blink
12:36:52.2469,.,.,blink
12:36:52.2474,.,.,blink
12:36:52.2479,.,.,blink
12:36:52.2484,.,.,blink
12:36:52.2489,.,.,blink
12:36:52.2494,.,.,blink
12:36:52.2499,.,.,blink
12:36:52.2504,.,.,blink
12:36:52.2509,.,.,blink
12:36:52.2514,.,.,blink
12:36:52.2519,.,.,blink
12:36:52.2524,.,.,blink
12:36:52.2529,.,.,blink
12:36:52.2534,.,.,blink
12:36:52.2539,.,.,blink
12:36:52.2544,.,.,blink
12:36:52.2549,.,.,blink
12:36:52.2554,.,.,blink
12:36:52.2559,.,.,blink
12:36:52.2564,.,.,blink
12:36:52.2569,.,.,blink
12:36:52.2574,.,.,blink
12:36:52.2579,.,.,blink
12:36:52.2584,.,.,blink
12:36:52.2589,.,.,blink
12:36:52.2594,.,.,blink
12:36:52.2599,.,.,blink
12:36:52.2604,.,.,blink
12:36:52.2609,.,.,blink
12:36:52.2614,.,.,blink
12:36:52.2619,.,.,blink
12:36:52.2624,.,.,blink
12:36:52.2629,.,.,blink
12:36:52.2634,.,.,blink
12:36:52.2639,.,.,blink
12:36:52.2644,.,.,blink
12:36:52.2649,.,.,blink
12:36:52.2654,.,.,blink
12:36:52.2659,.,.,blink
12:36:52.2664,.,.,blink
12:36:52.2669,.,.,blink
12:36:52.2674,.,.,blink
12:36:52.2679,.,.,blink
12:36:52.2684,.,.,blink
12:36:52.2689,.,.,blink
12:36:52.2694,.,.,blink
12:36:52.2699,.,.,blink
12:36:52.2704,.,.,blink
12:36:52.2709,.,.,blink
12:36:52.2714,.,.,blink
12:36:52.2719,.,.,blink
12:36:52.2724,.,.,blink
12:36:52.2729,.,.,blink
12:36:52.2734,.,.,blink
12:36:52.2739,.,.,blink
12:36:52.2744,.,.,blink
12:36:52.2749,.,.,blink
12:36:52.2754,.,.,blink
12:36:52.2759,.,.,blink
12:36:52.2764,.,.,blink
12:36:52.2769,.,.,blink
12:36:52.2774,.,.,blink
12:36:52.2779,.,.,blink
12:36:52.2784,.,.,blink
12:36:52.2789,.,.,blink
12:36:52.2794,.,.,blink
12:36:52.2799,.,.,blink
12:36:52.2804,.,.,blink
12:36:52.2809,.,.,blink
12:36:52.2814,.,.,blink
12:36:52.2819,.,.,blink
12:36:52.2824,.,.,blink
12:36:52.2829,.,.,blink
12:36:52.2834,.,.,blink
12:36:52.2839,.,.,blink
12:36:52.2844,.,.,blink
12:36:52.2849,.,.,blink
12:36:52.2854,.,.,blink
12:36:52.2859,.,.,blink
12:36:52.2864,.,.,blink
12:36:52.2869,.,.,blink
12:36:52.2874,.,.,blink
12:36:52.2879,.,.,blink
12:36:52.2884,.,.,blink
12:36:52.2889,.,.,blink
12:36:52.2894,.,.,blink
12:36:52.2899,.,.,blink
12:36:52.2904,.,.,blink
12:36:52.2909,.,.,blink
12:36:52.2914,.,.,blink
12:36:52.2919,.,.,blink
12:36:52.2924,.,.,blink
12:36:52.2929,.,.,blink
12:36:52.2934,.,.,blink
12:36:52.2939,.,.,blink
12:36:52.2944,.,.,blink
12:36:52.2949,.,.,blink
12:36:52.2954,.,.,blink
12:36:52.2959,.,.,blink
12:36:52.2964,.,.,blink
12:36:52.2969,.,.,blink
12:36:52.2974,.,.,blink
12:36:52.2979,.,.,blink
12:36:52.2984,.,.,blink
12:36:52.2989,.,.,blink
12:36:52.2994,.,.,blink
12:36:52.2999,.,.,blink
12:36:52.3004,.,.,blink
12:36:52.3009,.,.,blink
12:36:52.3014,.,.,blink
12:36:52.3019,.,.,blink
12:36:52.3024,.,.,blink
12:36:52.3029,.,.,blink
12:36:52.3034,.,.,blink
12:36:52.3039,.,.,blink
12:36:52.3044,.,.,blink
12:36:52.3049,.,.,blink
12:36:52.3054,.,.,blink
12:36:52.3059,.,.,blink
12:36:52.3064,.,.,blink
12:36:52.3069,.,.,blink
12:36:52.3074,.,.,blink
12:36:52.3079,.,.,blink
12:36:52.3084,.,.,blink
12:36:52.3089,.,.,blink
12:36:52.3094,.,.,blink
12:36:52.3099,.,.,blink
12:36:52.3104,.,.,blink
12:36:52.3109,.,.,blink
12:36:52.3114,.,.,blink
12:36:52.3119,.,.,blink
12:36:52.3124,.,.,blink
12:36:52.3129,.,.,blink
12:36:52.3134,.,.,blink
12:36:52.3139,.,.,blink
12:36:52.3144,.,.,blink
12:36:52.3149,.,.,blink
12:36:52.3154,.,.,blink
12:36:52.3159,.,.,blink
12:36:52.3164,.,.,blink
12:36:52.3169,.,.,blink
12:36:52.3174,.,.,blink
12:36:52.3179,.,.,blink
12:36:52.3184,.,.,blink
12:36:52.3189,.,.,blink
12:36:52.3194,.,.,blink
12:36:52.3199,.,.,blink
12:36:52.3204,.,.,blink
12:36:52.3209,.,.,blink
12:36:52.3214,.,.,blink
12:36:52.3219,.,.,blink
12:36:52.3224,.,.,blink
12:36:52.3229,.,.,blink
12:36:52.3234,.,.,blink
12:36:52.3239,.,.,blink
12:36:52.3244,.,.,blink
12:36:52.3249,.,.,blink
12:36:52.3254,.,.,blink
12:36:52.3259,.,.,blink
12:36:52.3264,.,.,blink
12:36:52.3269,.,.,blink
12:36:52.3274,.,.,blink
12:36:52.3279,.,.,blink
12:36:52.3284,.,.,blink
12:36:52.3289,.,.,blink
12:36:52.3294,.,.,blink
12:36:52.3299,.,.,blink
12:36:52.3304,.,.,blink
12:36:52.3309,.,.,blink
12:36:52.3314,.,.,blink
12:36:52.3319,.,.,blink
12:36:52.3324,.,.,blink
12:36:52.3329,.,.,blink
12:36:52.3334,.,.,blink
12:36:52.3339,.,.,blink
12:36:52.3344,.,.,blink
12:36:52.3349,.,.,blink
12:36:52.3354,.,.,blink
12:36:52.3359,.,.,blink
12:36:52.3364,.,.,blink
12:36:52.3369,.,.,blink
12:36:52.3374,.,.,blink
12:36:52.3379,.,.,blink
12:36:52.3384,.,.,blink
12:36:52.3389,.,.,blink
12:36:52.3394,.,.,blink
12:36:52.3399,.,.,blink
12:36:52.3404,.,.,blink
12:36:52.3409,.,.,blink
12:36:52.3414,.,.,blink
12:36:52.3419,.,.,blink
12:36:52.3424,.,.,blink
12:36:52.3429,.,.,blink
12:36:52.3434,.,.,blink
12:36:52.3439,.,.,blink
12:36:52.3444,.,.,blink
12:36:52.3449,.,.,blink
12:36:52.3454,.,.,blink
12:36:52.3459,.,.,blink
12:36:52.3464,.,.,blink
12:36:52.3469,.,.,blink
12:36:52.3474,.,.,blink
12:36:52.3479,.,.,blink
12:36:52.3484,.,.,blink
12:36:52.3489,.,.,blink
12:36:52.3494,.,.,blink
12:36:52.3499,.,.,blink
12:36:52.3504,.,.,blink
12:36:52.3509,.,.,blink
12:36:52.3514,.,.,blink
12:36:52.3519,.,.,blink
12:36:52.3524,.,.,blink
12:36:52.3529,.,.,blink
12:36:52.3534,.,.,blink
12:36:52.3539,.,.,blink
12:36:52.3544,.,.,blink
12:36:52.3549,.,.,blink
12:36:52.3554,.,.,blink
12:36:52.3559,.,.,blink
12:36:52.3564,.,.,blink
12:36:52.3569,.,.,blink
12:36:52.3574,.,.,blink
12:36:52.3579,.,.,blink
12:36:52.3584,.,.,blink
12:36:52.3589,.,.,blink
12:36:52.3594,.,.,blink
12:36:52.3599,.,.,blink
12:36:52.3604,.,.,blink
12:36:52.3609,.,.,blink
12:36:52.3614,.,.,blink
12:36:52.3619,.,.,blink
12:36:52.3624,.,.,blink
12:36:52.3629,.,.,blink
12:36:52.3634,.,.,blink
12:36:52.3639,.,.,blink
12:36:52.3644,.,.,blink
12:36:52.3649,.,.,blink
12:36:52.3654,.,.,blink
12:36:52.3659,.,.,blink
12:36:52.3664,.,.,blink
12:36:52.3669,.,.,blink
12:36:52.3674,.,.,blink
12:36:52.3679,.,.,blink
12:36:52.3684,.,.,blink
12:36:52.3689,.,.,blink
12:36:52.3694,.,.,blink
12:36:52.3699,.,.,blink
12:36:52.3704,.,.,blink
12:36:52.3709,.,.,blink
12:36:52.3714,.,.,blink
12:36:52.3719,.,.,blink
12:36:52.3724,.,.,blink
12:36:52.3729,.,.,blink
12:36:52.3734,.,.,blink
12:36:52.3739,.,.,blink
12:36:52.3744,.,.,blink
12:36:52.3749,.,.,blink
12:36:52.3754,.,.,blink
12:36:52.3759,.,.,blink
12:36:52.3764,.,.,blink
12:36:52.3769,.,.,blink
12:36:52.3774,.,.,blink
12:36:52.3779,.,.,blink
12:36:52.3784,.,.,blink
12:36:52.3789,.,.,blink
12:36:52.3794,.,.,blink
12:36:52.3799,.,.,blink
12:36:52.3804,.,.,blink
12:36:52.3809,.,.,blink
12:36:52.3814,.,.,blink
12:36:52.3819,.,.,blink
12:36:52.3824,.,.,blink
12:36:52.3829,.,.,blink
12:36:52.3834,.,.,blink
12:36:52.3839,.,.,blink
12:36:52.3844,.,.,blink
12:36:52.3849,.,.,blink
12:36:52.3854,.,.,blink
12:36:52.3859,.,.,blink
12:36:52.3864,.,.,blink
12:36:52.3869,.,.,blink
12:36:52.3874,.,.,blink
12:36:52.3879,.,.,blink
12:36:52.3884,.,.,blink
12:36:52.3889,.,.,blink
12:36:52.3894,.,.,blink
12:36:52.3899,.,.,blink
12:36:52.3904,.,.,blink
12:36:52.3909,.,.,blink
12:36:52.3914,.,.,blink
12:36:52.3919,.,.,blink
12:36:52.3924,.,.,blink
12:36:52.3929,.,.,blink
12:36:52.3934,.,.,blink
12:36:52.3939,.,.,blink
12:36:52.3944,.,.,blink
12:36:52.3949,.,.,blink
12:36:52.3954,.,.,blink
12:36:52.3959,.,.,blink
12:36:52.3964,.,.,blink
12:36:52.3969,.,.,blink
12:36:52.3974,.,.,blink
12:36:52.3979,.,.,blink
12:36:52.3984,.,.,blink
12:36:52.3989,.,.,blink
12:36:52.3994,.,.,blink
12:36:52.3999,.,.,blink
12:36:52.4004,.,.,blink
12:36:52.4009,.,.,blink
12:36:52.4014,.,.,blink
12:36:52.4019,.,.,blink
12:36:52.4024,.,.,blink
12:36:52.4029,.,.,blink
12:36:52.4034,.,.,blink
12:36:52.4039,.,.,blink
12:36:52.4044,.,.,blink
12:36:52.4049,.,.,blink
12:36:52.4054,.,.,blink
12:36:52.4059,.,.,blink
12:36:52.4064,.,.,blink
12:36:52.4069,.,.,blink
12:36:52.4074,.,.,blink
12:36:52.4079,.,.,blink
12:36:52.4084,.,.,blink
12:36:52.4089,.,.,blink
12:36:52.4094,.,.,blink
12:36:52.4099,.,.,blink
12:36:52.4104,.,.,blink
12:36:52.4109,.,.,blink
12:36:52.4114,.,.,blink
12:36:52.4119,.,.,blink
12:36:52.4124,.,.,blink
12:36:52.4129,.,.,blink
12:36:52.4134,.,.,blink
12:36:52.4139,.,.,blink
12:36:52.4144,.,.,blink
12:36:52.4149,.,.,blink
12:36:52.4154,.,.,blink
12:36:52.4159,.,.,blink
12:36:52.4164,.,.,blink
12:36:52.4169,.,.,blink
12:36:52.4174,.,.,blink
12:36:52.4179,.,.,blink
12:36:52.4184,.,.,blink
12:36:52.4189,.,.,blink
12:36:52.4194,.,.,blink
12:36:52.4199,.,.,blink
12:36:52.4204,.,.,blink
12:36:52.4209,.,.,blink
12:36:52.4214,.,.,blink
12:36:52.4219,.,.,blink
12:36:52.4224,.,.,blink
12:36:52.4229,.,.,blink
12:36:52.4234,.,.,blink
12:36:52.4239,.,.,blink
12:36:52.4244,.,.,blink
12:36:52.4249,.,.,blink
12:36:52.4254,.,.,blink
12:36:52.4259,.,.,blink
12:36:52.4264,.,.,blink
12:36:52.4269,.,.,blink
12:36:52.4274,.,.,blink
12:36:52.4279,.,.,blink
12:36:52.4284,.,.,blink
12:36:52.4289,.,.,blink
12:36:52.4294,.,.,blink
12:36:52.4299,.,.,blink
12:36:52.4304,.,.,blink
12:36:52.4309,.,.,blink
12:36:52.4314,.,.,blink
12:36:52.4319,.,.,blink
12:36:52.4324,.,.,blink
12:36:52.4329,.,.,blink
12:36:52.4334,.,.,blink
12:36:52.4339,.,.,blink
12:36:52.4344,.,.,blink
12:36:52.4349,.,.,blink
12:36:52.4354,.,.,blink
12:36:52.4359,.,.,blink
12:36:52.4364,.,.,blink
12:36:52.4369,.,.,blink
12:36:52.4374,.,.,blink
12:36:52.4379,.,.,blink
12:36:52.4384,.,.,blink
12:36:52.4389,.,.,blink
12:36:52.4394,.,.,blink
12:36:52.4399,.,.,blink
12:36:52.4404,.,.,blink
12:36:52.4409,.,.,blink
12:36:52.4414,.,.,blink
12:36:52.4419,.,.,blink
12:36:52.4424,.,.,blink
12:36:52.4429,.,.,blink
12:36:52.4434,.,.,blink
12:36:52.4439,.,.,blink
12:36:52.4444,.,.,blink
12:36:52.4449,.,.,blink
12:36:52.4454,.,.,blink
12:36:52.4459,.,.,blink
12:36:52.4464,.,.,blink
12:36:52.4469,.,.,blink
12:36:52.4474,.,.,blink
12:36:52.4479,.,.,blink
12:36:52.4484,.,.,blink
12:36:52.4489,.,.,blink
12:36:52.4494,.,.,blink
12:36:52.4499,.,.,blink
12:36:52.4504,.,.,blink
12:36:52.4509,.,.,blink
12:36:52.4514,.,.,blink
12:36:52.4519,.,.,blink
12:36:52.4524,.,.,blink
12:36:52.4529,.,.,blink
12:36:52.4534,.,.,blink
12:36:52.4539,.,.,blink
12:36:52.4544,.,.,blink
12:36:52.4549,.,.,blink
12:36:52.4554,.,.,blink
12:36:52.4559,.,.,blink
12:36:52.4564,.,.,blink
12:36:52.4569,.,.,blink
12:36:52.4574,.,.,blink
12:36:52.4579,.,.,blink
12:36:52.4584,.,.,blink
12:36:52.4589,.,.,blink
12:36:52.4594,.,.,blink
12:36:52.4599,.,.,blink
12:36:52.4604,.,.,blink
12:36:52.4609,.,.,blink
12:36:52.4614,.,.,blink
12:36:52.4619,.,.,blink
12:36:52.4624,.,.,blink
12:36:52.4629,.,.,blink
12:36:52.4634,.,.,blink
12:36:52.4639,.,.,blink
12:36:52.4644,.,.,blink
12:36:52.4649,.,.,blink
12:36:52.4654,.,.,blink
12:36:52.4659,.,.,blink
12:36:52.4664,.,.,blink
12:36:52.4669,.,.,blink
12:36:52.4674,.,.,blink
12:36:52.4679,.,.,blink
12:36:52.4684,.,.,blink
12:36:52.4689,.,.,blink
12:36:52.4694,.,.,blink
12:36:52.4699,.,.,blink
12:36:52.4704,.,.,blink
12:36:52.4709,.,.,blink
12:36:52.4714,.,.,blink
12:36:52.4719,.,.,blink
12:36:52.4724,.,.,blink
12:36:52.4729,.,.,blink
12:36:52.4734,.,.,blink
12:36:52.4739,.,.,blink
12:36:52.4744,.,.,blink
12:36:52.4749,.,.,blink
12:36:52.4754,.,.,blink
12:36:52.4759,.,.,blink
12:36:52.4764,.,.,blink
12:36:52.4769,.,.,blink
12:36:52.4774,.,.,blink
12:36:52.4779,.,.,blink
12:36:52.4784,.,.,blink
12:36:52.4789,.,.,blink
12:36:52.4794,.,.,blink
12:36:52.4799,.,.,blink
12:36:52.4804,.,.,blink
12:36:52.4809,.,.,blink
12:36:52.4814,.,.,blink
12:36:52.4819,.,.,blink
12:36:52.4824,.,.,blink
12:36:52.4829,.,.,blink
12:36:52.4834,.,.,blink
12:36:52.4839,.,.,blink
12:36:52.4844,.,.,blink
12:36:52.4849,.,.,blink
12:36:52.4854,.,.,blink
12:36:52.4859,.,.,blink
12:36:52.4864,.,.,blink
12:36:52.4869,.,.,blink
12:36:52.4874,.,.,blink
12:36:52.4879,.,.,blink
12:36:52.4884,.,.,blink
12:36:52.4889,.,.,blink
12:36:52.4894,.,.,blink
12:36:52.4899,.,.,blink
12:36:52.4904,.,.,blink
12:36:52.4909,.,.,blink
12:36:52.4914,.,.,blink
12:36:52.4919,.,.,blink
12:36:52.4924,.,.,blink
12:36:52.4929,.,.,blink
12:36:52.4934,.,.,blink
12:36:52.4939,.,.,blink
12:36:52.4944,.,.,blink
12:36:52.4949,.,.,blink
12:36:52.4954,.,.,blink
12:36:52.4959,.,.,blink
12:36:52.4964,.,.,blink
12:36:52.4969,.,.,blink
12:36:52.4974,.,.,blink
12:36:52.4979,.,.,blink
12:36:52.4984,.,.,blink
12:36:52.4989,.,.,blink
12:36:52.4994,.,.,blink
12:36:52.4999,.,.,blink
12:36:52.5004,.,.,blink
12:36:52.5009,.,.,blink
12:36:52.5014,.,.,blink
12:36:52.5019,.,.,blink
12:36:52.5024,.,.,blink
12:36:52.5029,.,.,blink
12:36:52.5034,.,.,blink
12:36:52.5039,.,.,blink
12:36:52.5044,.,.,blink
12:36:52.5049,.,.,blink
12:36:52.5054,.,.,blink
12:36:52.5059,.,.,blink
12:36:52.5064,.,.,blink
12:36:52.5069,.,.,blink
12:36:52.5074,.,.,blink
12:36:52.5079,.,.,blink
12:36:52.5084,.,.,blink
12:36:52.5089,.,.,blink
12:36:52.5094,.,.,blink
12:36:52.5099,.,.,blink
12:36:52.5104,.,.,blink
12:36:52.5109,.,.,blink
12:36:52.5114,.,.,blink
12:36:52.5119,.,.,blink
12:36:52.5124,.,.,blink
12:36:52.5129,.,.,blink
12:36:52.5134,.,.,blink
12:36:52.5139,.,.,blink
12:36:52.5144,.,.,blink
12:36:52.5149,.,.,blink
12:36:52.5154,.,.,blink
12:36:52.5159,.,.,blink
12:36:52.5164,.,.,blink
12:36:52.5169,.,.,blink
12:36:52.5174,.,.,blink
12:36:52.5179,.,.,blink
12:36:52.5184,.,.,blink
12:36:52.5189,.,.,blink
12:36:52.5194,.,.,blink
12:36:52.5199,.,.,blink
12:36:52.5204,.,.,blink
12:36:52.5209,.,.,blink
12:36:52.5214,.,.,blink
12:36:52.5219,.,.,blink
12:36:52.5224,.,.,blink
12:36:52.5229,.,.,blink
12:36:52.5234,.,.,blink
12:36:52.5239,.,.,blink
12:36:52.5244,.,.,blink
12:36:52.5249,.,.,blink
12:36:52.5254,.,.,blink
12:36:52.5259,.,.,blink
12:36:52.5264,.,.,blink
12:36:52.5269,.,.,blink
12:36:52.5274,.,.,blink
12:36:52.5279,.,.,blink
12:36:52.5284,.,.,blink
12:36:52.5289,.,.,blink
12:36:52.5294,.,.,blink
12:36:52.5299,.,.,blink
12:36:52.5304,.,.,blink
12:36:52.5309,.,.,blink
12:36:52.5314,.,.,blink
12:36:52.5319,.,.,blink
12:36:52.5324,.,.,blink
12:36:52.5329,.,.,blink
12:36:52.5334,.,.,blink
12:36:52.5339,.,.,blink
12:36:52.5344,.,.,blink
12:36:52.5349,.,.,blink
12:36:52.5354,.,.,blink
12:36:52.5359,.,.,blink
12:36:52.5364,.,.,blink
12:36:52.5369,.,.,blink
12:36:52.5374,.,.,blink
12:36:52.5379,.,.,blink
12:36:52.5384,.,.,blink
12:36:52.5389,.,.,blink
12:36:52.5394,.,.,blink
12:36:52.5399,.,.,blink
12:36:52.5404,.,.,blink
12:36:52.5409,.,.,blink
12:36:52.5414,.,.,blink
12:36:52.5419,.,.,blink
12:36:52.5424,.,.,blink
12:36:52.5429,.,.,blink
12:36:52.5434,.,.,blink
12:36:52.5439,.,.,blink
12:36:52.5444,.,.,blink
12:36:52.5449,.,.,blink
12:36:52.5454,.,.,blink
12:36:52.5459,.,.,blink
12:36:52.5464,.,.,blink
12:36:52.5469,.,.,blink
12:36:52.5474,.,.,blink
12:36:52.5479,.,.,blink
12:36:52.5484,.,.,blink
12:36:52.5489,.,.,blink
12:36:52.5494,.,.,blink
12:36:52.5499,.,.,blink
12:36:52.5504,.,.,blink
12:36:52.5509,.,.,blink
12:36:52.5514,.,.,blink
12:36:52.5519,.,.,blink
12:36:52.5524,.,.,blink
12:36:52.5529,.,.,blink
12:36:52.5534,.,.,blink
12:36:52.5539,.,.,blink
12:36:52.5544,.,.,blink
12:36:52.5549,.,.,blink
12:36:52.5554,.,.,blink
12:36:52.5559,.,.,blink
12:36:52.5564,.,.,blink
12:36:52.5569,.,.,blink
12:36:52.5574,.,.,blink
12:36:52.5579,.,.,blink
12:36:52.5584,.,.,blink
12:36:52.5589,.,.,blink
12:36:52.5594,.,.,blink
12:36:52.5599,.,.,blink
12:36:52.5604,.,.,blink
12:36:52.5609,.,.,blink
12:36:52.5614,.,.,blink
12:36:52.5619,.,.,blink
12:36:52.5624,.,.,blink
12:36:52.5629,.,.,blink
12:36:52.5634,.,.,blink
12:36:52.5639,.,.,blink
12:36:52.5644,.,.,blink
12:36:52.5649,.,.,blink
12:36:52.5654,.,.,blink
12:36:52.5659,.,.,blink
12:36:52.5664,.,.,blink
12:36:52.5669,.,.,blink
12:36:52.5674,.,.,blink
12:36:52.5679,.,.,blink
12:36:52.5684,.,.,blink
12:36:52.5689,.,.,blink
12:36:52.5694,.,.,blink
12:36:52.5699,.,.,blink
12:36:52.5704,.,.,blink
12:36:52.5709,.,.,blink
12:36:52.5714,.,.,blink
12:36:52.5719,.,.,blink
12:36:52.5724,.,.,blink
12:36:52.5729,.,.,blink
12:36:52.5734,.,.,blink
12:36:52.5739,.,.,blink
12:36:52.5744,.,.,blink
12:36:52.5749,.,.,blink
12:36:52.5754,.,.,blink
12:36:52.5759,.,.,blink
12:36:52.5764,.,.,blink
12:36:52.5769,.,.,blink
12:36:52.5774,.,.,blink
12:36:52.5779,.,.,blink
12:36:52.5784,.,.,blink
12:36:52.5789,.,.,blink
12:36:52.5794,.,.,blink
12:36:52.5799,.,.,blink
12:36:52.5804,.,.,blink
12:36:52.5809,.,.,blink
12:36:52.5814,.,.,blink
12:36:52.5819,.,.,blink
12:36:52.5824,.,.,blink
12:36:52.5829,.,.,blink
12:36:52.5834,.,.,blink
12:36:52.5839,.,.,blink
12:36:52.5844,.,.,blink
12:36:52.5849,.,.,blink
12:36:52.5854,.,.,blink
12:36:52.5859,.,.,blink
12:36:52.5864,.,.,blink
12:36:52.5869,.,.,blink
12:36:52.5874,.,.,blink
12:36:52.5879,.,.,blink
12:36:52.5884,.,.,blink
12:36:52.5889,.,.,blink
12:36:52.5894,.,.,blink
12:36:52.5899,.,.,blink
12:36:52.5904,.,.,blink
12:36:52.5909,.,.,blink
12:36:52.5914,.,.,blink
12:36:52.5919,.,.,blink
12:36:52.5924,.,.,blink
12:36:52.5929,.,.,blink
12:36:52.5934,.,.,blink
12:36:52.5939,.,.,blink
12:36:52.5944,.,.,blink
12:36:52.5949,.,.,blink
12:36:52.5954,.,.,blink
12:36:52.5959,.,.,blink
12:36:52.5964,.,.,blink
12:36:52.5969,.,.,blink
12:36:52.5974,.,.,blink
12:36:52.5979,.,.,blink
12:36:52.5984,.,.,blink
12:36:52.5989,.,.,blink
12:36:52.5994,.,.,blink
12:36:52.5999,.,.,blink
12:36:52.6004,.,.,blink
12:36:52.6009,.,.,blink
12:36:52.6014,.,.,blink
12:36:52.6019,.,.,blink
12:36:52.6024,.,.,blink
12:36:52.6029,.,.,blink
12:36:52.6034,.,.,blink
12:36:52.6039,.,.,blink
12:36:52.6044,.,.,blink
12:36:52.6049,.,.,blink
12:36:52.6054,.,.,blink
12:36:52.6059,.,.,blink
12:36:52.6064,.,.,blink
12:36:52.6069,.,.,blink
12:36:52.6074,.,.,blink
12:36:52.6079,.,.,blink
12:36:52.6084,.,.,blink
12:36:52.6089,.,.,blink
12:36:52.6094,.,.,blink
12:36:52.6099,.,.,blink
12:36:52.6104,.,.,blink
12:36:52.6109,.,.,blink
12:36:52.6114,.,.,blink
12:36:52.6119,.,.,blink
12:36:52.6124,.,.,blink
12:36:52.6129,.,.,blink
12:36:52.6134,.,.,blink
12:36:52.6139,.,.,blink
12:36:52.6144,.,.,blink
12:36:52.6149,.,.,blink
12:36:52.6154,.,.,blink
12:36:52.6159,.,.,blink
12:36:52.6164,.,.,blink
12:36:52.6169,.,.,blink
12:36:52.6174,.,.,blink
12:36:52.6179,.,.,blink
12:36:52.6184,.,.,blink
12:36:52.6189,.,.,blink
12:36:52.6194,.,.,blink
12:36:52.6199,.,.,blink
12:36:52.6204,.,.,blink
12:36:52.6209,.,.,blink
12:36:52.6214,.,.,blink
12:36:52.6219,.,.,blink
12:36:52.6224,.,.,blink
12:36:52.6229,.,.,blink
12:36:52.6234,.,.,blink
12:36:52.6239,.,.,blink
12:36:52.6244,.,.,blink
12:36:52.6249,.,.,blink
12:36:52.6254,.,.,blink
12:36:52.6259,.,.,blink
12:36:52.6264,.,.,blink
12:36:52.6269,.,.,blink
12:36:52.6274,.,.,blink
12:36:52.6279,.,.,blink
12:36:52.6284,.,.,blink
12:36:52.6289,.,.,blink
12:36:52.6294,.,.,blink
12:36:52.6299,.,.,blink
12:36:52.6304,.,.,blink
12:36:52.6309,.,.,blink
12:36:52.6314,.,.,blink
12:36:52.6319,.,.,blink
12:36:52.6324,.,.,blink
12:36:52.6329,.,.,blink
12:36:52.6334,.,.,blink
12:36:52.6339,.,.,blink
12:36:52.6344,.,.,blink
12:36:52.6349,.,.,blink
12:36:52.6354,.,.,blink
12:36:52.6359,.,.,blink
12:36:52.6364,.,.,blink
12:36:52.6369,.,.,blink
12:36:52.6374,.,.,blink
12:36:52.6379,.,.,blink
12:36:52.6384,.,.,blink
12:36:52.6389,.,.,blink
12:36:52.6394,.,.,blink
12:36:52.6399,.,.,blink
12:36:52.6404,.,.,blink
12:36:52.6409,.,.,blink
12:36:52.6414,.,.,blink
12:36:52.6419,.,.,blink
12:36:52.6424,.,.,blink
12:36:52.6429,.,.,blink
12:36:52.6434,.,.,blink
12:36:52.6439,.,.,blink
12:36:52.6444,.,.,blink
12:36:52.6449,.,.,blink
12:36:52.6454,.,.,blink
12:36:52.6459,.,.,blink
12:36:52.6464,.,.,blink
12:36:52.6469,.,.,blink
12:36:52.6474,.,.,blink
12:36:52.6479,.,.,blink
12:36:52.6484,.,.,blink
12:36:52.6489,.,.,blink
12:36:52.6494,.,.,blink
12:36:52.6499,.,.,blink
12:36:52.6504,.,.,blink
12:36:52.6509,.,.,blink
12:36:52.6514,.,.,blink
12:36:52.6519,.,.,blink
12:36:52.6524,.,.,blink
12:36:52.6529,.,.,blink
12:36:52.6534,.,.,blink
12:36:52.6539,.,.,blink
12:36:52.6544,.,.,blink
12:36:52.6549,.,.,blink
12:36:52.6554,.,.,blink
12:36:52.6559,.,.,blink
12:36:52.6564,.,.,blink
12:36:52.6569,.,.,blink
12:36:52.6574,.,.,blink
12:36:52.6579,.,.,blink
12:36:52.6584,.,.,blink
12:36:52.6589,.,.,blink
12:36:52.6594,.,.,blink
12:36:52.6599,.,.,blink
12:36:52.6604,.,.,blink
12:36:52.6609,.,.,blink
12:36:52.6614,.,.,blink
12:36:52.6619,.,.,blink
12:36:52.6624,.,.,blink
12:36:52.6629,.,.,blink
12:36:52.6634,.,.,blink
12:36:52.6639,.,.,blink
12:36:52.6644,.,.,blink
12:36:52.6649,.,.,blink
12:36:52.6654,.,.,blink
12:36:52.6659,.,.,blink
12:36:52.6664,.,.,blink
12:36:52.6669,.,.,blink
12:36:52.6674,.,.,blink
12:36:52.6679,.,.,blink
12:36:52.6684,.,.,blink
12:36:52.6689,.,.,blink
12:36:52.6694,.,.,blink
12:36:52.6699,.,.,blink
12:36:52.6704,.,.,blink
12:36:52.6709,.,.,blink
12:36:52.6714,.,.,blink
12:36:52.6719,.,.,blink
12:36:52.6724,.,.,blink
12:36:52.6729,.,.,blink
12:36:52.6734,.,.,blink
12:36:52.6739,.,.,blink
12:36:52.6744,.,.,blink
12:36:52.6749,.,.,blink
12:36:52.6754,.,.,blink
12:36:52.6759,.,.,blink
12:36:52.6764,.,.,blink
12:36:52.6769,.,.,blink
12:36:52.6774,.,.,blink
12:36:52.6779,.,.,blink
12:36:52.6784,.,.,blink
12:36:52.6789,.,.,blink
12:36:52.6794,.,.,blink
12:36:52.6799,.,.,blink
12:36:52.6804,.,.,blink
12:36:52.6809,.,.,blink
12:36:52.6814,.,.,blink
12:36:52.6819,.,.,blink
12:36:52.6824,.,.,blink
12:36:52.6829,.,.,blink
12:36:52.6834,.,.,blink
12:36:52.6839,.,.,blink
12:36:52.6844,.,.,blink
12:36:52.6849,.,.,blink
12:36:52.6854,.,.,blink
12:36:52.6859,.,.,blink
12:36:52.6864,.,.,blink
12:36:52.6869,.,.,blink
12:36:52.6874,.,.,blink
12:36:52.6879,.,.,blink
12:36:52.6884,.,.,blink
12:36:52.6889,.,.,blink
12:36:52.6894,.,.,blink
12:36:52.6899,.,.,blink
12:36:52.6904,.,.,blink
12:36:52.6909,.,.,blink
12:36:52.6914,.,.,blink
12:36:52.6919,.,.,blink
12:36:52.6924,.,.,blink
12:36:52.6929,.,.,blink
12:36:52.6934,.,.,blink
12:36:52.6939,.,.,blink
12:36:52.6944,.,.,blink
12:36:52.6949,.,.,blink
12:36:52.6954,.,.,blink
12:36:52.6959,.,.,blink
12:36:52.6964,.,.,blink
12:36:52.6969,.,.,blink
12:36:52.6974,.,.,blink
12:36:52.6979,.,.,blink
12:36:52.6984,.,.,blink
12:36:52.6989,.,.,blink
12:36:52.6994,.,.,blink
12:36:52.6999,.,.,blink
12:36:52.7004,.,.,blink
12:36:52.7009,.,.,blink
12:36:52.7014,.,.,blink
12:36:52.7019,.,.,blink
12:36:52.7024,.,.,blink
12:36:52.7029,.,.,blink
12:36:52.7034,.,.,blink
12:36:52.7039,.,.,blink
12:36:52.7044,.,.,blink
12:36:52.7049,.,.,blink
12:36:52.7054,.,.,blink
12:36:52.7059,.,.,blink
12:36:52.7064,.,.,blink
12:36:52.7069,.,.,blink
12:36:52.7074,.,.,blink
12:36:52.7079,.,.,blink
12:36:52.7084,.,.,blink
12:36:52.7089,.,.,blink
12:36:52.7094,.,.,blink
12:36:52.7099,.,.,blink
12:36:52.7104,.,.,blink
12:36:52.7109,.,.,blink
12:36:52.7114,.,.,blink
12:36:52.7119,.,.,blink
12:36:52.7124,.,.,blink
12:36:52.7129,.,.,blink
12:36:52.7134,.,.,blink
12:36:52.7139,.,.,blink
12:36:52.7144,.,.,blink
12:36:52.7149,.,.,blink
12:36:52.7154,.,.,blink
12:36:52.7159,.,.,blink
12:36:52.7164,.,.,blink
12:36:52.7169,.,.,blink
12:36:52.7174,.,.,blink
12:36:52.7179,.,.,blink
12:36:52.7184,.,.,blink
12:36:52.7189,.,.,blink
12:36:52.7194,.,.,blink
12:36:52.7199,.,.,blink
12:36:52.7204,.,.,blink
12:36:52.7209,.,.,blink
12:36:52.7214,.,.,blink
12:36:52.7219,.,.,blink
12:36:52.7224,.,.,blink
12:36:52.7229,.,.,blink
12:36:52.7234,.,.,blink
12:36:52.7239,.,.,blink
12:36:52.7244,.,.,blink
12:36:52.7249,.,.,blink
12:36:52.7254,.,.,blink
12:36:52.7259,.,.,blink
12:36:52.7264,.,.,blink
12:36:52.7269,.,.,blink
12:36:52.7274,.,.,blink
12:36:52.7279,.,.,blink
12:36:52.7284,.,.,blink
12:36:52.7289,.,.,blink
12:36:52.7294,.,.,blink
12:36:52.7299,.,.,blink
12:36:52.7304,.,.,blink
12:36:52.7309,.,.,blink
12:36:52.7314,.,.,blink
12:36:52.7319,.,.,blink
12:36:52.7324,.,.,blink
12:36:52.7329,.,.,blink
12:36:52.7334,.,.,blink
12:36:52.7339,.,.,blink
12:36:52.7344,.,.,blink
12:36:52.7349,.,.,blink
12:36:52.7354,.,.,blink
12:36:52.7359,.,.,blink
12:36:52.7364,.,.,blink
12:36:52.7369,.,.,blink
12:36:52.7374,.,.,blink
12:36:52.7379,.,.,blink
12:36:52.7384,.,.,blink
12:36:52.7389,.,.,blink
12:36:52.7394,.,.,blink
12:36:52.7399,.,.,blink
12:36:52.7404,.,.,blink
12:36:52.7409,.,.,blink
12:36:52.7414,.,.,blink
12:36:52.7419,.,.,blink
12:36:52.7424,.,.,blink
12:36:52.7429,.,.,blink
12:36:52.7434,.,.,blink
12:36:52.7439,.,.,blink
12:36:52.7444,.,.,blink
12:36:52.7449,.,.,blink
12:36:52.7454,.,.,blink
12:36:52.7459,.,.,blink
12:36:52.7464,.,.,blink
12:36:52.7469,.,.,blink
12:36:52.7474,.,.,blink
12:36:52.7479,.,.,blink
12:36:52.7484,.,.,blink
12:36:52.7489,.,.,blink
12:36:52.7494,.,.,blink
12:36:52.7499,.,.,blink
12:36:52.7504,.,.,blink
12:36:52.7509,.,.,blink
12:36:52.7514,.,.,blink
12:36:52.7519,.,.,blink
12:36:52.7524,.,.,blink
12:36:52.7529,.,.,blink
12:36:52.7534,.,.,blink
12:36:52.7539,.,.,blink
12:36:52.7544,.,.,blink
12:36:52.7549,.,.,blink
12:36:52.7554,.,.,blink
12:36:52.7559,.,.,blink
12:36:52.7564,.,.,blink
12:36:52.7569,.,.,blink
12:36:52.7574,.,.,blink
12:36:52.7579,.,.,blink
12:36:52.7584,.,.,blink
12:36:52.7589,.,.,blink
12:36:52.7594,.,.,blink
12:36:52.7599,.,.,blink
12:36:52.7604,.,.,blink
12:36:52.7609,.,.,blink
12:36:52.7614,.,.,blink
12:36:52.7619,.,.,blink
12:36:52.7624,.,.,blink
12:36:52.7629,.,.,blink
12:36:52.7634,.,.,blink
12:36:52.7639,.,.,blink
12:36:52.7644,.,.,blink
12:36:52.7649,.,.,blink
12:36:52.7654,.,.,blink
12:36:52.7659,.,.,blink
12:36:52.7664,.,.,blink
12:36:52.7669,.,.,blink
12:36:52.7674,.,.,blink
12:36:52.7679,.,.,blink
12:36:52.7684,.,.,blink
12:36:52.7689,.,.,blink
12:36:52.7694,.,.,blink
12:36:52.7699,.,.,blink
12:36:52.7704,.,.,blink
12:36:52.7709,.,.,blink
12:36:52.7714,.,.,blink
12:36:52.7719,.,.,blink
12:36:52.7724,.,.,blink
12:36:52.7729,.,.,blink
12:36:52.7734,.,.,blink
12:36:52.7739,.,.,blink
12:36:52.7744,.,.,blink
12:36:52.7749,.,.,blink
12:36:52.7754,.,.,blink
12:36:52.7759,.,.,blink
12:36:52.7764,.,.,blink
12:36:52.7769,.,.,blink
12:36:52.7774,.,.,blink
12:36:52.7779,.,.,blink
12:36:52.7784,.,.,blink
12:36:52.7789,.,.,blink
12:36:52.7794,.,.,blink
12:36:52.7799,.,.,blink
12:36:52.7804,.,.,blink
12:36:52.7809,.,.,blink
12:36:52.7814,.,.,blink
12:36:52.7819,.,.,blink
12:36:52.7824,.,.,blink
12:36:52.7829,.,.,blink
12:36:52.7834,.,.,blink
12:36:52.7839,.,.,blink
12:36:52.7844,.,.,blink
12:36:52.7849,.,.,blink
12:36:52.7854,.,.,blink
12:36:52.7859,.,.,blink
12:36:52.7864,.,.,blink
12:36:52.7869,.,.,blink
12:36:52.7874,.,.,blink
12:36:52.7879,.,.,blink
12:36:52.7884,.,.,blink
12:36:52.7889,.,.,blink
12:36:52.7894,.,.,blink
12:36:52.7899,.,.,blink
12:36:52.7904,.,.,blink
12:36:52.7909,.,.,blink
12:36:52.7914,.,.,blink
12:36:52.7919,.,.,blink
12:36:52.7924,.,.,blink
12:36:52.7929,.,.,blink
12:36:52.7934,.,.,blink
12:36:52.7939,.,.,blink
12:36:52.7944,.,.,blink
12:36:52.7949,.,.,blink
12:36:52.7954,.,.,blink
12:36:52.7959,.,.,blink
12:36:52.7964,.,.,blink
12:36:52.7969,.,.,blink
12:36:52.7974,.,.,blink
12:36:52.7979,.,.,blink
12:36:52.7984,.,.,blink
12:36:52.7989,.,.,blink
12:36:52.7994,.,.,blink
12:36:52.7999,.,.,blink
12:36:52.8004,.,.,blink
12:36:52.8009,.,.,blink
12:36:52.8014,.,.,blink
12:36:52.8019,.,.,blink
12:36:52.8024,.,.,blink
12:36:52.8029,.,.,blink
12:36:52.8034,.,.,blink
12:36:52.8039,.,.,blink
12:36:52.8044,.,.,blink
12:36:52.8049,.,.,blink
12:36:52.8054,.,.,blink
12:36:52.8059,.,.,blink
12:36:52.8064,.,.,blink
12:36:52.8069,.,.,blink
12:36:52.8074,.,.,blink
12:36:52.8079,.,.,blink
12:36:52.8084,.,.,blink
12:36:52.8089,.,.,blink
12:36:52.8094,.,.,blink
