TimeStamp,X,Y,Event
14:42:43.2268,623.4,482.9,saccade
14:42:43.2273,619.7,483.4,saccade
14:42:43.2278,617.9,484.9,saccade
14:42:43.2283,618.4,486.4,saccade
14:42:43.2288,620.5,484.5,saccade
14:42:43.2293,624.0,480.7,saccade
14:42:43.2298,626.3,478.8,fixation
14:42:43.2303,628.3,478.0,fixation
14:42:43.2308,628.8,477.9,fixation
14:42:43.2313,627.9,477.9,fixation
14:42:43.2318,626.5,478.3,fixation
14:42:43.2323,627.0,479.5,fixation
14:42:43.2328,627.2,480.5,fixation
14:42:43.2333,625.7,481.0,fixation
14:42:43.2338,625.1,482.0,fixation
14:42:43.2343,624.8,482.6,fixation
14:42:43.2348,625.1,481.7,fixation
14:42:43.2353,624.6,480.7,fixation
14:42:43.2358,624.1,481.5,fixation
14:42:43.2363,624.4,481.9,fixation
14:42:43.2368,624.2,482.6,fixation
14:42:43.2373,623.5,483.8,fixation
14:42:43.2378,622.9,485.2,fixation
14:42:43.2383,623.4,485.0,fixation
14:42:43.2388,624.1,483.9,fixation
14:42:43.2393,623.8,483.5,fixation
14:42:43.2398,623.6,482.2,fixation
14:42:43.2403,623.8,481.3,fixation
14:42:43.2408,623.6,482.3,fixation
14:42:43.2413,623.4,482.2,fixation
14:42:43.2418,622.7,482.2,fixation
14:42:43.2423,622.1,481.3,fixation
14:42:43.2428,622.5,480.6,fixation
14:42:43.2433,622.6,480.6,fixation
14:42:43.2438,622.2,480.5,fixation
14:42:43.2443,621.9,482.3,fixation
14:42:43.2448,621.5,480.7,fixation
14:42:43.2453,621.6,478.7,fixation
14:42:43.2458,621.4,478.5,fixation
14:42:43.2463,620.6,478.3,fixation
14:42:43.2468,620.3,478.9,fixation
14:42:43.2473,620.4,480.1,fixation
14:42:43.2478,620.6,481.9,fixation
14:42:43.2483,621.3,482.2,fixation
14:42:43.2488,621.6,481.7,fixation
14:42:43.2493,621.4,481.0,fixation
14:42:43.2498,621.3,480.0,fixation
14:42:43.2503,620.8,482.0,fixation
14:42:43.2508,621.0,481.7,fixation
14:42:43.2513,621.1,481.7,fixation
14:42:43.2518,619.7,482.0,fixation
14:42:43.2523,619.1,483.1,fixation
14:42:43.2528,619.2,482.7,fixation
14:42:43.2533,619.4,481.4,fixation
14:42:43.2538,620.3,481.0,fixation
14:42:43.2543,620.0,480.9,fixation
14:42:43.2548,619.8,480.6,fixation
14:42:43.2553,619.7,480.5,fixation
14:42:43.2558,619.7,480.6,fixation
14:42:43.2563,620.2,480.1,fixation
14:42:43.2568,620.6,480.0,fixation
14:42:43.2573,620.3,478.6,fixation
14:42:43.2578,620.3,477.4,fixation
14:42:43.2583,620.4,476.5,fixation
14:42:43.2588,620.7,476.6,fixation
14:42:43.2593,620.3,476.7,fixation
14:42:43.2598,619.7,476.3,fixation
14:42:43.2603,619.8,475.7,fixation
14:42:43.2608,619.9,474.7,fixation
14:42:43.2613,618.7,474.2,fixation
14:42:43.2618,617.7,474.3,fixation
14:42:43.2623,618.0,474.4,fixation
14:42:43.2628,617.4,474.5,fixation
14:42:43.2633,617.3,474.3,fixation
14:42:43.2638,617.4,474.1,fixation
14:42:43.2643,617.8,474.4,fixation
14:42:43.2648,618.8,474.9,fixation
14:42:43.2653,619.4,473.4,fixation
14:42:43.2658,618.6,472.2,fixation
14:42:43.2663,618.1,472.7,fixation
14:42:43.2668,618.0,473.3,fixation
14:42:43.2673,617.9,474.7,fixation
14:42:43.2678,617.9,474.9,fixation
14:42:43.2683,617.9,476.7,fixation
14:42:43.2688,617.4,477.1,fixation
14:42:43.2693,617.1,476.3,fixation
14:42:43.2698,617.0,476.6,saccade
14:42:43.2703,616.7,477.7,saccade
14:42:43.2708,615.8,478.0,saccade
14:42:43.2713,615.0,473.3,saccade
14:42:43.2718,613.3,457.6,saccade
14:42:43.2723,611.5,433.9,saccade
14:42:43.2728,612.5,406.0,saccade
14:42:43.2733,614.5,370.4,saccade
14:42:43.2738,616.1,331.5,saccade
14:42:43.2743,614.9,293.0,saccade
14:42:43.2748,612.7,260.4,saccade
14:42:43.2753,608.2,234.1,saccade
14:42:43.2758,602.7,220.9,saccade
14:42:43.2763,596.7,218.9,saccade
14:42:43.2768,589.0,226.3,saccade
14:42:43.2773,579.9,241.1,saccade
14:42:43.2778,571.7,257.5,saccade
14:42:43.2783,564.5,275.6,saccade
14:42:43.2788,560.3,289.5,saccade
14:42:43.2793,558.4,298.6,saccade
14:42:43.2798,558.9,302.8,saccade
14:42:43.2803,562.2,304.0,saccade
14:42:43.2808,567.0,303.1,saccade
14:42:43.2813,571.0,296.2,fixation
14:42:43.2818,573.8,286.9,fixation
14:42:43.2823,574.3,277.2,fixation
14:42:43.2828,573.9,269.1,fixation
14:42:43.2833,573.6,262.4,fixation
14:42:43.2838,571.9,258.2,fixation
14:42:43.2843,569.9,256.6,fixation
14:42:43.2848,569.4,254.5,fixation
14:42:43.2853,569.0,253.9,fixation
14:42:43.2858,568.8,254.3,fixation
14:42:43.2863,568.7,255.0,fixation
14:42:43.2868,567.5,256.7,fixation
14:42:43.2873,566.4,258.3,fixation
14:42:43.2878,567.2,258.6,fixation
14:42:43.2883,567.8,258.8,fixation
14:42:43.2888,567.8,259.4,fixation
14:42:43.2893,567.5,258.3,fixation
14:42:43.2898,567.4,257.6,fixation
14:42:43.2903,567.7,260.3,fixation
14:42:43.2908,567.8,261.3,fixation
14:42:43.2913,567.8,261.6,fixation
14:42:43.2918,567.4,262.0,fixation
14:42:43.2923,567.3,262.8,fixation
14:42:43.2928,567.3,263.3,fixation
14:42:43.2933,567.6,262.9,fixation
14:42:43.2938,568.1,262.6,fixation
14:42:43.2943,566.9,260.9,fixation
14:42:43.2948,565.9,259.7,fixation
14:42:43.2953,566.4,260.0,fixation
14:42:43.2958,567.3,259.8,fixation
14:42:43.2963,568.1,259.6,fixation
14:42:43.2968,568.7,260.5,fixation
14:42:43.2973,568.6,261.7,fixation
14:42:43.2978,568.9,261.4,fixation
14:42:43.2983,569.9,261.8,fixation
14:42:43.2988,571.0,262.8,fixation
14:42:43.2993,571.7,263.3,fixation
14:42:43.2998,572.4,264.8,fixation
14:42:43.3003,573.3,265.8,fixation
14:42:43.3008,574.4,265.8,fixation
14:42:43.3013,574.9,265.7,fixation
14:42:43.3018,575.1,265.2,fixation
14:42:43.3023,575.3,265.8,fixation
14:42:43.3028,575.7,266.6,fixation
14:42:43.3033,576.0,266.7,fixation
14:42:43.3038,576.6,265.7,fixation
14:42:43.3043,576.6,265.4,fixation
14:42:43.3048,576.2,264.7,fixation
14:42:43.3053,576.1,264.2,fixation
14:42:43.3058,576.5,264.8,fixation
14:42:43.3063,576.5,265.3,fixation
14:42:43.3068,576.8,266.0,fixation
14:42:43.3073,577.1,265.5,fixation
14:42:43.3078,576.8,265.4,fixation
14:42:43.3083,576.6,267.0,fixation
14:42:43.3088,576.1,268.8,fixation
14:42:43.3093,576.6,271.0,fixation
14:42:43.3098,577.7,271.4,fixation
14:42:43.3103,579.0,271.1,fixation
14:42:43.3108,580.2,272.8,fixation
14:42:43.3113,580.4,274.8,fixation
14:42:43.3118,581.7,275.0,fixation
14:42:43.3123,583.5,275.7,fixation
14:42:43.3128,584.0,276.3,fixation
14:42:43.3133,585.6,277.3,fixation
14:42:43.3138,586.1,278.9,saccade
14:42:43.3143,587.2,280.0,saccade
14:42:43.3148,587.9,280.3,saccade
14:42:43.3153,585.6,280.2,saccade
14:42:43.3158,577.7,280.8,saccade
14:42:43.3163,557.9,281.1,saccade
14:42:43.3168,525.1,279.1,saccade
14:42:43.3173,478.8,272.8,saccade
14:42:43.3178,429.6,264.4,saccade
14:42:43.3183,378.2,256.4,saccade
14:42:43.3188,325.8,242.6,saccade
14:42:43.3193,279.6,227.2,saccade
14:42:43.3198,243.6,218.5,saccade
14:42:43.3203,218.7,207.1,saccade
14:42:43.3208,205.5,200.2,saccade
14:42:43.3213,191.5,199.4,saccade
14:42:43.3218,177.4,196.9,saccade
14:42:43.3223,166.2,196.4,saccade
14:42:43.3228,154.0,201.2,saccade
14:42:43.3233,142.8,204.3,saccade
14:42:43.3238,134.0,205.2,saccade
14:42:43.3243,133.2,208.1,saccade
14:42:43.3248,138.3,209.5,saccade
14:42:43.3253,149.7,213.9,saccade
14:42:43.3258,165.1,216.1,saccade
14:42:43.3263,180.2,211.7,saccade
14:42:43.3268,188.5,207.2,saccade
14:42:43.3273,190.2,202.5,saccade
14:42:43.3278,183.6,199.3,saccade
14:42:43.3283,172.1,196.6,saccade
14:42:43.3288,158.2,193.9,saccade
14:42:43.3293,143.7,192.0,saccade
14:42:43.3298,133.7,192.5,saccade
14:42:43.3303,126.6,194.3,saccade
14:42:43.3308,124.0,195.5,saccade
14:42:43.3313,122.1,197.2,fixation
14:42:43.3318,123.9,197.3,fixation
14:42:43.3323,127.2,198.3,fixation
14:42:43.3328,128.1,199.0,fixation
14:42:43.3333,128.6,199.3,fixation
14:42:43.3338,128.8,202.2,fixation
14:42:43.3343,129.8,205.4,fixation
14:42:43.3348,131.5,204.6,fixation
14:42:43.3353,134.5,201.0,fixation
14:42:43.3358,136.9,202.1,fixation
14:42:43.3363,137.9,206.4,fixation
14:42:43.3368,139.8,207.1,fixation
14:42:43.3373,139.4,207.3,fixation
14:42:43.3378,137.3,207.1,fixation
14:42:43.3383,137.3,206.2,fixation
14:42:43.3388,136.8,206.1,fixation
14:42:43.3393,136.8,207.7,fixation
14:42:43.3398,136.9,209.8,fixation
14:42:43.3403,137.7,212.0,fixation
14:42:43.3408,138.2,211.2,fixation
14:42:43.3413,139.2,208.5,fixation
14:42:43.3418,138.7,209.0,fixation
14:42:43.3423,138.0,211.0,fixation
14:42:43.3428,136.0,211.5,fixation
14:42:43.3433,135.6,212.4,fixation
14:42:43.3438,134.8,215.7,fixation
14:42:43.3443,135.3,216.5,fixation
14:42:43.3448,135.5,217.6,fixation
14:42:43.3453,137.6,218.0,fixation
14:42:43.3458,140.8,216.4,fixation
14:42:43.3463,140.6,217.6,fixation
14:42:43.3468,138.7,219.0,fixation
14:42:43.3473,137.5,220.1,fixation
14:42:43.3478,136.8,222.7,fixation
14:42:43.3483,135.7,225.0,fixation
14:42:43.3488,134.9,225.0,fixation
14:42:43.3493,134.9,225.8,fixation
14:42:43.3498,132.5,229.2,fixation
14:42:43.3503,130.7,230.2,fixation
14:42:43.3508,132.1,229.0,fixation
14:42:43.3513,131.0,230.0,fixation
14:42:43.3518,131.9,233.3,fixation
14:42:43.3523,132.1,234.8,fixation
14:42:43.3528,133.4,234.9,fixation
14:42:43.3533,133.3,236.6,fixation
14:42:43.3538,131.9,239.8,fixation
14:42:43.3543,133.0,241.0,fixation
14:42:43.3548,132.9,244.1,fixation
14:42:43.3553,131.1,248.5,fixation
14:42:43.3558,133.5,249.1,fixation
14:42:43.3563,134.6,247.5,fixation
14:42:43.3568,135.2,245.5,fixation
14:42:43.3573,133.0,246.1,fixation
14:42:43.3578,131.6,245.9,fixation
14:42:43.3583,130.8,245.1,fixation
14:42:43.3588,131.3,245.2,fixation
14:42:43.3593,132.6,245.7,fixation
14:42:43.3598,132.5,246.9,fixation
14:42:43.3603,132.1,246.8,fixation
14:42:43.3608,130.4,248.8,fixation
14:42:43.3613,129.6,250.7,fixation
14:42:43.3618,129.7,250.0,fixation
14:42:43.3623,128.7,250.4,fixation
14:42:43.3628,128.3,250.7,fixation
14:42:43.3633,129.6,252.1,fixation
14:42:43.3638,129.3,255.6,saccade
14:42:43.3643,129.8,257.0,saccade
14:42:43.3648,130.0,259.8,saccade
14:42:43.3653,129.6,263.5,saccade
14:42:43.3658,121.8,263.6,saccade
14:42:43.3663,101.1,262.3,saccade
14:42:43.3668,76.6,266.7,saccade
14:42:43.3673,51.1,268.5,saccade
14:42:43.3678,32.0,272.2,saccade
14:42:43.3683,22.7,275.6,saccade
14:42:43.3688,.,.,blink
14:42:43.3693,.,.,blink
14:42:43.3698,.,.,blink
14:42:43.3703,.,.,blink
14:42:43.3708,.,.,blink
14:42:43.3713,.,.,blink
14:42:43.3718,.,.,blink
14:42:43.3723,.,.,blink
14:42:43.3728,.,.,blink
14:42:43.3733,.,.,blink
14:42:43.3738,.,.,blink
14:42:43.3743,.,.,blink
14:42:43.3748,.,.,blink
14:42:43.3753,.,.,blink
14:42:43.3758,.,.,blink
14:42:43.3763,.,.,blink
14:42:43.3768,.,.,blink
14:42:43.3773,.,.,blink
14:42:43.3778,.,.,blink
14:42:43.3783,.,.,blink
14:42:43.3788,.,.,blink
14:42:43.3793,.,.,blink
14:42:43.3798,.,.,blink
14:42:43.3803,.,.,blink
14:42:43.3808,.,.,blink
14:42:43.3813,.,.,blink
14:42:43.3818,.,.,blink
14:42:43.3823,.,.,blink
14:42:43.3828,.,.,blink
14:42:43.3833,.,.,blink
14:42:43.3838,.,.,blink
14:42:43.3843,.,.,blink
14:42:43.3848,.,.,blink
14:42:43.3853,.,.,blink
14:42:43.3858,.,.,blink
14:42:43.3863,.,.,blink
14:42:43.3868,.,.,blink
14:42:43.3873,.,.,blink
14:42:43.3878,.,.,blink
14:42:43.3883,.,.,blink
14:42:43.3888,.,.,blink
14:42:43.3893,.,.,blink
14:42:43.3898,.,.,blink
14:42:43.3903,.,.,blink
14:42:43.3908,.,.,blink
14:42:43.3913,.,.,blink
14:42:43.3918,.,.,blink
14:42:43.3923,.,.,blink
14:42:43.3928,.,.,blink
14:42:43.3933,.,.,blink
14:42:43.3938,.,.,blink
14:42:43.3943,.,.,blink
14:42:43.3948,.,.,blink
14:42:43.3953,.,.,blink
14:42:43.3958,.,.,blink
14:42:43.3963,.,.,blink
14:42:43.3968,.,.,blink
14:42:43.3973,.,.,blink
14:42:43.3978,.,.,blink
14:42:43.3983,.,.,blink
14:42:43.3988,.,.,blink
14:42:43.3993,.,.,blink
14:42:43.3998,.,.,blink
14:42:43.4003,.,.,blink
14:42:43.4008,.,.,blink
14:42:43.4013,.,.,blink
14:42:43.4018,.,.,blink
14:42:43.4023,.,.,blink
14:42:43.4028,.,.,blink
14:42:43.4033,.,.,blink
14:42:43.4038,.,.,blink
14:42:43.4043,.,.,blink
14:42:43.4048,.,.,blink
14:42:43.4053,.,.,blink
14:42:43.4058,.,.,blink
14:42:43.4063,.,.,blink
14:42:43.4068,.,.,blink
14:42:43.4073,.,.,blink
14:42:43.4078,.,.,blink
14:42:43.4083,.,.,blink
14:42:43.4088,.,.,blink
14:42:43.4093,.,.,blink
14:42:43.4098,.,.,blink
14:42:43.4103,.,.,blink
14:42:43.4108,.,.,blink
14:42:43.4113,.,.,blink
14:42:43.4118,.,.,blink
14:42:43.4123,.,.,blink
14:42:43.4128,.,.,blink
14:42:43.4133,.,.,blink
14:42:43.4138,.,.,blink
14:42:43.4143,.,.,blink
14:42:43.4148,.,.,blink
14:42:43.4153,.,.,blink
14:42:43.4158,.,.,blink
14:42:43.4163,.,.,blink
14:42:43.4168,.,.,blink
14:42:43.4173,.,.,blink
14:42:43.4178,.,.,blink
14:42:43.4183,.,.,blink
14:42:43.4188,.,.,blink
14:42:43.4193,.,.,blink
14:42:43.4198,.,.,blink
14:42:43.4203,.,.,blink
14:42:43.4208,.,.,blink
14:42:43.4213,.,.,blink
14:42:43.4218,.,.,blink
14:42:43.4223,.,.,blink
14:42:43.4228,.,.,blink
14:42:43.4233,.,.,blink
14:42:43.4238,.,.,blink
14:42:43.4243,.,.,blink
14:42:43.4248,.,.,blink
14:42:43.4253,.,.,blink
14:42:43.4258,.,.,blink
14:42:43.4263,.,.,blink
14:42:43.4268,.,.,blink
14:42:43.4273,.,.,blink
14:42:43.4278,.,.,blink
14:42:43.4283,.,.,blink
14:42:43.4288,.,.,blink
14:42:43.4293,.,.,blink
14:42:43.4298,.,.,blink
14:42:43.4303,.,.,blink
14:42:43.4308,.,.,blink
14:42:43.4313,.,.,blink
14:42:43.4318,.,.,blink
14:42:43.4323,.,.,blink
14:42:43.4328,.,.,blink
14:42:43.4333,.,.,blink
14:42:43.4338,.,.,blink
14:42:43.4343,.,.,blink
14:42:43.4348,.,.,blink
14:42:43.4353,.,.,blink
14:42:43.4358,.,.,blink
14:42:43.4363,.,.,blink
14:42:43.4368,.,.,blink
14:42:43.4373,.,.,blink
14:42:43.4378,.,.,blink
14:42:43.4383,.,.,blink
14:42:43.4388,.,.,blink
14:42:43.4393,.,.,blink
14:42:43.4398,.,.,blink
14:42:43.4403,.,.,blink
14:42:43.4408,.,.,blink
14:42:43.4413,.,.,blink
14:42:43.4418,.,.,blink
14:42:43.4423,.,.,blink
14:42:43.4428,142.4,200.5,fixation
14:42:43.4433,143.2,199.0,fixation
14:42:43.4438,143.8,201.8,fixation
14:42:43.4443,144.0,204.5,fixation
14:42:43.4448,144.9,206.4,fixation
14:42:43.4453,144.1,210.3,fixation
14:42:43.4458,141.6,212.2,fixation
14:42:43.4463,141.0,214.1,fixation
14:42:43.4468,142.2,215.4,fixation
14:42:43.4473,144.4,215.4,fixation
14:42:43.4478,145.1,218.1,fixation
14:42:43.4483,145.6,219.2,fixation
14:42:43.4488,144.7,222.5,fixation
14:42:43.4493,143.8,224.5,fixation
14:42:43.4498,144.2,223.2,fixation
14:42:43.4503,145.7,224.0,fixation
14:42:43.4508,146.2,225.3,fixation
14:42:43.4513,146.1,224.6,fixation
14:42:43.4518,147.2,225.3,fixation
14:42:43.4523,148.8,224.7,fixation
14:42:43.4528,149.7,222.8,fixation
14:42:43.4533,149.7,226.9,fixation
14:42:43.4538,149.4,227.5,fixation
14:42:43.4543,148.2,225.9,fixation
14:42:43.4548,148.0,224.1,fixation
14:42:43.4553,148.3,224.9,fixation
14:42:43.4558,150.0,226.4,fixation
14:42:43.4563,150.7,226.4,fixation
14:42:43.4568,151.1,224.0,fixation
14:42:43.4573,150.8,222.6,fixation
14:42:43.4578,150.4,223.4,fixation
14:42:43.4583,149.9,224.6,fixation
14:42:43.4588,149.9,225.7,fixation
14:42:43.4593,151.0,225.9,fixation
14:42:43.4598,151.5,225.8,fixation
14:42:43.4603,151.8,225.3,fixation
14:42:43.4608,152.6,225.1,fixation
14:42:43.4613,153.4,225.2,fixation
14:42:43.4618,154.0,225.3,fixation
14:42:43.4623,154.0,224.3,fixation
14:42:43.4628,154.0,223.9,fixation
14:42:43.4633,154.2,224.4,fixation
14:42:43.4638,154.0,227.0,fixation
14:42:43.4643,153.0,228.0,fixation
14:42:43.4648,153.3,229.6,fixation
14:42:43.4653,153.9,230.2,fixation
14:42:43.4658,153.8,228.3,fixation
14:42:43.4663,154.0,226.4,fixation
14:42:43.4668,154.2,225.4,fixation
14:42:43.4673,154.3,224.3,fixation
14:42:43.4678,154.5,223.6,fixation
14:42:43.4683,155.4,222.9,fixation
14:42:43.4688,155.6,222.3,fixation
14:42:43.4693,155.5,221.8,fixation
14:42:43.4698,156.6,222.1,fixation
14:42:43.4703,157.2,222.0,fixation
14:42:43.4708,157.7,222.4,fixation
14:42:43.4713,157.8,222.8,fixation
14:42:43.4718,156.4,223.8,fixation
14:42:43.4723,155.6,225.7,fixation
14:42:43.4728,155.4,222.7,fixation
14:42:43.4733,156.3,222.0,fixation
14:42:43.4738,157.7,222.4,fixation
14:42:43.4743,158.3,222.2,fixation
14:42:43.4748,158.9,222.0,fixation
14:42:43.4753,158.9,222.7,fixation
14:42:43.4758,158.5,222.7,fixation
14:42:43.4763,158.0,223.1,fixation
14:42:43.4768,158.4,224.1,fixation
14:42:43.4773,159.5,224.2,fixation
14:42:43.4778,160.3,224.7,fixation
14:42:43.4783,160.9,223.8,fixation
14:42:43.4788,161.1,224.9,fixation
14:42:43.4793,160.8,227.5,fixation
14:42:43.4798,160.4,229.1,fixation
14:42:43.4803,159.9,230.0,fixation
14:42:43.4808,159.4,229.0,fixation
14:42:43.4813,159.5,227.4,fixation
14:42:43.4818,160.1,226.9,fixation
14:42:43.4823,160.6,226.8,fixation
14:42:43.4828,161.5,226.0,fixation
14:42:43.4833,162.6,225.3,fixation
14:42:43.4838,163.0,225.7,fixation
14:42:43.4843,162.1,226.8,fixation
14:42:43.4848,161.8,228.5,fixation
14:42:43.4853,162.3,229.0,fixation
14:42:43.4858,162.7,226.6,fixation
14:42:43.4863,162.4,229.7,fixation
14:42:43.4868,162.5,230.3,fixation
14:42:43.4873,163.0,230.1,fixation
14:42:43.4878,163.3,231.1,fixation
14:42:43.4883,163.3,232.1,fixation
14:42:43.4888,163.5,232.0,fixation
14:42:43.4893,163.8,232.3,fixation
14:42:43.4898,163.6,232.9,fixation
14:42:43.4903,163.4,233.4,fixation
14:42:43.4908,163.8,231.2,fixation
14:42:43.4913,164.0,229.0,fixation
14:42:43.4918,163.9,230.9,fixation
14:42:43.4923,163.9,233.7,fixation
14:42:43.4928,164.2,232.4,fixation
14:42:43.4933,164.4,233.0,fixation
14:42:43.4938,164.3,235.0,fixation
14:42:43.4943,165.3,237.8,fixation
14:42:43.4948,166.1,239.0,fixation
14:42:43.4953,163.6,240.4,fixation
14:42:43.4958,159.0,242.0,fixation
14:42:43.4963,155.7,241.0,saccade
14:42:43.4968,157.3,240.0,saccade
14:42:43.4973,167.7,242.0,saccade
14:42:43.4978,174.3,244.8,saccade
14:42:43.4983,157.2,247.7,saccade
14:42:43.4988,125.2,239.1,saccade
14:42:43.4993,96.5,231.2,saccade
14:42:43.4998,72.6,229.4,saccade
14:42:43.5003,47.7,229.7,saccade
14:42:43.5008,29.1,229.3,saccade
14:42:43.5013,26.2,227.2,saccade
14:42:43.5018,28.6,225.2,saccade
14:42:43.5023,36.0,222.2,saccade
14:42:43.5028,43.9,219.1,saccade
14:42:43.5033,45.1,221.3,saccade
14:42:43.5038,39.0,236.0,saccade
14:42:43.5043,28.9,275.5,saccade
14:42:43.5048,16.1,375.4,saccade
14:42:43.5053,-11.1,547.5,saccade
14:42:43.5058,-42.7,704.8,saccade
14:42:43.5063,-71.7,826.4,saccade
14:42:43.5068,-87.4,864.5,saccade
14:42:43.5073,.,.,blink
14:42:43.5078,.,.,blink
14:42:43.5083,.,.,blink
14:42:43.5088,.,.,blink
14:42:43.5093,.,.,blink
14:42:43.5098,.,.,blink
14:42:43.5103,.,.,blink
14:42:43.5108,.,.,blink
14:42:43.5113,.,.,blink
14:42:43.5118,.,.,blink
14:42:43.5123,.,.,blink
14:42:43.5128,.,.,blink
14:42:43.5133,.,.,blink
14:42:43.5138,.,.,blink
14:42:43.5143,.,.,blink
14:42:43.5148,.,.,blink
14:42:43.5153,.,.,blink
14:42:43.5158,.,.,blink
14:42:43.5163,.,.,blink
14:42:43.5168,.,.,blink
14:42:43.5173,.,.,blink
14:42:43.5178,.,.,blink
14:42:43.5183,.,.,blink
14:42:43.5188,.,.,blink
14:42:43.5193,.,.,blink
14:42:43.5198,.,.,blink
14:42:43.5203,.,.,blink
14:42:43.5208,.,.,blink
14:42:43.5213,77.0,183.9,fixation
14:42:43.5218,73.4,184.7,fixation
14:42:43.5223,71.7,188.0,fixation
14:42:43.5228,71.9,193.5,fixation
14:42:43.5233,72.2,198.1,fixation
14:42:43.5238,72.5,201.6,fixation
14:42:43.5243,73.8,203.7,fixation
14:42:43.5248,74.7,206.0,fixation
14:42:43.5253,75.2,211.4,fixation
14:42:43.5258,75.3,212.7,fixation
14:42:43.5263,75.9,214.2,fixation
14:42:43.5268,76.5,215.7,fixation
14:42:43.5273,76.2,217.2,fixation
14:42:43.5278,76.1,216.5,fixation
14:42:43.5283,76.0,217.8,fixation
14:42:43.5288,75.6,221.1,fixation
14:42:43.5293,75.8,221.8,fixation
14:42:43.5298,76.4,219.6,fixation
14:42:43.5303,76.6,219.8,fixation
14:42:43.5308,76.0,220.3,fixation
14:42:43.5313,75.7,221.5,fixation
14:42:43.5318,75.9,222.5,fixation
14:42:43.5323,76.3,224.1,fixation
14:42:43.5328,76.5,225.8,fixation
14:42:43.5333,76.8,227.3,fixation
14:42:43.5338,76.8,228.2,fixation
14:42:43.5343,76.8,226.1,fixation
14:42:43.5348,76.7,225.2,fixation
14:42:43.5353,77.7,226.7,fixation
14:42:43.5358,77.8,228.0,fixation
14:42:43.5363,77.0,228.5,fixation
14:42:43.5368,77.0,228.3,fixation
14:42:43.5373,76.8,227.1,fixation
14:42:43.5378,76.6,226.1,fixation
14:42:43.5383,76.0,224.7,fixation
14:42:43.5388,75.6,222.6,fixation
14:42:43.5393,75.4,221.5,fixation
14:42:43.5398,74.9,223.5,fixation
14:42:43.5403,75.7,224.1,fixation
14:42:43.5408,77.5,224.7,fixation
14:42:43.5413,77.9,225.5,fixation
14:42:43.5418,76.3,224.5,fixation
14:42:43.5423,75.8,222.5,fixation
14:42:43.5428,75.2,223.3,fixation
14:42:43.5433,75.1,224.8,fixation
14:42:43.5438,74.8,224.7,fixation
14:42:43.5443,74.3,223.4,fixation
14:42:43.5448,74.2,221.1,fixation
14:42:43.5453,73.3,219.9,fixation
14:42:43.5458,72.4,219.0,fixation
14:42:43.5463,72.2,216.7,fixation
14:42:43.5468,72.1,217.2,fixation
14:42:43.5473,71.8,217.9,fixation
14:42:43.5478,71.6,219.0,fixation
14:42:43.5483,71.6,217.4,fixation
14:42:43.5488,71.8,214.9,fixation
14:42:43.5493,71.8,214.9,fixation
14:42:43.5498,71.5,216.3,fixation
14:42:43.5503,72.4,215.5,fixation
14:42:43.5508,73.1,214.9,fixation
14:42:43.5513,73.0,214.7,fixation
14:42:43.5518,73.1,215.3,fixation
14:42:43.5523,73.0,216.5,fixation
14:42:43.5528,72.3,216.6,fixation
14:42:43.5533,71.9,216.4,fixation
14:42:43.5538,72.1,216.9,fixation
14:42:43.5543,72.9,215.8,fixation
14:42:43.5548,71.8,215.4,fixation
14:42:43.5553,72.1,215.1,fixation
14:42:43.5558,72.5,214.9,fixation
14:42:43.5563,73.9,215.8,fixation
14:42:43.5568,73.4,216.6,fixation
14:42:43.5573,72.1,216.8,fixation
14:42:43.5578,72.1,217.1,fixation
14:42:43.5583,71.2,216.0,fixation
14:42:43.5588,70.2,212.8,fixation
14:42:43.5593,70.4,211.5,fixation
14:42:43.5598,71.2,211.6,fixation
14:42:43.5603,70.9,211.8,fixation
14:42:43.5608,69.7,211.7,fixation
14:42:43.5613,69.6,211.5,fixation
14:42:43.5618,69.5,211.5,fixation
14:42:43.5623,69.6,211.2,fixation
14:42:43.5628,70.4,209.8,fixation
14:42:43.5633,70.7,208.7,fixation
14:42:43.5638,70.2,209.1,fixation
14:42:43.5643,70.1,210.0,fixation
14:42:43.5648,70.6,210.1,saccade
14:42:43.5653,71.9,210.1,saccade
14:42:43.5658,72.1,210.5,saccade
14:42:43.5663,69.3,209.0,saccade
14:42:43.5668,61.8,206.8,saccade
14:42:43.5673,47.1,206.8,saccade
14:42:43.5678,28.7,203.7,saccade
14:42:43.5683,11.5,200.2,saccade
14:42:43.5688,-2.8,200.0,saccade
14:42:43.5693,-9.0,199.6,saccade
14:42:43.5698,-7.5,199.8,saccade
14:42:43.5703,-0.7,200.4,saccade
14:42:43.5708,7.6,201.3,saccade
14:42:43.5713,15.7,201.4,saccade
14:42:43.5718,21.9,200.2,saccade
14:42:43.5723,23.4,199.5,saccade
14:42:43.5728,23.9,198.1,fixation
14:42:43.5733,22.7,197.9,fixation
14:42:43.5738,20.6,197.4,fixation
14:42:43.5743,19.7,197.5,fixation
14:42:43.5748,18.9,199.1,fixation
14:42:43.5753,17.2,197.1,fixation
14:42:43.5758,15.8,195.5,fixation
14:42:43.5763,15.5,197.8,fixation
14:42:43.5768,13.6,198.5,fixation
14:42:43.5773,12.0,198.3,fixation
14:42:43.5778,12.2,195.0,fixation
14:42:43.5783,11.3,194.8,fixation
14:42:43.5788,10.9,196.1,fixation
14:42:43.5793,10.7,195.0,fixation
14:42:43.5798,10.2,194.6,fixation
14:42:43.5803,9.6,195.8,fixation
14:42:43.5808,9.4,195.4,fixation
14:42:43.5813,9.9,195.0,fixation
14:42:43.5818,10.4,195.1,fixation
14:42:43.5823,10.1,195.3,fixation
14:42:43.5828,9.4,197.6,fixation
14:42:43.5833,9.5,198.5,fixation
14:42:43.5838,10.3,197.5,fixation
14:42:43.5843,10.1,198.0,fixation
14:42:43.5848,9.5,199.3,fixation
14:42:43.5853,9.1,199.7,fixation
14:42:43.5858,8.6,199.4,fixation
14:42:43.5863,9.3,199.1,fixation
14:42:43.5868,8.1,199.6,fixation
14:42:43.5873,7.5,200.1,fixation
14:42:43.5878,7.7,198.2,fixation
14:42:43.5883,7.8,195.5,fixation
14:42:43.5888,7.7,193.8,fixation
14:42:43.5893,8.1,192.7,fixation
14:42:43.5898,8.3,194.1,fixation
14:42:43.5903,7.6,196.2,fixation
14:42:43.5908,7.5,195.8,fixation
14:42:43.5913,7.7,195.4,fixation
14:42:43.5918,7.8,196.3,fixation
14:42:43.5923,6.8,199.0,fixation
14:42:43.5928,5.9,200.0,fixation
14:42:43.5933,6.8,199.4,fixation
14:42:43.5938,9.1,199.3,fixation
14:42:43.5943,9.4,200.0,fixation
14:42:43.5948,9.1,200.7,fixation
14:42:43.5953,9.1,197.6,fixation
14:42:43.5958,9.2,193.8,fixation
14:42:43.5963,8.7,193.6,fixation
14:42:43.5968,8.5,193.9,fixation
14:42:43.5973,8.7,193.9,fixation
14:42:43.5978,9.1,194.1,fixation
14:42:43.5983,9.2,195.2,fixation
14:42:43.5988,9.1,196.1,fixation
14:42:43.5993,8.5,197.2,fixation
14:42:43.5998,7.4,197.4,fixation
14:42:43.6003,6.9,196.8,fixation
14:42:43.6008,6.8,196.3,fixation
14:42:43.6013,6.9,196.5,fixation
14:42:43.6018,7.2,195.5,fixation
14:42:43.6023,7.2,192.8,fixation
14:42:43.6028,6.7,192.6,fixation
14:42:43.6033,6.3,194.0,fixation
14:42:43.6038,6.2,194.7,fixation
14:42:43.6043,6.5,195.3,fixation
14:42:43.6048,6.3,194.7,fixation
14:42:43.6053,5.7,194.5,fixation
14:42:43.6058,6.9,195.3,fixation
14:42:43.6063,8.4,195.2,fixation
14:42:43.6068,8.5,195.4,fixation
14:42:43.6073,8.6,196.2,fixation
14:42:43.6078,8.5,196.6,fixation
14:42:43.6083,9.1,197.2,fixation
14:42:43.6088,8.8,197.7,fixation
14:42:43.6093,7.2,198.0,fixation
14:42:43.6098,6.3,197.8,fixation
14:42:43.6103,5.1,198.3,fixation
14:42:43.6108,4.8,199.1,fixation
14:42:43.6113,4.7,199.4,fixation
14:42:43.6118,4.8,199.1,fixation
14:42:43.6123,4.7,199.8,fixation
14:42:43.6128,4.7,200.1,fixation
14:42:43.6133,5.5,198.7,fixation
14:42:43.6138,7.1,196.9,fixation
14:42:43.6143,7.6,196.4,fixation
14:42:43.6148,8.0,195.2,fixation
14:42:43.6153,8.4,195.0,fixation
14:42:43.6158,7.9,196.7,fixation
14:42:43.6163,7.8,198.6,fixation
14:42:43.6168,7.9,200.8,fixation
14:42:43.6173,7.6,199.6,fixation
14:42:43.6178,7.4,197.5,fixation
14:42:43.6183,7.8,197.9,fixation
14:42:43.6188,8.0,198.9,fixation
14:42:43.6193,8.0,199.2,fixation
14:42:43.6198,7.2,198.9,fixation
14:42:43.6203,6.0,198.0,fixation
14:42:43.6208,5.8,195.9,fixation
14:42:43.6213,4.8,193.7,fixation
14:42:43.6218,3.8,193.2,fixation
14:42:43.6223,3.3,193.6,saccade
14:42:43.6228,2.4,196.5,saccade
14:42:43.6233,-0.9,200.1,saccade
14:42:43.6238,-7.9,198.1,saccade
14:42:43.6243,-17.5,193.1,saccade
14:42:43.6248,-26.8,189.3,saccade
14:42:43.6253,-34.0,188.5,saccade
14:42:43.6258,-34.6,187.3,saccade
14:42:43.6263,-30.1,186.4,saccade
14:42:43.6268,-23.4,186.5,saccade
14:42:43.6273,-17.6,188.4,fixation
14:42:43.6278,-12.7,190.3,fixation
14:42:43.6283,-11.1,189.8,fixation
14:42:43.6288,-11.4,188.3,fixation
14:42:43.6293,-12.5,186.5,fixation
14:42:43.6298,-12.8,184.6,fixation
14:42:43.6303,-14.1,185.8,fixation
14:42:43.6308,-15.8,188.3,fixation
14:42:43.6313,-16.0,186.9,fixation
14:42:43.6318,-17.1,186.5,fixation
14:42:43.6323,-18.8,186.9,fixation
14:42:43.6328,-19.8,189.5,fixation
14:42:43.6333,-20.1,190.9,fixation
14:42:43.6338,-19.9,190.6,fixation
14:42:43.6343,-20.0,188.1,fixation
14:42:43.6348,-21.0,186.2,fixation
14:42:43.6353,-21.2,186.5,fixation
14:42:43.6358,-19.7,187.4,fixation
14:42:43.6363,-19.1,188.5,fixation
14:42:43.6368,-19.4,189.5,fixation
14:42:43.6373,-19.9,187.7,fixation
14:42:43.6378,-20.3,185.9,fixation
14:42:43.6383,-20.8,186.0,fixation
14:42:43.6388,-21.0,186.7,fixation
14:42:43.6393,-21.6,189.2,fixation
14:42:43.6398,-21.8,190.1,fixation
14:42:43.6403,-22.0,189.8,fixation
14:42:43.6408,-22.0,189.0,fixation
14:42:43.6413,-21.7,187.5,fixation
14:42:43.6418,-21.6,188.9,fixation
14:42:43.6423,-21.6,188.0,fixation
14:42:43.6428,-21.4,186.0,fixation
14:42:43.6433,-21.2,186.7,fixation
14:42:43.6438,-21.5,186.5,fixation
14:42:43.6443,-22.7,186.6,fixation
14:42:43.6448,-23.7,187.9,fixation
14:42:43.6453,-23.5,188.4,fixation
14:42:43.6458,-22.6,187.6,fixation
14:42:43.6463,-21.3,186.9,fixation
14:42:43.6468,-21.3,187.5,fixation
14:42:43.6473,-21.5,188.4,fixation
14:42:43.6478,-21.5,188.2,fixation
14:42:43.6483,-21.3,188.3,fixation
14:42:43.6488,-20.1,188.5,fixation
14:42:43.6493,-19.1,187.7,fixation
14:42:43.6498,-19.0,187.2,fixation
14:42:43.6503,-19.8,186.9,fixation
14:42:43.6508,-20.1,186.8,fixation
14:42:43.6513,-19.9,186.2,fixation
14:42:43.6518,-19.9,186.0,fixation
14:42:43.6523,-20.1,187.7,fixation
14:42:43.6528,-20.6,187.7,fixation
14:42:43.6533,-21.0,187.2,fixation
14:42:43.6538,-21.1,187.2,fixation
14:42:43.6543,-22.1,187.2,fixation
14:42:43.6548,-22.9,187.4,fixation
14:42:43.6553,-23.6,189.6,fixation
14:42:43.6558,-25.1,190.4,fixation
14:42:43.6563,-24.0,188.6,fixation
14:42:43.6568,-22.8,186.3,fixation
14:42:43.6573,-22.8,185.5,fixation
14:42:43.6578,-23.0,187.4,fixation
14:42:43.6583,-23.8,187.9,fixation
14:42:43.6588,-24.4,188.3,fixation
14:42:43.6593,-24.3,189.6,fixation
14:42:43.6598,-23.9,189.1,fixation
14:42:43.6603,-23.7,188.8,fixation
14:42:43.6608,-23.9,189.1,fixation
14:42:43.6613,-24.2,191.3,fixation
14:42:43.6618,-23.7,192.7,fixation
14:42:43.6623,-23.5,193.7,fixation
14:42:43.6628,-23.4,194.3,fixation
14:42:43.6633,-22.9,194.7,fixation
14:42:43.6638,-23.8,195.7,fixation
14:42:43.6643,-23.9,196.4,fixation
14:42:43.6648,-23.9,195.9,fixation
14:42:43.6653,-24.1,195.0,fixation
14:42:43.6658,-25.3,195.2,fixation
14:42:43.6663,-26.3,195.4,fixation
14:42:43.6668,-26.1,196.4,fixation
14:42:43.6673,-26.5,196.6,fixation
14:42:43.6678,-26.6,197.8,fixation
14:42:43.6683,-26.8,196.7,fixation
14:42:43.6688,-26.9,194.0,fixation
14:42:43.6693,-26.5,192.8,fixation
14:42:43.6698,-26.0,193.6,fixation
14:42:43.6703,-25.7,195.1,saccade
14:42:43.6708,-24.8,195.4,saccade
14:42:43.6713,-22.4,197.3,saccade
14:42:43.6718,-20.0,202.3,saccade
14:42:43.6723,-11.2,204.4,saccade
14:42:43.6728,1.8,205.9,saccade
14:42:43.6733,18.6,208.4,saccade
14:42:43.6738,41.0,208.8,saccade
14:42:43.6743,60.3,209.1,saccade
14:42:43.6748,74.3,209.9,saccade
14:42:43.6753,81.3,209.6,saccade
14:42:43.6758,81.4,208.5,saccade
14:42:43.6763,76.4,207.8,saccade
14:42:43.6768,69.8,207.1,fixation
14:42:43.6773,64.9,206.4,fixation
14:42:43.6778,62.2,205.3,fixation
14:42:43.6783,59.7,204.2,fixation
14:42:43.6788,58.8,203.9,fixation
14:42:43.6793,59.2,205.8,fixation
14:42:43.6798,57.7,206.5,fixation
14:42:43.6803,56.4,205.9,fixation
14:42:43.6808,57.6,204.2,fixation
14:42:43.6813,59.6,202.7,fixation
14:42:43.6818,60.9,204.0,fixation
14:42:43.6823,62.7,206.5,fixation
14:42:43.6828,64.8,206.9,fixation
14:42:43.6833,66.2,207.3,fixation
14:42:43.6838,67.6,207.3,fixation
14:42:43.6843,68.8,207.0,fixation
14:42:43.6848,68.7,208.1,fixation
14:42:43.6853,68.0,210.4,fixation
14:42:43.6858,67.7,212.8,fixation
14:42:43.6863,68.3,214.3,fixation
14:42:43.6868,68.8,214.5,fixation
14:42:43.6873,68.7,213.7,fixation
14:42:43.6878,68.2,213.6,fixation
14:42:43.6883,67.8,213.4,fixation
14:42:43.6888,67.9,213.0,fixation
14:42:43.6893,68.0,215.2,fixation
14:42:43.6898,68.4,214.8,fixation
14:42:43.6903,68.6,214.0,fixation
14:42:43.6908,67.9,214.6,fixation
14:42:43.6913,68.5,211.2,fixation
14:42:43.6918,69.3,212.0,fixation
14:42:43.6923,68.4,215.1,fixation
14:42:43.6928,68.4,217.6,fixation
14:42:43.6933,68.4,218.6,fixation
14:42:43.6938,67.7,219.8,fixation
14:42:43.6943,67.6,219.3,fixation
14:42:43.6948,68.5,216.9,fixation
14:42:43.6953,68.9,218.5,fixation
14:42:43.6958,68.2,219.6,fixation
14:42:43.6963,69.1,218.9,fixation
14:42:43.6968,70.5,215.5,fixation
14:42:43.6973,70.7,215.2,fixation
14:42:43.6978,70.5,216.9,fixation
14:42:43.6983,69.0,216.2,fixation
14:42:43.6988,69.0,216.1,fixation
14:42:43.6993,68.6,215.8,fixation
14:42:43.6998,67.5,217.6,fixation
14:42:43.7003,67.4,218.9,fixation
14:42:43.7008,67.7,218.9,fixation
14:42:43.7013,68.8,220.4,fixation
14:42:43.7018,69.2,220.3,fixation
14:42:43.7023,68.9,221.2,fixation
14:42:43.7028,69.4,220.8,fixation
14:42:43.7033,70.6,219.7,fixation
14:42:43.7038,70.4,221.4,fixation
14:42:43.7043,69.0,221.6,fixation
14:42:43.7048,68.8,221.7,fixation
14:42:43.7053,68.5,222.7,fixation
14:42:43.7058,68.2,222.7,fixation
14:42:43.7063,68.5,222.4,fixation
14:42:43.7068,68.7,223.2,fixation
14:42:43.7073,68.8,221.9,fixation
14:42:43.7078,68.9,222.3,fixation
14:42:43.7083,67.8,222.3,fixation
14:42:43.7088,68.5,221.8,fixation
14:42:43.7093,69.8,220.6,fixation
14:42:43.7098,70.4,220.2,fixation
14:42:43.7103,70.1,220.5,fixation
14:42:43.7108,69.9,221.3,fixation
14:42:43.7113,68.7,222.1,fixation
14:42:43.7118,67.1,221.9,saccade
14:42:43.7123,67.2,224.1,saccade
14:42:43.7128,71.3,227.7,saccade
14:42:43.7133,78.0,227.9,saccade
14:42:43.7138,87.6,227.0,saccade
14:42:43.7143,104.1,229.0,saccade
14:42:43.7148,123.7,227.3,saccade
14:42:43.7153,141.9,225.3,saccade
14:42:43.7158,153.4,225.2,saccade
14:42:43.7163,159.2,223.6,saccade
14:42:43.7168,158.6,221.9,saccade
14:42:43.7173,154.0,221.0,saccade
14:42:43.7178,147.0,220.2,saccade
14:42:43.7183,139.4,220.5,saccade
14:42:43.7188,133.4,221.8,saccade
14:42:43.7193,128.2,222.6,saccade
14:42:43.7198,126.8,222.6,fixation
14:42:43.7203,127.8,222.6,fixation
14:42:43.7208,128.3,222.5,fixation
14:42:43.7213,129.2,223.4,fixation
14:42:43.7218,130.1,223.2,fixation
14:42:43.7223,130.6,220.2,fixation
14:42:43.7228,132.4,220.7,fixation
14:42:43.7233,133.7,221.9,fixation
14:42:43.7238,134.5,220.9,fixation
14:42:43.7243,134.9,221.9,fixation
14:42:43.7248,135.3,223.0,fixation
14:42:43.7253,136.6,221.9,fixation
14:42:43.7258,137.3,222.0,fixation
14:42:43.7263,137.8,221.8,fixation
14:42:43.7268,136.9,221.5,fixation
14:42:43.7273,136.2,222.1,fixation
14:42:43.7278,136.7,222.0,fixation
14:42:43.7283,136.7,220.9,fixation
14:42:43.7288,136.7,220.1,fixation
14:42:43.7293,137.6,218.9,fixation
14:42:43.7298,137.6,217.4,fixation
14:42:43.7303,137.4,216.0,fixation
14:42:43.7308,137.9,217.2,fixation
14:42:43.7313,136.8,219.1,fixation
14:42:43.7318,135.4,220.7,fixation
14:42:43.7323,135.4,220.8,fixation
14:42:43.7328,135.3,220.6,fixation
14:42:43.7333,135.2,221.3,fixation
14:42:43.7338,134.9,222.8,fixation
14:42:43.7343,135.0,224.3,fixation
14:42:43.7348,135.4,224.3,fixation
14:42:43.7353,135.8,224.4,fixation
14:42:43.7358,136.1,226.2,fixation
14:42:43.7363,136.7,228.1,fixation
14:42:43.7368,136.7,227.5,fixation
14:42:43.7373,137.1,228.3,fixation
14:42:43.7378,137.5,229.8,fixation
14:42:43.7383,137.9,230.4,fixation
14:42:43.7388,137.8,230.4,fixation
14:42:43.7393,138.1,230.7,fixation
14:42:43.7398,139.6,231.7,fixation
14:42:43.7403,139.8,229.8,fixation
14:42:43.7408,139.7,230.0,fixation
14:42:43.7413,140.6,232.2,fixation
14:42:43.7418,141.9,234.5,fixation
14:42:43.7423,142.1,235.8,fixation
14:42:43.7428,141.7,236.1,fixation
14:42:43.7433,142.0,235.3,fixation
14:42:43.7438,143.3,232.2,fixation
14:42:43.7443,143.2,232.2,fixation
14:42:43.7448,142.6,232.0,fixation
14:42:43.7453,141.9,231.0,fixation
14:42:43.7458,141.7,229.9,fixation
14:42:43.7463,141.5,230.4,fixation
14:42:43.7468,141.4,233.9,fixation
14:42:43.7473,142.4,235.1,fixation
14:42:43.7478,143.4,234.8,fixation
14:42:43.7483,144.4,234.0,fixation
14:42:43.7488,144.2,235.0,fixation
14:42:43.7493,144.8,235.5,fixation
14:42:43.7498,144.8,234.4,fixation
14:42:43.7503,144.9,230.8,fixation
14:42:43.7508,145.6,230.5,fixation
14:42:43.7513,146.0,233.7,fixation
14:42:43.7518,146.9,234.8,fixation
14:42:43.7523,148.3,235.9,fixation
14:42:43.7528,149.5,236.0,fixation
14:42:43.7533,148.7,235.7,fixation
14:42:43.7538,147.4,236.7,fixation
14:42:43.7543,148.7,237.9,fixation
14:42:43.7548,149.8,238.8,fixation
14:42:43.7553,149.2,238.9,fixation
14:42:43.7558,151.6,237.2,fixation
14:42:43.7563,153.5,234.1,fixation
14:42:43.7568,154.7,233.2,fixation
14:42:43.7573,155.6,236.3,fixation
14:42:43.7578,155.6,240.1,fixation
14:42:43.7583,156.7,238.5,fixation
14:42:43.7588,157.8,237.9,fixation
14:42:43.7593,157.7,236.9,fixation
14:42:43.7598,157.8,231.6,fixation
14:42:43.7603,157.9,226.4,fixation
14:42:43.7608,158.5,226.8,fixation
14:42:43.7613,159.9,230.0,fixation
14:42:43.7618,160.8,230.9,fixation
14:42:43.7623,162.9,230.8,fixation
14:42:43.7628,164.0,230.3,fixation
14:42:43.7633,166.1,230.0,saccade
14:42:43.7638,170.3,229.2,saccade
14:42:43.7643,174.8,228.5,saccade
14:42:43.7648,172.5,227.1,saccade
14:42:43.7653,151.5,222.3,saccade
14:42:43.7658,128.4,216.2,saccade
14:42:43.7663,111.5,204.6,saccade
14:42:43.7668,108.4,195.5,saccade
14:42:43.7673,118.1,195.8,saccade
14:42:43.7678,123.1,198.0,saccade
14:42:43.7683,126.5,210.3,saccade
14:42:43.7688,138.9,220.7,saccade
14:42:43.7693,146.6,220.3,saccade
14:42:43.7698,146.2,218.5,saccade
14:42:43.7703,146.4,222.3,saccade
14:42:43.7708,143.2,231.5,saccade
14:42:43.7713,135.7,238.3,saccade
14:42:43.7718,138.3,241.8,saccade
14:42:43.7723,142.1,245.4,saccade
14:42:43.7728,142.9,246.6,saccade
14:42:43.7733,143.5,240.0,saccade
14:42:43.7738,143.4,238.4,saccade
14:42:43.7743,143.4,251.9,saccade
14:42:43.7748,140.4,291.9,saccade
14:42:43.7753,110.0,431.0,saccade
14:42:43.7758,76.2,605.0,saccade
14:42:43.7763,47.7,747.0,saccade
14:42:43.7768,37.9,801.0,saccade
14:42:43.7773,.,.,blink
14:42:43.7778,.,.,blink
14:42:43.7783,.,.,blink
14:42:43.7788,.,.,blink
14:42:43.7793,.,.,blink
14:42:43.7798,.,.,blink
14:42:43.7803,.,.,blink
14:42:43.7808,.,.,blink
14:42:43.7813,.,.,blink
14:42:43.7818,.,.,blink
14:42:43.7823,.,.,blink
14:42:43.7828,.,.,blink
14:42:43.7833,.,.,blink
14:42:43.7838,.,.,blink
14:42:43.7843,.,.,blink
14:42:43.7848,.,.,blink
14:42:43.7853,.,.,blink
14:42:43.7858,.,.,blink
14:42:43.7863,.,.,blink
14:42:43.7868,.,.,blink
14:42:43.7873,.,.,blink
14:42:43.7878,.,.,blink
14:42:43.7883,.,.,blink
14:42:43.7888,.,.,blink
14:42:43.7893,.,.,blink
14:42:43.7898,193.8,237.2,fixation
14:42:43.7903,192.4,240.2,fixation
14:42:43.7908,190.2,244.9,fixation
14:42:43.7913,190.1,247.4,fixation
14:42:43.7918,190.4,248.1,fixation
14:42:43.7923,189.8,249.1,fixation
14:42:43.7928,189.2,250.9,fixation
14:42:43.7933,189.1,252.8,fixation
14:42:43.7938,188.8,255.6,fixation
14:42:43.7943,188.5,255.7,fixation
14:42:43.7948,187.6,256.2,fixation
14:42:43.7953,185.1,256.8,fixation
14:42:43.7958,182.5,257.4,fixation
14:42:43.7963,179.7,258.1,fixation
14:42:43.7968,176.2,258.3,fixation
14:42:43.7973,173.9,258.2,fixation
14:42:43.7978,171.9,258.0,fixation
14:42:43.7983,170.6,257.7,fixation
14:42:43.7988,169.8,255.8,fixation
14:42:43.7993,170.5,254.9,fixation
14:42:43.7998,171.0,253.2,fixation
14:42:43.8003,169.8,252.0,fixation
14:42:43.8008,169.1,253.1,fixation
14:42:43.8013,168.2,252.6,fixation
14:42:43.8018,168.0,251.8,fixation
14:42:43.8023,168.9,251.5,fixation
14:42:43.8028,170.4,251.3,fixation
14:42:43.8033,173.3,250.7,fixation
14:42:43.8038,176.5,251.6,fixation
14:42:43.8043,178.0,251.2,fixation
14:42:43.8048,178.4,250.5,fixation
14:42:43.8053,179.1,246.1,fixation
14:42:43.8058,180.4,242.3,fixation
14:42:43.8063,183.7,242.0,fixation
14:42:43.8068,186.1,242.7,fixation
14:42:43.8073,186.8,243.7,fixation
14:42:43.8078,187.4,243.8,fixation
14:42:43.8083,188.1,242.6,fixation
14:42:43.8088,191.0,239.8,fixation
14:42:43.8093,194.7,238.6,fixation
14:42:43.8098,196.5,238.8,fixation
14:42:43.8103,197.2,234.6,fixation
14:42:43.8108,198.0,231.3,fixation
14:42:43.8113,198.4,234.1,fixation
14:42:43.8118,199.3,232.1,fixation
14:42:43.8123,201.1,230.0,fixation
14:42:43.8128,203.8,229.0,fixation
14:42:43.8133,206.0,228.5,fixation
14:42:43.8138,207.6,227.6,fixation
14:42:43.8143,209.4,226.0,fixation
14:42:43.8148,211.4,225.1,fixation
14:42:43.8153,211.9,224.3,fixation
14:42:43.8158,212.3,221.8,fixation
14:42:43.8163,213.7,219.1,fixation
14:42:43.8168,216.1,219.0,fixation
14:42:43.8173,218.2,217.9,fixation
14:42:43.8178,220.2,216.5,fixation
14:42:43.8183,220.7,216.2,fixation
14:42:43.8188,220.1,215.9,fixation
14:42:43.8193,220.1,215.7,fixation
14:42:43.8198,220.2,215.8,fixation
14:42:43.8203,220.6,214.1,fixation
14:42:43.8208,222.4,211.8,fixation
14:42:43.8213,223.5,210.4,fixation
14:42:43.8218,222.8,208.1,fixation
14:42:43.8223,222.6,208.3,fixation
14:42:43.8228,224.2,210.8,fixation
14:42:43.8233,227.2,212.8,fixation
14:42:43.8238,227.7,211.2,fixation
14:42:43.8243,227.5,207.1,fixation
14:42:43.8248,227.6,205.7,fixation
14:42:43.8253,227.7,206.1,fixation
14:42:43.8258,227.6,206.2,fixation
14:42:43.8263,227.6,204.8,fixation
14:42:43.8268,228.9,203.7,fixation
14:42:43.8273,230.4,205.0,fixation
14:42:43.8278,231.0,206.9,fixation
14:42:43.8283,231.7,206.3,fixation
14:42:43.8288,231.9,204.4,fixation
14:42:43.8293,230.9,200.1,fixation
14:42:43.8298,230.7,198.4,fixation
14:42:43.8303,233.9,199.2,fixation
14:42:43.8308,236.7,200.8,fixation
14:42:43.8313,236.2,200.8,fixation
14:42:43.8318,234.9,197.5,fixation
14:42:43.8323,233.2,197.5,fixation
14:42:43.8328,230.2,197.9,saccade
14:42:43.8333,227.3,195.0,saccade
14:42:43.8338,223.4,193.9,saccade
14:42:43.8343,216.5,191.9,saccade
14:42:43.8348,208.9,190.1,saccade
14:42:43.8353,206.8,189.4,saccade
14:42:43.8358,208.6,187.8,saccade
14:42:43.8363,213.1,184.5,saccade
14:42:43.8368,219.0,184.4,saccade
14:42:43.8373,222.9,187.2,fixation
